id,inv,demand,forecast,received_shipment,order,Order_Supplier_0,Forecast_Retailer_0,Forecast_Retailer_1,Demand_Retailer_0,Demand_Retailer_1
0.0,0.0,1324.0,1324.0,0.0,5296.0,5296.0,936.0,388.0,936.0,388.0
0.0,0.0,1336.0,1330.0,0.0,5320.0,5320.0,940.0,390.0,944.0,392.0
0.0,0.0,1344.0,1335.0,5296.0,4048.0,4048.0,947.0,388.0,960.0,384.0
0.0,1292.0,1360.0,1341.0,5320.0,112.0,112.0,952.0,389.0,968.0,392.0
0.0,5252.0,0.0,1073.0,4048.0,0.0,0.0,762.0,311.0,0.0,0.0
0.0,9300.0,0.0,894.0,112.0,0.0,0.0,635.0,259.0,0.0,0.0
0.0,9412.0,0.0,766.0,0.0,0.0,0.0,544.0,222.0,0.0,0.0
0.0,9412.0,0.0,670.0,0.0,0.0,0.0,476.0,194.0,0.0,0.0
0.0,9412.0,0.0,596.0,0.0,0.0,0.0,423.0,173.0,0.0,0.0
0.0,9412.0,0.0,537.0,0.0,0.0,0.0,381.0,156.0,0.0,0.0
0.0,9412.0,0.0,487.0,0.0,0.0,0.0,346.0,141.0,0.0,0.0
0.0,9412.0,322.0,474.0,0.0,0.0,0.0,336.0,138.0,225.0,97.0
0.0,9090.0,674.0,490.0,0.0,0.0,0.0,346.0,144.0,461.0,213.0
0.0,8416.0,713.0,505.0,0.0,0.0,0.0,356.0,149.0,490.0,223.0
0.0,7703.0,386.0,497.0,0.0,0.0,0.0,350.0,147.0,270.0,116.0
0.0,7317.0,17.0,467.0,0.0,0.0,0.0,329.0,138.0,17.0,0.0
0.0,7300.0,0.0,440.0,0.0,0.0,0.0,310.0,130.0,0.0,0.0
0.0,7300.0,320.0,433.0,0.0,0.0,0.0,305.0,128.0,223.0,97.0
0.0,6980.0,674.0,446.0,0.0,0.0,0.0,314.0,132.0,473.0,201.0
0.0,6306.0,720.0,460.0,0.0,0.0,0.0,324.0,136.0,507.0,213.0
0.0,5586.0,394.0,457.0,0.0,0.0,0.0,322.0,135.0,280.0,114.0
0.0,5192.0,36.0,437.0,0.0,0.0,0.0,308.0,129.0,26.0,10.0
0.0,5156.0,0.0,418.0,0.0,0.0,0.0,295.0,123.0,0.0,0.0
0.0,5156.0,292.0,413.0,0.0,0.0,0.0,291.0,122.0,208.0,84.0
0.0,4864.0,643.0,422.0,0.0,0.0,0.0,298.0,124.0,459.0,184.0
0.0,4221.0,693.0,432.0,0.0,0.0,0.0,305.0,127.0,489.0,204.0
0.0,3528.0,392.0,431.0,0.0,0.0,0.0,304.0,127.0,270.0,122.0
0.0,3136.0,41.0,417.0,0.0,0.0,0.0,294.0,123.0,20.0,21.0
0.0,3095.0,4.0,403.0,0.0,0.0,0.0,284.0,119.0,0.0,4.0
0.0,3091.0,305.0,400.0,0.0,0.0,0.0,282.0,118.0,219.0,86.0
0.0,2786.0,647.0,407.0,0.0,0.0,0.0,287.0,120.0,460.0,187.0
0.0,2139.0,691.0,416.0,0.0,216.0,216.0,293.0,123.0,485.0,206.0
0.0,1448.0,395.0,416.0,0.0,611.0,611.0,293.0,123.0,270.0,125.0
0.0,1053.0,60.0,405.0,216.0,411.0,411.0,285.0,120.0,35.0,25.0
0.0,1209.0,17.0,394.0,611.0,0.0,0.0,277.0,117.0,11.0,6.0
0.0,1803.0,301.0,392.0,411.0,0.0,0.0,276.0,116.0,220.0,81.0
0.0,1913.0,618.0,398.0,0.0,297.0,297.0,280.0,118.0,444.0,174.0
0.0,1295.0,656.0,405.0,0.0,981.0,981.0,285.0,120.0,458.0,198.0
0.0,639.0,382.0,404.0,297.0,1062.0,1062.0,284.0,120.0,255.0,127.0
0.0,554.0,80.0,396.0,981.0,129.0,129.0,278.0,118.0,45.0,35.0
0.0,1455.0,29.0,387.0,1062.0,0.0,0.0,272.0,115.0,13.0,16.0
0.0,2488.0,280.0,384.0,129.0,0.0,0.0,270.0,114.0,206.0,74.0
0.0,2337.0,604.0,390.0,0.0,0.0,0.0,274.0,116.0,436.0,168.0
0.0,1733.0,670.0,395.0,0.0,517.0,517.0,278.0,117.0,469.0,201.0
0.0,1063.0,412.0,396.0,0.0,933.0,933.0,278.0,118.0,268.0,144.0
0.0,651.0,77.0,390.0,517.0,469.0,469.0,273.0,117.0,29.0,48.0
0.0,1091.0,30.0,382.0,933.0,0.0,0.0,267.0,115.0,8.0,22.0
0.0,1994.0,309.0,380.0,469.0,0.0,0.0,266.0,114.0,232.0,77.0
0.0,2154.0,645.0,386.0,0.0,35.0,35.0,271.0,115.0,480.0,165.0
0.0,1509.0,705.0,392.0,0.0,764.0,764.0,276.0,116.0,506.0,199.0
0.0,804.0,419.0,393.0,35.0,1152.0,1152.0,276.0,117.0,278.0,141.0
0.0,420.0,68.0,387.0,764.0,432.0,432.0,271.0,116.0,16.0,52.0
0.0,1116.0,31.0,362.0,1152.0,0.0,0.0,253.0,109.0,2.0,29.0
0.0,2237.0,350.0,342.0,432.0,0.0,0.0,239.0,103.0,253.0,97.0
0.0,2319.0,685.0,330.0,0.0,0.0,0.0,231.0,99.0,506.0,179.0
0.0,1634.0,727.0,317.0,0.0,361.0,361.0,222.0,95.0,531.0,196.0
0.0,907.0,446.0,326.0,0.0,843.0,843.0,228.0,98.0,309.0,137.0
0.0,461.0,127.0,328.0,361.0,617.0,617.0,229.0,99.0,62.0,65.0
0.0,695.0,62.0,330.0,843.0,0.0,0.0,230.0,100.0,25.0,37.0
0.0,1476.0,326.0,336.0,617.0,0.0,0.0,234.0,102.0,241.0,85.0
0.0,1767.0,658.0,349.0,0.0,287.0,287.0,244.0,105.0,500.0,158.0
0.0,1109.0,723.0,362.0,0.0,1062.0,1062.0,254.0,108.0,533.0,190.0
0.0,386.0,498.0,372.0,287.0,1313.0,1313.0,261.0,111.0,338.0,160.0
0.0,175.0,179.0,369.0,1062.0,418.0,418.0,258.0,111.0,91.0,88.0
0.0,1058.0,84.0,358.0,1313.0,0.0,0.0,250.0,108.0,41.0,43.0
0.0,2287.0,304.0,350.0,418.0,0.0,0.0,245.0,105.0,230.0,74.0
0.0,2401.0,634.0,355.0,0.0,0.0,0.0,249.0,106.0,486.0,148.0
0.0,1767.0,741.0,369.0,0.0,450.0,450.0,260.0,109.0,551.0,190.0
0.0,1026.0,507.0,378.0,0.0,993.0,993.0,266.0,112.0,348.0,159.0
0.0,519.0,137.0,375.0,450.0,668.0,668.0,263.0,112.0,53.0,84.0
0.0,832.0,48.0,363.0,993.0,0.0,0.0,254.0,109.0,0.0,48.0
0.0,1777.0,279.0,355.0,668.0,0.0,0.0,248.0,107.0,206.0,73.0
0.0,2166.0,627.0,359.0,0.0,0.0,0.0,252.0,107.0,484.0,143.0
0.0,1539.0,736.0,373.0,0.0,689.0,689.0,262.0,111.0,541.0,195.0
0.0,803.0,515.0,383.0,0.0,1244.0,1244.0,269.0,114.0,348.0,167.0
0.0,288.0,143.0,380.0,689.0,686.0,686.0,266.0,114.0,61.0,82.0
0.0,834.0,32.0,368.0,1244.0,0.0,0.0,257.0,111.0,0.0,32.0
0.0,2046.0,258.0,359.0,686.0,0.0,0.0,251.0,108.0,195.0,63.0
0.0,2474.0,621.0,364.0,0.0,0.0,0.0,255.0,109.0,471.0,150.0
0.0,1853.0,765.0,378.0,0.0,424.0,424.0,266.0,112.0,570.0,195.0
0.0,1088.0,537.0,388.0,0.0,1001.0,1001.0,273.0,115.0,377.0,160.0
0.0,551.0,152.0,385.0,424.0,717.0,717.0,270.0,115.0,73.0,79.0
0.0,823.0,34.0,373.0,1001.0,0.0,0.0,261.0,112.0,0.0,34.0
0.0,1790.0,224.0,364.0,717.0,0.0,0.0,255.0,109.0,158.0,66.0
0.0,2283.0,558.0,368.0,0.0,0.0,0.0,258.0,110.0,417.0,141.0
0.0,1725.0,716.0,380.0,0.0,511.0,511.0,267.0,113.0,532.0,184.0
0.0,1009.0,541.0,390.0,0.0,1092.0,1092.0,275.0,115.0,394.0,147.0
0.0,468.0,217.0,388.0,511.0,790.0,790.0,273.0,115.0,145.0,72.0
0.0,762.0,53.0,378.0,1092.0,0.0,0.0,265.0,113.0,12.0,41.0
0.0,1801.0,229.0,369.0,790.0,0.0,0.0,259.0,110.0,148.0,81.0
0.0,2362.0,552.0,373.0,0.0,0.0,0.0,262.0,111.0,393.0,159.0
0.0,1810.0,724.0,385.0,0.0,454.0,454.0,271.0,114.0,524.0,200.0
0.0,1086.0,540.0,395.0,0.0,1034.0,1034.0,278.0,117.0,384.0,156.0
0.0,546.0,177.0,393.0,454.0,749.0,749.0,276.0,117.0,107.0,70.0
0.0,823.0,36.0,382.0,1034.0,0.0,0.0,268.0,114.0,0.0,36.0
0.0,1821.0,228.0,374.0,749.0,0.0,0.0,262.0,112.0,142.0,86.0
0.0,2342.0,573.0,377.0,0.0,0.0,0.0,264.0,113.0,404.0,169.0
0.0,1769.0,710.0,388.0,0.0,493.0,493.0,273.0,115.0,514.0,196.0
0.0,1059.0,502.0,398.0,0.0,1035.0,1035.0,280.0,118.0,358.0,144.0
0.0,557.0,164.0,396.0,493.0,698.0,698.0,278.0,118.0,92.0,72.0
0.0,886.0,48.0,383.0,1035.0,0.0,0.0,268.0,115.0,2.0,46.0
0.0,1873.0,288.0,375.0,698.0,0.0,0.0,262.0,113.0,191.0,97.0
0.0,2283.0,632.0,380.0,0.0,0.0,0.0,266.0,114.0,461.0,171.0
0.0,1651.0,741.0,393.0,0.0,662.0,662.0,276.0,117.0,541.0,200.0
0.0,910.0,526.0,402.0,0.0,1224.0,1224.0,283.0,119.0,370.0,156.0
0.0,384.0,190.0,399.0,662.0,740.0,740.0,280.0,119.0,106.0,84.0
0.0,856.0,82.0,388.0,1224.0,0.0,0.0,271.0,117.0,26.0,56.0
0.0,1998.0,323.0,380.0,740.0,0.0,0.0,265.0,115.0,220.0,103.0
0.0,2415.0,651.0,384.0,0.0,0.0,0.0,268.0,116.0,473.0,178.0
0.0,1764.0,765.0,396.0,0.0,585.0,585.0,278.0,118.0,563.0,202.0
0.0,999.0,545.0,406.0,0.0,1170.0,1170.0,285.0,121.0,389.0,156.0
0.0,454.0,221.0,403.0,585.0,794.0,794.0,283.0,120.0,139.0,82.0
0.0,818.0,121.0,393.0,1170.0,0.0,0.0,274.0,119.0,58.0,63.0
0.0,1867.0,348.0,385.0,794.0,0.0,0.0,268.0,117.0,234.0,114.0
0.0,2313.0,675.0,389.0,0.0,0.0,0.0,271.0,118.0,491.0,184.0
0.0,1638.0,767.0,400.0,0.0,729.0,729.0,280.0,120.0,561.0,206.0
0.0,871.0,550.0,409.0,0.0,1315.0,1315.0,287.0,122.0,390.0,160.0
0.0,321.0,227.0,408.0,729.0,809.0,809.0,286.0,122.0,145.0,82.0
0.0,823.0,125.0,399.0,1315.0,0.0,0.0,278.0,121.0,68.0,57.0
0.0,2013.0,352.0,391.0,809.0,0.0,0.0,272.0,119.0,241.0,111.0
0.0,2470.0,661.0,393.0,0.0,0.0,0.0,274.0,119.0,481.0,180.0
0.0,1809.0,746.0,406.0,0.0,561.0,561.0,284.0,122.0,551.0,195.0
0.0,1063.0,510.0,414.0,0.0,1103.0,1103.0,291.0,123.0,370.0,140.0
0.0,553.0,177.0,412.0,561.0,711.0,711.0,289.0,123.0,100.0,77.0
0.0,937.0,79.0,402.0,1103.0,0.0,0.0,280.0,122.0,19.0,60.0
0.0,1961.0,309.0,393.0,711.0,0.0,0.0,273.0,120.0,204.0,105.0
0.0,2363.0,639.0,396.0,0.0,0.0,0.0,276.0,120.0,465.0,174.0
0.0,1724.0,740.0,407.0,0.0,644.0,644.0,285.0,122.0,555.0,185.0
0.0,984.0,517.0,416.0,0.0,1197.0,1197.0,292.0,124.0,381.0,136.0
0.0,467.0,195.0,416.0,644.0,748.0,748.0,291.0,125.0,113.0,82.0
0.0,916.0,85.0,405.0,1197.0,0.0,0.0,282.0,123.0,17.0,68.0
0.0,2028.0,307.0,396.0,748.0,0.0,0.0,275.0,121.0,201.0,106.0
0.0,2469.0,645.0,398.0,0.0,0.0,0.0,277.0,121.0,486.0,159.0
0.0,1824.0,769.0,410.0,0.0,585.0,585.0,287.0,123.0,590.0,179.0
0.0,1055.0,556.0,421.0,0.0,1185.0,1185.0,295.0,126.0,404.0,152.0
0.0,499.0,211.0,420.0,585.0,807.0,807.0,294.0,126.0,123.0,88.0
0.0,873.0,85.0,411.0,1185.0,0.0,0.0,287.0,124.0,31.0,54.0
0.0,1973.0,293.0,403.0,807.0,0.0,0.0,281.0,122.0,212.0,81.0
0.0,2487.0,599.0,404.0,0.0,0.0,0.0,282.0,122.0,453.0,146.0
0.0,1888.0,736.0,413.0,0.0,500.0,500.0,289.0,124.0,547.0,189.0
0.0,1152.0,550.0,424.0,0.0,1094.0,1094.0,297.0,127.0,385.0,165.0
0.0,602.0,227.0,423.0,500.0,817.0,817.0,296.0,127.0,129.0,98.0
0.0,875.0,91.0,414.0,1094.0,0.0,0.0,289.0,125.0,36.0,55.0
0.0,1878.0,272.0,406.0,817.0,0.0,0.0,283.0,123.0,191.0,81.0
0.0,2423.0,592.0,407.0,0.0,0.0,0.0,284.0,123.0,440.0,152.0
0.0,1831.0,719.0,417.0,0.0,556.0,556.0,292.0,125.0,526.0,193.0
0.0,1112.0,518.0,427.0,0.0,1114.0,1114.0,299.0,128.0,349.0,169.0
0.0,594.0,202.0,426.0,556.0,756.0,756.0,298.0,128.0,107.0,95.0
0.0,948.0,86.0,417.0,1114.0,0.0,0.0,291.0,126.0,29.0,57.0
0.0,1976.0,300.0,409.0,756.0,0.0,0.0,285.0,124.0,214.0,86.0
0.0,2432.0,620.0,411.0,0.0,0.0,0.0,287.0,124.0,463.0,157.0
0.0,1812.0,745.0,422.0,0.0,621.0,621.0,296.0,126.0,542.0,203.0
0.0,1067.0,538.0,432.0,0.0,1199.0,1199.0,303.0,129.0,360.0,178.0
0.0,529.0,211.0,430.0,621.0,781.0,781.0,301.0,129.0,105.0,106.0
0.0,939.0,110.0,420.0,1199.0,0.0,0.0,293.0,127.0,47.0,63.0
0.0,2028.0,316.0,412.0,781.0,0.0,0.0,287.0,125.0,227.0,89.0
0.0,2493.0,646.0,414.0,0.0,0.0,0.0,289.0,125.0,492.0,154.0
0.0,1847.0,782.0,425.0,0.0,635.0,635.0,298.0,127.0,578.0,204.0
0.0,1065.0,589.0,436.0,0.0,1268.0,1268.0,306.0,130.0,396.0,193.0
0.0,476.0,246.0,434.0,635.0,871.0,871.0,304.0,130.0,115.0,131.0
0.0,865.0,124.0,423.0,1268.0,0.0,0.0,295.0,128.0,51.0,73.0
0.0,2009.0,337.0,416.0,871.0,0.0,0.0,290.0,126.0,259.0,78.0
0.0,2543.0,679.0,418.0,0.0,0.0,0.0,292.0,126.0,532.0,147.0
0.0,1864.0,828.0,429.0,0.0,680.0,680.0,301.0,128.0,608.0,220.0
0.0,1036.0,656.0,441.0,0.0,1384.0,1384.0,309.0,132.0,432.0,224.0
0.0,380.0,308.0,439.0,680.0,1004.0,1004.0,307.0,132.0,157.0,151.0
0.0,752.0,134.0,429.0,1384.0,0.0,0.0,299.0,130.0,59.0,75.0
0.0,2002.0,292.0,419.0,1004.0,0.0,0.0,292.0,127.0,227.0,65.0
0.0,2714.0,647.0,422.0,0.0,0.0,0.0,295.0,127.0,513.0,134.0
0.0,2067.0,844.0,433.0,0.0,509.0,509.0,304.0,129.0,631.0,213.0
0.0,1223.0,677.0,445.0,0.0,1234.0,1234.0,312.0,133.0,455.0,222.0
0.0,546.0,309.0,443.0,509.0,1026.0,1026.0,310.0,133.0,155.0,154.0
0.0,746.0,111.0,433.0,1234.0,0.0,0.0,301.0,132.0,34.0,77.0
0.0,1869.0,272.0,424.0,1026.0,0.0,0.0,295.0,129.0,210.0,62.0
0.0,2623.0,627.0,426.0,0.0,0.0,0.0,297.0,129.0,500.0,127.0
0.0,1996.0,820.0,438.0,0.0,576.0,576.0,307.0,131.0,612.0,208.0
0.0,1176.0,632.0,449.0,0.0,1252.0,1252.0,315.0,134.0,417.0,215.0
0.0,544.0,284.0,448.0,576.0,956.0,956.0,313.0,135.0,135.0,149.0
0.0,836.0,85.0,438.0,1252.0,0.0,0.0,305.0,133.0,17.0,68.0
0.0,2003.0,262.0,429.0,956.0,0.0,0.0,298.0,131.0,200.0,62.0
0.0,2697.0,629.0,431.0,0.0,0.0,0.0,300.0,131.0,499.0,130.0
0.0,2068.0,811.0,443.0,0.0,515.0,515.0,310.0,133.0,610.0,201.0
0.0,1257.0,644.0,454.0,0.0,1203.0,1203.0,318.0,136.0,434.0,210.0
0.0,613.0,286.0,453.0,515.0,970.0,970.0,317.0,136.0,145.0,141.0
0.0,842.0,88.0,442.0,1203.0,0.0,0.0,308.0,134.0,26.0,62.0
0.0,1957.0,255.0,433.0,970.0,0.0,0.0,301.0,132.0,211.0,44.0
0.0,2672.0,613.0,433.0,0.0,0.0,0.0,302.0,131.0,503.0,110.0
0.0,2059.0,818.0,445.0,0.0,539.0,539.0,312.0,133.0,623.0,195.0
0.0,1241.0,650.0,456.0,0.0,1233.0,1233.0,320.0,136.0,444.0,206.0
0.0,591.0,274.0,455.0,539.0,964.0,964.0,318.0,137.0,132.0,142.0
0.0,856.0,75.0,446.0,1233.0,0.0,0.0,310.0,136.0,0.0,75.0
0.0,2014.0,223.0,435.0,964.0,0.0,0.0,302.0,133.0,160.0,63.0
0.0,2755.0,606.0,436.0,0.0,0.0,0.0,304.0,132.0,489.0,117.0
0.0,2149.0,830.0,448.0,0.0,473.0,473.0,314.0,134.0,639.0,191.0
0.0,1319.0,660.0,459.0,0.0,1177.0,1177.0,322.0,137.0,459.0,201.0
0.0,659.0,287.0,459.0,473.0,991.0,991.0,321.0,138.0,139.0,148.0
0.0,845.0,75.0,450.0,1177.0,0.0,0.0,313.0,137.0,0.0,75.0
0.0,1947.0,201.0,439.0,991.0,0.0,0.0,305.0,134.0,137.0,64.0
0.0,2737.0,553.0,440.0,0.0,0.0,0.0,307.0,133.0,436.0,117.0
0.0,2184.0,798.0,452.0,0.0,422.0,422.0,317.0,135.0,608.0,190.0
0.0,1386.0,683.0,463.0,0.0,1149.0,1149.0,325.0,138.0,474.0,209.0
0.0,703.0,321.0,463.0,422.0,1048.0,1048.0,324.0,139.0,166.0,155.0
0.0,804.0,78.0,453.0,1149.0,0.0,0.0,315.0,138.0,0.0,78.0
0.0,1875.0,203.0,443.0,1048.0,0.0,0.0,308.0,135.0,142.0,61.0
0.0,2720.0,595.0,444.0,0.0,0.0,0.0,310.0,134.0,468.0,127.0
0.0,2125.0,841.0,456.0,0.0,540.0,540.0,320.0,136.0,638.0,203.0
0.0,1284.0,712.0,468.0,0.0,1300.0,1300.0,329.0,139.0,495.0,217.0
0.0,572.0,327.0,468.0,540.0,1087.0,1087.0,328.0,140.0,173.0,154.0
0.0,785.0,86.0,457.0,1300.0,0.0,0.0,318.0,139.0,3.0,83.0
0.0,1999.0,257.0,447.0,1087.0,0.0,0.0,311.0,136.0,182.0,75.0
0.0,2829.0,667.0,448.0,0.0,0.0,0.0,313.0,135.0,524.0,143.0
0.0,2162.0,922.0,461.0,0.0,604.0,604.0,324.0,137.0,711.0,211.0
0.0,1240.0,745.0,474.0,0.0,1401.0,1401.0,334.0,140.0,529.0,216.0
0.0,495.0,337.0,473.0,604.0,1130.0,1130.0,332.0,141.0,177.0,160.0
0.0,762.0,85.0,462.0,1401.0,0.0,0.0,322.0,140.0,0.0,85.0
0.0,2078.0,265.0,451.0,1130.0,0.0,0.0,314.0,137.0,184.0,81.0
0.0,2943.0,691.0,452.0,0.0,0.0,0.0,316.0,136.0,541.0,150.0
0.0,2252.0,932.0,464.0,0.0,536.0,536.0,327.0,137.0,716.0,216.0
0.0,1320.0,746.0,476.0,0.0,1330.0,1330.0,336.0,140.0,525.0,221.0
0.0,574.0,349.0,477.0,536.0,1147.0,1147.0,335.0,142.0,195.0,154.0
0.0,761.0,117.0,467.0,1330.0,0.0,0.0,326.0,141.0,28.0,89.0
0.0,1974.0,270.0,456.0,1147.0,0.0,0.0,317.0,139.0,171.0,99.0
0.0,2851.0,650.0,455.0,0.0,0.0,0.0,317.0,138.0,488.0,162.0
0.0,2201.0,897.0,466.0,0.0,560.0,560.0,327.0,139.0,679.0,218.0
0.0,1304.0,743.0,478.0,0.0,1351.0,1351.0,337.0,141.0,534.0,209.0
0.0,561.0,358.0,480.0,560.0,1157.0,1157.0,337.0,143.0,215.0,143.0
0.0,763.0,118.0,470.0,1351.0,0.0,0.0,328.0,142.0,37.0,81.0
0.0,1996.0,250.0,460.0,1157.0,0.0,0.0,320.0,140.0,167.0,83.0
0.0,2903.0,623.0,459.0,0.0,0.0,0.0,321.0,138.0,469.0,154.0
0.0,2280.0,860.0,470.0,0.0,460.0,460.0,330.0,140.0,640.0,220.0
0.0,1420.0,725.0,483.0,0.0,1237.0,1237.0,340.0,143.0,508.0,217.0
0.0,695.0,337.0,484.0,460.0,1118.0,1118.0,340.0,144.0,197.0,140.0
0.0,818.0,112.0,474.0,1237.0,0.0,0.0,331.0,143.0,42.0,70.0
0.0,1943.0,279.0,464.0,1118.0,0.0,0.0,323.0,141.0,206.0,73.0
0.0,2782.0,644.0,463.0,0.0,0.0,0.0,324.0,139.0,496.0,148.0
0.0,2138.0,842.0,475.0,0.0,604.0,604.0,334.0,141.0,626.0,216.0
0.0,1296.0,684.0,486.0,0.0,1332.0,1332.0,342.0,144.0,462.0,222.0
0.0,612.0,318.0,487.0,604.0,1050.0,1050.0,341.0,146.0,172.0,146.0
0.0,898.0,89.0,477.0,1332.0,0.0,0.0,332.0,145.0,28.0,61.0
0.0,2141.0,241.0,466.0,1050.0,0.0,0.0,324.0,142.0,187.0,54.0
0.0,2950.0,651.0,466.0,0.0,0.0,0.0,325.0,141.0,519.0,132.0
0.0,2299.0,887.0,478.0,0.0,500.0,500.0,336.0,142.0,671.0,216.0
0.0,1412.0,722.0,490.0,0.0,1270.0,1270.0,345.0,145.0,505.0,217.0
0.0,690.0,309.0,492.0,500.0,1087.0,1087.0,346.0,146.0,171.0,138.0
0.0,881.0,77.0,481.0,1270.0,0.0,0.0,336.0,145.0,19.0,58.0
0.0,2074.0,244.0,471.0,1087.0,0.0,0.0,328.0,143.0,189.0,55.0
0.0,2917.0,634.0,470.0,0.0,0.0,0.0,329.0,141.0,500.0,134.0
0.0,2283.0,889.0,482.0,0.0,534.0,534.0,339.0,143.0,667.0,222.0
0.0,1394.0,715.0,494.0,0.0,1297.0,1297.0,348.0,146.0,496.0,219.0
0.0,679.0,275.0,495.0,534.0,1042.0,1042.0,348.0,147.0,144.0,131.0
0.0,938.0,50.0,486.0,1297.0,0.0,0.0,340.0,146.0,0.0,50.0
0.0,2185.0,229.0,475.0,1042.0,0.0,0.0,332.0,143.0,165.0,64.0
0.0,2998.0,663.0,474.0,0.0,0.0,0.0,332.0,142.0,509.0,154.0
0.0,2335.0,898.0,485.0,0.0,503.0,503.0,342.0,143.0,667.0,231.0
0.0,1437.0,727.0,498.0,0.0,1282.0,1282.0,352.0,146.0,501.0,226.0
0.0,710.0,320.0,500.0,503.0,1107.0,1107.0,352.0,148.0,182.0,138.0
0.0,893.0,74.0,490.0,1282.0,0.0,0.0,343.0,147.0,10.0,64.0
0.0,2101.0,248.0,478.0,1107.0,0.0,0.0,334.0,144.0,171.0,77.0
0.0,2960.0,665.0,478.0,0.0,0.0,0.0,335.0,143.0,501.0,164.0
0.0,2295.0,944.0,490.0,0.0,609.0,609.0,345.0,145.0,703.0,241.0
0.0,1351.0,785.0,503.0,0.0,1446.0,1446.0,355.0,148.0,552.0,233.0
0.0,566.0,354.0,505.0,609.0,1199.0,1199.0,356.0,149.0,203.0,151.0
0.0,821.0,75.0,494.0,1446.0,0.0,0.0,346.0,148.0,10.0,65.0
0.0,2192.0,234.0,480.0,1199.0,0.0,0.0,335.0,145.0,164.0,70.0
0.0,3157.0,692.0,479.0,0.0,0.0,0.0,335.0,144.0,529.0,163.0
0.0,2465.0,1007.0,492.0,0.0,510.0,510.0,346.0,146.0,751.0,256.0
0.0,1458.0,857.0,507.0,0.0,1427.0,1427.0,358.0,149.0,595.0,262.0
0.0,601.0,384.0,510.0,510.0,1313.0,1313.0,359.0,151.0,223.0,161.0
0.0,727.0,58.0,497.0,1427.0,0.0,0.0,348.0,149.0,0.0,58.0
0.0,2096.0,213.0,483.0,1313.0,0.0,0.0,337.0,146.0,151.0,62.0
0.0,3196.0,733.0,483.0,0.0,0.0,0.0,338.0,145.0,559.0,174.0
0.0,2463.0,1074.0,497.0,0.0,599.0,599.0,350.0,147.0,797.0,277.0
0.0,1389.0,884.0,512.0,0.0,1543.0,1543.0,361.0,151.0,614.0,270.0
0.0,505.0,346.0,513.0,599.0,1294.0,1294.0,361.0,152.0,191.0,155.0
0.0,758.0,51.0,502.0,1543.0,0.0,0.0,352.0,150.0,0.0,51.0
0.0,2250.0,195.0,488.0,1294.0,0.0,0.0,341.0,147.0,133.0,62.0
0.0,3349.0,687.0,487.0,0.0,0.0,0.0,341.0,146.0,506.0,181.0
0.0,2662.0,1028.0,500.0,0.0,366.0,366.0,351.0,149.0,744.0,284.0
0.0,1634.0,867.0,515.0,0.0,1293.0,1293.0,362.0,153.0,597.0,270.0
0.0,767.0,388.0,517.0,366.0,1323.0,1323.0,363.0,154.0,236.0,152.0
0.0,745.0,65.0,506.0,1293.0,51.0,51.0,354.0,152.0,14.0,51.0
0.0,1973.0,209.0,494.0,1323.0,0.0,0.0,345.0,149.0,144.0,65.0
0.0,3087.0,681.0,493.0,51.0,0.0,0.0,345.0,148.0,496.0,185.0
0.0,2457.0,997.0,505.0,0.0,560.0,560.0,354.0,151.0,716.0,281.0
0.0,1460.0,813.0,519.0,0.0,1429.0,1429.0,364.0,155.0,560.0,253.0
0.0,647.0,338.0,521.0,560.0,1215.0,1215.0,365.0,156.0,213.0,125.0
0.0,869.0,45.0,508.0,1429.0,0.0,0.0,355.0,153.0,12.0,33.0
0.0,2253.0,221.0,496.0,1215.0,0.0,0.0,346.0,150.0,162.0,59.0
0.0,3247.0,695.0,497.0,0.0,0.0,0.0,347.0,150.0,518.0,177.0
0.0,2552.0,1013.0,510.0,0.0,501.0,501.0,358.0,152.0,732.0,281.0
0.0,1539.0,835.0,525.0,0.0,1396.0,1396.0,369.0,156.0,575.0,260.0
0.0,704.0,324.0,526.0,501.0,1223.0,1223.0,369.0,157.0,196.0,128.0
0.0,881.0,16.0,514.0,1396.0,0.0,0.0,359.0,155.0,0.0,16.0
0.0,2261.0,204.0,501.0,1223.0,0.0,0.0,349.0,152.0,170.0,34.0
0.0,3280.0,708.0,501.0,0.0,0.0,0.0,350.0,151.0,532.0,176.0
0.0,2572.0,1021.0,515.0,0.0,509.0,509.0,361.0,154.0,729.0,292.0
0.0,1551.0,817.0,529.0,0.0,1382.0,1382.0,371.0,158.0,556.0,261.0
0.0,734.0,317.0,530.0,509.0,1194.0,1194.0,371.0,159.0,196.0,121.0
0.0,926.0,16.0,518.0,1382.0,0.0,0.0,361.0,157.0,0.0,16.0
0.0,2292.0,199.0,505.0,1194.0,0.0,0.0,352.0,153.0,153.0,46.0
0.0,3287.0,696.0,505.0,0.0,0.0,0.0,352.0,153.0,520.0,176.0
0.0,2591.0,1010.0,518.0,0.0,491.0,491.0,363.0,155.0,730.0,280.0
0.0,1581.0,833.0,533.0,0.0,1384.0,1384.0,374.0,159.0,572.0,261.0
0.0,748.0,290.0,535.0,491.0,1191.0,1191.0,374.0,161.0,156.0,134.0
0.0,949.0,24.0,522.0,1384.0,0.0,0.0,364.0,158.0,0.0,24.0
0.0,2309.0,189.0,509.0,1191.0,0.0,0.0,354.0,155.0,144.0,45.0
0.0,3311.0,667.0,508.0,0.0,0.0,0.0,354.0,154.0,497.0,170.0
0.0,2644.0,991.0,520.0,0.0,427.0,427.0,364.0,156.0,707.0,284.0
0.0,1653.0,840.0,535.0,0.0,1327.0,1327.0,375.0,160.0,573.0,267.0
0.0,813.0,378.0,538.0,427.0,1290.0,1290.0,376.0,162.0,237.0,141.0
0.0,862.0,70.0,526.0,1327.0,0.0,0.0,367.0,159.0,30.0,40.0
0.0,2119.0,217.0,513.0,1290.0,0.0,0.0,357.0,156.0,161.0,56.0
0.0,3192.0,709.0,511.0,0.0,0.0,0.0,356.0,155.0,525.0,184.0
0.0,2483.0,1023.0,524.0,0.0,636.0,636.0,367.0,157.0,739.0,284.0
0.0,1460.0,884.0,539.0,0.0,1580.0,1580.0,378.0,161.0,615.0,269.0
0.0,576.0,420.0,543.0,636.0,1380.0,1380.0,380.0,163.0,271.0,149.0
0.0,792.0,93.0,532.0,1580.0,0.0,0.0,371.0,161.0,45.0,48.0
0.0,2279.0,241.0,517.0,1380.0,0.0,0.0,360.0,157.0,171.0,70.0
0.0,3418.0,724.0,515.0,0.0,0.0,0.0,359.0,156.0,525.0,199.0
0.0,2694.0,1074.0,527.0,0.0,488.0,488.0,369.0,158.0,769.0,305.0
0.0,1620.0,940.0,545.0,0.0,1500.0,1500.0,382.0,163.0,658.0,282.0
0.0,680.0,448.0,549.0,488.0,1476.0,1476.0,384.0,165.0,294.0,154.0
0.0,720.0,72.0,536.0,1500.0,0.0,0.0,374.0,162.0,31.0,41.0
0.0,2148.0,208.0,520.0,1476.0,0.0,0.0,362.0,158.0,143.0,65.0
0.0,3416.0,727.0,517.0,0.0,0.0,0.0,360.0,157.0,529.0,198.0
0.0,2689.0,1094.0,531.0,0.0,529.0,529.0,372.0,159.0,789.0,305.0
0.0,1595.0,954.0,548.0,0.0,1551.0,1551.0,384.0,164.0,669.0,285.0
0.0,641.0,431.0,553.0,529.0,1473.0,1473.0,387.0,166.0,280.0,151.0
0.0,739.0,54.0,541.0,1551.0,0.0,0.0,378.0,163.0,9.0,45.0
0.0,2236.0,194.0,525.0,1473.0,0.0,0.0,366.0,159.0,120.0,74.0
0.0,3515.0,715.0,522.0,0.0,0.0,0.0,364.0,158.0,510.0,205.0
0.0,2800.0,1074.0,535.0,0.0,414.0,414.0,374.0,161.0,770.0,304.0
0.0,1726.0,934.0,552.0,0.0,1416.0,1416.0,387.0,165.0,660.0,274.0
0.0,792.0,425.0,556.0,414.0,1443.0,1443.0,389.0,167.0,279.0,146.0
0.0,781.0,72.0,544.0,1416.0,51.0,51.0,380.0,164.0,19.0,53.0
0.0,2125.0,205.0,529.0,1443.0,0.0,0.0,369.0,160.0,128.0,77.0
0.0,3363.0,701.0,527.0,51.0,0.0,0.0,368.0,159.0,505.0,196.0
0.0,2713.0,1052.0,540.0,0.0,499.0,499.0,378.0,162.0,757.0,295.0
0.0,1661.0,937.0,558.0,0.0,1508.0,1508.0,391.0,167.0,658.0,279.0
0.0,724.0,431.0,562.0,499.0,1456.0,1456.0,393.0,169.0,280.0,151.0
0.0,792.0,52.0,549.0,1508.0,0.0,0.0,383.0,166.0,7.0,45.0
0.0,2248.0,177.0,533.0,1456.0,0.0,0.0,371.0,162.0,118.0,59.0
0.0,3527.0,701.0,530.0,0.0,0.0,0.0,370.0,160.0,522.0,179.0
0.0,2826.0,1080.0,545.0,0.0,434.0,434.0,382.0,163.0,800.0,280.0
0.0,1746.0,934.0,563.0,0.0,1440.0,1440.0,395.0,168.0,667.0,267.0
0.0,812.0,407.0,567.0,434.0,1429.0,1429.0,396.0,171.0,245.0,162.0
0.0,839.0,61.0,554.0,1440.0,0.0,0.0,386.0,168.0,0.0,61.0
0.0,2218.0,170.0,538.0,1429.0,0.0,0.0,374.0,164.0,110.0,60.0
0.0,3477.0,679.0,535.0,0.0,0.0,0.0,373.0,162.0,514.0,165.0
0.0,2798.0,1059.0,550.0,0.0,461.0,461.0,385.0,165.0,796.0,263.0
0.0,1739.0,894.0,566.0,0.0,1419.0,1419.0,397.0,169.0,649.0,245.0
0.0,845.0,395.0,570.0,461.0,1369.0,1369.0,399.0,171.0,256.0,139.0
0.0,911.0,56.0,558.0,1419.0,0.0,0.0,389.0,169.0,0.0,56.0
0.0,2274.0,172.0,542.0,1369.0,0.0,0.0,377.0,165.0,90.0,82.0
0.0,3471.0,666.0,538.0,0.0,0.0,0.0,375.0,163.0,485.0,181.0
0.0,2805.0,1042.0,553.0,0.0,449.0,449.0,387.0,166.0,775.0,267.0
0.0,1763.0,912.0,570.0,0.0,1429.0,1429.0,400.0,170.0,664.0,248.0
0.0,851.0,415.0,574.0,449.0,1411.0,1411.0,402.0,172.0,272.0,143.0
0.0,885.0,54.0,563.0,1429.0,0.0,0.0,393.0,170.0,0.0,54.0
0.0,2260.0,184.0,547.0,1411.0,0.0,0.0,381.0,166.0,118.0,66.0
0.0,3487.0,663.0,544.0,0.0,0.0,0.0,380.0,164.0,493.0,170.0
0.0,2824.0,1054.0,556.0,0.0,454.0,454.0,390.0,166.0,785.0,269.0
0.0,1770.0,965.0,574.0,0.0,1491.0,1491.0,403.0,171.0,700.0,265.0
0.0,805.0,483.0,579.0,454.0,1540.0,1540.0,406.0,173.0,311.0,172.0
0.0,776.0,86.0,567.0,1491.0,87.0,87.0,396.0,171.0,6.0,80.0
0.0,2181.0,175.0,551.0,1540.0,0.0,0.0,384.0,167.0,98.0,77.0
0.0,3546.0,674.0,547.0,87.0,0.0,0.0,382.0,165.0,503.0,171.0
0.0,2959.0,1090.0,559.0,0.0,367.0,367.0,392.0,167.0,821.0,269.0
0.0,1869.0,1016.0,578.0,0.0,1459.0,1459.0,406.0,172.0,732.0,284.0
0.0,853.0,537.0,583.0,367.0,1649.0,1649.0,409.0,174.0,347.0,190.0
0.0,683.0,126.0,572.0,1459.0,272.0,272.0,400.0,172.0,45.0,81.0
0.0,2016.0,203.0,554.0,1649.0,0.0,0.0,387.0,167.0,127.0,76.0
0.0,3462.0,695.0,550.0,272.0,0.0,0.0,385.0,165.0,518.0,177.0
0.0,3039.0,1115.0,563.0,0.0,328.0,328.0,395.0,168.0,837.0,278.0
0.0,1924.0,1016.0,581.0,0.0,1416.0,1416.0,409.0,172.0,740.0,276.0
0.0,908.0,515.0,587.0,328.0,1627.0,1627.0,412.0,175.0,334.0,181.0
0.0,721.0,125.0,576.0,1416.0,292.0,292.0,403.0,173.0,31.0,94.0
0.0,2012.0,230.0,559.0,1627.0,0.0,0.0,390.0,169.0,132.0,98.0
0.0,3409.0,726.0,555.0,292.0,0.0,0.0,388.0,167.0,531.0,195.0
0.0,2975.0,1118.0,567.0,0.0,411.0,411.0,398.0,169.0,838.0,280.0
0.0,1857.0,991.0,586.0,0.0,1478.0,1478.0,412.0,174.0,721.0,270.0
0.0,866.0,473.0,591.0,411.0,1560.0,1560.0,415.0,176.0,292.0,181.0
0.0,804.0,95.0,580.0,1478.0,133.0,133.0,406.0,174.0,0.0,95.0
0.0,2187.0,206.0,563.0,1560.0,0.0,0.0,393.0,170.0,109.0,97.0
0.0,3541.0,711.0,558.0,133.0,0.0,0.0,390.0,168.0,519.0,192.0
0.0,2963.0,1095.0,571.0,0.0,416.0,416.0,400.0,171.0,819.0,276.0
0.0,1868.0,967.0,589.0,0.0,1455.0,1455.0,414.0,175.0,706.0,261.0
0.0,901.0,476.0,593.0,416.0,1531.0,1531.0,417.0,176.0,300.0,176.0
0.0,841.0,97.0,582.0,1455.0,129.0,129.0,407.0,175.0,0.0,97.0
0.0,2199.0,221.0,566.0,1531.0,0.0,0.0,395.0,171.0,119.0,102.0
0.0,3509.0,717.0,562.0,129.0,0.0,0.0,393.0,169.0,537.0,180.0
0.0,2921.0,1086.0,574.0,0.0,461.0,461.0,403.0,171.0,831.0,255.0
0.0,1835.0,958.0,592.0,0.0,1491.0,1491.0,417.0,175.0,706.0,252.0
0.0,877.0,473.0,597.0,461.0,1523.0,1523.0,420.0,177.0,289.0,184.0
0.0,865.0,122.0,586.0,1491.0,110.0,110.0,410.0,176.0,7.0,115.0
0.0,2234.0,248.0,570.0,1523.0,0.0,0.0,397.0,173.0,134.0,114.0
0.0,3509.0,741.0,566.0,110.0,0.0,0.0,395.0,171.0,562.0,179.0
0.0,2878.0,1074.0,580.0,0.0,516.0,516.0,407.0,173.0,835.0,239.0
0.0,1804.0,928.0,596.0,0.0,1508.0,1508.0,420.0,176.0,692.0,236.0
0.0,876.0,446.0,601.0,516.0,1458.0,1458.0,423.0,178.0,278.0,168.0
0.0,946.0,111.0,590.0,1508.0,17.0,17.0,413.0,177.0,0.0,111.0
0.0,2343.0,244.0,574.0,1458.0,0.0,0.0,400.0,174.0,130.0,114.0
0.0,3557.0,698.0,571.0,17.0,0.0,0.0,398.0,173.0,528.0,170.0
0.0,2876.0,1045.0,583.0,0.0,501.0,501.0,409.0,174.0,820.0,225.0
0.0,1831.0,902.0,600.0,0.0,1471.0,1471.0,422.0,178.0,684.0,218.0
0.0,929.0,438.0,605.0,501.0,1428.0,1428.0,426.0,179.0,277.0,161.0
0.0,992.0,126.0,594.0,1471.0,39.0,39.0,416.0,178.0,0.0,126.0
0.0,2337.0,248.0,579.0,1428.0,0.0,0.0,404.0,175.0,118.0,130.0
0.0,3517.0,699.0,575.0,39.0,0.0,0.0,401.0,174.0,521.0,178.0
0.0,2857.0,1032.0,587.0,0.0,523.0,523.0,411.0,176.0,806.0,226.0
0.0,1825.0,927.0,604.0,0.0,1518.0,1518.0,425.0,179.0,699.0,228.0
0.0,898.0,486.0,609.0,523.0,1501.0,1501.0,428.0,181.0,309.0,177.0
0.0,935.0,151.0,599.0,1518.0,94.0,94.0,419.0,180.0,24.0,127.0
0.0,2302.0,229.0,584.0,1501.0,0.0,0.0,406.0,178.0,98.0,131.0
0.0,3574.0,668.0,578.0,94.0,0.0,0.0,402.0,176.0,489.0,179.0
0.0,3000.0,1045.0,589.0,0.0,401.0,401.0,412.0,177.0,815.0,230.0
0.0,1955.0,981.0,606.0,0.0,1450.0,1450.0,426.0,180.0,751.0,230.0
0.0,974.0,551.0,613.0,401.0,1628.0,1628.0,431.0,182.0,373.0,178.0
0.0,824.0,196.0,604.0,1450.0,338.0,338.0,423.0,181.0,70.0,126.0
0.0,2078.0,283.0,588.0,1628.0,0.0,0.0,410.0,178.0,145.0,138.0
0.0,3423.0,689.0,583.0,338.0,0.0,0.0,406.0,177.0,504.0,185.0
0.0,3072.0,1055.0,593.0,0.0,355.0,355.0,415.0,178.0,817.0,238.0
0.0,2017.0,1022.0,610.0,0.0,1445.0,1445.0,429.0,181.0,780.0,242.0
0.0,995.0,608.0,617.0,355.0,1726.0,1726.0,434.0,183.0,414.0,194.0
0.0,742.0,242.0,609.0,1445.0,491.0,491.0,427.0,182.0,110.0,132.0
0.0,1945.0,277.0,592.0,1726.0,0.0,0.0,413.0,179.0,147.0,130.0
0.0,3394.0,690.0,586.0,491.0,0.0,0.0,408.0,178.0,489.0,201.0
0.0,3195.0,1057.0,596.0,0.0,246.0,246.0,417.0,179.0,793.0,264.0
0.0,2138.0,1028.0,614.0,0.0,1346.0,1346.0,432.0,182.0,771.0,257.0
0.0,1110.0,608.0,621.0,246.0,1736.0,1736.0,437.0,184.0,423.0,185.0
0.0,748.0,243.0,612.0,1346.0,597.0,597.0,429.0,183.0,121.0,122.0
0.0,1851.0,266.0,596.0,1736.0,0.0,0.0,416.0,180.0,140.0,126.0
0.0,3321.0,686.0,590.0,597.0,0.0,0.0,411.0,179.0,480.0,206.0
0.0,3232.0,1077.0,601.0,0.0,249.0,249.0,421.0,180.0,795.0,282.0
0.0,2155.0,1025.0,619.0,0.0,1346.0,1346.0,435.0,184.0,754.0,271.0
0.0,1130.0,593.0,627.0,249.0,1722.0,1722.0,441.0,186.0,411.0,182.0
0.0,786.0,182.0,617.0,1346.0,518.0,518.0,433.0,184.0,82.0,100.0
0.0,1950.0,244.0,600.0,1722.0,0.0,0.0,419.0,181.0,128.0,116.0
0.0,3428.0,689.0,595.0,518.0,0.0,0.0,415.0,180.0,488.0,201.0
0.0,3257.0,1071.0,606.0,0.0,238.0,238.0,425.0,181.0,795.0,276.0
0.0,2186.0,1029.0,624.0,0.0,1339.0,1339.0,439.0,185.0,757.0,272.0
0.0,1157.0,602.0,631.0,238.0,1731.0,1731.0,445.0,186.0,417.0,185.0
0.0,793.0,214.0,622.0,1339.0,570.0,570.0,437.0,185.0,106.0,108.0
0.0,1918.0,274.0,606.0,1731.0,0.0,0.0,424.0,182.0,152.0,122.0
0.0,3375.0,709.0,602.0,570.0,0.0,0.0,420.0,182.0,502.0,207.0
0.0,3236.0,1095.0,614.0,0.0,315.0,315.0,430.0,184.0,807.0,288.0
0.0,2141.0,1012.0,631.0,0.0,1395.0,1395.0,444.0,187.0,742.0,270.0
0.0,1129.0,545.0,637.0,315.0,1649.0,1649.0,449.0,188.0,378.0,167.0
0.0,899.0,162.0,625.0,1395.0,368.0,368.0,439.0,186.0,82.0,80.0
0.0,2132.0,242.0,609.0,1649.0,0.0,0.0,426.0,183.0,143.0,99.0
0.0,3539.0,715.0,604.0,368.0,0.0,0.0,422.0,182.0,507.0,208.0
0.0,3192.0,1097.0,618.0,0.0,377.0,377.0,433.0,185.0,800.0,297.0
0.0,2095.0,1010.0,635.0,0.0,1455.0,1455.0,447.0,188.0,736.0,274.0
0.0,1085.0,534.0,640.0,377.0,1632.0,1632.0,451.0,189.0,370.0,164.0
0.0,928.0,149.0,629.0,1455.0,282.0,282.0,442.0,187.0,66.0,83.0
0.0,2234.0,229.0,614.0,1632.0,0.0,0.0,429.0,185.0,121.0,108.0
0.0,3637.0,695.0,610.0,282.0,0.0,0.0,425.0,185.0,477.0,218.0
0.0,3224.0,1096.0,623.0,0.0,364.0,364.0,435.0,188.0,797.0,299.0
0.0,2128.0,1019.0,640.0,0.0,1451.0,1451.0,449.0,191.0,748.0,271.0
0.0,1109.0,531.0,645.0,364.0,1638.0,1638.0,454.0,191.0,381.0,150.0
0.0,942.0,113.0,634.0,1451.0,256.0,256.0,445.0,189.0,45.0,68.0
0.0,2280.0,180.0,617.0,1638.0,0.0,0.0,431.0,186.0,75.0,105.0
0.0,3738.0,678.0,613.0,256.0,0.0,0.0,427.0,186.0,455.0,223.0
0.0,3316.0,1123.0,625.0,0.0,307.0,307.0,436.0,189.0,821.0,302.0
0.0,2193.0,1080.0,643.0,0.0,1459.0,1459.0,452.0,191.0,813.0,267.0
0.0,1113.0,591.0,650.0,307.0,1771.0,1771.0,458.0,192.0,437.0,154.0
0.0,829.0,134.0,640.0,1459.0,406.0,406.0,450.0,190.0,57.0,77.0
0.0,2154.0,189.0,623.0,1771.0,0.0,0.0,435.0,188.0,71.0,118.0
0.0,3736.0,692.0,618.0,406.0,0.0,0.0,430.0,188.0,463.0,229.0
0.0,3450.0,1146.0,629.0,0.0,212.0,212.0,439.0,190.0,845.0,301.0
0.0,2304.0,1084.0,646.0,0.0,1364.0,1364.0,453.0,193.0,820.0,264.0
0.0,1220.0,594.0,652.0,212.0,1770.0,1770.0,459.0,193.0,437.0,157.0
0.0,838.0,175.0,642.0,1364.0,541.0,541.0,451.0,191.0,85.0,90.0
0.0,2027.0,270.0,627.0,1770.0,0.0,0.0,438.0,189.0,139.0,131.0
0.0,3527.0,765.0,622.0,541.0,0.0,0.0,433.0,189.0,528.0,237.0
0.0,3303.0,1192.0,633.0,0.0,421.0,421.0,442.0,191.0,883.0,309.0
0.0,2111.0,1107.0,650.0,0.0,1596.0,1596.0,456.0,194.0,835.0,272.0
0.0,1004.0,597.0,657.0,421.0,1800.0,1800.0,462.0,195.0,436.0,161.0
0.0,828.0,126.0,645.0,1596.0,282.0,282.0,453.0,192.0,39.0,87.0
0.0,2298.0,213.0,629.0,1800.0,0.0,0.0,439.0,190.0,89.0,124.0
0.0,3885.0,770.0,624.0,282.0,0.0,0.0,435.0,189.0,533.0,237.0
0.0,3397.0,1257.0,637.0,0.0,408.0,408.0,445.0,192.0,941.0,316.0
0.0,2140.0,1162.0,654.0,0.0,1638.0,1638.0,459.0,195.0,878.0,284.0
0.0,978.0,582.0,661.0,408.0,1840.0,1840.0,465.0,196.0,416.0,166.0
0.0,804.0,88.0,649.0,1638.0,242.0,242.0,455.0,194.0,2.0,86.0
0.0,2354.0,169.0,631.0,1840.0,0.0,0.0,441.0,190.0,44.0,125.0
0.0,4025.0,748.0,626.0,242.0,0.0,0.0,436.0,190.0,506.0,242.0
0.0,3519.0,1248.0,639.0,0.0,285.0,285.0,446.0,193.0,924.0,324.0
0.0,2271.0,1186.0,658.0,0.0,1547.0,1547.0,462.0,196.0,897.0,289.0
0.0,1085.0,600.0,665.0,285.0,1890.0,1890.0,468.0,197.0,435.0,165.0
0.0,770.0,84.0,653.0,1547.0,379.0,379.0,458.0,195.0,2.0,82.0
0.0,2233.0,159.0,636.0,1890.0,0.0,0.0,444.0,192.0,30.0,129.0
0.0,3964.0,751.0,631.0,379.0,0.0,0.0,439.0,192.0,497.0,254.0
0.0,3592.0,1255.0,643.0,0.0,235.0,235.0,448.0,195.0,923.0,332.0
0.0,2337.0,1179.0,662.0,0.0,1490.0,1490.0,464.0,198.0,902.0,277.0
0.0,1158.0,578.0,667.0,235.0,1853.0,1853.0,469.0,198.0,429.0,149.0
0.0,815.0,67.0,655.0,1490.0,382.0,382.0,459.0,196.0,0.0,67.0
0.0,2238.0,146.0,637.0,1853.0,0.0,0.0,445.0,192.0,35.0,111.0
0.0,3945.0,741.0,632.0,382.0,0.0,0.0,440.0,192.0,488.0,253.0
0.0,3586.0,1261.0,645.0,0.0,255.0,255.0,450.0,195.0,922.0,339.0
0.0,2325.0,1196.0,665.0,0.0,1531.0,1531.0,466.0,199.0,910.0,286.0
0.0,1129.0,600.0,672.0,255.0,1904.0,1904.0,472.0,200.0,456.0,144.0
0.0,784.0,54.0,659.0,1531.0,375.0,375.0,462.0,197.0,0.0,54.0
0.0,2261.0,109.0,641.0,1904.0,0.0,0.0,447.0,194.0,0.0,109.0
0.0,4056.0,724.0,635.0,375.0,0.0,0.0,442.0,193.0,467.0,257.0
0.0,3707.0,1269.0,649.0,0.0,158.0,158.0,452.0,197.0,928.0,341.0
0.0,2438.0,1199.0,669.0,0.0,1437.0,1437.0,469.0,200.0,919.0,280.0
0.0,1239.0,579.0,676.0,158.0,1886.0,1886.0,475.0,201.0,447.0,132.0
0.0,818.0,42.0,663.0,1437.0,439.0,439.0,466.0,197.0,0.0,42.0
0.0,2213.0,120.0,645.0,1886.0,0.0,0.0,451.0,194.0,0.0,120.0
0.0,3979.0,704.0,639.0,439.0,0.0,0.0,445.0,194.0,431.0,273.0
0.0,3714.0,1231.0,652.0,0.0,125.0,125.0,454.0,198.0,882.0,349.0
0.0,2483.0,1163.0,672.0,0.0,1368.0,1368.0,470.0,202.0,894.0,269.0
0.0,1320.0,576.0,680.0,125.0,1851.0,1851.0,478.0,202.0,464.0,112.0
0.0,869.0,86.0,669.0,1368.0,525.0,525.0,470.0,199.0,38.0,48.0
0.0,2151.0,148.0,649.0,1851.0,0.0,0.0,454.0,195.0,17.0,131.0
0.0,3854.0,747.0,644.0,525.0,0.0,0.0,448.0,196.0,463.0,284.0
0.0,3632.0,1284.0,656.0,0.0,276.0,276.0,457.0,199.0,927.0,357.0
0.0,2348.0,1193.0,677.0,0.0,1553.0,1553.0,474.0,203.0,918.0,275.0
0.0,1155.0,577.0,684.0,276.0,1882.0,1882.0,481.0,203.0,459.0,118.0
0.0,854.0,67.0,673.0,1553.0,352.0,352.0,473.0,200.0,24.0,43.0
0.0,2340.0,166.0,653.0,1882.0,0.0,0.0,457.0,196.0,38.0,128.0
0.0,4056.0,783.0,648.0,352.0,0.0,0.0,451.0,197.0,496.0,287.0
0.0,3625.0,1310.0,662.0,0.0,333.0,333.0,461.0,201.0,943.0,367.0
0.0,2315.0,1225.0,681.0,0.0,1634.0,1634.0,477.0,204.0,947.0,278.0
0.0,1090.0,606.0,688.0,333.0,1935.0,1935.0,484.0,204.0,493.0,113.0
0.0,817.0,103.0,675.0,1634.0,352.0,352.0,475.0,200.0,65.0,38.0
0.0,2348.0,206.0,657.0,1935.0,0.0,0.0,460.0,197.0,75.0,131.0
0.0,4077.0,808.0,650.0,352.0,0.0,0.0,453.0,197.0,512.0,296.0
0.0,3621.0,1327.0,664.0,0.0,362.0,362.0,463.0,201.0,953.0,374.0
0.0,2294.0,1235.0,686.0,0.0,1685.0,1685.0,481.0,205.0,951.0,284.0
0.0,1059.0,644.0,694.0,362.0,1999.0,1999.0,489.0,205.0,509.0,135.0
0.0,777.0,120.0,682.0,1685.0,386.0,386.0,480.0,202.0,58.0,62.0
0.0,2342.0,201.0,662.0,1999.0,0.0,0.0,463.0,199.0,64.0,137.0
0.0,4140.0,802.0,655.0,386.0,0.0,0.0,456.0,199.0,513.0,289.0
0.0,3724.0,1309.0,669.0,0.0,261.0,261.0,466.0,203.0,941.0,368.0
0.0,2415.0,1202.0,691.0,0.0,1551.0,1551.0,484.0,207.0,911.0,291.0
0.0,1213.0,600.0,699.0,261.0,1922.0,1922.0,492.0,207.0,466.0,134.0
0.0,874.0,99.0,686.0,1551.0,418.0,418.0,483.0,203.0,38.0,61.0
0.0,2326.0,180.0,666.0,1922.0,0.0,0.0,466.0,200.0,45.0,135.0
0.0,4068.0,773.0,657.0,418.0,0.0,0.0,458.0,199.0,492.0,281.0
0.0,3713.0,1302.0,671.0,0.0,273.0,273.0,468.0,203.0,940.0,362.0
0.0,2411.0,1240.0,693.0,0.0,1601.0,1601.0,486.0,207.0,946.0,294.0
0.0,1171.0,639.0,703.0,273.0,2007.0,2007.0,495.0,208.0,499.0,140.0
0.0,805.0,101.0,690.0,1601.0,455.0,455.0,486.0,204.0,45.0,56.0
0.0,2305.0,156.0,669.0,2007.0,0.0,0.0,469.0,200.0,30.0,126.0
0.0,4156.0,750.0,661.0,455.0,0.0,0.0,461.0,200.0,475.0,275.0
0.0,3861.0,1301.0,675.0,0.0,140.0,140.0,471.0,204.0,940.0,361.0
0.0,2560.0,1266.0,697.0,0.0,1494.0,1494.0,489.0,208.0,967.0,299.0
0.0,1294.0,668.0,707.0,140.0,2062.0,2062.0,498.0,209.0,516.0,152.0
0.0,766.0,102.0,695.0,1494.0,622.0,622.0,490.0,205.0,46.0,56.0
0.0,2158.0,137.0,674.0,2062.0,0.0,0.0,473.0,201.0,21.0,116.0
0.0,4083.0,740.0,665.0,622.0,0.0,0.0,464.0,201.0,471.0,269.0
0.0,3965.0,1300.0,679.0,0.0,51.0,51.0,474.0,205.0,940.0,360.0
0.0,2665.0,1243.0,702.0,0.0,1386.0,1386.0,492.0,210.0,944.0,299.0
0.0,1422.0,644.0,711.0,51.0,2015.0,2015.0,501.0,210.0,494.0,150.0
0.0,829.0,85.0,699.0,1386.0,666.0,666.0,493.0,206.0,29.0,56.0
0.0,2130.0,117.0,677.0,2015.0,0.0,0.0,475.0,202.0,0.0,117.0
0.0,4028.0,723.0,668.0,666.0,0.0,0.0,466.0,202.0,461.0,262.0
0.0,3971.0,1296.0,682.0,0.0,53.0,53.0,476.0,206.0,936.0,360.0
0.0,2675.0,1251.0,705.0,0.0,1396.0,1396.0,494.0,211.0,943.0,308.0
0.0,1424.0,636.0,715.0,53.0,2019.0,2019.0,503.0,212.0,480.0,156.0
0.0,841.0,75.0,703.0,1396.0,650.0,650.0,495.0,208.0,17.0,58.0
0.0,2162.0,135.0,681.0,2019.0,0.0,0.0,478.0,203.0,24.0,111.0
0.0,4046.0,754.0,674.0,650.0,0.0,0.0,471.0,203.0,487.0,267.0
0.0,3942.0,1315.0,688.0,0.0,125.0,125.0,480.0,208.0,947.0,368.0
0.0,2627.0,1270.0,710.0,0.0,1483.0,1483.0,497.0,213.0,951.0,319.0
0.0,1357.0,661.0,721.0,125.0,2063.0,2063.0,507.0,214.0,493.0,168.0
0.0,821.0,91.0,708.0,1483.0,619.0,619.0,498.0,210.0,34.0,57.0
0.0,2213.0,137.0,686.0,2063.0,0.0,0.0,481.0,205.0,30.0,107.0
0.0,4139.0,765.0,678.0,619.0,0.0,0.0,473.0,205.0,501.0,264.0
0.0,3993.0,1333.0,692.0,0.0,108.0,108.0,483.0,209.0,970.0,363.0
0.0,2660.0,1292.0,715.0,0.0,1492.0,1492.0,501.0,214.0,983.0,309.0
0.0,1368.0,665.0,725.0,108.0,2089.0,2089.0,510.0,215.0,509.0,156.0
0.0,811.0,92.0,712.0,1492.0,637.0,637.0,501.0,211.0,28.0,64.0
0.0,2211.0,187.0,690.0,2089.0,0.0,0.0,484.0,206.0,50.0,137.0
0.0,4113.0,830.0,683.0,637.0,0.0,0.0,476.0,207.0,540.0,290.0
0.0,3920.0,1385.0,698.0,0.0,257.0,257.0,486.0,212.0,1007.0,378.0
0.0,2535.0,1298.0,721.0,0.0,1647.0,1647.0,504.0,217.0,989.0,309.0
0.0,1237.0,655.0,729.0,257.0,2077.0,2077.0,512.0,217.0,504.0,151.0
0.0,839.0,121.0,716.0,1647.0,499.0,499.0,503.0,213.0,53.0,68.0
0.0,2365.0,213.0,694.0,2077.0,0.0,0.0,486.0,208.0,68.0,145.0
0.0,4229.0,836.0,688.0,499.0,0.0,0.0,479.0,209.0,544.0,292.0
0.0,3892.0,1372.0,701.0,0.0,284.0,284.0,488.0,213.0,1005.0,367.0
0.0,2520.0,1285.0,724.0,0.0,1661.0,1661.0,506.0,218.0,992.0,293.0
0.0,1235.0,644.0,733.0,284.0,2057.0,2057.0,515.0,218.0,502.0,142.0
0.0,875.0,105.0,719.0,1661.0,445.0,445.0,505.0,214.0,27.0,78.0
0.0,2431.0,196.0,697.0,2057.0,0.0,0.0,488.0,209.0,45.0,151.0
0.0,4292.0,827.0,691.0,445.0,0.0,0.0,481.0,210.0,530.0,297.0
0.0,3910.0,1377.0,705.0,0.0,287.0,287.0,491.0,214.0,1010.0,367.0
0.0,2533.0,1270.0,727.0,0.0,1645.0,1645.0,509.0,218.0,978.0,292.0
0.0,1263.0,629.0,737.0,287.0,2027.0,2027.0,518.0,219.0,479.0,150.0
0.0,921.0,101.0,723.0,1645.0,427.0,427.0,508.0,215.0,13.0,88.0
0.0,2465.0,192.0,702.0,2027.0,0.0,0.0,491.0,211.0,33.0,159.0
0.0,4300.0,835.0,694.0,427.0,0.0,0.0,483.0,211.0,541.0,294.0
0.0,3892.0,1376.0,708.0,0.0,316.0,316.0,493.0,215.0,1018.0,358.0
0.0,2516.0,1265.0,731.0,0.0,1673.0,1673.0,511.0,220.0,977.0,288.0
0.0,1251.0,604.0,739.0,316.0,1993.0,1993.0,519.0,220.0,460.0,144.0
0.0,963.0,73.0,726.0,1673.0,341.0,341.0,510.0,216.0,0.0,73.0
0.0,2563.0,186.0,705.0,1993.0,0.0,0.0,493.0,212.0,32.0,154.0
0.0,4370.0,827.0,696.0,341.0,0.0,0.0,484.0,212.0,533.0,294.0
0.0,3884.0,1358.0,710.0,0.0,314.0,314.0,494.0,216.0,1001.0,357.0
0.0,2526.0,1266.0,732.0,0.0,1668.0,1668.0,512.0,220.0,983.0,283.0
0.0,1260.0,663.0,742.0,314.0,2057.0,2057.0,521.0,221.0,522.0,141.0
0.0,911.0,125.0,730.0,1668.0,466.0,466.0,513.0,217.0,52.0,73.0
0.0,2454.0,198.0,709.0,2057.0,0.0,0.0,496.0,213.0,50.0,148.0
0.0,4313.0,800.0,701.0,466.0,0.0,0.0,488.0,213.0,513.0,287.0
0.0,3979.0,1343.0,714.0,0.0,220.0,220.0,497.0,217.0,985.0,358.0
0.0,2636.0,1257.0,736.0,0.0,1565.0,1565.0,515.0,221.0,967.0,290.0
0.0,1379.0,643.0,747.0,220.0,2032.0,2032.0,525.0,222.0,485.0,158.0
0.0,956.0,108.0,735.0,1565.0,527.0,527.0,516.0,219.0,21.0,87.0
0.0,2413.0,188.0,714.0,2032.0,0.0,0.0,499.0,215.0,43.0,145.0
0.0,4257.0,796.0,705.0,527.0,0.0,0.0,491.0,214.0,520.0,276.0
0.0,3988.0,1312.0,718.0,0.0,196.0,196.0,500.0,218.0,972.0,340.0
0.0,2676.0,1228.0,740.0,0.0,1512.0,1512.0,518.0,222.0,948.0,280.0
0.0,1448.0,632.0,750.0,196.0,1988.0,1988.0,527.0,223.0,469.0,163.0
0.0,1012.0,103.0,737.0,1512.0,527.0,527.0,517.0,220.0,0.0,103.0
0.0,2421.0,166.0,715.0,1988.0,0.0,0.0,499.0,216.0,13.0,153.0
0.0,4243.0,799.0,706.0,527.0,0.0,0.0,491.0,215.0,522.0,277.0
0.0,3971.0,1380.0,720.0,0.0,289.0,289.0,502.0,218.0,1027.0,353.0
0.0,2591.0,1346.0,744.0,0.0,1731.0,1731.0,521.0,223.0,1033.0,313.0
0.0,1245.0,702.0,755.0,289.0,2188.0,2188.0,530.0,225.0,516.0,186.0
0.0,832.0,110.0,743.0,1731.0,519.0,519.0,521.0,222.0,10.0,100.0
0.0,2453.0,172.0,719.0,2188.0,0.0,0.0,502.0,217.0,23.0,149.0
0.0,4469.0,815.0,711.0,519.0,0.0,0.0,494.0,217.0,534.0,281.0
0.0,4173.0,1388.0,725.0,0.0,115.0,115.0,504.0,221.0,1032.0,356.0
0.0,2785.0,1337.0,748.0,0.0,1544.0,1544.0,523.0,225.0,1033.0,304.0
0.0,1448.0,697.0,758.0,115.0,2166.0,2166.0,532.0,226.0,524.0,173.0
0.0,866.0,133.0,745.0,1544.0,703.0,703.0,523.0,222.0,35.0,98.0
0.0,2277.0,230.0,723.0,2166.0,0.0,0.0,505.0,218.0,69.0,161.0
0.0,4213.0,858.0,714.0,703.0,0.0,0.0,496.0,218.0,565.0,293.0
0.0,4058.0,1424.0,729.0,0.0,282.0,282.0,507.0,222.0,1049.0,375.0
0.0,2634.0,1359.0,753.0,0.0,1737.0,1737.0,526.0,227.0,1049.0,310.0
0.0,1275.0,711.0,762.0,282.0,2202.0,2202.0,535.0,227.0,550.0,161.0
0.0,846.0,145.0,749.0,1737.0,558.0,558.0,526.0,223.0,63.0,82.0
0.0,2438.0,230.0,727.0,2202.0,0.0,0.0,508.0,219.0,77.0,153.0
0.0,4410.0,872.0,719.0,558.0,0.0,0.0,500.0,219.0,577.0,295.0
0.0,4096.0,1429.0,735.0,0.0,273.0,273.0,511.0,224.0,1052.0,377.0
0.0,2667.0,1353.0,758.0,0.0,1718.0,1718.0,530.0,228.0,1037.0,316.0
0.0,1314.0,706.0,769.0,273.0,2195.0,2195.0,540.0,229.0,530.0,176.0
0.0,881.0,124.0,755.0,1718.0,545.0,545.0,530.0,225.0,34.0,90.0
0.0,2475.0,198.0,731.0,2195.0,0.0,0.0,511.0,220.0,48.0,150.0
0.0,4472.0,839.0,723.0,545.0,0.0,0.0,503.0,220.0,552.0,287.0
0.0,4178.0,1397.0,738.0,0.0,171.0,171.0,514.0,224.0,1033.0,364.0
0.0,2781.0,1318.0,762.0,0.0,1585.0,1585.0,533.0,229.0,1014.0,304.0
0.0,1463.0,660.0,771.0,171.0,2110.0,2110.0,542.0,229.0,496.0,164.0
0.0,974.0,102.0,757.0,1585.0,571.0,571.0,532.0,225.0,18.0,84.0
0.0,2457.0,199.0,734.0,2110.0,0.0,0.0,513.0,221.0,47.0,152.0
0.0,4368.0,866.0,726.0,571.0,0.0,0.0,505.0,221.0,563.0,303.0
0.0,4073.0,1451.0,743.0,0.0,350.0,350.0,517.0,226.0,1068.0,383.0
0.0,2622.0,1349.0,767.0,0.0,1795.0,1795.0,537.0,230.0,1041.0,308.0
0.0,1273.0,651.0,776.0,350.0,2132.0,2132.0,546.0,230.0,505.0,146.0
0.0,972.0,78.0,762.0,1795.0,359.0,359.0,536.0,226.0,15.0,63.0
0.0,2689.0,205.0,740.0,2132.0,0.0,0.0,518.0,222.0,56.0,149.0
0.0,4616.0,903.0,733.0,359.0,0.0,0.0,511.0,222.0,592.0,311.0
0.0,4072.0,1456.0,748.0,0.0,376.0,376.0,521.0,227.0,1068.0,388.0
0.0,2616.0,1322.0,771.0,0.0,1790.0,1790.0,540.0,231.0,1020.0,302.0
0.0,1294.0,614.0,779.0,376.0,2060.0,2060.0,548.0,231.0,479.0,135.0
0.0,1056.0,52.0,764.0,1790.0,262.0,262.0,538.0,226.0,0.0,52.0
0.0,2794.0,192.0,742.0,2060.0,0.0,0.0,520.0,222.0,46.0,146.0
0.0,4662.0,894.0,736.0,262.0,0.0,0.0,513.0,223.0,579.0,315.0
0.0,4030.0,1465.0,751.0,0.0,439.0,439.0,524.0,227.0,1070.0,395.0
0.0,2565.0,1348.0,775.0,0.0,1883.0,1883.0,543.0,232.0,1042.0,306.0
0.0,1217.0,623.0,784.0,439.0,2103.0,2103.0,552.0,232.0,481.0,142.0
0.0,1033.0,68.0,770.0,1883.0,232.0,232.0,542.0,228.0,0.0,68.0
0.0,2848.0,167.0,747.0,2103.0,0.0,0.0,523.0,224.0,17.0,150.0
0.0,4784.0,845.0,740.0,232.0,0.0,0.0,516.0,224.0,536.0,309.0
0.0,4171.0,1453.0,756.0,0.0,306.0,306.0,527.0,229.0,1054.0,399.0
0.0,2718.0,1349.0,780.0,0.0,1751.0,1751.0,547.0,233.0,1031.0,318.0
0.0,1369.0,667.0,789.0,306.0,2148.0,2148.0,556.0,233.0,509.0,158.0
0.0,1008.0,79.0,775.0,1751.0,420.0,420.0,546.0,229.0,7.0,72.0
0.0,2680.0,164.0,752.0,2148.0,0.0,0.0,527.0,225.0,25.0,139.0
0.0,4664.0,857.0,743.0,420.0,0.0,0.0,518.0,225.0,554.0,303.0
0.0,4227.0,1460.0,757.0,0.0,261.0,261.0,528.0,229.0,1055.0,405.0
0.0,2767.0,1376.0,782.0,0.0,1737.0,1737.0,548.0,234.0,1037.0,339.0
0.0,1391.0,714.0,792.0,261.0,2230.0,2230.0,558.0,234.0,540.0,174.0
0.0,938.0,132.0,779.0,1737.0,573.0,573.0,549.0,230.0,59.0,73.0
0.0,2543.0,214.0,756.0,2230.0,0.0,0.0,530.0,226.0,75.0,139.0
0.0,4559.0,887.0,748.0,573.0,0.0,0.0,522.0,226.0,577.0,310.0
0.0,4245.0,1488.0,763.0,0.0,295.0,295.0,532.0,231.0,1072.0,416.0
0.0,2757.0,1402.0,788.0,0.0,1797.0,1797.0,552.0,236.0,1051.0,351.0
0.0,1355.0,709.0,797.0,295.0,2247.0,2247.0,561.0,236.0,535.0,174.0
0.0,941.0,144.0,783.0,1797.0,538.0,538.0,551.0,232.0,69.0,75.0
0.0,2594.0,254.0,760.0,2247.0,0.0,0.0,533.0,227.0,113.0,141.0
0.0,4587.0,945.0,752.0,538.0,0.0,0.0,525.0,227.0,631.0,314.0
0.0,4180.0,1519.0,768.0,0.0,411.0,411.0,535.0,233.0,1092.0,427.0
0.0,2661.0,1420.0,792.0,0.0,1927.0,1927.0,554.0,238.0,1054.0,366.0
0.0,1241.0,727.0,802.0,411.0,2283.0,2283.0,563.0,239.0,543.0,184.0
0.0,925.0,142.0,788.0,1927.0,442.0,442.0,554.0,234.0,73.0,69.0
0.0,2710.0,229.0,765.0,2283.0,0.0,0.0,536.0,229.0,104.0,125.0
0.0,4764.0,900.0,756.0,442.0,0.0,0.0,527.0,229.0,594.0,306.0
0.0,4306.0,1458.0,771.0,0.0,236.0,236.0,537.0,234.0,1040.0,418.0
0.0,2848.0,1366.0,794.0,0.0,1694.0,1694.0,555.0,239.0,1005.0,361.0
0.0,1482.0,734.0,805.0,236.0,2236.0,2236.0,565.0,240.0,547.0,187.0
0.0,984.0,190.0,793.0,1694.0,684.0,684.0,557.0,236.0,120.0,70.0
0.0,2488.0,259.0,770.0,2236.0,0.0,0.0,539.0,231.0,132.0,127.0
0.0,4465.0,873.0,762.0,684.0,0.0,0.0,531.0,231.0,569.0,304.0
0.0,4276.0,1430.0,777.0,0.0,262.0,262.0,541.0,236.0,1010.0,420.0
0.0,2846.0,1358.0,801.0,0.0,1716.0,1716.0,560.0,241.0,1001.0,357.0
0.0,1488.0,713.0,811.0,262.0,2207.0,2207.0,569.0,242.0,537.0,176.0
0.0,1037.0,164.0,797.0,1716.0,599.0,599.0,560.0,237.0,109.0,55.0
0.0,2589.0,249.0,774.0,2207.0,0.0,0.0,542.0,232.0,137.0,112.0
0.0,4547.0,858.0,764.0,599.0,0.0,0.0,533.0,231.0,565.0,293.0
0.0,4288.0,1403.0,780.0,0.0,235.0,235.0,543.0,237.0,987.0,416.0
0.0,2885.0,1341.0,803.0,0.0,1668.0,1668.0,561.0,242.0,982.0,359.0
0.0,1544.0,737.0,814.0,235.0,2214.0,2214.0,571.0,243.0,560.0,177.0
0.0,1042.0,192.0,800.0,1668.0,682.0,682.0,562.0,238.0,144.0,48.0
0.0,2518.0,247.0,776.0,2214.0,0.0,0.0,544.0,232.0,140.0,107.0
0.0,4485.0,846.0,768.0,682.0,0.0,0.0,536.0,232.0,563.0,283.0
0.0,4321.0,1391.0,782.0,0.0,198.0,198.0,545.0,237.0,983.0,408.0
0.0,2930.0,1345.0,807.0,0.0,1643.0,1643.0,564.0,243.0,983.0,362.0
0.0,1585.0,743.0,818.0,198.0,2232.0,2232.0,574.0,244.0,551.0,192.0
0.0,1040.0,213.0,804.0,1643.0,746.0,746.0,565.0,239.0,140.0,73.0
0.0,2470.0,247.0,781.0,2232.0,0.0,0.0,547.0,234.0,131.0,116.0
0.0,4455.0,825.0,772.0,746.0,0.0,0.0,538.0,234.0,540.0,285.0
0.0,4376.0,1341.0,786.0,0.0,109.0,109.0,547.0,239.0,940.0,401.0
0.0,3035.0,1309.0,809.0,0.0,1510.0,1510.0,565.0,244.0,954.0,355.0
0.0,1726.0,767.0,821.0,109.0,2216.0,2216.0,576.0,245.0,567.0,200.0
0.0,1068.0,250.0,809.0,1510.0,908.0,908.0,568.0,241.0,169.0,81.0
0.0,2328.0,281.0,786.0,2216.0,0.0,0.0,551.0,235.0,162.0,119.0
0.0,4263.0,815.0,777.0,908.0,0.0,0.0,542.0,235.0,542.0,273.0
0.0,4356.0,1330.0,789.0,0.0,130.0,130.0,550.0,239.0,937.0,393.0
0.0,3026.0,1309.0,813.0,0.0,1535.0,1535.0,568.0,245.0,950.0,359.0
0.0,1717.0,773.0,825.0,130.0,2226.0,2226.0,579.0,246.0,569.0,204.0
0.0,1074.0,278.0,814.0,1535.0,925.0,925.0,572.0,242.0,184.0,94.0
0.0,2331.0,302.0,791.0,2226.0,0.0,0.0,555.0,236.0,174.0,128.0
0.0,4255.0,824.0,780.0,925.0,0.0,0.0,545.0,235.0,543.0,281.0
0.0,4356.0,1346.0,793.0,0.0,162.0,162.0,553.0,240.0,946.0,400.0
0.0,3010.0,1369.0,817.0,0.0,1627.0,1627.0,571.0,246.0,994.0,375.0
0.0,1641.0,852.0,828.0,162.0,2361.0,2361.0,581.0,247.0,622.0,230.0
0.0,951.0,305.0,817.0,1627.0,995.0,995.0,574.0,243.0,209.0,96.0
0.0,2273.0,290.0,795.0,2361.0,0.0,0.0,557.0,238.0,167.0,123.0
0.0,4344.0,828.0,783.0,995.0,0.0,0.0,547.0,236.0,551.0,277.0
0.0,4511.0,1389.0,797.0,0.0,66.0,66.0,556.0,241.0,983.0,406.0
0.0,3122.0,1403.0,821.0,0.0,1565.0,1565.0,574.0,247.0,1017.0,386.0
0.0,1719.0,867.0,832.0,66.0,2410.0,2410.0,584.0,248.0,629.0,238.0
0.0,918.0,299.0,820.0,1565.0,1096.0,1096.0,576.0,244.0,195.0,104.0
0.0,2184.0,283.0,797.0,2410.0,0.0,0.0,558.0,239.0,159.0,124.0
0.0,4311.0,827.0,785.0,1096.0,0.0,0.0,548.0,237.0,551.0,276.0
0.0,4580.0,1396.0,798.0,0.0,8.0,8.0,557.0,241.0,986.0,410.0
0.0,3184.0,1409.0,822.0,0.0,1513.0,1513.0,575.0,247.0,1019.0,390.0
0.0,1775.0,882.0,835.0,8.0,2439.0,2439.0,585.0,250.0,641.0,241.0
0.0,901.0,333.0,824.0,1513.0,1215.0,1215.0,578.0,246.0,225.0,108.0
0.0,2081.0,283.0,801.0,2439.0,0.0,0.0,561.0,240.0,166.0,117.0
0.0,4237.0,791.0,790.0,1215.0,0.0,0.0,552.0,238.0,526.0,265.0
0.0,4661.0,1343.0,802.0,0.0,0.0,0.0,560.0,242.0,943.0,400.0
0.0,3318.0,1402.0,826.0,0.0,1388.0,1388.0,577.0,249.0,998.0,404.0
0.0,1916.0,892.0,837.0,0.0,2324.0,2324.0,586.0,251.0,635.0,257.0
0.0,1024.0,333.0,827.0,1388.0,1229.0,1229.0,580.0,247.0,228.0,105.0
0.0,2079.0,284.0,805.0,2324.0,0.0,0.0,564.0,241.0,179.0,105.0
0.0,4119.0,787.0,794.0,1229.0,0.0,0.0,555.0,239.0,539.0,248.0
0.0,4561.0,1350.0,806.0,0.0,13.0,13.0,563.0,243.0,953.0,397.0
0.0,3211.0,1414.0,830.0,0.0,1523.0,1523.0,580.0,250.0,1013.0,401.0
0.0,1797.0,881.0,843.0,13.0,2443.0,2443.0,590.0,253.0,628.0,253.0
0.0,929.0,323.0,832.0,1523.0,1199.0,1199.0,583.0,249.0,220.0,103.0
0.0,2129.0,292.0,811.0,2443.0,0.0,0.0,568.0,243.0,194.0,98.0
0.0,4280.0,802.0,801.0,1199.0,0.0,0.0,560.0,241.0,564.0,238.0
0.0,4677.0,1367.0,813.0,0.0,0.0,0.0,568.0,245.0,982.0,385.0
0.0,3310.0,1411.0,835.0,0.0,1441.0,1441.0,584.0,251.0,1010.0,401.0
0.0,1899.0,875.0,848.0,0.0,2368.0,2368.0,594.0,254.0,621.0,254.0
0.0,1024.0,292.0,838.0,1441.0,1179.0,1179.0,587.0,251.0,195.0,97.0
0.0,2173.0,251.0,815.0,2368.0,0.0,0.0,571.0,244.0,167.0,84.0
0.0,4290.0,791.0,805.0,1179.0,0.0,0.0,563.0,242.0,562.0,229.0
0.0,4678.0,1360.0,817.0,0.0,0.0,0.0,571.0,246.0,971.0,389.0
0.0,3318.0,1421.0,840.0,0.0,1463.0,1463.0,588.0,252.0,1014.0,407.0
0.0,1897.0,874.0,852.0,0.0,2385.0,2385.0,597.0,255.0,616.0,258.0
0.0,1023.0,280.0,841.0,1463.0,1158.0,1158.0,590.0,251.0,181.0,99.0
0.0,2206.0,222.0,820.0,2385.0,0.0,0.0,575.0,245.0,138.0,84.0
0.0,4369.0,751.0,809.0,1158.0,0.0,0.0,566.0,243.0,524.0,227.0
0.0,4776.0,1347.0,820.0,0.0,0.0,0.0,574.0,246.0,960.0,387.0
0.0,3429.0,1422.0,843.0,0.0,1365.0,1365.0,590.0,253.0,1017.0,405.0
0.0,2007.0,892.0,854.0,0.0,2301.0,2301.0,599.0,255.0,629.0,263.0
0.0,1115.0,276.0,844.0,1365.0,1172.0,1172.0,592.0,252.0,162.0,114.0
0.0,2204.0,212.0,823.0,2301.0,0.0,0.0,576.0,247.0,115.0,97.0
0.0,4293.0,759.0,812.0,1172.0,0.0,0.0,568.0,244.0,525.0,234.0
0.0,4706.0,1371.0,824.0,0.0,0.0,0.0,576.0,248.0,976.0,395.0
0.0,3335.0,1450.0,846.0,0.0,1499.0,1499.0,592.0,254.0,1036.0,414.0
0.0,1885.0,929.0,858.0,0.0,2476.0,2476.0,601.0,257.0,647.0,282.0
0.0,956.0,331.0,849.0,1499.0,1272.0,1272.0,595.0,254.0,198.0,133.0
0.0,2124.0,284.0,829.0,2476.0,0.0,0.0,580.0,249.0,170.0,114.0
0.0,4316.0,796.0,817.0,1272.0,0.0,0.0,571.0,246.0,553.0,243.0
0.0,4792.0,1359.0,827.0,0.0,0.0,0.0,578.0,249.0,973.0,386.0
0.0,3433.0,1428.0,849.0,0.0,1391.0,1391.0,594.0,255.0,1019.0,409.0
0.0,2005.0,962.0,861.0,0.0,2401.0,2401.0,603.0,258.0,674.0,288.0
0.0,1043.0,420.0,854.0,1391.0,1402.0,1402.0,598.0,256.0,271.0,149.0
0.0,2014.0,342.0,833.0,2401.0,0.0,0.0,583.0,250.0,216.0,126.0
0.0,4073.0,817.0,823.0,1402.0,0.0,0.0,575.0,248.0,571.0,246.0
0.0,4658.0,1358.0,832.0,0.0,28.0,28.0,581.0,251.0,972.0,386.0
0.0,3300.0,1430.0,853.0,0.0,1542.0,1542.0,597.0,256.0,1020.0,410.0
0.0,1870.0,966.0,867.0,28.0,2536.0,2536.0,607.0,260.0,669.0,297.0
0.0,932.0,435.0,859.0,1542.0,1397.0,1397.0,602.0,257.0,283.0,152.0
0.0,2039.0,364.0,840.0,2536.0,0.0,0.0,588.0,252.0,249.0,115.0
0.0,4211.0,820.0,828.0,1397.0,0.0,0.0,579.0,249.0,578.0,242.0
0.0,4788.0,1347.0,837.0,0.0,0.0,0.0,585.0,252.0,956.0,391.0
0.0,3441.0,1423.0,858.0,0.0,1414.0,1414.0,600.0,258.0,1005.0,418.0
0.0,2018.0,950.0,871.0,0.0,2416.0,2416.0,610.0,261.0,660.0,290.0
0.0,1068.0,410.0,864.0,1414.0,1384.0,1384.0,605.0,259.0,268.0,142.0
0.0,2072.0,339.0,844.0,2416.0,0.0,0.0,591.0,253.0,216.0,123.0
0.0,4149.0,800.0,832.0,1384.0,0.0,0.0,582.0,250.0,548.0,252.0
0.0,4733.0,1343.0,841.0,0.0,0.0,0.0,588.0,253.0,945.0,398.0
0.0,3390.0,1411.0,862.0,0.0,1469.0,1469.0,603.0,259.0,1000.0,411.0
0.0,1979.0,956.0,874.0,0.0,2473.0,2473.0,612.0,262.0,676.0,280.0
0.0,1023.0,415.0,868.0,1469.0,1395.0,1395.0,608.0,260.0,283.0,132.0
0.0,2077.0,332.0,848.0,2473.0,0.0,0.0,593.0,255.0,219.0,113.0
0.0,4218.0,784.0,836.0,1395.0,0.0,0.0,584.0,252.0,544.0,240.0
0.0,4829.0,1313.0,844.0,0.0,0.0,0.0,590.0,254.0,929.0,384.0
0.0,3516.0,1405.0,865.0,0.0,1349.0,1349.0,605.0,260.0,995.0,410.0
0.0,2111.0,965.0,878.0,0.0,2366.0,2366.0,614.0,264.0,679.0,286.0
0.0,1146.0,419.0,871.0,1349.0,1408.0,1408.0,609.0,262.0,288.0,131.0
0.0,2076.0,327.0,851.0,2366.0,0.0,0.0,595.0,256.0,226.0,101.0
0.0,4115.0,782.0,839.0,1408.0,0.0,0.0,586.0,253.0,560.0,222.0
0.0,4741.0,1327.0,847.0,0.0,0.0,0.0,592.0,255.0,948.0,379.0
0.0,3414.0,1427.0,869.0,0.0,1489.0,1489.0,608.0,261.0,1014.0,413.0
0.0,1987.0,954.0,883.0,0.0,2499.0,2499.0,618.0,265.0,669.0,285.0
0.0,1033.0,397.0,875.0,1489.0,1375.0,1375.0,612.0,263.0,270.0,127.0
0.0,2125.0,298.0,854.0,2499.0,0.0,0.0,597.0,257.0,205.0,93.0
0.0,4326.0,768.0,842.0,1375.0,0.0,0.0,588.0,254.0,544.0,224.0
0.0,4933.0,1326.0,850.0,0.0,0.0,0.0,594.0,256.0,941.0,385.0
0.0,3607.0,1411.0,872.0,0.0,1292.0,1292.0,610.0,262.0,1006.0,405.0
0.0,2196.0,938.0,887.0,0.0,2290.0,2290.0,621.0,266.0,669.0,269.0
0.0,1258.0,387.0,880.0,1292.0,1357.0,1357.0,616.0,264.0,273.0,114.0
0.0,2163.0,295.0,859.0,2290.0,0.0,0.0,601.0,258.0,189.0,106.0
0.0,4158.0,753.0,846.0,1357.0,0.0,0.0,591.0,255.0,505.0,248.0
0.0,4762.0,1292.0,854.0,0.0,0.0,0.0,596.0,258.0,901.0,391.0
0.0,3470.0,1381.0,875.0,0.0,1411.0,1411.0,612.0,263.0,989.0,392.0
0.0,2089.0,938.0,889.0,0.0,2405.0,2405.0,623.0,266.0,677.0,261.0
0.0,1151.0,421.0,883.0,1411.0,1391.0,1391.0,619.0,264.0,293.0,128.0
0.0,2141.0,352.0,863.0,2405.0,0.0,0.0,604.0,259.0,222.0,130.0
0.0,4194.0,800.0,850.0,1391.0,0.0,0.0,594.0,256.0,532.0,268.0
0.0,4785.0,1327.0,859.0,0.0,0.0,0.0,600.0,259.0,917.0,410.0
0.0,3458.0,1408.0,879.0,0.0,1466.0,1466.0,615.0,264.0,1004.0,404.0
0.0,2050.0,974.0,893.0,0.0,2496.0,2496.0,626.0,267.0,714.0,260.0
0.0,1076.0,456.0,885.0,1466.0,1454.0,1454.0,621.0,264.0,328.0,128.0
0.0,2086.0,380.0,867.0,2496.0,0.0,0.0,607.0,260.0,242.0,138.0
0.0,4202.0,827.0,855.0,1454.0,0.0,0.0,598.0,257.0,544.0,283.0
0.0,4829.0,1355.0,863.0,0.0,0.0,0.0,603.0,260.0,941.0,414.0
0.0,3474.0,1439.0,882.0,0.0,1493.0,1493.0,618.0,264.0,1039.0,400.0
0.0,2035.0,1001.0,895.0,0.0,2546.0,2546.0,628.0,267.0,739.0,262.0
0.0,1034.0,482.0,889.0,1493.0,1511.0,1511.0,624.0,265.0,341.0,141.0
0.0,2045.0,406.0,871.0,2546.0,0.0,0.0,610.0,261.0,249.0,157.0
0.0,4185.0,839.0,859.0,1511.0,0.0,0.0,601.0,258.0,550.0,289.0
0.0,4857.0,1364.0,867.0,0.0,0.0,0.0,606.0,261.0,954.0,410.0
0.0,3493.0,1459.0,886.0,0.0,1510.0,1510.0,621.0,265.0,1056.0,403.0
0.0,2034.0,1028.0,899.0,0.0,2590.0,2590.0,631.0,268.0,751.0,277.0
0.0,1006.0,482.0,893.0,1510.0,1538.0,1538.0,626.0,267.0,330.0,152.0
0.0,2034.0,392.0,874.0,2590.0,0.0,0.0,612.0,262.0,236.0,156.0
0.0,4232.0,839.0,863.0,1538.0,0.0,0.0,603.0,260.0,555.0,284.0
0.0,4931.0,1378.0,871.0,0.0,0.0,0.0,609.0,262.0,969.0,409.0
0.0,3553.0,1489.0,892.0,0.0,1504.0,1504.0,625.0,267.0,1078.0,411.0
0.0,2064.0,1039.0,905.0,0.0,2595.0,2595.0,635.0,270.0,752.0,287.0
0.0,1025.0,484.0,899.0,1504.0,1551.0,1551.0,631.0,268.0,323.0,161.0
0.0,2045.0,363.0,881.0,2595.0,0.0,0.0,617.0,264.0,208.0,155.0
0.0,4277.0,803.0,869.0,1551.0,0.0,0.0,608.0,261.0,527.0,276.0
0.0,5025.0,1355.0,877.0,0.0,0.0,0.0,613.0,264.0,956.0,399.0
0.0,3670.0,1473.0,897.0,0.0,1391.0,1391.0,628.0,269.0,1071.0,402.0
0.0,2197.0,1043.0,910.0,0.0,2486.0,2486.0,638.0,272.0,758.0,285.0
0.0,1154.0,483.0,904.0,1391.0,1554.0,1554.0,634.0,270.0,324.0,159.0
0.0,2062.0,346.0,886.0,2486.0,0.0,0.0,620.0,266.0,197.0,149.0
0.0,4202.0,774.0,874.0,1554.0,0.0,0.0,611.0,263.0,517.0,257.0
0.0,4982.0,1353.0,882.0,0.0,0.0,0.0,617.0,265.0,975.0,378.0
0.0,3629.0,1465.0,902.0,0.0,1444.0,1444.0,632.0,270.0,1082.0,383.0
0.0,2164.0,991.0,914.0,0.0,2483.0,2483.0,641.0,273.0,723.0,268.0
0.0,1173.0,426.0,908.0,1444.0,1441.0,1441.0,636.0,272.0,270.0,156.0
0.0,2191.0,335.0,888.0,2483.0,0.0,0.0,621.0,267.0,185.0,150.0
0.0,4339.0,803.0,876.0,1441.0,0.0,0.0,612.0,264.0,548.0,255.0
0.0,4977.0,1363.0,885.0,0.0,0.0,0.0,619.0,266.0,999.0,364.0
0.0,3614.0,1463.0,904.0,0.0,1465.0,1465.0,634.0,270.0,1091.0,372.0
0.0,2151.0,1003.0,919.0,0.0,2528.0,2528.0,645.0,274.0,733.0,270.0
0.0,1148.0,433.0,912.0,1465.0,1468.0,1468.0,639.0,273.0,270.0,163.0
0.0,2180.0,329.0,892.0,2528.0,0.0,0.0,624.0,268.0,163.0,166.0
0.0,4379.0,780.0,881.0,1468.0,0.0,0.0,615.0,266.0,515.0,265.0
0.0,5067.0,1330.0,888.0,0.0,0.0,0.0,621.0,267.0,970.0,360.0
0.0,3737.0,1434.0,908.0,0.0,1329.0,1329.0,636.0,272.0,1073.0,361.0
0.0,2303.0,980.0,921.0,0.0,2361.0,2361.0,646.0,275.0,713.0,267.0
0.0,1323.0,421.0,915.0,1329.0,1429.0,1429.0,641.0,274.0,252.0,169.0
0.0,2231.0,319.0,896.0,2361.0,0.0,0.0,627.0,269.0,159.0,160.0
0.0,4273.0,776.0,885.0,1429.0,0.0,0.0,618.0,267.0,525.0,251.0
0.0,4926.0,1344.0,892.0,0.0,0.0,0.0,624.0,268.0,987.0,357.0
0.0,3582.0,1466.0,912.0,0.0,1532.0,1532.0,639.0,273.0,1090.0,376.0
0.0,2116.0,1020.0,925.0,0.0,2604.0,2604.0,649.0,276.0,728.0,292.0
0.0,1096.0,446.0,919.0,1532.0,1494.0,1494.0,644.0,275.0,261.0,185.0
0.0,2182.0,335.0,900.0,2604.0,0.0,0.0,630.0,270.0,174.0,161.0
0.0,4451.0,808.0,888.0,1494.0,0.0,0.0,621.0,267.0,550.0,258.0
0.0,5137.0,1394.0,896.0,0.0,0.0,0.0,627.0,269.0,1022.0,372.0
0.0,3743.0,1510.0,916.0,0.0,1431.0,1431.0,642.0,274.0,1122.0,388.0
0.0,2233.0,1058.0,929.0,0.0,2541.0,2541.0,652.0,277.0,760.0,298.0
0.0,1175.0,480.0,922.0,1431.0,1562.0,1562.0,647.0,275.0,295.0,185.0
0.0,2126.0,371.0,904.0,2541.0,0.0,0.0,633.0,271.0,200.0,171.0
0.0,4296.0,843.0,892.0,1562.0,0.0,0.0,624.0,268.0,575.0,268.0
0.0,5015.0,1426.0,901.0,0.0,15.0,15.0,630.0,271.0,1045.0,381.0
0.0,3589.0,1523.0,920.0,0.0,1614.0,1614.0,645.0,275.0,1130.0,393.0
0.0,2066.0,1060.0,933.0,15.0,2711.0,2711.0,655.0,278.0,753.0,307.0
0.0,1021.0,474.0,926.0,1614.0,1543.0,1543.0,650.0,276.0,282.0,192.0
0.0,2161.0,367.0,907.0,2711.0,0.0,0.0,635.0,272.0,195.0,172.0
0.0,4505.0,845.0,895.0,1543.0,0.0,0.0,626.0,269.0,572.0,273.0
0.0,5203.0,1444.0,903.0,0.0,0.0,0.0,631.0,272.0,1049.0,395.0
0.0,3759.0,1583.0,925.0,0.0,1524.0,1524.0,648.0,277.0,1166.0,417.0
0.0,2176.0,1094.0,938.0,0.0,2670.0,2670.0,658.0,280.0,783.0,311.0
0.0,1082.0,483.0,931.0,1524.0,1601.0,1601.0,653.0,278.0,296.0,187.0
0.0,2123.0,346.0,911.0,2670.0,0.0,0.0,638.0,273.0,180.0,166.0
0.0,4447.0,803.0,898.0,1601.0,0.0,0.0,628.0,270.0,540.0,263.0
0.0,5245.0,1426.0,905.0,0.0,0.0,0.0,633.0,272.0,1038.0,388.0
0.0,3819.0,1580.0,926.0,0.0,1465.0,1465.0,649.0,277.0,1165.0,415.0
0.0,2239.0,1093.0,940.0,0.0,2614.0,2614.0,660.0,280.0,772.0,321.0
0.0,1146.0,473.0,934.0,1465.0,1598.0,1598.0,655.0,279.0,277.0,196.0
0.0,2138.0,314.0,914.0,2614.0,0.0,0.0,640.0,274.0,152.0,162.0
0.0,4438.0,788.0,900.0,1598.0,0.0,0.0,629.0,271.0,531.0,257.0
0.0,5248.0,1430.0,908.0,0.0,0.0,0.0,635.0,273.0,1045.0,385.0
0.0,3818.0,1588.0,929.0,0.0,1486.0,1486.0,651.0,278.0,1169.0,419.0
0.0,2230.0,1116.0,945.0,0.0,2666.0,2666.0,663.0,282.0,795.0,321.0
0.0,1114.0,472.0,938.0,1486.0,1624.0,1624.0,658.0,280.0,291.0,181.0
0.0,2128.0,297.0,918.0,2666.0,0.0,0.0,642.0,276.0,142.0,155.0
0.0,4497.0,768.0,904.0,1624.0,0.0,0.0,631.0,273.0,513.0,255.0
0.0,5353.0,1417.0,913.0,0.0,0.0,0.0,637.0,276.0,1036.0,381.0
0.0,3936.0,1587.0,935.0,0.0,1391.0,1391.0,655.0,280.0,1179.0,408.0
0.0,2349.0,1111.0,951.0,0.0,2566.0,2566.0,667.0,284.0,803.0,308.0
0.0,1238.0,466.0,944.0,1391.0,1613.0,1613.0,662.0,282.0,290.0,176.0
0.0,2163.0,303.0,924.0,2566.0,0.0,0.0,646.0,278.0,153.0,150.0
0.0,4426.0,762.0,910.0,1613.0,0.0,0.0,634.0,276.0,512.0,250.0
0.0,5277.0,1386.0,918.0,0.0,0.0,0.0,640.0,278.0,1014.0,372.0
0.0,3891.0,1554.0,939.0,0.0,1419.0,1419.0,657.0,282.0,1150.0,404.0
0.0,2337.0,1079.0,954.0,0.0,2558.0,2558.0,669.0,285.0,776.0,303.0
0.0,1258.0,445.0,947.0,1419.0,1556.0,1556.0,664.0,283.0,265.0,180.0
0.0,2232.0,297.0,927.0,2558.0,0.0,0.0,648.0,279.0,141.0,156.0
0.0,4493.0,773.0,914.0,1556.0,0.0,0.0,637.0,277.0,521.0,252.0
0.0,5276.0,1396.0,922.0,0.0,0.0,0.0,643.0,279.0,1027.0,369.0
0.0,3880.0,1535.0,944.0,0.0,1431.0,1431.0,660.0,284.0,1136.0,399.0
0.0,2345.0,1064.0,958.0,0.0,2551.0,2551.0,672.0,286.0,754.0,310.0
0.0,1281.0,437.0,951.0,1431.0,1529.0,1529.0,666.0,285.0,252.0,185.0
0.0,2275.0,295.0,931.0,2551.0,0.0,0.0,650.0,281.0,139.0,156.0
0.0,4531.0,784.0,918.0,1529.0,0.0,0.0,639.0,279.0,533.0,251.0
0.0,5276.0,1410.0,926.0,0.0,0.0,0.0,645.0,281.0,1030.0,380.0
0.0,3866.0,1569.0,947.0,0.0,1491.0,1491.0,662.0,285.0,1160.0,409.0
0.0,2297.0,1124.0,963.0,0.0,2679.0,2679.0,675.0,288.0,812.0,312.0
0.0,1173.0,497.0,956.0,1491.0,1657.0,1657.0,670.0,286.0,318.0,179.0
0.0,2167.0,321.0,936.0,2679.0,0.0,0.0,654.0,282.0,166.0,155.0
0.0,4525.0,785.0,922.0,1657.0,0.0,0.0,642.0,280.0,518.0,267.0
0.0,5397.0,1408.0,929.0,0.0,0.0,0.0,647.0,282.0,1010.0,398.0
0.0,3989.0,1586.0,950.0,0.0,1397.0,1397.0,664.0,286.0,1167.0,419.0
0.0,2403.0,1149.0,965.0,0.0,2606.0,2606.0,676.0,289.0,845.0,304.0
0.0,1254.0,549.0,959.0,1397.0,1734.0,1734.0,672.0,287.0,369.0,180.0
0.0,2102.0,367.0,939.0,2606.0,0.0,0.0,656.0,283.0,207.0,160.0
0.0,4341.0,816.0,926.0,1734.0,0.0,0.0,645.0,281.0,538.0,278.0
0.0,5259.0,1452.0,933.0,0.0,0.0,0.0,650.0,283.0,1040.0,412.0
0.0,3807.0,1641.0,955.0,0.0,1654.0,1654.0,668.0,287.0,1214.0,427.0
0.0,2166.0,1180.0,971.0,0.0,2898.0,2898.0,681.0,290.0,866.0,314.0
0.0,986.0,527.0,965.0,1654.0,1747.0,1747.0,677.0,288.0,348.0,179.0
0.0,2113.0,344.0,943.0,2898.0,0.0,0.0,660.0,283.0,185.0,159.0
0.0,4667.0,783.0,928.0,1747.0,0.0,0.0,647.0,281.0,504.0,279.0
0.0,5631.0,1431.0,935.0,0.0,0.0,0.0,652.0,283.0,1014.0,417.0
0.0,4200.0,1637.0,957.0,0.0,1265.0,1265.0,669.0,288.0,1197.0,440.0
0.0,2563.0,1197.0,973.0,0.0,2526.0,2526.0,682.0,291.0,871.0,326.0
0.0,1366.0,539.0,968.0,1265.0,1780.0,1780.0,679.0,289.0,354.0,185.0
0.0,2092.0,332.0,947.0,2526.0,0.0,0.0,662.0,285.0,165.0,167.0
0.0,4286.0,779.0,932.0,1780.0,0.0,0.0,649.0,283.0,490.0,289.0
0.0,5287.0,1439.0,939.0,0.0,0.0,0.0,654.0,285.0,1019.0,420.0
0.0,3848.0,1630.0,961.0,0.0,1626.0,1626.0,672.0,289.0,1200.0,430.0
0.0,2218.0,1171.0,977.0,0.0,2861.0,2861.0,685.0,292.0,863.0,308.0
0.0,1047.0,527.0,972.0,1626.0,1742.0,1742.0,682.0,290.0,343.0,184.0
0.0,2146.0,345.0,951.0,2861.0,0.0,0.0,665.0,286.0,171.0,174.0
0.0,4662.0,779.0,936.0,1742.0,0.0,0.0,652.0,284.0,486.0,293.0
0.0,5625.0,1413.0,942.0,0.0,0.0,0.0,656.0,286.0,993.0,420.0
0.0,4212.0,1626.0,964.0,0.0,1270.0,1270.0,673.0,291.0,1202.0,424.0
0.0,2586.0,1185.0,980.0,0.0,2519.0,2519.0,687.0,293.0,886.0,299.0
0.0,1401.0,516.0,976.0,1270.0,1749.0,1749.0,684.0,292.0,351.0,165.0
0.0,2155.0,316.0,954.0,2519.0,0.0,0.0,667.0,287.0,156.0,160.0
0.0,4358.0,785.0,939.0,1749.0,0.0,0.0,654.0,285.0,490.0,295.0
0.0,5322.0,1450.0,946.0,0.0,0.0,0.0,658.0,288.0,1017.0,433.0
0.0,3872.0,1625.0,968.0,0.0,1625.0,1625.0,676.0,292.0,1199.0,426.0
0.0,2247.0,1139.0,984.0,0.0,2828.0,2828.0,689.0,295.0,856.0,283.0
0.0,1108.0,478.0,979.0,1625.0,1661.0,1661.0,686.0,293.0,338.0,140.0
0.0,2255.0,306.0,958.0,2828.0,0.0,0.0,669.0,289.0,154.0,152.0
0.0,4777.0,776.0,943.0,1661.0,0.0,0.0,656.0,287.0,474.0,302.0
0.0,5662.0,1431.0,949.0,0.0,0.0,0.0,660.0,289.0,991.0,440.0
0.0,4231.0,1623.0,972.0,0.0,1280.0,1280.0,678.0,294.0,1191.0,432.0
0.0,2608.0,1151.0,988.0,0.0,2495.0,2495.0,692.0,296.0,871.0,280.0
0.0,1457.0,480.0,983.0,1280.0,1675.0,1675.0,689.0,294.0,348.0,132.0
0.0,2257.0,279.0,962.0,2495.0,0.0,0.0,672.0,290.0,146.0,133.0
0.0,4473.0,762.0,946.0,1675.0,0.0,0.0,659.0,287.0,475.0,287.0
0.0,5386.0,1454.0,954.0,0.0,0.0,0.0,664.0,290.0,1016.0,438.0
0.0,3932.0,1671.0,978.0,0.0,1651.0,1651.0,683.0,295.0,1220.0,451.0
0.0,2261.0,1166.0,995.0,0.0,2885.0,2885.0,697.0,298.0,865.0,301.0
0.0,1095.0,433.0,988.0,1651.0,1639.0,1639.0,692.0,296.0,291.0,142.0
0.0,2313.0,232.0,965.0,2885.0,0.0,0.0,674.0,291.0,101.0,131.0
0.0,4966.0,780.0,951.0,1639.0,0.0,0.0,662.0,289.0,494.0,286.0
0.0,5825.0,1504.0,957.0,0.0,0.0,0.0,666.0,291.0,1062.0,442.0
0.0,4321.0,1708.0,980.0,0.0,1307.0,1307.0,684.0,296.0,1254.0,454.0
0.0,2613.0,1186.0,997.0,0.0,2561.0,2561.0,698.0,299.0,877.0,309.0
0.0,1427.0,477.0,991.0,1307.0,1707.0,1707.0,694.0,297.0,325.0,152.0
0.0,2257.0,295.0,970.0,2561.0,0.0,0.0,678.0,292.0,147.0,148.0
0.0,4523.0,827.0,956.0,1707.0,0.0,0.0,666.0,290.0,530.0,297.0
0.0,5403.0,1521.0,963.0,0.0,0.0,0.0,670.0,293.0,1073.0,448.0
0.0,3882.0,1706.0,985.0,0.0,1764.0,1764.0,687.0,298.0,1257.0,449.0
0.0,2176.0,1210.0,1001.0,0.0,3038.0,3038.0,700.0,301.0,904.0,306.0
0.0,966.0,509.0,995.0,1764.0,1759.0,1759.0,697.0,298.0,352.0,157.0
0.0,2221.0,337.0,973.0,3038.0,0.0,0.0,680.0,293.0,184.0,153.0
0.0,4922.0,848.0,959.0,1759.0,0.0,0.0,668.0,291.0,548.0,300.0
0.0,5833.0,1559.0,966.0,0.0,0.0,0.0,672.0,294.0,1101.0,458.0
0.0,4274.0,1738.0,989.0,0.0,1420.0,1420.0,690.0,299.0,1274.0,464.0
0.0,2536.0,1206.0,1006.0,0.0,2694.0,2694.0,704.0,302.0,892.0,314.0
0.0,1330.0,515.0,1001.0,1420.0,1769.0,1769.0,701.0,300.0,354.0,161.0
0.0,2235.0,342.0,980.0,2694.0,0.0,0.0,685.0,295.0,187.0,155.0
0.0,4587.0,861.0,964.0,1769.0,0.0,0.0,672.0,292.0,551.0,310.0
0.0,5495.0,1539.0,971.0,0.0,0.0,0.0,676.0,295.0,1080.0,459.0
0.0,3956.0,1687.0,993.0,0.0,1703.0,1703.0,693.0,300.0,1227.0,460.0
0.0,2269.0,1172.0,1009.0,0.0,2939.0,2939.0,706.0,303.0,859.0,313.0
0.0,1097.0,496.0,1004.0,1703.0,1712.0,1712.0,703.0,301.0,334.0,162.0
0.0,2304.0,343.0,983.0,2939.0,0.0,0.0,687.0,296.0,188.0,155.0
0.0,4900.0,852.0,968.0,1712.0,0.0,0.0,675.0,293.0,555.0,297.0
0.0,5760.0,1527.0,975.0,0.0,0.0,0.0,679.0,296.0,1075.0,452.0
0.0,4233.0,1698.0,997.0,0.0,1453.0,1453.0,696.0,301.0,1224.0,474.0
0.0,2535.0,1187.0,1013.0,0.0,2704.0,2704.0,709.0,304.0,854.0,333.0
0.0,1348.0,500.0,1008.0,1453.0,1731.0,1731.0,706.0,302.0,336.0,164.0
0.0,2301.0,324.0,987.0,2704.0,0.0,0.0,691.0,296.0,184.0,140.0
0.0,4681.0,831.0,972.0,1731.0,0.0,0.0,678.0,294.0,549.0,282.0
0.0,5581.0,1524.0,979.0,0.0,0.0,0.0,682.0,297.0,1070.0,454.0
0.0,4057.0,1723.0,1002.0,0.0,1674.0,1674.0,699.0,303.0,1241.0,482.0
0.0,2334.0,1222.0,1019.0,0.0,2964.0,2964.0,713.0,306.0,888.0,334.0
0.0,1112.0,513.0,1014.0,1674.0,1783.0,1783.0,710.0,304.0,358.0,155.0
0.0,2273.0,313.0,993.0,2964.0,0.0,0.0,695.0,298.0,191.0,122.0
0.0,4924.0,806.0,977.0,1783.0,0.0,0.0,682.0,295.0,534.0,272.0
0.0,5901.0,1499.0,984.0,0.0,0.0,0.0,686.0,298.0,1053.0,446.0
0.0,4402.0,1693.0,1006.0,0.0,1315.0,1315.0,702.0,304.0,1217.0,476.0
0.0,2709.0,1194.0,1024.0,0.0,2581.0,2581.0,716.0,308.0,862.0,332.0
0.0,1515.0,512.0,1019.0,1315.0,1758.0,1758.0,714.0,305.0,354.0,158.0
0.0,2318.0,332.0,998.0,2581.0,0.0,0.0,699.0,299.0,210.0,122.0
0.0,4567.0,815.0,982.0,1758.0,0.0,0.0,686.0,296.0,547.0,268.0
0.0,5510.0,1476.0,988.0,0.0,0.0,0.0,689.0,299.0,1033.0,443.0
0.0,4034.0,1665.0,1011.0,0.0,1675.0,1675.0,706.0,305.0,1189.0,476.0
0.0,2369.0,1178.0,1028.0,0.0,2921.0,2921.0,719.0,309.0,838.0,340.0
0.0,1191.0,510.0,1023.0,1675.0,1736.0,1736.0,716.0,307.0,342.0,168.0
0.0,2356.0,332.0,1002.0,2921.0,0.0,0.0,701.0,301.0,197.0,135.0
0.0,4945.0,798.0,985.0,1736.0,0.0,0.0,687.0,298.0,536.0,262.0
0.0,5883.0,1467.0,991.0,0.0,0.0,0.0,691.0,300.0,1038.0,429.0
0.0,4416.0,1677.0,1014.0,0.0,1317.0,1317.0,708.0,306.0,1208.0,469.0
0.0,2739.0,1193.0,1033.0,0.0,2586.0,2586.0,723.0,310.0,857.0,336.0
0.0,1546.0,528.0,1028.0,1317.0,1777.0,1777.0,720.0,308.0,357.0,171.0
0.0,2335.0,349.0,1006.0,2586.0,0.0,0.0,704.0,302.0,205.0,144.0
0.0,4572.0,823.0,989.0,1777.0,0.0,0.0,690.0,299.0,549.0,274.0
0.0,5526.0,1517.0,995.0,0.0,0.0,0.0,694.0,301.0,1079.0,438.0
0.0,4009.0,1734.0,1019.0,0.0,1801.0,1801.0,712.0,307.0,1262.0,472.0
0.0,2275.0,1241.0,1038.0,0.0,3118.0,3118.0,727.0,311.0,902.0,339.0
0.0,1034.0,547.0,1033.0,1801.0,1844.0,1844.0,724.0,309.0,367.0,180.0
0.0,2288.0,346.0,1010.0,3118.0,0.0,0.0,707.0,303.0,209.0,137.0
0.0,5060.0,841.0,993.0,1844.0,0.0,0.0,694.0,299.0,574.0,267.0
0.0,6063.0,1532.0,999.0,0.0,0.0,0.0,697.0,302.0,1093.0,439.0
0.0,4531.0,1751.0,1023.0,0.0,1312.0,1312.0,715.0,308.0,1269.0,482.0
0.0,2780.0,1276.0,1041.0,0.0,2660.0,2660.0,729.0,312.0,926.0,350.0
0.0,1504.0,600.0,1037.0,1312.0,1932.0,1932.0,727.0,310.0,420.0,180.0
0.0,2216.0,385.0,1014.0,2660.0,0.0,0.0,710.0,304.0,245.0,140.0
0.0,4491.0,848.0,997.0,1932.0,0.0,0.0,697.0,300.0,572.0,276.0
0.0,5575.0,1561.0,1004.0,0.0,2.0,2.0,701.0,303.0,1104.0,457.0
0.0,4014.0,1768.0,1028.0,0.0,1866.0,1866.0,719.0,309.0,1276.0,492.0
0.0,2246.0,1256.0,1046.0,2.0,3192.0,3192.0,733.0,313.0,905.0,351.0
0.0,992.0,550.0,1039.0,1866.0,1848.0,1848.0,729.0,310.0,372.0,178.0
0.0,2308.0,364.0,1017.0,3192.0,0.0,0.0,713.0,304.0,218.0,146.0
0.0,5136.0,858.0,1001.0,1848.0,0.0,0.0,700.0,301.0,572.0,286.0
0.0,6126.0,1545.0,1008.0,0.0,0.0,0.0,704.0,304.0,1085.0,460.0
0.0,4581.0,1751.0,1032.0,0.0,1298.0,1298.0,722.0,310.0,1257.0,494.0
0.0,2830.0,1220.0,1049.0,0.0,2586.0,2586.0,735.0,314.0,873.0,347.0
0.0,1610.0,505.0,1042.0,1298.0,1765.0,1765.0,731.0,311.0,336.0,169.0
0.0,2403.0,335.0,1019.0,2586.0,0.0,0.0,714.0,305.0,198.0,137.0
0.0,4654.0,877.0,1004.0,1765.0,0.0,0.0,702.0,302.0,590.0,287.0
0.0,5542.0,1570.0,1011.0,0.0,72.0,72.0,707.0,304.0,1104.0,466.0
0.0,3972.0,1760.0,1036.0,0.0,1932.0,1932.0,725.0,311.0,1264.0,496.0
0.0,2212.0,1224.0,1053.0,72.0,3152.0,3152.0,738.0,315.0,877.0,347.0
0.0,1060.0,512.0,1046.0,1932.0,1704.0,1704.0,734.0,312.0,346.0,166.0
0.0,2480.0,324.0,1023.0,3152.0,0.0,0.0,717.0,306.0,198.0,126.0
0.0,5308.0,861.0,1007.0,1704.0,0.0,0.0,705.0,302.0,585.0,276.0
0.0,6151.0,1600.0,1014.0,0.0,0.0,0.0,709.0,305.0,1121.0,479.0
0.0,4551.0,1780.0,1039.0,0.0,1385.0,1385.0,727.0,312.0,1265.0,515.0
0.0,2771.0,1238.0,1056.0,0.0,2691.0,2691.0,740.0,316.0,881.0,357.0
0.0,1533.0,502.0,1050.0,1385.0,1784.0,1784.0,736.0,314.0,350.0,152.0
0.0,2416.0,303.0,1028.0,2691.0,0.0,0.0,720.0,308.0,198.0,105.0
0.0,4804.0,825.0,1011.0,1784.0,0.0,0.0,707.0,304.0,558.0,267.0
0.0,5763.0,1578.0,1018.0,0.0,0.0,0.0,712.0,306.0,1092.0,486.0
0.0,4185.0,1777.0,1043.0,0.0,1764.0,1764.0,729.0,314.0,1247.0,530.0
0.0,2408.0,1217.0,1059.0,0.0,3045.0,3045.0,741.0,318.0,860.0,357.0
0.0,1191.0,500.0,1054.0,1764.0,1761.0,1761.0,738.0,316.0,351.0,149.0
0.0,2455.0,301.0,1030.0,3045.0,0.0,0.0,721.0,309.0,197.0,104.0
0.0,5199.0,834.0,1015.0,1761.0,0.0,0.0,710.0,305.0,570.0,264.0
0.0,6126.0,1560.0,1022.0,0.0,0.0,0.0,714.0,308.0,1084.0,476.0
0.0,4566.0,1756.0,1046.0,0.0,1374.0,1374.0,731.0,315.0,1229.0,527.0
0.0,2810.0,1227.0,1063.0,0.0,2669.0,2669.0,744.0,319.0,866.0,361.0
0.0,1583.0,495.0,1058.0,1374.0,1770.0,1770.0,741.0,317.0,348.0,147.0
0.0,2462.0,300.0,1035.0,2669.0,0.0,0.0,724.0,311.0,203.0,97.0
0.0,4831.0,846.0,1019.0,1770.0,0.0,0.0,712.0,307.0,584.0,262.0
0.0,5755.0,1600.0,1027.0,0.0,0.0,0.0,718.0,309.0,1118.0,482.0
0.0,4155.0,1794.0,1051.0,0.0,1843.0,1843.0,735.0,316.0,1257.0,537.0
0.0,2361.0,1247.0,1069.0,0.0,3162.0,3162.0,748.0,321.0,881.0,366.0
0.0,1114.0,521.0,1063.0,1843.0,1816.0,1816.0,745.0,318.0,377.0,144.0
0.0,2436.0,346.0,1041.0,3162.0,0.0,0.0,729.0,312.0,251.0,95.0
0.0,5252.0,892.0,1024.0,1816.0,0.0,0.0,716.0,308.0,622.0,270.0
0.0,6176.0,1617.0,1032.0,0.0,0.0,0.0,721.0,311.0,1128.0,489.0
0.0,4559.0,1828.0,1056.0,0.0,1493.0,1493.0,738.0,318.0,1288.0,540.0
0.0,2731.0,1301.0,1074.0,0.0,2866.0,2866.0,752.0,322.0,938.0,363.0
0.0,1430.0,536.0,1068.0,1493.0,1885.0,1885.0,749.0,319.0,399.0,137.0
0.0,2387.0,326.0,1045.0,2866.0,0.0,0.0,732.0,313.0,235.0,91.0
0.0,4927.0,891.0,1029.0,1885.0,0.0,0.0,720.0,309.0,609.0,282.0
0.0,5921.0,1656.0,1036.0,0.0,0.0,0.0,724.0,312.0,1146.0,510.0
0.0,4265.0,1862.0,1060.0,0.0,1837.0,1837.0,741.0,319.0,1307.0,555.0
0.0,2403.0,1301.0,1077.0,0.0,3206.0,3206.0,754.0,323.0,934.0,367.0
0.0,1102.0,544.0,1072.0,1837.0,1893.0,1893.0,751.0,321.0,408.0,136.0
0.0,2395.0,343.0,1049.0,3206.0,0.0,0.0,735.0,314.0,246.0,97.0
0.0,5258.0,903.0,1032.0,1893.0,0.0,0.0,722.0,310.0,616.0,287.0
0.0,6248.0,1671.0,1040.0,0.0,0.0,0.0,727.0,313.0,1154.0,517.0
0.0,4577.0,1864.0,1065.0,0.0,1547.0,1547.0,745.0,320.0,1307.0,557.0
0.0,2713.0,1286.0,1083.0,0.0,2905.0,2905.0,758.0,325.0,916.0,370.0
0.0,1427.0,516.0,1077.0,1547.0,1850.0,1850.0,755.0,322.0,383.0,133.0
0.0,2458.0,327.0,1052.0,2905.0,0.0,0.0,738.0,314.0,244.0,83.0
0.0,5036.0,909.0,1036.0,1850.0,0.0,0.0,726.0,310.0,633.0,276.0
0.0,5977.0,1676.0,1046.0,0.0,0.0,0.0,732.0,314.0,1152.0,524.0
0.0,4301.0,1851.0,1072.0,0.0,1838.0,1838.0,750.0,322.0,1273.0,578.0
0.0,2450.0,1247.0,1089.0,0.0,3153.0,3153.0,763.0,326.0,866.0,381.0
0.0,1203.0,475.0,1081.0,1838.0,1758.0,1758.0,758.0,323.0,349.0,126.0
0.0,2566.0,297.0,1057.0,3153.0,0.0,0.0,741.0,316.0,230.0,67.0
0.0,5422.0,886.0,1040.0,1758.0,0.0,0.0,729.0,311.0,624.0,262.0
0.0,6294.0,1673.0,1048.0,0.0,0.0,0.0,734.0,314.0,1153.0,520.0
0.0,4621.0,1870.0,1074.0,0.0,1545.0,1545.0,752.0,322.0,1290.0,580.0
0.0,2751.0,1288.0,1093.0,0.0,2909.0,2909.0,766.0,327.0,898.0,390.0
0.0,1463.0,492.0,1086.0,1545.0,1828.0,1828.0,761.0,325.0,358.0,134.0
0.0,2516.0,304.0,1061.0,2909.0,0.0,0.0,744.0,317.0,232.0,72.0
0.0,5121.0,892.0,1044.0,1828.0,0.0,0.0,732.0,312.0,632.0,260.0
0.0,6057.0,1677.0,1053.0,0.0,0.0,0.0,738.0,315.0,1168.0,509.0
0.0,4380.0,1871.0,1079.0,0.0,1807.0,1807.0,756.0,323.0,1298.0,573.0
0.0,2509.0,1288.0,1098.0,0.0,3171.0,3171.0,769.0,329.0,891.0,397.0
0.0,1221.0,494.0,1091.0,1807.0,1830.0,1830.0,765.0,326.0,346.0,148.0
0.0,2534.0,283.0,1066.0,3171.0,0.0,0.0,748.0,318.0,208.0,75.0
0.0,5422.0,879.0,1049.0,1830.0,0.0,0.0,736.0,313.0,624.0,255.0
0.0,6373.0,1677.0,1058.0,0.0,0.0,0.0,742.0,316.0,1172.0,505.0
0.0,4696.0,1846.0,1084.0,0.0,1486.0,1486.0,760.0,324.0,1280.0,566.0
0.0,2850.0,1255.0,1102.0,0.0,2813.0,2813.0,773.0,329.0,865.0,390.0
0.0,1595.0,484.0,1095.0,1486.0,1783.0,1783.0,768.0,327.0,328.0,156.0
0.0,2597.0,306.0,1072.0,2813.0,0.0,0.0,752.0,320.0,216.0,90.0
0.0,5104.0,880.0,1055.0,1783.0,0.0,0.0,740.0,315.0,621.0,259.0
0.0,6007.0,1653.0,1062.0,0.0,0.0,0.0,745.0,317.0,1155.0,498.0
0.0,4354.0,1823.0,1088.0,0.0,1821.0,1821.0,763.0,325.0,1268.0,555.0
0.0,2531.0,1241.0,1107.0,0.0,3138.0,3138.0,776.0,331.0,860.0,381.0
0.0,1290.0,479.0,1099.0,1821.0,1764.0,1764.0,771.0,328.0,332.0,147.0
0.0,2632.0,302.0,1075.0,3138.0,0.0,0.0,754.0,321.0,215.0,87.0
0.0,5468.0,912.0,1058.0,1764.0,0.0,0.0,742.0,316.0,633.0,279.0
0.0,6320.0,1690.0,1066.0,0.0,0.0,0.0,747.0,319.0,1169.0,521.0
0.0,4630.0,1846.0,1091.0,0.0,1580.0,1580.0,764.0,327.0,1279.0,567.0
0.0,2784.0,1265.0,1110.0,0.0,2921.0,2921.0,777.0,333.0,882.0,383.0
0.0,1519.0,517.0,1102.0,1580.0,1826.0,1826.0,772.0,330.0,380.0,137.0
0.0,2582.0,342.0,1077.0,2921.0,0.0,0.0,755.0,322.0,264.0,78.0
0.0,5161.0,924.0,1060.0,1826.0,0.0,0.0,743.0,317.0,649.0,275.0
0.0,6063.0,1687.0,1067.0,0.0,0.0,0.0,747.0,320.0,1161.0,526.0
0.0,4376.0,1887.0,1094.0,0.0,1887.0,1887.0,765.0,329.0,1301.0,586.0
0.0,2489.0,1332.0,1113.0,0.0,3295.0,3295.0,778.0,335.0,940.0,392.0
0.0,1157.0,564.0,1107.0,1887.0,1948.0,1948.0,775.0,332.0,426.0,138.0
0.0,2480.0,373.0,1082.0,3295.0,0.0,0.0,758.0,324.0,288.0,85.0
0.0,5402.0,928.0,1063.0,1948.0,0.0,0.0,745.0,318.0,647.0,281.0
0.0,6422.0,1679.0,1072.0,0.0,0.0,0.0,750.0,322.0,1150.0,529.0
0.0,4743.0,1893.0,1097.0,0.0,1538.0,1538.0,767.0,330.0,1306.0,587.0
0.0,2850.0,1345.0,1116.0,0.0,2959.0,2959.0,780.0,336.0,949.0,396.0
0.0,1505.0,578.0,1110.0,1538.0,1975.0,1975.0,777.0,333.0,431.0,147.0
0.0,2465.0,336.0,1084.0,2959.0,0.0,0.0,759.0,325.0,248.0,88.0
0.0,5088.0,901.0,1066.0,1975.0,0.0,0.0,746.0,320.0,618.0,283.0
0.0,6162.0,1684.0,1074.0,0.0,0.0,0.0,751.0,323.0,1160.0,524.0
0.0,4478.0,1887.0,1100.0,0.0,1809.0,1809.0,769.0,331.0,1311.0,576.0
0.0,2591.0,1327.0,1119.0,0.0,3212.0,3212.0,782.0,337.0,944.0,383.0
0.0,1264.0,556.0,1112.0,1809.0,1931.0,1931.0,778.0,334.0,411.0,145.0
0.0,2517.0,352.0,1087.0,3212.0,0.0,0.0,761.0,326.0,251.0,101.0
0.0,5377.0,916.0,1069.0,1931.0,0.0,0.0,748.0,321.0,630.0,286.0
0.0,6392.0,1664.0,1077.0,0.0,0.0,0.0,754.0,323.0,1152.0,512.0
0.0,4728.0,1869.0,1104.0,0.0,1557.0,1557.0,772.0,332.0,1311.0,558.0
0.0,2859.0,1323.0,1123.0,0.0,2956.0,2956.0,786.0,337.0,948.0,375.0
0.0,1536.0,588.0,1118.0,1557.0,1967.0,1967.0,782.0,336.0,427.0,161.0
0.0,2505.0,395.0,1093.0,2956.0,0.0,0.0,765.0,328.0,272.0,123.0
0.0,5066.0,925.0,1075.0,1967.0,0.0,0.0,753.0,322.0,633.0,292.0
0.0,6108.0,1645.0,1082.0,0.0,0.0,0.0,757.0,325.0,1141.0,504.0
0.0,4463.0,1851.0,1108.0,0.0,1820.0,1820.0,776.0,332.0,1311.0,540.0
0.0,2612.0,1310.0,1127.0,0.0,3206.0,3206.0,789.0,338.0,941.0,369.0
0.0,1302.0,574.0,1121.0,1820.0,1936.0,1936.0,785.0,336.0,410.0,164.0
0.0,2548.0,369.0,1096.0,3206.0,0.0,0.0,767.0,329.0,240.0,129.0
0.0,5385.0,905.0,1078.0,1936.0,0.0,0.0,754.0,324.0,609.0,296.0
0.0,6416.0,1662.0,1085.0,0.0,0.0,0.0,759.0,326.0,1162.0,500.0
0.0,4754.0,1868.0,1111.0,0.0,1558.0,1558.0,778.0,333.0,1338.0,530.0
0.0,2886.0,1320.0,1131.0,0.0,2958.0,2958.0,793.0,338.0,960.0,360.0
0.0,1566.0,547.0,1125.0,1558.0,1923.0,1923.0,788.0,337.0,388.0,159.0
0.0,2577.0,331.0,1098.0,2958.0,0.0,0.0,769.0,329.0,195.0,136.0
0.0,5204.0,898.0,1081.0,1923.0,0.0,0.0,756.0,325.0,576.0,322.0
0.0,6229.0,1676.0,1088.0,0.0,0.0,0.0,761.0,327.0,1158.0,518.0
0.0,4553.0,1873.0,1115.0,0.0,1780.0,1780.0,781.0,334.0,1343.0,530.0
0.0,2680.0,1303.0,1134.0,0.0,3159.0,3159.0,795.0,339.0,960.0,343.0
0.0,1377.0,532.0,1128.0,1780.0,1887.0,1887.0,791.0,337.0,385.0,147.0
0.0,2625.0,337.0,1102.0,3159.0,0.0,0.0,772.0,330.0,194.0,143.0
0.0,5447.0,922.0,1085.0,1887.0,0.0,0.0,759.0,326.0,591.0,331.0
0.0,6412.0,1677.0,1094.0,0.0,0.0,0.0,765.0,329.0,1161.0,516.0
0.0,4735.0,1887.0,1121.0,0.0,1636.0,1636.0,785.0,336.0,1360.0,527.0
0.0,2848.0,1320.0,1140.0,0.0,3032.0,3032.0,799.0,341.0,963.0,357.0
0.0,1528.0,543.0,1133.0,1636.0,1911.0,1911.0,794.0,339.0,370.0,173.0
0.0,2621.0,326.0,1107.0,3032.0,0.0,0.0,775.0,332.0,174.0,152.0
0.0,5327.0,893.0,1089.0,1911.0,0.0,0.0,762.0,327.0,583.0,310.0
0.0,6345.0,1696.0,1097.0,0.0,0.0,0.0,768.0,329.0,1200.0,496.0
0.0,4649.0,1952.0,1125.0,0.0,1803.0,1803.0,788.0,337.0,1419.0,533.0
0.0,2697.0,1399.0,1145.0,0.0,3282.0,3282.0,802.0,343.0,1022.0,377.0
0.0,1298.0,597.0,1139.0,1803.0,2052.0,2052.0,798.0,341.0,408.0,189.0
0.0,2504.0,346.0,1113.0,3282.0,0.0,0.0,779.0,334.0,183.0,163.0
0.0,5440.0,894.0,1094.0,2052.0,0.0,0.0,765.0,329.0,574.0,320.0
0.0,6598.0,1710.0,1101.0,0.0,0.0,0.0,770.0,331.0,1205.0,505.0
0.0,4888.0,1997.0,1129.0,0.0,1625.0,1625.0,790.0,339.0,1462.0,535.0
0.0,2891.0,1447.0,1149.0,0.0,3152.0,3152.0,805.0,344.0,1073.0,374.0
0.0,1444.0,608.0,1143.0,1625.0,2111.0,2111.0,801.0,342.0,423.0,185.0
0.0,2461.0,312.0,1117.0,3152.0,0.0,0.0,782.0,335.0,156.0,156.0
0.0,5301.0,865.0,1097.0,2111.0,0.0,0.0,767.0,330.0,548.0,317.0
0.0,6547.0,1740.0,1104.0,0.0,0.0,0.0,772.0,332.0,1227.0,513.0
0.0,4807.0,2045.0,1133.0,0.0,1770.0,1770.0,793.0,340.0,1498.0,547.0
0.0,2762.0,1458.0,1155.0,0.0,3316.0,3316.0,809.0,346.0,1077.0,381.0
0.0,1304.0,575.0,1148.0,1770.0,2093.0,2093.0,804.0,344.0,393.0,182.0
0.0,2499.0,264.0,1120.0,3316.0,0.0,0.0,784.0,336.0,123.0,141.0
0.0,5551.0,855.0,1101.0,2093.0,0.0,0.0,770.0,331.0,545.0,310.0
0.0,6789.0,1740.0,1109.0,0.0,0.0,0.0,775.0,334.0,1225.0,515.0
0.0,5049.0,2027.0,1137.0,0.0,1526.0,1526.0,796.0,341.0,1477.0,550.0
0.0,3022.0,1440.0,1158.0,0.0,3050.0,3050.0,811.0,347.0,1059.0,381.0
0.0,1582.0,572.0,1152.0,1526.0,2072.0,2072.0,807.0,345.0,389.0,183.0
0.0,2536.0,287.0,1125.0,3050.0,0.0,0.0,787.0,338.0,145.0,142.0
0.0,5299.0,859.0,1106.0,2072.0,0.0,0.0,773.0,333.0,559.0,300.0
0.0,6512.0,1714.0,1113.0,0.0,0.0,0.0,778.0,335.0,1213.0,501.0
0.0,4798.0,1992.0,1140.0,0.0,1754.0,1754.0,797.0,343.0,1441.0,551.0
0.0,2806.0,1426.0,1160.0,0.0,3260.0,3260.0,812.0,348.0,1030.0,396.0
0.0,1380.0,576.0,1153.0,1754.0,2054.0,2054.0,807.0,346.0,393.0,183.0
0.0,2558.0,291.0,1127.0,3260.0,0.0,0.0,788.0,339.0,156.0,135.0
0.0,5527.0,865.0,1108.0,2054.0,0.0,0.0,774.0,334.0,568.0,297.0
0.0,6716.0,1709.0,1115.0,0.0,0.0,0.0,779.0,336.0,1213.0,496.0
0.0,5007.0,1981.0,1143.0,0.0,1546.0,1546.0,799.0,344.0,1442.0,539.0
0.0,3026.0,1443.0,1164.0,0.0,3073.0,3073.0,815.0,349.0,1049.0,394.0
0.0,1583.0,610.0,1158.0,1546.0,2113.0,2113.0,811.0,347.0,419.0,191.0
0.0,2519.0,317.0,1132.0,3073.0,0.0,0.0,792.0,340.0,182.0,135.0
0.0,5275.0,837.0,1112.0,2113.0,0.0,0.0,777.0,335.0,557.0,280.0
0.0,6551.0,1675.0,1119.0,0.0,0.0,0.0,782.0,337.0,1190.0,485.0
0.0,4876.0,1980.0,1147.0,0.0,1692.0,1692.0,802.0,345.0,1441.0,539.0
0.0,2896.0,1406.0,1168.0,0.0,3182.0,3182.0,818.0,350.0,1018.0,388.0
0.0,1490.0,559.0,1161.0,1692.0,2021.0,2021.0,814.0,347.0,368.0,191.0
0.0,2623.0,306.0,1134.0,3182.0,0.0,0.0,794.0,340.0,158.0,148.0
0.0,5499.0,882.0,1115.0,2021.0,0.0,0.0,780.0,335.0,586.0,296.0
0.0,6638.0,1707.0,1123.0,0.0,0.0,0.0,785.0,338.0,1217.0,490.0
0.0,4931.0,1947.0,1151.0,0.0,1620.0,1620.0,805.0,346.0,1416.0,531.0
0.0,2984.0,1361.0,1170.0,0.0,3057.0,3057.0,820.0,350.0,977.0,384.0
0.0,1623.0,543.0,1163.0,1620.0,1952.0,1952.0,815.0,348.0,349.0,194.0
0.0,2700.0,315.0,1137.0,3057.0,0.0,0.0,796.0,341.0,151.0,164.0
0.0,5442.0,905.0,1118.0,1952.0,0.0,0.0,781.0,337.0,582.0,323.0
0.0,6489.0,1738.0,1126.0,0.0,0.0,0.0,786.0,340.0,1239.0,499.0
0.0,4751.0,1978.0,1153.0,0.0,1839.0,1839.0,807.0,346.0,1456.0,522.0
0.0,2773.0,1393.0,1174.0,0.0,3316.0,3316.0,823.0,351.0,1021.0,372.0
0.0,1380.0,583.0,1168.0,1839.0,2036.0,2036.0,819.0,349.0,372.0,211.0
0.0,2636.0,380.0,1143.0,3316.0,0.0,0.0,800.0,343.0,190.0,190.0
0.0,5572.0,977.0,1124.0,2036.0,0.0,0.0,785.0,339.0,648.0,329.0
0.0,6631.0,1760.0,1131.0,0.0,0.0,0.0,790.0,341.0,1271.0,489.0
0.0,4871.0,1981.0,1157.0,0.0,1738.0,1738.0,810.0,347.0,1469.0,512.0
0.0,2890.0,1400.0,1177.0,0.0,3218.0,3218.0,826.0,351.0,1025.0,375.0
0.0,1490.0,613.0,1172.0,1738.0,2073.0,2073.0,823.0,349.0,398.0,215.0
0.0,2615.0,403.0,1147.0,3218.0,0.0,0.0,804.0,343.0,202.0,201.0
0.0,5430.0,977.0,1128.0,2073.0,0.0,0.0,788.0,340.0,634.0,343.0
0.0,6526.0,1777.0,1134.0,0.0,0.0,0.0,792.0,342.0,1281.0,496.0
0.0,4749.0,1994.0,1160.0,0.0,1885.0,1885.0,812.0,348.0,1481.0,513.0
0.0,2755.0,1418.0,1182.0,0.0,3391.0,3391.0,829.0,353.0,1041.0,377.0
0.0,1337.0,633.0,1177.0,1885.0,2119.0,2119.0,826.0,351.0,413.0,220.0
0.0,2589.0,401.0,1152.0,3391.0,0.0,0.0,807.0,345.0,204.0,197.0
0.0,5579.0,955.0,1131.0,2119.0,0.0,0.0,790.0,341.0,617.0,338.0
0.0,6743.0,1752.0,1136.0,0.0,0.0,0.0,793.0,343.0,1254.0,498.0
0.0,4991.0,1988.0,1164.0,0.0,1653.0,1653.0,814.0,350.0,1462.0,526.0
0.0,3003.0,1430.0,1185.0,0.0,3167.0,3167.0,831.0,354.0,1039.0,391.0
0.0,1573.0,636.0,1182.0,1653.0,2138.0,2138.0,829.0,353.0,416.0,220.0
0.0,2590.0,386.0,1155.0,3167.0,0.0,0.0,809.0,346.0,198.0,188.0
0.0,5371.0,932.0,1134.0,2138.0,0.0,0.0,792.0,342.0,605.0,327.0
0.0,6577.0,1741.0,1140.0,0.0,0.0,0.0,796.0,344.0,1247.0,494.0
0.0,4836.0,1997.0,1168.0,0.0,1833.0,1833.0,817.0,351.0,1477.0,520.0
0.0,2839.0,1438.0,1189.0,0.0,3355.0,3355.0,834.0,355.0,1051.0,387.0
0.0,1401.0,627.0,1185.0,1833.0,2133.0,2133.0,831.0,354.0,407.0,220.0
0.0,2607.0,386.0,1160.0,3355.0,0.0,0.0,812.0,348.0,201.0,185.0
0.0,5576.0,933.0,1139.0,2133.0,0.0,0.0,796.0,343.0,614.0,319.0
0.0,6776.0,1730.0,1145.0,0.0,0.0,0.0,800.0,345.0,1239.0,491.0
0.0,5046.0,1997.0,1173.0,0.0,1643.0,1643.0,821.0,352.0,1474.0,523.0
0.0,3049.0,1461.0,1195.0,0.0,3192.0,3192.0,838.0,357.0,1073.0,388.0
0.0,1588.0,646.0,1191.0,1643.0,2179.0,2179.0,836.0,355.0,436.0,210.0
0.0,2585.0,370.0,1165.0,3192.0,0.0,0.0,816.0,349.0,192.0,178.0
0.0,5407.0,909.0,1145.0,2179.0,0.0,0.0,800.0,345.0,580.0,329.0
0.0,6677.0,1726.0,1150.0,0.0,0.0,0.0,803.0,347.0,1227.0,499.0
0.0,4951.0,1991.0,1177.0,0.0,1748.0,1748.0,824.0,353.0,1479.0,512.0
0.0,2960.0,1445.0,1198.0,0.0,3277.0,3277.0,841.0,357.0,1082.0,363.0
0.0,1515.0,621.0,1194.0,1748.0,2134.0,2134.0,838.0,356.0,422.0,199.0
0.0,2642.0,331.0,1168.0,3277.0,0.0,0.0,818.0,350.0,147.0,184.0
0.0,5588.0,881.0,1147.0,2134.0,0.0,0.0,801.0,346.0,546.0,335.0
0.0,6841.0,1715.0,1153.0,0.0,0.0,0.0,805.0,348.0,1217.0,498.0
0.0,5126.0,2001.0,1180.0,0.0,1595.0,1595.0,826.0,354.0,1490.0,511.0
0.0,3125.0,1458.0,1202.0,0.0,3141.0,3141.0,844.0,358.0,1095.0,363.0
0.0,1667.0,639.0,1198.0,1595.0,2169.0,2169.0,841.0,357.0,433.0,206.0
0.0,2623.0,351.0,1172.0,3141.0,0.0,0.0,821.0,351.0,157.0,194.0
0.0,5413.0,911.0,1152.0,2169.0,0.0,0.0,805.0,347.0,564.0,347.0
0.0,6671.0,1738.0,1160.0,0.0,0.0,0.0,810.0,350.0,1237.0,501.0
0.0,4933.0,1996.0,1188.0,0.0,1815.0,1815.0,832.0,356.0,1482.0,514.0
0.0,2937.0,1422.0,1209.0,0.0,3321.0,3321.0,849.0,360.0,1057.0,365.0
0.0,1515.0,622.0,1204.0,1815.0,2108.0,2108.0,846.0,358.0,415.0,207.0
0.0,2708.0,372.0,1177.0,3321.0,0.0,0.0,825.0,352.0,168.0,204.0
0.0,5657.0,940.0,1157.0,2108.0,0.0,0.0,808.0,349.0,576.0,364.0
0.0,6825.0,1774.0,1165.0,0.0,0.0,0.0,813.0,352.0,1253.0,521.0
0.0,5051.0,2033.0,1192.0,0.0,1750.0,1750.0,835.0,357.0,1520.0,513.0
0.0,3018.0,1459.0,1213.0,0.0,3293.0,3293.0,852.0,361.0,1102.0,357.0
0.0,1559.0,639.0,1206.0,1750.0,2154.0,2154.0,848.0,358.0,430.0,209.0
0.0,2670.0,378.0,1180.0,3293.0,0.0,0.0,827.0,353.0,158.0,220.0
0.0,5585.0,945.0,1160.0,2154.0,0.0,0.0,809.0,351.0,570.0,375.0
0.0,6794.0,1787.0,1167.0,0.0,0.0,0.0,814.0,353.0,1262.0,525.0
0.0,5007.0,2066.0,1195.0,0.0,1839.0,1839.0,836.0,359.0,1552.0,514.0
0.0,2941.0,1505.0,1216.0,0.0,3428.0,3428.0,854.0,362.0,1147.0,358.0
0.0,1436.0,678.0,1211.0,1839.0,2247.0,2247.0,851.0,360.0,464.0,214.0
0.0,2597.0,430.0,1184.0,3428.0,0.0,0.0,830.0,354.0,207.0,223.0
0.0,5595.0,989.0,1166.0,2247.0,0.0,0.0,814.0,352.0,611.0,378.0
0.0,6853.0,1796.0,1173.0,0.0,0.0,0.0,818.0,355.0,1277.0,519.0
0.0,5057.0,2049.0,1200.0,0.0,1792.0,1792.0,840.0,360.0,1533.0,516.0
0.0,3008.0,1489.0,1221.0,0.0,3365.0,3365.0,857.0,364.0,1123.0,366.0
0.0,1519.0,695.0,1216.0,1792.0,2248.0,2248.0,855.0,361.0,472.0,223.0
0.0,2616.0,441.0,1190.0,3365.0,0.0,0.0,834.0,356.0,204.0,237.0
0.0,5540.0,987.0,1172.0,2248.0,0.0,0.0,818.0,354.0,596.0,391.0
0.0,6801.0,1771.0,1178.0,0.0,0.0,0.0,822.0,356.0,1243.0,528.0
0.0,5030.0,2032.0,1205.0,0.0,1822.0,1822.0,843.0,362.0,1514.0,518.0
0.0,2998.0,1488.0,1226.0,0.0,3394.0,3394.0,861.0,365.0,1127.0,361.0
0.0,1510.0,690.0,1221.0,1822.0,2242.0,2242.0,858.0,363.0,479.0,211.0
0.0,2642.0,437.0,1196.0,3394.0,0.0,0.0,838.0,358.0,220.0,217.0
0.0,5599.0,975.0,1177.0,2242.0,0.0,0.0,822.0,355.0,599.0,376.0
0.0,6866.0,1777.0,1183.0,0.0,0.0,0.0,825.0,358.0,1250.0,527.0
0.0,5089.0,2036.0,1211.0,0.0,1791.0,1791.0,847.0,364.0,1519.0,517.0
0.0,3053.0,1484.0,1232.0,0.0,3359.0,3359.0,865.0,367.0,1123.0,361.0
0.0,1569.0,672.0,1227.0,1791.0,2220.0,2220.0,862.0,365.0,466.0,206.0
0.0,2688.0,393.0,1200.0,3359.0,0.0,0.0,841.0,359.0,178.0,215.0
0.0,5654.0,932.0,1180.0,2220.0,0.0,0.0,824.0,356.0,565.0,367.0
0.0,6942.0,1746.0,1186.0,0.0,0.0,0.0,827.0,359.0,1239.0,507.0
0.0,5196.0,2010.0,1212.0,0.0,1662.0,1662.0,848.0,364.0,1511.0,499.0
0.0,3186.0,1473.0,1234.0,0.0,3223.0,3223.0,866.0,368.0,1124.0,349.0
0.0,1713.0,689.0,1229.0,1662.0,2230.0,2230.0,864.0,365.0,480.0,209.0
0.0,2686.0,420.0,1204.0,3223.0,0.0,0.0,844.0,360.0,197.0,223.0
0.0,5489.0,960.0,1184.0,2230.0,0.0,0.0,827.0,357.0,582.0,378.0
0.0,6759.0,1756.0,1190.0,0.0,0.0,0.0,830.0,360.0,1246.0,510.0
0.0,5003.0,2012.0,1217.0,0.0,1877.0,1877.0,851.0,366.0,1517.0,495.0
0.0,2991.0,1477.0,1239.0,0.0,3442.0,3442.0,870.0,369.0,1123.0,354.0
0.0,1514.0,682.0,1235.0,1877.0,2231.0,2231.0,868.0,367.0,463.0,219.0
0.0,2709.0,387.0,1209.0,3442.0,0.0,0.0,848.0,361.0,172.0,215.0
0.0,5764.0,931.0,1189.0,2231.0,0.0,0.0,830.0,359.0,573.0,358.0
0.0,7064.0,1741.0,1194.0,0.0,0.0,0.0,833.0,361.0,1239.0,502.0
0.0,5323.0,2002.0,1220.0,0.0,1559.0,1559.0,853.0,367.0,1495.0,507.0
0.0,3321.0,1473.0,1242.0,0.0,3120.0,3120.0,872.0,370.0,1105.0,368.0
0.0,1848.0,679.0,1238.0,1559.0,2224.0,2224.0,870.0,368.0,456.0,223.0
0.0,2728.0,421.0,1212.0,3120.0,0.0,0.0,850.0,362.0,205.0,216.0
0.0,5427.0,948.0,1192.0,2224.0,0.0,0.0,833.0,359.0,598.0,350.0
0.0,6703.0,1730.0,1198.0,0.0,0.0,0.0,836.0,362.0,1235.0,495.0
0.0,4973.0,1979.0,1224.0,0.0,1902.0,1902.0,856.0,368.0,1467.0,512.0
0.0,2994.0,1455.0,1245.0,0.0,3441.0,3441.0,874.0,371.0,1073.0,382.0
0.0,1539.0,697.0,1241.0,1902.0,2220.0,2220.0,872.0,369.0,454.0,243.0
0.0,2744.0,463.0,1215.0,3441.0,0.0,0.0,852.0,363.0,231.0,232.0
0.0,5722.0,974.0,1194.0,2220.0,0.0,0.0,834.0,360.0,617.0,357.0
0.0,6968.0,1763.0,1200.0,0.0,0.0,0.0,837.0,363.0,1257.0,506.0
0.0,5205.0,2046.0,1227.0,0.0,1749.0,1749.0,858.0,369.0,1524.0,522.0
0.0,3159.0,1542.0,1250.0,0.0,3383.0,3383.0,878.0,372.0,1151.0,391.0
0.0,1617.0,736.0,1246.0,1749.0,2354.0,2354.0,876.0,370.0,492.0,244.0
0.0,2630.0,458.0,1220.0,3383.0,0.0,0.0,856.0,364.0,227.0,231.0
0.0,5555.0,971.0,1199.0,2354.0,0.0,0.0,838.0,361.0,601.0,370.0
0.0,6938.0,1791.0,1204.0,0.0,0.0,0.0,840.0,364.0,1278.0,513.0
0.0,5147.0,2082.0,1232.0,0.0,1863.0,1863.0,861.0,371.0,1548.0,534.0
0.0,3065.0,1559.0,1254.0,0.0,3510.0,3510.0,880.0,374.0,1163.0,396.0
0.0,1506.0,770.0,1249.0,1863.0,2397.0,2397.0,878.0,371.0,523.0,247.0
0.0,2599.0,499.0,1224.0,3510.0,0.0,0.0,858.0,366.0,263.0,236.0
0.0,5610.0,1015.0,1204.0,2397.0,0.0,0.0,841.0,363.0,640.0,375.0
0.0,6992.0,1786.0,1210.0,0.0,0.0,0.0,844.0,366.0,1259.0,527.0
0.0,5206.0,2054.0,1237.0,0.0,1796.0,1796.0,864.0,373.0,1507.0,547.0
0.0,3152.0,1548.0,1258.0,0.0,3428.0,3428.0,882.0,376.0,1139.0,409.0
0.0,1604.0,761.0,1253.0,1796.0,2373.0,2373.0,880.0,373.0,520.0,241.0
0.0,2639.0,491.0,1229.0,3428.0,0.0,0.0,862.0,367.0,277.0,214.0
0.0,5576.0,1014.0,1209.0,2373.0,0.0,0.0,845.0,364.0,648.0,366.0
0.0,6935.0,1817.0,1215.0,0.0,0.0,0.0,848.0,367.0,1278.0,539.0
0.0,5118.0,2074.0,1242.0,0.0,1924.0,1924.0,868.0,374.0,1514.0,560.0
0.0,3044.0,1516.0,1263.0,0.0,3524.0,3524.0,885.0,378.0,1112.0,404.0
0.0,1528.0,722.0,1258.0,1924.0,2302.0,2302.0,883.0,375.0,491.0,231.0
0.0,2730.0,453.0,1233.0,3524.0,0.0,0.0,864.0,369.0,251.0,202.0
0.0,5801.0,981.0,1212.0,2302.0,0.0,0.0,847.0,365.0,639.0,342.0
0.0,7122.0,1782.0,1218.0,0.0,0.0,0.0,850.0,368.0,1272.0,510.0
0.0,5340.0,2029.0,1244.0,0.0,1665.0,1665.0,869.0,375.0,1488.0,541.0
0.0,3311.0,1506.0,1265.0,0.0,3255.0,3255.0,887.0,378.0,1097.0,409.0
0.0,1805.0,737.0,1262.0,1665.0,2315.0,2315.0,886.0,376.0,489.0,248.0
0.0,2733.0,481.0,1237.0,3255.0,0.0,0.0,867.0,370.0,267.0,214.0
0.0,5507.0,987.0,1217.0,2315.0,0.0,0.0,850.0,367.0,655.0,332.0
0.0,6835.0,1753.0,1223.0,0.0,0.0,0.0,853.0,370.0,1258.0,495.0
0.0,5082.0,2022.0,1248.0,0.0,1932.0,1932.0,872.0,376.0,1480.0,542.0
0.0,3060.0,1534.0,1270.0,0.0,3554.0,3554.0,890.0,380.0,1118.0,416.0
0.0,1526.0,763.0,1267.0,1932.0,2373.0,2373.0,889.0,378.0,513.0,250.0
0.0,2695.0,463.0,1242.0,3554.0,0.0,0.0,870.0,372.0,264.0,199.0
0.0,5786.0,941.0,1221.0,2373.0,0.0,0.0,853.0,368.0,625.0,316.0
0.0,7218.0,1744.0,1226.0,0.0,0.0,0.0,855.0,371.0,1251.0,493.0
0.0,5474.0,2026.0,1252.0,0.0,1560.0,1560.0,875.0,377.0,1484.0,542.0
0.0,3448.0,1531.0,1274.0,0.0,3179.0,3179.0,893.0,381.0,1116.0,415.0
0.0,1917.0,751.0,1271.0,1560.0,2358.0,2358.0,892.0,379.0,507.0,244.0
0.0,2726.0,465.0,1246.0,3179.0,0.0,0.0,873.0,373.0,273.0,192.0
0.0,5440.0,960.0,1226.0,2358.0,0.0,0.0,857.0,369.0,645.0,315.0
0.0,6838.0,1729.0,1231.0,0.0,0.0,0.0,859.0,372.0,1241.0,488.0
0.0,5109.0,1989.0,1256.0,0.0,1904.0,1904.0,878.0,378.0,1445.0,544.0
0.0,3120.0,1507.0,1277.0,0.0,3495.0,3495.0,895.0,382.0,1082.0,425.0
0.0,1613.0,773.0,1274.0,1904.0,2352.0,2352.0,894.0,380.0,515.0,258.0
0.0,2744.0,490.0,1249.0,3495.0,0.0,0.0,875.0,374.0,286.0,204.0
0.0,5749.0,955.0,1229.0,2352.0,0.0,0.0,859.0,370.0,644.0,311.0
0.0,7146.0,1694.0,1234.0,0.0,0.0,0.0,862.0,372.0,1219.0,475.0
0.0,5452.0,1974.0,1259.0,0.0,1558.0,1558.0,881.0,378.0,1443.0,531.0
0.0,3478.0,1517.0,1280.0,0.0,3159.0,3159.0,898.0,382.0,1084.0,433.0
0.0,1961.0,808.0,1276.0,1558.0,2393.0,2393.0,896.0,380.0,531.0,277.0
0.0,2711.0,558.0,1253.0,3159.0,0.0,0.0,878.0,375.0,336.0,222.0
0.0,5312.0,1028.0,1233.0,2393.0,0.0,0.0,862.0,371.0,695.0,333.0
0.0,6677.0,1763.0,1238.0,0.0,38.0,38.0,865.0,373.0,1268.0,495.0
0.0,4914.0,2026.0,1263.0,0.0,2164.0,2164.0,884.0,379.0,1476.0,550.0
0.0,2888.0,1559.0,1284.0,38.0,3769.0,3769.0,901.0,383.0,1116.0,443.0
0.0,1367.0,842.0,1281.0,2164.0,2435.0,2435.0,900.0,381.0,558.0,284.0
0.0,2689.0,571.0,1258.0,3769.0,0.0,0.0,882.0,376.0,341.0,230.0
0.0,5887.0,1032.0,1238.0,2435.0,0.0,0.0,866.0,372.0,701.0,331.0
0.0,7290.0,1758.0,1241.0,0.0,0.0,0.0,867.0,374.0,1264.0,494.0
0.0,5532.0,2026.0,1266.0,0.0,1558.0,1558.0,886.0,380.0,1468.0,558.0
0.0,3506.0,1568.0,1286.0,0.0,3206.0,3206.0,902.0,384.0,1115.0,453.0
0.0,1938.0,862.0,1283.0,1558.0,2498.0,2498.0,901.0,382.0,569.0,293.0
0.0,2634.0,616.0,1261.0,3206.0,0.0,0.0,884.0,377.0,387.0,229.0
0.0,5224.0,1055.0,1242.0,2498.0,0.0,0.0,869.0,373.0,725.0,330.0
0.0,6667.0,1744.0,1245.0,0.0,57.0,57.0,871.0,374.0,1253.0,491.0
0.0,4923.0,2000.0,1269.0,0.0,2153.0,2153.0,889.0,380.0,1444.0,556.0
0.0,2923.0,1557.0,1290.0,57.0,3737.0,3737.0,905.0,385.0,1104.0,453.0
0.0,1423.0,866.0,1286.0,2153.0,2434.0,2434.0,903.0,383.0,574.0,292.0
0.0,2710.0,609.0,1263.0,3737.0,0.0,0.0,886.0,377.0,375.0,234.0
0.0,5838.0,1027.0,1243.0,2434.0,0.0,0.0,870.0,373.0,695.0,332.0
0.0,7245.0,1713.0,1247.0,0.0,0.0,0.0,872.0,375.0,1224.0,489.0
0.0,5532.0,2002.0,1272.0,0.0,1558.0,1558.0,891.0,381.0,1443.0,559.0
0.0,3530.0,1585.0,1293.0,0.0,3227.0,3227.0,907.0,386.0,1116.0,469.0
0.0,1945.0,898.0,1291.0,1558.0,2559.0,2559.0,906.0,385.0,595.0,303.0
0.0,2605.0,587.0,1269.0,3227.0,0.0,0.0,889.0,380.0,376.0,211.0
0.0,5245.0,968.0,1249.0,2559.0,0.0,0.0,874.0,375.0,677.0,291.0
0.0,6836.0,1659.0,1252.0,0.0,0.0,0.0,876.0,376.0,1202.0,457.0
0.0,5177.0,1973.0,1276.0,0.0,1900.0,1900.0,894.0,382.0,1427.0,546.0
0.0,3204.0,1586.0,1296.0,0.0,3566.0,3566.0,910.0,386.0,1115.0,471.0
0.0,1618.0,913.0,1295.0,1900.0,2575.0,2575.0,909.0,386.0,592.0,321.0
0.0,2605.0,622.0,1273.0,3566.0,0.0,0.0,892.0,381.0,395.0,227.0
0.0,5549.0,1009.0,1254.0,2575.0,0.0,0.0,878.0,376.0,720.0,289.0
0.0,7115.0,1663.0,1256.0,0.0,0.0,0.0,879.0,377.0,1218.0,445.0
0.0,5452.0,1943.0,1279.0,0.0,1607.0,1607.0,897.0,382.0,1410.0,533.0
0.0,3509.0,1566.0,1300.0,0.0,3257.0,3257.0,913.0,387.0,1097.0,469.0
0.0,1943.0,909.0,1300.0,1607.0,2559.0,2559.0,912.0,388.0,588.0,321.0
0.0,2641.0,632.0,1279.0,3257.0,0.0,0.0,896.0,383.0,397.0,235.0
0.0,5266.0,1003.0,1259.0,2559.0,0.0,0.0,881.0,378.0,716.0,287.0
0.0,6822.0,1639.0,1261.0,0.0,0.0,0.0,883.0,378.0,1215.0,424.0
0.0,5183.0,1893.0,1283.0,0.0,1842.0,1842.0,900.0,383.0,1382.0,511.0
0.0,3290.0,1513.0,1302.0,0.0,3431.0,3431.0,914.0,388.0,1047.0,466.0
0.0,1777.0,902.0,1302.0,1842.0,2491.0,2491.0,913.0,389.0,555.0,347.0
0.0,2717.0,656.0,1281.0,3431.0,0.0,0.0,897.0,384.0,401.0,255.0
0.0,5492.0,1028.0,1262.0,2491.0,0.0,0.0,883.0,379.0,738.0,290.0
0.0,6955.0,1652.0,1265.0,0.0,0.0,0.0,886.0,379.0,1234.0,418.0
0.0,5303.0,1889.0,1287.0,0.0,1734.0,1734.0,903.0,384.0,1391.0,498.0
0.0,3414.0,1493.0,1306.0,0.0,3303.0,3303.0,917.0,389.0,1023.0,470.0
0.0,1921.0,894.0,1305.0,1734.0,2459.0,2459.0,915.0,390.0,533.0,361.0
0.0,2761.0,665.0,1285.0,3303.0,0.0,0.0,899.0,386.0,393.0,272.0
0.0,5399.0,1068.0,1268.0,2459.0,0.0,0.0,886.0,382.0,769.0,299.0
0.0,6790.0,1695.0,1271.0,0.0,0.0,0.0,890.0,381.0,1284.0,411.0
0.0,5095.0,1926.0,1293.0,0.0,2003.0,2003.0,907.0,386.0,1423.0,503.0
0.0,3169.0,1535.0,1312.0,0.0,3614.0,3614.0,921.0,391.0,1045.0,490.0
0.0,1634.0,914.0,1310.0,2003.0,2517.0,2517.0,918.0,392.0,537.0,377.0
0.0,2723.0,668.0,1288.0,3614.0,0.0,0.0,901.0,387.0,389.0,279.0
0.0,5669.0,1079.0,1270.0,2517.0,0.0,0.0,887.0,383.0,782.0,297.0
0.0,7107.0,1740.0,1273.0,0.0,0.0,0.0,891.0,382.0,1323.0,417.0
0.0,5367.0,1970.0,1295.0,0.0,1783.0,1783.0,908.0,387.0,1450.0,520.0
0.0,3397.0,1576.0,1314.0,0.0,3435.0,3435.0,922.0,392.0,1074.0,502.0
0.0,1821.0,956.0,1313.0,1783.0,2604.0,2604.0,920.0,393.0,575.0,381.0
0.0,2648.0,721.0,1293.0,3435.0,0.0,0.0,904.0,389.0,436.0,285.0
0.0,5362.0,1123.0,1276.0,2604.0,0.0,0.0,892.0,384.0,815.0,308.0
0.0,6843.0,1733.0,1278.0,0.0,2.0,2.0,895.0,383.0,1311.0,422.0
0.0,5110.0,1938.0,1300.0,0.0,2028.0,2028.0,912.0,388.0,1417.0,521.0
0.0,3172.0,1544.0,1317.0,2.0,3638.0,3638.0,924.0,393.0,1041.0,503.0
0.0,1630.0,956.0,1315.0,2028.0,2558.0,2558.0,921.0,394.0,569.0,387.0
0.0,2702.0,750.0,1296.0,3638.0,0.0,0.0,906.0,390.0,463.0,287.0
0.0,5590.0,1145.0,1280.0,2558.0,0.0,0.0,894.0,386.0,833.0,312.0
0.0,7003.0,1737.0,1283.0,0.0,0.0,0.0,898.0,385.0,1304.0,433.0
0.0,5266.0,1933.0,1304.0,0.0,1883.0,1883.0,914.0,390.0,1407.0,526.0
0.0,3333.0,1528.0,1322.0,0.0,3483.0,3483.0,927.0,395.0,1030.0,498.0
0.0,1805.0,938.0,1320.0,1883.0,2530.0,2530.0,924.0,396.0,551.0,387.0
0.0,2750.0,739.0,1301.0,3483.0,0.0,0.0,909.0,392.0,445.0,294.0
0.0,5494.0,1128.0,1284.0,2530.0,0.0,0.0,897.0,387.0,816.0,312.0
0.0,6896.0,1718.0,1286.0,0.0,0.0,0.0,900.0,386.0,1297.0,421.0
0.0,5178.0,1904.0,1306.0,0.0,1950.0,1950.0,916.0,390.0,1394.0,510.0
0.0,3274.0,1510.0,1324.0,0.0,3532.0,3532.0,928.0,396.0,1015.0,495.0
0.0,1764.0,930.0,1324.0,1950.0,2512.0,2512.0,926.0,398.0,549.0,381.0
0.0,2784.0,755.0,1305.0,3532.0,0.0,0.0,911.0,394.0,462.0,293.0
0.0,5561.0,1153.0,1290.0,2512.0,0.0,0.0,900.0,390.0,842.0,311.0
0.0,6920.0,1721.0,1293.0,0.0,0.0,0.0,904.0,389.0,1301.0,420.0
0.0,5199.0,1892.0,1311.0,0.0,1937.0,1937.0,919.0,392.0,1390.0,502.0
0.0,3307.0,1512.0,1328.0,0.0,3517.0,3517.0,931.0,397.0,1023.0,489.0
0.0,1795.0,952.0,1327.0,1937.0,2528.0,2528.0,928.0,399.0,570.0,382.0
0.0,2780.0,740.0,1310.0,3517.0,0.0,0.0,914.0,396.0,457.0,283.0
0.0,5557.0,1105.0,1294.0,2528.0,0.0,0.0,902.0,392.0,807.0,298.0
0.0,6980.0,1692.0,1296.0,0.0,0.0,0.0,906.0,390.0,1282.0,410.0
0.0,5288.0,1903.0,1315.0,0.0,1875.0,1875.0,921.0,394.0,1402.0,501.0
0.0,3385.0,1529.0,1333.0,0.0,3476.0,3476.0,934.0,399.0,1046.0,483.0
0.0,1856.0,944.0,1331.0,1875.0,2537.0,2537.0,931.0,400.0,570.0,374.0
0.0,2787.0,716.0,1314.0,3476.0,0.0,0.0,916.0,398.0,434.0,282.0
0.0,5547.0,1088.0,1298.0,2537.0,0.0,0.0,905.0,393.0,794.0,294.0
0.0,6996.0,1663.0,1301.0,0.0,0.0,0.0,909.0,392.0,1262.0,401.0
0.0,5333.0,1894.0,1320.0,0.0,1841.0,1841.0,925.0,395.0,1394.0,500.0
0.0,3439.0,1530.0,1337.0,0.0,3439.0,3439.0,937.0,400.0,1040.0,490.0
0.0,1909.0,925.0,1334.0,1841.0,2511.0,2511.0,933.0,401.0,545.0,380.0
0.0,2825.0,688.0,1317.0,3439.0,0.0,0.0,918.0,399.0,415.0,273.0
0.0,5576.0,1067.0,1300.0,2511.0,0.0,0.0,906.0,394.0,792.0,275.0
0.0,7020.0,1680.0,1304.0,0.0,0.0,0.0,911.0,393.0,1288.0,392.0
0.0,5340.0,1905.0,1324.0,0.0,1861.0,1861.0,928.0,396.0,1396.0,509.0
0.0,3435.0,1535.0,1340.0,0.0,3460.0,3460.0,940.0,400.0,1027.0,508.0
0.0,1900.0,948.0,1338.0,1861.0,2539.0,2539.0,936.0,402.0,545.0,403.0
0.0,2813.0,721.0,1319.0,3460.0,0.0,0.0,919.0,400.0,430.0,291.0
0.0,5552.0,1099.0,1304.0,2539.0,0.0,0.0,908.0,396.0,816.0,283.0
0.0,6992.0,1719.0,1307.0,0.0,0.0,0.0,913.0,394.0,1327.0,392.0
0.0,5273.0,1945.0,1326.0,0.0,1976.0,1976.0,930.0,396.0,1441.0,504.0
0.0,3328.0,1575.0,1344.0,0.0,3623.0,3623.0,943.0,401.0,1064.0,511.0
0.0,1753.0,973.0,1342.0,1976.0,2612.0,2612.0,939.0,403.0,569.0,404.0
0.0,2756.0,751.0,1323.0,3623.0,0.0,0.0,923.0,400.0,456.0,295.0
0.0,5628.0,1145.0,1307.0,2612.0,0.0,0.0,911.0,396.0,847.0,298.0
0.0,7095.0,1771.0,1311.0,0.0,0.0,0.0,917.0,394.0,1361.0,410.0
0.0,5324.0,1998.0,1331.0,0.0,1998.0,1998.0,934.0,397.0,1482.0,516.0
0.0,3326.0,1590.0,1347.0,0.0,3652.0,3652.0,946.0,401.0,1075.0,515.0
0.0,1736.0,972.0,1345.0,1998.0,2618.0,2618.0,942.0,403.0,567.0,405.0
0.0,2762.0,761.0,1326.0,3652.0,0.0,0.0,925.0,401.0,456.0,305.0
0.0,5653.0,1157.0,1311.0,2618.0,0.0,0.0,914.0,397.0,849.0,308.0
0.0,7114.0,1774.0,1315.0,0.0,0.0,0.0,920.0,395.0,1350.0,424.0
0.0,5340.0,1997.0,1335.0,0.0,1997.0,1997.0,937.0,398.0,1465.0,532.0
0.0,3343.0,1596.0,1352.0,0.0,3661.0,3661.0,949.0,403.0,1076.0,520.0
0.0,1747.0,963.0,1348.0,1997.0,2611.0,2611.0,944.0,404.0,564.0,399.0
0.0,2781.0,724.0,1328.0,3661.0,0.0,0.0,927.0,401.0,436.0,288.0
0.0,5718.0,1111.0,1313.0,2611.0,0.0,0.0,916.0,397.0,811.0,300.0
0.0,7218.0,1763.0,1318.0,0.0,0.0,0.0,922.0,396.0,1330.0,433.0
0.0,5455.0,2028.0,1338.0,0.0,1925.0,1925.0,939.0,399.0,1475.0,553.0
0.0,3427.0,1661.0,1356.0,0.0,3658.0,3658.0,952.0,404.0,1121.0,540.0
0.0,1766.0,993.0,1354.0,1925.0,2718.0,2718.0,948.0,406.0,591.0,402.0
0.0,2698.0,721.0,1334.0,3658.0,0.0,0.0,931.0,403.0,434.0,287.0
0.0,5635.0,1116.0,1319.0,2718.0,0.0,0.0,920.0,399.0,807.0,309.0
0.0,7237.0,1754.0,1324.0,0.0,0.0,0.0,926.0,398.0,1319.0,435.0
0.0,5483.0,2018.0,1345.0,0.0,1915.0,1915.0,944.0,401.0,1468.0,550.0
0.0,3465.0,1617.0,1362.0,0.0,3600.0,3600.0,956.0,406.0,1093.0,524.0
0.0,1848.0,984.0,1358.0,1915.0,2653.0,2653.0,951.0,407.0,596.0,388.0
0.0,2779.0,712.0,1338.0,3600.0,0.0,0.0,934.0,404.0,436.0,276.0
0.0,5667.0,1080.0,1323.0,2653.0,0.0,0.0,923.0,400.0,790.0,290.0
0.0,7240.0,1736.0,1328.0,0.0,0.0,0.0,929.0,399.0,1318.0,418.0
0.0,5504.0,2023.0,1348.0,0.0,1911.0,1911.0,946.0,402.0,1483.0,540.0
0.0,3481.0,1643.0,1366.0,0.0,3626.0,3626.0,959.0,407.0,1111.0,532.0
0.0,1838.0,988.0,1363.0,1911.0,2691.0,2691.0,954.0,409.0,585.0,403.0
0.0,2761.0,700.0,1344.0,3626.0,0.0,0.0,938.0,406.0,427.0,273.0
0.0,5687.0,1074.0,1328.0,2691.0,0.0,0.0,926.0,402.0,797.0,277.0
0.0,7304.0,1726.0,1332.0,0.0,0.0,0.0,932.0,400.0,1317.0,409.0
0.0,5578.0,2012.0,1352.0,0.0,1842.0,1842.0,949.0,403.0,1477.0,535.0
0.0,3566.0,1640.0,1370.0,0.0,3554.0,3554.0,962.0,408.0,1115.0,525.0
0.0,1926.0,953.0,1368.0,1842.0,2657.0,2657.0,958.0,410.0,565.0,388.0
0.0,2815.0,637.0,1348.0,3554.0,0.0,0.0,941.0,407.0,383.0,254.0
0.0,5732.0,1035.0,1332.0,2657.0,0.0,0.0,929.0,403.0,767.0,268.0
0.0,7354.0,1736.0,1335.0,0.0,0.0,0.0,934.0,401.0,1322.0,414.0
0.0,5618.0,2041.0,1356.0,0.0,1847.0,1847.0,952.0,404.0,1497.0,544.0
0.0,3577.0,1657.0,1375.0,0.0,3580.0,3580.0,966.0,409.0,1118.0,539.0
0.0,1920.0,963.0,1374.0,1847.0,2692.0,2692.0,962.0,412.0,566.0,397.0
0.0,2804.0,643.0,1353.0,3580.0,0.0,0.0,944.0,409.0,382.0,261.0
0.0,5741.0,1014.0,1337.0,2692.0,0.0,0.0,932.0,405.0,744.0,270.0
0.0,7419.0,1706.0,1340.0,0.0,0.0,0.0,937.0,403.0,1291.0,415.0
0.0,5713.0,2060.0,1361.0,0.0,1791.0,1791.0,955.0,406.0,1512.0,548.0
0.0,3653.0,1700.0,1380.0,0.0,3567.0,3567.0,970.0,410.0,1165.0,535.0
0.0,1953.0,998.0,1378.0,1791.0,2766.0,2766.0,965.0,413.0,603.0,395.0
0.0,2746.0,664.0,1358.0,3567.0,0.0,0.0,948.0,410.0,399.0,265.0
0.0,5649.0,1046.0,1341.0,2766.0,0.0,0.0,935.0,406.0,767.0,279.0
0.0,7369.0,1758.0,1344.0,0.0,0.0,0.0,940.0,404.0,1326.0,432.0
0.0,5611.0,2097.0,1365.0,0.0,1946.0,1946.0,958.0,407.0,1532.0,565.0
0.0,3514.0,1742.0,1384.0,0.0,3764.0,3764.0,972.0,412.0,1195.0,547.0
0.0,1772.0,1054.0,1383.0,1946.0,2868.0,2868.0,969.0,414.0,651.0,403.0
0.0,2664.0,710.0,1362.0,3764.0,0.0,0.0,951.0,411.0,443.0,267.0
0.0,5718.0,1060.0,1344.0,2868.0,0.0,0.0,937.0,407.0,776.0,284.0
0.0,7526.0,1770.0,1347.0,0.0,0.0,0.0,942.0,405.0,1339.0,431.0
0.0,5756.0,2101.0,1369.0,0.0,1821.0,1821.0,961.0,408.0,1536.0,565.0
0.0,3655.0,1754.0,1388.0,0.0,3651.0,3651.0,975.0,413.0,1197.0,557.0
0.0,1901.0,1068.0,1387.0,1821.0,2894.0,2894.0,972.0,415.0,653.0,415.0
0.0,2654.0,730.0,1367.0,3651.0,0.0,0.0,954.0,413.0,450.0,280.0
0.0,5575.0,1078.0,1349.0,2894.0,0.0,0.0,941.0,408.0,791.0,287.0
0.0,7391.0,1756.0,1352.0,0.0,0.0,0.0,946.0,406.0,1324.0,432.0
0.0,5635.0,2096.0,1375.0,0.0,1961.0,1961.0,965.0,410.0,1526.0,570.0
0.0,3539.0,1742.0,1394.0,0.0,3779.0,3779.0,979.0,415.0,1171.0,571.0
0.0,1797.0,1044.0,1392.0,1961.0,2854.0,2854.0,975.0,417.0,618.0,426.0
0.0,2714.0,707.0,1372.0,3779.0,0.0,0.0,958.0,414.0,425.0,282.0
0.0,5786.0,1083.0,1354.0,2854.0,0.0,0.0,944.0,410.0,787.0,296.0
0.0,7557.0,1777.0,1357.0,0.0,0.0,0.0,949.0,408.0,1339.0,438.0
0.0,5780.0,2106.0,1378.0,0.0,1838.0,1838.0,967.0,411.0,1544.0,562.0
0.0,3674.0,1719.0,1397.0,0.0,3633.0,3633.0,981.0,416.0,1171.0,548.0
0.0,1955.0,1017.0,1395.0,1838.0,2804.0,2804.0,977.0,418.0,607.0,410.0
0.0,2776.0,702.0,1375.0,3633.0,0.0,0.0,960.0,415.0,417.0,285.0
0.0,5707.0,1104.0,1357.0,2804.0,0.0,0.0,947.0,410.0,805.0,299.0
0.0,7407.0,1796.0,1360.0,0.0,0.0,0.0,952.0,408.0,1355.0,441.0
0.0,5611.0,2076.0,1382.0,0.0,1993.0,1993.0,970.0,412.0,1516.0,560.0
0.0,3535.0,1680.0,1400.0,0.0,3745.0,3745.0,983.0,417.0,1137.0,543.0
0.0,1855.0,1000.0,1399.0,1993.0,2748.0,2748.0,980.0,419.0,603.0,397.0
0.0,2848.0,711.0,1379.0,3745.0,0.0,0.0,963.0,416.0,433.0,278.0
0.0,5882.0,1136.0,1362.0,2748.0,0.0,0.0,950.0,412.0,825.0,311.0
0.0,7494.0,1830.0,1365.0,0.0,0.0,0.0,955.0,410.0,1384.0,446.0
0.0,5664.0,2076.0,1387.0,0.0,1960.0,1960.0,974.0,413.0,1540.0,536.0
0.0,3588.0,1643.0,1404.0,0.0,3671.0,3671.0,987.0,417.0,1136.0,507.0
0.0,1945.0,936.0,1402.0,1960.0,2639.0,2639.0,983.0,419.0,550.0,386.0
0.0,2969.0,680.0,1382.0,3671.0,0.0,0.0,965.0,417.0,384.0,296.0
0.0,5960.0,1116.0,1364.0,2639.0,0.0,0.0,951.0,413.0,787.0,329.0
0.0,7483.0,1817.0,1368.0,0.0,0.0,0.0,956.0,412.0,1370.0,447.0
0.0,5666.0,2076.0,1389.0,0.0,1966.0,1966.0,975.0,414.0,1548.0,528.0
0.0,3590.0,1631.0,1409.0,0.0,3677.0,3677.0,990.0,419.0,1141.0,490.0
0.0,1959.0,942.0,1407.0,1966.0,2645.0,2645.0,986.0,421.0,562.0,380.0
0.0,2983.0,688.0,1387.0,3677.0,0.0,0.0,968.0,419.0,383.0,305.0
0.0,5972.0,1106.0,1369.0,2645.0,0.0,0.0,954.0,415.0,763.0,343.0
0.0,7511.0,1779.0,1371.0,0.0,0.0,0.0,958.0,413.0,1326.0,453.0
0.0,5732.0,2038.0,1392.0,0.0,1874.0,1874.0,976.0,416.0,1510.0,528.0
0.0,3694.0,1634.0,1410.0,0.0,3580.0,3580.0,990.0,420.0,1143.0,491.0
0.0,2060.0,984.0,1410.0,1874.0,2690.0,2690.0,988.0,422.0,608.0,376.0
0.0,2950.0,737.0,1391.0,3580.0,0.0,0.0,971.0,420.0,437.0,300.0
0.0,5793.0,1134.0,1374.0,2690.0,0.0,0.0,958.0,416.0,801.0,333.0
0.0,7349.0,1780.0,1375.0,0.0,0.0,0.0,961.0,414.0,1326.0,454.0
0.0,5569.0,2063.0,1396.0,0.0,2078.0,2078.0,979.0,417.0,1526.0,537.0
0.0,3506.0,1683.0,1416.0,0.0,3841.0,3841.0,994.0,422.0,1179.0,504.0
0.0,1823.0,1056.0,1416.0,2078.0,2819.0,2819.0,992.0,424.0,665.0,391.0
0.0,2845.0,769.0,1396.0,3841.0,0.0,0.0,975.0,421.0,467.0,302.0
0.0,5917.0,1117.0,1378.0,2819.0,0.0,0.0,961.0,417.0,792.0,325.0
0.0,7619.0,1796.0,1379.0,0.0,0.0,0.0,964.0,415.0,1349.0,447.0
0.0,5823.0,2096.0,1399.0,0.0,1869.0,1869.0,981.0,418.0,1552.0,544.0
0.0,3727.0,1733.0,1418.0,0.0,3678.0,3678.0,996.0,422.0,1215.0,518.0
0.0,1994.0,1069.0,1419.0,1869.0,2882.0,2882.0,994.0,425.0,670.0,399.0
0.0,2794.0,770.0,1399.0,3678.0,0.0,0.0,977.0,422.0,463.0,307.0
0.0,5702.0,1174.0,1381.0,2882.0,0.0,0.0,963.0,418.0,830.0,344.0
0.0,7410.0,1837.0,1383.0,0.0,0.0,0.0,967.0,416.0,1375.0,462.0
0.0,5573.0,2114.0,1403.0,0.0,2153.0,2153.0,984.0,419.0,1568.0,546.0
0.0,3459.0,1727.0,1422.0,0.0,3956.0,3956.0,999.0,423.0,1217.0,510.0
0.0,1732.0,1044.0,1422.0,2153.0,2847.0,2847.0,997.0,425.0,649.0,395.0
0.0,2841.0,738.0,1402.0,3956.0,0.0,0.0,979.0,423.0,426.0,312.0
0.0,6059.0,1121.0,1384.0,2847.0,0.0,0.0,965.0,419.0,773.0,348.0
0.0,7785.0,1819.0,1385.0,0.0,0.0,0.0,968.0,417.0,1350.0,469.0
0.0,5966.0,2134.0,1406.0,0.0,1792.0,1792.0,987.0,419.0,1586.0,548.0
0.0,3832.0,1749.0,1425.0,0.0,3617.0,3617.0,1002.0,423.0,1240.0,509.0
0.0,2083.0,1051.0,1425.0,1792.0,2876.0,2876.0,1000.0,425.0,659.0,392.0
0.0,2824.0,731.0,1405.0,3617.0,0.0,0.0,982.0,423.0,418.0,313.0
0.0,5710.0,1112.0,1386.0,2876.0,0.0,0.0,967.0,419.0,765.0,347.0
0.0,7474.0,1820.0,1388.0,0.0,0.0,0.0,971.0,417.0,1353.0,467.0
0.0,5654.0,2135.0,1410.0,0.0,2121.0,2121.0,990.0,420.0,1583.0,552.0
0.0,3519.0,1749.0,1429.0,0.0,3946.0,3946.0,1005.0,424.0,1227.0,522.0
0.0,1770.0,1054.0,1428.0,2121.0,2875.0,2875.0,1002.0,426.0,649.0,405.0
0.0,2837.0,744.0,1408.0,3946.0,0.0,0.0,984.0,424.0,427.0,317.0
0.0,6039.0,1117.0,1390.0,2875.0,0.0,0.0,970.0,420.0,770.0,347.0
0.0,7797.0,1790.0,1392.0,0.0,0.0,0.0,974.0,418.0,1335.0,455.0
0.0,6007.0,2119.0,1414.0,0.0,1768.0,1768.0,993.0,421.0,1578.0,541.0
0.0,3888.0,1776.0,1435.0,0.0,3628.0,3628.0,1009.0,426.0,1264.0,512.0
0.0,2112.0,1073.0,1433.0,1768.0,2925.0,2925.0,1006.0,427.0,677.0,396.0
0.0,2807.0,707.0,1412.0,3628.0,0.0,0.0,987.0,425.0,395.0,312.0
0.0,5728.0,1068.0,1392.0,2925.0,0.0,0.0,971.0,421.0,723.0,345.0
0.0,7585.0,1772.0,1394.0,0.0,0.0,0.0,974.0,420.0,1314.0,458.0
0.0,5813.0,2140.0,1417.0,0.0,1995.0,1995.0,994.0,423.0,1596.0,544.0
0.0,3673.0,1784.0,1439.0,0.0,3867.0,3867.0,1012.0,427.0,1275.0,509.0
0.0,1889.0,1084.0,1438.0,1995.0,2952.0,2952.0,1010.0,428.0,694.0,390.0
0.0,2800.0,725.0,1417.0,3867.0,0.0,0.0,991.0,426.0,413.0,312.0
0.0,5942.0,1075.0,1398.0,2952.0,0.0,0.0,976.0,422.0,721.0,354.0
0.0,7819.0,1758.0,1400.0,0.0,0.0,0.0,978.0,422.0,1284.0,474.0
0.0,6061.0,2071.0,1422.0,0.0,1698.0,1698.0,997.0,425.0,1526.0,545.0
0.0,3990.0,1730.0,1442.0,0.0,3508.0,3508.0,1013.0,429.0,1230.0,500.0
0.0,2260.0,1077.0,1442.0,1698.0,2887.0,2887.0,1012.0,430.0,694.0,383.0
0.0,2881.0,757.0,1422.0,3508.0,56.0,56.0,995.0,427.0,452.0,305.0
0.0,5632.0,1089.0,1403.0,2887.0,0.0,0.0,980.0,423.0,740.0,349.0
0.0,7430.0,1729.0,1405.0,56.0,0.0,0.0,982.0,423.0,1262.0,467.0
0.0,5757.0,2038.0,1426.0,0.0,1985.0,1985.0,1000.0,426.0,1496.0,542.0
0.0,3719.0,1735.0,1445.0,0.0,3796.0,3796.0,1015.0,430.0,1229.0,506.0
0.0,1984.0,1127.0,1444.0,1985.0,2934.0,2934.0,1013.0,431.0,731.0,396.0
0.0,2842.0,815.0,1426.0,3796.0,0.0,0.0,997.0,429.0,496.0,319.0
0.0,5823.0,1113.0,1408.0,2934.0,0.0,0.0,983.0,425.0,760.0,353.0
0.0,7644.0,1723.0,1408.0,0.0,0.0,0.0,984.0,424.0,1260.0,463.0
0.0,5921.0,2035.0,1427.0,0.0,1822.0,1822.0,1000.0,427.0,1494.0,541.0
0.0,3886.0,1770.0,1446.0,0.0,3668.0,3668.0,1015.0,431.0,1253.0,517.0
0.0,2116.0,1202.0,1448.0,1822.0,3056.0,3056.0,1015.0,433.0,786.0,416.0
0.0,2736.0,886.0,1431.0,3668.0,206.0,206.0,1000.0,431.0,554.0,332.0
0.0,5518.0,1134.0,1412.0,3056.0,0.0,0.0,985.0,427.0,783.0,351.0
0.0,7440.0,1700.0,1412.0,206.0,0.0,0.0,986.0,426.0,1256.0,444.0
0.0,5946.0,2051.0,1430.0,0.0,1825.0,1825.0,1002.0,428.0,1522.0,529.0
0.0,3895.0,1836.0,1451.0,0.0,3745.0,3745.0,1019.0,432.0,1320.0,516.0
0.0,2059.0,1269.0,1453.0,1825.0,3197.0,3197.0,1019.0,434.0,839.0,430.0
0.0,2615.0,906.0,1435.0,3745.0,286.0,286.0,1003.0,432.0,548.0,358.0
0.0,5454.0,1095.0,1416.0,3197.0,0.0,0.0,987.0,429.0,728.0,367.0
0.0,7556.0,1648.0,1414.0,286.0,0.0,0.0,987.0,427.0,1202.0,446.0
0.0,6194.0,2034.0,1433.0,0.0,1572.0,1572.0,1003.0,430.0,1513.0,521.0
0.0,4160.0,1861.0,1455.0,0.0,3521.0,3521.0,1021.0,434.0,1349.0,512.0
0.0,2299.0,1309.0,1458.0,1572.0,3270.0,3270.0,1023.0,435.0,872.0,437.0
0.0,2562.0,913.0,1441.0,3521.0,594.0,594.0,1008.0,433.0,553.0,360.0
0.0,5170.0,1062.0,1420.0,3270.0,0.0,0.0,990.0,430.0,695.0,367.0
0.0,7378.0,1601.0,1418.0,594.0,0.0,0.0,989.0,429.0,1153.0,448.0
0.0,6371.0,2015.0,1436.0,0.0,1388.0,1388.0,1005.0,431.0,1490.0,525.0
0.0,4356.0,1868.0,1458.0,0.0,3344.0,3344.0,1023.0,435.0,1353.0,515.0
0.0,2488.0,1329.0,1462.0,1388.0,3301.0,3301.0,1025.0,437.0,900.0,429.0
0.0,2547.0,908.0,1444.0,3344.0,793.0,793.0,1010.0,434.0,553.0,355.0
0.0,4983.0,1045.0,1424.0,3301.0,0.0,0.0,993.0,431.0,689.0,356.0
0.0,7239.0,1597.0,1420.0,793.0,0.0,0.0,991.0,429.0,1155.0,442.0
0.0,6435.0,2013.0,1439.0,0.0,1334.0,1334.0,1008.0,431.0,1490.0,523.0
0.0,4422.0,1881.0,1461.0,0.0,3303.0,3303.0,1026.0,435.0,1362.0,519.0
0.0,2541.0,1318.0,1465.0,1334.0,3303.0,3303.0,1028.0,437.0,886.0,432.0
0.0,2557.0,879.0,1447.0,3303.0,807.0,807.0,1012.0,435.0,527.0,352.0
0.0,4981.0,1019.0,1426.0,3303.0,0.0,0.0,995.0,431.0,658.0,361.0
0.0,7265.0,1620.0,1423.0,807.0,0.0,0.0,993.0,430.0,1172.0,448.0
0.0,6452.0,2051.0,1442.0,0.0,1367.0,1367.0,1009.0,433.0,1524.0,527.0
0.0,4401.0,1869.0,1465.0,0.0,3328.0,3328.0,1028.0,437.0,1358.0,511.0
0.0,2532.0,1266.0,1468.0,1367.0,3239.0,3239.0,1030.0,438.0,851.0,415.0
0.0,2633.0,856.0,1451.0,3328.0,699.0,699.0,1015.0,436.0,511.0,345.0
0.0,5105.0,1032.0,1429.0,3239.0,0.0,0.0,997.0,432.0,670.0,362.0
0.0,7312.0,1622.0,1426.0,699.0,0.0,0.0,995.0,431.0,1171.0,451.0
0.0,6389.0,2036.0,1445.0,0.0,1427.0,1427.0,1011.0,434.0,1515.0,521.0
0.0,4353.0,1866.0,1466.0,0.0,3377.0,3377.0,1029.0,437.0,1355.0,511.0
0.0,2487.0,1289.0,1470.0,1427.0,3255.0,3255.0,1031.0,439.0,858.0,431.0
0.0,2625.0,885.0,1454.0,3377.0,699.0,699.0,1017.0,437.0,522.0,363.0
0.0,5117.0,1057.0,1434.0,3255.0,0.0,0.0,1000.0,434.0,680.0,377.0
0.0,7315.0,1622.0,1432.0,699.0,0.0,0.0,999.0,433.0,1170.0,452.0
0.0,6392.0,2025.0,1450.0,0.0,1433.0,1433.0,1015.0,435.0,1516.0,509.0
0.0,4367.0,1866.0,1472.0,0.0,3387.0,3387.0,1033.0,439.0,1361.0,505.0
0.0,2501.0,1263.0,1475.0,1433.0,3229.0,3229.0,1034.0,441.0,828.0,435.0
0.0,2671.0,848.0,1458.0,3387.0,622.0,622.0,1019.0,439.0,477.0,371.0
0.0,5210.0,1026.0,1439.0,3229.0,0.0,0.0,1003.0,436.0,645.0,381.0
0.0,7413.0,1617.0,1436.0,622.0,0.0,0.0,1002.0,434.0,1173.0,444.0
0.0,6418.0,2060.0,1455.0,0.0,1462.0,1462.0,1018.0,437.0,1556.0,504.0
0.0,4358.0,1904.0,1475.0,0.0,3446.0,3446.0,1035.0,440.0,1406.0,498.0
0.0,2454.0,1304.0,1478.0,1462.0,3300.0,3300.0,1037.0,441.0,872.0,432.0
0.0,2612.0,892.0,1463.0,3446.0,686.0,686.0,1023.0,440.0,513.0,379.0
0.0,5166.0,1053.0,1444.0,3300.0,0.0,0.0,1007.0,437.0,666.0,387.0
0.0,7413.0,1638.0,1442.0,686.0,0.0,0.0,1006.0,436.0,1191.0,447.0
0.0,6461.0,2074.0,1458.0,0.0,1445.0,1445.0,1021.0,437.0,1574.0,500.0
0.0,4387.0,1933.0,1478.0,0.0,3458.0,3458.0,1038.0,440.0,1433.0,500.0
0.0,2454.0,1343.0,1482.0,1445.0,3372.0,3372.0,1040.0,442.0,900.0,443.0
0.0,2556.0,916.0,1467.0,3458.0,770.0,770.0,1026.0,441.0,524.0,392.0
0.0,5098.0,1084.0,1449.0,3372.0,0.0,0.0,1010.0,439.0,690.0,394.0
0.0,7386.0,1682.0,1445.0,770.0,0.0,0.0,1008.0,437.0,1233.0,449.0
0.0,6474.0,2108.0,1462.0,0.0,1482.0,1482.0,1023.0,439.0,1603.0,505.0
0.0,4366.0,1939.0,1482.0,0.0,3501.0,3501.0,1040.0,442.0,1437.0,502.0
0.0,2427.0,1347.0,1486.0,1482.0,3382.0,3382.0,1043.0,443.0,898.0,449.0
0.0,2562.0,907.0,1472.0,3501.0,732.0,732.0,1030.0,442.0,513.0,394.0
0.0,5156.0,1060.0,1454.0,3382.0,0.0,0.0,1014.0,440.0,669.0,391.0
0.0,7478.0,1668.0,1449.0,732.0,0.0,0.0,1011.0,438.0,1222.0,446.0
0.0,6542.0,2090.0,1465.0,0.0,1408.0,1408.0,1025.0,440.0,1583.0,507.0
0.0,4452.0,1936.0,1485.0,0.0,3424.0,3424.0,1042.0,443.0,1419.0,517.0
0.0,2516.0,1354.0,1490.0,1408.0,3390.0,3390.0,1046.0,444.0,896.0,458.0
0.0,2570.0,911.0,1476.0,3424.0,821.0,821.0,1033.0,443.0,520.0,391.0
0.0,5083.0,1050.0,1459.0,3390.0,0.0,0.0,1018.0,441.0,668.0,382.0
0.0,7423.0,1648.0,1454.0,821.0,0.0,0.0,1015.0,439.0,1198.0,450.0
0.0,6596.0,2090.0,1469.0,0.0,1370.0,1370.0,1028.0,441.0,1579.0,511.0
0.0,4506.0,1947.0,1488.0,0.0,3393.0,3393.0,1044.0,444.0,1427.0,520.0
0.0,2559.0,1358.0,1495.0,1370.0,3409.0,3409.0,1049.0,446.0,903.0,455.0
0.0,2571.0,903.0,1482.0,3393.0,867.0,867.0,1037.0,445.0,529.0,374.0
0.0,5061.0,1028.0,1463.0,3409.0,0.0,0.0,1021.0,442.0,667.0,361.0
0.0,7442.0,1610.0,1457.0,867.0,0.0,0.0,1017.0,440.0,1181.0,429.0
0.0,6699.0,2077.0,1471.0,0.0,1262.0,1262.0,1030.0,441.0,1567.0,510.0
0.0,4622.0,1984.0,1493.0,0.0,3334.0,3334.0,1048.0,445.0,1445.0,539.0
0.0,2638.0,1418.0,1500.0,1262.0,3518.0,3518.0,1053.0,447.0,936.0,482.0
0.0,2482.0,933.0,1487.0,3334.0,1065.0,1065.0,1041.0,446.0,538.0,395.0
0.0,4883.0,1009.0,1467.0,3518.0,0.0,0.0,1024.0,443.0,655.0,354.0
0.0,7392.0,1565.0,1462.0,1065.0,0.0,0.0,1021.0,441.0,1161.0,404.0
0.0,6892.0,2058.0,1476.0,0.0,1070.0,1070.0,1034.0,442.0,1561.0,497.0
0.0,4834.0,1978.0,1498.0,0.0,3136.0,3136.0,1052.0,446.0,1436.0,542.0
0.0,2856.0,1420.0,1506.0,1070.0,3518.0,3518.0,1057.0,449.0,930.0,490.0
0.0,2506.0,923.0,1493.0,3136.0,1253.0,1253.0,1045.0,448.0,527.0,396.0
0.0,4719.0,1005.0,1473.0,3518.0,0.0,0.0,1028.0,445.0,644.0,361.0
0.0,7232.0,1575.0,1467.0,1253.0,0.0,0.0,1024.0,443.0,1164.0,411.0
0.0,6910.0,2051.0,1482.0,0.0,1069.0,1069.0,1038.0,444.0,1559.0,492.0
0.0,4859.0,1945.0,1502.0,0.0,3094.0,3094.0,1055.0,447.0,1411.0,534.0
0.0,2914.0,1382.0,1508.0,1069.0,3431.0,3431.0,1059.0,449.0,902.0,480.0
0.0,2601.0,926.0,1495.0,3094.0,1211.0,1211.0,1047.0,448.0,534.0,392.0
0.0,4769.0,1021.0,1476.0,3431.0,0.0,0.0,1031.0,445.0,663.0,358.0
0.0,7179.0,1584.0,1470.0,1211.0,0.0,0.0,1027.0,443.0,1164.0,420.0
0.0,6806.0,2050.0,1485.0,0.0,1184.0,1184.0,1040.0,445.0,1530.0,520.0
0.0,4756.0,1960.0,1506.0,0.0,3228.0,3228.0,1058.0,448.0,1410.0,550.0
0.0,2796.0,1421.0,1514.0,1184.0,3497.0,3497.0,1064.0,450.0,933.0,488.0
0.0,2559.0,943.0,1502.0,3228.0,1164.0,1164.0,1052.0,450.0,549.0,394.0
0.0,4844.0,1052.0,1482.0,3497.0,0.0,0.0,1035.0,447.0,686.0,366.0
0.0,7289.0,1607.0,1477.0,1164.0,0.0,0.0,1031.0,446.0,1177.0,430.0
0.0,6846.0,2072.0,1491.0,0.0,1190.0,1190.0,1044.0,447.0,1550.0,522.0
0.0,4774.0,1968.0,1512.0,0.0,3242.0,3242.0,1061.0,451.0,1419.0,549.0
0.0,2806.0,1414.0,1518.0,1190.0,3490.0,3490.0,1066.0,452.0,934.0,480.0
0.0,2582.0,948.0,1505.0,3242.0,1144.0,1144.0,1054.0,451.0,564.0,384.0
0.0,4876.0,1060.0,1486.0,3490.0,0.0,0.0,1037.0,449.0,692.0,368.0
0.0,7306.0,1643.0,1481.0,1144.0,0.0,0.0,1033.0,448.0,1201.0,442.0
0.0,6807.0,2121.0,1495.0,0.0,1294.0,1294.0,1046.0,449.0,1579.0,542.0
0.0,4686.0,2019.0,1517.0,0.0,3401.0,3401.0,1064.0,453.0,1459.0,560.0
0.0,2667.0,1454.0,1523.0,1294.0,3585.0,3585.0,1069.0,454.0,970.0,484.0
0.0,2507.0,974.0,1510.0,3401.0,1106.0,1106.0,1057.0,453.0,583.0,391.0
0.0,4934.0,1049.0,1490.0,3585.0,0.0,0.0,1039.0,451.0,683.0,366.0
0.0,7470.0,1621.0,1483.0,1106.0,0.0,0.0,1034.0,449.0,1188.0,433.0
0.0,6955.0,2109.0,1498.0,0.0,1146.0,1146.0,1047.0,451.0,1584.0,525.0
0.0,4846.0,2026.0,1520.0,0.0,3260.0,3260.0,1066.0,454.0,1473.0,553.0
0.0,2820.0,1467.0,1528.0,1146.0,3613.0,3613.0,1072.0,456.0,973.0,494.0
0.0,2499.0,974.0,1514.0,3260.0,1271.0,1271.0,1059.0,455.0,574.0,400.0
0.0,4785.0,1054.0,1494.0,3613.0,0.0,0.0,1042.0,452.0,687.0,367.0
0.0,7344.0,1628.0,1489.0,1271.0,0.0,0.0,1038.0,451.0,1195.0,433.0
0.0,6987.0,2110.0,1503.0,0.0,1135.0,1135.0,1051.0,452.0,1582.0,528.0
0.0,4877.0,2017.0,1524.0,0.0,3236.0,3236.0,1069.0,455.0,1466.0,551.0
0.0,2860.0,1451.0,1532.0,1135.0,3584.0,3584.0,1075.0,457.0,971.0,480.0
0.0,2544.0,979.0,1519.0,3236.0,1275.0,1275.0,1063.0,456.0,587.0,392.0
0.0,4801.0,1066.0,1499.0,3584.0,0.0,0.0,1046.0,453.0,689.0,377.0
0.0,7319.0,1598.0,1493.0,1275.0,0.0,0.0,1041.0,452.0,1160.0,438.0
0.0,6996.0,2034.0,1506.0,0.0,1062.0,1062.0,1053.0,453.0,1525.0,509.0
0.0,4962.0,1947.0,1526.0,0.0,3089.0,3089.0,1070.0,456.0,1416.0,531.0
0.0,3015.0,1433.0,1533.0,1062.0,3488.0,3488.0,1075.0,458.0,952.0,481.0
0.0,2644.0,1009.0,1522.0,3089.0,1364.0,1364.0,1064.0,458.0,602.0,407.0
0.0,4724.0,1107.0,1503.0,3488.0,0.0,0.0,1048.0,455.0,721.0,386.0
0.0,7105.0,1606.0,1496.0,1364.0,0.0,0.0,1043.0,453.0,1170.0,436.0
0.0,6863.0,2041.0,1508.0,0.0,1210.0,1210.0,1054.0,454.0,1535.0,506.0
0.0,4822.0,1976.0,1528.0,0.0,3266.0,3266.0,1072.0,456.0,1447.0,529.0
0.0,2846.0,1479.0,1537.0,1210.0,3571.0,3571.0,1078.0,459.0,999.0,480.0
0.0,2577.0,1022.0,1527.0,3266.0,1287.0,1287.0,1068.0,459.0,622.0,400.0
0.0,4821.0,1075.0,1507.0,3571.0,0.0,0.0,1051.0,456.0,701.0,374.0
0.0,7317.0,1565.0,1500.0,1287.0,0.0,0.0,1046.0,454.0,1141.0,424.0
0.0,7039.0,2034.0,1511.0,0.0,1039.0,1039.0,1057.0,454.0,1524.0,510.0
0.0,5005.0,1985.0,1532.0,0.0,3108.0,3108.0,1075.0,457.0,1445.0,540.0
0.0,3020.0,1465.0,1540.0,1039.0,3566.0,3566.0,1081.0,459.0,981.0,484.0
0.0,2594.0,1012.0,1530.0,3108.0,1430.0,1430.0,1071.0,459.0,612.0,400.0
0.0,4690.0,1088.0,1511.0,3566.0,0.0,0.0,1054.0,457.0,717.0,371.0
0.0,7168.0,1594.0,1505.0,1430.0,0.0,0.0,1050.0,455.0,1166.0,428.0
0.0,7004.0,2019.0,1517.0,0.0,1083.0,1083.0,1061.0,456.0,1503.0,516.0
0.0,4985.0,1916.0,1535.0,0.0,3071.0,3071.0,1077.0,458.0,1372.0,544.0
0.0,3069.0,1420.0,1544.0,1083.0,3444.0,3444.0,1083.0,461.0,944.0,476.0
0.0,2732.0,1017.0,1533.0,3071.0,1346.0,1346.0,1073.0,460.0,630.0,387.0
0.0,4786.0,1095.0,1514.0,3444.0,0.0,0.0,1057.0,457.0,726.0,369.0
0.0,7135.0,1602.0,1507.0,1346.0,0.0,0.0,1052.0,455.0,1159.0,443.0
0.0,6879.0,2026.0,1519.0,0.0,1223.0,1223.0,1063.0,456.0,1495.0,531.0
0.0,4853.0,1949.0,1538.0,0.0,3248.0,3248.0,1079.0,459.0,1398.0,551.0
0.0,2904.0,1459.0,1546.0,1223.0,3516.0,3516.0,1085.0,461.0,965.0,494.0
0.0,2668.0,1056.0,1535.0,3248.0,1280.0,1280.0,1074.0,461.0,643.0,413.0
0.0,4860.0,1140.0,1517.0,3516.0,0.0,0.0,1059.0,458.0,755.0,385.0
0.0,7236.0,1629.0,1511.0,1280.0,0.0,0.0,1055.0,456.0,1192.0,437.0
0.0,6887.0,2053.0,1523.0,0.0,1258.0,1258.0,1066.0,457.0,1535.0,518.0
0.0,4834.0,1994.0,1543.0,0.0,3332.0,3332.0,1083.0,460.0,1443.0,551.0
0.0,2840.0,1510.0,1552.0,1258.0,3620.0,3620.0,1089.0,463.0,1007.0,503.0
0.0,2588.0,1082.0,1541.0,3332.0,1326.0,1326.0,1079.0,462.0,663.0,419.0
0.0,4838.0,1132.0,1522.0,3620.0,0.0,0.0,1063.0,459.0,748.0,384.0
0.0,7326.0,1617.0,1515.0,1326.0,0.0,0.0,1058.0,457.0,1179.0,438.0
0.0,7035.0,2065.0,1527.0,0.0,1138.0,1138.0,1069.0,458.0,1544.0,521.0
0.0,4970.0,2044.0,1547.0,0.0,3262.0,3262.0,1086.0,461.0,1484.0,560.0
0.0,2926.0,1575.0,1557.0,1138.0,3739.0,3739.0,1093.0,464.0,1061.0,514.0
0.0,2489.0,1125.0,1548.0,3262.0,1566.0,1566.0,1084.0,464.0,698.0,427.0
0.0,4626.0,1119.0,1529.0,3739.0,0.0,0.0,1068.0,461.0,738.0,381.0
0.0,7246.0,1589.0,1521.0,1566.0,0.0,0.0,1062.0,459.0,1158.0,431.0
0.0,7223.0,2044.0,1531.0,0.0,945.0,945.0,1072.0,459.0,1517.0,527.0
0.0,5179.0,2035.0,1551.0,0.0,3060.0,3060.0,1089.0,462.0,1468.0,567.0
0.0,3144.0,1571.0,1561.0,945.0,3726.0,3726.0,1096.0,465.0,1064.0,507.0
0.0,2518.0,1110.0,1552.0,3060.0,1740.0,1740.0,1087.0,465.0,697.0,413.0
0.0,4468.0,1132.0,1533.0,3726.0,0.0,0.0,1071.0,462.0,749.0,383.0
0.0,7062.0,1600.0,1525.0,1740.0,0.0,0.0,1065.0,460.0,1163.0,437.0
0.0,7202.0,2057.0,1537.0,0.0,1003.0,1003.0,1076.0,461.0,1529.0,528.0
0.0,5145.0,2014.0,1556.0,0.0,3093.0,3093.0,1092.0,464.0,1456.0,558.0
0.0,3131.0,1513.0,1565.0,1003.0,3639.0,3639.0,1099.0,466.0,1010.0,503.0
0.0,2621.0,1065.0,1555.0,3093.0,1571.0,1571.0,1089.0,466.0,648.0,417.0
0.0,4649.0,1119.0,1537.0,3639.0,0.0,0.0,1074.0,463.0,741.0,378.0
0.0,7169.0,1610.0,1530.0,1571.0,0.0,0.0,1069.0,461.0,1183.0,427.0
0.0,7130.0,2065.0,1543.0,0.0,1107.0,1107.0,1081.0,462.0,1548.0,517.0
0.0,5065.0,2022.0,1562.0,0.0,3205.0,3205.0,1097.0,465.0,1463.0,559.0
0.0,3043.0,1506.0,1570.0,1107.0,3636.0,3636.0,1103.0,467.0,1001.0,505.0
0.0,2644.0,1054.0,1560.0,3205.0,1445.0,1445.0,1093.0,467.0,646.0,408.0
0.0,4795.0,1120.0,1541.0,3636.0,0.0,0.0,1077.0,464.0,751.0,369.0
0.0,7311.0,1623.0,1535.0,1445.0,0.0,0.0,1073.0,462.0,1196.0,427.0
0.0,7133.0,2064.0,1546.0,0.0,1115.0,1115.0,1083.0,463.0,1546.0,518.0
0.0,5069.0,2001.0,1565.0,0.0,3192.0,3192.0,1099.0,466.0,1447.0,554.0
0.0,3068.0,1506.0,1573.0,1115.0,3615.0,3615.0,1105.0,468.0,1003.0,503.0
0.0,2677.0,1061.0,1563.0,3192.0,1444.0,1444.0,1095.0,468.0,653.0,408.0
0.0,4808.0,1107.0,1545.0,3615.0,0.0,0.0,1080.0,465.0,737.0,370.0
0.0,7316.0,1607.0,1538.0,1444.0,0.0,0.0,1075.0,463.0,1185.0,422.0
0.0,7153.0,2050.0,1550.0,0.0,1097.0,1097.0,1086.0,464.0,1530.0,520.0
0.0,5103.0,1996.0,1569.0,0.0,3169.0,3169.0,1102.0,467.0,1426.0,570.0
0.0,3107.0,1502.0,1577.0,1097.0,3606.0,3606.0,1107.0,470.0,987.0,515.0
0.0,2702.0,1057.0,1566.0,3169.0,1450.0,1450.0,1097.0,469.0,650.0,407.0
0.0,4814.0,1104.0,1548.0,3606.0,0.0,0.0,1082.0,466.0,741.0,363.0
0.0,7316.0,1605.0,1542.0,1450.0,0.0,0.0,1078.0,464.0,1172.0,433.0
0.0,7161.0,2043.0,1554.0,0.0,1098.0,1098.0,1089.0,465.0,1509.0,534.0
0.0,5118.0,1976.0,1573.0,0.0,3150.0,3150.0,1104.0,469.0,1409.0,567.0
0.0,3142.0,1493.0,1581.0,1098.0,3577.0,3577.0,1109.0,472.0,989.0,504.0
0.0,2747.0,1059.0,1570.0,3150.0,1442.0,1442.0,1099.0,471.0,651.0,408.0
0.0,4838.0,1132.0,1553.0,3577.0,0.0,0.0,1085.0,468.0,752.0,380.0
0.0,7283.0,1644.0,1547.0,1442.0,0.0,0.0,1081.0,466.0,1203.0,441.0
0.0,7081.0,2076.0,1559.0,0.0,1231.0,1231.0,1092.0,467.0,1542.0,534.0
0.0,5005.0,1995.0,1578.0,0.0,3302.0,3302.0,1108.0,470.0,1424.0,571.0
0.0,3010.0,1493.0,1584.0,1231.0,3588.0,3588.0,1112.0,472.0,977.0,516.0
0.0,2748.0,1084.0,1574.0,3302.0,1330.0,1330.0,1102.0,472.0,658.0,426.0
0.0,4966.0,1175.0,1557.0,3588.0,0.0,0.0,1087.0,470.0,780.0,395.0
0.0,7379.0,1689.0,1550.0,1330.0,0.0,0.0,1083.0,467.0,1248.0,441.0
0.0,7020.0,2101.0,1562.0,0.0,1329.0,1329.0,1094.0,468.0,1569.0,532.0
0.0,4919.0,2035.0,1580.0,0.0,3436.0,3436.0,1109.0,471.0,1459.0,576.0
0.0,2884.0,1523.0,1588.0,1329.0,3662.0,3662.0,1114.0,474.0,996.0,527.0
0.0,2690.0,1100.0,1578.0,3436.0,1286.0,1286.0,1104.0,474.0,666.0,434.0
0.0,5026.0,1172.0,1561.0,3662.0,0.0,0.0,1090.0,471.0,788.0,384.0
0.0,7516.0,1701.0,1554.0,1286.0,0.0,0.0,1085.0,469.0,1259.0,442.0
0.0,7101.0,2148.0,1566.0,0.0,1311.0,1311.0,1096.0,470.0,1597.0,551.0
0.0,4953.0,2069.0,1583.0,0.0,3448.0,3448.0,1110.0,473.0,1466.0,603.0
0.0,2884.0,1545.0,1592.0,1311.0,3718.0,3718.0,1116.0,476.0,1005.0,540.0
0.0,2650.0,1094.0,1582.0,3448.0,1324.0,1324.0,1106.0,476.0,668.0,426.0
0.0,5004.0,1158.0,1565.0,3718.0,0.0,0.0,1092.0,473.0,782.0,376.0
0.0,7564.0,1676.0,1558.0,1324.0,0.0,0.0,1088.0,470.0,1249.0,427.0
0.0,7212.0,2117.0,1569.0,0.0,1181.0,1181.0,1098.0,471.0,1577.0,540.0
0.0,5095.0,2071.0,1587.0,0.0,3324.0,3324.0,1113.0,474.0,1471.0,600.0
0.0,3024.0,1561.0,1596.0,1181.0,3740.0,3740.0,1118.0,478.0,1014.0,547.0
0.0,2644.0,1116.0,1586.0,3324.0,1492.0,1492.0,1108.0,478.0,679.0,437.0
0.0,4852.0,1155.0,1569.0,3740.0,0.0,0.0,1094.0,475.0,782.0,373.0
0.0,7437.0,1635.0,1561.0,1492.0,0.0,0.0,1089.0,472.0,1217.0,418.0
0.0,7294.0,2082.0,1572.0,0.0,1076.0,1076.0,1100.0,472.0,1563.0,519.0
0.0,5212.0,2043.0,1591.0,0.0,3195.0,3195.0,1116.0,475.0,1460.0,583.0
0.0,3169.0,1555.0,1600.0,1076.0,3710.0,3710.0,1121.0,479.0,1008.0,547.0
0.0,2690.0,1121.0,1590.0,3195.0,1596.0,1596.0,1111.0,479.0,665.0,456.0
0.0,4764.0,1148.0,1573.0,3710.0,0.0,0.0,1096.0,477.0,762.0,386.0
0.0,7326.0,1633.0,1565.0,1596.0,0.0,0.0,1091.0,474.0,1220.0,413.0
0.0,7289.0,2094.0,1576.0,0.0,1109.0,1109.0,1102.0,474.0,1587.0,507.0
0.0,5195.0,2064.0,1596.0,0.0,3253.0,3253.0,1119.0,477.0,1497.0,567.0
0.0,3131.0,1559.0,1604.0,1109.0,3735.0,3735.0,1124.0,480.0,1028.0,531.0
0.0,2681.0,1097.0,1594.0,3253.0,1539.0,1539.0,1114.0,480.0,654.0,443.0
0.0,4837.0,1125.0,1576.0,3735.0,0.0,0.0,1098.0,478.0,740.0,385.0
0.0,7447.0,1620.0,1568.0,1539.0,0.0,0.0,1093.0,475.0,1201.0,419.0
0.0,7366.0,2100.0,1580.0,0.0,1054.0,1054.0,1105.0,475.0,1590.0,510.0
0.0,5266.0,2084.0,1600.0,0.0,3218.0,3218.0,1121.0,479.0,1510.0,574.0
0.0,3182.0,1567.0,1609.0,1054.0,3767.0,3767.0,1127.0,482.0,1036.0,531.0
0.0,2669.0,1084.0,1599.0,3218.0,1593.0,1593.0,1117.0,482.0,647.0,437.0
0.0,4803.0,1077.0,1580.0,3767.0,0.0,0.0,1101.0,479.0,703.0,374.0
0.0,7493.0,1604.0,1572.0,1593.0,0.0,0.0,1096.0,476.0,1191.0,413.0
0.0,7482.0,2108.0,1584.0,0.0,962.0,962.0,1108.0,476.0,1605.0,503.0
0.0,5374.0,2079.0,1604.0,0.0,3121.0,3121.0,1125.0,479.0,1510.0,569.0
0.0,3295.0,1563.0,1613.0,962.0,3758.0,3758.0,1130.0,483.0,1016.0,547.0
0.0,2694.0,1051.0,1602.0,3121.0,1644.0,1644.0,1119.0,483.0,599.0,452.0
0.0,4764.0,1052.0,1583.0,3758.0,0.0,0.0,1103.0,480.0,682.0,370.0
0.0,7470.0,1582.0,1576.0,1644.0,0.0,0.0,1099.0,477.0,1184.0,398.0
0.0,7532.0,2126.0,1588.0,0.0,946.0,946.0,1111.0,477.0,1618.0,508.0
0.0,5406.0,2120.0,1608.0,0.0,3146.0,3146.0,1128.0,480.0,1529.0,591.0
0.0,3286.0,1580.0,1617.0,946.0,3816.0,3816.0,1133.0,484.0,1016.0,564.0
0.0,2652.0,1042.0,1605.0,3146.0,1664.0,1664.0,1121.0,484.0,586.0,456.0
0.0,4756.0,1060.0,1585.0,3816.0,0.0,0.0,1104.0,481.0,689.0,371.0
0.0,7512.0,1621.0,1578.0,1664.0,0.0,0.0,1100.0,478.0,1216.0,405.0
0.0,7555.0,2166.0,1591.0,0.0,975.0,975.0,1113.0,478.0,1642.0,524.0
0.0,5389.0,2168.0,1612.0,0.0,3227.0,3227.0,1131.0,481.0,1564.0,604.0
0.0,3221.0,1641.0,1621.0,975.0,3929.0,3929.0,1136.0,485.0,1072.0,569.0
0.0,2555.0,1100.0,1609.0,3227.0,1754.0,1754.0,1124.0,485.0,639.0,461.0
0.0,4682.0,1097.0,1590.0,3929.0,0.0,0.0,1108.0,482.0,718.0,379.0
0.0,7514.0,1648.0,1583.0,1754.0,0.0,0.0,1104.0,479.0,1223.0,425.0
0.0,7620.0,2197.0,1595.0,0.0,957.0,957.0,1116.0,479.0,1658.0,539.0
0.0,5423.0,2218.0,1617.0,0.0,3263.0,3263.0,1134.0,483.0,1605.0,613.0
0.0,3205.0,1672.0,1626.0,957.0,4014.0,4014.0,1140.0,486.0,1106.0,566.0
0.0,2490.0,1124.0,1615.0,3263.0,1831.0,1831.0,1129.0,486.0,673.0,451.0
0.0,4629.0,1108.0,1595.0,4014.0,0.0,0.0,1112.0,483.0,726.0,382.0
0.0,7535.0,1635.0,1588.0,1831.0,0.0,0.0,1108.0,480.0,1210.0,425.0
0.0,7731.0,2209.0,1600.0,0.0,878.0,878.0,1120.0,480.0,1663.0,546.0
0.0,5522.0,2232.0,1622.0,0.0,3198.0,3198.0,1138.0,484.0,1615.0,617.0
0.0,3290.0,1656.0,1631.0,878.0,4012.0,4012.0,1144.0,487.0,1092.0,564.0
0.0,2512.0,1090.0,1621.0,3198.0,1864.0,1864.0,1133.0,488.0,640.0,450.0
0.0,4620.0,1082.0,1601.0,4012.0,0.0,0.0,1116.0,485.0,688.0,394.0
0.0,7550.0,1616.0,1592.0,1864.0,0.0,0.0,1110.0,482.0,1181.0,435.0
0.0,7798.0,2175.0,1604.0,0.0,793.0,793.0,1122.0,482.0,1638.0,537.0
0.0,5623.0,2199.0,1625.0,0.0,3076.0,3076.0,1140.0,485.0,1604.0,595.0
0.0,3424.0,1650.0,1634.0,793.0,3969.0,3969.0,1146.0,488.0,1103.0,547.0
0.0,2567.0,1079.0,1623.0,3076.0,1928.0,1928.0,1135.0,488.0,634.0,445.0
0.0,4564.0,1070.0,1604.0,3969.0,0.0,0.0,1118.0,486.0,672.0,398.0
0.0,7463.0,1633.0,1595.0,1928.0,0.0,0.0,1112.0,483.0,1186.0,447.0
0.0,7758.0,2187.0,1608.0,0.0,861.0,861.0,1125.0,483.0,1647.0,540.0
0.0,5571.0,2180.0,1628.0,0.0,3121.0,3121.0,1142.0,486.0,1591.0,589.0
0.0,3391.0,1604.0,1637.0,861.0,3900.0,3900.0,1148.0,489.0,1070.0,534.0
0.0,2648.0,1047.0,1626.0,3121.0,1782.0,1782.0,1137.0,489.0,614.0,433.0
0.0,4722.0,1088.0,1607.0,3900.0,0.0,0.0,1120.0,487.0,693.0,395.0
0.0,7534.0,1687.0,1599.0,1782.0,0.0,0.0,1114.0,485.0,1236.0,451.0
0.0,7629.0,2230.0,1612.0,0.0,1049.0,1049.0,1127.0,485.0,1692.0,538.0
0.0,5399.0,2172.0,1633.0,0.0,3305.0,3305.0,1146.0,487.0,1603.0,569.0
0.0,3227.0,1580.0,1642.0,1049.0,3872.0,3872.0,1152.0,490.0,1056.0,524.0
0.0,2696.0,1054.0,1630.0,3305.0,1573.0,1573.0,1140.0,490.0,611.0,443.0
0.0,4947.0,1092.0,1611.0,3872.0,0.0,0.0,1123.0,488.0,691.0,401.0
0.0,7727.0,1665.0,1604.0,1573.0,0.0,0.0,1118.0,486.0,1229.0,436.0
0.0,7635.0,2199.0,1616.0,0.0,1028.0,1028.0,1130.0,486.0,1668.0,531.0
0.0,5436.0,2164.0,1636.0,0.0,3272.0,3272.0,1148.0,488.0,1590.0,574.0
0.0,3272.0,1576.0,1646.0,1028.0,3860.0,3860.0,1155.0,491.0,1053.0,523.0
0.0,2724.0,1016.0,1634.0,3272.0,1556.0,1556.0,1143.0,491.0,588.0,428.0
0.0,4980.0,1063.0,1614.0,3860.0,0.0,0.0,1125.0,489.0,677.0,386.0
0.0,7777.0,1652.0,1606.0,1556.0,0.0,0.0,1119.0,487.0,1209.0,443.0
0.0,7681.0,2194.0,1619.0,0.0,989.0,989.0,1132.0,487.0,1656.0,538.0
0.0,5487.0,2182.0,1640.0,0.0,3255.0,3255.0,1151.0,489.0,1596.0,586.0
0.0,3305.0,1580.0,1650.0,989.0,3886.0,3886.0,1158.0,492.0,1057.0,523.0
0.0,2714.0,1005.0,1640.0,3255.0,1596.0,1596.0,1147.0,493.0,586.0,419.0
0.0,4964.0,1043.0,1618.0,3886.0,0.0,0.0,1128.0,490.0,658.0,385.0
0.0,7807.0,1665.0,1610.0,1596.0,0.0,0.0,1122.0,488.0,1213.0,452.0
0.0,7738.0,2225.0,1622.0,0.0,975.0,975.0,1135.0,487.0,1670.0,555.0
0.0,5513.0,2189.0,1644.0,0.0,3252.0,3252.0,1154.0,490.0,1603.0,586.0
0.0,3324.0,1600.0,1654.0,975.0,3917.0,3917.0,1161.0,493.0,1068.0,532.0
0.0,2699.0,1037.0,1644.0,3252.0,1662.0,1662.0,1150.0,494.0,602.0,435.0
0.0,4914.0,1079.0,1622.0,3917.0,0.0,0.0,1131.0,491.0,676.0,403.0
0.0,7752.0,1682.0,1612.0,1662.0,0.0,0.0,1124.0,488.0,1223.0,459.0
0.0,7732.0,2268.0,1625.0,0.0,1036.0,1036.0,1137.0,488.0,1720.0,548.0
0.0,5464.0,2246.0,1646.0,0.0,3366.0,3366.0,1156.0,490.0,1657.0,589.0
0.0,3218.0,1629.0,1658.0,1036.0,4007.0,4007.0,1164.0,494.0,1091.0,538.0
0.0,2625.0,1051.0,1646.0,3366.0,1644.0,1644.0,1152.0,494.0,602.0,449.0
0.0,4940.0,1106.0,1625.0,4007.0,0.0,0.0,1133.0,492.0,688.0,418.0
0.0,7841.0,1734.0,1615.0,1644.0,0.0,0.0,1126.0,489.0,1262.0,472.0
0.0,7751.0,2322.0,1628.0,0.0,1083.0,1083.0,1139.0,489.0,1755.0,567.0
0.0,5429.0,2286.0,1650.0,0.0,3457.0,3457.0,1158.0,492.0,1682.0,604.0
0.0,3143.0,1657.0,1661.0,1083.0,4075.0,4075.0,1166.0,495.0,1115.0,542.0
0.0,2569.0,1044.0,1649.0,3457.0,1614.0,1614.0,1154.0,495.0,604.0,440.0
0.0,4982.0,1062.0,1628.0,4075.0,0.0,0.0,1135.0,493.0,655.0,407.0
0.0,7995.0,1713.0,1618.0,1614.0,0.0,0.0,1128.0,490.0,1235.0,478.0
0.0,7896.0,2365.0,1631.0,0.0,993.0,993.0,1141.0,490.0,1781.0,584.0
0.0,5531.0,2334.0,1655.0,0.0,3423.0,3423.0,1162.0,493.0,1720.0,614.0
0.0,3197.0,1661.0,1666.0,993.0,4135.0,4135.0,1170.0,496.0,1113.0,548.0
0.0,2529.0,1025.0,1655.0,3423.0,1693.0,1693.0,1158.0,497.0,582.0,443.0
0.0,4927.0,1061.0,1633.0,4135.0,0.0,0.0,1139.0,494.0,659.0,402.0
0.0,8001.0,1722.0,1624.0,1693.0,0.0,0.0,1133.0,491.0,1256.0,466.0
0.0,7972.0,2363.0,1638.0,0.0,943.0,943.0,1146.0,492.0,1778.0,585.0
0.0,5609.0,2327.0,1662.0,0.0,3366.0,3366.0,1166.0,496.0,1702.0,625.0
0.0,3282.0,1632.0,1672.0,943.0,4095.0,4095.0,1174.0,498.0,1091.0,541.0
0.0,2593.0,953.0,1660.0,3366.0,1634.0,1634.0,1162.0,498.0,537.0,416.0
0.0,5006.0,990.0,1637.0,4095.0,0.0,0.0,1142.0,495.0,602.0,388.0
0.0,8111.0,1723.0,1628.0,1634.0,0.0,0.0,1135.0,493.0,1240.0,483.0
0.0,8022.0,2410.0,1643.0,0.0,960.0,960.0,1149.0,494.0,1811.0,599.0
0.0,5612.0,2352.0,1669.0,0.0,3416.0,3416.0,1171.0,498.0,1733.0,619.0
0.0,3260.0,1605.0,1678.0,960.0,4097.0,4097.0,1178.0,500.0,1087.0,518.0
0.0,2615.0,909.0,1663.0,3416.0,1530.0,1530.0,1164.0,499.0,509.0,400.0
0.0,5122.0,958.0,1639.0,4097.0,0.0,0.0,1143.0,496.0,577.0,381.0
0.0,8261.0,1704.0,1630.0,1530.0,0.0,0.0,1136.0,494.0,1237.0,467.0
0.0,8087.0,2398.0,1645.0,0.0,891.0,891.0,1150.0,495.0,1818.0,580.0
0.0,5689.0,2359.0,1670.0,0.0,3350.0,3350.0,1172.0,498.0,1749.0,610.0
0.0,3330.0,1614.0,1681.0,891.0,4117.0,4117.0,1180.0,501.0,1093.0,521.0
0.0,2607.0,915.0,1666.0,3350.0,1622.0,1622.0,1166.0,500.0,510.0,405.0
0.0,5042.0,982.0,1643.0,4117.0,0.0,0.0,1146.0,497.0,607.0,375.0
0.0,8177.0,1717.0,1634.0,1622.0,0.0,0.0,1139.0,495.0,1260.0,457.0
0.0,8082.0,2390.0,1650.0,0.0,908.0,908.0,1154.0,496.0,1813.0,577.0
0.0,5692.0,2331.0,1676.0,0.0,3343.0,3343.0,1176.0,500.0,1712.0,619.0
0.0,3361.0,1565.0,1685.0,908.0,4036.0,4036.0,1183.0,502.0,1040.0,525.0
0.0,2704.0,898.0,1670.0,3343.0,1531.0,1531.0,1169.0,501.0,499.0,399.0
0.0,5149.0,995.0,1647.0,4036.0,0.0,0.0,1149.0,498.0,625.0,370.0
0.0,8190.0,1741.0,1639.0,1531.0,0.0,0.0,1143.0,496.0,1275.0,466.0
0.0,7980.0,2398.0,1654.0,0.0,1034.0,1034.0,1157.0,497.0,1808.0,590.0
0.0,5582.0,2295.0,1679.0,0.0,3429.0,3429.0,1178.0,501.0,1678.0,617.0
0.0,3287.0,1549.0,1690.0,1034.0,3988.0,3988.0,1186.0,504.0,1030.0,519.0
0.0,2772.0,895.0,1674.0,3429.0,1390.0,1390.0,1172.0,502.0,496.0,399.0
0.0,5306.0,1005.0,1651.0,3988.0,0.0,0.0,1152.0,499.0,629.0,376.0
0.0,8289.0,1770.0,1643.0,1390.0,0.0,0.0,1146.0,497.0,1302.0,468.0
0.0,7909.0,2436.0,1659.0,0.0,1163.0,1163.0,1161.0,498.0,1846.0,590.0
0.0,5473.0,2337.0,1684.0,0.0,3600.0,3600.0,1182.0,502.0,1706.0,631.0
0.0,3136.0,1584.0,1693.0,1163.0,4057.0,4057.0,1189.0,504.0,1043.0,541.0
0.0,2715.0,949.0,1679.0,3600.0,1350.0,1350.0,1176.0,503.0,536.0,413.0
0.0,5366.0,1050.0,1656.0,4057.0,0.0,0.0,1156.0,500.0,678.0,372.0
0.0,8373.0,1789.0,1648.0,1350.0,0.0,0.0,1150.0,498.0,1331.0,458.0
0.0,7934.0,2424.0,1663.0,0.0,1142.0,1142.0,1164.0,499.0,1835.0,589.0
0.0,5510.0,2345.0,1687.0,0.0,3583.0,3583.0,1185.0,502.0,1704.0,641.0
0.0,3165.0,1665.0,1698.0,1142.0,4150.0,4150.0,1193.0,505.0,1091.0,574.0
0.0,2642.0,1019.0,1685.0,3583.0,1534.0,1534.0,1180.0,505.0,571.0,448.0
0.0,5206.0,1082.0,1660.0,4150.0,0.0,0.0,1159.0,501.0,696.0,386.0
0.0,8274.0,1779.0,1651.0,1534.0,0.0,0.0,1153.0,498.0,1329.0,450.0
0.0,8029.0,2434.0,1666.0,0.0,1069.0,1069.0,1167.0,499.0,1856.0,578.0
0.0,5595.0,2376.0,1692.0,0.0,3549.0,3549.0,1189.0,503.0,1734.0,642.0
0.0,3219.0,1655.0,1702.0,1069.0,4175.0,4175.0,1196.0,506.0,1068.0,587.0
0.0,2633.0,1026.0,1690.0,3549.0,1604.0,1604.0,1184.0,506.0,561.0,465.0
0.0,5156.0,1077.0,1664.0,4175.0,0.0,0.0,1162.0,502.0,686.0,391.0
0.0,8254.0,1785.0,1654.0,1604.0,0.0,0.0,1155.0,499.0,1338.0,447.0
0.0,8073.0,2438.0,1669.0,0.0,1041.0,1041.0,1169.0,500.0,1858.0,580.0
0.0,5635.0,2376.0,1695.0,0.0,3521.0,3521.0,1191.0,504.0,1719.0,657.0
0.0,3259.0,1654.0,1707.0,1041.0,4182.0,4182.0,1199.0,508.0,1061.0,593.0
0.0,2646.0,997.0,1692.0,3521.0,1598.0,1598.0,1185.0,507.0,537.0,460.0
0.0,5170.0,1056.0,1668.0,4182.0,0.0,0.0,1164.0,504.0,673.0,383.0
0.0,8296.0,1771.0,1657.0,1598.0,0.0,0.0,1157.0,500.0,1331.0,440.0
0.0,8123.0,2437.0,1673.0,0.0,1006.0,1006.0,1172.0,501.0,1860.0,577.0
0.0,5686.0,2376.0,1699.0,0.0,3486.0,3486.0,1194.0,505.0,1725.0,651.0
0.0,3310.0,1652.0,1712.0,1006.0,4184.0,4184.0,1203.0,509.0,1063.0,589.0
0.0,2664.0,993.0,1698.0,3486.0,1635.0,1635.0,1190.0,508.0,543.0,450.0
0.0,5157.0,1032.0,1672.0,4184.0,0.0,0.0,1168.0,504.0,663.0,369.0
0.0,8309.0,1749.0,1660.0,1635.0,0.0,0.0,1160.0,500.0,1316.0,433.0
0.0,8195.0,2434.0,1677.0,0.0,947.0,947.0,1175.0,502.0,1853.0,581.0
0.0,5761.0,2408.0,1705.0,0.0,3467.0,3467.0,1198.0,507.0,1743.0,665.0
0.0,3353.0,1678.0,1719.0,947.0,4254.0,4254.0,1208.0,511.0,1083.0,595.0
0.0,2622.0,978.0,1705.0,3467.0,1709.0,1709.0,1195.0,510.0,537.0,441.0
0.0,5111.0,996.0,1678.0,4254.0,0.0,0.0,1172.0,506.0,641.0,355.0
0.0,8369.0,1733.0,1666.0,1709.0,0.0,0.0,1164.0,502.0,1312.0,421.0
0.0,8345.0,2430.0,1681.0,0.0,809.0,809.0,1178.0,503.0,1864.0,566.0
0.0,5915.0,2393.0,1710.0,0.0,3318.0,3318.0,1202.0,508.0,1745.0,648.0
0.0,3522.0,1670.0,1723.0,809.0,4231.0,4231.0,1211.0,512.0,1073.0,597.0
0.0,2661.0,972.0,1709.0,3318.0,1829.0,1829.0,1197.0,512.0,520.0,452.0
0.0,5007.0,980.0,1682.0,4231.0,0.0,0.0,1174.0,508.0,619.0,361.0
0.0,8258.0,1709.0,1670.0,1829.0,0.0,0.0,1166.0,504.0,1291.0,418.0
0.0,8378.0,2411.0,1686.0,0.0,777.0,777.0,1181.0,505.0,1853.0,558.0
0.0,5967.0,2377.0,1715.0,0.0,3270.0,3270.0,1205.0,510.0,1728.0,649.0
0.0,3590.0,1642.0,1727.0,777.0,4183.0,4183.0,1213.0,514.0,1051.0,591.0
0.0,2725.0,941.0,1711.0,3270.0,1790.0,1790.0,1198.0,513.0,497.0,444.0
0.0,5054.0,975.0,1684.0,4183.0,0.0,0.0,1175.0,509.0,609.0,366.0
0.0,8262.0,1704.0,1673.0,1790.0,0.0,0.0,1168.0,505.0,1283.0,421.0
0.0,8348.0,2420.0,1690.0,0.0,832.0,832.0,1184.0,506.0,1863.0,557.0
0.0,5928.0,2395.0,1719.0,0.0,3343.0,3343.0,1208.0,511.0,1752.0,643.0
0.0,3533.0,1657.0,1731.0,832.0,4216.0,4216.0,1216.0,515.0,1065.0,592.0
0.0,2708.0,949.0,1715.0,3343.0,1758.0,1758.0,1200.0,515.0,483.0,466.0
0.0,5102.0,999.0,1688.0,4216.0,0.0,0.0,1177.0,511.0,621.0,378.0
0.0,8319.0,1753.0,1677.0,1758.0,0.0,0.0,1170.0,507.0,1336.0,417.0
0.0,8324.0,2465.0,1694.0,0.0,917.0,917.0,1187.0,507.0,1915.0,550.0
0.0,5859.0,2424.0,1721.0,0.0,3449.0,3449.0,1210.0,511.0,1778.0,646.0
0.0,3435.0,1674.0,1734.0,917.0,4258.0,4258.0,1218.0,516.0,1062.0,612.0
0.0,2678.0,970.0,1718.0,3449.0,1715.0,1715.0,1202.0,516.0,491.0,479.0
0.0,5157.0,1023.0,1691.0,4258.0,0.0,0.0,1179.0,512.0,640.0,383.0
0.0,8392.0,1788.0,1680.0,1715.0,0.0,0.0,1172.0,508.0,1372.0,416.0
0.0,8319.0,2510.0,1697.0,0.0,979.0,979.0,1189.0,508.0,1959.0,551.0
0.0,5809.0,2471.0,1725.0,0.0,3562.0,3562.0,1213.0,512.0,1820.0,651.0
0.0,3338.0,1730.0,1737.0,979.0,4361.0,4361.0,1221.0,516.0,1111.0,619.0
0.0,2587.0,1015.0,1723.0,3562.0,1758.0,1758.0,1206.0,517.0,531.0,484.0
0.0,5134.0,1057.0,1696.0,4361.0,0.0,0.0,1183.0,513.0,657.0,400.0
0.0,8438.0,1806.0,1685.0,1758.0,0.0,0.0,1176.0,509.0,1368.0,438.0
0.0,8390.0,2500.0,1701.0,0.0,914.0,914.0,1192.0,509.0,1930.0,570.0
0.0,5890.0,2449.0,1729.0,0.0,3475.0,3475.0,1216.0,513.0,1793.0,656.0
0.0,3441.0,1702.0,1740.0,914.0,4307.0,4307.0,1223.0,517.0,1081.0,621.0
0.0,2653.0,1029.0,1726.0,3475.0,1805.0,1805.0,1208.0,518.0,528.0,501.0
0.0,5099.0,1082.0,1700.0,4307.0,0.0,0.0,1185.0,515.0,671.0,411.0
0.0,8324.0,1830.0,1690.0,1805.0,0.0,0.0,1179.0,511.0,1386.0,444.0
0.0,8299.0,2514.0,1706.0,0.0,1039.0,1039.0,1196.0,510.0,1947.0,567.0
0.0,5785.0,2430.0,1734.0,0.0,3581.0,3581.0,1220.0,514.0,1780.0,650.0
0.0,3355.0,1648.0,1745.0,1039.0,4234.0,4234.0,1227.0,518.0,1036.0,612.0
0.0,2746.0,947.0,1729.0,3581.0,1536.0,1536.0,1210.0,519.0,463.0,484.0
0.0,5380.0,1057.0,1703.0,4234.0,0.0,0.0,1187.0,516.0,659.0,398.0
0.0,8557.0,1850.0,1693.0,1536.0,0.0,0.0,1181.0,512.0,1409.0,441.0
0.0,8243.0,2511.0,1709.0,0.0,1104.0,1104.0,1198.0,511.0,1952.0,559.0
0.0,5732.0,2408.0,1736.0,0.0,3620.0,3620.0,1221.0,515.0,1757.0,651.0
0.0,3324.0,1654.0,1748.0,1104.0,4218.0,4218.0,1228.0,520.0,1036.0,618.0
0.0,2774.0,999.0,1734.0,3620.0,1541.0,1541.0,1213.0,521.0,513.0,486.0
0.0,5395.0,1083.0,1707.0,4218.0,0.0,0.0,1190.0,517.0,688.0,395.0
0.0,8530.0,1832.0,1697.0,1541.0,0.0,0.0,1184.0,513.0,1396.0,436.0
0.0,8239.0,2501.0,1712.0,0.0,1110.0,1110.0,1200.0,512.0,1936.0,565.0
0.0,5738.0,2388.0,1739.0,0.0,3606.0,3606.0,1223.0,516.0,1742.0,646.0
0.0,3350.0,1632.0,1752.0,1110.0,4180.0,4180.0,1231.0,521.0,1024.0,608.0
0.0,2828.0,984.0,1737.0,3606.0,1498.0,1498.0,1215.0,522.0,495.0,489.0
0.0,5450.0,1093.0,1712.0,4180.0,0.0,0.0,1193.0,519.0,696.0,397.0
0.0,8537.0,1840.0,1701.0,1498.0,0.0,0.0,1186.0,515.0,1413.0,427.0
0.0,8195.0,2466.0,1716.0,0.0,1135.0,1135.0,1202.0,514.0,1919.0,547.0
0.0,5729.0,2370.0,1744.0,0.0,3617.0,3617.0,1226.0,518.0,1726.0,644.0
0.0,3359.0,1626.0,1755.0,1135.0,4152.0,4152.0,1233.0,522.0,1011.0,615.0
0.0,2868.0,972.0,1742.0,3617.0,1455.0,1455.0,1218.0,524.0,483.0,489.0
0.0,5513.0,1066.0,1716.0,4152.0,0.0,0.0,1195.0,521.0,674.0,392.0
0.0,8599.0,1827.0,1705.0,1455.0,0.0,0.0,1189.0,516.0,1399.0,428.0
0.0,8227.0,2488.0,1722.0,0.0,1149.0,1149.0,1206.0,516.0,1940.0,548.0
0.0,5739.0,2378.0,1749.0,0.0,3635.0,3635.0,1230.0,519.0,1744.0,634.0
0.0,3361.0,1621.0,1762.0,1149.0,4159.0,4159.0,1238.0,524.0,1018.0,603.0
0.0,2889.0,948.0,1747.0,3635.0,1412.0,1412.0,1222.0,525.0,458.0,490.0
0.0,5576.0,1043.0,1720.0,4159.0,0.0,0.0,1198.0,522.0,635.0,408.0
0.0,8692.0,1812.0,1709.0,1412.0,0.0,0.0,1191.0,518.0,1370.0,442.0
0.0,8292.0,2483.0,1725.0,0.0,1091.0,1091.0,1208.0,517.0,1939.0,544.0
0.0,5809.0,2398.0,1753.0,0.0,3601.0,3601.0,1233.0,520.0,1785.0,613.0
0.0,3411.0,1644.0,1765.0,1091.0,4202.0,4202.0,1241.0,524.0,1053.0,591.0
0.0,2858.0,973.0,1750.0,3601.0,1514.0,1514.0,1224.0,526.0,472.0,501.0
0.0,5486.0,1074.0,1724.0,4202.0,0.0,0.0,1200.0,524.0,649.0,425.0
0.0,8614.0,1840.0,1713.0,1514.0,0.0,0.0,1193.0,520.0,1394.0,446.0
0.0,8288.0,2522.0,1728.0,0.0,1146.0,1146.0,1210.0,518.0,1980.0,542.0
0.0,5766.0,2437.0,1757.0,0.0,3699.0,3699.0,1236.0,521.0,1813.0,624.0
0.0,3329.0,1687.0,1769.0,1146.0,4288.0,4288.0,1244.0,525.0,1081.0,606.0
0.0,2788.0,1010.0,1754.0,3699.0,1539.0,1539.0,1227.0,527.0,503.0,507.0
0.0,5477.0,1113.0,1728.0,4288.0,0.0,0.0,1203.0,525.0,680.0,433.0
0.0,8652.0,1890.0,1716.0,1539.0,0.0,0.0,1195.0,521.0,1432.0,458.0
0.0,8301.0,2567.0,1733.0,0.0,1198.0,1198.0,1213.0,520.0,2021.0,546.0
0.0,5734.0,2464.0,1760.0,0.0,3770.0,3770.0,1238.0,522.0,1844.0,620.0
0.0,3270.0,1673.0,1772.0,1198.0,4293.0,4293.0,1246.0,526.0,1072.0,601.0
0.0,2795.0,998.0,1757.0,3770.0,1461.0,1461.0,1229.0,528.0,474.0,524.0
0.0,5567.0,1108.0,1730.0,4293.0,0.0,0.0,1204.0,526.0,654.0,454.0
0.0,8752.0,1899.0,1719.0,1461.0,0.0,0.0,1197.0,522.0,1437.0,462.0
0.0,8314.0,2576.0,1736.0,0.0,1206.0,1206.0,1216.0,520.0,2035.0,541.0
0.0,5738.0,2477.0,1764.0,0.0,3795.0,3795.0,1241.0,523.0,1863.0,614.0
0.0,3261.0,1692.0,1775.0,1206.0,4325.0,4325.0,1249.0,526.0,1085.0,607.0
0.0,2775.0,1000.0,1760.0,3795.0,1470.0,1470.0,1232.0,528.0,462.0,538.0
0.0,5570.0,1082.0,1732.0,4325.0,0.0,0.0,1206.0,526.0,618.0,464.0
0.0,8813.0,1860.0,1722.0,1470.0,0.0,0.0,1199.0,523.0,1398.0,462.0
0.0,8423.0,2566.0,1739.0,0.0,1099.0,1099.0,1218.0,521.0,2025.0,541.0
0.0,5857.0,2481.0,1769.0,0.0,3700.0,3700.0,1245.0,524.0,1864.0,617.0
0.0,3376.0,1715.0,1781.0,1099.0,4364.0,4364.0,1253.0,528.0,1091.0,624.0
0.0,2760.0,1016.0,1765.0,3700.0,1616.0,1616.0,1235.0,530.0,468.0,548.0
0.0,5444.0,1083.0,1737.0,4364.0,0.0,0.0,1209.0,528.0,620.0,463.0
0.0,8725.0,1841.0,1726.0,1616.0,0.0,0.0,1202.0,524.0,1397.0,444.0
0.0,8500.0,2530.0,1743.0,0.0,1002.0,1002.0,1221.0,522.0,2010.0,520.0
0.0,5970.0,2463.0,1772.0,0.0,3581.0,3581.0,1247.0,525.0,1850.0,613.0
0.0,3507.0,1725.0,1784.0,1002.0,4352.0,4352.0,1255.0,529.0,1099.0,626.0
0.0,2784.0,1048.0,1770.0,3581.0,1763.0,1763.0,1238.0,532.0,500.0,548.0
0.0,5317.0,1109.0,1743.0,4352.0,0.0,0.0,1213.0,530.0,647.0,462.0
0.0,8560.0,1841.0,1732.0,1763.0,0.0,0.0,1206.0,526.0,1388.0,453.0
0.0,8482.0,2494.0,1748.0,0.0,1004.0,1004.0,1224.0,524.0,1974.0,520.0
0.0,5988.0,2440.0,1776.0,0.0,3556.0,3556.0,1250.0,526.0,1845.0,595.0
0.0,3548.0,1716.0,1788.0,1004.0,4316.0,4316.0,1258.0,530.0,1108.0,608.0
0.0,2836.0,1067.0,1773.0,3556.0,1767.0,1767.0,1241.0,532.0,524.0,543.0
0.0,5325.0,1112.0,1748.0,4316.0,0.0,0.0,1217.0,531.0,651.0,461.0
0.0,8529.0,1823.0,1737.0,1767.0,0.0,0.0,1210.0,527.0,1375.0,448.0
0.0,8473.0,2480.0,1753.0,0.0,1019.0,1019.0,1228.0,525.0,1961.0,519.0
0.0,5993.0,2420.0,1781.0,0.0,3551.0,3551.0,1254.0,527.0,1825.0,595.0
0.0,3573.0,1720.0,1794.0,1019.0,4304.0,4304.0,1262.0,532.0,1106.0,614.0
0.0,2872.0,1058.0,1779.0,3551.0,1751.0,1751.0,1245.0,534.0,517.0,541.0
0.0,5365.0,1090.0,1752.0,4304.0,0.0,0.0,1220.0,532.0,642.0,448.0
0.0,8579.0,1780.0,1741.0,1751.0,0.0,0.0,1213.0,528.0,1340.0,440.0
0.0,8550.0,2447.0,1757.0,0.0,925.0,925.0,1230.0,527.0,1922.0,525.0
0.0,6103.0,2446.0,1785.0,0.0,3483.0,3483.0,1256.0,529.0,1831.0,615.0
0.0,3657.0,1754.0,1799.0,925.0,4368.0,4368.0,1266.0,533.0,1136.0,618.0
0.0,2828.0,1061.0,1785.0,3483.0,1890.0,1890.0,1250.0,535.0,534.0,527.0
0.0,5250.0,1069.0,1758.0,4368.0,0.0,0.0,1225.0,533.0,627.0,442.0
0.0,8549.0,1765.0,1745.0,1890.0,0.0,0.0,1216.0,529.0,1319.0,446.0
0.0,8674.0,2447.0,1760.0,0.0,813.0,813.0,1232.0,528.0,1915.0,532.0
0.0,6227.0,2454.0,1789.0,0.0,3383.0,3383.0,1258.0,531.0,1832.0,622.0
0.0,3773.0,1801.0,1803.0,813.0,4427.0,4427.0,1269.0,534.0,1176.0,625.0
0.0,2785.0,1134.0,1789.0,3383.0,2122.0,2122.0,1253.0,536.0,593.0,541.0
0.0,5034.0,1105.0,1762.0,4427.0,0.0,0.0,1228.0,534.0,660.0,445.0
0.0,8356.0,1761.0,1749.0,2122.0,0.0,0.0,1218.0,531.0,1322.0,439.0
0.0,8717.0,2453.0,1764.0,0.0,792.0,792.0,1235.0,529.0,1928.0,525.0
0.0,6264.0,2486.0,1792.0,0.0,3390.0,3390.0,1261.0,531.0,1866.0,620.0
0.0,3778.0,1830.0,1806.0,792.0,4484.0,4484.0,1271.0,535.0,1200.0,630.0
0.0,2740.0,1153.0,1792.0,3390.0,2191.0,2191.0,1255.0,537.0,599.0,554.0
0.0,4977.0,1131.0,1765.0,4484.0,0.0,0.0,1229.0,536.0,664.0,467.0
0.0,8330.0,1818.0,1751.0,2191.0,0.0,0.0,1219.0,532.0,1362.0,456.0
0.0,8703.0,2507.0,1768.0,0.0,876.0,876.0,1237.0,531.0,1976.0,531.0
0.0,6196.0,2518.0,1797.0,0.0,3510.0,3510.0,1264.0,533.0,1892.0,626.0
0.0,3678.0,1823.0,1811.0,876.0,4513.0,4513.0,1274.0,537.0,1189.0,634.0
0.0,2731.0,1141.0,1796.0,3510.0,2084.0,2084.0,1258.0,538.0,589.0,552.0
0.0,5100.0,1140.0,1769.0,4513.0,0.0,0.0,1232.0,537.0,680.0,460.0
0.0,8473.0,1828.0,1757.0,2084.0,0.0,0.0,1223.0,534.0,1373.0,455.0
0.0,8729.0,2506.0,1772.0,0.0,865.0,865.0,1240.0,532.0,1970.0,536.0
0.0,6223.0,2496.0,1801.0,0.0,3477.0,3477.0,1267.0,534.0,1873.0,623.0
0.0,3727.0,1797.0,1814.0,865.0,4461.0,4461.0,1277.0,537.0,1171.0,626.0
0.0,2795.0,1105.0,1800.0,3477.0,2033.0,2033.0,1261.0,539.0,555.0,550.0
0.0,5167.0,1109.0,1772.0,4461.0,0.0,0.0,1235.0,537.0,643.0,466.0
0.0,8519.0,1838.0,1759.0,2033.0,0.0,0.0,1225.0,534.0,1376.0,462.0
0.0,8714.0,2528.0,1775.0,0.0,914.0,914.0,1242.0,533.0,1985.0,543.0
0.0,6186.0,2503.0,1803.0,0.0,3529.0,3529.0,1269.0,534.0,1872.0,631.0
0.0,3683.0,1794.0,1818.0,914.0,4469.0,4469.0,1280.0,538.0,1156.0,638.0
0.0,2803.0,1118.0,1804.0,3529.0,2002.0,2002.0,1264.0,540.0,558.0,560.0
0.0,5214.0,1161.0,1777.0,4469.0,0.0,0.0,1238.0,539.0,695.0,466.0
0.0,8522.0,1851.0,1766.0,2002.0,0.0,0.0,1230.0,536.0,1403.0,448.0
0.0,8673.0,2496.0,1780.0,0.0,943.0,943.0,1246.0,534.0,1964.0,532.0
0.0,6177.0,2471.0,1808.0,0.0,3526.0,3526.0,1272.0,536.0,1836.0,635.0
0.0,3706.0,1789.0,1821.0,943.0,4424.0,4424.0,1282.0,539.0,1141.0,648.0
0.0,2860.0,1153.0,1807.0,3526.0,1995.0,1995.0,1266.0,541.0,594.0,559.0
0.0,5233.0,1180.0,1782.0,4424.0,0.0,0.0,1242.0,540.0,729.0,451.0
0.0,8477.0,1832.0,1771.0,1995.0,0.0,0.0,1234.0,537.0,1395.0,437.0
0.0,8640.0,2462.0,1784.0,0.0,958.0,958.0,1249.0,535.0,1930.0,532.0
0.0,6178.0,2430.0,1811.0,0.0,3496.0,3496.0,1274.0,537.0,1802.0,628.0
0.0,3748.0,1778.0,1823.0,958.0,4364.0,4364.0,1283.0,540.0,1142.0,636.0
0.0,2928.0,1148.0,1810.0,3496.0,1964.0,1964.0,1268.0,542.0,593.0,555.0
0.0,5276.0,1162.0,1785.0,4364.0,0.0,0.0,1244.0,541.0,692.0,470.0
0.0,8478.0,1802.0,1774.0,1964.0,0.0,0.0,1235.0,539.0,1342.0,460.0
0.0,8640.0,2440.0,1787.0,0.0,948.0,948.0,1250.0,537.0,1913.0,527.0
0.0,6200.0,2428.0,1813.0,0.0,3480.0,3480.0,1275.0,538.0,1823.0,605.0
0.0,3772.0,1766.0,1827.0,948.0,4354.0,4354.0,1285.0,542.0,1144.0,622.0
0.0,2954.0,1129.0,1814.0,3480.0,1951.0,1951.0,1270.0,544.0,572.0,557.0
0.0,5305.0,1144.0,1789.0,4354.0,0.0,0.0,1246.0,543.0,664.0,480.0
0.0,8515.0,1800.0,1777.0,1951.0,0.0,0.0,1237.0,540.0,1339.0,461.0
0.0,8666.0,2433.0,1790.0,0.0,927.0,927.0,1252.0,538.0,1915.0,518.0
0.0,6233.0,2421.0,1816.0,0.0,3452.0,3452.0,1276.0,540.0,1824.0,597.0
0.0,3812.0,1788.0,1830.0,927.0,4369.0,4369.0,1287.0,543.0,1166.0,622.0
0.0,2951.0,1167.0,1818.0,3452.0,2036.0,2036.0,1273.0,545.0,604.0,563.0
0.0,5236.0,1181.0,1794.0,4369.0,0.0,0.0,1250.0,544.0,701.0,480.0
0.0,8424.0,1823.0,1782.0,2036.0,0.0,0.0,1241.0,541.0,1370.0,453.0
0.0,8637.0,2485.0,1795.0,0.0,1028.0,1028.0,1256.0,539.0,1961.0,524.0
0.0,6152.0,2487.0,1821.0,0.0,3619.0,3619.0,1281.0,540.0,1876.0,611.0
0.0,3665.0,1822.0,1835.0,1028.0,4469.0,4469.0,1291.0,544.0,1190.0,632.0
0.0,2871.0,1163.0,1823.0,3619.0,1965.0,1965.0,1277.0,546.0,604.0,559.0
0.0,5327.0,1173.0,1799.0,4469.0,0.0,0.0,1253.0,546.0,694.0,479.0
0.0,8623.0,1842.0,1787.0,1965.0,0.0,0.0,1244.0,543.0,1375.0,467.0
0.0,8746.0,2493.0,1799.0,0.0,943.0,943.0,1258.0,541.0,1965.0,528.0
0.0,6253.0,2504.0,1825.0,0.0,3551.0,3551.0,1283.0,542.0,1896.0,608.0
0.0,3749.0,1871.0,1840.0,943.0,4539.0,4539.0,1295.0,545.0,1244.0,627.0
0.0,2821.0,1248.0,1828.0,3551.0,2188.0,2188.0,1281.0,547.0,670.0,578.0
0.0,5124.0,1246.0,1804.0,4539.0,0.0,0.0,1258.0,546.0,746.0,500.0
0.0,8417.0,1870.0,1792.0,2188.0,0.0,0.0,1248.0,544.0,1388.0,482.0
0.0,8735.0,2474.0,1804.0,0.0,955.0,955.0,1262.0,542.0,1940.0,534.0
0.0,6261.0,2460.0,1830.0,0.0,3519.0,3519.0,1287.0,543.0,1855.0,605.0
0.0,3801.0,1855.0,1843.0,955.0,4471.0,4471.0,1297.0,546.0,1228.0,627.0
0.0,2901.0,1248.0,1832.0,3519.0,2156.0,2156.0,1284.0,548.0,669.0,579.0
0.0,5172.0,1273.0,1808.0,4471.0,0.0,0.0,1260.0,548.0,761.0,512.0
0.0,8370.0,1860.0,1796.0,2156.0,0.0,0.0,1251.0,545.0,1380.0,480.0
0.0,8666.0,2431.0,1808.0,0.0,997.0,997.0,1265.0,543.0,1909.0,522.0
0.0,6235.0,2417.0,1834.0,0.0,3518.0,3518.0,1290.0,544.0,1826.0,591.0
0.0,3818.0,1861.0,1848.0,997.0,4438.0,4438.0,1301.0,547.0,1228.0,633.0
0.0,2954.0,1267.0,1837.0,3518.0,2143.0,2143.0,1287.0,550.0,674.0,593.0
0.0,5205.0,1247.0,1812.0,4438.0,0.0,0.0,1263.0,549.0,731.0,516.0
0.0,8396.0,1842.0,1799.0,2143.0,0.0,0.0,1253.0,546.0,1363.0,479.0
0.0,8697.0,2425.0,1812.0,0.0,976.0,976.0,1268.0,544.0,1911.0,514.0
0.0,6272.0,2443.0,1837.0,0.0,3519.0,3519.0,1293.0,544.0,1856.0,587.0
0.0,3829.0,1861.0,1851.0,976.0,4460.0,4460.0,1303.0,548.0,1228.0,633.0
0.0,2944.0,1271.0,1839.0,3519.0,2164.0,2164.0,1289.0,550.0,674.0,597.0
0.0,5192.0,1264.0,1816.0,4460.0,0.0,0.0,1266.0,550.0,738.0,526.0
0.0,8388.0,1845.0,1804.0,2164.0,0.0,0.0,1256.0,548.0,1358.0,487.0
0.0,8707.0,2412.0,1816.0,0.0,969.0,969.0,1271.0,545.0,1900.0,512.0
0.0,6295.0,2399.0,1840.0,0.0,3464.0,3464.0,1295.0,545.0,1820.0,579.0
0.0,3896.0,1838.0,1853.0,969.0,4385.0,4385.0,1304.0,549.0,1219.0,619.0
0.0,3027.0,1274.0,1841.0,3464.0,2147.0,2147.0,1290.0,551.0,685.0,589.0
0.0,5217.0,1264.0,1819.0,4385.0,0.0,0.0,1268.0,551.0,745.0,519.0
0.0,8338.0,1825.0,1807.0,2147.0,0.0,0.0,1259.0,548.0,1342.0,483.0
0.0,8660.0,2390.0,1819.0,0.0,1006.0,1006.0,1273.0,546.0,1876.0,514.0
0.0,6270.0,2417.0,1844.0,0.0,3523.0,3523.0,1297.0,547.0,1834.0,583.0
0.0,3853.0,1864.0,1857.0,1006.0,4433.0,4433.0,1307.0,550.0,1237.0,627.0
0.0,2995.0,1275.0,1846.0,3523.0,2141.0,2141.0,1294.0,552.0,683.0,592.0
0.0,5243.0,1264.0,1824.0,4433.0,0.0,0.0,1272.0,552.0,746.0,518.0
0.0,8412.0,1813.0,1812.0,2141.0,0.0,0.0,1263.0,549.0,1338.0,475.0
0.0,8740.0,2382.0,1824.0,0.0,938.0,938.0,1277.0,547.0,1873.0,509.0
0.0,6358.0,2411.0,1849.0,0.0,3449.0,3449.0,1301.0,548.0,1820.0,591.0
0.0,3947.0,1860.0,1862.0,938.0,4423.0,4423.0,1311.0,551.0,1218.0,642.0
0.0,3025.0,1272.0,1852.0,3449.0,2206.0,2206.0,1298.0,554.0,667.0,605.0
0.0,5202.0,1250.0,1830.0,4423.0,0.0,0.0,1276.0,554.0,738.0,512.0
0.0,8375.0,1817.0,1818.0,2206.0,0.0,0.0,1267.0,551.0,1350.0,467.0
0.0,8764.0,2402.0,1830.0,0.0,958.0,958.0,1281.0,549.0,1889.0,513.0
0.0,6362.0,2419.0,1854.0,0.0,3473.0,3473.0,1304.0,550.0,1808.0,611.0
0.0,3943.0,1859.0,1867.0,958.0,4426.0,4426.0,1313.0,554.0,1196.0,663.0
0.0,3042.0,1277.0,1857.0,3473.0,2190.0,2190.0,1300.0,557.0,667.0,610.0
0.0,5238.0,1249.0,1832.0,4426.0,0.0,0.0,1276.0,556.0,743.0,506.0
0.0,8415.0,1843.0,1820.0,2190.0,0.0,0.0,1267.0,553.0,1384.0,459.0
0.0,8762.0,2461.0,1832.0,0.0,1027.0,1027.0,1281.0,551.0,1948.0,513.0
0.0,6301.0,2488.0,1858.0,0.0,3619.0,3619.0,1306.0,552.0,1879.0,609.0
0.0,3813.0,1882.0,1871.0,1027.0,4526.0,4526.0,1316.0,555.0,1226.0,656.0
0.0,2958.0,1259.0,1860.0,3619.0,2122.0,2122.0,1302.0,558.0,657.0,602.0
0.0,5318.0,1251.0,1837.0,4526.0,0.0,0.0,1279.0,558.0,749.0,502.0
0.0,8593.0,1874.0,1825.0,2122.0,0.0,0.0,1270.0,555.0,1413.0,461.0
0.0,8841.0,2512.0,1837.0,0.0,1019.0,1019.0,1284.0,553.0,1991.0,521.0
0.0,6329.0,2509.0,1861.0,0.0,3624.0,3624.0,1308.0,553.0,1887.0,622.0
0.0,3820.0,1898.0,1874.0,1019.0,4555.0,4555.0,1317.0,557.0,1235.0,663.0
0.0,2941.0,1281.0,1862.0,3624.0,2164.0,2164.0,1303.0,559.0,682.0,599.0
0.0,5284.0,1280.0,1839.0,4555.0,0.0,0.0,1281.0,558.0,780.0,500.0
0.0,8559.0,1896.0,1828.0,2164.0,0.0,0.0,1273.0,555.0,1434.0,462.0
0.0,8827.0,2521.0,1842.0,0.0,1062.0,1062.0,1288.0,554.0,1996.0,525.0
0.0,6306.0,2538.0,1866.0,0.0,3696.0,3696.0,1311.0,555.0,1901.0,637.0
0.0,3768.0,1907.0,1878.0,1062.0,4589.0,4589.0,1320.0,558.0,1229.0,678.0
0.0,2923.0,1247.0,1866.0,3696.0,2092.0,2092.0,1306.0,560.0,644.0,603.0
0.0,5372.0,1222.0,1844.0,4589.0,0.0,0.0,1284.0,560.0,735.0,487.0
0.0,8739.0,1862.0,1833.0,2092.0,0.0,0.0,1276.0,557.0,1419.0,443.0
0.0,8969.0,2506.0,1845.0,0.0,917.0,917.0,1291.0,554.0,1992.0,514.0
0.0,6463.0,2513.0,1869.0,0.0,3526.0,3526.0,1314.0,555.0,1878.0,635.0
0.0,3950.0,1893.0,1881.0,917.0,4550.0,4550.0,1323.0,558.0,1207.0,686.0
0.0,2974.0,1259.0,1870.0,3526.0,2239.0,2239.0,1309.0,561.0,645.0,614.0
0.0,5241.0,1248.0,1848.0,4550.0,0.0,0.0,1287.0,561.0,758.0,490.0
0.0,8543.0,1863.0,1836.0,2239.0,0.0,0.0,1278.0,558.0,1420.0,443.0
0.0,8919.0,2487.0,1848.0,0.0,960.0,960.0,1293.0,555.0,1976.0,511.0
0.0,6432.0,2519.0,1872.0,0.0,3575.0,3575.0,1316.0,556.0,1883.0,636.0
0.0,3913.0,1895.0,1884.0,960.0,4558.0,4558.0,1325.0,559.0,1214.0,681.0
0.0,2978.0,1246.0,1873.0,3575.0,2185.0,2185.0,1312.0,561.0,645.0,601.0
0.0,5307.0,1219.0,1850.0,4558.0,0.0,0.0,1289.0,561.0,744.0,475.0
0.0,8646.0,1870.0,1840.0,2185.0,0.0,0.0,1282.0,558.0,1432.0,438.0
0.0,8961.0,2539.0,1853.0,0.0,990.0,990.0,1297.0,556.0,2017.0,522.0
0.0,6422.0,2530.0,1877.0,0.0,3616.0,3616.0,1320.0,557.0,1888.0,642.0
0.0,3892.0,1851.0,1889.0,990.0,4525.0,4525.0,1329.0,560.0,1176.0,675.0
0.0,3031.0,1197.0,1877.0,3616.0,2058.0,2058.0,1315.0,562.0,608.0,589.0
0.0,5450.0,1218.0,1854.0,4525.0,0.0,0.0,1293.0,561.0,743.0,475.0
0.0,8757.0,1900.0,1844.0,2058.0,0.0,0.0,1285.0,559.0,1453.0,447.0
0.0,8915.0,2558.0,1858.0,0.0,1075.0,1075.0,1301.0,557.0,2025.0,533.0
0.0,6357.0,2539.0,1882.0,0.0,3710.0,3710.0,1324.0,558.0,1894.0,645.0
0.0,3818.0,1830.0,1893.0,1075.0,4509.0,4509.0,1332.0,561.0,1158.0,672.0
0.0,3063.0,1149.0,1880.0,3710.0,1896.0,1896.0,1317.0,563.0,558.0,591.0
0.0,5624.0,1190.0,1857.0,4509.0,0.0,0.0,1294.0,563.0,702.0,488.0
0.0,8943.0,1912.0,1847.0,1896.0,0.0,0.0,1287.0,560.0,1449.0,463.0
0.0,8927.0,2573.0,1861.0,0.0,1090.0,1090.0,1303.0,558.0,2039.0,534.0
0.0,6354.0,2519.0,1885.0,0.0,3705.0,3705.0,1326.0,559.0,1886.0,633.0
0.0,3835.0,1800.0,1896.0,1090.0,4459.0,4459.0,1334.0,562.0,1141.0,659.0
0.0,3125.0,1134.0,1883.0,3705.0,1836.0,1836.0,1319.0,564.0,555.0,579.0
0.0,5696.0,1207.0,1859.0,4459.0,0.0,0.0,1296.0,563.0,726.0,481.0
0.0,8948.0,1945.0,1850.0,1836.0,0.0,0.0,1290.0,560.0,1477.0,468.0
0.0,8839.0,2605.0,1865.0,0.0,1226.0,1226.0,1307.0,558.0,2057.0,548.0
0.0,6234.0,2525.0,1889.0,0.0,3847.0,3847.0,1330.0,559.0,1878.0,647.0
0.0,3709.0,1799.0,1899.0,1226.0,4460.0,4460.0,1337.0,562.0,1128.0,671.0
0.0,3136.0,1177.0,1887.0,3847.0,1742.0,1742.0,1322.0,565.0,589.0,588.0
0.0,5806.0,1259.0,1863.0,4460.0,0.0,0.0,1299.0,564.0,771.0,488.0
0.0,9007.0,2001.0,1854.0,1742.0,0.0,0.0,1293.0,561.0,1531.0,470.0
0.0,8748.0,2644.0,1868.0,0.0,1368.0,1368.0,1309.0,559.0,2090.0,554.0
0.0,6104.0,2542.0,1894.0,0.0,4014.0,4014.0,1333.0,561.0,1879.0,663.0
0.0,3562.0,1822.0,1904.0,1368.0,4508.0,4508.0,1340.0,564.0,1146.0,676.0
0.0,3108.0,1223.0,1892.0,4014.0,1669.0,1669.0,1325.0,567.0,627.0,596.0
0.0,5899.0,1313.0,1869.0,4508.0,0.0,0.0,1303.0,566.0,823.0,490.0
0.0,9094.0,2037.0,1860.0,1669.0,0.0,0.0,1297.0,563.0,1560.0,477.0
0.0,8726.0,2649.0,1874.0,0.0,1419.0,1419.0,1313.0,561.0,2085.0,564.0
0.0,6077.0,2544.0,1898.0,0.0,4059.0,4059.0,1336.0,562.0,1883.0,661.0
0.0,3533.0,1823.0,1909.0,1419.0,4507.0,4507.0,1343.0,566.0,1150.0,673.0
0.0,3129.0,1207.0,1895.0,4059.0,1599.0,1599.0,1327.0,568.0,617.0,590.0
0.0,5981.0,1318.0,1873.0,4507.0,0.0,0.0,1305.0,568.0,827.0,491.0
0.0,9170.0,2038.0,1863.0,1599.0,0.0,0.0,1298.0,565.0,1559.0,479.0
0.0,8731.0,2632.0,1877.0,0.0,1409.0,1409.0,1315.0,562.0,2075.0,557.0
0.0,6099.0,2511.0,1901.0,0.0,4016.0,4016.0,1338.0,563.0,1865.0,646.0
0.0,3588.0,1795.0,1913.0,1409.0,4450.0,4450.0,1346.0,567.0,1127.0,668.0
0.0,3202.0,1208.0,1900.0,4016.0,1590.0,1590.0,1330.0,570.0,608.0,600.0
0.0,6010.0,1331.0,1877.0,4450.0,0.0,0.0,1307.0,570.0,817.0,514.0
0.0,9129.0,2033.0,1868.0,1590.0,0.0,0.0,1301.0,567.0,1551.0,482.0
0.0,8686.0,2628.0,1882.0,0.0,1470.0,1470.0,1318.0,564.0,2083.0,545.0
0.0,6058.0,2501.0,1906.0,0.0,4067.0,4067.0,1342.0,564.0,1865.0,636.0
0.0,3557.0,1783.0,1916.0,1470.0,4420.0,4420.0,1348.0,568.0,1107.0,676.0
0.0,3244.0,1212.0,1903.0,4067.0,1513.0,1513.0,1332.0,571.0,596.0,616.0
0.0,6099.0,1345.0,1881.0,4420.0,0.0,0.0,1310.0,571.0,827.0,518.0
0.0,9174.0,2028.0,1872.0,1513.0,0.0,0.0,1304.0,568.0,1560.0,468.0
0.0,8659.0,2592.0,1886.0,0.0,1477.0,1477.0,1321.0,565.0,2072.0,520.0
0.0,6067.0,2462.0,1909.0,0.0,4031.0,4031.0,1344.0,565.0,1841.0,621.0
0.0,3605.0,1789.0,1920.0,1477.0,4387.0,4387.0,1351.0,569.0,1118.0,671.0
0.0,3293.0,1239.0,1908.0,4031.0,1547.0,1547.0,1335.0,573.0,623.0,616.0
0.0,6085.0,1370.0,1885.0,4387.0,0.0,0.0,1313.0,572.0,856.0,514.0
0.0,9102.0,2033.0,1876.0,1547.0,0.0,0.0,1307.0,569.0,1572.0,461.0
0.0,8616.0,2556.0,1889.0,0.0,1496.0,1496.0,1323.0,566.0,2038.0,518.0
0.0,6060.0,2413.0,1913.0,0.0,4005.0,4005.0,1346.0,567.0,1792.0,621.0
0.0,3647.0,1769.0,1923.0,1496.0,4318.0,4318.0,1353.0,570.0,1094.0,675.0
0.0,3374.0,1240.0,1911.0,4005.0,1505.0,1505.0,1337.0,574.0,612.0,628.0
0.0,6139.0,1376.0,1888.0,4318.0,0.0,0.0,1314.0,574.0,854.0,522.0
0.0,9081.0,2024.0,1878.0,1505.0,0.0,0.0,1308.0,570.0,1563.0,461.0
0.0,8562.0,2542.0,1892.0,0.0,1548.0,1548.0,1325.0,567.0,2039.0,503.0
0.0,6020.0,2415.0,1916.0,0.0,4059.0,4059.0,1349.0,567.0,1805.0,610.0
0.0,3605.0,1776.0,1927.0,1548.0,4331.0,4331.0,1356.0,571.0,1103.0,673.0
0.0,3377.0,1263.0,1915.0,4059.0,1487.0,1487.0,1341.0,574.0,626.0,637.0
0.0,6173.0,1388.0,1892.0,4331.0,0.0,0.0,1318.0,574.0,849.0,539.0
0.0,9116.0,2014.0,1882.0,1487.0,0.0,0.0,1311.0,571.0,1536.0,478.0
0.0,8589.0,2538.0,1897.0,0.0,1537.0,1537.0,1328.0,569.0,2020.0,518.0
0.0,6051.0,2447.0,1922.0,0.0,4084.0,4084.0,1353.0,569.0,1836.0,611.0
0.0,3604.0,1793.0,1933.0,1537.0,4384.0,4384.0,1360.0,573.0,1124.0,669.0
0.0,3348.0,1245.0,1920.0,4084.0,1493.0,1493.0,1344.0,576.0,608.0,637.0
0.0,6187.0,1387.0,1896.0,4384.0,0.0,0.0,1320.0,576.0,836.0,551.0
0.0,9184.0,2066.0,1887.0,1493.0,0.0,0.0,1314.0,573.0,1572.0,494.0
0.0,8611.0,2597.0,1902.0,0.0,1594.0,1594.0,1332.0,570.0,2072.0,525.0
0.0,6014.0,2470.0,1928.0,0.0,4168.0,4168.0,1357.0,571.0,1851.0,619.0
0.0,3544.0,1803.0,1938.0,1594.0,4417.0,4417.0,1363.0,575.0,1129.0,674.0
0.0,3335.0,1269.0,1924.0,4168.0,1462.0,1462.0,1346.0,578.0,626.0,643.0
0.0,6234.0,1406.0,1900.0,4417.0,0.0,0.0,1322.0,578.0,855.0,551.0
0.0,9245.0,2101.0,1892.0,1462.0,0.0,0.0,1317.0,575.0,1606.0,495.0
0.0,8606.0,2647.0,1908.0,0.0,1673.0,1673.0,1336.0,572.0,2120.0,527.0
0.0,5959.0,2516.0,1932.0,0.0,4285.0,4285.0,1360.0,572.0,1897.0,619.0
0.0,3443.0,1841.0,1943.0,1673.0,4497.0,4497.0,1367.0,576.0,1156.0,685.0
0.0,3275.0,1268.0,1928.0,4285.0,1420.0,1420.0,1349.0,579.0,626.0,642.0
0.0,6292.0,1412.0,1904.0,4497.0,0.0,0.0,1325.0,579.0,861.0,551.0
0.0,9377.0,2107.0,1896.0,1420.0,0.0,0.0,1320.0,576.0,1609.0,498.0
0.0,8690.0,2652.0,1911.0,0.0,1606.0,1606.0,1338.0,573.0,2120.0,532.0
0.0,6038.0,2496.0,1937.0,0.0,4206.0,4206.0,1363.0,574.0,1875.0,621.0
0.0,3542.0,1802.0,1945.0,1606.0,4434.0,4434.0,1368.0,577.0,1119.0,683.0
0.0,3346.0,1285.0,1931.0,4206.0,1457.0,1457.0,1350.0,581.0,628.0,657.0
0.0,6267.0,1437.0,1908.0,4434.0,0.0,0.0,1327.0,581.0,870.0,567.0
0.0,9264.0,2107.0,1900.0,1457.0,0.0,0.0,1322.0,578.0,1609.0,498.0
0.0,8614.0,2638.0,1916.0,0.0,1688.0,1688.0,1341.0,575.0,2118.0,520.0
0.0,5976.0,2501.0,1941.0,0.0,4289.0,4289.0,1366.0,575.0,1887.0,614.0
0.0,3475.0,1796.0,1950.0,1688.0,4433.0,4433.0,1372.0,578.0,1125.0,671.0
0.0,3367.0,1235.0,1935.0,4289.0,1319.0,1319.0,1353.0,582.0,592.0,643.0
0.0,6421.0,1382.0,1911.0,4433.0,0.0,0.0,1329.0,582.0,825.0,557.0
0.0,9472.0,2075.0,1903.0,1319.0,0.0,0.0,1324.0,579.0,1580.0,495.0
0.0,8716.0,2625.0,1919.0,0.0,1585.0,1585.0,1343.0,576.0,2110.0,515.0
0.0,6091.0,2499.0,1944.0,0.0,4184.0,4184.0,1368.0,576.0,1889.0,610.0
0.0,3592.0,1812.0,1953.0,1585.0,4447.0,4447.0,1374.0,579.0,1137.0,675.0
0.0,3365.0,1257.0,1938.0,4184.0,1460.0,1460.0,1356.0,582.0,610.0,647.0
0.0,6292.0,1390.0,1915.0,4447.0,0.0,0.0,1332.0,583.0,835.0,555.0
0.0,9349.0,2097.0,1908.0,1460.0,0.0,0.0,1327.0,581.0,1605.0,492.0
0.0,8712.0,2657.0,1925.0,0.0,1645.0,1645.0,1347.0,578.0,2144.0,513.0
0.0,6055.0,2513.0,1949.0,0.0,4254.0,4254.0,1372.0,577.0,1916.0,597.0
0.0,3542.0,1813.0,1957.0,1645.0,4454.0,4454.0,1377.0,580.0,1146.0,667.0
0.0,3374.0,1246.0,1943.0,4254.0,1390.0,1390.0,1359.0,584.0,592.0,654.0
0.0,6382.0,1372.0,1920.0,4454.0,0.0,0.0,1335.0,585.0,801.0,571.0
0.0,9464.0,2051.0,1912.0,1390.0,0.0,0.0,1330.0,582.0,1557.0,494.0
0.0,8803.0,2628.0,1929.0,0.0,1541.0,1541.0,1350.0,579.0,2120.0,508.0
0.0,6175.0,2509.0,1953.0,0.0,4146.0,4146.0,1375.0,578.0,1923.0,586.0
0.0,3666.0,1805.0,1962.0,1541.0,4446.0,4446.0,1381.0,581.0,1151.0,654.0
0.0,3402.0,1238.0,1946.0,4146.0,1474.0,1474.0,1362.0,584.0,590.0,648.0
0.0,6310.0,1378.0,1924.0,4446.0,0.0,0.0,1338.0,586.0,802.0,576.0
0.0,9378.0,2073.0,1918.0,1474.0,0.0,0.0,1334.0,584.0,1566.0,507.0
0.0,8779.0,2621.0,1934.0,0.0,1578.0,1578.0,1353.0,581.0,2112.0,509.0
0.0,6158.0,2472.0,1958.0,0.0,4146.0,4146.0,1378.0,580.0,1887.0,585.0
0.0,3686.0,1780.0,1965.0,1578.0,4376.0,4376.0,1383.0,582.0,1119.0,661.0
0.0,3484.0,1257.0,1951.0,4146.0,1431.0,1431.0,1365.0,586.0,595.0,662.0
0.0,6373.0,1397.0,1928.0,4376.0,0.0,0.0,1341.0,587.0,814.0,583.0
0.0,9352.0,2076.0,1921.0,1431.0,0.0,0.0,1336.0,585.0,1566.0,510.0
0.0,8707.0,2605.0,1937.0,0.0,1646.0,1646.0,1355.0,582.0,2099.0,506.0
0.0,6102.0,2477.0,1961.0,0.0,4219.0,4219.0,1380.0,581.0,1892.0,585.0
0.0,3625.0,1826.0,1969.0,1646.0,4431.0,4431.0,1386.0,583.0,1159.0,667.0
0.0,3445.0,1309.0,1954.0,4219.0,1461.0,1461.0,1368.0,586.0,639.0,670.0
0.0,6355.0,1448.0,1932.0,4431.0,0.0,0.0,1344.0,588.0,847.0,601.0
0.0,9338.0,2111.0,1925.0,1461.0,0.0,0.0,1339.0,586.0,1591.0,520.0
0.0,8688.0,2628.0,1941.0,0.0,1704.0,1704.0,1358.0,583.0,2112.0,516.0
0.0,6060.0,2505.0,1965.0,0.0,4305.0,4305.0,1383.0,582.0,1909.0,596.0
0.0,3555.0,1870.0,1974.0,1704.0,4507.0,4507.0,1390.0,584.0,1199.0,671.0
0.0,3389.0,1342.0,1960.0,4305.0,1488.0,1488.0,1372.0,588.0,669.0,673.0
0.0,6352.0,1468.0,1936.0,4507.0,0.0,0.0,1347.0,589.0,869.0,599.0
0.0,9391.0,2120.0,1929.0,1488.0,0.0,0.0,1342.0,587.0,1606.0,514.0
0.0,8759.0,2641.0,1945.0,0.0,1662.0,1662.0,1361.0,584.0,2128.0,513.0
0.0,6118.0,2522.0,1969.0,0.0,4280.0,4280.0,1386.0,583.0,1925.0,597.0
0.0,3596.0,1886.0,1978.0,1662.0,4540.0,4540.0,1392.0,586.0,1194.0,692.0
0.0,3372.0,1359.0,1963.0,4280.0,1559.0,1559.0,1374.0,589.0,665.0,694.0
0.0,6293.0,1482.0,1941.0,4540.0,0.0,0.0,1350.0,591.0,876.0,606.0
0.0,9351.0,2119.0,1934.0,1559.0,0.0,0.0,1345.0,589.0,1608.0,511.0
0.0,8791.0,2666.0,1951.0,0.0,1679.0,1679.0,1365.0,586.0,2151.0,515.0
0.0,6125.0,2539.0,1974.0,0.0,4310.0,4310.0,1390.0,584.0,1938.0,601.0
0.0,3586.0,1866.0,1983.0,1679.0,4533.0,4533.0,1396.0,587.0,1184.0,682.0
0.0,3399.0,1313.0,1967.0,4310.0,1472.0,1472.0,1377.0,590.0,640.0,673.0
0.0,6396.0,1437.0,1944.0,4533.0,0.0,0.0,1353.0,591.0,848.0,589.0
0.0,9492.0,2115.0,1936.0,1472.0,0.0,0.0,1347.0,589.0,1599.0,516.0
0.0,8849.0,2669.0,1954.0,0.0,1636.0,1636.0,1367.0,587.0,2138.0,531.0
0.0,6180.0,2533.0,1978.0,0.0,4265.0,4265.0,1392.0,586.0,1924.0,609.0
0.0,3647.0,1842.0,1987.0,1636.0,4507.0,4507.0,1399.0,588.0,1165.0,677.0
0.0,3441.0,1295.0,1973.0,4265.0,1481.0,1481.0,1381.0,592.0,636.0,659.0
0.0,6411.0,1418.0,1949.0,4507.0,0.0,0.0,1356.0,593.0,836.0,582.0
0.0,9500.0,2101.0,1941.0,1481.0,0.0,0.0,1350.0,591.0,1581.0,520.0
0.0,8880.0,2653.0,1957.0,0.0,1601.0,1601.0,1369.0,588.0,2129.0,524.0
0.0,6227.0,2534.0,1982.0,0.0,4235.0,4235.0,1395.0,587.0,1939.0,595.0
0.0,3693.0,1856.0,1991.0,1601.0,4526.0,4526.0,1402.0,589.0,1191.0,665.0
0.0,3438.0,1297.0,1975.0,4235.0,1524.0,1524.0,1383.0,592.0,641.0,656.0
0.0,6376.0,1419.0,1952.0,4526.0,0.0,0.0,1358.0,594.0,838.0,581.0
0.0,9483.0,2081.0,1943.0,1524.0,0.0,0.0,1351.0,592.0,1568.0,513.0
0.0,8926.0,2647.0,1959.0,0.0,1557.0,1557.0,1370.0,589.0,2124.0,523.0
0.0,6279.0,2551.0,1984.0,0.0,4208.0,4208.0,1396.0,588.0,1950.0,601.0
0.0,3728.0,1867.0,1994.0,1557.0,4558.0,4558.0,1404.0,590.0,1202.0,665.0
0.0,3418.0,1302.0,1980.0,4208.0,1596.0,1596.0,1387.0,593.0,651.0,651.0
0.0,6324.0,1407.0,1956.0,4558.0,0.0,0.0,1362.0,594.0,840.0,567.0
0.0,9475.0,2068.0,1948.0,1596.0,0.0,0.0,1355.0,593.0,1566.0,502.0
0.0,9003.0,2639.0,1964.0,0.0,1492.0,1492.0,1374.0,590.0,2119.0,520.0
0.0,6364.0,2539.0,1989.0,0.0,4131.0,4131.0,1400.0,589.0,1936.0,603.0
0.0,3825.0,1868.0,1998.0,1492.0,4543.0,4543.0,1407.0,591.0,1204.0,664.0
0.0,3449.0,1287.0,1984.0,4131.0,1643.0,1643.0,1390.0,594.0,638.0,649.0
0.0,6293.0,1369.0,1959.0,4543.0,0.0,0.0,1364.0,595.0,802.0,567.0
0.0,9467.0,2041.0,1951.0,1643.0,0.0,0.0,1358.0,593.0,1532.0,509.0
0.0,9069.0,2632.0,1967.0,0.0,1431.0,1431.0,1376.0,591.0,2097.0,535.0
0.0,6437.0,2536.0,1992.0,0.0,4067.0,4067.0,1402.0,590.0,1915.0,621.0
0.0,3901.0,1884.0,2001.0,1431.0,4556.0,4556.0,1409.0,592.0,1203.0,681.0
0.0,3448.0,1306.0,1987.0,4067.0,1739.0,1739.0,1392.0,595.0,651.0,655.0
0.0,6209.0,1396.0,1963.0,4556.0,0.0,0.0,1367.0,596.0,831.0,565.0
0.0,9369.0,2054.0,1956.0,1739.0,0.0,0.0,1361.0,595.0,1544.0,510.0
0.0,9054.0,2627.0,1970.0,0.0,1453.0,1453.0,1378.0,592.0,2091.0,536.0
0.0,6427.0,2544.0,1994.0,0.0,4093.0,4093.0,1403.0,591.0,1920.0,624.0
0.0,3883.0,1903.0,2003.0,1453.0,4579.0,4579.0,1410.0,593.0,1221.0,682.0
0.0,3433.0,1335.0,1988.0,4093.0,1761.0,1761.0,1393.0,595.0,678.0,657.0
0.0,6191.0,1422.0,1964.0,4579.0,0.0,0.0,1368.0,596.0,849.0,573.0
0.0,9348.0,2103.0,1957.0,1761.0,0.0,0.0,1362.0,595.0,1584.0,519.0
0.0,9006.0,2698.0,1973.0,0.0,1584.0,1584.0,1380.0,593.0,2144.0,554.0
0.0,6308.0,2625.0,1998.0,0.0,4309.0,4309.0,1406.0,592.0,1977.0,648.0
0.0,3683.0,1941.0,2007.0,1584.0,4702.0,4702.0,1413.0,594.0,1239.0,702.0
0.0,3326.0,1316.0,1991.0,4309.0,1645.0,1645.0,1394.0,597.0,660.0,656.0
0.0,6319.0,1405.0,1968.0,4702.0,0.0,0.0,1370.0,598.0,835.0,570.0
0.0,9616.0,2113.0,1959.0,1645.0,0.0,0.0,1363.0,596.0,1595.0,518.0
0.0,9148.0,2762.0,1977.0,0.0,1522.0,1522.0,1383.0,594.0,2204.0,558.0
0.0,6386.0,2696.0,2002.0,0.0,4318.0,4318.0,1409.0,593.0,2043.0,653.0
0.0,3690.0,1970.0,2012.0,1522.0,4806.0,4806.0,1417.0,595.0,1268.0,702.0
0.0,3242.0,1308.0,1996.0,4318.0,1732.0,1732.0,1398.0,598.0,649.0,659.0
0.0,6252.0,1375.0,1971.0,4806.0,0.0,0.0,1372.0,599.0,803.0,572.0
0.0,9683.0,2119.0,1964.0,1732.0,0.0,0.0,1366.0,598.0,1587.0,532.0
0.0,9296.0,2771.0,1980.0,0.0,1395.0,1395.0,1385.0,595.0,2201.0,570.0
0.0,6525.0,2683.0,2007.0,0.0,4186.0,4186.0,1412.0,595.0,2032.0,651.0
0.0,3842.0,1963.0,2017.0,1395.0,4794.0,4794.0,1420.0,597.0,1265.0,698.0
0.0,3274.0,1295.0,2002.0,4186.0,1843.0,1843.0,1402.0,600.0,642.0,653.0
0.0,6165.0,1355.0,1976.0,4794.0,0.0,0.0,1376.0,600.0,786.0,569.0
0.0,9604.0,2091.0,1967.0,1843.0,0.0,0.0,1368.0,599.0,1556.0,535.0
0.0,9356.0,2754.0,1985.0,0.0,1338.0,1338.0,1388.0,597.0,2177.0,577.0
0.0,6602.0,2664.0,2011.0,0.0,4106.0,4106.0,1414.0,597.0,2016.0,648.0
0.0,3938.0,1937.0,2022.0,1338.0,4749.0,4749.0,1423.0,599.0,1263.0,674.0
0.0,3339.0,1274.0,2006.0,4106.0,1853.0,1853.0,1405.0,601.0,645.0,629.0
0.0,6171.0,1352.0,1981.0,4749.0,0.0,0.0,1379.0,602.0,785.0,567.0
0.0,9568.0,2096.0,1972.0,1853.0,0.0,0.0,1371.0,601.0,1554.0,542.0
0.0,9325.0,2740.0,1989.0,0.0,1371.0,1371.0,1390.0,599.0,2164.0,576.0
0.0,6585.0,2652.0,2015.0,0.0,4127.0,4127.0,1417.0,598.0,2019.0,633.0
0.0,3933.0,1926.0,2025.0,1371.0,4722.0,4722.0,1425.0,600.0,1269.0,657.0
0.0,3378.0,1283.0,2009.0,4127.0,1814.0,1814.0,1407.0,602.0,659.0,624.0
0.0,6222.0,1374.0,1985.0,4722.0,0.0,0.0,1382.0,603.0,804.0,570.0
0.0,9570.0,2090.0,1976.0,1814.0,0.0,0.0,1374.0,602.0,1544.0,546.0
0.0,9294.0,2727.0,1992.0,0.0,1401.0,1401.0,1392.0,600.0,2144.0,583.0
0.0,6567.0,2665.0,2019.0,0.0,4174.0,4174.0,1419.0,600.0,2029.0,636.0
0.0,3902.0,1953.0,2030.0,1401.0,4770.0,4770.0,1428.0,602.0,1306.0,647.0
0.0,3350.0,1280.0,2015.0,4174.0,1816.0,1816.0,1411.0,604.0,676.0,604.0
0.0,6244.0,1337.0,1989.0,4770.0,0.0,0.0,1385.0,604.0,783.0,554.0
0.0,9677.0,2056.0,1980.0,1816.0,0.0,0.0,1377.0,603.0,1505.0,551.0
0.0,9437.0,2709.0,1996.0,0.0,1256.0,1256.0,1394.0,602.0,2110.0,599.0
0.0,6728.0,2637.0,2022.0,0.0,3997.0,3997.0,1420.0,602.0,1986.0,651.0
0.0,4091.0,1924.0,2033.0,1256.0,4709.0,4709.0,1429.0,604.0,1266.0,658.0
0.0,3423.0,1286.0,2019.0,3997.0,1942.0,1942.0,1413.0,606.0,684.0,602.0
0.0,6134.0,1357.0,1994.0,4709.0,0.0,0.0,1388.0,606.0,815.0,542.0
0.0,9486.0,2084.0,1985.0,1942.0,0.0,0.0,1381.0,604.0,1544.0,540.0
0.0,9344.0,2730.0,2001.0,0.0,1390.0,1390.0,1399.0,602.0,2133.0,597.0
0.0,6614.0,2643.0,2026.0,0.0,4133.0,4133.0,1424.0,602.0,1986.0,657.0
0.0,3971.0,1919.0,2036.0,1390.0,4702.0,4702.0,1432.0,604.0,1250.0,669.0
0.0,3442.0,1296.0,2023.0,4133.0,1813.0,1813.0,1416.0,607.0,670.0,626.0
0.0,6279.0,1388.0,1998.0,4702.0,0.0,0.0,1391.0,607.0,832.0,556.0
0.0,9593.0,2117.0,1991.0,1813.0,0.0,0.0,1385.0,606.0,1572.0,545.0
0.0,9289.0,2755.0,2007.0,0.0,1494.0,1494.0,1403.0,604.0,2156.0,599.0
0.0,6534.0,2664.0,2032.0,0.0,4258.0,4258.0,1428.0,604.0,1996.0,668.0
0.0,3870.0,1957.0,2042.0,1494.0,4761.0,4761.0,1436.0,606.0,1278.0,679.0
0.0,3407.0,1320.0,2027.0,4258.0,1763.0,1763.0,1419.0,608.0,706.0,614.0
0.0,6345.0,1401.0,2003.0,4761.0,0.0,0.0,1395.0,608.0,857.0,544.0
0.0,9705.0,2119.0,1993.0,1763.0,0.0,0.0,1387.0,606.0,1572.0,547.0
0.0,9349.0,2796.0,2010.0,0.0,1487.0,1487.0,1405.0,605.0,2167.0,629.0
0.0,6553.0,2736.0,2036.0,0.0,4327.0,4327.0,1431.0,605.0,2033.0,703.0
0.0,3817.0,2014.0,2048.0,1487.0,4902.0,4902.0,1440.0,608.0,1316.0,698.0
0.0,3290.0,1342.0,2034.0,4327.0,1861.0,1861.0,1424.0,610.0,727.0,615.0
0.0,6275.0,1401.0,2007.0,4902.0,0.0,0.0,1398.0,609.0,863.0,538.0
0.0,9776.0,2116.0,1996.0,1861.0,0.0,0.0,1389.0,607.0,1569.0,547.0
0.0,9521.0,2779.0,2012.0,0.0,1306.0,1306.0,1406.0,606.0,2149.0,630.0
0.0,6742.0,2722.0,2039.0,0.0,4136.0,4136.0,1432.0,607.0,2015.0,707.0
0.0,4020.0,2043.0,2051.0,1306.0,4921.0,4921.0,1442.0,609.0,1338.0,705.0
0.0,3283.0,1408.0,2038.0,4136.0,2141.0,2141.0,1427.0,611.0,783.0,625.0
0.0,6011.0,1433.0,2013.0,4921.0,0.0,0.0,1402.0,611.0,895.0,538.0
0.0,9499.0,2115.0,2001.0,2141.0,0.0,0.0,1393.0,608.0,1579.0,536.0
0.0,9525.0,2761.0,2017.0,0.0,1304.0,1304.0,1410.0,607.0,2139.0,622.0
0.0,6764.0,2698.0,2044.0,0.0,4110.0,4110.0,1436.0,608.0,1987.0,711.0
0.0,4066.0,1990.0,2056.0,1304.0,4844.0,4844.0,1445.0,611.0,1276.0,714.0
0.0,3380.0,1357.0,2042.0,4110.0,2035.0,2035.0,1429.0,613.0,731.0,626.0
0.0,6133.0,1422.0,2016.0,4844.0,0.0,0.0,1404.0,612.0,889.0,533.0
0.0,9555.0,2124.0,2005.0,2035.0,0.0,0.0,1396.0,609.0,1600.0,524.0
0.0,9466.0,2757.0,2021.0,0.0,1375.0,1375.0,1413.0,608.0,2140.0,617.0
0.0,6709.0,2715.0,2049.0,0.0,4202.0,4202.0,1439.0,610.0,1999.0,716.0
0.0,3994.0,1998.0,2062.0,1375.0,4877.0,4877.0,1449.0,613.0,1288.0,710.0
0.0,3371.0,1353.0,2047.0,4202.0,1968.0,1968.0,1433.0,614.0,738.0,615.0
0.0,6220.0,1423.0,2022.0,4877.0,0.0,0.0,1409.0,613.0,901.0,522.0
0.0,9674.0,2105.0,2012.0,1968.0,0.0,0.0,1401.0,611.0,1590.0,515.0
0.0,9537.0,2746.0,2027.0,0.0,1317.0,1317.0,1417.0,610.0,2133.0,613.0
0.0,6791.0,2704.0,2055.0,0.0,4133.0,4133.0,1443.0,612.0,1991.0,713.0
0.0,4087.0,2022.0,2067.0,1317.0,4886.0,4886.0,1453.0,614.0,1310.0,712.0
0.0,3382.0,1379.0,2054.0,4133.0,2080.0,2080.0,1438.0,616.0,763.0,616.0
0.0,6136.0,1416.0,2029.0,4886.0,0.0,0.0,1414.0,615.0,896.0,520.0
0.0,9606.0,2077.0,2017.0,2080.0,0.0,0.0,1405.0,612.0,1565.0,512.0
0.0,9609.0,2720.0,2031.0,0.0,1235.0,1235.0,1420.0,611.0,2113.0,607.0
0.0,6889.0,2692.0,2059.0,0.0,4039.0,4039.0,1446.0,613.0,1987.0,705.0
0.0,4197.0,2005.0,2072.0,1235.0,4861.0,4861.0,1456.0,616.0,1303.0,702.0
0.0,3427.0,1341.0,2058.0,4039.0,2107.0,2107.0,1441.0,617.0,742.0,599.0
0.0,6125.0,1355.0,2032.0,4861.0,0.0,0.0,1417.0,615.0,851.0,504.0
0.0,9631.0,2050.0,2021.0,2107.0,0.0,0.0,1408.0,613.0,1536.0,514.0
0.0,9688.0,2745.0,2037.0,0.0,1205.0,1205.0,1425.0,612.0,2126.0,619.0
0.0,6943.0,2715.0,2064.0,0.0,4028.0,4028.0,1450.0,614.0,2006.0,709.0
0.0,4228.0,1996.0,2076.0,1205.0,4867.0,4867.0,1459.0,617.0,1298.0,698.0
0.0,3437.0,1294.0,2061.0,4028.0,2073.0,2073.0,1443.0,618.0,708.0,586.0
0.0,6171.0,1326.0,2034.0,4867.0,0.0,0.0,1418.0,616.0,829.0,497.0
0.0,9712.0,2061.0,2023.0,2073.0,0.0,0.0,1410.0,613.0,1541.0,520.0
0.0,9724.0,2775.0,2040.0,0.0,1211.0,1211.0,1427.0,613.0,2140.0,635.0
0.0,6949.0,2752.0,2067.0,0.0,4071.0,4071.0,1453.0,614.0,2030.0,722.0
0.0,4197.0,2031.0,2079.0,1211.0,4939.0,4939.0,1462.0,617.0,1325.0,706.0
0.0,3377.0,1328.0,2064.0,4071.0,2136.0,2136.0,1446.0,618.0,735.0,593.0
0.0,6120.0,1360.0,2038.0,4939.0,0.0,0.0,1421.0,617.0,850.0,510.0
0.0,9699.0,2076.0,2026.0,2136.0,0.0,0.0,1412.0,614.0,1539.0,537.0
0.0,9759.0,2783.0,2042.0,0.0,1192.0,1192.0,1429.0,613.0,2141.0,642.0
0.0,6976.0,2773.0,2070.0,0.0,4077.0,4077.0,1455.0,615.0,2048.0,725.0
0.0,4203.0,2083.0,2084.0,1192.0,5024.0,5024.0,1465.0,619.0,1374.0,709.0
0.0,3312.0,1402.0,2070.0,4077.0,2293.0,2293.0,1450.0,620.0,789.0,613.0
0.0,5987.0,1400.0,2043.0,5024.0,0.0,0.0,1425.0,618.0,868.0,532.0
0.0,9611.0,2083.0,2030.0,2293.0,0.0,0.0,1415.0,615.0,1540.0,543.0
0.0,9821.0,2768.0,2045.0,0.0,1127.0,1127.0,1431.0,614.0,2130.0,638.0
0.0,7053.0,2790.0,2073.0,0.0,4029.0,4029.0,1457.0,616.0,2063.0,727.0
0.0,4263.0,2132.0,2087.0,1127.0,5090.0,5090.0,1467.0,620.0,1408.0,724.0
0.0,3258.0,1456.0,2074.0,4029.0,2465.0,2465.0,1453.0,621.0,832.0,624.0
0.0,5831.0,1444.0,2048.0,5090.0,0.0,0.0,1429.0,619.0,908.0,536.0
0.0,9477.0,2102.0,2036.0,2465.0,0.0,0.0,1420.0,616.0,1560.0,542.0
0.0,9840.0,2772.0,2051.0,0.0,1136.0,1136.0,1436.0,615.0,2133.0,639.0
0.0,7068.0,2771.0,2077.0,0.0,4011.0,4011.0,1460.0,617.0,2042.0,729.0
0.0,4297.0,2121.0,2089.0,1136.0,5044.0,5044.0,1469.0,620.0,1395.0,726.0
0.0,3312.0,1440.0,2076.0,4011.0,2421.0,2421.0,1454.0,622.0,808.0,632.0
0.0,5883.0,1419.0,2051.0,5044.0,0.0,0.0,1430.0,621.0,881.0,538.0
0.0,9508.0,2075.0,2039.0,2421.0,0.0,0.0,1422.0,617.0,1537.0,538.0
0.0,9854.0,2736.0,2054.0,0.0,1098.0,1098.0,1438.0,616.0,2100.0,636.0
0.0,7118.0,2780.0,2081.0,0.0,3986.0,3986.0,1463.0,618.0,2042.0,738.0
0.0,4338.0,2120.0,2094.0,1098.0,5060.0,5060.0,1472.0,622.0,1382.0,738.0
0.0,3316.0,1441.0,2081.0,3986.0,2463.0,2463.0,1457.0,624.0,808.0,633.0
0.0,5861.0,1424.0,2055.0,5060.0,0.0,0.0,1433.0,622.0,903.0,521.0
0.0,9497.0,2068.0,2043.0,2463.0,0.0,0.0,1425.0,618.0,1551.0,517.0
0.0,9892.0,2735.0,2057.0,0.0,1071.0,1071.0,1440.0,617.0,2106.0,629.0
0.0,7157.0,2736.0,2083.0,0.0,3911.0,3911.0,1464.0,619.0,1996.0,740.0
0.0,4421.0,2083.0,2096.0,1071.0,4975.0,4975.0,1473.0,623.0,1345.0,738.0
0.0,3409.0,1455.0,2083.0,3911.0,2467.0,2467.0,1458.0,625.0,826.0,629.0
0.0,5865.0,1452.0,2059.0,4975.0,0.0,0.0,1435.0,624.0,937.0,515.0
0.0,9388.0,2074.0,2047.0,2467.0,0.0,0.0,1427.0,620.0,1563.0,511.0
0.0,9781.0,2678.0,2060.0,0.0,1137.0,1137.0,1442.0,618.0,2066.0,612.0
0.0,7103.0,2707.0,2085.0,0.0,3944.0,3944.0,1465.0,620.0,1979.0,728.0
0.0,4396.0,2107.0,2098.0,1137.0,4966.0,4966.0,1474.0,624.0,1374.0,733.0
0.0,3426.0,1487.0,2087.0,3944.0,2465.0,2465.0,1461.0,626.0,854.0,633.0
0.0,5883.0,1476.0,2063.0,4966.0,0.0,0.0,1438.0,625.0,946.0,530.0
0.0,9373.0,2062.0,2051.0,2465.0,0.0,0.0,1430.0,621.0,1542.0,520.0
0.0,9776.0,2652.0,2063.0,0.0,1128.0,1128.0,1444.0,619.0,2047.0,605.0
0.0,7124.0,2685.0,2090.0,0.0,3921.0,3921.0,1468.0,622.0,1977.0,708.0
0.0,4439.0,2091.0,2104.0,1128.0,4940.0,4940.0,1478.0,626.0,1371.0,720.0
0.0,3476.0,1472.0,2092.0,3921.0,2443.0,2443.0,1464.0,628.0,846.0,626.0
0.0,5925.0,1452.0,2067.0,4940.0,0.0,0.0,1441.0,626.0,924.0,528.0
0.0,9413.0,2050.0,2055.0,2443.0,0.0,0.0,1432.0,623.0,1521.0,529.0
0.0,9806.0,2666.0,2067.0,0.0,1128.0,1128.0,1446.0,621.0,2046.0,620.0
0.0,7140.0,2670.0,2094.0,0.0,3906.0,3906.0,1470.0,624.0,1956.0,714.0
0.0,4470.0,2070.0,2108.0,1128.0,4904.0,4904.0,1480.0,628.0,1359.0,711.0
0.0,3528.0,1468.0,2097.0,3906.0,2422.0,2422.0,1467.0,630.0,847.0,621.0
0.0,5966.0,1463.0,2072.0,4904.0,0.0,0.0,1444.0,628.0,929.0,534.0
0.0,9407.0,2053.0,2058.0,2422.0,0.0,0.0,1434.0,624.0,1524.0,529.0
0.0,9776.0,2653.0,2070.0,0.0,1157.0,1157.0,1448.0,622.0,2039.0,614.0
0.0,7123.0,2673.0,2096.0,0.0,3934.0,3934.0,1472.0,624.0,1967.0,706.0
0.0,4450.0,2113.0,2110.0,1157.0,4946.0,4946.0,1482.0,628.0,1397.0,716.0
0.0,3494.0,1525.0,2100.0,3934.0,2497.0,2497.0,1470.0,630.0,895.0,630.0
0.0,5903.0,1537.0,2075.0,4946.0,0.0,0.0,1447.0,628.0,987.0,550.0
0.0,9312.0,2119.0,2063.0,2497.0,0.0,0.0,1438.0,625.0,1578.0,541.0
0.0,9690.0,2683.0,2075.0,0.0,1293.0,1293.0,1452.0,623.0,2065.0,618.0
0.0,7007.0,2676.0,2099.0,0.0,4065.0,4065.0,1474.0,625.0,1964.0,712.0
0.0,4331.0,2117.0,2113.0,1293.0,4945.0,4945.0,1484.0,629.0,1392.0,725.0
0.0,3507.0,1574.0,2103.0,4065.0,2414.0,2414.0,1472.0,631.0,920.0,654.0
0.0,5998.0,1590.0,2081.0,4945.0,0.0,0.0,1451.0,630.0,1023.0,567.0
0.0,9353.0,2173.0,2069.0,2414.0,0.0,0.0,1443.0,626.0,1621.0,552.0
0.0,9594.0,2724.0,2080.0,0.0,1450.0,1450.0,1456.0,624.0,2100.0,624.0
0.0,6870.0,2697.0,2104.0,0.0,4243.0,4243.0,1478.0,626.0,1980.0,717.0
0.0,4173.0,2101.0,2117.0,1450.0,4946.0,4946.0,1487.0,630.0,1367.0,734.0
0.0,3522.0,1529.0,2106.0,4243.0,2188.0,2188.0,1474.0,632.0,871.0,658.0
0.0,6236.0,1567.0,2083.0,4946.0,0.0,0.0,1452.0,631.0,996.0,571.0
0.0,9615.0,2182.0,2071.0,2188.0,0.0,0.0,1444.0,627.0,1622.0,560.0
0.0,9621.0,2743.0,2084.0,0.0,1458.0,1458.0,1458.0,626.0,2117.0,626.0
0.0,6878.0,2708.0,2107.0,0.0,4258.0,4258.0,1480.0,627.0,2000.0,708.0
0.0,4170.0,2107.0,2121.0,1458.0,4963.0,4963.0,1490.0,631.0,1369.0,738.0
0.0,3521.0,1527.0,2110.0,4258.0,2188.0,2188.0,1477.0,633.0,853.0,674.0
0.0,6252.0,1571.0,2087.0,4963.0,0.0,0.0,1455.0,632.0,986.0,585.0
0.0,9644.0,2170.0,2076.0,2188.0,0.0,0.0,1447.0,629.0,1614.0,556.0
0.0,9662.0,2737.0,2088.0,0.0,1427.0,1427.0,1461.0,627.0,2118.0,619.0
0.0,6925.0,2687.0,2112.0,0.0,4210.0,4210.0,1484.0,628.0,1983.0,704.0
0.0,4238.0,2088.0,2125.0,1427.0,4923.0,4923.0,1493.0,632.0,1362.0,726.0
0.0,3577.0,1516.0,2114.0,4210.0,2185.0,2185.0,1479.0,635.0,851.0,665.0
0.0,6271.0,1548.0,2091.0,4923.0,0.0,0.0,1457.0,634.0,963.0,585.0
0.0,9646.0,2153.0,2080.0,2185.0,0.0,0.0,1450.0,630.0,1600.0,553.0
0.0,9678.0,2734.0,2093.0,0.0,1428.0,1428.0,1465.0,628.0,2128.0,606.0
0.0,6944.0,2704.0,2116.0,0.0,4224.0,4224.0,1487.0,629.0,2008.0,696.0
0.0,4240.0,2104.0,2129.0,1428.0,4952.0,4952.0,1496.0,633.0,1374.0,730.0
0.0,3564.0,1530.0,2118.0,4224.0,2214.0,2214.0,1482.0,636.0,854.0,676.0
0.0,6258.0,1546.0,2097.0,4952.0,0.0,0.0,1461.0,636.0,963.0,583.0
0.0,9664.0,2140.0,2085.0,2214.0,0.0,0.0,1453.0,632.0,1590.0,550.0
0.0,9738.0,2712.0,2098.0,0.0,1366.0,1366.0,1468.0,630.0,2113.0,599.0
0.0,7026.0,2695.0,2121.0,0.0,4153.0,4153.0,1490.0,631.0,2013.0,682.0
0.0,4331.0,2092.0,2133.0,1366.0,4927.0,4927.0,1498.0,635.0,1372.0,720.0
0.0,3605.0,1515.0,2122.0,4153.0,2245.0,2245.0,1485.0,637.0,845.0,670.0
0.0,6243.0,1528.0,2101.0,4927.0,0.0,0.0,1464.0,637.0,947.0,581.0
0.0,9642.0,2107.0,2090.0,2245.0,0.0,0.0,1456.0,634.0,1567.0,540.0
0.0,9780.0,2704.0,2101.0,0.0,1328.0,1328.0,1470.0,631.0,2113.0,591.0
0.0,7076.0,2689.0,2124.0,0.0,4109.0,4109.0,1492.0,632.0,2010.0,679.0
0.0,4387.0,2087.0,2137.0,1328.0,4920.0,4920.0,1501.0,636.0,1372.0,715.0
0.0,3628.0,1485.0,2125.0,4109.0,2248.0,2248.0,1487.0,638.0,818.0,667.0
0.0,6252.0,1499.0,2104.0,4920.0,0.0,0.0,1466.0,638.0,914.0,585.0
0.0,9673.0,2121.0,2093.0,2248.0,0.0,0.0,1458.0,635.0,1570.0,551.0
0.0,9800.0,2719.0,2105.0,0.0,1339.0,1339.0,1473.0,632.0,2129.0,590.0
0.0,7081.0,2693.0,2129.0,0.0,4128.0,4128.0,1496.0,633.0,2020.0,673.0
0.0,4388.0,2075.0,2141.0,1339.0,4912.0,4912.0,1504.0,637.0,1365.0,710.0
0.0,3652.0,1498.0,2131.0,4128.0,2242.0,2242.0,1491.0,640.0,825.0,673.0
0.0,6282.0,1554.0,2109.0,4912.0,0.0,0.0,1470.0,639.0,952.0,602.0
0.0,9640.0,2186.0,2100.0,2242.0,0.0,0.0,1463.0,637.0,1618.0,568.0
0.0,9696.0,2754.0,2112.0,0.0,1506.0,1506.0,1478.0,634.0,2162.0,592.0
0.0,6942.0,2700.0,2135.0,0.0,4298.0,4298.0,1500.0,635.0,2045.0,655.0
0.0,4242.0,2068.0,2145.0,1506.0,4900.0,4900.0,1507.0,638.0,1369.0,699.0
0.0,3680.0,1504.0,2133.0,4298.0,2058.0,2058.0,1493.0,640.0,819.0,685.0
0.0,6474.0,1596.0,2112.0,4900.0,0.0,0.0,1471.0,641.0,967.0,629.0
0.0,9778.0,2240.0,2104.0,2058.0,0.0,0.0,1466.0,638.0,1656.0,584.0
0.0,9596.0,2789.0,2117.0,0.0,1661.0,1661.0,1481.0,636.0,2191.0,598.0
0.0,6807.0,2703.0,2139.0,0.0,4452.0,4452.0,1503.0,636.0,2049.0,654.0
0.0,4104.0,2065.0,2147.0,1661.0,4888.0,4888.0,1509.0,638.0,1365.0,700.0
0.0,3700.0,1503.0,2135.0,4452.0,1891.0,1891.0,1494.0,641.0,824.0,679.0
0.0,6649.0,1595.0,2113.0,4888.0,0.0,0.0,1472.0,641.0,970.0,625.0
0.0,9942.0,2266.0,2104.0,1891.0,0.0,0.0,1466.0,638.0,1666.0,600.0
0.0,9567.0,2864.0,2119.0,0.0,1773.0,1773.0,1483.0,636.0,2234.0,630.0
0.0,6703.0,2790.0,2144.0,0.0,4663.0,4663.0,1507.0,637.0,2114.0,676.0
0.0,3913.0,2107.0,2154.0,1773.0,5037.0,5037.0,1515.0,639.0,1411.0,696.0
0.0,3579.0,1477.0,2140.0,4663.0,1795.0,1795.0,1499.0,641.0,806.0,671.0
0.0,6765.0,1552.0,2117.0,5037.0,0.0,0.0,1476.0,641.0,925.0,627.0
0.0,10250.0,2244.0,2108.0,1795.0,0.0,0.0,1469.0,639.0,1638.0,606.0
0.0,9801.0,2854.0,2122.0,0.0,1541.0,1541.0,1485.0,637.0,2218.0,636.0
0.0,6947.0,2782.0,2146.0,0.0,4419.0,4419.0,1509.0,637.0,2105.0,677.0
0.0,4165.0,2080.0,2156.0,1541.0,4998.0,4998.0,1517.0,639.0,1392.0,688.0
0.0,3626.0,1455.0,2142.0,4419.0,1978.0,1978.0,1501.0,641.0,794.0,661.0
0.0,6590.0,1535.0,2120.0,4998.0,0.0,0.0,1478.0,642.0,911.0,624.0
0.0,10053.0,2251.0,2112.0,1978.0,0.0,0.0,1472.0,640.0,1633.0,618.0
0.0,9780.0,2876.0,2126.0,0.0,1600.0,1600.0,1488.0,638.0,2229.0,647.0
0.0,6904.0,2791.0,2151.0,0.0,4491.0,4491.0,1512.0,639.0,2106.0,685.0
0.0,4113.0,2054.0,2161.0,1600.0,4985.0,4985.0,1520.0,641.0,1365.0,689.0
0.0,3659.0,1416.0,2147.0,4491.0,1854.0,1854.0,1504.0,643.0,766.0,650.0
0.0,6734.0,1518.0,2124.0,4985.0,0.0,0.0,1481.0,643.0,905.0,613.0
0.0,10201.0,2262.0,2115.0,1854.0,0.0,0.0,1474.0,641.0,1645.0,617.0
0.0,9793.0,2868.0,2130.0,0.0,1595.0,1595.0,1490.0,640.0,2223.0,645.0
0.0,6925.0,2757.0,2153.0,0.0,4444.0,4444.0,1513.0,640.0,2074.0,683.0
0.0,4168.0,2034.0,2163.0,1595.0,4923.0,4923.0,1521.0,642.0,1350.0,684.0
0.0,3729.0,1440.0,2149.0,4444.0,1863.0,1863.0,1505.0,644.0,789.0,651.0
0.0,6733.0,1555.0,2127.0,4923.0,0.0,0.0,1483.0,644.0,935.0,620.0
0.0,10101.0,2285.0,2119.0,1863.0,0.0,0.0,1476.0,643.0,1659.0,626.0
0.0,9679.0,2893.0,2135.0,0.0,1754.0,1754.0,1493.0,642.0,2241.0,652.0
0.0,6786.0,2752.0,2158.0,0.0,4598.0,4598.0,1516.0,642.0,2080.0,672.0
0.0,4034.0,1992.0,2167.0,1754.0,4872.0,4872.0,1524.0,643.0,1333.0,659.0
0.0,3796.0,1405.0,2153.0,4598.0,1623.0,1623.0,1508.0,645.0,768.0,637.0
0.0,6989.0,1557.0,2132.0,4872.0,0.0,0.0,1486.0,646.0,937.0,620.0
0.0,10304.0,2282.0,2124.0,1623.0,0.0,0.0,1479.0,645.0,1658.0,624.0
0.0,9645.0,2863.0,2138.0,0.0,1770.0,1770.0,1495.0,643.0,2219.0,644.0
0.0,6782.0,2702.0,2162.0,0.0,4568.0,4568.0,1519.0,643.0,2050.0,652.0
0.0,4080.0,1979.0,2171.0,1770.0,4813.0,4813.0,1527.0,644.0,1327.0,652.0
0.0,3871.0,1421.0,2158.0,4568.0,1614.0,1614.0,1512.0,646.0,780.0,641.0
0.0,7018.0,1572.0,2136.0,4813.0,0.0,0.0,1489.0,647.0,936.0,636.0
0.0,10259.0,2302.0,2128.0,1614.0,0.0,0.0,1482.0,646.0,1659.0,643.0
0.0,9571.0,2840.0,2143.0,0.0,1841.0,1841.0,1498.0,645.0,2191.0,649.0
0.0,6731.0,2683.0,2166.0,0.0,4616.0,4616.0,1521.0,645.0,2034.0,649.0
0.0,4048.0,1984.0,2174.0,1841.0,4791.0,4791.0,1528.0,646.0,1329.0,655.0
0.0,3905.0,1485.0,2160.0,4616.0,1604.0,1604.0,1513.0,647.0,830.0,655.0
0.0,7036.0,1669.0,2139.0,4791.0,0.0,0.0,1491.0,648.0,1019.0,650.0
0.0,10158.0,2341.0,2132.0,1604.0,0.0,0.0,1484.0,648.0,1698.0,643.0
0.0,9421.0,2857.0,2148.0,0.0,2028.0,2028.0,1501.0,647.0,2213.0,644.0
0.0,6564.0,2680.0,2170.0,0.0,4796.0,4796.0,1524.0,646.0,2031.0,649.0
0.0,3884.0,1997.0,2178.0,2028.0,4797.0,4797.0,1531.0,647.0,1347.0,650.0
0.0,3915.0,1511.0,2164.0,4796.0,1456.0,1456.0,1516.0,648.0,850.0,661.0
0.0,7200.0,1710.0,2144.0,4797.0,0.0,0.0,1494.0,650.0,1046.0,664.0
0.0,10287.0,2379.0,2138.0,1456.0,0.0,0.0,1488.0,650.0,1729.0,650.0
0.0,9364.0,2877.0,2152.0,0.0,2121.0,2121.0,1504.0,648.0,2232.0,645.0
0.0,6487.0,2693.0,2176.0,0.0,4910.0,4910.0,1528.0,648.0,2042.0,651.0
0.0,3794.0,2028.0,2184.0,2121.0,4849.0,4849.0,1535.0,649.0,1364.0,664.0
0.0,3887.0,1554.0,2170.0,4910.0,1437.0,1437.0,1520.0,650.0,878.0,676.0
0.0,7243.0,1728.0,2148.0,4849.0,0.0,0.0,1497.0,651.0,1054.0,674.0
0.0,10364.0,2386.0,2141.0,1437.0,0.0,0.0,1490.0,651.0,1728.0,658.0
0.0,9415.0,2874.0,2156.0,0.0,2083.0,2083.0,1506.0,650.0,2226.0,648.0
0.0,6541.0,2694.0,2179.0,0.0,4869.0,4869.0,1530.0,649.0,2044.0,650.0
0.0,3847.0,2007.0,2188.0,2083.0,4829.0,4829.0,1538.0,650.0,1354.0,653.0
0.0,3923.0,1517.0,2174.0,4869.0,1421.0,1421.0,1523.0,651.0,852.0,665.0
0.0,7275.0,1696.0,2152.0,4829.0,0.0,0.0,1500.0,652.0,1029.0,667.0
0.0,10408.0,2364.0,2143.0,1421.0,0.0,0.0,1492.0,651.0,1706.0,658.0
0.0,9465.0,2861.0,2158.0,0.0,2028.0,2028.0,1508.0,650.0,2211.0,650.0
0.0,6604.0,2690.0,2182.0,0.0,4814.0,4814.0,1532.0,650.0,2036.0,654.0
0.0,3914.0,2025.0,2191.0,2028.0,4847.0,4847.0,1540.0,651.0,1360.0,665.0
0.0,3917.0,1536.0,2178.0,4814.0,1517.0,1517.0,1526.0,652.0,866.0,670.0
0.0,7195.0,1719.0,2156.0,4847.0,0.0,0.0,1503.0,653.0,1048.0,671.0
0.0,10323.0,2392.0,2148.0,1517.0,0.0,0.0,1496.0,652.0,1726.0,666.0
0.0,9448.0,2875.0,2164.0,0.0,2083.0,2083.0,1512.0,652.0,2219.0,656.0
0.0,6573.0,2675.0,2188.0,0.0,4854.0,4854.0,1536.0,652.0,2024.0,651.0
0.0,3898.0,1987.0,2196.0,2083.0,4790.0,4790.0,1544.0,652.0,1326.0,661.0
0.0,3994.0,1507.0,2183.0,4854.0,1391.0,1391.0,1529.0,654.0,836.0,671.0
0.0,7341.0,1736.0,2160.0,4790.0,0.0,0.0,1506.0,654.0,1061.0,675.0
0.0,10395.0,2425.0,2155.0,1391.0,0.0,0.0,1501.0,654.0,1769.0,656.0
0.0,9361.0,2866.0,2170.0,0.0,2185.0,2185.0,1517.0,653.0,2227.0,639.0
0.0,6495.0,2616.0,2193.0,0.0,4893.0,4893.0,1540.0,653.0,1973.0,643.0
0.0,3879.0,1956.0,2200.0,2185.0,4692.0,4692.0,1547.0,653.0,1298.0,658.0
0.0,4108.0,1544.0,2186.0,4893.0,1287.0,1287.0,1532.0,654.0,872.0,672.0
0.0,7457.0,1768.0,2165.0,4692.0,0.0,0.0,1510.0,655.0,1098.0,670.0
0.0,10381.0,2411.0,2158.0,1287.0,0.0,0.0,1504.0,654.0,1756.0,655.0
0.0,9257.0,2821.0,2174.0,0.0,2260.0,2260.0,1520.0,654.0,2185.0,636.0
0.0,6436.0,2612.0,2197.0,0.0,4964.0,4964.0,1543.0,654.0,1968.0,644.0
0.0,3824.0,1969.0,2205.0,2260.0,4705.0,4705.0,1550.0,655.0,1302.0,667.0
0.0,4115.0,1551.0,2191.0,4964.0,1236.0,1236.0,1535.0,656.0,864.0,687.0
0.0,7528.0,1761.0,2170.0,4705.0,0.0,0.0,1513.0,657.0,1081.0,680.0
0.0,10472.0,2389.0,2164.0,1236.0,0.0,0.0,1507.0,657.0,1740.0,649.0
0.0,9319.0,2820.0,2180.0,0.0,2221.0,2221.0,1524.0,656.0,2192.0,628.0
0.0,6499.0,2602.0,2203.0,0.0,4915.0,4915.0,1547.0,656.0,1969.0,633.0
0.0,3897.0,1942.0,2209.0,2221.0,4660.0,4660.0,1553.0,656.0,1282.0,660.0
0.0,4176.0,1524.0,2195.0,4915.0,1213.0,1213.0,1538.0,657.0,844.0,680.0
0.0,7567.0,1751.0,2174.0,4660.0,0.0,0.0,1516.0,658.0,1080.0,671.0
0.0,10476.0,2415.0,2169.0,1213.0,0.0,0.0,1511.0,658.0,1768.0,647.0
0.0,9274.0,2847.0,2185.0,0.0,2313.0,2313.0,1528.0,657.0,2219.0,628.0
0.0,6427.0,2605.0,2207.0,0.0,5006.0,5006.0,1550.0,657.0,1972.0,633.0
0.0,3822.0,1948.0,2212.0,2313.0,4661.0,4661.0,1555.0,657.0,1288.0,660.0
0.0,4187.0,1547.0,2197.0,5006.0,1142.0,1142.0,1539.0,658.0,855.0,692.0
0.0,7646.0,1800.0,2177.0,4661.0,0.0,0.0,1518.0,659.0,1111.0,689.0
0.0,10507.0,2461.0,2173.0,1142.0,0.0,0.0,1514.0,659.0,1804.0,657.0
0.0,9188.0,2893.0,2190.0,0.0,2465.0,2465.0,1531.0,659.0,2256.0,637.0
0.0,6295.0,2647.0,2211.0,0.0,5196.0,5196.0,1553.0,658.0,2007.0,640.0
0.0,3648.0,1981.0,2216.0,2465.0,4732.0,4732.0,1558.0,658.0,1310.0,671.0
0.0,4132.0,1560.0,2201.0,5196.0,1036.0,1036.0,1542.0,659.0,863.0,697.0
0.0,7768.0,1796.0,2180.0,4732.0,0.0,0.0,1520.0,660.0,1110.0,686.0
0.0,10704.0,2478.0,2176.0,1036.0,0.0,0.0,1516.0,660.0,1815.0,663.0
0.0,9262.0,2919.0,2194.0,0.0,2433.0,2433.0,1534.0,660.0,2280.0,639.0
0.0,6343.0,2677.0,2215.0,0.0,5194.0,5194.0,1556.0,659.0,2040.0,637.0
0.0,3666.0,2003.0,2220.0,2433.0,4784.0,4784.0,1561.0,659.0,1336.0,667.0
0.0,4096.0,1569.0,2205.0,5194.0,1099.0,1099.0,1545.0,660.0,865.0,704.0
0.0,7721.0,1795.0,2184.0,4784.0,0.0,0.0,1523.0,661.0,1088.0,707.0
0.0,10710.0,2488.0,2180.0,1099.0,0.0,0.0,1518.0,662.0,1803.0,685.0
0.0,9321.0,2926.0,2197.0,0.0,2393.0,2393.0,1536.0,661.0,2280.0,646.0
0.0,6395.0,2679.0,2220.0,0.0,5164.0,5164.0,1559.0,661.0,2045.0,634.0
0.0,3716.0,1967.0,2225.0,2393.0,4758.0,4758.0,1564.0,661.0,1315.0,652.0
0.0,4142.0,1536.0,2209.0,5164.0,1066.0,1066.0,1548.0,661.0,848.0,688.0
0.0,7770.0,1806.0,2189.0,4758.0,0.0,0.0,1527.0,662.0,1100.0,706.0
0.0,10722.0,2481.0,2185.0,1066.0,0.0,0.0,1522.0,663.0,1798.0,683.0
0.0,9307.0,2901.0,2201.0,0.0,2398.0,2398.0,1539.0,662.0,2260.0,641.0
0.0,6406.0,2661.0,2224.0,0.0,5151.0,5151.0,1562.0,662.0,2030.0,631.0
0.0,3745.0,1991.0,2228.0,2398.0,4760.0,4760.0,1567.0,661.0,1329.0,662.0
0.0,4152.0,1538.0,2212.0,5151.0,1083.0,1083.0,1550.0,662.0,838.0,700.0
0.0,7765.0,1778.0,2191.0,4760.0,0.0,0.0,1528.0,663.0,1068.0,710.0
0.0,10747.0,2490.0,2188.0,1083.0,0.0,0.0,1524.0,664.0,1803.0,687.0
0.0,9340.0,2918.0,2205.0,0.0,2398.0,2398.0,1542.0,663.0,2275.0,643.0
0.0,6422.0,2657.0,2227.0,0.0,5143.0,5143.0,1565.0,662.0,2040.0,617.0
0.0,3765.0,1968.0,2232.0,2398.0,4733.0,4733.0,1570.0,662.0,1323.0,645.0
0.0,4195.0,1542.0,2215.0,5143.0,1064.0,1064.0,1552.0,663.0,840.0,702.0
0.0,7796.0,1814.0,2194.0,4733.0,0.0,0.0,1530.0,664.0,1083.0,731.0
0.0,10715.0,2499.0,2192.0,1064.0,0.0,0.0,1527.0,665.0,1806.0,693.0
0.0,9280.0,2916.0,2211.0,0.0,2480.0,2480.0,1546.0,665.0,2288.0,628.0
0.0,6364.0,2630.0,2232.0,0.0,5194.0,5194.0,1568.0,664.0,2026.0,604.0
0.0,3734.0,1931.0,2235.0,2480.0,4657.0,4657.0,1572.0,663.0,1291.0,640.0
0.0,4283.0,1519.0,2218.0,5194.0,914.0,914.0,1554.0,664.0,808.0,711.0
0.0,7958.0,1795.0,2198.0,4657.0,0.0,0.0,1532.0,666.0,1061.0,734.0
0.0,10820.0,2519.0,2196.0,914.0,0.0,0.0,1529.0,667.0,1828.0,691.0
0.0,9215.0,2937.0,2215.0,0.0,2582.0,2582.0,1549.0,666.0,2311.0,626.0
0.0,6278.0,2637.0,2235.0,0.0,5299.0,5299.0,1571.0,664.0,2032.0,605.0
0.0,3641.0,1915.0,2239.0,2582.0,4648.0,4648.0,1575.0,664.0,1266.0,649.0
0.0,4308.0,1474.0,2221.0,5299.0,751.0,751.0,1556.0,665.0,764.0,710.0
0.0,8133.0,1758.0,2201.0,4648.0,0.0,0.0,1534.0,667.0,1030.0,728.0
0.0,11023.0,2478.0,2198.0,751.0,0.0,0.0,1530.0,668.0,1792.0,686.0
0.0,9296.0,2924.0,2217.0,0.0,2496.0,2496.0,1550.0,667.0,2308.0,616.0
0.0,6372.0,2649.0,2239.0,0.0,5233.0,5233.0,1573.0,666.0,2046.0,603.0
0.0,3723.0,1928.0,2242.0,2496.0,4677.0,4677.0,1577.0,665.0,1276.0,652.0
0.0,4291.0,1486.0,2225.0,5233.0,862.0,862.0,1558.0,667.0,762.0,724.0
0.0,8038.0,1790.0,2204.0,4677.0,0.0,0.0,1535.0,669.0,1045.0,745.0
0.0,10925.0,2532.0,2203.0,862.0,0.0,0.0,1533.0,670.0,1845.0,687.0
0.0,9255.0,2994.0,2222.0,0.0,2627.0,2627.0,1553.0,669.0,2375.0,619.0
0.0,6261.0,2702.0,2245.0,0.0,5421.0,5421.0,1577.0,668.0,2093.0,609.0
0.0,3559.0,1960.0,2248.0,2627.0,4766.0,4766.0,1581.0,667.0,1294.0,666.0
0.0,4226.0,1518.0,2230.0,5421.0,791.0,791.0,1561.0,669.0,785.0,733.0
0.0,8129.0,1830.0,2210.0,4766.0,0.0,0.0,1539.0,671.0,1087.0,743.0
0.0,11065.0,2562.0,2208.0,791.0,0.0,0.0,1536.0,672.0,1876.0,686.0
0.0,9294.0,2978.0,2226.0,0.0,2588.0,2588.0,1556.0,670.0,2366.0,612.0
0.0,6316.0,2682.0,2249.0,0.0,5362.0,5362.0,1580.0,669.0,2077.0,605.0
0.0,3634.0,1954.0,2251.0,2588.0,4736.0,4736.0,1583.0,668.0,1290.0,664.0
0.0,4268.0,1552.0,2234.0,5362.0,858.0,858.0,1564.0,670.0,817.0,735.0
0.0,8078.0,1881.0,2214.0,4736.0,0.0,0.0,1542.0,672.0,1128.0,753.0
0.0,10933.0,2586.0,2212.0,858.0,0.0,0.0,1539.0,673.0,1892.0,694.0
0.0,9205.0,2965.0,2231.0,0.0,2684.0,2684.0,1559.0,672.0,2356.0,609.0
0.0,6240.0,2654.0,2252.0,0.0,5422.0,5422.0,1582.0,670.0,2063.0,591.0
0.0,3586.0,1956.0,2255.0,2684.0,4706.0,4706.0,1586.0,669.0,1300.0,656.0
0.0,4314.0,1578.0,2237.0,5422.0,790.0,790.0,1567.0,670.0,834.0,744.0
0.0,8158.0,1893.0,2217.0,4706.0,0.0,0.0,1545.0,672.0,1127.0,766.0
0.0,10971.0,2586.0,2215.0,790.0,0.0,0.0,1542.0,673.0,1886.0,700.0
0.0,9175.0,2966.0,2235.0,0.0,2731.0,2731.0,1562.0,673.0,2358.0,608.0
0.0,6209.0,2630.0,2256.0,0.0,5445.0,5445.0,1585.0,671.0,2038.0,592.0
0.0,3579.0,1947.0,2258.0,2731.0,4669.0,4669.0,1588.0,670.0,1282.0,665.0
0.0,4363.0,1575.0,2241.0,5445.0,731.0,731.0,1570.0,671.0,820.0,755.0
0.0,8233.0,1887.0,2222.0,4669.0,0.0,0.0,1548.0,674.0,1112.0,775.0
0.0,11015.0,2585.0,2220.0,731.0,0.0,0.0,1545.0,675.0,1878.0,707.0
0.0,9161.0,2944.0,2238.0,0.0,2735.0,2735.0,1564.0,674.0,2339.0,605.0
0.0,6217.0,2608.0,2259.0,0.0,5427.0,5427.0,1587.0,672.0,2032.0,576.0
0.0,3609.0,1921.0,2262.0,2735.0,4625.0,4625.0,1591.0,671.0,1271.0,650.0
0.0,4423.0,1573.0,2244.0,5427.0,699.0,699.0,1572.0,672.0,827.0,746.0
0.0,8277.0,1895.0,2224.0,4625.0,0.0,0.0,1550.0,674.0,1123.0,772.0
0.0,11007.0,2573.0,2223.0,699.0,0.0,0.0,1547.0,676.0,1866.0,707.0
0.0,9133.0,2922.0,2241.0,0.0,2753.0,2753.0,1566.0,675.0,2310.0,612.0
0.0,6211.0,2592.0,2261.0,0.0,5425.0,5425.0,1588.0,673.0,2014.0,578.0
0.0,3619.0,1925.0,2263.0,2753.0,4605.0,4605.0,1592.0,671.0,1285.0,640.0
0.0,4447.0,1575.0,2245.0,5425.0,683.0,683.0,1573.0,672.0,839.0,736.0
0.0,8297.0,1908.0,2226.0,4605.0,0.0,0.0,1551.0,675.0,1136.0,772.0
0.0,10994.0,2598.0,2225.0,683.0,0.0,0.0,1548.0,677.0,1881.0,717.0
0.0,9079.0,2950.0,2245.0,0.0,2851.0,2851.0,1568.0,677.0,2331.0,619.0
0.0,6129.0,2627.0,2266.0,0.0,5562.0,5562.0,1592.0,674.0,2048.0,579.0
0.0,3502.0,1927.0,2269.0,2851.0,4650.0,4650.0,1597.0,672.0,1285.0,642.0
0.0,4426.0,1549.0,2250.0,5562.0,561.0,561.0,1577.0,673.0,805.0,744.0
0.0,8439.0,1858.0,2229.0,4650.0,0.0,0.0,1553.0,676.0,1084.0,774.0
0.0,11231.0,2552.0,2228.0,561.0,0.0,0.0,1550.0,678.0,1849.0,703.0
0.0,9240.0,2950.0,2247.0,0.0,2698.0,2698.0,1570.0,677.0,2338.0,612.0
0.0,6290.0,2656.0,2271.0,0.0,5450.0,5450.0,1596.0,675.0,2066.0,590.0
0.0,3634.0,1943.0,2275.0,2698.0,4711.0,4711.0,1601.0,674.0,1291.0,652.0
0.0,4389.0,1553.0,2257.0,5450.0,742.0,742.0,1582.0,675.0,807.0,746.0
0.0,8286.0,1856.0,2236.0,4711.0,0.0,0.0,1558.0,678.0,1083.0,773.0
0.0,11141.0,2547.0,2234.0,742.0,0.0,0.0,1554.0,680.0,1846.0,701.0
0.0,9336.0,2926.0,2253.0,0.0,2602.0,2602.0,1574.0,679.0,2323.0,603.0
0.0,6410.0,2642.0,2275.0,0.0,5332.0,5332.0,1599.0,676.0,2057.0,585.0
0.0,3768.0,1980.0,2278.0,2602.0,4722.0,4722.0,1604.0,674.0,1318.0,662.0
0.0,4390.0,1599.0,2261.0,5332.0,921.0,921.0,1585.0,676.0,838.0,761.0
0.0,8123.0,1871.0,2239.0,4722.0,0.0,0.0,1560.0,679.0,1089.0,782.0
0.0,10974.0,2540.0,2237.0,921.0,0.0,0.0,1556.0,681.0,1840.0,700.0
0.0,9355.0,2945.0,2255.0,0.0,2610.0,2610.0,1576.0,679.0,2351.0,594.0
0.0,6410.0,2679.0,2277.0,0.0,5377.0,5377.0,1601.0,676.0,2103.0,576.0
0.0,3731.0,2019.0,2281.0,2610.0,4802.0,4802.0,1606.0,675.0,1351.0,668.0
0.0,4322.0,1634.0,2264.0,5377.0,991.0,991.0,1587.0,677.0,862.0,772.0
0.0,8065.0,1897.0,2243.0,4802.0,0.0,0.0,1563.0,680.0,1107.0,790.0
0.0,10970.0,2575.0,2241.0,991.0,0.0,0.0,1559.0,682.0,1868.0,707.0
0.0,9386.0,2968.0,2260.0,0.0,2622.0,2622.0,1579.0,681.0,2359.0,609.0
0.0,6418.0,2701.0,2282.0,0.0,5411.0,5411.0,1604.0,678.0,2113.0,588.0
0.0,3717.0,2046.0,2285.0,2622.0,4847.0,4847.0,1609.0,676.0,1378.0,668.0
0.0,4293.0,1653.0,2267.0,5411.0,1017.0,1017.0,1589.0,678.0,882.0,771.0
0.0,8051.0,1927.0,2247.0,4847.0,0.0,0.0,1566.0,681.0,1136.0,791.0
0.0,10971.0,2584.0,2246.0,1017.0,0.0,0.0,1562.0,684.0,1876.0,708.0
0.0,9404.0,2959.0,2266.0,0.0,2619.0,2619.0,1583.0,683.0,2353.0,606.0
0.0,6445.0,2681.0,2287.0,0.0,5384.0,5384.0,1607.0,680.0,2092.0,589.0
0.0,3764.0,2032.0,2289.0,2619.0,4805.0,4805.0,1611.0,678.0,1360.0,672.0
0.0,4351.0,1669.0,2271.0,5384.0,1018.0,1018.0,1592.0,679.0,888.0,781.0
0.0,8066.0,1939.0,2252.0,4805.0,0.0,0.0,1569.0,683.0,1143.0,796.0
0.0,10932.0,2569.0,2250.0,1018.0,0.0,0.0,1565.0,685.0,1868.0,701.0
0.0,9381.0,2920.0,2270.0,0.0,2619.0,2619.0,1586.0,684.0,2325.0,595.0
0.0,6461.0,2635.0,2289.0,0.0,5330.0,5330.0,1609.0,680.0,2054.0,581.0
0.0,3826.0,2007.0,2292.0,2619.0,4730.0,4730.0,1613.0,679.0,1328.0,679.0
0.0,4438.0,1648.0,2274.0,5330.0,976.0,976.0,1594.0,680.0,866.0,782.0
0.0,8120.0,1909.0,2255.0,4730.0,0.0,0.0,1571.0,684.0,1124.0,785.0
0.0,10941.0,2554.0,2253.0,976.0,0.0,0.0,1567.0,686.0,1859.0,695.0
0.0,9363.0,2930.0,2273.0,0.0,2659.0,2659.0,1588.0,685.0,2330.0,600.0
0.0,6433.0,2666.0,2294.0,0.0,5409.0,5409.0,1612.0,682.0,2074.0,592.0
0.0,3767.0,2023.0,2296.0,2659.0,4781.0,4781.0,1616.0,680.0,1349.0,674.0
0.0,4403.0,1648.0,2278.0,5409.0,948.0,948.0,1597.0,681.0,886.0,762.0
0.0,8164.0,1929.0,2259.0,4781.0,0.0,0.0,1575.0,684.0,1157.0,772.0
0.0,11016.0,2550.0,2258.0,948.0,0.0,0.0,1572.0,686.0,1866.0,684.0
0.0,9414.0,2920.0,2278.0,0.0,2618.0,2618.0,1592.0,686.0,2315.0,605.0
0.0,6494.0,2662.0,2298.0,0.0,5360.0,5360.0,1615.0,683.0,2051.0,611.0
0.0,3832.0,2025.0,2301.0,2618.0,4779.0,4779.0,1619.0,682.0,1335.0,690.0
0.0,4425.0,1634.0,2282.0,5360.0,977.0,977.0,1600.0,682.0,878.0,756.0
0.0,8151.0,1895.0,2262.0,4779.0,0.0,0.0,1577.0,685.0,1148.0,747.0
0.0,11035.0,2557.0,2261.0,977.0,0.0,0.0,1574.0,687.0,1879.0,678.0
0.0,9455.0,2945.0,2280.0,0.0,2610.0,2610.0,1594.0,686.0,2327.0,618.0
0.0,6510.0,2685.0,2302.0,0.0,5383.0,5383.0,1618.0,684.0,2055.0,630.0
0.0,3825.0,2018.0,2304.0,2610.0,4799.0,4799.0,1622.0,682.0,1322.0,696.0
0.0,4417.0,1624.0,2287.0,5383.0,972.0,972.0,1604.0,683.0,874.0,750.0
0.0,8176.0,1888.0,2267.0,4799.0,0.0,0.0,1581.0,686.0,1142.0,746.0
0.0,11087.0,2556.0,2265.0,972.0,0.0,0.0,1577.0,688.0,1862.0,694.0
0.0,9503.0,2962.0,2285.0,0.0,2599.0,2599.0,1597.0,688.0,2324.0,638.0
0.0,6541.0,2677.0,2305.0,0.0,5356.0,5356.0,1620.0,685.0,2046.0,631.0
0.0,3864.0,1989.0,2309.0,2599.0,4762.0,4762.0,1625.0,684.0,1313.0,676.0
0.0,4474.0,1615.0,2290.0,5356.0,945.0,945.0,1606.0,684.0,870.0,745.0
0.0,8215.0,1915.0,2271.0,4762.0,0.0,0.0,1584.0,687.0,1161.0,754.0
0.0,11062.0,2592.0,2271.0,945.0,0.0,0.0,1581.0,690.0,1892.0,700.0
0.0,9415.0,2978.0,2289.0,0.0,2719.0,2719.0,1600.0,689.0,2333.0,645.0
0.0,6437.0,2689.0,2310.0,0.0,5492.0,5492.0,1623.0,687.0,2047.0,642.0
0.0,3748.0,2027.0,2313.0,2719.0,4812.0,4812.0,1628.0,685.0,1335.0,692.0
0.0,4440.0,1642.0,2296.0,5492.0,894.0,894.0,1610.0,686.0,894.0,748.0
0.0,8290.0,1916.0,2276.0,4812.0,0.0,0.0,1587.0,689.0,1171.0,745.0
0.0,11186.0,2601.0,2274.0,894.0,0.0,0.0,1583.0,691.0,1900.0,701.0
0.0,9479.0,3014.0,2294.0,0.0,2711.0,2711.0,1603.0,691.0,2363.0,651.0
0.0,6465.0,2752.0,2316.0,0.0,5551.0,5551.0,1627.0,689.0,2108.0,644.0
0.0,3713.0,2082.0,2319.0,2711.0,4934.0,4934.0,1632.0,687.0,1393.0,689.0
0.0,4342.0,1693.0,2302.0,5551.0,1008.0,1008.0,1614.0,688.0,937.0,756.0
0.0,8200.0,1962.0,2283.0,4934.0,0.0,0.0,1592.0,691.0,1196.0,766.0
0.0,11172.0,2606.0,2281.0,1008.0,0.0,0.0,1588.0,693.0,1901.0,705.0
0.0,9574.0,2987.0,2298.0,0.0,2605.0,2605.0,1606.0,692.0,2343.0,644.0
0.0,6587.0,2728.0,2319.0,0.0,5417.0,5417.0,1629.0,690.0,2084.0,644.0
0.0,3859.0,2091.0,2322.0,2605.0,4915.0,4915.0,1634.0,688.0,1386.0,705.0
0.0,4373.0,1730.0,2306.0,5417.0,1164.0,1164.0,1617.0,689.0,965.0,765.0
0.0,8060.0,1982.0,2287.0,4915.0,0.0,0.0,1595.0,692.0,1227.0,755.0
0.0,10993.0,2604.0,2286.0,1164.0,0.0,0.0,1592.0,694.0,1905.0,699.0
0.0,9553.0,2967.0,2304.0,0.0,2630.0,2630.0,1610.0,694.0,2324.0,643.0
0.0,6586.0,2688.0,2323.0,0.0,5394.0,5394.0,1632.0,691.0,2043.0,645.0
0.0,3898.0,2047.0,2325.0,2630.0,4819.0,4819.0,1636.0,689.0,1346.0,701.0
0.0,4481.0,1705.0,2309.0,5394.0,1066.0,1066.0,1618.0,691.0,940.0,765.0
0.0,8170.0,1997.0,2291.0,4819.0,0.0,0.0,1597.0,694.0,1237.0,760.0
0.0,10992.0,2618.0,2291.0,1066.0,0.0,0.0,1595.0,696.0,1925.0,693.0
0.0,9440.0,2955.0,2309.0,0.0,2751.0,2751.0,1614.0,695.0,2326.0,629.0
0.0,6485.0,2647.0,2328.0,0.0,5474.0,5474.0,1636.0,692.0,2013.0,634.0
0.0,3838.0,2025.0,2331.0,2751.0,4760.0,4760.0,1640.0,691.0,1321.0,704.0
0.0,4564.0,1721.0,2315.0,5474.0,943.0,943.0,1623.0,692.0,952.0,769.0
0.0,8317.0,2011.0,2297.0,4760.0,0.0,0.0,1602.0,695.0,1254.0,757.0
0.0,11066.0,2609.0,2296.0,943.0,0.0,0.0,1599.0,697.0,1923.0,686.0
0.0,9400.0,2945.0,2314.0,0.0,2801.0,2801.0,1618.0,696.0,2325.0,620.0
0.0,6455.0,2654.0,2333.0,0.0,5531.0,5531.0,1640.0,693.0,2036.0,618.0
0.0,3801.0,2051.0,2336.0,2801.0,4793.0,4793.0,1644.0,692.0,1353.0,698.0
0.0,4551.0,1716.0,2319.0,5531.0,910.0,910.0,1626.0,693.0,946.0,770.0
0.0,8366.0,1976.0,2301.0,4793.0,0.0,0.0,1605.0,696.0,1210.0,766.0
0.0,11183.0,2571.0,2299.0,910.0,0.0,0.0,1601.0,698.0,1879.0,692.0
0.0,9522.0,2930.0,2317.0,0.0,2676.0,2676.0,1620.0,697.0,2311.0,619.0
0.0,6592.0,2675.0,2337.0,0.0,5431.0,5431.0,1643.0,694.0,2048.0,627.0
0.0,3917.0,2047.0,2339.0,2676.0,4810.0,4810.0,1646.0,693.0,1349.0,698.0
0.0,4546.0,1688.0,2323.0,5431.0,1003.0,1003.0,1628.0,695.0,921.0,767.0
0.0,8289.0,1951.0,2304.0,4810.0,0.0,0.0,1606.0,698.0,1197.0,754.0
0.0,11148.0,2572.0,2301.0,1003.0,0.0,0.0,1603.0,698.0,1894.0,678.0
0.0,9579.0,2923.0,2319.0,0.0,2620.0,2620.0,1622.0,697.0,2304.0,619.0
0.0,6656.0,2656.0,2339.0,0.0,5356.0,5356.0,1644.0,695.0,2019.0,637.0
0.0,4000.0,2049.0,2342.0,2620.0,4797.0,4797.0,1648.0,694.0,1336.0,713.0
0.0,4571.0,1693.0,2326.0,5356.0,1070.0,1070.0,1630.0,696.0,914.0,779.0
0.0,8234.0,1955.0,2306.0,4797.0,0.0,0.0,1608.0,698.0,1191.0,764.0
0.0,11076.0,2584.0,2304.0,1070.0,0.0,0.0,1605.0,699.0,1900.0,684.0
0.0,9562.0,2949.0,2323.0,0.0,2679.0,2679.0,1625.0,698.0,2333.0,616.0
0.0,6613.0,2683.0,2343.0,0.0,5442.0,5442.0,1647.0,696.0,2056.0,627.0
0.0,3930.0,2066.0,2346.0,2679.0,4841.0,4841.0,1651.0,695.0,1349.0,717.0
0.0,4543.0,1712.0,2329.0,5442.0,1043.0,1043.0,1632.0,697.0,919.0,793.0
0.0,8273.0,1983.0,2310.0,4841.0,0.0,0.0,1611.0,699.0,1205.0,778.0
0.0,11131.0,2604.0,2308.0,1043.0,0.0,0.0,1608.0,700.0,1919.0,685.0
0.0,9570.0,2980.0,2327.0,0.0,2718.0,2718.0,1628.0,699.0,2363.0,617.0
0.0,6590.0,2723.0,2348.0,0.0,5525.0,5525.0,1651.0,697.0,2089.0,634.0
0.0,3867.0,2087.0,2351.0,2718.0,4906.0,4906.0,1655.0,696.0,1366.0,721.0
0.0,4498.0,1725.0,2334.0,5525.0,1038.0,1038.0,1636.0,698.0,924.0,801.0
0.0,8298.0,1978.0,2314.0,4906.0,0.0,0.0,1613.0,701.0,1190.0,788.0
0.0,11226.0,2633.0,2312.0,1038.0,0.0,0.0,1610.0,702.0,1936.0,697.0
0.0,9631.0,3027.0,2330.0,0.0,2716.0,2716.0,1629.0,701.0,2402.0,625.0
0.0,6604.0,2781.0,2351.0,0.0,5581.0,5581.0,1653.0,698.0,2140.0,641.0
0.0,3823.0,2158.0,2355.0,2716.0,5039.0,5039.0,1657.0,698.0,1425.0,733.0
0.0,4381.0,1753.0,2339.0,5581.0,1147.0,1147.0,1639.0,700.0,949.0,804.0
0.0,8209.0,1985.0,2319.0,5039.0,0.0,0.0,1617.0,702.0,1195.0,790.0
0.0,11263.0,2618.0,2316.0,1147.0,0.0,0.0,1613.0,703.0,1917.0,701.0
0.0,9792.0,3021.0,2335.0,0.0,2569.0,2569.0,1633.0,702.0,2395.0,626.0
0.0,6771.0,2806.0,2356.0,0.0,5459.0,5459.0,1656.0,700.0,2169.0,637.0
0.0,3965.0,2186.0,2359.0,2569.0,5088.0,5088.0,1660.0,699.0,1453.0,733.0
0.0,4348.0,1763.0,2343.0,5459.0,1328.0,1328.0,1642.0,701.0,956.0,807.0
0.0,8044.0,1958.0,2324.0,5088.0,0.0,0.0,1620.0,704.0,1175.0,783.0
0.0,11174.0,2550.0,2322.0,1328.0,0.0,0.0,1617.0,705.0,1865.0,685.0
0.0,9952.0,2965.0,2339.0,0.0,2369.0,2369.0,1636.0,703.0,2350.0,615.0
0.0,6987.0,2764.0,2359.0,0.0,5213.0,5213.0,1658.0,701.0,2116.0,648.0
0.0,4223.0,2177.0,2362.0,2369.0,5033.0,5033.0,1662.0,700.0,1434.0,743.0
0.0,4415.0,1767.0,2347.0,5213.0,1527.0,1527.0,1644.0,703.0,953.0,814.0
0.0,7861.0,1965.0,2327.0,5033.0,0.0,0.0,1621.0,706.0,1178.0,787.0
0.0,10929.0,2561.0,2326.0,1527.0,0.0,0.0,1619.0,707.0,1876.0,685.0
0.0,9895.0,2986.0,2344.0,0.0,2467.0,2467.0,1639.0,705.0,2377.0,609.0
0.0,6909.0,2773.0,2364.0,0.0,5320.0,5320.0,1662.0,702.0,2138.0,635.0
0.0,4136.0,2147.0,2367.0,2467.0,5012.0,5012.0,1665.0,702.0,1409.0,738.0
0.0,4456.0,1757.0,2350.0,5320.0,1381.0,1381.0,1646.0,704.0,943.0,814.0
0.0,8019.0,1974.0,2332.0,5012.0,0.0,0.0,1624.0,708.0,1190.0,784.0
0.0,11057.0,2585.0,2331.0,1381.0,0.0,0.0,1622.0,709.0,1903.0,682.0
0.0,9853.0,2960.0,2348.0,0.0,2499.0,2499.0,1641.0,707.0,2363.0,597.0
0.0,6893.0,2731.0,2368.0,0.0,5310.0,5310.0,1664.0,704.0,2120.0,611.0
0.0,4162.0,2127.0,2370.0,2499.0,4946.0,4946.0,1667.0,703.0,1405.0,722.0
0.0,4534.0,1751.0,2354.0,5310.0,1323.0,1323.0,1649.0,705.0,941.0,810.0
0.0,8093.0,1982.0,2337.0,4946.0,0.0,0.0,1628.0,709.0,1190.0,792.0
0.0,11057.0,2599.0,2335.0,1323.0,0.0,0.0,1625.0,710.0,1909.0,690.0
0.0,9781.0,2973.0,2353.0,0.0,2604.0,2604.0,1645.0,708.0,2376.0,597.0
0.0,6808.0,2740.0,2373.0,0.0,5424.0,5424.0,1668.0,705.0,2130.0,610.0
0.0,4068.0,2103.0,2376.0,2604.0,4935.0,4935.0,1672.0,704.0,1387.0,716.0
0.0,4569.0,1728.0,2360.0,5424.0,1175.0,1175.0,1653.0,707.0,913.0,815.0
0.0,8265.0,1979.0,2341.0,4935.0,0.0,0.0,1631.0,710.0,1178.0,801.0
0.0,11221.0,2606.0,2341.0,1175.0,0.0,0.0,1630.0,711.0,1925.0,681.0
0.0,9790.0,2986.0,2359.0,0.0,2632.0,2632.0,1650.0,709.0,2398.0,588.0
0.0,6804.0,2713.0,2378.0,0.0,5421.0,5421.0,1673.0,705.0,2108.0,605.0
0.0,4091.0,2068.0,2380.0,2632.0,4865.0,4865.0,1676.0,704.0,1352.0,716.0
0.0,4655.0,1685.0,2363.0,5421.0,1061.0,1061.0,1656.0,707.0,873.0,812.0
0.0,8391.0,1958.0,2344.0,4865.0,0.0,0.0,1634.0,710.0,1156.0,802.0
0.0,11298.0,2618.0,2343.0,1061.0,0.0,0.0,1631.0,712.0,1926.0,692.0
0.0,9741.0,3008.0,2361.0,0.0,2711.0,2711.0,1652.0,709.0,2413.0,595.0
0.0,6733.0,2728.0,2381.0,0.0,5519.0,5519.0,1675.0,706.0,2115.0,613.0
0.0,4005.0,2094.0,2383.0,2711.0,4910.0,4910.0,1678.0,705.0,1359.0,735.0
0.0,4622.0,1728.0,2366.0,5519.0,1051.0,1051.0,1658.0,708.0,889.0,839.0
0.0,8413.0,2001.0,2347.0,4910.0,0.0,0.0,1635.0,712.0,1183.0,818.0
0.0,11322.0,2661.0,2346.0,1051.0,0.0,0.0,1633.0,713.0,1963.0,698.0
0.0,9712.0,3042.0,2364.0,0.0,2786.0,2786.0,1653.0,711.0,2441.0,601.0
0.0,6670.0,2763.0,2384.0,0.0,5629.0,5629.0,1677.0,707.0,2146.0,617.0
0.0,3907.0,2110.0,2386.0,2786.0,4961.0,4961.0,1680.0,706.0,1380.0,730.0
0.0,4583.0,1751.0,2370.0,5629.0,1019.0,1019.0,1661.0,709.0,920.0,831.0
0.0,8461.0,2039.0,2350.0,4961.0,0.0,0.0,1638.0,712.0,1217.0,822.0
0.0,11383.0,2692.0,2349.0,1019.0,0.0,0.0,1635.0,714.0,1971.0,721.0
0.0,9710.0,3042.0,2366.0,0.0,2796.0,2796.0,1654.0,712.0,2420.0,622.0
0.0,6668.0,2780.0,2385.0,0.0,5652.0,5652.0,1677.0,708.0,2158.0,622.0
0.0,3888.0,2165.0,2389.0,2796.0,5037.0,5037.0,1682.0,707.0,1441.0,724.0
0.0,4519.0,1821.0,2374.0,5652.0,1146.0,1146.0,1664.0,710.0,994.0,827.0
0.0,8350.0,2066.0,2355.0,5037.0,0.0,0.0,1642.0,713.0,1239.0,827.0
0.0,11321.0,2683.0,2353.0,1146.0,0.0,0.0,1638.0,715.0,1949.0,734.0
0.0,9784.0,3031.0,2369.0,0.0,2723.0,2723.0,1656.0,713.0,2399.0,632.0
0.0,6753.0,2756.0,2389.0,0.0,5559.0,5559.0,1679.0,710.0,2129.0,627.0
0.0,3997.0,2148.0,2392.0,2723.0,4996.0,4996.0,1683.0,709.0,1424.0,724.0
0.0,4572.0,1822.0,2378.0,5559.0,1203.0,1203.0,1666.0,712.0,985.0,837.0
0.0,8309.0,2084.0,2361.0,4996.0,0.0,0.0,1645.0,716.0,1246.0,838.0
0.0,11221.0,2682.0,2360.0,1203.0,0.0,0.0,1642.0,718.0,1951.0,731.0
0.0,9742.0,3022.0,2375.0,0.0,2780.0,2780.0,1660.0,715.0,2395.0,627.0
0.0,6720.0,2749.0,2395.0,0.0,5609.0,5609.0,1683.0,712.0,2125.0,624.0
0.0,3971.0,2105.0,2397.0,2780.0,4942.0,4942.0,1687.0,710.0,1385.0,720.0
0.0,4646.0,1737.0,2382.0,5609.0,1010.0,1010.0,1669.0,713.0,926.0,811.0
0.0,8518.0,2041.0,2364.0,4942.0,0.0,0.0,1647.0,717.0,1225.0,816.0
0.0,11419.0,2720.0,2362.0,1010.0,0.0,0.0,1644.0,718.0,1997.0,723.0
0.0,9709.0,3078.0,2380.0,0.0,2889.0,2889.0,1664.0,716.0,2453.0,625.0
0.0,6631.0,2762.0,2400.0,0.0,5731.0,5731.0,1687.0,713.0,2145.0,617.0
0.0,3869.0,2053.0,2401.0,2889.0,4899.0,4899.0,1690.0,711.0,1349.0,704.0
0.0,4705.0,1695.0,2384.0,5731.0,795.0,795.0,1671.0,713.0,895.0,800.0
0.0,8741.0,2033.0,2367.0,4899.0,0.0,0.0,1649.0,718.0,1212.0,821.0
0.0,11607.0,2716.0,2366.0,795.0,0.0,0.0,1646.0,720.0,1983.0,733.0
0.0,9686.0,3078.0,2384.0,0.0,2928.0,2928.0,1666.0,718.0,2451.0,627.0
0.0,6608.0,2760.0,2403.0,0.0,5764.0,5764.0,1689.0,714.0,2148.0,612.0
0.0,3848.0,2063.0,2405.0,2928.0,4907.0,4907.0,1693.0,712.0,1368.0,695.0
0.0,4713.0,1700.0,2387.0,5764.0,771.0,771.0,1673.0,714.0,903.0,797.0
0.0,8777.0,2002.0,2370.0,4907.0,0.0,0.0,1651.0,719.0,1194.0,808.0
0.0,11682.0,2685.0,2369.0,771.0,0.0,0.0,1648.0,721.0,1969.0,716.0
0.0,9768.0,3064.0,2387.0,0.0,2844.0,2844.0,1668.0,719.0,2441.0,623.0
0.0,6704.0,2762.0,2407.0,0.0,5686.0,5686.0,1692.0,715.0,2150.0,612.0
0.0,3942.0,2051.0,2408.0,2844.0,4897.0,4897.0,1695.0,713.0,1358.0,693.0
0.0,4735.0,1654.0,2390.0,5686.0,793.0,793.0,1675.0,715.0,865.0,789.0
0.0,8767.0,1961.0,2370.0,4897.0,0.0,0.0,1651.0,719.0,1160.0,801.0
0.0,11703.0,2686.0,2369.0,793.0,0.0,0.0,1648.0,721.0,1968.0,718.0
0.0,9810.0,3074.0,2388.0,0.0,2816.0,2816.0,1669.0,719.0,2450.0,624.0
0.0,6736.0,2788.0,2410.0,0.0,5692.0,5692.0,1694.0,716.0,2163.0,625.0
0.0,3948.0,2099.0,2412.0,2816.0,4983.0,4983.0,1698.0,714.0,1377.0,722.0
0.0,4665.0,1690.0,2394.0,5692.0,909.0,909.0,1678.0,716.0,880.0,810.0
0.0,8667.0,1962.0,2375.0,4983.0,0.0,0.0,1654.0,721.0,1148.0,814.0
0.0,11688.0,2654.0,2373.0,909.0,0.0,0.0,1650.0,723.0,1934.0,720.0
0.0,9943.0,3096.0,2393.0,0.0,2725.0,2725.0,1672.0,721.0,2469.0,627.0
0.0,6847.0,2846.0,2414.0,0.0,5655.0,5655.0,1697.0,717.0,2223.0,623.0
0.0,4001.0,2152.0,2417.0,2725.0,5094.0,5094.0,1702.0,715.0,1430.0,722.0
0.0,4574.0,1722.0,2399.0,5655.0,1089.0,1089.0,1682.0,717.0,901.0,821.0
0.0,8507.0,1989.0,2378.0,5094.0,0.0,0.0,1657.0,721.0,1164.0,825.0
0.0,11612.0,2697.0,2378.0,1089.0,0.0,0.0,1654.0,724.0,1962.0,735.0
0.0,10004.0,3134.0,2397.0,0.0,2718.0,2718.0,1675.0,722.0,2499.0,635.0
0.0,6870.0,2889.0,2419.0,0.0,5695.0,5695.0,1701.0,718.0,2257.0,632.0
0.0,3981.0,2182.0,2421.0,2718.0,5167.0,5167.0,1705.0,716.0,1447.0,735.0
0.0,4517.0,1741.0,2403.0,5695.0,1141.0,1141.0,1685.0,718.0,909.0,832.0
0.0,8471.0,2042.0,2384.0,5167.0,0.0,0.0,1661.0,723.0,1196.0,846.0
0.0,11596.0,2759.0,2383.0,1141.0,0.0,0.0,1658.0,725.0,2009.0,750.0
0.0,9978.0,3176.0,2403.0,0.0,2810.0,2810.0,1679.0,724.0,2522.0,654.0
0.0,6802.0,2876.0,2423.0,0.0,5766.0,5766.0,1703.0,720.0,2238.0,638.0
0.0,3926.0,2150.0,2425.0,2810.0,5114.0,5114.0,1707.0,718.0,1432.0,718.0
0.0,4586.0,1725.0,2407.0,5766.0,1001.0,1001.0,1687.0,720.0,904.0,821.0
0.0,8627.0,2042.0,2388.0,5114.0,0.0,0.0,1664.0,724.0,1199.0,843.0
0.0,11699.0,2783.0,2388.0,1001.0,0.0,0.0,1662.0,726.0,2023.0,760.0
0.0,9917.0,3181.0,2408.0,0.0,2896.0,2896.0,1683.0,725.0,2524.0,657.0
0.0,6736.0,2867.0,2428.0,0.0,5843.0,5843.0,1707.0,721.0,2233.0,634.0
0.0,3869.0,2136.0,2429.0,2896.0,5087.0,5087.0,1710.0,719.0,1418.0,718.0
0.0,4629.0,1712.0,2411.0,5843.0,884.0,884.0,1690.0,721.0,893.0,819.0
0.0,8760.0,2021.0,2392.0,5087.0,0.0,0.0,1667.0,725.0,1186.0,835.0
0.0,11826.0,2742.0,2391.0,884.0,0.0,0.0,1664.0,727.0,1988.0,754.0
0.0,9968.0,3167.0,2412.0,0.0,2847.0,2847.0,1686.0,726.0,2511.0,656.0
0.0,6801.0,2860.0,2434.0,0.0,5795.0,5795.0,1711.0,723.0,2224.0,636.0
0.0,3941.0,2124.0,2435.0,2847.0,5076.0,5076.0,1714.0,721.0,1411.0,713.0
0.0,4664.0,1706.0,2415.0,5795.0,907.0,907.0,1693.0,722.0,889.0,817.0
0.0,8753.0,2017.0,2394.0,5076.0,0.0,0.0,1668.0,726.0,1184.0,833.0
0.0,11812.0,2730.0,2394.0,907.0,0.0,0.0,1665.0,729.0,1992.0,738.0
0.0,9989.0,3157.0,2415.0,0.0,2828.0,2828.0,1688.0,727.0,2525.0,632.0
0.0,6832.0,2871.0,2438.0,0.0,5791.0,5791.0,1714.0,724.0,2243.0,628.0
0.0,3961.0,2149.0,2440.0,2828.0,5120.0,5120.0,1718.0,722.0,1427.0,722.0
0.0,4640.0,1721.0,2421.0,5791.0,974.0,974.0,1697.0,724.0,899.0,822.0
0.0,8710.0,1979.0,2400.0,5120.0,0.0,0.0,1672.0,728.0,1155.0,824.0
0.0,11851.0,2702.0,2399.0,974.0,0.0,0.0,1669.0,730.0,1972.0,730.0
0.0,10123.0,3163.0,2420.0,0.0,2720.0,2720.0,1692.0,728.0,2541.0,622.0
0.0,6960.0,2883.0,2443.0,0.0,5695.0,5695.0,1718.0,725.0,2262.0,621.0
0.0,4077.0,2175.0,2447.0,2720.0,5166.0,5166.0,1723.0,724.0,1448.0,727.0
0.0,4622.0,1696.0,2427.0,5695.0,1087.0,1087.0,1701.0,726.0,871.0,825.0
0.0,8621.0,1942.0,2406.0,5166.0,0.0,0.0,1676.0,730.0,1114.0,828.0
0.0,11845.0,2679.0,2404.0,1087.0,0.0,0.0,1672.0,732.0,1947.0,732.0
0.0,10253.0,3156.0,2425.0,0.0,2603.0,2603.0,1694.0,731.0,2520.0,636.0
0.0,7097.0,2889.0,2449.0,0.0,5588.0,5588.0,1721.0,728.0,2259.0,630.0
0.0,4208.0,2147.0,2452.0,2603.0,5144.0,5144.0,1726.0,726.0,1429.0,718.0
0.0,4664.0,1687.0,2433.0,5588.0,1167.0,1167.0,1705.0,728.0,865.0,822.0
0.0,8565.0,1953.0,2412.0,5144.0,0.0,0.0,1680.0,732.0,1134.0,819.0
0.0,11756.0,2678.0,2410.0,1167.0,0.0,0.0,1676.0,734.0,1955.0,723.0
0.0,10245.0,3116.0,2429.0,0.0,2587.0,2587.0,1697.0,732.0,2490.0,626.0
0.0,7129.0,2861.0,2451.0,0.0,5536.0,5536.0,1723.0,728.0,2232.0,629.0
0.0,4268.0,2178.0,2456.0,2587.0,5147.0,5147.0,1729.0,727.0,1448.0,730.0
0.0,4677.0,1732.0,2438.0,5536.0,1271.0,1271.0,1709.0,729.0,903.0,829.0
0.0,8481.0,1987.0,2417.0,5147.0,0.0,0.0,1684.0,733.0,1161.0,826.0
0.0,11641.0,2677.0,2414.0,1271.0,0.0,0.0,1679.0,735.0,1945.0,732.0
0.0,10235.0,3118.0,2432.0,0.0,2611.0,2611.0,1699.0,733.0,2482.0,636.0
0.0,7117.0,2875.0,2455.0,0.0,5578.0,5578.0,1725.0,730.0,2236.0,639.0
0.0,4242.0,2214.0,2459.0,2611.0,5197.0,5197.0,1731.0,728.0,1474.0,740.0
0.0,4639.0,1772.0,2441.0,5578.0,1319.0,1319.0,1711.0,730.0,943.0,829.0
0.0,8445.0,2041.0,2420.0,5197.0,0.0,0.0,1686.0,734.0,1211.0,830.0
0.0,11601.0,2745.0,2417.0,1319.0,0.0,0.0,1681.0,736.0,2003.0,742.0
0.0,10175.0,3181.0,2436.0,0.0,2750.0,2750.0,1702.0,734.0,2529.0,652.0
0.0,6994.0,2920.0,2459.0,0.0,5762.0,5762.0,1728.0,731.0,2267.0,653.0
0.0,4074.0,2233.0,2463.0,2750.0,5261.0,5261.0,1734.0,729.0,1490.0,743.0
0.0,4591.0,1797.0,2444.0,5762.0,1220.0,1220.0,1714.0,730.0,964.0,833.0
0.0,8556.0,2043.0,2423.0,5261.0,0.0,0.0,1689.0,734.0,1211.0,832.0
0.0,11774.0,2739.0,2420.0,1220.0,0.0,0.0,1684.0,736.0,1988.0,751.0
0.0,10255.0,3181.0,2440.0,0.0,2686.0,2686.0,1705.0,735.0,2514.0,667.0
0.0,7074.0,2942.0,2463.0,0.0,5720.0,5720.0,1731.0,732.0,2275.0,667.0
0.0,4132.0,2235.0,2467.0,2686.0,5285.0,5285.0,1737.0,730.0,1495.0,740.0
0.0,4583.0,1786.0,2447.0,5720.0,1271.0,1271.0,1716.0,731.0,964.0,822.0
0.0,8517.0,2038.0,2425.0,5285.0,0.0,0.0,1691.0,734.0,1212.0,826.0
0.0,11764.0,2734.0,2423.0,1271.0,0.0,0.0,1686.0,737.0,1975.0,759.0
0.0,10301.0,3182.0,2443.0,0.0,2653.0,2653.0,1707.0,736.0,2498.0,684.0
0.0,7119.0,2918.0,2466.0,0.0,5663.0,5663.0,1733.0,733.0,2249.0,669.0
0.0,4201.0,2212.0,2469.0,2653.0,5234.0,5234.0,1738.0,731.0,1475.0,737.0
0.0,4642.0,1797.0,2452.0,5663.0,1300.0,1300.0,1719.0,733.0,977.0,820.0
0.0,8508.0,2070.0,2431.0,5234.0,0.0,0.0,1695.0,736.0,1240.0,830.0
0.0,11672.0,2735.0,2428.0,1300.0,0.0,0.0,1690.0,738.0,1982.0,753.0
0.0,10237.0,3132.0,2447.0,0.0,2683.0,2683.0,1710.0,737.0,2464.0,668.0
0.0,7105.0,2872.0,2470.0,0.0,5647.0,5647.0,1736.0,734.0,2211.0,661.0
0.0,4233.0,2227.0,2474.0,2683.0,5207.0,5207.0,1741.0,733.0,1486.0,741.0
0.0,4689.0,1822.0,2456.0,5647.0,1310.0,1310.0,1722.0,734.0,1000.0,822.0
0.0,8514.0,2087.0,2436.0,5207.0,0.0,0.0,1698.0,738.0,1252.0,835.0
0.0,11634.0,2709.0,2432.0,1310.0,0.0,0.0,1692.0,740.0,1960.0,749.0
0.0,10235.0,3090.0,2451.0,0.0,2659.0,2659.0,1712.0,739.0,2438.0,652.0
0.0,7145.0,2861.0,2473.0,0.0,5608.0,5608.0,1737.0,736.0,2219.0,642.0
0.0,4284.0,2245.0,2478.0,2659.0,5214.0,5214.0,1744.0,734.0,1514.0,731.0
0.0,4698.0,1846.0,2462.0,5608.0,1388.0,1388.0,1726.0,736.0,1014.0,832.0
0.0,8460.0,2078.0,2441.0,5214.0,0.0,0.0,1701.0,740.0,1237.0,841.0
0.0,11596.0,2687.0,2436.0,1388.0,0.0,0.0,1694.0,742.0,1943.0,744.0
0.0,10297.0,3051.0,2453.0,0.0,2566.0,2566.0,1713.0,740.0,2424.0,627.0
0.0,7246.0,2822.0,2475.0,0.0,5476.0,5476.0,1739.0,736.0,2208.0,614.0
0.0,4424.0,2223.0,2480.0,2566.0,5153.0,5153.0,1746.0,734.0,1499.0,724.0
0.0,4767.0,1872.0,2465.0,5476.0,1489.0,1489.0,1729.0,736.0,1034.0,838.0
0.0,8371.0,2092.0,2444.0,5153.0,0.0,0.0,1704.0,740.0,1247.0,845.0
0.0,11432.0,2662.0,2441.0,1489.0,0.0,0.0,1698.0,743.0,1913.0,749.0
0.0,10259.0,3031.0,2457.0,0.0,2600.0,2600.0,1716.0,741.0,2395.0,636.0
0.0,7228.0,2810.0,2479.0,0.0,5498.0,5498.0,1742.0,737.0,2195.0,615.0
0.0,4418.0,2230.0,2484.0,2600.0,5148.0,5148.0,1749.0,735.0,1517.0,713.0
0.0,4788.0,1875.0,2469.0,5498.0,1465.0,1465.0,1732.0,737.0,1039.0,836.0
0.0,8411.0,2102.0,2450.0,5148.0,0.0,0.0,1708.0,742.0,1245.0,857.0
0.0,11457.0,2668.0,2446.0,1465.0,0.0,0.0,1702.0,744.0,1918.0,750.0
0.0,10254.0,3017.0,2462.0,0.0,2611.0,2611.0,1720.0,742.0,2391.0,626.0
0.0,7237.0,2812.0,2483.0,0.0,5507.0,5507.0,1745.0,738.0,2200.0,612.0
0.0,4425.0,2262.0,2488.0,2611.0,5178.0,5178.0,1752.0,736.0,1536.0,726.0
0.0,4774.0,1906.0,2473.0,5507.0,1517.0,1517.0,1735.0,738.0,1062.0,844.0
0.0,8375.0,2100.0,2453.0,5178.0,0.0,0.0,1711.0,742.0,1251.0,849.0
0.0,11453.0,2686.0,2449.0,1517.0,0.0,0.0,1705.0,744.0,1931.0,755.0
0.0,10284.0,3070.0,2467.0,0.0,2654.0,2654.0,1724.0,743.0,2425.0,645.0
0.0,7214.0,2872.0,2488.0,0.0,5610.0,5610.0,1749.0,739.0,2237.0,635.0
0.0,4342.0,2295.0,2492.0,2654.0,5267.0,5267.0,1755.0,737.0,1566.0,729.0
0.0,4701.0,1928.0,2477.0,5610.0,1525.0,1525.0,1738.0,739.0,1088.0,840.0
0.0,8383.0,2122.0,2457.0,5267.0,0.0,0.0,1714.0,743.0,1267.0,855.0
0.0,11528.0,2695.0,2452.0,1525.0,0.0,0.0,1707.0,745.0,1926.0,769.0
0.0,10358.0,3108.0,2469.0,0.0,2626.0,2626.0,1725.0,744.0,2434.0,674.0
0.0,7250.0,2933.0,2490.0,0.0,5643.0,5643.0,1750.0,740.0,2273.0,660.0
0.0,4317.0,2337.0,2496.0,2626.0,5378.0,5378.0,1758.0,738.0,1601.0,736.0
0.0,4606.0,1921.0,2480.0,5643.0,1592.0,1592.0,1740.0,740.0,1088.0,833.0
0.0,8328.0,2098.0,2460.0,5378.0,0.0,0.0,1716.0,744.0,1250.0,848.0
0.0,11608.0,2696.0,2455.0,1592.0,0.0,0.0,1709.0,746.0,1925.0,771.0
0.0,10504.0,3141.0,2473.0,0.0,2529.0,2529.0,1728.0,745.0,2454.0,687.0
0.0,7363.0,2960.0,2495.0,0.0,5577.0,5577.0,1753.0,742.0,2291.0,669.0
0.0,4403.0,2323.0,2500.0,2529.0,5391.0,5391.0,1760.0,740.0,1582.0,741.0
0.0,4609.0,1892.0,2484.0,5577.0,1642.0,1642.0,1743.0,741.0,1057.0,835.0
0.0,8294.0,2091.0,2464.0,5391.0,0.0,0.0,1719.0,745.0,1234.0,857.0
0.0,11594.0,2717.0,2459.0,1642.0,0.0,0.0,1712.0,747.0,1934.0,783.0
0.0,10519.0,3140.0,2477.0,0.0,2529.0,2529.0,1731.0,746.0,2452.0,688.0
0.0,7379.0,2948.0,2499.0,0.0,5565.0,5565.0,1756.0,743.0,2278.0,670.0
0.0,4431.0,2327.0,2504.0,2529.0,5383.0,5383.0,1763.0,741.0,1582.0,745.0
0.0,4633.0,1880.0,2488.0,5565.0,1634.0,1634.0,1745.0,743.0,1049.0,831.0
0.0,8318.0,2055.0,2467.0,5383.0,0.0,0.0,1721.0,746.0,1213.0,842.0
0.0,11646.0,2688.0,2463.0,1634.0,0.0,0.0,1715.0,748.0,1915.0,773.0
0.0,10592.0,3145.0,2481.0,0.0,2477.0,2477.0,1734.0,747.0,2463.0,682.0
0.0,7447.0,2969.0,2503.0,0.0,5534.0,5534.0,1759.0,744.0,2302.0,667.0
0.0,4478.0,2329.0,2508.0,2477.0,5406.0,5406.0,1766.0,742.0,1592.0,737.0
0.0,4626.0,1893.0,2492.0,5534.0,1701.0,1701.0,1748.0,744.0,1067.0,826.0
0.0,8267.0,2088.0,2474.0,5406.0,0.0,0.0,1726.0,748.0,1249.0,839.0
0.0,11585.0,2693.0,2470.0,1701.0,0.0,0.0,1720.0,750.0,1924.0,769.0
0.0,10593.0,3118.0,2487.0,0.0,2473.0,2473.0,1738.0,749.0,2436.0,682.0
0.0,7475.0,2910.0,2507.0,0.0,5463.0,5463.0,1761.0,746.0,2254.0,656.0
0.0,4565.0,2284.0,2511.0,2473.0,5290.0,5290.0,1768.0,743.0,1567.0,717.0
0.0,4754.0,1890.0,2496.0,5463.0,1657.0,1657.0,1751.0,745.0,1079.0,811.0
0.0,8327.0,2126.0,2478.0,5290.0,0.0,0.0,1729.0,749.0,1272.0,854.0
0.0,11491.0,2719.0,2476.0,1657.0,0.0,0.0,1724.0,752.0,1932.0,787.0
0.0,10429.0,3087.0,2492.0,0.0,2626.0,2626.0,1741.0,751.0,2412.0,675.0
0.0,7342.0,2842.0,2512.0,0.0,5548.0,5548.0,1764.0,748.0,2198.0,644.0
0.0,4500.0,2221.0,2514.0,2626.0,5151.0,5151.0,1769.0,745.0,1512.0,709.0
0.0,4905.0,1866.0,2498.0,5548.0,1405.0,1405.0,1752.0,746.0,1053.0,813.0
0.0,8587.0,2117.0,2480.0,5151.0,0.0,0.0,1730.0,750.0,1268.0,849.0
0.0,11621.0,2755.0,2480.0,1405.0,0.0,0.0,1726.0,754.0,1969.0,786.0
0.0,10271.0,3117.0,2497.0,0.0,2834.0,2834.0,1744.0,753.0,2434.0,683.0
0.0,7154.0,2857.0,2515.0,0.0,5763.0,5763.0,1766.0,749.0,2219.0,638.0
0.0,4297.0,2228.0,2518.0,2834.0,5169.0,5169.0,1772.0,746.0,1518.0,710.0
0.0,4903.0,1872.0,2503.0,5763.0,1218.0,1218.0,1755.0,748.0,1044.0,828.0
0.0,8794.0,2125.0,2485.0,5169.0,0.0,0.0,1733.0,752.0,1266.0,859.0
0.0,11838.0,2770.0,2485.0,1218.0,0.0,0.0,1729.0,756.0,1986.0,784.0
0.0,10286.0,3159.0,2502.0,0.0,2881.0,2881.0,1747.0,755.0,2480.0,679.0
0.0,7127.0,2877.0,2521.0,0.0,5834.0,5834.0,1770.0,751.0,2235.0,642.0
0.0,4250.0,2213.0,2523.0,2881.0,5174.0,5174.0,1775.0,748.0,1505.0,708.0
0.0,4918.0,1861.0,2507.0,5834.0,1137.0,1137.0,1758.0,749.0,1047.0,814.0
0.0,8891.0,2144.0,2489.0,5174.0,0.0,0.0,1736.0,753.0,1290.0,854.0
0.0,11921.0,2832.0,2488.0,1137.0,0.0,0.0,1732.0,756.0,2032.0,800.0
0.0,10226.0,3217.0,2506.0,0.0,3015.0,3015.0,1750.0,756.0,2518.0,699.0
0.0,7009.0,2906.0,2525.0,0.0,5997.0,5997.0,1773.0,752.0,2254.0,652.0
0.0,4103.0,2210.0,2527.0,3015.0,5200.0,5200.0,1777.0,750.0,1498.0,712.0
0.0,4908.0,1851.0,2511.0,5997.0,990.0,990.0,1760.0,751.0,1031.0,820.0
0.0,9054.0,2206.0,2493.0,5200.0,0.0,0.0,1739.0,754.0,1335.0,871.0
0.0,12048.0,2906.0,2492.0,990.0,0.0,0.0,1735.0,757.0,2095.0,811.0
0.0,10132.0,3255.0,2511.0,0.0,3167.0,3167.0,1754.0,757.0,2552.0,703.0
0.0,6877.0,2903.0,2529.0,0.0,6142.0,6142.0,1776.0,753.0,2255.0,648.0
0.0,3974.0,2199.0,2531.0,3167.0,5182.0,5182.0,1781.0,750.0,1489.0,710.0
0.0,4942.0,1856.0,2515.0,6142.0,832.0,832.0,1763.0,752.0,1027.0,829.0
0.0,9228.0,2209.0,2497.0,5182.0,0.0,0.0,1742.0,755.0,1318.0,891.0
0.0,12201.0,2902.0,2496.0,832.0,0.0,0.0,1737.0,759.0,2072.0,830.0
0.0,10131.0,3242.0,2514.0,0.0,3167.0,3167.0,1756.0,758.0,2535.0,707.0
0.0,6889.0,2888.0,2532.0,0.0,6127.0,6127.0,1778.0,754.0,2241.0,647.0
0.0,4001.0,2188.0,2534.0,3167.0,5156.0,5156.0,1783.0,751.0,1484.0,704.0
0.0,4980.0,1848.0,2518.0,6127.0,813.0,813.0,1766.0,752.0,1023.0,825.0
0.0,9259.0,2203.0,2500.0,5156.0,0.0,0.0,1744.0,756.0,1316.0,887.0
0.0,12212.0,2879.0,2499.0,813.0,0.0,0.0,1740.0,759.0,2052.0,827.0
0.0,10146.0,3208.0,2515.0,0.0,3122.0,3122.0,1757.0,758.0,2501.0,707.0
0.0,6938.0,2872.0,2535.0,0.0,6074.0,6074.0,1780.0,755.0,2221.0,651.0
0.0,4066.0,2212.0,2537.0,3122.0,5172.0,5172.0,1785.0,752.0,1502.0,710.0
0.0,4976.0,1875.0,2522.0,6074.0,913.0,913.0,1769.0,753.0,1052.0,823.0
0.0,9175.0,2208.0,2504.0,5172.0,0.0,0.0,1747.0,757.0,1330.0,878.0
0.0,12139.0,2858.0,2502.0,913.0,0.0,0.0,1742.0,760.0,2039.0,819.0
0.0,10194.0,3207.0,2518.0,0.0,3085.0,3085.0,1759.0,759.0,2497.0,710.0
0.0,6987.0,2877.0,2538.0,0.0,6042.0,6042.0,1782.0,756.0,2224.0,653.0
0.0,4110.0,2197.0,2539.0,3085.0,5158.0,5158.0,1786.0,753.0,1494.0,703.0
0.0,4998.0,1858.0,2523.0,6042.0,910.0,910.0,1769.0,754.0,1049.0,809.0
0.0,9182.0,2212.0,2506.0,5158.0,0.0,0.0,1748.0,758.0,1334.0,878.0
0.0,12128.0,2895.0,2506.0,910.0,0.0,0.0,1745.0,761.0,2062.0,833.0
0.0,10143.0,3236.0,2524.0,0.0,3189.0,3189.0,1763.0,761.0,2515.0,721.0
0.0,6907.0,2853.0,2543.0,0.0,6118.0,6118.0,1785.0,758.0,2209.0,644.0
0.0,4054.0,2149.0,2543.0,3189.0,5078.0,5078.0,1788.0,755.0,1467.0,682.0
0.0,5094.0,1838.0,2526.0,6118.0,730.0,730.0,1771.0,755.0,1039.0,799.0
0.0,9374.0,2222.0,2510.0,5078.0,0.0,0.0,1751.0,759.0,1346.0,876.0
0.0,12230.0,2906.0,2511.0,730.0,0.0,0.0,1748.0,763.0,2075.0,831.0
0.0,10054.0,3209.0,2530.0,0.0,3275.0,3275.0,1767.0,763.0,2498.0,711.0
0.0,6845.0,2842.0,2548.0,0.0,6189.0,6189.0,1789.0,759.0,2204.0,638.0
0.0,4003.0,2149.0,2549.0,3275.0,5067.0,5067.0,1793.0,756.0,1457.0,692.0
0.0,5129.0,1827.0,2532.0,6189.0,637.0,637.0,1775.0,757.0,1018.0,809.0
0.0,9491.0,2202.0,2513.0,5067.0,0.0,0.0,1753.0,760.0,1327.0,875.0
0.0,12356.0,2886.0,2515.0,637.0,0.0,0.0,1751.0,764.0,2073.0,813.0
0.0,10107.0,3190.0,2532.0,0.0,3211.0,3211.0,1769.0,763.0,2495.0,695.0
0.0,6917.0,2844.0,2552.0,0.0,6135.0,6135.0,1792.0,760.0,2205.0,639.0
0.0,4073.0,2196.0,2553.0,3211.0,5124.0,5124.0,1796.0,757.0,1487.0,709.0
0.0,5088.0,1896.0,2536.0,6135.0,817.0,817.0,1778.0,758.0,1069.0,827.0
0.0,9327.0,2239.0,2519.0,5124.0,0.0,0.0,1757.0,762.0,1357.0,882.0
0.0,12212.0,2870.0,2518.0,817.0,0.0,0.0,1753.0,765.0,2055.0,815.0
0.0,10159.0,3149.0,2537.0,0.0,3138.0,3138.0,1772.0,765.0,2457.0,692.0
0.0,7010.0,2821.0,2554.0,0.0,6027.0,6027.0,1793.0,761.0,2180.0,641.0
0.0,4189.0,2217.0,2556.0,3138.0,5114.0,5114.0,1797.0,759.0,1503.0,714.0
0.0,5110.0,1933.0,2538.0,6027.0,948.0,948.0,1779.0,759.0,1095.0,838.0
0.0,9204.0,2275.0,2521.0,5114.0,0.0,0.0,1758.0,763.0,1381.0,894.0
0.0,12043.0,2904.0,2520.0,948.0,0.0,0.0,1754.0,766.0,2088.0,816.0
0.0,10087.0,3196.0,2540.0,0.0,3269.0,3269.0,1774.0,766.0,2509.0,687.0
0.0,6891.0,2899.0,2559.0,0.0,6244.0,6244.0,1797.0,762.0,2255.0,644.0
0.0,3992.0,2301.0,2562.0,3269.0,5288.0,5288.0,1802.0,760.0,1573.0,728.0
0.0,4960.0,1987.0,2544.0,6244.0,959.0,959.0,1783.0,761.0,1130.0,857.0
0.0,9217.0,2284.0,2525.0,5288.0,0.0,0.0,1761.0,764.0,1380.0,904.0
0.0,12221.0,2882.0,2525.0,959.0,0.0,0.0,1757.0,768.0,2061.0,821.0
0.0,10298.0,3178.0,2543.0,0.0,3052.0,3052.0,1776.0,767.0,2491.0,687.0
0.0,7120.0,2887.0,2564.0,0.0,6023.0,6023.0,1800.0,764.0,2249.0,638.0
0.0,4233.0,2287.0,2565.0,3052.0,5262.0,5262.0,1805.0,760.0,1567.0,720.0
0.0,4998.0,2008.0,2548.0,6023.0,1179.0,1179.0,1787.0,761.0,1145.0,863.0
0.0,9013.0,2318.0,2530.0,5262.0,0.0,0.0,1765.0,765.0,1400.0,918.0
0.0,11957.0,2876.0,2530.0,1179.0,0.0,0.0,1761.0,769.0,2047.0,829.0
0.0,10260.0,3135.0,2548.0,0.0,3067.0,3067.0,1780.0,768.0,2442.0,693.0
0.0,7125.0,2838.0,2567.0,0.0,5981.0,5981.0,1802.0,765.0,2200.0,638.0
0.0,4287.0,2295.0,2569.0,3067.0,5217.0,5217.0,1807.0,762.0,1571.0,724.0
0.0,5059.0,2032.0,2552.0,5981.0,1200.0,1200.0,1790.0,762.0,1162.0,870.0
0.0,9008.0,2308.0,2536.0,5217.0,0.0,0.0,1769.0,767.0,1383.0,925.0
0.0,11917.0,2876.0,2535.0,1200.0,0.0,0.0,1765.0,770.0,2043.0,833.0
0.0,10241.0,3147.0,2554.0,0.0,3122.0,3122.0,1784.0,770.0,2458.0,689.0
0.0,7094.0,2847.0,2572.0,0.0,6041.0,6041.0,1806.0,766.0,2212.0,635.0
0.0,4247.0,2293.0,2574.0,3122.0,5220.0,5220.0,1811.0,763.0,1575.0,718.0
0.0,5076.0,2019.0,2558.0,6041.0,1134.0,1134.0,1794.0,764.0,1161.0,858.0
0.0,9098.0,2300.0,2540.0,5220.0,0.0,0.0,1772.0,768.0,1378.0,922.0
0.0,12018.0,2852.0,2539.0,1134.0,0.0,0.0,1768.0,771.0,2020.0,832.0
0.0,10300.0,3116.0,2557.0,0.0,3044.0,3044.0,1786.0,771.0,2427.0,689.0
0.0,7184.0,2812.0,2575.0,0.0,5928.0,5928.0,1808.0,767.0,2191.0,621.0
0.0,4372.0,2286.0,2577.0,3044.0,5178.0,5178.0,1813.0,764.0,1576.0,710.0
0.0,5130.0,2041.0,2561.0,5928.0,1227.0,1227.0,1796.0,765.0,1178.0,863.0
0.0,9017.0,2330.0,2544.0,5178.0,0.0,0.0,1775.0,769.0,1406.0,924.0
0.0,11865.0,2858.0,2543.0,1227.0,0.0,0.0,1771.0,772.0,2016.0,842.0
0.0,10234.0,3095.0,2562.0,0.0,3109.0,3109.0,1789.0,773.0,2405.0,690.0
0.0,7139.0,2800.0,2580.0,0.0,5981.0,5981.0,1811.0,769.0,2174.0,626.0
0.0,4339.0,2267.0,2581.0,3109.0,5143.0,5143.0,1815.0,766.0,1557.0,710.0
0.0,5181.0,2045.0,2565.0,5981.0,1143.0,1143.0,1798.0,767.0,1194.0,851.0
0.0,9117.0,2347.0,2547.0,5143.0,0.0,0.0,1777.0,770.0,1434.0,913.0
0.0,11913.0,2872.0,2548.0,1143.0,8.0,8.0,1774.0,774.0,2039.0,833.0
0.0,10184.0,3083.0,2566.0,0.0,3163.0,3163.0,1792.0,774.0,2390.0,693.0
0.0,7101.0,2761.0,2585.0,8.0,5992.0,5992.0,1814.0,771.0,2135.0,626.0
0.0,4348.0,2236.0,2585.0,3163.0,5065.0,5065.0,1818.0,767.0,1531.0,705.0
0.0,5275.0,2024.0,2568.0,5992.0,1029.0,1029.0,1800.0,768.0,1176.0,848.0
0.0,9243.0,2348.0,2552.0,5065.0,0.0,0.0,1780.0,772.0,1438.0,910.0
0.0,11960.0,2881.0,2553.0,1029.0,104.0,104.0,1777.0,776.0,2048.0,833.0
0.0,10108.0,3097.0,2571.0,0.0,3273.0,3273.0,1795.0,776.0,2404.0,693.0
0.0,7011.0,2802.0,2588.0,104.0,6039.0,6039.0,1816.0,772.0,2169.0,633.0
0.0,4313.0,2264.0,2588.0,3273.0,5030.0,5030.0,1820.0,768.0,1560.0,704.0
0.0,5322.0,2027.0,2572.0,6039.0,954.0,954.0,1803.0,769.0,1176.0,851.0
0.0,9334.0,2354.0,2557.0,5030.0,0.0,0.0,1783.0,774.0,1434.0,920.0
0.0,12010.0,2898.0,2558.0,954.0,166.0,166.0,1781.0,777.0,2054.0,844.0
0.0,10066.0,3124.0,2575.0,0.0,3358.0,3358.0,1798.0,777.0,2425.0,699.0
0.0,6942.0,2837.0,2593.0,166.0,6101.0,6101.0,1820.0,773.0,2206.0,631.0
0.0,4271.0,2317.0,2594.0,3358.0,5064.0,5064.0,1824.0,770.0,1611.0,706.0
0.0,5312.0,2073.0,2577.0,6101.0,968.0,968.0,1807.0,770.0,1219.0,854.0
0.0,9340.0,2355.0,2562.0,5064.0,0.0,0.0,1787.0,775.0,1433.0,922.0
0.0,12049.0,2899.0,2562.0,968.0,130.0,130.0,1783.0,779.0,2061.0,838.0
0.0,10118.0,3145.0,2578.0,0.0,3339.0,3339.0,1800.0,778.0,2451.0,694.0
0.0,6973.0,2866.0,2595.0,130.0,6143.0,6143.0,1821.0,774.0,2226.0,640.0
0.0,4237.0,2361.0,2596.0,3339.0,5169.0,5169.0,1826.0,770.0,1635.0,726.0
0.0,5215.0,2117.0,2581.0,6143.0,1083.0,1083.0,1810.0,771.0,1247.0,870.0
0.0,9241.0,2367.0,2566.0,5169.0,0.0,0.0,1790.0,776.0,1439.0,928.0
0.0,12043.0,2862.0,2566.0,1083.0,0.0,0.0,1786.0,780.0,2026.0,836.0
0.0,10264.0,3107.0,2581.0,0.0,3167.0,3167.0,1802.0,779.0,2421.0,686.0
0.0,7157.0,2861.0,2598.0,0.0,6096.0,6096.0,1823.0,775.0,2229.0,632.0
0.0,4296.0,2394.0,2599.0,3167.0,5327.0,5327.0,1828.0,771.0,1656.0,738.0
0.0,5069.0,2143.0,2585.0,6096.0,1318.0,1318.0,1813.0,772.0,1263.0,880.0
0.0,9022.0,2362.0,2570.0,5327.0,0.0,0.0,1794.0,776.0,1441.0,921.0
0.0,11987.0,2837.0,2570.0,1318.0,0.0,0.0,1790.0,780.0,2009.0,828.0
0.0,10468.0,3096.0,2586.0,0.0,2972.0,2972.0,1806.0,780.0,2400.0,696.0
0.0,7372.0,2846.0,2601.0,0.0,5878.0,5878.0,1826.0,775.0,2195.0,651.0
0.0,4526.0,2377.0,2602.0,2972.0,5287.0,5287.0,1830.0,772.0,1630.0,747.0
0.0,5121.0,2141.0,2588.0,5878.0,1494.0,1494.0,1815.0,773.0,1263.0,878.0
0.0,8858.0,2379.0,2573.0,5287.0,0.0,0.0,1796.0,777.0,1458.0,921.0
0.0,11766.0,2863.0,2574.0,1494.0,0.0,0.0,1793.0,781.0,2031.0,832.0
0.0,10397.0,3094.0,2590.0,0.0,3057.0,3057.0,1809.0,781.0,2404.0,690.0
0.0,7303.0,2853.0,2605.0,0.0,5970.0,5970.0,1829.0,776.0,2211.0,642.0
0.0,4450.0,2353.0,2606.0,3057.0,5270.0,5270.0,1833.0,773.0,1616.0,737.0
0.0,5154.0,2100.0,2592.0,5970.0,1344.0,1344.0,1818.0,774.0,1225.0,875.0
0.0,9024.0,2348.0,2577.0,5270.0,0.0,0.0,1799.0,778.0,1424.0,924.0
0.0,11946.0,2850.0,2578.0,1344.0,0.0,0.0,1796.0,782.0,2021.0,829.0
0.0,10440.0,3106.0,2594.0,0.0,3042.0,3042.0,1812.0,782.0,2424.0,682.0
0.0,7334.0,2846.0,2609.0,0.0,5948.0,5948.0,1832.0,777.0,2213.0,633.0
0.0,4488.0,2343.0,2609.0,3042.0,5249.0,5249.0,1836.0,773.0,1616.0,727.0
0.0,5187.0,2080.0,2594.0,5948.0,1321.0,1321.0,1820.0,774.0,1211.0,869.0
0.0,9055.0,2331.0,2579.0,5249.0,0.0,0.0,1801.0,778.0,1412.0,919.0
0.0,11973.0,2836.0,2580.0,1321.0,0.0,0.0,1798.0,782.0,2009.0,827.0
0.0,10458.0,3104.0,2597.0,0.0,3034.0,3034.0,1815.0,782.0,2415.0,689.0
0.0,7354.0,2868.0,2612.0,0.0,5962.0,5962.0,1834.0,778.0,2225.0,643.0
0.0,4486.0,2327.0,2612.0,3034.0,5255.0,5255.0,1838.0,774.0,1599.0,728.0
0.0,5193.0,2071.0,2596.0,5962.0,1300.0,1300.0,1821.0,775.0,1200.0,871.0
0.0,9084.0,2323.0,2581.0,5255.0,0.0,0.0,1802.0,779.0,1403.0,920.0
0.0,12016.0,2871.0,2584.0,1300.0,0.0,0.0,1801.0,783.0,2036.0,835.0
0.0,10445.0,3126.0,2601.0,0.0,3085.0,3085.0,1818.0,783.0,2426.0,700.0
0.0,7319.0,2848.0,2617.0,0.0,5997.0,5997.0,1838.0,779.0,2203.0,645.0
0.0,4471.0,2327.0,2617.0,3085.0,5239.0,5239.0,1841.0,776.0,1599.0,728.0
0.0,5229.0,2072.0,2601.0,5997.0,1250.0,1250.0,1824.0,777.0,1201.0,871.0
0.0,9154.0,2329.0,2586.0,5239.0,0.0,0.0,1805.0,781.0,1402.0,927.0
0.0,12064.0,2837.0,2587.0,1250.0,0.0,0.0,1802.0,785.0,2007.0,830.0
0.0,10477.0,3120.0,2603.0,0.0,3055.0,3055.0,1819.0,784.0,2437.0,683.0
0.0,7357.0,2905.0,2620.0,0.0,6028.0,6028.0,1840.0,780.0,2264.0,641.0
0.0,4452.0,2406.0,2621.0,3055.0,5383.0,5383.0,1844.0,777.0,1661.0,745.0
0.0,5101.0,2142.0,2607.0,6028.0,1441.0,1441.0,1829.0,778.0,1245.0,897.0
0.0,8987.0,2360.0,2592.0,5383.0,0.0,0.0,1809.0,783.0,1426.0,934.0
0.0,12010.0,2845.0,2592.0,1441.0,0.0,0.0,1806.0,786.0,2022.0,823.0
0.0,10606.0,3123.0,2608.0,0.0,2949.0,2949.0,1822.0,786.0,2451.0,672.0
0.0,7483.0,2927.0,2624.0,0.0,5940.0,5940.0,1842.0,782.0,2284.0,643.0
0.0,4556.0,2464.0,2627.0,2949.0,5467.0,5467.0,1848.0,779.0,1702.0,762.0
0.0,5041.0,2198.0,2613.0,5940.0,1669.0,1669.0,1833.0,780.0,1283.0,915.0
0.0,8783.0,2392.0,2598.0,5467.0,0.0,0.0,1813.0,785.0,1444.0,948.0
0.0,11858.0,2858.0,2598.0,1669.0,0.0,0.0,1810.0,788.0,2033.0,825.0
0.0,10669.0,3122.0,2612.0,0.0,2901.0,2901.0,1825.0,787.0,2453.0,669.0
0.0,7547.0,2897.0,2628.0,0.0,5862.0,5862.0,1845.0,783.0,2271.0,626.0
0.0,4650.0,2433.0,2629.0,2901.0,5398.0,5398.0,1850.0,779.0,1684.0,749.0
0.0,5118.0,2204.0,2616.0,5862.0,1688.0,1688.0,1835.0,781.0,1282.0,922.0
0.0,8776.0,2438.0,2603.0,5398.0,0.0,0.0,1817.0,786.0,1470.0,968.0
0.0,11736.0,2899.0,2604.0,1688.0,0.0,0.0,1814.0,790.0,2057.0,842.0
0.0,10525.0,3101.0,2618.0,0.0,3048.0,3048.0,1829.0,789.0,2437.0,664.0
0.0,7424.0,2869.0,2632.0,0.0,5973.0,5973.0,1848.0,784.0,2243.0,626.0
0.0,4555.0,2411.0,2633.0,3048.0,5340.0,5340.0,1852.0,781.0,1656.0,755.0
0.0,5192.0,2179.0,2620.0,5973.0,1494.0,1494.0,1837.0,783.0,1257.0,922.0
0.0,8986.0,2427.0,2607.0,5340.0,0.0,0.0,1819.0,788.0,1462.0,965.0
0.0,11899.0,2885.0,2607.0,1494.0,0.0,0.0,1816.0,791.0,2049.0,836.0
0.0,10508.0,3102.0,2622.0,0.0,3082.0,3082.0,1832.0,790.0,2442.0,660.0
0.0,7406.0,2855.0,2636.0,0.0,5993.0,5993.0,1851.0,785.0,2237.0,618.0
0.0,4551.0,2398.0,2636.0,3082.0,5309.0,5309.0,1855.0,781.0,1651.0,747.0
0.0,5235.0,2179.0,2623.0,5993.0,1443.0,1443.0,1840.0,783.0,1255.0,924.0
0.0,9049.0,2410.0,2609.0,5309.0,0.0,0.0,1821.0,788.0,1445.0,965.0
0.0,11948.0,2862.0,2610.0,1443.0,0.0,0.0,1818.0,792.0,2032.0,830.0
0.0,10529.0,3099.0,2624.0,0.0,3066.0,3066.0,1834.0,790.0,2447.0,652.0
0.0,7430.0,2865.0,2638.0,0.0,5987.0,5987.0,1853.0,785.0,2252.0,613.0
0.0,4565.0,2413.0,2640.0,3066.0,5342.0,5342.0,1858.0,782.0,1657.0,756.0
0.0,5218.0,2190.0,2627.0,5987.0,1493.0,1493.0,1843.0,784.0,1250.0,940.0
0.0,9015.0,2408.0,2614.0,5342.0,0.0,0.0,1824.0,790.0,1436.0,972.0
0.0,11949.0,2882.0,2615.0,1493.0,0.0,0.0,1821.0,794.0,2054.0,828.0
0.0,10560.0,3098.0,2629.0,0.0,3054.0,3054.0,1837.0,792.0,2458.0,640.0
0.0,7462.0,2853.0,2644.0,0.0,5967.0,5967.0,1857.0,787.0,2248.0,605.0
0.0,4609.0,2376.0,2645.0,3054.0,5293.0,5293.0,1861.0,784.0,1620.0,756.0
0.0,5287.0,2145.0,2632.0,5967.0,1419.0,1419.0,1846.0,786.0,1203.0,942.0
0.0,9109.0,2397.0,2618.0,5293.0,0.0,0.0,1827.0,791.0,1423.0,974.0
0.0,12005.0,2880.0,2618.0,1419.0,0.0,0.0,1823.0,795.0,2051.0,829.0
0.0,10544.0,3126.0,2633.0,0.0,3114.0,3114.0,1840.0,793.0,2480.0,646.0
0.0,7418.0,2880.0,2649.0,0.0,6058.0,6058.0,1861.0,788.0,2268.0,612.0
0.0,4538.0,2365.0,2650.0,3114.0,5313.0,5313.0,1865.0,785.0,1613.0,752.0
0.0,5287.0,2128.0,2636.0,6058.0,1327.0,1327.0,1849.0,787.0,1194.0,934.0
0.0,9217.0,2410.0,2622.0,5313.0,0.0,0.0,1829.0,793.0,1426.0,984.0
0.0,12120.0,2905.0,2623.0,1327.0,0.0,0.0,1827.0,796.0,2065.0,840.0
0.0,10542.0,3128.0,2639.0,0.0,3142.0,3142.0,1844.0,795.0,2477.0,651.0
0.0,7414.0,2868.0,2654.0,0.0,6070.0,6070.0,1864.0,790.0,2263.0,605.0
0.0,4546.0,2381.0,2654.0,3142.0,5309.0,5309.0,1868.0,786.0,1631.0,750.0
0.0,5307.0,2141.0,2641.0,6070.0,1328.0,1328.0,1853.0,788.0,1200.0,941.0
0.0,9236.0,2405.0,2627.0,5309.0,0.0,0.0,1833.0,794.0,1419.0,986.0
0.0,12140.0,2900.0,2628.0,1328.0,0.0,0.0,1830.0,798.0,2065.0,835.0
0.0,10568.0,3148.0,2642.0,0.0,3148.0,3148.0,1846.0,796.0,2496.0,652.0
0.0,7420.0,2915.0,2657.0,0.0,6123.0,6123.0,1866.0,791.0,2298.0,617.0
0.0,4505.0,2421.0,2657.0,3148.0,5396.0,5396.0,1870.0,787.0,1663.0,758.0
0.0,5232.0,2152.0,2645.0,6123.0,1377.0,1377.0,1855.0,790.0,1213.0,939.0
0.0,9203.0,2390.0,2630.0,5396.0,0.0,0.0,1835.0,795.0,1415.0,975.0
0.0,12209.0,2907.0,2630.0,1377.0,0.0,0.0,1831.0,799.0,2066.0,841.0
0.0,10679.0,3192.0,2644.0,0.0,3089.0,3089.0,1847.0,797.0,2526.0,666.0
0.0,7487.0,2964.0,2659.0,0.0,6113.0,6113.0,1867.0,792.0,2336.0,628.0
0.0,4523.0,2469.0,2661.0,3089.0,5501.0,5501.0,1872.0,789.0,1698.0,771.0
0.0,5143.0,2183.0,2647.0,6113.0,1515.0,1515.0,1856.0,791.0,1242.0,941.0
0.0,9073.0,2396.0,2634.0,5501.0,0.0,0.0,1837.0,797.0,1424.0,972.0
0.0,12178.0,2915.0,2634.0,1515.0,0.0,0.0,1833.0,801.0,2083.0,832.0
0.0,10778.0,3214.0,2649.0,0.0,3032.0,3032.0,1850.0,799.0,2553.0,661.0
0.0,7564.0,2981.0,2663.0,0.0,6069.0,6069.0,1870.0,793.0,2351.0,630.0
0.0,4583.0,2440.0,2663.0,3032.0,5477.0,5477.0,1874.0,789.0,1668.0,772.0
0.0,5175.0,2132.0,2648.0,6069.0,1480.0,1480.0,1857.0,791.0,1188.0,944.0
0.0,9112.0,2370.0,2635.0,5477.0,0.0,0.0,1837.0,798.0,1388.0,982.0
0.0,12219.0,2916.0,2636.0,1480.0,0.0,0.0,1834.0,802.0,2082.0,834.0
0.0,10783.0,3218.0,2652.0,0.0,3043.0,3043.0,1852.0,800.0,2564.0,654.0
0.0,7565.0,2988.0,2667.0,0.0,6091.0,6091.0,1873.0,794.0,2372.0,616.0
0.0,4577.0,2446.0,2667.0,3043.0,5494.0,5494.0,1877.0,790.0,1687.0,759.0
0.0,5174.0,2139.0,2653.0,6091.0,1486.0,1486.0,1861.0,792.0,1190.0,949.0
0.0,9126.0,2363.0,2638.0,5494.0,0.0,0.0,1840.0,798.0,1367.0,996.0
0.0,12257.0,2890.0,2639.0,1486.0,0.0,0.0,1836.0,803.0,2039.0,851.0
0.0,10853.0,3206.0,2655.0,0.0,2973.0,2973.0,1854.0,801.0,2549.0,657.0
0.0,7647.0,2979.0,2670.0,0.0,6012.0,6012.0,1875.0,795.0,2378.0,601.0
0.0,4668.0,2442.0,2671.0,2973.0,5485.0,5485.0,1880.0,791.0,1699.0,743.0
0.0,5199.0,2147.0,2657.0,6012.0,1564.0,1564.0,1864.0,793.0,1205.0,942.0
0.0,9064.0,2368.0,2643.0,5485.0,0.0,0.0,1844.0,799.0,1372.0,996.0
0.0,12181.0,2896.0,2643.0,1564.0,0.0,0.0,1839.0,804.0,2037.0,859.0
0.0,10849.0,3213.0,2659.0,0.0,3000.0,3000.0,1857.0,802.0,2547.0,666.0
0.0,7636.0,2992.0,2674.0,0.0,6052.0,6052.0,1878.0,796.0,2389.0,603.0
0.0,4644.0,2461.0,2675.0,3000.0,5517.0,5517.0,1884.0,791.0,1723.0,738.0
0.0,5183.0,2134.0,2661.0,6052.0,1543.0,1543.0,1868.0,793.0,1201.0,933.0
0.0,9101.0,2332.0,2646.0,5517.0,0.0,0.0,1846.0,800.0,1345.0,987.0
0.0,12286.0,2871.0,2647.0,1543.0,0.0,0.0,1842.0,805.0,2016.0,855.0
0.0,10958.0,3207.0,2662.0,0.0,2897.0,2897.0,1859.0,803.0,2542.0,665.0
0.0,7751.0,3017.0,2679.0,0.0,5982.0,5982.0,1882.0,797.0,2402.0,615.0
0.0,4734.0,2477.0,2680.0,2897.0,5566.0,5566.0,1888.0,792.0,1732.0,745.0
0.0,5154.0,2123.0,2666.0,5982.0,1651.0,1651.0,1872.0,794.0,1198.0,925.0
0.0,9013.0,2298.0,2651.0,5566.0,0.0,0.0,1850.0,801.0,1320.0,978.0
0.0,12281.0,2836.0,2649.0,1651.0,0.0,0.0,1844.0,805.0,1986.0,850.0
0.0,11096.0,3209.0,2666.0,0.0,2777.0,2777.0,1862.0,804.0,2522.0,687.0
0.0,7887.0,3030.0,2683.0,0.0,5875.0,5875.0,1885.0,798.0,2395.0,635.0
0.0,4857.0,2483.0,2685.0,2777.0,5589.0,5589.0,1891.0,794.0,1730.0,753.0
0.0,5151.0,2130.0,2669.0,5875.0,1780.0,1780.0,1874.0,795.0,1213.0,917.0
0.0,8896.0,2325.0,2654.0,5589.0,0.0,0.0,1853.0,801.0,1358.0,967.0
0.0,12160.0,2859.0,2654.0,1780.0,0.0,0.0,1848.0,806.0,1995.0,864.0
0.0,11081.0,3206.0,2670.0,0.0,2805.0,2805.0,1864.0,806.0,2497.0,709.0
0.0,7875.0,3004.0,2687.0,0.0,5877.0,5877.0,1887.0,800.0,2358.0,646.0
0.0,4871.0,2464.0,2687.0,2805.0,5536.0,5536.0,1892.0,795.0,1721.0,743.0
0.0,5212.0,2148.0,2673.0,5877.0,1751.0,1751.0,1876.0,797.0,1235.0,913.0
0.0,8941.0,2354.0,2658.0,5536.0,0.0,0.0,1855.0,803.0,1374.0,980.0
0.0,12123.0,2894.0,2657.0,1751.0,0.0,0.0,1849.0,808.0,2019.0,875.0
0.0,10980.0,3223.0,2673.0,0.0,2935.0,2935.0,1866.0,807.0,2521.0,702.0
0.0,7757.0,3029.0,2690.0,0.0,6032.0,6032.0,1889.0,801.0,2387.0,642.0
0.0,4728.0,2508.0,2692.0,2935.0,5613.0,5613.0,1895.0,797.0,1757.0,751.0
0.0,5155.0,2202.0,2679.0,6032.0,1731.0,1731.0,1880.0,799.0,1275.0,927.0
0.0,8985.0,2412.0,2664.0,5613.0,0.0,0.0,1859.0,805.0,1423.0,989.0
0.0,12186.0,2945.0,2663.0,1731.0,0.0,0.0,1853.0,810.0,2063.0,882.0
0.0,10972.0,3252.0,2678.0,0.0,2992.0,2992.0,1870.0,808.0,2547.0,705.0
0.0,7720.0,3022.0,2695.0,0.0,6082.0,6082.0,1892.0,803.0,2380.0,642.0
0.0,4698.0,2480.0,2696.0,2992.0,5574.0,5574.0,1898.0,798.0,1731.0,749.0
0.0,5210.0,2201.0,2682.0,6082.0,1637.0,1637.0,1882.0,800.0,1269.0,932.0
0.0,9091.0,2442.0,2668.0,5574.0,0.0,0.0,1861.0,807.0,1446.0,996.0
0.0,12223.0,2962.0,2668.0,1637.0,0.0,0.0,1856.0,812.0,2084.0,878.0
0.0,10898.0,3260.0,2683.0,0.0,3094.0,3094.0,1873.0,810.0,2554.0,706.0
0.0,7638.0,3040.0,2700.0,0.0,6202.0,6202.0,1896.0,804.0,2401.0,639.0
0.0,4598.0,2500.0,2703.0,3094.0,5620.0,5620.0,1903.0,800.0,1752.0,748.0
0.0,5192.0,2188.0,2689.0,6202.0,1550.0,1550.0,1887.0,802.0,1260.0,928.0
0.0,9206.0,2407.0,2673.0,5620.0,0.0,0.0,1865.0,808.0,1407.0,1000.0
0.0,12419.0,2922.0,2672.0,1550.0,0.0,0.0,1858.0,814.0,2038.0,884.0
0.0,11047.0,3218.0,2686.0,0.0,2915.0,2915.0,1874.0,812.0,2523.0,695.0
0.0,7829.0,3003.0,2703.0,0.0,5986.0,5986.0,1897.0,806.0,2381.0,622.0
0.0,4826.0,2507.0,2706.0,2915.0,5590.0,5590.0,1905.0,801.0,1755.0,752.0
0.0,5234.0,2219.0,2693.0,5986.0,1771.0,1771.0,1890.0,803.0,1278.0,941.0
0.0,9001.0,2423.0,2678.0,5590.0,0.0,0.0,1868.0,810.0,1421.0,1002.0
0.0,12168.0,2887.0,2677.0,1771.0,0.0,0.0,1862.0,815.0,2017.0,870.0
0.0,11052.0,3178.0,2691.0,0.0,2890.0,2890.0,1877.0,814.0,2497.0,681.0
0.0,7874.0,3010.0,2708.0,0.0,5968.0,5968.0,1900.0,808.0,2382.0,628.0
0.0,4864.0,2530.0,2710.0,2890.0,5616.0,5616.0,1907.0,803.0,1772.0,758.0
0.0,5224.0,2221.0,2698.0,5968.0,1821.0,1821.0,1893.0,805.0,1279.0,942.0
0.0,8971.0,2392.0,2682.0,5616.0,0.0,0.0,1871.0,811.0,1399.0,993.0
0.0,12195.0,2892.0,2680.0,1821.0,0.0,0.0,1864.0,816.0,2028.0,864.0
0.0,11124.0,3202.0,2694.0,0.0,2854.0,2854.0,1879.0,815.0,2523.0,679.0
0.0,7922.0,3017.0,2711.0,0.0,5939.0,5939.0,1902.0,809.0,2400.0,617.0
0.0,4905.0,2512.0,2714.0,2854.0,5609.0,5609.0,1910.0,804.0,1764.0,748.0
0.0,5247.0,2205.0,2702.0,5939.0,1827.0,1827.0,1896.0,806.0,1270.0,935.0
0.0,8981.0,2399.0,2686.0,5609.0,0.0,0.0,1874.0,812.0,1399.0,1000.0
0.0,12191.0,2892.0,2684.0,1827.0,0.0,0.0,1867.0,817.0,2024.0,868.0
0.0,11126.0,3194.0,2698.0,0.0,2860.0,2860.0,1882.0,816.0,2524.0,670.0
0.0,7932.0,3009.0,2714.0,0.0,5933.0,5933.0,1905.0,809.0,2400.0,609.0
0.0,4923.0,2507.0,2718.0,2860.0,5596.0,5596.0,1913.0,805.0,1765.0,742.0
0.0,5276.0,2202.0,2706.0,5933.0,1817.0,1817.0,1899.0,807.0,1252.0,950.0
0.0,9007.0,2394.0,2690.0,5596.0,0.0,0.0,1877.0,813.0,1383.0,1011.0
0.0,12209.0,2893.0,2688.0,1817.0,0.0,0.0,1870.0,818.0,2023.0,870.0
0.0,11133.0,3193.0,2701.0,0.0,2864.0,2864.0,1885.0,816.0,2521.0,672.0
0.0,7940.0,2983.0,2718.0,0.0,5915.0,5915.0,1908.0,810.0,2379.0,604.0
0.0,4957.0,2470.0,2721.0,2864.0,5533.0,5533.0,1915.0,806.0,1726.0,744.0
0.0,5351.0,2173.0,2707.0,5915.0,1735.0,1735.0,1900.0,807.0,1223.0,950.0
0.0,9093.0,2415.0,2692.0,5533.0,0.0,0.0,1879.0,813.0,1393.0,1022.0
0.0,12211.0,2934.0,2691.0,1735.0,0.0,0.0,1873.0,818.0,2050.0,884.0
0.0,11012.0,3237.0,2706.0,0.0,3049.0,3049.0,1889.0,817.0,2552.0,685.0
0.0,7775.0,3021.0,2722.0,0.0,6134.0,6134.0,1911.0,811.0,2397.0,624.0
0.0,4754.0,2515.0,2726.0,3049.0,5616.0,5616.0,1919.0,807.0,1761.0,754.0
0.0,5288.0,2215.0,2712.0,6134.0,1641.0,1641.0,1904.0,808.0,1270.0,945.0
0.0,9207.0,2411.0,2697.0,5616.0,0.0,0.0,1883.0,814.0,1398.0,1013.0
0.0,12412.0,2926.0,2695.0,1641.0,0.0,0.0,1876.0,819.0,2041.0,885.0
0.0,11127.0,3261.0,2710.0,0.0,2974.0,2974.0,1892.0,818.0,2563.0,698.0
0.0,7866.0,3094.0,2726.0,0.0,6132.0,6132.0,1914.0,812.0,2453.0,641.0
0.0,4772.0,2587.0,2730.0,2974.0,5761.0,5761.0,1922.0,808.0,1818.0,769.0
0.0,5159.0,2255.0,2716.0,6132.0,1828.0,1828.0,1907.0,809.0,1307.0,948.0
0.0,9036.0,2429.0,2701.0,5761.0,0.0,0.0,1886.0,815.0,1423.0,1006.0
0.0,12368.0,2936.0,2699.0,1828.0,0.0,0.0,1879.0,820.0,2037.0,899.0
0.0,11260.0,3271.0,2715.0,0.0,2871.0,2871.0,1895.0,820.0,2543.0,728.0
0.0,7989.0,3108.0,2732.0,0.0,6047.0,6047.0,1917.0,815.0,2446.0,662.0
0.0,4881.0,2601.0,2735.0,2871.0,5789.0,5789.0,1925.0,810.0,1834.0,767.0
0.0,5151.0,2265.0,2721.0,6047.0,1951.0,1951.0,1910.0,811.0,1328.0,937.0
0.0,8933.0,2429.0,2706.0,5789.0,0.0,0.0,1889.0,817.0,1429.0,1000.0
0.0,12293.0,2938.0,2704.0,1951.0,0.0,0.0,1882.0,822.0,2051.0,887.0
0.0,11306.0,3266.0,2718.0,0.0,2832.0,2832.0,1897.0,821.0,2546.0,720.0
0.0,8040.0,3061.0,2735.0,0.0,5961.0,5961.0,1919.0,816.0,2411.0,650.0
0.0,4979.0,2543.0,2738.0,2832.0,5684.0,5684.0,1927.0,811.0,1783.0,760.0
0.0,5268.0,2228.0,2724.0,5961.0,1895.0,1895.0,1912.0,812.0,1289.0,939.0
0.0,9001.0,2451.0,2709.0,5684.0,0.0,0.0,1891.0,818.0,1436.0,1015.0
0.0,12234.0,2969.0,2709.0,1895.0,0.0,0.0,1885.0,824.0,2065.0,904.0
0.0,11160.0,3264.0,2723.0,0.0,2996.0,2996.0,1900.0,823.0,2547.0,717.0
0.0,7896.0,3019.0,2739.0,0.0,6079.0,6079.0,1922.0,817.0,2388.0,631.0
0.0,4877.0,2499.0,2740.0,2996.0,5586.0,5586.0,1928.0,812.0,1758.0,741.0
0.0,5374.0,2239.0,2728.0,6079.0,1698.0,1698.0,1914.0,814.0,1300.0,939.0
0.0,9214.0,2496.0,2715.0,5586.0,0.0,0.0,1895.0,820.0,1474.0,1022.0
0.0,12304.0,3011.0,2714.0,1698.0,0.0,0.0,1889.0,825.0,2104.0,907.0
0.0,10991.0,3262.0,2729.0,0.0,3187.0,3187.0,1905.0,824.0,2560.0,702.0
0.0,7729.0,2992.0,2744.0,0.0,6239.0,6239.0,1926.0,818.0,2380.0,612.0
0.0,4737.0,2470.0,2745.0,3187.0,5526.0,5526.0,1932.0,813.0,1737.0,733.0
0.0,5454.0,2215.0,2732.0,6239.0,1450.0,1450.0,1918.0,814.0,1279.0,936.0
0.0,9478.0,2498.0,2719.0,5526.0,0.0,0.0,1898.0,821.0,1477.0,1021.0
0.0,12506.0,3019.0,2718.0,1450.0,0.0,0.0,1892.0,826.0,2117.0,902.0
0.0,10937.0,3265.0,2733.0,0.0,3260.0,3260.0,1908.0,825.0,2571.0,694.0
0.0,7672.0,2985.0,2748.0,0.0,6305.0,6305.0,1929.0,819.0,2375.0,610.0
0.0,4687.0,2465.0,2749.0,3260.0,5514.0,5514.0,1935.0,814.0,1729.0,736.0
0.0,5482.0,2204.0,2737.0,6305.0,1365.0,1365.0,1921.0,816.0,1262.0,942.0
0.0,9583.0,2452.0,2722.0,5514.0,0.0,0.0,1900.0,822.0,1433.0,1019.0
0.0,12645.0,2972.0,2722.0,1365.0,0.0,0.0,1894.0,828.0,2080.0,892.0
0.0,11038.0,3226.0,2736.0,0.0,3132.0,3132.0,1909.0,827.0,2542.0,684.0
0.0,7812.0,2983.0,2750.0,0.0,6171.0,6171.0,1930.0,820.0,2377.0,606.0
0.0,4829.0,2506.0,2753.0,3132.0,5557.0,5557.0,1938.0,815.0,1765.0,741.0
0.0,5455.0,2251.0,2740.0,6171.0,1585.0,1585.0,1923.0,817.0,1291.0,960.0
0.0,9375.0,2472.0,2726.0,5557.0,0.0,0.0,1902.0,824.0,1430.0,1042.0
0.0,12460.0,2950.0,2725.0,1585.0,0.0,0.0,1896.0,829.0,2049.0,901.0
0.0,11095.0,3221.0,2740.0,0.0,3086.0,3086.0,1912.0,828.0,2539.0,682.0
0.0,7874.0,3011.0,2756.0,0.0,6161.0,6161.0,1934.0,822.0,2404.0,607.0
0.0,4863.0,2538.0,2758.0,3086.0,5621.0,5621.0,1942.0,816.0,1784.0,754.0
0.0,5411.0,2276.0,2745.0,6161.0,1684.0,1684.0,1927.0,818.0,1294.0,982.0
0.0,9296.0,2486.0,2731.0,5621.0,0.0,0.0,1906.0,825.0,1429.0,1057.0
0.0,12431.0,2945.0,2730.0,1684.0,0.0,0.0,1899.0,831.0,2046.0,899.0
0.0,11170.0,3220.0,2743.0,0.0,3022.0,3022.0,1914.0,829.0,2545.0,675.0
0.0,7950.0,3017.0,2759.0,0.0,6103.0,6103.0,1936.0,823.0,2416.0,601.0
0.0,4933.0,2564.0,2762.0,3022.0,5657.0,5657.0,1944.0,818.0,1797.0,767.0
0.0,5391.0,2303.0,2750.0,6103.0,1809.0,1809.0,1930.0,820.0,1304.0,999.0
0.0,9191.0,2517.0,2735.0,5657.0,0.0,0.0,1908.0,827.0,1455.0,1062.0
0.0,12331.0,3013.0,2734.0,1809.0,0.0,0.0,1902.0,832.0,2118.0,895.0
0.0,11127.0,3279.0,2747.0,0.0,3140.0,3140.0,1917.0,830.0,2609.0,670.0
0.0,7848.0,3055.0,2763.0,0.0,6259.0,6259.0,1939.0,824.0,2439.0,616.0
0.0,4793.0,2569.0,2765.0,3140.0,5696.0,5696.0,1946.0,819.0,1781.0,788.0
0.0,5364.0,2308.0,2753.0,6259.0,1697.0,1697.0,1932.0,821.0,1304.0,1004.0
0.0,9315.0,2548.0,2740.0,5696.0,0.0,0.0,1912.0,828.0,1492.0,1056.0
0.0,12463.0,3045.0,2738.0,1697.0,0.0,0.0,1906.0,832.0,2148.0,897.0
0.0,11115.0,3292.0,2752.0,0.0,3185.0,3185.0,1921.0,831.0,2615.0,677.0
0.0,7823.0,3027.0,2766.0,0.0,6268.0,6268.0,1942.0,824.0,2408.0,619.0
0.0,4796.0,2544.0,2768.0,3185.0,5635.0,5635.0,1948.0,820.0,1757.0,787.0
0.0,5437.0,2315.0,2757.0,6268.0,1638.0,1638.0,1934.0,823.0,1304.0,1011.0
0.0,9390.0,2553.0,2742.0,5635.0,0.0,0.0,1913.0,829.0,1489.0,1064.0
0.0,12472.0,3023.0,2742.0,1638.0,0.0,0.0,1908.0,834.0,2127.0,896.0
0.0,11087.0,3260.0,2755.0,0.0,3193.0,3193.0,1923.0,832.0,2583.0,677.0
0.0,7827.0,3014.0,2770.0,0.0,6267.0,6267.0,1944.0,826.0,2396.0,618.0
0.0,4813.0,2541.0,2772.0,3193.0,5623.0,5623.0,1950.0,822.0,1753.0,788.0
0.0,5465.0,2329.0,2760.0,6267.0,1637.0,1637.0,1936.0,824.0,1314.0,1015.0
0.0,9403.0,2571.0,2747.0,5623.0,0.0,0.0,1916.0,831.0,1503.0,1068.0
0.0,12455.0,3018.0,2747.0,1637.0,0.0,0.0,1911.0,836.0,2128.0,890.0
0.0,11074.0,3226.0,2760.0,0.0,3192.0,3192.0,1926.0,834.0,2564.0,662.0
0.0,7848.0,2997.0,2775.0,0.0,6249.0,6249.0,1947.0,828.0,2382.0,615.0
0.0,4851.0,2547.0,2777.0,3192.0,5612.0,5612.0,1953.0,824.0,1758.0,789.0
0.0,5496.0,2327.0,2764.0,6249.0,1638.0,1638.0,1938.0,826.0,1319.0,1008.0
0.0,9418.0,2565.0,2750.0,5612.0,0.0,0.0,1918.0,832.0,1515.0,1050.0
0.0,12465.0,3016.0,2750.0,1638.0,0.0,0.0,1913.0,837.0,2139.0,877.0
0.0,11087.0,3242.0,2765.0,0.0,3215.0,3215.0,1929.0,836.0,2575.0,667.0
0.0,7845.0,3018.0,2780.0,0.0,6293.0,6293.0,1950.0,830.0,2394.0,624.0
0.0,4827.0,2559.0,2782.0,3215.0,5645.0,5645.0,1956.0,826.0,1769.0,790.0
0.0,5483.0,2312.0,2768.0,6293.0,1608.0,1608.0,1941.0,827.0,1319.0,993.0
0.0,9464.0,2522.0,2754.0,5645.0,0.0,0.0,1920.0,834.0,1494.0,1028.0
0.0,12587.0,2976.0,2754.0,1608.0,0.0,0.0,1915.0,839.0,2118.0,858.0
0.0,11219.0,3216.0,2768.0,0.0,3069.0,3069.0,1931.0,837.0,2560.0,656.0
0.0,8003.0,3022.0,2784.0,0.0,6155.0,6155.0,1953.0,831.0,2397.0,625.0
0.0,4981.0,2576.0,2787.0,3069.0,5674.0,5674.0,1960.0,827.0,1782.0,794.0
0.0,5474.0,2319.0,2774.0,6155.0,1786.0,1786.0,1945.0,829.0,1325.0,994.0
0.0,9310.0,2499.0,2759.0,5674.0,0.0,0.0,1924.0,835.0,1471.0,1028.0
0.0,12485.0,2934.0,2759.0,1786.0,0.0,0.0,1919.0,840.0,2076.0,858.0
0.0,11337.0,3205.0,2772.0,0.0,2956.0,2956.0,1934.0,838.0,2545.0,660.0
0.0,8132.0,3007.0,2787.0,0.0,6023.0,6023.0,1955.0,832.0,2381.0,626.0
0.0,5125.0,2551.0,2788.0,2956.0,5622.0,5622.0,1961.0,827.0,1762.0,789.0
0.0,5530.0,2299.0,2776.0,6023.0,1850.0,1850.0,1947.0,829.0,1309.0,990.0
0.0,9254.0,2498.0,2762.0,5622.0,0.0,0.0,1926.0,836.0,1468.0,1030.0
0.0,12378.0,2968.0,2761.0,1850.0,0.0,0.0,1920.0,841.0,2096.0,872.0
0.0,11260.0,3225.0,2774.0,0.0,3061.0,3061.0,1935.0,839.0,2555.0,670.0
0.0,8035.0,3023.0,2788.0,0.0,6140.0,6140.0,1956.0,832.0,2388.0,635.0
0.0,5012.0,2577.0,2790.0,3061.0,5664.0,5664.0,1963.0,827.0,1779.0,798.0
0.0,5496.0,2325.0,2778.0,6140.0,1801.0,1801.0,1949.0,829.0,1321.0,1004.0
0.0,9311.0,2542.0,2765.0,5664.0,0.0,0.0,1929.0,836.0,1500.0,1042.0
0.0,12433.0,3022.0,2766.0,1801.0,0.0,0.0,1924.0,842.0,2145.0,877.0
0.0,11212.0,3254.0,2779.0,0.0,3158.0,3158.0,1939.0,840.0,2584.0,670.0
0.0,7958.0,3037.0,2793.0,0.0,6251.0,6251.0,1960.0,833.0,2402.0,635.0
0.0,4921.0,2589.0,2794.0,3158.0,5686.0,5686.0,1966.0,828.0,1784.0,805.0
0.0,5490.0,2376.0,2782.0,6251.0,1763.0,1763.0,1952.0,830.0,1362.0,1014.0
0.0,9365.0,2605.0,2769.0,5686.0,0.0,0.0,1931.0,838.0,1546.0,1059.0
0.0,12446.0,3062.0,2769.0,1763.0,0.0,0.0,1926.0,843.0,2163.0,899.0
0.0,11147.0,3292.0,2783.0,0.0,3277.0,3277.0,1942.0,841.0,2602.0,690.0
0.0,7855.0,3051.0,2797.0,0.0,6384.0,6384.0,1963.0,834.0,2415.0,636.0
0.0,4804.0,2600.0,2798.0,3277.0,5711.0,5711.0,1969.0,829.0,1801.0,799.0
0.0,5481.0,2396.0,2786.0,6384.0,1675.0,1675.0,1954.0,832.0,1384.0,1012.0
0.0,9469.0,2626.0,2773.0,5711.0,0.0,0.0,1934.0,839.0,1555.0,1071.0
0.0,12554.0,3066.0,2774.0,1675.0,0.0,0.0,1929.0,845.0,2160.0,906.0
0.0,11163.0,3277.0,2788.0,0.0,3266.0,3266.0,1945.0,843.0,2588.0,689.0
0.0,7886.0,3042.0,2801.0,0.0,6360.0,6360.0,1966.0,835.0,2407.0,635.0
0.0,4844.0,2587.0,2802.0,3266.0,5685.0,5685.0,1972.0,830.0,1798.0,789.0
0.0,5523.0,2377.0,2790.0,6360.0,1654.0,1654.0,1958.0,832.0,1369.0,1008.0
0.0,9506.0,2602.0,2778.0,5685.0,0.0,0.0,1938.0,840.0,1536.0,1066.0
0.0,12589.0,3048.0,2778.0,1654.0,0.0,0.0,1933.0,845.0,2142.0,906.0
0.0,11195.0,3259.0,2792.0,0.0,3232.0,3232.0,1948.0,844.0,2568.0,691.0
0.0,7936.0,3039.0,2805.0,0.0,6323.0,6323.0,1969.0,836.0,2404.0,635.0
0.0,4897.0,2603.0,2806.0,3232.0,5698.0,5698.0,1975.0,831.0,1807.0,796.0
0.0,5526.0,2389.0,2794.0,6323.0,1716.0,1716.0,1961.0,833.0,1380.0,1009.0
0.0,9460.0,2601.0,2782.0,5698.0,0.0,0.0,1941.0,841.0,1546.0,1055.0
0.0,12557.0,3029.0,2783.0,1716.0,0.0,0.0,1937.0,846.0,2137.0,892.0
0.0,11244.0,3242.0,2796.0,0.0,3182.0,3182.0,1952.0,844.0,2558.0,684.0
0.0,8002.0,3029.0,2810.0,0.0,6267.0,6267.0,1973.0,837.0,2392.0,637.0
0.0,4973.0,2592.0,2810.0,3182.0,5677.0,5677.0,1978.0,832.0,1801.0,791.0
0.0,5563.0,2387.0,2798.0,6267.0,1749.0,1749.0,1964.0,834.0,1384.0,1003.0
0.0,9443.0,2603.0,2786.0,5677.0,0.0,0.0,1944.0,842.0,1550.0,1053.0
0.0,12517.0,3015.0,2786.0,1749.0,0.0,0.0,1939.0,847.0,2132.0,883.0
0.0,11251.0,3219.0,2798.0,0.0,3160.0,3160.0,1954.0,844.0,2553.0,666.0
0.0,8032.0,3035.0,2812.0,0.0,6251.0,6251.0,1975.0,837.0,2412.0,623.0
0.0,4997.0,2636.0,2815.0,3160.0,5739.0,5739.0,1982.0,833.0,1842.0,794.0
0.0,5521.0,2404.0,2804.0,6251.0,1848.0,1848.0,1968.0,836.0,1395.0,1009.0
0.0,9368.0,2555.0,2790.0,5739.0,0.0,0.0,1947.0,843.0,1507.0,1048.0
0.0,12552.0,2939.0,2789.0,1848.0,0.0,0.0,1941.0,848.0,2062.0,877.0
0.0,11461.0,3186.0,2801.0,0.0,2929.0,2929.0,1955.0,846.0,2523.0,663.0
0.0,8275.0,3039.0,2814.0,0.0,6020.0,6020.0,1976.0,838.0,2422.0,617.0
0.0,5236.0,2641.0,2818.0,2929.0,5748.0,5748.0,1984.0,834.0,1848.0,793.0
0.0,5524.0,2395.0,2807.0,6020.0,2079.0,2079.0,1970.0,837.0,1383.0,1012.0
0.0,9149.0,2561.0,2794.0,5748.0,0.0,0.0,1950.0,844.0,1504.0,1057.0
0.0,12336.0,2960.0,2793.0,2079.0,0.0,0.0,1944.0,849.0,2080.0,880.0
0.0,11455.0,3194.0,2806.0,0.0,2963.0,2963.0,1959.0,847.0,2531.0,663.0
0.0,8261.0,3016.0,2820.0,0.0,6035.0,6035.0,1980.0,840.0,2392.0,624.0
0.0,5245.0,2623.0,2822.0,2963.0,5703.0,5703.0,1987.0,835.0,1823.0,800.0
0.0,5585.0,2398.0,2811.0,6035.0,2022.0,2022.0,1973.0,838.0,1380.0,1018.0
0.0,9222.0,2578.0,2799.0,5703.0,0.0,0.0,1953.0,846.0,1513.0,1065.0
0.0,12347.0,2994.0,2799.0,2022.0,0.0,0.0,1948.0,851.0,2106.0,888.0
0.0,11375.0,3219.0,2810.0,0.0,3084.0,3084.0,1962.0,848.0,2549.0,670.0
0.0,8156.0,3036.0,2824.0,0.0,6176.0,6176.0,1983.0,841.0,2412.0,624.0
0.0,5120.0,2640.0,2826.0,3084.0,5740.0,5740.0,1990.0,836.0,1835.0,805.0
0.0,5564.0,2432.0,2815.0,6176.0,1952.0,1952.0,1976.0,839.0,1403.0,1029.0
0.0,9308.0,2640.0,2803.0,5740.0,0.0,0.0,1956.0,847.0,1567.0,1073.0
0.0,12408.0,3042.0,2803.0,1952.0,0.0,0.0,1951.0,852.0,2155.0,887.0
0.0,11318.0,3259.0,2816.0,0.0,3205.0,3205.0,1967.0,849.0,2583.0,676.0
0.0,8059.0,3074.0,2829.0,0.0,6331.0,6331.0,1987.0,842.0,2428.0,646.0
0.0,4985.0,2649.0,2831.0,3205.0,5783.0,5783.0,1993.0,838.0,1827.0,822.0
0.0,5541.0,2450.0,2818.0,6331.0,1850.0,1850.0,1978.0,840.0,1415.0,1035.0
0.0,9422.0,2668.0,2807.0,5783.0,0.0,0.0,1959.0,848.0,1599.0,1069.0
0.0,12537.0,3100.0,2808.0,1850.0,0.0,0.0,1955.0,853.0,2207.0,893.0
0.0,11287.0,3290.0,2820.0,0.0,3283.0,3283.0,1970.0,850.0,2607.0,683.0
0.0,7997.0,3069.0,2834.0,0.0,6408.0,6408.0,1990.0,844.0,2414.0,655.0
0.0,4928.0,2670.0,2835.0,3283.0,5799.0,5799.0,1996.0,839.0,1838.0,832.0
0.0,5541.0,2496.0,2824.0,6408.0,1843.0,1843.0,1982.0,842.0,1454.0,1042.0
0.0,9453.0,2704.0,2813.0,5799.0,0.0,0.0,1964.0,849.0,1623.0,1081.0
0.0,12548.0,3082.0,2813.0,1843.0,0.0,0.0,1959.0,854.0,2180.0,902.0
0.0,11309.0,3231.0,2826.0,0.0,3226.0,3226.0,1974.0,852.0,2550.0,681.0
0.0,8078.0,3021.0,2838.0,0.0,6295.0,6295.0,1993.0,845.0,2371.0,650.0
0.0,5057.0,2646.0,2839.0,3226.0,5719.0,5719.0,1998.0,841.0,1814.0,832.0
0.0,5637.0,2507.0,2829.0,6295.0,1891.0,1891.0,1985.0,844.0,1456.0,1051.0
0.0,9425.0,2725.0,2818.0,5719.0,0.0,0.0,1967.0,851.0,1637.0,1088.0
0.0,12419.0,3076.0,2819.0,1891.0,42.0,42.0,1963.0,856.0,2177.0,899.0
0.0,11234.0,3216.0,2831.0,0.0,3306.0,3306.0,1977.0,854.0,2541.0,675.0
0.0,8018.0,2998.0,2843.0,42.0,6310.0,6310.0,1996.0,847.0,2360.0,638.0
0.0,5062.0,2643.0,2843.0,3306.0,5647.0,5647.0,2001.0,842.0,1819.0,824.0
0.0,5725.0,2501.0,2833.0,6310.0,1798.0,1798.0,1988.0,845.0,1454.0,1047.0
0.0,9534.0,2713.0,2823.0,5647.0,0.0,0.0,1970.0,853.0,1632.0,1081.0
0.0,12468.0,3046.0,2824.0,1798.0,76.0,76.0,1966.0,858.0,2159.0,887.0
0.0,11220.0,3191.0,2834.0,0.0,3307.0,3307.0,1979.0,855.0,2524.0,667.0
0.0,8029.0,2981.0,2846.0,76.0,6260.0,6260.0,1998.0,848.0,2343.0,638.0
0.0,5124.0,2628.0,2847.0,3307.0,5585.0,5585.0,2003.0,844.0,1804.0,824.0
0.0,5803.0,2490.0,2837.0,6260.0,1775.0,1775.0,1990.0,847.0,1452.0,1038.0
0.0,9573.0,2734.0,2828.0,5585.0,0.0,0.0,1973.0,855.0,1662.0,1072.0
0.0,12424.0,3075.0,2828.0,1775.0,188.0,188.0,1968.0,860.0,2187.0,888.0
0.0,11124.0,3201.0,2839.0,0.0,3433.0,3433.0,1982.0,857.0,2538.0,663.0
0.0,7923.0,2981.0,2850.0,188.0,6270.0,6270.0,2000.0,850.0,2354.0,627.0
0.0,5130.0,2625.0,2852.0,3433.0,5470.0,5470.0,2006.0,846.0,1810.0,815.0
0.0,5938.0,2473.0,2842.0,6270.0,1633.0,1633.0,1994.0,848.0,1444.0,1029.0
0.0,9735.0,2692.0,2833.0,5470.0,0.0,0.0,1977.0,856.0,1632.0,1060.0
0.0,12513.0,3060.0,2833.0,1633.0,246.0,246.0,1972.0,861.0,2188.0,872.0
0.0,11086.0,3206.0,2844.0,0.0,3496.0,3496.0,1986.0,858.0,2551.0,655.0
0.0,7880.0,2985.0,2855.0,246.0,6279.0,6279.0,2004.0,851.0,2350.0,635.0
0.0,5141.0,2599.0,2856.0,3496.0,5386.0,5386.0,2010.0,846.0,1779.0,820.0
0.0,6038.0,2439.0,2846.0,6279.0,1506.0,1506.0,1997.0,849.0,1414.0,1025.0
0.0,9878.0,2663.0,2836.0,5386.0,0.0,0.0,1979.0,857.0,1611.0,1052.0
0.0,12601.0,3055.0,2837.0,1506.0,296.0,296.0,1975.0,862.0,2177.0,878.0
0.0,11052.0,3219.0,2848.0,0.0,3559.0,3559.0,1989.0,859.0,2550.0,669.0
0.0,7833.0,2997.0,2860.0,296.0,6308.0,6308.0,2008.0,852.0,2352.0,645.0
0.0,5132.0,2612.0,2860.0,3559.0,5361.0,5361.0,2013.0,847.0,1791.0,821.0
0.0,6079.0,2475.0,2850.0,6308.0,1488.0,1488.0,2000.0,850.0,1447.0,1028.0
0.0,9912.0,2716.0,2840.0,5361.0,0.0,0.0,1983.0,857.0,1655.0,1061.0
0.0,12557.0,3080.0,2841.0,1488.0,399.0,399.0,1979.0,862.0,2196.0,884.0
0.0,10965.0,3211.0,2853.0,0.0,3658.0,3658.0,1993.0,860.0,2538.0,673.0
0.0,7754.0,2988.0,2863.0,399.0,6287.0,6287.0,2011.0,852.0,2347.0,641.0
0.0,5165.0,2630.0,2863.0,3658.0,5259.0,5259.0,2015.0,848.0,1807.0,823.0
0.0,6193.0,2534.0,2854.0,6287.0,1470.0,1470.0,2003.0,851.0,1488.0,1046.0
0.0,9946.0,2760.0,2843.0,5259.0,0.0,0.0,1985.0,858.0,1690.0,1070.0
0.0,12445.0,3114.0,2845.0,1470.0,579.0,579.0,1982.0,863.0,2224.0,890.0
0.0,10801.0,3242.0,2856.0,0.0,3865.0,3865.0,1996.0,860.0,2560.0,682.0
0.0,7559.0,3052.0,2867.0,579.0,6382.0,6382.0,2014.0,853.0,2394.0,658.0
0.0,5086.0,2704.0,2869.0,3865.0,5229.0,5229.0,2020.0,849.0,1865.0,839.0
0.0,6247.0,2544.0,2858.0,6382.0,1347.0,1347.0,2006.0,852.0,1497.0,1047.0
0.0,10085.0,2740.0,2847.0,5229.0,0.0,0.0,1988.0,859.0,1662.0,1078.0
0.0,12574.0,3106.0,2848.0,1347.0,577.0,577.0,1984.0,864.0,2204.0,902.0
0.0,10815.0,3280.0,2859.0,0.0,3901.0,3901.0,1998.0,861.0,2588.0,692.0
0.0,7535.0,3067.0,2870.0,577.0,6435.0,6435.0,2016.0,854.0,2406.0,661.0
0.0,5045.0,2688.0,2870.0,3901.0,5222.0,5222.0,2021.0,849.0,1845.0,843.0
0.0,6258.0,2526.0,2859.0,6435.0,1269.0,1269.0,2007.0,852.0,1470.0,1056.0
0.0,10167.0,2723.0,2850.0,5222.0,0.0,0.0,1990.0,860.0,1646.0,1077.0
0.0,12666.0,3120.0,2852.0,1269.0,593.0,593.0,1987.0,865.0,2220.0,900.0
0.0,10815.0,3308.0,2864.0,0.0,3949.0,3949.0,2002.0,862.0,2609.0,699.0
0.0,7507.0,3089.0,2876.0,593.0,6493.0,6493.0,2021.0,855.0,2421.0,668.0
0.0,5011.0,2670.0,2874.0,3949.0,5206.0,5206.0,2024.0,850.0,1831.0,839.0
0.0,6290.0,2461.0,2863.0,6493.0,1130.0,1130.0,2010.0,853.0,1419.0,1042.0
0.0,10322.0,2683.0,2853.0,5206.0,0.0,0.0,1992.0,861.0,1604.0,1079.0
0.0,12845.0,3114.0,2855.0,1130.0,559.0,559.0,1989.0,866.0,2199.0,915.0
0.0,10861.0,3331.0,2868.0,0.0,3942.0,3942.0,2004.0,864.0,2617.0,714.0
0.0,7530.0,3120.0,2880.0,559.0,6551.0,6551.0,2023.0,857.0,2447.0,673.0
0.0,4969.0,2656.0,2879.0,3942.0,5261.0,5261.0,2027.0,852.0,1826.0,830.0
0.0,6255.0,2447.0,2867.0,6551.0,1109.0,1109.0,2012.0,855.0,1407.0,1040.0
0.0,10359.0,2691.0,2858.0,5261.0,0.0,0.0,1995.0,863.0,1615.0,1076.0
0.0,12929.0,3126.0,2860.0,1109.0,528.0,528.0,1992.0,868.0,2218.0,908.0
0.0,10912.0,3327.0,2873.0,0.0,3907.0,3907.0,2008.0,865.0,2629.0,698.0
0.0,7585.0,3075.0,2885.0,528.0,6502.0,6502.0,2027.0,858.0,2417.0,658.0
0.0,5038.0,2626.0,2882.0,3907.0,5209.0,5209.0,2029.0,853.0,1797.0,829.0
0.0,6319.0,2437.0,2870.0,6502.0,1096.0,1096.0,2014.0,856.0,1403.0,1034.0
0.0,10384.0,2703.0,2861.0,5209.0,0.0,0.0,1997.0,864.0,1638.0,1065.0
0.0,12890.0,3167.0,2865.0,1096.0,641.0,641.0,1996.0,869.0,2271.0,896.0
0.0,10819.0,3335.0,2879.0,0.0,4032.0,4032.0,2012.0,867.0,2646.0,689.0
0.0,7484.0,3055.0,2889.0,641.0,6486.0,6486.0,2030.0,859.0,2403.0,652.0
0.0,5070.0,2559.0,2887.0,4032.0,5005.0,5005.0,2032.0,855.0,1741.0,818.0
0.0,6543.0,2369.0,2874.0,6486.0,836.0,836.0,2016.0,858.0,1343.0,1026.0
0.0,10660.0,2681.0,2864.0,5005.0,0.0,0.0,1998.0,866.0,1605.0,1076.0
0.0,12984.0,3186.0,2867.0,836.0,834.0,834.0,1996.0,871.0,2279.0,907.0
0.0,10634.0,3363.0,2882.0,0.0,4257.0,4257.0,2013.0,869.0,2668.0,695.0
0.0,7271.0,3027.0,2893.0,834.0,6494.0,6494.0,2032.0,861.0,2381.0,646.0
0.0,5078.0,2519.0,2891.0,4257.0,4748.0,4748.0,2034.0,857.0,1706.0,813.0
0.0,6816.0,2357.0,2877.0,6494.0,555.0,555.0,2018.0,859.0,1337.0,1020.0
0.0,10953.0,2702.0,2867.0,4748.0,0.0,0.0,2000.0,867.0,1636.0,1066.0
0.0,12999.0,3208.0,2871.0,555.0,1138.0,1138.0,1999.0,872.0,2303.0,905.0
0.0,10346.0,3383.0,2886.0,0.0,4581.0,4581.0,2016.0,870.0,2682.0,701.0
0.0,6963.0,3047.0,2897.0,1138.0,6534.0,6534.0,2034.0,863.0,2393.0,654.0
0.0,5054.0,2525.0,2894.0,4581.0,4466.0,4466.0,2036.0,858.0,1712.0,813.0
0.0,7110.0,2347.0,2879.0,6534.0,219.0,219.0,2019.0,860.0,1324.0,1023.0
0.0,11297.0,2695.0,2869.0,4466.0,0.0,0.0,2001.0,868.0,1613.0,1082.0
0.0,13068.0,3241.0,2874.0,219.0,1450.0,1450.0,2000.0,874.0,2319.0,922.0
0.0,10046.0,3440.0,2889.0,0.0,4950.0,4950.0,2018.0,871.0,2739.0,701.0
0.0,6606.0,3103.0,2901.0,1450.0,6651.0,6651.0,2037.0,864.0,2461.0,642.0
0.0,4953.0,2600.0,2898.0,4950.0,4289.0,4289.0,2039.0,859.0,1788.0,812.0
0.0,7303.0,2411.0,2885.0,6651.0,0.0,0.0,2023.0,862.0,1367.0,1044.0
0.0,11543.0,2712.0,2874.0,4289.0,0.0,0.0,2004.0,870.0,1611.0,1101.0
0.0,13120.0,3239.0,2878.0,0.0,1631.0,1631.0,2003.0,875.0,2312.0,927.0
0.0,9881.0,3455.0,2892.0,0.0,5142.0,5142.0,2020.0,872.0,2766.0,689.0
0.0,6426.0,3130.0,2903.0,1631.0,6685.0,6685.0,2039.0,864.0,2502.0,628.0
0.0,4927.0,2607.0,2901.0,5142.0,4142.0,4142.0,2042.0,859.0,1795.0,812.0
0.0,7462.0,2395.0,2887.0,6685.0,0.0,0.0,2025.0,862.0,1345.0,1050.0
0.0,11752.0,2728.0,2877.0,4142.0,0.0,0.0,2007.0,870.0,1609.0,1119.0
0.0,13166.0,3269.0,2880.0,0.0,1623.0,1623.0,2005.0,875.0,2323.0,946.0
0.0,9897.0,3482.0,2896.0,0.0,5169.0,5169.0,2023.0,873.0,2779.0,703.0
0.0,6415.0,3161.0,2908.0,1623.0,6755.0,6755.0,2043.0,865.0,2517.0,644.0
0.0,4877.0,2630.0,2906.0,5169.0,4208.0,4208.0,2046.0,860.0,1809.0,821.0
0.0,7416.0,2403.0,2892.0,6755.0,0.0,0.0,2029.0,863.0,1340.0,1063.0
0.0,11768.0,2717.0,2881.0,4208.0,0.0,0.0,2010.0,871.0,1591.0,1126.0
0.0,13259.0,3246.0,2883.0,0.0,1519.0,1519.0,2007.0,876.0,2302.0,944.0
0.0,10013.0,3466.0,2899.0,0.0,5049.0,5049.0,2025.0,874.0,2764.0,702.0
0.0,6547.0,3159.0,2912.0,1519.0,6741.0,6741.0,2046.0,866.0,2519.0,640.0
0.0,4907.0,2615.0,2911.0,5049.0,4303.0,4303.0,2050.0,861.0,1799.0,816.0
0.0,7341.0,2379.0,2897.0,6741.0,0.0,0.0,2033.0,864.0,1325.0,1054.0
0.0,11703.0,2702.0,2885.0,4303.0,0.0,0.0,2014.0,871.0,1587.0,1115.0
0.0,13304.0,3236.0,2888.0,0.0,1484.0,1484.0,2011.0,877.0,2297.0,939.0
0.0,10068.0,3471.0,2903.0,0.0,5015.0,5015.0,2029.0,874.0,2764.0,707.0
0.0,6597.0,3147.0,2917.0,1484.0,6734.0,6734.0,2050.0,867.0,2499.0,648.0
0.0,4934.0,2604.0,2915.0,5015.0,4315.0,4315.0,2053.0,862.0,1779.0,825.0
0.0,7345.0,2386.0,2901.0,6734.0,0.0,0.0,2036.0,865.0,1334.0,1052.0
0.0,11693.0,2708.0,2888.0,4315.0,0.0,0.0,2016.0,872.0,1611.0,1097.0
0.0,13300.0,3258.0,2892.0,0.0,1526.0,1526.0,2015.0,877.0,2328.0,930.0
0.0,10042.0,3472.0,2908.0,0.0,5062.0,5062.0,2033.0,875.0,2757.0,715.0
0.0,6570.0,3123.0,2921.0,1526.0,6711.0,6711.0,2053.0,868.0,2461.0,662.0
0.0,4973.0,2566.0,2919.0,5062.0,4207.0,4207.0,2056.0,863.0,1747.0,819.0
0.0,7469.0,2360.0,2904.0,6711.0,0.0,0.0,2038.0,866.0,1332.0,1028.0
0.0,11820.0,2710.0,2892.0,4207.0,0.0,0.0,2018.0,874.0,1624.0,1086.0
0.0,13317.0,3290.0,2896.0,0.0,1557.0,1557.0,2017.0,879.0,2356.0,934.0
0.0,10027.0,3493.0,2914.0,0.0,5122.0,5122.0,2037.0,877.0,2774.0,719.0
0.0,6534.0,3092.0,2928.0,1557.0,6713.0,6713.0,2058.0,870.0,2440.0,652.0
0.0,4999.0,2493.0,2925.0,5122.0,4072.0,4072.0,2060.0,865.0,1693.0,800.0
0.0,7628.0,2306.0,2908.0,6713.0,0.0,0.0,2041.0,867.0,1287.0,1019.0
0.0,12035.0,2717.0,2894.0,4072.0,0.0,0.0,2020.0,874.0,1624.0,1093.0
0.0,13390.0,3317.0,2900.0,0.0,1527.0,1527.0,2020.0,880.0,2374.0,943.0
0.0,10073.0,3518.0,2919.0,0.0,5121.0,5121.0,2041.0,878.0,2790.0,728.0
0.0,6555.0,3104.0,2934.0,1527.0,6758.0,6758.0,2063.0,871.0,2454.0,650.0
0.0,4978.0,2496.0,2930.0,5121.0,4117.0,4117.0,2064.0,866.0,1700.0,796.0
0.0,7603.0,2307.0,2912.0,6758.0,0.0,0.0,2044.0,868.0,1286.0,1021.0
0.0,12054.0,2714.0,2900.0,4117.0,0.0,0.0,2024.0,876.0,1615.0,1099.0
0.0,13457.0,3334.0,2906.0,0.0,1501.0,1501.0,2024.0,882.0,2380.0,954.0
0.0,10123.0,3550.0,2925.0,0.0,5127.0,5127.0,2045.0,880.0,2817.0,733.0
0.0,6573.0,3126.0,2940.0,1501.0,6812.0,6812.0,2067.0,873.0,2475.0,651.0
0.0,4948.0,2502.0,2937.0,5127.0,4175.0,4175.0,2069.0,868.0,1707.0,795.0
0.0,7573.0,2312.0,2919.0,6812.0,0.0,0.0,2049.0,870.0,1292.0,1020.0
0.0,12073.0,2757.0,2905.0,4175.0,0.0,0.0,2028.0,877.0,1653.0,1104.0
0.0,13491.0,3385.0,2910.0,0.0,1534.0,1534.0,2027.0,883.0,2425.0,960.0
0.0,10106.0,3578.0,2930.0,0.0,5192.0,5192.0,2048.0,882.0,2842.0,736.0
0.0,6528.0,3122.0,2943.0,1534.0,6832.0,6832.0,2069.0,874.0,2465.0,657.0
0.0,4940.0,2491.0,2939.0,5192.0,4115.0,4115.0,2070.0,869.0,1695.0,796.0
0.0,7641.0,2336.0,2922.0,6832.0,0.0,0.0,2051.0,871.0,1306.0,1030.0
0.0,12137.0,2791.0,2909.0,4115.0,0.0,0.0,2030.0,879.0,1678.0,1113.0
0.0,13461.0,3420.0,2914.0,0.0,1615.0,1615.0,2029.0,885.0,2454.0,966.0
0.0,10041.0,3588.0,2934.0,0.0,5283.0,5283.0,2050.0,884.0,2855.0,733.0
0.0,6453.0,3137.0,2947.0,1615.0,6857.0,6857.0,2071.0,876.0,2474.0,663.0
0.0,4931.0,2517.0,2943.0,5283.0,4075.0,4075.0,2073.0,870.0,1705.0,812.0
0.0,7697.0,2342.0,2926.0,6857.0,0.0,0.0,2054.0,872.0,1307.0,1035.0
0.0,12212.0,2788.0,2912.0,4075.0,0.0,0.0,2032.0,880.0,1677.0,1111.0
0.0,13499.0,3416.0,2917.0,0.0,1585.0,1585.0,2031.0,886.0,2455.0,961.0
0.0,10083.0,3589.0,2936.0,0.0,5250.0,5250.0,2051.0,885.0,2845.0,744.0
0.0,6494.0,3147.0,2950.0,1585.0,6868.0,6868.0,2073.0,877.0,2480.0,667.0
0.0,4932.0,2517.0,2946.0,5250.0,4119.0,4119.0,2075.0,871.0,1706.0,811.0
0.0,7665.0,2330.0,2929.0,6868.0,0.0,0.0,2056.0,873.0,1293.0,1037.0
0.0,12203.0,2749.0,2914.0,4119.0,0.0,0.0,2034.0,880.0,1641.0,1108.0
0.0,13573.0,3379.0,2919.0,0.0,1482.0,1482.0,2032.0,887.0,2415.0,964.0
0.0,10194.0,3575.0,2937.0,0.0,5129.0,5129.0,2052.0,885.0,2831.0,744.0
0.0,6619.0,3144.0,2952.0,1482.0,6851.0,6851.0,2074.0,878.0,2471.0,673.0
0.0,4957.0,2506.0,2948.0,5129.0,4212.0,4212.0,2076.0,872.0,1690.0,816.0
0.0,7580.0,2328.0,2931.0,6851.0,0.0,0.0,2057.0,874.0,1285.0,1043.0
0.0,12103.0,2767.0,2917.0,4212.0,0.0,0.0,2035.0,882.0,1654.0,1113.0
0.0,13548.0,3397.0,2922.0,0.0,1537.0,1537.0,2034.0,888.0,2441.0,956.0
0.0,10151.0,3571.0,2941.0,0.0,5184.0,5184.0,2055.0,886.0,2844.0,727.0
0.0,6580.0,3131.0,2955.0,1537.0,6834.0,6834.0,2076.0,879.0,2464.0,667.0
0.0,4986.0,2501.0,2951.0,5184.0,4135.0,4135.0,2078.0,873.0,1680.0,821.0
0.0,7669.0,2318.0,2933.0,6834.0,0.0,0.0,2058.0,875.0,1280.0,1038.0
0.0,12185.0,2785.0,2920.0,4135.0,0.0,0.0,2037.0,883.0,1680.0,1105.0
0.0,13535.0,3428.0,2926.0,0.0,1597.0,1597.0,2037.0,889.0,2474.0,954.0
0.0,10107.0,3630.0,2946.0,0.0,5307.0,5307.0,2059.0,887.0,2885.0,745.0
0.0,6477.0,3156.0,2961.0,1597.0,6926.0,6926.0,2081.0,880.0,2481.0,675.0
0.0,4918.0,2483.0,2957.0,5307.0,4086.0,4086.0,2082.0,875.0,1667.0,816.0
0.0,7742.0,2282.0,2938.0,6926.0,0.0,0.0,2061.0,877.0,1258.0,1024.0
0.0,12386.0,2765.0,2924.0,4086.0,0.0,0.0,2040.0,884.0,1666.0,1099.0
0.0,13707.0,3410.0,2930.0,0.0,1423.0,1423.0,2040.0,890.0,2451.0,959.0
0.0,10297.0,3581.0,2951.0,0.0,5088.0,5088.0,2062.0,889.0,2840.0,741.0
0.0,6716.0,3103.0,2966.0,1423.0,6828.0,6828.0,2084.0,882.0,2438.0,665.0
0.0,5036.0,2461.0,2962.0,5088.0,4185.0,4185.0,2085.0,877.0,1656.0,805.0
0.0,7663.0,2297.0,2941.0,6828.0,0.0,0.0,2063.0,878.0,1270.0,1027.0
0.0,12194.0,2758.0,2927.0,4185.0,0.0,0.0,2041.0,886.0,1650.0,1108.0
0.0,13621.0,3394.0,2933.0,0.0,1505.0,1505.0,2041.0,892.0,2433.0,961.0
0.0,10227.0,3583.0,2953.0,0.0,5168.0,5168.0,2063.0,890.0,2842.0,741.0
0.0,6644.0,3117.0,2969.0,1505.0,6844.0,6844.0,2085.0,884.0,2451.0,666.0
0.0,5032.0,2463.0,2964.0,5168.0,4119.0,4119.0,2086.0,878.0,1652.0,811.0
0.0,7737.0,2304.0,2945.0,6844.0,0.0,0.0,2065.0,880.0,1265.0,1039.0
0.0,12277.0,2789.0,2930.0,4119.0,0.0,0.0,2043.0,887.0,1675.0,1114.0
0.0,13607.0,3442.0,2936.0,0.0,1579.0,1579.0,2043.0,893.0,2484.0,958.0
0.0,10165.0,3620.0,2958.0,0.0,5287.0,5287.0,2066.0,892.0,2890.0,730.0
0.0,6545.0,3131.0,2973.0,1579.0,6899.0,6899.0,2088.0,885.0,2481.0,650.0
0.0,4993.0,2466.0,2967.0,5287.0,4054.0,4054.0,2088.0,879.0,1655.0,811.0
0.0,7814.0,2296.0,2947.0,6899.0,0.0,0.0,2066.0,881.0,1250.0,1046.0
0.0,12417.0,2792.0,2931.0,4054.0,0.0,0.0,2043.0,888.0,1666.0,1126.0
0.0,13679.0,3477.0,2938.0,0.0,1550.0,1550.0,2044.0,894.0,2505.0,972.0
0.0,10202.0,3668.0,2961.0,0.0,5310.0,5310.0,2068.0,893.0,2930.0,738.0
0.0,6534.0,3202.0,2978.0,1550.0,7030.0,7030.0,2092.0,886.0,2539.0,663.0
0.0,4882.0,2541.0,2972.0,5310.0,4237.0,4237.0,2092.0,880.0,1720.0,821.0
0.0,7651.0,2326.0,2952.0,7030.0,0.0,0.0,2070.0,882.0,1279.0,1047.0
0.0,12355.0,2789.0,2937.0,4237.0,0.0,0.0,2047.0,890.0,1657.0,1132.0
0.0,13803.0,3477.0,2943.0,0.0,1446.0,1446.0,2047.0,896.0,2503.0,974.0
0.0,10326.0,3678.0,2965.0,0.0,5212.0,5212.0,2071.0,894.0,2943.0,735.0
0.0,6648.0,3194.0,2981.0,1446.0,7024.0,7024.0,2094.0,887.0,2526.0,668.0
0.0,4900.0,2511.0,2977.0,5212.0,4307.0,4307.0,2095.0,882.0,1683.0,828.0
0.0,7601.0,2301.0,2954.0,7024.0,0.0,0.0,2071.0,883.0,1247.0,1054.0
0.0,12324.0,2800.0,2940.0,4307.0,0.0,0.0,2049.0,891.0,1676.0,1124.0
0.0,13831.0,3488.0,2946.0,0.0,1441.0,1441.0,2050.0,896.0,2520.0,968.0
0.0,10343.0,3692.0,2969.0,0.0,5225.0,5225.0,2074.0,895.0,2945.0,747.0
0.0,6651.0,3213.0,2985.0,1441.0,7061.0,7061.0,2097.0,888.0,2533.0,680.0
0.0,4879.0,2506.0,2981.0,5225.0,4326.0,4326.0,2098.0,883.0,1676.0,830.0
0.0,7598.0,2283.0,2960.0,7061.0,0.0,0.0,2075.0,885.0,1233.0,1050.0
0.0,12376.0,2782.0,2945.0,4326.0,0.0,0.0,2053.0,892.0,1664.0,1118.0
0.0,13920.0,3502.0,2952.0,0.0,1390.0,1390.0,2054.0,898.0,2525.0,977.0
0.0,10418.0,3701.0,2975.0,0.0,5183.0,5183.0,2078.0,897.0,2945.0,756.0
0.0,6717.0,3194.0,2992.0,1390.0,7055.0,7055.0,2102.0,890.0,2511.0,683.0
0.0,4913.0,2468.0,2985.0,5183.0,4312.0,4312.0,2101.0,884.0,1648.0,820.0
0.0,7628.0,2249.0,2963.0,7055.0,0.0,0.0,2078.0,885.0,1219.0,1030.0
0.0,12434.0,2780.0,2948.0,4312.0,0.0,0.0,2055.0,893.0,1674.0,1106.0
0.0,13966.0,3537.0,2956.0,0.0,1395.0,1395.0,2057.0,899.0,2559.0,978.0
0.0,10429.0,3732.0,2980.0,0.0,5223.0,5223.0,2082.0,898.0,2966.0,766.0
0.0,6697.0,3211.0,2997.0,1395.0,7107.0,7107.0,2106.0,891.0,2522.0,689.0
0.0,4881.0,2487.0,2992.0,5223.0,4351.0,4351.0,2106.0,886.0,1665.0,822.0
0.0,7617.0,2262.0,2969.0,7107.0,0.0,0.0,2082.0,887.0,1229.0,1033.0
0.0,12462.0,2742.0,2952.0,4351.0,0.0,0.0,2058.0,894.0,1638.0,1104.0
0.0,14071.0,3456.0,2958.0,0.0,1217.0,1217.0,2058.0,900.0,2489.0,967.0
0.0,10615.0,3693.0,2980.0,0.0,4998.0,4998.0,2082.0,898.0,2939.0,754.0
0.0,6922.0,3224.0,2999.0,1217.0,7081.0,7081.0,2107.0,892.0,2536.0,688.0
0.0,4915.0,2526.0,2994.0,4998.0,4589.0,4589.0,2107.0,887.0,1696.0,830.0
0.0,7387.0,2271.0,2972.0,7081.0,0.0,0.0,2084.0,888.0,1234.0,1037.0
0.0,12197.0,2724.0,2956.0,4589.0,0.0,0.0,2061.0,895.0,1616.0,1108.0
0.0,14062.0,3429.0,2962.0,0.0,1215.0,1215.0,2061.0,901.0,2462.0,967.0
0.0,10633.0,3692.0,2986.0,0.0,5003.0,5003.0,2086.0,900.0,2933.0,759.0
0.0,6941.0,3238.0,3004.0,1215.0,7098.0,7098.0,2110.0,894.0,2548.0,690.0
0.0,4918.0,2508.0,2999.0,5003.0,4583.0,4583.0,2111.0,888.0,1686.0,822.0
0.0,7413.0,2250.0,2977.0,7098.0,0.0,0.0,2087.0,890.0,1217.0,1033.0
0.0,12261.0,2703.0,2961.0,4583.0,0.0,0.0,2064.0,897.0,1600.0,1103.0
0.0,14141.0,3428.0,2966.0,0.0,1151.0,1151.0,2064.0,902.0,2469.0,959.0
0.0,10713.0,3718.0,2990.0,0.0,4965.0,4965.0,2089.0,901.0,2960.0,758.0
0.0,6995.0,3255.0,3009.0,1151.0,7145.0,7145.0,2114.0,895.0,2563.0,692.0
0.0,4891.0,2532.0,3004.0,4965.0,4692.0,4692.0,2115.0,889.0,1701.0,831.0
0.0,7324.0,2264.0,2981.0,7145.0,0.0,0.0,2090.0,891.0,1229.0,1035.0
0.0,12205.0,2721.0,2964.0,4692.0,0.0,0.0,2066.0,898.0,1619.0,1102.0
0.0,14176.0,3472.0,2970.0,0.0,1176.0,1176.0,2066.0,904.0,2498.0,974.0
0.0,10704.0,3767.0,2995.0,0.0,5043.0,5043.0,2092.0,903.0,2994.0,773.0
0.0,6937.0,3296.0,3015.0,1176.0,7243.0,7243.0,2118.0,897.0,2595.0,701.0
0.0,4817.0,2539.0,3010.0,5043.0,4719.0,4719.0,2119.0,891.0,1712.0,827.0
0.0,7321.0,2261.0,2986.0,7243.0,0.0,0.0,2094.0,892.0,1233.0,1028.0
0.0,12303.0,2760.0,2969.0,4719.0,0.0,0.0,2070.0,899.0,1658.0,1102.0
0.0,14262.0,3528.0,2975.0,0.0,1166.0,1166.0,2070.0,905.0,2556.0,972.0
0.0,10734.0,3813.0,2999.0,0.0,5075.0,5075.0,2095.0,904.0,3028.0,785.0
0.0,6921.0,3343.0,3019.0,1166.0,7332.0,7332.0,2121.0,898.0,2621.0,722.0
0.0,4744.0,2556.0,3014.0,5075.0,4793.0,4793.0,2122.0,892.0,1717.0,839.0
0.0,7263.0,2259.0,2991.0,7332.0,0.0,0.0,2098.0,893.0,1238.0,1021.0
0.0,12336.0,2737.0,2973.0,4793.0,0.0,0.0,2073.0,900.0,1645.0,1092.0
0.0,14392.0,3526.0,2979.0,0.0,1050.0,1050.0,2073.0,906.0,2544.0,982.0
0.0,10866.0,3837.0,3005.0,0.0,4991.0,4991.0,2099.0,906.0,3037.0,800.0
0.0,7029.0,3347.0,3025.0,1050.0,7368.0,7368.0,2126.0,899.0,2617.0,730.0
0.0,4732.0,2528.0,3020.0,4991.0,4885.0,4885.0,2126.0,894.0,1696.0,832.0
0.0,7195.0,2203.0,2995.0,7368.0,0.0,0.0,2101.0,894.0,1196.0,1007.0
0.0,12360.0,2715.0,2977.0,4885.0,0.0,0.0,2076.0,901.0,1637.0,1078.0
0.0,14530.0,3517.0,2983.0,0.0,919.0,919.0,2076.0,907.0,2540.0,977.0
0.0,11013.0,3827.0,3007.0,0.0,4842.0,4842.0,2101.0,906.0,3016.0,811.0
0.0,7186.0,3344.0,3028.0,919.0,7351.0,7351.0,2128.0,900.0,2604.0,740.0
0.0,4761.0,2516.0,3023.0,4842.0,5005.0,5005.0,2128.0,895.0,1681.0,835.0
0.0,7087.0,2211.0,2998.0,7351.0,0.0,0.0,2103.0,895.0,1207.0,1004.0
0.0,12227.0,2719.0,2979.0,5005.0,0.0,0.0,2078.0,901.0,1646.0,1073.0
0.0,14513.0,3546.0,2986.0,0.0,977.0,977.0,2079.0,907.0,2575.0,971.0
0.0,10967.0,3836.0,3013.0,0.0,4921.0,4921.0,2106.0,907.0,3034.0,802.0
0.0,7131.0,3324.0,3033.0,977.0,7348.0,7348.0,2132.0,901.0,2582.0,742.0
0.0,4784.0,2497.0,3028.0,4921.0,4904.0,4904.0,2132.0,896.0,1655.0,842.0
0.0,7208.0,2193.0,3001.0,7348.0,0.0,0.0,2105.0,896.0,1192.0,1001.0
0.0,12363.0,2708.0,2982.0,4904.0,0.0,0.0,2080.0,902.0,1648.0,1060.0
0.0,14559.0,3522.0,2988.0,0.0,915.0,915.0,2081.0,907.0,2562.0,960.0
0.0,11037.0,3819.0,3014.0,0.0,4838.0,4838.0,2107.0,907.0,3012.0,807.0
0.0,7218.0,3296.0,3034.0,915.0,7299.0,7299.0,2132.0,902.0,2541.0,755.0
0.0,4837.0,2501.0,3029.0,4838.0,4942.0,4942.0,2132.0,897.0,1648.0,853.0
0.0,7174.0,2258.0,3006.0,7299.0,0.0,0.0,2108.0,898.0,1244.0,1014.0
0.0,12215.0,2772.0,2988.0,4942.0,0.0,0.0,2084.0,904.0,1707.0,1065.0
0.0,14385.0,3532.0,2994.0,0.0,1123.0,1123.0,2085.0,909.0,2574.0,958.0
0.0,10853.0,3775.0,3018.0,0.0,4994.0,4994.0,2110.0,908.0,2980.0,795.0
0.0,7078.0,3252.0,3036.0,1123.0,7195.0,7195.0,2134.0,902.0,2511.0,741.0
0.0,4949.0,2475.0,3032.0,4994.0,4660.0,4660.0,2135.0,897.0,1629.0,846.0
0.0,7468.0,2226.0,3008.0,7195.0,0.0,0.0,2110.0,898.0,1209.0,1017.0
0.0,12437.0,2747.0,2990.0,4660.0,0.0,0.0,2086.0,904.0,1673.0,1074.0
0.0,14350.0,3538.0,2997.0,0.0,1176.0,1176.0,2087.0,910.0,2575.0,963.0
0.0,10812.0,3790.0,3021.0,0.0,5062.0,5062.0,2112.0,909.0,2994.0,796.0
0.0,7022.0,3259.0,3041.0,1176.0,7225.0,7225.0,2137.0,904.0,2524.0,735.0
0.0,4939.0,2480.0,3037.0,5062.0,4627.0,4627.0,2138.0,899.0,1626.0,854.0
0.0,7521.0,2226.0,3013.0,7225.0,0.0,0.0,2113.0,900.0,1198.0,1028.0
0.0,12520.0,2758.0,2994.0,4627.0,0.0,0.0,2088.0,906.0,1676.0,1082.0
0.0,14389.0,3566.0,3001.0,0.0,1181.0,1181.0,2089.0,912.0,2596.0,970.0
0.0,10823.0,3819.0,3025.0,0.0,5096.0,5096.0,2114.0,911.0,3016.0,803.0
0.0,7004.0,3274.0,3044.0,1181.0,7265.0,7265.0,2139.0,905.0,2535.0,739.0
0.0,4911.0,2486.0,3040.0,5096.0,4639.0,4639.0,2140.0,900.0,1646.0,840.0
0.0,7521.0,2239.0,3017.0,7265.0,0.0,0.0,2116.0,901.0,1229.0,1010.0
0.0,12547.0,2796.0,2998.0,4639.0,0.0,0.0,2091.0,907.0,1708.0,1088.0
0.0,14390.0,3608.0,3004.0,0.0,1234.0,1234.0,2091.0,913.0,2613.0,995.0
0.0,10782.0,3867.0,3030.0,0.0,5205.0,5205.0,2117.0,913.0,3045.0,822.0
0.0,6915.0,3310.0,3049.0,1234.0,7357.0,7357.0,2142.0,907.0,2560.0,750.0
0.0,4839.0,2497.0,3044.0,5205.0,4629.0,4629.0,2142.0,902.0,1654.0,843.0
0.0,7547.0,2248.0,3020.0,7357.0,0.0,0.0,2117.0,903.0,1243.0,1005.0
0.0,12656.0,2813.0,3001.0,4629.0,0.0,0.0,2092.0,909.0,1738.0,1075.0
0.0,14472.0,3635.0,3007.0,0.0,1191.0,1191.0,2093.0,914.0,2646.0,989.0
0.0,10837.0,3900.0,3032.0,0.0,5191.0,5191.0,2118.0,914.0,3060.0,840.0
0.0,6937.0,3334.0,3053.0,1191.0,7418.0,7418.0,2144.0,909.0,2561.0,773.0
0.0,4794.0,2509.0,3048.0,5191.0,4716.0,4716.0,2144.0,904.0,1660.0,849.0
0.0,7476.0,2254.0,3024.0,7418.0,0.0,0.0,2120.0,904.0,1267.0,987.0
0.0,12640.0,2808.0,3004.0,4716.0,0.0,0.0,2095.0,909.0,1752.0,1056.0
0.0,14548.0,3617.0,3009.0,0.0,1105.0,1105.0,2095.0,914.0,2626.0,991.0
0.0,10931.0,3875.0,3036.0,0.0,5088.0,5088.0,2121.0,915.0,3024.0,851.0
0.0,7056.0,3307.0,3056.0,1105.0,7370.0,7370.0,2146.0,910.0,2530.0,777.0
0.0,4854.0,2487.0,3052.0,5088.0,4753.0,4753.0,2146.0,906.0,1643.0,844.0
0.0,7455.0,2235.0,3028.0,7370.0,0.0,0.0,2122.0,906.0,1248.0,987.0
0.0,12590.0,2791.0,3008.0,4753.0,0.0,0.0,2097.0,911.0,1729.0,1062.0
0.0,14552.0,3606.0,3012.0,0.0,1102.0,1102.0,2097.0,915.0,2620.0,986.0
0.0,10946.0,3885.0,3039.0,0.0,5095.0,5095.0,2123.0,916.0,3042.0,843.0
0.0,7061.0,3347.0,3061.0,1102.0,7428.0,7428.0,2150.0,911.0,2577.0,770.0
0.0,4816.0,2525.0,3057.0,5095.0,4842.0,4842.0,2150.0,907.0,1672.0,853.0
0.0,7386.0,2243.0,3032.0,7428.0,0.0,0.0,2125.0,907.0,1242.0,1001.0
0.0,12571.0,2772.0,3011.0,4842.0,0.0,0.0,2099.0,912.0,1709.0,1063.0
0.0,14641.0,3566.0,3016.0,0.0,989.0,989.0,2099.0,917.0,2596.0,970.0
0.0,11075.0,3860.0,3042.0,0.0,4953.0,4953.0,2126.0,916.0,3038.0,822.0
0.0,7215.0,3340.0,3065.0,989.0,7396.0,7396.0,2153.0,912.0,2575.0,765.0
0.0,4864.0,2543.0,3061.0,4953.0,4970.0,4970.0,2153.0,908.0,1685.0,858.0
0.0,7274.0,2261.0,3037.0,7396.0,0.0,0.0,2128.0,909.0,1256.0,1005.0
0.0,12409.0,2767.0,3017.0,4970.0,0.0,0.0,2103.0,914.0,1702.0,1065.0
0.0,14612.0,3547.0,3022.0,0.0,1023.0,1023.0,2104.0,918.0,2579.0,968.0
0.0,11065.0,3811.0,3047.0,0.0,4934.0,4934.0,2130.0,917.0,3004.0,807.0
0.0,7254.0,3308.0,3067.0,1023.0,7299.0,7299.0,2155.0,912.0,2554.0,754.0
0.0,4969.0,2554.0,3063.0,4934.0,4903.0,4903.0,2155.0,908.0,1695.0,859.0
0.0,7349.0,2294.0,3039.0,7299.0,0.0,0.0,2130.0,909.0,1277.0,1017.0
0.0,12354.0,2818.0,3021.0,4903.0,0.0,0.0,2106.0,915.0,1733.0,1085.0
0.0,14439.0,3577.0,3027.0,0.0,1246.0,1246.0,2107.0,920.0,2594.0,983.0
0.0,10862.0,3792.0,3053.0,0.0,5142.0,5142.0,2134.0,919.0,2989.0,803.0
0.0,7070.0,3251.0,3072.0,1246.0,7223.0,7223.0,2159.0,913.0,2519.0,732.0
0.0,5065.0,2485.0,3067.0,5142.0,4546.0,4546.0,2158.0,909.0,1636.0,849.0
0.0,7722.0,2292.0,3043.0,7223.0,0.0,0.0,2133.0,910.0,1256.0,1036.0
0.0,12653.0,2847.0,3025.0,4546.0,0.0,0.0,2109.0,916.0,1751.0,1096.0
0.0,14352.0,3592.0,3032.0,0.0,1368.0,1368.0,2111.0,921.0,2619.0,973.0
0.0,10760.0,3802.0,3056.0,0.0,5266.0,5266.0,2137.0,919.0,3010.0,792.0
0.0,6958.0,3253.0,3077.0,1368.0,7235.0,7235.0,2163.0,914.0,2517.0,736.0
0.0,5073.0,2510.0,3072.0,5266.0,4459.0,4459.0,2162.0,910.0,1638.0,872.0
0.0,7829.0,2320.0,3048.0,7235.0,0.0,0.0,2136.0,912.0,1259.0,1061.0
0.0,12744.0,2865.0,3029.0,4459.0,0.0,0.0,2112.0,917.0,1760.0,1105.0
0.0,14338.0,3603.0,3036.0,0.0,1409.0,1409.0,2114.0,922.0,2635.0,968.0
0.0,10735.0,3793.0,3061.0,0.0,5302.0,5302.0,2140.0,921.0,3011.0,782.0
0.0,6942.0,3267.0,3081.0,1409.0,7240.0,7240.0,2165.0,916.0,2516.0,751.0
0.0,5084.0,2545.0,3076.0,5302.0,4463.0,4463.0,2164.0,912.0,1653.0,892.0
0.0,7841.0,2365.0,3051.0,7240.0,0.0,0.0,2138.0,913.0,1297.0,1068.0
0.0,12716.0,2919.0,3034.0,4463.0,0.0,0.0,2115.0,919.0,1818.0,1101.0
0.0,14260.0,3655.0,3041.0,0.0,1559.0,1559.0,2118.0,923.0,2695.0,960.0
0.0,10605.0,3825.0,3066.0,0.0,5484.0,5484.0,2144.0,922.0,3042.0,783.0
0.0,6780.0,3279.0,3086.0,1559.0,7284.0,7284.0,2169.0,917.0,2525.0,754.0
0.0,5060.0,2568.0,3080.0,5484.0,4344.0,4344.0,2167.0,913.0,1664.0,904.0
0.0,7976.0,2420.0,3057.0,7284.0,0.0,0.0,2142.0,915.0,1330.0,1090.0
0.0,12840.0,2969.0,3040.0,4344.0,0.0,0.0,2119.0,921.0,1850.0,1119.0
0.0,14215.0,3664.0,3046.0,0.0,1633.0,1633.0,2122.0,924.0,2699.0,965.0
0.0,10551.0,3813.0,3071.0,0.0,5546.0,5546.0,2148.0,923.0,3033.0,780.0
0.0,6738.0,3249.0,3090.0,1633.0,7238.0,7238.0,2172.0,918.0,2509.0,740.0
0.0,5122.0,2532.0,3085.0,5546.0,4204.0,4204.0,2170.0,915.0,1645.0,887.0
0.0,8136.0,2392.0,3062.0,7238.0,0.0,0.0,2145.0,917.0,1318.0,1074.0
0.0,12982.0,2971.0,3044.0,4204.0,0.0,0.0,2122.0,922.0,1853.0,1118.0
0.0,14215.0,3693.0,3052.0,0.0,1686.0,1686.0,2126.0,926.0,2719.0,974.0
0.0,10522.0,3825.0,3077.0,0.0,5611.0,5611.0,2152.0,925.0,3036.0,789.0
0.0,6697.0,3234.0,3096.0,1686.0,7235.0,7235.0,2176.0,920.0,2484.0,750.0
0.0,5149.0,2526.0,3091.0,5611.0,4130.0,4130.0,2174.0,917.0,1626.0,900.0
0.0,8234.0,2384.0,3068.0,7235.0,0.0,0.0,2149.0,919.0,1310.0,1074.0
0.0,13085.0,2967.0,3050.0,4130.0,0.0,0.0,2126.0,924.0,1862.0,1105.0
0.0,14248.0,3664.0,3056.0,0.0,1640.0,1640.0,2129.0,927.0,2702.0,962.0
0.0,10584.0,3778.0,3080.0,0.0,5514.0,5514.0,2154.0,926.0,2996.0,782.0
0.0,6806.0,3210.0,3099.0,1640.0,7160.0,7160.0,2178.0,921.0,2453.0,757.0
0.0,5236.0,2531.0,3094.0,5514.0,4157.0,4157.0,2176.0,918.0,1633.0,898.0
0.0,8219.0,2406.0,3072.0,7160.0,0.0,0.0,2152.0,920.0,1340.0,1066.0
0.0,12973.0,2951.0,3054.0,4157.0,0.0,0.0,2129.0,925.0,1856.0,1095.0
0.0,14179.0,3644.0,3060.0,0.0,1705.0,1705.0,2131.0,929.0,2687.0,957.0
0.0,10535.0,3766.0,3083.0,0.0,5563.0,5563.0,2156.0,927.0,2985.0,781.0
0.0,6769.0,3220.0,3102.0,1705.0,7154.0,7154.0,2180.0,922.0,2478.0,742.0
0.0,5254.0,2546.0,3098.0,5563.0,4121.0,4121.0,2179.0,919.0,1669.0,877.0
0.0,8271.0,2426.0,3076.0,7154.0,0.0,0.0,2156.0,920.0,1366.0,1060.0
0.0,12999.0,2988.0,3060.0,4121.0,0.0,0.0,2134.0,926.0,1876.0,1112.0
0.0,14132.0,3648.0,3067.0,0.0,1784.0,1784.0,2137.0,930.0,2680.0,968.0
0.0,10484.0,3750.0,3090.0,0.0,5626.0,5626.0,2161.0,929.0,2975.0,775.0
0.0,6734.0,3177.0,3107.0,1784.0,7087.0,7087.0,2184.0,923.0,2446.0,731.0
0.0,5341.0,2497.0,3101.0,5626.0,3934.0,3934.0,2182.0,919.0,1626.0,871.0
0.0,8470.0,2392.0,3078.0,7087.0,0.0,0.0,2157.0,921.0,1335.0,1057.0
0.0,13165.0,2971.0,3062.0,3934.0,0.0,0.0,2136.0,926.0,1868.0,1103.0
0.0,14128.0,3653.0,3070.0,0.0,1805.0,1805.0,2139.0,931.0,2680.0,973.0
0.0,10475.0,3758.0,3094.0,0.0,5659.0,5659.0,2164.0,930.0,2961.0,797.0
0.0,6717.0,3185.0,3111.0,1805.0,7107.0,7107.0,2187.0,924.0,2444.0,741.0
0.0,5337.0,2485.0,3105.0,5659.0,3909.0,3909.0,2185.0,920.0,1618.0,867.0
0.0,8511.0,2381.0,3081.0,7107.0,0.0,0.0,2160.0,921.0,1332.0,1049.0
0.0,13237.0,2987.0,3065.0,3909.0,0.0,0.0,2138.0,927.0,1884.0,1103.0
0.0,14159.0,3672.0,3074.0,0.0,1809.0,1809.0,2142.0,932.0,2692.0,980.0
0.0,10487.0,3783.0,3098.0,0.0,5688.0,5688.0,2167.0,931.0,2975.0,808.0
0.0,6704.0,3184.0,3115.0,1809.0,7131.0,7131.0,2190.0,925.0,2436.0,748.0
0.0,5329.0,2506.0,3108.0,5688.0,3921.0,3921.0,2188.0,920.0,1635.0,871.0
0.0,8511.0,2421.0,3085.0,7131.0,0.0,0.0,2163.0,922.0,1356.0,1065.0
0.0,13221.0,3032.0,3071.0,3921.0,0.0,0.0,2142.0,929.0,1903.0,1129.0
0.0,14110.0,3717.0,3080.0,0.0,1927.0,1927.0,2146.0,934.0,2715.0,1002.0
0.0,10393.0,3789.0,3103.0,0.0,5808.0,5808.0,2171.0,932.0,2975.0,814.0
0.0,6604.0,3199.0,3119.0,1927.0,7144.0,7144.0,2193.0,926.0,2457.0,742.0
0.0,5332.0,2525.0,3111.0,5808.0,3829.0,3829.0,2190.0,921.0,1658.0,867.0
0.0,8615.0,2441.0,3088.0,7144.0,0.0,0.0,2165.0,923.0,1377.0,1064.0
0.0,13318.0,3040.0,3073.0,3829.0,0.0,0.0,2143.0,930.0,1910.0,1130.0
0.0,14107.0,3737.0,3082.0,0.0,1958.0,1958.0,2147.0,935.0,2728.0,1009.0
0.0,10370.0,3853.0,3106.0,0.0,5907.0,5907.0,2173.0,933.0,3030.0,823.0
0.0,6517.0,3248.0,3123.0,1958.0,7265.0,7265.0,2196.0,927.0,2491.0,757.0
0.0,5227.0,2537.0,3114.0,5907.0,3859.0,3859.0,2192.0,922.0,1661.0,876.0
0.0,8597.0,2440.0,3091.0,7265.0,0.0,0.0,2167.0,924.0,1380.0,1060.0
0.0,13422.0,3049.0,3076.0,3859.0,0.0,0.0,2145.0,931.0,1918.0,1131.0
0.0,14232.0,3776.0,3086.0,0.0,1888.0,1888.0,2150.0,936.0,2752.0,1024.0
0.0,10456.0,3881.0,3112.0,0.0,5873.0,5873.0,2177.0,935.0,3046.0,835.0
0.0,6575.0,3277.0,3129.0,1888.0,7330.0,7330.0,2200.0,929.0,2515.0,762.0
0.0,5186.0,2563.0,3122.0,5873.0,3992.0,3992.0,2197.0,925.0,1688.0,875.0
0.0,8496.0,2411.0,3096.0,7330.0,0.0,0.0,2170.0,926.0,1359.0,1052.0
0.0,13415.0,2980.0,3081.0,3992.0,0.0,0.0,2148.0,933.0,1858.0,1122.0
0.0,14427.0,3687.0,3090.0,0.0,1620.0,1620.0,2152.0,938.0,2681.0,1006.0
0.0,10740.0,3837.0,3114.0,0.0,5553.0,5553.0,2178.0,936.0,3014.0,823.0
0.0,6903.0,3276.0,3132.0,1620.0,7281.0,7281.0,2202.0,930.0,2521.0,755.0
0.0,5247.0,2569.0,3124.0,5553.0,4265.0,4265.0,2198.0,926.0,1692.0,877.0
0.0,8231.0,2406.0,3099.0,7281.0,0.0,0.0,2172.0,927.0,1351.0,1055.0
0.0,13106.0,2968.0,3084.0,4265.0,0.0,0.0,2150.0,934.0,1858.0,1110.0
0.0,14403.0,3672.0,3093.0,0.0,1641.0,1641.0,2155.0,938.0,2679.0,993.0
0.0,10731.0,3826.0,3118.0,0.0,5567.0,5567.0,2181.0,937.0,3002.0,824.0
0.0,6905.0,3286.0,3135.0,1641.0,7280.0,7280.0,2204.0,931.0,2519.0,767.0
0.0,5260.0,2579.0,3128.0,5567.0,4264.0,4264.0,2201.0,927.0,1710.0,869.0
0.0,8248.0,2414.0,3104.0,7280.0,0.0,0.0,2176.0,928.0,1378.0,1036.0
0.0,13114.0,2970.0,3088.0,4264.0,0.0,0.0,2154.0,934.0,1868.0,1102.0
0.0,14408.0,3672.0,3097.0,0.0,1652.0,1652.0,2158.0,939.0,2674.0,998.0
0.0,10736.0,3838.0,3122.0,0.0,5590.0,5590.0,2184.0,938.0,3010.0,828.0
0.0,6898.0,3289.0,3138.0,1652.0,7291.0,7291.0,2206.0,932.0,2535.0,754.0
0.0,5261.0,2561.0,3131.0,5590.0,4234.0,4234.0,2203.0,928.0,1706.0,855.0
0.0,8290.0,2397.0,3107.0,7291.0,0.0,0.0,2178.0,929.0,1363.0,1034.0
0.0,13184.0,2954.0,3091.0,4234.0,0.0,0.0,2156.0,935.0,1842.0,1112.0
0.0,14464.0,3679.0,3101.0,0.0,1619.0,1619.0,2160.0,941.0,2665.0,1014.0
0.0,10785.0,3852.0,3127.0,0.0,5575.0,5575.0,2187.0,940.0,3020.0,832.0
0.0,6933.0,3273.0,3144.0,1619.0,7297.0,7297.0,2210.0,934.0,2525.0,748.0
0.0,5279.0,2557.0,3136.0,5575.0,4247.0,4247.0,2207.0,929.0,1704.0,853.0
0.0,8297.0,2379.0,3111.0,7297.0,0.0,0.0,2181.0,930.0,1351.0,1028.0
0.0,13215.0,2936.0,3095.0,4247.0,0.0,0.0,2159.0,936.0,1832.0,1104.0
0.0,14526.0,3681.0,3105.0,0.0,1575.0,1575.0,2164.0,941.0,2666.0,1015.0
0.0,10845.0,3848.0,3131.0,0.0,5527.0,5527.0,2190.0,941.0,3000.0,848.0
0.0,6997.0,3259.0,3149.0,1575.0,7283.0,7283.0,2213.0,936.0,2494.0,765.0
0.0,5313.0,2503.0,3139.0,5527.0,4219.0,4219.0,2208.0,931.0,1655.0,848.0
0.0,8337.0,2365.0,3114.0,7283.0,0.0,0.0,2182.0,932.0,1342.0,1023.0
0.0,13255.0,2967.0,3098.0,4219.0,0.0,0.0,2161.0,937.0,1854.0,1113.0
0.0,14507.0,3716.0,3109.0,0.0,1645.0,1645.0,2166.0,943.0,2687.0,1029.0
0.0,10791.0,3873.0,3135.0,0.0,5622.0,5622.0,2192.0,943.0,3018.0,855.0
0.0,6918.0,3272.0,3151.0,1645.0,7313.0,7313.0,2214.0,937.0,2509.0,763.0
0.0,5291.0,2532.0,3141.0,5622.0,4183.0,4183.0,2210.0,931.0,1679.0,853.0
0.0,8381.0,2416.0,3116.0,7313.0,0.0,0.0,2184.0,932.0,1373.0,1043.0
0.0,13278.0,3041.0,3102.0,4183.0,0.0,0.0,2164.0,938.0,1906.0,1135.0
0.0,14420.0,3770.0,3113.0,0.0,1802.0,1802.0,2169.0,944.0,2739.0,1031.0
0.0,10650.0,3890.0,3139.0,0.0,5796.0,5796.0,2196.0,943.0,3049.0,841.0
0.0,6760.0,3288.0,3156.0,1802.0,7350.0,7350.0,2218.0,938.0,2528.0,760.0
0.0,5274.0,2560.0,3147.0,5796.0,4078.0,4078.0,2214.0,933.0,1691.0,869.0
0.0,8510.0,2452.0,3122.0,7350.0,0.0,0.0,2188.0,934.0,1386.0,1066.0
0.0,13408.0,3048.0,3106.0,4078.0,0.0,0.0,2166.0,940.0,1898.0,1150.0
0.0,14438.0,3779.0,3116.0,0.0,1805.0,1805.0,2171.0,945.0,2740.0,1039.0
0.0,10659.0,3905.0,3143.0,0.0,5818.0,5818.0,2198.0,945.0,3060.0,845.0
0.0,6754.0,3322.0,3160.0,1805.0,7403.0,7403.0,2221.0,939.0,2561.0,761.0
0.0,5237.0,2577.0,3151.0,5818.0,4126.0,4126.0,2217.0,934.0,1707.0,870.0
0.0,8478.0,2426.0,3125.0,7403.0,0.0,0.0,2190.0,935.0,1359.0,1067.0
0.0,13455.0,3061.0,3109.0,4126.0,0.0,0.0,2168.0,941.0,1902.0,1159.0
0.0,14520.0,3825.0,3120.0,0.0,1785.0,1785.0,2173.0,947.0,2772.0,1053.0
0.0,10695.0,3936.0,3146.0,0.0,5825.0,5825.0,2200.0,946.0,3099.0,837.0
0.0,6759.0,3276.0,3163.0,1785.0,7384.0,7384.0,2223.0,940.0,2540.0,736.0
0.0,5268.0,2495.0,3153.0,5825.0,4014.0,4014.0,2218.0,935.0,1642.0,853.0
0.0,8598.0,2399.0,3128.0,7384.0,0.0,0.0,2192.0,936.0,1325.0,1074.0
0.0,13583.0,3079.0,3114.0,4014.0,0.0,0.0,2171.0,943.0,1899.0,1180.0
0.0,14518.0,3853.0,3125.0,0.0,1835.0,1835.0,2176.0,949.0,2796.0,1057.0
0.0,10665.0,3948.0,3152.0,0.0,5891.0,5891.0,2204.0,948.0,3125.0,823.0
0.0,6717.0,3268.0,3168.0,1835.0,7388.0,7388.0,2227.0,941.0,2548.0,720.0
0.0,5284.0,2459.0,3158.0,5891.0,3916.0,3916.0,2222.0,936.0,1618.0,841.0
0.0,8716.0,2351.0,3133.0,7388.0,0.0,0.0,2195.0,938.0,1279.0,1072.0
0.0,13753.0,3036.0,3117.0,3916.0,0.0,0.0,2173.0,944.0,1850.0,1186.0
0.0,14633.0,3845.0,3128.0,0.0,1724.0,1724.0,2178.0,950.0,2789.0,1056.0
0.0,10788.0,3963.0,3155.0,0.0,5795.0,5795.0,2206.0,949.0,3146.0,817.0
0.0,6825.0,3259.0,3171.0,1724.0,7394.0,7394.0,2228.0,943.0,2553.0,706.0
0.0,5290.0,2453.0,3162.0,5795.0,4016.0,4016.0,2224.0,938.0,1620.0,833.0
0.0,8632.0,2346.0,3136.0,7394.0,0.0,0.0,2197.0,939.0,1273.0,1073.0
0.0,13680.0,3061.0,3121.0,4016.0,0.0,0.0,2175.0,946.0,1877.0,1184.0
0.0,14635.0,3877.0,3133.0,0.0,1774.0,1774.0,2181.0,952.0,2826.0,1051.0
0.0,10758.0,3990.0,3160.0,0.0,5872.0,5872.0,2209.0,951.0,3183.0,807.0
0.0,6768.0,3251.0,3176.0,1774.0,7413.0,7413.0,2232.0,944.0,2560.0,691.0
0.0,5291.0,2424.0,3166.0,5872.0,3925.0,3925.0,2227.0,939.0,1595.0,829.0
0.0,8739.0,2322.0,3140.0,7413.0,0.0,0.0,2200.0,940.0,1244.0,1078.0
0.0,13830.0,3030.0,3124.0,3925.0,0.0,0.0,2177.0,947.0,1844.0,1186.0
0.0,14725.0,3867.0,3135.0,0.0,1682.0,1682.0,2183.0,952.0,2823.0,1044.0
0.0,10858.0,3963.0,3162.0,0.0,5753.0,5753.0,2211.0,951.0,3171.0,792.0
0.0,6895.0,3250.0,3180.0,1682.0,7393.0,7393.0,2235.0,945.0,2564.0,686.0
0.0,5327.0,2421.0,3169.0,5753.0,4017.0,4017.0,2230.0,939.0,1589.0,832.0
0.0,8659.0,2312.0,3143.0,7393.0,0.0,0.0,2202.0,941.0,1229.0,1083.0
0.0,13740.0,3033.0,3127.0,4017.0,0.0,0.0,2180.0,947.0,1839.0,1194.0
0.0,14724.0,3856.0,3139.0,0.0,1688.0,1688.0,2186.0,953.0,2801.0,1055.0
0.0,10868.0,3959.0,3167.0,0.0,5759.0,5759.0,2215.0,952.0,3152.0,807.0
0.0,6909.0,3237.0,3184.0,1688.0,7376.0,7376.0,2238.0,946.0,2544.0,693.0
0.0,5360.0,2436.0,3173.0,5759.0,4009.0,4009.0,2233.0,940.0,1601.0,835.0
0.0,8683.0,2356.0,3147.0,7376.0,0.0,0.0,2206.0,941.0,1273.0,1083.0
0.0,13703.0,3061.0,3132.0,4009.0,0.0,0.0,2184.0,948.0,1869.0,1192.0
0.0,14651.0,3868.0,3143.0,0.0,1789.0,1789.0,2189.0,954.0,2811.0,1057.0
0.0,10783.0,3983.0,3171.0,0.0,5884.0,5884.0,2218.0,953.0,3155.0,828.0
0.0,6800.0,3288.0,3188.0,1789.0,7451.0,7451.0,2241.0,947.0,2559.0,729.0
0.0,5301.0,2475.0,3177.0,5884.0,3998.0,3998.0,2235.0,942.0,1622.0,853.0
0.0,8710.0,2360.0,3150.0,7451.0,0.0,0.0,2207.0,943.0,1277.0,1083.0
0.0,13801.0,3066.0,3134.0,3998.0,0.0,0.0,2185.0,949.0,1882.0,1184.0
0.0,14733.0,3905.0,3146.0,0.0,1756.0,1756.0,2191.0,955.0,2841.0,1064.0
0.0,10828.0,4066.0,3175.0,0.0,5938.0,5938.0,2220.0,955.0,3225.0,841.0
0.0,6762.0,3381.0,3192.0,1756.0,7631.0,7631.0,2244.0,948.0,2644.0,737.0
0.0,5137.0,2524.0,3183.0,5938.0,4181.0,4181.0,2240.0,943.0,1666.0,858.0
0.0,8551.0,2351.0,3155.0,7631.0,0.0,0.0,2211.0,944.0,1259.0,1092.0
0.0,13831.0,3037.0,3139.0,4181.0,0.0,0.0,2188.0,951.0,1828.0,1209.0
0.0,14975.0,3916.0,3150.0,0.0,1541.0,1541.0,2193.0,957.0,2830.0,1086.0
0.0,11059.0,4115.0,3179.0,0.0,5772.0,5772.0,2223.0,956.0,3268.0,847.0
0.0,6944.0,3434.0,3199.0,1541.0,7745.0,7745.0,2249.0,950.0,2712.0,722.0
0.0,5051.0,2537.0,3189.0,5772.0,4470.0,4470.0,2245.0,944.0,1690.0,847.0
0.0,8286.0,2320.0,3160.0,7745.0,0.0,0.0,2215.0,945.0,1227.0,1093.0
0.0,13711.0,2997.0,3142.0,4470.0,0.0,0.0,2190.0,952.0,1782.0,1215.0
0.0,15184.0,3894.0,3154.0,0.0,1326.0,1326.0,2195.0,959.0,2808.0,1086.0
0.0,11290.0,4127.0,3184.0,0.0,5573.0,5573.0,2226.0,958.0,3279.0,848.0
0.0,7163.0,3440.0,3205.0,1326.0,7771.0,7771.0,2253.0,952.0,2708.0,732.0
0.0,5049.0,2517.0,3194.0,5573.0,4671.0,4671.0,2248.0,946.0,1668.0,849.0
0.0,8105.0,2277.0,3164.0,7771.0,0.0,0.0,2218.0,946.0,1189.0,1088.0
0.0,13599.0,2960.0,3144.0,4671.0,0.0,0.0,2191.0,953.0,1757.0,1203.0
0.0,15310.0,3872.0,3156.0,0.0,1186.0,1186.0,2196.0,960.0,2791.0,1081.0
0.0,11438.0,4108.0,3188.0,0.0,5422.0,5422.0,2228.0,960.0,3274.0,834.0
0.0,7330.0,3453.0,3209.0,1186.0,7773.0,7773.0,2256.0,953.0,2733.0,720.0
0.0,5063.0,2558.0,3200.0,5422.0,4873.0,4873.0,2253.0,947.0,1709.0,849.0
0.0,7927.0,2294.0,3171.0,7773.0,0.0,0.0,2223.0,948.0,1202.0,1092.0
0.0,13406.0,2940.0,3150.0,4873.0,0.0,0.0,2195.0,955.0,1732.0,1208.0
0.0,15339.0,3825.0,3161.0,0.0,1130.0,1130.0,2199.0,962.0,2752.0,1073.0
0.0,11514.0,4094.0,3193.0,0.0,5352.0,5352.0,2231.0,962.0,3268.0,826.0
0.0,7420.0,3473.0,3215.0,1130.0,7783.0,7783.0,2260.0,955.0,2763.0,710.0
0.0,5077.0,2561.0,3205.0,5352.0,4952.0,4952.0,2256.0,949.0,1718.0,843.0
0.0,7868.0,2267.0,3174.0,7783.0,0.0,0.0,2225.0,949.0,1184.0,1083.0
0.0,13384.0,2895.0,3153.0,4952.0,0.0,0.0,2196.0,957.0,1705.0,1190.0
0.0,15441.0,3802.0,3164.0,0.0,1017.0,1017.0,2200.0,964.0,2746.0,1056.0
0.0,11639.0,4089.0,3195.0,0.0,5230.0,5230.0,2232.0,963.0,3271.0,818.0
0.0,7550.0,3471.0,3217.0,1017.0,7772.0,7772.0,2261.0,956.0,2758.0,713.0
0.0,5096.0,2556.0,3209.0,5230.0,5066.0,5066.0,2259.0,950.0,1714.0,842.0
0.0,7770.0,2249.0,3177.0,7772.0,0.0,0.0,2227.0,950.0,1180.0,1069.0
0.0,13293.0,2865.0,3157.0,5066.0,0.0,0.0,2199.0,958.0,1693.0,1172.0
0.0,15494.0,3799.0,3167.0,0.0,973.0,973.0,2202.0,965.0,2745.0,1054.0
0.0,11695.0,4100.0,3200.0,0.0,5205.0,5205.0,2235.0,965.0,3265.0,835.0
0.0,7595.0,3462.0,3222.0,973.0,7782.0,7782.0,2264.0,958.0,2735.0,727.0
0.0,5106.0,2545.0,3212.0,5205.0,5082.0,5082.0,2261.0,951.0,1700.0,845.0
0.0,7766.0,2229.0,3180.0,7782.0,0.0,0.0,2229.0,951.0,1161.0,1068.0
0.0,13319.0,2867.0,3159.0,5082.0,0.0,0.0,2201.0,958.0,1693.0,1174.0
0.0,15534.0,3824.0,3171.0,0.0,974.0,974.0,2206.0,965.0,2768.0,1056.0
0.0,11710.0,4159.0,3205.0,0.0,5269.0,5269.0,2239.0,966.0,3317.0,842.0
0.0,7551.0,3493.0,3226.0,974.0,7872.0,7872.0,2267.0,959.0,2753.0,740.0
0.0,5032.0,2523.0,3215.0,5269.0,5082.0,5082.0,2263.0,952.0,1666.0,857.0
0.0,7778.0,2206.0,3184.0,7872.0,0.0,0.0,2231.0,953.0,1138.0,1068.0
0.0,13444.0,2898.0,3163.0,5082.0,0.0,0.0,2204.0,959.0,1727.0,1171.0
0.0,15628.0,3917.0,3175.0,0.0,989.0,989.0,2209.0,966.0,2845.0,1072.0
0.0,11711.0,4241.0,3209.0,0.0,5366.0,5366.0,2243.0,966.0,3375.0,866.0
0.0,7470.0,3556.0,3232.0,989.0,8025.0,8025.0,2272.0,960.0,2794.0,762.0
0.0,4903.0,2532.0,3222.0,5366.0,5151.0,5151.0,2268.0,954.0,1665.0,867.0
0.0,7737.0,2211.0,3189.0,8025.0,0.0,0.0,2235.0,954.0,1136.0,1075.0
0.0,13551.0,2895.0,3166.0,5151.0,0.0,0.0,2206.0,960.0,1721.0,1174.0
0.0,15807.0,3934.0,3177.0,0.0,835.0,835.0,2210.0,967.0,2858.0,1076.0
0.0,11873.0,4282.0,3211.0,0.0,5253.0,5253.0,2244.0,967.0,3413.0,869.0
0.0,7591.0,3587.0,3235.0,835.0,8101.0,8101.0,2274.0,961.0,2826.0,761.0
0.0,4839.0,2560.0,3225.0,5253.0,5368.0,5368.0,2271.0,954.0,1692.0,868.0
0.0,7532.0,2234.0,3193.0,8101.0,0.0,0.0,2239.0,954.0,1152.0,1082.0
0.0,13399.0,2919.0,3170.0,5368.0,0.0,0.0,2209.0,961.0,1728.0,1191.0
0.0,15848.0,3935.0,3180.0,0.0,807.0,807.0,2212.0,968.0,2854.0,1081.0
0.0,11913.0,4280.0,3213.0,0.0,5219.0,5219.0,2245.0,968.0,3415.0,865.0
0.0,7633.0,3599.0,3238.0,807.0,8111.0,8111.0,2276.0,962.0,2836.0,763.0
0.0,4841.0,2577.0,3230.0,5219.0,5437.0,5437.0,2275.0,955.0,1696.0,881.0
0.0,7483.0,2219.0,3197.0,8111.0,0.0,0.0,2242.0,955.0,1127.0,1092.0
0.0,13375.0,2876.0,3174.0,5437.0,0.0,0.0,2212.0,962.0,1688.0,1188.0
0.0,15936.0,3909.0,3182.0,0.0,701.0,701.0,2214.0,968.0,2839.0,1070.0
0.0,12027.0,4271.0,3217.0,0.0,5112.0,5112.0,2248.0,969.0,3411.0,860.0
0.0,7756.0,3605.0,3242.0,701.0,8116.0,8116.0,2279.0,963.0,2836.0,769.0
0.0,4852.0,2559.0,3234.0,5112.0,5531.0,5531.0,2278.0,956.0,1677.0,882.0
0.0,7405.0,2195.0,3202.0,8116.0,0.0,0.0,2245.0,957.0,1101.0,1094.0
0.0,13326.0,2862.0,3178.0,5531.0,0.0,0.0,2215.0,963.0,1678.0,1184.0
0.0,15995.0,3886.0,3186.0,0.0,635.0,635.0,2216.0,970.0,2824.0,1062.0
0.0,12109.0,4266.0,3219.0,0.0,5033.0,5033.0,2249.0,970.0,3415.0,851.0
0.0,7843.0,3627.0,3245.0,635.0,8129.0,8129.0,2281.0,964.0,2862.0,765.0
0.0,4851.0,2594.0,3238.0,5033.0,5662.0,5662.0,2281.0,957.0,1712.0,882.0
0.0,7290.0,2190.0,3207.0,8129.0,0.0,0.0,2249.0,958.0,1102.0,1088.0
0.0,13229.0,2839.0,3183.0,5662.0,0.0,0.0,2218.0,965.0,1653.0,1186.0
0.0,16052.0,3898.0,3190.0,0.0,606.0,606.0,2219.0,971.0,2836.0,1062.0
0.0,12154.0,4297.0,3225.0,0.0,5043.0,5043.0,2253.0,972.0,3447.0,850.0
0.0,7857.0,3626.0,3250.0,606.0,8163.0,8163.0,2285.0,965.0,2873.0,753.0
0.0,4837.0,2546.0,3244.0,5043.0,5642.0,5642.0,2285.0,959.0,1678.0,868.0
0.0,7334.0,2151.0,3211.0,8163.0,0.0,0.0,2252.0,959.0,1073.0,1078.0
0.0,13346.0,2822.0,3187.0,5642.0,0.0,0.0,2221.0,966.0,1648.0,1174.0
0.0,16166.0,3901.0,3196.0,0.0,519.0,519.0,2223.0,973.0,2844.0,1057.0
0.0,12265.0,4322.0,3229.0,0.0,4973.0,4973.0,2256.0,973.0,3465.0,857.0
0.0,7943.0,3635.0,3256.0,519.0,8197.0,8197.0,2289.0,967.0,2876.0,759.0
0.0,4827.0,2528.0,3250.0,4973.0,5728.0,5728.0,2289.0,961.0,1665.0,863.0
0.0,7272.0,2112.0,3218.0,8197.0,0.0,0.0,2256.0,962.0,1041.0,1071.0
0.0,13357.0,2801.0,3192.0,5728.0,0.0,0.0,2224.0,968.0,1630.0,1171.0
0.0,16284.0,3891.0,3200.0,0.0,407.0,407.0,2226.0,974.0,2833.0,1058.0
0.0,12393.0,4312.0,3235.0,0.0,4859.0,4859.0,2260.0,975.0,3460.0,852.0
0.0,8081.0,3644.0,3262.0,407.0,8204.0,8204.0,2293.0,969.0,2877.0,767.0
0.0,4844.0,2535.0,3255.0,4859.0,5852.0,5852.0,2292.0,963.0,1658.0,877.0
0.0,7168.0,2081.0,3222.0,8204.0,0.0,0.0,2259.0,963.0,1011.0,1070.0
0.0,13291.0,2758.0,3195.0,5852.0,0.0,0.0,2226.0,969.0,1599.0,1159.0
0.0,16385.0,3889.0,3203.0,0.0,316.0,316.0,2227.0,976.0,2830.0,1059.0
0.0,12496.0,4355.0,3238.0,0.0,4811.0,4811.0,2262.0,976.0,3495.0,860.0
0.0,8141.0,3693.0,3266.0,316.0,8300.0,8300.0,2296.0,970.0,2918.0,775.0
0.0,4764.0,2554.0,3259.0,4811.0,6015.0,6015.0,2295.0,964.0,1677.0,877.0
0.0,7021.0,2073.0,3224.0,8300.0,0.0,0.0,2260.0,964.0,1004.0,1069.0
0.0,13248.0,2760.0,3196.0,6015.0,0.0,0.0,2226.0,970.0,1605.0,1155.0
0.0,16503.0,3934.0,3204.0,0.0,247.0,247.0,2228.0,976.0,2874.0,1060.0
0.0,12569.0,4437.0,3240.0,0.0,4828.0,4828.0,2264.0,976.0,3559.0,878.0
0.0,8132.0,3755.0,3269.0,247.0,8452.0,8452.0,2299.0,970.0,2962.0,793.0
0.0,4624.0,2592.0,3264.0,4828.0,6196.0,6196.0,2299.0,965.0,1705.0,887.0
0.0,6860.0,2122.0,3229.0,8452.0,0.0,0.0,2264.0,965.0,1044.0,1078.0
0.0,13190.0,2817.0,3201.0,6196.0,0.0,0.0,2230.0,971.0,1650.0,1167.0
0.0,16569.0,3965.0,3207.0,0.0,224.0,224.0,2231.0,976.0,2896.0,1069.0
0.0,12604.0,4438.0,3244.0,0.0,4810.0,4810.0,2267.0,977.0,3557.0,881.0
0.0,8166.0,3744.0,3273.0,224.0,8446.0,8446.0,2302.0,971.0,2950.0,794.0
0.0,4646.0,2588.0,3266.0,4810.0,6196.0,6196.0,2301.0,965.0,1694.0,894.0
0.0,6868.0,2133.0,3232.0,8446.0,0.0,0.0,2266.0,966.0,1039.0,1094.0
0.0,13181.0,2838.0,3204.0,6196.0,0.0,0.0,2232.0,972.0,1654.0,1184.0
0.0,16539.0,3992.0,3212.0,0.0,301.0,301.0,2234.0,978.0,2919.0,1073.0
0.0,12547.0,4453.0,3248.0,0.0,4898.0,4898.0,2270.0,978.0,3579.0,874.0
0.0,8094.0,3745.0,3277.0,301.0,8458.0,8458.0,2305.0,972.0,2954.0,791.0
0.0,4650.0,2580.0,3272.0,4898.0,6120.0,6120.0,2305.0,967.0,1670.0,910.0
0.0,6968.0,2113.0,3237.0,8458.0,0.0,0.0,2270.0,967.0,1003.0,1110.0
0.0,13313.0,2812.0,3209.0,6120.0,0.0,0.0,2235.0,974.0,1624.0,1188.0
0.0,16621.0,3964.0,3215.0,0.0,203.0,203.0,2236.0,979.0,2897.0,1067.0
0.0,12657.0,4420.0,3251.0,0.0,4767.0,4767.0,2272.0,979.0,3549.0,871.0
0.0,8237.0,3729.0,3281.0,203.0,8413.0,8413.0,2308.0,973.0,2936.0,793.0
0.0,4711.0,2570.0,3276.0,4767.0,6196.0,6196.0,2308.0,968.0,1666.0,904.0
0.0,6908.0,2111.0,3242.0,8413.0,0.0,0.0,2273.0,969.0,1013.0,1098.0
0.0,13210.0,2827.0,3214.0,6196.0,0.0,0.0,2239.0,975.0,1652.0,1175.0
0.0,16579.0,3985.0,3221.0,0.0,290.0,290.0,2240.0,981.0,2921.0,1064.0
0.0,12594.0,4422.0,3255.0,0.0,4848.0,4848.0,2275.0,980.0,3551.0,871.0
0.0,8172.0,3710.0,3285.0,290.0,8388.0,8388.0,2310.0,975.0,2925.0,785.0
0.0,4752.0,2571.0,3280.0,4848.0,6091.0,6091.0,2311.0,969.0,1672.0,899.0
0.0,7029.0,2119.0,3246.0,8388.0,0.0,0.0,2276.0,970.0,1027.0,1092.0
0.0,13298.0,2814.0,3217.0,6091.0,0.0,0.0,2241.0,976.0,1646.0,1168.0
0.0,16575.0,3978.0,3224.0,0.0,299.0,299.0,2242.0,982.0,2917.0,1061.0
0.0,12597.0,4413.0,3260.0,0.0,4856.0,4856.0,2278.0,982.0,3545.0,868.0
0.0,8184.0,3696.0,3289.0,299.0,8369.0,8369.0,2313.0,976.0,2913.0,783.0
0.0,4787.0,2537.0,3284.0,4856.0,6030.0,6030.0,2314.0,970.0,1652.0,885.0
0.0,7106.0,2114.0,3250.0,8369.0,0.0,0.0,2279.0,971.0,1031.0,1083.0
0.0,13361.0,2825.0,3221.0,6030.0,0.0,0.0,2244.0,977.0,1652.0,1173.0
0.0,16566.0,3971.0,3227.0,0.0,313.0,313.0,2244.0,983.0,2907.0,1064.0
0.0,12595.0,4397.0,3263.0,0.0,4854.0,4854.0,2280.0,983.0,3535.0,862.0
0.0,8198.0,3661.0,3293.0,313.0,8322.0,8322.0,2316.0,977.0,2891.0,770.0
0.0,4850.0,2514.0,3288.0,4854.0,5962.0,5962.0,2316.0,972.0,1631.0,883.0
0.0,7190.0,2116.0,3253.0,8322.0,0.0,0.0,2281.0,972.0,1027.0,1089.0
0.0,13396.0,2852.0,3225.0,5962.0,0.0,0.0,2247.0,978.0,1674.0,1178.0
0.0,16506.0,3959.0,3231.0,0.0,377.0,377.0,2247.0,984.0,2895.0,1064.0
0.0,12547.0,4341.0,3266.0,0.0,4858.0,4858.0,2282.0,984.0,3478.0,863.0
0.0,8206.0,3648.0,3296.0,377.0,8249.0,8249.0,2318.0,978.0,2872.0,776.0
0.0,4935.0,2560.0,3292.0,4858.0,5935.0,5935.0,2319.0,973.0,1668.0,892.0
0.0,7233.0,2154.0,3259.0,8249.0,0.0,0.0,2285.0,974.0,1070.0,1084.0
0.0,13328.0,2835.0,3229.0,5935.0,0.0,0.0,2250.0,979.0,1668.0,1167.0
0.0,16428.0,3954.0,3235.0,0.0,466.0,466.0,2250.0,985.0,2897.0,1057.0
0.0,12474.0,4392.0,3270.0,0.0,4998.0,4998.0,2285.0,985.0,3516.0,876.0
0.0,8082.0,3708.0,3302.0,466.0,8368.0,8368.0,2322.0,980.0,2910.0,798.0
0.0,4840.0,2590.0,3299.0,4998.0,5948.0,5948.0,2324.0,975.0,1688.0,902.0
0.0,7248.0,2198.0,3265.0,8368.0,0.0,0.0,2290.0,975.0,1108.0,1090.0
0.0,13418.0,2901.0,3235.0,5948.0,0.0,0.0,2254.0,981.0,1726.0,1175.0
0.0,16465.0,3999.0,3240.0,0.0,494.0,494.0,2254.0,986.0,2934.0,1065.0
0.0,12466.0,4385.0,3275.0,0.0,5019.0,5019.0,2289.0,986.0,3510.0,875.0
0.0,8081.0,3680.0,3305.0,494.0,8325.0,8325.0,2324.0,981.0,2885.0,795.0
0.0,4895.0,2586.0,3300.0,5019.0,5872.0,5872.0,2324.0,976.0,1679.0,907.0
0.0,7328.0,2224.0,3266.0,8325.0,0.0,0.0,2290.0,976.0,1127.0,1097.0
0.0,13429.0,2945.0,3238.0,5872.0,0.0,0.0,2256.0,982.0,1763.0,1182.0
0.0,16356.0,4032.0,3243.0,0.0,648.0,648.0,2256.0,987.0,2958.0,1074.0
0.0,12324.0,4400.0,3278.0,0.0,5188.0,5188.0,2291.0,987.0,3517.0,883.0
0.0,7924.0,3681.0,3308.0,648.0,8341.0,8341.0,2327.0,981.0,2886.0,795.0
0.0,4891.0,2613.0,3304.0,5188.0,5750.0,5750.0,2328.0,976.0,1708.0,905.0
0.0,7466.0,2258.0,3271.0,8341.0,0.0,0.0,2294.0,977.0,1147.0,1111.0
0.0,13549.0,2959.0,3242.0,5750.0,0.0,0.0,2259.0,983.0,1767.0,1192.0
0.0,16340.0,3997.0,3246.0,0.0,641.0,641.0,2258.0,988.0,2927.0,1070.0
0.0,12343.0,4354.0,3281.0,0.0,5135.0,5135.0,2293.0,988.0,3469.0,885.0
0.0,7989.0,3666.0,3310.0,641.0,8276.0,8276.0,2328.0,982.0,2851.0,815.0
0.0,4964.0,2624.0,3307.0,5135.0,5753.0,5753.0,2330.0,977.0,1695.0,929.0
0.0,7475.0,2268.0,3274.0,8276.0,0.0,0.0,2296.0,978.0,1158.0,1110.0
0.0,13483.0,2951.0,3246.0,5753.0,0.0,0.0,2262.0,984.0,1784.0,1167.0
0.0,16285.0,3993.0,3252.0,0.0,716.0,716.0,2263.0,989.0,2943.0,1050.0
0.0,12292.0,4335.0,3285.0,0.0,5183.0,5183.0,2297.0,988.0,3459.0,876.0
0.0,7957.0,3658.0,3315.0,716.0,8245.0,8245.0,2332.0,983.0,2829.0,829.0
0.0,5015.0,2630.0,3311.0,5183.0,5676.0,5676.0,2333.0,978.0,1688.0,942.0
0.0,7568.0,2267.0,3278.0,8245.0,0.0,0.0,2299.0,979.0,1155.0,1112.0
0.0,13546.0,2935.0,3249.0,5676.0,0.0,0.0,2264.0,985.0,1768.0,1167.0
0.0,16287.0,3964.0,3254.0,0.0,693.0,693.0,2264.0,990.0,2910.0,1054.0
0.0,12323.0,4327.0,3288.0,0.0,5156.0,5156.0,2298.0,990.0,3457.0,870.0
0.0,7996.0,3664.0,3318.0,693.0,8247.0,8247.0,2334.0,984.0,2854.0,810.0
0.0,5025.0,2640.0,3315.0,5156.0,5719.0,5719.0,2335.0,980.0,1705.0,935.0
0.0,7541.0,2286.0,3282.0,8247.0,0.0,0.0,2301.0,981.0,1165.0,1121.0
0.0,13502.0,2931.0,3254.0,5719.0,0.0,0.0,2267.0,987.0,1767.0,1164.0
0.0,16290.0,3950.0,3258.0,0.0,692.0,692.0,2267.0,991.0,2918.0,1032.0
0.0,12340.0,4312.0,3293.0,0.0,5144.0,5144.0,2302.0,991.0,3459.0,853.0
0.0,8028.0,3650.0,3322.0,692.0,8218.0,8218.0,2337.0,985.0,2847.0,803.0
0.0,5070.0,2623.0,3318.0,5144.0,5681.0,5681.0,2337.0,981.0,1681.0,942.0
0.0,7591.0,2267.0,3285.0,8218.0,0.0,0.0,2303.0,982.0,1140.0,1127.0
0.0,13542.0,2922.0,3257.0,5681.0,0.0,0.0,2269.0,988.0,1753.0,1169.0
0.0,16301.0,3927.0,3262.0,0.0,674.0,674.0,2269.0,993.0,2901.0,1026.0
0.0,12374.0,4272.0,3296.0,0.0,5082.0,5082.0,2304.0,992.0,3427.0,845.0
0.0,8102.0,3613.0,3325.0,674.0,8137.0,8137.0,2338.0,987.0,2812.0,801.0
0.0,5163.0,2624.0,3320.0,5082.0,5659.0,5659.0,2338.0,982.0,1687.0,937.0
0.0,7621.0,2274.0,3288.0,8137.0,0.0,0.0,2305.0,983.0,1153.0,1121.0
0.0,13484.0,2941.0,3261.0,5659.0,0.0,0.0,2272.0,989.0,1777.0,1164.0
0.0,16202.0,3947.0,3267.0,0.0,813.0,813.0,2273.0,994.0,2915.0,1032.0
0.0,12255.0,4289.0,3300.0,0.0,5234.0,5234.0,2307.0,993.0,3437.0,852.0
0.0,7966.0,3639.0,3329.0,813.0,8176.0,8176.0,2341.0,988.0,2831.0,808.0
0.0,5140.0,2632.0,3324.0,5234.0,5554.0,5554.0,2341.0,983.0,1689.0,943.0
0.0,7742.0,2296.0,3293.0,8176.0,0.0,0.0,2308.0,985.0,1165.0,1131.0
0.0,13622.0,2972.0,3266.0,5554.0,0.0,0.0,2275.0,991.0,1788.0,1184.0
0.0,16204.0,3977.0,3270.0,0.0,853.0,853.0,2275.0,995.0,2938.0,1039.0
0.0,12227.0,4320.0,3304.0,0.0,5309.0,5309.0,2310.0,994.0,3477.0,843.0
0.0,7907.0,3657.0,3332.0,853.0,8225.0,8225.0,2343.0,989.0,2865.0,792.0
0.0,5103.0,2672.0,3327.0,5309.0,5568.0,5568.0,2343.0,984.0,1727.0,945.0
0.0,7740.0,2349.0,3296.0,8225.0,0.0,0.0,2310.0,986.0,1203.0,1146.0
0.0,13616.0,3019.0,3270.0,5568.0,0.0,0.0,2278.0,992.0,1820.0,1199.0
0.0,16165.0,4026.0,3276.0,0.0,965.0,965.0,2279.0,997.0,2973.0,1053.0
0.0,12139.0,4343.0,3310.0,0.0,5444.0,5444.0,2314.0,996.0,3492.0,851.0
0.0,7796.0,3652.0,3337.0,965.0,8239.0,8239.0,2347.0,990.0,2853.0,799.0
0.0,5109.0,2683.0,3333.0,5444.0,5462.0,5462.0,2347.0,986.0,1727.0,956.0
0.0,7870.0,2375.0,3300.0,8239.0,0.0,0.0,2313.0,987.0,1215.0,1160.0
0.0,13734.0,3039.0,3275.0,5462.0,0.0,0.0,2281.0,994.0,1836.0,1203.0
0.0,16157.0,4029.0,3281.0,0.0,996.0,996.0,2283.0,998.0,2984.0,1045.0
0.0,12128.0,4348.0,3314.0,0.0,5476.0,5476.0,2317.0,997.0,3498.0,850.0
0.0,7780.0,3674.0,3341.0,996.0,8262.0,8262.0,2350.0,991.0,2870.0,804.0
0.0,5102.0,2668.0,3336.0,5476.0,5434.0,5434.0,2349.0,987.0,1703.0,965.0
0.0,7910.0,2323.0,3304.0,8262.0,0.0,0.0,2315.0,989.0,1163.0,1160.0
0.0,13849.0,2986.0,3278.0,5434.0,0.0,0.0,2283.0,995.0,1788.0,1198.0
0.0,16297.0,4005.0,3284.0,0.0,844.0,844.0,2285.0,999.0,2961.0,1044.0
0.0,12292.0,4335.0,3317.0,0.0,5311.0,5311.0,2319.0,998.0,3486.0,849.0
0.0,7957.0,3670.0,3344.0,844.0,8245.0,8245.0,2352.0,992.0,2858.0,812.0
0.0,5131.0,2655.0,3338.0,5311.0,5565.0,5565.0,2350.0,988.0,1690.0,965.0
0.0,7787.0,2333.0,3306.0,8245.0,0.0,0.0,2316.0,990.0,1172.0,1161.0
0.0,13699.0,3019.0,3281.0,5565.0,0.0,0.0,2285.0,996.0,1818.0,1201.0
0.0,16245.0,4029.0,3288.0,0.0,936.0,936.0,2287.0,1001.0,2981.0,1048.0
0.0,12216.0,4328.0,3321.0,0.0,5396.0,5396.0,2322.0,999.0,3476.0,852.0
0.0,7888.0,3633.0,3347.0,936.0,8197.0,8197.0,2354.0,993.0,2828.0,805.0
0.0,5191.0,2652.0,3342.0,5396.0,5433.0,5433.0,2353.0,989.0,1701.0,951.0
0.0,7935.0,2348.0,3311.0,8197.0,0.0,0.0,2320.0,991.0,1201.0,1147.0
0.0,13784.0,3041.0,3286.0,5433.0,0.0,0.0,2289.0,997.0,1844.0,1197.0
0.0,16176.0,4015.0,3293.0,0.0,1011.0,1011.0,2291.0,1002.0,2966.0,1049.0
0.0,12161.0,4310.0,3325.0,0.0,5449.0,5449.0,2325.0,1000.0,3454.0,856.0
0.0,7851.0,3654.0,3351.0,1011.0,8196.0,8196.0,2357.0,994.0,2849.0,805.0
0.0,5208.0,2680.0,3346.0,5449.0,5407.0,5407.0,2356.0,990.0,1732.0,948.0
0.0,7977.0,2374.0,3316.0,8196.0,0.0,0.0,2324.0,992.0,1229.0,1145.0
0.0,13799.0,3032.0,3291.0,5407.0,0.0,0.0,2292.0,999.0,1827.0,1205.0
0.0,16174.0,3970.0,3298.0,0.0,988.0,988.0,2294.0,1004.0,2910.0,1060.0
0.0,12204.0,4253.0,3329.0,0.0,5365.0,5365.0,2327.0,1002.0,3399.0,854.0
0.0,7951.0,3618.0,3355.0,988.0,8099.0,8099.0,2359.0,996.0,2818.0,800.0
0.0,5321.0,2683.0,3350.0,5365.0,5397.0,5397.0,2359.0,991.0,1748.0,935.0
0.0,8003.0,2399.0,3320.0,8099.0,0.0,0.0,2327.0,993.0,1266.0,1133.0
0.0,13703.0,3031.0,3297.0,5397.0,0.0,0.0,2297.0,1000.0,1834.0,1197.0
0.0,16069.0,3953.0,3303.0,0.0,1096.0,1096.0,2298.0,1005.0,2893.0,1060.0
0.0,12116.0,4232.0,3335.0,0.0,5456.0,5456.0,2331.0,1004.0,3370.0,862.0
0.0,7884.0,3605.0,3359.0,1096.0,8061.0,8061.0,2362.0,997.0,2802.0,803.0
0.0,5375.0,2668.0,3355.0,5456.0,5257.0,5257.0,2362.0,993.0,1733.0,935.0
0.0,8163.0,2375.0,3325.0,8061.0,0.0,0.0,2330.0,995.0,1255.0,1120.0
0.0,13849.0,3023.0,3300.0,5257.0,0.0,0.0,2299.0,1001.0,1836.0,1187.0
0.0,16083.0,3966.0,3306.0,0.0,1107.0,1107.0,2300.0,1006.0,2901.0,1065.0
0.0,12117.0,4277.0,3338.0,0.0,5512.0,5512.0,2333.0,1005.0,3408.0,869.0
0.0,7840.0,3648.0,3364.0,1107.0,8157.0,8157.0,2366.0,998.0,2845.0,803.0
0.0,5299.0,2708.0,3359.0,5512.0,5333.0,5333.0,2365.0,994.0,1776.0,932.0
0.0,8103.0,2397.0,3328.0,8157.0,0.0,0.0,2333.0,995.0,1267.0,1130.0
0.0,13863.0,3019.0,3303.0,5333.0,0.0,0.0,2301.0,1002.0,1808.0,1211.0
0.0,16177.0,3974.0,3310.0,0.0,1037.0,1037.0,2302.0,1008.0,2886.0,1088.0
0.0,12203.0,4305.0,3341.0,0.0,5466.0,5466.0,2334.0,1007.0,3431.0,874.0
0.0,7898.0,3673.0,3367.0,1037.0,8206.0,8206.0,2367.0,1000.0,2893.0,780.0
0.0,5262.0,2739.0,3361.0,5466.0,5455.0,5455.0,2367.0,994.0,1833.0,906.0
0.0,7989.0,2416.0,3330.0,8206.0,0.0,0.0,2335.0,995.0,1288.0,1128.0
0.0,13779.0,3055.0,3306.0,5455.0,0.0,0.0,2303.0,1003.0,1821.0,1234.0
0.0,16179.0,4031.0,3313.0,0.0,1104.0,1104.0,2304.0,1009.0,2917.0,1114.0
0.0,12148.0,4357.0,3345.0,0.0,5589.0,5589.0,2337.0,1008.0,3470.0,887.0
0.0,7791.0,3698.0,3370.0,1104.0,8283.0,8283.0,2370.0,1000.0,2921.0,777.0
0.0,5197.0,2724.0,3364.0,5589.0,5394.0,5394.0,2370.0,994.0,1825.0,899.0
0.0,8062.0,2416.0,3333.0,8283.0,0.0,0.0,2337.0,996.0,1278.0,1138.0
0.0,13929.0,3063.0,3309.0,5394.0,0.0,0.0,2305.0,1004.0,1816.0,1247.0
0.0,16260.0,4049.0,3316.0,0.0,1053.0,1053.0,2306.0,1010.0,2919.0,1130.0
0.0,12211.0,4370.0,3349.0,0.0,5555.0,5555.0,2340.0,1009.0,3477.0,893.0
0.0,7841.0,3676.0,3374.0,1053.0,8278.0,8278.0,2373.0,1001.0,2905.0,771.0
0.0,5218.0,2679.0,3368.0,5555.0,5378.0,5378.0,2373.0,995.0,1789.0,890.0
0.0,8094.0,2398.0,3338.0,8278.0,0.0,0.0,2341.0,997.0,1261.0,1137.0
0.0,13974.0,3097.0,3314.0,5378.0,0.0,0.0,2309.0,1005.0,1834.0,1263.0
0.0,16255.0,4084.0,3321.0,0.0,1113.0,1113.0,2310.0,1011.0,2945.0,1139.0
0.0,12171.0,4368.0,3355.0,0.0,5617.0,5617.0,2345.0,1010.0,3478.0,890.0
0.0,7803.0,3665.0,3380.0,1113.0,8269.0,8269.0,2378.0,1002.0,2902.0,763.0
0.0,5251.0,2649.0,3373.0,5617.0,5273.0,5273.0,2377.0,996.0,1765.0,884.0
0.0,8219.0,2354.0,3341.0,8269.0,0.0,0.0,2343.0,998.0,1216.0,1138.0
0.0,14134.0,3082.0,3317.0,5273.0,0.0,0.0,2311.0,1006.0,1824.0,1258.0
0.0,16325.0,4110.0,3326.0,0.0,1089.0,1089.0,2314.0,1012.0,2980.0,1130.0
0.0,12215.0,4400.0,3360.0,0.0,5625.0,5625.0,2349.0,1011.0,3513.0,887.0
0.0,7815.0,3659.0,3385.0,1089.0,8295.0,8295.0,2382.0,1003.0,2889.0,770.0
0.0,5245.0,2615.0,3377.0,5625.0,5253.0,5253.0,2379.0,998.0,1724.0,891.0
0.0,8255.0,2326.0,3344.0,8295.0,0.0,0.0,2345.0,999.0,1193.0,1133.0
0.0,14224.0,3076.0,3321.0,5253.0,0.0,0.0,2314.0,1007.0,1824.0,1252.0
0.0,16401.0,4107.0,3329.0,0.0,1022.0,1022.0,2316.0,1013.0,2981.0,1126.0
0.0,12294.0,4390.0,3363.0,0.0,5548.0,5548.0,2351.0,1012.0,3509.0,881.0
0.0,7904.0,3655.0,3387.0,1022.0,8277.0,8277.0,2383.0,1004.0,2896.0,759.0
0.0,5271.0,2643.0,3379.0,5548.0,5340.0,5340.0,2381.0,998.0,1753.0,890.0
0.0,8176.0,2359.0,3349.0,8277.0,0.0,0.0,2349.0,1000.0,1220.0,1139.0
0.0,14094.0,3077.0,3325.0,5340.0,0.0,0.0,2318.0,1007.0,1822.0,1255.0
0.0,16357.0,4086.0,3335.0,0.0,1069.0,1069.0,2321.0,1014.0,2964.0,1122.0
0.0,12271.0,4356.0,3367.0,0.0,5553.0,5553.0,2355.0,1012.0,3479.0,877.0
0.0,7915.0,3616.0,3390.0,1069.0,8192.0,8192.0,2385.0,1005.0,2856.0,760.0
0.0,5368.0,2611.0,3382.0,5553.0,5218.0,5218.0,2383.0,999.0,1718.0,893.0
0.0,8310.0,2338.0,3351.0,8192.0,0.0,0.0,2350.0,1001.0,1202.0,1136.0
0.0,14164.0,3069.0,3328.0,5218.0,0.0,0.0,2320.0,1008.0,1816.0,1253.0
0.0,16313.0,4102.0,3339.0,0.0,1145.0,1145.0,2324.0,1015.0,2970.0,1132.0
0.0,12211.0,4399.0,3372.0,0.0,5676.0,5676.0,2358.0,1014.0,3504.0,895.0
0.0,7812.0,3650.0,3396.0,1145.0,8277.0,8277.0,2389.0,1007.0,2878.0,772.0
0.0,5307.0,2637.0,3389.0,5676.0,5210.0,5210.0,2387.0,1002.0,1737.0,900.0
0.0,8346.0,2347.0,3357.0,8277.0,0.0,0.0,2354.0,1003.0,1195.0,1152.0
0.0,14276.0,3081.0,3335.0,5210.0,0.0,0.0,2324.0,1011.0,1809.0,1272.0
0.0,16405.0,4096.0,3343.0,0.0,1063.0,1063.0,2326.0,1017.0,2965.0,1131.0
0.0,12309.0,4400.0,3376.0,0.0,5595.0,5595.0,2360.0,1016.0,3529.0,871.0
0.0,7909.0,3690.0,3401.0,1063.0,8322.0,8322.0,2392.0,1009.0,2931.0,759.0
0.0,5282.0,2680.0,3394.0,5595.0,5379.0,5379.0,2391.0,1003.0,1776.0,904.0
0.0,8197.0,2374.0,3364.0,8322.0,0.0,0.0,2359.0,1005.0,1216.0,1158.0
0.0,14145.0,3100.0,3340.0,5379.0,0.0,0.0,2328.0,1012.0,1830.0,1270.0
0.0,16424.0,4136.0,3349.0,0.0,1108.0,1108.0,2330.0,1019.0,3005.0,1131.0
0.0,12288.0,4439.0,3381.0,0.0,5675.0,5675.0,2363.0,1018.0,3565.0,874.0
0.0,7849.0,3714.0,3407.0,1108.0,8385.0,8385.0,2396.0,1011.0,2955.0,759.0
0.0,5243.0,2699.0,3400.0,5675.0,5381.0,5381.0,2395.0,1005.0,1792.0,907.0
0.0,8219.0,2413.0,3369.0,8385.0,0.0,0.0,2363.0,1006.0,1237.0,1176.0
0.0,14191.0,3145.0,3346.0,5381.0,0.0,0.0,2332.0,1014.0,1853.0,1292.0
0.0,16427.0,4129.0,3354.0,0.0,1118.0,1118.0,2333.0,1021.0,2998.0,1131.0
0.0,12298.0,4406.0,3386.0,0.0,5652.0,5652.0,2366.0,1020.0,3554.0,852.0
0.0,7892.0,3698.0,3411.0,1118.0,8332.0,8332.0,2399.0,1012.0,2956.0,742.0
0.0,5312.0,2729.0,3404.0,5652.0,5381.0,5381.0,2398.0,1006.0,1807.0,922.0
0.0,8235.0,2440.0,3373.0,8332.0,0.0,0.0,2366.0,1007.0,1240.0,1200.0
0.0,14127.0,3124.0,3349.0,5381.0,0.0,0.0,2334.0,1015.0,1822.0,1302.0
0.0,16384.0,4090.0,3357.0,0.0,1134.0,1134.0,2335.0,1022.0,2965.0,1125.0
0.0,12294.0,4368.0,3390.0,0.0,5634.0,5634.0,2369.0,1021.0,3528.0,840.0
0.0,7926.0,3703.0,3415.0,1134.0,8303.0,8303.0,2402.0,1013.0,2967.0,736.0
0.0,5357.0,2738.0,3409.0,5634.0,5383.0,5383.0,2402.0,1007.0,1825.0,913.0
0.0,8253.0,2437.0,3377.0,8303.0,0.0,0.0,2369.0,1008.0,1235.0,1202.0
0.0,14119.0,3107.0,3352.0,5383.0,0.0,0.0,2336.0,1016.0,1794.0,1313.0
0.0,16395.0,4070.0,3360.0,0.0,1115.0,1115.0,2337.0,1023.0,2939.0,1131.0
0.0,12325.0,4356.0,3393.0,0.0,5603.0,5603.0,2371.0,1022.0,3517.0,839.0
0.0,7969.0,3699.0,3418.0,1115.0,8287.0,8287.0,2404.0,1014.0,2967.0,732.0
0.0,5385.0,2738.0,3412.0,5603.0,5398.0,5398.0,2404.0,1008.0,1825.0,913.0
0.0,8250.0,2438.0,3380.0,8287.0,0.0,0.0,2371.0,1009.0,1236.0,1202.0
0.0,14099.0,3111.0,3355.0,5398.0,0.0,0.0,2338.0,1017.0,1807.0,1304.0
0.0,16386.0,4090.0,3363.0,0.0,1156.0,1156.0,2339.0,1024.0,2956.0,1134.0
0.0,12296.0,4401.0,3397.0,0.0,5693.0,5693.0,2374.0,1023.0,3546.0,855.0
0.0,7895.0,3718.0,3425.0,1156.0,8367.0,8367.0,2409.0,1016.0,2979.0,739.0
0.0,5333.0,2711.0,3417.0,5693.0,5353.0,5353.0,2408.0,1009.0,1808.0,903.0
0.0,8315.0,2379.0,3384.0,8367.0,0.0,0.0,2374.0,1010.0,1203.0,1176.0
0.0,14303.0,3078.0,3359.0,5353.0,0.0,0.0,2341.0,1018.0,1779.0,1299.0
0.0,16578.0,4080.0,3367.0,0.0,970.0,970.0,2342.0,1025.0,2945.0,1135.0
0.0,12498.0,4403.0,3401.0,0.0,5509.0,5509.0,2376.0,1025.0,3547.0,856.0
0.0,8095.0,3735.0,3427.0,970.0,8378.0,8378.0,2410.0,1017.0,2994.0,741.0
0.0,5330.0,2716.0,3420.0,5509.0,5557.0,5557.0,2410.0,1010.0,1820.0,896.0
0.0,8123.0,2379.0,3388.0,8378.0,0.0,0.0,2377.0,1011.0,1203.0,1176.0
0.0,14122.0,3075.0,3363.0,5557.0,0.0,0.0,2344.0,1019.0,1776.0,1299.0
0.0,16604.0,4098.0,3373.0,0.0,986.0,986.0,2346.0,1027.0,2950.0,1148.0
0.0,12506.0,4425.0,3407.0,0.0,5547.0,5547.0,2381.0,1026.0,3554.0,871.0
0.0,8081.0,3731.0,3434.0,986.0,8400.0,8400.0,2415.0,1019.0,2982.0,749.0
0.0,5336.0,2705.0,3427.0,5547.0,5530.0,5530.0,2415.0,1012.0,1796.0,909.0
0.0,8178.0,2380.0,3394.0,8400.0,0.0,0.0,2381.0,1013.0,1198.0,1182.0
0.0,14198.0,3075.0,3369.0,5530.0,0.0,0.0,2348.0,1021.0,1781.0,1294.0
0.0,16653.0,4069.0,3377.0,0.0,924.0,924.0,2349.0,1028.0,2931.0,1138.0
0.0,12584.0,4399.0,3410.0,0.0,5455.0,5455.0,2383.0,1027.0,3526.0,873.0
0.0,8185.0,3735.0,3437.0,924.0,8374.0,8374.0,2417.0,1020.0,2976.0,759.0
0.0,5374.0,2722.0,3430.0,5455.0,5613.0,5613.0,2417.0,1013.0,1812.0,910.0
0.0,8107.0,2395.0,3398.0,8374.0,0.0,0.0,2384.0,1014.0,1227.0,1168.0
0.0,14086.0,3086.0,3373.0,5613.0,0.0,0.0,2351.0,1022.0,1799.0,1287.0
0.0,16613.0,4105.0,3380.0,0.0,1012.0,1012.0,2351.0,1029.0,2958.0,1147.0
0.0,12508.0,4415.0,3414.0,0.0,5563.0,5563.0,2385.0,1029.0,3533.0,882.0
0.0,8093.0,3738.0,3440.0,1012.0,8393.0,8393.0,2419.0,1021.0,2975.0,763.0
0.0,5367.0,2742.0,3433.0,5563.0,5544.0,5544.0,2419.0,1014.0,1841.0,901.0
0.0,8188.0,2439.0,3401.0,8393.0,0.0,0.0,2386.0,1015.0,1279.0,1160.0
0.0,14142.0,3142.0,3376.0,5544.0,0.0,0.0,2353.0,1023.0,1851.0,1291.0
0.0,16544.0,4142.0,3383.0,0.0,1130.0,1130.0,2353.0,1030.0,2984.0,1158.0
0.0,12402.0,4452.0,3417.0,0.0,5718.0,5718.0,2387.0,1030.0,3548.0,904.0
0.0,7950.0,3750.0,3443.0,1130.0,8442.0,8442.0,2421.0,1022.0,2976.0,774.0
0.0,5330.0,2757.0,3436.0,5718.0,5453.0,5453.0,2421.0,1015.0,1855.0,902.0
0.0,8291.0,2454.0,3404.0,8442.0,0.0,0.0,2388.0,1016.0,1291.0,1163.0
0.0,14279.0,3150.0,3379.0,5453.0,0.0,0.0,2355.0,1024.0,1854.0,1296.0
0.0,16582.0,4150.0,3388.0,0.0,1120.0,1120.0,2356.0,1032.0,2981.0,1169.0
0.0,12432.0,4456.0,3421.0,0.0,5708.0,5708.0,2389.0,1032.0,3551.0,905.0
0.0,7976.0,3765.0,3447.0,1120.0,8457.0,8457.0,2423.0,1024.0,2992.0,773.0
0.0,5331.0,2779.0,3440.0,5708.0,5500.0,5500.0,2424.0,1016.0,1875.0,904.0
0.0,8260.0,2455.0,3409.0,8457.0,0.0,0.0,2392.0,1017.0,1296.0,1159.0
0.0,14262.0,3114.0,3384.0,5500.0,0.0,0.0,2359.0,1025.0,1830.0,1284.0
0.0,16648.0,4100.0,3392.0,0.0,1020.0,1020.0,2358.0,1034.0,2939.0,1161.0
0.0,12548.0,4412.0,3424.0,0.0,5560.0,5560.0,2391.0,1033.0,3501.0,911.0
0.0,8136.0,3754.0,3449.0,1020.0,8394.0,8394.0,2424.0,1025.0,2982.0,772.0
0.0,5402.0,2779.0,3443.0,5560.0,5589.0,5589.0,2426.0,1017.0,1894.0,885.0
0.0,8183.0,2471.0,3412.0,8394.0,0.0,0.0,2395.0,1017.0,1324.0,1147.0
0.0,14106.0,3134.0,3389.0,5589.0,0.0,0.0,2363.0,1026.0,1839.0,1295.0
0.0,16561.0,4098.0,3396.0,0.0,1121.0,1121.0,2362.0,1034.0,2929.0,1169.0
0.0,12463.0,4386.0,3428.0,0.0,5635.0,5635.0,2394.0,1034.0,3491.0,895.0
0.0,8077.0,3728.0,3453.0,1121.0,8342.0,8342.0,2428.0,1025.0,2976.0,752.0
0.0,5470.0,2763.0,3446.0,5635.0,5442.0,5442.0,2429.0,1017.0,1883.0,880.0
0.0,8342.0,2473.0,3416.0,8342.0,0.0,0.0,2398.0,1018.0,1321.0,1152.0
0.0,14211.0,3142.0,3391.0,5442.0,0.0,0.0,2365.0,1026.0,1841.0,1301.0
0.0,16511.0,4110.0,3399.0,0.0,1195.0,1195.0,2364.0,1035.0,2934.0,1176.0
0.0,12401.0,4411.0,3432.0,0.0,5738.0,5738.0,2397.0,1035.0,3505.0,906.0
0.0,7990.0,3740.0,3458.0,1195.0,8387.0,8387.0,2431.0,1027.0,2985.0,755.0
0.0,5445.0,2758.0,3451.0,5738.0,5379.0,5379.0,2433.0,1018.0,1888.0,870.0
0.0,8425.0,2448.0,3420.0,8387.0,0.0,0.0,2401.0,1019.0,1300.0,1148.0
0.0,14364.0,3123.0,3395.0,5379.0,0.0,0.0,2368.0,1027.0,1817.0,1306.0
0.0,16620.0,4097.0,3403.0,0.0,1089.0,1089.0,2367.0,1036.0,2918.0,1179.0
0.0,12523.0,4404.0,3435.0,0.0,5621.0,5621.0,2399.0,1036.0,3502.0,902.0
0.0,8119.0,3723.0,3461.0,1089.0,8359.0,8359.0,2433.0,1028.0,2970.0,753.0
0.0,5485.0,2740.0,3455.0,5621.0,5454.0,5454.0,2435.0,1020.0,1860.0,880.0
0.0,8366.0,2417.0,3422.0,8359.0,0.0,0.0,2402.0,1020.0,1265.0,1152.0
0.0,14308.0,3093.0,3396.0,5454.0,0.0,0.0,2368.0,1028.0,1794.0,1299.0
0.0,16669.0,4089.0,3403.0,0.0,1032.0,1032.0,2367.0,1036.0,2916.0,1173.0
0.0,12580.0,4435.0,3437.0,0.0,5603.0,5603.0,2401.0,1036.0,3533.0,902.0
0.0,8145.0,3794.0,3464.0,1032.0,8473.0,8473.0,2436.0,1028.0,3030.0,764.0
0.0,5383.0,2800.0,3458.0,5603.0,5646.0,5646.0,2438.0,1020.0,1898.0,902.0
0.0,8186.0,2445.0,3427.0,8473.0,0.0,0.0,2406.0,1021.0,1273.0,1172.0
0.0,14214.0,3069.0,3401.0,5646.0,0.0,0.0,2372.0,1029.0,1773.0,1296.0
0.0,16791.0,4050.0,3408.0,0.0,891.0,891.0,2371.0,1037.0,2884.0,1166.0
0.0,12741.0,4415.0,3440.0,0.0,5434.0,5434.0,2403.0,1037.0,3508.0,907.0
0.0,8326.0,3810.0,3467.0,891.0,8461.0,8461.0,2438.0,1029.0,3027.0,783.0
0.0,5407.0,2831.0,3462.0,5434.0,5838.0,5838.0,2440.0,1022.0,1919.0,912.0
0.0,8010.0,2482.0,3432.0,8461.0,0.0,0.0,2409.0,1023.0,1318.0,1164.0
0.0,13989.0,3104.0,3406.0,5838.0,0.0,0.0,2376.0,1030.0,1813.0,1291.0
0.0,16723.0,4093.0,3412.0,0.0,1018.0,1018.0,2374.0,1038.0,2917.0,1176.0
0.0,12630.0,4440.0,3446.0,0.0,5594.0,5594.0,2407.0,1039.0,3516.0,924.0
0.0,8190.0,3848.0,3473.0,1018.0,8532.0,8532.0,2441.0,1032.0,3047.0,801.0
0.0,5360.0,2886.0,3468.0,5594.0,5804.0,5804.0,2443.0,1025.0,1973.0,913.0
0.0,8068.0,2522.0,3437.0,8532.0,0.0,0.0,2412.0,1025.0,1367.0,1155.0
0.0,14078.0,3129.0,3411.0,5804.0,0.0,0.0,2379.0,1032.0,1840.0,1289.0
0.0,16753.0,4097.0,3418.0,0.0,1016.0,1016.0,2378.0,1040.0,2919.0,1178.0
0.0,12656.0,4459.0,3450.0,0.0,5603.0,5603.0,2410.0,1040.0,3531.0,928.0
0.0,8197.0,3856.0,3477.0,1016.0,8551.0,8551.0,2444.0,1033.0,3065.0,791.0
0.0,5357.0,2886.0,3473.0,5603.0,5818.0,5818.0,2447.0,1026.0,1976.0,910.0
0.0,8074.0,2512.0,3441.0,8551.0,0.0,0.0,2415.0,1026.0,1349.0,1163.0
0.0,14113.0,3102.0,3415.0,5818.0,0.0,0.0,2382.0,1033.0,1801.0,1301.0
0.0,16829.0,4085.0,3421.0,0.0,940.0,940.0,2380.0,1041.0,2891.0,1194.0
0.0,12744.0,4483.0,3454.0,0.0,5555.0,5555.0,2412.0,1042.0,3544.0,939.0
0.0,8261.0,3869.0,3481.0,940.0,8592.0,8592.0,2446.0,1035.0,3073.0,796.0
0.0,5332.0,2868.0,3477.0,5555.0,5889.0,5889.0,2449.0,1028.0,1970.0,898.0
0.0,8019.0,2477.0,3445.0,8592.0,0.0,0.0,2418.0,1027.0,1334.0,1143.0
0.0,14134.0,3088.0,3420.0,5889.0,0.0,0.0,2385.0,1035.0,1796.0,1292.0
0.0,16935.0,4086.0,3426.0,0.0,855.0,855.0,2383.0,1043.0,2881.0,1205.0
0.0,12849.0,4459.0,3458.0,0.0,5442.0,5442.0,2414.0,1044.0,3507.0,952.0
0.0,8390.0,3832.0,3484.0,855.0,8523.0,8523.0,2447.0,1037.0,3050.0,782.0
0.0,5413.0,2857.0,3479.0,5442.0,5918.0,5918.0,2450.0,1029.0,1982.0,875.0
0.0,7998.0,2505.0,3449.0,8523.0,0.0,0.0,2420.0,1029.0,1365.0,1140.0
0.0,14016.0,3117.0,3424.0,5918.0,0.0,0.0,2388.0,1036.0,1812.0,1305.0
0.0,16817.0,4076.0,3431.0,0.0,983.0,983.0,2386.0,1045.0,2879.0,1197.0
0.0,12741.0,4424.0,3463.0,0.0,5535.0,5535.0,2417.0,1046.0,3490.0,934.0
0.0,8317.0,3814.0,3489.0,983.0,8470.0,8470.0,2450.0,1039.0,3042.0,772.0
0.0,5486.0,2877.0,3484.0,5535.0,5792.0,5792.0,2453.0,1031.0,1994.0,883.0
0.0,8144.0,2519.0,3453.0,8470.0,0.0,0.0,2423.0,1030.0,1376.0,1143.0
0.0,14095.0,3105.0,3428.0,5792.0,0.0,0.0,2390.0,1038.0,1807.0,1298.0
0.0,16782.0,4044.0,3433.0,0.0,994.0,994.0,2387.0,1046.0,2848.0,1196.0
0.0,12738.0,4401.0,3465.0,0.0,5523.0,5523.0,2418.0,1047.0,3472.0,929.0
0.0,8337.0,3828.0,3492.0,994.0,8465.0,8465.0,2452.0,1040.0,3063.0,765.0
0.0,5503.0,2889.0,3488.0,5523.0,5815.0,5815.0,2456.0,1032.0,2013.0,876.0
0.0,8137.0,2538.0,3457.0,8465.0,0.0,0.0,2426.0,1031.0,1396.0,1142.0
0.0,14064.0,3113.0,3432.0,5815.0,0.0,0.0,2394.0,1038.0,1813.0,1300.0
0.0,16766.0,4030.0,3438.0,0.0,1016.0,1016.0,2391.0,1047.0,2840.0,1190.0
0.0,12736.0,4390.0,3470.0,0.0,5534.0,5534.0,2422.0,1048.0,3458.0,932.0
0.0,8346.0,3833.0,3497.0,1016.0,8459.0,8459.0,2456.0,1041.0,3052.0,781.0
0.0,5529.0,2896.0,3494.0,5534.0,5809.0,5809.0,2461.0,1033.0,2020.0,876.0
0.0,8167.0,2511.0,3463.0,8459.0,0.0,0.0,2431.0,1032.0,1376.0,1135.0
0.0,14115.0,3065.0,3437.0,5809.0,0.0,0.0,2397.0,1040.0,1766.0,1299.0
0.0,16859.0,3999.0,3441.0,0.0,904.0,904.0,2393.0,1048.0,2806.0,1193.0
0.0,12860.0,4381.0,3471.0,0.0,5405.0,5405.0,2423.0,1048.0,3452.0,929.0
0.0,8479.0,3863.0,3499.0,904.0,8476.0,8476.0,2458.0,1041.0,3082.0,781.0
0.0,5520.0,2938.0,3496.0,5405.0,5997.0,5997.0,2463.0,1033.0,2033.0,905.0
0.0,7987.0,2552.0,3467.0,8476.0,0.0,0.0,2434.0,1033.0,1378.0,1174.0
0.0,13911.0,3073.0,3441.0,5997.0,0.0,0.0,2400.0,1041.0,1757.0,1316.0
0.0,16835.0,3992.0,3445.0,0.0,937.0,937.0,2396.0,1049.0,2797.0,1195.0
0.0,12843.0,4412.0,3475.0,0.0,5469.0,5469.0,2426.0,1049.0,3485.0,927.0
0.0,8431.0,3903.0,3502.0,937.0,8543.0,8543.0,2460.0,1042.0,3122.0,781.0
0.0,5465.0,2984.0,3501.0,5469.0,6054.0,6054.0,2466.0,1035.0,2085.0,899.0
0.0,7950.0,2586.0,3471.0,8543.0,0.0,0.0,2437.0,1034.0,1419.0,1167.0
0.0,13907.0,3099.0,3445.0,6054.0,0.0,0.0,2403.0,1042.0,1778.0,1321.0
0.0,16862.0,4043.0,3449.0,0.0,977.0,977.0,2399.0,1050.0,2825.0,1218.0
0.0,12819.0,4465.0,3480.0,0.0,5566.0,5566.0,2429.0,1051.0,3511.0,954.0
0.0,8354.0,3948.0,3507.0,977.0,8645.0,8645.0,2463.0,1044.0,3155.0,793.0
0.0,5383.0,3001.0,3504.0,5566.0,6068.0,6068.0,2468.0,1036.0,2108.0,893.0
0.0,7948.0,2576.0,3475.0,8645.0,0.0,0.0,2439.0,1036.0,1418.0,1158.0
0.0,14017.0,3113.0,3449.0,6068.0,0.0,0.0,2406.0,1043.0,1792.0,1321.0
0.0,16972.0,4067.0,3454.0,0.0,911.0,911.0,2402.0,1052.0,2841.0,1226.0
0.0,12905.0,4474.0,3484.0,0.0,5505.0,5505.0,2431.0,1053.0,3518.0,956.0
0.0,8431.0,3920.0,3511.0,911.0,8622.0,8622.0,2465.0,1046.0,3131.0,789.0
0.0,5422.0,2984.0,3509.0,5505.0,6093.0,6093.0,2471.0,1038.0,2092.0,892.0
0.0,7943.0,2582.0,3480.0,8622.0,0.0,0.0,2443.0,1037.0,1421.0,1161.0
0.0,13983.0,3127.0,3453.0,6093.0,0.0,0.0,2409.0,1044.0,1803.0,1324.0
0.0,16949.0,4070.0,3458.0,0.0,953.0,953.0,2405.0,1053.0,2851.0,1219.0
0.0,12879.0,4468.0,3489.0,0.0,5545.0,5545.0,2435.0,1054.0,3516.0,952.0
0.0,8411.0,3918.0,3516.0,953.0,8618.0,8618.0,2469.0,1047.0,3132.0,786.0
0.0,5446.0,2947.0,3513.0,5545.0,6008.0,6008.0,2474.0,1039.0,2060.0,887.0
0.0,8044.0,2556.0,3484.0,8618.0,0.0,0.0,2446.0,1038.0,1407.0,1149.0
0.0,14106.0,3130.0,3459.0,6008.0,0.0,0.0,2414.0,1045.0,1814.0,1316.0
0.0,16984.0,4085.0,3463.0,0.0,953.0,953.0,2410.0,1053.0,2859.0,1226.0
0.0,12899.0,4456.0,3494.0,0.0,5533.0,5533.0,2439.0,1055.0,3498.0,958.0
0.0,8443.0,3865.0,3520.0,953.0,8549.0,8549.0,2472.0,1048.0,3084.0,781.0
0.0,5531.0,2926.0,3517.0,5533.0,5930.0,5930.0,2477.0,1040.0,2057.0,869.0
0.0,8138.0,2557.0,3487.0,8549.0,0.0,0.0,2449.0,1038.0,1423.0,1134.0
0.0,14130.0,3131.0,3463.0,5930.0,0.0,0.0,2417.0,1046.0,1825.0,1306.0
0.0,16929.0,4083.0,3467.0,0.0,1022.0,1022.0,2413.0,1054.0,2864.0,1219.0
0.0,12846.0,4461.0,3498.0,0.0,5607.0,5607.0,2442.0,1056.0,3502.0,959.0
0.0,8385.0,3886.0,3524.0,1022.0,8575.0,8575.0,2475.0,1049.0,3097.0,789.0
0.0,5521.0,2923.0,3521.0,5607.0,5879.0,5879.0,2480.0,1041.0,2051.0,872.0
0.0,8205.0,2537.0,3492.0,8575.0,0.0,0.0,2453.0,1039.0,1416.0,1121.0
0.0,14243.0,3122.0,3467.0,5879.0,0.0,0.0,2421.0,1046.0,1829.0,1293.0
0.0,17000.0,4082.0,3472.0,0.0,970.0,970.0,2417.0,1055.0,2866.0,1216.0
0.0,12918.0,4453.0,3503.0,0.0,5547.0,5547.0,2446.0,1057.0,3490.0,963.0
0.0,8465.0,3865.0,3528.0,970.0,8542.0,8542.0,2478.0,1050.0,3069.0,796.0
0.0,5570.0,2908.0,3524.0,5547.0,5887.0,5887.0,2482.0,1042.0,2035.0,873.0
0.0,8209.0,2553.0,3495.0,8542.0,0.0,0.0,2455.0,1040.0,1428.0,1125.0
0.0,14198.0,3139.0,3472.0,5887.0,0.0,0.0,2424.0,1048.0,1840.0,1299.0
0.0,16946.0,4060.0,3476.0,0.0,1018.0,1018.0,2420.0,1056.0,2851.0,1209.0
0.0,12886.0,4406.0,3504.0,0.0,5536.0,5536.0,2447.0,1057.0,3452.0,954.0
0.0,8480.0,3832.0,3530.0,1018.0,8454.0,8454.0,2479.0,1051.0,3034.0,798.0
0.0,5666.0,2905.0,3527.0,5536.0,5811.0,5811.0,2484.0,1043.0,2019.0,886.0
0.0,8297.0,2577.0,3500.0,8454.0,0.0,0.0,2458.0,1042.0,1440.0,1137.0
0.0,14174.0,3183.0,3477.0,5811.0,0.0,0.0,2428.0,1049.0,1880.0,1303.0
0.0,16802.0,4074.0,3480.0,0.0,1192.0,1192.0,2423.0,1057.0,2860.0,1214.0
0.0,12728.0,4390.0,3508.0,0.0,5694.0,5694.0,2450.0,1058.0,3427.0,963.0
0.0,8338.0,3816.0,3533.0,1192.0,8418.0,8418.0,2482.0,1051.0,3016.0,800.0
0.0,5714.0,2918.0,3530.0,5694.0,5630.0,5630.0,2487.0,1043.0,2022.0,896.0
0.0,8490.0,2618.0,3503.0,8418.0,0.0,0.0,2461.0,1042.0,1467.0,1151.0
0.0,14290.0,3217.0,3481.0,5630.0,0.0,0.0,2431.0,1050.0,1906.0,1311.0
0.0,16703.0,4122.0,3485.0,0.0,1359.0,1359.0,2427.0,1058.0,2905.0,1217.0
0.0,12581.0,4420.0,3512.0,0.0,5887.0,5887.0,2453.0,1059.0,3455.0,965.0
0.0,8161.0,3820.0,3536.0,1359.0,8444.0,8444.0,2484.0,1052.0,3015.0,805.0
0.0,5700.0,2954.0,3533.0,5887.0,5499.0,5499.0,2489.0,1044.0,2044.0,910.0
0.0,8633.0,2667.0,3507.0,8444.0,0.0,0.0,2463.0,1044.0,1495.0,1172.0
0.0,14410.0,3281.0,3484.0,5499.0,0.0,0.0,2433.0,1051.0,1951.0,1330.0
0.0,16628.0,4169.0,3488.0,0.0,1493.0,1493.0,2429.0,1059.0,2945.0,1224.0
0.0,12459.0,4444.0,3516.0,0.0,6049.0,6049.0,2456.0,1060.0,3482.0,962.0
0.0,8015.0,3851.0,3541.0,1493.0,8507.0,8507.0,2487.0,1054.0,3039.0,812.0
0.0,5657.0,2983.0,3538.0,6049.0,5429.0,5429.0,2492.0,1046.0,2066.0,917.0
0.0,8723.0,2698.0,3512.0,8507.0,0.0,0.0,2467.0,1045.0,1519.0,1179.0
0.0,14532.0,3283.0,3488.0,5429.0,0.0,0.0,2436.0,1052.0,1943.0,1340.0
0.0,16678.0,4167.0,3494.0,0.0,1465.0,1465.0,2433.0,1061.0,2929.0,1238.0
0.0,12511.0,4479.0,3523.0,0.0,6060.0,6060.0,2460.0,1063.0,3508.0,971.0
0.0,8032.0,3882.0,3548.0,1465.0,8577.0,8577.0,2492.0,1056.0,3074.0,808.0
0.0,5615.0,2956.0,3544.0,6060.0,5457.0,5457.0,2496.0,1048.0,2055.0,901.0
0.0,8719.0,2614.0,3517.0,8577.0,0.0,0.0,2470.0,1047.0,1457.0,1157.0
0.0,14682.0,3225.0,3492.0,5457.0,0.0,0.0,2438.0,1054.0,1897.0,1328.0
0.0,16914.0,4147.0,3496.0,0.0,1217.0,1217.0,2434.0,1062.0,2911.0,1236.0
0.0,12767.0,4476.0,3526.0,0.0,5813.0,5813.0,2462.0,1064.0,3503.0,973.0
0.0,8291.0,3877.0,3551.0,1217.0,8573.0,8573.0,2494.0,1057.0,3077.0,800.0
0.0,5631.0,2955.0,3548.0,5813.0,5703.0,5703.0,2499.0,1049.0,2058.0,897.0
0.0,8489.0,2613.0,3520.0,8573.0,0.0,0.0,2472.0,1048.0,1455.0,1158.0
0.0,14449.0,3224.0,3496.0,5703.0,0.0,0.0,2441.0,1055.0,1896.0,1328.0
0.0,16928.0,4157.0,3502.0,0.0,1237.0,1237.0,2438.0,1064.0,2921.0,1236.0
0.0,12771.0,4485.0,3532.0,0.0,5842.0,5842.0,2466.0,1066.0,3515.0,970.0
0.0,8286.0,3879.0,3557.0,1237.0,8584.0,8584.0,2498.0,1059.0,3079.0,800.0
0.0,5644.0,2942.0,3553.0,5842.0,5668.0,5668.0,2502.0,1051.0,2054.0,888.0
0.0,8544.0,2599.0,3525.0,8584.0,0.0,0.0,2475.0,1050.0,1451.0,1148.0
0.0,14529.0,3194.0,3501.0,5668.0,0.0,0.0,2444.0,1057.0,1880.0,1314.0
0.0,17003.0,4139.0,3505.0,0.0,1156.0,1156.0,2440.0,1065.0,2908.0,1231.0
0.0,12864.0,4480.0,3535.0,0.0,5756.0,5756.0,2468.0,1067.0,3507.0,973.0
0.0,8384.0,3857.0,3561.0,1156.0,8561.0,8561.0,2500.0,1061.0,3064.0,793.0
0.0,5683.0,2914.0,3557.0,5756.0,5703.0,5703.0,2504.0,1053.0,2034.0,880.0
0.0,8525.0,2613.0,3529.0,8561.0,0.0,0.0,2477.0,1052.0,1470.0,1143.0
0.0,14473.0,3249.0,3505.0,5703.0,0.0,0.0,2447.0,1058.0,1931.0,1318.0
0.0,16927.0,4156.0,3511.0,0.0,1273.0,1273.0,2444.0,1067.0,2932.0,1224.0
0.0,12771.0,4449.0,3540.0,0.0,5838.0,5838.0,2472.0,1068.0,3493.0,956.0
0.0,8322.0,3817.0,3565.0,1273.0,8482.0,8482.0,2503.0,1062.0,3034.0,783.0
0.0,5778.0,2883.0,3560.0,5838.0,5507.0,5507.0,2506.0,1054.0,2004.0,879.0
0.0,8733.0,2583.0,3531.0,8482.0,0.0,0.0,2479.0,1052.0,1432.0,1151.0
0.0,14632.0,3223.0,3509.0,5507.0,0.0,0.0,2449.0,1060.0,1896.0,1327.0
0.0,16916.0,4169.0,3515.0,0.0,1313.0,1313.0,2447.0,1068.0,2939.0,1230.0
0.0,12747.0,4466.0,3545.0,0.0,5899.0,5899.0,2476.0,1069.0,3511.0,955.0
0.0,8281.0,3813.0,3569.0,1313.0,8495.0,8495.0,2507.0,1062.0,3035.0,778.0
0.0,5781.0,2875.0,3563.0,5899.0,5447.0,5447.0,2509.0,1054.0,1991.0,884.0
0.0,8805.0,2582.0,3534.0,8495.0,0.0,0.0,2481.0,1053.0,1425.0,1157.0
0.0,14718.0,3229.0,3512.0,5447.0,0.0,0.0,2452.0,1060.0,1889.0,1340.0
0.0,16936.0,4175.0,3519.0,0.0,1315.0,1315.0,2450.0,1069.0,2936.0,1239.0
0.0,12761.0,4490.0,3549.0,0.0,5925.0,5925.0,2479.0,1070.0,3524.0,966.0
0.0,8271.0,3844.0,3573.0,1315.0,8550.0,8550.0,2510.0,1063.0,3061.0,783.0
0.0,5742.0,2908.0,3567.0,5925.0,5509.0,5509.0,2512.0,1055.0,2023.0,885.0
0.0,8759.0,2625.0,3538.0,8550.0,0.0,0.0,2484.0,1054.0,1455.0,1170.0
0.0,14684.0,3274.0,3516.0,5509.0,0.0,0.0,2454.0,1062.0,1915.0,1359.0
0.0,16919.0,4234.0,3524.0,0.0,1411.0,1411.0,2454.0,1070.0,2973.0,1261.0
0.0,12685.0,4528.0,3555.0,0.0,6063.0,6063.0,2483.0,1072.0,3552.0,976.0
0.0,8157.0,3872.0,3577.0,1411.0,8612.0,8612.0,2513.0,1064.0,3088.0,784.0
0.0,5696.0,2928.0,3571.0,6063.0,5453.0,5453.0,2515.0,1056.0,2041.0,887.0
0.0,8831.0,2631.0,3541.0,8612.0,0.0,0.0,2486.0,1055.0,1459.0,1172.0
0.0,14812.0,3308.0,3520.0,5453.0,0.0,0.0,2457.0,1063.0,1934.0,1374.0
0.0,16957.0,4280.0,3528.0,0.0,1435.0,1435.0,2456.0,1072.0,3001.0,1279.0
0.0,12677.0,4571.0,3558.0,0.0,6126.0,6126.0,2485.0,1073.0,3588.0,983.0
0.0,8106.0,3902.0,3581.0,1435.0,8685.0,8685.0,2516.0,1065.0,3123.0,779.0
0.0,5639.0,2930.0,3574.0,6126.0,5461.0,5461.0,2518.0,1056.0,2054.0,876.0
0.0,8835.0,2623.0,3545.0,8685.0,0.0,0.0,2490.0,1055.0,1450.0,1173.0
0.0,14897.0,3263.0,3521.0,5461.0,0.0,0.0,2458.0,1063.0,1883.0,1380.0
0.0,17095.0,4252.0,3528.0,0.0,1269.0,1269.0,2456.0,1072.0,2958.0,1294.0
0.0,12843.0,4580.0,3560.0,0.0,5977.0,5977.0,2486.0,1074.0,3583.0,997.0
0.0,8263.0,3921.0,3585.0,1269.0,8729.0,8729.0,2518.0,1067.0,3132.0,789.0
0.0,5611.0,2932.0,3579.0,5977.0,5660.0,5660.0,2521.0,1058.0,2054.0,878.0
0.0,8656.0,2608.0,3549.0,8729.0,0.0,0.0,2492.0,1057.0,1436.0,1172.0
0.0,14777.0,3259.0,3526.0,5660.0,0.0,0.0,2461.0,1065.0,1884.0,1375.0
0.0,17178.0,4230.0,3533.0,0.0,1184.0,1184.0,2459.0,1074.0,2947.0,1283.0
0.0,12948.0,4557.0,3564.0,0.0,5865.0,5865.0,2488.0,1076.0,3564.0,993.0
0.0,8391.0,3915.0,3589.0,1184.0,8696.0,8696.0,2520.0,1069.0,3122.0,793.0
0.0,5660.0,2941.0,3583.0,5865.0,5748.0,5748.0,2523.0,1060.0,2056.0,885.0
0.0,8584.0,2587.0,3553.0,8696.0,0.0,0.0,2494.0,1059.0,1426.0,1161.0
0.0,14693.0,3213.0,3528.0,5748.0,0.0,0.0,2462.0,1066.0,1862.0,1351.0
0.0,17228.0,4213.0,3535.0,0.0,1125.0,1125.0,2460.0,1075.0,2951.0,1262.0
0.0,13015.0,4580.0,3567.0,0.0,5833.0,5833.0,2490.0,1077.0,3596.0,984.0
0.0,8435.0,3946.0,3592.0,1125.0,8754.0,8754.0,2522.0,1070.0,3150.0,796.0
0.0,5614.0,2930.0,3588.0,5833.0,5835.0,5835.0,2526.0,1062.0,2050.0,880.0
0.0,8517.0,2574.0,3557.0,8754.0,0.0,0.0,2497.0,1060.0,1421.0,1153.0
0.0,14697.0,3208.0,3533.0,5835.0,0.0,0.0,2465.0,1068.0,1867.0,1341.0
0.0,17324.0,4222.0,3540.0,0.0,1058.0,1058.0,2463.0,1077.0,2960.0,1262.0
0.0,13102.0,4579.0,3572.0,0.0,5765.0,5765.0,2493.0,1079.0,3586.0,993.0
0.0,8523.0,3948.0,3597.0,1058.0,8755.0,8755.0,2525.0,1072.0,3141.0,807.0
0.0,5633.0,2938.0,3592.0,5765.0,5908.0,5908.0,2528.0,1064.0,2060.0,878.0
0.0,8460.0,2552.0,3560.0,8755.0,0.0,0.0,2498.0,1062.0,1407.0,1145.0
0.0,14663.0,3171.0,3536.0,5908.0,0.0,0.0,2467.0,1069.0,1843.0,1328.0
0.0,17400.0,4163.0,3543.0,0.0,935.0,935.0,2465.0,1078.0,2922.0,1241.0
0.0,13237.0,4544.0,3575.0,0.0,5607.0,5607.0,2495.0,1080.0,3568.0,976.0
0.0,8693.0,3934.0,3600.0,935.0,8706.0,8706.0,2527.0,1073.0,3129.0,805.0
0.0,5694.0,2943.0,3595.0,5607.0,6022.0,6022.0,2530.0,1065.0,2052.0,891.0
0.0,8358.0,2563.0,3564.0,8706.0,0.0,0.0,2501.0,1063.0,1418.0,1145.0
0.0,14501.0,3172.0,3539.0,6022.0,0.0,0.0,2469.0,1070.0,1851.0,1321.0
0.0,17351.0,4162.0,3546.0,0.0,995.0,995.0,2467.0,1079.0,2916.0,1246.0
0.0,13189.0,4536.0,3578.0,0.0,5659.0,5659.0,2497.0,1081.0,3555.0,981.0
0.0,8653.0,3924.0,3604.0,995.0,8692.0,8692.0,2529.0,1075.0,3115.0,809.0
0.0,5724.0,2951.0,3599.0,5659.0,5964.0,5964.0,2533.0,1066.0,2052.0,899.0
0.0,8432.0,2594.0,3569.0,8692.0,0.0,0.0,2504.0,1065.0,1433.0,1161.0
0.0,14530.0,3212.0,3544.0,5964.0,0.0,0.0,2472.0,1072.0,1878.0,1334.0
0.0,17282.0,4170.0,3550.0,0.0,1088.0,1088.0,2469.0,1081.0,2920.0,1250.0
0.0,13112.0,4532.0,3581.0,0.0,5744.0,5744.0,2498.0,1083.0,3541.0,991.0
0.0,8580.0,3946.0,3607.0,1088.0,8706.0,8706.0,2531.0,1076.0,3127.0,819.0
0.0,5722.0,3018.0,3601.0,5744.0,5956.0,5956.0,2534.0,1067.0,2111.0,907.0
0.0,8448.0,2658.0,3572.0,8706.0,0.0,0.0,2506.0,1066.0,1488.0,1170.0
0.0,14496.0,3230.0,3547.0,5956.0,0.0,0.0,2474.0,1073.0,1889.0,1341.0
0.0,17222.0,4178.0,3553.0,0.0,1168.0,1168.0,2471.0,1082.0,2924.0,1254.0
0.0,13044.0,4550.0,3584.0,0.0,5842.0,5842.0,2500.0,1084.0,3561.0,989.0
0.0,8494.0,3985.0,3610.0,1168.0,8763.0,8763.0,2533.0,1077.0,3170.0,815.0
0.0,5677.0,3051.0,3605.0,5842.0,5952.0,5952.0,2537.0,1068.0,2141.0,910.0
0.0,8468.0,2694.0,3574.0,8763.0,0.0,0.0,2508.0,1066.0,1516.0,1178.0
0.0,14537.0,3261.0,3549.0,5952.0,0.0,0.0,2476.0,1073.0,1904.0,1357.0
0.0,17228.0,4193.0,3554.0,0.0,1181.0,1181.0,2472.0,1082.0,2928.0,1265.0
0.0,13035.0,4586.0,3586.0,0.0,5895.0,5895.0,2501.0,1085.0,3578.0,1008.0
0.0,8449.0,4021.0,3613.0,1181.0,8843.0,8843.0,2535.0,1078.0,3186.0,835.0
0.0,5609.0,3063.0,3610.0,5895.0,5999.0,5999.0,2540.0,1070.0,2146.0,917.0
0.0,8441.0,2689.0,3579.0,8843.0,0.0,0.0,2512.0,1067.0,1515.0,1174.0
0.0,14595.0,3245.0,3554.0,5999.0,0.0,0.0,2480.0,1074.0,1898.0,1347.0
0.0,17349.0,4182.0,3558.0,0.0,1065.0,1065.0,2475.0,1083.0,2908.0,1274.0
0.0,13167.0,4557.0,3590.0,0.0,5750.0,5750.0,2504.0,1086.0,3532.0,1025.0
0.0,8610.0,3992.0,3617.0,1065.0,8785.0,8785.0,2537.0,1080.0,3146.0,846.0
0.0,5683.0,3055.0,3613.0,5750.0,6074.0,6074.0,2542.0,1071.0,2141.0,914.0
0.0,8378.0,2680.0,3583.0,8785.0,0.0,0.0,2514.0,1069.0,1520.0,1160.0
0.0,14483.0,3265.0,3558.0,6074.0,0.0,0.0,2483.0,1075.0,1932.0,1333.0
0.0,17292.0,4188.0,3563.0,0.0,1148.0,1148.0,2479.0,1084.0,2928.0,1260.0
0.0,13104.0,4536.0,3594.0,0.0,5808.0,5808.0,2507.0,1087.0,3512.0,1024.0
0.0,8568.0,3960.0,3621.0,1148.0,8728.0,8728.0,2540.0,1081.0,3111.0,849.0
0.0,5756.0,3054.0,3617.0,5808.0,5958.0,5958.0,2545.0,1072.0,2139.0,915.0
0.0,8510.0,2704.0,3588.0,8728.0,0.0,0.0,2518.0,1070.0,1550.0,1154.0
0.0,14534.0,3267.0,3563.0,5958.0,0.0,0.0,2486.0,1077.0,1938.0,1329.0
0.0,17225.0,4187.0,3568.0,0.0,1234.0,1234.0,2482.0,1086.0,2921.0,1266.0
0.0,13038.0,4524.0,3599.0,0.0,5882.0,5882.0,2510.0,1089.0,3505.0,1019.0
0.0,8514.0,3955.0,3625.0,1234.0,8707.0,8707.0,2542.0,1083.0,3114.0,841.0
0.0,5793.0,3032.0,3621.0,5882.0,5841.0,5841.0,2547.0,1074.0,2127.0,905.0
0.0,8643.0,2659.0,3591.0,8707.0,0.0,0.0,2519.0,1072.0,1515.0,1144.0
0.0,14691.0,3225.0,3565.0,5841.0,0.0,0.0,2487.0,1078.0,1912.0,1313.0
0.0,17307.0,4180.0,3570.0,0.0,1153.0,1153.0,2483.0,1087.0,2936.0,1244.0
0.0,13127.0,4560.0,3601.0,0.0,5837.0,5837.0,2512.0,1089.0,3549.0,1011.0
0.0,8567.0,3983.0,3629.0,1153.0,8779.0,8779.0,2545.0,1084.0,3131.0,852.0
0.0,5737.0,3024.0,3626.0,5837.0,5954.0,5954.0,2550.0,1076.0,2099.0,925.0
0.0,8550.0,2646.0,3597.0,8779.0,0.0,0.0,2523.0,1074.0,1500.0,1146.0
0.0,14683.0,3205.0,3571.0,5954.0,0.0,0.0,2491.0,1080.0,1908.0,1297.0
0.0,17432.0,4145.0,3575.0,0.0,1013.0,1013.0,2487.0,1088.0,2929.0,1216.0
0.0,13287.0,4530.0,3605.0,0.0,5663.0,5663.0,2515.0,1090.0,3540.0,990.0
0.0,8757.0,3992.0,3632.0,1013.0,8750.0,8750.0,2548.0,1084.0,3132.0,860.0
0.0,5778.0,3053.0,3630.0,5663.0,6132.0,6132.0,2553.0,1077.0,2102.0,951.0
0.0,8388.0,2655.0,3602.0,8750.0,0.0,0.0,2526.0,1076.0,1491.0,1164.0
0.0,14483.0,3192.0,3576.0,6132.0,0.0,0.0,2494.0,1082.0,1901.0,1291.0
0.0,17423.0,4152.0,3581.0,0.0,1053.0,1053.0,2491.0,1090.0,2934.0,1218.0
0.0,13271.0,4562.0,3611.0,0.0,5735.0,5735.0,2519.0,1092.0,3556.0,1006.0
0.0,8709.0,4021.0,3639.0,1053.0,8815.0,8815.0,2553.0,1086.0,3155.0,866.0
0.0,5741.0,3083.0,3636.0,5735.0,6151.0,6151.0,2558.0,1078.0,2139.0,944.0
0.0,8393.0,2657.0,3607.0,8815.0,0.0,0.0,2530.0,1077.0,1501.0,1156.0
0.0,14551.0,3195.0,3581.0,6151.0,0.0,0.0,2499.0,1082.0,1908.0,1287.0
0.0,17507.0,4141.0,3585.0,0.0,974.0,974.0,2495.0,1090.0,2933.0,1208.0
0.0,13366.0,4564.0,3615.0,0.0,5658.0,5658.0,2523.0,1092.0,3558.0,1006.0
0.0,8802.0,4065.0,3642.0,974.0,8857.0,8857.0,2556.0,1086.0,3179.0,886.0
0.0,5711.0,3118.0,3640.0,5658.0,6309.0,6309.0,2561.0,1079.0,2155.0,963.0
0.0,8251.0,2704.0,3611.0,8857.0,40.0,40.0,2534.0,1077.0,1533.0,1171.0
0.0,14404.0,3233.0,3586.0,6309.0,0.0,0.0,2503.0,1083.0,1936.0,1297.0
0.0,17480.0,4187.0,3590.0,40.0,1027.0,1027.0,2499.0,1091.0,2972.0,1215.0
0.0,13333.0,4623.0,3620.0,0.0,5770.0,5770.0,2527.0,1093.0,3603.0,1020.0
0.0,8710.0,4113.0,3648.0,1027.0,8968.0,8968.0,2560.0,1088.0,3208.0,905.0
0.0,5624.0,3146.0,3645.0,5770.0,6332.0,6332.0,2565.0,1080.0,2172.0,974.0
0.0,8248.0,2712.0,3617.0,8968.0,0.0,0.0,2538.0,1079.0,1540.0,1172.0
0.0,14504.0,3236.0,3590.0,6332.0,0.0,0.0,2506.0,1084.0,1942.0,1294.0
0.0,17600.0,4212.0,3595.0,0.0,992.0,992.0,2503.0,1092.0,2989.0,1223.0
0.0,13388.0,4650.0,3625.0,0.0,5762.0,5762.0,2531.0,1094.0,3616.0,1034.0
0.0,8738.0,4106.0,3652.0,992.0,8984.0,8984.0,2563.0,1089.0,3194.0,912.0
0.0,5624.0,3113.0,3650.0,5762.0,6327.0,6327.0,2568.0,1082.0,2134.0,979.0
0.0,8273.0,2667.0,3621.0,8984.0,0.0,0.0,2541.0,1080.0,1502.0,1165.0
0.0,14590.0,3202.0,3595.0,6327.0,0.0,0.0,2510.0,1085.0,1919.0,1283.0
0.0,17715.0,4197.0,3599.0,0.0,878.0,878.0,2507.0,1092.0,2979.0,1218.0
0.0,13518.0,4647.0,3629.0,0.0,5645.0,5645.0,2535.0,1094.0,3611.0,1036.0
0.0,8871.0,4088.0,3656.0,878.0,8963.0,8963.0,2567.0,1089.0,3172.0,916.0
0.0,5661.0,3095.0,3653.0,5645.0,6401.0,6401.0,2570.0,1083.0,2109.0,986.0
0.0,8211.0,2654.0,3623.0,8963.0,0.0,0.0,2542.0,1081.0,1485.0,1169.0
0.0,14520.0,3234.0,3598.0,6401.0,0.0,0.0,2512.0,1086.0,1949.0,1285.0
0.0,17687.0,4234.0,3603.0,0.0,959.0,959.0,2510.0,1093.0,3016.0,1218.0
0.0,13453.0,4679.0,3635.0,0.0,5766.0,5766.0,2539.0,1096.0,3640.0,1039.0
0.0,8774.0,4083.0,3661.0,959.0,8994.0,8994.0,2570.0,1091.0,3163.0,920.0
0.0,5650.0,3046.0,3657.0,5766.0,6258.0,6258.0,2573.0,1084.0,2070.0,976.0
0.0,8370.0,2617.0,3627.0,8994.0,0.0,0.0,2545.0,1082.0,1470.0,1147.0
0.0,14747.0,3217.0,3602.0,6258.0,0.0,0.0,2515.0,1087.0,1949.0,1268.0
0.0,17788.0,4238.0,3607.0,0.0,878.0,878.0,2513.0,1094.0,3023.0,1215.0
0.0,13550.0,4678.0,3639.0,0.0,5684.0,5684.0,2542.0,1097.0,3635.0,1043.0
0.0,8872.0,4075.0,3666.0,878.0,8989.0,8989.0,2574.0,1092.0,3161.0,914.0
0.0,5675.0,3028.0,3662.0,5684.0,6317.0,6317.0,2577.0,1085.0,2068.0,960.0
0.0,8331.0,2598.0,3631.0,8989.0,0.0,0.0,2548.0,1083.0,1462.0,1136.0
0.0,14722.0,3211.0,3606.0,6317.0,0.0,0.0,2518.0,1088.0,1943.0,1268.0
0.0,17828.0,4250.0,3611.0,0.0,866.0,866.0,2516.0,1095.0,3028.0,1222.0
0.0,13578.0,4688.0,3643.0,0.0,5682.0,5682.0,2545.0,1098.0,3647.0,1041.0
0.0,8890.0,4086.0,3671.0,866.0,9014.0,9014.0,2578.0,1093.0,3179.0,907.0
0.0,5670.0,3027.0,3667.0,5682.0,6343.0,6343.0,2581.0,1086.0,2077.0,950.0
0.0,8325.0,2595.0,3638.0,9014.0,0.0,0.0,2553.0,1085.0,1458.0,1137.0
0.0,14744.0,3188.0,3611.0,6343.0,0.0,0.0,2521.0,1090.0,1913.0,1275.0
0.0,17899.0,4205.0,3616.0,0.0,770.0,770.0,2519.0,1097.0,2986.0,1219.0
0.0,13694.0,4656.0,3647.0,0.0,5550.0,5550.0,2548.0,1099.0,3628.0,1028.0
0.0,9038.0,4083.0,3674.0,770.0,8971.0,8971.0,2580.0,1094.0,3186.0,897.0
0.0,5725.0,3053.0,3671.0,5550.0,6462.0,6462.0,2584.0,1087.0,2092.0,961.0
0.0,8222.0,2574.0,3641.0,8971.0,0.0,0.0,2555.0,1086.0,1424.0,1150.0
0.0,14619.0,3163.0,3614.0,6462.0,0.0,0.0,2523.0,1091.0,1885.0,1278.0
0.0,17918.0,4234.0,3618.0,0.0,788.0,788.0,2520.0,1098.0,3010.0,1224.0
0.0,13684.0,4689.0,3650.0,0.0,5605.0,5605.0,2550.0,1100.0,3662.0,1027.0
0.0,8995.0,4098.0,3677.0,788.0,9023.0,9023.0,2582.0,1095.0,3207.0,891.0
0.0,5685.0,3063.0,3674.0,5605.0,6469.0,6469.0,2586.0,1088.0,2105.0,958.0
0.0,8227.0,2610.0,3645.0,9023.0,0.0,0.0,2558.0,1087.0,1450.0,1160.0
0.0,14640.0,3204.0,3619.0,6469.0,0.0,0.0,2526.0,1093.0,1912.0,1292.0
0.0,17905.0,4258.0,3622.0,0.0,841.0,841.0,2523.0,1099.0,3034.0,1224.0
0.0,13647.0,4715.0,3654.0,0.0,5684.0,5684.0,2553.0,1101.0,3685.0,1030.0
0.0,8932.0,4131.0,3680.0,841.0,9078.0,9078.0,2585.0,1095.0,3228.0,903.0
0.0,5642.0,3096.0,3678.0,5684.0,6482.0,6482.0,2589.0,1089.0,2120.0,976.0
0.0,8230.0,2646.0,3648.0,9078.0,0.0,0.0,2560.0,1088.0,1470.0,1176.0
0.0,14662.0,3237.0,3622.0,6482.0,0.0,0.0,2528.0,1094.0,1935.0,1302.0
0.0,17907.0,4265.0,3624.0,0.0,854.0,854.0,2524.0,1100.0,3032.0,1233.0
0.0,13642.0,4723.0,4123.2744384485195,0.0,7574.0,7574.0,3213.882910045585,909.3915284029347,3688.0,1035.0
0.0,8919.0,4166.0,3094.3182908144177,854.0,6770.0,6770.0,2120.6607861184457,973.6575046959721,3267.0,899.0
0.0,5607.0,3145.0,2662.0083277783247,7574.0,612.0,612.0,1484.628792665254,1177.3795351130707,2168.0,977.0
0.0,10036.0,2664.0,3235.837331857085,6770.0,0.0,0.0,1911.909627535868,1323.9277043212167,1485.0,1179.0
0.0,14142.0,3212.0,4258.596436529764,612.0,5493.0,5493.0,3006.0310325590817,1252.5654039706828,1909.0,1303.0
0.0,11542.0,4255.0,4702.139447224856,0.0,11521.0,11521.0,3654.642853107619,1047.4965941172366,3019.0,1236.0
0.0,7287.0,4741.0,4136.9350012639325,5493.0,8509.0,8509.0,3225.8153236114495,911.1196776524832,3702.0,1039.0
0.0,8039.0,4186.0,3103.8649165658912,11521.0,0.0,0.0,2125.630248856296,978.2346677095952,3273.0,913.0
0.0,15374.0,3134.0,2662.59176305822,8509.0,0.0,0.0,1480.5372910033825,1182.0544720548376,2147.0,987.0
0.0,20749.0,2654.0,3230.366402737429,0.0,0.0,0.0,1905.9137581162813,1324.4526446211478,1462.0,1192.0
0.0,18095.0,3199.0,4259.638135290917,0.0,2143.0,2143.0,3008.738277843744,1250.8998574471725,1888.0,1311.0
0.0,14896.0,4240.0,4711.332327302771,0.0,8189.0,8189.0,3664.216115961228,1047.116211341543,3004.0,1236.0
0.0,10656.0,4718.0,4146.634126349136,2143.0,8506.0,8506.0,3234.1843363858798,912.4497899632564,3681.0,1037.0
0.0,8081.0,4157.0,3109.236044912593,8189.0,324.0,324.0,2129.1317421359618,980.1043027766315,3252.0,905.0
0.0,12113.0,3102.0,2653.274993025697,8506.0,0.0,0.0,1473.9393848258633,1179.3356081998336,2127.0,975.0
0.0,17517.0,2619.0,3218.1965264853684,324.0,0.0,0.0,1897.1832319576242,1321.0132945277442,1448.0,1171.0
0.0,15222.0,3233.0,4258.484756738782,0.0,5044.0,5044.0,3008.233439189849,1250.2513175489332,1925.0,1308.0
0.0,11989.0,4282.0,4719.960764509953,0.0,11173.0,11173.0,3671.355630102661,1048.6051344072923,3035.0,1247.0
0.0,7707.0,4739.0,4154.174046599744,5044.0,8605.0,8605.0,3242.48387149648,911.6901751032639,3691.0,1048.0
0.0,8012.0,4131.0,3106.0487028036146,11173.0,0.0,0.0,2130.7388103794997,975.3098924241148,3229.0,902.0
0.0,15054.0,3074.0,2643.518888115099,8605.0,0.0,0.0,1472.3115593577918,1171.207328757307,2117.0,957.0
0.0,20585.0,2636.0,3219.8184400938044,0.0,0.0,0.0,1900.9035975346878,1318.9148425591168,1469.0,1167.0
0.0,17949.0,3229.0,4262.072750109122,0.0,2328.0,2328.0,3006.5628853999297,1255.5098647091927,1914.0,1315.0
0.0,14720.0,4288.0,4725.598309735342,0.0,8471.0,8471.0,3672.910711485604,1052.6875982497381,3039.0,1249.0
0.0,10432.0,4744.0,4150.382188152982,2328.0,8585.0,8585.0,3246.5532144625176,903.8289736904646,3706.0,1038.0
0.0,8016.0,4147.0,3101.5676988122486,8471.0,67.0,67.0,2136.121354024302,965.4463447879467,3252.0,895.0
0.0,12340.0,3074.0,2639.2574085053507,8585.0,0.0,0.0,1473.8191452094247,1165.438263295926,2117.0,957.0
0.0,17851.0,2612.0,3220.608239093385,67.0,0.0,0.0,1899.2213022844262,1321.3869368089586,1447.0,1165.0
0.0,15306.0,3200.0,4264.817259444069,0.0,4953.0,4953.0,3004.8753815319224,1259.9418779121465,1891.0,1309.0
0.0,12106.0,4270.0,4724.681119990294,0.0,11063.0,11063.0,3672.5640294197046,1052.1170905705894,3019.0,1251.0
0.0,7836.0,4728.0,4152.181266685291,4953.0,8548.0,8548.0,3250.6915054024453,901.4897612828456,3686.0,1042.0
0.0,8061.0,4135.0,3099.0193020067163,11063.0,0.0,0.0,2138.01263402641,961.0066679803064,3239.0,896.0
0.0,14989.0,3072.0,2639.184009556643,8548.0,0.0,0.0,1475.612587065484,1163.5714224911592,2122.0,950.0
0.0,20465.0,2605.0,3222.4441396501625,0.0,0.0,0.0,1898.9343869001195,1323.5097527500427,1453.0,1152.0
0.0,17860.0,3203.0,4274.896839682806,0.0,2443.0,2443.0,3008.034673039767,1266.862166643039,1900.0,1303.0
0.0,14657.0,4265.0,4735.684183347434,0.0,8551.0,8551.0,3678.205668691743,1057.4785146556903,3019.0,1246.0
0.0,10392.0,4718.0,4155.792553366033,2443.0,8506.0,8506.0,3251.9647917371703,903.8277616288625,3667.0,1051.0
0.0,8117.0,4127.0,3097.7312574199996,8551.0,0.0,0.0,2139.6409119379723,958.090345482027,3222.0,905.0
0.0,12541.0,3076.0,2641.0508488390224,8506.0,0.0,0.0,1479.487357260133,1161.5634915788896,2123.0,953.0
0.0,17971.0,2626.0,3230.156198803679,0.0,0.0,0.0,1905.3263319725345,1324.8298668311447,1474.0,1152.0
0.0,15345.0,3208.0,4287.941179149245,0.0,5015.0,5015.0,3014.4521756517997,1273.489003497445,1911.0,1297.0
0.0,12137.0,4268.0,4745.423924489234,0.0,11112.0,11112.0,3679.533513090315,1065.890411398919,3014.0,1254.0
0.0,7869.0,4751.0,4165.456709616433,5015.0,8528.0,8528.0,3254.607679694091,910.8490299223415,3686.0,1065.0
0.0,8133.0,4177.0,3108.214486371483,11112.0,0.0,0.0,2147.8531695957076,960.3613167757754,3261.0,916.0
0.0,15068.0,3122.0,2653.924082175313,8528.0,0.0,0.0,1489.4063310814172,1164.5177510938954,2162.0,960.0
0.0,20474.0,2662.0,3238.7033084427376,0.0,0.0,0.0,1911.1084273603983,1327.5948810823393,1508.0,1154.0
0.0,17812.0,3236.0,4296.211414636682,0.0,2609.0,2609.0,3017.329892815568,1278.881521821114,1935.0,1301.0
0.0,14576.0,4271.0,4755.198412546629,0.0,8716.0,8716.0,3681.1197578980764,1074.0786546485524,3018.0,1253.0
0.0,10305.0,4734.0,4177.712690015126,2609.0,8531.0,8531.0,3258.210895512701,919.5017945024254,3666.0,1068.0
0.0,8180.0,4187.0,3121.7330985442395,8716.0,0.0,0.0,2157.1850703998716,964.5480281443678,3258.0,929.0
1.0,0.0,1376.0,1376.0,0.0,5504.0,5504.0,984.0,392.0,984.0,392.0
1.0,0.0,1380.0,1378.0,0.0,5512.0,5512.0,986.0,392.0,988.0,392.0
1.0,0.0,1384.0,1380.0,5504.0,4156.0,4156.0,987.0,393.0,988.0,396.0
1.0,1364.0,1376.0,1379.0,5512.0,16.0,16.0,984.0,395.0,976.0,400.0
1.0,5500.0,0.0,1103.0,4156.0,0.0,0.0,787.0,316.0,0.0,0.0
1.0,9656.0,0.0,919.0,16.0,0.0,0.0,656.0,263.0,0.0,0.0
1.0,9672.0,0.0,788.0,0.0,0.0,0.0,562.0,226.0,0.0,0.0
1.0,9672.0,0.0,690.0,0.0,0.0,0.0,492.0,198.0,0.0,0.0
1.0,9672.0,0.0,613.0,0.0,0.0,0.0,437.0,176.0,0.0,0.0
1.0,9672.0,0.0,552.0,0.0,0.0,0.0,394.0,158.0,0.0,0.0
1.0,9672.0,0.0,502.0,0.0,0.0,0.0,358.0,144.0,0.0,0.0
1.0,9672.0,112.0,469.0,0.0,0.0,0.0,333.0,136.0,58.0,54.0
1.0,9560.0,492.0,471.0,0.0,0.0,0.0,333.0,138.0,333.0,159.0
1.0,9068.0,759.0,491.0,0.0,0.0,0.0,347.0,144.0,537.0,222.0
1.0,8309.0,613.0,499.0,0.0,0.0,0.0,354.0,145.0,448.0,165.0
1.0,7696.0,226.0,482.0,0.0,0.0,0.0,343.0,139.0,179.0,47.0
1.0,7470.0,0.0,454.0,0.0,0.0,0.0,323.0,131.0,0.0,0.0
1.0,7470.0,113.0,435.0,0.0,0.0,0.0,308.0,127.0,58.0,55.0
1.0,7357.0,462.0,437.0,0.0,0.0,0.0,308.0,129.0,300.0,162.0
1.0,6895.0,717.0,451.0,0.0,0.0,0.0,318.0,133.0,502.0,215.0
1.0,6178.0,589.0,457.0,0.0,0.0,0.0,323.0,134.0,430.0,159.0
1.0,5589.0,228.0,446.0,0.0,0.0,0.0,316.0,130.0,180.0,48.0
1.0,5361.0,2.0,428.0,0.0,0.0,0.0,303.0,125.0,2.0,0.0
1.0,5359.0,120.0,415.0,0.0,0.0,0.0,293.0,122.0,66.0,54.0
1.0,5239.0,480.0,417.0,0.0,0.0,0.0,294.0,123.0,321.0,159.0
1.0,4759.0,699.0,428.0,0.0,0.0,0.0,302.0,126.0,493.0,206.0
1.0,4060.0,566.0,433.0,0.0,0.0,0.0,306.0,127.0,411.0,155.0
1.0,3494.0,215.0,425.0,0.0,0.0,0.0,300.0,125.0,150.0,65.0
1.0,3279.0,19.0,412.0,0.0,0.0,0.0,290.0,122.0,0.0,19.0
1.0,3260.0,120.0,401.0,0.0,0.0,0.0,282.0,119.0,65.0,55.0
1.0,3140.0,450.0,403.0,0.0,0.0,0.0,283.0,120.0,312.0,138.0
1.0,2690.0,675.0,412.0,0.0,0.0,0.0,290.0,122.0,488.0,187.0
1.0,2015.0,574.0,417.0,0.0,227.0,227.0,294.0,123.0,419.0,155.0
1.0,1441.0,259.0,412.0,0.0,466.0,466.0,290.0,122.0,182.0,77.0
1.0,1182.0,30.0,401.0,227.0,225.0,225.0,282.0,119.0,0.0,30.0
1.0,1379.0,111.0,393.0,466.0,0.0,0.0,276.0,117.0,59.0,52.0
1.0,1734.0,409.0,393.0,225.0,22.0,22.0,276.0,117.0,287.0,122.0
1.0,1550.0,657.0,400.0,0.0,707.0,707.0,281.0,119.0,479.0,178.0
1.0,893.0,589.0,405.0,22.0,1294.0,1294.0,285.0,120.0,430.0,159.0
1.0,326.0,294.0,402.0,707.0,869.0,869.0,283.0,119.0,209.0,85.0
1.0,739.0,60.0,394.0,1294.0,0.0,0.0,277.0,117.0,30.0,30.0
1.0,1973.0,114.0,387.0,869.0,0.0,0.0,272.0,115.0,66.0,48.0
1.0,2728.0,376.0,387.0,0.0,0.0,0.0,272.0,115.0,260.0,116.0
1.0,2352.0,599.0,392.0,0.0,0.0,0.0,275.0,117.0,427.0,172.0
1.0,1753.0,586.0,396.0,0.0,417.0,417.0,278.0,118.0,413.0,173.0
1.0,1167.0,338.0,395.0,0.0,751.0,751.0,277.0,118.0,227.0,111.0
1.0,829.0,96.0,389.0,417.0,406.0,406.0,273.0,116.0,56.0,40.0
1.0,1150.0,109.0,382.0,751.0,0.0,0.0,268.0,114.0,72.0,37.0
1.0,1792.0,360.0,382.0,406.0,0.0,0.0,268.0,114.0,256.0,104.0
1.0,1838.0,624.0,387.0,0.0,334.0,334.0,272.0,115.0,444.0,180.0
1.0,1214.0,624.0,392.0,0.0,978.0,978.0,275.0,117.0,442.0,182.0
1.0,590.0,383.0,392.0,334.0,1027.0,1027.0,275.0,117.0,265.0,118.0
1.0,541.0,123.0,367.0,978.0,72.0,72.0,257.0,110.0,69.0,54.0
1.0,1396.0,126.0,344.0,1027.0,0.0,0.0,240.0,104.0,80.0,46.0
1.0,2297.0,366.0,324.0,72.0,0.0,0.0,226.0,98.0,261.0,105.0
1.0,2003.0,613.0,309.0,0.0,0.0,0.0,215.0,94.0,439.0,174.0
1.0,1390.0,644.0,321.0,0.0,538.0,538.0,224.0,97.0,460.0,184.0
1.0,746.0,420.0,330.0,0.0,994.0,994.0,230.0,100.0,291.0,129.0
1.0,326.0,141.0,332.0,538.0,605.0,605.0,231.0,101.0,81.0,60.0
1.0,723.0,110.0,335.0,994.0,0.0,0.0,233.0,102.0,64.0,46.0
1.0,1607.0,369.0,342.0,605.0,0.0,0.0,238.0,104.0,268.0,101.0
1.0,1843.0,654.0,354.0,0.0,227.0,227.0,247.0,107.0,477.0,177.0
1.0,1189.0,685.0,367.0,0.0,964.0,964.0,256.0,111.0,492.0,193.0
1.0,504.0,416.0,373.0,227.0,1177.0,1177.0,261.0,112.0,283.0,133.0
1.0,315.0,123.0,366.0,964.0,308.0,308.0,256.0,110.0,65.0,58.0
1.0,1156.0,104.0,354.0,1177.0,0.0,0.0,247.0,107.0,61.0,43.0
1.0,2229.0,374.0,349.0,308.0,0.0,0.0,243.0,106.0,264.0,110.0
1.0,2163.0,660.0,357.0,0.0,0.0,0.0,249.0,108.0,480.0,180.0
1.0,1503.0,685.0,370.0,0.0,662.0,662.0,258.0,112.0,498.0,187.0
1.0,818.0,423.0,376.0,0.0,1109.0,1109.0,263.0,113.0,297.0,126.0
1.0,395.0,147.0,371.0,662.0,574.0,574.0,259.0,112.0,83.0,64.0
1.0,910.0,117.0,358.0,1109.0,0.0,0.0,250.0,108.0,65.0,52.0
1.0,1902.0,391.0,355.0,574.0,0.0,0.0,248.0,107.0,287.0,104.0
1.0,2085.0,687.0,364.0,0.0,58.0,58.0,254.0,110.0,524.0,163.0
1.0,1398.0,723.0,378.0,0.0,837.0,837.0,265.0,113.0,549.0,174.0
1.0,675.0,424.0,383.0,58.0,1223.0,1223.0,269.0,114.0,298.0,126.0
1.0,309.0,110.0,377.0,837.0,472.0,472.0,264.0,113.0,38.0,72.0
1.0,1036.0,85.0,365.0,1223.0,0.0,0.0,255.0,110.0,24.0,61.0
1.0,2174.0,371.0,361.0,472.0,0.0,0.0,252.0,109.0,261.0,110.0
1.0,2275.0,672.0,370.0,0.0,0.0,0.0,259.0,111.0,511.0,161.0
1.0,1603.0,705.0,383.0,0.0,634.0,634.0,269.0,114.0,537.0,168.0
1.0,898.0,429.0,389.0,0.0,1087.0,1087.0,274.0,115.0,306.0,123.0
1.0,469.0,124.0,383.0,634.0,553.0,553.0,269.0,114.0,60.0,64.0
1.0,979.0,72.0,371.0,1087.0,0.0,0.0,260.0,111.0,14.0,58.0
1.0,1994.0,337.0,366.0,553.0,0.0,0.0,256.0,110.0,230.0,107.0
1.0,2210.0,632.0,374.0,0.0,0.0,0.0,262.0,112.0,470.0,162.0
1.0,1578.0,652.0,385.0,0.0,614.0,614.0,271.0,114.0,490.0,162.0
1.0,926.0,395.0,391.0,0.0,1033.0,1033.0,276.0,115.0,289.0,106.0
1.0,531.0,107.0,385.0,614.0,502.0,502.0,271.0,114.0,55.0,52.0
1.0,1038.0,88.0,375.0,1033.0,0.0,0.0,263.0,112.0,36.0,52.0
1.0,1983.0,323.0,369.0,502.0,0.0,0.0,258.0,111.0,215.0,108.0
1.0,2162.0,616.0,375.0,0.0,0.0,0.0,263.0,112.0,443.0,173.0
1.0,1546.0,653.0,386.0,0.0,651.0,651.0,271.0,115.0,469.0,184.0
1.0,893.0,393.0,392.0,0.0,1068.0,1068.0,275.0,117.0,264.0,129.0
1.0,500.0,99.0,387.0,651.0,496.0,496.0,271.0,116.0,32.0,67.0
1.0,1052.0,80.0,377.0,1068.0,0.0,0.0,263.0,114.0,28.0,52.0
1.0,2040.0,348.0,372.0,496.0,0.0,0.0,260.0,112.0,248.0,100.0
1.0,2188.0,660.0,378.0,0.0,0.0,0.0,265.0,113.0,494.0,166.0
1.0,1528.0,700.0,390.0,0.0,732.0,732.0,274.0,116.0,511.0,189.0
1.0,828.0,404.0,396.0,0.0,1160.0,1160.0,278.0,118.0,271.0,133.0
1.0,424.0,89.0,390.0,732.0,493.0,493.0,273.0,117.0,21.0,68.0
1.0,1067.0,68.0,380.0,1160.0,0.0,0.0,265.0,115.0,11.0,57.0
1.0,2159.0,368.0,375.0,493.0,0.0,0.0,261.0,114.0,254.0,114.0
1.0,2284.0,710.0,381.0,0.0,0.0,0.0,266.0,115.0,530.0,180.0
1.0,1574.0,734.0,393.0,0.0,732.0,732.0,276.0,117.0,550.0,184.0
1.0,840.0,438.0,399.0,0.0,1194.0,1194.0,280.0,119.0,303.0,135.0
1.0,402.0,134.0,395.0,732.0,580.0,580.0,276.0,119.0,50.0,84.0
1.0,1000.0,110.0,385.0,1194.0,0.0,0.0,268.0,117.0,38.0,72.0
1.0,2084.0,410.0,380.0,580.0,0.0,0.0,265.0,115.0,291.0,119.0
1.0,2254.0,738.0,386.0,0.0,28.0,28.0,270.0,116.0,565.0,173.0
1.0,1516.0,776.0,399.0,0.0,856.0,856.0,280.0,119.0,586.0,190.0
1.0,740.0,465.0,406.0,28.0,1321.0,1321.0,285.0,121.0,319.0,146.0
1.0,303.0,140.0,400.0,856.0,581.0,581.0,280.0,120.0,46.0,94.0
1.0,1019.0,97.0,390.0,1321.0,0.0,0.0,272.0,118.0,24.0,73.0
1.0,2243.0,401.0,385.0,581.0,0.0,0.0,268.0,117.0,290.0,111.0
1.0,2423.0,766.0,392.0,0.0,0.0,0.0,274.0,118.0,585.0,181.0
1.0,1657.0,812.0,405.0,0.0,775.0,775.0,284.0,121.0,604.0,208.0
1.0,845.0,495.0,412.0,0.0,1298.0,1298.0,289.0,123.0,339.0,156.0
1.0,350.0,157.0,409.0,775.0,668.0,668.0,286.0,123.0,64.0,93.0
1.0,968.0,121.0,397.0,1298.0,0.0,0.0,277.0,120.0,52.0,69.0
1.0,2145.0,385.0,392.0,668.0,0.0,0.0,273.0,119.0,277.0,108.0
1.0,2428.0,703.0,398.0,0.0,0.0,0.0,278.0,120.0,530.0,173.0
1.0,1725.0,746.0,409.0,0.0,657.0,657.0,287.0,122.0,554.0,192.0
1.0,979.0,487.0,416.0,0.0,1172.0,1172.0,292.0,124.0,338.0,149.0
1.0,492.0,162.0,412.0,657.0,661.0,661.0,288.0,124.0,76.0,86.0
1.0,987.0,116.0,401.0,1172.0,0.0,0.0,279.0,122.0,48.0,68.0
1.0,2043.0,382.0,394.0,661.0,0.0,0.0,273.0,121.0,271.0,111.0
1.0,2322.0,667.0,399.0,0.0,0.0,0.0,277.0,122.0,501.0,166.0
1.0,1655.0,685.0,410.0,0.0,670.0,670.0,286.0,124.0,510.0,175.0
1.0,970.0,427.0,416.0,0.0,1121.0,1121.0,291.0,125.0,292.0,135.0
1.0,543.0,140.0,411.0,670.0,571.0,571.0,287.0,124.0,52.0,88.0
1.0,1073.0,125.0,401.0,1121.0,0.0,0.0,278.0,123.0,40.0,85.0
1.0,2069.0,403.0,395.0,571.0,0.0,0.0,273.0,122.0,282.0,121.0
1.0,2237.0,684.0,401.0,0.0,51.0,51.0,278.0,123.0,525.0,159.0
1.0,1553.0,695.0,412.0,0.0,790.0,790.0,287.0,125.0,535.0,160.0
1.0,858.0,411.0,418.0,51.0,1174.0,1174.0,292.0,126.0,289.0,122.0
1.0,498.0,112.0,413.0,790.0,476.0,476.0,288.0,125.0,28.0,84.0
1.0,1176.0,93.0,403.0,1174.0,0.0,0.0,279.0,124.0,16.0,77.0
1.0,2257.0,386.0,398.0,476.0,0.0,0.0,275.0,123.0,262.0,124.0
1.0,2347.0,712.0,404.0,0.0,0.0,0.0,280.0,124.0,551.0,161.0
1.0,1635.0,736.0,416.0,0.0,765.0,765.0,290.0,126.0,573.0,163.0
1.0,899.0,445.0,423.0,0.0,1238.0,1238.0,295.0,128.0,317.0,128.0
1.0,454.0,124.0,419.0,765.0,581.0,581.0,292.0,127.0,37.0,87.0
1.0,1095.0,77.0,410.0,1238.0,0.0,0.0,284.0,126.0,0.0,77.0
1.0,2256.0,376.0,404.0,581.0,0.0,0.0,280.0,124.0,267.0,109.0
1.0,2461.0,717.0,409.0,0.0,0.0,0.0,285.0,124.0,568.0,149.0
1.0,1744.0,758.0,422.0,0.0,702.0,702.0,296.0,126.0,602.0,156.0
1.0,986.0,459.0,430.0,0.0,1193.0,1193.0,302.0,128.0,335.0,124.0
1.0,527.0,123.0,425.0,702.0,594.0,594.0,298.0,127.0,30.0,93.0
1.0,1106.0,94.0,415.0,1193.0,0.0,0.0,289.0,126.0,1.0,93.0
1.0,2205.0,410.0,409.0,594.0,0.0,0.0,284.0,125.0,289.0,121.0
1.0,2389.0,750.0,416.0,0.0,25.0,25.0,291.0,125.0,594.0,156.0
1.0,1639.0,771.0,429.0,0.0,848.0,848.0,302.0,127.0,608.0,163.0
1.0,868.0,438.0,436.0,25.0,1289.0,1289.0,308.0,128.0,307.0,131.0
1.0,455.0,103.0,431.0,848.0,524.0,524.0,303.0,128.0,10.0,93.0
1.0,1200.0,105.0,419.0,1289.0,0.0,0.0,293.0,126.0,15.0,90.0
1.0,2384.0,466.0,414.0,524.0,0.0,0.0,289.0,125.0,333.0,133.0
1.0,2442.0,799.0,421.0,0.0,41.0,41.0,295.0,126.0,621.0,178.0
1.0,1643.0,766.0,433.0,0.0,855.0,855.0,305.0,128.0,581.0,185.0
1.0,877.0,410.0,439.0,41.0,1248.0,1248.0,310.0,129.0,266.0,144.0
1.0,508.0,99.0,433.0,855.0,468.0,468.0,304.0,129.0,0.0,99.0
1.0,1264.0,128.0,422.0,1248.0,0.0,0.0,294.0,128.0,35.0,93.0
1.0,2384.0,506.0,416.0,468.0,0.0,0.0,290.0,126.0,373.0,133.0
1.0,2346.0,810.0,423.0,0.0,156.0,156.0,296.0,127.0,630.0,180.0
1.0,1536.0,768.0,435.0,0.0,972.0,972.0,306.0,129.0,566.0,202.0
1.0,768.0,406.0,441.0,156.0,1246.0,1246.0,310.0,131.0,248.0,158.0
1.0,518.0,104.0,435.0,972.0,354.0,354.0,304.0,131.0,5.0,99.0
1.0,1386.0,169.0,424.0,1246.0,0.0,0.0,295.0,129.0,89.0,80.0
1.0,2463.0,527.0,418.0,354.0,0.0,0.0,291.0,127.0,404.0,123.0
1.0,2290.0,842.0,425.0,0.0,252.0,252.0,297.0,128.0,645.0,197.0
1.0,1448.0,777.0,436.0,0.0,1073.0,1073.0,306.0,130.0,560.0,217.0
1.0,671.0,390.0,442.0,252.0,1235.0,1235.0,310.0,132.0,224.0,166.0
1.0,533.0,89.0,436.0,1073.0,227.0,227.0,304.0,132.0,0.0,89.0
1.0,1517.0,158.0,426.0,1235.0,0.0,0.0,296.0,130.0,86.0,72.0
1.0,2594.0,523.0,422.0,227.0,0.0,0.0,293.0,129.0,390.0,133.0
1.0,2298.0,834.0,428.0,0.0,248.0,248.0,298.0,130.0,623.0,211.0
1.0,1464.0,780.0,440.0,0.0,1076.0,1076.0,308.0,132.0,561.0,219.0
1.0,684.0,424.0,446.0,248.0,1276.0,1276.0,312.0,134.0,265.0,159.0
1.0,508.0,115.0,441.0,1076.0,295.0,295.0,307.0,134.0,31.0,84.0
1.0,1469.0,161.0,431.0,1276.0,0.0,0.0,299.0,132.0,97.0,64.0
1.0,2584.0,540.0,429.0,295.0,0.0,0.0,298.0,131.0,416.0,124.0
1.0,2339.0,852.0,436.0,0.0,257.0,257.0,304.0,132.0,647.0,205.0
1.0,1487.0,790.0,449.0,0.0,1099.0,1099.0,314.0,135.0,567.0,223.0
1.0,697.0,421.0,455.0,257.0,1287.0,1287.0,319.0,136.0,262.0,159.0
1.0,533.0,96.0,449.0,1099.0,260.0,260.0,314.0,135.0,29.0,67.0
1.0,1536.0,135.0,438.0,1287.0,0.0,0.0,305.0,133.0,88.0,47.0
1.0,2688.0,510.0,435.0,260.0,0.0,0.0,303.0,132.0,390.0,120.0
1.0,2438.0,821.0,443.0,0.0,155.0,155.0,309.0,134.0,613.0,208.0
1.0,1617.0,773.0,455.0,0.0,976.0,976.0,319.0,136.0,543.0,230.0
1.0,844.0,426.0,461.0,155.0,1271.0,1271.0,323.0,138.0,261.0,165.0
1.0,573.0,114.0,456.0,976.0,389.0,389.0,319.0,137.0,39.0,75.0
1.0,1435.0,124.0,445.0,1271.0,0.0,0.0,310.0,135.0,86.0,38.0
1.0,2582.0,445.0,440.0,389.0,0.0,0.0,306.0,134.0,351.0,94.0
1.0,2526.0,758.0,446.0,0.0,16.0,16.0,311.0,135.0,577.0,181.0
1.0,1768.0,746.0,457.0,0.0,806.0,806.0,320.0,137.0,530.0,216.0
1.0,1022.0,430.0,464.0,16.0,1248.0,1248.0,325.0,139.0,267.0,163.0
1.0,608.0,124.0,459.0,806.0,546.0,546.0,321.0,138.0,48.0,76.0
1.0,1290.0,125.0,448.0,1248.0,0.0,0.0,312.0,136.0,91.0,34.0
1.0,2413.0,442.0,441.0,546.0,0.0,0.0,307.0,134.0,357.0,85.0
1.0,2517.0,749.0,448.0,0.0,24.0,24.0,312.0,136.0,569.0,180.0
1.0,1768.0,758.0,459.0,0.0,826.0,826.0,321.0,138.0,529.0,229.0
1.0,1010.0,430.0,466.0,24.0,1260.0,1260.0,326.0,140.0,251.0,179.0
1.0,604.0,130.0,461.0,826.0,544.0,544.0,322.0,139.0,41.0,89.0
1.0,1300.0,128.0,449.0,1260.0,0.0,0.0,312.0,137.0,91.0,37.0
1.0,2432.0,430.0,442.0,544.0,0.0,0.0,307.0,135.0,347.0,83.0
1.0,2546.0,751.0,448.0,0.0,0.0,0.0,312.0,136.0,568.0,183.0
1.0,1795.0,769.0,461.0,0.0,818.0,818.0,322.0,139.0,534.0,235.0
1.0,1026.0,491.0,468.0,0.0,1337.0,1337.0,327.0,141.0,301.0,190.0
1.0,535.0,173.0,463.0,818.0,672.0,672.0,323.0,140.0,83.0,90.0
1.0,1180.0,145.0,451.0,1337.0,0.0,0.0,313.0,138.0,100.0,45.0
1.0,2372.0,450.0,444.0,672.0,0.0,0.0,308.0,136.0,354.0,96.0
1.0,2594.0,782.0,452.0,0.0,0.0,0.0,315.0,137.0,595.0,187.0
1.0,1812.0,810.0,465.0,0.0,858.0,858.0,326.0,139.0,578.0,232.0
1.0,1002.0,517.0,472.0,0.0,1403.0,1403.0,331.0,141.0,330.0,187.0
1.0,485.0,183.0,466.0,858.0,704.0,704.0,326.0,140.0,85.0,98.0
1.0,1160.0,165.0,454.0,1403.0,0.0,0.0,316.0,138.0,110.0,55.0
1.0,2398.0,486.0,448.0,704.0,0.0,0.0,312.0,136.0,383.0,103.0
1.0,2616.0,805.0,456.0,0.0,13.0,13.0,319.0,137.0,609.0,196.0
1.0,1811.0,833.0,471.0,0.0,906.0,906.0,331.0,140.0,593.0,240.0
1.0,978.0,534.0,477.0,13.0,1451.0,1451.0,335.0,142.0,341.0,193.0
1.0,457.0,205.0,471.0,906.0,726.0,726.0,330.0,141.0,108.0,97.0
1.0,1158.0,204.0,458.0,1451.0,0.0,0.0,320.0,138.0,153.0,51.0
1.0,2405.0,519.0,453.0,726.0,0.0,0.0,317.0,136.0,414.0,105.0
1.0,2612.0,828.0,462.0,0.0,64.0,64.0,325.0,137.0,626.0,202.0
1.0,1784.0,813.0,476.0,0.0,933.0,933.0,336.0,140.0,567.0,246.0
1.0,971.0,501.0,482.0,64.0,1394.0,1394.0,340.0,142.0,306.0,195.0
1.0,534.0,219.0,477.0,933.0,660.0,660.0,335.0,142.0,116.0,103.0
1.0,1248.0,227.0,465.0,1394.0,0.0,0.0,326.0,139.0,168.0,59.0
1.0,2415.0,521.0,461.0,660.0,0.0,0.0,324.0,137.0,417.0,104.0
1.0,2554.0,782.0,467.0,0.0,96.0,96.0,330.0,137.0,594.0,188.0
1.0,1772.0,765.0,479.0,0.0,909.0,909.0,339.0,140.0,530.0,235.0
1.0,1007.0,487.0,486.0,96.0,1328.0,1328.0,343.0,143.0,288.0,199.0
1.0,616.0,218.0,480.0,909.0,613.0,613.0,337.0,143.0,103.0,115.0
1.0,1307.0,237.0,468.0,1328.0,0.0,0.0,328.0,140.0,166.0,71.0
1.0,2398.0,512.0,463.0,613.0,0.0,0.0,325.0,138.0,399.0,113.0
1.0,2499.0,766.0,469.0,0.0,143.0,143.0,331.0,138.0,578.0,188.0
1.0,1733.0,734.0,481.0,0.0,925.0,925.0,340.0,141.0,510.0,224.0
1.0,999.0,439.0,487.0,143.0,1245.0,1245.0,343.0,144.0,255.0,184.0
1.0,703.0,175.0,481.0,925.0,471.0,471.0,337.0,144.0,63.0,112.0
1.0,1453.0,203.0,469.0,1245.0,0.0,0.0,328.0,141.0,134.0,69.0
1.0,2495.0,493.0,464.0,471.0,0.0,0.0,325.0,139.0,396.0,97.0
1.0,2473.0,775.0,470.0,0.0,182.0,182.0,331.0,139.0,594.0,181.0
1.0,1698.0,749.0,482.0,0.0,979.0,979.0,340.0,142.0,519.0,230.0
1.0,949.0,422.0,488.0,182.0,1243.0,1243.0,343.0,145.0,233.0,189.0
1.0,709.0,151.0,482.0,979.0,391.0,391.0,337.0,145.0,43.0,108.0
1.0,1537.0,197.0,472.0,1243.0,0.0,0.0,329.0,143.0,128.0,69.0
1.0,2583.0,512.0,467.0,391.0,0.0,0.0,326.0,141.0,406.0,106.0
1.0,2462.0,802.0,474.0,0.0,236.0,236.0,333.0,141.0,618.0,184.0
1.0,1660.0,769.0,487.0,0.0,1057.0,1057.0,343.0,144.0,545.0,224.0
1.0,891.0,432.0,493.0,236.0,1277.0,1277.0,346.0,147.0,257.0,175.0
1.0,695.0,145.0,487.0,1057.0,341.0,341.0,340.0,147.0,45.0,100.0
1.0,1607.0,189.0,476.0,1277.0,0.0,0.0,331.0,145.0,121.0,68.0
1.0,2695.0,521.0,472.0,341.0,0.0,0.0,329.0,143.0,407.0,114.0
1.0,2515.0,835.0,479.0,0.0,236.0,236.0,336.0,143.0,641.0,194.0
1.0,1680.0,823.0,493.0,0.0,1115.0,1115.0,347.0,146.0,596.0,227.0
1.0,857.0,492.0,499.0,236.0,1395.0,1395.0,351.0,148.0,315.0,177.0
1.0,601.0,166.0,495.0,1115.0,430.0,430.0,346.0,149.0,64.0,102.0
1.0,1550.0,179.0,484.0,1395.0,0.0,0.0,337.0,147.0,104.0,75.0
1.0,2766.0,527.0,479.0,430.0,0.0,0.0,334.0,145.0,400.0,127.0
1.0,2669.0,863.0,486.0,0.0,138.0,138.0,341.0,145.0,659.0,204.0
1.0,1806.0,836.0,499.0,0.0,1026.0,1026.0,352.0,147.0,615.0,221.0
1.0,970.0,496.0,506.0,138.0,1412.0,1412.0,356.0,150.0,327.0,169.0
1.0,612.0,187.0,501.0,1026.0,553.0,553.0,351.0,150.0,78.0,109.0
1.0,1451.0,197.0,489.0,1412.0,0.0,0.0,341.0,148.0,104.0,93.0
1.0,2666.0,518.0,483.0,553.0,0.0,0.0,337.0,146.0,382.0,136.0
1.0,2701.0,841.0,490.0,0.0,100.0,100.0,343.0,147.0,637.0,204.0
1.0,1860.0,844.0,503.0,0.0,996.0,996.0,354.0,149.0,623.0,221.0
1.0,1016.0,526.0,509.0,100.0,1446.0,1446.0,358.0,151.0,359.0,167.0
1.0,590.0,215.0,504.0,996.0,645.0,645.0,353.0,151.0,113.0,102.0
1.0,1371.0,222.0,493.0,1446.0,0.0,0.0,344.0,149.0,116.0,106.0
1.0,2595.0,536.0,488.0,645.0,0.0,0.0,340.0,148.0,378.0,158.0
1.0,2704.0,850.0,493.0,0.0,118.0,118.0,345.0,148.0,643.0,207.0
1.0,1854.0,833.0,505.0,0.0,999.0,999.0,355.0,150.0,631.0,202.0
1.0,1021.0,504.0,511.0,118.0,1409.0,1409.0,359.0,152.0,351.0,153.0
1.0,635.0,223.0,505.0,999.0,609.0,609.0,353.0,152.0,111.0,112.0
1.0,1411.0,249.0,495.0,1409.0,0.0,0.0,344.0,151.0,128.0,121.0
1.0,2571.0,556.0,489.0,609.0,0.0,0.0,340.0,149.0,391.0,165.0
1.0,2624.0,842.0,496.0,0.0,202.0,202.0,347.0,149.0,636.0,206.0
1.0,1782.0,806.0,507.0,0.0,1052.0,1052.0,356.0,151.0,609.0,197.0
1.0,976.0,484.0,512.0,202.0,1354.0,1354.0,359.0,153.0,330.0,154.0
1.0,694.0,205.0,506.0,1052.0,483.0,483.0,353.0,153.0,92.0,113.0
1.0,1541.0,237.0,496.0,1354.0,0.0,0.0,344.0,152.0,119.0,118.0
1.0,2658.0,550.0,491.0,483.0,0.0,0.0,341.0,150.0,389.0,161.0
1.0,2591.0,840.0,498.0,0.0,241.0,241.0,348.0,150.0,642.0,198.0
1.0,1751.0,810.0,510.0,0.0,1099.0,1099.0,358.0,152.0,620.0,190.0
1.0,941.0,512.0,515.0,241.0,1390.0,1390.0,362.0,153.0,371.0,141.0
1.0,670.0,218.0,510.0,1099.0,489.0,489.0,357.0,153.0,118.0,100.0
1.0,1551.0,249.0,500.0,1390.0,0.0,0.0,348.0,152.0,127.0,122.0
1.0,2692.0,563.0,497.0,489.0,0.0,0.0,346.0,151.0,386.0,177.0
1.0,2618.0,827.0,503.0,0.0,221.0,221.0,352.0,151.0,615.0,212.0
1.0,1791.0,766.0,515.0,0.0,1035.0,1035.0,362.0,153.0,580.0,186.0
1.0,1025.0,444.0,520.0,221.0,1278.0,1278.0,366.0,154.0,315.0,129.0
1.0,802.0,202.0,514.0,1035.0,421.0,421.0,360.0,154.0,100.0,102.0
1.0,1635.0,291.0,505.0,1278.0,0.0,0.0,352.0,153.0,164.0,127.0
1.0,2622.0,612.0,502.0,421.0,0.0,0.0,350.0,152.0,429.0,183.0
1.0,2431.0,843.0,510.0,0.0,452.0,452.0,358.0,152.0,634.0,209.0
1.0,1588.0,758.0,522.0,0.0,1258.0,1258.0,368.0,154.0,570.0,188.0
1.0,830.0,471.0,527.0,452.0,1297.0,1297.0,372.0,155.0,333.0,138.0
1.0,811.0,224.0,521.0,1258.0,239.0,239.0,366.0,155.0,119.0,105.0
1.0,1845.0,264.0,511.0,1297.0,0.0,0.0,357.0,154.0,148.0,116.0
1.0,2878.0,558.0,507.0,239.0,0.0,0.0,354.0,153.0,388.0,170.0
1.0,2559.0,817.0,515.0,0.0,318.0,318.0,361.0,154.0,606.0,211.0
1.0,1742.0,752.0,526.0,0.0,1114.0,1114.0,371.0,155.0,558.0,194.0
1.0,990.0,456.0,532.0,318.0,1276.0,1276.0,375.0,157.0,315.0,141.0
1.0,852.0,230.0,526.0,1114.0,368.0,368.0,369.0,157.0,113.0,117.0
1.0,1736.0,290.0,516.0,1276.0,0.0,0.0,360.0,156.0,158.0,132.0
1.0,2722.0,561.0,510.0,368.0,0.0,0.0,356.0,154.0,395.0,166.0
1.0,2529.0,799.0,516.0,0.0,334.0,334.0,361.0,155.0,602.0,197.0
1.0,1730.0,776.0,528.0,0.0,1158.0,1158.0,371.0,157.0,583.0,193.0
1.0,954.0,506.0,534.0,334.0,1354.0,1354.0,376.0,158.0,347.0,159.0
1.0,782.0,262.0,529.0,1158.0,438.0,438.0,371.0,158.0,140.0,122.0
1.0,1678.0,277.0,518.0,1354.0,0.0,0.0,361.0,157.0,151.0,126.0
1.0,2755.0,554.0,513.0,438.0,0.0,0.0,357.0,156.0,373.0,181.0
1.0,2639.0,819.0,519.0,0.0,256.0,256.0,362.0,157.0,591.0,228.0
1.0,1820.0,821.0,531.0,0.0,1125.0,1125.0,372.0,159.0,599.0,222.0
1.0,999.0,559.0,538.0,256.0,1456.0,1456.0,377.0,161.0,395.0,164.0
1.0,696.0,294.0,534.0,1125.0,609.0,609.0,374.0,160.0,186.0,108.0
1.0,1527.0,300.0,523.0,1456.0,0.0,0.0,365.0,158.0,181.0,119.0
1.0,2683.0,569.0,518.0,609.0,0.0,0.0,360.0,158.0,387.0,182.0
1.0,2723.0,846.0,524.0,0.0,219.0,219.0,365.0,159.0,610.0,236.0
1.0,1877.0,855.0,537.0,0.0,1126.0,1126.0,375.0,162.0,617.0,238.0
1.0,1022.0,584.0,543.0,219.0,1515.0,1515.0,380.0,163.0,405.0,179.0
1.0,657.0,304.0,539.0,1126.0,677.0,677.0,377.0,162.0,195.0,109.0
1.0,1479.0,313.0,528.0,1515.0,0.0,0.0,368.0,160.0,206.0,107.0
1.0,2681.0,600.0,524.0,677.0,0.0,0.0,364.0,160.0,426.0,174.0
1.0,2758.0,876.0,531.0,0.0,242.0,242.0,370.0,161.0,633.0,243.0
1.0,1882.0,853.0,544.0,0.0,1147.0,1147.0,380.0,164.0,612.0,241.0
1.0,1029.0,566.0,550.0,242.0,1495.0,1495.0,385.0,165.0,395.0,171.0
1.0,705.0,275.0,544.0,1147.0,599.0,599.0,380.0,164.0,170.0,105.0
1.0,1577.0,304.0,534.0,1495.0,0.0,0.0,372.0,162.0,194.0,110.0
1.0,2768.0,619.0,530.0,599.0,0.0,0.0,369.0,161.0,442.0,177.0
1.0,2748.0,893.0,538.0,0.0,297.0,297.0,375.0,163.0,655.0,238.0
1.0,1855.0,869.0,550.0,0.0,1214.0,1214.0,385.0,165.0,628.0,241.0
1.0,986.0,563.0,557.0,297.0,1508.0,1508.0,390.0,167.0,385.0,178.0
1.0,720.0,260.0,551.0,1214.0,530.0,530.0,386.0,165.0,159.0,101.0
1.0,1674.0,279.0,540.0,1508.0,0.0,0.0,377.0,163.0,190.0,89.0
1.0,2903.0,591.0,537.0,530.0,0.0,0.0,374.0,163.0,436.0,155.0
1.0,2842.0,861.0,543.0,0.0,191.0,191.0,379.0,164.0,632.0,229.0
1.0,1981.0,849.0,555.0,0.0,1088.0,1088.0,388.0,167.0,613.0,236.0
1.0,1132.0,535.0,561.0,191.0,1456.0,1456.0,393.0,168.0,369.0,166.0
1.0,788.0,238.0,554.0,1088.0,578.0,578.0,388.0,166.0,139.0,99.0
1.0,1638.0,265.0,543.0,1456.0,0.0,0.0,379.0,164.0,162.0,103.0
1.0,2829.0,585.0,540.0,578.0,0.0,0.0,376.0,164.0,418.0,167.0
1.0,2822.0,857.0,549.0,0.0,231.0,231.0,383.0,166.0,635.0,222.0
1.0,1965.0,783.0,560.0,0.0,1058.0,1058.0,392.0,168.0,567.0,216.0
1.0,1182.0,460.0,562.0,231.0,1295.0,1295.0,394.0,168.0,306.0,154.0
1.0,953.0,208.0,555.0,1058.0,417.0,417.0,388.0,167.0,110.0,98.0
1.0,1803.0,271.0,544.0,1295.0,0.0,0.0,379.0,165.0,174.0,97.0
1.0,2827.0,597.0,541.0,417.0,0.0,0.0,377.0,164.0,443.0,154.0
1.0,2647.0,851.0,548.0,0.0,396.0,396.0,383.0,165.0,637.0,214.0
1.0,1796.0,785.0,559.0,0.0,1225.0,1225.0,391.0,168.0,566.0,219.0
1.0,1011.0,462.0,563.0,396.0,1307.0,1307.0,394.0,169.0,288.0,174.0
1.0,945.0,212.0,556.0,1225.0,266.0,266.0,388.0,168.0,98.0,114.0
1.0,1958.0,279.0,545.0,1307.0,0.0,0.0,380.0,165.0,180.0,99.0
1.0,2986.0,616.0,543.0,266.0,0.0,0.0,378.0,165.0,465.0,151.0
1.0,2636.0,889.0,551.0,0.0,457.0,457.0,385.0,166.0,674.0,215.0
1.0,1747.0,831.0,563.0,0.0,1336.0,1336.0,395.0,168.0,603.0,228.0
1.0,916.0,492.0,567.0,457.0,1387.0,1387.0,398.0,169.0,319.0,173.0
1.0,881.0,214.0,560.0,1336.0,237.0,237.0,392.0,168.0,98.0,116.0
1.0,2003.0,271.0,550.0,1387.0,0.0,0.0,384.0,166.0,166.0,105.0
1.0,3119.0,611.0,547.0,237.0,0.0,0.0,381.0,166.0,454.0,157.0
1.0,2745.0,905.0,555.0,0.0,380.0,380.0,388.0,167.0,681.0,224.0
1.0,1840.0,884.0,567.0,0.0,1312.0,1312.0,398.0,169.0,652.0,232.0
1.0,956.0,564.0,572.0,380.0,1516.0,1516.0,402.0,170.0,383.0,181.0
1.0,772.0,265.0,567.0,1312.0,449.0,449.0,398.0,169.0,145.0,120.0
1.0,1819.0,296.0,557.0,1516.0,0.0,0.0,390.0,167.0,180.0,116.0
1.0,3039.0,630.0,553.0,449.0,0.0,0.0,387.0,166.0,459.0,171.0
1.0,2858.0,950.0,560.0,0.0,332.0,332.0,393.0,167.0,714.0,236.0
1.0,1908.0,926.0,573.0,0.0,1310.0,1310.0,403.0,170.0,675.0,251.0
1.0,982.0,591.0,578.0,332.0,1589.0,1589.0,407.0,171.0,397.0,194.0
1.0,723.0,306.0,573.0,1310.0,565.0,565.0,403.0,170.0,180.0,126.0
1.0,1727.0,299.0,563.0,1589.0,0.0,0.0,395.0,168.0,187.0,112.0
1.0,3017.0,606.0,557.0,565.0,0.0,0.0,391.0,166.0,435.0,171.0
1.0,2976.0,925.0,564.0,0.0,205.0,205.0,396.0,168.0,679.0,246.0
1.0,2051.0,940.0,577.0,0.0,1197.0,1197.0,406.0,171.0,672.0,268.0
1.0,1111.0,638.0,583.0,205.0,1654.0,1654.0,410.0,173.0,425.0,213.0
1.0,678.0,317.0,577.0,1197.0,750.0,750.0,405.0,172.0,177.0,140.0
1.0,1558.0,315.0,567.0,1654.0,0.0,0.0,397.0,170.0,203.0,112.0
1.0,2897.0,620.0,562.0,750.0,0.0,0.0,394.0,168.0,455.0,165.0
1.0,3027.0,916.0,569.0,0.0,165.0,165.0,399.0,170.0,678.0,238.0
1.0,2111.0,911.0,581.0,0.0,1124.0,1124.0,408.0,173.0,649.0,262.0
1.0,1200.0,606.0,587.0,165.0,1589.0,1589.0,412.0,175.0,394.0,212.0
1.0,759.0,302.0,581.0,1124.0,743.0,743.0,407.0,174.0,167.0,135.0
1.0,1581.0,303.0,569.0,1589.0,0.0,0.0,398.0,171.0,192.0,111.0
1.0,2867.0,629.0,565.0,743.0,0.0,0.0,395.0,170.0,459.0,170.0
1.0,2981.0,923.0,571.0,0.0,226.0,226.0,400.0,171.0,679.0,244.0
1.0,2058.0,893.0,584.0,0.0,1171.0,1171.0,410.0,174.0,642.0,251.0
1.0,1165.0,546.0,589.0,226.0,1511.0,1511.0,413.0,176.0,362.0,184.0
1.0,845.0,250.0,582.0,1171.0,562.0,562.0,407.0,175.0,138.0,112.0
1.0,1766.0,302.0,572.0,1511.0,0.0,0.0,399.0,173.0,193.0,109.0
1.0,2975.0,641.0,568.0,562.0,0.0,0.0,396.0,172.0,464.0,177.0
1.0,2896.0,934.0,575.0,0.0,338.0,338.0,402.0,173.0,679.0,255.0
1.0,1962.0,871.0,587.0,0.0,1257.0,1257.0,411.0,176.0,618.0,253.0
1.0,1091.0,496.0,592.0,338.0,1435.0,1435.0,414.0,178.0,325.0,171.0
1.0,933.0,215.0,584.0,1257.0,361.0,361.0,408.0,176.0,117.0,98.0
1.0,1975.0,307.0,574.0,1435.0,0.0,0.0,400.0,174.0,198.0,109.0
1.0,3103.0,668.0,571.0,361.0,0.0,0.0,398.0,173.0,488.0,180.0
1.0,2796.0,950.0,581.0,0.0,478.0,478.0,406.0,175.0,706.0,244.0
1.0,1846.0,868.0,594.0,0.0,1398.0,1398.0,416.0,178.0,631.0,237.0
1.0,978.0,510.0,599.0,478.0,1450.0,1450.0,420.0,179.0,346.0,164.0
1.0,946.0,225.0,591.0,1398.0,245.0,245.0,413.0,178.0,124.0,101.0
1.0,2119.0,305.0,581.0,1450.0,0.0,0.0,405.0,176.0,197.0,108.0
1.0,3264.0,665.0,578.0,245.0,0.0,0.0,403.0,175.0,491.0,174.0
1.0,2844.0,944.0,588.0,0.0,452.0,452.0,412.0,176.0,708.0,236.0
1.0,1900.0,851.0,601.0,0.0,1355.0,1355.0,422.0,179.0,618.0,233.0
1.0,1049.0,515.0,605.0,452.0,1434.0,1434.0,425.0,180.0,340.0,175.0
1.0,986.0,252.0,597.0,1355.0,299.0,299.0,418.0,179.0,139.0,113.0
1.0,2089.0,301.0,586.0,1434.0,0.0,0.0,409.0,177.0,202.0,99.0
1.0,3222.0,660.0,583.0,299.0,0.0,0.0,407.0,176.0,496.0,164.0
1.0,2861.0,939.0,592.0,0.0,446.0,446.0,415.0,177.0,706.0,233.0
1.0,1922.0,872.0,605.0,0.0,1370.0,1370.0,425.0,180.0,624.0,248.0
1.0,1050.0,530.0,609.0,446.0,1470.0,1470.0,428.0,181.0,340.0,190.0
1.0,966.0,243.0,603.0,1370.0,319.0,319.0,422.0,181.0,124.0,119.0
1.0,2093.0,314.0,591.0,1470.0,0.0,0.0,413.0,178.0,201.0,113.0
1.0,3249.0,647.0,586.0,319.0,0.0,0.0,409.0,177.0,476.0,171.0
1.0,2921.0,916.0,593.0,0.0,367.0,367.0,415.0,178.0,679.0,237.0
1.0,2005.0,868.0,605.0,0.0,1283.0,1283.0,424.0,181.0,623.0,245.0
1.0,1137.0,556.0,610.0,367.0,1492.0,1492.0,428.0,182.0,368.0,188.0
1.0,948.0,308.0,603.0,1283.0,489.0,489.0,422.0,181.0,180.0,128.0
1.0,1923.0,383.0,593.0,1492.0,0.0,0.0,414.0,179.0,259.0,124.0
1.0,3032.0,683.0,588.0,489.0,0.0,0.0,410.0,178.0,507.0,176.0
1.0,2838.0,918.0,594.0,0.0,456.0,456.0,416.0,178.0,680.0,238.0
1.0,1920.0,839.0,605.0,0.0,1339.0,1339.0,424.0,181.0,598.0,241.0
1.0,1081.0,552.0,609.0,456.0,1451.0,1451.0,427.0,182.0,350.0,202.0
1.0,985.0,345.0,604.0,1339.0,437.0,437.0,422.0,182.0,194.0,151.0
1.0,1979.0,433.0,595.0,1451.0,0.0,0.0,415.0,180.0,292.0,141.0
1.0,2997.0,731.0,590.0,437.0,0.0,0.0,412.0,178.0,549.0,182.0
1.0,2703.0,937.0,597.0,0.0,622.0,622.0,418.0,179.0,702.0,235.0
1.0,1766.0,842.0,607.0,0.0,1504.0,1504.0,426.0,181.0,598.0,244.0
1.0,924.0,547.0,612.0,622.0,1449.0,1449.0,429.0,183.0,339.0,208.0
1.0,999.0,334.0,606.0,1504.0,255.0,255.0,423.0,183.0,176.0,158.0
1.0,2169.0,433.0,597.0,1449.0,0.0,0.0,416.0,181.0,283.0,150.0
1.0,3185.0,754.0,593.0,255.0,0.0,0.0,414.0,179.0,567.0,187.0
1.0,2686.0,992.0,601.0,0.0,710.0,710.0,421.0,180.0,746.0,246.0
1.0,1694.0,884.0,612.0,0.0,1638.0,1638.0,430.0,182.0,631.0,253.0
1.0,810.0,542.0,617.0,710.0,1490.0,1490.0,433.0,184.0,345.0,197.0
1.0,978.0,326.0,610.0,1638.0,150.0,150.0,427.0,183.0,188.0,138.0
1.0,2290.0,440.0,601.0,1490.0,0.0,0.0,420.0,181.0,306.0,134.0
1.0,3340.0,758.0,599.0,150.0,0.0,0.0,419.0,180.0,570.0,188.0
1.0,2732.0,975.0,607.0,0.0,671.0,671.0,426.0,181.0,721.0,254.0
1.0,1757.0,850.0,618.0,0.0,1565.0,1565.0,434.0,184.0,589.0,261.0
1.0,907.0,525.0,623.0,671.0,1439.0,1439.0,437.0,186.0,329.0,196.0
1.0,1053.0,318.0,617.0,1565.0,168.0,168.0,432.0,185.0,189.0,129.0
1.0,2300.0,442.0,608.0,1439.0,0.0,0.0,425.0,183.0,313.0,129.0
1.0,3297.0,753.0,605.0,168.0,0.0,0.0,424.0,181.0,565.0,188.0
1.0,2712.0,939.0,614.0,0.0,683.0,683.0,431.0,183.0,690.0,249.0
1.0,1773.0,808.0,625.0,0.0,1535.0,1535.0,439.0,186.0,551.0,257.0
1.0,965.0,502.0,629.0,683.0,1370.0,1370.0,441.0,188.0,302.0,200.0
1.0,1146.0,345.0,623.0,1535.0,156.0,156.0,436.0,187.0,210.0,135.0
1.0,2336.0,472.0,614.0,1370.0,0.0,0.0,429.0,185.0,342.0,130.0
1.0,3234.0,765.0,612.0,156.0,0.0,0.0,428.0,184.0,583.0,182.0
1.0,2625.0,888.0,619.0,0.0,739.0,739.0,434.0,185.0,655.0,233.0
1.0,1737.0,730.0,628.0,0.0,1505.0,1505.0,441.0,187.0,495.0,235.0
1.0,1007.0,473.0,631.0,739.0,1251.0,1251.0,442.0,189.0,274.0,199.0
1.0,1273.0,363.0,626.0,1505.0,89.0,89.0,437.0,189.0,215.0,148.0
1.0,2415.0,487.0,617.0,1251.0,0.0,0.0,430.0,187.0,350.0,137.0
1.0,3179.0,737.0,615.0,89.0,0.0,0.0,429.0,186.0,554.0,183.0
1.0,2531.0,867.0,622.0,0.0,824.0,824.0,435.0,187.0,634.0,233.0
1.0,1664.0,759.0,631.0,0.0,1619.0,1619.0,442.0,189.0,521.0,238.0
1.0,905.0,497.0,635.0,824.0,1308.0,1308.0,444.0,191.0,302.0,195.0
1.0,1232.0,338.0,629.0,1619.0,3.0,3.0,438.0,191.0,197.0,141.0
1.0,2513.0,441.0,620.0,1308.0,0.0,0.0,431.0,189.0,311.0,130.0
1.0,3380.0,717.0,616.0,3.0,0.0,0.0,429.0,187.0,544.0,173.0
1.0,2666.0,893.0,623.0,0.0,719.0,719.0,435.0,188.0,659.0,234.0
1.0,1773.0,816.0,635.0,0.0,1583.0,1583.0,444.0,191.0,570.0,246.0
1.0,957.0,562.0,639.0,719.0,1442.0,1442.0,447.0,192.0,368.0,194.0
1.0,1114.0,387.0,634.0,1583.0,226.0,226.0,442.0,192.0,246.0,141.0
1.0,2310.0,480.0,626.0,1442.0,0.0,0.0,436.0,190.0,344.0,136.0
1.0,3272.0,749.0,624.0,226.0,0.0,0.0,435.0,189.0,558.0,191.0
1.0,2749.0,917.0,631.0,0.0,692.0,692.0,441.0,190.0,675.0,242.0
1.0,1832.0,831.0,641.0,0.0,1563.0,1563.0,449.0,192.0,587.0,244.0
1.0,1001.0,582.0,644.0,692.0,1465.0,1465.0,451.0,193.0,383.0,199.0
1.0,1111.0,414.0,639.0,1563.0,296.0,296.0,446.0,193.0,269.0,145.0
1.0,2260.0,494.0,631.0,1465.0,0.0,0.0,440.0,191.0,357.0,137.0
1.0,3231.0,752.0,629.0,296.0,0.0,0.0,439.0,190.0,562.0,190.0
1.0,2775.0,940.0,637.0,0.0,713.0,713.0,446.0,191.0,684.0,256.0
1.0,1835.0,894.0,647.0,0.0,1647.0,1647.0,454.0,193.0,626.0,268.0
1.0,941.0,628.0,651.0,713.0,1578.0,1578.0,457.0,194.0,420.0,208.0
1.0,1026.0,410.0,644.0,1647.0,313.0,313.0,451.0,193.0,276.0,134.0
1.0,2263.0,476.0,636.0,1578.0,0.0,0.0,445.0,191.0,352.0,124.0
1.0,3365.0,746.0,634.0,313.0,0.0,0.0,444.0,190.0,554.0,192.0
1.0,2932.0,965.0,642.0,0.0,601.0,601.0,451.0,191.0,698.0,267.0
1.0,1967.0,893.0,653.0,0.0,1538.0,1538.0,459.0,194.0,620.0,273.0
1.0,1074.0,612.0,657.0,601.0,1565.0,1565.0,462.0,195.0,405.0,207.0
1.0,1063.0,393.0,650.0,1538.0,392.0,392.0,456.0,194.0,261.0,132.0
1.0,2208.0,475.0,639.0,1565.0,0.0,0.0,448.0,191.0,349.0,126.0
1.0,3298.0,757.0,637.0,392.0,0.0,0.0,447.0,190.0,563.0,194.0
1.0,2933.0,942.0,645.0,0.0,589.0,589.0,453.0,192.0,674.0,268.0
1.0,1991.0,846.0,654.0,0.0,1471.0,1471.0,460.0,194.0,568.0,278.0
1.0,1145.0,585.0,658.0,589.0,1483.0,1483.0,462.0,196.0,376.0,209.0
1.0,1149.0,419.0,651.0,1471.0,403.0,403.0,456.0,195.0,285.0,134.0
1.0,2201.0,487.0,641.0,1483.0,0.0,0.0,449.0,192.0,365.0,122.0
1.0,3197.0,729.0,640.0,403.0,0.0,0.0,449.0,191.0,546.0,183.0
1.0,2871.0,880.0,646.0,0.0,593.0,593.0,454.0,192.0,630.0,250.0
1.0,1991.0,812.0,655.0,0.0,1441.0,1441.0,461.0,194.0,544.0,268.0
1.0,1179.0,580.0,658.0,593.0,1440.0,1440.0,462.0,196.0,364.0,216.0
1.0,1192.0,424.0,652.0,1441.0,399.0,399.0,457.0,195.0,277.0,147.0
1.0,2209.0,480.0,643.0,1440.0,0.0,0.0,450.0,193.0,352.0,128.0
1.0,3169.0,703.0,641.0,399.0,0.0,0.0,450.0,191.0,528.0,175.0
1.0,2865.0,882.0,648.0,0.0,609.0,609.0,456.0,192.0,640.0,242.0
1.0,1983.0,821.0,658.0,0.0,1470.0,1470.0,463.0,195.0,557.0,264.0
1.0,1162.0,595.0,659.0,609.0,1460.0,1460.0,463.0,196.0,374.0,221.0
1.0,1176.0,409.0,653.0,1470.0,375.0,375.0,457.0,196.0,262.0,147.0
1.0,2237.0,455.0,644.0,1460.0,0.0,0.0,451.0,193.0,342.0,113.0
1.0,3242.0,698.0,644.0,375.0,0.0,0.0,452.0,192.0,533.0,165.0
1.0,2919.0,912.0,652.0,0.0,601.0,601.0,459.0,193.0,659.0,253.0
1.0,2007.0,872.0,662.0,0.0,1513.0,1513.0,466.0,196.0,582.0,290.0
1.0,1135.0,612.0,665.0,601.0,1536.0,1536.0,467.0,198.0,379.0,233.0
1.0,1124.0,389.0,658.0,1513.0,384.0,384.0,461.0,197.0,248.0,141.0
1.0,2248.0,433.0,649.0,1536.0,0.0,0.0,455.0,194.0,330.0,103.0
1.0,3351.0,709.0,649.0,384.0,0.0,0.0,456.0,193.0,538.0,171.0
1.0,3026.0,947.0,657.0,0.0,549.0,549.0,463.0,194.0,681.0,266.0
1.0,2079.0,885.0,668.0,0.0,1478.0,1478.0,471.0,197.0,592.0,293.0
1.0,1194.0,617.0,671.0,549.0,1558.0,1558.0,472.0,199.0,384.0,233.0
1.0,1126.0,412.0,666.0,1478.0,472.0,472.0,467.0,199.0,264.0,148.0
1.0,2192.0,471.0,658.0,1558.0,0.0,0.0,461.0,197.0,350.0,121.0
1.0,3279.0,739.0,655.0,472.0,0.0,0.0,460.0,195.0,563.0,176.0
1.0,3012.0,962.0,664.0,0.0,606.0,606.0,467.0,197.0,699.0,263.0
1.0,2050.0,903.0,674.0,0.0,1549.0,1549.0,474.0,200.0,613.0,290.0
1.0,1147.0,617.0,677.0,606.0,1572.0,1572.0,475.0,202.0,378.0,239.0
1.0,1136.0,408.0,670.0,1549.0,403.0,403.0,469.0,201.0,257.0,151.0
1.0,2277.0,479.0,661.0,1572.0,0.0,0.0,462.0,199.0,349.0,130.0
1.0,3370.0,764.0,660.0,403.0,0.0,0.0,462.0,198.0,570.0,194.0
1.0,3009.0,985.0,667.0,0.0,644.0,644.0,468.0,199.0,709.0,276.0
1.0,2024.0,910.0,677.0,0.0,1594.0,1594.0,475.0,202.0,617.0,293.0
1.0,1114.0,605.0,680.0,644.0,1567.0,1567.0,476.0,204.0,380.0,225.0
1.0,1153.0,378.0,672.0,1594.0,319.0,319.0,469.0,203.0,240.0,138.0
1.0,2369.0,464.0,663.0,1567.0,0.0,0.0,463.0,200.0,340.0,124.0
1.0,3472.0,804.0,661.0,319.0,0.0,0.0,462.0,199.0,600.0,204.0
1.0,2987.0,1021.0,668.0,0.0,706.0,706.0,468.0,200.0,731.0,290.0
1.0,1966.0,925.0,679.0,0.0,1675.0,1675.0,475.0,204.0,626.0,299.0
1.0,1041.0,600.0,681.0,706.0,1577.0,1577.0,475.0,206.0,373.0,227.0
1.0,1147.0,373.0,674.0,1675.0,247.0,247.0,469.0,205.0,234.0,139.0
1.0,2449.0,466.0,665.0,1577.0,0.0,0.0,463.0,202.0,355.0,111.0
1.0,3560.0,797.0,662.0,247.0,0.0,0.0,462.0,200.0,608.0,189.0
1.0,3010.0,1032.0,671.0,0.0,706.0,706.0,469.0,202.0,743.0,289.0
1.0,1978.0,937.0,681.0,0.0,1683.0,1683.0,476.0,205.0,625.0,312.0
1.0,1041.0,604.0,683.0,706.0,1589.0,1589.0,476.0,207.0,369.0,235.0
1.0,1143.0,391.0,676.0,1683.0,269.0,269.0,470.0,206.0,257.0,134.0
1.0,2435.0,493.0,668.0,1589.0,0.0,0.0,465.0,203.0,382.0,111.0
1.0,3531.0,829.0,667.0,269.0,0.0,0.0,466.0,201.0,639.0,190.0
1.0,2971.0,1031.0,676.0,0.0,764.0,764.0,473.0,203.0,734.0,297.0
1.0,1940.0,922.0,685.0,0.0,1722.0,1722.0,479.0,206.0,606.0,316.0
1.0,1018.0,596.0,687.0,764.0,1562.0,1562.0,479.0,208.0,372.0,224.0
1.0,1186.0,370.0,681.0,1722.0,186.0,186.0,474.0,207.0,260.0,110.0
1.0,2538.0,487.0,673.0,1562.0,0.0,0.0,469.0,204.0,402.0,85.0
1.0,3613.0,833.0,674.0,186.0,0.0,0.0,472.0,202.0,652.0,181.0
1.0,2966.0,1067.0,683.0,0.0,833.0,833.0,479.0,204.0,762.0,305.0
1.0,1899.0,941.0,693.0,0.0,1814.0,1814.0,486.0,207.0,616.0,325.0
1.0,958.0,573.0,695.0,833.0,1562.0,1562.0,486.0,209.0,347.0,226.0
1.0,1218.0,325.0,688.0,1814.0,45.0,45.0,480.0,208.0,218.0,107.0
1.0,2707.0,452.0,679.0,1562.0,0.0,0.0,474.0,205.0,362.0,90.0
1.0,3817.0,813.0,679.0,45.0,0.0,0.0,476.0,203.0,625.0,188.0
1.0,3049.0,1068.0,688.0,0.0,771.0,771.0,483.0,205.0,761.0,307.0
1.0,1981.0,952.0,698.0,0.0,1763.0,1763.0,490.0,208.0,631.0,321.0
1.0,1029.0,573.0,700.0,771.0,1573.0,1573.0,490.0,210.0,355.0,218.0
1.0,1227.0,300.0,693.0,1763.0,82.0,82.0,484.0,209.0,204.0,96.0
1.0,2690.0,401.0,684.0,1573.0,0.0,0.0,478.0,206.0,320.0,81.0
1.0,3862.0,777.0,682.0,82.0,0.0,0.0,478.0,204.0,589.0,188.0
1.0,3167.0,1055.0,690.0,0.0,648.0,648.0,485.0,205.0,748.0,307.0
1.0,2112.0,953.0,701.0,0.0,1645.0,1645.0,492.0,209.0,634.0,319.0
1.0,1159.0,589.0,704.0,648.0,1598.0,1598.0,493.0,211.0,372.0,217.0
1.0,1218.0,302.0,696.0,1645.0,223.0,223.0,486.0,210.0,198.0,104.0
1.0,2561.0,392.0,685.0,1598.0,0.0,0.0,479.0,206.0,301.0,91.0
1.0,3767.0,780.0,683.0,223.0,0.0,0.0,479.0,204.0,587.0,193.0
1.0,3210.0,1073.0,692.0,0.0,631.0,631.0,486.0,206.0,765.0,308.0
1.0,2137.0,976.0,703.0,0.0,1651.0,1651.0,494.0,209.0,647.0,329.0
1.0,1161.0,598.0,705.0,631.0,1626.0,1626.0,494.0,211.0,363.0,235.0
1.0,1194.0,309.0,697.0,1651.0,252.0,252.0,487.0,210.0,194.0,115.0
1.0,2536.0,421.0,687.0,1626.0,0.0,0.0,480.0,207.0,326.0,95.0
1.0,3741.0,832.0,685.0,252.0,0.0,0.0,480.0,205.0,629.0,203.0
1.0,3161.0,1128.0,695.0,0.0,747.0,747.0,488.0,207.0,800.0,328.0
1.0,2033.0,1020.0,707.0,0.0,1815.0,1815.0,496.0,211.0,682.0,338.0
1.0,1013.0,609.0,710.0,747.0,1689.0,1689.0,497.0,213.0,384.0,225.0
1.0,1151.0,313.0,701.0,1815.0,151.0,151.0,490.0,211.0,212.0,101.0
1.0,2653.0,446.0,690.0,1689.0,0.0,0.0,483.0,207.0,344.0,102.0
1.0,3896.0,866.0,689.0,151.0,0.0,0.0,483.0,206.0,637.0,229.0
1.0,3181.0,1153.0,701.0,0.0,776.0,776.0,492.0,209.0,806.0,347.0
1.0,2028.0,1026.0,712.0,0.0,1846.0,1846.0,500.0,212.0,684.0,342.0
1.0,1002.0,616.0,715.0,776.0,1698.0,1698.0,501.0,214.0,398.0,218.0
1.0,1162.0,364.0,707.0,1846.0,184.0,184.0,495.0,212.0,256.0,108.0
1.0,2644.0,512.0,697.0,1698.0,0.0,0.0,488.0,209.0,392.0,120.0
1.0,3830.0,894.0,697.0,184.0,0.0,0.0,489.0,208.0,653.0,241.0
1.0,3120.0,1132.0,707.0,0.0,840.0,840.0,497.0,210.0,780.0,352.0
1.0,1988.0,1021.0,719.0,0.0,1909.0,1909.0,505.0,214.0,689.0,332.0
1.0,967.0,656.0,723.0,840.0,1741.0,1741.0,507.0,216.0,444.0,212.0
1.0,1151.0,414.0,716.0,1909.0,218.0,218.0,501.0,215.0,304.0,110.0
1.0,2646.0,518.0,706.0,1741.0,0.0,0.0,495.0,211.0,399.0,119.0
1.0,3869.0,886.0,705.0,218.0,0.0,0.0,495.0,210.0,647.0,239.0
1.0,3201.0,1133.0,715.0,0.0,792.0,792.0,503.0,212.0,781.0,352.0
1.0,2068.0,973.0,726.0,0.0,1809.0,1809.0,510.0,216.0,639.0,334.0
1.0,1095.0,579.0,728.0,792.0,1604.0,1604.0,510.0,218.0,372.0,207.0
1.0,1308.0,365.0,719.0,1809.0,124.0,124.0,503.0,216.0,259.0,106.0
1.0,2752.0,524.0,709.0,1604.0,0.0,0.0,496.0,213.0,403.0,121.0
1.0,3832.0,912.0,709.0,124.0,0.0,0.0,498.0,211.0,673.0,239.0
1.0,3044.0,1116.0,719.0,0.0,948.0,948.0,506.0,213.0,781.0,335.0
1.0,1928.0,954.0,730.0,0.0,1946.0,1946.0,513.0,217.0,640.0,314.0
1.0,974.0,552.0,732.0,948.0,1558.0,1558.0,512.0,220.0,358.0,194.0
1.0,1370.0,323.0,722.0,1946.0,0.0,0.0,504.0,218.0,226.0,97.0
1.0,2993.0,483.0,710.0,1558.0,0.0,0.0,496.0,214.0,358.0,125.0
1.0,4068.0,888.0,709.0,0.0,0.0,0.0,496.0,213.0,641.0,247.0
1.0,3180.0,1104.0,720.0,0.0,804.0,804.0,505.0,215.0,766.0,338.0
1.0,2076.0,930.0,731.0,0.0,1778.0,1778.0,512.0,219.0,623.0,307.0
1.0,1146.0,542.0,733.0,804.0,1524.0,1524.0,512.0,221.0,358.0,184.0
1.0,1408.0,300.0,723.0,1778.0,6.0,6.0,504.0,219.0,216.0,84.0
1.0,2886.0,463.0,711.0,1524.0,0.0,0.0,496.0,215.0,346.0,117.0
1.0,3947.0,869.0,710.0,6.0,0.0,0.0,496.0,214.0,626.0,243.0
1.0,3084.0,1113.0,720.0,0.0,909.0,909.0,504.0,216.0,770.0,343.0
1.0,1971.0,955.0,733.0,0.0,1916.0,1916.0,513.0,220.0,643.0,312.0
1.0,1016.0,551.0,736.0,909.0,1570.0,1570.0,514.0,222.0,366.0,185.0
1.0,1374.0,299.0,727.0,1916.0,0.0,0.0,507.0,220.0,220.0,79.0
1.0,2991.0,451.0,715.0,1570.0,0.0,0.0,499.0,216.0,349.0,102.0
1.0,4110.0,876.0,713.0,0.0,0.0,0.0,499.0,214.0,641.0,235.0
1.0,3234.0,1128.0,724.0,0.0,790.0,790.0,507.0,217.0,789.0,339.0
1.0,2106.0,956.0,737.0,0.0,1798.0,1798.0,516.0,221.0,647.0,309.0
1.0,1150.0,564.0,740.0,790.0,1584.0,1584.0,517.0,223.0,375.0,189.0
1.0,1376.0,343.0,732.0,1798.0,97.0,97.0,511.0,221.0,248.0,95.0
1.0,2831.0,500.0,720.0,1584.0,0.0,0.0,503.0,217.0,382.0,118.0
1.0,3915.0,892.0,718.0,97.0,0.0,0.0,503.0,215.0,653.0,239.0
1.0,3120.0,1133.0,729.0,0.0,929.0,929.0,512.0,217.0,792.0,341.0
1.0,1987.0,1009.0,743.0,0.0,1994.0,1994.0,521.0,222.0,676.0,333.0
1.0,978.0,608.0,746.0,929.0,1685.0,1685.0,522.0,224.0,401.0,207.0
1.0,1299.0,342.0,737.0,1994.0,0.0,0.0,515.0,222.0,250.0,92.0
1.0,2951.0,483.0,724.0,1685.0,0.0,0.0,507.0,217.0,375.0,108.0
1.0,4153.0,910.0,722.0,0.0,0.0,0.0,507.0,215.0,672.0,238.0
1.0,3243.0,1185.0,733.0,0.0,874.0,874.0,515.0,218.0,833.0,352.0
1.0,2058.0,1050.0,748.0,0.0,1984.0,1984.0,525.0,223.0,710.0,340.0
1.0,1008.0,628.0,751.0,874.0,1750.0,1750.0,526.0,225.0,417.0,211.0
1.0,1254.0,347.0,741.0,1984.0,73.0,73.0,519.0,222.0,247.0,100.0
1.0,2891.0,488.0,728.0,1750.0,0.0,0.0,510.0,218.0,369.0,119.0
1.0,4153.0,912.0,726.0,73.0,0.0,0.0,510.0,216.0,657.0,255.0
1.0,3314.0,1189.0,737.0,0.0,823.0,823.0,518.0,219.0,818.0,371.0
1.0,2125.0,1062.0,751.0,0.0,1941.0,1941.0,527.0,224.0,706.0,356.0
1.0,1063.0,632.0,753.0,823.0,1758.0,1758.0,527.0,226.0,411.0,221.0
1.0,1254.0,349.0,742.0,1941.0,122.0,122.0,519.0,223.0,252.0,97.0
1.0,2846.0,501.0,730.0,1758.0,0.0,0.0,512.0,218.0,388.0,113.0
1.0,4103.0,931.0,728.0,122.0,0.0,0.0,511.0,217.0,675.0,256.0
1.0,3294.0,1205.0,739.0,0.0,867.0,867.0,519.0,220.0,825.0,380.0
1.0,2089.0,1047.0,751.0,0.0,1962.0,1962.0,526.0,225.0,687.0,360.0
1.0,1042.0,642.0,754.0,867.0,1749.0,1749.0,527.0,227.0,427.0,215.0
1.0,1267.0,390.0,744.0,1962.0,137.0,137.0,520.0,224.0,290.0,100.0
1.0,2839.0,523.0,733.0,1749.0,0.0,0.0,513.0,220.0,406.0,117.0
1.0,4065.0,897.0,731.0,137.0,0.0,0.0,513.0,218.0,646.0,251.0
1.0,3305.0,1154.0,742.0,0.0,817.0,817.0,521.0,221.0,783.0,371.0
1.0,2151.0,1014.0,754.0,0.0,1879.0,1879.0,528.0,226.0,665.0,349.0
1.0,1137.0,647.0,757.0,817.0,1721.0,1721.0,529.0,228.0,433.0,214.0
1.0,1307.0,408.0,747.0,1879.0,210.0,210.0,522.0,225.0,303.0,105.0
1.0,2778.0,531.0,736.0,1721.0,0.0,0.0,515.0,221.0,404.0,127.0
1.0,3968.0,916.0,735.0,210.0,0.0,0.0,515.0,220.0,658.0,258.0
1.0,3262.0,1180.0,747.0,0.0,906.0,906.0,524.0,223.0,807.0,373.0
1.0,2082.0,1040.0,761.0,0.0,2002.0,2002.0,533.0,228.0,691.0,349.0
1.0,1042.0,633.0,764.0,906.0,1741.0,1741.0,534.0,230.0,424.0,209.0
1.0,1315.0,358.0,753.0,2002.0,53.0,53.0,526.0,227.0,261.0,97.0
1.0,2959.0,502.0,742.0,1741.0,0.0,0.0,519.0,223.0,386.0,116.0
1.0,4198.0,912.0,742.0,53.0,0.0,0.0,520.0,222.0,662.0,250.0
1.0,3339.0,1170.0,754.0,0.0,847.0,847.0,529.0,225.0,814.0,356.0
1.0,2169.0,1019.0,768.0,0.0,1922.0,1922.0,538.0,230.0,675.0,344.0
1.0,1150.0,605.0,770.0,847.0,1688.0,1688.0,538.0,232.0,388.0,217.0
1.0,1392.0,329.0,760.0,1922.0,55.0,55.0,531.0,229.0,230.0,99.0
1.0,2985.0,493.0,748.0,1688.0,0.0,0.0,523.0,225.0,377.0,116.0
1.0,4180.0,927.0,747.0,55.0,0.0,0.0,524.0,223.0,683.0,244.0
1.0,3308.0,1184.0,760.0,0.0,916.0,916.0,533.0,227.0,827.0,357.0
1.0,2124.0,1031.0,774.0,0.0,2003.0,2003.0,542.0,232.0,678.0,353.0
1.0,1093.0,596.0,776.0,916.0,1691.0,1691.0,542.0,234.0,373.0,223.0
1.0,1413.0,305.0,766.0,2003.0,0.0,0.0,534.0,232.0,206.0,99.0
1.0,3111.0,480.0,753.0,1691.0,0.0,0.0,526.0,227.0,371.0,109.0
1.0,4322.0,949.0,753.0,0.0,0.0,0.0,527.0,226.0,714.0,235.0
1.0,3373.0,1222.0,765.0,0.0,909.0,909.0,536.0,229.0,866.0,356.0
1.0,2151.0,1045.0,779.0,0.0,2010.0,2010.0,545.0,234.0,687.0,358.0
1.0,1106.0,579.0,780.0,909.0,1684.0,1684.0,544.0,236.0,356.0,223.0
1.0,1436.0,283.0,769.0,2010.0,0.0,0.0,536.0,233.0,197.0,86.0
1.0,3163.0,486.0,756.0,1684.0,0.0,0.0,528.0,228.0,393.0,93.0
1.0,4361.0,961.0,756.0,0.0,0.0,0.0,529.0,227.0,719.0,242.0
1.0,3400.0,1238.0,768.0,0.0,910.0,910.0,538.0,230.0,867.0,371.0
1.0,2162.0,1030.0,781.0,0.0,1992.0,1992.0,546.0,235.0,674.0,356.0
1.0,1132.0,557.0,782.0,910.0,1643.0,1643.0,545.0,237.0,335.0,222.0
1.0,1485.0,306.0,770.0,1992.0,0.0,0.0,536.0,234.0,208.0,98.0
1.0,3171.0,525.0,758.0,1643.0,0.0,0.0,528.0,230.0,408.0,117.0
1.0,4289.0,999.0,757.0,0.0,0.0,0.0,529.0,228.0,744.0,255.0
1.0,3290.0,1250.0,769.0,0.0,1036.0,1036.0,538.0,231.0,880.0,370.0
1.0,2040.0,1046.0,782.0,0.0,2134.0,2134.0,546.0,236.0,694.0,352.0
1.0,994.0,579.0,784.0,1036.0,1685.0,1685.0,546.0,238.0,357.0,222.0
1.0,1451.0,331.0,773.0,2134.0,0.0,0.0,538.0,235.0,222.0,109.0
1.0,3254.0,560.0,761.0,1685.0,0.0,0.0,530.0,231.0,425.0,135.0
1.0,4379.0,1034.0,760.0,0.0,0.0,0.0,531.0,229.0,768.0,266.0
1.0,3345.0,1286.0,773.0,0.0,1033.0,1033.0,541.0,232.0,915.0,371.0
1.0,2059.0,1061.0,787.0,0.0,2150.0,2150.0,550.0,237.0,709.0,352.0
1.0,998.0,586.0,788.0,1033.0,1707.0,1707.0,549.0,239.0,362.0,224.0
1.0,1445.0,338.0,776.0,2150.0,0.0,0.0,540.0,236.0,225.0,113.0
1.0,3257.0,550.0,764.0,1707.0,0.0,0.0,533.0,231.0,419.0,131.0
1.0,4414.0,1059.0,765.0,0.0,0.0,0.0,535.0,230.0,797.0,262.0
1.0,3355.0,1344.0,778.0,0.0,1101.0,1101.0,545.0,233.0,964.0,380.0
1.0,2011.0,1115.0,792.0,0.0,2272.0,2272.0,554.0,238.0,754.0,361.0
1.0,896.0,619.0,794.0,1101.0,1798.0,1798.0,554.0,240.0,393.0,226.0
1.0,1378.0,304.0,782.0,2272.0,0.0,0.0,545.0,237.0,203.0,101.0
1.0,3346.0,512.0,770.0,1798.0,0.0,0.0,538.0,232.0,392.0,120.0
1.0,4632.0,1013.0,770.0,0.0,0.0,0.0,540.0,230.0,756.0,257.0
1.0,3619.0,1328.0,783.0,0.0,841.0,841.0,549.0,234.0,947.0,381.0
1.0,2291.0,1125.0,797.0,0.0,2022.0,2022.0,558.0,239.0,763.0,362.0
1.0,1166.0,601.0,798.0,841.0,1786.0,1786.0,558.0,240.0,375.0,226.0
1.0,1406.0,288.0,786.0,2022.0,4.0,4.0,549.0,237.0,185.0,103.0
1.0,3140.0,511.0,774.0,1786.0,0.0,0.0,541.0,233.0,391.0,120.0
1.0,4415.0,1031.0,773.0,4.0,0.0,0.0,542.0,231.0,770.0,261.0
1.0,3388.0,1322.0,786.0,0.0,1078.0,1078.0,552.0,234.0,941.0,381.0
1.0,2066.0,1085.0,800.0,0.0,2219.0,2219.0,561.0,239.0,727.0,358.0
1.0,981.0,542.0,801.0,1078.0,1687.0,1687.0,560.0,241.0,327.0,215.0
1.0,1517.0,252.0,788.0,2219.0,0.0,0.0,550.0,238.0,150.0,102.0
1.0,3484.0,508.0,776.0,1687.0,0.0,0.0,542.0,234.0,381.0,127.0
1.0,4663.0,1052.0,776.0,0.0,0.0,0.0,544.0,232.0,783.0,269.0
1.0,3611.0,1341.0,791.0,0.0,894.0,894.0,555.0,236.0,961.0,380.0
1.0,2270.0,1086.0,805.0,0.0,2036.0,2036.0,564.0,241.0,729.0,357.0
1.0,1184.0,512.0,805.0,894.0,1654.0,1654.0,563.0,242.0,299.0,213.0
1.0,1566.0,209.0,791.0,2036.0,0.0,0.0,552.0,239.0,116.0,93.0
1.0,3393.0,482.0,778.0,1654.0,0.0,0.0,543.0,235.0,360.0,122.0
1.0,4565.0,1043.0,778.0,0.0,0.0,0.0,545.0,233.0,781.0,262.0
1.0,3522.0,1352.0,792.0,0.0,998.0,998.0,556.0,236.0,971.0,381.0
1.0,2170.0,1105.0,808.0,0.0,2167.0,2167.0,567.0,241.0,741.0,364.0
1.0,1065.0,534.0,810.0,998.0,1711.0,1711.0,566.0,244.0,308.0,226.0
1.0,1529.0,226.0,795.0,2167.0,0.0,0.0,554.0,241.0,122.0,104.0
1.0,3470.0,491.0,781.0,1711.0,0.0,0.0,545.0,236.0,373.0,118.0
1.0,4690.0,1044.0,781.0,0.0,0.0,0.0,547.0,234.0,794.0,250.0
1.0,3646.0,1357.0,796.0,0.0,895.0,895.0,559.0,237.0,978.0,379.0
1.0,2289.0,1121.0,812.0,0.0,2080.0,2080.0,569.0,243.0,754.0,367.0
1.0,1168.0,575.0,814.0,895.0,1768.0,1768.0,568.0,246.0,342.0,233.0
1.0,1488.0,274.0,801.0,2080.0,0.0,0.0,558.0,243.0,164.0,110.0
1.0,3294.0,516.0,787.0,1768.0,0.0,0.0,549.0,238.0,390.0,126.0
1.0,4546.0,1051.0,787.0,0.0,0.0,0.0,551.0,236.0,791.0,260.0
1.0,3495.0,1362.0,803.0,0.0,1079.0,1079.0,563.0,240.0,980.0,382.0
1.0,2133.0,1127.0,819.0,0.0,2270.0,2270.0,574.0,245.0,753.0,374.0
1.0,1006.0,602.0,820.0,1079.0,1797.0,1797.0,573.0,247.0,364.0,238.0
1.0,1483.0,337.0,807.0,2270.0,0.0,0.0,563.0,244.0,219.0,118.0
1.0,3416.0,579.0,794.0,1797.0,0.0,0.0,554.0,240.0,448.0,131.0
1.0,4634.0,1086.0,795.0,0.0,0.0,0.0,557.0,238.0,823.0,263.0
1.0,3548.0,1351.0,810.0,0.0,1043.0,1043.0,569.0,241.0,968.0,383.0
1.0,2197.0,1116.0,825.0,0.0,2219.0,2219.0,579.0,246.0,743.0,373.0
1.0,1081.0,637.0,826.0,1043.0,1817.0,1817.0,578.0,248.0,393.0,244.0
1.0,1487.0,370.0,814.0,2219.0,0.0,0.0,568.0,246.0,254.0,116.0
1.0,3336.0,575.0,800.0,1817.0,0.0,0.0,559.0,241.0,455.0,120.0
1.0,4578.0,1059.0,800.0,0.0,0.0,0.0,561.0,239.0,797.0,262.0
1.0,3519.0,1333.0,814.0,0.0,1070.0,1070.0,572.0,242.0,941.0,392.0
1.0,2186.0,1141.0,830.0,0.0,2275.0,2275.0,583.0,247.0,762.0,379.0
1.0,1045.0,660.0,832.0,1070.0,1873.0,1873.0,582.0,250.0,412.0,248.0
1.0,1455.0,357.0,819.0,2275.0,0.0,0.0,572.0,247.0,238.0,119.0
1.0,3373.0,541.0,803.0,1873.0,0.0,0.0,561.0,242.0,416.0,125.0
1.0,4705.0,1026.0,801.0,0.0,0.0,0.0,561.0,240.0,768.0,258.0
1.0,3679.0,1329.0,815.0,0.0,910.0,910.0,572.0,243.0,945.0,384.0
1.0,2350.0,1167.0,831.0,0.0,2141.0,2141.0,583.0,248.0,786.0,381.0
1.0,1183.0,684.0,835.0,910.0,1931.0,1931.0,584.0,251.0,437.0,247.0
1.0,1409.0,339.0,822.0,2141.0,77.0,77.0,574.0,248.0,221.0,118.0
1.0,3211.0,480.0,805.0,1931.0,0.0,0.0,562.0,243.0,356.0,124.0
1.0,4662.0,967.0,803.0,77.0,0.0,0.0,562.0,241.0,715.0,252.0
1.0,3772.0,1312.0,816.0,0.0,804.0,804.0,572.0,244.0,941.0,371.0
1.0,2460.0,1179.0,833.0,0.0,2051.0,2051.0,584.0,249.0,812.0,367.0
1.0,1281.0,692.0,836.0,804.0,1951.0,1951.0,585.0,251.0,444.0,248.0
1.0,1393.0,337.0,824.0,2051.0,189.0,189.0,575.0,249.0,209.0,128.0
1.0,3107.0,457.0,807.0,1951.0,0.0,0.0,563.0,244.0,334.0,123.0
1.0,4601.0,935.0,804.0,189.0,0.0,0.0,562.0,242.0,693.0,242.0
1.0,3855.0,1307.0,819.0,0.0,728.0,728.0,574.0,245.0,941.0,366.0
1.0,2548.0,1202.0,837.0,0.0,2002.0,2002.0,587.0,250.0,839.0,363.0
1.0,1346.0,706.0,841.0,728.0,1996.0,1996.0,589.0,252.0,465.0,241.0
1.0,1368.0,343.0,827.0,2002.0,281.0,281.0,578.0,249.0,220.0,123.0
1.0,3027.0,454.0,810.0,1996.0,0.0,0.0,566.0,244.0,330.0,124.0
1.0,4569.0,936.0,807.0,281.0,0.0,0.0,565.0,242.0,688.0,248.0
1.0,3914.0,1319.0,823.0,0.0,697.0,697.0,578.0,245.0,948.0,371.0
1.0,2595.0,1214.0,842.0,0.0,1987.0,1987.0,592.0,250.0,840.0,374.0
1.0,1381.0,721.0,847.0,697.0,2031.0,2031.0,594.0,253.0,477.0,244.0
1.0,1357.0,339.0,833.0,1987.0,327.0,327.0,583.0,250.0,221.0,118.0
1.0,3005.0,437.0,816.0,2031.0,0.0,0.0,571.0,245.0,322.0,115.0
1.0,4599.0,939.0,813.0,327.0,0.0,0.0,570.0,243.0,688.0,251.0
1.0,3987.0,1341.0,828.0,0.0,666.0,666.0,582.0,246.0,957.0,384.0
1.0,2646.0,1232.0,847.0,0.0,1974.0,1974.0,596.0,251.0,850.0,382.0
1.0,1414.0,738.0,852.0,666.0,2066.0,2066.0,598.0,254.0,488.0,250.0
1.0,1342.0,357.0,839.0,1974.0,397.0,397.0,588.0,251.0,236.0,121.0
1.0,2959.0,461.0,821.0,2066.0,0.0,0.0,575.0,246.0,342.0,119.0
1.0,4564.0,947.0,818.0,397.0,0.0,0.0,574.0,244.0,697.0,250.0
1.0,4014.0,1327.0,833.0,0.0,645.0,645.0,586.0,247.0,949.0,378.0
1.0,2687.0,1228.0,851.0,0.0,1945.0,1945.0,599.0,252.0,847.0,381.0
1.0,1459.0,758.0,855.0,645.0,2074.0,2074.0,601.0,254.0,497.0,261.0
1.0,1346.0,392.0,843.0,1945.0,473.0,473.0,591.0,252.0,246.0,146.0
1.0,2899.0,487.0,827.0,2074.0,0.0,0.0,579.0,248.0,348.0,139.0
1.0,4486.0,964.0,823.0,473.0,0.0,0.0,578.0,245.0,711.0,253.0
1.0,3995.0,1354.0,837.0,0.0,707.0,707.0,589.0,248.0,971.0,383.0
1.0,2641.0,1263.0,855.0,0.0,2042.0,2042.0,602.0,253.0,871.0,392.0
1.0,1378.0,768.0,859.0,707.0,2119.0,2119.0,603.0,256.0,496.0,272.0
1.0,1317.0,390.0,846.0,2042.0,415.0,415.0,592.0,254.0,244.0,146.0
1.0,2969.0,496.0,829.0,2119.0,0.0,0.0,580.0,249.0,346.0,150.0
1.0,4592.0,990.0,826.0,415.0,0.0,0.0,579.0,247.0,714.0,276.0
1.0,4017.0,1373.0,840.0,0.0,716.0,716.0,590.0,250.0,978.0,395.0
1.0,2644.0,1255.0,858.0,0.0,2043.0,2043.0,602.0,256.0,868.0,387.0
1.0,1389.0,767.0,861.0,716.0,2106.0,2106.0,603.0,258.0,511.0,256.0
1.0,1338.0,404.0,849.0,2043.0,419.0,419.0,593.0,256.0,261.0,143.0
1.0,2977.0,514.0,833.0,2106.0,0.0,0.0,582.0,251.0,360.0,154.0
1.0,4569.0,994.0,830.0,419.0,0.0,0.0,581.0,249.0,715.0,279.0
1.0,3994.0,1364.0,844.0,0.0,746.0,746.0,592.0,252.0,969.0,395.0
1.0,2630.0,1299.0,862.0,0.0,2117.0,2117.0,604.0,258.0,901.0,398.0
1.0,1331.0,811.0,867.0,746.0,2202.0,2202.0,607.0,260.0,546.0,265.0
1.0,1266.0,414.0,855.0,2117.0,451.0,451.0,597.0,258.0,278.0,136.0
1.0,2969.0,504.0,839.0,2202.0,0.0,0.0,586.0,253.0,361.0,143.0
1.0,4667.0,988.0,836.0,451.0,0.0,0.0,585.0,251.0,717.0,271.0
1.0,4130.0,1373.0,849.0,0.0,639.0,639.0,595.0,254.0,978.0,395.0
1.0,2757.0,1294.0,867.0,0.0,2005.0,2005.0,608.0,259.0,899.0,395.0
1.0,1463.0,828.0,874.0,639.0,2222.0,2222.0,612.0,262.0,565.0,263.0
1.0,1274.0,426.0,864.0,2005.0,603.0,603.0,604.0,260.0,296.0,130.0
1.0,2853.0,479.0,848.0,2222.0,0.0,0.0,593.0,255.0,355.0,124.0
1.0,4596.0,949.0,844.0,603.0,0.0,0.0,591.0,253.0,689.0,260.0
1.0,4250.0,1337.0,856.0,0.0,511.0,511.0,600.0,256.0,948.0,389.0
1.0,2913.0,1265.0,874.0,0.0,1848.0,1848.0,613.0,261.0,880.0,385.0
1.0,1648.0,816.0,881.0,511.0,2181.0,2181.0,618.0,263.0,562.0,254.0
1.0,1343.0,425.0,871.0,1848.0,718.0,718.0,610.0,261.0,300.0,125.0
1.0,2766.0,459.0,854.0,2181.0,0.0,0.0,598.0,256.0,334.0,125.0
1.0,4488.0,896.0,849.0,718.0,0.0,0.0,595.0,254.0,636.0,260.0
1.0,4310.0,1306.0,860.0,0.0,436.0,436.0,603.0,257.0,913.0,393.0
1.0,3004.0,1263.0,878.0,0.0,1771.0,1771.0,616.0,262.0,873.0,390.0
1.0,1741.0,795.0,885.0,436.0,2158.0,2158.0,620.0,265.0,542.0,253.0
1.0,1382.0,376.0,873.0,1771.0,715.0,715.0,611.0,262.0,254.0,122.0
1.0,2777.0,434.0,856.0,2158.0,0.0,0.0,599.0,257.0,316.0,118.0
1.0,4501.0,908.0,851.0,715.0,0.0,0.0,596.0,255.0,663.0,245.0
1.0,4308.0,1296.0,862.0,0.0,436.0,436.0,604.0,258.0,919.0,377.0
1.0,3012.0,1230.0,879.0,0.0,1734.0,1734.0,617.0,262.0,854.0,376.0
1.0,1782.0,773.0,885.0,436.0,2095.0,2095.0,620.0,265.0,524.0,249.0
1.0,1445.0,391.0,875.0,1734.0,712.0,712.0,612.0,263.0,258.0,133.0
1.0,2788.0,454.0,858.0,2095.0,0.0,0.0,600.0,258.0,314.0,140.0
1.0,4429.0,919.0,852.0,712.0,0.0,0.0,596.0,256.0,651.0,268.0
1.0,4222.0,1302.0,862.0,0.0,528.0,528.0,604.0,258.0,922.0,380.0
1.0,2920.0,1227.0,879.0,0.0,1823.0,1823.0,616.0,263.0,862.0,365.0
1.0,1693.0,769.0,886.0,528.0,2092.0,2092.0,620.0,266.0,525.0,244.0
1.0,1452.0,387.0,874.0,1823.0,608.0,608.0,611.0,263.0,247.0,140.0
1.0,2888.0,503.0,859.0,2092.0,0.0,0.0,600.0,259.0,342.0,161.0
1.0,4477.0,974.0,854.0,608.0,0.0,0.0,597.0,257.0,691.0,283.0
1.0,4111.0,1346.0,865.0,0.0,695.0,695.0,605.0,260.0,956.0,390.0
1.0,2765.0,1249.0,882.0,0.0,2012.0,2012.0,618.0,264.0,880.0,369.0
1.0,1516.0,794.0,888.0,695.0,2135.0,2135.0,622.0,266.0,556.0,238.0
1.0,1417.0,426.0,878.0,2012.0,509.0,509.0,614.0,264.0,294.0,132.0
1.0,3003.0,524.0,861.0,2135.0,0.0,0.0,602.0,259.0,367.0,157.0
1.0,4614.0,1017.0,856.0,509.0,0.0,0.0,599.0,257.0,724.0,293.0
1.0,4106.0,1403.0,869.0,0.0,773.0,773.0,609.0,260.0,999.0,404.0
1.0,2703.0,1301.0,887.0,0.0,2146.0,2146.0,622.0,265.0,907.0,394.0
1.0,1402.0,826.0,893.0,773.0,2223.0,2223.0,626.0,267.0,563.0,263.0
1.0,1349.0,442.0,882.0,2146.0,475.0,475.0,618.0,264.0,297.0,145.0
1.0,3053.0,540.0,866.0,2223.0,0.0,0.0,606.0,260.0,377.0,163.0
1.0,4736.0,1027.0,862.0,475.0,0.0,0.0,604.0,258.0,736.0,291.0
1.0,4184.0,1431.0,874.0,0.0,743.0,743.0,613.0,261.0,1017.0,414.0
1.0,2753.0,1321.0,892.0,0.0,2136.0,2136.0,626.0,266.0,919.0,402.0
1.0,1432.0,854.0,898.0,743.0,2271.0,2271.0,630.0,268.0,580.0,274.0
1.0,1321.0,471.0,889.0,2136.0,570.0,570.0,623.0,266.0,315.0,156.0
1.0,2986.0,565.0,874.0,2271.0,0.0,0.0,612.0,262.0,402.0,163.0
1.0,4692.0,1023.0,867.0,570.0,0.0,0.0,608.0,259.0,737.0,286.0
1.0,4239.0,1406.0,879.0,0.0,683.0,683.0,617.0,262.0,998.0,408.0
1.0,2833.0,1311.0,896.0,0.0,2062.0,2062.0,629.0,267.0,907.0,404.0
1.0,1522.0,830.0,903.0,683.0,2237.0,2237.0,633.0,270.0,556.0,274.0
1.0,1375.0,436.0,892.0,2062.0,567.0,567.0,625.0,267.0,290.0,146.0
1.0,3001.0,547.0,876.0,2237.0,0.0,0.0,613.0,263.0,389.0,158.0
1.0,4691.0,1016.0,871.0,567.0,0.0,0.0,610.0,261.0,726.0,290.0
1.0,4242.0,1393.0,882.0,0.0,679.0,679.0,618.0,264.0,982.0,411.0
1.0,2849.0,1292.0,899.0,0.0,2039.0,2039.0,630.0,269.0,890.0,402.0
1.0,1557.0,818.0,905.0,679.0,2202.0,2202.0,633.0,272.0,539.0,279.0
1.0,1418.0,438.0,895.0,2039.0,561.0,561.0,625.0,270.0,283.0,155.0
1.0,3019.0,511.0,880.0,2202.0,0.0,0.0,614.0,266.0,350.0,161.0
1.0,4710.0,982.0,874.0,561.0,0.0,0.0,610.0,264.0,698.0,284.0
1.0,4289.0,1371.0,885.0,0.0,622.0,622.0,618.0,267.0,965.0,406.0
1.0,2918.0,1289.0,901.0,0.0,1975.0,1975.0,629.0,272.0,890.0,399.0
1.0,1629.0,804.0,908.0,622.0,2185.0,2185.0,634.0,274.0,551.0,253.0
1.0,1447.0,439.0,899.0,1975.0,613.0,613.0,627.0,272.0,312.0,127.0
1.0,2983.0,505.0,884.0,2185.0,0.0,0.0,617.0,267.0,356.0,149.0
1.0,4663.0,938.0,877.0,613.0,0.0,0.0,612.0,265.0,653.0,285.0
1.0,4338.0,1345.0,888.0,0.0,559.0,559.0,620.0,268.0,937.0,408.0
1.0,2993.0,1280.0,905.0,0.0,1907.0,1907.0,632.0,273.0,894.0,386.0
1.0,1713.0,831.0,913.0,559.0,2211.0,2211.0,637.0,276.0,580.0,251.0
1.0,1441.0,435.0,904.0,1907.0,703.0,703.0,631.0,273.0,307.0,128.0
1.0,2913.0,489.0,889.0,2211.0,0.0,0.0,620.0,269.0,349.0,140.0
1.0,4635.0,969.0,883.0,703.0,0.0,0.0,616.0,267.0,691.0,278.0
1.0,4369.0,1373.0,895.0,0.0,584.0,584.0,625.0,270.0,972.0,401.0
1.0,2996.0,1293.0,913.0,0.0,1949.0,1949.0,638.0,275.0,906.0,387.0
1.0,1703.0,834.0,920.0,584.0,2227.0,2227.0,643.0,277.0,586.0,248.0
1.0,1453.0,430.0,910.0,1949.0,668.0,668.0,636.0,274.0,306.0,124.0
1.0,2972.0,498.0,894.0,2227.0,0.0,0.0,625.0,269.0,358.0,140.0
1.0,4701.0,976.0,890.0,668.0,0.0,0.0,622.0,268.0,691.0,285.0
1.0,4393.0,1400.0,902.0,0.0,615.0,615.0,631.0,271.0,990.0,410.0
1.0,2993.0,1328.0,920.0,0.0,2015.0,2015.0,644.0,276.0,938.0,390.0
1.0,1665.0,824.0,927.0,615.0,2252.0,2252.0,649.0,278.0,578.0,246.0
1.0,1456.0,416.0,915.0,2015.0,605.0,605.0,641.0,274.0,291.0,125.0
1.0,3055.0,502.0,899.0,2252.0,0.0,0.0,629.0,270.0,353.0,149.0
1.0,4805.0,1003.0,894.0,605.0,0.0,0.0,626.0,268.0,708.0,295.0
1.0,4407.0,1424.0,907.0,0.0,645.0,645.0,635.0,272.0,1003.0,421.0
1.0,2983.0,1343.0,924.0,0.0,2056.0,2056.0,647.0,277.0,938.0,405.0
1.0,1640.0,832.0,930.0,645.0,2267.0,2267.0,651.0,279.0,578.0,254.0
1.0,1453.0,415.0,919.0,2056.0,582.0,582.0,643.0,276.0,289.0,126.0
1.0,3094.0,504.0,901.0,2267.0,0.0,0.0,630.0,271.0,355.0,149.0
1.0,4857.0,1022.0,896.0,582.0,0.0,0.0,627.0,269.0,720.0,302.0
1.0,4417.0,1430.0,907.0,0.0,641.0,641.0,635.0,272.0,1005.0,425.0
1.0,2987.0,1332.0,925.0,0.0,2045.0,2045.0,648.0,277.0,932.0,400.0
1.0,1655.0,848.0,931.0,641.0,2276.0,2276.0,652.0,279.0,597.0,251.0
1.0,1448.0,440.0,920.0,2045.0,627.0,627.0,644.0,276.0,307.0,133.0
1.0,3053.0,539.0,902.0,2276.0,0.0,0.0,631.0,271.0,372.0,167.0
1.0,4790.0,1047.0,897.0,627.0,0.0,0.0,628.0,269.0,735.0,312.0
1.0,4370.0,1455.0,908.0,0.0,717.0,717.0,636.0,272.0,1033.0,422.0
1.0,2915.0,1356.0,926.0,0.0,2145.0,2145.0,649.0,277.0,966.0,390.0
1.0,1559.0,852.0,931.0,717.0,2300.0,2300.0,653.0,278.0,595.0,257.0
1.0,1424.0,454.0,920.0,2145.0,565.0,565.0,644.0,276.0,305.0,149.0
1.0,3115.0,559.0,904.0,2300.0,0.0,0.0,632.0,272.0,371.0,188.0
1.0,4856.0,1082.0,899.0,565.0,0.0,0.0,629.0,270.0,751.0,331.0
1.0,4339.0,1480.0,912.0,0.0,789.0,789.0,639.0,273.0,1046.0,434.0
1.0,2859.0,1341.0,929.0,0.0,2198.0,2198.0,651.0,278.0,948.0,393.0
1.0,1518.0,842.0,935.0,789.0,2275.0,2275.0,655.0,280.0,596.0,246.0
1.0,1465.0,444.0,924.0,2198.0,477.0,477.0,647.0,277.0,314.0,130.0
1.0,3219.0,553.0,908.0,2275.0,0.0,0.0,636.0,272.0,389.0,164.0
1.0,4941.0,1095.0,904.0,477.0,0.0,0.0,633.0,271.0,755.0,340.0
1.0,4323.0,1507.0,917.0,0.0,852.0,852.0,643.0,274.0,1046.0,461.0
1.0,2816.0,1357.0,935.0,0.0,2281.0,2281.0,656.0,279.0,952.0,405.0
1.0,1459.0,796.0,940.0,852.0,2245.0,2245.0,660.0,280.0,571.0,225.0
1.0,1515.0,390.0,929.0,2281.0,310.0,310.0,652.0,277.0,289.0,101.0
1.0,3406.0,576.0,914.0,2245.0,0.0,0.0,642.0,272.0,419.0,157.0
1.0,5075.0,1151.0,911.0,310.0,0.0,0.0,640.0,271.0,801.0,350.0
1.0,4234.0,1531.0,925.0,0.0,997.0,997.0,650.0,275.0,1047.0,484.0
1.0,2703.0,1331.0,942.0,0.0,2396.0,2396.0,661.0,281.0,914.0,417.0
1.0,1372.0,757.0,947.0,997.0,2176.0,2176.0,665.0,282.0,538.0,219.0
1.0,1612.0,388.0,937.0,2396.0,128.0,128.0,658.0,279.0,302.0,86.0
1.0,3620.0,572.0,922.0,2176.0,0.0,0.0,648.0,274.0,424.0,148.0
1.0,5224.0,1115.0,919.0,128.0,0.0,0.0,646.0,273.0,771.0,344.0
1.0,4237.0,1469.0,931.0,0.0,956.0,956.0,654.0,277.0,996.0,473.0
1.0,2768.0,1276.0,946.0,0.0,2292.0,2292.0,664.0,282.0,866.0,410.0
1.0,1492.0,748.0,952.0,956.0,2108.0,2108.0,668.0,284.0,530.0,218.0
1.0,1700.0,401.0,941.0,2292.0,173.0,173.0,661.0,280.0,315.0,86.0
1.0,3591.0,592.0,925.0,2108.0,0.0,0.0,650.0,275.0,440.0,152.0
1.0,5107.0,1136.0,923.0,173.0,0.0,0.0,648.0,275.0,785.0,351.0
1.0,4144.0,1459.0,935.0,0.0,1055.0,1055.0,656.0,279.0,986.0,473.0
1.0,2685.0,1263.0,951.0,0.0,2382.0,2382.0,666.0,285.0,856.0,407.0
1.0,1422.0,728.0,956.0,1055.0,2075.0,2075.0,670.0,286.0,517.0,211.0
1.0,1749.0,398.0,944.0,2382.0,43.0,43.0,662.0,282.0,301.0,97.0
1.0,3733.0,600.0,929.0,2075.0,0.0,0.0,651.0,278.0,425.0,175.0
1.0,5208.0,1131.0,925.0,43.0,0.0,0.0,648.0,277.0,769.0,362.0
1.0,4120.0,1465.0,938.0,0.0,1097.0,1097.0,656.0,282.0,992.0,473.0
1.0,2655.0,1283.0,954.0,0.0,2444.0,2444.0,667.0,287.0,882.0,401.0
1.0,1372.0,765.0,959.0,1097.0,2132.0,2132.0,671.0,288.0,556.0,209.0
1.0,1704.0,433.0,948.0,2444.0,77.0,77.0,664.0,284.0,335.0,98.0
1.0,3715.0,633.0,933.0,2132.0,0.0,0.0,653.0,280.0,453.0,180.0
1.0,5214.0,1161.0,929.0,77.0,0.0,0.0,650.0,279.0,787.0,374.0
1.0,4130.0,1484.0,942.0,0.0,1122.0,1122.0,659.0,283.0,1006.0,478.0
1.0,2646.0,1286.0,959.0,0.0,2476.0,2476.0,670.0,289.0,889.0,397.0
1.0,1360.0,788.0,964.0,1122.0,2162.0,2162.0,674.0,290.0,576.0,212.0
1.0,1694.0,478.0,954.0,2476.0,124.0,124.0,668.0,286.0,383.0,95.0
1.0,3692.0,664.0,939.0,2162.0,0.0,0.0,658.0,281.0,491.0,173.0
1.0,5190.0,1170.0,936.0,124.0,0.0,0.0,656.0,280.0,806.0,364.0
1.0,4144.0,1486.0,949.0,0.0,1138.0,1138.0,664.0,285.0,1007.0,479.0
1.0,2658.0,1300.0,965.0,0.0,2502.0,2502.0,675.0,290.0,892.0,408.0
1.0,1358.0,819.0,970.0,1138.0,2203.0,2203.0,679.0,291.0,593.0,226.0
1.0,1677.0,511.0,960.0,2502.0,172.0,172.0,673.0,287.0,404.0,107.0
1.0,3668.0,696.0,945.0,2203.0,0.0,0.0,663.0,282.0,519.0,177.0
1.0,5175.0,1190.0,942.0,172.0,0.0,0.0,660.0,282.0,820.0,370.0
1.0,4157.0,1493.0,954.0,0.0,1152.0,1152.0,668.0,286.0,1005.0,488.0
1.0,2664.0,1294.0,971.0,0.0,2514.0,2514.0,679.0,292.0,877.0,417.0
1.0,1370.0,794.0,975.0,1152.0,2172.0,2172.0,683.0,292.0,571.0,223.0
1.0,1728.0,494.0,964.0,2514.0,108.0,108.0,676.0,288.0,401.0,93.0
1.0,3748.0,707.0,949.0,2172.0,0.0,0.0,666.0,283.0,541.0,166.0
1.0,5213.0,1228.0,947.0,108.0,0.0,0.0,665.0,282.0,859.0,369.0
1.0,4093.0,1516.0,960.0,0.0,1263.0,1263.0,673.0,287.0,1018.0,498.0
1.0,2577.0,1259.0,975.0,0.0,2582.0,2582.0,683.0,292.0,840.0,419.0
1.0,1318.0,725.0,978.0,1263.0,2056.0,2056.0,685.0,293.0,510.0,215.0
1.0,1856.0,446.0,967.0,2582.0,0.0,0.0,678.0,289.0,364.0,82.0
1.0,3992.0,689.0,951.0,2056.0,0.0,0.0,668.0,283.0,537.0,152.0
1.0,5359.0,1210.0,948.0,0.0,0.0,0.0,666.0,282.0,846.0,364.0
1.0,4149.0,1489.0,961.0,0.0,1184.0,1184.0,674.0,287.0,989.0,500.0
1.0,2660.0,1250.0,977.0,0.0,2498.0,2498.0,684.0,293.0,822.0,428.0
1.0,1410.0,729.0,981.0,1184.0,2059.0,2059.0,686.0,295.0,509.0,220.0
1.0,1865.0,421.0,966.0,2498.0,0.0,0.0,677.0,289.0,344.0,77.0
1.0,3942.0,655.0,950.0,2059.0,0.0,0.0,667.0,283.0,507.0,148.0
1.0,5346.0,1193.0,947.0,0.0,0.0,0.0,665.0,282.0,835.0,358.0
1.0,4153.0,1499.0,961.0,0.0,1190.0,1190.0,674.0,287.0,999.0,500.0
1.0,2654.0,1262.0,978.0,0.0,2520.0,2520.0,684.0,294.0,838.0,424.0
1.0,1392.0,718.0,981.0,1190.0,2060.0,2060.0,686.0,295.0,507.0,211.0
1.0,1864.0,403.0,967.0,2520.0,0.0,0.0,677.0,290.0,333.0,70.0
1.0,3981.0,666.0,951.0,2060.0,0.0,0.0,668.0,283.0,514.0,152.0
1.0,5375.0,1214.0,951.0,0.0,0.0,0.0,668.0,283.0,843.0,371.0
1.0,4161.0,1518.0,965.0,0.0,1217.0,1217.0,677.0,288.0,1012.0,506.0
1.0,2643.0,1251.0,982.0,0.0,2536.0,2536.0,687.0,295.0,833.0,418.0
1.0,1392.0,706.0,984.0,1217.0,2033.0,2033.0,688.0,296.0,504.0,202.0
1.0,1903.0,404.0,969.0,2536.0,0.0,0.0,679.0,290.0,328.0,76.0
1.0,4035.0,662.0,954.0,2033.0,0.0,0.0,670.0,284.0,499.0,163.0
1.0,5406.0,1213.0,954.0,0.0,0.0,0.0,670.0,284.0,842.0,371.0
1.0,4193.0,1512.0,968.0,0.0,1191.0,1191.0,679.0,289.0,1018.0,494.0
1.0,2681.0,1279.0,985.0,0.0,2538.0,2538.0,690.0,295.0,860.0,419.0
1.0,1402.0,742.0,988.0,1191.0,2101.0,2101.0,692.0,296.0,524.0,218.0
1.0,1851.0,418.0,975.0,2538.0,0.0,0.0,684.0,291.0,325.0,93.0
1.0,3971.0,693.0,959.0,2101.0,0.0,0.0,674.0,285.0,515.0,178.0
1.0,5379.0,1267.0,959.0,0.0,0.0,0.0,674.0,285.0,886.0,381.0
1.0,4112.0,1549.0,974.0,0.0,1333.0,1333.0,684.0,290.0,1053.0,496.0
1.0,2563.0,1292.0,990.0,0.0,2689.0,2689.0,694.0,296.0,878.0,414.0
1.0,1271.0,762.0,993.0,1333.0,2130.0,2130.0,696.0,297.0,547.0,215.0
1.0,1842.0,485.0,980.0,2689.0,0.0,0.0,688.0,292.0,375.0,110.0
1.0,4046.0,723.0,966.0,2130.0,0.0,0.0,679.0,287.0,530.0,193.0
1.0,5453.0,1242.0,965.0,0.0,0.0,0.0,679.0,286.0,855.0,387.0
1.0,4211.0,1538.0,979.0,0.0,1243.0,1243.0,687.0,292.0,1034.0,504.0
1.0,2673.0,1305.0,995.0,0.0,2612.0,2612.0,697.0,298.0,881.0,424.0
1.0,1368.0,805.0,998.0,1243.0,2186.0,2186.0,699.0,299.0,580.0,225.0
1.0,1806.0,510.0,985.0,2612.0,32.0,32.0,691.0,294.0,407.0,103.0
1.0,3908.0,733.0,971.0,2186.0,0.0,0.0,682.0,289.0,546.0,187.0
1.0,5361.0,1230.0,969.0,32.0,0.0,0.0,681.0,288.0,842.0,388.0
1.0,4163.0,1510.0,983.0,0.0,1279.0,1279.0,689.0,294.0,1001.0,509.0
1.0,2653.0,1312.0,998.0,0.0,2651.0,2651.0,698.0,300.0,875.0,437.0
1.0,1341.0,815.0,1000.0,1279.0,2195.0,2195.0,699.0,301.0,575.0,240.0
1.0,1805.0,549.0,989.0,2651.0,49.0,49.0,692.0,297.0,424.0,125.0
1.0,3907.0,750.0,974.0,2195.0,0.0,0.0,683.0,291.0,552.0,198.0
1.0,5352.0,1225.0,972.0,49.0,0.0,0.0,682.0,290.0,841.0,384.0
1.0,4176.0,1477.0,986.0,0.0,1245.0,1245.0,690.0,296.0,986.0,491.0
1.0,2699.0,1278.0,1001.0,0.0,2583.0,2583.0,699.0,302.0,860.0,418.0
1.0,1421.0,802.0,1002.0,1245.0,2144.0,2144.0,699.0,303.0,570.0,232.0
1.0,1864.0,533.0,989.0,2583.0,42.0,42.0,691.0,298.0,419.0,114.0
1.0,3914.0,734.0,974.0,2144.0,0.0,0.0,682.0,292.0,556.0,178.0
1.0,5324.0,1193.0,973.0,42.0,0.0,0.0,682.0,291.0,828.0,365.0
1.0,4173.0,1475.0,987.0,0.0,1250.0,1250.0,691.0,296.0,976.0,499.0
1.0,2698.0,1296.0,1003.0,0.0,2610.0,2610.0,700.0,303.0,856.0,440.0
1.0,1402.0,822.0,1006.0,1250.0,2194.0,2194.0,701.0,305.0,578.0,244.0
1.0,1830.0,540.0,993.0,2610.0,72.0,72.0,693.0,300.0,428.0,112.0
1.0,3900.0,699.0,978.0,2194.0,0.0,0.0,684.0,294.0,531.0,168.0
1.0,5395.0,1171.0,976.0,72.0,0.0,0.0,684.0,292.0,819.0,352.0
1.0,4296.0,1482.0,991.0,0.0,1150.0,1150.0,693.0,298.0,991.0,491.0
1.0,2814.0,1308.0,1008.0,0.0,2526.0,2526.0,704.0,304.0,871.0,437.0
1.0,1506.0,831.0,1011.0,1150.0,2219.0,2219.0,705.0,306.0,582.0,249.0
1.0,1825.0,526.0,999.0,2526.0,171.0,171.0,697.0,302.0,416.0,110.0
1.0,3825.0,693.0,983.0,2219.0,0.0,0.0,688.0,295.0,537.0,156.0
1.0,5351.0,1168.0,981.0,171.0,0.0,0.0,688.0,293.0,831.0,337.0
1.0,4354.0,1484.0,996.0,0.0,1114.0,1114.0,698.0,298.0,1011.0,473.0
1.0,2870.0,1318.0,1013.0,0.0,2500.0,2500.0,708.0,305.0,892.0,426.0
1.0,1552.0,822.0,1017.0,1114.0,2224.0,2224.0,710.0,307.0,581.0,241.0
1.0,1844.0,519.0,1003.0,2500.0,187.0,187.0,701.0,302.0,407.0,112.0
1.0,3825.0,695.0,988.0,2224.0,0.0,0.0,692.0,296.0,525.0,170.0
1.0,5354.0,1177.0,986.0,187.0,0.0,0.0,692.0,294.0,817.0,360.0
1.0,4364.0,1453.0,1000.0,0.0,1089.0,1089.0,700.0,300.0,964.0,489.0
1.0,2911.0,1280.0,1018.0,0.0,2441.0,2441.0,711.0,307.0,851.0,429.0
1.0,1631.0,818.0,1020.0,1089.0,2178.0,2178.0,712.0,308.0,581.0,237.0
1.0,1902.0,549.0,1007.0,2441.0,234.0,234.0,704.0,303.0,442.0,107.0
1.0,3794.0,739.0,993.0,2178.0,0.0,0.0,696.0,297.0,565.0,174.0
1.0,5233.0,1177.0,991.0,234.0,0.0,0.0,695.0,296.0,814.0,363.0
1.0,4290.0,1464.0,1004.0,0.0,1190.0,1190.0,703.0,301.0,973.0,491.0
1.0,2826.0,1294.0,1022.0,0.0,2556.0,2556.0,714.0,308.0,864.0,430.0
1.0,1532.0,818.0,1024.0,1190.0,2192.0,2192.0,715.0,309.0,582.0,236.0
1.0,1904.0,507.0,1009.0,2556.0,83.0,83.0,706.0,303.0,405.0,102.0
1.0,3953.0,691.0,992.0,2192.0,0.0,0.0,695.0,297.0,512.0,179.0
1.0,5454.0,1198.0,990.0,83.0,0.0,0.0,694.0,296.0,821.0,377.0
1.0,4339.0,1521.0,1005.0,0.0,1202.0,1202.0,703.0,302.0,1020.0,501.0
1.0,2818.0,1357.0,1022.0,0.0,2627.0,2627.0,714.0,308.0,916.0,441.0
1.0,1461.0,862.0,1024.0,1202.0,2295.0,2295.0,715.0,309.0,614.0,248.0
1.0,1801.0,534.0,1011.0,2627.0,150.0,150.0,707.0,304.0,411.0,123.0
1.0,3894.0,710.0,995.0,2295.0,0.0,0.0,697.0,298.0,510.0,200.0
1.0,5479.0,1223.0,994.0,150.0,0.0,0.0,696.0,298.0,832.0,391.0
1.0,4406.0,1548.0,1008.0,0.0,1174.0,1174.0,705.0,303.0,1041.0,507.0
1.0,2858.0,1378.0,1025.0,0.0,2620.0,2620.0,715.0,310.0,936.0,442.0
1.0,1480.0,874.0,1027.0,1174.0,2328.0,2328.0,716.0,311.0,625.0,249.0
1.0,1780.0,548.0,1015.0,2620.0,208.0,208.0,709.0,306.0,429.0,119.0
1.0,3852.0,738.0,1000.0,2328.0,0.0,0.0,700.0,300.0,552.0,186.0
1.0,5442.0,1267.0,999.0,208.0,0.0,0.0,700.0,299.0,870.0,397.0
1.0,4383.0,1615.0,1014.0,0.0,1288.0,1288.0,709.0,305.0,1076.0,539.0
1.0,2768.0,1395.0,1030.0,0.0,2747.0,2747.0,719.0,311.0,940.0,455.0
1.0,1373.0,852.0,1032.0,1288.0,2319.0,2319.0,720.0,312.0,606.0,246.0
1.0,1809.0,552.0,1020.0,2747.0,76.0,76.0,713.0,307.0,431.0,121.0
1.0,4004.0,776.0,1006.0,2319.0,0.0,0.0,705.0,301.0,581.0,195.0
1.0,5547.0,1302.0,1007.0,76.0,0.0,0.0,706.0,301.0,907.0,395.0
1.0,4321.0,1603.0,1021.0,0.0,1366.0,1366.0,715.0,306.0,1079.0,524.0
1.0,2718.0,1390.0,1039.0,0.0,2828.0,2828.0,726.0,313.0,943.0,447.0
1.0,1328.0,867.0,1041.0,1366.0,2337.0,2337.0,727.0,314.0,622.0,245.0
1.0,1827.0,546.0,1028.0,2828.0,3.0,3.0,719.0,309.0,423.0,123.0
1.0,4109.0,741.0,1015.0,2337.0,0.0,0.0,711.0,304.0,542.0,199.0
1.0,5705.0,1275.0,1014.0,3.0,0.0,0.0,711.0,303.0,865.0,410.0
1.0,4433.0,1595.0,1028.0,0.0,1274.0,1274.0,720.0,308.0,1074.0,521.0
1.0,2838.0,1379.0,1045.0,0.0,2721.0,2721.0,731.0,314.0,957.0,422.0
1.0,1459.0,842.0,1047.0,1274.0,2297.0,2297.0,732.0,315.0,628.0,214.0
1.0,1891.0,539.0,1036.0,2721.0,71.0,71.0,725.0,311.0,428.0,111.0
1.0,4073.0,748.0,1021.0,2297.0,0.0,0.0,716.0,305.0,536.0,212.0
1.0,5622.0,1249.0,1021.0,71.0,0.0,0.0,716.0,305.0,841.0,408.0
1.0,4444.0,1545.0,1034.0,0.0,1237.0,1237.0,724.0,310.0,1040.0,505.0
1.0,2899.0,1334.0,1049.0,0.0,2631.0,2631.0,734.0,315.0,923.0,411.0
1.0,1565.0,809.0,1051.0,1237.0,2211.0,2211.0,735.0,316.0,591.0,218.0
1.0,1993.0,486.0,1038.0,2631.0,14.0,14.0,726.0,312.0,375.0,111.0
1.0,4138.0,701.0,1024.0,2211.0,0.0,0.0,717.0,307.0,503.0,198.0
1.0,5648.0,1242.0,1022.0,14.0,0.0,0.0,716.0,306.0,846.0,396.0
1.0,4420.0,1565.0,1036.0,0.0,1289.0,1289.0,725.0,311.0,1057.0,508.0
1.0,2855.0,1340.0,1052.0,0.0,2693.0,2693.0,735.0,317.0,918.0,422.0
1.0,1515.0,786.0,1053.0,1289.0,2194.0,2194.0,735.0,318.0,560.0,226.0
1.0,2018.0,456.0,1040.0,2693.0,0.0,0.0,726.0,314.0,354.0,102.0
1.0,4255.0,686.0,1025.0,2194.0,0.0,0.0,718.0,307.0,510.0,176.0
1.0,5763.0,1252.0,1024.0,0.0,0.0,0.0,718.0,306.0,875.0,377.0
1.0,4511.0,1586.0,1040.0,0.0,1235.0,1235.0,728.0,312.0,1077.0,509.0
1.0,2925.0,1351.0,1055.0,0.0,2646.0,2646.0,737.0,318.0,914.0,437.0
1.0,1574.0,805.0,1056.0,1235.0,2220.0,2220.0,737.0,319.0,570.0,235.0
1.0,2004.0,482.0,1043.0,2646.0,4.0,4.0,729.0,314.0,381.0,101.0
1.0,4168.0,710.0,1028.0,2220.0,0.0,0.0,720.0,308.0,537.0,173.0
1.0,5678.0,1255.0,1027.0,4.0,0.0,0.0,720.0,307.0,871.0,384.0
1.0,4427.0,1587.0,1043.0,0.0,1332.0,1332.0,730.0,313.0,1066.0,521.0
1.0,2840.0,1396.0,1059.0,0.0,2792.0,2792.0,740.0,319.0,947.0,449.0
1.0,1444.0,869.0,1062.0,1332.0,2341.0,2341.0,742.0,320.0,636.0,233.0
1.0,1907.0,527.0,1050.0,2792.0,28.0,28.0,735.0,315.0,430.0,97.0
1.0,4172.0,730.0,1035.0,2341.0,0.0,0.0,726.0,309.0,552.0,178.0
1.0,5783.0,1279.0,1033.0,28.0,0.0,0.0,725.0,308.0,877.0,402.0
1.0,4532.0,1656.0,1049.0,0.0,1320.0,1320.0,735.0,314.0,1103.0,553.0
1.0,2876.0,1434.0,1066.0,0.0,2822.0,2822.0,745.0,321.0,964.0,470.0
1.0,1442.0,850.0,1068.0,1320.0,2360.0,2360.0,747.0,321.0,617.0,233.0
1.0,1912.0,462.0,1054.0,2822.0,0.0,0.0,739.0,315.0,381.0,81.0
1.0,4272.0,702.0,1038.0,2360.0,0.0,0.0,729.0,309.0,536.0,166.0
1.0,5930.0,1355.0,1037.0,0.0,0.0,0.0,729.0,308.0,940.0,415.0
1.0,4575.0,1743.0,1053.0,0.0,1380.0,1380.0,739.0,314.0,1172.0,571.0
1.0,2832.0,1484.0,1072.0,0.0,2940.0,2940.0,751.0,321.0,1004.0,480.0
1.0,1348.0,834.0,1074.0,1380.0,2402.0,2402.0,752.0,322.0,602.0,232.0
1.0,1894.0,457.0,1058.0,2940.0,0.0,0.0,742.0,316.0,379.0,78.0
1.0,4377.0,697.0,1040.0,2402.0,0.0,0.0,731.0,309.0,526.0,171.0
1.0,6082.0,1333.0,1039.0,0.0,0.0,0.0,731.0,308.0,913.0,420.0
1.0,4749.0,1741.0,1057.0,0.0,1220.0,1220.0,742.0,315.0,1160.0,581.0
1.0,3008.0,1498.0,1075.0,0.0,2790.0,2790.0,753.0,322.0,1009.0,489.0
1.0,1510.0,835.0,1076.0,1220.0,2409.0,2409.0,753.0,323.0,601.0,234.0
1.0,1895.0,419.0,1058.0,2790.0,0.0,0.0,742.0,316.0,346.0,73.0
1.0,4266.0,673.0,1041.0,2409.0,0.0,0.0,731.0,310.0,501.0,172.0
1.0,6002.0,1342.0,1040.0,0.0,0.0,0.0,731.0,309.0,915.0,427.0
1.0,4660.0,1769.0,1057.0,0.0,1337.0,1337.0,741.0,316.0,1180.0,589.0
1.0,2891.0,1512.0,1076.0,0.0,2925.0,2925.0,753.0,323.0,1018.0,494.0
1.0,1379.0,813.0,1078.0,1337.0,2409.0,2409.0,754.0,324.0,581.0,232.0
1.0,1903.0,383.0,1060.0,2925.0,0.0,0.0,743.0,317.0,315.0,68.0
1.0,4445.0,658.0,1042.0,2409.0,0.0,0.0,732.0,310.0,497.0,161.0
1.0,6196.0,1348.0,1041.0,0.0,0.0,0.0,731.0,310.0,925.0,423.0
1.0,4848.0,1773.0,1060.0,0.0,1165.0,1165.0,742.0,318.0,1175.0,598.0
1.0,3075.0,1512.0,1078.0,0.0,2749.0,2749.0,753.0,325.0,1009.0,503.0
1.0,1563.0,804.0,1079.0,1165.0,2392.0,2392.0,754.0,325.0,574.0,230.0
1.0,1924.0,363.0,1063.0,2749.0,0.0,0.0,744.0,319.0,311.0,52.0
1.0,4310.0,638.0,1045.0,2392.0,0.0,0.0,733.0,312.0,490.0,148.0
1.0,6064.0,1347.0,1045.0,0.0,0.0,0.0,733.0,312.0,932.0,415.0
1.0,4717.0,1770.0,1063.0,0.0,1305.0,1305.0,744.0,319.0,1175.0,595.0
1.0,2947.0,1501.0,1083.0,0.0,2886.0,2886.0,756.0,327.0,999.0,502.0
1.0,1446.0,808.0,1085.0,1305.0,2397.0,2397.0,758.0,327.0,571.0,237.0
1.0,1943.0,387.0,1069.0,2886.0,0.0,0.0,748.0,321.0,326.0,61.0
1.0,4442.0,674.0,1051.0,2397.0,0.0,0.0,737.0,314.0,520.0,154.0
1.0,6165.0,1373.0,1052.0,0.0,0.0,0.0,738.0,314.0,955.0,418.0
1.0,4792.0,1795.0,1072.0,0.0,1291.0,1291.0,751.0,321.0,1209.0,586.0
1.0,2997.0,1511.0,1092.0,0.0,2882.0,2882.0,763.0,329.0,1012.0,499.0
1.0,1486.0,775.0,1094.0,1291.0,2374.0,2374.0,764.0,330.0,538.0,237.0
1.0,2002.0,339.0,1076.0,2882.0,0.0,0.0,752.0,324.0,280.0,59.0
1.0,4545.0,647.0,1058.0,2374.0,0.0,0.0,741.0,317.0,504.0,143.0
1.0,6272.0,1392.0,1059.0,0.0,0.0,0.0,743.0,316.0,982.0,410.0
1.0,4880.0,1829.0,1079.0,0.0,1265.0,1265.0,756.0,323.0,1244.0,585.0
1.0,3051.0,1507.0,1098.0,0.0,2848.0,2848.0,768.0,330.0,1005.0,502.0
1.0,1544.0,757.0,1099.0,1265.0,2344.0,2344.0,767.0,332.0,521.0,236.0
1.0,2052.0,332.0,1081.0,2848.0,0.0,0.0,756.0,325.0,276.0,56.0
1.0,4568.0,660.0,1063.0,2344.0,0.0,0.0,745.0,318.0,517.0,143.0
1.0,6252.0,1411.0,1063.0,0.0,0.0,0.0,746.0,317.0,999.0,412.0
1.0,4841.0,1831.0,1082.0,0.0,1318.0,1318.0,758.0,324.0,1237.0,594.0
1.0,3010.0,1490.0,1100.0,0.0,2880.0,2880.0,768.0,332.0,985.0,505.0
1.0,1520.0,768.0,1101.0,1318.0,2334.0,2334.0,768.0,333.0,527.0,241.0
1.0,2070.0,354.0,1084.0,2880.0,0.0,0.0,757.0,327.0,292.0,62.0
1.0,4596.0,690.0,1065.0,2334.0,0.0,0.0,746.0,319.0,535.0,155.0
1.0,6240.0,1428.0,1065.0,0.0,0.0,0.0,747.0,318.0,1011.0,417.0
1.0,4812.0,1830.0,1084.0,0.0,1354.0,1354.0,759.0,325.0,1242.0,588.0
1.0,2982.0,1528.0,1104.0,0.0,2962.0,2962.0,771.0,333.0,1017.0,511.0
1.0,1454.0,802.0,1106.0,1354.0,2418.0,2418.0,771.0,335.0,546.0,256.0
1.0,2006.0,388.0,1087.0,2962.0,0.0,0.0,759.0,328.0,311.0,77.0
1.0,4580.0,691.0,1067.0,2418.0,0.0,0.0,747.0,320.0,536.0,155.0
1.0,6307.0,1425.0,1066.0,0.0,0.0,0.0,747.0,319.0,1012.0,413.0
1.0,4882.0,1854.0,1086.0,0.0,1316.0,1316.0,760.0,326.0,1254.0,600.0
1.0,3028.0,1543.0,1107.0,0.0,2943.0,2943.0,772.0,335.0,1015.0,528.0
1.0,1485.0,797.0,1109.0,1316.0,2432.0,2432.0,772.0,337.0,539.0,258.0
1.0,2004.0,391.0,1091.0,2943.0,0.0,0.0,761.0,330.0,322.0,69.0
1.0,4556.0,715.0,1070.0,2432.0,0.0,0.0,749.0,321.0,573.0,142.0
1.0,6273.0,1463.0,1070.0,0.0,0.0,0.0,750.0,320.0,1050.0,413.0
1.0,4810.0,1883.0,1090.0,0.0,1433.0,1433.0,763.0,327.0,1271.0,612.0
1.0,2927.0,1550.0,1112.0,0.0,3071.0,3071.0,776.0,336.0,1015.0,535.0
1.0,1377.0,805.0,1115.0,1433.0,2455.0,2455.0,777.0,338.0,550.0,255.0
1.0,2005.0,390.0,1097.0,3071.0,0.0,0.0,766.0,331.0,332.0,58.0
1.0,4686.0,721.0,1076.0,2455.0,0.0,0.0,754.0,322.0,584.0,137.0
1.0,6420.0,1448.0,1074.0,0.0,0.0,0.0,754.0,320.0,1033.0,415.0
1.0,4972.0,1858.0,1095.0,0.0,1266.0,1266.0,767.0,328.0,1243.0,615.0
1.0,3114.0,1537.0,1117.0,0.0,2891.0,2891.0,780.0,337.0,1002.0,535.0
1.0,1577.0,803.0,1120.0,1266.0,2440.0,2440.0,781.0,339.0,545.0,258.0
1.0,2040.0,404.0,1102.0,2891.0,0.0,0.0,770.0,332.0,342.0,62.0
1.0,4527.0,738.0,1082.0,2440.0,0.0,0.0,759.0,323.0,606.0,132.0
1.0,6229.0,1470.0,1081.0,0.0,0.0,0.0,760.0,321.0,1067.0,403.0
1.0,4759.0,1864.0,1101.0,0.0,1509.0,1509.0,773.0,328.0,1260.0,604.0
1.0,2895.0,1511.0,1123.0,0.0,3108.0,3108.0,786.0,337.0,974.0,537.0
1.0,1384.0,761.0,1126.0,1509.0,2372.0,2372.0,786.0,340.0,499.0,262.0
1.0,2132.0,386.0,1108.0,3108.0,0.0,0.0,775.0,333.0,320.0,66.0
1.0,4854.0,728.0,1087.0,2372.0,0.0,0.0,763.0,324.0,589.0,139.0
1.0,6498.0,1442.0,1086.0,0.0,0.0,0.0,764.0,322.0,1034.0,408.0
1.0,5056.0,1787.0,1105.0,0.0,1151.0,1151.0,776.0,329.0,1192.0,595.0
1.0,3269.0,1426.0,1125.0,0.0,2657.0,2657.0,787.0,338.0,908.0,518.0
1.0,1843.0,753.0,1127.0,1151.0,2267.0,2267.0,787.0,340.0,499.0,254.0
1.0,2241.0,436.0,1109.0,2657.0,0.0,0.0,776.0,333.0,374.0,62.0
1.0,4462.0,796.0,1090.0,2267.0,0.0,0.0,765.0,325.0,645.0,151.0
1.0,5933.0,1458.0,1088.0,0.0,0.0,0.0,765.0,323.0,1036.0,422.0
1.0,4475.0,1741.0,1107.0,0.0,1694.0,1694.0,777.0,330.0,1146.0,595.0
1.0,2734.0,1387.0,1127.0,0.0,3161.0,3161.0,788.0,339.0,880.0,507.0
1.0,1347.0,745.0,1129.0,1694.0,2220.0,2220.0,788.0,341.0,495.0,250.0
1.0,2296.0,468.0,1111.0,3161.0,0.0,0.0,777.0,334.0,394.0,74.0
1.0,4989.0,842.0,1092.0,2220.0,0.0,0.0,766.0,326.0,678.0,164.0
1.0,6367.0,1485.0,1092.0,0.0,0.0,0.0,767.0,325.0,1058.0,427.0
1.0,4882.0,1749.0,1111.0,0.0,1311.0,1311.0,779.0,332.0,1150.0,599.0
1.0,3133.0,1376.0,1130.0,0.0,2763.0,2763.0,790.0,340.0,863.0,513.0
1.0,1757.0,753.0,1133.0,1311.0,2217.0,2217.0,790.0,343.0,499.0,254.0
1.0,2315.0,487.0,1115.0,2763.0,0.0,0.0,779.0,336.0,409.0,78.0
1.0,4591.0,857.0,1096.0,2217.0,0.0,0.0,768.0,328.0,686.0,171.0
1.0,5951.0,1511.0,1097.0,0.0,0.0,0.0,770.0,327.0,1077.0,434.0
1.0,4440.0,1788.0,1117.0,0.0,1816.0,1816.0,783.0,334.0,1186.0,602.0
1.0,2652.0,1422.0,1136.0,0.0,3314.0,3314.0,794.0,342.0,906.0,516.0
1.0,1230.0,778.0,1138.0,1816.0,2284.0,2284.0,794.0,344.0,521.0,257.0
1.0,2268.0,536.0,1121.0,3314.0,0.0,0.0,783.0,338.0,449.0,87.0
1.0,5046.0,892.0,1103.0,2284.0,0.0,0.0,773.0,330.0,710.0,182.0
1.0,6438.0,1513.0,1103.0,0.0,0.0,0.0,774.0,329.0,1070.0,443.0
1.0,4925.0,1783.0,1122.0,0.0,1346.0,1346.0,786.0,336.0,1179.0,604.0
1.0,3142.0,1431.0,1142.0,0.0,2857.0,2857.0,798.0,344.0,925.0,506.0
1.0,1711.0,817.0,1145.0,1346.0,2340.0,2340.0,799.0,346.0,562.0,255.0
1.0,2240.0,572.0,1128.0,2857.0,0.0,0.0,788.0,340.0,474.0,98.0
1.0,4525.0,948.0,1111.0,2340.0,0.0,0.0,779.0,332.0,758.0,190.0
1.0,5917.0,1565.0,1111.0,0.0,92.0,92.0,781.0,330.0,1121.0,444.0
1.0,4352.0,1800.0,1130.0,0.0,1968.0,1968.0,793.0,337.0,1199.0,601.0
1.0,2552.0,1403.0,1149.0,92.0,3355.0,3355.0,804.0,345.0,894.0,509.0
1.0,1241.0,772.0,1150.0,1968.0,2163.0,2163.0,803.0,347.0,518.0,254.0
1.0,2437.0,541.0,1133.0,3355.0,0.0,0.0,792.0,341.0,453.0,88.0
1.0,5251.0,940.0,1115.0,2163.0,0.0,0.0,782.0,333.0,761.0,179.0
1.0,6474.0,1559.0,1115.0,0.0,0.0,0.0,784.0,331.0,1127.0,432.0
1.0,4915.0,1795.0,1134.0,0.0,1416.0,1416.0,797.0,337.0,1194.0,601.0
1.0,3120.0,1406.0,1153.0,0.0,2898.0,2898.0,807.0,346.0,886.0,520.0
1.0,1714.0,777.0,1155.0,1416.0,2267.0,2267.0,806.0,349.0,511.0,266.0
1.0,2353.0,542.0,1138.0,2898.0,0.0,0.0,795.0,343.0,451.0,91.0
1.0,4709.0,921.0,1119.0,2267.0,0.0,0.0,785.0,334.0,753.0,168.0
1.0,6055.0,1519.0,1119.0,0.0,0.0,0.0,787.0,332.0,1093.0,426.0
1.0,4536.0,1727.0,1136.0,0.0,1735.0,1735.0,798.0,338.0,1130.0,597.0
1.0,2809.0,1340.0,1155.0,0.0,3151.0,3151.0,808.0,347.0,829.0,511.0
1.0,1469.0,755.0,1155.0,1735.0,2171.0,2171.0,806.0,349.0,497.0,258.0
1.0,2449.0,541.0,1137.0,3151.0,0.0,0.0,794.0,343.0,460.0,81.0
1.0,5059.0,918.0,1119.0,2171.0,0.0,0.0,784.0,335.0,753.0,165.0
1.0,6312.0,1513.0,1119.0,0.0,0.0,0.0,786.0,333.0,1086.0,427.0
1.0,4799.0,1731.0,1137.0,0.0,1480.0,1480.0,798.0,339.0,1123.0,608.0
1.0,3068.0,1350.0,1156.0,0.0,2906.0,2906.0,808.0,348.0,830.0,520.0
1.0,1718.0,752.0,1156.0,1480.0,2178.0,2178.0,806.0,350.0,498.0,254.0
1.0,2446.0,543.0,1140.0,2906.0,0.0,0.0,796.0,344.0,474.0,69.0
1.0,4809.0,893.0,1122.0,2178.0,0.0,0.0,787.0,335.0,742.0,151.0
1.0,6094.0,1483.0,1123.0,0.0,0.0,0.0,790.0,333.0,1067.0,416.0
1.0,4611.0,1720.0,1142.0,0.0,1677.0,1677.0,802.0,340.0,1118.0,602.0
1.0,2891.0,1370.0,1160.0,0.0,3119.0,3119.0,811.0,349.0,847.0,523.0
1.0,1521.0,803.0,1160.0,1677.0,2245.0,2245.0,809.0,351.0,541.0,262.0
1.0,2395.0,576.0,1143.0,3119.0,0.0,0.0,799.0,344.0,500.0,76.0
1.0,4938.0,913.0,1127.0,2245.0,0.0,0.0,791.0,336.0,760.0,153.0
1.0,6270.0,1469.0,1129.0,0.0,0.0,0.0,795.0,334.0,1054.0,415.0
1.0,4801.0,1706.0,1147.0,0.0,1493.0,1493.0,806.0,341.0,1104.0,602.0
1.0,3095.0,1370.0,1164.0,0.0,2931.0,2931.0,815.0,349.0,849.0,521.0
1.0,1725.0,808.0,1164.0,1493.0,2246.0,2246.0,813.0,351.0,551.0,257.0
1.0,2410.0,601.0,1147.0,2931.0,0.0,0.0,802.0,345.0,520.0,81.0
1.0,4740.0,945.0,1131.0,2246.0,0.0,0.0,795.0,336.0,780.0,165.0
1.0,6041.0,1507.0,1134.0,0.0,2.0,2.0,799.0,335.0,1079.0,428.0
1.0,4534.0,1719.0,1152.0,0.0,1793.0,1793.0,811.0,341.0,1114.0,605.0
1.0,2815.0,1374.0,1169.0,2.0,3233.0,3233.0,819.0,350.0,837.0,537.0
1.0,1443.0,801.0,1168.0,1793.0,2237.0,2237.0,816.0,352.0,524.0,277.0
1.0,2435.0,594.0,1150.0,3233.0,0.0,0.0,805.0,345.0,509.0,85.0
1.0,5074.0,973.0,1135.0,2237.0,0.0,0.0,798.0,337.0,812.0,161.0
1.0,6338.0,1553.0,1137.0,0.0,0.0,0.0,802.0,335.0,1124.0,429.0
1.0,4785.0,1742.0,1156.0,0.0,1581.0,1581.0,814.0,342.0,1125.0,617.0
1.0,3043.0,1363.0,1172.0,0.0,3008.0,3008.0,821.0,351.0,815.0,548.0
1.0,1680.0,803.0,1170.0,1581.0,2222.0,2222.0,817.0,353.0,514.0,289.0
1.0,2458.0,609.0,1153.0,3008.0,0.0,0.0,806.0,347.0,507.0,102.0
1.0,4857.0,987.0,1137.0,2222.0,0.0,0.0,799.0,338.0,813.0,174.0
1.0,6092.0,1564.0,1140.0,0.0,32.0,32.0,803.0,337.0,1131.0,433.0
1.0,4528.0,1760.0,1158.0,0.0,1864.0,1864.0,814.0,344.0,1144.0,616.0
1.0,2768.0,1374.0,1174.0,32.0,3270.0,3270.0,821.0,353.0,823.0,551.0
1.0,1426.0,797.0,1171.0,1864.0,2191.0,2191.0,816.0,355.0,504.0,293.0
1.0,2493.0,597.0,1152.0,3270.0,0.0,0.0,804.0,348.0,501.0,96.0
1.0,5166.0,982.0,1137.0,2191.0,0.0,0.0,797.0,340.0,811.0,171.0
1.0,6375.0,1561.0,1139.0,0.0,0.0,0.0,801.0,338.0,1125.0,436.0
1.0,4814.0,1772.0,1158.0,0.0,1590.0,1590.0,813.0,345.0,1145.0,627.0
1.0,3042.0,1396.0,1175.0,0.0,3054.0,3054.0,821.0,354.0,846.0,550.0
1.0,1646.0,841.0,1173.0,1590.0,2297.0,2297.0,817.0,356.0,554.0,287.0
1.0,2395.0,649.0,1156.0,3054.0,0.0,0.0,806.0,350.0,551.0,98.0
1.0,4800.0,1013.0,1141.0,2297.0,0.0,0.0,799.0,342.0,835.0,178.0
1.0,6084.0,1566.0,1144.0,0.0,58.0,58.0,804.0,340.0,1121.0,445.0
1.0,4518.0,1748.0,1162.0,0.0,1878.0,1878.0,815.0,347.0,1117.0,631.0
1.0,2770.0,1391.0,1179.0,58.0,3279.0,3279.0,823.0,356.0,845.0,546.0
1.0,1437.0,847.0,1177.0,1878.0,2240.0,2240.0,819.0,358.0,572.0,275.0
1.0,2468.0,667.0,1161.0,3279.0,0.0,0.0,809.0,352.0,579.0,88.0
1.0,5080.0,1022.0,1148.0,2240.0,0.0,0.0,804.0,344.0,848.0,174.0
1.0,6298.0,1544.0,1151.0,0.0,0.0,0.0,809.0,342.0,1094.0,450.0
1.0,4754.0,1709.0,1169.0,0.0,1631.0,1631.0,820.0,349.0,1089.0,620.0
1.0,3045.0,1354.0,1186.0,0.0,3053.0,3053.0,828.0,358.0,832.0,522.0
1.0,1691.0,831.0,1184.0,1631.0,2245.0,2245.0,824.0,360.0,577.0,254.0
1.0,2491.0,687.0,1168.0,3053.0,0.0,0.0,815.0,353.0,592.0,95.0
1.0,4857.0,1032.0,1154.0,2245.0,0.0,0.0,809.0,345.0,846.0,186.0
1.0,6070.0,1522.0,1158.0,0.0,84.0,84.0,814.0,344.0,1080.0,442.0
1.0,4548.0,1677.0,1175.0,0.0,1829.0,1829.0,825.0,350.0,1067.0,610.0
1.0,2871.0,1343.0,1191.0,84.0,3152.0,3152.0,832.0,359.0,831.0,512.0
1.0,1612.0,835.0,1190.0,1829.0,2154.0,2154.0,829.0,361.0,581.0,254.0
1.0,2606.0,665.0,1175.0,3152.0,0.0,0.0,820.0,355.0,578.0,87.0
1.0,5093.0,990.0,1160.0,2154.0,0.0,0.0,814.0,346.0,813.0,177.0
1.0,6257.0,1504.0,1163.0,0.0,0.0,0.0,818.0,345.0,1067.0,437.0
1.0,4753.0,1676.0,1179.0,0.0,1639.0,1639.0,828.0,351.0,1072.0,604.0
1.0,3077.0,1326.0,1194.0,0.0,3025.0,3025.0,834.0,360.0,807.0,519.0
1.0,1751.0,804.0,1192.0,1639.0,2182.0,2182.0,830.0,362.0,531.0,273.0
1.0,2586.0,661.0,1176.0,3025.0,0.0,0.0,820.0,356.0,557.0,104.0
1.0,4950.0,1017.0,1163.0,2182.0,0.0,0.0,815.0,348.0,838.0,179.0
1.0,6115.0,1513.0,1166.0,0.0,62.0,62.0,820.0,346.0,1090.0,423.0
1.0,4602.0,1658.0,1182.0,0.0,1784.0,1784.0,829.0,353.0,1066.0,592.0
1.0,2944.0,1313.0,1196.0,62.0,3091.0,3091.0,835.0,361.0,792.0,521.0
1.0,1693.0,814.0,1193.0,1784.0,2109.0,2109.0,830.0,363.0,534.0,280.0
1.0,2663.0,669.0,1177.0,3091.0,0.0,0.0,820.0,357.0,556.0,113.0
1.0,5085.0,1027.0,1164.0,2109.0,0.0,0.0,815.0,349.0,844.0,183.0
1.0,6167.0,1519.0,1167.0,0.0,20.0,20.0,820.0,347.0,1099.0,420.0
1.0,4648.0,1681.0,1184.0,0.0,1769.0,1769.0,831.0,353.0,1088.0,593.0
1.0,2967.0,1334.0,1197.0,20.0,3135.0,3135.0,836.0,361.0,807.0,527.0
1.0,1653.0,846.0,1195.0,1769.0,2204.0,2204.0,831.0,364.0,552.0,294.0
1.0,2576.0,726.0,1179.0,3135.0,0.0,0.0,821.0,358.0,598.0,128.0
1.0,4985.0,1070.0,1166.0,2204.0,0.0,0.0,816.0,350.0,874.0,196.0
1.0,6119.0,1551.0,1170.0,0.0,112.0,112.0,822.0,348.0,1122.0,429.0
1.0,4568.0,1696.0,1188.0,0.0,1880.0,1880.0,834.0,354.0,1097.0,599.0
1.0,2872.0,1371.0,1202.0,112.0,3195.0,3195.0,840.0,362.0,835.0,536.0
1.0,1613.0,889.0,1200.0,1880.0,2196.0,2196.0,835.0,365.0,587.0,302.0
1.0,2604.0,761.0,1185.0,3195.0,0.0,0.0,826.0,359.0,622.0,139.0
1.0,5038.0,1082.0,1172.0,2196.0,0.0,0.0,821.0,351.0,883.0,199.0
1.0,6152.0,1557.0,1176.0,0.0,109.0,109.0,827.0,349.0,1128.0,429.0
1.0,4595.0,1709.0,1193.0,0.0,1886.0,1886.0,838.0,355.0,1101.0,608.0
1.0,2886.0,1389.0,1208.0,109.0,3226.0,3226.0,845.0,363.0,843.0,546.0
1.0,1606.0,927.0,1207.0,1886.0,2263.0,2263.0,841.0,366.0,621.0,306.0
1.0,2565.0,800.0,1192.0,3226.0,0.0,0.0,832.0,360.0,657.0,143.0
1.0,4991.0,1130.0,1180.0,2263.0,0.0,0.0,828.0,352.0,922.0,208.0
1.0,6124.0,1578.0,1183.0,0.0,186.0,186.0,833.0,350.0,1143.0,435.0
1.0,4546.0,1700.0,1200.0,0.0,1954.0,1954.0,844.0,356.0,1100.0,600.0
1.0,2846.0,1387.0,1214.0,186.0,3211.0,3211.0,849.0,365.0,841.0,546.0
1.0,1645.0,907.0,1212.0,1954.0,2156.0,2156.0,845.0,367.0,592.0,315.0
1.0,2692.0,780.0,1196.0,3211.0,0.0,0.0,835.0,361.0,638.0,142.0
1.0,5123.0,1098.0,1184.0,2156.0,0.0,0.0,831.0,353.0,899.0,199.0
1.0,6181.0,1563.0,1188.0,0.0,134.0,134.0,837.0,351.0,1131.0,432.0
1.0,4618.0,1711.0,1204.0,0.0,1909.0,1909.0,847.0,357.0,1098.0,613.0
1.0,2907.0,1362.0,1217.0,134.0,3189.0,3189.0,851.0,366.0,810.0,552.0
1.0,1679.0,877.0,1215.0,1909.0,2149.0,2149.0,846.0,369.0,566.0,311.0
1.0,2711.0,751.0,1200.0,3189.0,0.0,0.0,837.0,363.0,612.0,139.0
1.0,5149.0,1088.0,1188.0,2149.0,0.0,0.0,833.0,355.0,889.0,199.0
1.0,6210.0,1565.0,1191.0,0.0,119.0,119.0,838.0,353.0,1125.0,440.0
1.0,4645.0,1689.0,1208.0,0.0,1876.0,1876.0,848.0,360.0,1086.0,603.0
1.0,2956.0,1328.0,1220.0,119.0,3133.0,3133.0,852.0,368.0,802.0,526.0
1.0,1747.0,845.0,1217.0,1876.0,2090.0,2090.0,847.0,370.0,556.0,289.0
1.0,2778.0,707.0,1201.0,3133.0,0.0,0.0,837.0,364.0,580.0,127.0
1.0,5204.0,1073.0,1190.0,2090.0,0.0,0.0,833.0,357.0,862.0,211.0
1.0,6221.0,1555.0,1193.0,0.0,106.0,106.0,838.0,355.0,1107.0,448.0
1.0,4666.0,1681.0,1210.0,0.0,1855.0,1855.0,848.0,362.0,1076.0,605.0
1.0,2985.0,1329.0,1223.0,106.0,3130.0,3130.0,852.0,371.0,799.0,530.0
1.0,1762.0,835.0,1220.0,1855.0,2098.0,2098.0,847.0,373.0,549.0,286.0
1.0,2782.0,711.0,1205.0,3130.0,0.0,0.0,838.0,367.0,593.0,118.0
1.0,5201.0,1091.0,1194.0,2098.0,0.0,0.0,835.0,359.0,893.0,198.0
1.0,6208.0,1575.0,1198.0,0.0,159.0,159.0,841.0,357.0,1137.0,438.0
1.0,4633.0,1694.0,1215.0,0.0,1921.0,1921.0,852.0,363.0,1093.0,601.0
1.0,2939.0,1304.0,1227.0,159.0,3114.0,3114.0,856.0,371.0,786.0,518.0
1.0,1794.0,825.0,1223.0,1921.0,2002.0,2002.0,850.0,373.0,540.0,285.0
1.0,2890.0,744.0,1209.0,3114.0,0.0,0.0,841.0,368.0,620.0,124.0
1.0,5260.0,1130.0,1199.0,2002.0,0.0,0.0,839.0,360.0,939.0,191.0
1.0,6132.0,1592.0,1204.0,0.0,276.0,276.0,846.0,358.0,1162.0,430.0
1.0,4540.0,1679.0,1221.0,0.0,2023.0,2023.0,857.0,364.0,1082.0,597.0
1.0,2861.0,1315.0,1234.0,276.0,3114.0,3114.0,861.0,373.0,774.0,541.0
1.0,1822.0,858.0,1230.0,2023.0,1933.0,1933.0,855.0,375.0,551.0,307.0
1.0,2987.0,788.0,1216.0,3114.0,0.0,0.0,847.0,369.0,660.0,128.0
1.0,5313.0,1152.0,1205.0,1933.0,0.0,0.0,844.0,361.0,973.0,179.0
1.0,6094.0,1600.0,1211.0,0.0,350.0,350.0,852.0,359.0,1181.0,419.0
1.0,4494.0,1688.0,1227.0,0.0,2102.0,2102.0,862.0,365.0,1087.0,601.0
1.0,2806.0,1324.0,1238.0,350.0,3120.0,3120.0,865.0,373.0,771.0,553.0
1.0,1832.0,865.0,1235.0,2102.0,1871.0,1871.0,859.0,376.0,551.0,314.0
1.0,3069.0,771.0,1220.0,3120.0,0.0,0.0,850.0,370.0,637.0,134.0
1.0,5418.0,1135.0,1209.0,1871.0,0.0,0.0,847.0,362.0,951.0,184.0
1.0,6154.0,1610.0,1214.0,0.0,312.0,312.0,854.0,360.0,1190.0,420.0
1.0,4544.0,1724.0,1230.0,0.0,2100.0,2100.0,864.0,366.0,1117.0,607.0
1.0,2820.0,1366.0,1242.0,312.0,3202.0,3202.0,868.0,374.0,812.0,554.0
1.0,1766.0,901.0,1238.0,2100.0,1987.0,1987.0,862.0,376.0,581.0,320.0
1.0,2965.0,815.0,1223.0,3202.0,0.0,0.0,853.0,370.0,670.0,145.0
1.0,5352.0,1174.0,1214.0,1987.0,0.0,0.0,851.0,363.0,975.0,199.0
1.0,6165.0,1623.0,1217.0,0.0,326.0,326.0,857.0,360.0,1189.0,434.0
1.0,4542.0,1714.0,1232.0,0.0,2100.0,2100.0,866.0,366.0,1100.0,614.0
1.0,2828.0,1364.0,1243.0,326.0,3182.0,3182.0,869.0,374.0,811.0,553.0
1.0,1790.0,910.0,1239.0,2100.0,1976.0,1976.0,863.0,376.0,595.0,315.0
1.0,2980.0,814.0,1225.0,3182.0,0.0,0.0,854.0,371.0,674.0,140.0
1.0,5348.0,1175.0,1215.0,1976.0,0.0,0.0,852.0,363.0,970.0,205.0
1.0,6149.0,1608.0,1219.0,0.0,335.0,335.0,858.0,361.0,1169.0,439.0
1.0,4541.0,1704.0,1234.0,0.0,2099.0,2099.0,867.0,367.0,1089.0,615.0
1.0,2837.0,1357.0,1246.0,335.0,3169.0,3169.0,871.0,375.0,802.0,555.0
1.0,1815.0,911.0,1242.0,2099.0,1965.0,1965.0,865.0,377.0,594.0,317.0
1.0,3003.0,819.0,1227.0,3169.0,0.0,0.0,856.0,371.0,682.0,137.0
1.0,5353.0,1157.0,1216.0,1965.0,0.0,0.0,853.0,363.0,957.0,200.0
1.0,6161.0,1593.0,1221.0,0.0,316.0,316.0,860.0,361.0,1156.0,437.0
1.0,4568.0,1702.0,1237.0,0.0,2082.0,2082.0,870.0,367.0,1081.0,621.0
1.0,2866.0,1357.0,1248.0,316.0,3167.0,3167.0,873.0,375.0,791.0,566.0
1.0,1825.0,922.0,1246.0,2082.0,1999.0,1999.0,868.0,378.0,600.0,322.0
1.0,2985.0,816.0,1231.0,3167.0,0.0,0.0,859.0,372.0,685.0,131.0
1.0,5336.0,1150.0,1221.0,1999.0,0.0,0.0,857.0,364.0,956.0,194.0
1.0,6185.0,1585.0,1225.0,0.0,300.0,300.0,863.0,362.0,1140.0,445.0
1.0,4600.0,1685.0,1242.0,0.0,2053.0,2053.0,873.0,369.0,1058.0,627.0
1.0,2915.0,1368.0,1254.0,300.0,3169.0,3169.0,877.0,377.0,810.0,558.0
1.0,1847.0,947.0,1252.0,2053.0,2055.0,2055.0,873.0,379.0,640.0,307.0
1.0,2953.0,847.0,1239.0,3169.0,0.0,0.0,866.0,373.0,721.0,126.0
1.0,5275.0,1153.0,1229.0,2055.0,0.0,0.0,864.0,365.0,961.0,192.0
1.0,6177.0,1572.0,1233.0,0.0,327.0,327.0,870.0,363.0,1124.0,448.0
1.0,4605.0,1661.0,1249.0,0.0,2052.0,2052.0,879.0,370.0,1032.0,629.0
1.0,2944.0,1352.0,1261.0,327.0,3125.0,3125.0,883.0,378.0,787.0,565.0
1.0,1919.0,940.0,1259.0,2052.0,2005.0,2005.0,878.0,381.0,631.0,309.0
1.0,3031.0,849.0,1244.0,3125.0,0.0,0.0,870.0,374.0,728.0,121.0
1.0,5307.0,1152.0,1233.0,2005.0,0.0,0.0,867.0,366.0,966.0,186.0
1.0,6160.0,1536.0,1239.0,0.0,332.0,332.0,874.0,365.0,1103.0,433.0
1.0,4624.0,1643.0,1254.0,0.0,2035.0,2035.0,883.0,371.0,1024.0,619.0
1.0,2981.0,1360.0,1266.0,332.0,3111.0,3111.0,886.0,380.0,792.0,568.0
1.0,1953.0,983.0,1263.0,2035.0,2047.0,2047.0,881.0,382.0,660.0,323.0
1.0,3005.0,885.0,1250.0,3111.0,0.0,0.0,873.0,377.0,742.0,143.0
1.0,5231.0,1148.0,1239.0,2047.0,0.0,0.0,870.0,369.0,953.0,195.0
1.0,6130.0,1512.0,1243.0,0.0,354.0,354.0,876.0,367.0,1088.0,424.0
1.0,4618.0,1619.0,1258.0,0.0,2033.0,2033.0,885.0,373.0,1012.0,607.0
1.0,2999.0,1367.0,1269.0,354.0,3090.0,3090.0,888.0,381.0,802.0,565.0
1.0,1986.0,999.0,1266.0,2033.0,2044.0,2044.0,882.0,384.0,663.0,336.0
1.0,3020.0,895.0,1252.0,3090.0,0.0,0.0,873.0,379.0,739.0,156.0
1.0,5215.0,1154.0,1242.0,2044.0,0.0,0.0,871.0,371.0,949.0,205.0
1.0,6105.0,1506.0,1246.0,0.0,385.0,385.0,877.0,369.0,1075.0,431.0
1.0,4599.0,1635.0,1261.0,0.0,2080.0,2080.0,886.0,375.0,1027.0,608.0
1.0,2964.0,1413.0,1273.0,385.0,3156.0,3156.0,890.0,383.0,846.0,567.0
1.0,1936.0,1055.0,1271.0,2080.0,2123.0,2123.0,885.0,386.0,705.0,350.0
1.0,2961.0,906.0,1257.0,3156.0,0.0,0.0,876.0,381.0,738.0,168.0
1.0,5211.0,1150.0,1247.0,2123.0,0.0,0.0,873.0,374.0,943.0,207.0
1.0,6184.0,1530.0,1250.0,0.0,346.0,346.0,879.0,371.0,1105.0,425.0
1.0,4654.0,1660.0,1265.0,0.0,2066.0,2066.0,888.0,377.0,1053.0,607.0
1.0,2994.0,1408.0,1276.0,346.0,3172.0,3172.0,891.0,385.0,847.0,561.0
1.0,1932.0,1050.0,1273.0,2066.0,2144.0,2144.0,886.0,387.0,709.0,341.0
1.0,2948.0,925.0,1260.0,3172.0,0.0,0.0,878.0,382.0,771.0,154.0
1.0,5195.0,1191.0,1250.0,2144.0,0.0,0.0,876.0,374.0,985.0,206.0
1.0,6148.0,1537.0,1253.0,0.0,401.0,401.0,881.0,372.0,1098.0,439.0
1.0,4611.0,1665.0,1268.0,0.0,2126.0,2126.0,890.0,378.0,1045.0,620.0
1.0,2946.0,1441.0,1280.0,401.0,3214.0,3214.0,894.0,386.0,863.0,578.0
1.0,1906.0,1090.0,1278.0,2126.0,2170.0,2170.0,889.0,389.0,745.0,345.0
1.0,2942.0,961.0,1266.0,3214.0,0.0,0.0,882.0,384.0,802.0,159.0
1.0,5195.0,1175.0,1256.0,2170.0,0.0,0.0,880.0,376.0,979.0,196.0
1.0,6190.0,1526.0,1259.0,0.0,372.0,372.0,886.0,373.0,1107.0,419.0
1.0,4664.0,1667.0,1274.0,0.0,2099.0,2099.0,895.0,379.0,1060.0,607.0
1.0,2997.0,1455.0,1286.0,372.0,3230.0,3230.0,899.0,387.0,879.0,576.0
1.0,1914.0,1104.0,1285.0,2099.0,2231.0,2231.0,895.0,390.0,748.0,356.0
1.0,2909.0,953.0,1273.0,3230.0,0.0,0.0,888.0,385.0,788.0,165.0
1.0,5186.0,1146.0,1262.0,2231.0,0.0,0.0,885.0,377.0,949.0,197.0
1.0,6271.0,1487.0,1264.0,0.0,272.0,272.0,890.0,374.0,1072.0,415.0
1.0,4784.0,1646.0,1278.0,0.0,1974.0,1974.0,899.0,379.0,1038.0,608.0
1.0,3138.0,1430.0,1290.0,272.0,3180.0,3180.0,902.0,388.0,854.0,576.0
1.0,1980.0,1087.0,1289.0,1974.0,2289.0,2289.0,898.0,391.0,730.0,357.0
1.0,2867.0,938.0,1276.0,3180.0,0.0,0.0,891.0,385.0,775.0,163.0
1.0,5109.0,1126.0,1266.0,2289.0,0.0,0.0,889.0,377.0,950.0,176.0
1.0,6272.0,1448.0,1267.0,0.0,244.0,244.0,893.0,374.0,1057.0,391.0
1.0,4824.0,1563.0,1279.0,0.0,1855.0,1855.0,900.0,379.0,979.0,584.0
1.0,3261.0,1362.0,1288.0,244.0,3009.0,3009.0,901.0,387.0,793.0,569.0
1.0,2143.0,1057.0,1287.0,1855.0,2207.0,2207.0,896.0,391.0,692.0,365.0
1.0,2941.0,946.0,1275.0,3009.0,96.0,96.0,889.0,386.0,768.0,178.0
1.0,5004.0,1161.0,1265.0,2207.0,0.0,0.0,888.0,377.0,962.0,199.0
1.0,6050.0,1469.0,1267.0,96.0,391.0,391.0,893.0,374.0,1061.0,408.0
1.0,4677.0,1549.0,1280.0,0.0,1992.0,1992.0,900.0,380.0,960.0,589.0
1.0,3128.0,1344.0,1289.0,391.0,2981.0,2981.0,901.0,388.0,787.0,557.0
1.0,2175.0,1060.0,1287.0,1992.0,2041.0,2041.0,896.0,391.0,706.0,354.0
1.0,3107.0,976.0,1276.0,2981.0,0.0,0.0,890.0,386.0,795.0,181.0
1.0,5112.0,1178.0,1268.0,2041.0,0.0,0.0,889.0,379.0,966.0,212.0
1.0,5975.0,1476.0,1270.0,0.0,581.0,581.0,894.0,376.0,1060.0,416.0
1.0,4499.0,1570.0,1281.0,0.0,2195.0,2195.0,900.0,381.0,978.0,592.0
1.0,2929.0,1371.0,1290.0,581.0,3021.0,3021.0,901.0,389.0,809.0,562.0
1.0,2139.0,1054.0,1288.0,2195.0,1872.0,1872.0,896.0,392.0,703.0,351.0
1.0,3280.0,960.0,1278.0,3021.0,0.0,0.0,891.0,387.0,784.0,176.0
1.0,5341.0,1195.0,1270.0,1872.0,0.0,0.0,890.0,380.0,971.0,224.0
1.0,6018.0,1537.0,1272.0,0.0,607.0,607.0,895.0,377.0,1094.0,443.0
1.0,4481.0,1657.0,1286.0,0.0,2320.0,2320.0,903.0,383.0,1041.0,616.0
1.0,2824.0,1429.0,1296.0,607.0,3182.0,3182.0,905.0,391.0,859.0,570.0
1.0,2002.0,1061.0,1294.0,2320.0,1915.0,1915.0,901.0,393.0,735.0,326.0
1.0,3261.0,954.0,1284.0,3182.0,0.0,0.0,896.0,388.0,798.0,156.0
1.0,5489.0,1188.0,1274.0,1915.0,0.0,0.0,894.0,380.0,965.0,223.0
1.0,6216.0,1568.0,1277.0,0.0,460.0,460.0,899.0,378.0,1102.0,466.0
1.0,4648.0,1723.0,1290.0,0.0,2235.0,2235.0,906.0,384.0,1079.0,644.0
1.0,2925.0,1504.0,1302.0,460.0,3327.0,3327.0,910.0,392.0,920.0,584.0
1.0,1881.0,1121.0,1302.0,2235.0,2213.0,2213.0,907.0,395.0,780.0,341.0
1.0,2995.0,945.0,1291.0,3327.0,0.0,0.0,901.0,390.0,786.0,159.0
1.0,5377.0,1167.0,1281.0,2213.0,0.0,0.0,899.0,382.0,943.0,224.0
1.0,6423.0,1559.0,1283.0,0.0,268.0,268.0,903.0,380.0,1095.0,464.0
1.0,4864.0,1713.0,1296.0,0.0,2033.0,2033.0,910.0,386.0,1079.0,634.0
1.0,3151.0,1514.0,1308.0,268.0,3327.0,3327.0,914.0,394.0,940.0,574.0
1.0,1905.0,1145.0,1307.0,2033.0,2435.0,2435.0,910.0,397.0,800.0,345.0
1.0,2793.0,990.0,1297.0,3327.0,58.0,58.0,905.0,392.0,814.0,176.0
1.0,5130.0,1198.0,1287.0,2435.0,0.0,0.0,903.0,384.0,959.0,239.0
1.0,6367.0,1547.0,1289.0,58.0,278.0,278.0,907.0,382.0,1080.0,467.0
1.0,4878.0,1686.0,1301.0,0.0,2012.0,2012.0,913.0,388.0,1050.0,636.0
1.0,3192.0,1481.0,1311.0,278.0,3255.0,3255.0,915.0,396.0,901.0,580.0
1.0,1989.0,1118.0,1310.0,2012.0,2357.0,2357.0,911.0,399.0,780.0,338.0
1.0,2883.0,954.0,1299.0,3255.0,12.0,12.0,905.0,394.0,797.0,157.0
1.0,5184.0,1156.0,1289.0,2357.0,0.0,0.0,903.0,386.0,935.0,221.0
1.0,6385.0,1538.0,1290.0,12.0,301.0,301.0,906.0,384.0,1066.0,472.0
1.0,4859.0,1695.0,1302.0,0.0,2044.0,2044.0,912.0,390.0,1043.0,652.0
1.0,3164.0,1473.0,1312.0,301.0,3256.0,3256.0,914.0,398.0,896.0,577.0
1.0,1992.0,1082.0,1311.0,2044.0,2290.0,2290.0,911.0,400.0,760.0,322.0
1.0,2954.0,943.0,1300.0,3256.0,0.0,0.0,905.0,395.0,798.0,145.0
1.0,5267.0,1173.0,1291.0,2290.0,0.0,0.0,904.0,387.0,957.0,216.0
1.0,6384.0,1538.0,1293.0,0.0,326.0,326.0,908.0,385.0,1076.0,462.0
1.0,4846.0,1676.0,1305.0,0.0,2050.0,2050.0,914.0,391.0,1037.0,639.0
1.0,3170.0,1455.0,1315.0,326.0,3219.0,3219.0,916.0,399.0,876.0,579.0
1.0,2041.0,1082.0,1314.0,2050.0,2247.0,2247.0,912.0,402.0,746.0,336.0
1.0,3009.0,938.0,1304.0,3219.0,0.0,0.0,907.0,397.0,788.0,150.0
1.0,5290.0,1188.0,1297.0,2247.0,0.0,0.0,907.0,390.0,973.0,215.0
1.0,6349.0,1567.0,1301.0,0.0,422.0,422.0,913.0,388.0,1109.0,458.0
1.0,4782.0,1692.0,1313.0,0.0,2162.0,2162.0,920.0,393.0,1067.0,625.0
1.0,3090.0,1463.0,1323.0,422.0,3243.0,3243.0,923.0,400.0,908.0,555.0
1.0,2049.0,1073.0,1321.0,2162.0,2146.0,2146.0,919.0,402.0,762.0,311.0
1.0,3138.0,920.0,1310.0,3243.0,0.0,0.0,913.0,397.0,777.0,143.0
1.0,5461.0,1174.0,1303.0,2146.0,0.0,0.0,913.0,390.0,956.0,218.0
1.0,6433.0,1559.0,1307.0,0.0,354.0,354.0,919.0,388.0,1101.0,458.0
1.0,4874.0,1700.0,1320.0,0.0,2106.0,2106.0,926.0,394.0,1062.0,638.0
1.0,3174.0,1449.0,1329.0,354.0,3237.0,3237.0,928.0,401.0,877.0,572.0
1.0,2079.0,1053.0,1326.0,2106.0,2172.0,2172.0,923.0,403.0,734.0,319.0
1.0,3132.0,919.0,1316.0,3237.0,0.0,0.0,918.0,398.0,786.0,133.0
1.0,5450.0,1180.0,1308.0,2172.0,0.0,0.0,918.0,390.0,977.0,203.0
1.0,6442.0,1573.0,1312.0,0.0,379.0,379.0,924.0,388.0,1117.0,456.0
1.0,4869.0,1702.0,1325.0,0.0,2133.0,2133.0,931.0,394.0,1059.0,643.0
1.0,3167.0,1442.0,1334.0,379.0,3232.0,3232.0,932.0,402.0,861.0,581.0
1.0,2104.0,1068.0,1332.0,2133.0,2159.0,2159.0,928.0,404.0,735.0,333.0
1.0,3169.0,935.0,1320.0,3232.0,0.0,0.0,922.0,398.0,787.0,148.0
1.0,5466.0,1187.0,1310.0,2159.0,0.0,0.0,920.0,390.0,973.0,214.0
1.0,6438.0,1595.0,1314.0,0.0,413.0,413.0,926.0,388.0,1138.0,457.0
1.0,4843.0,1751.0,1327.0,0.0,2216.0,2216.0,933.0,394.0,1104.0,647.0
1.0,3092.0,1502.0,1338.0,413.0,3349.0,3349.0,935.0,403.0,912.0,590.0
1.0,2003.0,1069.0,1335.0,2216.0,2190.0,2190.0,930.0,405.0,723.0,346.0
1.0,3150.0,895.0,1323.0,3349.0,0.0,0.0,924.0,399.0,743.0,152.0
1.0,5604.0,1169.0,1312.0,2190.0,0.0,0.0,921.0,391.0,962.0,207.0
1.0,6625.0,1618.0,1314.0,0.0,249.0,249.0,926.0,388.0,1157.0,461.0
1.0,5007.0,1814.0,1328.0,0.0,2119.0,2119.0,933.0,395.0,1142.0,672.0
1.0,3193.0,1548.0,1339.0,249.0,3462.0,3462.0,936.0,403.0,934.0,614.0
1.0,1894.0,1093.0,1338.0,2119.0,2432.0,2432.0,932.0,406.0,742.0,351.0
1.0,2920.0,936.0,1326.0,3462.0,0.0,0.0,926.0,400.0,770.0,166.0
1.0,5446.0,1192.0,1315.0,2432.0,0.0,0.0,923.0,392.0,963.0,229.0
1.0,6686.0,1627.0,1318.0,0.0,213.0,213.0,927.0,391.0,1144.0,483.0
1.0,5059.0,1792.0,1330.0,0.0,2053.0,2053.0,933.0,397.0,1125.0,667.0
1.0,3267.0,1544.0,1341.0,213.0,3428.0,3428.0,936.0,405.0,939.0,605.0
1.0,1936.0,1140.0,1339.0,2053.0,2507.0,2507.0,932.0,407.0,785.0,355.0
1.0,2849.0,973.0,1328.0,3428.0,8.0,8.0,927.0,401.0,807.0,166.0
1.0,5304.0,1203.0,1320.0,2507.0,0.0,0.0,926.0,394.0,968.0,235.0
1.0,6608.0,1597.0,1322.0,8.0,269.0,269.0,930.0,392.0,1115.0,482.0
1.0,5019.0,1773.0,1334.0,0.0,2090.0,2090.0,936.0,398.0,1111.0,662.0
1.0,3246.0,1549.0,1345.0,269.0,3414.0,3414.0,939.0,406.0,958.0,591.0
1.0,1966.0,1187.0,1346.0,2090.0,2515.0,2515.0,937.0,409.0,833.0,354.0
1.0,2869.0,1006.0,1336.0,3414.0,67.0,67.0,933.0,403.0,839.0,167.0
1.0,5277.0,1221.0,1327.0,2515.0,0.0,0.0,932.0,395.0,994.0,227.0
1.0,6571.0,1594.0,1329.0,67.0,272.0,272.0,936.0,393.0,1124.0,470.0
1.0,5044.0,1743.0,1342.0,0.0,2067.0,2067.0,943.0,399.0,1085.0,658.0
1.0,3301.0,1553.0,1354.0,272.0,3396.0,3396.0,946.0,408.0,950.0,603.0
1.0,2020.0,1183.0,1354.0,2067.0,2512.0,2512.0,943.0,411.0,825.0,358.0
1.0,2904.0,1025.0,1344.0,3396.0,101.0,101.0,939.0,405.0,852.0,173.0
1.0,5275.0,1213.0,1335.0,2512.0,0.0,0.0,938.0,397.0,997.0,216.0
1.0,6574.0,1536.0,1337.0,101.0,209.0,209.0,942.0,395.0,1092.0,444.0
1.0,5139.0,1695.0,1348.0,0.0,1948.0,1948.0,948.0,400.0,1056.0,639.0
1.0,3444.0,1530.0,1360.0,209.0,3317.0,3317.0,951.0,409.0,926.0,604.0
1.0,2123.0,1206.0,1360.0,1948.0,2575.0,2575.0,948.0,412.0,833.0,373.0
1.0,2865.0,1022.0,1350.0,3317.0,240.0,240.0,943.0,407.0,848.0,174.0
1.0,5160.0,1161.0,1340.0,2575.0,0.0,0.0,941.0,399.0,945.0,216.0
1.0,6574.0,1485.0,1340.0,240.0,31.0,31.0,943.0,397.0,1043.0,442.0
1.0,5329.0,1674.0,1352.0,0.0,1753.0,1753.0,949.0,403.0,1042.0,632.0
1.0,3655.0,1508.0,1362.0,31.0,3270.0,3270.0,951.0,411.0,918.0,590.0
1.0,2178.0,1184.0,1363.0,1753.0,2705.0,2705.0,949.0,414.0,818.0,366.0
1.0,2747.0,994.0,1352.0,3270.0,385.0,385.0,943.0,409.0,815.0,179.0
1.0,5023.0,1135.0,1341.0,2705.0,0.0,0.0,940.0,401.0,922.0,213.0
1.0,6593.0,1465.0,1341.0,385.0,0.0,0.0,943.0,398.0,1033.0,432.0
1.0,5513.0,1657.0,1353.0,0.0,1556.0,1556.0,949.0,404.0,1037.0,620.0
1.0,3856.0,1530.0,1365.0,0.0,3134.0,3134.0,952.0,413.0,941.0,589.0
1.0,2326.0,1192.0,1365.0,1556.0,2770.0,2770.0,949.0,416.0,827.0,365.0
1.0,2690.0,1009.0,1354.0,3134.0,601.0,601.0,944.0,410.0,831.0,178.0
1.0,4815.0,1171.0,1344.0,2770.0,0.0,0.0,942.0,402.0,951.0,220.0
1.0,6414.0,1511.0,1346.0,601.0,0.0,0.0,946.0,400.0,1067.0,444.0
1.0,5504.0,1703.0,1357.0,0.0,1627.0,1627.0,952.0,405.0,1073.0,630.0
1.0,3801.0,1550.0,1370.0,0.0,3229.0,3229.0,956.0,414.0,965.0,585.0
1.0,2251.0,1210.0,1370.0,1627.0,2812.0,2812.0,953.0,417.0,850.0,360.0
1.0,2668.0,1028.0,1359.0,3229.0,567.0,567.0,948.0,411.0,841.0,187.0
1.0,4869.0,1178.0,1348.0,2812.0,0.0,0.0,945.0,403.0,950.0,228.0
1.0,6503.0,1529.0,1349.0,567.0,0.0,0.0,948.0,401.0,1075.0,454.0
1.0,5541.0,1727.0,1361.0,0.0,1630.0,1630.0,955.0,406.0,1096.0,631.0
1.0,3814.0,1569.0,1375.0,0.0,3255.0,3255.0,960.0,415.0,978.0,591.0
1.0,2245.0,1232.0,1376.0,1630.0,2861.0,2861.0,958.0,418.0,863.0,369.0
1.0,2643.0,1046.0,1364.0,3255.0,604.0,604.0,952.0,412.0,857.0,189.0
1.0,4852.0,1224.0,1353.0,2861.0,0.0,0.0,949.0,404.0,989.0,235.0
1.0,6489.0,1592.0,1354.0,604.0,0.0,0.0,953.0,401.0,1138.0,454.0
1.0,5501.0,1781.0,1367.0,0.0,1748.0,1748.0,960.0,407.0,1142.0,639.0
1.0,3720.0,1595.0,1380.0,0.0,3395.0,3395.0,965.0,415.0,987.0,608.0
1.0,2125.0,1208.0,1380.0,1748.0,2855.0,2855.0,962.0,418.0,838.0,370.0
1.0,2665.0,1008.0,1368.0,3395.0,420.0,420.0,956.0,412.0,831.0,177.0
1.0,5052.0,1213.0,1357.0,2855.0,0.0,0.0,953.0,404.0,979.0,234.0
1.0,6694.0,1607.0,1358.0,420.0,0.0,0.0,957.0,401.0,1136.0,471.0
1.0,5507.0,1804.0,1371.0,0.0,1781.0,1781.0,964.0,407.0,1144.0,660.0
1.0,3703.0,1610.0,1383.0,0.0,3439.0,3439.0,968.0,415.0,1001.0,609.0
1.0,2093.0,1212.0,1383.0,1781.0,2870.0,2870.0,965.0,418.0,843.0,369.0
1.0,2662.0,1023.0,1372.0,3439.0,410.0,410.0,960.0,412.0,836.0,187.0
1.0,5078.0,1214.0,1361.0,2870.0,0.0,0.0,957.0,404.0,969.0,245.0
1.0,6734.0,1618.0,1363.0,410.0,0.0,0.0,961.0,402.0,1130.0,488.0
1.0,5526.0,1816.0,1375.0,0.0,1790.0,1790.0,967.0,408.0,1152.0,664.0
1.0,3710.0,1598.0,1386.0,0.0,3432.0,3432.0,970.0,416.0,999.0,599.0
1.0,2112.0,1175.0,1386.0,1790.0,2817.0,2817.0,967.0,419.0,821.0,354.0
1.0,2727.0,965.0,1373.0,3432.0,298.0,298.0,960.0,413.0,790.0,175.0
1.0,5194.0,1190.0,1362.0,2817.0,0.0,0.0,957.0,405.0,938.0,252.0
1.0,6821.0,1617.0,1364.0,298.0,0.0,0.0,960.0,404.0,1113.0,504.0
1.0,5502.0,1827.0,1377.0,0.0,1833.0,1833.0,967.0,410.0,1156.0,671.0
1.0,3675.0,1583.0,1387.0,0.0,3456.0,3456.0,970.0,417.0,1003.0,580.0
1.0,2092.0,1146.0,1386.0,1833.0,2765.0,2765.0,966.0,420.0,814.0,332.0
1.0,2779.0,935.0,1374.0,3456.0,196.0,196.0,960.0,414.0,771.0,164.0
1.0,5300.0,1164.0,1364.0,2765.0,0.0,0.0,957.0,407.0,905.0,259.0
1.0,6901.0,1577.0,1365.0,196.0,0.0,0.0,960.0,405.0,1065.0,512.0
1.0,5520.0,1781.0,1376.0,0.0,1765.0,1765.0,965.0,411.0,1106.0,675.0
1.0,3739.0,1575.0,1387.0,0.0,3384.0,3384.0,968.0,419.0,995.0,580.0
1.0,2164.0,1169.0,1387.0,1765.0,2788.0,2788.0,966.0,421.0,845.0,324.0
1.0,2760.0,967.0,1377.0,3384.0,331.0,331.0,961.0,416.0,798.0,169.0
1.0,5177.0,1156.0,1366.0,2788.0,0.0,0.0,958.0,408.0,896.0,260.0
1.0,6809.0,1570.0,1368.0,331.0,0.0,0.0,961.0,407.0,1065.0,505.0
1.0,5570.0,1807.0,1381.0,0.0,1761.0,1761.0,968.0,413.0,1143.0,664.0
1.0,3763.0,1631.0,1392.0,0.0,3436.0,3436.0,972.0,420.0,1059.0,572.0
1.0,2132.0,1217.0,1394.0,1761.0,2900.0,2900.0,972.0,422.0,892.0,325.0
1.0,2676.0,966.0,1384.0,3436.0,390.0,390.0,967.0,417.0,798.0,168.0
1.0,5146.0,1143.0,1374.0,2900.0,0.0,0.0,964.0,410.0,885.0,258.0
1.0,6903.0,1540.0,1375.0,390.0,0.0,0.0,966.0,409.0,1040.0,500.0
1.0,5753.0,1794.0,1386.0,0.0,1585.0,1585.0,972.0,414.0,1138.0,656.0
1.0,3959.0,1661.0,1399.0,0.0,3298.0,3298.0,977.0,422.0,1085.0,576.0
1.0,2298.0,1270.0,1400.0,1585.0,2987.0,2987.0,976.0,424.0,922.0,348.0
1.0,2613.0,1008.0,1391.0,3298.0,661.0,661.0,972.0,419.0,817.0,191.0
1.0,4903.0,1151.0,1380.0,2987.0,0.0,0.0,968.0,412.0,881.0,270.0
1.0,6739.0,1554.0,1381.0,661.0,0.0,0.0,970.0,411.0,1049.0,505.0
1.0,5846.0,1817.0,1392.0,0.0,1539.0,1539.0,976.0,416.0,1170.0,647.0
1.0,4029.0,1675.0,1405.0,0.0,3266.0,3266.0,981.0,424.0,1111.0,564.0
1.0,2354.0,1259.0,1406.0,1539.0,2990.0,2990.0,980.0,426.0,915.0,344.0
1.0,2634.0,982.0,1396.0,3266.0,666.0,666.0,975.0,421.0,782.0,200.0
1.0,4918.0,1147.0,1384.0,2990.0,0.0,0.0,970.0,414.0,869.0,278.0
1.0,6761.0,1579.0,1385.0,666.0,0.0,0.0,972.0,413.0,1063.0,516.0
1.0,5848.0,1852.0,1396.0,0.0,1588.0,1588.0,978.0,418.0,1189.0,663.0
1.0,3996.0,1672.0,1409.0,0.0,3312.0,3312.0,983.0,426.0,1105.0,567.0
1.0,2324.0,1240.0,1409.0,1588.0,2964.0,2964.0,981.0,428.0,912.0,328.0
1.0,2672.0,986.0,1397.0,3312.0,590.0,590.0,975.0,422.0,801.0,185.0
1.0,4998.0,1185.0,1386.0,2964.0,0.0,0.0,970.0,416.0,897.0,288.0
1.0,6777.0,1620.0,1386.0,590.0,0.0,0.0,972.0,414.0,1080.0,540.0
1.0,5747.0,1851.0,1398.0,0.0,1696.0,1696.0,978.0,420.0,1166.0,685.0
1.0,3896.0,1659.0,1411.0,0.0,3407.0,3407.0,983.0,428.0,1083.0,576.0
1.0,2237.0,1230.0,1412.0,1696.0,2945.0,2945.0,982.0,430.0,913.0,317.0
1.0,2703.0,1007.0,1400.0,3407.0,497.0,497.0,976.0,424.0,839.0,168.0
1.0,5103.0,1211.0,1389.0,2945.0,0.0,0.0,972.0,417.0,927.0,284.0
1.0,6837.0,1648.0,1389.0,497.0,0.0,0.0,974.0,415.0,1098.0,550.0
1.0,5686.0,1865.0,1402.0,0.0,1787.0,1787.0,980.0,422.0,1172.0,693.0
1.0,3821.0,1659.0,1414.0,0.0,3494.0,3494.0,985.0,429.0,1089.0,570.0
1.0,2162.0,1208.0,1414.0,1787.0,2915.0,2915.0,984.0,430.0,905.0,303.0
1.0,2741.0,989.0,1402.0,3494.0,362.0,362.0,978.0,424.0,822.0,167.0
1.0,5246.0,1201.0,1390.0,2915.0,0.0,0.0,973.0,417.0,911.0,290.0
1.0,6960.0,1630.0,1391.0,362.0,0.0,0.0,975.0,416.0,1080.0,550.0
1.0,5692.0,1885.0,1404.0,0.0,1809.0,1809.0,982.0,422.0,1195.0,690.0
1.0,3807.0,1700.0,1419.0,0.0,3569.0,3569.0,989.0,430.0,1132.0,568.0
1.0,2107.0,1267.0,1420.0,1809.0,3031.0,3031.0,989.0,431.0,958.0,309.0
1.0,2649.0,997.0,1408.0,3569.0,411.0,411.0,984.0,424.0,831.0,166.0
1.0,5221.0,1174.0,1395.0,3031.0,0.0,0.0,978.0,417.0,885.0,289.0
1.0,7078.0,1612.0,1396.0,411.0,0.0,0.0,980.0,416.0,1068.0,544.0
1.0,5877.0,1866.0,1410.0,0.0,1629.0,1629.0,987.0,423.0,1191.0,675.0
1.0,4011.0,1687.0,1424.0,0.0,3372.0,3372.0,994.0,430.0,1136.0,551.0
1.0,2324.0,1272.0,1426.0,1629.0,3023.0,3023.0,995.0,431.0,963.0,309.0
1.0,2681.0,1010.0,1416.0,3372.0,621.0,621.0,991.0,425.0,835.0,175.0
1.0,5043.0,1182.0,1404.0,3023.0,0.0,0.0,986.0,418.0,892.0,290.0
1.0,6884.0,1607.0,1405.0,621.0,0.0,0.0,988.0,417.0,1069.0,538.0
1.0,5898.0,1840.0,1417.0,0.0,1610.0,1610.0,994.0,423.0,1167.0,673.0
1.0,4058.0,1656.0,1431.0,0.0,3322.0,3322.0,1000.0,431.0,1099.0,557.0
1.0,2402.0,1225.0,1432.0,1610.0,2941.0,2941.0,1000.0,432.0,915.0,310.0
1.0,2787.0,970.0,1421.0,3322.0,545.0,545.0,995.0,426.0,790.0,180.0
1.0,5139.0,1179.0,1409.0,2941.0,0.0,0.0,990.0,419.0,879.0,300.0
1.0,6901.0,1618.0,1408.0,545.0,0.0,0.0,990.0,418.0,1068.0,550.0
1.0,5828.0,1860.0,1420.0,0.0,1712.0,1712.0,995.0,425.0,1177.0,683.0
1.0,3968.0,1656.0,1434.0,0.0,3424.0,3424.0,1001.0,433.0,1094.0,562.0
1.0,2312.0,1202.0,1434.0,1712.0,2914.0,2914.0,1001.0,433.0,900.0,302.0
1.0,2822.0,965.0,1424.0,3424.0,415.0,415.0,997.0,427.0,801.0,164.0
1.0,5281.0,1186.0,1412.0,2914.0,0.0,0.0,992.0,420.0,899.0,287.0
1.0,7009.0,1630.0,1411.0,415.0,0.0,0.0,992.0,419.0,1080.0,550.0
1.0,5794.0,1858.0,1423.0,0.0,1756.0,1756.0,997.0,426.0,1171.0,687.0
1.0,3936.0,1644.0,1435.0,0.0,3448.0,3448.0,1002.0,433.0,1077.0,567.0
1.0,2292.0,1207.0,1436.0,1756.0,2903.0,2903.0,1002.0,434.0,895.0,312.0
1.0,2841.0,977.0,1425.0,3448.0,388.0,388.0,997.0,428.0,799.0,178.0
1.0,5312.0,1217.0,1413.0,2903.0,0.0,0.0,992.0,421.0,908.0,309.0
1.0,6998.0,1675.0,1413.0,388.0,0.0,0.0,992.0,421.0,1113.0,562.0
1.0,5711.0,1883.0,1426.0,0.0,1876.0,1876.0,998.0,428.0,1196.0,687.0
1.0,3828.0,1662.0,1439.0,0.0,3590.0,3590.0,1004.0,435.0,1102.0,560.0
1.0,2166.0,1223.0,1440.0,1876.0,2941.0,2941.0,1005.0,435.0,909.0,314.0
1.0,2819.0,1002.0,1429.0,3590.0,309.0,309.0,1000.0,429.0,806.0,196.0
1.0,5407.0,1238.0,1418.0,2941.0,0.0,0.0,995.0,423.0,916.0,322.0
1.0,7110.0,1701.0,1418.0,309.0,0.0,0.0,995.0,423.0,1128.0,573.0
1.0,5718.0,1939.0,1431.0,0.0,1945.0,1945.0,1001.0,430.0,1245.0,694.0
1.0,3779.0,1713.0,1445.0,0.0,3714.0,3714.0,1008.0,437.0,1146.0,567.0
1.0,2066.0,1256.0,1447.0,1945.0,3033.0,3033.0,1009.0,438.0,937.0,319.0
1.0,2755.0,1029.0,1435.0,3714.0,300.0,300.0,1004.0,431.0,835.0,194.0
1.0,5440.0,1245.0,1424.0,3033.0,0.0,0.0,1000.0,424.0,931.0,314.0
1.0,7228.0,1707.0,1425.0,300.0,0.0,0.0,1001.0,424.0,1136.0,571.0
1.0,5821.0,1969.0,1438.0,0.0,1900.0,1900.0,1007.0,431.0,1262.0,707.0
1.0,3852.0,1726.0,1452.0,0.0,3682.0,3682.0,1013.0,439.0,1152.0,574.0
1.0,2126.0,1250.0,1454.0,1900.0,3040.0,3040.0,1014.0,440.0,946.0,304.0
1.0,2776.0,1011.0,1441.0,3682.0,317.0,317.0,1009.0,432.0,837.0,174.0
1.0,5447.0,1258.0,1429.0,3040.0,0.0,0.0,1004.0,425.0,943.0,315.0
1.0,7229.0,1730.0,1430.0,317.0,0.0,0.0,1005.0,425.0,1144.0,586.0
1.0,5816.0,1967.0,1445.0,0.0,1931.0,1931.0,1012.0,433.0,1256.0,711.0
1.0,3849.0,1730.0,1460.0,0.0,3721.0,3721.0,1019.0,441.0,1159.0,571.0
1.0,2119.0,1233.0,1460.0,1931.0,3023.0,3023.0,1019.0,441.0,928.0,305.0
1.0,2817.0,952.0,1447.0,3721.0,202.0,202.0,1013.0,434.0,787.0,165.0
1.0,5586.0,1182.0,1433.0,3023.0,0.0,0.0,1007.0,426.0,889.0,293.0
1.0,7427.0,1690.0,1433.0,202.0,0.0,0.0,1007.0,426.0,1121.0,569.0
1.0,5939.0,1961.0,1447.0,0.0,1810.0,1810.0,1013.0,434.0,1248.0,713.0
1.0,3978.0,1733.0,1461.0,0.0,3599.0,3599.0,1019.0,442.0,1158.0,575.0
1.0,2245.0,1227.0,1462.0,1810.0,3020.0,3020.0,1020.0,442.0,925.0,302.0
1.0,2828.0,942.0,1449.0,3599.0,311.0,311.0,1014.0,435.0,773.0,169.0
1.0,5485.0,1160.0,1436.0,3020.0,0.0,0.0,1008.0,428.0,855.0,305.0
1.0,7345.0,1655.0,1435.0,311.0,0.0,0.0,1007.0,428.0,1082.0,573.0
1.0,6001.0,1932.0,1448.0,0.0,1723.0,1723.0,1012.0,436.0,1231.0,701.0
1.0,4069.0,1711.0,1461.0,0.0,3486.0,3486.0,1018.0,443.0,1146.0,565.0
1.0,2358.0,1224.0,1461.0,1723.0,2987.0,2987.0,1018.0,443.0,931.0,293.0
1.0,2857.0,950.0,1449.0,3486.0,403.0,403.0,1013.0,436.0,798.0,152.0
1.0,5393.0,1158.0,1436.0,2987.0,0.0,0.0,1008.0,428.0,872.0,286.0
1.0,7222.0,1646.0,1436.0,403.0,0.0,0.0,1007.0,429.0,1085.0,561.0
1.0,5979.0,1929.0,1449.0,0.0,1746.0,1746.0,1013.0,436.0,1227.0,702.0
1.0,4050.0,1719.0,1464.0,0.0,3525.0,3525.0,1020.0,444.0,1150.0,569.0
1.0,2331.0,1223.0,1464.0,1746.0,3002.0,3002.0,1021.0,443.0,927.0,296.0
1.0,2854.0,940.0,1452.0,3525.0,369.0,369.0,1016.0,436.0,782.0,158.0
1.0,5439.0,1172.0,1438.0,3002.0,0.0,0.0,1010.0,428.0,884.0,288.0
1.0,7269.0,1683.0,1439.0,369.0,0.0,0.0,1011.0,428.0,1125.0,558.0
1.0,5955.0,1951.0,1453.0,0.0,1808.0,1808.0,1017.0,436.0,1247.0,704.0
1.0,4004.0,1701.0,1468.0,0.0,3569.0,3569.0,1024.0,444.0,1128.0,573.0
1.0,2303.0,1197.0,1467.0,1808.0,2954.0,2954.0,1023.0,444.0,893.0,304.0
1.0,2914.0,954.0,1455.0,3569.0,291.0,291.0,1018.0,437.0,788.0,166.0
1.0,5529.0,1222.0,1442.0,2954.0,0.0,0.0,1013.0,429.0,928.0,294.0
1.0,7261.0,1734.0,1444.0,291.0,0.0,0.0,1015.0,429.0,1173.0,561.0
1.0,5818.0,1968.0,1459.0,0.0,1986.0,1986.0,1022.0,437.0,1268.0,700.0
1.0,3850.0,1712.0,1473.0,0.0,3754.0,3754.0,1029.0,444.0,1134.0,578.0
1.0,2138.0,1227.0,1473.0,1986.0,2995.0,2995.0,1029.0,444.0,908.0,319.0
1.0,2897.0,984.0,1460.0,3754.0,173.0,173.0,1023.0,437.0,798.0,186.0
1.0,5667.0,1227.0,1447.0,2995.0,0.0,0.0,1017.0,430.0,922.0,305.0
1.0,7435.0,1734.0,1448.0,173.0,0.0,0.0,1018.0,430.0,1161.0,573.0
1.0,5874.0,1995.0,1464.0,0.0,1977.0,1977.0,1026.0,438.0,1278.0,717.0
1.0,3879.0,1760.0,1478.0,0.0,3793.0,3793.0,1032.0,446.0,1166.0,594.0
1.0,2119.0,1254.0,1479.0,1977.0,3074.0,3074.0,1033.0,446.0,931.0,323.0
1.0,2842.0,991.0,1465.0,3793.0,216.0,216.0,1027.0,438.0,813.0,178.0
1.0,5644.0,1218.0,1451.0,3074.0,0.0,0.0,1020.0,431.0,904.0,314.0
1.0,7500.0,1736.0,1451.0,216.0,0.0,0.0,1020.0,431.0,1147.0,589.0
1.0,5980.0,2012.0,1466.0,0.0,1896.0,1896.0,1027.0,439.0,1286.0,726.0
1.0,3968.0,1784.0,1480.0,0.0,3736.0,3736.0,1034.0,446.0,1201.0,583.0
1.0,2184.0,1259.0,1480.0,1896.0,3099.0,3099.0,1034.0,446.0,950.0,309.0
1.0,2821.0,968.0,1467.0,3736.0,279.0,279.0,1028.0,439.0,793.0,175.0
1.0,5589.0,1197.0,1451.0,3099.0,0.0,0.0,1020.0,431.0,879.0,318.0
1.0,7491.0,1753.0,1452.0,279.0,0.0,0.0,1020.0,432.0,1149.0,604.0
1.0,6017.0,2054.0,1467.0,0.0,1905.0,1905.0,1027.0,440.0,1307.0,747.0
1.0,3963.0,1812.0,1483.0,0.0,3781.0,3781.0,1034.0,449.0,1210.0,602.0
1.0,2151.0,1269.0,1483.0,1905.0,3145.0,3145.0,1035.0,448.0,959.0,310.0
1.0,2787.0,971.0,1468.0,3781.0,275.0,275.0,1028.0,440.0,801.0,170.0
1.0,5597.0,1187.0,1454.0,3145.0,0.0,0.0,1021.0,433.0,876.0,311.0
1.0,7555.0,1724.0,1453.0,275.0,0.0,0.0,1020.0,433.0,1124.0,600.0
1.0,6106.0,2045.0,1469.0,0.0,1815.0,1815.0,1027.0,442.0,1299.0,746.0
1.0,4061.0,1820.0,1486.0,0.0,3703.0,3703.0,1036.0,450.0,1218.0,602.0
1.0,2241.0,1282.0,1488.0,1815.0,3178.0,3178.0,1037.0,451.0,960.0,322.0
1.0,2774.0,970.0,1474.0,3703.0,389.0,389.0,1031.0,443.0,799.0,171.0
1.0,5507.0,1194.0,1459.0,3178.0,0.0,0.0,1024.0,435.0,893.0,301.0
1.0,7491.0,1742.0,1459.0,389.0,0.0,0.0,1024.0,435.0,1153.0,589.0
1.0,6138.0,2059.0,1475.0,0.0,1821.0,1821.0,1031.0,444.0,1321.0,738.0
1.0,4079.0,1809.0,1492.0,0.0,3698.0,3698.0,1040.0,452.0,1213.0,596.0
1.0,2270.0,1247.0,1493.0,1821.0,3128.0,3128.0,1041.0,452.0,935.0,312.0
1.0,2844.0,955.0,1480.0,3698.0,333.0,333.0,1036.0,444.0,794.0,161.0
1.0,5587.0,1186.0,1465.0,3128.0,0.0,0.0,1029.0,436.0,887.0,299.0
1.0,7529.0,1740.0,1466.0,333.0,0.0,0.0,1029.0,437.0,1155.0,585.0
1.0,6122.0,2058.0,1482.0,0.0,1864.0,1864.0,1037.0,445.0,1330.0,728.0
1.0,4064.0,1812.0,1499.0,0.0,3744.0,3744.0,1045.0,454.0,1223.0,589.0
1.0,2252.0,1253.0,1501.0,1864.0,3141.0,3141.0,1047.0,454.0,947.0,306.0
1.0,2863.0,957.0,1487.0,3744.0,298.0,298.0,1041.0,446.0,801.0,156.0
1.0,5650.0,1185.0,1473.0,3141.0,0.0,0.0,1035.0,438.0,893.0,292.0
1.0,7606.0,1728.0,1474.0,298.0,0.0,0.0,1035.0,439.0,1151.0,577.0
1.0,6176.0,2045.0,1489.0,0.0,1825.0,1825.0,1042.0,447.0,1312.0,733.0
1.0,4131.0,1802.0,1505.0,0.0,3691.0,3691.0,1050.0,455.0,1205.0,597.0
1.0,2329.0,1253.0,1508.0,1825.0,3131.0,3131.0,1052.0,456.0,943.0,310.0
1.0,2901.0,951.0,1493.0,3691.0,331.0,331.0,1045.0,448.0,788.0,163.0
1.0,5641.0,1166.0,1478.0,3131.0,0.0,0.0,1038.0,440.0,879.0,287.0
1.0,7606.0,1709.0,1478.0,331.0,0.0,0.0,1038.0,440.0,1145.0,564.0
1.0,6228.0,2024.0,1494.0,0.0,1772.0,1772.0,1046.0,448.0,1304.0,720.0
1.0,4204.0,1811.0,1511.0,0.0,3651.0,3651.0,1054.0,457.0,1199.0,612.0
1.0,2393.0,1280.0,1511.0,1772.0,3159.0,3159.0,1054.0,457.0,939.0,341.0
1.0,2885.0,973.0,1497.0,3651.0,425.0,425.0,1047.0,450.0,800.0,173.0
1.0,5563.0,1199.0,1482.0,3159.0,0.0,0.0,1040.0,442.0,913.0,286.0
1.0,7523.0,1723.0,1483.0,425.0,0.0,0.0,1041.0,442.0,1169.0,554.0
1.0,6225.0,2011.0,1497.0,0.0,1774.0,1774.0,1048.0,449.0,1296.0,715.0
1.0,4214.0,1784.0,1513.0,0.0,3622.0,3622.0,1056.0,457.0,1181.0,603.0
1.0,2430.0,1249.0,1514.0,1774.0,3101.0,3101.0,1056.0,458.0,916.0,333.0
1.0,2955.0,964.0,1498.0,3622.0,379.0,379.0,1048.0,450.0,780.0,184.0
1.0,5613.0,1223.0,1484.0,3101.0,0.0,0.0,1042.0,442.0,923.0,300.0
1.0,7491.0,1775.0,1484.0,379.0,0.0,0.0,1042.0,442.0,1205.0,570.0
1.0,6095.0,2078.0,1499.0,0.0,1979.0,1979.0,1050.0,449.0,1357.0,721.0
1.0,4017.0,1831.0,1516.0,0.0,3878.0,3878.0,1058.0,458.0,1227.0,604.0
1.0,2186.0,1273.0,1517.0,1979.0,3176.0,3176.0,1059.0,458.0,937.0,336.0
1.0,2892.0,954.0,1502.0,3878.0,192.0,192.0,1052.0,450.0,767.0,187.0
1.0,5816.0,1202.0,1486.0,3176.0,0.0,0.0,1044.0,442.0,891.0,311.0
1.0,7790.0,1789.0,1487.0,192.0,0.0,0.0,1044.0,443.0,1198.0,591.0
1.0,6193.0,2132.0,1504.0,0.0,1955.0,1955.0,1053.0,451.0,1391.0,741.0
1.0,4061.0,1904.0,1521.0,0.0,3927.0,3927.0,1062.0,459.0,1297.0,607.0
1.0,2157.0,1312.0,1523.0,1955.0,3292.0,3292.0,1064.0,459.0,989.0,323.0
1.0,2800.0,970.0,1508.0,3927.0,275.0,275.0,1057.0,451.0,785.0,185.0
1.0,5757.0,1239.0,1493.0,3292.0,0.0,0.0,1050.0,443.0,909.0,330.0
1.0,7810.0,1835.0,1493.0,275.0,0.0,0.0,1050.0,443.0,1219.0,616.0
1.0,6250.0,2172.0,1511.0,0.0,1966.0,1966.0,1059.0,452.0,1425.0,747.0
1.0,4078.0,1911.0,1529.0,0.0,3949.0,3949.0,1069.0,460.0,1311.0,600.0
1.0,2167.0,1293.0,1531.0,1966.0,3284.0,3284.0,1071.0,460.0,975.0,318.0
1.0,2840.0,941.0,1515.0,3949.0,212.0,212.0,1063.0,452.0,748.0,193.0
1.0,5848.0,1216.0,1500.0,3284.0,0.0,0.0,1055.0,445.0,867.0,349.0
1.0,7916.0,1849.0,1500.0,212.0,0.0,0.0,1055.0,445.0,1220.0,629.0
1.0,6279.0,2183.0,1517.0,0.0,1972.0,1972.0,1064.0,453.0,1438.0,745.0
1.0,4096.0,1889.0,1535.0,0.0,3933.0,3933.0,1074.0,461.0,1311.0,578.0
1.0,2207.0,1268.0,1536.0,1972.0,3233.0,3233.0,1075.0,461.0,963.0,305.0
1.0,2911.0,933.0,1521.0,3933.0,173.0,173.0,1067.0,454.0,732.0,201.0
1.0,5911.0,1204.0,1505.0,3233.0,0.0,0.0,1058.0,447.0,848.0,356.0
1.0,7940.0,1812.0,1505.0,173.0,0.0,0.0,1058.0,447.0,1188.0,624.0
1.0,6301.0,2139.0,1522.0,0.0,1926.0,1926.0,1067.0,455.0,1410.0,729.0
1.0,4162.0,1843.0,1539.0,0.0,3837.0,3837.0,1076.0,463.0,1285.0,558.0
1.0,2319.0,1236.0,1540.0,1926.0,3151.0,3151.0,1078.0,462.0,948.0,288.0
1.0,3009.0,900.0,1524.0,3837.0,150.0,150.0,1069.0,455.0,709.0,191.0
1.0,5946.0,1184.0,1507.0,3151.0,0.0,0.0,1059.0,448.0,817.0,367.0
1.0,7913.0,1792.0,1507.0,150.0,0.0,0.0,1058.0,449.0,1155.0,637.0
1.0,6271.0,2105.0,1523.0,0.0,1926.0,1926.0,1066.0,457.0,1376.0,729.0
1.0,4166.0,1821.0,1540.0,0.0,3815.0,3815.0,1075.0,465.0,1270.0,551.0
1.0,2345.0,1199.0,1540.0,1926.0,3088.0,3088.0,1076.0,464.0,923.0,276.0
1.0,3072.0,865.0,1524.0,3815.0,74.0,74.0,1067.0,457.0,686.0,179.0
1.0,6022.0,1163.0,1506.0,3088.0,0.0,0.0,1057.0,449.0,807.0,356.0
1.0,7947.0,1796.0,1506.0,74.0,0.0,0.0,1056.0,450.0,1154.0,642.0
1.0,6225.0,2139.0,1524.0,0.0,2010.0,2010.0,1065.0,459.0,1395.0,744.0
1.0,4086.0,1863.0,1541.0,0.0,3941.0,3941.0,1075.0,466.0,1302.0,561.0
1.0,2223.0,1237.0,1542.0,2010.0,3172.0,3172.0,1076.0,466.0,964.0,273.0
1.0,2996.0,874.0,1526.0,3941.0,41.0,41.0,1068.0,458.0,703.0,171.0
1.0,6063.0,1157.0,1509.0,3172.0,0.0,0.0,1058.0,451.0,809.0,348.0
1.0,8078.0,1807.0,1510.0,41.0,0.0,0.0,1058.0,452.0,1173.0,634.0
1.0,6312.0,2152.0,1526.0,0.0,1944.0,1944.0,1067.0,459.0,1415.0,737.0
1.0,4160.0,1869.0,1544.0,0.0,3885.0,3885.0,1077.0,467.0,1314.0,555.0
1.0,2291.0,1253.0,1545.0,1944.0,3198.0,3198.0,1078.0,467.0,970.0,283.0
1.0,2982.0,927.0,1530.0,3885.0,180.0,180.0,1070.0,460.0,737.0,190.0
1.0,5940.0,1216.0,1514.0,3198.0,0.0,0.0,1061.0,453.0,848.0,368.0
1.0,7922.0,1834.0,1515.0,180.0,0.0,0.0,1061.0,454.0,1187.0,647.0
1.0,6268.0,2157.0,1533.0,0.0,2021.0,2021.0,1071.0,462.0,1420.0,737.0
1.0,4111.0,1884.0,1550.0,0.0,3973.0,3973.0,1081.0,469.0,1328.0,556.0
1.0,2227.0,1275.0,1551.0,2021.0,3231.0,3231.0,1083.0,468.0,994.0,281.0
1.0,2973.0,944.0,1535.0,3973.0,138.0,138.0,1074.0,461.0,759.0,185.0
1.0,6002.0,1240.0,1519.0,3231.0,0.0,0.0,1065.0,454.0,866.0,374.0
1.0,7993.0,1866.0,1519.0,138.0,0.0,0.0,1064.0,455.0,1209.0,657.0
1.0,6265.0,2180.0,1537.0,0.0,2063.0,2063.0,1074.0,463.0,1434.0,746.0
1.0,4085.0,1894.0,1556.0,0.0,4033.0,4033.0,1085.0,471.0,1325.0,569.0
1.0,2191.0,1304.0,1557.0,2063.0,3278.0,3278.0,1087.0,470.0,1010.0,294.0
1.0,2950.0,1007.0,1542.0,4033.0,192.0,192.0,1079.0,463.0,813.0,194.0
1.0,5976.0,1278.0,1525.0,3278.0,0.0,0.0,1070.0,455.0,913.0,365.0
1.0,7976.0,1837.0,1524.0,192.0,0.0,0.0,1068.0,456.0,1200.0,637.0
1.0,6331.0,2138.0,1540.0,0.0,1967.0,1967.0,1076.0,464.0,1390.0,748.0
1.0,4193.0,1868.0,1558.0,0.0,3907.0,3907.0,1086.0,472.0,1297.0,571.0
1.0,2325.0,1295.0,1559.0,1967.0,3239.0,3239.0,1088.0,471.0,1011.0,284.0
1.0,2997.0,1023.0,1543.0,3907.0,291.0,291.0,1081.0,462.0,844.0,179.0
1.0,5881.0,1316.0,1526.0,3239.0,0.0,0.0,1071.0,455.0,934.0,382.0
1.0,7804.0,1861.0,1526.0,291.0,0.0,0.0,1069.0,457.0,1188.0,673.0
1.0,6234.0,2120.0,1541.0,0.0,2050.0,2050.0,1076.0,465.0,1356.0,764.0
1.0,4114.0,1842.0,1558.0,0.0,3960.0,3960.0,1086.0,472.0,1281.0,561.0
1.0,2272.0,1287.0,1560.0,2050.0,3205.0,3205.0,1089.0,471.0,1014.0,273.0
1.0,3035.0,997.0,1544.0,3960.0,178.0,178.0,1082.0,462.0,822.0,175.0
1.0,5998.0,1272.0,1526.0,3205.0,0.0,0.0,1071.0,455.0,904.0,368.0
1.0,7931.0,1837.0,1525.0,178.0,0.0,0.0,1069.0,456.0,1176.0,661.0
1.0,6272.0,2120.0,1541.0,0.0,2012.0,2012.0,1076.0,465.0,1361.0,759.0
1.0,4152.0,1861.0,1559.0,0.0,3945.0,3945.0,1087.0,472.0,1293.0,568.0
1.0,2291.0,1305.0,1562.0,2012.0,3250.0,3250.0,1091.0,471.0,1029.0,276.0
1.0,2998.0,1001.0,1546.0,3945.0,242.0,242.0,1084.0,462.0,833.0,168.0
1.0,5942.0,1268.0,1529.0,3250.0,0.0,0.0,1074.0,455.0,907.0,361.0
1.0,7924.0,1812.0,1529.0,242.0,0.0,0.0,1072.0,457.0,1147.0,665.0
1.0,6354.0,2087.0,1545.0,0.0,1913.0,1913.0,1079.0,466.0,1320.0,767.0
1.0,4267.0,1830.0,1562.0,0.0,3811.0,3811.0,1089.0,473.0,1264.0,566.0
1.0,2437.0,1311.0,1566.0,1913.0,3225.0,3225.0,1094.0,472.0,1036.0,275.0
1.0,3039.0,1037.0,1551.0,3811.0,391.0,391.0,1088.0,463.0,864.0,173.0
1.0,5813.0,1276.0,1535.0,3225.0,0.0,0.0,1079.0,456.0,913.0,363.0
1.0,7762.0,1802.0,1534.0,391.0,0.0,0.0,1077.0,457.0,1152.0,650.0
1.0,6351.0,2077.0,1551.0,0.0,1930.0,1930.0,1084.0,467.0,1322.0,755.0
1.0,4274.0,1837.0,1570.0,0.0,3843.0,3843.0,1096.0,474.0,1268.0,569.0
1.0,2437.0,1343.0,1573.0,1930.0,3268.0,3268.0,1100.0,473.0,1055.0,288.0
1.0,3024.0,1075.0,1559.0,3843.0,444.0,444.0,1095.0,464.0,889.0,186.0
1.0,5792.0,1294.0,1543.0,3268.0,0.0,0.0,1086.0,457.0,933.0,361.0
1.0,7766.0,1810.0,1542.0,444.0,0.0,0.0,1084.0,458.0,1165.0,645.0
1.0,6400.0,2078.0,1559.0,0.0,1914.0,1914.0,1091.0,468.0,1329.0,749.0
1.0,4322.0,1835.0,1576.0,0.0,3817.0,3817.0,1101.0,475.0,1255.0,580.0
1.0,2487.0,1317.0,1580.0,1914.0,3236.0,3236.0,1105.0,475.0,1013.0,304.0
1.0,3084.0,1040.0,1565.0,3817.0,399.0,399.0,1099.0,466.0,848.0,192.0
1.0,5861.0,1300.0,1549.0,3236.0,0.0,0.0,1090.0,459.0,938.0,362.0
1.0,7797.0,1818.0,1547.0,399.0,0.0,0.0,1087.0,460.0,1179.0,639.0
1.0,6378.0,2099.0,1564.0,0.0,1977.0,1977.0,1095.0,469.0,1348.0,751.0
1.0,4279.0,1848.0,1582.0,0.0,3897.0,3897.0,1105.0,477.0,1261.0,587.0
1.0,2431.0,1319.0,1584.0,1977.0,3247.0,3247.0,1108.0,476.0,1005.0,314.0
1.0,3089.0,1038.0,1568.0,3897.0,324.0,324.0,1101.0,467.0,838.0,200.0
1.0,5948.0,1309.0,1552.0,3247.0,0.0,0.0,1092.0,460.0,940.0,369.0
1.0,7886.0,1854.0,1551.0,324.0,0.0,0.0,1089.0,462.0,1203.0,651.0
1.0,6356.0,2130.0,1568.0,0.0,2046.0,2046.0,1097.0,471.0,1370.0,760.0
1.0,4226.0,1868.0,1586.0,0.0,3986.0,3986.0,1107.0,479.0,1278.0,590.0
1.0,2358.0,1349.0,1588.0,2046.0,3297.0,3297.0,1110.0,478.0,1035.0,314.0
1.0,3055.0,1086.0,1573.0,3986.0,337.0,337.0,1104.0,469.0,882.0,204.0
1.0,5955.0,1331.0,1556.0,3297.0,0.0,0.0,1094.0,462.0,963.0,368.0
1.0,7921.0,1851.0,1556.0,337.0,0.0,0.0,1092.0,464.0,1200.0,651.0
1.0,6407.0,2111.0,1572.0,0.0,1992.0,1992.0,1099.0,473.0,1351.0,760.0
1.0,4296.0,1853.0,1587.0,0.0,3905.0,3905.0,1107.0,480.0,1262.0,591.0
1.0,2443.0,1355.0,1589.0,1992.0,3276.0,3276.0,1110.0,479.0,1042.0,313.0
1.0,3080.0,1100.0,1575.0,3905.0,415.0,415.0,1104.0,471.0,893.0,207.0
1.0,5885.0,1386.0,1560.0,3276.0,0.0,0.0,1096.0,464.0,1002.0,384.0
1.0,7775.0,1894.0,1561.0,415.0,0.0,0.0,1095.0,466.0,1235.0,659.0
1.0,6296.0,2114.0,1577.0,0.0,2126.0,2126.0,1102.0,475.0,1356.0,758.0
1.0,4182.0,1837.0,1593.0,0.0,4027.0,4027.0,1110.0,483.0,1251.0,586.0
1.0,2345.0,1341.0,1592.0,2126.0,3238.0,3238.0,1111.0,481.0,1028.0,313.0
1.0,3130.0,1091.0,1578.0,4027.0,246.0,246.0,1106.0,472.0,889.0,202.0
1.0,6066.0,1391.0,1564.0,3238.0,0.0,0.0,1099.0,465.0,1013.0,378.0
1.0,7913.0,1910.0,1566.0,246.0,15.0,15.0,1099.0,467.0,1251.0,659.0
1.0,6249.0,2129.0,1581.0,0.0,2204.0,2204.0,1105.0,476.0,1368.0,761.0
1.0,4120.0,1829.0,1598.0,15.0,4086.0,4086.0,1114.0,484.0,1248.0,581.0
1.0,2306.0,1327.0,1599.0,2204.0,3213.0,3213.0,1116.0,483.0,1023.0,304.0
1.0,3183.0,1130.0,1585.0,4086.0,201.0,201.0,1111.0,474.0,926.0,204.0
1.0,6139.0,1413.0,1571.0,3213.0,0.0,0.0,1105.0,466.0,1038.0,375.0
1.0,7939.0,1916.0,1572.0,201.0,64.0,64.0,1104.0,468.0,1262.0,654.0
1.0,6224.0,2128.0,1588.0,0.0,2256.0,2256.0,1111.0,477.0,1369.0,759.0
1.0,4096.0,1822.0,1603.0,64.0,4074.0,4074.0,1118.0,485.0,1235.0,587.0
1.0,2338.0,1284.0,1604.0,2256.0,3106.0,3106.0,1120.0,484.0,980.0,304.0
1.0,3310.0,1066.0,1590.0,4074.0,42.0,42.0,1115.0,475.0,878.0,188.0
1.0,6318.0,1389.0,1576.0,3106.0,0.0,0.0,1109.0,467.0,1023.0,366.0
1.0,8035.0,1912.0,1578.0,42.0,147.0,147.0,1109.0,469.0,1262.0,650.0
1.0,6165.0,2124.0,1593.0,0.0,2331.0,2331.0,1115.0,478.0,1364.0,760.0
1.0,4041.0,1799.0,1608.0,147.0,4043.0,4043.0,1122.0,486.0,1219.0,580.0
1.0,2389.0,1263.0,1608.0,2331.0,2975.0,2975.0,1123.0,485.0,969.0,294.0
1.0,3457.0,1026.0,1593.0,4043.0,0.0,0.0,1117.0,476.0,847.0,179.0
1.0,6474.0,1366.0,1579.0,2975.0,0.0,0.0,1111.0,468.0,1003.0,363.0
1.0,8083.0,1916.0,1581.0,0.0,157.0,157.0,1111.0,470.0,1261.0,655.0
1.0,6167.0,2132.0,1596.0,0.0,2349.0,2349.0,1117.0,479.0,1367.0,765.0
1.0,4035.0,1777.0,1610.0,157.0,4025.0,4025.0,1123.0,487.0,1199.0,578.0
1.0,2415.0,1231.0,1608.0,2349.0,2899.0,2899.0,1123.0,485.0,939.0,292.0
1.0,3533.0,1015.0,1593.0,4025.0,0.0,0.0,1117.0,476.0,831.0,184.0
1.0,6543.0,1353.0,1579.0,2899.0,0.0,0.0,1110.0,469.0,983.0,370.0
1.0,8089.0,1934.0,1581.0,0.0,169.0,169.0,1110.0,471.0,1267.0,667.0
1.0,6155.0,2192.0,1598.0,0.0,2429.0,2429.0,1118.0,480.0,1409.0,783.0
1.0,3963.0,1847.0,1614.0,169.0,4171.0,4171.0,1126.0,488.0,1256.0,591.0
1.0,2285.0,1228.0,1612.0,2429.0,2962.0,2962.0,1126.0,486.0,940.0,288.0
1.0,3486.0,987.0,1597.0,4171.0,0.0,0.0,1119.0,478.0,803.0,184.0
1.0,6670.0,1348.0,1581.0,2962.0,0.0,0.0,1111.0,470.0,969.0,379.0
1.0,8284.0,1974.0,1584.0,0.0,26.0,26.0,1112.0,472.0,1290.0,684.0
1.0,6310.0,2241.0,1601.0,0.0,2335.0,2335.0,1120.0,481.0,1456.0,785.0
1.0,4069.0,1881.0,1618.0,26.0,4258.0,4258.0,1129.0,489.0,1295.0,586.0
1.0,2214.0,1238.0,1616.0,2335.0,3153.0,3153.0,1129.0,487.0,950.0,288.0
1.0,3311.0,976.0,1600.0,4258.0,0.0,0.0,1122.0,478.0,790.0,186.0
1.0,6593.0,1352.0,1585.0,3153.0,0.0,0.0,1114.0,471.0,966.0,386.0
1.0,8394.0,2010.0,1588.0,0.0,0.0,0.0,1115.0,473.0,1322.0,688.0
1.0,6384.0,2295.0,1606.0,0.0,2335.0,2335.0,1124.0,482.0,1497.0,798.0
1.0,4089.0,1934.0,1622.0,0.0,4333.0,4333.0,1132.0,490.0,1339.0,595.0
1.0,2155.0,1267.0,1620.0,2335.0,3257.0,3257.0,1132.0,488.0,973.0,294.0
1.0,3223.0,991.0,1605.0,4333.0,0.0,0.0,1125.0,480.0,788.0,203.0
1.0,6565.0,1382.0,1590.0,3257.0,0.0,0.0,1117.0,473.0,967.0,415.0
1.0,8440.0,2046.0,1594.0,0.0,0.0,0.0,1119.0,475.0,1335.0,711.0
1.0,6394.0,2324.0,1613.0,0.0,2382.0,2382.0,1128.0,485.0,1530.0,794.0
1.0,4070.0,1949.0,1629.0,0.0,4395.0,4395.0,1137.0,492.0,1364.0,585.0
1.0,2121.0,1295.0,1627.0,2382.0,3300.0,3300.0,1137.0,490.0,1010.0,285.0
1.0,3208.0,1014.0,1610.0,4395.0,0.0,0.0,1129.0,481.0,813.0,201.0
1.0,6589.0,1375.0,1596.0,3300.0,0.0,0.0,1121.0,475.0,949.0,426.0
1.0,8514.0,2013.0,1599.0,0.0,0.0,0.0,1122.0,477.0,1296.0,717.0
1.0,6501.0,2286.0,1617.0,0.0,2253.0,2253.0,1131.0,486.0,1499.0,787.0
1.0,4215.0,1938.0,1633.0,0.0,4255.0,4255.0,1140.0,493.0,1373.0,565.0
1.0,2277.0,1295.0,1632.0,2253.0,3293.0,3293.0,1141.0,491.0,1024.0,271.0
1.0,3235.0,1029.0,1615.0,4255.0,0.0,0.0,1132.0,483.0,821.0,208.0
1.0,6461.0,1368.0,1600.0,3293.0,0.0,0.0,1124.0,476.0,934.0,434.0
1.0,8386.0,1969.0,1603.0,0.0,0.0,0.0,1124.0,479.0,1241.0,728.0
1.0,6417.0,2241.0,1620.0,0.0,2304.0,2304.0,1132.0,488.0,1460.0,781.0
1.0,4176.0,1912.0,1636.0,0.0,4280.0,4280.0,1141.0,495.0,1370.0,542.0
1.0,2264.0,1296.0,1634.0,2304.0,3264.0,3264.0,1141.0,493.0,1044.0,252.0
1.0,3272.0,1023.0,1616.0,4280.0,0.0,0.0,1132.0,484.0,816.0,207.0
1.0,6529.0,1346.0,1601.0,3264.0,0.0,0.0,1123.0,478.0,900.0,446.0
1.0,8447.0,1966.0,1604.0,0.0,0.0,0.0,1123.0,481.0,1239.0,727.0
1.0,6481.0,2254.0,1623.0,0.0,2265.0,2265.0,1133.0,490.0,1481.0,773.0
1.0,4227.0,1906.0,1639.0,0.0,4235.0,4235.0,1143.0,496.0,1374.0,532.0
1.0,2321.0,1282.0,1637.0,2265.0,3244.0,3244.0,1143.0,494.0,1029.0,253.0
1.0,3304.0,1003.0,1620.0,4235.0,0.0,0.0,1134.0,486.0,798.0,205.0
1.0,6536.0,1328.0,1604.0,3244.0,0.0,0.0,1125.0,479.0,899.0,429.0
1.0,8452.0,1952.0,1607.0,0.0,0.0,0.0,1125.0,482.0,1236.0,716.0
1.0,6500.0,2235.0,1626.0,0.0,2239.0,2239.0,1135.0,491.0,1467.0,768.0
1.0,4265.0,1918.0,1643.0,0.0,4225.0,4225.0,1145.0,498.0,1375.0,543.0
1.0,2347.0,1322.0,1642.0,2239.0,3304.0,3304.0,1146.0,496.0,1062.0,260.0
1.0,3264.0,1017.0,1625.0,4225.0,28.0,28.0,1138.0,487.0,819.0,198.0
1.0,6472.0,1318.0,1609.0,3304.0,0.0,0.0,1129.0,480.0,901.0,417.0
1.0,8458.0,1905.0,1612.0,28.0,0.0,0.0,1129.0,483.0,1207.0,698.0
1.0,6581.0,2212.0,1631.0,0.0,2155.0,2155.0,1139.0,492.0,1448.0,764.0
1.0,4369.0,1907.0,1648.0,0.0,4130.0,4130.0,1149.0,499.0,1362.0,545.0
1.0,2462.0,1345.0,1648.0,2155.0,3320.0,3320.0,1151.0,497.0,1079.0,266.0
1.0,3272.0,1071.0,1631.0,4130.0,193.0,193.0,1143.0,488.0,866.0,205.0
1.0,6331.0,1364.0,1615.0,3320.0,0.0,0.0,1134.0,481.0,939.0,425.0
1.0,8287.0,1912.0,1616.0,193.0,0.0,0.0,1133.0,483.0,1210.0,702.0
1.0,6568.0,2204.0,1635.0,0.0,2176.0,2176.0,1143.0,492.0,1446.0,758.0
1.0,4364.0,1947.0,1653.0,0.0,4195.0,4195.0,1154.0,499.0,1406.0,541.0
1.0,2417.0,1367.0,1654.0,2176.0,3390.0,3390.0,1157.0,497.0,1097.0,270.0
1.0,3226.0,1058.0,1636.0,4195.0,181.0,181.0,1148.0,488.0,840.0,218.0
1.0,6363.0,1324.0,1618.0,3390.0,0.0,0.0,1137.0,481.0,889.0,435.0
1.0,8429.0,1908.0,1619.0,181.0,0.0,0.0,1135.0,484.0,1199.0,709.0
1.0,6702.0,2230.0,1638.0,0.0,2080.0,2080.0,1145.0,493.0,1467.0,763.0
1.0,4472.0,1981.0,1658.0,0.0,4141.0,4141.0,1158.0,500.0,1433.0,548.0
1.0,2491.0,1394.0,1658.0,2080.0,3455.0,3455.0,1160.0,498.0,1112.0,282.0
1.0,3177.0,1083.0,1640.0,4141.0,325.0,325.0,1151.0,489.0,850.0,233.0
1.0,6235.0,1338.0,1622.0,3455.0,0.0,0.0,1140.0,482.0,897.0,441.0
1.0,8352.0,1917.0,1621.0,325.0,0.0,0.0,1137.0,484.0,1208.0,709.0
1.0,6760.0,2252.0,1640.0,0.0,2052.0,2052.0,1147.0,493.0,1490.0,762.0
1.0,4508.0,2014.0,1660.0,0.0,4146.0,4146.0,1160.0,500.0,1457.0,557.0
1.0,2494.0,1432.0,1661.0,2052.0,3530.0,3530.0,1163.0,498.0,1139.0,293.0
1.0,3114.0,1083.0,1643.0,4146.0,395.0,395.0,1154.0,489.0,842.0,241.0
1.0,6177.0,1333.0,1623.0,3530.0,0.0,0.0,1141.0,482.0,871.0,462.0
1.0,8374.0,1913.0,1623.0,395.0,0.0,0.0,1138.0,485.0,1195.0,718.0
1.0,6856.0,2264.0,1641.0,0.0,1972.0,1972.0,1147.0,494.0,1500.0,764.0
1.0,4592.0,2022.0,1661.0,0.0,4074.0,4074.0,1160.0,501.0,1462.0,560.0
1.0,2570.0,1425.0,1662.0,1972.0,3531.0,3531.0,1163.0,499.0,1127.0,298.0
1.0,3117.0,1079.0,1644.0,4074.0,464.0,464.0,1154.0,490.0,831.0,248.0
1.0,6112.0,1338.0,1625.0,3531.0,0.0,0.0,1142.0,483.0,876.0,462.0
1.0,8305.0,1943.0,1625.0,464.0,0.0,0.0,1139.0,486.0,1216.0,727.0
1.0,6826.0,2289.0,1645.0,0.0,2043.0,2043.0,1149.0,496.0,1513.0,776.0
1.0,4537.0,2014.0,1664.0,0.0,4133.0,4133.0,1161.0,503.0,1461.0,553.0
1.0,2523.0,1416.0,1665.0,2043.0,3510.0,3510.0,1165.0,500.0,1128.0,288.0
1.0,3150.0,1101.0,1648.0,4133.0,410.0,410.0,1157.0,491.0,856.0,245.0
1.0,6182.0,1346.0,1631.0,3510.0,0.0,0.0,1146.0,485.0,884.0,462.0
1.0,8346.0,1935.0,1631.0,410.0,0.0,0.0,1143.0,488.0,1208.0,727.0
1.0,6821.0,2276.0,1650.0,0.0,2055.0,2055.0,1152.0,498.0,1507.0,769.0
1.0,4545.0,2032.0,1670.0,0.0,4167.0,4167.0,1165.0,505.0,1483.0,549.0
1.0,2513.0,1431.0,1671.0,2055.0,3547.0,3547.0,1170.0,501.0,1150.0,281.0
1.0,3137.0,1086.0,1654.0,4167.0,398.0,398.0,1162.0,492.0,848.0,238.0
1.0,6218.0,1337.0,1637.0,3547.0,0.0,0.0,1151.0,486.0,879.0,458.0
1.0,8428.0,1928.0,1637.0,398.0,0.0,0.0,1147.0,490.0,1205.0,723.0
1.0,6898.0,2275.0,1657.0,0.0,2005.0,2005.0,1157.0,500.0,1500.0,775.0
1.0,4623.0,2023.0,1676.0,0.0,4104.0,4104.0,1169.0,507.0,1461.0,562.0
1.0,2600.0,1406.0,1678.0,2005.0,3513.0,3513.0,1174.0,504.0,1121.0,285.0
1.0,3199.0,1061.0,1660.0,4104.0,398.0,398.0,1166.0,494.0,837.0,224.0
1.0,6242.0,1320.0,1643.0,3513.0,0.0,0.0,1155.0,488.0,884.0,436.0
1.0,8435.0,1929.0,1643.0,398.0,0.0,0.0,1152.0,491.0,1216.0,713.0
1.0,6904.0,2264.0,1661.0,0.0,2004.0,2004.0,1160.0,501.0,1484.0,780.0
1.0,4640.0,1993.0,1679.0,0.0,4069.0,4069.0,1171.0,508.0,1428.0,565.0
1.0,2647.0,1396.0,1681.0,2004.0,3469.0,3469.0,1175.0,506.0,1108.0,288.0
1.0,3255.0,1043.0,1665.0,4069.0,379.0,379.0,1168.0,497.0,827.0,216.0
1.0,6281.0,1285.0,1647.0,3469.0,0.0,0.0,1157.0,490.0,859.0,426.0
1.0,8465.0,1894.0,1647.0,379.0,0.0,0.0,1154.0,493.0,1193.0,701.0
1.0,6950.0,2255.0,1664.0,0.0,1961.0,1961.0,1161.0,503.0,1487.0,768.0
1.0,4695.0,2015.0,1683.0,0.0,4052.0,4052.0,1173.0,510.0,1452.0,563.0
1.0,2680.0,1398.0,1683.0,1961.0,3489.0,3489.0,1176.0,507.0,1105.0,293.0
1.0,3243.0,1010.0,1666.0,4052.0,379.0,379.0,1168.0,498.0,783.0,227.0
1.0,6285.0,1276.0,1648.0,3489.0,0.0,0.0,1156.0,492.0,838.0,438.0
1.0,8498.0,1915.0,1647.0,379.0,0.0,0.0,1152.0,495.0,1206.0,709.0
1.0,6962.0,2289.0,1665.0,0.0,1987.0,1987.0,1160.0,505.0,1512.0,777.0
1.0,4673.0,2040.0,1684.0,0.0,4103.0,4103.0,1172.0,512.0,1469.0,571.0
1.0,2633.0,1416.0,1686.0,1987.0,3540.0,3540.0,1177.0,509.0,1118.0,298.0
1.0,3204.0,1046.0,1669.0,4103.0,415.0,415.0,1169.0,500.0,809.0,237.0
1.0,6261.0,1318.0,1652.0,3540.0,0.0,0.0,1158.0,494.0,874.0,444.0
1.0,8483.0,1936.0,1651.0,415.0,0.0,0.0,1154.0,497.0,1222.0,714.0
1.0,6962.0,2282.0,1667.0,0.0,1988.0,1988.0,1161.0,506.0,1507.0,775.0
1.0,4680.0,2016.0,1686.0,0.0,4080.0,4080.0,1173.0,513.0,1446.0,570.0
1.0,2664.0,1432.0,1687.0,1988.0,3528.0,3528.0,1177.0,510.0,1126.0,306.0
1.0,3220.0,1081.0,1671.0,4080.0,465.0,465.0,1170.0,501.0,844.0,237.0
1.0,6219.0,1359.0,1654.0,3528.0,0.0,0.0,1159.0,495.0,918.0,441.0
1.0,8388.0,1987.0,1654.0,465.0,0.0,0.0,1156.0,498.0,1273.0,714.0
1.0,6866.0,2333.0,1671.0,0.0,2151.0,2151.0,1164.0,507.0,1556.0,777.0
1.0,4533.0,2059.0,1690.0,0.0,4286.0,4286.0,1176.0,514.0,1490.0,569.0
1.0,2474.0,1456.0,1692.0,2151.0,3599.0,3599.0,1181.0,511.0,1152.0,304.0
1.0,3169.0,1118.0,1677.0,4286.0,371.0,371.0,1175.0,502.0,864.0,254.0
1.0,6337.0,1386.0,1660.0,3599.0,0.0,0.0,1164.0,496.0,929.0,457.0
1.0,8550.0,2011.0,1660.0,371.0,0.0,0.0,1161.0,499.0,1296.0,715.0
1.0,6910.0,2352.0,1678.0,0.0,2154.0,2154.0,1170.0,508.0,1578.0,774.0
1.0,4558.0,2075.0,1696.0,0.0,4301.0,4301.0,1182.0,514.0,1498.0,577.0
1.0,2483.0,1461.0,1699.0,2154.0,3620.0,3620.0,1188.0,511.0,1143.0,318.0
1.0,3176.0,1119.0,1683.0,4301.0,374.0,374.0,1181.0,502.0,864.0,255.0
1.0,6358.0,1376.0,1666.0,3620.0,0.0,0.0,1170.0,496.0,931.0,445.0
1.0,8602.0,1984.0,1665.0,374.0,0.0,0.0,1166.0,499.0,1283.0,701.0
1.0,6992.0,2329.0,1682.0,0.0,2065.0,2065.0,1174.0,508.0,1557.0,772.0
1.0,4663.0,2061.0,1701.0,0.0,4202.0,4202.0,1186.0,515.0,1478.0,583.0
1.0,2602.0,1469.0,1703.0,2065.0,3614.0,3614.0,1191.0,512.0,1135.0,334.0
1.0,3198.0,1135.0,1688.0,4202.0,487.0,487.0,1185.0,503.0,866.0,269.0
1.0,6265.0,1361.0,1670.0,3614.0,0.0,0.0,1173.0,497.0,915.0,446.0
1.0,8518.0,1923.0,1668.0,487.0,0.0,0.0,1168.0,500.0,1233.0,690.0
1.0,7082.0,2247.0,1684.0,0.0,1901.0,1901.0,1175.0,509.0,1494.0,753.0
1.0,4835.0,2030.0,1703.0,0.0,4007.0,4007.0,1187.0,516.0,1450.0,580.0
1.0,2805.0,1490.0,1705.0,1901.0,3604.0,3604.0,1192.0,513.0,1153.0,337.0
1.0,3216.0,1153.0,1691.0,4007.0,694.0,694.0,1186.0,505.0,879.0,274.0
1.0,6070.0,1355.0,1672.0,3604.0,0.0,0.0,1174.0,498.0,917.0,438.0
1.0,8319.0,1880.0,1670.0,694.0,0.0,0.0,1170.0,500.0,1207.0,673.0
1.0,7133.0,2193.0,1685.0,0.0,1800.0,1800.0,1176.0,509.0,1451.0,742.0
1.0,4940.0,2001.0,1703.0,0.0,3873.0,3873.0,1187.0,516.0,1412.0,589.0
1.0,2939.0,1494.0,1707.0,1800.0,3583.0,3583.0,1192.0,515.0,1133.0,361.0
1.0,3245.0,1172.0,1692.0,3873.0,822.0,822.0,1186.0,506.0,898.0,274.0
1.0,5946.0,1362.0,1674.0,3583.0,0.0,0.0,1175.0,499.0,941.0,421.0
1.0,8167.0,1856.0,1672.0,822.0,0.0,0.0,1171.0,501.0,1200.0,656.0
1.0,7133.0,2186.0,1687.0,0.0,1801.0,1801.0,1177.0,510.0,1441.0,745.0
1.0,4947.0,2018.0,1705.0,0.0,3891.0,3891.0,1188.0,517.0,1415.0,603.0
1.0,2929.0,1507.0,1710.0,1801.0,3617.0,3617.0,1194.0,516.0,1138.0,369.0
1.0,3223.0,1181.0,1696.0,3891.0,851.0,851.0,1188.0,508.0,908.0,273.0
1.0,5933.0,1368.0,1679.0,3617.0,0.0,0.0,1178.0,501.0,954.0,414.0
1.0,8182.0,1896.0,1677.0,851.0,0.0,0.0,1174.0,503.0,1242.0,654.0
1.0,7137.0,2236.0,1693.0,0.0,1871.0,1871.0,1181.0,512.0,1477.0,759.0
1.0,4901.0,2070.0,1713.0,0.0,4021.0,4021.0,1194.0,519.0,1450.0,620.0
1.0,2831.0,1551.0,1719.0,1871.0,3725.0,3725.0,1201.0,518.0,1179.0,372.0
1.0,3151.0,1205.0,1705.0,4021.0,853.0,853.0,1195.0,510.0,939.0,266.0
1.0,5967.0,1361.0,1688.0,3725.0,0.0,0.0,1185.0,503.0,949.0,412.0
1.0,8331.0,1848.0,1683.0,853.0,0.0,0.0,1179.0,504.0,1194.0,654.0
1.0,7336.0,2216.0,1699.0,0.0,1676.0,1676.0,1186.0,513.0,1453.0,763.0
1.0,5120.0,2089.0,1719.0,0.0,3845.0,3845.0,1199.0,520.0,1477.0,612.0
1.0,3031.0,1619.0,1725.0,1676.0,3812.0,3812.0,1206.0,519.0,1249.0,370.0
1.0,3088.0,1251.0,1711.0,3845.0,1162.0,1162.0,1201.0,510.0,979.0,272.0
1.0,5682.0,1389.0,1695.0,3812.0,0.0,0.0,1191.0,504.0,965.0,424.0
1.0,8105.0,1867.0,1692.0,1162.0,0.0,0.0,1186.0,506.0,1193.0,674.0
1.0,7400.0,2208.0,1707.0,0.0,1636.0,1636.0,1192.0,515.0,1438.0,770.0
1.0,5192.0,2073.0,1726.0,0.0,3785.0,3785.0,1204.0,522.0,1456.0,617.0
1.0,3119.0,1612.0,1730.0,1636.0,3777.0,3777.0,1210.0,520.0,1247.0,365.0
1.0,3143.0,1271.0,1717.0,3785.0,1211.0,1211.0,1205.0,512.0,1007.0,264.0
1.0,5657.0,1424.0,1699.0,3777.0,0.0,0.0,1194.0,505.0,995.0,429.0
1.0,8010.0,1889.0,1696.0,1211.0,0.0,0.0,1189.0,507.0,1203.0,686.0
1.0,7332.0,2233.0,1711.0,0.0,1745.0,1745.0,1194.0,517.0,1441.0,792.0
1.0,5099.0,2093.0,1730.0,0.0,3914.0,3914.0,1206.0,524.0,1465.0,628.0
1.0,3006.0,1598.0,1734.0,1745.0,3783.0,3783.0,1212.0,522.0,1240.0,358.0
1.0,3153.0,1242.0,1719.0,3914.0,1051.0,1051.0,1206.0,513.0,993.0,249.0
1.0,5825.0,1394.0,1700.0,3783.0,0.0,0.0,1194.0,506.0,978.0,416.0
1.0,8214.0,1898.0,1697.0,1051.0,0.0,0.0,1189.0,508.0,1198.0,700.0
1.0,7367.0,2236.0,1712.0,0.0,1717.0,1717.0,1194.0,518.0,1431.0,805.0
1.0,5131.0,2083.0,1731.0,0.0,3876.0,3876.0,1206.0,525.0,1461.0,622.0
1.0,3048.0,1599.0,1735.0,1717.0,3774.0,3774.0,1212.0,523.0,1263.0,336.0
1.0,3166.0,1259.0,1721.0,3876.0,1101.0,1101.0,1207.0,514.0,1032.0,227.0
1.0,5783.0,1399.0,1703.0,3774.0,0.0,0.0,1196.0,507.0,975.0,424.0
1.0,8158.0,1892.0,1700.0,1101.0,0.0,0.0,1190.0,510.0,1167.0,725.0
1.0,7367.0,2244.0,1714.0,0.0,1733.0,1733.0,1195.0,519.0,1419.0,825.0
1.0,5123.0,2063.0,1733.0,0.0,3872.0,3872.0,1207.0,526.0,1455.0,608.0
1.0,3060.0,1568.0,1736.0,1733.0,3719.0,3719.0,1213.0,523.0,1258.0,310.0
1.0,3225.0,1247.0,1723.0,3872.0,1042.0,1042.0,1209.0,514.0,1027.0,220.0
1.0,5850.0,1433.0,1708.0,3719.0,0.0,0.0,1200.0,508.0,1007.0,426.0
1.0,8136.0,1914.0,1706.0,1042.0,0.0,0.0,1195.0,511.0,1186.0,728.0
1.0,7264.0,2220.0,1720.0,0.0,1836.0,1836.0,1200.0,520.0,1401.0,819.0
1.0,5044.0,2073.0,1737.0,0.0,3977.0,3977.0,1211.0,526.0,1461.0,612.0
1.0,2971.0,1587.0,1742.0,1836.0,3748.0,3748.0,1218.0,524.0,1266.0,321.0
1.0,3220.0,1244.0,1729.0,3977.0,963.0,963.0,1214.0,515.0,1023.0,221.0
1.0,5953.0,1401.0,1714.0,3748.0,0.0,0.0,1205.0,509.0,972.0,429.0
1.0,8300.0,1885.0,1712.0,963.0,0.0,0.0,1200.0,512.0,1156.0,729.0
1.0,7378.0,2229.0,1726.0,0.0,1755.0,1755.0,1205.0,521.0,1412.0,817.0
1.0,5149.0,2102.0,1744.0,0.0,3929.0,3929.0,1217.0,527.0,1497.0,605.0
1.0,3047.0,1608.0,1749.0,1755.0,3802.0,3802.0,1224.0,525.0,1309.0,299.0
1.0,3194.0,1239.0,1737.0,3929.0,1064.0,1064.0,1221.0,516.0,1037.0,202.0
1.0,5884.0,1349.0,1721.0,3802.0,0.0,0.0,1211.0,510.0,932.0,417.0
1.0,8337.0,1831.0,1717.0,1064.0,0.0,0.0,1205.0,512.0,1107.0,724.0
1.0,7570.0,2207.0,1731.0,0.0,1561.0,1561.0,1210.0,521.0,1384.0,823.0
1.0,5363.0,2104.0,1749.0,0.0,3737.0,3737.0,1221.0,528.0,1479.0,625.0
1.0,3259.0,1605.0,1753.0,1561.0,3797.0,3797.0,1227.0,526.0,1288.0,317.0
1.0,3215.0,1230.0,1740.0,3737.0,1238.0,1238.0,1223.0,517.0,1023.0,207.0
1.0,5722.0,1346.0,1723.0,3797.0,0.0,0.0,1213.0,510.0,937.0,409.0
1.0,8173.0,1862.0,1719.0,1238.0,0.0,0.0,1206.0,513.0,1134.0,728.0
1.0,7549.0,2257.0,1733.0,0.0,1640.0,1640.0,1211.0,522.0,1409.0,848.0
1.0,5292.0,2139.0,1750.0,0.0,3847.0,3847.0,1221.0,529.0,1489.0,650.0
1.0,3153.0,1601.0,1755.0,1640.0,3828.0,3828.0,1228.0,527.0,1278.0,323.0
1.0,3192.0,1227.0,1743.0,3847.0,1160.0,1160.0,1224.0,519.0,1018.0,209.0
1.0,5812.0,1379.0,1727.0,3828.0,0.0,0.0,1215.0,512.0,961.0,418.0
1.0,8261.0,1916.0,1724.0,1160.0,0.0,0.0,1209.0,515.0,1175.0,741.0
1.0,7505.0,2294.0,1737.0,0.0,1737.0,1737.0,1213.0,524.0,1443.0,851.0
1.0,5211.0,2135.0,1754.0,0.0,3940.0,3940.0,1223.0,531.0,1491.0,644.0
1.0,3076.0,1606.0,1758.0,1737.0,3825.0,3825.0,1229.0,529.0,1283.0,323.0
1.0,3207.0,1246.0,1746.0,3940.0,1083.0,1083.0,1226.0,520.0,1025.0,221.0
1.0,5901.0,1398.0,1730.0,3825.0,0.0,0.0,1216.0,514.0,964.0,434.0
1.0,8328.0,1914.0,1727.0,1083.0,0.0,0.0,1211.0,516.0,1165.0,749.0
1.0,7497.0,2295.0,1741.0,0.0,1762.0,1762.0,1215.0,526.0,1437.0,858.0
1.0,5202.0,2153.0,1757.0,0.0,3979.0,3979.0,1224.0,533.0,1512.0,641.0
1.0,3049.0,1613.0,1761.0,1762.0,3846.0,3846.0,1230.0,531.0,1298.0,315.0
1.0,3198.0,1247.0,1749.0,3979.0,1066.0,1066.0,1227.0,522.0,1035.0,212.0
1.0,5930.0,1444.0,1733.0,3846.0,0.0,0.0,1218.0,515.0,1001.0,443.0
1.0,8332.0,1973.0,1731.0,1066.0,0.0,0.0,1213.0,518.0,1209.0,764.0
1.0,7425.0,2338.0,1745.0,0.0,1893.0,1893.0,1218.0,527.0,1485.0,853.0
1.0,5087.0,2150.0,1762.0,0.0,4111.0,4111.0,1228.0,534.0,1529.0,621.0
1.0,2937.0,1608.0,1767.0,1893.0,3846.0,3846.0,1235.0,532.0,1308.0,300.0
1.0,3222.0,1276.0,1755.0,4111.0,963.0,963.0,1232.0,523.0,1054.0,222.0
1.0,6057.0,1480.0,1740.0,3846.0,0.0,0.0,1224.0,516.0,1021.0,459.0
1.0,8423.0,2012.0,1739.0,963.0,0.0,0.0,1220.0,519.0,1235.0,777.0
1.0,7374.0,2340.0,1754.0,0.0,1982.0,1982.0,1224.0,530.0,1476.0,864.0
1.0,5034.0,2142.0,1770.0,0.0,4188.0,4188.0,1233.0,537.0,1511.0,631.0
1.0,2892.0,1588.0,1774.0,1982.0,3810.0,3810.0,1239.0,535.0,1287.0,301.0
1.0,3286.0,1246.0,1762.0,4188.0,820.0,820.0,1237.0,525.0,1031.0,215.0
1.0,6228.0,1447.0,1746.0,3810.0,0.0,0.0,1228.0,518.0,996.0,451.0
1.0,8591.0,1999.0,1745.0,820.0,0.0,0.0,1224.0,521.0,1229.0,770.0
1.0,7412.0,2357.0,1761.0,0.0,1989.0,1989.0,1229.0,532.0,1501.0,856.0
1.0,5055.0,2125.0,1777.0,0.0,4178.0,4178.0,1238.0,539.0,1516.0,609.0
1.0,2930.0,1542.0,1779.0,1989.0,3739.0,3739.0,1243.0,536.0,1259.0,283.0
1.0,3377.0,1203.0,1766.0,4178.0,712.0,712.0,1240.0,526.0,1005.0,198.0
1.0,6352.0,1435.0,1751.0,3739.0,0.0,0.0,1232.0,519.0,991.0,444.0
1.0,8656.0,2002.0,1749.0,712.0,0.0,0.0,1227.0,522.0,1227.0,775.0
1.0,7366.0,2334.0,1763.0,0.0,2020.0,2020.0,1231.0,532.0,1471.0,863.0
1.0,5032.0,2105.0,1780.0,0.0,4193.0,4193.0,1240.0,540.0,1482.0,623.0
1.0,2927.0,1506.0,1782.0,2020.0,3687.0,3687.0,1245.0,537.0,1222.0,284.0
1.0,3441.0,1155.0,1768.0,4193.0,593.0,593.0,1241.0,527.0,971.0,184.0
1.0,6479.0,1398.0,1752.0,3687.0,0.0,0.0,1233.0,519.0,979.0,419.0
1.0,8768.0,1971.0,1749.0,593.0,0.0,0.0,1227.0,522.0,1212.0,759.0
1.0,7390.0,2332.0,1763.0,0.0,1994.0,1994.0,1230.0,533.0,1471.0,861.0
1.0,5058.0,2111.0,1780.0,0.0,4173.0,4173.0,1239.0,541.0,1478.0,633.0
1.0,2947.0,1514.0,1783.0,1994.0,3705.0,3705.0,1244.0,539.0,1213.0,301.0
1.0,3427.0,1143.0,1770.0,4173.0,623.0,623.0,1241.0,529.0,954.0,189.0
1.0,6457.0,1384.0,1754.0,3705.0,0.0,0.0,1233.0,521.0,971.0,413.0
1.0,8778.0,1964.0,1752.0,623.0,0.0,0.0,1229.0,523.0,1230.0,734.0
1.0,7437.0,2340.0,1766.0,0.0,1967.0,1967.0,1233.0,533.0,1491.0,849.0
1.0,5097.0,2128.0,1784.0,0.0,4167.0,4167.0,1242.0,542.0,1488.0,640.0
1.0,2969.0,1565.0,1787.0,1967.0,3777.0,3777.0,1247.0,540.0,1238.0,327.0
1.0,3371.0,1194.0,1774.0,4167.0,752.0,752.0,1244.0,530.0,980.0,214.0
1.0,6344.0,1392.0,1758.0,3777.0,0.0,0.0,1236.0,522.0,980.0,412.0
1.0,8729.0,1968.0,1754.0,752.0,0.0,0.0,1231.0,523.0,1247.0,721.0
1.0,7513.0,2353.0,1769.0,0.0,1916.0,1916.0,1236.0,533.0,1515.0,838.0
1.0,5160.0,2164.0,1787.0,0.0,4152.0,4152.0,1246.0,541.0,1521.0,643.0
1.0,2996.0,1604.0,1791.0,1916.0,3856.0,3856.0,1251.0,540.0,1263.0,341.0
1.0,3308.0,1233.0,1778.0,4152.0,885.0,885.0,1248.0,530.0,999.0,234.0
1.0,6227.0,1433.0,1762.0,3856.0,0.0,0.0,1240.0,522.0,1007.0,426.0
1.0,8650.0,2004.0,1759.0,885.0,0.0,0.0,1235.0,524.0,1269.0,735.0
1.0,7531.0,2382.0,1774.0,0.0,1947.0,1947.0,1240.0,534.0,1535.0,847.0
1.0,5149.0,2158.0,1792.0,0.0,4177.0,4177.0,1250.0,542.0,1509.0,649.0
1.0,2991.0,1577.0,1795.0,1947.0,3819.0,3819.0,1255.0,540.0,1244.0,333.0
1.0,3361.0,1243.0,1782.0,4177.0,833.0,833.0,1252.0,530.0,1016.0,227.0
1.0,6295.0,1489.0,1767.0,3819.0,0.0,0.0,1245.0,522.0,1051.0,438.0
1.0,8625.0,2065.0,1765.0,833.0,0.0,0.0,1241.0,524.0,1307.0,758.0
1.0,7393.0,2402.0,1780.0,0.0,2129.0,2129.0,1245.0,535.0,1537.0,865.0
1.0,4991.0,2163.0,1797.0,0.0,4360.0,4360.0,1254.0,543.0,1509.0,654.0
1.0,2828.0,1586.0,1800.0,2129.0,3829.0,3829.0,1259.0,541.0,1252.0,334.0
1.0,3371.0,1250.0,1787.0,4360.0,667.0,667.0,1256.0,531.0,1028.0,222.0
1.0,6481.0,1488.0,1770.0,3829.0,0.0,0.0,1247.0,523.0,1048.0,440.0
1.0,8822.0,2092.0,1769.0,667.0,0.0,0.0,1243.0,526.0,1322.0,770.0
1.0,7397.0,2422.0,1785.0,0.0,2165.0,2165.0,1248.0,537.0,1539.0,883.0
1.0,4975.0,2168.0,1801.0,0.0,4397.0,4397.0,1256.0,545.0,1501.0,667.0
1.0,2807.0,1570.0,1804.0,2165.0,3814.0,3814.0,1261.0,543.0,1234.0,336.0
1.0,3402.0,1231.0,1788.0,4397.0,584.0,584.0,1256.0,532.0,1014.0,217.0
1.0,6568.0,1504.0,1772.0,3814.0,0.0,0.0,1248.0,524.0,1068.0,436.0
1.0,8878.0,2100.0,1772.0,584.0,0.0,0.0,1245.0,527.0,1328.0,772.0
1.0,7362.0,2418.0,1788.0,0.0,2208.0,2208.0,1250.0,538.0,1528.0,890.0
1.0,4944.0,2139.0,1805.0,0.0,4415.0,4415.0,1258.0,547.0,1470.0,669.0
1.0,2805.0,1518.0,1806.0,2208.0,3729.0,3729.0,1262.0,544.0,1202.0,316.0
1.0,3495.0,1187.0,1790.0,4415.0,437.0,437.0,1257.0,533.0,990.0,197.0
1.0,6723.0,1492.0,1774.0,3729.0,0.0,0.0,1249.0,525.0,1058.0,434.0
1.0,8960.0,2111.0,1773.0,437.0,0.0,0.0,1245.0,528.0,1328.0,783.0
1.0,7286.0,2426.0,1791.0,0.0,2304.0,2304.0,1251.0,540.0,1538.0,888.0
1.0,4860.0,2138.0,1809.0,0.0,4514.0,4514.0,1260.0,549.0,1481.0,657.0
1.0,2722.0,1517.0,1810.0,2304.0,3731.0,3731.0,1264.0,546.0,1206.0,311.0
1.0,3509.0,1171.0,1794.0,4514.0,324.0,324.0,1259.0,535.0,971.0,200.0
1.0,6852.0,1456.0,1777.0,3731.0,0.0,0.0,1250.0,527.0,1019.0,437.0
1.0,9127.0,2077.0,1777.0,324.0,0.0,0.0,1247.0,530.0,1293.0,784.0
1.0,7374.0,2416.0,1795.0,0.0,2222.0,2222.0,1253.0,542.0,1528.0,888.0
1.0,4958.0,2129.0,1813.0,0.0,4423.0,4423.0,1262.0,551.0,1487.0,642.0
1.0,2829.0,1517.0,1815.0,2222.0,3726.0,3726.0,1267.0,548.0,1225.0,292.0
1.0,3534.0,1176.0,1800.0,4423.0,419.0,419.0,1263.0,537.0,989.0,187.0
1.0,6781.0,1451.0,1783.0,3726.0,0.0,0.0,1254.0,529.0,1025.0,426.0
1.0,9056.0,2053.0,1782.0,419.0,0.0,0.0,1250.0,532.0,1279.0,774.0
1.0,7422.0,2395.0,1799.0,0.0,2169.0,2169.0,1256.0,543.0,1511.0,884.0
1.0,5027.0,2145.0,1819.0,0.0,4394.0,4394.0,1267.0,552.0,1494.0,651.0
1.0,2882.0,1556.0,1822.0,2169.0,3793.0,3793.0,1272.0,550.0,1250.0,306.0
1.0,3495.0,1225.0,1807.0,4394.0,564.0,564.0,1268.0,539.0,1032.0,193.0
1.0,6664.0,1460.0,1791.0,3793.0,0.0,0.0,1260.0,531.0,1046.0,414.0
1.0,8997.0,2063.0,1789.0,564.0,0.0,0.0,1256.0,533.0,1303.0,760.0
1.0,7498.0,2381.0,1805.0,0.0,2103.0,2103.0,1261.0,544.0,1504.0,877.0
1.0,5117.0,2130.0,1823.0,0.0,4305.0,4305.0,1271.0,552.0,1477.0,653.0
1.0,2987.0,1538.0,1826.0,2103.0,3752.0,3752.0,1276.0,550.0,1233.0,305.0
1.0,3552.0,1234.0,1812.0,4305.0,625.0,625.0,1272.0,540.0,1040.0,194.0
1.0,6623.0,1526.0,1795.0,3752.0,0.0,0.0,1263.0,532.0,1085.0,441.0
1.0,8849.0,2106.0,1794.0,625.0,0.0,0.0,1259.0,535.0,1320.0,786.0
1.0,7368.0,2385.0,1810.0,0.0,2257.0,2257.0,1264.0,546.0,1494.0,891.0
1.0,4983.0,2093.0,1826.0,0.0,4414.0,4414.0,1272.0,554.0,1445.0,648.0
1.0,2890.0,1537.0,1828.0,2257.0,3702.0,3702.0,1277.0,551.0,1231.0,306.0
1.0,3610.0,1253.0,1814.0,4414.0,485.0,485.0,1273.0,541.0,1051.0,202.0
1.0,6771.0,1547.0,1797.0,3702.0,0.0,0.0,1264.0,533.0,1100.0,447.0
1.0,8926.0,2119.0,1797.0,485.0,0.0,0.0,1261.0,536.0,1333.0,786.0
1.0,7292.0,2397.0,1813.0,0.0,2357.0,2357.0,1266.0,547.0,1513.0,884.0
1.0,4895.0,2090.0,1829.0,0.0,4511.0,4511.0,1274.0,555.0,1442.0,648.0
1.0,2805.0,1522.0,1829.0,2357.0,3676.0,3676.0,1277.0,552.0,1205.0,317.0
1.0,3640.0,1259.0,1814.0,4511.0,364.0,364.0,1272.0,542.0,1041.0,218.0
1.0,6892.0,1585.0,1798.0,3676.0,0.0,0.0,1264.0,534.0,1132.0,453.0
1.0,8983.0,2160.0,1799.0,364.0,9.0,9.0,1262.0,537.0,1377.0,783.0
1.0,7187.0,2404.0,1814.0,0.0,2473.0,2473.0,1267.0,547.0,1524.0,880.0
1.0,4783.0,2101.0,1830.0,9.0,4629.0,4629.0,1275.0,555.0,1449.0,652.0
1.0,2691.0,1554.0,1832.0,2473.0,3718.0,3718.0,1279.0,553.0,1228.0,326.0
1.0,3610.0,1317.0,1817.0,4629.0,346.0,346.0,1274.0,543.0,1087.0,230.0
1.0,6922.0,1600.0,1801.0,3718.0,0.0,0.0,1266.0,535.0,1141.0,459.0
1.0,9040.0,2133.0,1800.0,346.0,0.0,0.0,1263.0,537.0,1347.0,786.0
1.0,7253.0,2395.0,1816.0,0.0,2406.0,2406.0,1269.0,547.0,1511.0,884.0
1.0,4858.0,2119.0,1833.0,0.0,4593.0,4593.0,1277.0,556.0,1469.0,650.0
1.0,2739.0,1554.0,1835.0,2406.0,3749.0,3749.0,1281.0,554.0,1232.0,322.0
1.0,3591.0,1301.0,1819.0,4593.0,393.0,393.0,1276.0,543.0,1075.0,226.0
1.0,6883.0,1599.0,1803.0,3749.0,0.0,0.0,1268.0,535.0,1142.0,457.0
1.0,9033.0,2172.0,1804.0,393.0,0.0,0.0,1267.0,537.0,1380.0,792.0
1.0,7254.0,2457.0,1821.0,0.0,2487.0,2487.0,1273.0,548.0,1559.0,898.0
1.0,4797.0,2147.0,1840.0,0.0,4710.0,4710.0,1283.0,557.0,1484.0,663.0
1.0,2650.0,1541.0,1841.0,2487.0,3768.0,3768.0,1286.0,555.0,1223.0,318.0
1.0,3596.0,1264.0,1825.0,4710.0,258.0,258.0,1281.0,544.0,1055.0,209.0
1.0,7042.0,1565.0,1809.0,3768.0,0.0,0.0,1273.0,536.0,1113.0,452.0
1.0,9245.0,2149.0,1808.0,258.0,0.0,0.0,1270.0,538.0,1350.0,799.0
1.0,7354.0,2415.0,1826.0,0.0,2365.0,2365.0,1276.0,550.0,1516.0,899.0
1.0,4939.0,2094.0,1843.0,0.0,4527.0,4527.0,1285.0,558.0,1432.0,662.0
1.0,2845.0,1526.0,1845.0,2365.0,3696.0,3696.0,1289.0,556.0,1204.0,322.0
1.0,3684.0,1275.0,1829.0,4527.0,380.0,380.0,1284.0,545.0,1063.0,212.0
1.0,6936.0,1575.0,1814.0,3696.0,0.0,0.0,1277.0,537.0,1141.0,434.0
1.0,9057.0,2141.0,1813.0,380.0,0.0,0.0,1274.0,539.0,1372.0,769.0
1.0,7296.0,2378.0,1830.0,0.0,2402.0,2402.0,1280.0,550.0,1491.0,887.0
1.0,4918.0,2068.0,1847.0,0.0,4538.0,4538.0,1287.0,560.0,1391.0,677.0
1.0,2850.0,1513.0,1848.0,2402.0,3653.0,3653.0,1290.0,558.0,1169.0,344.0
1.0,3739.0,1275.0,1834.0,4538.0,334.0,334.0,1286.0,548.0,1057.0,218.0
1.0,7002.0,1577.0,1818.0,3653.0,0.0,0.0,1279.0,539.0,1153.0,424.0
1.0,9078.0,2132.0,1818.0,334.0,0.0,0.0,1277.0,541.0,1374.0,758.0
1.0,7280.0,2380.0,1833.0,0.0,2432.0,2432.0,1281.0,552.0,1492.0,888.0
1.0,4900.0,2073.0,1849.0,0.0,4569.0,4569.0,1288.0,561.0,1394.0,679.0
1.0,2827.0,1504.0,1850.0,2432.0,3645.0,3645.0,1290.0,560.0,1153.0,351.0
1.0,3755.0,1247.0,1835.0,4569.0,263.0,263.0,1285.0,550.0,1029.0,218.0
1.0,7077.0,1561.0,1819.0,3645.0,0.0,0.0,1278.0,541.0,1138.0,423.0
1.0,9161.0,2136.0,1819.0,263.0,0.0,0.0,1276.0,543.0,1382.0,754.0
1.0,7288.0,2395.0,1836.0,0.0,2451.0,2451.0,1282.0,554.0,1513.0,882.0
1.0,4893.0,2095.0,1852.0,0.0,4610.0,4610.0,1289.0,563.0,1418.0,677.0
1.0,2798.0,1533.0,1853.0,2451.0,3696.0,3696.0,1291.0,562.0,1182.0,351.0
1.0,3716.0,1293.0,1837.0,4610.0,315.0,315.0,1286.0,551.0,1067.0,226.0
1.0,7033.0,1608.0,1822.0,3696.0,0.0,0.0,1280.0,542.0,1179.0,429.0
1.0,9121.0,2160.0,1823.0,315.0,16.0,16.0,1279.0,544.0,1407.0,753.0
1.0,7276.0,2417.0,1840.0,0.0,2501.0,2501.0,1285.0,555.0,1529.0,888.0
1.0,4859.0,2124.0,1857.0,16.0,4677.0,4677.0,1292.0,565.0,1422.0,702.0
1.0,2751.0,1559.0,1857.0,2501.0,3735.0,3735.0,1294.0,563.0,1187.0,372.0
1.0,3693.0,1287.0,1841.0,4677.0,281.0,281.0,1288.0,553.0,1060.0,227.0
1.0,7083.0,1609.0,1825.0,3735.0,0.0,0.0,1282.0,543.0,1199.0,410.0
1.0,9209.0,2187.0,1827.0,281.0,5.0,5.0,1282.0,545.0,1450.0,737.0
1.0,7303.0,2471.0,1846.0,0.0,2552.0,2552.0,1290.0,556.0,1577.0,894.0
1.0,4832.0,2165.0,1864.0,5.0,4784.0,4784.0,1298.0,566.0,1451.0,714.0
1.0,2672.0,1579.0,1863.0,2552.0,3807.0,3807.0,1299.0,564.0,1200.0,379.0
1.0,3645.0,1312.0,1847.0,4784.0,271.0,271.0,1293.0,554.0,1083.0,229.0
1.0,7117.0,1632.0,1832.0,3807.0,0.0,0.0,1287.0,545.0,1219.0,413.0
1.0,9292.0,2228.0,1834.0,271.0,1.0,1.0,1288.0,546.0,1483.0,745.0
1.0,7335.0,2473.0,1852.0,0.0,2546.0,2546.0,1295.0,557.0,1582.0,891.0
1.0,4862.0,2133.0,1868.0,1.0,4742.0,4742.0,1301.0,567.0,1421.0,712.0
1.0,2730.0,1564.0,1867.0,2546.0,3756.0,3756.0,1302.0,565.0,1183.0,381.0
1.0,3712.0,1314.0,1851.0,4742.0,264.0,264.0,1297.0,554.0,1083.0,231.0
1.0,7140.0,1644.0,1837.0,3756.0,0.0,0.0,1291.0,546.0,1226.0,418.0
1.0,9252.0,2259.0,1840.0,264.0,103.0,103.0,1292.0,548.0,1497.0,762.0
1.0,7257.0,2511.0,1858.0,0.0,2686.0,2686.0,1299.0,559.0,1607.0,904.0
1.0,4746.0,2104.0,1873.0,103.0,4747.0,4747.0,1305.0,568.0,1403.0,701.0
1.0,2745.0,1486.0,1871.0,2686.0,3539.0,3539.0,1305.0,566.0,1126.0,360.0
1.0,3945.0,1265.0,1854.0,4747.0,0.0,0.0,1299.0,555.0,1043.0,222.0
1.0,7427.0,1635.0,1838.0,3539.0,0.0,0.0,1292.0,546.0,1212.0,423.0
1.0,9331.0,2256.0,1840.0,0.0,285.0,285.0,1292.0,548.0,1490.0,766.0
1.0,7075.0,2517.0,1858.0,0.0,2874.0,2874.0,1299.0,559.0,1605.0,912.0
1.0,4558.0,2123.0,1875.0,285.0,4780.0,4780.0,1306.0,569.0,1409.0,714.0
1.0,2720.0,1487.0,1874.0,2874.0,3389.0,3389.0,1306.0,568.0,1119.0,368.0
1.0,4107.0,1231.0,1856.0,4780.0,0.0,0.0,1300.0,556.0,1018.0,213.0
1.0,7656.0,1602.0,1841.0,3389.0,0.0,0.0,1294.0,547.0,1196.0,406.0
1.0,9443.0,2237.0,1844.0,0.0,170.0,170.0,1295.0,549.0,1477.0,760.0
1.0,7206.0,2506.0,1862.0,0.0,2748.0,2748.0,1302.0,560.0,1594.0,912.0
1.0,4700.0,2151.0,1879.0,170.0,4797.0,4797.0,1309.0,570.0,1426.0,725.0
1.0,2719.0,1503.0,1878.0,2748.0,3548.0,3548.0,1309.0,569.0,1130.0,373.0
1.0,3964.0,1200.0,1860.0,4797.0,0.0,0.0,1302.0,558.0,993.0,207.0
1.0,7561.0,1556.0,1843.0,3548.0,0.0,0.0,1295.0,548.0,1160.0,396.0
1.0,9553.0,2226.0,1847.0,0.0,61.0,61.0,1297.0,550.0,1472.0,754.0
1.0,7327.0,2531.0,1866.0,0.0,2668.0,2668.0,1305.0,561.0,1610.0,921.0
1.0,4796.0,2188.0,1884.0,61.0,4867.0,4867.0,1313.0,571.0,1457.0,731.0
1.0,2669.0,1526.0,1883.0,2668.0,3721.0,3721.0,1313.0,570.0,1156.0,370.0
1.0,3811.0,1191.0,1865.0,4867.0,0.0,0.0,1306.0,559.0,991.0,200.0
1.0,7487.0,1496.0,1847.0,3721.0,0.0,0.0,1298.0,549.0,1110.0,386.0
1.0,9712.0,2183.0,1850.0,0.0,0.0,0.0,1299.0,551.0,1431.0,752.0
1.0,7529.0,2570.0,1871.0,0.0,2525.0,2525.0,1309.0,562.0,1641.0,929.0
1.0,4959.0,2270.0,1890.0,0.0,4871.0,4871.0,1318.0,572.0,1526.0,744.0
1.0,2689.0,1576.0,1890.0,2525.0,3922.0,3922.0,1319.0,571.0,1199.0,377.0
1.0,3638.0,1193.0,1873.0,4871.0,176.0,176.0,1312.0,561.0,982.0,211.0
1.0,7316.0,1495.0,1855.0,3922.0,0.0,0.0,1304.0,551.0,1098.0,397.0
1.0,9743.0,2181.0,1857.0,176.0,0.0,0.0,1304.0,553.0,1430.0,751.0
1.0,7738.0,2586.0,1877.0,0.0,2356.0,2356.0,1313.0,564.0,1666.0,920.0
1.0,5152.0,2295.0,1896.0,0.0,4727.0,4727.0,1322.0,574.0,1554.0,741.0
1.0,2857.0,1610.0,1896.0,2356.0,3981.0,3981.0,1323.0,573.0,1220.0,390.0
1.0,3603.0,1219.0,1878.0,4727.0,401.0,401.0,1315.0,563.0,996.0,223.0
1.0,7111.0,1529.0,1861.0,3981.0,0.0,0.0,1308.0,553.0,1126.0,403.0
1.0,9563.0,2210.0,1862.0,401.0,0.0,0.0,1308.0,554.0,1459.0,751.0
1.0,7754.0,2588.0,1883.0,0.0,2366.0,2366.0,1318.0,565.0,1668.0,920.0
1.0,5166.0,2294.0,1902.0,0.0,4736.0,4736.0,1327.0,575.0,1548.0,746.0
1.0,2872.0,1619.0,1902.0,2366.0,3989.0,3989.0,1327.0,575.0,1223.0,396.0
1.0,3619.0,1242.0,1884.0,4736.0,423.0,423.0,1319.0,565.0,1016.0,226.0
1.0,7113.0,1532.0,1865.0,3989.0,0.0,0.0,1310.0,555.0,1127.0,405.0
1.0,9570.0,2181.0,1866.0,423.0,0.0,0.0,1310.0,556.0,1424.0,757.0
1.0,7812.0,2562.0,1885.0,0.0,2290.0,2290.0,1318.0,567.0,1631.0,931.0
1.0,5250.0,2267.0,1903.0,0.0,4629.0,4629.0,1326.0,577.0,1514.0,753.0
1.0,2983.0,1609.0,1903.0,2290.0,3948.0,3948.0,1326.0,577.0,1205.0,404.0
1.0,3664.0,1277.0,1885.0,4629.0,524.0,524.0,1318.0,567.0,1045.0,232.0
1.0,7016.0,1607.0,1868.0,3948.0,0.0,0.0,1310.0,558.0,1191.0,416.0
1.0,9357.0,2247.0,1870.0,524.0,0.0,0.0,1311.0,559.0,1481.0,766.0
1.0,7634.0,2550.0,1889.0,0.0,2472.0,2472.0,1320.0,569.0,1621.0,929.0
1.0,5084.0,2211.0,1906.0,0.0,4751.0,4751.0,1327.0,579.0,1473.0,738.0
1.0,2873.0,1568.0,1905.0,2472.0,3843.0,3843.0,1327.0,578.0,1183.0,385.0
1.0,3777.0,1284.0,1886.0,4751.0,300.0,300.0,1318.0,568.0,1054.0,230.0
1.0,7244.0,1648.0,1870.0,3843.0,0.0,0.0,1311.0,559.0,1226.0,422.0
1.0,9439.0,2287.0,1873.0,300.0,40.0,40.0,1313.0,560.0,1516.0,771.0
1.0,7452.0,2574.0,1894.0,0.0,2698.0,2698.0,1323.0,571.0,1649.0,925.0
1.0,4878.0,2180.0,1912.0,40.0,4910.0,4910.0,1331.0,581.0,1454.0,726.0
1.0,2738.0,1538.0,1910.0,2698.0,3742.0,3742.0,1330.0,580.0,1162.0,376.0
1.0,3898.0,1300.0,1892.0,4910.0,60.0,60.0,1322.0,570.0,1077.0,223.0
1.0,7508.0,1699.0,1875.0,3742.0,0.0,0.0,1315.0,560.0,1271.0,428.0
1.0,9551.0,2307.0,1879.0,60.0,212.0,212.0,1318.0,561.0,1533.0,774.0
1.0,7304.0,2516.0,1899.0,0.0,2808.0,2808.0,1327.0,572.0,1605.0,911.0
1.0,4788.0,2117.0,1916.0,212.0,4781.0,4781.0,1335.0,581.0,1405.0,712.0
1.0,2883.0,1504.0,1915.0,2808.0,3473.0,3473.0,1334.0,581.0,1138.0,366.0
1.0,4187.0,1286.0,1896.0,4781.0,0.0,0.0,1326.0,570.0,1062.0,224.0
1.0,7682.0,1690.0,1880.0,3473.0,0.0,0.0,1319.0,561.0,1269.0,421.0
1.0,9465.0,2313.0,1884.0,0.0,384.0,384.0,1322.0,562.0,1550.0,763.0
1.0,7152.0,2528.0,1903.0,0.0,2988.0,2988.0,1331.0,572.0,1625.0,903.0
1.0,4624.0,2122.0,1920.0,384.0,4794.0,4794.0,1339.0,581.0,1420.0,702.0
1.0,2886.0,1494.0,1920.0,2988.0,3300.0,3300.0,1339.0,581.0,1135.0,359.0
1.0,4380.0,1266.0,1901.0,4794.0,0.0,0.0,1331.0,570.0,1042.0,224.0
1.0,7908.0,1664.0,1884.0,3300.0,0.0,0.0,1323.0,561.0,1233.0,431.0
1.0,9544.0,2296.0,1887.0,0.0,300.0,300.0,1325.0,562.0,1522.0,774.0
1.0,7248.0,2522.0,1905.0,0.0,2894.0,2894.0,1333.0,572.0,1607.0,915.0
1.0,4726.0,2126.0,1924.0,300.0,4796.0,4796.0,1342.0,582.0,1415.0,711.0
1.0,2900.0,1502.0,1924.0,2894.0,3404.0,3404.0,1342.0,582.0,1142.0,360.0
1.0,4292.0,1262.0,1906.0,4796.0,0.0,0.0,1335.0,571.0,1049.0,213.0
1.0,7826.0,1654.0,1889.0,3404.0,0.0,0.0,1327.0,562.0,1232.0,422.0
1.0,9576.0,2277.0,1888.0,0.0,253.0,253.0,1326.0,562.0,1502.0,775.0
1.0,7299.0,2527.0,1907.0,0.0,2856.0,2856.0,1334.0,573.0,1602.0,925.0
1.0,4772.0,2137.0,1925.0,253.0,4812.0,4812.0,1343.0,582.0,1420.0,717.0
1.0,2888.0,1506.0,1926.0,2856.0,3466.0,3466.0,1344.0,582.0,1144.0,362.0
1.0,4238.0,1290.0,1908.0,4812.0,0.0,0.0,1337.0,571.0,1071.0,219.0
1.0,7760.0,1671.0,1891.0,3466.0,0.0,0.0,1329.0,562.0,1247.0,424.0
1.0,9555.0,2289.0,1891.0,0.0,298.0,298.0,1328.0,563.0,1505.0,784.0
1.0,7266.0,2537.0,1908.0,0.0,2903.0,2903.0,1335.0,573.0,1596.0,941.0
1.0,4729.0,2148.0,1926.0,298.0,4825.0,4825.0,1343.0,583.0,1421.0,727.0
1.0,2879.0,1528.0,1926.0,2903.0,3450.0,3450.0,1344.0,582.0,1162.0,366.0
1.0,4254.0,1297.0,1908.0,4825.0,0.0,0.0,1336.0,572.0,1083.0,214.0
1.0,7782.0,1707.0,1892.0,3450.0,0.0,0.0,1329.0,563.0,1276.0,431.0
1.0,9525.0,2356.0,1893.0,0.0,403.0,403.0,1329.0,564.0,1552.0,804.0
1.0,7169.0,2621.0,1912.0,0.0,3100.0,3100.0,1337.0,575.0,1654.0,967.0
1.0,4548.0,2208.0,1931.0,403.0,4981.0,4981.0,1346.0,585.0,1467.0,741.0
1.0,2743.0,1539.0,1931.0,3100.0,3420.0,3420.0,1347.0,584.0,1186.0,353.0
1.0,4304.0,1295.0,1914.0,4981.0,0.0,0.0,1341.0,573.0,1100.0,195.0
1.0,7990.0,1719.0,1897.0,3420.0,0.0,0.0,1334.0,563.0,1288.0,431.0
1.0,9691.0,2400.0,1900.0,0.0,309.0,309.0,1336.0,564.0,1579.0,821.0
1.0,7291.0,2652.0,1920.0,0.0,3041.0,3041.0,1344.0,576.0,1666.0,986.0
1.0,4639.0,2224.0,1939.0,309.0,5032.0,5032.0,1353.0,586.0,1468.0,756.0
1.0,2724.0,1543.0,1937.0,3041.0,3526.0,3526.0,1352.0,585.0,1183.0,360.0
1.0,4222.0,1297.0,1919.0,5032.0,0.0,0.0,1345.0,574.0,1102.0,195.0
1.0,7957.0,1727.0,1903.0,3526.0,0.0,0.0,1339.0,564.0,1301.0,426.0
1.0,9756.0,2410.0,1907.0,0.0,282.0,282.0,1341.0,566.0,1580.0,830.0
1.0,7346.0,2659.0,1928.0,0.0,3025.0,3025.0,1350.0,578.0,1664.0,995.0
1.0,4687.0,2217.0,1946.0,282.0,5032.0,5032.0,1358.0,588.0,1462.0,755.0
1.0,2752.0,1535.0,1943.0,3025.0,3530.0,3530.0,1357.0,586.0,1172.0,363.0
1.0,4242.0,1288.0,1925.0,5032.0,0.0,0.0,1349.0,576.0,1088.0,200.0
1.0,7986.0,1713.0,1908.0,3530.0,0.0,0.0,1342.0,566.0,1284.0,429.0
1.0,9803.0,2403.0,1912.0,0.0,248.0,248.0,1344.0,568.0,1579.0,824.0
1.0,7400.0,2643.0,1934.0,0.0,2979.0,2979.0,1354.0,580.0,1661.0,982.0
1.0,4757.0,2200.0,1951.0,248.0,4999.0,4999.0,1361.0,590.0,1456.0,744.0
1.0,2805.0,1504.0,1947.0,2979.0,3508.0,3508.0,1359.0,588.0,1148.0,356.0
1.0,4280.0,1260.0,1927.0,4999.0,0.0,0.0,1350.0,577.0,1058.0,202.0
1.0,8019.0,1719.0,1911.0,3508.0,0.0,0.0,1343.0,568.0,1285.0,434.0
1.0,9808.0,2406.0,1917.0,0.0,266.0,266.0,1347.0,570.0,1584.0,822.0
1.0,7402.0,2644.0,1939.0,0.0,2998.0,2998.0,1357.0,582.0,1673.0,971.0
1.0,4758.0,2190.0,1956.0,266.0,4990.0,4990.0,1365.0,591.0,1458.0,732.0
1.0,2834.0,1492.0,1952.0,2998.0,3468.0,3468.0,1362.0,590.0,1143.0,349.0
1.0,4340.0,1229.0,1931.0,4990.0,0.0,0.0,1352.0,579.0,1029.0,200.0
1.0,8101.0,1664.0,1915.0,3468.0,0.0,0.0,1345.0,570.0,1235.0,429.0
1.0,9905.0,2336.0,1919.0,0.0,107.0,107.0,1347.0,572.0,1530.0,806.0
1.0,7569.0,2597.0,1941.0,0.0,2792.0,2792.0,1357.0,584.0,1638.0,959.0
1.0,4972.0,2187.0,1958.0,107.0,4940.0,4940.0,1365.0,593.0,1460.0,727.0
1.0,2892.0,1521.0,1956.0,2792.0,3661.0,3661.0,1364.0,592.0,1174.0,347.0
1.0,4163.0,1262.0,1936.0,4940.0,0.0,0.0,1355.0,581.0,1055.0,207.0
1.0,7841.0,1668.0,1919.0,3661.0,0.0,0.0,1347.0,572.0,1229.0,439.0
1.0,9834.0,2332.0,1923.0,0.0,190.0,190.0,1349.0,574.0,1520.0,812.0
1.0,7502.0,2584.0,1944.0,0.0,2858.0,2858.0,1359.0,585.0,1634.0,950.0
1.0,4918.0,2185.0,1962.0,190.0,4925.0,4925.0,1367.0,595.0,1471.0,714.0
1.0,2923.0,1530.0,1959.0,2858.0,3585.0,3585.0,1366.0,593.0,1186.0,344.0
1.0,4251.0,1278.0,1940.0,4925.0,0.0,0.0,1358.0,582.0,1070.0,208.0
1.0,7898.0,1666.0,1923.0,3585.0,0.0,0.0,1350.0,573.0,1226.0,440.0
1.0,9817.0,2339.0,1928.0,0.0,234.0,234.0,1353.0,575.0,1530.0,809.0
1.0,7478.0,2605.0,1948.0,0.0,2919.0,2919.0,1362.0,586.0,1658.0,947.0
1.0,4873.0,2208.0,1966.0,234.0,4965.0,4965.0,1371.0,595.0,1492.0,716.0
1.0,2899.0,1568.0,1964.0,2919.0,3606.0,3606.0,1370.0,594.0,1212.0,356.0
1.0,4250.0,1314.0,1945.0,4965.0,0.0,0.0,1362.0,583.0,1095.0,219.0
1.0,7901.0,1685.0,1929.0,3606.0,0.0,0.0,1355.0,574.0,1244.0,441.0
1.0,9822.0,2340.0,1932.0,0.0,246.0,246.0,1357.0,575.0,1529.0,811.0
1.0,7482.0,2620.0,1954.0,0.0,2954.0,2954.0,1367.0,587.0,1667.0,953.0
1.0,4862.0,2257.0,1972.0,246.0,5037.0,5037.0,1376.0,596.0,1536.0,721.0
1.0,2851.0,1603.0,1970.0,2954.0,3678.0,3678.0,1375.0,595.0,1248.0,355.0
1.0,4202.0,1312.0,1950.0,5037.0,0.0,0.0,1366.0,584.0,1092.0,220.0
1.0,7927.0,1686.0,1932.0,3678.0,0.0,0.0,1358.0,574.0,1230.0,456.0
1.0,9919.0,2349.0,1934.0,0.0,166.0,166.0,1359.0,575.0,1524.0,825.0
1.0,7570.0,2638.0,1956.0,0.0,2892.0,2892.0,1369.0,587.0,1673.0,965.0
1.0,4932.0,2290.0,1975.0,166.0,5092.0,5092.0,1377.0,598.0,1548.0,742.0
1.0,2808.0,1636.0,1974.0,2892.0,3832.0,3832.0,1377.0,597.0,1263.0,373.0
1.0,4064.0,1328.0,1953.0,5092.0,0.0,0.0,1368.0,585.0,1104.0,224.0
1.0,7828.0,1690.0,1935.0,3832.0,0.0,0.0,1360.0,575.0,1246.0,444.0
1.0,9970.0,2352.0,1937.0,0.0,130.0,130.0,1361.0,576.0,1533.0,819.0
1.0,7618.0,2658.0,1958.0,0.0,2872.0,2872.0,1370.0,588.0,1673.0,985.0
1.0,4960.0,2279.0,1977.0,130.0,5097.0,5097.0,1378.0,599.0,1517.0,762.0
1.0,2811.0,1595.0,1975.0,2872.0,3812.0,3812.0,1377.0,598.0,1219.0,376.0
1.0,4088.0,1293.0,1953.0,5097.0,0.0,0.0,1367.0,586.0,1086.0,207.0
1.0,7892.0,1684.0,1934.0,3812.0,0.0,0.0,1359.0,575.0,1251.0,433.0
1.0,10020.0,2361.0,1937.0,0.0,89.0,89.0,1361.0,576.0,1541.0,820.0
1.0,7659.0,2663.0,1958.0,0.0,2836.0,2836.0,1370.0,588.0,1674.0,989.0
1.0,4996.0,2292.0,1978.0,89.0,5119.0,5119.0,1379.0,599.0,1516.0,776.0
1.0,2793.0,1610.0,1976.0,2836.0,3885.0,3885.0,1377.0,599.0,1218.0,392.0
1.0,4019.0,1295.0,1955.0,5119.0,0.0,0.0,1368.0,587.0,1081.0,214.0
1.0,7843.0,1653.0,1936.0,3885.0,0.0,0.0,1360.0,576.0,1237.0,416.0
1.0,10075.0,2334.0,1938.0,0.0,11.0,11.0,1361.0,577.0,1528.0,806.0
1.0,7741.0,2689.0,1961.0,0.0,2792.0,2792.0,1371.0,590.0,1687.0,1002.0
1.0,5052.0,2347.0,1982.0,11.0,5212.0,5212.0,1381.0,601.0,1555.0,792.0
1.0,2716.0,1625.0,1980.0,2792.0,4037.0,4037.0,1380.0,600.0,1235.0,390.0
1.0,3883.0,1245.0,1958.0,5212.0,0.0,0.0,1370.0,588.0,1055.0,190.0
1.0,7850.0,1613.0,1938.0,4037.0,0.0,0.0,1361.0,577.0,1211.0,402.0
1.0,10274.0,2337.0,1940.0,0.0,0.0,0.0,1362.0,578.0,1538.0,799.0
1.0,7937.0,2711.0,1964.0,0.0,2630.0,2630.0,1373.0,591.0,1718.0,993.0
1.0,5226.0,2352.0,1986.0,0.0,5070.0,5070.0,1384.0,602.0,1564.0,788.0
1.0,2874.0,1625.0,1985.0,2630.0,4061.0,4061.0,1384.0,601.0,1240.0,385.0
1.0,3879.0,1246.0,1965.0,5070.0,157.0,157.0,1375.0,590.0,1050.0,196.0
1.0,7703.0,1602.0,1945.0,4061.0,0.0,0.0,1366.0,579.0,1195.0,407.0
1.0,10162.0,2328.0,1947.0,157.0,0.0,0.0,1367.0,580.0,1529.0,799.0
1.0,7991.0,2695.0,1971.0,0.0,2588.0,2588.0,1378.0,593.0,1710.0,985.0
1.0,5296.0,2345.0,1992.0,0.0,5017.0,5017.0,1388.0,604.0,1568.0,777.0
1.0,2951.0,1634.0,1990.0,2588.0,4055.0,4055.0,1388.0,602.0,1250.0,384.0
1.0,3905.0,1257.0,1970.0,5017.0,215.0,215.0,1379.0,591.0,1062.0,195.0
1.0,7665.0,1603.0,1951.0,4055.0,0.0,0.0,1371.0,580.0,1200.0,403.0
1.0,10117.0,2319.0,1954.0,215.0,0.0,0.0,1372.0,582.0,1517.0,802.0
1.0,8013.0,2721.0,1976.0,0.0,2612.0,2612.0,1382.0,594.0,1724.0,997.0
1.0,5292.0,2388.0,1998.0,0.0,5088.0,5088.0,1392.0,606.0,1599.0,789.0
1.0,2904.0,1634.0,1997.0,2612.0,4106.0,4106.0,1393.0,604.0,1255.0,379.0
1.0,3882.0,1208.0,1975.0,5088.0,138.0,138.0,1383.0,592.0,1018.0,190.0
1.0,7762.0,1548.0,1955.0,4106.0,0.0,0.0,1373.0,582.0,1147.0,401.0
1.0,10320.0,2315.0,1957.0,138.0,0.0,0.0,1373.0,584.0,1509.0,806.0
1.0,8143.0,2754.0,1980.0,0.0,2531.0,2531.0,1384.0,596.0,1756.0,998.0
1.0,5389.0,2431.0,2001.0,0.0,5046.0,5046.0,1394.0,607.0,1641.0,790.0
1.0,2958.0,1676.0,2001.0,2531.0,4191.0,4191.0,1395.0,606.0,1284.0,392.0
1.0,3813.0,1225.0,1980.0,5046.0,286.0,286.0,1386.0,594.0,1030.0,195.0
1.0,7634.0,1525.0,1959.0,4191.0,0.0,0.0,1375.0,584.0,1119.0,406.0
1.0,10300.0,2293.0,1959.0,286.0,0.0,0.0,1374.0,585.0,1487.0,806.0
1.0,8293.0,2754.0,1982.0,0.0,2389.0,2389.0,1384.0,598.0,1760.0,994.0
1.0,5539.0,2475.0,2004.0,0.0,4952.0,4952.0,1395.0,609.0,1683.0,792.0
1.0,3064.0,1719.0,2005.0,2389.0,4286.0,4286.0,1397.0,608.0,1318.0,401.0
1.0,3734.0,1230.0,1983.0,4952.0,476.0,476.0,1387.0,596.0,1019.0,211.0
1.0,7456.0,1502.0,1961.0,4286.0,0.0,0.0,1376.0,585.0,1087.0,415.0
1.0,10240.0,2275.0,1960.0,476.0,0.0,0.0,1374.0,586.0,1466.0,809.0
1.0,8441.0,2804.0,1984.0,0.0,2299.0,2299.0,1385.0,599.0,1803.0,1001.0
1.0,5637.0,2537.0,2007.0,0.0,4928.0,4928.0,1397.0,610.0,1740.0,797.0
1.0,3100.0,1759.0,2008.0,2299.0,4392.0,4392.0,1399.0,609.0,1358.0,401.0
1.0,3640.0,1237.0,1987.0,4928.0,617.0,617.0,1390.0,597.0,1033.0,204.0
1.0,7331.0,1527.0,1965.0,4392.0,0.0,0.0,1379.0,586.0,1114.0,413.0
1.0,10196.0,2329.0,1966.0,617.0,0.0,0.0,1379.0,587.0,1515.0,814.0
1.0,8484.0,2831.0,1989.0,0.0,2303.0,2303.0,1390.0,599.0,1824.0,1007.0
1.0,5653.0,2541.0,2013.0,0.0,4940.0,4940.0,1403.0,610.0,1743.0,798.0
1.0,3112.0,1758.0,2015.0,2303.0,4403.0,4403.0,1405.0,610.0,1363.0,395.0
1.0,3657.0,1262.0,1994.0,4940.0,641.0,641.0,1396.0,598.0,1058.0,204.0
1.0,7335.0,1550.0,1973.0,4403.0,0.0,0.0,1386.0,587.0,1131.0,419.0
1.0,10188.0,2313.0,1973.0,641.0,0.0,0.0,1385.0,588.0,1487.0,826.0
1.0,8516.0,2816.0,1996.0,0.0,2284.0,2284.0,1396.0,600.0,1801.0,1015.0
1.0,5700.0,2549.0,2020.0,0.0,4929.0,4929.0,1409.0,611.0,1750.0,799.0
1.0,3151.0,1773.0,2022.0,2284.0,4426.0,4426.0,1412.0,610.0,1386.0,387.0
1.0,3662.0,1265.0,2002.0,4929.0,682.0,682.0,1403.0,599.0,1061.0,204.0
1.0,7326.0,1504.0,1979.0,4426.0,0.0,0.0,1391.0,588.0,1089.0,415.0
1.0,10248.0,2274.0,1978.0,682.0,0.0,0.0,1390.0,588.0,1465.0,809.0
1.0,8656.0,2786.0,2000.0,0.0,2130.0,2130.0,1400.0,600.0,1783.0,1003.0
1.0,5870.0,2511.0,2024.0,0.0,4737.0,4737.0,1413.0,611.0,1720.0,791.0
1.0,3359.0,1743.0,2027.0,2130.0,4362.0,4362.0,1416.0,611.0,1352.0,391.0
1.0,3746.0,1222.0,2006.0,4737.0,763.0,763.0,1406.0,600.0,1019.0,203.0
1.0,7261.0,1485.0,1982.0,4362.0,0.0,0.0,1393.0,589.0,1069.0,416.0
1.0,10138.0,2286.0,1980.0,763.0,0.0,0.0,1391.0,589.0,1466.0,820.0
1.0,8615.0,2787.0,2003.0,0.0,2184.0,2184.0,1402.0,601.0,1781.0,1006.0
1.0,5828.0,2483.0,2026.0,0.0,4759.0,4759.0,1414.0,612.0,1699.0,784.0
1.0,3345.0,1698.0,2029.0,2184.0,4285.0,4285.0,1417.0,612.0,1311.0,387.0
1.0,3831.0,1221.0,2008.0,4759.0,663.0,663.0,1407.0,601.0,1014.0,207.0
1.0,7369.0,1509.0,1985.0,4285.0,0.0,0.0,1395.0,590.0,1086.0,423.0
1.0,10145.0,2266.0,1983.0,663.0,0.0,0.0,1392.0,591.0,1445.0,821.0
1.0,8542.0,2758.0,2005.0,0.0,2236.0,2236.0,1402.0,603.0,1756.0,1002.0
1.0,5784.0,2480.0,2028.0,0.0,4808.0,4808.0,1414.0,614.0,1703.0,777.0
1.0,3304.0,1716.0,2030.0,2236.0,4296.0,4296.0,1417.0,613.0,1339.0,377.0
1.0,3824.0,1267.0,2010.0,4808.0,675.0,675.0,1408.0,602.0,1059.0,208.0
1.0,7365.0,1544.0,1987.0,4296.0,0.0,0.0,1396.0,591.0,1107.0,437.0
1.0,10117.0,2264.0,1985.0,675.0,0.0,0.0,1393.0,592.0,1428.0,836.0
1.0,8528.0,2731.0,2006.0,0.0,2227.0,2227.0,1402.0,604.0,1730.0,1001.0
1.0,5797.0,2489.0,2031.0,0.0,4816.0,4816.0,1416.0,615.0,1720.0,769.0
1.0,3308.0,1773.0,2035.0,2227.0,4378.0,4378.0,1420.0,615.0,1394.0,379.0
1.0,3762.0,1303.0,2015.0,4816.0,785.0,785.0,1412.0,603.0,1091.0,212.0
1.0,7275.0,1548.0,1992.0,4378.0,0.0,0.0,1400.0,592.0,1114.0,434.0
1.0,10105.0,2276.0,1989.0,785.0,0.0,0.0,1396.0,593.0,1446.0,830.0
1.0,8614.0,2782.0,2011.0,0.0,2212.0,2212.0,1406.0,605.0,1768.0,1014.0
1.0,5832.0,2528.0,2036.0,0.0,4840.0,4840.0,1419.0,617.0,1733.0,795.0
1.0,3304.0,1788.0,2040.0,2212.0,4432.0,4432.0,1424.0,616.0,1395.0,393.0
1.0,3728.0,1322.0,2022.0,4840.0,842.0,842.0,1417.0,605.0,1100.0,222.0
1.0,7246.0,1596.0,2000.0,4432.0,0.0,0.0,1405.0,595.0,1152.0,444.0
1.0,10082.0,2316.0,1997.0,842.0,0.0,0.0,1401.0,596.0,1473.0,843.0
1.0,8608.0,2785.0,2017.0,0.0,2245.0,2245.0,1410.0,607.0,1764.0,1021.0
1.0,5823.0,2533.0,2043.0,0.0,4882.0,4882.0,1424.0,619.0,1733.0,800.0
1.0,3290.0,1800.0,2048.0,2245.0,4457.0,4457.0,1430.0,618.0,1408.0,392.0
1.0,3735.0,1354.0,2030.0,4882.0,857.0,857.0,1423.0,607.0,1137.0,217.0
1.0,7263.0,1617.0,2007.0,4457.0,0.0,0.0,1411.0,596.0,1181.0,436.0
1.0,10103.0,2342.0,2004.0,857.0,0.0,0.0,1407.0,597.0,1506.0,836.0
1.0,8618.0,2799.0,2024.0,0.0,2277.0,2277.0,1415.0,609.0,1787.0,1012.0
1.0,5819.0,2526.0,2049.0,0.0,4903.0,4903.0,1429.0,620.0,1735.0,791.0
1.0,3293.0,1772.0,2054.0,2277.0,4418.0,4418.0,1434.0,620.0,1380.0,392.0
1.0,3798.0,1304.0,2033.0,4903.0,735.0,735.0,1425.0,608.0,1077.0,227.0
1.0,7397.0,1593.0,2010.0,4418.0,0.0,0.0,1412.0,598.0,1141.0,452.0
1.0,10222.0,2358.0,2006.0,735.0,0.0,0.0,1408.0,598.0,1514.0,844.0
1.0,8599.0,2822.0,2026.0,0.0,2327.0,2327.0,1416.0,610.0,1804.0,1018.0
1.0,5777.0,2517.0,2051.0,0.0,4944.0,4944.0,1429.0,622.0,1730.0,787.0
1.0,3260.0,1745.0,2055.0,2327.0,4378.0,4378.0,1434.0,621.0,1361.0,384.0
1.0,3842.0,1289.0,2035.0,4944.0,643.0,643.0,1426.0,609.0,1074.0,215.0
1.0,7497.0,1619.0,2012.0,4378.0,0.0,0.0,1414.0,598.0,1174.0,445.0
1.0,10256.0,2379.0,2009.0,643.0,0.0,0.0,1410.0,599.0,1535.0,844.0
1.0,8520.0,2817.0,2029.0,0.0,2413.0,2413.0,1418.0,611.0,1801.0,1016.0
1.0,5703.0,2499.0,2053.0,0.0,5008.0,5008.0,1430.0,623.0,1705.0,794.0
1.0,3204.0,1750.0,2057.0,2413.0,4361.0,4361.0,1435.0,622.0,1356.0,394.0
1.0,3867.0,1282.0,2039.0,5008.0,563.0,563.0,1428.0,611.0,1076.0,206.0
1.0,7593.0,1564.0,2014.0,4361.0,0.0,0.0,1415.0,599.0,1140.0,424.0
1.0,10390.0,2314.0,2011.0,563.0,0.0,0.0,1411.0,600.0,1488.0,826.0
1.0,8639.0,2775.0,2031.0,0.0,2260.0,2260.0,1419.0,612.0,1768.0,1007.0
1.0,5864.0,2520.0,2056.0,0.0,4880.0,4880.0,1432.0,624.0,1714.0,806.0
1.0,3344.0,1780.0,2061.0,2260.0,4420.0,4420.0,1438.0,623.0,1377.0,403.0
1.0,3824.0,1279.0,2041.0,4880.0,739.0,739.0,1430.0,611.0,1076.0,203.0
1.0,7425.0,1547.0,2018.0,4420.0,0.0,0.0,1418.0,600.0,1134.0,413.0
1.0,10298.0,2288.0,2015.0,739.0,0.0,0.0,1414.0,601.0,1472.0,816.0
1.0,8749.0,2778.0,2035.0,0.0,2169.0,2169.0,1422.0,613.0,1761.0,1017.0
1.0,5971.0,2541.0,2060.0,0.0,4810.0,4810.0,1436.0,624.0,1727.0,814.0
1.0,3430.0,1792.0,2066.0,2169.0,4457.0,4457.0,1442.0,624.0,1380.0,412.0
1.0,3807.0,1302.0,2047.0,4810.0,873.0,873.0,1435.0,612.0,1093.0,209.0
1.0,7315.0,1546.0,2024.0,4457.0,0.0,0.0,1423.0,601.0,1137.0,409.0
1.0,10226.0,2256.0,2019.0,873.0,0.0,0.0,1418.0,601.0,1455.0,801.0
1.0,8843.0,2759.0,2039.0,0.0,2072.0,2072.0,1426.0,613.0,1760.0,999.0
1.0,6084.0,2554.0,2065.0,0.0,4730.0,4730.0,1440.0,625.0,1747.0,807.0
1.0,3530.0,1842.0,2071.0,2072.0,4524.0,4524.0,1446.0,625.0,1417.0,425.0
1.0,3760.0,1344.0,2052.0,4730.0,1062.0,1062.0,1439.0,613.0,1111.0,233.0
1.0,7146.0,1537.0,2030.0,4524.0,0.0,0.0,1428.0,602.0,1120.0,417.0
1.0,10133.0,2243.0,2025.0,1062.0,0.0,0.0,1423.0,602.0,1450.0,793.0
1.0,8952.0,2776.0,2044.0,0.0,2000.0,2000.0,1430.0,614.0,1786.0,990.0
1.0,6176.0,2569.0,2069.0,0.0,4669.0,4669.0,1443.0,626.0,1760.0,809.0
1.0,3607.0,1836.0,2075.0,2000.0,4529.0,4529.0,1449.0,626.0,1404.0,432.0
1.0,3771.0,1309.0,2055.0,4669.0,1089.0,1089.0,1441.0,614.0,1072.0,237.0
1.0,7131.0,1543.0,2032.0,4529.0,0.0,0.0,1429.0,603.0,1116.0,427.0
1.0,10117.0,2287.0,2027.0,1089.0,0.0,0.0,1424.0,603.0,1476.0,811.0
1.0,8919.0,2809.0,2047.0,0.0,2078.0,2078.0,1432.0,615.0,1804.0,1005.0
1.0,6110.0,2579.0,2070.0,0.0,4749.0,4749.0,1444.0,626.0,1764.0,815.0
1.0,3531.0,1839.0,2075.0,2078.0,4530.0,4530.0,1449.0,626.0,1397.0,442.0
1.0,3770.0,1319.0,2056.0,4749.0,1024.0,1024.0,1441.0,615.0,1068.0,251.0
1.0,7200.0,1557.0,2033.0,4530.0,0.0,0.0,1429.0,604.0,1121.0,436.0
1.0,10173.0,2313.0,2028.0,1024.0,0.0,0.0,1424.0,604.0,1493.0,820.0
1.0,8884.0,2845.0,2049.0,0.0,2157.0,2157.0,1433.0,616.0,1842.0,1003.0
1.0,6039.0,2600.0,2072.0,0.0,4849.0,4849.0,1445.0,627.0,1790.0,810.0
1.0,3439.0,1860.0,2077.0,2157.0,4572.0,4572.0,1450.0,627.0,1422.0,438.0
1.0,3736.0,1362.0,2058.0,4849.0,1009.0,1009.0,1442.0,616.0,1097.0,265.0
1.0,7223.0,1580.0,2035.0,4572.0,0.0,0.0,1429.0,606.0,1124.0,456.0
1.0,10215.0,2324.0,2031.0,1009.0,0.0,0.0,1425.0,606.0,1499.0,825.0
1.0,8900.0,2857.0,2052.0,0.0,2165.0,2165.0,1434.0,618.0,1849.0,1008.0
1.0,6043.0,2630.0,2077.0,0.0,4895.0,4895.0,1448.0,629.0,1818.0,812.0
1.0,3413.0,1872.0,2083.0,2165.0,4626.0,4626.0,1454.0,629.0,1436.0,436.0
1.0,3706.0,1363.0,2064.0,4895.0,1018.0,1018.0,1446.0,618.0,1099.0,264.0
1.0,7238.0,1599.0,2040.0,4626.0,0.0,0.0,1433.0,607.0,1135.0,464.0
1.0,10265.0,2353.0,2037.0,1018.0,0.0,0.0,1429.0,608.0,1520.0,833.0
1.0,8930.0,2871.0,2059.0,0.0,2177.0,2177.0,1439.0,620.0,1870.0,1001.0
1.0,6059.0,2646.0,2084.0,0.0,4923.0,4923.0,1453.0,631.0,1840.0,806.0
1.0,3413.0,1875.0,2090.0,2177.0,4645.0,4645.0,1459.0,631.0,1441.0,434.0
1.0,3715.0,1332.0,2070.0,4923.0,974.0,974.0,1450.0,620.0,1070.0,262.0
1.0,7306.0,1587.0,2046.0,4645.0,0.0,0.0,1437.0,609.0,1123.0,464.0
1.0,10364.0,2348.0,2043.0,974.0,0.0,0.0,1433.0,610.0,1520.0,828.0
1.0,8990.0,2875.0,2064.0,0.0,2141.0,2141.0,1443.0,621.0,1886.0,989.0
1.0,6115.0,2622.0,2091.0,0.0,4871.0,4871.0,1458.0,633.0,1837.0,785.0
1.0,3493.0,1828.0,2095.0,2141.0,4574.0,4574.0,1463.0,632.0,1413.0,415.0
1.0,3806.0,1308.0,2076.0,4871.0,935.0,935.0,1455.0,621.0,1052.0,256.0
1.0,7369.0,1579.0,2053.0,4574.0,0.0,0.0,1442.0,611.0,1114.0,465.0
1.0,10364.0,2374.0,2050.0,935.0,0.0,0.0,1439.0,611.0,1543.0,831.0
1.0,8925.0,2871.0,2072.0,0.0,2234.0,2234.0,1449.0,623.0,1885.0,986.0
1.0,6054.0,2598.0,2097.0,0.0,4932.0,4932.0,1463.0,634.0,1822.0,776.0
1.0,3456.0,1801.0,2102.0,2234.0,4519.0,4519.0,1468.0,634.0,1390.0,411.0
1.0,3889.0,1276.0,2082.0,4932.0,783.0,783.0,1459.0,623.0,1020.0,256.0
1.0,7545.0,1544.0,2058.0,4519.0,0.0,0.0,1446.0,612.0,1083.0,461.0
1.0,10520.0,2339.0,2054.0,783.0,0.0,0.0,1442.0,612.0,1514.0,825.0
1.0,8964.0,2862.0,2075.0,0.0,2198.0,2198.0,1452.0,623.0,1876.0,986.0
1.0,6102.0,2573.0,2099.0,0.0,4867.0,4867.0,1465.0,634.0,1799.0,774.0
1.0,3529.0,1765.0,2103.0,2198.0,4450.0,4450.0,1469.0,634.0,1358.0,407.0
1.0,3962.0,1269.0,2085.0,4867.0,780.0,780.0,1461.0,624.0,1016.0,253.0
1.0,7560.0,1534.0,2061.0,4450.0,0.0,0.0,1448.0,613.0,1078.0,456.0
1.0,10476.0,2312.0,2057.0,780.0,0.0,0.0,1443.0,614.0,1493.0,819.0
1.0,8944.0,2832.0,2075.0,0.0,2188.0,2188.0,1451.0,624.0,1850.0,982.0
1.0,6112.0,2575.0,2099.0,0.0,4859.0,4859.0,1464.0,635.0,1797.0,778.0
1.0,3537.0,1794.0,2104.0,2188.0,4485.0,4485.0,1469.0,635.0,1376.0,418.0
1.0,3931.0,1280.0,2086.0,4859.0,834.0,834.0,1461.0,625.0,1018.0,262.0
1.0,7510.0,1549.0,2062.0,4485.0,0.0,0.0,1448.0,614.0,1084.0,465.0
1.0,10446.0,2344.0,2058.0,834.0,0.0,0.0,1443.0,615.0,1525.0,819.0
1.0,8936.0,2868.0,2077.0,0.0,2240.0,2240.0,1452.0,625.0,1893.0,975.0
1.0,6068.0,2611.0,2102.0,0.0,4951.0,4951.0,1467.0,635.0,1836.0,775.0
1.0,3457.0,1823.0,2108.0,2240.0,4558.0,4558.0,1473.0,635.0,1400.0,423.0
1.0,3874.0,1295.0,2089.0,4951.0,826.0,826.0,1464.0,625.0,1021.0,274.0
1.0,7530.0,1583.0,2065.0,4558.0,0.0,0.0,1450.0,615.0,1094.0,489.0
1.0,10505.0,2382.0,2062.0,826.0,0.0,0.0,1446.0,616.0,1543.0,839.0
1.0,8949.0,2893.0,2082.0,0.0,2272.0,2272.0,1456.0,626.0,1915.0,978.0
1.0,6056.0,2618.0,2107.0,0.0,4990.0,4990.0,1471.0,636.0,1849.0,769.0
1.0,3438.0,1835.0,2112.0,2272.0,4573.0,4573.0,1477.0,635.0,1419.0,416.0
1.0,3875.0,1327.0,2093.0,4990.0,834.0,834.0,1468.0,625.0,1042.0,285.0
1.0,7538.0,1619.0,2070.0,4573.0,0.0,0.0,1454.0,616.0,1113.0,506.0
1.0,10492.0,2428.0,2066.0,834.0,0.0,0.0,1450.0,616.0,1579.0,849.0
1.0,8898.0,2941.0,2087.0,0.0,2391.0,2391.0,1460.0,627.0,1958.0,983.0
1.0,5957.0,2655.0,2111.0,0.0,5142.0,5142.0,1475.0,636.0,1889.0,766.0
1.0,3302.0,1878.0,2118.0,2391.0,4657.0,4657.0,1482.0,636.0,1449.0,429.0
1.0,3815.0,1375.0,2099.0,5142.0,814.0,814.0,1473.0,626.0,1068.0,307.0
1.0,7582.0,1639.0,2075.0,4657.0,0.0,0.0,1459.0,616.0,1124.0,515.0
1.0,10600.0,2402.0,2071.0,814.0,0.0,0.0,1454.0,617.0,1554.0,848.0
1.0,9012.0,2931.0,2092.0,0.0,2287.0,2287.0,1464.0,628.0,1957.0,974.0
1.0,6081.0,2665.0,2117.0,0.0,5052.0,5052.0,1480.0,637.0,1906.0,759.0
1.0,3416.0,1872.0,2122.0,2287.0,4657.0,4657.0,1486.0,636.0,1451.0,421.0
1.0,3831.0,1363.0,2103.0,5052.0,892.0,892.0,1477.0,626.0,1056.0,307.0
1.0,7520.0,1620.0,2079.0,4657.0,0.0,0.0,1462.0,617.0,1095.0,525.0
1.0,10557.0,2412.0,2074.0,892.0,0.0,0.0,1456.0,618.0,1543.0,869.0
1.0,9037.0,2912.0,2095.0,0.0,2255.0,2255.0,1466.0,629.0,1921.0,991.0
1.0,6125.0,2639.0,2119.0,0.0,4990.0,4990.0,1481.0,638.0,1876.0,763.0
1.0,3486.0,1858.0,2125.0,2255.0,4617.0,4617.0,1487.0,638.0,1444.0,414.0
1.0,3883.0,1353.0,2105.0,4990.0,900.0,900.0,1478.0,627.0,1050.0,303.0
1.0,7520.0,1611.0,2082.0,4617.0,0.0,0.0,1463.0,619.0,1082.0,529.0
1.0,10526.0,2374.0,2077.0,900.0,0.0,0.0,1457.0,620.0,1508.0,866.0
1.0,9052.0,2896.0,2097.0,0.0,2232.0,2232.0,1466.0,631.0,1914.0,982.0
1.0,6156.0,2637.0,2123.0,0.0,4973.0,4973.0,1482.0,641.0,1883.0,754.0
1.0,3519.0,1872.0,2129.0,2232.0,4637.0,4637.0,1489.0,640.0,1447.0,425.0
1.0,3879.0,1342.0,2109.0,4973.0,926.0,926.0,1479.0,630.0,1034.0,308.0
1.0,7510.0,1576.0,2084.0,4637.0,0.0,0.0,1463.0,621.0,1050.0,526.0
1.0,10571.0,2333.0,2078.0,926.0,0.0,0.0,1456.0,622.0,1480.0,853.0
1.0,9164.0,2859.0,2099.0,0.0,2091.0,2091.0,1466.0,633.0,1898.0,961.0
1.0,6305.0,2632.0,2125.0,0.0,4827.0,4827.0,1483.0,642.0,1890.0,742.0
1.0,3673.0,1898.0,2132.0,2091.0,4662.0,4662.0,1490.0,642.0,1475.0,423.0
1.0,3866.0,1346.0,2113.0,4827.0,1105.0,1105.0,1481.0,632.0,1033.0,313.0
1.0,7347.0,1547.0,2088.0,4662.0,0.0,0.0,1465.0,623.0,1022.0,525.0
1.0,10462.0,2311.0,2082.0,1105.0,0.0,0.0,1458.0,624.0,1466.0,845.0
1.0,9256.0,2895.0,2104.0,0.0,2055.0,2055.0,1469.0,635.0,1938.0,957.0
1.0,6361.0,2676.0,2131.0,0.0,4839.0,4839.0,1487.0,644.0,1935.0,741.0
1.0,3685.0,1893.0,2139.0,2055.0,4709.0,4709.0,1495.0,644.0,1474.0,419.0
1.0,3847.0,1354.0,2120.0,4839.0,1148.0,1148.0,1486.0,634.0,1033.0,321.0
1.0,7332.0,1576.0,2095.0,4709.0,0.0,0.0,1470.0,625.0,1046.0,530.0
1.0,10465.0,2327.0,2091.0,1148.0,0.0,0.0,1464.0,627.0,1484.0,843.0
1.0,9286.0,2844.0,2110.0,0.0,1998.0,1998.0,1474.0,636.0,1908.0,936.0
1.0,6442.0,2627.0,2136.0,0.0,4729.0,4729.0,1491.0,645.0,1902.0,725.0
1.0,3815.0,1897.0,2144.0,1998.0,4660.0,4660.0,1499.0,645.0,1472.0,425.0
1.0,3916.0,1392.0,2125.0,4729.0,1247.0,1247.0,1490.0,635.0,1061.0,331.0
1.0,7253.0,1634.0,2102.0,4660.0,0.0,0.0,1475.0,627.0,1097.0,537.0
1.0,10279.0,2372.0,2097.0,1247.0,0.0,0.0,1469.0,628.0,1525.0,847.0
1.0,9154.0,2870.0,2117.0,0.0,2184.0,2184.0,1479.0,638.0,1927.0,943.0
1.0,6284.0,2616.0,2142.0,0.0,4900.0,4900.0,1495.0,647.0,1886.0,730.0
1.0,3668.0,1880.0,2148.0,2184.0,4620.0,4620.0,1502.0,646.0,1453.0,427.0
1.0,3972.0,1402.0,2129.0,4900.0,1046.0,1046.0,1493.0,636.0,1067.0,335.0
1.0,7470.0,1665.0,2106.0,4620.0,0.0,0.0,1478.0,628.0,1120.0,545.0
1.0,10425.0,2418.0,2101.0,1046.0,0.0,0.0,1472.0,629.0,1566.0,852.0
1.0,9053.0,2891.0,2122.0,0.0,2326.0,2326.0,1483.0,639.0,1953.0,938.0
1.0,6162.0,2636.0,2147.0,0.0,5062.0,5062.0,1499.0,648.0,1904.0,732.0
1.0,3526.0,1868.0,2153.0,2326.0,4628.0,4628.0,1506.0,647.0,1438.0,430.0
1.0,3984.0,1393.0,2132.0,5062.0,875.0,875.0,1495.0,637.0,1048.0,345.0
1.0,7653.0,1649.0,2108.0,4628.0,0.0,0.0,1479.0,629.0,1090.0,559.0
1.0,10632.0,2410.0,2103.0,875.0,0.0,0.0,1472.0,631.0,1547.0,863.0
1.0,9097.0,2938.0,2123.0,0.0,2333.0,2333.0,1482.0,641.0,1984.0,954.0
1.0,6159.0,2682.0,2148.0,0.0,5115.0,5115.0,1499.0,649.0,1941.0,741.0
1.0,3477.0,1900.0,2153.0,2333.0,4702.0,4702.0,1506.0,647.0,1469.0,431.0
1.0,3910.0,1375.0,2133.0,5115.0,882.0,882.0,1496.0,637.0,1041.0,334.0
1.0,7650.0,1617.0,2108.0,4702.0,0.0,0.0,1479.0,629.0,1067.0,550.0
1.0,10735.0,2415.0,2104.0,882.0,0.0,0.0,1472.0,632.0,1538.0,877.0
1.0,9202.0,2963.0,2124.0,0.0,2257.0,2257.0,1482.0,642.0,1991.0,972.0
1.0,6239.0,2708.0,2151.0,0.0,5073.0,5073.0,1500.0,651.0,1965.0,743.0
1.0,3531.0,1918.0,2156.0,2257.0,4754.0,4754.0,1507.0,649.0,1495.0,423.0
1.0,3870.0,1379.0,2136.0,5073.0,980.0,980.0,1498.0,638.0,1046.0,333.0
1.0,7564.0,1602.0,2111.0,4754.0,0.0,0.0,1481.0,630.0,1051.0,551.0
1.0,10716.0,2411.0,2107.0,980.0,0.0,0.0,1475.0,632.0,1539.0,872.0
1.0,9285.0,2972.0,2128.0,0.0,2199.0,2199.0,1485.0,643.0,2003.0,969.0
1.0,6313.0,2727.0,2154.0,0.0,5030.0,5030.0,1503.0,651.0,1978.0,749.0
1.0,3586.0,1901.0,2160.0,2199.0,4756.0,4756.0,1511.0,649.0,1480.0,421.0
1.0,3884.0,1325.0,2139.0,5030.0,967.0,967.0,1501.0,638.0,1012.0,313.0
1.0,7589.0,1583.0,2114.0,4756.0,0.0,0.0,1484.0,630.0,1042.0,541.0
1.0,10762.0,2414.0,2110.0,967.0,0.0,0.0,1478.0,632.0,1546.0,868.0
1.0,9315.0,2995.0,2132.0,0.0,2208.0,2208.0,1489.0,643.0,2018.0,977.0
1.0,6320.0,2719.0,2158.0,0.0,5031.0,5031.0,1507.0,651.0,1965.0,754.0
1.0,3601.0,1883.0,2164.0,2208.0,4730.0,4730.0,1515.0,649.0,1457.0,426.0
1.0,3926.0,1345.0,2145.0,5031.0,968.0,968.0,1506.0,639.0,1022.0,323.0
1.0,7612.0,1624.0,2121.0,4730.0,0.0,0.0,1490.0,631.0,1078.0,546.0
1.0,10718.0,2444.0,2118.0,968.0,0.0,0.0,1484.0,634.0,1574.0,870.0
1.0,9242.0,2950.0,2138.0,0.0,2260.0,2260.0,1494.0,644.0,1990.0,960.0
1.0,6292.0,2658.0,2163.0,0.0,5018.0,5018.0,1511.0,652.0,1925.0,733.0
1.0,3634.0,1858.0,2169.0,2260.0,4640.0,4640.0,1519.0,650.0,1437.0,421.0
1.0,4036.0,1379.0,2151.0,5018.0,929.0,929.0,1511.0,640.0,1038.0,341.0
1.0,7675.0,1681.0,2128.0,4640.0,0.0,0.0,1495.0,633.0,1114.0,567.0
1.0,10634.0,2434.0,2123.0,929.0,0.0,0.0,1488.0,635.0,1563.0,871.0
1.0,9129.0,2896.0,2143.0,0.0,2339.0,2339.0,1497.0,646.0,1939.0,957.0
1.0,6233.0,2611.0,2167.0,0.0,5046.0,5046.0,1513.0,654.0,1880.0,731.0
1.0,3622.0,1842.0,2172.0,2339.0,4569.0,4569.0,1520.0,652.0,1422.0,420.0
1.0,4119.0,1349.0,2153.0,5046.0,796.0,796.0,1511.0,642.0,1013.0,336.0
1.0,7816.0,1653.0,2130.0,4569.0,0.0,0.0,1495.0,635.0,1086.0,567.0
1.0,10732.0,2448.0,2127.0,796.0,0.0,0.0,1489.0,638.0,1570.0,878.0
1.0,9080.0,2932.0,2147.0,0.0,2440.0,2440.0,1499.0,648.0,1979.0,953.0
1.0,6148.0,2634.0,2170.0,0.0,5166.0,5166.0,1515.0,655.0,1905.0,729.0
1.0,3514.0,1859.0,2175.0,2440.0,4605.0,4605.0,1522.0,653.0,1434.0,425.0
1.0,4095.0,1372.0,2156.0,5166.0,735.0,735.0,1512.0,644.0,1033.0,339.0
1.0,7889.0,1662.0,2132.0,4605.0,0.0,0.0,1496.0,636.0,1098.0,564.0
1.0,10832.0,2452.0,2129.0,735.0,0.0,0.0,1490.0,639.0,1568.0,884.0
1.0,9115.0,2958.0,2150.0,0.0,2443.0,2443.0,1500.0,650.0,1979.0,979.0
1.0,6157.0,2681.0,2175.0,0.0,5224.0,5224.0,1517.0,658.0,1933.0,748.0
1.0,3476.0,1894.0,2179.0,2443.0,4691.0,4691.0,1524.0,655.0,1473.0,421.0
1.0,4025.0,1377.0,2159.0,5224.0,764.0,764.0,1514.0,645.0,1046.0,331.0
1.0,7872.0,1680.0,2135.0,4691.0,0.0,0.0,1497.0,638.0,1106.0,574.0
1.0,10883.0,2479.0,2133.0,764.0,0.0,0.0,1491.0,642.0,1579.0,900.0
1.0,9168.0,2984.0,2154.0,0.0,2432.0,2432.0,1502.0,652.0,2004.0,980.0
1.0,6184.0,2709.0,2180.0,0.0,5245.0,5245.0,1520.0,660.0,1973.0,736.0
1.0,3475.0,1917.0,2185.0,2432.0,4750.0,4750.0,1528.0,657.0,1498.0,419.0
1.0,3990.0,1412.0,2165.0,5245.0,837.0,837.0,1518.0,647.0,1068.0,344.0
1.0,7823.0,1692.0,2142.0,4750.0,0.0,0.0,1502.0,640.0,1111.0,581.0
1.0,10881.0,2474.0,2138.0,837.0,0.0,0.0,1495.0,643.0,1583.0,891.0
1.0,9244.0,3007.0,2159.0,0.0,2399.0,2399.0,1506.0,653.0,2036.0,971.0
1.0,6237.0,2749.0,2185.0,0.0,5252.0,5252.0,1524.0,661.0,2002.0,747.0
1.0,3488.0,1961.0,2192.0,2399.0,4842.0,4842.0,1533.0,659.0,1524.0,437.0
1.0,3926.0,1420.0,2173.0,5252.0,934.0,934.0,1524.0,649.0,1075.0,345.0
1.0,7758.0,1685.0,2148.0,4842.0,0.0,0.0,1507.0,641.0,1113.0,572.0
1.0,10915.0,2485.0,2144.0,934.0,0.0,0.0,1500.0,644.0,1595.0,890.0
1.0,9364.0,3020.0,2165.0,0.0,2316.0,2316.0,1511.0,654.0,2045.0,975.0
1.0,6344.0,2725.0,2191.0,0.0,5145.0,5145.0,1529.0,662.0,1986.0,739.0
1.0,3619.0,1914.0,2197.0,2316.0,4767.0,4767.0,1537.0,660.0,1489.0,425.0
1.0,4021.0,1394.0,2178.0,5145.0,940.0,940.0,1528.0,650.0,1054.0,340.0
1.0,7772.0,1681.0,2153.0,4767.0,0.0,0.0,1511.0,642.0,1114.0,567.0
1.0,10858.0,2492.0,2148.0,940.0,0.0,0.0,1503.0,645.0,1603.0,889.0
1.0,9306.0,3004.0,2169.0,0.0,2374.0,2374.0,1514.0,655.0,2032.0,972.0
1.0,6302.0,2694.0,2195.0,0.0,5172.0,5172.0,1532.0,663.0,1956.0,738.0
1.0,3608.0,1888.0,2201.0,2374.0,4710.0,4710.0,1540.0,661.0,1465.0,423.0
1.0,4094.0,1373.0,2181.0,5172.0,831.0,831.0,1530.0,651.0,1032.0,341.0
1.0,7893.0,1674.0,2156.0,4710.0,0.0,0.0,1513.0,643.0,1098.0,576.0
1.0,10929.0,2478.0,2151.0,831.0,0.0,0.0,1505.0,646.0,1584.0,894.0
1.0,9282.0,2963.0,2172.0,0.0,2369.0,2369.0,1516.0,656.0,1993.0,970.0
1.0,6319.0,2651.0,2197.0,0.0,5120.0,5120.0,1533.0,664.0,1923.0,728.0
1.0,3668.0,1862.0,2202.0,2369.0,4633.0,4633.0,1540.0,662.0,1452.0,410.0
1.0,4175.0,1394.0,2181.0,5120.0,823.0,823.0,1530.0,651.0,1055.0,339.0
1.0,7901.0,1691.0,2157.0,4633.0,0.0,0.0,1513.0,644.0,1113.0,578.0
1.0,10843.0,2465.0,2154.0,823.0,0.0,0.0,1507.0,647.0,1576.0,889.0
1.0,9201.0,2939.0,2174.0,0.0,2434.0,2434.0,1517.0,657.0,1979.0,960.0
1.0,6262.0,2623.0,2199.0,0.0,5157.0,5157.0,1534.0,665.0,1900.0,723.0
1.0,3639.0,1848.0,2202.0,2434.0,4583.0,4583.0,1540.0,662.0,1431.0,417.0
1.0,4225.0,1398.0,2182.0,5157.0,744.0,744.0,1530.0,652.0,1055.0,343.0
1.0,7984.0,1735.0,2159.0,4583.0,0.0,0.0,1515.0,644.0,1155.0,580.0
1.0,10832.0,2496.0,2157.0,744.0,0.0,0.0,1510.0,647.0,1609.0,887.0
1.0,9080.0,2936.0,2178.0,0.0,2568.0,2568.0,1520.0,658.0,1977.0,959.0
1.0,6144.0,2616.0,2202.0,0.0,5280.0,5280.0,1537.0,665.0,1890.0,726.0
1.0,3528.0,1854.0,2207.0,2568.0,4586.0,4586.0,1544.0,663.0,1427.0,427.0
1.0,4242.0,1418.0,2186.0,5280.0,640.0,640.0,1534.0,652.0,1065.0,353.0
1.0,8104.0,1766.0,2164.0,4586.0,0.0,0.0,1519.0,645.0,1181.0,585.0
1.0,10924.0,2532.0,2162.0,640.0,0.0,0.0,1514.0,648.0,1642.0,890.0
1.0,9032.0,2966.0,2184.0,0.0,2670.0,2670.0,1525.0,659.0,2003.0,963.0
1.0,6066.0,2625.0,2207.0,0.0,5387.0,5387.0,1541.0,666.0,1887.0,738.0
1.0,3441.0,1869.0,2211.0,2670.0,4602.0,4602.0,1547.0,664.0,1430.0,439.0
1.0,4242.0,1436.0,2192.0,5387.0,575.0,575.0,1538.0,654.0,1073.0,363.0
1.0,8193.0,1777.0,2169.0,4602.0,0.0,0.0,1523.0,646.0,1194.0,583.0
1.0,11018.0,2576.0,2167.0,575.0,0.0,0.0,1518.0,649.0,1693.0,883.0
1.0,9017.0,3021.0,2189.0,0.0,2760.0,2760.0,1529.0,660.0,2055.0,966.0
1.0,5996.0,2670.0,2214.0,0.0,5530.0,5530.0,1546.0,668.0,1918.0,752.0
1.0,3326.0,1892.0,2217.0,2760.0,4674.0,4674.0,1552.0,665.0,1434.0,458.0
1.0,4194.0,1451.0,2198.0,5530.0,519.0,519.0,1543.0,655.0,1068.0,383.0
1.0,8273.0,1804.0,2175.0,4674.0,0.0,0.0,1527.0,648.0,1206.0,598.0
1.0,11143.0,2589.0,2173.0,519.0,0.0,0.0,1522.0,651.0,1695.0,894.0
1.0,9073.0,3019.0,2195.0,0.0,2726.0,2726.0,1533.0,662.0,2051.0,968.0
1.0,6054.0,2677.0,2219.0,0.0,5499.0,5499.0,1549.0,670.0,1926.0,751.0
1.0,3377.0,1881.0,2222.0,2726.0,4666.0,4666.0,1555.0,667.0,1431.0,450.0
1.0,4222.0,1445.0,2202.0,5499.0,532.0,532.0,1545.0,657.0,1070.0,375.0
1.0,8276.0,1797.0,2179.0,4666.0,0.0,0.0,1529.0,650.0,1196.0,601.0
1.0,11145.0,2581.0,2176.0,532.0,0.0,0.0,1523.0,653.0,1681.0,900.0
1.0,9096.0,3039.0,2196.0,0.0,2727.0,2727.0,1533.0,663.0,2063.0,976.0
1.0,6057.0,2693.0,2221.0,0.0,5520.0,5520.0,1550.0,671.0,1940.0,753.0
1.0,3364.0,1885.0,2225.0,2727.0,4694.0,4694.0,1556.0,669.0,1433.0,452.0
1.0,4206.0,1441.0,2205.0,5520.0,535.0,535.0,1546.0,659.0,1068.0,373.0
1.0,8285.0,1801.0,2182.0,4694.0,0.0,0.0,1530.0,652.0,1200.0,601.0
1.0,11178.0,2612.0,2180.0,535.0,0.0,0.0,1525.0,655.0,1711.0,901.0
1.0,9101.0,3047.0,2201.0,0.0,2750.0,2750.0,1536.0,665.0,2077.0,970.0
1.0,6054.0,2677.0,2226.0,0.0,5527.0,5527.0,1553.0,673.0,1935.0,742.0
1.0,3377.0,1848.0,2229.0,2750.0,4637.0,4637.0,1558.0,671.0,1409.0,439.0
1.0,4279.0,1410.0,2208.0,5527.0,436.0,436.0,1548.0,660.0,1046.0,364.0
1.0,8396.0,1785.0,2185.0,4637.0,0.0,0.0,1532.0,653.0,1192.0,593.0
1.0,11248.0,2615.0,2183.0,436.0,0.0,0.0,1527.0,656.0,1712.0,903.0
1.0,9069.0,3047.0,2206.0,0.0,2802.0,2802.0,1539.0,667.0,2080.0,967.0
1.0,6022.0,2673.0,2230.0,0.0,5571.0,5571.0,1556.0,674.0,1939.0,734.0
1.0,3349.0,1857.0,2234.0,2802.0,4642.0,4642.0,1562.0,672.0,1423.0,434.0
1.0,4294.0,1412.0,2214.0,5571.0,403.0,403.0,1552.0,662.0,1039.0,373.0
1.0,8453.0,1789.0,2191.0,4642.0,0.0,0.0,1536.0,655.0,1186.0,603.0
1.0,11306.0,2595.0,2190.0,403.0,0.0,0.0,1532.0,658.0,1707.0,888.0
1.0,9114.0,3030.0,2213.0,0.0,2768.0,2768.0,1545.0,668.0,2089.0,941.0
1.0,6084.0,2661.0,2237.0,0.0,5525.0,5525.0,1562.0,675.0,1941.0,720.0
1.0,3423.0,1840.0,2239.0,2768.0,4605.0,4605.0,1567.0,672.0,1408.0,432.0
1.0,4351.0,1388.0,2219.0,5525.0,388.0,388.0,1557.0,662.0,1020.0,368.0
1.0,8488.0,1779.0,2197.0,4605.0,0.0,0.0,1541.0,656.0,1174.0,605.0
1.0,11314.0,2610.0,2197.0,388.0,0.0,0.0,1538.0,659.0,1717.0,893.0
1.0,9092.0,3052.0,2219.0,0.0,2836.0,2836.0,1550.0,669.0,2105.0,947.0
1.0,6040.0,2640.0,2243.0,0.0,5572.0,5572.0,1567.0,676.0,1931.0,709.0
1.0,3400.0,1806.0,2245.0,2836.0,4550.0,4550.0,1572.0,673.0,1383.0,423.0
1.0,4430.0,1390.0,2223.0,5572.0,280.0,280.0,1560.0,663.0,1014.0,376.0
1.0,8612.0,1817.0,2202.0,4550.0,0.0,0.0,1546.0,656.0,1210.0,607.0
1.0,11345.0,2632.0,2203.0,280.0,0.0,0.0,1543.0,660.0,1743.0,889.0
1.0,8993.0,3029.0,2224.0,0.0,2932.0,2932.0,1555.0,669.0,2086.0,943.0
1.0,5964.0,2639.0,2249.0,0.0,5671.0,5671.0,1572.0,677.0,1912.0,727.0
1.0,3325.0,1815.0,2249.0,2932.0,4554.0,4554.0,1575.0,674.0,1370.0,445.0
1.0,4442.0,1388.0,2227.0,5671.0,183.0,183.0,1563.0,664.0,1005.0,383.0
1.0,8725.0,1804.0,2205.0,4554.0,0.0,0.0,1548.0,657.0,1201.0,603.0
1.0,11475.0,2643.0,2205.0,183.0,0.0,0.0,1545.0,660.0,1754.0,889.0
1.0,9015.0,3070.0,2228.0,0.0,2967.0,2967.0,1558.0,670.0,2118.0,952.0
1.0,5945.0,2643.0,2252.0,0.0,5706.0,5706.0,1575.0,677.0,1918.0,725.0
1.0,3302.0,1787.0,2251.0,2967.0,4522.0,4522.0,1577.0,674.0,1343.0,444.0
1.0,4482.0,1373.0,2229.0,5706.0,101.0,101.0,1564.0,665.0,986.0,387.0
1.0,8815.0,1814.0,2205.0,4522.0,0.0,0.0,1547.0,658.0,1201.0,613.0
1.0,11523.0,2662.0,2205.0,101.0,0.0,0.0,1544.0,661.0,1763.0,899.0
1.0,8962.0,3087.0,2228.0,0.0,3037.0,3037.0,1558.0,670.0,2128.0,959.0
1.0,5875.0,2668.0,2251.0,0.0,5797.0,5797.0,1574.0,677.0,1933.0,735.0
1.0,3207.0,1844.0,2253.0,3037.0,4612.0,4612.0,1578.0,675.0,1387.0,457.0
1.0,4400.0,1437.0,2230.0,5797.0,160.0,160.0,1565.0,665.0,1033.0,404.0
1.0,8760.0,1861.0,2208.0,4612.0,0.0,0.0,1549.0,659.0,1233.0,628.0
1.0,11511.0,2689.0,2209.0,160.0,0.0,0.0,1547.0,662.0,1779.0,910.0
1.0,8982.0,3118.0,2232.0,0.0,3064.0,3064.0,1560.0,672.0,2149.0,969.0
1.0,5864.0,2728.0,2257.0,0.0,5892.0,5892.0,1578.0,679.0,1988.0,740.0
1.0,3136.0,1882.0,2259.0,3064.0,4718.0,4718.0,1583.0,676.0,1430.0,452.0
1.0,4318.0,1455.0,2236.0,5892.0,189.0,189.0,1570.0,666.0,1052.0,403.0
1.0,8755.0,1861.0,2214.0,4718.0,0.0,0.0,1554.0,660.0,1233.0,628.0
1.0,11612.0,2703.0,2215.0,189.0,0.0,0.0,1552.0,663.0,1789.0,914.0
1.0,9098.0,3121.0,2238.0,0.0,2975.0,2975.0,1565.0,673.0,2153.0,968.0
1.0,5977.0,2707.0,2263.0,0.0,5782.0,5782.0,1583.0,680.0,1968.0,739.0
1.0,3270.0,1874.0,2264.0,2975.0,4685.0,4685.0,1587.0,677.0,1417.0,457.0
1.0,4371.0,1462.0,2241.0,5782.0,273.0,273.0,1574.0,667.0,1058.0,404.0
1.0,8691.0,1892.0,2220.0,4685.0,0.0,0.0,1559.0,661.0,1256.0,636.0
1.0,11484.0,2740.0,2220.0,273.0,0.0,0.0,1556.0,664.0,1820.0,920.0
1.0,9017.0,3133.0,2245.0,0.0,3096.0,3096.0,1571.0,674.0,2161.0,972.0
1.0,5884.0,2668.0,2270.0,0.0,5864.0,5864.0,1588.0,682.0,1926.0,742.0
1.0,3216.0,1803.0,2270.0,3096.0,4571.0,4571.0,1591.0,679.0,1351.0,452.0
1.0,4509.0,1419.0,2247.0,5864.0,34.0,34.0,1578.0,669.0,1029.0,390.0
1.0,8954.0,1889.0,2225.0,4571.0,0.0,0.0,1562.0,663.0,1268.0,621.0
1.0,11636.0,2733.0,2226.0,34.0,0.0,0.0,1560.0,666.0,1822.0,911.0
1.0,8937.0,3090.0,2249.0,0.0,3149.0,3149.0,1573.0,676.0,2119.0,971.0
1.0,5847.0,2616.0,2272.0,0.0,5857.0,5857.0,1589.0,683.0,1876.0,740.0
1.0,3231.0,1765.0,2272.0,3149.0,4473.0,4473.0,1592.0,680.0,1327.0,438.0
1.0,4615.0,1412.0,2249.0,5857.0,0.0,0.0,1579.0,670.0,1034.0,378.0
1.0,9060.0,1888.0,2227.0,4473.0,0.0,0.0,1563.0,664.0,1274.0,614.0
1.0,11645.0,2734.0,2229.0,0.0,5.0,5.0,1561.0,668.0,1818.0,916.0
1.0,8911.0,3085.0,2252.0,0.0,3182.0,3182.0,1574.0,678.0,2104.0,981.0
1.0,5826.0,2595.0,2276.0,5.0,5868.0,5868.0,1590.0,686.0,1852.0,743.0
1.0,3236.0,1729.0,2275.0,3182.0,4411.0,4411.0,1593.0,682.0,1307.0,422.0
1.0,4689.0,1386.0,2252.0,5868.0,0.0,0.0,1580.0,672.0,1024.0,362.0
1.0,9171.0,1898.0,2229.0,4411.0,0.0,0.0,1564.0,665.0,1285.0,613.0
1.0,11684.0,2732.0,2231.0,0.0,0.0,0.0,1561.0,670.0,1807.0,925.0
1.0,8952.0,3092.0,2256.0,0.0,3164.0,3164.0,1575.0,681.0,2100.0,992.0
1.0,5860.0,2614.0,2280.0,0.0,5874.0,5874.0,1592.0,688.0,1874.0,740.0
1.0,3246.0,1768.0,2279.0,3164.0,4474.0,4474.0,1595.0,684.0,1354.0,414.0
1.0,4642.0,1396.0,2254.0,5874.0,0.0,0.0,1581.0,673.0,1050.0,346.0
1.0,9120.0,1873.0,2233.0,4474.0,0.0,0.0,1566.0,667.0,1274.0,599.0
1.0,11721.0,2729.0,2235.0,0.0,0.0,0.0,1564.0,671.0,1805.0,924.0
1.0,8992.0,3106.0,2259.0,0.0,3150.0,3150.0,1578.0,681.0,2103.0,1003.0
1.0,5886.0,2622.0,2282.0,0.0,5864.0,5864.0,1594.0,688.0,1872.0,750.0
1.0,3264.0,1764.0,2282.0,3150.0,4478.0,4478.0,1597.0,685.0,1344.0,420.0
1.0,4650.0,1401.0,2258.0,5864.0,0.0,0.0,1584.0,674.0,1058.0,343.0
1.0,9113.0,1905.0,2236.0,4478.0,0.0,0.0,1568.0,668.0,1306.0,599.0
1.0,11686.0,2798.0,2239.0,0.0,68.0,68.0,1567.0,672.0,1860.0,938.0
1.0,8888.0,3173.0,2266.0,0.0,3349.0,3349.0,1583.0,683.0,2153.0,1020.0
1.0,5715.0,2656.0,2290.0,68.0,6033.0,6033.0,1600.0,690.0,1903.0,753.0
1.0,3127.0,1756.0,2289.0,3349.0,4436.0,4436.0,1603.0,686.0,1338.0,418.0
1.0,4720.0,1387.0,2264.0,6033.0,0.0,0.0,1589.0,675.0,1040.0,347.0
1.0,9366.0,1919.0,2242.0,4436.0,0.0,0.0,1573.0,669.0,1312.0,607.0
1.0,11883.0,2851.0,2246.0,0.0,0.0,0.0,1573.0,673.0,1897.0,954.0
1.0,9032.0,3245.0,2272.0,0.0,3301.0,3301.0,1588.0,684.0,2217.0,1028.0
1.0,5787.0,2688.0,2297.0,0.0,6089.0,6089.0,1606.0,691.0,1927.0,761.0
1.0,3099.0,1734.0,2294.0,3301.0,4510.0,4510.0,1607.0,687.0,1317.0,417.0
1.0,4666.0,1349.0,2268.0,6089.0,0.0,0.0,1592.0,676.0,1006.0,343.0
1.0,9406.0,1890.0,2245.0,4510.0,0.0,0.0,1576.0,669.0,1270.0,620.0
1.0,12026.0,2867.0,2247.0,0.0,0.0,0.0,1574.0,673.0,1898.0,969.0
1.0,9159.0,3279.0,2274.0,0.0,3216.0,3216.0,1589.0,685.0,2243.0,1036.0
1.0,5880.0,2733.0,2298.0,0.0,6045.0,6045.0,1607.0,691.0,1982.0,751.0
1.0,3147.0,1752.0,2296.0,3216.0,4573.0,4573.0,1609.0,687.0,1343.0,409.0
1.0,4611.0,1316.0,2270.0,6045.0,0.0,0.0,1594.0,676.0,972.0,344.0
1.0,9340.0,1851.0,2246.0,4573.0,0.0,0.0,1576.0,670.0,1228.0,623.0
1.0,12062.0,2816.0,2248.0,0.0,0.0,0.0,1574.0,674.0,1844.0,972.0
1.0,9246.0,3264.0,2274.0,0.0,3114.0,3114.0,1589.0,685.0,2215.0,1049.0
1.0,5982.0,2761.0,2299.0,0.0,5975.0,5975.0,1607.0,692.0,1988.0,773.0
1.0,3221.0,1780.0,2297.0,3114.0,4633.0,4633.0,1609.0,688.0,1364.0,416.0
1.0,4555.0,1347.0,2270.0,5975.0,0.0,0.0,1593.0,677.0,1004.0,343.0
1.0,9183.0,1868.0,2246.0,4633.0,0.0,0.0,1576.0,670.0,1251.0,617.0
1.0,11948.0,2808.0,2249.0,0.0,0.0,0.0,1574.0,675.0,1845.0,963.0
1.0,9140.0,3230.0,2276.0,0.0,3194.0,3194.0,1590.0,686.0,2189.0,1041.0
1.0,5910.0,2729.0,2301.0,0.0,6023.0,6023.0,1608.0,693.0,1958.0,771.0
1.0,3181.0,1785.0,2299.0,3194.0,4606.0,4606.0,1610.0,689.0,1361.0,424.0
1.0,4590.0,1346.0,2273.0,6023.0,0.0,0.0,1594.0,679.0,997.0,349.0
1.0,9267.0,1869.0,2249.0,4606.0,0.0,0.0,1577.0,672.0,1252.0,617.0
1.0,12004.0,2821.0,2253.0,0.0,0.0,0.0,1577.0,676.0,1863.0,958.0
1.0,9183.0,3240.0,2281.0,0.0,3181.0,3181.0,1594.0,687.0,2211.0,1029.0
1.0,5943.0,2705.0,2307.0,0.0,5990.0,5990.0,1612.0,695.0,1944.0,761.0
1.0,3238.0,1772.0,2304.0,3181.0,4569.0,4569.0,1613.0,691.0,1350.0,422.0
1.0,4647.0,1358.0,2278.0,5990.0,0.0,0.0,1598.0,680.0,1015.0,343.0
1.0,9279.0,1891.0,2255.0,4569.0,0.0,0.0,1582.0,673.0,1279.0,612.0
1.0,11957.0,2809.0,2259.0,0.0,0.0,0.0,1582.0,677.0,1852.0,957.0
1.0,9148.0,3222.0,2288.0,0.0,3226.0,3226.0,1599.0,689.0,2184.0,1038.0
1.0,5926.0,2711.0,2313.0,0.0,6037.0,6037.0,1616.0,697.0,1945.0,766.0
1.0,3215.0,1784.0,2311.0,3226.0,4587.0,4587.0,1618.0,693.0,1367.0,417.0
1.0,4657.0,1371.0,2285.0,6037.0,0.0,0.0,1603.0,682.0,1033.0,338.0
1.0,9323.0,1864.0,2261.0,4587.0,0.0,0.0,1587.0,674.0,1256.0,608.0
1.0,12046.0,2782.0,2264.0,0.0,0.0,0.0,1586.0,678.0,1824.0,958.0
1.0,9264.0,3175.0,2291.0,0.0,3075.0,3075.0,1601.0,690.0,2146.0,1029.0
1.0,6089.0,2697.0,2316.0,0.0,5872.0,5872.0,1618.0,698.0,1937.0,760.0
1.0,3392.0,1805.0,2315.0,3075.0,4598.0,4598.0,1620.0,695.0,1389.0,416.0
1.0,4662.0,1401.0,2290.0,5872.0,27.0,27.0,1606.0,684.0,1059.0,342.0
1.0,9133.0,1908.0,2266.0,4598.0,0.0,0.0,1590.0,676.0,1287.0,621.0
1.0,11823.0,2818.0,2270.0,27.0,48.0,48.0,1590.0,680.0,1846.0,972.0
1.0,9032.0,3202.0,2298.0,0.0,3362.0,3362.0,1606.0,692.0,2162.0,1040.0
1.0,5830.0,2701.0,2323.0,48.0,6115.0,6115.0,1622.0,701.0,1932.0,769.0
1.0,3177.0,1796.0,2321.0,3362.0,4541.0,4541.0,1624.0,697.0,1372.0,424.0
1.0,4743.0,1406.0,2294.0,6115.0,0.0,0.0,1608.0,686.0,1059.0,347.0
1.0,9452.0,1910.0,2270.0,4541.0,0.0,0.0,1592.0,678.0,1302.0,608.0
1.0,12083.0,2810.0,2273.0,0.0,0.0,0.0,1591.0,682.0,1857.0,953.0
1.0,9273.0,3200.0,2301.0,0.0,3131.0,3131.0,1607.0,694.0,2157.0,1043.0
1.0,6073.0,2693.0,2325.0,0.0,5920.0,5920.0,1623.0,702.0,1909.0,784.0
1.0,3380.0,1808.0,2323.0,3131.0,4589.0,4589.0,1624.0,699.0,1369.0,439.0
1.0,4703.0,1425.0,2296.0,5920.0,0.0,0.0,1609.0,687.0,1076.0,349.0
1.0,9198.0,1923.0,2270.0,4589.0,0.0,0.0,1591.0,679.0,1319.0,604.0
1.0,11864.0,2819.0,2273.0,0.0,47.0,47.0,1590.0,683.0,1867.0,952.0
1.0,9045.0,3223.0,2302.0,0.0,3386.0,3386.0,1607.0,695.0,2180.0,1043.0
1.0,5822.0,2734.0,2329.0,47.0,6181.0,6181.0,1625.0,704.0,1934.0,800.0
1.0,3135.0,1824.0,2327.0,3386.0,4611.0,4611.0,1627.0,700.0,1373.0,451.0
1.0,4697.0,1409.0,2299.0,6181.0,0.0,0.0,1611.0,688.0,1061.0,348.0
1.0,9469.0,1922.0,2273.0,4611.0,0.0,0.0,1593.0,680.0,1326.0,596.0
1.0,12158.0,2850.0,2276.0,0.0,0.0,0.0,1592.0,684.0,1905.0,945.0
1.0,9308.0,3288.0,2305.0,0.0,3200.0,3200.0,1609.0,696.0,2232.0,1056.0
1.0,6020.0,2772.0,2333.0,0.0,6084.0,6084.0,1628.0,705.0,1968.0,804.0
1.0,3248.0,1825.0,2333.0,3200.0,4709.0,4709.0,1631.0,702.0,1376.0,449.0
1.0,4623.0,1388.0,2305.0,6084.0,0.0,0.0,1615.0,690.0,1042.0,346.0
1.0,9319.0,1919.0,2279.0,4709.0,0.0,0.0,1598.0,681.0,1318.0,601.0
1.0,12109.0,2870.0,2281.0,0.0,0.0,0.0,1597.0,684.0,1920.0,950.0
1.0,9239.0,3292.0,2310.0,0.0,3293.0,3293.0,1614.0,696.0,2248.0,1044.0
1.0,5947.0,2786.0,2338.0,0.0,6191.0,6191.0,1633.0,705.0,1992.0,794.0
1.0,3161.0,1834.0,2337.0,3293.0,4728.0,4728.0,1635.0,702.0,1382.0,452.0
1.0,4620.0,1400.0,2310.0,6191.0,0.0,0.0,1620.0,690.0,1041.0,359.0
1.0,9411.0,1898.0,2284.0,4728.0,0.0,0.0,1602.0,682.0,1295.0,603.0
1.0,12241.0,2842.0,2286.0,0.0,0.0,0.0,1601.0,685.0,1899.0,943.0
1.0,9399.0,3285.0,2315.0,0.0,3146.0,3146.0,1618.0,697.0,2250.0,1035.0
1.0,6114.0,2764.0,2342.0,0.0,6018.0,6018.0,1637.0,705.0,1977.0,787.0
1.0,3350.0,1833.0,2342.0,3146.0,4705.0,4705.0,1640.0,702.0,1388.0,445.0
1.0,4663.0,1411.0,2314.0,6018.0,0.0,0.0,1624.0,690.0,1059.0,352.0
1.0,9270.0,1892.0,2289.0,4705.0,0.0,0.0,1607.0,682.0,1287.0,605.0
1.0,12083.0,2803.0,2291.0,0.0,0.0,0.0,1605.0,686.0,1859.0,944.0
1.0,9280.0,3233.0,2319.0,0.0,3229.0,3229.0,1621.0,698.0,2200.0,1033.0
1.0,6047.0,2753.0,2346.0,0.0,6090.0,6090.0,1640.0,706.0,1972.0,781.0
1.0,3294.0,1827.0,2345.0,3229.0,4684.0,4684.0,1642.0,703.0,1390.0,437.0
1.0,4696.0,1385.0,2317.0,6090.0,0.0,0.0,1626.0,691.0,1030.0,355.0
1.0,9401.0,1856.0,2291.0,4684.0,0.0,0.0,1608.0,683.0,1248.0,608.0
1.0,12229.0,2779.0,2292.0,0.0,0.0,0.0,1606.0,686.0,1826.0,953.0
1.0,9450.0,3225.0,2320.0,0.0,3055.0,3055.0,1622.0,698.0,2187.0,1038.0
1.0,6225.0,2743.0,2347.0,0.0,5906.0,5906.0,1640.0,707.0,1965.0,778.0
1.0,3482.0,1826.0,2346.0,3055.0,4673.0,4673.0,1642.0,704.0,1389.0,437.0
1.0,4711.0,1379.0,2319.0,5906.0,38.0,38.0,1627.0,692.0,1025.0,354.0
1.0,9238.0,1866.0,2293.0,4673.0,0.0,0.0,1609.0,684.0,1248.0,618.0
1.0,12045.0,2800.0,2295.0,38.0,0.0,0.0,1607.0,688.0,1834.0,966.0
1.0,9283.0,3263.0,2323.0,0.0,3272.0,3272.0,1623.0,700.0,2205.0,1058.0
1.0,6020.0,2779.0,2350.0,0.0,6159.0,6159.0,1641.0,709.0,1995.0,784.0
1.0,3241.0,1846.0,2349.0,3272.0,4729.0,4729.0,1644.0,705.0,1417.0,429.0
1.0,4667.0,1383.0,2321.0,6159.0,0.0,0.0,1628.0,693.0,1040.0,343.0
1.0,9443.0,1858.0,2295.0,4729.0,0.0,0.0,1610.0,685.0,1243.0,615.0
1.0,12314.0,2805.0,2298.0,0.0,0.0,0.0,1609.0,689.0,1831.0,974.0
1.0,9509.0,3281.0,2326.0,0.0,3076.0,3076.0,1625.0,701.0,2209.0,1072.0
1.0,6228.0,2802.0,2353.0,0.0,5986.0,5986.0,1643.0,710.0,2003.0,799.0
1.0,3426.0,1850.0,2352.0,3076.0,4756.0,4756.0,1645.0,707.0,1416.0,434.0
1.0,4652.0,1393.0,2324.0,5986.0,51.0,51.0,1629.0,695.0,1050.0,343.0
1.0,9245.0,1906.0,2300.0,4756.0,0.0,0.0,1613.0,687.0,1284.0,622.0
1.0,12095.0,2890.0,2303.0,51.0,0.0,0.0,1612.0,691.0,1900.0,990.0
1.0,9256.0,3355.0,2333.0,0.0,3431.0,3431.0,1630.0,703.0,2279.0,1076.0
1.0,5901.0,2843.0,2361.0,0.0,6386.0,6386.0,1649.0,712.0,2042.0,801.0
1.0,3058.0,1859.0,2359.0,3431.0,4806.0,4806.0,1651.0,708.0,1423.0,436.0
1.0,4630.0,1407.0,2332.0,6386.0,0.0,0.0,1635.0,697.0,1058.0,349.0
1.0,9609.0,1935.0,2307.0,4806.0,0.0,0.0,1618.0,689.0,1308.0,627.0
1.0,12480.0,2916.0,2311.0,0.0,0.0,0.0,1618.0,693.0,1920.0,996.0
1.0,9564.0,3375.0,2341.0,0.0,3175.0,3175.0,1636.0,705.0,2294.0,1081.0
1.0,6189.0,2842.0,2368.0,0.0,6125.0,6125.0,1655.0,713.0,2040.0,802.0
1.0,3347.0,1853.0,2366.0,3175.0,4795.0,4795.0,1656.0,710.0,1419.0,434.0
1.0,4669.0,1407.0,2339.0,6125.0,0.0,0.0,1640.0,699.0,1062.0,345.0
1.0,9387.0,1920.0,2312.0,4795.0,0.0,0.0,1622.0,690.0,1300.0,620.0
1.0,12262.0,2909.0,2315.0,0.0,0.0,0.0,1621.0,694.0,1909.0,1000.0
1.0,9353.0,3365.0,2344.0,0.0,3388.0,3388.0,1638.0,706.0,2275.0,1090.0
1.0,5988.0,2826.0,2372.0,0.0,6326.0,6326.0,1657.0,715.0,2022.0,804.0
1.0,3162.0,1835.0,2371.0,3388.0,4769.0,4769.0,1659.0,712.0,1411.0,424.0
1.0,4715.0,1377.0,2342.0,6326.0,0.0,0.0,1642.0,700.0,1048.0,329.0
1.0,9664.0,1910.0,2316.0,4769.0,0.0,0.0,1624.0,692.0,1294.0,616.0
1.0,12523.0,2888.0,2318.0,0.0,0.0,0.0,1622.0,696.0,1894.0,994.0
1.0,9635.0,3357.0,2347.0,0.0,3110.0,3110.0,1639.0,708.0,2273.0,1084.0
1.0,6278.0,2822.0,2374.0,0.0,6040.0,6040.0,1658.0,716.0,2023.0,799.0
1.0,3456.0,1827.0,2373.0,3110.0,4753.0,4753.0,1660.0,713.0,1407.0,420.0
1.0,4739.0,1364.0,2344.0,6040.0,0.0,0.0,1643.0,701.0,1033.0,331.0
1.0,9415.0,1898.0,2318.0,4753.0,0.0,0.0,1625.0,693.0,1277.0,621.0
1.0,12270.0,2880.0,2320.0,0.0,0.0,0.0,1623.0,697.0,1882.0,998.0
1.0,9390.0,3327.0,2349.0,0.0,3333.0,3333.0,1640.0,709.0,2253.0,1074.0
1.0,6063.0,2784.0,2375.0,0.0,6221.0,6221.0,1658.0,717.0,2004.0,780.0
1.0,3279.0,1816.0,2374.0,3333.0,4700.0,4700.0,1660.0,714.0,1400.0,416.0
1.0,4796.0,1388.0,2346.0,6221.0,0.0,0.0,1644.0,702.0,1050.0,338.0
1.0,9629.0,1912.0,2321.0,4700.0,0.0,0.0,1627.0,694.0,1280.0,632.0
1.0,12417.0,2873.0,2323.0,0.0,0.0,0.0,1625.0,698.0,1876.0,997.0
1.0,9544.0,3299.0,2352.0,0.0,3163.0,3163.0,1641.0,711.0,2227.0,1072.0
1.0,6245.0,2780.0,2379.0,0.0,6051.0,6051.0,1660.0,719.0,2007.0,773.0
1.0,3465.0,1843.0,2378.0,3163.0,4727.0,4727.0,1663.0,715.0,1434.0,409.0
1.0,4785.0,1403.0,2352.0,6051.0,0.0,0.0,1649.0,703.0,1063.0,340.0
1.0,9433.0,1902.0,2326.0,4727.0,0.0,0.0,1631.0,695.0,1276.0,626.0
1.0,12258.0,2843.0,2328.0,0.0,0.0,0.0,1629.0,699.0,1865.0,978.0
1.0,9415.0,3279.0,2356.0,0.0,3288.0,3288.0,1645.0,711.0,2224.0,1055.0
1.0,6136.0,2810.0,2384.0,0.0,6210.0,6210.0,1665.0,719.0,2034.0,776.0
1.0,3326.0,1875.0,2384.0,3288.0,4797.0,4797.0,1669.0,715.0,1456.0,419.0
1.0,4739.0,1427.0,2357.0,6210.0,0.0,0.0,1654.0,703.0,1084.0,343.0
1.0,9522.0,1929.0,2332.0,4797.0,0.0,0.0,1637.0,695.0,1299.0,630.0
1.0,12390.0,2854.0,2333.0,0.0,0.0,0.0,1634.0,699.0,1864.0,990.0
1.0,9536.0,3272.0,2361.0,0.0,3180.0,3180.0,1650.0,711.0,2209.0,1063.0
1.0,6264.0,2781.0,2388.0,0.0,6069.0,6069.0,1668.0,720.0,1998.0,783.0
1.0,3483.0,1888.0,2388.0,3180.0,4777.0,4777.0,1672.0,716.0,1459.0,429.0
1.0,4775.0,1476.0,2362.0,6069.0,80.0,80.0,1658.0,704.0,1122.0,354.0
1.0,9368.0,1981.0,2338.0,4777.0,0.0,0.0,1642.0,696.0,1342.0,639.0
1.0,12164.0,2891.0,2340.0,80.0,7.0,7.0,1640.0,700.0,1897.0,994.0
1.0,9353.0,3289.0,2367.0,0.0,3404.0,3404.0,1655.0,712.0,2226.0,1063.0
1.0,6064.0,2792.0,2394.0,7.0,6297.0,6297.0,1674.0,720.0,2013.0,779.0
1.0,3279.0,1896.0,2393.0,3404.0,4785.0,4785.0,1677.0,716.0,1459.0,437.0
1.0,4787.0,1488.0,2367.0,6297.0,0.0,0.0,1662.0,705.0,1109.0,379.0
1.0,9596.0,1998.0,2341.0,4785.0,0.0,0.0,1644.0,697.0,1335.0,663.0
1.0,12383.0,2901.0,2342.0,0.0,0.0,0.0,1641.0,701.0,1895.0,1006.0
1.0,9482.0,3310.0,2370.0,0.0,3308.0,3308.0,1657.0,713.0,2240.0,1070.0
1.0,6172.0,2801.0,2396.0,0.0,6213.0,6213.0,1675.0,721.0,2014.0,787.0
1.0,3371.0,1902.0,2396.0,3308.0,4807.0,4807.0,1678.0,718.0,1456.0,446.0
1.0,4777.0,1502.0,2369.0,6213.0,0.0,0.0,1663.0,706.0,1118.0,384.0
1.0,9488.0,2004.0,2342.0,4807.0,0.0,0.0,1644.0,698.0,1338.0,666.0
1.0,12291.0,2898.0,2343.0,0.0,0.0,0.0,1641.0,702.0,1890.0,1008.0
1.0,9393.0,3326.0,2371.0,0.0,3417.0,3417.0,1657.0,714.0,2250.0,1076.0
1.0,6067.0,2843.0,2399.0,0.0,6372.0,6372.0,1676.0,723.0,2042.0,801.0
1.0,3224.0,1936.0,2400.0,3417.0,4895.0,4895.0,1680.0,720.0,1488.0,448.0
1.0,4705.0,1474.0,2372.0,6372.0,0.0,0.0,1664.0,708.0,1101.0,373.0
1.0,9603.0,1957.0,2344.0,4895.0,0.0,0.0,1645.0,699.0,1300.0,657.0
1.0,12541.0,2902.0,2347.0,0.0,0.0,0.0,1643.0,704.0,1885.0,1017.0
1.0,9639.0,3364.0,2375.0,0.0,3225.0,3225.0,1659.0,716.0,2274.0,1090.0
1.0,6275.0,2883.0,2404.0,0.0,6224.0,6224.0,1679.0,725.0,2088.0,795.0
1.0,3392.0,1925.0,2405.0,3225.0,4928.0,4928.0,1683.0,722.0,1490.0,435.0
1.0,4692.0,1481.0,2378.0,6224.0,77.0,77.0,1668.0,710.0,1112.0,369.0
1.0,9435.0,1980.0,2352.0,4928.0,0.0,0.0,1650.0,702.0,1322.0,658.0
1.0,12383.0,2917.0,2354.0,77.0,0.0,0.0,1648.0,706.0,1906.0,1011.0
1.0,9543.0,3344.0,2382.0,0.0,3329.0,3329.0,1664.0,718.0,2271.0,1073.0
1.0,6199.0,2843.0,2411.0,0.0,6288.0,6288.0,1684.0,727.0,2059.0,784.0
1.0,3356.0,1910.0,2412.0,3329.0,4873.0,4873.0,1688.0,724.0,1470.0,440.0
1.0,4775.0,1480.0,2385.0,6288.0,0.0,0.0,1673.0,712.0,1099.0,381.0
1.0,9583.0,1965.0,2358.0,4873.0,0.0,0.0,1654.0,704.0,1306.0,659.0
1.0,12491.0,2887.0,2360.0,0.0,0.0,0.0,1652.0,708.0,1887.0,1000.0
1.0,9604.0,3326.0,2389.0,0.0,3278.0,3278.0,1669.0,720.0,2271.0,1055.0
1.0,6278.0,2840.0,2417.0,0.0,6230.0,6230.0,1688.0,729.0,2061.0,779.0
1.0,3438.0,1916.0,2417.0,3278.0,4868.0,4868.0,1692.0,725.0,1476.0,440.0
1.0,4800.0,1480.0,2390.0,6230.0,10.0,10.0,1677.0,713.0,1105.0,375.0
1.0,9550.0,1960.0,2365.0,4868.0,0.0,0.0,1660.0,705.0,1312.0,648.0
1.0,12458.0,2872.0,2366.0,10.0,0.0,0.0,1657.0,709.0,1893.0,979.0
1.0,9596.0,3292.0,2394.0,0.0,3272.0,3272.0,1673.0,721.0,2249.0,1043.0
1.0,6304.0,2813.0,2421.0,0.0,6193.0,6193.0,1692.0,729.0,2035.0,778.0
1.0,3491.0,1903.0,2421.0,3272.0,4824.0,4824.0,1695.0,726.0,1450.0,453.0
1.0,4860.0,1456.0,2395.0,6193.0,0.0,0.0,1680.0,715.0,1070.0,386.0
1.0,9597.0,1938.0,2369.0,4824.0,0.0,0.0,1662.0,707.0,1291.0,647.0
1.0,12483.0,2861.0,2370.0,0.0,0.0,0.0,1659.0,711.0,1887.0,974.0
1.0,9622.0,3295.0,2398.0,0.0,3265.0,3265.0,1675.0,723.0,2258.0,1037.0
1.0,6327.0,2812.0,2424.0,0.0,6181.0,6181.0,1693.0,731.0,2039.0,773.0
1.0,3515.0,1888.0,2423.0,3265.0,4800.0,4800.0,1696.0,727.0,1437.0,451.0
1.0,4892.0,1443.0,2396.0,6181.0,0.0,0.0,1680.0,716.0,1051.0,392.0
1.0,9630.0,1929.0,2370.0,4800.0,0.0,0.0,1662.0,708.0,1272.0,657.0
1.0,12501.0,2872.0,2372.0,0.0,0.0,0.0,1660.0,712.0,1889.0,983.0
1.0,9629.0,3339.0,2400.0,0.0,3310.0,3310.0,1676.0,724.0,2290.0,1049.0
1.0,6290.0,2869.0,2426.0,0.0,6283.0,6283.0,1694.0,732.0,2082.0,787.0
1.0,3421.0,1921.0,2426.0,3310.0,4894.0,4894.0,1697.0,729.0,1468.0,453.0
1.0,4810.0,1449.0,2398.0,6283.0,0.0,0.0,1681.0,717.0,1058.0,391.0
1.0,9644.0,1915.0,2371.0,4894.0,0.0,0.0,1662.0,709.0,1261.0,654.0
1.0,12623.0,2850.0,2372.0,0.0,0.0,0.0,1659.0,713.0,1868.0,982.0
1.0,9773.0,3340.0,2400.0,0.0,3167.0,3167.0,1675.0,725.0,2292.0,1048.0
1.0,6433.0,2923.0,2428.0,0.0,6202.0,6202.0,1695.0,733.0,2133.0,790.0
1.0,3510.0,1999.0,2428.0,3167.0,5034.0,5034.0,1699.0,729.0,1533.0,466.0
1.0,4678.0,1504.0,2401.0,6202.0,228.0,228.0,1684.0,717.0,1107.0,397.0
1.0,9376.0,1945.0,2374.0,5034.0,0.0,0.0,1665.0,709.0,1285.0,660.0
1.0,12465.0,2898.0,2376.0,228.0,0.0,0.0,1663.0,713.0,1899.0,999.0
1.0,9795.0,3410.0,2406.0,0.0,3239.0,3239.0,1680.0,726.0,2334.0,1076.0
1.0,6385.0,2968.0,2434.0,0.0,6319.0,6319.0,1700.0,734.0,2160.0,808.0
1.0,3417.0,2008.0,2434.0,3239.0,5088.0,5088.0,1704.0,730.0,1545.0,463.0
1.0,4648.0,1473.0,2406.0,6319.0,130.0,130.0,1688.0,718.0,1087.0,386.0
1.0,9494.0,1924.0,2380.0,5088.0,0.0,0.0,1670.0,710.0,1269.0,655.0
1.0,12658.0,2912.0,2381.0,130.0,0.0,0.0,1667.0,714.0,1908.0,1004.0
1.0,9876.0,3454.0,2410.0,0.0,3218.0,3218.0,1684.0,726.0,2363.0,1091.0
1.0,6422.0,3011.0,2440.0,0.0,6349.0,6349.0,1705.0,735.0,2189.0,822.0
1.0,3411.0,2008.0,2440.0,3218.0,5139.0,5139.0,1709.0,731.0,1546.0,462.0
1.0,4621.0,1454.0,2413.0,6349.0,136.0,136.0,1694.0,719.0,1071.0,383.0
1.0,9516.0,1909.0,2384.0,5139.0,0.0,0.0,1674.0,710.0,1245.0,664.0
1.0,12746.0,2921.0,2385.0,136.0,0.0,0.0,1670.0,715.0,1904.0,1017.0
1.0,9961.0,3470.0,2415.0,0.0,3169.0,3169.0,1688.0,727.0,2380.0,1090.0
1.0,6491.0,2996.0,2444.0,0.0,6281.0,6281.0,1708.0,736.0,2192.0,804.0
1.0,3495.0,1973.0,2444.0,3169.0,5085.0,5085.0,1712.0,732.0,1522.0,451.0
1.0,4691.0,1435.0,2416.0,6281.0,127.0,127.0,1696.0,720.0,1051.0,384.0
1.0,9537.0,1885.0,2388.0,5085.0,0.0,0.0,1676.0,712.0,1225.0,660.0
1.0,12737.0,2891.0,2388.0,127.0,0.0,0.0,1672.0,716.0,1881.0,1010.0
1.0,9973.0,3439.0,2417.0,0.0,3134.0,3134.0,1689.0,728.0,2355.0,1084.0
1.0,6534.0,2988.0,2447.0,0.0,6242.0,6242.0,1710.0,737.0,2181.0,807.0
1.0,3546.0,1966.0,2447.0,3134.0,5074.0,5074.0,1714.0,733.0,1511.0,455.0
1.0,4714.0,1426.0,2419.0,6242.0,146.0,146.0,1698.0,721.0,1045.0,381.0
1.0,9530.0,1885.0,2391.0,5074.0,0.0,0.0,1678.0,713.0,1229.0,656.0
1.0,12719.0,2895.0,2392.0,146.0,0.0,0.0,1674.0,718.0,1886.0,1009.0
1.0,9970.0,3433.0,2421.0,0.0,3147.0,3147.0,1691.0,730.0,2350.0,1083.0
1.0,6537.0,2926.0,2449.0,0.0,6185.0,6185.0,1711.0,738.0,2130.0,796.0
1.0,3611.0,1912.0,2448.0,3147.0,4946.0,4946.0,1714.0,734.0,1472.0,440.0
1.0,4846.0,1411.0,2419.0,6185.0,56.0,56.0,1697.0,722.0,1033.0,378.0
1.0,9620.0,1921.0,2393.0,4946.0,0.0,0.0,1678.0,715.0,1251.0,670.0
1.0,12645.0,2927.0,2396.0,56.0,0.0,0.0,1676.0,720.0,1904.0,1023.0
1.0,9774.0,3436.0,2425.0,0.0,3362.0,3362.0,1693.0,732.0,2354.0,1082.0
1.0,6338.0,2932.0,2454.0,0.0,6410.0,6410.0,1714.0,740.0,2135.0,797.0
1.0,3406.0,1908.0,2453.0,3362.0,4952.0,4952.0,1717.0,736.0,1468.0,440.0
1.0,4860.0,1404.0,2425.0,6410.0,0.0,0.0,1701.0,724.0,1035.0,369.0
1.0,9866.0,1905.0,2398.0,4952.0,0.0,0.0,1681.0,717.0,1254.0,651.0
1.0,12913.0,2914.0,2401.0,0.0,0.0,0.0,1679.0,722.0,1901.0,1013.0
1.0,9999.0,3458.0,2431.0,0.0,3183.0,3183.0,1697.0,734.0,2375.0,1083.0
1.0,6541.0,2988.0,2460.0,0.0,6287.0,6287.0,1718.0,742.0,2184.0,804.0
1.0,3553.0,1944.0,2461.0,3183.0,5052.0,5052.0,1723.0,738.0,1499.0,445.0
1.0,4792.0,1406.0,2432.0,6287.0,55.0,55.0,1706.0,726.0,1032.0,374.0
1.0,9673.0,1897.0,2404.0,5052.0,0.0,0.0,1686.0,718.0,1245.0,652.0
1.0,12828.0,2922.0,2405.0,55.0,0.0,0.0,1683.0,722.0,1922.0,1000.0
1.0,9961.0,3476.0,2435.0,0.0,3255.0,3255.0,1701.0,734.0,2392.0,1084.0
1.0,6485.0,3006.0,2466.0,0.0,6385.0,6385.0,1723.0,743.0,2194.0,812.0
1.0,3479.0,1992.0,2467.0,3255.0,5126.0,5126.0,1728.0,739.0,1536.0,456.0
1.0,4742.0,1446.0,2440.0,6385.0,79.0,79.0,1713.0,727.0,1069.0,377.0
1.0,9681.0,1910.0,2412.0,5126.0,0.0,0.0,1693.0,719.0,1261.0,649.0
1.0,12897.0,2943.0,2413.0,79.0,0.0,0.0,1689.0,724.0,1929.0,1014.0
1.0,10033.0,3504.0,2442.0,0.0,3239.0,3239.0,1706.0,736.0,2405.0,1099.0
1.0,6529.0,3020.0,2471.0,0.0,6375.0,6375.0,1727.0,744.0,2203.0,817.0
1.0,3509.0,1967.0,2471.0,3239.0,5103.0,5103.0,1731.0,740.0,1520.0,447.0
1.0,4781.0,1412.0,2443.0,6375.0,28.0,28.0,1715.0,728.0,1043.0,369.0
1.0,9744.0,1904.0,2414.0,5103.0,0.0,0.0,1694.0,720.0,1243.0,661.0
1.0,12943.0,2949.0,2413.0,28.0,0.0,0.0,1689.0,724.0,1916.0,1033.0
1.0,10022.0,3512.0,2443.0,0.0,3262.0,3262.0,1706.0,737.0,2406.0,1106.0
1.0,6510.0,3048.0,2473.0,0.0,6430.0,6430.0,1728.0,745.0,2234.0,814.0
1.0,3462.0,2013.0,2474.0,3262.0,5185.0,5185.0,1733.0,741.0,1561.0,452.0
1.0,4711.0,1425.0,2446.0,6430.0,68.0,68.0,1717.0,729.0,1047.0,378.0
1.0,9716.0,1865.0,2415.0,5185.0,0.0,0.0,1694.0,721.0,1192.0,673.0
1.0,13036.0,2908.0,2413.0,68.0,0.0,0.0,1688.0,725.0,1873.0,1035.0
1.0,10196.0,3516.0,2442.0,0.0,3088.0,3088.0,1705.0,737.0,2411.0,1105.0
1.0,6680.0,3062.0,2473.0,0.0,6274.0,6274.0,1728.0,745.0,2253.0,809.0
1.0,3618.0,2029.0,2475.0,3088.0,5223.0,5223.0,1734.0,741.0,1585.0,444.0
1.0,4677.0,1447.0,2447.0,6274.0,284.0,284.0,1718.0,729.0,1069.0,378.0
1.0,9504.0,1884.0,2417.0,5223.0,0.0,0.0,1696.0,721.0,1211.0,673.0
1.0,12843.0,2914.0,2415.0,284.0,0.0,0.0,1690.0,725.0,1884.0,1030.0
1.0,10213.0,3499.0,2445.0,0.0,3066.0,3066.0,1707.0,738.0,2396.0,1103.0
1.0,6714.0,3056.0,2476.0,0.0,6246.0,6246.0,1730.0,746.0,2244.0,812.0
1.0,3658.0,2029.0,2478.0,3066.0,5217.0,5217.0,1736.0,742.0,1580.0,449.0
1.0,4695.0,1435.0,2451.0,6246.0,298.0,298.0,1721.0,730.0,1063.0,372.0
1.0,9506.0,1893.0,2420.0,5217.0,0.0,0.0,1699.0,721.0,1239.0,654.0
1.0,12830.0,2942.0,2420.0,298.0,0.0,0.0,1694.0,726.0,1915.0,1027.0
1.0,10186.0,3496.0,2449.0,0.0,3106.0,3106.0,1711.0,738.0,2387.0,1109.0
1.0,6690.0,3017.0,2480.0,0.0,6247.0,6247.0,1733.0,747.0,2196.0,821.0
1.0,3673.0,2001.0,2482.0,3106.0,5150.0,5150.0,1739.0,743.0,1546.0,455.0
1.0,4778.0,1434.0,2454.0,6247.0,225.0,225.0,1723.0,731.0,1063.0,371.0
1.0,9591.0,1885.0,2424.0,5150.0,0.0,0.0,1702.0,722.0,1236.0,649.0
1.0,12856.0,2909.0,2423.0,225.0,0.0,0.0,1697.0,726.0,1896.0,1013.0
1.0,10172.0,3492.0,2454.0,0.0,3136.0,3136.0,1715.0,739.0,2386.0,1106.0
1.0,6680.0,3049.0,2486.0,0.0,6313.0,6313.0,1738.0,748.0,2221.0,828.0
1.0,3631.0,2034.0,2488.0,3136.0,5219.0,5219.0,1744.0,744.0,1569.0,465.0
1.0,4733.0,1447.0,2459.0,6313.0,237.0,237.0,1728.0,731.0,1076.0,371.0
1.0,9599.0,1877.0,2429.0,5219.0,0.0,0.0,1706.0,723.0,1230.0,647.0
1.0,12941.0,2904.0,2429.0,237.0,0.0,0.0,1702.0,727.0,1888.0,1016.0
1.0,10274.0,3477.0,2459.0,0.0,3039.0,3039.0,1719.0,740.0,2374.0,1103.0
1.0,6797.0,3034.0,2491.0,0.0,6201.0,6201.0,1742.0,749.0,2209.0,825.0
1.0,3763.0,2030.0,2492.0,3039.0,5196.0,5196.0,1747.0,745.0,1560.0,470.0
1.0,4772.0,1460.0,2465.0,6201.0,347.0,347.0,1732.0,733.0,1074.0,386.0
1.0,9513.0,1883.0,2434.0,5196.0,0.0,0.0,1709.0,725.0,1225.0,658.0
1.0,12826.0,2908.0,2433.0,347.0,0.0,0.0,1704.0,729.0,1887.0,1021.0
1.0,10265.0,3479.0,2463.0,0.0,3066.0,3066.0,1721.0,742.0,2377.0,1102.0
1.0,6786.0,3041.0,2494.0,0.0,6231.0,6231.0,1744.0,750.0,2221.0,820.0
1.0,3745.0,2049.0,2497.0,3066.0,5226.0,5226.0,1750.0,747.0,1577.0,472.0
1.0,4762.0,1459.0,2468.0,6231.0,338.0,338.0,1733.0,735.0,1069.0,390.0
1.0,9534.0,1884.0,2438.0,5226.0,0.0,0.0,1711.0,727.0,1220.0,664.0
1.0,12876.0,2896.0,2436.0,338.0,0.0,0.0,1705.0,731.0,1872.0,1024.0
1.0,10318.0,3479.0,2465.0,0.0,3021.0,3021.0,1721.0,744.0,2372.0,1107.0
1.0,6839.0,3052.0,2495.0,0.0,6193.0,6193.0,1743.0,752.0,2222.0,830.0
1.0,3787.0,2052.0,2498.0,3021.0,5236.0,5236.0,1749.0,749.0,1571.0,481.0
1.0,4756.0,1470.0,2469.0,6193.0,397.0,397.0,1732.0,737.0,1065.0,405.0
1.0,9479.0,1887.0,2438.0,5236.0,0.0,0.0,1709.0,729.0,1216.0,671.0
1.0,12828.0,2907.0,2436.0,397.0,0.0,0.0,1703.0,733.0,1885.0,1022.0
1.0,10318.0,3525.0,2467.0,0.0,3075.0,3075.0,1721.0,746.0,2418.0,1107.0
1.0,6793.0,3121.0,2499.0,0.0,6324.0,6324.0,1744.0,755.0,2276.0,845.0
1.0,3672.0,2100.0,2503.0,3075.0,5365.0,5365.0,1751.0,752.0,1606.0,494.0
1.0,4647.0,1490.0,2475.0,6324.0,419.0,419.0,1735.0,740.0,1090.0,400.0
1.0,9481.0,1892.0,2444.0,5365.0,0.0,0.0,1713.0,731.0,1235.0,657.0
1.0,12954.0,2910.0,2441.0,419.0,0.0,0.0,1706.0,735.0,1892.0,1018.0
1.0,10463.0,3543.0,2471.0,0.0,2964.0,2964.0,1723.0,748.0,2422.0,1121.0
1.0,6920.0,3157.0,2504.0,0.0,6253.0,6253.0,1747.0,757.0,2302.0,855.0
1.0,3763.0,2138.0,2509.0,2964.0,5447.0,5447.0,1756.0,753.0,1650.0,488.0
1.0,4589.0,1518.0,2483.0,6253.0,608.0,608.0,1742.0,741.0,1128.0,390.0
1.0,9324.0,1920.0,2452.0,5447.0,0.0,0.0,1720.0,732.0,1269.0,651.0
1.0,12851.0,2942.0,2449.0,608.0,0.0,0.0,1713.0,736.0,1929.0,1013.0
1.0,10517.0,3546.0,2479.0,0.0,2945.0,2945.0,1730.0,749.0,2432.0,1114.0
1.0,6971.0,3145.0,2511.0,0.0,6218.0,6218.0,1753.0,758.0,2294.0,851.0
1.0,3826.0,2118.0,2516.0,2945.0,5411.0,5411.0,1761.0,755.0,1626.0,492.0
1.0,4653.0,1494.0,2488.0,6218.0,575.0,575.0,1746.0,742.0,1102.0,392.0
1.0,9377.0,1898.0,2458.0,5411.0,0.0,0.0,1724.0,734.0,1247.0,651.0
1.0,12890.0,2921.0,2456.0,575.0,0.0,0.0,1718.0,738.0,1909.0,1012.0
1.0,10544.0,3543.0,2484.0,0.0,2935.0,2935.0,1734.0,750.0,2425.0,1118.0
1.0,7001.0,3129.0,2517.0,0.0,6196.0,6196.0,1757.0,760.0,2277.0,852.0
1.0,3872.0,2090.0,2520.0,2935.0,5363.0,5363.0,1764.0,756.0,1612.0,478.0
1.0,4717.0,1468.0,2493.0,6196.0,527.0,527.0,1749.0,744.0,1093.0,375.0
1.0,9445.0,1879.0,2461.0,5363.0,0.0,0.0,1726.0,735.0,1236.0,643.0
1.0,12929.0,2914.0,2460.0,527.0,0.0,0.0,1721.0,739.0,1900.0,1014.0
1.0,10542.0,3508.0,2488.0,0.0,2918.0,2918.0,1737.0,751.0,2392.0,1116.0
1.0,7034.0,3080.0,2519.0,0.0,6122.0,6122.0,1759.0,760.0,2233.0,847.0
1.0,3954.0,2052.0,2523.0,2918.0,5272.0,5272.0,1766.0,757.0,1578.0,474.0
1.0,4820.0,1434.0,2495.0,6122.0,472.0,472.0,1750.0,745.0,1063.0,371.0
1.0,9508.0,1850.0,2464.0,5272.0,0.0,0.0,1728.0,736.0,1215.0,635.0
1.0,12930.0,2889.0,2460.0,472.0,0.0,0.0,1721.0,739.0,1882.0,1007.0
1.0,10513.0,3507.0,2489.0,0.0,2950.0,2950.0,1737.0,752.0,2392.0,1115.0
1.0,7006.0,3093.0,2520.0,0.0,6167.0,6167.0,1759.0,761.0,2238.0,855.0
1.0,3913.0,2061.0,2524.0,2950.0,5294.0,5294.0,1766.0,758.0,1568.0,493.0
1.0,4802.0,1426.0,2496.0,6167.0,441.0,441.0,1750.0,746.0,1053.0,373.0
1.0,9543.0,1836.0,2463.0,5294.0,0.0,0.0,1727.0,736.0,1218.0,618.0
1.0,13001.0,2874.0,2460.0,441.0,0.0,0.0,1721.0,739.0,1886.0,988.0
1.0,10568.0,3506.0,2489.0,0.0,2894.0,2894.0,1737.0,752.0,2389.0,1117.0
1.0,7062.0,3119.0,2521.0,0.0,6141.0,6141.0,1760.0,761.0,2242.0,877.0
1.0,3943.0,2109.0,2525.0,2894.0,5372.0,5372.0,1767.0,758.0,1607.0,502.0
1.0,4728.0,1473.0,2498.0,6141.0,596.0,596.0,1752.0,746.0,1101.0,372.0
1.0,9396.0,1847.0,2466.0,5372.0,0.0,0.0,1730.0,736.0,1231.0,616.0
1.0,12921.0,2854.0,2463.0,596.0,0.0,0.0,1723.0,740.0,1859.0,995.0
1.0,10663.0,3510.0,2490.0,0.0,2807.0,2807.0,1738.0,752.0,2377.0,1133.0
1.0,7153.0,3179.0,2524.0,0.0,6122.0,6122.0,1762.0,762.0,2283.0,896.0
1.0,3974.0,2190.0,2530.0,2807.0,5529.0,5529.0,1770.0,760.0,1667.0,523.0
1.0,4591.0,1549.0,2503.0,6122.0,848.0,848.0,1756.0,747.0,1162.0,387.0
1.0,9164.0,1878.0,2473.0,5529.0,0.0,0.0,1735.0,738.0,1259.0,619.0
1.0,12815.0,2840.0,2469.0,848.0,0.0,0.0,1728.0,741.0,1860.0,980.0
1.0,10823.0,3478.0,2496.0,0.0,2639.0,2639.0,1743.0,753.0,2359.0,1119.0
1.0,7345.0,3160.0,2529.0,0.0,5931.0,5931.0,1766.0,763.0,2256.0,904.0
1.0,4185.0,2201.0,2535.0,2639.0,5517.0,5517.0,1775.0,760.0,1652.0,549.0
1.0,4623.0,1566.0,2509.0,5931.0,1048.0,1048.0,1761.0,748.0,1163.0,403.0
1.0,8988.0,1925.0,2478.0,5517.0,0.0,0.0,1739.0,739.0,1310.0,615.0
1.0,12580.0,2920.0,2474.0,1048.0,0.0,0.0,1733.0,741.0,1943.0,977.0
1.0,10708.0,3544.0,2503.0,0.0,2848.0,2848.0,1749.0,754.0,2419.0,1125.0
1.0,7164.0,3175.0,2534.0,0.0,6147.0,6147.0,1771.0,763.0,2260.0,915.0
1.0,3989.0,2198.0,2541.0,2848.0,5525.0,5525.0,1779.0,762.0,1641.0,557.0
1.0,4639.0,1592.0,2515.0,6147.0,866.0,866.0,1765.0,750.0,1179.0,413.0
1.0,9194.0,1943.0,2484.0,5525.0,0.0,0.0,1744.0,740.0,1317.0,626.0
1.0,12776.0,2901.0,2480.0,866.0,0.0,0.0,1737.0,743.0,1918.0,983.0
1.0,10741.0,3500.0,2506.0,0.0,2783.0,2783.0,1751.0,755.0,2376.0,1124.0
1.0,7241.0,3150.0,2537.0,0.0,6057.0,6057.0,1772.0,765.0,2238.0,912.0
1.0,4091.0,2214.0,2542.0,2783.0,5508.0,5508.0,1779.0,763.0,1653.0,561.0
1.0,4660.0,1608.0,2517.0,6057.0,959.0,959.0,1765.0,752.0,1192.0,416.0
1.0,9109.0,1939.0,2487.0,5508.0,0.0,0.0,1744.0,743.0,1314.0,625.0
1.0,12678.0,2871.0,2481.0,959.0,0.0,0.0,1736.0,745.0,1889.0,982.0
1.0,10766.0,3465.0,2506.0,0.0,2723.0,2723.0,1749.0,757.0,2334.0,1131.0
1.0,7301.0,3152.0,2538.0,0.0,6003.0,6003.0,1771.0,767.0,2233.0,919.0
1.0,4149.0,2222.0,2545.0,2723.0,5530.0,5530.0,1779.0,766.0,1665.0,557.0
1.0,4650.0,1599.0,2520.0,6003.0,1026.0,1026.0,1766.0,754.0,1198.0,401.0
1.0,9054.0,1927.0,2488.0,5530.0,0.0,0.0,1744.0,744.0,1313.0,614.0
1.0,12657.0,2878.0,2484.0,1026.0,0.0,0.0,1737.0,747.0,1902.0,976.0
1.0,10805.0,3481.0,2510.0,0.0,2716.0,2716.0,1751.0,759.0,2355.0,1126.0
1.0,7324.0,3147.0,2542.0,0.0,5991.0,5991.0,1773.0,769.0,2230.0,917.0
1.0,4177.0,2224.0,2549.0,2716.0,5527.0,5527.0,1781.0,768.0,1669.0,555.0
1.0,4669.0,1620.0,2524.0,5991.0,1056.0,1056.0,1768.0,756.0,1225.0,395.0
1.0,9040.0,1912.0,2494.0,5527.0,0.0,0.0,1748.0,746.0,1319.0,593.0
1.0,12655.0,2829.0,2489.0,1056.0,0.0,0.0,1741.0,748.0,1875.0,954.0
1.0,10882.0,3441.0,2515.0,0.0,2619.0,2619.0,1755.0,760.0,2321.0,1120.0
1.0,7441.0,3145.0,2548.0,0.0,5896.0,5896.0,1777.0,771.0,2219.0,926.0
1.0,4296.0,2230.0,2556.0,2619.0,5539.0,5539.0,1786.0,770.0,1668.0,562.0
1.0,4685.0,1613.0,2531.0,5896.0,1156.0,1156.0,1773.0,758.0,1216.0,397.0
1.0,8968.0,1896.0,2500.0,5539.0,0.0,0.0,1752.0,748.0,1307.0,589.0
1.0,12611.0,2803.0,2494.0,1156.0,0.0,0.0,1745.0,749.0,1857.0,946.0
1.0,10964.0,3453.0,2522.0,0.0,2577.0,2577.0,1760.0,762.0,2334.0,1119.0
1.0,7511.0,3177.0,2555.0,0.0,5886.0,5886.0,1783.0,772.0,2256.0,921.0
1.0,4334.0,2261.0,2563.0,2577.0,5602.0,5602.0,1792.0,771.0,1700.0,561.0
1.0,4650.0,1612.0,2539.0,5886.0,1232.0,1232.0,1779.0,760.0,1218.0,394.0
1.0,8924.0,1887.0,2507.0,5602.0,0.0,0.0,1758.0,749.0,1301.0,586.0
1.0,12639.0,2806.0,2502.0,1232.0,0.0,0.0,1751.0,751.0,1861.0,945.0
1.0,11065.0,3438.0,2527.0,0.0,2481.0,2481.0,1765.0,762.0,2330.0,1108.0
1.0,7627.0,3160.0,2560.0,0.0,5773.0,5773.0,1787.0,773.0,2238.0,922.0
1.0,4467.0,2261.0,2568.0,2481.0,5585.0,5585.0,1796.0,772.0,1682.0,579.0
1.0,4687.0,1628.0,2544.0,5773.0,1344.0,1344.0,1783.0,761.0,1216.0,412.0
1.0,8832.0,1915.0,2514.0,5585.0,0.0,0.0,1763.0,751.0,1322.0,593.0
1.0,12502.0,2837.0,2506.0,1344.0,0.0,0.0,1755.0,751.0,1894.0,943.0
1.0,11009.0,3463.0,2532.0,0.0,2582.0,2582.0,1769.0,763.0,2358.0,1105.0
1.0,7546.0,3128.0,2562.0,0.0,5830.0,5830.0,1789.0,773.0,2214.0,914.0
1.0,4418.0,2205.0,2568.0,2582.0,5477.0,5477.0,1796.0,772.0,1636.0,569.0
1.0,4795.0,1621.0,2545.0,5830.0,1176.0,1176.0,1784.0,761.0,1198.0,423.0
1.0,9004.0,1937.0,2515.0,5477.0,0.0,0.0,1763.0,752.0,1316.0,621.0
1.0,12544.0,2863.0,2510.0,1176.0,0.0,0.0,1757.0,753.0,1900.0,963.0
1.0,10857.0,3481.0,2533.0,0.0,2756.0,2756.0,1770.0,763.0,2374.0,1107.0
1.0,7376.0,3183.0,2565.0,0.0,6067.0,6067.0,1792.0,773.0,2264.0,919.0
1.0,4193.0,2262.0,2572.0,2756.0,5601.0,5601.0,1799.0,773.0,1677.0,585.0
1.0,4687.0,1639.0,2546.0,6067.0,1069.0,1069.0,1784.0,762.0,1203.0,436.0
1.0,9115.0,1947.0,2516.0,5601.0,0.0,0.0,1763.0,753.0,1321.0,626.0
1.0,12769.0,2874.0,2511.0,1069.0,0.0,0.0,1757.0,754.0,1909.0,965.0
1.0,10964.0,3502.0,2536.0,0.0,2682.0,2682.0,1771.0,765.0,2383.0,1119.0
1.0,7462.0,3191.0,2566.0,0.0,5993.0,5993.0,1792.0,774.0,2267.0,924.0
1.0,4271.0,2287.0,2573.0,2682.0,5626.0,5626.0,1799.0,774.0,1701.0,586.0
1.0,4666.0,1682.0,2549.0,5993.0,1219.0,1219.0,1786.0,763.0,1242.0,440.0
1.0,8977.0,1969.0,2520.0,5626.0,0.0,0.0,1766.0,754.0,1340.0,629.0
1.0,12634.0,2868.0,2515.0,1219.0,0.0,0.0,1760.0,755.0,1898.0,970.0
1.0,10985.0,3490.0,2540.0,0.0,2665.0,2665.0,1774.0,766.0,2369.0,1121.0
1.0,7495.0,3223.0,2570.0,0.0,6008.0,6008.0,1795.0,775.0,2289.0,934.0
1.0,4272.0,2316.0,2578.0,2665.0,5691.0,5691.0,1803.0,775.0,1726.0,590.0
1.0,4621.0,1664.0,2554.0,6008.0,1251.0,1251.0,1790.0,764.0,1233.0,431.0
1.0,8965.0,1928.0,2524.0,5691.0,0.0,0.0,1770.0,754.0,1310.0,618.0
1.0,12728.0,2866.0,2519.0,1251.0,0.0,0.0,1764.0,755.0,1903.0,963.0
1.0,11113.0,3551.0,2544.0,0.0,2614.0,2614.0,1778.0,766.0,2420.0,1131.0
1.0,7562.0,3281.0,2577.0,0.0,6027.0,6027.0,1800.0,777.0,2342.0,939.0
1.0,4281.0,2310.0,2584.0,2614.0,5751.0,5751.0,1808.0,776.0,1728.0,582.0
1.0,4585.0,1614.0,2560.0,6027.0,1242.0,1242.0,1795.0,765.0,1194.0,420.0
1.0,8998.0,1879.0,2529.0,5751.0,0.0,0.0,1774.0,755.0,1267.0,612.0
1.0,12870.0,2843.0,2524.0,1242.0,0.0,0.0,1767.0,757.0,1864.0,979.0
1.0,11269.0,3551.0,2549.0,0.0,2478.0,2478.0,1781.0,768.0,2409.0,1142.0
1.0,7718.0,3279.0,2581.0,0.0,5885.0,5885.0,1803.0,778.0,2352.0,927.0
1.0,4439.0,2293.0,2588.0,2478.0,5728.0,5728.0,1811.0,777.0,1740.0,553.0
1.0,4624.0,1576.0,2564.0,5885.0,1323.0,1323.0,1797.0,767.0,1176.0,400.0
1.0,8933.0,1855.0,2534.0,5728.0,0.0,0.0,1777.0,757.0,1239.0,616.0
1.0,12806.0,2830.0,2527.0,1323.0,0.0,0.0,1769.0,758.0,1847.0,983.0
1.0,11299.0,3541.0,2553.0,0.0,2454.0,2454.0,1784.0,769.0,2404.0,1137.0
1.0,7758.0,3256.0,2584.0,0.0,5834.0,5834.0,1805.0,779.0,2328.0,928.0
1.0,4502.0,2287.0,2592.0,2454.0,5699.0,5699.0,1813.0,779.0,1729.0,558.0
1.0,4669.0,1577.0,2568.0,5834.0,1346.0,1346.0,1800.0,768.0,1182.0,395.0
1.0,8926.0,1815.0,2536.0,5699.0,0.0,0.0,1778.0,758.0,1211.0,604.0
1.0,12810.0,2792.0,2529.0,1346.0,0.0,0.0,1770.0,759.0,1816.0,976.0
1.0,11364.0,3541.0,2553.0,0.0,2389.0,2389.0,1783.0,770.0,2397.0,1144.0
1.0,7823.0,3289.0,2586.0,0.0,5810.0,5810.0,1805.0,781.0,2355.0,934.0
1.0,4534.0,2327.0,2595.0,2389.0,5784.0,5784.0,1814.0,781.0,1753.0,574.0
1.0,4596.0,1610.0,2571.0,5810.0,1488.0,1488.0,1801.0,770.0,1199.0,411.0
1.0,8796.0,1830.0,2541.0,5784.0,0.0,0.0,1780.0,761.0,1234.0,596.0
1.0,12750.0,2770.0,2533.0,1488.0,0.0,0.0,1772.0,761.0,1822.0,948.0
1.0,11468.0,3503.0,2557.0,0.0,2263.0,2263.0,1786.0,771.0,2385.0,1118.0
1.0,7965.0,3298.0,2590.0,0.0,5693.0,5693.0,1808.0,782.0,2358.0,940.0
1.0,4667.0,2363.0,2598.0,2263.0,5825.0,5825.0,1816.0,782.0,1771.0,592.0
1.0,4567.0,1624.0,2574.0,5693.0,1660.0,1660.0,1803.0,771.0,1204.0,420.0
1.0,8636.0,1826.0,2543.0,5825.0,0.0,0.0,1781.0,762.0,1228.0,598.0
1.0,12635.0,2779.0,2536.0,1660.0,0.0,0.0,1774.0,762.0,1830.0,949.0
1.0,11516.0,3552.0,2562.0,0.0,2284.0,2284.0,1789.0,773.0,2423.0,1129.0
1.0,7964.0,3353.0,2595.0,0.0,5769.0,5769.0,1812.0,783.0,2401.0,952.0
1.0,4611.0,2389.0,2604.0,2284.0,5910.0,5910.0,1821.0,783.0,1790.0,599.0
1.0,4506.0,1651.0,2580.0,5769.0,1696.0,1696.0,1808.0,772.0,1230.0,421.0
1.0,8624.0,1854.0,2550.0,5910.0,0.0,0.0,1787.0,763.0,1256.0,598.0
1.0,12680.0,2818.0,2542.0,1696.0,0.0,0.0,1779.0,763.0,1869.0,949.0
1.0,11558.0,3578.0,2568.0,0.0,2292.0,2292.0,1794.0,774.0,2445.0,1133.0
1.0,7980.0,3371.0,2601.0,0.0,5795.0,5795.0,1817.0,784.0,2400.0,971.0
1.0,4609.0,2402.0,2610.0,2292.0,5941.0,5941.0,1826.0,784.0,1786.0,616.0
1.0,4499.0,1651.0,2587.0,5795.0,1705.0,1705.0,1813.0,774.0,1227.0,424.0
1.0,8643.0,1868.0,2555.0,5941.0,0.0,0.0,1792.0,763.0,1285.0,583.0
1.0,12716.0,2835.0,2549.0,1705.0,0.0,0.0,1785.0,764.0,1896.0,939.0
1.0,11586.0,3601.0,2573.0,0.0,2307.0,2307.0,1799.0,774.0,2462.0,1139.0
1.0,7985.0,3397.0,2607.0,0.0,5840.0,5840.0,1822.0,785.0,2414.0,983.0
1.0,4588.0,2422.0,2615.0,2307.0,5987.0,5987.0,1831.0,784.0,1799.0,623.0
1.0,4473.0,1663.0,2592.0,5840.0,1718.0,1718.0,1818.0,774.0,1235.0,428.0
1.0,8650.0,1881.0,2561.0,5987.0,0.0,0.0,1797.0,764.0,1288.0,593.0
1.0,12756.0,2838.0,2554.0,1718.0,0.0,0.0,1790.0,764.0,1900.0,938.0
1.0,11636.0,3574.0,2578.0,0.0,2250.0,2250.0,1804.0,774.0,2449.0,1125.0
1.0,8062.0,3359.0,2611.0,0.0,5741.0,5741.0,1826.0,785.0,2388.0,971.0
1.0,4703.0,2404.0,2620.0,2250.0,5931.0,5931.0,1835.0,785.0,1781.0,623.0
1.0,4549.0,1645.0,2596.0,5741.0,1739.0,1739.0,1821.0,775.0,1209.0,436.0
1.0,8645.0,1861.0,2563.0,5931.0,0.0,0.0,1799.0,764.0,1268.0,593.0
1.0,12715.0,2827.0,2555.0,1739.0,0.0,0.0,1791.0,764.0,1891.0,936.0
1.0,11627.0,3569.0,2579.0,0.0,2258.0,2258.0,1804.0,775.0,2441.0,1128.0
1.0,8058.0,3325.0,2612.0,0.0,5715.0,5715.0,1827.0,785.0,2352.0,973.0
1.0,4733.0,2354.0,2622.0,2258.0,5851.0,5851.0,1836.0,786.0,1729.0,625.0
1.0,4637.0,1623.0,2598.0,5715.0,1663.0,1663.0,1823.0,775.0,1192.0,431.0
1.0,8729.0,1867.0,2565.0,5851.0,0.0,0.0,1801.0,764.0,1280.0,587.0
1.0,12713.0,2820.0,2557.0,1663.0,0.0,0.0,1792.0,765.0,1881.0,939.0
1.0,11556.0,3551.0,2581.0,0.0,2319.0,2319.0,1805.0,776.0,2417.0,1134.0
1.0,8005.0,3338.0,2615.0,0.0,5793.0,5793.0,1828.0,787.0,2364.0,974.0
1.0,4667.0,2364.0,2624.0,2319.0,5874.0,5874.0,1837.0,787.0,1745.0,619.0
1.0,4622.0,1614.0,2601.0,5793.0,1603.0,1603.0,1825.0,776.0,1179.0,435.0
1.0,8801.0,1853.0,2569.0,5874.0,0.0,0.0,1803.0,766.0,1263.0,590.0
1.0,12822.0,2841.0,2560.0,1603.0,0.0,0.0,1794.0,766.0,1902.0,939.0
1.0,11584.0,3584.0,2585.0,0.0,2340.0,2340.0,1808.0,777.0,2455.0,1129.0
1.0,8000.0,3353.0,2619.0,0.0,5829.0,5829.0,1831.0,788.0,2375.0,978.0
1.0,4647.0,2367.0,2630.0,2340.0,5900.0,5900.0,1841.0,789.0,1735.0,632.0
1.0,4620.0,1602.0,2607.0,5829.0,1581.0,1581.0,1829.0,778.0,1168.0,434.0
1.0,8847.0,1863.0,2575.0,5900.0,0.0,0.0,1807.0,768.0,1268.0,595.0
1.0,12884.0,2852.0,2567.0,1581.0,0.0,0.0,1799.0,768.0,1911.0,941.0
1.0,11613.0,3592.0,2591.0,0.0,2343.0,2343.0,1813.0,778.0,2473.0,1119.0
1.0,8021.0,3342.0,2624.0,0.0,5817.0,5817.0,1835.0,789.0,2377.0,965.0
1.0,4679.0,2335.0,2634.0,2343.0,5849.0,5849.0,1844.0,790.0,1712.0,623.0
1.0,4687.0,1623.0,2612.0,5817.0,1567.0,1567.0,1832.0,780.0,1177.0,446.0
1.0,8881.0,1904.0,2581.0,5849.0,0.0,0.0,1811.0,770.0,1299.0,605.0
1.0,12826.0,2887.0,2573.0,1567.0,0.0,0.0,1803.0,770.0,1944.0,943.0
1.0,11506.0,3627.0,2597.0,0.0,2509.0,2509.0,1817.0,780.0,2500.0,1127.0
1.0,7879.0,3372.0,2631.0,0.0,6017.0,6017.0,1840.0,791.0,2408.0,964.0
1.0,4507.0,2365.0,2641.0,2509.0,5913.0,5913.0,1850.0,791.0,1741.0,624.0
1.0,4651.0,1606.0,2619.0,6017.0,1414.0,1414.0,1837.0,782.0,1167.0,439.0
1.0,9062.0,1884.0,2587.0,5913.0,0.0,0.0,1815.0,772.0,1272.0,612.0
1.0,13091.0,2906.0,2579.0,1414.0,0.0,0.0,1807.0,772.0,1945.0,961.0
1.0,11599.0,3640.0,2602.0,0.0,2449.0,2449.0,1820.0,782.0,2510.0,1130.0
1.0,7959.0,3362.0,2635.0,0.0,5943.0,5943.0,1843.0,792.0,2406.0,956.0
1.0,4597.0,2360.0,2645.0,2449.0,5894.0,5894.0,1852.0,793.0,1740.0,620.0
1.0,4686.0,1611.0,2622.0,5943.0,1470.0,1470.0,1839.0,783.0,1155.0,456.0
1.0,9018.0,1885.0,2589.0,5894.0,0.0,0.0,1816.0,773.0,1258.0,627.0
1.0,13027.0,2915.0,2580.0,1470.0,0.0,0.0,1807.0,773.0,1951.0,964.0
1.0,11582.0,3655.0,2604.0,0.0,2489.0,2489.0,1821.0,783.0,2528.0,1127.0
1.0,7927.0,3377.0,2637.0,0.0,5998.0,5998.0,1844.0,793.0,2422.0,955.0
1.0,4550.0,2365.0,2647.0,2489.0,5914.0,5914.0,1853.0,794.0,1746.0,619.0
1.0,4674.0,1622.0,2624.0,5998.0,1446.0,1446.0,1839.0,785.0,1165.0,457.0
1.0,9050.0,1882.0,2591.0,5914.0,0.0,0.0,1816.0,775.0,1254.0,628.0
1.0,13082.0,2898.0,2582.0,1446.0,0.0,0.0,1807.0,775.0,1926.0,972.0
1.0,11630.0,3663.0,2605.0,0.0,2453.0,2453.0,1820.0,785.0,2521.0,1142.0
1.0,7967.0,3421.0,2639.0,0.0,6010.0,6010.0,1844.0,795.0,2456.0,965.0
1.0,4546.0,2421.0,2649.0,2453.0,6018.0,6018.0,1854.0,795.0,1807.0,614.0
1.0,4578.0,1638.0,2626.0,6010.0,1554.0,1554.0,1840.0,786.0,1191.0,447.0
1.0,8950.0,1851.0,2593.0,6018.0,0.0,0.0,1817.0,776.0,1229.0,622.0
1.0,13117.0,2854.0,2583.0,1554.0,0.0,0.0,1807.0,776.0,1892.0,962.0
1.0,11817.0,3666.0,2608.0,0.0,2281.0,2281.0,1822.0,786.0,2528.0,1138.0
1.0,8151.0,3444.0,2642.0,0.0,5861.0,5861.0,1846.0,796.0,2485.0,959.0
1.0,4707.0,2438.0,2654.0,2281.0,6066.0,6066.0,1857.0,797.0,1821.0,617.0
1.0,4550.0,1635.0,2630.0,5861.0,1744.0,1744.0,1843.0,787.0,1184.0,451.0
1.0,8776.0,1828.0,2598.0,6066.0,0.0,0.0,1820.0,778.0,1209.0,619.0
1.0,13014.0,2831.0,2587.0,1744.0,0.0,0.0,1810.0,777.0,1873.0,958.0
1.0,11927.0,3650.0,2613.0,0.0,2175.0,2175.0,1826.0,787.0,2527.0,1123.0
1.0,8277.0,3469.0,2648.0,0.0,5784.0,5784.0,1851.0,797.0,2516.0,953.0
1.0,4808.0,2459.0,2659.0,2175.0,6112.0,6112.0,1862.0,797.0,1842.0,617.0
1.0,4524.0,1633.0,2636.0,5784.0,1869.0,1869.0,1848.0,788.0,1178.0,455.0
1.0,8675.0,1812.0,2603.0,6112.0,0.0,0.0,1825.0,778.0,1191.0,621.0
1.0,12975.0,2795.0,2592.0,1869.0,0.0,0.0,1815.0,777.0,1860.0,935.0
1.0,12049.0,3623.0,2617.0,0.0,2042.0,2042.0,1830.0,787.0,2514.0,1109.0
1.0,8426.0,3472.0,2653.0,0.0,5658.0,5658.0,1856.0,797.0,2512.0,960.0
1.0,4954.0,2480.0,2665.0,2042.0,6144.0,6144.0,1867.0,798.0,1838.0,642.0
1.0,4516.0,1620.0,2641.0,5658.0,2010.0,2010.0,1852.0,789.0,1151.0,469.0
1.0,8554.0,1779.0,2606.0,6144.0,0.0,0.0,1827.0,779.0,1163.0,616.0
1.0,12919.0,2798.0,2596.0,2010.0,0.0,0.0,1818.0,778.0,1864.0,934.0
1.0,12131.0,3639.0,2620.0,0.0,1988.0,1988.0,1833.0,787.0,2538.0,1101.0
1.0,8492.0,3472.0,2656.0,0.0,5604.0,5604.0,1859.0,797.0,2519.0,953.0
1.0,5020.0,2452.0,2668.0,1988.0,6116.0,6116.0,1870.0,798.0,1819.0,633.0
1.0,4556.0,1615.0,2644.0,5604.0,2031.0,2031.0,1855.0,789.0,1148.0,467.0
1.0,8545.0,1770.0,2608.0,6116.0,0.0,0.0,1829.0,779.0,1144.0,626.0
1.0,12891.0,2769.0,2598.0,2031.0,0.0,0.0,1819.0,779.0,1823.0,946.0
1.0,12153.0,3643.0,2623.0,0.0,1982.0,1982.0,1834.0,789.0,2522.0,1121.0
1.0,8510.0,3499.0,2659.0,0.0,5625.0,5625.0,1860.0,799.0,2532.0,967.0
1.0,5011.0,2492.0,2670.0,1982.0,6179.0,6179.0,1871.0,799.0,1850.0,642.0
1.0,4501.0,1627.0,2646.0,5625.0,2085.0,2085.0,1856.0,790.0,1155.0,472.0
1.0,8499.0,1771.0,2611.0,6179.0,0.0,0.0,1830.0,781.0,1145.0,626.0
1.0,12907.0,2787.0,2599.0,2085.0,0.0,0.0,1819.0,780.0,1837.0,950.0
1.0,12205.0,3662.0,2624.0,0.0,1953.0,1953.0,1834.0,790.0,2544.0,1118.0
1.0,8543.0,3528.0,2661.0,0.0,5629.0,5629.0,1861.0,800.0,2556.0,972.0
1.0,5015.0,2513.0,2673.0,1953.0,6237.0,6237.0,1872.0,801.0,1863.0,650.0
1.0,4455.0,1643.0,2649.0,5629.0,2155.0,2155.0,1857.0,792.0,1164.0,479.0
1.0,8441.0,1804.0,2613.0,6237.0,0.0,0.0,1831.0,782.0,1170.0,634.0
1.0,12874.0,2816.0,2603.0,2155.0,0.0,0.0,1821.0,782.0,1863.0,953.0
1.0,12213.0,3680.0,2629.0,0.0,1983.0,1983.0,1837.0,792.0,2554.0,1126.0
1.0,8533.0,3549.0,2666.0,0.0,5680.0,5680.0,1864.0,802.0,2570.0,979.0
1.0,4984.0,2544.0,2678.0,1983.0,6289.0,6289.0,1876.0,802.0,1879.0,665.0
1.0,4423.0,1685.0,2654.0,5680.0,2198.0,2198.0,1861.0,793.0,1192.0,493.0
1.0,8418.0,1851.0,2620.0,6289.0,0.0,0.0,1836.0,784.0,1217.0,634.0
1.0,12856.0,2868.0,2610.0,2198.0,0.0,0.0,1826.0,784.0,1916.0,952.0
1.0,12186.0,3718.0,2636.0,0.0,2076.0,2076.0,1842.0,794.0,2591.0,1127.0
1.0,8468.0,3575.0,2674.0,0.0,5803.0,5803.0,1870.0,804.0,2591.0,984.0
1.0,4893.0,2561.0,2687.0,2076.0,6340.0,6340.0,1882.0,805.0,1887.0,674.0
1.0,4408.0,1688.0,2664.0,5803.0,2133.0,2133.0,1868.0,796.0,1193.0,495.0
1.0,8523.0,1844.0,2629.0,6340.0,0.0,0.0,1843.0,786.0,1211.0,633.0
1.0,13019.0,2857.0,2617.0,2133.0,0.0,0.0,1832.0,785.0,1915.0,942.0
1.0,12295.0,3730.0,2643.0,0.0,2007.0,2007.0,1848.0,795.0,2602.0,1128.0
1.0,8565.0,3558.0,2680.0,0.0,5713.0,5713.0,1874.0,806.0,2564.0,994.0
1.0,5007.0,2527.0,2693.0,2007.0,6285.0,6285.0,1886.0,807.0,1849.0,678.0
1.0,4487.0,1681.0,2670.0,5713.0,2161.0,2161.0,1872.0,798.0,1180.0,501.0
1.0,8519.0,1851.0,2635.0,6285.0,0.0,0.0,1847.0,788.0,1224.0,627.0
1.0,12953.0,2861.0,2624.0,2161.0,0.0,0.0,1836.0,788.0,1925.0,936.0
1.0,12253.0,3696.0,2648.0,0.0,2035.0,2035.0,1851.0,797.0,2586.0,1110.0
1.0,8557.0,3523.0,2684.0,0.0,5702.0,5702.0,1877.0,807.0,2535.0,988.0
1.0,5034.0,2521.0,2698.0,2035.0,6244.0,6244.0,1889.0,809.0,1845.0,676.0
1.0,4548.0,1668.0,2675.0,5702.0,2118.0,2118.0,1876.0,799.0,1186.0,482.0
1.0,8582.0,1819.0,2641.0,6244.0,0.0,0.0,1851.0,790.0,1204.0,615.0
1.0,13007.0,2806.0,2627.0,2118.0,0.0,0.0,1838.0,789.0,1875.0,931.0
1.0,12319.0,3654.0,2651.0,0.0,1939.0,1939.0,1852.0,799.0,2538.0,1116.0
1.0,8665.0,3511.0,2687.0,0.0,5594.0,5594.0,1878.0,809.0,2530.0,981.0
1.0,5154.0,2525.0,2701.0,1939.0,6236.0,6236.0,1891.0,810.0,1858.0,667.0
1.0,4568.0,1674.0,2679.0,5594.0,2228.0,2228.0,1878.0,801.0,1191.0,483.0
1.0,8488.0,1777.0,2644.0,6236.0,0.0,0.0,1852.0,792.0,1164.0,613.0
1.0,12947.0,2760.0,2630.0,2228.0,0.0,0.0,1839.0,791.0,1826.0,934.0
1.0,12415.0,3640.0,2652.0,0.0,1833.0,1833.0,1852.0,800.0,2521.0,1119.0
1.0,8775.0,3540.0,2689.0,0.0,5521.0,5521.0,1879.0,810.0,2559.0,981.0
1.0,5235.0,2545.0,2704.0,1833.0,6293.0,6293.0,1893.0,811.0,1890.0,655.0
1.0,4523.0,1640.0,2682.0,5521.0,2324.0,2324.0,1880.0,802.0,1175.0,465.0
1.0,8404.0,1737.0,2644.0,6293.0,0.0,0.0,1852.0,792.0,1132.0,605.0
1.0,12960.0,2761.0,2631.0,2324.0,0.0,0.0,1839.0,792.0,1826.0,935.0
1.0,12523.0,3682.0,2654.0,0.0,1775.0,1775.0,1853.0,801.0,2553.0,1129.0
1.0,8841.0,3578.0,2693.0,0.0,5509.0,5509.0,1881.0,812.0,2585.0,993.0
1.0,5263.0,2532.0,2707.0,1775.0,6322.0,6322.0,1895.0,812.0,1876.0,656.0
1.0,4506.0,1599.0,2685.0,5509.0,2324.0,2324.0,1882.0,803.0,1143.0,456.0
1.0,8416.0,1726.0,2648.0,6322.0,0.0,0.0,1855.0,793.0,1133.0,593.0
1.0,13012.0,2794.0,2634.0,2324.0,0.0,0.0,1842.0,792.0,1861.0,933.0
1.0,12542.0,3743.0,2658.0,0.0,1833.0,1833.0,1857.0,801.0,2605.0,1138.0
1.0,8799.0,3626.0,2697.0,0.0,5615.0,5615.0,1885.0,812.0,2623.0,1003.0
1.0,5173.0,2565.0,2712.0,1833.0,6407.0,6407.0,1900.0,812.0,1904.0,661.0
1.0,4441.0,1627.0,2690.0,5615.0,2331.0,2331.0,1887.0,803.0,1170.0,457.0
1.0,8429.0,1763.0,2653.0,6407.0,0.0,0.0,1860.0,793.0,1155.0,608.0
1.0,13073.0,2833.0,2640.0,2331.0,0.0,0.0,1847.0,793.0,1876.0,957.0
1.0,12571.0,3768.0,2664.0,0.0,1853.0,1853.0,1862.0,802.0,2620.0,1148.0
1.0,8803.0,3643.0,2702.0,0.0,5648.0,5648.0,1890.0,812.0,2644.0,999.0
1.0,5160.0,2563.0,2717.0,1853.0,6418.0,6418.0,1904.0,813.0,1900.0,663.0
1.0,4450.0,1635.0,2694.0,5648.0,2313.0,2313.0,1890.0,804.0,1156.0,479.0
1.0,8463.0,1787.0,2658.0,6418.0,0.0,0.0,1864.0,794.0,1158.0,629.0
1.0,13094.0,2866.0,2645.0,2313.0,0.0,0.0,1851.0,794.0,1901.0,965.0
1.0,12541.0,3784.0,2668.0,0.0,1915.0,1915.0,1865.0,803.0,2633.0,1151.0
1.0,8757.0,3628.0,2706.0,0.0,5695.0,5695.0,1893.0,813.0,2630.0,998.0
1.0,5129.0,2558.0,2720.0,1915.0,6394.0,6394.0,1906.0,814.0,1899.0,659.0
1.0,4486.0,1638.0,2696.0,5695.0,2241.0,2241.0,1892.0,804.0,1160.0,478.0
1.0,8543.0,1807.0,2659.0,6394.0,0.0,0.0,1864.0,795.0,1165.0,642.0
1.0,13130.0,2880.0,2646.0,2241.0,0.0,0.0,1851.0,795.0,1895.0,985.0
1.0,12491.0,3812.0,2670.0,0.0,2001.0,2001.0,1865.0,805.0,2641.0,1171.0
1.0,8679.0,3644.0,2707.0,0.0,5793.0,5793.0,1893.0,814.0,2636.0,1008.0
1.0,5035.0,2542.0,2721.0,2001.0,6390.0,6390.0,1906.0,815.0,1883.0,659.0
1.0,4494.0,1613.0,2697.0,5793.0,2114.0,2114.0,1891.0,806.0,1137.0,476.0
1.0,8674.0,1809.0,2660.0,6390.0,0.0,0.0,1864.0,796.0,1178.0,631.0
1.0,13255.0,2922.0,2648.0,2114.0,0.0,0.0,1852.0,796.0,1944.0,978.0
1.0,12447.0,3841.0,2673.0,0.0,2086.0,2086.0,1867.0,806.0,2670.0,1171.0
1.0,8606.0,3630.0,2710.0,0.0,5864.0,5864.0,1895.0,815.0,2624.0,1006.0
1.0,4976.0,2541.0,2724.0,2086.0,6375.0,6375.0,1908.0,816.0,1875.0,666.0
1.0,4521.0,1633.0,2700.0,5864.0,2048.0,2048.0,1893.0,807.0,1156.0,477.0
1.0,8752.0,1824.0,2664.0,6375.0,0.0,0.0,1866.0,798.0,1195.0,629.0
1.0,13303.0,2915.0,2653.0,2048.0,0.0,0.0,1855.0,798.0,1940.0,975.0
1.0,12436.0,3793.0,2677.0,0.0,2065.0,2065.0,1870.0,807.0,2630.0,1163.0
1.0,8643.0,3588.0,2714.0,0.0,5801.0,5801.0,1897.0,817.0,2581.0,1007.0
1.0,5055.0,2524.0,2727.0,2065.0,6312.0,6312.0,1909.0,818.0,1857.0,667.0
1.0,4596.0,1662.0,2706.0,5801.0,2089.0,2089.0,1896.0,810.0,1182.0,480.0
1.0,8735.0,1849.0,2670.0,6312.0,0.0,0.0,1870.0,800.0,1220.0,629.0
1.0,13198.0,2923.0,2659.0,2089.0,0.0,0.0,1859.0,800.0,1949.0,974.0
1.0,12364.0,3800.0,2684.0,0.0,2172.0,2172.0,1874.0,810.0,2641.0,1159.0
1.0,8564.0,3608.0,2721.0,0.0,5928.0,5928.0,1902.0,819.0,2609.0,999.0
1.0,4956.0,2525.0,2735.0,2172.0,6337.0,6337.0,1915.0,820.0,1861.0,664.0
1.0,4603.0,1609.0,2714.0,5928.0,1934.0,1934.0,1902.0,812.0,1138.0,471.0
1.0,8922.0,1792.0,2678.0,6337.0,0.0,0.0,1876.0,802.0,1175.0,617.0
1.0,13467.0,2890.0,2665.0,1934.0,0.0,0.0,1864.0,801.0,1931.0,959.0
1.0,12511.0,3811.0,2690.0,0.0,2060.0,2060.0,1879.0,811.0,2658.0,1153.0
1.0,8700.0,3608.0,2727.0,0.0,5816.0,5816.0,1906.0,821.0,2618.0,990.0
1.0,5092.0,2503.0,2742.0,2060.0,6319.0,6319.0,1920.0,822.0,1862.0,641.0
1.0,4649.0,1600.0,2720.0,5816.0,2015.0,2015.0,1907.0,813.0,1142.0,458.0
1.0,8865.0,1808.0,2684.0,6319.0,0.0,0.0,1881.0,803.0,1181.0,627.0
1.0,13376.0,2922.0,2671.0,2015.0,0.0,0.0,1868.0,803.0,1941.0,981.0
1.0,12469.0,3819.0,2696.0,0.0,2134.0,2134.0,1884.0,812.0,2659.0,1160.0
1.0,8650.0,3595.0,2735.0,0.0,5885.0,5885.0,1912.0,823.0,2606.0,989.0
1.0,5055.0,2457.0,2749.0,2134.0,6264.0,6264.0,1925.0,824.0,1822.0,635.0
1.0,4732.0,1559.0,2724.0,5885.0,1838.0,1838.0,1910.0,814.0,1098.0,461.0
1.0,9058.0,1800.0,2688.0,6264.0,0.0,0.0,1883.0,805.0,1167.0,633.0
1.0,13522.0,2947.0,2674.0,1838.0,0.0,0.0,1870.0,804.0,1969.0,978.0
1.0,12413.0,3831.0,2699.0,0.0,2214.0,2214.0,1885.0,814.0,2674.0,1157.0
1.0,8582.0,3613.0,2737.0,0.0,5979.0,5979.0,1913.0,824.0,2614.0,999.0
1.0,4969.0,2490.0,2751.0,2214.0,6311.0,6311.0,1926.0,825.0,1834.0,656.0
1.0,4693.0,1589.0,2727.0,5979.0,1825.0,1825.0,1911.0,816.0,1124.0,465.0
1.0,9083.0,1798.0,2689.0,6311.0,0.0,0.0,1883.0,806.0,1177.0,621.0
1.0,13596.0,2926.0,2675.0,1825.0,0.0,0.0,1870.0,805.0,1962.0,964.0
1.0,12495.0,3839.0,2699.0,0.0,2140.0,2140.0,1885.0,814.0,2683.0,1156.0
1.0,8656.0,3651.0,2739.0,0.0,5951.0,5951.0,1914.0,825.0,2643.0,1008.0
1.0,5005.0,2530.0,2753.0,2140.0,6397.0,6397.0,1928.0,825.0,1862.0,668.0
1.0,4615.0,1620.0,2729.0,5951.0,1970.0,1970.0,1913.0,816.0,1146.0,474.0
1.0,8946.0,1820.0,2691.0,6397.0,0.0,0.0,1885.0,806.0,1195.0,625.0
1.0,13523.0,2949.0,2678.0,1970.0,0.0,0.0,1873.0,805.0,1977.0,972.0
1.0,12544.0,3892.0,2703.0,0.0,2160.0,2160.0,1888.0,815.0,2712.0,1180.0
1.0,8652.0,3697.0,2743.0,0.0,6017.0,6017.0,1917.0,826.0,2669.0,1028.0
1.0,4955.0,2554.0,2757.0,2160.0,6467.0,6467.0,1931.0,826.0,1889.0,665.0
1.0,4561.0,1605.0,2733.0,6017.0,1959.0,1959.0,1917.0,816.0,1147.0,458.0
1.0,8973.0,1824.0,2695.0,6467.0,0.0,0.0,1889.0,806.0,1200.0,624.0
1.0,13616.0,2983.0,2682.0,1959.0,0.0,0.0,1877.0,805.0,1996.0,987.0
1.0,12592.0,3915.0,2708.0,0.0,2155.0,2155.0,1893.0,815.0,2725.0,1190.0
1.0,8677.0,3700.0,2749.0,0.0,6019.0,6019.0,1923.0,826.0,2671.0,1029.0
1.0,4977.0,2535.0,2763.0,2155.0,6455.0,6455.0,1936.0,827.0,1873.0,662.0
1.0,4597.0,1610.0,2738.0,6019.0,1946.0,1946.0,1921.0,817.0,1147.0,463.0
1.0,9006.0,1835.0,2699.0,6455.0,0.0,0.0,1893.0,806.0,1211.0,624.0
1.0,13626.0,2980.0,2687.0,1946.0,0.0,0.0,1881.0,806.0,1994.0,986.0
1.0,12592.0,3903.0,2713.0,0.0,2163.0,2163.0,1897.0,816.0,2714.0,1189.0
1.0,8689.0,3691.0,2752.0,0.0,6010.0,6010.0,1926.0,826.0,2666.0,1025.0
1.0,4998.0,2540.0,2766.0,2163.0,6443.0,6443.0,1939.0,827.0,1882.0,658.0
1.0,4621.0,1617.0,2741.0,6010.0,1950.0,1950.0,1924.0,817.0,1153.0,464.0
1.0,9014.0,1824.0,2703.0,6443.0,0.0,0.0,1896.0,807.0,1187.0,637.0
1.0,13633.0,2969.0,2691.0,1950.0,0.0,0.0,1884.0,807.0,1972.0,997.0
1.0,12614.0,3897.0,2718.0,0.0,2155.0,2155.0,1901.0,817.0,2705.0,1192.0
1.0,8717.0,3697.0,2756.0,0.0,6004.0,6004.0,1929.0,827.0,2671.0,1026.0
1.0,5020.0,2525.0,2770.0,2155.0,6430.0,6430.0,1942.0,828.0,1876.0,649.0
1.0,4650.0,1585.0,2744.0,6004.0,1907.0,1907.0,1926.0,818.0,1134.0,451.0
1.0,9069.0,1791.0,2705.0,6430.0,0.0,0.0,1898.0,807.0,1167.0,624.0
1.0,13708.0,2925.0,2692.0,1907.0,0.0,0.0,1885.0,807.0,1934.0,991.0
1.0,12690.0,3872.0,2718.0,0.0,2054.0,2054.0,1901.0,817.0,2684.0,1188.0
1.0,8818.0,3683.0,2758.0,0.0,5897.0,5897.0,1930.0,828.0,2662.0,1021.0
1.0,5135.0,2538.0,2772.0,2054.0,6437.0,6437.0,1943.0,829.0,1874.0,664.0
1.0,4651.0,1599.0,2748.0,5897.0,2043.0,2043.0,1928.0,820.0,1124.0,475.0
1.0,8949.0,1772.0,2709.0,6437.0,0.0,0.0,1899.0,810.0,1137.0,635.0
1.0,13614.0,2898.0,2695.0,2043.0,0.0,0.0,1885.0,810.0,1908.0,990.0
1.0,12759.0,3851.0,2721.0,0.0,1976.0,1976.0,1901.0,820.0,2672.0,1179.0
1.0,8908.0,3694.0,2761.0,0.0,5830.0,5830.0,1930.0,831.0,2678.0,1016.0
1.0,5214.0,2545.0,2775.0,1976.0,6455.0,6455.0,1944.0,831.0,1886.0,659.0
1.0,4645.0,1549.0,2748.0,5830.0,2066.0,2066.0,1927.0,821.0,1088.0,461.0
1.0,8926.0,1711.0,2708.0,6455.0,0.0,0.0,1897.0,811.0,1087.0,624.0
1.0,13670.0,2878.0,2694.0,2066.0,0.0,0.0,1883.0,811.0,1888.0,990.0
1.0,12858.0,3909.0,2723.0,0.0,1943.0,1943.0,1901.0,822.0,2722.0,1187.0
1.0,8949.0,3758.0,2764.0,0.0,5865.0,5865.0,1932.0,832.0,2735.0,1023.0
1.0,5191.0,2588.0,2780.0,1943.0,6574.0,6574.0,1947.0,833.0,1925.0,663.0
1.0,4546.0,1573.0,2753.0,5865.0,2174.0,2174.0,1930.0,823.0,1111.0,462.0
1.0,8838.0,1745.0,2713.0,6574.0,0.0,0.0,1900.0,813.0,1115.0,630.0
1.0,13667.0,2932.0,2700.0,2174.0,0.0,0.0,1887.0,813.0,1941.0,991.0
1.0,12909.0,3965.0,2728.0,0.0,1968.0,1968.0,1905.0,823.0,2776.0,1189.0
1.0,8944.0,3786.0,2771.0,0.0,5926.0,5926.0,1937.0,834.0,2763.0,1023.0
1.0,5158.0,2589.0,2786.0,1968.0,6607.0,6607.0,1951.0,835.0,1922.0,667.0
1.0,4537.0,1564.0,2759.0,5926.0,2137.0,2137.0,1934.0,825.0,1092.0,472.0
1.0,8899.0,1763.0,2720.0,6607.0,0.0,0.0,1905.0,815.0,1131.0,632.0
1.0,13743.0,2967.0,2707.0,2137.0,0.0,0.0,1892.0,815.0,1980.0,987.0
1.0,12913.0,3979.0,2735.0,0.0,2006.0,2006.0,1910.0,825.0,2798.0,1181.0
1.0,8934.0,3801.0,2776.0,0.0,5971.0,5971.0,1941.0,835.0,2770.0,1031.0
1.0,5133.0,2607.0,2791.0,2006.0,6632.0,6632.0,1955.0,836.0,1927.0,680.0
1.0,4532.0,1609.0,2766.0,5971.0,2170.0,2170.0,1939.0,827.0,1121.0,488.0
1.0,8894.0,1792.0,2726.0,6632.0,0.0,0.0,1909.0,817.0,1154.0,638.0
1.0,13734.0,2975.0,2712.0,2170.0,0.0,0.0,1896.0,816.0,1989.0,986.0
1.0,12929.0,3974.0,2739.0,0.0,2001.0,2001.0,1913.0,826.0,2789.0,1185.0
1.0,8955.0,3784.0,2781.0,0.0,5953.0,5953.0,1944.0,837.0,2754.0,1030.0
1.0,5171.0,2593.0,2796.0,2001.0,6605.0,6605.0,1958.0,838.0,1917.0,676.0
1.0,4579.0,1620.0,2769.0,5953.0,2164.0,2164.0,1941.0,828.0,1143.0,477.0
1.0,8912.0,1819.0,2729.0,6605.0,0.0,0.0,1912.0,817.0,1180.0,639.0
1.0,13698.0,2984.0,2715.0,2164.0,0.0,0.0,1898.0,817.0,1984.0,1000.0
1.0,12878.0,3962.0,2743.0,0.0,2056.0,2056.0,1916.0,827.0,2772.0,1190.0
1.0,8916.0,3760.0,2784.0,0.0,5980.0,5980.0,1946.0,838.0,2736.0,1024.0
1.0,5156.0,2550.0,2798.0,2056.0,6530.0,6530.0,1959.0,839.0,1885.0,665.0
1.0,4662.0,1571.0,2771.0,5980.0,2013.0,2013.0,1942.0,829.0,1095.0,476.0
1.0,9071.0,1800.0,2730.0,6530.0,0.0,0.0,1912.0,818.0,1158.0,642.0
1.0,13801.0,3035.0,2718.0,2013.0,0.0,0.0,1900.0,818.0,2021.0,1014.0
1.0,12779.0,4028.0,2747.0,0.0,2237.0,2237.0,1918.0,829.0,2819.0,1209.0
1.0,8751.0,3770.0,2787.0,0.0,6167.0,6167.0,1948.0,839.0,2751.0,1019.0
1.0,4981.0,2526.0,2801.0,2237.0,6512.0,6512.0,1962.0,839.0,1881.0,645.0
1.0,4692.0,1523.0,2773.0,6167.0,1756.0,1756.0,1944.0,829.0,1065.0,458.0
1.0,9336.0,1765.0,2733.0,6512.0,0.0,0.0,1914.0,819.0,1119.0,646.0
1.0,14083.0,3007.0,2719.0,1756.0,0.0,0.0,1901.0,818.0,1992.0,1015.0
1.0,12832.0,4002.0,2748.0,0.0,2162.0,2162.0,1919.0,829.0,2809.0,1193.0
1.0,8830.0,3768.0,2790.0,0.0,6098.0,6098.0,1950.0,840.0,2759.0,1009.0
1.0,5062.0,2535.0,2804.0,2162.0,6527.0,6527.0,1964.0,840.0,1892.0,643.0
1.0,4689.0,1553.0,2777.0,6098.0,1874.0,1874.0,1947.0,830.0,1078.0,475.0
1.0,9234.0,1786.0,2737.0,6527.0,0.0,0.0,1917.0,820.0,1125.0,661.0
1.0,13975.0,3000.0,2724.0,1874.0,0.0,0.0,1904.0,820.0,1983.0,1017.0
1.0,12849.0,3991.0,2752.0,0.0,2150.0,2150.0,1922.0,830.0,2805.0,1186.0
1.0,8858.0,3761.0,2794.0,0.0,6079.0,6079.0,1954.0,840.0,2760.0,1001.0
1.0,5097.0,2535.0,2808.0,2150.0,6520.0,6520.0,1968.0,840.0,1892.0,643.0
1.0,4712.0,1543.0,2782.0,6079.0,1880.0,1880.0,1952.0,830.0,1076.0,467.0
1.0,9248.0,1787.0,2743.0,6520.0,0.0,0.0,1923.0,820.0,1137.0,650.0
1.0,13981.0,3022.0,2730.0,1880.0,0.0,0.0,1910.0,820.0,2010.0,1012.0
1.0,12839.0,4018.0,2758.0,0.0,2211.0,2211.0,1928.0,830.0,2829.0,1189.0
1.0,8821.0,3763.0,2800.0,0.0,6142.0,6142.0,1960.0,840.0,2764.0,999.0
1.0,5058.0,2509.0,2816.0,2211.0,6504.0,6504.0,1975.0,841.0,1866.0,643.0
1.0,4760.0,1529.0,2790.0,6142.0,1787.0,1787.0,1959.0,831.0,1051.0,478.0
1.0,9373.0,1789.0,2749.0,6504.0,0.0,0.0,1928.0,821.0,1121.0,668.0
1.0,14088.0,3042.0,2735.0,1787.0,0.0,0.0,1914.0,821.0,2018.0,1024.0
1.0,12833.0,4044.0,2763.0,0.0,2263.0,2263.0,1932.0,831.0,2845.0,1199.0
1.0,8789.0,3784.0,2806.0,0.0,6219.0,6219.0,1964.0,842.0,2771.0,1013.0
1.0,5005.0,2514.0,2821.0,2263.0,6530.0,6530.0,1979.0,842.0,1868.0,646.0
1.0,4754.0,1509.0,2793.0,6219.0,1708.0,1708.0,1961.0,832.0,1041.0,468.0
1.0,9464.0,1795.0,2752.0,6530.0,0.0,0.0,1930.0,822.0,1130.0,665.0
1.0,14199.0,3082.0,2738.0,1708.0,0.0,0.0,1916.0,822.0,2041.0,1041.0
1.0,12825.0,4085.0,2767.0,0.0,2328.0,2328.0,1934.0,833.0,2867.0,1218.0
1.0,8740.0,3799.0,2809.0,0.0,6295.0,6295.0,1966.0,843.0,2783.0,1016.0
1.0,4941.0,2522.0,2825.0,2328.0,6553.0,6553.0,1981.0,844.0,1872.0,650.0
1.0,4747.0,1523.0,2797.0,6295.0,1669.0,1669.0,1963.0,834.0,1040.0,483.0
1.0,9519.0,1789.0,2754.0,6553.0,0.0,0.0,1930.0,824.0,1115.0,674.0
1.0,14283.0,3087.0,2741.0,1669.0,0.0,0.0,1916.0,825.0,2040.0,1047.0
1.0,12865.0,4114.0,2770.0,0.0,2329.0,2329.0,1935.0,835.0,2890.0,1224.0
1.0,8751.0,3835.0,2812.0,0.0,6332.0,6332.0,1967.0,845.0,2808.0,1027.0
1.0,4916.0,2536.0,2827.0,2329.0,6599.0,6599.0,1981.0,846.0,1892.0,644.0
1.0,4709.0,1516.0,2799.0,6332.0,1671.0,1671.0,1963.0,836.0,1042.0,474.0
1.0,9525.0,1812.0,2757.0,6599.0,0.0,0.0,1931.0,826.0,1129.0,683.0
1.0,14312.0,3089.0,2744.0,1671.0,0.0,0.0,1917.0,827.0,2028.0,1061.0
1.0,12894.0,4114.0,2773.0,0.0,2312.0,2312.0,1936.0,837.0,2879.0,1235.0
1.0,8780.0,3858.0,2816.0,0.0,6342.0,6342.0,1968.0,848.0,2833.0,1025.0
1.0,4922.0,2577.0,2831.0,2312.0,6667.0,6667.0,1983.0,848.0,1926.0,651.0
1.0,4657.0,1546.0,2803.0,6342.0,1759.0,1759.0,1965.0,838.0,1068.0,478.0
1.0,9453.0,1800.0,2761.0,6667.0,0.0,0.0,1933.0,828.0,1117.0,683.0
1.0,14320.0,3065.0,2748.0,1759.0,0.0,0.0,1919.0,829.0,2018.0,1047.0
1.0,13014.0,4114.0,2778.0,0.0,2212.0,2212.0,1939.0,839.0,2900.0,1214.0
1.0,8900.0,3897.0,2823.0,0.0,6289.0,6289.0,1973.0,850.0,2886.0,1011.0
1.0,5003.0,2604.0,2839.0,2212.0,6745.0,6745.0,1989.0,850.0,1965.0,639.0
1.0,4611.0,1534.0,2810.0,6289.0,1874.0,1874.0,1971.0,839.0,1071.0,463.0
1.0,9366.0,1751.0,2766.0,6745.0,0.0,0.0,1937.0,829.0,1082.0,669.0
1.0,14360.0,3019.0,2751.0,1874.0,0.0,0.0,1922.0,829.0,1973.0,1046.0
1.0,13215.0,4092.0,2781.0,0.0,2001.0,2001.0,1941.0,840.0,2869.0,1223.0
1.0,9123.0,3908.0,2827.0,0.0,6093.0,6093.0,1976.0,851.0,2883.0,1025.0
1.0,5215.0,2624.0,2844.0,2001.0,6784.0,6784.0,1993.0,851.0,1987.0,637.0
1.0,4592.0,1547.0,2815.0,6093.0,2122.0,2122.0,1975.0,840.0,1084.0,463.0
1.0,9138.0,1749.0,2772.0,6784.0,0.0,0.0,1942.0,830.0,1079.0,670.0
1.0,14173.0,3005.0,2758.0,2122.0,0.0,0.0,1927.0,831.0,1963.0,1042.0
1.0,13290.0,4065.0,2787.0,0.0,1923.0,1923.0,1945.0,842.0,2861.0,1204.0
1.0,9225.0,3862.0,2832.0,0.0,5965.0,5965.0,1980.0,852.0,2861.0,1001.0
1.0,5363.0,2603.0,2847.0,1923.0,6705.0,6705.0,1996.0,851.0,1971.0,632.0
1.0,4683.0,1561.0,2820.0,5965.0,2193.0,2193.0,1979.0,841.0,1085.0,476.0
1.0,9087.0,1761.0,2777.0,6705.0,0.0,0.0,1946.0,831.0,1079.0,682.0
1.0,14031.0,2981.0,2762.0,2193.0,0.0,0.0,1930.0,832.0,1941.0,1040.0
1.0,13243.0,4008.0,2791.0,0.0,1929.0,1929.0,1948.0,843.0,2816.0,1192.0
1.0,9235.0,3812.0,2833.0,0.0,5909.0,5909.0,1981.0,852.0,2826.0,986.0
1.0,5423.0,2590.0,2849.0,1929.0,6634.0,6634.0,1997.0,852.0,1959.0,631.0
1.0,4762.0,1572.0,2821.0,5909.0,2185.0,2185.0,1979.0,842.0,1079.0,493.0
1.0,9099.0,1775.0,2778.0,6634.0,0.0,0.0,1945.0,833.0,1080.0,695.0
1.0,13958.0,3001.0,2763.0,2185.0,0.0,0.0,1930.0,833.0,1967.0,1034.0
1.0,13142.0,3995.0,2792.0,0.0,2021.0,2021.0,1948.0,844.0,2817.0,1178.0
1.0,9147.0,3792.0,2835.0,0.0,5985.0,5985.0,1982.0,853.0,2811.0,981.0
1.0,5355.0,2596.0,2851.0,2021.0,6624.0,6624.0,1998.0,853.0,1963.0,633.0
1.0,4780.0,1605.0,2823.0,5985.0,2132.0,2132.0,1981.0,842.0,1113.0,492.0
1.0,9160.0,1812.0,2781.0,6624.0,0.0,0.0,1948.0,833.0,1115.0,697.0
1.0,13972.0,2995.0,2765.0,2132.0,0.0,0.0,1932.0,833.0,1953.0,1042.0
1.0,13109.0,3979.0,2794.0,0.0,2046.0,2046.0,1950.0,844.0,2796.0,1183.0
1.0,9130.0,3810.0,2838.0,0.0,6032.0,6032.0,1984.0,854.0,2823.0,987.0
1.0,5320.0,2630.0,2854.0,2046.0,6680.0,6680.0,2001.0,853.0,1985.0,645.0
1.0,4736.0,1639.0,2826.0,6032.0,2175.0,2175.0,1983.0,843.0,1138.0,501.0
1.0,9129.0,1852.0,2783.0,6680.0,0.0,0.0,1950.0,833.0,1144.0,708.0
1.0,13957.0,3052.0,2769.0,2175.0,0.0,0.0,1935.0,834.0,1989.0,1063.0
1.0,13080.0,4046.0,2798.0,0.0,2158.0,2158.0,1953.0,845.0,2838.0,1208.0
1.0,9034.0,3837.0,2843.0,0.0,6175.0,6175.0,1988.0,855.0,2840.0,997.0
1.0,5197.0,2644.0,2859.0,2158.0,6725.0,6725.0,2005.0,854.0,1996.0,648.0
1.0,4711.0,1690.0,2832.0,6175.0,2132.0,2132.0,1988.0,844.0,1174.0,516.0
1.0,9196.0,1910.0,2790.0,6725.0,0.0,0.0,1956.0,834.0,1190.0,720.0
1.0,14011.0,3100.0,2776.0,2132.0,0.0,0.0,1941.0,835.0,2036.0,1064.0
1.0,13043.0,4060.0,2805.0,0.0,2237.0,2237.0,1959.0,846.0,2852.0,1208.0
1.0,8983.0,3825.0,2850.0,0.0,6242.0,6242.0,1994.0,856.0,2828.0,997.0
1.0,5158.0,2652.0,2865.0,2237.0,6717.0,6717.0,2010.0,855.0,1999.0,653.0
1.0,4743.0,1718.0,2839.0,6242.0,2089.0,2089.0,1994.0,845.0,1195.0,523.0
1.0,9267.0,1935.0,2797.0,6717.0,0.0,0.0,1962.0,835.0,1201.0,734.0
1.0,14049.0,3086.0,2782.0,2089.0,0.0,0.0,1946.0,836.0,2018.0,1068.0
1.0,13052.0,4022.0,2810.0,0.0,2210.0,2210.0,1964.0,846.0,2830.0,1192.0
1.0,9030.0,3799.0,2853.0,0.0,6181.0,6181.0,1997.0,856.0,2812.0,987.0
1.0,5231.0,2639.0,2870.0,2210.0,6678.0,6678.0,2014.0,856.0,1993.0,646.0
1.0,4802.0,1718.0,2844.0,6181.0,2111.0,2111.0,1998.0,846.0,1191.0,527.0
1.0,9265.0,1949.0,2803.0,6678.0,0.0,0.0,1966.0,837.0,1202.0,747.0
1.0,13994.0,3090.0,2787.0,2111.0,0.0,0.0,1949.0,838.0,2010.0,1080.0
1.0,13015.0,4032.0,2814.0,0.0,2273.0,2273.0,1965.0,849.0,2828.0,1204.0
1.0,8983.0,3799.0,2858.0,0.0,6248.0,6248.0,1999.0,859.0,2814.0,985.0
1.0,5184.0,2625.0,2874.0,2273.0,6664.0,6664.0,2016.0,858.0,1986.0,639.0
1.0,4832.0,1668.0,2849.0,6248.0,1984.0,1984.0,2001.0,848.0,1160.0,508.0
1.0,9412.0,1887.0,2806.0,6664.0,0.0,0.0,1968.0,838.0,1157.0,730.0
1.0,14189.0,3062.0,2789.0,1984.0,0.0,0.0,1950.0,839.0,1991.0,1071.0
1.0,13111.0,4023.0,2817.0,0.0,2180.0,2180.0,1967.0,850.0,2828.0,1195.0
1.0,9088.0,3796.0,2860.0,0.0,6148.0,6148.0,2000.0,860.0,2814.0,982.0
1.0,5292.0,2614.0,2877.0,2180.0,6650.0,6650.0,2017.0,860.0,1965.0,649.0
1.0,4858.0,1645.0,2851.0,6148.0,2043.0,2043.0,2001.0,850.0,1125.0,520.0
1.0,9361.0,1862.0,2808.0,6650.0,0.0,0.0,1968.0,840.0,1134.0,728.0
1.0,14149.0,3060.0,2793.0,2043.0,0.0,0.0,1951.0,842.0,1994.0,1066.0
1.0,13132.0,4017.0,2820.0,0.0,2165.0,2165.0,1968.0,852.0,2830.0,1187.0
1.0,9115.0,3780.0,2863.0,0.0,6117.0,6117.0,2001.0,862.0,2810.0,970.0
1.0,5335.0,2602.0,2879.0,2165.0,6618.0,6618.0,2018.0,861.0,1967.0,635.0
1.0,4898.0,1639.0,2853.0,6117.0,2036.0,2036.0,2002.0,851.0,1134.0,505.0
1.0,9376.0,1872.0,2811.0,6618.0,0.0,0.0,1970.0,841.0,1156.0,716.0
1.0,14122.0,3076.0,2798.0,2036.0,0.0,0.0,1955.0,843.0,2014.0,1062.0
1.0,13082.0,4037.0,2826.0,0.0,2259.0,2259.0,1972.0,854.0,2843.0,1194.0
1.0,9045.0,3807.0,2868.0,0.0,6234.0,6234.0,2005.0,863.0,2831.0,976.0
1.0,5238.0,2607.0,2885.0,2259.0,6650.0,6650.0,2023.0,862.0,1977.0,630.0
1.0,4890.0,1635.0,2858.0,6234.0,1943.0,1943.0,2007.0,851.0,1141.0,494.0
1.0,9489.0,1880.0,2817.0,6650.0,0.0,0.0,1975.0,842.0,1166.0,714.0
1.0,14259.0,3065.0,2803.0,1943.0,0.0,0.0,1959.0,844.0,2000.0,1065.0
1.0,13137.0,4024.0,2831.0,0.0,2211.0,2211.0,1976.0,855.0,2818.0,1206.0
1.0,9113.0,3807.0,2874.0,0.0,6190.0,6190.0,2009.0,865.0,2813.0,994.0
1.0,5306.0,2641.0,2890.0,2211.0,6684.0,6684.0,2026.0,864.0,1999.0,642.0
1.0,4876.0,1703.0,2864.0,6190.0,2093.0,2093.0,2011.0,853.0,1195.0,508.0
1.0,9363.0,1906.0,2824.0,6684.0,0.0,0.0,1980.0,844.0,1188.0,718.0
1.0,14141.0,3056.0,2810.0,2093.0,0.0,0.0,1964.0,846.0,2000.0,1056.0
1.0,13178.0,4010.0,2836.0,0.0,2176.0,2176.0,1980.0,856.0,2817.0,1193.0
1.0,9168.0,3806.0,2878.0,0.0,6150.0,6150.0,2012.0,866.0,2811.0,995.0
1.0,5362.0,2641.0,2894.0,2176.0,6679.0,6679.0,2029.0,865.0,1992.0,649.0
1.0,4897.0,1703.0,2867.0,6150.0,2124.0,2124.0,2013.0,854.0,1193.0,510.0
1.0,9344.0,1915.0,2827.0,6679.0,0.0,0.0,1982.0,845.0,1199.0,716.0
1.0,14108.0,3081.0,2812.0,2124.0,0.0,0.0,1966.0,846.0,2017.0,1064.0
1.0,13151.0,4017.0,2839.0,0.0,2222.0,2222.0,1982.0,857.0,2805.0,1212.0
1.0,9134.0,3802.0,2879.0,0.0,6184.0,6184.0,2013.0,866.0,2800.0,1002.0
1.0,5332.0,2680.0,2894.0,2222.0,6702.0,6702.0,2029.0,865.0,2019.0,661.0
1.0,4874.0,1759.0,2868.0,6184.0,2173.0,2173.0,2013.0,855.0,1234.0,525.0
1.0,9299.0,1952.0,2827.0,6702.0,0.0,0.0,1982.0,845.0,1225.0,727.0
1.0,14049.0,3058.0,2813.0,2173.0,0.0,0.0,1966.0,847.0,1995.0,1063.0
1.0,13164.0,3975.0,2838.0,0.0,2163.0,2163.0,1981.0,857.0,2774.0,1201.0
1.0,9189.0,3791.0,2878.0,0.0,6114.0,6114.0,2012.0,866.0,2791.0,1000.0
1.0,5398.0,2688.0,2892.0,2163.0,6695.0,6695.0,2027.0,865.0,2020.0,668.0
1.0,4873.0,1784.0,2868.0,6114.0,2269.0,2269.0,2013.0,855.0,1251.0,533.0
1.0,9203.0,1992.0,2828.0,6695.0,0.0,0.0,1982.0,846.0,1261.0,731.0
1.0,13906.0,3096.0,2815.0,2269.0,0.0,0.0,1967.0,848.0,2023.0,1073.0
1.0,13079.0,4003.0,2841.0,0.0,2288.0,2288.0,1983.0,858.0,2787.0,1216.0
1.0,9076.0,3816.0,2882.0,0.0,6268.0,6268.0,2014.0,868.0,2799.0,1017.0
1.0,5260.0,2722.0,2897.0,2288.0,6762.0,6762.0,2030.0,867.0,2046.0,676.0
1.0,4826.0,1798.0,2871.0,6268.0,2188.0,2188.0,2015.0,856.0,1266.0,532.0
1.0,9296.0,1983.0,2832.0,6762.0,0.0,0.0,1985.0,847.0,1254.0,729.0
1.0,14075.0,3093.0,2819.0,2188.0,0.0,0.0,1970.0,849.0,2020.0,1073.0
1.0,13170.0,4012.0,2845.0,0.0,2222.0,2222.0,1985.0,860.0,2794.0,1218.0
1.0,9158.0,3851.0,2888.0,0.0,6245.0,6245.0,2018.0,870.0,2832.0,1019.0
1.0,5307.0,2736.0,2903.0,2222.0,6819.0,6819.0,2035.0,868.0,2063.0,673.0
1.0,4793.0,1773.0,2879.0,6245.0,2251.0,2251.0,2021.0,858.0,1240.0,533.0
1.0,9265.0,1944.0,2838.0,6819.0,0.0,0.0,1989.0,849.0,1210.0,734.0
1.0,14140.0,3064.0,2825.0,2251.0,0.0,0.0,1974.0,851.0,1994.0,1070.0
1.0,13327.0,4014.0,2852.0,0.0,2095.0,2095.0,1990.0,862.0,2811.0,1203.0
1.0,9313.0,3835.0,2894.0,0.0,6098.0,6098.0,2023.0,871.0,2836.0,999.0
1.0,5478.0,2713.0,2910.0,2095.0,6780.0,6780.0,2040.0,870.0,2049.0,664.0
1.0,4860.0,1775.0,2885.0,6098.0,2357.0,2357.0,2026.0,859.0,1249.0,526.0
1.0,9183.0,1962.0,2845.0,6780.0,0.0,0.0,1995.0,850.0,1231.0,731.0
1.0,14001.0,3065.0,2832.0,2357.0,0.0,0.0,1980.0,852.0,1996.0,1069.0
1.0,13293.0,3989.0,2858.0,0.0,2128.0,2128.0,1995.0,863.0,2783.0,1206.0
1.0,9304.0,3802.0,2901.0,0.0,6102.0,6102.0,2028.0,873.0,2810.0,992.0
1.0,5502.0,2696.0,2916.0,2128.0,6730.0,6730.0,2045.0,871.0,2051.0,645.0
1.0,4934.0,1782.0,2891.0,6102.0,2310.0,2310.0,2030.0,861.0,1262.0,520.0
1.0,9254.0,1965.0,2851.0,6730.0,0.0,0.0,1999.0,852.0,1219.0,746.0
1.0,14019.0,3043.0,2836.0,2310.0,0.0,0.0,1982.0,854.0,1964.0,1079.0
1.0,13286.0,3953.0,2862.0,0.0,2115.0,2115.0,1997.0,865.0,2753.0,1200.0
1.0,9333.0,3778.0,2904.0,0.0,6061.0,6061.0,2029.0,875.0,2791.0,987.0
1.0,5555.0,2677.0,2919.0,2115.0,6683.0,6683.0,2046.0,873.0,2036.0,641.0
1.0,4993.0,1775.0,2895.0,6061.0,2301.0,2301.0,2032.0,863.0,1256.0,519.0
1.0,9279.0,1984.0,2855.0,6683.0,0.0,0.0,2001.0,854.0,1239.0,745.0
1.0,13978.0,3068.0,2841.0,2301.0,0.0,0.0,1985.0,856.0,1981.0,1087.0
1.0,13211.0,3956.0,2866.0,0.0,2209.0,2209.0,2000.0,866.0,2754.0,1202.0
1.0,9255.0,3757.0,2906.0,0.0,6126.0,6126.0,2030.0,876.0,2774.0,983.0
1.0,5498.0,2680.0,2921.0,2209.0,6657.0,6657.0,2047.0,874.0,2044.0,636.0
1.0,5027.0,1795.0,2897.0,6126.0,2230.0,2230.0,2033.0,864.0,1284.0,511.0
1.0,9358.0,1993.0,2857.0,6657.0,0.0,0.0,2002.0,855.0,1241.0,752.0
1.0,14022.0,3059.0,2843.0,2230.0,0.0,0.0,1986.0,857.0,1955.0,1104.0
1.0,13193.0,3945.0,2868.0,0.0,2224.0,2224.0,2000.0,868.0,2730.0,1215.0
1.0,9248.0,3788.0,2908.0,0.0,6172.0,6172.0,2031.0,877.0,2811.0,977.0
1.0,5460.0,2730.0,2924.0,2224.0,6742.0,6742.0,2049.0,875.0,2096.0,634.0
1.0,4954.0,1848.0,2900.0,6172.0,2322.0,2322.0,2035.0,865.0,1318.0,530.0
1.0,9278.0,2019.0,2861.0,6742.0,0.0,0.0,2005.0,856.0,1258.0,761.0
1.0,14001.0,3078.0,2848.0,2322.0,0.0,0.0,1990.0,858.0,1980.0,1098.0
1.0,13245.0,3976.0,2873.0,0.0,2223.0,2223.0,2004.0,869.0,2770.0,1206.0
1.0,9269.0,3818.0,2913.0,0.0,6201.0,6201.0,2035.0,878.0,2832.0,986.0
1.0,5451.0,2780.0,2928.0,2223.0,6818.0,6818.0,2052.0,876.0,2119.0,661.0
1.0,4894.0,1902.0,2907.0,6201.0,2435.0,2435.0,2040.0,867.0,1348.0,554.0
1.0,9193.0,2043.0,2869.0,6818.0,0.0,0.0,2011.0,858.0,1283.0,760.0
1.0,13968.0,3087.0,2856.0,2435.0,0.0,0.0,1996.0,860.0,2010.0,1077.0
1.0,13316.0,3995.0,2881.0,0.0,2203.0,2203.0,2011.0,870.0,2798.0,1197.0
1.0,9321.0,3835.0,2920.0,0.0,6194.0,6194.0,2041.0,879.0,2840.0,995.0
1.0,5486.0,2793.0,2936.0,2203.0,6848.0,6848.0,2058.0,878.0,2121.0,672.0
1.0,4896.0,1912.0,2913.0,6194.0,2474.0,2474.0,2045.0,868.0,1360.0,552.0
1.0,9178.0,2071.0,2876.0,6848.0,0.0,0.0,2017.0,859.0,1313.0,758.0
1.0,13955.0,3119.0,2862.0,2474.0,0.0,0.0,2002.0,860.0,2041.0,1078.0
1.0,13310.0,3972.0,2886.0,0.0,2206.0,2206.0,2016.0,870.0,2778.0,1194.0
1.0,9338.0,3804.0,2925.0,0.0,6166.0,6166.0,2046.0,879.0,2815.0,989.0
1.0,5534.0,2749.0,2940.0,2206.0,6769.0,6769.0,2062.0,878.0,2078.0,671.0
1.0,4991.0,1892.0,2917.0,6166.0,2403.0,2403.0,2049.0,868.0,1330.0,562.0
1.0,9265.0,2084.0,2879.0,6769.0,0.0,0.0,2020.0,859.0,1312.0,772.0
1.0,13950.0,3129.0,2866.0,2403.0,0.0,0.0,2005.0,861.0,2037.0,1092.0
1.0,13224.0,3958.0,2889.0,0.0,2290.0,2290.0,2018.0,871.0,2764.0,1194.0
1.0,9266.0,3750.0,2927.0,0.0,6192.0,6192.0,2048.0,879.0,2772.0,978.0
1.0,5516.0,2715.0,2942.0,2290.0,6677.0,6677.0,2064.0,878.0,2046.0,669.0
1.0,5091.0,1856.0,2919.0,6192.0,2249.0,2249.0,2051.0,868.0,1307.0,549.0
1.0,9427.0,2059.0,2881.0,6677.0,0.0,0.0,2022.0,859.0,1300.0,759.0
1.0,14045.0,3113.0,2867.0,2249.0,0.0,0.0,2006.0,861.0,2033.0,1080.0
1.0,13181.0,3965.0,2891.0,0.0,2348.0,2348.0,2020.0,871.0,2772.0,1193.0
1.0,9216.0,3767.0,2930.0,0.0,6271.0,6271.0,2050.0,880.0,2782.0,985.0
1.0,5449.0,2708.0,2944.0,2348.0,6687.0,6687.0,2065.0,879.0,2043.0,665.0
1.0,5089.0,1827.0,2920.0,6271.0,2147.0,2147.0,2051.0,869.0,1275.0,552.0
1.0,9533.0,2015.0,2882.0,6687.0,0.0,0.0,2022.0,860.0,1253.0,762.0
1.0,14205.0,3074.0,2868.0,2147.0,0.0,0.0,2006.0,862.0,1988.0,1086.0
1.0,13278.0,3960.0,2893.0,0.0,2254.0,2254.0,2020.0,873.0,2761.0,1199.0
1.0,9318.0,3799.0,2932.0,0.0,6209.0,6209.0,2050.0,882.0,2813.0,986.0
1.0,5519.0,2746.0,2946.0,2254.0,6757.0,6757.0,2066.0,880.0,2087.0,659.0
1.0,5027.0,1855.0,2924.0,6209.0,2315.0,2315.0,2054.0,870.0,1303.0,552.0
1.0,9381.0,2018.0,2886.0,6757.0,0.0,0.0,2025.0,861.0,1249.0,769.0
1.0,14120.0,3058.0,2872.0,2315.0,0.0,0.0,2009.0,863.0,1970.0,1088.0
1.0,13377.0,3969.0,2897.0,0.0,2180.0,2180.0,2023.0,874.0,2774.0,1195.0
1.0,9408.0,3845.0,2937.0,0.0,6185.0,6185.0,2054.0,883.0,2856.0,989.0
1.0,5563.0,2785.0,2953.0,2180.0,6854.0,6854.0,2071.0,882.0,2115.0,670.0
1.0,4958.0,1857.0,2929.0,6185.0,2430.0,2430.0,2058.0,871.0,1302.0,555.0
1.0,9286.0,1981.0,2891.0,6854.0,0.0,0.0,2028.0,863.0,1225.0,756.0
1.0,14159.0,3068.0,2878.0,2430.0,0.0,0.0,2013.0,865.0,1981.0,1087.0
1.0,13521.0,4015.0,2904.0,0.0,2110.0,2110.0,2028.0,876.0,2807.0,1208.0
1.0,9506.0,3884.0,2943.0,0.0,6150.0,6150.0,2058.0,885.0,2880.0,1004.0
1.0,5622.0,2826.0,2960.0,2110.0,6934.0,6934.0,2076.0,884.0,2151.0,675.0
1.0,4906.0,1877.0,2937.0,6150.0,2569.0,2569.0,2064.0,873.0,1330.0,547.0
1.0,9179.0,2006.0,2899.0,6934.0,0.0,0.0,2035.0,864.0,1252.0,754.0
1.0,14107.0,3063.0,2885.0,2569.0,0.0,0.0,2019.0,866.0,1971.0,1092.0
1.0,13613.0,4018.0,2910.0,0.0,2045.0,2045.0,2032.0,878.0,2787.0,1231.0
1.0,9595.0,3907.0,2950.0,0.0,6112.0,6112.0,2063.0,887.0,2883.0,1024.0
1.0,5688.0,2856.0,2966.0,2045.0,6987.0,6987.0,2080.0,886.0,2175.0,681.0
1.0,4877.0,1900.0,2943.0,6112.0,2683.0,2683.0,2068.0,875.0,1356.0,544.0
1.0,9089.0,2016.0,2905.0,6987.0,0.0,0.0,2039.0,866.0,1268.0,748.0
1.0,14060.0,3066.0,2891.0,2683.0,0.0,0.0,2023.0,868.0,1976.0,1090.0
1.0,13677.0,4011.0,2915.0,0.0,1994.0,1994.0,2036.0,879.0,2779.0,1232.0
1.0,9666.0,3919.0,2954.0,0.0,6069.0,6069.0,2065.0,889.0,2883.0,1036.0
1.0,5747.0,2852.0,2969.0,1994.0,6987.0,6987.0,2082.0,887.0,2164.0,688.0
1.0,4889.0,1901.0,2946.0,6069.0,2727.0,2727.0,2069.0,877.0,1352.0,549.0
1.0,9057.0,2011.0,2909.0,6987.0,0.0,0.0,2040.0,869.0,1252.0,759.0
1.0,14033.0,3073.0,2894.0,2727.0,0.0,0.0,2023.0,871.0,1974.0,1099.0
1.0,13687.0,4030.0,2918.0,0.0,2015.0,2015.0,2036.0,882.0,2797.0,1233.0
1.0,9657.0,3912.0,2956.0,0.0,6079.0,6079.0,2065.0,891.0,2892.0,1020.0
1.0,5745.0,2852.0,2971.0,2015.0,6976.0,6976.0,2082.0,889.0,2175.0,677.0
1.0,4908.0,1895.0,2948.0,6079.0,2700.0,2700.0,2069.0,879.0,1350.0,545.0
1.0,9092.0,2001.0,2909.0,6976.0,0.0,0.0,2039.0,870.0,1243.0,758.0
1.0,14067.0,3064.0,2895.0,2700.0,0.0,0.0,2023.0,872.0,1962.0,1102.0
1.0,13703.0,4017.0,2919.0,0.0,1990.0,1990.0,2036.0,883.0,2784.0,1233.0
1.0,9686.0,3893.0,2958.0,0.0,6039.0,6039.0,2066.0,892.0,2878.0,1015.0
1.0,5793.0,2828.0,2972.0,1990.0,6933.0,6933.0,2082.0,890.0,2158.0,670.0
1.0,4955.0,1887.0,2948.0,6039.0,2685.0,2685.0,2069.0,879.0,1349.0,538.0
1.0,9107.0,2006.0,2911.0,6933.0,0.0,0.0,2040.0,871.0,1247.0,759.0
1.0,14034.0,3069.0,2898.0,2685.0,0.0,0.0,2025.0,873.0,1967.0,1102.0
1.0,13650.0,4029.0,2923.0,0.0,2071.0,2071.0,2039.0,884.0,2803.0,1226.0
1.0,9621.0,3919.0,2963.0,0.0,6150.0,6150.0,2070.0,893.0,2913.0,1006.0
1.0,5702.0,2828.0,2978.0,2071.0,6967.0,6967.0,2087.0,891.0,2167.0,661.0
1.0,4945.0,1868.0,2953.0,6150.0,2585.0,2585.0,2073.0,880.0,1336.0,532.0
1.0,9227.0,1990.0,2916.0,6967.0,0.0,0.0,2044.0,872.0,1238.0,752.0
1.0,14204.0,3084.0,2902.0,2585.0,0.0,0.0,2028.0,874.0,1986.0,1098.0
1.0,13705.0,4050.0,2928.0,0.0,2057.0,2057.0,2043.0,885.0,2814.0,1236.0
1.0,9655.0,3935.0,2969.0,0.0,6156.0,6156.0,2075.0,894.0,2913.0,1022.0
1.0,5720.0,2823.0,2984.0,2057.0,6982.0,6982.0,2092.0,892.0,2159.0,664.0
1.0,4954.0,1847.0,2960.0,6156.0,2577.0,2577.0,2079.0,881.0,1325.0,522.0
1.0,9263.0,1948.0,2923.0,6982.0,0.0,0.0,2050.0,873.0,1215.0,733.0
1.0,14297.0,3058.0,2908.0,2577.0,0.0,0.0,2033.0,875.0,1964.0,1094.0
1.0,13816.0,4054.0,2934.0,0.0,1974.0,1974.0,2048.0,886.0,2821.0,1233.0
1.0,9762.0,3929.0,2973.0,0.0,6059.0,6059.0,2078.0,895.0,2914.0,1015.0
1.0,5833.0,2823.0,2988.0,1974.0,6968.0,6968.0,2096.0,892.0,2163.0,660.0
1.0,4984.0,1832.0,2965.0,6059.0,2649.0,2649.0,2083.0,882.0,1309.0,523.0
1.0,9211.0,1942.0,2926.0,6968.0,0.0,0.0,2053.0,873.0,1199.0,743.0
1.0,14237.0,3051.0,2911.0,2649.0,0.0,0.0,2036.0,875.0,1949.0,1102.0
1.0,13835.0,4046.0,2935.0,0.0,1951.0,1951.0,2049.0,886.0,2809.0,1237.0
1.0,9789.0,3960.0,2975.0,0.0,6071.0,6071.0,2080.0,895.0,2941.0,1019.0
1.0,5829.0,2876.0,2992.0,1951.0,7064.0,7064.0,2099.0,893.0,2209.0,667.0
1.0,4904.0,1877.0,2970.0,6071.0,2782.0,2782.0,2087.0,883.0,1337.0,540.0
1.0,9098.0,1938.0,2930.0,7064.0,0.0,0.0,2056.0,874.0,1184.0,754.0
1.0,14224.0,3014.0,2913.0,2782.0,0.0,0.0,2037.0,876.0,1907.0,1107.0
1.0,13992.0,4016.0,2936.0,0.0,1768.0,1768.0,2049.0,887.0,2775.0,1241.0
1.0,9976.0,3951.0,2976.0,0.0,5879.0,5879.0,2080.0,896.0,2921.0,1030.0
1.0,6025.0,2907.0,2993.0,1768.0,7086.0,7086.0,2098.0,895.0,2217.0,690.0
1.0,4886.0,1917.0,2971.0,5879.0,3036.0,3036.0,2087.0,884.0,1366.0,551.0
1.0,8848.0,1962.0,2931.0,7086.0,0.0,0.0,2056.0,875.0,1202.0,760.0
1.0,13972.0,3032.0,2915.0,3036.0,0.0,0.0,2038.0,877.0,1924.0,1108.0
1.0,13976.0,4053.0,2938.0,0.0,1829.0,1829.0,2050.0,888.0,2804.0,1249.0
1.0,9923.0,4004.0,2978.0,0.0,5993.0,5993.0,2081.0,897.0,2969.0,1035.0
1.0,5919.0,2939.0,2996.0,1829.0,7175.0,7175.0,2100.0,896.0,2254.0,685.0
1.0,4809.0,1910.0,2974.0,5993.0,3004.0,3004.0,2088.0,886.0,1361.0,549.0
1.0,8892.0,1965.0,2935.0,7175.0,0.0,0.0,2058.0,877.0,1203.0,762.0
1.0,14102.0,3060.0,2918.0,3004.0,0.0,0.0,2040.0,878.0,1941.0,1119.0
1.0,14046.0,4113.0,2942.0,0.0,1835.0,1835.0,2053.0,889.0,2849.0,1264.0
1.0,9933.0,4066.0,2984.0,0.0,6069.0,6069.0,2085.0,899.0,3014.0,1052.0
1.0,5867.0,2950.0,3002.0,1835.0,7256.0,7256.0,2104.0,898.0,2263.0,687.0
1.0,4752.0,1901.0,2979.0,6069.0,2996.0,2996.0,2092.0,887.0,1360.0,541.0
1.0,8920.0,1972.0,2940.0,7256.0,0.0,0.0,2062.0,878.0,1214.0,758.0
1.0,14204.0,3092.0,2924.0,2996.0,0.0,0.0,2044.0,880.0,1971.0,1121.0
1.0,14108.0,4125.0,2948.0,0.0,1809.0,1809.0,2057.0,891.0,2867.0,1258.0
1.0,9983.0,4060.0,2990.0,0.0,6037.0,6037.0,2089.0,901.0,3008.0,1052.0
1.0,5923.0,2929.0,3007.0,1809.0,7225.0,7225.0,2108.0,899.0,2234.0,695.0
1.0,4803.0,1870.0,2985.0,6037.0,2970.0,2970.0,2096.0,889.0,1325.0,545.0
1.0,8970.0,1966.0,2946.0,7225.0,0.0,0.0,2066.0,880.0,1204.0,762.0
1.0,14229.0,3083.0,2930.0,2970.0,0.0,0.0,2048.0,882.0,1965.0,1118.0
1.0,14116.0,4108.0,2955.0,0.0,1812.0,1812.0,2062.0,893.0,2856.0,1252.0
1.0,10008.0,4020.0,2995.0,0.0,5992.0,5992.0,2093.0,902.0,2994.0,1026.0
1.0,5988.0,2937.0,3014.0,1812.0,7193.0,7193.0,2113.0,901.0,2251.0,686.0
1.0,4863.0,1924.0,2991.0,5992.0,3033.0,3033.0,2101.0,890.0,1369.0,555.0
1.0,8931.0,1982.0,2952.0,7193.0,0.0,0.0,2071.0,881.0,1217.0,765.0
1.0,14142.0,3051.0,2935.0,3033.0,0.0,0.0,2052.0,883.0,1946.0,1105.0
1.0,14124.0,4079.0,2960.0,0.0,1795.0,1795.0,2065.0,895.0,2834.0,1245.0
1.0,10045.0,4034.0,3001.0,0.0,5993.0,5993.0,2097.0,904.0,2998.0,1036.0
1.0,6011.0,2940.0,3019.0,1795.0,7210.0,7210.0,2116.0,903.0,2252.0,688.0
1.0,4866.0,1877.0,2996.0,5993.0,3002.0,3002.0,2104.0,892.0,1329.0,548.0
1.0,8982.0,1906.0,2955.0,7210.0,0.0,0.0,2072.0,883.0,1154.0,752.0
1.0,14286.0,2979.0,2936.0,3002.0,0.0,0.0,2052.0,884.0,1888.0,1091.0
1.0,14309.0,4031.0,2959.0,0.0,1558.0,1558.0,2064.0,895.0,2805.0,1226.0
1.0,10278.0,4027.0,3002.0,0.0,5757.0,5757.0,2097.0,905.0,2998.0,1029.0
1.0,6251.0,2976.0,3021.0,1558.0,7251.0,7251.0,2117.0,904.0,2276.0,700.0
1.0,4833.0,1920.0,2999.0,5757.0,3326.0,3326.0,2105.0,894.0,1355.0,565.0
1.0,8670.0,1903.0,2958.0,7251.0,0.0,0.0,2073.0,885.0,1149.0,754.0
1.0,14018.0,2960.0,2939.0,3326.0,0.0,0.0,2053.0,886.0,1877.0,1083.0
1.0,14384.0,4024.0,2963.0,0.0,1492.0,1492.0,2066.0,897.0,2810.0,1214.0
1.0,10360.0,4035.0,3005.0,0.0,5695.0,5695.0,2098.0,907.0,3013.0,1022.0
1.0,6325.0,2971.0,3025.0,1492.0,7254.0,7254.0,2119.0,906.0,2274.0,697.0
1.0,4846.0,1894.0,3002.0,5695.0,3361.0,3361.0,2107.0,895.0,1331.0,563.0
1.0,8647.0,1895.0,2961.0,7254.0,0.0,0.0,2075.0,886.0,1136.0,759.0
1.0,14006.0,2962.0,2942.0,3361.0,0.0,0.0,2055.0,887.0,1877.0,1085.0
1.0,14405.0,4054.0,2965.0,0.0,1509.0,1509.0,2067.0,898.0,2836.0,1218.0
1.0,10351.0,4094.0,3007.0,0.0,5771.0,5771.0,2100.0,907.0,3071.0,1023.0
1.0,6257.0,3023.0,3028.0,1509.0,7369.0,7369.0,2122.0,906.0,2325.0,698.0
1.0,4743.0,1943.0,3008.0,5771.0,3461.0,3461.0,2112.0,896.0,1376.0,567.0
1.0,8571.0,1916.0,2967.0,7369.0,0.0,0.0,2080.0,887.0,1145.0,771.0
1.0,14024.0,2975.0,2948.0,3461.0,0.0,0.0,2060.0,888.0,1876.0,1099.0
1.0,14510.0,4062.0,2970.0,0.0,1432.0,1432.0,2072.0,898.0,2836.0,1226.0
1.0,10448.0,4098.0,3013.0,0.0,5702.0,5702.0,2105.0,908.0,3073.0,1025.0
1.0,6350.0,3069.0,3034.0,1432.0,7423.0,7423.0,2127.0,907.0,2358.0,711.0
1.0,4713.0,1980.0,3014.0,5702.0,3621.0,3621.0,2117.0,897.0,1395.0,585.0
1.0,8435.0,1923.0,2972.0,7423.0,0.0,0.0,2085.0,887.0,1153.0,770.0
1.0,13935.0,2989.0,2953.0,3621.0,0.0,0.0,2065.0,888.0,1903.0,1086.0
1.0,14567.0,4090.0,2976.0,0.0,1427.0,1427.0,2077.0,899.0,2868.0,1222.0
1.0,10477.0,4148.0,3018.0,0.0,5743.0,5743.0,2110.0,908.0,3103.0,1045.0
1.0,6329.0,3088.0,3039.0,1427.0,7488.0,7488.0,2132.0,907.0,2365.0,723.0
1.0,4668.0,1984.0,3019.0,5743.0,3649.0,3649.0,2122.0,897.0,1394.0,590.0
1.0,8427.0,1936.0,2977.0,7488.0,0.0,0.0,2089.0,888.0,1162.0,774.0
1.0,13979.0,2978.0,2957.0,3649.0,0.0,0.0,2068.0,889.0,1885.0,1093.0
1.0,14650.0,4088.0,2978.0,0.0,1350.0,1350.0,2079.0,899.0,2850.0,1238.0
1.0,10562.0,4158.0,3021.0,0.0,5680.0,5680.0,2112.0,909.0,3098.0,1060.0
1.0,6404.0,3123.0,3044.0,1350.0,7545.0,7545.0,2135.0,909.0,2389.0,734.0
1.0,4631.0,2007.0,3022.0,5680.0,3784.0,3784.0,2124.0,898.0,1421.0,586.0
1.0,8304.0,1911.0,2980.0,7545.0,0.0,0.0,2091.0,889.0,1150.0,761.0
1.0,13938.0,2935.0,2959.0,3784.0,0.0,0.0,2069.0,890.0,1851.0,1084.0
1.0,14787.0,4063.0,2981.0,0.0,1200.0,1200.0,2081.0,900.0,2826.0,1237.0
1.0,10724.0,4162.0,3024.0,0.0,5534.0,5534.0,2114.0,910.0,3086.0,1076.0
1.0,6562.0,3137.0,3047.0,1200.0,7563.0,7563.0,2137.0,910.0,2384.0,753.0
1.0,4625.0,1993.0,3026.0,5534.0,3938.0,3938.0,2126.0,900.0,1400.0,593.0
1.0,8166.0,1898.0,2983.0,7563.0,0.0,0.0,2093.0,890.0,1142.0,756.0
1.0,13831.0,2927.0,2962.0,3938.0,0.0,0.0,2071.0,891.0,1852.0,1075.0
1.0,14842.0,4060.0,2985.0,0.0,1158.0,1158.0,2083.0,902.0,2834.0,1226.0
1.0,10782.0,4161.0,3027.0,0.0,5487.0,5487.0,2116.0,911.0,3098.0,1063.0
1.0,6621.0,3107.0,3049.0,1158.0,7524.0,7524.0,2138.0,911.0,2358.0,749.0
1.0,4672.0,1957.0,3028.0,5487.0,3910.0,3910.0,2127.0,901.0,1367.0,590.0
1.0,8202.0,1862.0,2985.0,7524.0,0.0,0.0,2093.0,892.0,1109.0,753.0
1.0,13864.0,2926.0,2964.0,3910.0,0.0,0.0,2072.0,892.0,1855.0,1071.0
1.0,14848.0,4057.0,2986.0,0.0,1153.0,1153.0,2083.0,903.0,2838.0,1219.0
1.0,10791.0,4151.0,3029.0,0.0,5476.0,5476.0,2117.0,912.0,3101.0,1050.0
1.0,6640.0,3129.0,3053.0,1153.0,7548.0,7548.0,2141.0,912.0,2386.0,743.0
1.0,4664.0,1992.0,3034.0,5476.0,3988.0,3988.0,2131.0,903.0,1396.0,596.0
1.0,8148.0,1895.0,2992.0,7548.0,0.0,0.0,2099.0,893.0,1147.0,748.0
1.0,13801.0,2918.0,2971.0,3988.0,0.0,0.0,2077.0,894.0,1851.0,1067.0
1.0,14871.0,4030.0,2991.0,0.0,1123.0,1123.0,2087.0,904.0,2813.0,1217.0
1.0,10841.0,4128.0,3034.0,0.0,5423.0,5423.0,2120.0,914.0,3073.0,1055.0
1.0,6713.0,3116.0,3057.0,1123.0,7508.0,7508.0,2144.0,913.0,2373.0,743.0
1.0,4720.0,2003.0,3039.0,5423.0,4016.0,4016.0,2135.0,904.0,1404.0,599.0
1.0,8140.0,1913.0,2998.0,7508.0,0.0,0.0,2103.0,895.0,1157.0,756.0
1.0,13735.0,2927.0,2977.0,4016.0,0.0,0.0,2081.0,896.0,1870.0,1057.0
1.0,14824.0,4027.0,2998.0,0.0,1195.0,1195.0,2092.0,906.0,2821.0,1206.0
1.0,10797.0,4119.0,3040.0,0.0,5482.0,5482.0,2125.0,915.0,3060.0,1059.0
1.0,6678.0,3092.0,3063.0,1195.0,7471.0,7471.0,2148.0,915.0,2333.0,759.0
1.0,4781.0,2010.0,3045.0,5482.0,3927.0,3927.0,2139.0,906.0,1407.0,603.0
1.0,8253.0,1926.0,3004.0,7471.0,0.0,0.0,2107.0,897.0,1179.0,747.0
1.0,13798.0,2938.0,2981.0,3927.0,0.0,0.0,2084.0,897.0,1887.0,1051.0
1.0,14787.0,4046.0,3001.0,0.0,1263.0,1263.0,2094.0,907.0,2832.0,1214.0
1.0,10741.0,4119.0,3043.0,0.0,5550.0,5550.0,2126.0,917.0,3056.0,1063.0
1.0,6622.0,3085.0,3065.0,1263.0,7460.0,7460.0,2149.0,916.0,2335.0,750.0
1.0,4800.0,1983.0,3047.0,5550.0,3821.0,3821.0,2140.0,907.0,1386.0,597.0
1.0,8367.0,1907.0,3005.0,7460.0,0.0,0.0,2107.0,898.0,1149.0,758.0
1.0,13920.0,2959.0,2984.0,3821.0,0.0,0.0,2085.0,899.0,1892.0,1067.0
1.0,14782.0,4087.0,3002.0,0.0,1313.0,1313.0,2094.0,908.0,2868.0,1219.0
1.0,10695.0,4159.0,3045.0,0.0,5644.0,5644.0,2127.0,918.0,3096.0,1063.0
1.0,6536.0,3111.0,3067.0,1313.0,7530.0,7530.0,2150.0,917.0,2353.0,758.0
1.0,4738.0,1989.0,3048.0,5644.0,3799.0,3799.0,2140.0,908.0,1377.0,612.0
1.0,8393.0,1919.0,3006.0,7530.0,0.0,0.0,2107.0,899.0,1152.0,767.0
1.0,14004.0,2989.0,2984.0,3799.0,0.0,0.0,2084.0,900.0,1907.0,1082.0
1.0,14814.0,4128.0,3004.0,0.0,1330.0,1330.0,2094.0,910.0,2899.0,1229.0
1.0,10686.0,4187.0,3047.0,0.0,5689.0,5689.0,2128.0,919.0,3131.0,1056.0
1.0,6499.0,3104.0,3069.0,1330.0,7551.0,7551.0,2151.0,918.0,2361.0,743.0
1.0,4725.0,1990.0,3050.0,5689.0,3776.0,3776.0,2141.0,909.0,1382.0,608.0
1.0,8424.0,1941.0,3009.0,7551.0,0.0,0.0,2109.0,900.0,1157.0,784.0
1.0,14034.0,3021.0,2987.0,3776.0,0.0,0.0,2086.0,901.0,1926.0,1095.0
1.0,14789.0,4153.0,3006.0,0.0,1388.0,1388.0,2096.0,910.0,2922.0,1231.0
1.0,10636.0,4168.0,3049.0,0.0,5728.0,5728.0,2129.0,920.0,3112.0,1056.0
1.0,6468.0,3089.0,3071.0,1388.0,7517.0,7517.0,2152.0,919.0,2344.0,745.0
1.0,4767.0,1982.0,3053.0,5728.0,3699.0,3699.0,2143.0,910.0,1376.0,606.0
1.0,8513.0,1977.0,3012.0,7517.0,0.0,0.0,2111.0,901.0,1189.0,788.0
1.0,14053.0,3091.0,2992.0,3699.0,0.0,0.0,2090.0,902.0,1988.0,1103.0
1.0,14661.0,4191.0,3012.0,0.0,1578.0,1578.0,2101.0,911.0,2959.0,1232.0
1.0,10470.0,4178.0,3054.0,0.0,5924.0,5924.0,2134.0,920.0,3130.0,1048.0
1.0,6292.0,3045.0,3077.0,1578.0,7483.0,7483.0,2157.0,920.0,2305.0,740.0
1.0,4825.0,1961.0,3058.0,5924.0,3444.0,3444.0,2147.0,911.0,1348.0,613.0
1.0,8788.0,1992.0,3018.0,7483.0,0.0,0.0,2116.0,902.0,1200.0,792.0
1.0,14279.0,3111.0,2998.0,3444.0,0.0,0.0,2095.0,903.0,2016.0,1095.0
1.0,14612.0,4191.0,3019.0,0.0,1655.0,1655.0,2107.0,912.0,2967.0,1224.0
1.0,10421.0,4140.0,3061.0,0.0,5963.0,5963.0,2140.0,921.0,3097.0,1043.0
1.0,6281.0,2998.0,3082.0,1655.0,7390.0,7390.0,2162.0,920.0,2261.0,737.0
1.0,4938.0,1913.0,3063.0,5963.0,3264.0,3264.0,2151.0,912.0,1308.0,605.0
1.0,8988.0,1962.0,3023.0,7390.0,0.0,0.0,2120.0,903.0,1181.0,781.0
1.0,14416.0,3111.0,3003.0,3264.0,0.0,0.0,2099.0,904.0,2025.0,1086.0
1.0,14569.0,4219.0,3024.0,0.0,1746.0,1746.0,2111.0,913.0,2990.0,1229.0
1.0,10350.0,4135.0,3065.0,0.0,6045.0,6045.0,2143.0,922.0,3088.0,1047.0
1.0,6215.0,2934.0,3085.0,1746.0,7313.0,7313.0,2164.0,921.0,2209.0,725.0
1.0,5027.0,1828.0,3064.0,6045.0,3012.0,3012.0,2152.0,912.0,1237.0,591.0
1.0,9244.0,1930.0,3024.0,7313.0,0.0,0.0,2120.0,904.0,1147.0,783.0
1.0,14627.0,3138.0,3005.0,3012.0,0.0,0.0,2100.0,905.0,2032.0,1106.0
1.0,14501.0,4241.0,3026.0,0.0,1844.0,1844.0,2112.0,914.0,2996.0,1245.0
1.0,10260.0,4124.0,3067.0,0.0,6132.0,6132.0,2144.0,923.0,3066.0,1058.0
1.0,6136.0,2922.0,3086.0,1844.0,7286.0,7286.0,2163.0,923.0,2191.0,731.0
1.0,5058.0,1824.0,3065.0,6132.0,2894.0,2894.0,2151.0,914.0,1229.0,595.0
1.0,9366.0,1927.0,3025.0,7286.0,0.0,0.0,2119.0,906.0,1148.0,779.0
1.0,14725.0,3133.0,3005.0,2894.0,0.0,0.0,2099.0,906.0,2034.0,1099.0
1.0,14486.0,4236.0,3028.0,0.0,1862.0,1862.0,2112.0,916.0,2994.0,1242.0
1.0,10250.0,4151.0,3069.0,0.0,6177.0,6177.0,2144.0,925.0,3083.0,1068.0
1.0,6099.0,2973.0,3089.0,1862.0,7368.0,7368.0,2164.0,925.0,2226.0,747.0
1.0,4988.0,1872.0,3069.0,6177.0,2983.0,2983.0,2153.0,916.0,1276.0,596.0
1.0,9293.0,1964.0,3029.0,7368.0,0.0,0.0,2121.0,908.0,1188.0,776.0
1.0,14697.0,3164.0,3010.0,2983.0,0.0,0.0,2102.0,908.0,2064.0,1100.0
1.0,14516.0,4260.0,3033.0,0.0,1876.0,1876.0,2115.0,918.0,3019.0,1241.0
1.0,10256.0,4155.0,3075.0,0.0,6199.0,6199.0,2148.0,927.0,3092.0,1063.0
1.0,6101.0,2979.0,3095.0,1876.0,7382.0,7382.0,2168.0,927.0,2220.0,759.0
1.0,4998.0,1920.0,3075.0,6199.0,3023.0,3023.0,2157.0,918.0,1291.0,629.0
1.0,9277.0,2012.0,3035.0,7382.0,0.0,0.0,2125.0,910.0,1214.0,798.0
1.0,14647.0,3197.0,3017.0,3023.0,0.0,0.0,2106.0,911.0,2099.0,1098.0
1.0,14473.0,4266.0,3039.0,0.0,1949.0,1949.0,2119.0,920.0,3045.0,1221.0
1.0,10207.0,4174.0,3081.0,0.0,6291.0,6291.0,2153.0,928.0,3116.0,1058.0
1.0,6033.0,3012.0,3102.0,1949.0,7438.0,7438.0,2174.0,928.0,2244.0,768.0
1.0,4970.0,1923.0,3082.0,6291.0,2990.0,2990.0,2162.0,920.0,1291.0,632.0
1.0,9338.0,2022.0,3041.0,7438.0,0.0,0.0,2130.0,911.0,1231.0,791.0
1.0,14754.0,3200.0,3022.0,2990.0,0.0,0.0,2110.0,912.0,2111.0,1089.0
1.0,14544.0,4286.0,3044.0,0.0,1918.0,1918.0,2123.0,921.0,3053.0,1233.0
1.0,10258.0,4191.0,3087.0,0.0,6281.0,6281.0,2157.0,930.0,3120.0,1071.0
1.0,6067.0,3018.0,3108.0,1918.0,7465.0,7465.0,2178.0,930.0,2250.0,768.0
1.0,4967.0,1953.0,3087.0,6281.0,3053.0,3053.0,2166.0,921.0,1320.0,633.0
1.0,9295.0,2063.0,3047.0,7465.0,0.0,0.0,2134.0,913.0,1265.0,798.0
1.0,14697.0,3231.0,3030.0,3053.0,0.0,0.0,2116.0,914.0,2133.0,1098.0
1.0,14519.0,4278.0,3052.0,0.0,1967.0,1967.0,2129.0,923.0,3046.0,1232.0
1.0,10241.0,4145.0,3094.0,0.0,6280.0,6280.0,2162.0,932.0,3085.0,1060.0
1.0,6096.0,2972.0,3113.0,1967.0,7361.0,7361.0,2182.0,931.0,2218.0,754.0
1.0,5091.0,1919.0,3090.0,6280.0,2908.0,2908.0,2168.0,922.0,1299.0,620.0
1.0,9452.0,2045.0,3048.0,7361.0,0.0,0.0,2135.0,913.0,1247.0,798.0
1.0,14768.0,3226.0,3031.0,2908.0,0.0,0.0,2116.0,915.0,2115.0,1111.0
1.0,14450.0,4241.0,3053.0,0.0,2003.0,2003.0,2129.0,924.0,3003.0,1238.0
1.0,10209.0,4101.0,3095.0,0.0,6272.0,6272.0,2162.0,933.0,3050.0,1051.0
1.0,6108.0,2938.0,3113.0,2003.0,7279.0,7279.0,2181.0,932.0,2200.0,738.0
1.0,5173.0,1929.0,3090.0,6272.0,2844.0,2844.0,2168.0,922.0,1319.0,610.0
1.0,9516.0,2072.0,3049.0,7279.0,0.0,0.0,2135.0,914.0,1278.0,794.0
1.0,14723.0,3212.0,3031.0,2844.0,0.0,0.0,2116.0,915.0,2095.0,1117.0
1.0,14355.0,4223.0,3055.0,0.0,2088.0,2088.0,2130.0,925.0,2973.0,1250.0
1.0,10132.0,4058.0,3097.0,0.0,6314.0,6314.0,2163.0,934.0,3005.0,1053.0
1.0,6074.0,2934.0,3115.0,2088.0,7232.0,7232.0,2182.0,933.0,2201.0,733.0
1.0,5228.0,1949.0,3093.0,6314.0,2779.0,2779.0,2169.0,924.0,1336.0,613.0
1.0,9593.0,2076.0,3051.0,7232.0,0.0,0.0,2136.0,915.0,1281.0,795.0
1.0,14749.0,3216.0,3034.0,2779.0,0.0,0.0,2117.0,917.0,2108.0,1108.0
1.0,14312.0,4198.0,3058.0,0.0,2118.0,2118.0,2132.0,926.0,2964.0,1234.0
1.0,10114.0,4055.0,3101.0,0.0,6345.0,6345.0,2166.0,935.0,3006.0,1049.0
1.0,6059.0,2910.0,3120.0,2118.0,7213.0,7213.0,2186.0,934.0,2178.0,732.0
1.0,5267.0,1940.0,3097.0,6345.0,2716.0,2716.0,2172.0,925.0,1337.0,603.0
1.0,9672.0,2126.0,3056.0,7213.0,0.0,0.0,2140.0,916.0,1334.0,792.0
1.0,14759.0,3272.0,3040.0,2716.0,0.0,0.0,2123.0,917.0,2156.0,1116.0
1.0,14203.0,4220.0,3065.0,0.0,2277.0,2277.0,2138.0,927.0,2978.0,1242.0
1.0,9983.0,4037.0,3108.0,0.0,6486.0,6486.0,2172.0,936.0,2986.0,1051.0
1.0,5946.0,2897.0,3126.0,2277.0,7178.0,7178.0,2191.0,935.0,2164.0,733.0
1.0,5326.0,1943.0,3103.0,6486.0,2543.0,2543.0,2178.0,925.0,1345.0,598.0
1.0,9869.0,2150.0,3062.0,7178.0,0.0,0.0,2146.0,916.0,1356.0,794.0
1.0,14897.0,3299.0,3046.0,2543.0,0.0,0.0,2129.0,917.0,2181.0,1118.0
1.0,14141.0,4242.0,3071.0,0.0,2385.0,2385.0,2144.0,927.0,2999.0,1243.0
1.0,9899.0,4048.0,3113.0,0.0,6601.0,6601.0,2177.0,936.0,2985.0,1063.0
1.0,5851.0,2892.0,3130.0,2385.0,7176.0,7176.0,2195.0,935.0,2142.0,750.0
1.0,5344.0,1946.0,3107.0,6601.0,2429.0,2429.0,2181.0,926.0,1321.0,625.0
1.0,9999.0,2161.0,3067.0,7176.0,0.0,0.0,2149.0,918.0,1357.0,804.0
1.0,15014.0,3334.0,3051.0,2429.0,0.0,0.0,2132.0,919.0,2224.0,1110.0
1.0,14109.0,4274.0,3076.0,0.0,2469.0,2469.0,2148.0,928.0,3038.0,1236.0
1.0,9835.0,4056.0,3117.0,0.0,6689.0,6689.0,2181.0,936.0,3000.0,1056.0
1.0,5779.0,2892.0,3133.0,2469.0,7176.0,7176.0,2198.0,935.0,2131.0,761.0
1.0,5356.0,1948.0,3110.0,6689.0,2343.0,2343.0,2183.0,927.0,1306.0,642.0
1.0,10097.0,2180.0,3070.0,7176.0,0.0,0.0,2151.0,919.0,1357.0,823.0
1.0,15093.0,3366.0,3054.0,2343.0,0.0,0.0,2134.0,920.0,2244.0,1122.0
1.0,14070.0,4316.0,3079.0,0.0,2562.0,2562.0,2150.0,929.0,3069.0,1247.0
1.0,9754.0,4091.0,3121.0,0.0,6821.0,6821.0,2183.0,938.0,3016.0,1075.0
1.0,5663.0,2898.0,3138.0,2562.0,7225.0,7225.0,2200.0,938.0,2126.0,772.0
1.0,5327.0,1937.0,3113.0,6821.0,2241.0,2241.0,2184.0,929.0,1291.0,646.0
1.0,10211.0,2187.0,3073.0,7225.0,0.0,0.0,2152.0,921.0,1369.0,818.0
1.0,15249.0,3387.0,3058.0,2241.0,0.0,0.0,2136.0,922.0,2272.0,1115.0
1.0,14103.0,4318.0,3083.0,0.0,2547.0,2547.0,2152.0,931.0,3074.0,1244.0
1.0,9785.0,4076.0,3124.0,0.0,6787.0,6787.0,2184.0,940.0,2999.0,1077.0
1.0,5709.0,2899.0,3139.0,2547.0,7199.0,7199.0,2200.0,939.0,2116.0,783.0
1.0,5357.0,1945.0,3115.0,6787.0,2261.0,2261.0,2184.0,931.0,1297.0,648.0
1.0,10199.0,2187.0,3075.0,7199.0,0.0,0.0,2152.0,923.0,1369.0,818.0
1.0,15211.0,3383.0,3060.0,2261.0,0.0,0.0,2136.0,924.0,2267.0,1116.0
1.0,14089.0,4326.0,3086.0,0.0,2581.0,2581.0,2153.0,933.0,3090.0,1236.0
1.0,9763.0,4097.0,3128.0,0.0,6846.0,6846.0,2186.0,942.0,3027.0,1070.0
1.0,5666.0,2900.0,3144.0,2581.0,7229.0,7229.0,2203.0,941.0,2125.0,775.0
1.0,5347.0,1952.0,3119.0,6846.0,2235.0,2235.0,2187.0,932.0,1299.0,653.0
1.0,10241.0,2198.0,3080.0,7229.0,0.0,0.0,2156.0,924.0,1378.0,820.0
1.0,15272.0,3385.0,3067.0,2235.0,0.0,0.0,2141.0,926.0,2274.0,1111.0
1.0,14122.0,4309.0,3093.0,0.0,2559.0,2559.0,2158.0,935.0,3086.0,1223.0
1.0,9813.0,4076.0,3134.0,0.0,6799.0,6799.0,2191.0,943.0,3022.0,1054.0
1.0,5737.0,2917.0,3151.0,2559.0,7225.0,7225.0,2208.0,943.0,2140.0,777.0
1.0,5379.0,1982.0,3127.0,6799.0,2312.0,2312.0,2193.0,934.0,1326.0,656.0
1.0,10196.0,2195.0,3088.0,7225.0,0.0,0.0,2162.0,926.0,1381.0,814.0
1.0,15226.0,3356.0,3075.0,2312.0,0.0,0.0,2148.0,927.0,2262.0,1094.0
1.0,14182.0,4300.0,3101.0,0.0,2522.0,2522.0,2165.0,936.0,3090.0,1210.0
1.0,9882.0,4061.0,3141.0,0.0,6743.0,6743.0,2197.0,944.0,3016.0,1045.0
1.0,5821.0,2874.0,3157.0,2522.0,7159.0,7159.0,2213.0,944.0,2111.0,763.0
1.0,5469.0,1946.0,3133.0,6743.0,2266.0,2266.0,2198.0,935.0,1293.0,653.0
1.0,10266.0,2191.0,3094.0,7159.0,0.0,0.0,2167.0,927.0,1372.0,819.0
1.0,15234.0,3373.0,3081.0,2266.0,0.0,0.0,2153.0,928.0,2275.0,1098.0
1.0,14127.0,4305.0,3107.0,0.0,2606.0,2606.0,2170.0,937.0,3093.0,1212.0
1.0,9822.0,4034.0,3147.0,0.0,6800.0,6800.0,2202.0,945.0,2999.0,1035.0
1.0,5788.0,2835.0,3161.0,2606.0,7085.0,7085.0,2217.0,944.0,2086.0,749.0
1.0,5559.0,1909.0,3135.0,6800.0,2090.0,2090.0,2200.0,935.0,1265.0,644.0
1.0,10450.0,2191.0,3097.0,7085.0,0.0,0.0,2169.0,928.0,1360.0,831.0
1.0,15344.0,3378.0,3084.0,2090.0,0.0,0.0,2155.0,929.0,2264.0,1114.0
1.0,14056.0,4292.0,3110.0,0.0,2676.0,2676.0,2172.0,938.0,3074.0,1218.0
1.0,9764.0,4027.0,3150.0,0.0,6863.0,6863.0,2204.0,946.0,2995.0,1032.0
1.0,5737.0,2833.0,3163.0,2676.0,7072.0,7072.0,2218.0,945.0,2091.0,742.0
1.0,5580.0,1921.0,3137.0,6863.0,2026.0,2026.0,2201.0,936.0,1278.0,643.0
1.0,10522.0,2179.0,3097.0,7072.0,0.0,0.0,2169.0,928.0,1346.0,833.0
1.0,15415.0,3371.0,3085.0,2026.0,0.0,0.0,2155.0,930.0,2246.0,1125.0
1.0,14070.0,4301.0,3112.0,0.0,2679.0,2679.0,2173.0,939.0,3074.0,1227.0
1.0,9769.0,4038.0,3152.0,0.0,6877.0,6877.0,2205.0,947.0,3003.0,1035.0
1.0,5731.0,2855.0,3165.0,2679.0,7105.0,7105.0,2220.0,945.0,2111.0,744.0
1.0,5555.0,1961.0,3139.0,6877.0,2085.0,2085.0,2202.0,937.0,1308.0,653.0
1.0,10471.0,2230.0,3099.0,7105.0,0.0,0.0,2170.0,929.0,1386.0,844.0
1.0,15346.0,3430.0,3087.0,2085.0,0.0,0.0,2156.0,931.0,2282.0,1148.0
1.0,14001.0,4343.0,3115.0,0.0,2802.0,2802.0,2175.0,940.0,3097.0,1246.0
1.0,9658.0,4052.0,3156.0,0.0,7018.0,7018.0,2208.0,948.0,3010.0,1042.0
1.0,5606.0,2875.0,3169.0,2802.0,7143.0,7143.0,2223.0,946.0,2128.0,747.0
1.0,5533.0,1973.0,3143.0,7018.0,1994.0,1994.0,2205.0,938.0,1317.0,656.0
1.0,10578.0,2246.0,3102.0,7143.0,0.0,0.0,2172.0,930.0,1391.0,855.0
1.0,15475.0,3450.0,3091.0,1994.0,0.0,0.0,2159.0,932.0,2295.0,1155.0
1.0,14019.0,4370.0,3119.0,0.0,2827.0,2827.0,2178.0,941.0,3116.0,1254.0
1.0,9649.0,4090.0,3160.0,0.0,7081.0,7081.0,2211.0,949.0,3035.0,1055.0
1.0,5559.0,2880.0,3173.0,2827.0,7186.0,7186.0,2226.0,947.0,2131.0,749.0
1.0,5506.0,1973.0,3146.0,7081.0,1970.0,1970.0,2208.0,938.0,1329.0,644.0
1.0,10614.0,2266.0,3107.0,7186.0,0.0,0.0,2176.0,931.0,1417.0,849.0
1.0,15534.0,3490.0,3095.0,1970.0,0.0,0.0,2163.0,932.0,2331.0,1159.0
1.0,14014.0,4413.0,3124.0,0.0,2895.0,2895.0,2183.0,941.0,3149.0,1264.0
1.0,9601.0,4096.0,3165.0,0.0,7155.0,7155.0,2216.0,949.0,3035.0,1061.0
1.0,5505.0,2853.0,3178.0,2895.0,7165.0,7165.0,2230.0,948.0,2107.0,746.0
1.0,5547.0,1940.0,3151.0,7155.0,1842.0,1842.0,2212.0,939.0,1296.0,644.0
1.0,10762.0,2283.0,3112.0,7165.0,0.0,0.0,2180.0,932.0,1428.0,855.0
1.0,15644.0,3537.0,3100.0,1842.0,0.0,0.0,2167.0,933.0,2371.0,1166.0
1.0,13949.0,4462.0,3131.0,0.0,3037.0,3037.0,2188.0,943.0,3196.0,1266.0
1.0,9487.0,4127.0,3173.0,0.0,7332.0,7332.0,2222.0,951.0,3072.0,1055.0
1.0,5360.0,2842.0,3185.0,3037.0,7185.0,7185.0,2236.0,949.0,2095.0,747.0
1.0,5555.0,1891.0,3156.0,7332.0,1628.0,1628.0,2216.0,940.0,1245.0,646.0
1.0,10996.0,2202.0,3116.0,7185.0,0.0,0.0,2183.0,933.0,1353.0,849.0
1.0,15979.0,3469.0,3104.0,1628.0,0.0,0.0,2169.0,935.0,2312.0,1157.0
1.0,14138.0,4413.0,3132.0,0.0,2803.0,2803.0,2188.0,944.0,3155.0,1258.0
1.0,9725.0,4105.0,3174.0,0.0,7076.0,7076.0,2222.0,952.0,3051.0,1054.0
1.0,5620.0,2833.0,3186.0,2803.0,7154.0,7154.0,2235.0,951.0,2094.0,739.0
1.0,5590.0,1891.0,3158.0,7076.0,1857.0,1857.0,2216.0,942.0,1251.0,640.0
1.0,10775.0,2212.0,3118.0,7154.0,0.0,0.0,2183.0,935.0,1359.0,853.0
1.0,15717.0,3460.0,3106.0,1857.0,0.0,0.0,2169.0,937.0,2298.0,1162.0
1.0,14114.0,4398.0,3135.0,0.0,2824.0,2824.0,2188.0,947.0,3136.0,1262.0
1.0,9716.0,4057.0,3176.0,0.0,7045.0,7045.0,2222.0,954.0,3012.0,1045.0
1.0,5659.0,2795.0,3188.0,2824.0,7064.0,7064.0,2235.0,953.0,2070.0,725.0
1.0,5688.0,1873.0,3158.0,7045.0,1772.0,1772.0,2215.0,943.0,1252.0,621.0
1.0,10860.0,2203.0,3118.0,7064.0,0.0,0.0,2182.0,936.0,1365.0,838.0
1.0,15721.0,3476.0,3108.0,1772.0,0.0,0.0,2169.0,939.0,2314.0,1162.0
1.0,14017.0,4415.0,3138.0,0.0,2950.0,2950.0,2189.0,949.0,3147.0,1268.0
1.0,9602.0,4101.0,3180.0,0.0,7219.0,7219.0,2224.0,956.0,3049.0,1052.0
1.0,5501.0,2812.0,3192.0,2950.0,7129.0,7129.0,2238.0,954.0,2091.0,721.0
1.0,5639.0,1860.0,3163.0,7219.0,1654.0,1654.0,2218.0,945.0,1250.0,610.0
1.0,10998.0,2189.0,3122.0,7129.0,0.0,0.0,2185.0,937.0,1361.0,828.0
1.0,15938.0,3495.0,3113.0,1654.0,0.0,0.0,2173.0,940.0,2338.0,1157.0
1.0,14097.0,4477.0,3144.0,0.0,2956.0,2956.0,2194.0,950.0,3201.0,1276.0
1.0,9620.0,4142.0,3187.0,0.0,7270.0,7270.0,2229.0,958.0,3081.0,1061.0
1.0,5478.0,2822.0,3199.0,2956.0,7184.0,7184.0,2243.0,956.0,2099.0,723.0
1.0,5612.0,1843.0,3170.0,7270.0,1641.0,1641.0,2224.0,946.0,1232.0,611.0
1.0,11039.0,2183.0,3128.0,7184.0,0.0,0.0,2190.0,938.0,1347.0,836.0
1.0,16040.0,3496.0,3118.0,1641.0,0.0,0.0,2177.0,941.0,2326.0,1170.0
1.0,14185.0,4472.0,3149.0,0.0,2883.0,2883.0,2198.0,951.0,3198.0,1274.0
1.0,9713.0,4148.0,3192.0,0.0,7203.0,7203.0,2233.0,959.0,3104.0,1044.0
1.0,5565.0,2858.0,3203.0,2883.0,7222.0,7222.0,2247.0,956.0,2137.0,721.0
1.0,5590.0,1887.0,3174.0,7203.0,1790.0,1790.0,2228.0,946.0,1263.0,624.0
1.0,10906.0,2231.0,3134.0,7222.0,0.0,0.0,2195.0,939.0,1378.0,853.0
1.0,15897.0,3544.0,3123.0,1790.0,0.0,0.0,2182.0,941.0,2362.0,1182.0
1.0,14143.0,4482.0,3155.0,0.0,2959.0,2959.0,2203.0,952.0,3205.0,1277.0
1.0,9661.0,4131.0,3196.0,0.0,7254.0,7254.0,2237.0,959.0,3081.0,1050.0
1.0,5530.0,2855.0,3208.0,2959.0,7198.0,7198.0,2251.0,957.0,2125.0,730.0
1.0,5634.0,1925.0,3178.0,7254.0,1749.0,1749.0,2231.0,947.0,1286.0,639.0
1.0,10963.0,2275.0,3138.0,7198.0,0.0,0.0,2199.0,939.0,1408.0,867.0
1.0,15886.0,3550.0,3128.0,1749.0,0.0,0.0,2186.0,942.0,2355.0,1195.0
1.0,14085.0,4477.0,3158.0,0.0,3024.0,3024.0,2206.0,952.0,3189.0,1288.0
1.0,9608.0,4156.0,3200.0,0.0,7348.0,7348.0,2240.0,960.0,3104.0,1052.0
1.0,5452.0,2879.0,3212.0,3024.0,7251.0,7251.0,2254.0,958.0,2154.0,725.0
1.0,5597.0,1919.0,3182.0,7348.0,1702.0,1702.0,2234.0,948.0,1285.0,634.0
1.0,11026.0,2240.0,3140.0,7251.0,0.0,0.0,2200.0,940.0,1366.0,874.0
1.0,16037.0,3513.0,3129.0,1702.0,0.0,0.0,2186.0,943.0,2316.0,1197.0
1.0,14226.0,4487.0,3160.0,0.0,2901.0,2901.0,2207.0,953.0,3202.0,1285.0
1.0,9739.0,4164.0,3203.0,0.0,7237.0,7237.0,2242.0,961.0,3119.0,1045.0
1.0,5575.0,2888.0,3214.0,2901.0,7268.0,7268.0,2256.0,958.0,2163.0,725.0
1.0,5588.0,1929.0,3183.0,7237.0,1836.0,1836.0,2235.0,948.0,1289.0,640.0
1.0,10896.0,2232.0,3141.0,7268.0,0.0,0.0,2200.0,941.0,1355.0,877.0
1.0,15932.0,3490.0,3129.0,1836.0,0.0,0.0,2185.0,944.0,2294.0,1196.0
1.0,14278.0,4455.0,3160.0,0.0,2817.0,2817.0,2206.0,954.0,3171.0,1284.0
1.0,9823.0,4177.0,3204.0,0.0,7170.0,7170.0,2242.0,962.0,3125.0,1052.0
1.0,5646.0,2912.0,3217.0,2817.0,7317.0,7317.0,2258.0,959.0,2182.0,730.0
1.0,5551.0,1967.0,3188.0,7170.0,1998.0,1998.0,2239.0,949.0,1329.0,638.0
1.0,10754.0,2259.0,3147.0,7317.0,0.0,0.0,2205.0,942.0,1398.0,861.0
1.0,15812.0,3501.0,3135.0,1998.0,0.0,0.0,2191.0,944.0,2316.0,1185.0
1.0,14309.0,4455.0,3167.0,0.0,2814.0,2814.0,2212.0,955.0,3167.0,1288.0
1.0,9854.0,4146.0,3210.0,0.0,7132.0,7132.0,2247.0,963.0,3088.0,1058.0
1.0,5708.0,2901.0,3224.0,2814.0,7275.0,7275.0,2263.0,961.0,2172.0,729.0
1.0,5621.0,1948.0,3194.0,7132.0,1971.0,1971.0,2244.0,950.0,1321.0,627.0
1.0,10805.0,2260.0,3152.0,7275.0,0.0,0.0,2210.0,942.0,1402.0,858.0
1.0,15820.0,3501.0,3142.0,1971.0,0.0,0.0,2197.0,945.0,2301.0,1200.0
1.0,14290.0,4444.0,3174.0,0.0,2850.0,2850.0,2217.0,957.0,3140.0,1304.0
1.0,9846.0,4112.0,3217.0,0.0,7134.0,7134.0,2252.0,965.0,3057.0,1055.0
1.0,5734.0,2851.0,3229.0,2850.0,7183.0,7183.0,2267.0,962.0,2146.0,705.0
1.0,5733.0,1939.0,3200.0,7134.0,1872.0,1872.0,2248.0,952.0,1334.0,605.0
1.0,10928.0,2277.0,3159.0,7183.0,0.0,0.0,2215.0,944.0,1429.0,848.0
1.0,15834.0,3517.0,3147.0,1872.0,0.0,0.0,2201.0,946.0,2317.0,1200.0
1.0,14189.0,4428.0,3179.0,0.0,2955.0,2955.0,2221.0,958.0,3119.0,1309.0
1.0,9761.0,4103.0,3222.0,0.0,7230.0,7230.0,2255.0,967.0,3026.0,1077.0
1.0,5658.0,2869.0,3235.0,2955.0,7196.0,7196.0,2270.0,965.0,2140.0,729.0
1.0,5744.0,1954.0,3205.0,7230.0,1800.0,1800.0,2251.0,954.0,1339.0,615.0
1.0,11020.0,2255.0,3162.0,7196.0,0.0,0.0,2216.0,946.0,1409.0,846.0
1.0,15961.0,3490.0,3150.0,1800.0,0.0,0.0,2201.0,949.0,2297.0,1193.0
1.0,14271.0,4424.0,3181.0,0.0,2877.0,2877.0,2221.0,960.0,3120.0,1304.0
1.0,9847.0,4126.0,3225.0,0.0,7179.0,7179.0,2256.0,969.0,3053.0,1073.0
1.0,5721.0,2894.0,3239.0,2877.0,7252.0,7252.0,2272.0,967.0,2168.0,726.0
1.0,5704.0,1949.0,3209.0,7179.0,1902.0,1902.0,2253.0,956.0,1344.0,605.0
1.0,10934.0,2253.0,3165.0,7252.0,0.0,0.0,2218.0,947.0,1410.0,843.0
1.0,15933.0,3488.0,3153.0,1902.0,0.0,0.0,2203.0,950.0,2288.0,1200.0
1.0,14347.0,4427.0,3183.0,0.0,2812.0,2812.0,2221.0,962.0,3108.0,1319.0
1.0,9920.0,4142.0,3227.0,0.0,7130.0,7130.0,2256.0,971.0,3053.0,1089.0
1.0,5778.0,2935.0,3241.0,2812.0,7309.0,7309.0,2272.0,969.0,2198.0,737.0
1.0,5655.0,2014.0,3211.0,7130.0,2073.0,2073.0,2253.0,958.0,1400.0,614.0
1.0,10771.0,2290.0,3168.0,7309.0,0.0,0.0,2219.0,949.0,1452.0,838.0
1.0,15790.0,3519.0,3157.0,2073.0,0.0,0.0,2205.0,952.0,2317.0,1202.0
1.0,14344.0,4452.0,3188.0,0.0,2860.0,2860.0,2224.0,964.0,3122.0,1330.0
1.0,9892.0,4171.0,3231.0,0.0,7203.0,7203.0,2259.0,972.0,3090.0,1081.0
1.0,5721.0,2939.0,3243.0,2860.0,7330.0,7330.0,2274.0,969.0,2226.0,713.0
1.0,5642.0,2020.0,3214.0,7203.0,2031.0,2031.0,2256.0,958.0,1419.0,601.0
1.0,10825.0,2322.0,3173.0,7330.0,0.0,0.0,2223.0,950.0,1462.0,860.0
1.0,15833.0,3548.0,3161.0,2031.0,0.0,0.0,2208.0,953.0,2319.0,1229.0
1.0,14316.0,4466.0,3192.0,0.0,2918.0,2918.0,2227.0,965.0,3123.0,1343.0
1.0,9850.0,4167.0,3235.0,0.0,7257.0,7257.0,2261.0,974.0,3079.0,1088.0
1.0,5683.0,2959.0,3249.0,2918.0,7354.0,7354.0,2278.0,971.0,2243.0,716.0
1.0,5642.0,2026.0,3220.0,7257.0,2007.0,2007.0,2261.0,959.0,1431.0,595.0
1.0,10873.0,2327.0,3179.0,7354.0,0.0,0.0,2228.0,951.0,1467.0,860.0
1.0,15900.0,3563.0,3167.0,2007.0,0.0,0.0,2212.0,955.0,2322.0,1241.0
1.0,14344.0,4478.0,3198.0,0.0,2926.0,2926.0,2231.0,967.0,3127.0,1351.0
1.0,9866.0,4179.0,3241.0,0.0,7277.0,7277.0,2266.0,975.0,3098.0,1081.0
1.0,5687.0,2959.0,3255.0,2926.0,7366.0,7366.0,2283.0,972.0,2260.0,699.0
1.0,5654.0,2029.0,3227.0,7277.0,2006.0,2006.0,2267.0,960.0,1438.0,591.0
1.0,10902.0,2321.0,3186.0,7366.0,0.0,0.0,2234.0,952.0,1463.0,858.0
1.0,15947.0,3530.0,3173.0,2006.0,0.0,0.0,2218.0,955.0,2309.0,1221.0
1.0,14423.0,4444.0,3203.0,0.0,2833.0,2833.0,2236.0,967.0,3110.0,1334.0
1.0,9979.0,4134.0,3244.0,0.0,7131.0,7131.0,2269.0,975.0,3055.0,1079.0
1.0,5845.0,2943.0,3257.0,2833.0,7293.0,7293.0,2285.0,972.0,2231.0,712.0
1.0,5735.0,2030.0,3229.0,7131.0,2080.0,2080.0,2268.0,961.0,1428.0,602.0
1.0,10836.0,2316.0,3188.0,7293.0,0.0,0.0,2235.0,953.0,1463.0,853.0
1.0,15813.0,3536.0,3176.0,2080.0,0.0,0.0,2220.0,956.0,2318.0,1218.0
1.0,14357.0,4452.0,3207.0,0.0,2923.0,2923.0,2239.0,968.0,3115.0,1337.0
1.0,9905.0,4147.0,3248.0,0.0,7234.0,7234.0,2272.0,976.0,3067.0,1080.0
1.0,5758.0,2894.0,3260.0,2923.0,7253.0,7253.0,2287.0,973.0,2195.0,699.0
1.0,5787.0,1955.0,3231.0,7234.0,1858.0,1858.0,2270.0,961.0,1374.0,581.0
1.0,11066.0,2284.0,3189.0,7253.0,0.0,0.0,2237.0,952.0,1440.0,844.0
1.0,16035.0,3520.0,3178.0,1858.0,0.0,0.0,2222.0,956.0,2299.0,1221.0
1.0,14373.0,4425.0,3208.0,0.0,2884.0,2884.0,2240.0,968.0,3088.0,1337.0
1.0,9948.0,4112.0,3250.0,0.0,7164.0,7164.0,2273.0,977.0,3030.0,1082.0
1.0,5836.0,2888.0,3262.0,2884.0,7216.0,7216.0,2288.0,974.0,2182.0,706.0
1.0,5832.0,1981.0,3232.0,7164.0,1913.0,1913.0,2270.0,962.0,1396.0,585.0
1.0,11015.0,2298.0,3192.0,7216.0,0.0,0.0,2238.0,954.0,1447.0,851.0
1.0,15933.0,3538.0,3181.0,1913.0,0.0,0.0,2224.0,957.0,2300.0,1238.0
1.0,14308.0,4448.0,3211.0,0.0,2984.0,2984.0,2242.0,969.0,3092.0,1356.0
1.0,9860.0,4110.0,3252.0,0.0,7258.0,7258.0,2274.0,978.0,3029.0,1081.0
1.0,5750.0,2881.0,3264.0,2984.0,7203.0,7203.0,2289.0,975.0,2183.0,698.0
1.0,5853.0,1994.0,3235.0,7258.0,1823.0,1823.0,2272.0,963.0,1412.0,582.0
1.0,11117.0,2344.0,3196.0,7203.0,0.0,0.0,2241.0,955.0,1486.0,858.0
1.0,15976.0,3590.0,3185.0,1823.0,0.0,0.0,2227.0,958.0,2346.0,1244.0
1.0,14209.0,4476.0,3216.0,0.0,3131.0,3131.0,2246.0,970.0,3113.0,1363.0
1.0,9733.0,4130.0,3258.0,0.0,7429.0,7429.0,2278.0,980.0,3024.0,1106.0
1.0,5603.0,2906.0,3270.0,3131.0,7252.0,7252.0,2293.0,977.0,2189.0,717.0
1.0,5828.0,2012.0,3242.0,7429.0,1723.0,1723.0,2276.0,966.0,1424.0,588.0
1.0,11245.0,2355.0,3202.0,7252.0,0.0,0.0,2246.0,956.0,1512.0,843.0
1.0,16142.0,3602.0,3191.0,1723.0,0.0,0.0,2232.0,959.0,2368.0,1234.0
1.0,14263.0,4514.0,3222.0,0.0,3139.0,3139.0,2251.0,971.0,3151.0,1363.0
1.0,9749.0,4181.0,3264.0,0.0,7488.0,7488.0,2283.0,981.0,3072.0,1109.0
1.0,5568.0,2950.0,3277.0,3139.0,7351.0,7351.0,2298.0,979.0,2220.0,730.0
1.0,5757.0,2042.0,3248.0,7488.0,1789.0,1789.0,2281.0,967.0,1434.0,608.0
1.0,11203.0,2358.0,3207.0,7351.0,0.0,0.0,2249.0,958.0,1493.0,865.0
1.0,16196.0,3599.0,3196.0,1789.0,0.0,0.0,2235.0,961.0,2354.0,1245.0
1.0,14386.0,4520.0,3227.0,0.0,3042.0,3042.0,2253.0,974.0,3161.0,1359.0
1.0,9866.0,4217.0,3269.0,0.0,7427.0,7427.0,2286.0,983.0,3123.0,1094.0
1.0,5649.0,2968.0,3282.0,3042.0,7405.0,7405.0,2301.0,981.0,2253.0,715.0
1.0,5723.0,2016.0,3253.0,7427.0,1878.0,1878.0,2284.0,969.0,1410.0,606.0
1.0,11134.0,2324.0,3211.0,7405.0,0.0,0.0,2251.0,960.0,1453.0,871.0
1.0,16215.0,3601.0,3200.0,1878.0,0.0,0.0,2237.0,963.0,2351.0,1250.0
1.0,14492.0,4555.0,3231.0,0.0,2987.0,2987.0,2256.0,975.0,3190.0,1365.0
1.0,9937.0,4231.0,3273.0,0.0,7386.0,7386.0,2288.0,985.0,3124.0,1107.0
1.0,5706.0,2939.0,3285.0,2987.0,7386.0,7386.0,2303.0,982.0,2222.0,717.0
1.0,5754.0,1986.0,3255.0,7386.0,1866.0,1866.0,2285.0,970.0,1399.0,587.0
1.0,11154.0,2304.0,3213.0,7386.0,0.0,0.0,2253.0,960.0,1454.0,850.0
1.0,16236.0,3574.0,3201.0,1866.0,0.0,0.0,2238.0,963.0,2325.0,1249.0
1.0,14528.0,4537.0,3231.0,0.0,2933.0,2933.0,2255.0,976.0,3160.0,1377.0
1.0,9991.0,4245.0,3274.0,0.0,7350.0,7350.0,2288.0,986.0,3141.0,1104.0
1.0,5746.0,2979.0,3286.0,2933.0,7444.0,7444.0,2303.0,983.0,2263.0,716.0
1.0,5700.0,2008.0,3257.0,7350.0,1986.0,1986.0,2286.0,971.0,1414.0,594.0
1.0,11042.0,2288.0,3216.0,7444.0,0.0,0.0,2254.0,962.0,1422.0,866.0
1.0,16198.0,3538.0,3205.0,1986.0,0.0,0.0,2239.0,966.0,2284.0,1254.0
1.0,14646.0,4487.0,3234.0,0.0,2777.0,2777.0,2256.0,978.0,3122.0,1365.0
1.0,10159.0,4216.0,3277.0,0.0,7165.0,7165.0,2289.0,988.0,3125.0,1091.0
1.0,5943.0,2977.0,3289.0,2777.0,7413.0,7413.0,2304.0,985.0,2270.0,707.0
1.0,5743.0,2020.0,3260.0,7165.0,2152.0,2152.0,2287.0,973.0,1428.0,592.0
1.0,10888.0,2307.0,3219.0,7413.0,0.0,0.0,2255.0,964.0,1448.0,859.0
1.0,15994.0,3534.0,3207.0,2152.0,0.0,0.0,2240.0,967.0,2293.0,1241.0
1.0,14612.0,4494.0,3237.0,0.0,2830.0,2830.0,2258.0,979.0,3135.0,1359.0
1.0,10118.0,4195.0,3281.0,0.0,7201.0,7201.0,2292.0,989.0,3106.0,1089.0
1.0,5923.0,2973.0,3294.0,2830.0,7396.0,7396.0,2307.0,987.0,2268.0,705.0
1.0,5780.0,2008.0,3265.0,7201.0,2087.0,2087.0,2291.0,974.0,1429.0,579.0
1.0,10973.0,2284.0,3224.0,7396.0,0.0,0.0,2259.0,965.0,1441.0,843.0
1.0,16085.0,3531.0,3213.0,2087.0,0.0,0.0,2245.0,968.0,2292.0,1239.0
1.0,14641.0,4499.0,3243.0,0.0,2830.0,2830.0,2263.0,980.0,3134.0,1365.0
1.0,10142.0,4210.0,3286.0,0.0,7212.0,7212.0,2296.0,990.0,3111.0,1099.0
1.0,5932.0,2968.0,3299.0,2830.0,7402.0,7402.0,2312.0,987.0,2268.0,700.0
1.0,5794.0,2009.0,3270.0,7212.0,2083.0,2083.0,2296.0,974.0,1447.0,562.0
1.0,10997.0,2330.0,3229.0,7402.0,0.0,0.0,2265.0,964.0,1494.0,836.0
1.0,16069.0,3593.0,3220.0,2083.0,0.0,0.0,2252.0,968.0,2340.0,1253.0
1.0,14559.0,4518.0,3251.0,0.0,2963.0,2963.0,2270.0,981.0,3133.0,1385.0
1.0,10041.0,4204.0,3293.0,0.0,7335.0,7335.0,2302.0,991.0,3091.0,1113.0
1.0,5837.0,2944.0,3305.0,2963.0,7364.0,7364.0,2317.0,988.0,2237.0,707.0
1.0,5856.0,1992.0,3274.0,7335.0,1897.0,1897.0,2299.0,975.0,1422.0,570.0
1.0,11199.0,2309.0,3232.0,7364.0,0.0,0.0,2267.0,965.0,1469.0,840.0
1.0,16254.0,3554.0,3221.0,1897.0,0.0,0.0,2253.0,968.0,2309.0,1245.0
1.0,14597.0,4510.0,3253.0,0.0,2925.0,2925.0,2272.0,981.0,3130.0,1380.0
1.0,10087.0,4222.0,3295.0,0.0,7315.0,7315.0,2304.0,991.0,3102.0,1120.0
1.0,5865.0,2995.0,3306.0,2925.0,7429.0,7429.0,2318.0,988.0,2275.0,720.0
1.0,5795.0,2044.0,3277.0,7315.0,2042.0,2042.0,2301.0,976.0,1450.0,594.0
1.0,11066.0,2334.0,3235.0,7429.0,0.0,0.0,2268.0,967.0,1466.0,868.0
1.0,16161.0,3544.0,3223.0,2042.0,0.0,0.0,2253.0,970.0,2284.0,1260.0
1.0,14659.0,4474.0,3252.0,0.0,2823.0,2823.0,2270.0,982.0,3089.0,1385.0
1.0,10185.0,4229.0,3294.0,0.0,7220.0,7220.0,2302.0,992.0,3110.0,1119.0
1.0,5956.0,3052.0,3307.0,2823.0,7501.0,7501.0,2318.0,989.0,2325.0,727.0
1.0,5727.0,2105.0,3279.0,7220.0,2274.0,2274.0,2302.0,977.0,1510.0,595.0
1.0,10842.0,2359.0,3237.0,7501.0,0.0,0.0,2270.0,967.0,1498.0,861.0
1.0,15984.0,3559.0,3224.0,2274.0,0.0,0.0,2254.0,970.0,2296.0,1263.0
1.0,14699.0,4526.0,3255.0,0.0,2847.0,2847.0,2271.0,984.0,3123.0,1403.0
1.0,10173.0,4264.0,3298.0,0.0,7283.0,7283.0,2304.0,994.0,3133.0,1131.0
1.0,5909.0,3039.0,3312.0,2847.0,7531.0,7531.0,2321.0,991.0,2318.0,721.0
1.0,5717.0,2094.0,3282.0,7283.0,2222.0,2222.0,2304.0,978.0,1505.0,589.0
1.0,10906.0,2378.0,3241.0,7531.0,0.0,0.0,2272.0,969.0,1509.0,869.0
1.0,16059.0,3624.0,3229.0,2222.0,0.0,0.0,2257.0,972.0,2349.0,1275.0
1.0,14657.0,4573.0,3260.0,0.0,2956.0,2956.0,2275.0,985.0,3172.0,1401.0
1.0,10084.0,4264.0,3304.0,0.0,7396.0,7396.0,2309.0,995.0,3143.0,1121.0
1.0,5820.0,3042.0,3318.0,2956.0,7538.0,7538.0,2325.0,993.0,2317.0,725.0
1.0,5734.0,2106.0,3290.0,7396.0,2136.0,2136.0,2310.0,980.0,1502.0,604.0
1.0,11024.0,2380.0,3249.0,7538.0,0.0,0.0,2278.0,971.0,1498.0,882.0
1.0,16182.0,3603.0,3236.0,2136.0,0.0,0.0,2262.0,974.0,2327.0,1276.0
1.0,14715.0,4553.0,3266.0,0.0,2902.0,2902.0,2279.0,987.0,3159.0,1394.0
1.0,10162.0,4273.0,3310.0,0.0,7351.0,7351.0,2313.0,997.0,3156.0,1117.0
1.0,5889.0,3043.0,3324.0,2902.0,7548.0,7548.0,2330.0,994.0,2328.0,715.0
1.0,5748.0,2079.0,3297.0,7351.0,2168.0,2168.0,2315.0,982.0,1479.0,600.0
1.0,11020.0,2345.0,3256.0,7548.0,0.0,0.0,2283.0,973.0,1468.0,877.0
1.0,16223.0,3583.0,3243.0,2168.0,0.0,0.0,2267.0,976.0,2308.0,1275.0
1.0,14808.0,4538.0,3273.0,0.0,2822.0,2822.0,2284.0,989.0,3160.0,1378.0
1.0,10270.0,4261.0,3317.0,0.0,7259.0,7259.0,2318.0,999.0,3168.0,1093.0
1.0,6009.0,3028.0,3331.0,2822.0,7521.0,7521.0,2335.0,996.0,2324.0,704.0
1.0,5803.0,2062.0,3302.0,7259.0,2208.0,2208.0,2319.0,983.0,1470.0,592.0
1.0,11000.0,2318.0,3260.0,7521.0,0.0,0.0,2286.0,974.0,1440.0,878.0
1.0,16203.0,3538.0,3247.0,2208.0,0.0,0.0,2270.0,977.0,2266.0,1272.0
1.0,14873.0,4499.0,3276.0,0.0,2730.0,2730.0,2286.0,990.0,3120.0,1379.0
1.0,10374.0,4239.0,3320.0,0.0,7145.0,7145.0,2320.0,1000.0,3158.0,1081.0
1.0,6135.0,3032.0,3334.0,2730.0,7503.0,7503.0,2337.0,997.0,2343.0,689.0
1.0,5833.0,2067.0,3306.0,7145.0,2313.0,2313.0,2321.0,985.0,1473.0,594.0
1.0,10911.0,2303.0,3264.0,7503.0,0.0,0.0,2288.0,976.0,1413.0,890.0
1.0,16111.0,3503.0,3250.0,2313.0,0.0,0.0,2271.0,979.0,2228.0,1275.0
1.0,14921.0,4494.0,3280.0,0.0,2693.0,2693.0,2288.0,992.0,3122.0,1372.0
1.0,10427.0,4269.0,3323.0,0.0,7134.0,7134.0,2321.0,1002.0,3187.0,1082.0
1.0,6158.0,3040.0,3336.0,2693.0,7533.0,7533.0,2337.0,999.0,2344.0,696.0
1.0,5811.0,2052.0,3307.0,7134.0,2335.0,2335.0,2320.0,987.0,1450.0,602.0
1.0,10893.0,2281.0,3264.0,7533.0,0.0,0.0,2287.0,977.0,1387.0,894.0
1.0,16145.0,3524.0,3250.0,2335.0,0.0,0.0,2270.0,980.0,2245.0,1279.0
1.0,14956.0,4530.0,3281.0,0.0,2698.0,2698.0,2288.0,993.0,3166.0,1364.0
1.0,10426.0,4303.0,3326.0,0.0,7181.0,7181.0,2323.0,1003.0,3232.0,1071.0
1.0,6123.0,3050.0,3340.0,2698.0,7589.0,7589.0,2340.0,1000.0,2361.0,689.0
1.0,5771.0,2044.0,3311.0,7181.0,2336.0,2336.0,2324.0,987.0,1437.0,607.0
1.0,10908.0,2283.0,3268.0,7589.0,0.0,0.0,2290.0,978.0,1375.0,908.0
1.0,16214.0,3564.0,3256.0,2336.0,0.0,0.0,2274.0,982.0,2273.0,1291.0
1.0,14986.0,4588.0,3286.0,0.0,2746.0,2746.0,2292.0,994.0,3214.0,1374.0
1.0,10398.0,4340.0,3330.0,0.0,7262.0,7262.0,2327.0,1003.0,3268.0,1072.0
1.0,6058.0,3081.0,3345.0,2746.0,7657.0,7657.0,2345.0,1000.0,2389.0,692.0
1.0,5723.0,2066.0,3317.0,7262.0,2349.0,2349.0,2329.0,988.0,1448.0,618.0
1.0,10919.0,2321.0,3275.0,7657.0,0.0,0.0,2296.0,979.0,1401.0,920.0
1.0,16255.0,3601.0,3262.0,2349.0,0.0,0.0,2280.0,982.0,2299.0,1302.0
1.0,15003.0,4622.0,3293.0,0.0,2791.0,2791.0,2298.0,995.0,3242.0,1380.0
1.0,10381.0,4362.0,3336.0,0.0,7325.0,7325.0,2332.0,1004.0,3284.0,1078.0
1.0,6019.0,3083.0,3350.0,2791.0,7673.0,7673.0,2349.0,1001.0,2386.0,697.0
1.0,5727.0,2092.0,3322.0,7325.0,2328.0,2328.0,2333.0,989.0,1464.0,628.0
1.0,10960.0,2363.0,3281.0,7673.0,0.0,0.0,2301.0,980.0,1436.0,927.0
1.0,16270.0,3621.0,3268.0,2328.0,0.0,0.0,2285.0,983.0,2323.0,1298.0
1.0,14977.0,4639.0,3299.0,0.0,2858.0,2858.0,2303.0,996.0,3251.0,1388.0
1.0,10338.0,4379.0,3343.0,0.0,7413.0,7413.0,2338.0,1005.0,3290.0,1089.0
1.0,5959.0,3107.0,3357.0,2858.0,7718.0,7718.0,2355.0,1002.0,2398.0,709.0
1.0,5710.0,2080.0,3327.0,7413.0,2265.0,2265.0,2337.0,990.0,1455.0,625.0
1.0,11043.0,2344.0,3285.0,7718.0,0.0,0.0,2304.0,981.0,1418.0,926.0
1.0,16417.0,3612.0,3272.0,2265.0,0.0,0.0,2288.0,984.0,2311.0,1301.0
1.0,15070.0,4641.0,3303.0,0.0,2783.0,2783.0,2306.0,997.0,3247.0,1394.0
1.0,10429.0,4391.0,3346.0,0.0,7346.0,7346.0,2340.0,1006.0,3293.0,1098.0
1.0,6038.0,3080.0,3360.0,2783.0,7699.0,7699.0,2357.0,1003.0,2380.0,700.0
1.0,5741.0,2019.0,3329.0,7346.0,2248.0,2248.0,2339.0,990.0,1411.0,608.0
1.0,11068.0,2280.0,3286.0,7699.0,0.0,0.0,2305.0,981.0,1366.0,914.0
1.0,16487.0,3604.0,3273.0,2248.0,0.0,0.0,2288.0,985.0,2294.0,1310.0
1.0,15131.0,4664.0,3304.0,0.0,2749.0,2749.0,2306.0,998.0,3258.0,1406.0
1.0,10467.0,4398.0,3348.0,0.0,7323.0,7323.0,2341.0,1007.0,3298.0,1100.0
1.0,6069.0,3071.0,3362.0,2749.0,7701.0,7701.0,2358.0,1004.0,2368.0,703.0
1.0,5747.0,1996.0,3332.0,7323.0,2254.0,2254.0,2341.0,991.0,1398.0,598.0
1.0,11074.0,2248.0,3288.0,7701.0,0.0,0.0,2306.0,982.0,1351.0,897.0
1.0,16527.0,3573.0,3275.0,2254.0,0.0,0.0,2289.0,986.0,2271.0,1302.0
1.0,15208.0,4642.0,3305.0,0.0,2654.0,2654.0,2306.0,999.0,3233.0,1409.0
1.0,10566.0,4393.0,3350.0,0.0,7227.0,7227.0,2341.0,1009.0,3290.0,1103.0
1.0,6173.0,3085.0,3366.0,2654.0,7722.0,7722.0,2360.0,1006.0,2394.0,691.0
1.0,5742.0,2004.0,3335.0,7227.0,2375.0,2375.0,2343.0,992.0,1416.0,588.0
1.0,10965.0,2223.0,3292.0,7722.0,0.0,0.0,2309.0,983.0,1317.0,906.0
1.0,16464.0,3524.0,3278.0,2375.0,0.0,0.0,2290.0,988.0,2207.0,1317.0
1.0,15315.0,4628.0,3309.0,0.0,2549.0,2549.0,2307.0,1002.0,3215.0,1413.0
1.0,10687.0,4433.0,3354.0,0.0,7162.0,7162.0,2343.0,1011.0,3338.0,1095.0
1.0,6254.0,3118.0,3370.0,2549.0,7795.0,7795.0,2363.0,1007.0,2440.0,678.0
1.0,5685.0,2006.0,3341.0,7162.0,2523.0,2523.0,2347.0,994.0,1426.0,580.0
1.0,10841.0,2212.0,3298.0,7795.0,0.0,0.0,2313.0,985.0,1313.0,899.0
1.0,16424.0,3542.0,3283.0,2523.0,0.0,0.0,2294.0,989.0,2228.0,1314.0
1.0,15405.0,4660.0,3315.0,0.0,2515.0,2515.0,2312.0,1003.0,3246.0,1414.0
1.0,10745.0,4444.0,3361.0,0.0,7143.0,7143.0,2348.0,1013.0,3348.0,1096.0
1.0,6301.0,3119.0,3377.0,2515.0,7811.0,7811.0,2368.0,1009.0,2440.0,679.0
1.0,5697.0,2007.0,3348.0,7143.0,2559.0,2559.0,2353.0,995.0,1433.0,574.0
1.0,10833.0,2234.0,3304.0,7811.0,0.0,0.0,2318.0,986.0,1337.0,897.0
1.0,16410.0,3560.0,3289.0,2559.0,0.0,0.0,2298.0,991.0,2233.0,1327.0
1.0,15409.0,4684.0,3320.0,0.0,2555.0,2555.0,2315.0,1005.0,3248.0,1436.0
1.0,10725.0,4470.0,3367.0,0.0,7213.0,7213.0,2352.0,1015.0,3363.0,1107.0
1.0,6255.0,3129.0,3383.0,2555.0,7851.0,7851.0,2373.0,1010.0,2455.0,674.0
1.0,5681.0,2006.0,3354.0,7213.0,2528.0,2528.0,2357.0,997.0,1437.0,569.0
1.0,10888.0,2227.0,3309.0,7851.0,0.0,0.0,2321.0,988.0,1323.0,904.0
1.0,16512.0,3573.0,3294.0,2528.0,0.0,0.0,2301.0,993.0,2238.0,1335.0
1.0,15467.0,4708.0,3325.0,0.0,2541.0,2541.0,2318.0,1007.0,3277.0,1431.0
1.0,10759.0,4483.0,3371.0,0.0,7208.0,7208.0,2355.0,1016.0,3382.0,1101.0
1.0,6276.0,3163.0,3387.0,2541.0,7894.0,7894.0,2376.0,1011.0,2483.0,680.0
1.0,5654.0,2038.0,3358.0,7208.0,2608.0,2608.0,2360.0,998.0,1451.0,587.0
1.0,10824.0,2237.0,3312.0,7894.0,0.0,0.0,2323.0,989.0,1326.0,911.0
1.0,16481.0,3559.0,3296.0,2608.0,0.0,0.0,2302.0,994.0,2223.0,1336.0
1.0,15530.0,4695.0,3327.0,0.0,2473.0,2473.0,2319.0,1008.0,3257.0,1438.0
1.0,10835.0,4490.0,3373.0,0.0,7147.0,7147.0,2356.0,1017.0,3375.0,1115.0
1.0,6345.0,3163.0,3389.0,2473.0,7901.0,7901.0,2376.0,1013.0,2481.0,682.0
1.0,5655.0,2047.0,3359.0,7147.0,2681.0,2681.0,2360.0,999.0,1474.0,573.0
1.0,10755.0,2235.0,3312.0,7901.0,0.0,0.0,2323.0,989.0,1339.0,896.0
1.0,16421.0,3544.0,3296.0,2681.0,0.0,0.0,2302.0,994.0,2205.0,1339.0
1.0,15558.0,4677.0,3326.0,0.0,2423.0,2423.0,2318.0,1008.0,3221.0,1456.0
1.0,10881.0,4511.0,3373.0,0.0,7122.0,7122.0,2355.0,1018.0,3382.0,1129.0
1.0,6370.0,3217.0,3389.0,2423.0,7980.0,7980.0,2376.0,1013.0,2530.0,687.0
1.0,5576.0,2085.0,3360.0,7122.0,2827.0,2827.0,2361.0,999.0,1514.0,571.0
1.0,10613.0,2251.0,3315.0,7980.0,0.0,0.0,2325.0,990.0,1355.0,896.0
1.0,16342.0,3550.0,3298.0,2827.0,0.0,0.0,2304.0,994.0,2208.0,1342.0
1.0,15619.0,4669.0,3329.0,0.0,2366.0,2366.0,2320.0,1009.0,3207.0,1462.0
1.0,10950.0,4506.0,3376.0,0.0,7060.0,7060.0,2357.0,1019.0,3370.0,1136.0
1.0,6444.0,3205.0,3395.0,2366.0,7975.0,7975.0,2380.0,1015.0,2520.0,685.0
1.0,5605.0,2078.0,3365.0,7060.0,2873.0,2873.0,2365.0,1000.0,1516.0,562.0
1.0,10587.0,2253.0,3319.0,7975.0,0.0,0.0,2328.0,991.0,1366.0,887.0
1.0,16309.0,3542.0,3302.0,2873.0,0.0,0.0,2307.0,995.0,2204.0,1338.0
1.0,15640.0,4680.0,3333.0,0.0,2372.0,2372.0,2323.0,1010.0,3216.0,1464.0
1.0,10960.0,4525.0,3382.0,0.0,7093.0,7093.0,2362.0,1020.0,3384.0,1141.0
1.0,6435.0,3207.0,3400.0,2372.0,8000.0,8000.0,2384.0,1016.0,2518.0,689.0
1.0,5600.0,2060.0,3371.0,7093.0,2851.0,2851.0,2369.0,1002.0,1506.0,554.0
1.0,10633.0,2222.0,3325.0,8000.0,0.0,0.0,2333.0,992.0,1348.0,874.0
1.0,16411.0,3528.0,3308.0,2851.0,0.0,0.0,2312.0,996.0,2195.0,1333.0
1.0,15734.0,4676.0,3339.0,0.0,2298.0,2298.0,2328.0,1011.0,3210.0,1466.0
1.0,11058.0,4520.0,3387.0,0.0,7010.0,7010.0,2365.0,1022.0,3375.0,1145.0
1.0,6538.0,3226.0,3406.0,2298.0,8014.0,8014.0,2389.0,1017.0,2538.0,688.0
1.0,5610.0,2068.0,3379.0,7010.0,2964.0,2964.0,2376.0,1003.0,1512.0,556.0
1.0,10552.0,2194.0,3331.0,8014.0,0.0,0.0,2339.0,992.0,1315.0,879.0
1.0,16372.0,3482.0,3313.0,2964.0,0.0,0.0,2316.0,997.0,2146.0,1336.0
1.0,15854.0,4642.0,3342.0,0.0,2156.0,2156.0,2330.0,1012.0,3176.0,1466.0
1.0,11212.0,4495.0,3390.0,0.0,6843.0,6843.0,2367.0,1023.0,3356.0,1139.0
1.0,6717.0,3191.0,3409.0,2156.0,7954.0,7954.0,2390.0,1019.0,2511.0,680.0
1.0,5682.0,2045.0,3380.0,6843.0,3040.0,3040.0,2376.0,1004.0,1487.0,558.0
1.0,10480.0,2186.0,3333.0,7954.0,0.0,0.0,2339.0,994.0,1296.0,890.0
1.0,16248.0,3487.0,3315.0,3040.0,0.0,0.0,2316.0,999.0,2147.0,1340.0
1.0,15801.0,4664.0,3344.0,0.0,2239.0,2239.0,2330.0,1014.0,3190.0,1474.0
1.0,11137.0,4538.0,3393.0,0.0,6973.0,6973.0,2368.0,1025.0,3391.0,1147.0
1.0,6599.0,3226.0,3412.0,2239.0,8036.0,8036.0,2391.0,1021.0,2546.0,680.0
1.0,5612.0,2032.0,3383.0,6973.0,2979.0,2979.0,2377.0,1006.0,1490.0,542.0
1.0,10553.0,2163.0,3334.0,8036.0,0.0,0.0,2339.0,995.0,1284.0,879.0
1.0,16426.0,3505.0,3316.0,2979.0,0.0,0.0,2316.0,1000.0,2153.0,1352.0
1.0,15900.0,4708.0,3346.0,0.0,2192.0,2192.0,2330.0,1016.0,3213.0,1495.0
1.0,11192.0,4579.0,3395.0,0.0,6967.0,6967.0,2368.0,1027.0,3421.0,1158.0
1.0,6613.0,3267.0,3415.0,2192.0,8122.0,8122.0,2392.0,1023.0,2574.0,693.0
1.0,5538.0,2062.0,3386.0,6967.0,3101.0,3101.0,2378.0,1008.0,1509.0,553.0
1.0,10443.0,2195.0,3338.0,8122.0,0.0,0.0,2340.0,998.0,1303.0,892.0
1.0,16370.0,3512.0,3319.0,3101.0,0.0,0.0,2317.0,1002.0,2155.0,1357.0
1.0,15959.0,4728.0,3349.0,0.0,2165.0,2165.0,2331.0,1018.0,3240.0,1488.0
1.0,11231.0,4590.0,3399.0,0.0,6955.0,6955.0,2370.0,1029.0,3448.0,1142.0
1.0,6641.0,3265.0,3418.0,2165.0,8131.0,8131.0,2394.0,1024.0,2589.0,676.0
1.0,5541.0,2074.0,3390.0,6955.0,3138.0,3138.0,2381.0,1009.0,1521.0,553.0
1.0,10422.0,2232.0,3342.0,8131.0,0.0,0.0,2343.0,999.0,1330.0,902.0
1.0,16321.0,3575.0,3325.0,3138.0,0.0,0.0,2321.0,1004.0,2199.0,1376.0
1.0,15884.0,4763.0,3356.0,0.0,2303.0,2303.0,2336.0,1020.0,3261.0,1502.0
1.0,11121.0,4619.0,3405.0,0.0,7118.0,7118.0,2374.0,1031.0,3465.0,1154.0
1.0,6502.0,3265.0,3424.0,2303.0,8156.0,8156.0,2398.0,1026.0,2591.0,674.0
1.0,5540.0,2095.0,3397.0,7118.0,3025.0,3025.0,2386.0,1011.0,1547.0,548.0
1.0,10563.0,2263.0,3351.0,8156.0,0.0,0.0,2350.0,1001.0,1358.0,905.0
1.0,16456.0,3589.0,3332.0,3025.0,0.0,0.0,2327.0,1005.0,2210.0,1379.0
1.0,15892.0,4755.0,3362.0,0.0,2311.0,2311.0,2341.0,1021.0,3256.0,1499.0
1.0,11137.0,4567.0,3410.0,0.0,7070.0,7070.0,2378.0,1032.0,3428.0,1139.0
1.0,6570.0,3239.0,3429.0,2311.0,8074.0,8074.0,2401.0,1028.0,2573.0,666.0
1.0,5642.0,2072.0,3400.0,7070.0,2960.0,2960.0,2388.0,1012.0,1527.0,545.0
1.0,10640.0,2263.0,3355.0,8074.0,0.0,0.0,2353.0,1002.0,1360.0,903.0
1.0,16451.0,3576.0,3336.0,2960.0,0.0,0.0,2330.0,1006.0,2204.0,1372.0
1.0,15835.0,4710.0,3365.0,0.0,2335.0,2335.0,2344.0,1021.0,3226.0,1484.0
1.0,11125.0,4544.0,3412.0,0.0,7067.0,7067.0,2380.0,1032.0,3414.0,1130.0
1.0,6581.0,3262.0,3432.0,2335.0,8074.0,8074.0,2404.0,1028.0,2592.0,670.0
1.0,5654.0,2122.0,3405.0,7067.0,3021.0,3021.0,2392.0,1013.0,1566.0,556.0
1.0,10599.0,2248.0,3358.0,8074.0,0.0,0.0,2356.0,1002.0,1347.0,901.0
1.0,16425.0,3522.0,3339.0,3021.0,0.0,0.0,2332.0,1007.0,2153.0,1369.0
1.0,15924.0,4669.0,3367.0,0.0,2213.0,2213.0,2345.0,1022.0,3189.0,1480.0
1.0,11255.0,4539.0,3415.0,0.0,6944.0,6944.0,2382.0,1033.0,3408.0,1131.0
1.0,6716.0,3238.0,3434.0,2213.0,8045.0,8045.0,2405.0,1029.0,2571.0,667.0
1.0,5691.0,2087.0,3407.0,6944.0,3080.0,3080.0,2393.0,1014.0,1543.0,544.0
1.0,10548.0,2235.0,3360.0,8045.0,0.0,0.0,2357.0,1003.0,1347.0,888.0
1.0,16358.0,3527.0,3341.0,3080.0,0.0,0.0,2334.0,1007.0,2170.0,1357.0
1.0,15911.0,4673.0,3368.0,0.0,2234.0,2234.0,2346.0,1022.0,3183.0,1490.0
1.0,11238.0,4511.0,3416.0,0.0,6937.0,6937.0,2382.0,1034.0,3369.0,1142.0
1.0,6727.0,3218.0,3435.0,2234.0,7997.0,7997.0,2406.0,1029.0,2553.0,665.0
1.0,5743.0,2080.0,3408.0,6937.0,3032.0,3032.0,2394.0,1014.0,1548.0,532.0
1.0,10600.0,2236.0,3362.0,7997.0,0.0,0.0,2359.0,1003.0,1360.0,876.0
1.0,16361.0,3544.0,3344.0,3032.0,0.0,0.0,2337.0,1007.0,2188.0,1356.0
1.0,15849.0,4697.0,3372.0,0.0,2336.0,2336.0,2350.0,1022.0,3204.0,1493.0
1.0,11152.0,4544.0,3421.0,0.0,7076.0,7076.0,2387.0,1034.0,3396.0,1148.0
1.0,6608.0,3239.0,3441.0,2336.0,8059.0,8059.0,2411.0,1030.0,2569.0,670.0
1.0,5705.0,2083.0,3413.0,7076.0,2954.0,2954.0,2399.0,1014.0,1537.0,546.0
1.0,10698.0,2225.0,3367.0,8059.0,0.0,0.0,2364.0,1003.0,1329.0,896.0
1.0,16532.0,3567.0,3348.0,2954.0,0.0,0.0,2341.0,1007.0,2197.0,1370.0
1.0,15919.0,4756.0,3377.0,0.0,2345.0,2345.0,2354.0,1023.0,3251.0,1505.0
1.0,11163.0,4595.0,3427.0,0.0,7140.0,7140.0,2392.0,1035.0,3431.0,1164.0
1.0,6568.0,3265.0,3448.0,2345.0,8144.0,8144.0,2416.0,1032.0,2579.0,686.0
1.0,5648.0,2084.0,3421.0,7140.0,2980.0,2980.0,2405.0,1016.0,1538.0,546.0
1.0,10704.0,2239.0,3373.0,8144.0,0.0,0.0,2369.0,1004.0,1360.0,879.0
1.0,16609.0,3582.0,3354.0,2980.0,0.0,0.0,2346.0,1008.0,2222.0,1360.0
1.0,16007.0,4756.0,3383.0,0.0,2281.0,2281.0,2359.0,1024.0,3258.0,1498.0
1.0,11251.0,4606.0,3431.0,0.0,7079.0,7079.0,2396.0,1035.0,3433.0,1173.0
1.0,6645.0,3274.0,3452.0,2281.0,8156.0,8156.0,2420.0,1032.0,2566.0,708.0
1.0,5652.0,2111.0,3426.0,7079.0,3084.0,3084.0,2409.0,1017.0,1545.0,566.0
1.0,10620.0,2267.0,3378.0,8156.0,0.0,0.0,2373.0,1005.0,1372.0,895.0
1.0,16509.0,3602.0,3359.0,3084.0,0.0,0.0,2349.0,1010.0,2239.0,1363.0
1.0,15991.0,4788.0,3388.0,0.0,2349.0,2349.0,2363.0,1025.0,3285.0,1503.0
1.0,11203.0,4633.0,3437.0,0.0,7178.0,7178.0,2400.0,1037.0,3456.0,1177.0
1.0,6570.0,3287.0,3458.0,2349.0,8200.0,8200.0,2424.0,1034.0,2579.0,708.0
1.0,5632.0,2107.0,3429.0,7178.0,3013.0,3013.0,2411.0,1018.0,1541.0,566.0
1.0,10703.0,2286.0,3382.0,8200.0,0.0,0.0,2375.0,1007.0,1380.0,906.0
1.0,16617.0,3624.0,3363.0,3013.0,0.0,0.0,2352.0,1011.0,2235.0,1389.0
1.0,16006.0,4782.0,3392.0,0.0,2344.0,2344.0,2365.0,1027.0,3268.0,1514.0
1.0,11224.0,4604.0,3440.0,0.0,7140.0,7140.0,2401.0,1039.0,3434.0,1170.0
1.0,6620.0,3285.0,3459.0,2344.0,8157.0,8157.0,2424.0,1035.0,2585.0,700.0
1.0,5679.0,2136.0,3432.0,7140.0,3045.0,3045.0,2412.0,1020.0,1568.0,568.0
1.0,10683.0,2291.0,3384.0,8157.0,0.0,0.0,2376.0,1008.0,1386.0,905.0
1.0,16549.0,3613.0,3366.0,3045.0,0.0,0.0,2353.0,1013.0,2234.0,1379.0
1.0,15981.0,4749.0,3395.0,0.0,2348.0,2348.0,2366.0,1029.0,3244.0,1505.0
1.0,11232.0,4592.0,3444.0,0.0,7136.0,7136.0,2403.0,1041.0,3435.0,1157.0
1.0,6640.0,3288.0,3463.0,2348.0,8152.0,8152.0,2426.0,1037.0,2587.0,701.0
1.0,5700.0,2144.0,3436.0,7136.0,3052.0,3052.0,2414.0,1022.0,1566.0,578.0
1.0,10692.0,2307.0,3390.0,8152.0,0.0,0.0,2379.0,1011.0,1388.0,919.0
1.0,16537.0,3587.0,3372.0,3052.0,0.0,0.0,2356.0,1016.0,2214.0,1373.0
1.0,16002.0,4740.0,3399.0,0.0,2334.0,2334.0,2368.0,1031.0,3251.0,1489.0
1.0,11262.0,4592.0,3448.0,0.0,7122.0,7122.0,2405.0,1043.0,3445.0,1147.0
1.0,6670.0,3275.0,3467.0,2334.0,8139.0,8139.0,2428.0,1039.0,2586.0,689.0
1.0,5729.0,2125.0,3440.0,7122.0,3034.0,3034.0,2417.0,1023.0,1549.0,576.0
1.0,10726.0,2290.0,3394.0,8139.0,0.0,0.0,2382.0,1012.0,1374.0,916.0
1.0,16575.0,3612.0,3376.0,3034.0,0.0,0.0,2359.0,1017.0,2240.0,1372.0
1.0,15997.0,4771.0,3406.0,0.0,2398.0,2398.0,2373.0,1033.0,3288.0,1483.0
1.0,11226.0,4578.0,3454.0,0.0,7168.0,7168.0,2410.0,1044.0,3439.0,1139.0
1.0,6648.0,3237.0,3473.0,2398.0,8083.0,8083.0,2433.0,1040.0,2555.0,682.0
1.0,5809.0,2110.0,3446.0,7168.0,2917.0,2917.0,2421.0,1025.0,1541.0,569.0
1.0,10867.0,2304.0,3400.0,8083.0,0.0,0.0,2386.0,1014.0,1398.0,906.0
1.0,16646.0,3624.0,3383.0,2917.0,0.0,0.0,2365.0,1018.0,2266.0,1358.0
1.0,15939.0,4759.0,3413.0,0.0,2472.0,2472.0,2379.0,1034.0,3280.0,1479.0
1.0,11180.0,4558.0,3461.0,0.0,7222.0,7222.0,2415.0,1046.0,3412.0,1146.0
1.0,6622.0,3221.0,3480.0,2472.0,8047.0,8047.0,2438.0,1042.0,2527.0,694.0
1.0,5873.0,2101.0,3452.0,7222.0,2814.0,2814.0,2425.0,1027.0,1518.0,583.0
1.0,10994.0,2296.0,3406.0,8047.0,0.0,0.0,2390.0,1016.0,1385.0,911.0
1.0,16745.0,3628.0,3388.0,2814.0,0.0,0.0,2368.0,1020.0,2281.0,1347.0
1.0,15931.0,4737.0,3417.0,0.0,2474.0,2474.0,2382.0,1035.0,3286.0,1451.0
1.0,11194.0,4543.0,3464.0,0.0,7205.0,7205.0,2418.0,1046.0,3416.0,1127.0
1.0,6651.0,3247.0,3483.0,2474.0,8054.0,8054.0,2441.0,1042.0,2543.0,704.0
1.0,5878.0,2130.0,3456.0,7205.0,2871.0,2871.0,2429.0,1027.0,1535.0,595.0
1.0,10953.0,2295.0,3409.0,8054.0,0.0,0.0,2393.0,1016.0,1380.0,915.0
1.0,16712.0,3591.0,3389.0,2871.0,0.0,0.0,2370.0,1019.0,2248.0,1343.0
1.0,15992.0,4733.0,3417.0,0.0,2409.0,2409.0,2383.0,1034.0,3276.0,1457.0
1.0,11259.0,4580.0,3466.0,0.0,7185.0,7185.0,2420.0,1046.0,3441.0,1139.0
1.0,6679.0,3280.0,3486.0,2409.0,8136.0,8136.0,2443.0,1043.0,2564.0,716.0
1.0,5808.0,2111.0,3457.0,7185.0,2946.0,2946.0,2429.0,1028.0,1507.0,604.0
1.0,10882.0,2293.0,3410.0,8136.0,0.0,0.0,2393.0,1017.0,1368.0,925.0
1.0,16725.0,3623.0,3391.0,2946.0,0.0,0.0,2371.0,1020.0,2270.0,1353.0
1.0,16048.0,4792.0,3420.0,0.0,2424.0,2424.0,2385.0,1035.0,3323.0,1469.0
1.0,11256.0,4626.0,3468.0,0.0,7242.0,7242.0,2422.0,1046.0,3476.0,1150.0
1.0,6630.0,3287.0,3488.0,2424.0,8185.0,8185.0,2445.0,1043.0,2564.0,723.0
1.0,5767.0,2140.0,3461.0,7242.0,2975.0,2975.0,2432.0,1029.0,1526.0,614.0
1.0,10869.0,2307.0,3413.0,8185.0,0.0,0.0,2395.0,1018.0,1376.0,931.0
1.0,16747.0,3649.0,3393.0,2975.0,0.0,0.0,2372.0,1021.0,2288.0,1361.0
1.0,16073.0,4821.0,3423.0,0.0,2440.0,2440.0,2387.0,1036.0,3342.0,1479.0
1.0,11252.0,4655.0,3473.0,0.0,7295.0,7295.0,2425.0,1048.0,3487.0,1168.0
1.0,6597.0,3305.0,3491.0,2440.0,8232.0,8232.0,2447.0,1044.0,2572.0,733.0
1.0,5732.0,2132.0,3463.0,7295.0,2957.0,2957.0,2434.0,1029.0,1523.0,609.0
1.0,10895.0,2329.0,3416.0,8232.0,0.0,0.0,2398.0,1018.0,1405.0,924.0
1.0,16798.0,3674.0,3398.0,2957.0,0.0,0.0,2376.0,1022.0,2315.0,1359.0
1.0,16081.0,4848.0,3428.0,0.0,2479.0,2479.0,2391.0,1037.0,3364.0,1484.0
1.0,11233.0,4672.0,3477.0,0.0,7347.0,7347.0,2429.0,1048.0,3502.0,1170.0
1.0,6561.0,3314.0,3496.0,2479.0,8258.0,8258.0,2451.0,1045.0,2573.0,741.0
1.0,5726.0,2130.0,3468.0,7347.0,2929.0,2929.0,2438.0,1030.0,1513.0,617.0
1.0,10943.0,2325.0,3421.0,8258.0,0.0,0.0,2402.0,1019.0,1394.0,931.0
1.0,16876.0,3690.0,3404.0,2929.0,0.0,0.0,2381.0,1023.0,2322.0,1368.0
1.0,16115.0,4858.0,3435.0,0.0,2483.0,2483.0,2396.0,1039.0,3370.0,1488.0
1.0,11257.0,4680.0,3483.0,0.0,7355.0,7355.0,2433.0,1050.0,3511.0,1169.0
1.0,6577.0,3293.0,3502.0,2483.0,8241.0,8241.0,2456.0,1046.0,2568.0,725.0
1.0,5767.0,2105.0,3473.0,7355.0,2875.0,2875.0,2442.0,1031.0,1504.0,601.0
1.0,11017.0,2293.0,3426.0,8241.0,0.0,0.0,2406.0,1020.0,1368.0,925.0
1.0,16965.0,3675.0,3409.0,2875.0,0.0,0.0,2384.0,1025.0,2304.0,1371.0
1.0,16165.0,4880.0,3439.0,0.0,2471.0,2471.0,2399.0,1040.0,3388.0,1492.0
1.0,11285.0,4688.0,3489.0,0.0,7359.0,7359.0,2437.0,1052.0,3518.0,1170.0
1.0,6597.0,3282.0,3508.0,2471.0,8246.0,8246.0,2460.0,1048.0,2562.0,720.0
1.0,5786.0,2063.0,3478.0,7359.0,2830.0,2830.0,2445.0,1033.0,1474.0,589.0
1.0,11082.0,2240.0,3430.0,8246.0,0.0,0.0,2408.0,1022.0,1331.0,909.0
1.0,17088.0,3655.0,3412.0,2830.0,0.0,0.0,2386.0,1026.0,2288.0,1367.0
1.0,16263.0,4878.0,3443.0,0.0,2387.0,2387.0,2401.0,1042.0,3379.0,1499.0
1.0,11385.0,4685.0,3493.0,0.0,7272.0,7272.0,2439.0,1054.0,3511.0,1174.0
1.0,6700.0,3252.0,3511.0,2387.0,8209.0,8209.0,2461.0,1050.0,2533.0,719.0
1.0,5835.0,2027.0,3480.0,7272.0,2840.0,2840.0,2445.0,1035.0,1443.0,584.0
1.0,11080.0,2211.0,3431.0,8209.0,0.0,0.0,2407.0,1024.0,1312.0,899.0
1.0,17078.0,3633.0,3414.0,2840.0,0.0,0.0,2386.0,1028.0,2277.0,1356.0
1.0,16285.0,4861.0,3445.0,0.0,2356.0,2356.0,2402.0,1043.0,3366.0,1495.0
1.0,11424.0,4685.0,3495.0,0.0,7241.0,7241.0,2440.0,1055.0,3508.0,1177.0
1.0,6739.0,3285.0,3514.0,2356.0,8246.0,8246.0,2463.0,1051.0,2562.0,723.0
1.0,5810.0,2054.0,3483.0,7241.0,2935.0,2935.0,2447.0,1036.0,1470.0,584.0
1.0,10997.0,2221.0,3435.0,8246.0,0.0,0.0,2409.0,1026.0,1321.0,900.0
1.0,17022.0,3639.0,3417.0,2935.0,0.0,0.0,2387.0,1030.0,2283.0,1356.0
1.0,16318.0,4875.0,3449.0,0.0,2353.0,2353.0,2404.0,1045.0,3380.0,1495.0
1.0,11443.0,4713.0,3499.0,0.0,7266.0,7266.0,2442.0,1057.0,3527.0,1186.0
1.0,6730.0,3305.0,3518.0,2353.0,8294.0,8294.0,2465.0,1053.0,2578.0,727.0
1.0,5778.0,2063.0,3488.0,7266.0,2971.0,2971.0,2450.0,1038.0,1488.0,575.0
1.0,10981.0,2234.0,3441.0,8294.0,0.0,0.0,2413.0,1028.0,1345.0,889.0
1.0,17041.0,3650.0,3423.0,2971.0,0.0,0.0,2391.0,1032.0,2301.0,1349.0
1.0,16362.0,4910.0,3454.0,0.0,2364.0,2364.0,2407.0,1047.0,3405.0,1505.0
1.0,11452.0,4738.0,3505.0,0.0,7306.0,7306.0,2447.0,1058.0,3547.0,1191.0
1.0,6714.0,3296.0,3524.0,2364.0,8314.0,8314.0,2470.0,1054.0,2573.0,723.0
1.0,5782.0,2055.0,3493.0,7306.0,2939.0,2939.0,2454.0,1039.0,1474.0,581.0
1.0,11033.0,2267.0,3445.0,8314.0,0.0,0.0,2417.0,1028.0,1361.0,906.0
1.0,17080.0,3718.0,3428.0,2939.0,0.0,0.0,2395.0,1033.0,2347.0,1371.0
1.0,16301.0,4964.0,3460.0,0.0,2503.0,2503.0,2412.0,1048.0,3450.0,1514.0
1.0,11337.0,4762.0,3510.0,0.0,7465.0,7465.0,2451.0,1059.0,3569.0,1193.0
1.0,6575.0,3313.0,3530.0,2503.0,8355.0,8355.0,2475.0,1055.0,2583.0,730.0
1.0,5765.0,2075.0,3499.0,7465.0,2841.0,2841.0,2459.0,1040.0,1482.0,593.0
1.0,11155.0,2280.0,3451.0,8355.0,0.0,0.0,2421.0,1030.0,1369.0,911.0
1.0,17230.0,3722.0,3432.0,2841.0,0.0,0.0,2399.0,1033.0,2358.0,1364.0
1.0,16349.0,4973.0,3465.0,0.0,2484.0,2484.0,2417.0,1048.0,3461.0,1512.0
1.0,11376.0,4767.0,3515.0,0.0,7451.0,7451.0,2456.0,1059.0,3575.0,1192.0
1.0,6609.0,3309.0,3534.0,2484.0,8352.0,8352.0,2478.0,1056.0,2571.0,738.0
1.0,5784.0,2049.0,3503.0,7451.0,2826.0,2826.0,2462.0,1041.0,1453.0,596.0
1.0,11186.0,2248.0,3453.0,8352.0,0.0,0.0,2423.0,1030.0,1334.0,914.0
1.0,17290.0,3737.0,3435.0,2826.0,0.0,0.0,2401.0,1034.0,2364.0,1373.0
1.0,16379.0,5017.0,3468.0,0.0,2510.0,2510.0,2419.0,1049.0,3505.0,1512.0
1.0,11362.0,4786.0,3519.0,0.0,7500.0,7500.0,2459.0,1060.0,3593.0,1193.0
1.0,6576.0,3299.0,3538.0,2510.0,8365.0,8365.0,2481.0,1057.0,2551.0,748.0
1.0,5787.0,2025.0,3506.0,7500.0,2762.0,2762.0,2464.0,1042.0,1420.0,605.0
1.0,11262.0,2224.0,3455.0,8365.0,0.0,0.0,2424.0,1031.0,1313.0,911.0
1.0,17403.0,3703.0,3436.0,2762.0,0.0,0.0,2402.0,1034.0,2346.0,1357.0
1.0,16462.0,4989.0,3469.0,0.0,2403.0,2403.0,2420.0,1049.0,3493.0,1496.0
1.0,11473.0,4785.0,3521.0,0.0,7396.0,7396.0,2460.0,1061.0,3590.0,1195.0
1.0,6688.0,3316.0,3540.0,2403.0,8385.0,8385.0,2483.0,1057.0,2563.0,753.0
1.0,5775.0,2032.0,3509.0,7396.0,2897.0,2897.0,2466.0,1043.0,1423.0,609.0
1.0,11139.0,2217.0,3458.0,8385.0,0.0,0.0,2426.0,1032.0,1305.0,912.0
1.0,17307.0,3659.0,3437.0,2897.0,0.0,0.0,2402.0,1035.0,2313.0,1346.0
1.0,16545.0,4965.0,3470.0,0.0,2300.0,2300.0,2420.0,1050.0,3473.0,1492.0
1.0,11580.0,4802.0,3523.0,0.0,7314.0,7314.0,2461.0,1062.0,3602.0,1200.0
1.0,6778.0,3319.0,3544.0,2300.0,8417.0,8417.0,2485.0,1059.0,2564.0,755.0
1.0,5759.0,2006.0,3512.0,7314.0,2981.0,2981.0,2468.0,1044.0,1400.0,606.0
1.0,11067.0,2186.0,3459.0,8417.0,0.0,0.0,2427.0,1032.0,1289.0,897.0
1.0,17298.0,3651.0,3439.0,2981.0,0.0,0.0,2404.0,1035.0,2314.0,1337.0
1.0,16628.0,4971.0,3473.0,0.0,2235.0,2235.0,2423.0,1050.0,3484.0,1487.0
1.0,11657.0,4803.0,3526.0,0.0,7250.0,7250.0,2464.0,1062.0,3593.0,1210.0
1.0,6854.0,3337.0,3548.0,2235.0,8440.0,8440.0,2488.0,1060.0,2558.0,779.0
1.0,5752.0,2036.0,3517.0,7250.0,3102.0,3102.0,2471.0,1046.0,1415.0,621.0
1.0,10966.0,2224.0,3466.0,8440.0,0.0,0.0,2432.0,1034.0,1326.0,898.0
1.0,17182.0,3702.0,3447.0,3102.0,0.0,0.0,2410.0,1037.0,2374.0,1328.0
1.0,16582.0,4980.0,3480.0,0.0,2318.0,2318.0,2428.0,1052.0,3499.0,1481.0
1.0,11602.0,4801.0,3533.0,0.0,7331.0,7331.0,2469.0,1064.0,3587.0,1214.0
1.0,6801.0,3325.0,3554.0,2318.0,8422.0,8422.0,2492.0,1062.0,2539.0,786.0
1.0,5794.0,2044.0,3524.0,7331.0,3015.0,3015.0,2476.0,1048.0,1417.0,627.0
1.0,11081.0,2237.0,3473.0,8422.0,0.0,0.0,2437.0,1036.0,1338.0,899.0
1.0,17266.0,3708.0,3454.0,3015.0,0.0,0.0,2415.0,1039.0,2386.0,1322.0
1.0,16573.0,4976.0,3485.0,0.0,2343.0,2343.0,2432.0,1053.0,3498.0,1478.0
1.0,11597.0,4785.0,3538.0,0.0,7340.0,7340.0,2472.0,1066.0,3577.0,1208.0
1.0,6812.0,3310.0,3558.0,2343.0,8387.0,8387.0,2495.0,1063.0,2535.0,775.0
1.0,5845.0,2040.0,3527.0,7340.0,2963.0,2963.0,2478.0,1049.0,1415.0,625.0
1.0,11145.0,2267.0,3477.0,8387.0,0.0,0.0,2439.0,1038.0,1358.0,909.0
1.0,17265.0,3745.0,3458.0,2963.0,0.0,0.0,2417.0,1041.0,2402.0,1343.0
1.0,16483.0,5012.0,3491.0,0.0,2493.0,2493.0,2435.0,1056.0,3517.0,1495.0
1.0,11471.0,4788.0,3543.0,0.0,7489.0,7489.0,2475.0,1068.0,3572.0,1216.0
1.0,6683.0,3301.0,3564.0,2493.0,8381.0,8381.0,2498.0,1066.0,2512.0,789.0
1.0,5875.0,2040.0,3531.0,7489.0,2800.0,2800.0,2480.0,1051.0,1413.0,627.0
1.0,11324.0,2269.0,3479.0,8381.0,0.0,0.0,2439.0,1040.0,1362.0,907.0
1.0,17436.0,3757.0,3460.0,2800.0,0.0,0.0,2417.0,1043.0,2414.0,1343.0
1.0,16479.0,4987.0,3492.0,0.0,2476.0,2476.0,2435.0,1057.0,3492.0,1495.0
1.0,11492.0,4757.0,3543.0,0.0,7437.0,7437.0,2474.0,1069.0,3542.0,1215.0
1.0,6735.0,3306.0,3563.0,2476.0,8347.0,8347.0,2496.0,1067.0,2517.0,789.0
1.0,5905.0,2116.0,3532.0,7437.0,2902.0,2902.0,2479.0,1053.0,1475.0,641.0
1.0,11226.0,2365.0,3483.0,8347.0,0.0,0.0,2441.0,1042.0,1441.0,924.0
1.0,17208.0,3794.0,3464.0,2902.0,0.0,0.0,2419.0,1045.0,2447.0,1347.0
1.0,16316.0,4975.0,3496.0,0.0,2643.0,2643.0,2437.0,1059.0,3495.0,1480.0
1.0,11341.0,4734.0,3548.0,0.0,7585.0,7585.0,2477.0,1071.0,3526.0,1208.0
1.0,6607.0,3319.0,3568.0,2643.0,8341.0,8341.0,2500.0,1068.0,2528.0,791.0
1.0,5931.0,2138.0,3537.0,7585.0,2770.0,2770.0,2483.0,1054.0,1495.0,643.0
1.0,11378.0,2382.0,3487.0,8341.0,0.0,0.0,2444.0,1043.0,1469.0,913.0
1.0,17337.0,3804.0,3468.0,2770.0,0.0,0.0,2422.0,1046.0,2467.0,1337.0
1.0,16303.0,4981.0,3500.0,0.0,2678.0,2678.0,2440.0,1060.0,3495.0,1486.0
1.0,11322.0,4733.0,3552.0,0.0,7619.0,7619.0,2481.0,1071.0,3521.0,1212.0
1.0,6589.0,3324.0,3573.0,2678.0,8349.0,8349.0,2504.0,1069.0,2533.0,791.0
1.0,5943.0,2154.0,3543.0,7619.0,2764.0,2764.0,2488.0,1055.0,1512.0,642.0
1.0,11408.0,2370.0,3493.0,8349.0,0.0,0.0,2449.0,1044.0,1460.0,910.0
1.0,17387.0,3786.0,3474.0,2764.0,0.0,0.0,2427.0,1047.0,2452.0,1334.0
1.0,16365.0,4947.0,3505.0,0.0,2602.0,2602.0,2444.0,1061.0,3467.0,1480.0
1.0,11418.0,4708.0,3556.0,0.0,7514.0,7514.0,2484.0,1072.0,3506.0,1202.0
1.0,6710.0,3315.0,3578.0,2602.0,8315.0,8315.0,2508.0,1070.0,2537.0,778.0
1.0,5997.0,2157.0,3549.0,7514.0,2842.0,2842.0,2493.0,1056.0,1521.0,636.0
1.0,11354.0,2377.0,3499.0,8315.0,0.0,0.0,2454.0,1045.0,1457.0,920.0
1.0,17292.0,3755.0,3479.0,2842.0,0.0,0.0,2431.0,1048.0,2416.0,1339.0
1.0,16379.0,4913.0,3509.0,0.0,2570.0,2570.0,2448.0,1061.0,3436.0,1477.0
1.0,11466.0,4701.0,3562.0,0.0,7483.0,7483.0,2489.0,1073.0,3506.0,1195.0
1.0,6765.0,3322.0,3583.0,2570.0,8319.0,8319.0,2513.0,1070.0,2546.0,776.0
1.0,6013.0,2138.0,3554.0,7483.0,2858.0,2858.0,2497.0,1057.0,1501.0,637.0
1.0,11358.0,2347.0,3504.0,8319.0,0.0,0.0,2458.0,1046.0,1430.0,917.0
1.0,17330.0,3743.0,3484.0,2858.0,0.0,0.0,2435.0,1049.0,2405.0,1338.0
1.0,16445.0,4918.0,3514.0,0.0,2529.0,2529.0,2452.0,1062.0,3438.0,1480.0
1.0,11527.0,4675.0,3564.0,0.0,7404.0,7404.0,2491.0,1073.0,3474.0,1201.0
1.0,6852.0,3281.0,3585.0,2529.0,8240.0,8240.0,2514.0,1071.0,2506.0,775.0
1.0,6100.0,2133.0,3554.0,7404.0,2845.0,2845.0,2497.0,1057.0,1497.0,636.0
1.0,11371.0,2370.0,3505.0,8240.0,0.0,0.0,2458.0,1047.0,1454.0,916.0
1.0,17241.0,3724.0,3484.0,2845.0,0.0,0.0,2435.0,1049.0,2389.0,1335.0
1.0,16362.0,4866.0,3513.0,0.0,2556.0,2556.0,2451.0,1062.0,3388.0,1478.0
1.0,11496.0,4662.0,3563.0,0.0,7418.0,7418.0,2490.0,1073.0,3459.0,1203.0
1.0,6834.0,3309.0,3584.0,2556.0,8255.0,8255.0,2513.0,1071.0,2524.0,785.0
1.0,6081.0,2201.0,3555.0,7418.0,2922.0,2922.0,2497.0,1058.0,1553.0,648.0
1.0,11298.0,2408.0,3506.0,8255.0,0.0,0.0,2458.0,1048.0,1482.0,926.0
1.0,17145.0,3748.0,3486.0,2922.0,0.0,0.0,2436.0,1050.0,2400.0,1348.0
1.0,16319.0,4890.0,3516.0,0.0,2635.0,2635.0,2452.0,1064.0,3405.0,1485.0
1.0,11429.0,4699.0,3567.0,0.0,7538.0,7538.0,2492.0,1075.0,3496.0,1203.0
1.0,6730.0,3364.0,3589.0,2635.0,8355.0,8355.0,2516.0,1073.0,2577.0,787.0
1.0,6001.0,2224.0,3559.0,7538.0,2921.0,2921.0,2500.0,1059.0,1575.0,649.0
1.0,11315.0,2405.0,3509.0,8355.0,0.0,0.0,2461.0,1048.0,1482.0,923.0
1.0,17265.0,3748.0,3489.0,2921.0,0.0,0.0,2438.0,1051.0,2399.0,1349.0
1.0,16438.0,4886.0,3519.0,0.0,2524.0,2524.0,2455.0,1064.0,3395.0,1491.0
1.0,11552.0,4707.0,3571.0,0.0,7439.0,7439.0,2495.0,1076.0,3489.0,1218.0
1.0,6845.0,3395.0,3593.0,2524.0,8398.0,8398.0,2519.0,1074.0,2593.0,802.0
1.0,5974.0,2269.0,3565.0,7439.0,3116.0,3116.0,2504.0,1061.0,1612.0,657.0
1.0,11144.0,2471.0,3516.0,8398.0,0.0,0.0,2466.0,1050.0,1543.0,928.0
1.0,17071.0,3801.0,3497.0,3116.0,0.0,0.0,2445.0,1052.0,2446.0,1355.0
1.0,16386.0,4919.0,3528.0,0.0,2645.0,2645.0,2462.0,1066.0,3417.0,1502.0
1.0,11467.0,4725.0,3578.0,0.0,7570.0,7570.0,2501.0,1077.0,3500.0,1225.0
1.0,6742.0,3406.0,3599.0,2645.0,8415.0,8415.0,2524.0,1075.0,2607.0,799.0
1.0,5981.0,2269.0,3570.0,7570.0,2998.0,2998.0,2508.0,1062.0,1611.0,658.0
1.0,11282.0,2449.0,3520.0,8415.0,0.0,0.0,2469.0,1051.0,1506.0,943.0
1.0,17248.0,3786.0,3502.0,2998.0,0.0,0.0,2448.0,1054.0,2416.0,1370.0
1.0,16460.0,4955.0,3534.0,0.0,2631.0,2631.0,2466.0,1068.0,3447.0,1508.0
1.0,11505.0,4783.0,3584.0,0.0,7614.0,7614.0,2505.0,1079.0,3554.0,1229.0
1.0,6722.0,3438.0,3605.0,2631.0,8505.0,8505.0,2528.0,1077.0,2634.0,804.0
1.0,5915.0,2246.0,3575.0,7614.0,3017.0,3017.0,2511.0,1064.0,1590.0,656.0
1.0,11283.0,2401.0,3526.0,8505.0,0.0,0.0,2472.0,1054.0,1474.0,927.0
1.0,17387.0,3735.0,3506.0,3017.0,0.0,0.0,2450.0,1056.0,2388.0,1347.0
1.0,16669.0,4932.0,3537.0,0.0,2411.0,2411.0,2467.0,1070.0,3424.0,1508.0
1.0,11737.0,4788.0,3587.0,0.0,7399.0,7399.0,2506.0,1081.0,3549.0,1239.0
1.0,6949.0,3424.0,3608.0,2411.0,8496.0,8496.0,2529.0,1079.0,2620.0,804.0
1.0,5936.0,2188.0,3577.0,7399.0,3161.0,3161.0,2511.0,1066.0,1553.0,635.0
1.0,11147.0,2313.0,3527.0,8496.0,0.0,0.0,2472.0,1055.0,1410.0,903.0
1.0,17330.0,3710.0,3508.0,3161.0,0.0,0.0,2450.0,1058.0,2359.0,1351.0
1.0,16781.0,4972.0,3539.0,0.0,2347.0,2347.0,2467.0,1072.0,3454.0,1518.0
1.0,11809.0,4829.0,3591.0,0.0,7384.0,7384.0,2507.0,1084.0,3590.0,1239.0
1.0,6980.0,3421.0,3611.0,2347.0,8538.0,8538.0,2530.0,1081.0,2628.0,793.0
1.0,5906.0,2161.0,3580.0,7384.0,3191.0,3191.0,2513.0,1067.0,1532.0,629.0
1.0,11129.0,2285.0,3529.0,8538.0,0.0,0.0,2473.0,1056.0,1384.0,901.0
1.0,17382.0,3685.0,3510.0,3191.0,0.0,0.0,2451.0,1059.0,2346.0,1339.0
1.0,16888.0,4960.0,3541.0,0.0,2236.0,2236.0,2468.0,1073.0,3457.0,1503.0
1.0,11928.0,4846.0,3593.0,0.0,7290.0,7290.0,2509.0,1084.0,3617.0,1229.0
1.0,7082.0,3459.0,3615.0,2236.0,8601.0,8601.0,2533.0,1082.0,2668.0,791.0
1.0,5859.0,2162.0,3584.0,7290.0,3349.0,3349.0,2516.0,1068.0,1541.0,621.0
1.0,10987.0,2252.0,3533.0,8601.0,0.0,0.0,2476.0,1057.0,1351.0,901.0
1.0,17336.0,3648.0,3514.0,3349.0,0.0,0.0,2454.0,1060.0,2304.0,1344.0
1.0,17037.0,4948.0,3546.0,0.0,2095.0,2095.0,2472.0,1074.0,3446.0,1502.0
1.0,12089.0,4848.0,3598.0,0.0,7151.0,7151.0,2513.0,1085.0,3627.0,1221.0
1.0,7241.0,3448.0,3618.0,2095.0,8584.0,8584.0,2536.0,1082.0,2667.0,781.0
1.0,5888.0,2179.0,3589.0,7151.0,3496.0,3496.0,2520.0,1069.0,1546.0,633.0
1.0,10860.0,2291.0,3539.0,8584.0,0.0,0.0,2481.0,1058.0,1379.0,912.0
1.0,17153.0,3686.0,3521.0,3496.0,0.0,0.0,2460.0,1061.0,2335.0,1351.0
1.0,16963.0,4951.0,3553.0,0.0,2200.0,2200.0,2478.0,1075.0,3455.0,1496.0
1.0,12012.0,4821.0,3602.0,0.0,7217.0,7217.0,2517.0,1085.0,3615.0,1206.0
1.0,7191.0,3464.0,3623.0,2200.0,8565.0,8565.0,2540.0,1083.0,2676.0,788.0
1.0,5927.0,2217.0,3593.0,7217.0,3445.0,3445.0,2524.0,1069.0,1563.0,654.0
1.0,10927.0,2338.0,3544.0,8565.0,0.0,0.0,2485.0,1059.0,1398.0,940.0
1.0,17154.0,3688.0,3525.0,3445.0,0.0,0.0,2463.0,1062.0,2324.0,1364.0
1.0,16911.0,4940.0,3556.0,0.0,2253.0,2253.0,2480.0,1076.0,3446.0,1494.0
1.0,11971.0,4848.0,3605.0,0.0,7297.0,7297.0,2519.0,1086.0,3640.0,1208.0
1.0,7123.0,3503.0,3627.0,2253.0,8635.0,8635.0,2543.0,1084.0,2713.0,790.0
1.0,5873.0,2258.0,3599.0,7297.0,3484.0,3484.0,2528.0,1071.0,1595.0,663.0
1.0,10912.0,2350.0,3549.0,8635.0,0.0,0.0,2489.0,1060.0,1391.0,959.0
1.0,17197.0,3716.0,3531.0,3484.0,0.0,0.0,2467.0,1064.0,2331.0,1385.0
1.0,16965.0,4971.0,3561.0,0.0,2250.0,2250.0,2484.0,1077.0,3467.0,1504.0
1.0,11994.0,4856.0,3611.0,0.0,7306.0,7306.0,2523.0,1088.0,3656.0,1200.0
1.0,7138.0,3487.0,3630.0,2250.0,8619.0,8619.0,2545.0,1085.0,2706.0,781.0
1.0,5901.0,2247.0,3600.0,7306.0,3440.0,3440.0,2528.0,1072.0,1575.0,672.0
1.0,10960.0,2378.0,3551.0,8619.0,0.0,0.0,2490.0,1061.0,1403.0,975.0
1.0,17201.0,3735.0,3533.0,3440.0,0.0,0.0,2468.0,1065.0,2348.0,1387.0
1.0,16906.0,4970.0,3562.0,0.0,2312.0,2312.0,2484.0,1078.0,3469.0,1501.0
1.0,11936.0,4834.0,3611.0,0.0,7342.0,7342.0,2523.0,1088.0,3634.0,1200.0
1.0,7102.0,3484.0,3631.0,2312.0,8594.0,8594.0,2546.0,1085.0,2697.0,787.0
1.0,5930.0,2275.0,3602.0,7342.0,3411.0,3411.0,2530.0,1072.0,1598.0,677.0
1.0,10997.0,2431.0,3554.0,8594.0,0.0,0.0,2492.0,1062.0,1437.0,994.0
1.0,17160.0,3768.0,3535.0,3411.0,0.0,0.0,2469.0,1066.0,2355.0,1413.0
1.0,16803.0,4961.0,3563.0,0.0,2410.0,2410.0,2484.0,1079.0,3452.0,1509.0
1.0,11842.0,4825.0,3614.0,0.0,7439.0,7439.0,2524.0,1090.0,3629.0,1196.0
1.0,7017.0,3489.0,3634.0,2410.0,8598.0,8598.0,2547.0,1087.0,2703.0,786.0
1.0,5938.0,2288.0,3606.0,7439.0,3335.0,3335.0,2532.0,1074.0,1608.0,680.0
1.0,11089.0,2420.0,3558.0,8598.0,0.0,0.0,2494.0,1064.0,1433.0,987.0
1.0,17267.0,3757.0,3538.0,3335.0,0.0,0.0,2471.0,1067.0,2363.0,1394.0
1.0,16845.0,4975.0,3568.0,0.0,2402.0,2402.0,2487.0,1081.0,3474.0,1501.0
1.0,11870.0,4850.0,3619.0,0.0,7456.0,7456.0,2528.0,1091.0,3652.0,1198.0
1.0,7020.0,3513.0,3642.0,2402.0,8659.0,8659.0,2553.0,1089.0,2723.0,790.0
1.0,5909.0,2295.0,3615.0,7456.0,3390.0,3390.0,2539.0,1076.0,1616.0,679.0
1.0,11070.0,2407.0,3566.0,8659.0,0.0,0.0,2500.0,1066.0,1425.0,982.0
1.0,17322.0,3729.0,3545.0,3390.0,0.0,0.0,2476.0,1069.0,2343.0,1386.0
1.0,16983.0,4945.0,3574.0,0.0,2258.0,2258.0,2492.0,1082.0,3447.0,1498.0
1.0,12038.0,4834.0,3625.0,0.0,7296.0,7296.0,2532.0,1093.0,3639.0,1195.0
1.0,7204.0,3498.0,3649.0,2258.0,8632.0,8632.0,2558.0,1091.0,2716.0,782.0
1.0,5964.0,2291.0,3622.0,7296.0,3519.0,3519.0,2544.0,1078.0,1618.0,673.0
1.0,10969.0,2413.0,3573.0,8632.0,0.0,0.0,2505.0,1068.0,1439.0,974.0
1.0,17188.0,3732.0,3551.0,3519.0,0.0,0.0,2480.0,1071.0,2349.0,1383.0
1.0,16975.0,4919.0,3579.0,0.0,2260.0,2260.0,2495.0,1084.0,3427.0,1492.0
1.0,12056.0,4795.0,3630.0,0.0,7259.0,7259.0,2535.0,1095.0,3609.0,1186.0
1.0,7261.0,3476.0,3654.0,2260.0,8571.0,8571.0,2561.0,1093.0,2705.0,771.0
1.0,6045.0,2289.0,3628.0,7259.0,3497.0,3497.0,2548.0,1080.0,1625.0,664.0
1.0,11015.0,2402.0,3579.0,8571.0,0.0,0.0,2509.0,1070.0,1428.0,974.0
1.0,17184.0,3715.0,3557.0,3497.0,0.0,0.0,2484.0,1073.0,2325.0,1390.0
1.0,16966.0,4891.0,3584.0,0.0,2261.0,2261.0,2498.0,1086.0,3401.0,1490.0
1.0,12075.0,4783.0,3635.0,0.0,7248.0,7248.0,2538.0,1097.0,3596.0,1187.0
1.0,7292.0,3487.0,3657.0,2261.0,8562.0,8562.0,2563.0,1094.0,2715.0,772.0
1.0,6066.0,2295.0,3631.0,7248.0,3505.0,3505.0,2550.0,1081.0,1638.0,657.0
1.0,11019.0,2395.0,3582.0,8562.0,0.0,0.0,2511.0,1071.0,1429.0,966.0
1.0,17186.0,3706.0,3560.0,3505.0,0.0,0.0,2486.0,1074.0,2313.0,1393.0
1.0,16985.0,4901.0,3588.0,0.0,2268.0,2268.0,2500.0,1088.0,3396.0,1505.0
1.0,12084.0,4783.0,3638.0,0.0,7251.0,7251.0,2539.0,1099.0,3590.0,1193.0
1.0,7301.0,3459.0,3659.0,2268.0,8526.0,8526.0,2564.0,1095.0,2699.0,760.0
1.0,6110.0,2270.0,3631.0,7251.0,3433.0,3433.0,2550.0,1081.0,1623.0,647.0
1.0,11091.0,2410.0,3583.0,8526.0,0.0,0.0,2512.0,1071.0,1443.0,967.0
1.0,17207.0,3760.0,3562.0,3433.0,0.0,0.0,2487.0,1075.0,2363.0,1397.0
1.0,16880.0,4969.0,3590.0,0.0,2449.0,2449.0,2501.0,1089.0,3451.0,1518.0
1.0,11911.0,4824.0,3639.0,0.0,7469.0,7469.0,2540.0,1099.0,3620.0,1204.0
1.0,7087.0,3486.0,3662.0,2449.0,8598.0,8598.0,2566.0,1096.0,2718.0,768.0
1.0,6050.0,2291.0,3633.0,7469.0,3304.0,3304.0,2552.0,1081.0,1642.0,649.0
1.0,11228.0,2440.0,3585.0,8598.0,0.0,0.0,2514.0,1071.0,1468.0,972.0
1.0,17386.0,3788.0,3564.0,3304.0,0.0,0.0,2489.0,1075.0,2370.0,1418.0
1.0,16902.0,5004.0,3594.0,0.0,2478.0,2478.0,2504.0,1090.0,3468.0,1536.0
1.0,11898.0,4862.0,3644.0,0.0,7540.0,7540.0,2544.0,1100.0,3657.0,1205.0
1.0,7036.0,3502.0,3666.0,2478.0,8652.0,8652.0,2570.0,1096.0,2746.0,756.0
1.0,6012.0,2289.0,3638.0,7540.0,3289.0,3289.0,2556.0,1082.0,1641.0,648.0
1.0,11263.0,2456.0,3590.0,8652.0,0.0,0.0,2518.0,1072.0,1472.0,984.0
1.0,17459.0,3835.0,3570.0,3289.0,0.0,0.0,2494.0,1076.0,2406.0,1429.0
1.0,16913.0,5034.0,3601.0,0.0,2525.0,2525.0,2510.0,1091.0,3493.0,1541.0
1.0,11879.0,4868.0,3650.0,0.0,7589.0,7589.0,2549.0,1101.0,3653.0,1215.0
1.0,7011.0,3490.0,3671.0,2525.0,8638.0,8638.0,2574.0,1097.0,2727.0,763.0
1.0,6046.0,2308.0,3643.0,7589.0,3245.0,3245.0,2561.0,1082.0,1665.0,643.0
1.0,11327.0,2483.0,3595.0,8638.0,0.0,0.0,2523.0,1072.0,1501.0,982.0
1.0,17482.0,3876.0,3576.0,3245.0,0.0,0.0,2500.0,1076.0,2431.0,1445.0
1.0,16851.0,5062.0,3606.0,0.0,2635.0,2635.0,2515.0,1091.0,3502.0,1560.0
1.0,11789.0,4844.0,3655.0,0.0,7675.0,7675.0,2554.0,1101.0,3637.0,1207.0
1.0,6945.0,3435.0,3676.0,2635.0,8559.0,8559.0,2579.0,1097.0,2690.0,745.0
1.0,6145.0,2270.0,3646.0,7675.0,3034.0,3034.0,2564.0,1082.0,1627.0,643.0
1.0,11550.0,2483.0,3599.0,8559.0,0.0,0.0,2526.0,1073.0,1483.0,1000.0
1.0,17626.0,3869.0,3580.0,3034.0,0.0,0.0,2502.0,1078.0,2410.0,1459.0
1.0,16791.0,5044.0,3609.0,0.0,2689.0,2689.0,2517.0,1092.0,3492.0,1552.0
1.0,11747.0,4810.0,3658.0,0.0,7695.0,7695.0,2556.0,1102.0,3621.0,1189.0
1.0,6937.0,3413.0,3677.0,2689.0,8495.0,8495.0,2580.0,1097.0,2680.0,733.0
1.0,6213.0,2226.0,3648.0,7695.0,2910.0,2910.0,2565.0,1083.0,1592.0,634.0
1.0,11682.0,2459.0,3600.0,8495.0,0.0,0.0,2527.0,1073.0,1467.0,992.0
1.0,17718.0,3865.0,3582.0,2910.0,0.0,0.0,2504.0,1078.0,2406.0,1459.0
1.0,16763.0,5033.0,3611.0,0.0,2714.0,2714.0,2518.0,1093.0,3480.0,1553.0
1.0,11730.0,4813.0,3660.0,0.0,7723.0,7723.0,2557.0,1103.0,3622.0,1191.0
1.0,6917.0,3410.0,3679.0,2714.0,8495.0,8495.0,2581.0,1098.0,2681.0,729.0
1.0,6221.0,2220.0,3650.0,7723.0,2876.0,2876.0,2566.0,1084.0,1588.0,632.0
1.0,11724.0,2441.0,3602.0,8495.0,0.0,0.0,2528.0,1074.0,1441.0,1000.0
1.0,17778.0,3839.0,3584.0,2876.0,0.0,0.0,2504.0,1080.0,2376.0,1463.0
1.0,16815.0,5024.0,3614.0,0.0,2665.0,2665.0,2519.0,1095.0,3465.0,1559.0
1.0,11791.0,4822.0,3662.0,0.0,7679.0,7679.0,2557.0,1105.0,3633.0,1189.0
1.0,6969.0,3431.0,3682.0,2665.0,8525.0,8525.0,2582.0,1100.0,2714.0,717.0
1.0,6203.0,2225.0,3653.0,7679.0,2955.0,2955.0,2568.0,1085.0,1603.0,622.0
1.0,11657.0,2440.0,3606.0,8525.0,0.0,0.0,2530.0,1076.0,1441.0,999.0
1.0,17742.0,3834.0,3588.0,2955.0,0.0,0.0,2507.0,1081.0,2366.0,1468.0
1.0,16863.0,5019.0,3618.0,0.0,2628.0,2628.0,2521.0,1097.0,3454.0,1565.0
1.0,11844.0,4832.0,3667.0,0.0,7656.0,7656.0,2560.0,1107.0,3639.0,1193.0
1.0,7012.0,3459.0,3687.0,2628.0,8567.0,8567.0,2585.0,1102.0,2744.0,715.0
1.0,6181.0,2277.0,3659.0,7656.0,3076.0,3076.0,2572.0,1087.0,1658.0,619.0
1.0,11560.0,2452.0,3612.0,8567.0,0.0,0.0,2535.0,1077.0,1450.0,1002.0
1.0,17675.0,3833.0,3594.0,3076.0,0.0,0.0,2511.0,1083.0,2356.0,1477.0
1.0,16918.0,5025.0,3624.0,0.0,2603.0,2603.0,2526.0,1098.0,3460.0,1565.0
1.0,11893.0,4848.0,3674.0,0.0,7651.0,7651.0,2565.0,1109.0,3664.0,1184.0
1.0,7045.0,3489.0,3695.0,2603.0,8621.0,8621.0,2591.0,1104.0,2776.0,713.0
1.0,6159.0,2321.0,3667.0,7651.0,3179.0,3179.0,2578.0,1089.0,1694.0,627.0
1.0,11489.0,2506.0,3619.0,8621.0,0.0,0.0,2540.0,1079.0,1492.0,1014.0
1.0,17604.0,3856.0,3601.0,3179.0,0.0,0.0,2516.0,1085.0,2370.0,1486.0
1.0,16927.0,5014.0,3630.0,0.0,2607.0,2607.0,2530.0,1100.0,3449.0,1565.0
1.0,11913.0,4842.0,3679.0,0.0,7645.0,7645.0,2569.0,1110.0,3664.0,1178.0
1.0,7071.0,3486.0,3699.0,2607.0,8604.0,8604.0,2594.0,1105.0,2778.0,708.0
1.0,6192.0,2315.0,3671.0,7645.0,3162.0,3162.0,2581.0,1090.0,1688.0,627.0
1.0,11522.0,2497.0,3623.0,8604.0,0.0,0.0,2543.0,1080.0,1469.0,1028.0
1.0,17629.0,3869.0,3604.0,3162.0,0.0,0.0,2518.0,1086.0,2369.0,1500.0
1.0,16922.0,5061.0,3634.0,0.0,2675.0,2675.0,2532.0,1102.0,3483.0,1578.0
1.0,11861.0,4868.0,3493.6826478308194,0.0,6982.0,6982.0,2771.942782255417,721.7398655754023,3689.0,1179.0
1.0,6993.0,3509.0,2306.2640168994694,2675.0,3066.0,3066.0,1674.1781399178194,632.0858769816502,2800.0,709.0
1.0,6159.0,2306.0,2472.3552574581527,6982.0,0.0,0.0,1466.7056706462504,1005.6495868119023,1681.0,625.0
1.0,10835.0,2480.0,3852.0385515811386,3066.0,3987.0,3987.0,2380.76061057987,1471.2779410012683,1460.0,1020.0
1.0,11421.0,3867.0,4993.562950294712,0.0,12421.0,12421.0,3435.8212816160567,1557.7416686786555,2365.0,1502.0
1.0,7554.0,5068.0,4844.003696976632,3987.0,12903.0,12903.0,3659.979346968452,1184.0243500081804,3478.0,1590.0
1.0,6473.0,4891.0,3491.5163342223054,12421.0,0.0,0.0,2775.3292791914396,716.1870550308658,3704.0,1187.0
1.0,14003.0,3522.0,2306.7675007260787,12903.0,0.0,0.0,1676.068155378979,630.6993453470998,2811.0,711.0
1.0,23384.0,2308.0,2466.939174794082,0.0,0.0,0.0,1458.5925021362234,1008.3466726578588,1683.0,625.0
1.0,21076.0,2471.0,3843.7366558944145,0.0,0.0,0.0,2367.599867479523,1476.1367884148917,1449.0,1022.0
1.0,18605.0,3852.0,4989.479538867834,0.0,5204.0,5204.0,3429.777840606575,1559.7016982612588,2349.0,1503.0
1.0,14753.0,5061.0,4848.11917118056,0.0,9700.0,9700.0,3665.1597891739584,1182.9593820066023,3477.0,1584.0
1.0,9692.0,4873.0,3494.7941418480195,5204.0,3956.0,3956.0,2781.599106568557,713.1950352794624,3693.0,1180.0
1.0,10023.0,3496.0,2305.9307155577026,9700.0,0.0,0.0,1677.0818365138068,628.848879043896,2794.0,702.0
1.0,16227.0,2291.0,2454.186922258518,3956.0,0.0,0.0,1444.9185115210714,1009.2684107374463,1669.0,622.0
1.0,17892.0,2468.0,3833.706283529531,0.0,0.0,0.0,2354.7315306542637,1478.9747528752673,1447.0,1021.0
1.0,15424.0,3849.0,4992.557712662199,0.0,8396.0,8396.0,3432.495384196596,1560.0623284656035,2351.0,1498.0
1.0,11575.0,5054.0,4852.162136224673,0.0,12887.0,12887.0,3671.729393650596,1180.4327425740769,3470.0,1584.0
1.0,6521.0,4882.0,3497.678035156304,8396.0,3956.0,3956.0,2787.272781665603,710.4052534907012,3696.0,1186.0
1.0,10035.0,3477.0,2303.1695674820476,12887.0,0.0,0.0,1674.490798950501,628.6787685315467,2779.0,698.0
1.0,19445.0,2277.0,2453.914692890259,3956.0,0.0,0.0,1442.1549739865936,1011.7597189036658,1671.0,606.0
1.0,21124.0,2476.0,3836.4786847920786,0.0,0.0,0.0,2354.792402324343,1481.6862824677357,1470.0,1006.0
1.0,18648.0,3864.0,5000.022946126815,0.0,5216.0,5216.0,3437.334092301969,1562.6888538248465,2366.0,1498.0
1.0,14784.0,5056.0,4857.682853809612,0.0,9703.0,9703.0,3677.335574675303,1180.3472791343092,3468.0,1588.0
1.0,9728.0,4870.0,3502.004256592004,5216.0,3934.0,3934.0,2795.6240845034376,706.3801720885662,3683.0,1187.0
1.0,10074.0,3499.0,2306.16268465302,9703.0,0.0,0.0,1681.3111475345902,624.8515371184299,2793.0,706.0
1.0,16278.0,2304.0,2460.225696664926,3934.0,0.0,0.0,1449.8701633362048,1010.3555333287213,1687.0,617.0
1.0,17908.0,2463.0,3845.291847476982,0.0,0.0,0.0,2360.1701558300338,1485.1216916469486,1451.0,1012.0
1.0,15445.0,3827.0,4998.546069399118,0.0,8377.0,8377.0,3432.1742430459526,1566.3718263531655,2334.0,1493.0
1.0,11618.0,5043.0,4863.6691758688075,0.0,12880.0,12880.0,3680.7375843618233,1182.9315915069842,3458.0,1585.0
1.0,6575.0,4898.0,3512.5279466289917,8377.0,3997.0,3997.0,2806.058450364175,706.4694962648168,3697.0,1201.0
1.0,10054.0,3555.0,2319.1438081577753,12880.0,0.0,0.0,1694.902267403665,624.2415407541102,2832.0,723.0
1.0,19379.0,2331.0,2468.238477772828,3997.0,0.0,0.0,1458.282972868993,1009.9555049038348,1703.0,628.0
1.0,21045.0,2450.0,3848.0019435522163,0.0,0.0,0.0,2362.80460187938,1485.1973416728365,1444.0,1006.0
1.0,18595.0,3786.0,4998.766199329097,0.0,5186.0,5186.0,3431.62821237202,1567.1379869570765,2302.0,1484.0
1.0,14809.0,5000.0,4880.333162898461,0.0,9712.0,9712.0,3693.87125952691,1186.461903371551,3416.0,1584.0
1.0,9809.0,4888.0,3533.326943468134,5186.0,4026.0,4026.0,2822.880803587542,710.446139880592,3675.0,1213.0
1.0,10107.0,3552.0,2325.467428831387,9712.0,0.0,0.0,1700.9076069206976,624.5598219106897,2818.0,734.0
1.0,16267.0,2331.0,2458.7631839942396,4026.0,0.0,0.0,1451.4435735386792,1007.3196104555607,1706.0,625.0
1.0,17962.0,2458.0,3840.124393511147,0.0,0.0,0.0,2357.0228704961587,1483.1015230149883,1463.0,995.0
1.0,15504.0,3810.0,4999.304618100706,0.0,8303.0,8303.0,3430.653630625872,1568.6509874748335,2329.0,1481.0
1.0,11694.0,5029.0,4887.437157340446,0.0,12884.0,12884.0,3695.716097504165,1191.721059836281,3436.0,1593.0
1.0,6665.0,4911.0,3547.199905995209,8303.0,4132.0,4132.0,2831.4930109308148,715.7068950643942,3693.0,1218.0
1.0,10057.0,3573.0,2329.221866693545,12884.0,0.0,0.0,1704.2716511915269,624.9502155020184,2834.0,739.0
1.0,19368.0,2336.0,2450.6897510833733,4132.0,0.0,0.0,1448.1335517410726,1002.5561993423008,1704.0,632.0
1.0,21164.0,2467.0,3831.459381349156,0.0,0.0,0.0,2350.3785031803195,1481.0808781688365,1463.0,1004.0
1.0,18697.0,3836.0,5000.308657329749,0.0,5140.0,5140.0,3428.0608240647025,1572.2478332650462,2350.0,1486.0
1.0,14861.0,5061.0,4898.9331620008,0.0,9796.0,9796.0,3699.5449346239557,1199.388227376844,3466.0,1595.0
1.0,9800.0,4940.0,3560.4192509991253,5140.0,4241.0,4241.0,2838.400357922663,722.0188930764626,3712.0,1228.0
1.0,10000.0,3594.0,2335.1353944475895,9796.0,0.0,0.0,1709.3455452949347,625.7898491526548,2845.0,749.0
2.0,0.0,1324.0,1324.0,0.0,5296.0,5296.0,944.0,380.0,944.0,380.0
2.0,0.0,1336.0,1330.0,0.0,5320.0,5320.0,950.0,380.0,956.0,380.0
2.0,0.0,1364.0,1341.0,5296.0,4092.0,4092.0,957.0,384.0,972.0,392.0
2.0,1272.0,1360.0,1346.0,5320.0,152.0,152.0,959.0,387.0,964.0,396.0
2.0,5232.0,0.0,1077.0,4092.0,0.0,0.0,767.0,310.0,0.0,0.0
2.0,9324.0,0.0,897.0,152.0,0.0,0.0,639.0,258.0,0.0,0.0
2.0,9476.0,0.0,769.0,0.0,0.0,0.0,548.0,221.0,0.0,0.0
2.0,9476.0,0.0,674.0,0.0,0.0,0.0,480.0,194.0,0.0,0.0
2.0,9476.0,0.0,598.0,0.0,0.0,0.0,426.0,172.0,0.0,0.0
2.0,9476.0,0.0,539.0,0.0,0.0,0.0,384.0,155.0,0.0,0.0
2.0,9476.0,0.0,490.0,0.0,0.0,0.0,349.0,141.0,0.0,0.0
2.0,9476.0,277.0,471.0,0.0,0.0,0.0,334.0,137.0,177.0,100.0
2.0,9199.0,632.0,484.0,0.0,0.0,0.0,340.0,144.0,411.0,221.0
2.0,8567.0,734.0,502.0,0.0,0.0,0.0,352.0,150.0,504.0,230.0
2.0,7833.0,458.0,499.0,0.0,0.0,0.0,350.0,149.0,329.0,129.0
2.0,7375.0,94.0,474.0,0.0,0.0,0.0,334.0,140.0,89.0,5.0
2.0,7281.0,7.0,446.0,0.0,0.0,0.0,315.0,131.0,7.0,0.0
2.0,7274.0,264.0,436.0,0.0,0.0,0.0,306.0,130.0,161.0,103.0
2.0,7010.0,624.0,446.0,0.0,0.0,0.0,311.0,135.0,401.0,223.0
2.0,6386.0,722.0,460.0,0.0,0.0,0.0,320.0,140.0,490.0,232.0
2.0,5664.0,460.0,460.0,0.0,0.0,0.0,321.0,139.0,339.0,121.0
2.0,5204.0,76.0,443.0,0.0,0.0,0.0,310.0,133.0,68.0,8.0
2.0,5128.0,0.0,423.0,0.0,0.0,0.0,296.0,127.0,0.0,0.0
2.0,5128.0,247.0,416.0,0.0,0.0,0.0,290.0,126.0,154.0,93.0
2.0,4881.0,592.0,423.0,0.0,0.0,0.0,295.0,128.0,398.0,194.0
2.0,4289.0,684.0,433.0,0.0,0.0,0.0,302.0,131.0,476.0,208.0
2.0,3605.0,437.0,433.0,0.0,0.0,0.0,302.0,131.0,315.0,122.0
2.0,3168.0,114.0,421.0,0.0,0.0,0.0,294.0,127.0,87.0,27.0
2.0,3054.0,33.0,408.0,0.0,0.0,0.0,285.0,123.0,17.0,16.0
2.0,3021.0,255.0,403.0,0.0,0.0,0.0,281.0,122.0,169.0,86.0
2.0,2766.0,573.0,409.0,0.0,0.0,0.0,285.0,124.0,395.0,178.0
2.0,2193.0,650.0,416.0,0.0,121.0,121.0,290.0,126.0,455.0,195.0
2.0,1543.0,414.0,416.0,0.0,535.0,535.0,290.0,126.0,295.0,119.0
2.0,1129.0,96.0,407.0,121.0,474.0,474.0,284.0,123.0,68.0,28.0
2.0,1154.0,35.0,396.0,535.0,0.0,0.0,276.0,120.0,20.0,15.0
2.0,1654.0,261.0,392.0,474.0,0.0,0.0,273.0,119.0,171.0,90.0
2.0,1867.0,560.0,397.0,0.0,281.0,281.0,276.0,121.0,385.0,175.0
2.0,1307.0,608.0,402.0,0.0,909.0,909.0,280.0,122.0,423.0,185.0
2.0,699.0,375.0,402.0,281.0,1003.0,1003.0,280.0,122.0,265.0,110.0
2.0,605.0,110.0,395.0,909.0,176.0,176.0,275.0,120.0,83.0,27.0
2.0,1404.0,83.0,386.0,1003.0,0.0,0.0,269.0,117.0,58.0,25.0
2.0,2324.0,305.0,385.0,176.0,0.0,0.0,268.0,117.0,207.0,98.0
2.0,2195.0,593.0,389.0,0.0,0.0,0.0,271.0,118.0,412.0,181.0
2.0,1602.0,640.0,395.0,0.0,618.0,618.0,275.0,120.0,452.0,188.0
2.0,962.0,393.0,396.0,0.0,1015.0,1015.0,276.0,120.0,282.0,111.0
2.0,569.0,103.0,389.0,618.0,472.0,472.0,271.0,118.0,75.0,28.0
2.0,1084.0,71.0,382.0,1015.0,0.0,0.0,266.0,116.0,49.0,22.0
2.0,2028.0,329.0,382.0,472.0,0.0,0.0,266.0,116.0,221.0,108.0
2.0,2171.0,614.0,386.0,0.0,0.0,0.0,269.0,117.0,420.0,194.0
2.0,1557.0,656.0,392.0,0.0,667.0,667.0,273.0,119.0,467.0,189.0
2.0,901.0,402.0,391.0,0.0,1065.0,1065.0,273.0,118.0,305.0,97.0
2.0,499.0,106.0,386.0,667.0,484.0,484.0,270.0,116.0,90.0,16.0
2.0,1060.0,94.0,363.0,1065.0,0.0,0.0,253.0,110.0,58.0,36.0
2.0,2031.0,365.0,344.0,484.0,0.0,0.0,239.0,105.0,232.0,133.0
2.0,2150.0,651.0,329.0,0.0,0.0,0.0,228.0,101.0,437.0,214.0
2.0,1499.0,675.0,317.0,0.0,444.0,444.0,219.0,98.0,481.0,194.0
2.0,824.0,426.0,325.0,0.0,902.0,902.0,226.0,99.0,328.0,98.0
2.0,398.0,141.0,328.0,444.0,611.0,611.0,228.0,100.0,121.0,20.0
2.0,701.0,116.0,330.0,902.0,0.0,0.0,229.0,101.0,72.0,44.0
2.0,1487.0,360.0,336.0,611.0,0.0,0.0,233.0,103.0,219.0,141.0
2.0,1738.0,628.0,349.0,0.0,286.0,286.0,241.0,108.0,409.0,219.0
2.0,1110.0,660.0,361.0,0.0,994.0,994.0,250.0,111.0,475.0,185.0
2.0,450.0,409.0,370.0,286.0,1153.0,1153.0,257.0,113.0,335.0,74.0
2.0,327.0,149.0,367.0,994.0,296.0,296.0,256.0,111.0,136.0,13.0
2.0,1172.0,134.0,358.0,1153.0,0.0,0.0,250.0,108.0,78.0,56.0
2.0,2191.0,390.0,350.0,296.0,0.0,0.0,244.0,106.0,227.0,163.0
2.0,2097.0,646.0,354.0,0.0,0.0,0.0,246.0,108.0,424.0,222.0
2.0,1451.0,666.0,366.0,0.0,679.0,679.0,254.0,112.0,482.0,184.0
2.0,785.0,413.0,373.0,0.0,1120.0,1120.0,260.0,113.0,335.0,78.0
2.0,372.0,147.0,371.0,679.0,580.0,580.0,259.0,112.0,132.0,15.0
2.0,904.0,127.0,361.0,1120.0,0.0,0.0,253.0,108.0,78.0,49.0
2.0,1897.0,383.0,355.0,580.0,0.0,0.0,248.0,107.0,229.0,154.0
2.0,2094.0,657.0,359.0,0.0,0.0,0.0,250.0,109.0,433.0,224.0
2.0,1437.0,673.0,370.0,0.0,716.0,716.0,258.0,112.0,485.0,188.0
2.0,764.0,392.0,378.0,0.0,1140.0,1140.0,264.0,114.0,313.0,79.0
2.0,372.0,105.0,375.0,716.0,517.0,517.0,263.0,112.0,96.0,9.0
2.0,983.0,112.0,366.0,1140.0,0.0,0.0,257.0,109.0,62.0,50.0
2.0,2011.0,375.0,360.0,517.0,0.0,0.0,252.0,108.0,221.0,154.0
2.0,2153.0,660.0,364.0,0.0,0.0,0.0,254.0,110.0,441.0,219.0
2.0,1493.0,666.0,375.0,0.0,673.0,673.0,262.0,113.0,495.0,171.0
2.0,827.0,393.0,382.0,0.0,1094.0,1094.0,268.0,114.0,327.0,66.0
2.0,434.0,107.0,379.0,673.0,516.0,516.0,267.0,112.0,101.0,6.0
2.0,1000.0,72.0,369.0,1094.0,0.0,0.0,259.0,110.0,26.0,46.0
2.0,2022.0,340.0,363.0,516.0,0.0,0.0,254.0,109.0,187.0,153.0
2.0,2198.0,653.0,368.0,0.0,0.0,0.0,257.0,111.0,437.0,216.0
2.0,1545.0,679.0,379.0,0.0,650.0,650.0,265.0,114.0,508.0,171.0
2.0,866.0,408.0,386.0,0.0,1086.0,1086.0,272.0,114.0,346.0,62.0
2.0,458.0,106.0,383.0,650.0,530.0,530.0,270.0,113.0,106.0,0.0
2.0,1002.0,72.0,374.0,1086.0,0.0,0.0,264.0,110.0,24.0,48.0
2.0,2016.0,349.0,369.0,530.0,0.0,0.0,259.0,110.0,190.0,159.0
2.0,2197.0,662.0,375.0,0.0,0.0,0.0,263.0,112.0,446.0,216.0
2.0,1535.0,707.0,386.0,0.0,716.0,716.0,271.0,115.0,531.0,176.0
2.0,828.0,436.0,393.0,0.0,1180.0,1180.0,277.0,116.0,364.0,72.0
2.0,392.0,92.0,389.0,716.0,540.0,540.0,275.0,114.0,86.0,6.0
2.0,1016.0,51.0,378.0,1180.0,0.0,0.0,267.0,111.0,5.0,46.0
2.0,2145.0,349.0,373.0,540.0,0.0,0.0,262.0,111.0,195.0,154.0
2.0,2336.0,696.0,379.0,0.0,0.0,0.0,266.0,113.0,476.0,220.0
2.0,1640.0,748.0,391.0,0.0,672.0,672.0,275.0,116.0,560.0,188.0
2.0,892.0,444.0,398.0,0.0,1144.0,1144.0,281.0,117.0,360.0,84.0
2.0,448.0,92.0,393.0,672.0,544.0,544.0,278.0,115.0,87.0,5.0
2.0,1028.0,37.0,382.0,1144.0,0.0,0.0,270.0,112.0,0.0,37.0
2.0,2135.0,350.0,376.0,544.0,0.0,0.0,265.0,111.0,191.0,159.0
2.0,2329.0,736.0,383.0,0.0,0.0,0.0,269.0,114.0,492.0,244.0
2.0,1593.0,781.0,396.0,0.0,772.0,772.0,278.0,118.0,569.0,212.0
2.0,812.0,443.0,403.0,0.0,1243.0,1243.0,284.0,119.0,353.0,90.0
2.0,369.0,85.0,397.0,772.0,532.0,532.0,281.0,116.0,85.0,0.0
2.0,1056.0,77.0,386.0,1243.0,0.0,0.0,273.0,113.0,38.0,39.0
2.0,2222.0,390.0,381.0,532.0,0.0,0.0,268.0,113.0,222.0,168.0
2.0,2364.0,733.0,387.0,0.0,0.0,0.0,271.0,116.0,465.0,268.0
2.0,1631.0,760.0,399.0,0.0,725.0,725.0,279.0,120.0,530.0,230.0
2.0,871.0,443.0,405.0,0.0,1192.0,1192.0,284.0,121.0,348.0,95.0
2.0,428.0,100.0,400.0,725.0,547.0,547.0,282.0,118.0,100.0,0.0
2.0,1053.0,90.0,390.0,1192.0,0.0,0.0,275.0,115.0,55.0,35.0
2.0,2155.0,433.0,385.0,547.0,0.0,0.0,271.0,114.0,261.0,172.0
2.0,2269.0,775.0,392.0,0.0,74.0,74.0,274.0,118.0,499.0,276.0
2.0,1494.0,778.0,405.0,0.0,904.0,904.0,282.0,123.0,539.0,239.0
2.0,716.0,450.0,410.0,74.0,1300.0,1300.0,287.0,123.0,350.0,100.0
2.0,340.0,120.0,405.0,904.0,496.0,496.0,285.0,120.0,120.0,0.0
2.0,1124.0,104.0,395.0,1300.0,0.0,0.0,278.0,117.0,71.0,33.0
2.0,2320.0,411.0,389.0,496.0,0.0,0.0,273.0,116.0,246.0,165.0
2.0,2405.0,746.0,396.0,0.0,0.0,0.0,276.0,120.0,477.0,269.0
2.0,1659.0,787.0,408.0,0.0,760.0,760.0,284.0,124.0,549.0,238.0
2.0,872.0,473.0,415.0,0.0,1261.0,1261.0,290.0,125.0,375.0,98.0
2.0,399.0,120.0,410.0,760.0,601.0,601.0,288.0,122.0,120.0,0.0
2.0,1039.0,68.0,399.0,1261.0,0.0,0.0,280.0,119.0,33.0,35.0
2.0,2232.0,391.0,393.0,601.0,0.0,0.0,275.0,118.0,223.0,168.0
2.0,2442.0,772.0,401.0,0.0,0.0,0.0,279.0,122.0,500.0,272.0
2.0,1670.0,790.0,414.0,0.0,776.0,776.0,288.0,126.0,566.0,224.0
2.0,880.0,456.0,421.0,0.0,1260.0,1260.0,294.0,127.0,375.0,81.0
2.0,424.0,107.0,415.0,776.0,567.0,567.0,291.0,124.0,107.0,0.0
2.0,1093.0,66.0,404.0,1260.0,0.0,0.0,284.0,120.0,32.0,34.0
2.0,2287.0,376.0,398.0,567.0,0.0,0.0,278.0,120.0,222.0,154.0
2.0,2478.0,720.0,404.0,0.0,0.0,0.0,281.0,123.0,473.0,247.0
2.0,1758.0,761.0,417.0,0.0,671.0,671.0,290.0,127.0,544.0,217.0
2.0,997.0,447.0,424.0,0.0,1146.0,1146.0,296.0,128.0,360.0,87.0
2.0,550.0,114.0,420.0,671.0,573.0,573.0,295.0,125.0,114.0,0.0
2.0,1107.0,98.0,410.0,1146.0,0.0,0.0,288.0,122.0,65.0,33.0
2.0,2155.0,417.0,404.0,573.0,0.0,0.0,283.0,121.0,263.0,154.0
2.0,2311.0,745.0,411.0,0.0,78.0,78.0,286.0,125.0,506.0,239.0
2.0,1566.0,754.0,423.0,0.0,880.0,880.0,294.0,129.0,547.0,207.0
2.0,812.0,424.0,430.0,78.0,1254.0,1254.0,300.0,130.0,333.0,91.0
2.0,466.0,85.0,424.0,880.0,435.0,435.0,298.0,126.0,85.0,0.0
2.0,1261.0,75.0,414.0,1254.0,0.0,0.0,291.0,123.0,57.0,18.0
2.0,2440.0,373.0,407.0,435.0,0.0,0.0,285.0,122.0,240.0,133.0
2.0,2502.0,696.0,412.0,0.0,0.0,0.0,287.0,125.0,464.0,232.0
2.0,1806.0,738.0,424.0,0.0,628.0,628.0,295.0,129.0,517.0,221.0
2.0,1068.0,474.0,432.0,0.0,1134.0,1134.0,302.0,130.0,366.0,108.0
2.0,594.0,157.0,428.0,628.0,647.0,647.0,301.0,127.0,147.0,10.0
2.0,1065.0,68.0,417.0,1134.0,0.0,0.0,293.0,124.0,43.0,25.0
2.0,2131.0,306.0,409.0,647.0,0.0,0.0,286.0,123.0,176.0,130.0
2.0,2472.0,670.0,413.0,0.0,0.0,0.0,287.0,126.0,436.0,234.0
2.0,1802.0,789.0,426.0,0.0,691.0,691.0,296.0,130.0,560.0,229.0
2.0,1013.0,537.0,435.0,0.0,1264.0,1264.0,304.0,131.0,425.0,112.0
2.0,476.0,175.0,432.0,691.0,736.0,736.0,304.0,128.0,163.0,12.0
2.0,992.0,70.0,419.0,1264.0,0.0,0.0,295.0,124.0,44.0,26.0
2.0,2186.0,306.0,411.0,736.0,0.0,0.0,288.0,123.0,164.0,142.0
2.0,2616.0,661.0,415.0,0.0,0.0,0.0,289.0,126.0,418.0,243.0
2.0,1955.0,778.0,428.0,0.0,535.0,535.0,298.0,130.0,546.0,232.0
2.0,1177.0,549.0,437.0,0.0,1120.0,1120.0,305.0,132.0,431.0,118.0
2.0,628.0,182.0,433.0,535.0,751.0,751.0,304.0,129.0,168.0,14.0
2.0,981.0,92.0,420.0,1120.0,0.0,0.0,296.0,124.0,55.0,37.0
2.0,2009.0,347.0,413.0,751.0,0.0,0.0,290.0,123.0,199.0,148.0
2.0,2413.0,712.0,418.0,0.0,0.0,0.0,292.0,126.0,470.0,242.0
2.0,1701.0,853.0,432.0,0.0,880.0,880.0,302.0,130.0,618.0,235.0
2.0,848.0,601.0,442.0,0.0,1521.0,1521.0,310.0,132.0,470.0,131.0
2.0,247.0,197.0,437.0,880.0,818.0,818.0,308.0,129.0,167.0,30.0
2.0,930.0,56.0,424.0,1521.0,0.0,0.0,299.0,125.0,21.0,35.0
2.0,2395.0,338.0,416.0,818.0,0.0,0.0,293.0,123.0,194.0,144.0
2.0,2875.0,755.0,422.0,0.0,0.0,0.0,296.0,126.0,504.0,251.0
2.0,2120.0,898.0,437.0,0.0,526.0,526.0,306.0,131.0,647.0,251.0
2.0,1222.0,593.0,446.0,0.0,1155.0,1155.0,313.0,133.0,452.0,141.0
2.0,629.0,183.0,441.0,526.0,792.0,792.0,311.0,130.0,147.0,36.0
2.0,972.0,63.0,428.0,1155.0,0.0,0.0,302.0,126.0,20.0,43.0
2.0,2064.0,344.0,419.0,792.0,0.0,0.0,295.0,124.0,192.0,152.0
2.0,2512.0,759.0,425.0,0.0,0.0,0.0,298.0,127.0,509.0,250.0
2.0,1753.0,906.0,440.0,0.0,913.0,913.0,308.0,132.0,663.0,243.0
2.0,847.0,618.0,451.0,0.0,1575.0,1575.0,317.0,134.0,484.0,134.0
2.0,229.0,189.0,447.0,913.0,835.0,835.0,316.0,131.0,147.0,42.0
2.0,953.0,55.0,433.0,1575.0,0.0,0.0,306.0,127.0,0.0,55.0
2.0,2473.0,326.0,425.0,835.0,0.0,0.0,299.0,126.0,175.0,151.0
2.0,2982.0,731.0,430.0,0.0,0.0,0.0,301.0,129.0,496.0,235.0
2.0,2251.0,871.0,444.0,0.0,396.0,396.0,311.0,133.0,638.0,233.0
2.0,1380.0,599.0,454.0,0.0,1035.0,1035.0,319.0,135.0,461.0,138.0
2.0,781.0,201.0,451.0,396.0,828.0,828.0,318.0,133.0,156.0,45.0
2.0,976.0,83.0,439.0,1035.0,0.0,0.0,310.0,129.0,35.0,48.0
2.0,1928.0,342.0,431.0,828.0,0.0,0.0,303.0,128.0,201.0,141.0
2.0,2414.0,717.0,436.0,0.0,47.0,47.0,305.0,131.0,480.0,237.0
2.0,1697.0,830.0,450.0,0.0,933.0,933.0,315.0,135.0,594.0,236.0
2.0,867.0,570.0,459.0,47.0,1492.0,1492.0,322.0,137.0,436.0,134.0
2.0,344.0,198.0,455.0,933.0,741.0,741.0,320.0,135.0,163.0,35.0
2.0,1079.0,75.0,442.0,1492.0,0.0,0.0,311.0,131.0,45.0,30.0
2.0,2496.0,315.0,433.0,741.0,0.0,0.0,304.0,129.0,181.0,134.0
2.0,2922.0,682.0,438.0,0.0,0.0,0.0,306.0,132.0,438.0,244.0
2.0,2240.0,808.0,452.0,0.0,376.0,376.0,315.0,137.0,558.0,250.0
2.0,1432.0,566.0,461.0,0.0,978.0,978.0,322.0,139.0,426.0,140.0
2.0,866.0,209.0,458.0,376.0,799.0,799.0,321.0,137.0,180.0,29.0
2.0,1033.0,102.0,447.0,978.0,0.0,0.0,314.0,133.0,77.0,25.0
2.0,1909.0,322.0,439.0,799.0,0.0,0.0,307.0,132.0,199.0,123.0
2.0,2386.0,655.0,443.0,0.0,41.0,41.0,309.0,134.0,427.0,228.0
2.0,1731.0,790.0,454.0,0.0,875.0,875.0,316.0,138.0,548.0,242.0
2.0,941.0,573.0,464.0,41.0,1447.0,1447.0,323.0,141.0,417.0,156.0
2.0,409.0,228.0,462.0,875.0,792.0,792.0,323.0,139.0,176.0,52.0
2.0,1056.0,108.0,453.0,1447.0,0.0,0.0,317.0,136.0,74.0,34.0
2.0,2395.0,334.0,444.0,792.0,0.0,0.0,310.0,134.0,210.0,124.0
2.0,2853.0,644.0,446.0,0.0,0.0,0.0,310.0,136.0,423.0,221.0
2.0,2209.0,750.0,456.0,0.0,365.0,365.0,316.0,140.0,514.0,236.0
2.0,1459.0,553.0,465.0,0.0,954.0,954.0,323.0,142.0,404.0,149.0
2.0,906.0,267.0,465.0,365.0,856.0,856.0,324.0,141.0,214.0,53.0
2.0,1004.0,172.0,456.0,954.0,38.0,38.0,319.0,137.0,122.0,50.0
2.0,1786.0,385.0,448.0,856.0,0.0,0.0,313.0,135.0,246.0,139.0
2.0,2257.0,679.0,450.0,38.0,184.0,184.0,313.0,137.0,449.0,230.0
2.0,1616.0,781.0,462.0,0.0,1013.0,1013.0,321.0,141.0,555.0,226.0
2.0,835.0,581.0,471.0,184.0,1446.0,1446.0,328.0,143.0,436.0,145.0
2.0,438.0,274.0,470.0,1013.0,703.0,703.0,328.0,142.0,204.0,70.0
2.0,1177.0,169.0,460.0,1446.0,0.0,0.0,321.0,139.0,101.0,68.0
2.0,2454.0,388.0,451.0,703.0,0.0,0.0,314.0,137.0,243.0,145.0
2.0,2769.0,704.0,453.0,0.0,0.0,0.0,314.0,139.0,481.0,223.0
2.0,2065.0,846.0,465.0,0.0,641.0,641.0,323.0,142.0,619.0,227.0
2.0,1219.0,625.0,476.0,0.0,1310.0,1310.0,331.0,145.0,472.0,153.0
2.0,594.0,277.0,475.0,641.0,942.0,942.0,332.0,143.0,207.0,70.0
2.0,958.0,185.0,464.0,1310.0,0.0,0.0,324.0,140.0,115.0,70.0
2.0,2083.0,429.0,455.0,942.0,0.0,0.0,317.0,138.0,275.0,154.0
2.0,2596.0,737.0,457.0,0.0,0.0,0.0,318.0,139.0,515.0,222.0
2.0,1859.0,801.0,470.0,0.0,822.0,822.0,327.0,143.0,582.0,219.0
2.0,1058.0,562.0,479.0,0.0,1420.0,1420.0,334.0,145.0,425.0,137.0
2.0,496.0,283.0,478.0,822.0,877.0,877.0,335.0,143.0,218.0,65.0
2.0,1035.0,222.0,468.0,1420.0,0.0,0.0,328.0,140.0,148.0,74.0
2.0,2233.0,451.0,459.0,877.0,0.0,0.0,321.0,138.0,296.0,155.0
2.0,2659.0,756.0,462.0,0.0,0.0,0.0,322.0,140.0,526.0,230.0
2.0,1903.0,826.0,473.0,0.0,815.0,815.0,330.0,143.0,602.0,224.0
2.0,1077.0,589.0,484.0,0.0,1448.0,1448.0,339.0,145.0,448.0,141.0
2.0,488.0,264.0,483.0,815.0,893.0,893.0,340.0,143.0,199.0,65.0
2.0,1039.0,186.0,472.0,1448.0,0.0,0.0,332.0,140.0,115.0,71.0
2.0,2301.0,411.0,464.0,893.0,0.0,0.0,325.0,139.0,261.0,150.0
2.0,2783.0,725.0,466.0,0.0,0.0,0.0,326.0,140.0,505.0,220.0
2.0,2058.0,808.0,477.0,0.0,658.0,658.0,334.0,143.0,594.0,214.0
2.0,1250.0,564.0,487.0,0.0,1262.0,1262.0,342.0,145.0,426.0,138.0
2.0,686.0,240.0,485.0,658.0,836.0,836.0,341.0,144.0,177.0,63.0
2.0,1104.0,137.0,473.0,1262.0,0.0,0.0,333.0,140.0,73.0,64.0
2.0,2229.0,369.0,465.0,836.0,0.0,0.0,327.0,138.0,234.0,135.0
2.0,2696.0,709.0,468.0,0.0,0.0,0.0,328.0,140.0,492.0,217.0
2.0,1987.0,817.0,480.0,0.0,750.0,750.0,336.0,144.0,591.0,226.0
2.0,1170.0,581.0,489.0,0.0,1367.0,1367.0,343.0,146.0,424.0,157.0
2.0,589.0,241.0,488.0,750.0,854.0,854.0,343.0,145.0,173.0,68.0
2.0,1098.0,127.0,477.0,1367.0,0.0,0.0,336.0,141.0,78.0,49.0
2.0,2338.0,355.0,469.0,854.0,0.0,0.0,330.0,139.0,237.0,118.0
2.0,2837.0,687.0,471.0,0.0,0.0,0.0,331.0,140.0,481.0,206.0
2.0,2150.0,804.0,483.0,0.0,586.0,586.0,339.0,144.0,576.0,228.0
2.0,1346.0,588.0,491.0,0.0,1206.0,1206.0,345.0,146.0,428.0,160.0
2.0,758.0,253.0,490.0,586.0,869.0,869.0,345.0,145.0,174.0,79.0
2.0,1091.0,140.0,480.0,1206.0,0.0,0.0,338.0,142.0,67.0,73.0
2.0,2157.0,360.0,472.0,869.0,0.0,0.0,332.0,140.0,218.0,142.0
2.0,2666.0,696.0,475.0,0.0,0.0,0.0,333.0,142.0,484.0,212.0
2.0,1970.0,804.0,486.0,0.0,778.0,778.0,341.0,145.0,586.0,218.0
2.0,1166.0,590.0,495.0,0.0,1404.0,1404.0,348.0,147.0,433.0,157.0
2.0,576.0,273.0,493.0,778.0,891.0,891.0,347.0,146.0,182.0,91.0
2.0,1081.0,168.0,485.0,1404.0,0.0,0.0,341.0,144.0,85.0,83.0
2.0,2317.0,411.0,478.0,891.0,0.0,0.0,336.0,142.0,259.0,152.0
2.0,2797.0,739.0,482.0,0.0,0.0,0.0,338.0,144.0,517.0,222.0
2.0,2058.0,819.0,492.0,0.0,729.0,729.0,345.0,147.0,597.0,222.0
2.0,1239.0,589.0,500.0,0.0,1350.0,1350.0,351.0,149.0,431.0,158.0
2.0,650.0,271.0,498.0,729.0,884.0,884.0,350.0,148.0,182.0,89.0
2.0,1108.0,194.0,489.0,1350.0,0.0,0.0,343.0,146.0,93.0,101.0
2.0,2264.0,460.0,482.0,884.0,0.0,0.0,338.0,144.0,289.0,171.0
2.0,2688.0,798.0,487.0,0.0,58.0,58.0,341.0,146.0,570.0,228.0
2.0,1890.0,874.0,498.0,0.0,976.0,976.0,349.0,149.0,652.0,222.0
2.0,1016.0,600.0,507.0,58.0,1554.0,1554.0,356.0,151.0,446.0,154.0
2.0,474.0,256.0,504.0,976.0,822.0,822.0,354.0,150.0,161.0,95.0
2.0,1194.0,203.0,495.0,1554.0,0.0,0.0,347.0,148.0,89.0,114.0
2.0,2545.0,484.0,488.0,822.0,0.0,0.0,341.0,147.0,300.0,184.0
2.0,2883.0,819.0,491.0,0.0,0.0,0.0,343.0,148.0,589.0,230.0
2.0,2064.0,902.0,503.0,0.0,850.0,850.0,352.0,151.0,685.0,217.0
2.0,1162.0,629.0,512.0,0.0,1515.0,1515.0,359.0,153.0,480.0,149.0
2.0,533.0,282.0,508.0,850.0,931.0,931.0,357.0,151.0,184.0,98.0
2.0,1101.0,227.0,499.0,1515.0,0.0,0.0,349.0,150.0,105.0,122.0
2.0,2389.0,496.0,493.0,931.0,0.0,0.0,344.0,149.0,308.0,188.0
2.0,2824.0,826.0,498.0,0.0,0.0,0.0,347.0,151.0,595.0,231.0
2.0,1998.0,889.0,510.0,0.0,931.0,931.0,356.0,154.0,674.0,215.0
2.0,1109.0,639.0,518.0,0.0,1602.0,1602.0,363.0,155.0,487.0,152.0
2.0,470.0,293.0,515.0,931.0,952.0,952.0,361.0,154.0,186.0,107.0
2.0,1108.0,200.0,504.0,1602.0,0.0,0.0,352.0,152.0,82.0,118.0
2.0,2510.0,450.0,497.0,952.0,0.0,0.0,346.0,151.0,276.0,174.0
2.0,3012.0,786.0,501.0,0.0,0.0,0.0,348.0,153.0,561.0,225.0
2.0,2226.0,880.0,513.0,0.0,706.0,706.0,357.0,156.0,669.0,211.0
2.0,1346.0,637.0,521.0,0.0,1375.0,1375.0,364.0,157.0,496.0,141.0
2.0,709.0,311.0,519.0,706.0,972.0,972.0,363.0,156.0,215.0,96.0
2.0,1104.0,217.0,510.0,1375.0,0.0,0.0,356.0,154.0,103.0,114.0
2.0,2262.0,427.0,502.0,972.0,0.0,0.0,349.0,153.0,256.0,171.0
2.0,2807.0,722.0,505.0,0.0,0.0,0.0,351.0,154.0,506.0,216.0
2.0,2085.0,823.0,516.0,0.0,802.0,802.0,359.0,157.0,621.0,202.0
2.0,1262.0,601.0,526.0,0.0,1443.0,1443.0,367.0,159.0,462.0,139.0
2.0,661.0,286.0,524.0,802.0,919.0,919.0,366.0,158.0,199.0,87.0
2.0,1177.0,192.0,513.0,1443.0,0.0,0.0,358.0,155.0,96.0,96.0
2.0,2428.0,404.0,506.0,919.0,0.0,0.0,352.0,154.0,247.0,157.0
2.0,2943.0,719.0,508.0,0.0,0.0,0.0,353.0,155.0,497.0,222.0
2.0,2224.0,798.0,519.0,0.0,650.0,650.0,361.0,158.0,586.0,212.0
2.0,1426.0,578.0,528.0,0.0,1264.0,1264.0,368.0,160.0,430.0,148.0
2.0,848.0,269.0,526.0,650.0,875.0,875.0,367.0,159.0,183.0,86.0
2.0,1229.0,199.0,517.0,1264.0,0.0,0.0,360.0,157.0,106.0,93.0
2.0,2294.0,431.0,510.0,875.0,0.0,0.0,354.0,156.0,278.0,153.0
2.0,2738.0,697.0,512.0,0.0,7.0,7.0,355.0,157.0,491.0,206.0
2.0,2041.0,771.0,522.0,0.0,818.0,818.0,363.0,159.0,568.0,203.0
2.0,1270.0,557.0,529.0,7.0,1396.0,1396.0,369.0,160.0,413.0,144.0
2.0,720.0,297.0,528.0,818.0,871.0,871.0,369.0,159.0,210.0,87.0
2.0,1241.0,251.0,520.0,1396.0,0.0,0.0,363.0,157.0,153.0,98.0
2.0,2386.0,467.0,514.0,871.0,0.0,0.0,358.0,156.0,309.0,158.0
2.0,2790.0,733.0,516.0,0.0,7.0,7.0,359.0,157.0,521.0,212.0
2.0,2057.0,783.0,526.0,0.0,830.0,830.0,367.0,159.0,573.0,210.0
2.0,1274.0,569.0,534.0,7.0,1424.0,1424.0,373.0,161.0,421.0,148.0
2.0,712.0,314.0,531.0,830.0,896.0,896.0,372.0,159.0,222.0,92.0
2.0,1228.0,278.0,523.0,1424.0,0.0,0.0,366.0,157.0,181.0,97.0
2.0,2374.0,508.0,517.0,896.0,0.0,0.0,361.0,156.0,342.0,166.0
2.0,2762.0,788.0,521.0,0.0,110.0,110.0,364.0,157.0,560.0,228.0
2.0,1974.0,816.0,531.0,0.0,966.0,966.0,371.0,160.0,591.0,225.0
2.0,1158.0,576.0,539.0,110.0,1464.0,1464.0,378.0,161.0,423.0,153.0
2.0,692.0,302.0,535.0,966.0,784.0,784.0,376.0,159.0,212.0,90.0
2.0,1356.0,284.0,526.0,1464.0,0.0,0.0,369.0,157.0,175.0,109.0
2.0,2536.0,553.0,519.0,784.0,0.0,0.0,363.0,156.0,364.0,189.0
2.0,2767.0,856.0,524.0,0.0,185.0,185.0,366.0,158.0,604.0,252.0
2.0,1911.0,865.0,536.0,0.0,1098.0,1098.0,375.0,161.0,633.0,232.0
2.0,1046.0,599.0,544.0,185.0,1544.0,1544.0,382.0,162.0,441.0,158.0
2.0,632.0,303.0,540.0,1098.0,733.0,733.0,380.0,160.0,209.0,94.0
2.0,1427.0,269.0,530.0,1544.0,0.0,0.0,372.0,158.0,161.0,108.0
2.0,2702.0,541.0,523.0,733.0,0.0,0.0,366.0,157.0,362.0,179.0
2.0,2894.0,869.0,528.0,0.0,87.0,87.0,369.0,159.0,620.0,249.0
2.0,2025.0,930.0,540.0,0.0,1065.0,1065.0,378.0,162.0,692.0,238.0
2.0,1095.0,634.0,547.0,87.0,1640.0,1640.0,385.0,162.0,475.0,159.0
2.0,548.0,289.0,544.0,1065.0,852.0,852.0,383.0,161.0,189.0,100.0
2.0,1324.0,234.0,532.0,1640.0,0.0,0.0,374.0,158.0,122.0,112.0
2.0,2730.0,546.0,526.0,852.0,0.0,0.0,368.0,158.0,351.0,195.0
2.0,3036.0,880.0,531.0,0.0,0.0,0.0,371.0,160.0,626.0,254.0
2.0,2156.0,912.0,542.0,0.0,924.0,924.0,380.0,162.0,680.0,232.0
2.0,1244.0,603.0,550.0,0.0,1559.0,1559.0,387.0,163.0,455.0,148.0
2.0,641.0,272.0,546.0,924.0,891.0,891.0,385.0,161.0,180.0,92.0
2.0,1293.0,254.0,536.0,1559.0,0.0,0.0,377.0,159.0,135.0,119.0
2.0,2598.0,544.0,530.0,891.0,0.0,0.0,371.0,159.0,351.0,193.0
2.0,2945.0,852.0,534.0,0.0,43.0,43.0,373.0,161.0,604.0,248.0
2.0,2093.0,882.0,545.0,0.0,969.0,969.0,382.0,163.0,654.0,228.0
2.0,1211.0,597.0,552.0,43.0,1551.0,1551.0,388.0,164.0,442.0,155.0
2.0,657.0,266.0,549.0,969.0,836.0,836.0,386.0,163.0,165.0,101.0
2.0,1360.0,247.0,540.0,1551.0,0.0,0.0,379.0,161.0,127.0,120.0
2.0,2664.0,537.0,535.0,836.0,0.0,0.0,374.0,161.0,353.0,184.0
2.0,2963.0,839.0,539.0,0.0,32.0,32.0,377.0,162.0,609.0,230.0
2.0,2124.0,828.0,550.0,0.0,904.0,904.0,385.0,165.0,622.0,206.0
2.0,1296.0,555.0,557.0,32.0,1455.0,1455.0,391.0,166.0,404.0,151.0
2.0,773.0,280.0,554.0,904.0,819.0,819.0,389.0,165.0,172.0,108.0
2.0,1397.0,263.0,545.0,1455.0,0.0,0.0,382.0,163.0,140.0,123.0
2.0,2589.0,523.0,540.0,819.0,0.0,0.0,378.0,162.0,338.0,185.0
2.0,2885.0,813.0,545.0,0.0,108.0,108.0,381.0,164.0,581.0,232.0
2.0,2072.0,825.0,556.0,0.0,977.0,977.0,389.0,167.0,609.0,216.0
2.0,1247.0,575.0,563.0,108.0,1472.0,1472.0,395.0,168.0,414.0,161.0
2.0,780.0,289.0,560.0,977.0,772.0,772.0,393.0,167.0,174.0,115.0
2.0,1468.0,253.0,552.0,1472.0,0.0,0.0,386.0,166.0,132.0,121.0
2.0,2687.0,504.0,546.0,772.0,0.0,0.0,381.0,165.0,333.0,171.0
2.0,2955.0,801.0,551.0,0.0,50.0,50.0,385.0,166.0,587.0,214.0
2.0,2154.0,827.0,561.0,0.0,917.0,917.0,392.0,169.0,610.0,217.0
2.0,1327.0,583.0,567.0,50.0,1474.0,1474.0,397.0,170.0,412.0,171.0
2.0,794.0,300.0,564.0,917.0,845.0,845.0,395.0,169.0,183.0,117.0
2.0,1411.0,275.0,556.0,1474.0,0.0,0.0,388.0,168.0,151.0,124.0
2.0,2610.0,531.0,551.0,845.0,0.0,0.0,384.0,167.0,358.0,173.0
2.0,2924.0,808.0,555.0,0.0,104.0,104.0,387.0,168.0,587.0,221.0
2.0,2116.0,847.0,566.0,0.0,995.0,995.0,395.0,171.0,624.0,223.0
2.0,1269.0,611.0,572.0,104.0,1526.0,1526.0,400.0,172.0,436.0,175.0
2.0,762.0,359.0,569.0,995.0,878.0,878.0,397.0,172.0,232.0,127.0
2.0,1398.0,327.0,560.0,1526.0,0.0,0.0,390.0,170.0,202.0,125.0
2.0,2597.0,575.0,556.0,878.0,0.0,0.0,387.0,169.0,395.0,180.0
2.0,2900.0,829.0,560.0,0.0,169.0,169.0,390.0,170.0,602.0,227.0
2.0,2071.0,844.0,571.0,0.0,1057.0,1057.0,398.0,173.0,621.0,223.0
2.0,1227.0,638.0,578.0,169.0,1554.0,1554.0,404.0,174.0,466.0,172.0
2.0,758.0,392.0,575.0,1057.0,877.0,877.0,402.0,173.0,264.0,128.0
2.0,1423.0,340.0,564.0,1554.0,0.0,0.0,394.0,170.0,210.0,130.0
2.0,2637.0,546.0,559.0,877.0,0.0,0.0,389.0,170.0,364.0,182.0
2.0,2968.0,811.0,563.0,0.0,95.0,95.0,392.0,171.0,582.0,229.0
2.0,2157.0,882.0,573.0,0.0,1017.0,1017.0,400.0,173.0,660.0,222.0
2.0,1275.0,668.0,582.0,95.0,1626.0,1626.0,407.0,175.0,496.0,172.0
2.0,702.0,414.0,579.0,1017.0,1011.0,1011.0,405.0,174.0,289.0,125.0
2.0,1305.0,368.0,569.0,1626.0,0.0,0.0,398.0,171.0,244.0,124.0
2.0,2563.0,595.0,563.0,1011.0,0.0,0.0,393.0,170.0,421.0,174.0
2.0,2979.0,855.0,567.0,0.0,144.0,144.0,396.0,171.0,632.0,223.0
2.0,2124.0,879.0,579.0,0.0,1071.0,1071.0,405.0,174.0,655.0,224.0
2.0,1245.0,654.0,586.0,144.0,1609.0,1609.0,411.0,175.0,463.0,191.0
2.0,735.0,400.0,584.0,1071.0,930.0,930.0,410.0,174.0,253.0,147.0
2.0,1406.0,345.0,574.0,1609.0,0.0,0.0,402.0,172.0,216.0,129.0
2.0,2670.0,545.0,566.0,930.0,0.0,0.0,396.0,170.0,388.0,157.0
2.0,3055.0,809.0,570.0,0.0,34.0,34.0,399.0,171.0,608.0,201.0
2.0,2246.0,838.0,581.0,0.0,916.0,916.0,407.0,174.0,615.0,223.0
2.0,1408.0,627.0,588.0,34.0,1537.0,1537.0,413.0,175.0,421.0,206.0
2.0,815.0,377.0,585.0,916.0,986.0,986.0,410.0,175.0,221.0,156.0
2.0,1354.0,333.0,575.0,1537.0,0.0,0.0,403.0,172.0,206.0,127.0
2.0,2558.0,554.0,569.0,986.0,0.0,0.0,398.0,171.0,404.0,150.0
2.0,2990.0,814.0,573.0,0.0,116.0,116.0,401.0,172.0,616.0,198.0
2.0,2176.0,848.0,584.0,0.0,1008.0,1008.0,410.0,174.0,626.0,222.0
2.0,1328.0,607.0,592.0,116.0,1531.0,1531.0,416.0,176.0,411.0,196.0
2.0,837.0,345.0,587.0,1008.0,848.0,848.0,412.0,175.0,191.0,154.0
2.0,1500.0,310.0,577.0,1531.0,0.0,0.0,404.0,173.0,175.0,135.0
2.0,2721.0,535.0,572.0,848.0,0.0,0.0,400.0,172.0,390.0,145.0
2.0,3034.0,774.0,575.0,0.0,40.0,40.0,403.0,172.0,597.0,177.0
2.0,2260.0,818.0,586.0,0.0,902.0,902.0,412.0,174.0,612.0,206.0
2.0,1442.0,613.0,593.0,40.0,1503.0,1503.0,417.0,176.0,410.0,203.0
2.0,869.0,373.0,590.0,902.0,962.0,962.0,414.0,176.0,202.0,171.0
2.0,1398.0,349.0,581.0,1503.0,0.0,0.0,407.0,174.0,198.0,151.0
2.0,2552.0,561.0,576.0,962.0,0.0,0.0,403.0,173.0,410.0,151.0
2.0,2953.0,780.0,580.0,0.0,147.0,147.0,407.0,173.0,602.0,178.0
2.0,2173.0,790.0,590.0,0.0,977.0,977.0,415.0,175.0,590.0,200.0
2.0,1383.0,601.0,596.0,147.0,1455.0,1455.0,420.0,176.0,399.0,202.0
2.0,929.0,397.0,594.0,977.0,867.0,867.0,418.0,176.0,224.0,173.0
2.0,1509.0,376.0,586.0,1455.0,0.0,0.0,411.0,175.0,225.0,151.0
2.0,2588.0,577.0,581.0,867.0,0.0,0.0,407.0,174.0,419.0,158.0
2.0,2878.0,805.0,585.0,0.0,267.0,267.0,411.0,174.0,623.0,182.0
2.0,2073.0,812.0,596.0,0.0,1123.0,1123.0,420.0,176.0,616.0,196.0
2.0,1261.0,638.0,602.0,267.0,1518.0,1518.0,425.0,177.0,429.0,209.0
2.0,890.0,417.0,600.0,1123.0,804.0,804.0,422.0,178.0,221.0,196.0
2.0,1596.0,390.0,592.0,1518.0,0.0,0.0,415.0,177.0,219.0,171.0
2.0,2724.0,607.0,588.0,804.0,0.0,0.0,412.0,176.0,449.0,158.0
2.0,2921.0,839.0,592.0,0.0,286.0,286.0,416.0,176.0,664.0,175.0
2.0,2082.0,844.0,601.0,0.0,1166.0,1166.0,424.0,177.0,638.0,206.0
2.0,1238.0,635.0,607.0,286.0,1539.0,1539.0,428.0,179.0,416.0,219.0
2.0,889.0,423.0,604.0,1166.0,784.0,784.0,425.0,179.0,224.0,199.0
2.0,1632.0,428.0,596.0,1539.0,0.0,0.0,418.0,178.0,261.0,167.0
2.0,2743.0,635.0,593.0,784.0,0.0,0.0,416.0,177.0,481.0,154.0
2.0,2892.0,842.0,596.0,0.0,334.0,334.0,419.0,177.0,663.0,179.0
2.0,2050.0,838.0,605.0,0.0,1208.0,1208.0,426.0,179.0,623.0,215.0
2.0,1212.0,650.0,611.0,334.0,1548.0,1548.0,430.0,181.0,415.0,235.0
2.0,896.0,465.0,609.0,1208.0,797.0,797.0,428.0,181.0,247.0,218.0
2.0,1639.0,471.0,602.0,1548.0,0.0,0.0,422.0,180.0,292.0,179.0
2.0,2716.0,654.0,598.0,797.0,0.0,0.0,419.0,179.0,486.0,168.0
2.0,2859.0,843.0,602.0,0.0,392.0,392.0,422.0,180.0,662.0,181.0
2.0,2016.0,841.0,610.0,0.0,1265.0,1265.0,429.0,181.0,629.0,212.0
2.0,1175.0,643.0,615.0,392.0,1536.0,1536.0,432.0,183.0,416.0,227.0
2.0,924.0,457.0,613.0,1265.0,720.0,720.0,429.0,184.0,246.0,211.0
2.0,1732.0,460.0,605.0,1536.0,0.0,0.0,422.0,183.0,272.0,188.0
2.0,2808.0,672.0,601.0,720.0,0.0,0.0,419.0,182.0,489.0,183.0
2.0,2856.0,854.0,605.0,0.0,418.0,418.0,423.0,182.0,663.0,191.0
2.0,2002.0,829.0,614.0,0.0,1283.0,1283.0,430.0,184.0,620.0,209.0
2.0,1173.0,608.0,618.0,418.0,1489.0,1489.0,433.0,185.0,397.0,211.0
2.0,983.0,403.0,616.0,1283.0,601.0,601.0,430.0,186.0,216.0,187.0
2.0,1863.0,444.0,608.0,1489.0,0.0,0.0,423.0,185.0,263.0,181.0
2.0,2908.0,689.0,606.0,601.0,0.0,0.0,421.0,185.0,499.0,190.0
2.0,2820.0,873.0,611.0,0.0,497.0,497.0,426.0,185.0,666.0,207.0
2.0,1947.0,842.0,620.0,0.0,1375.0,1375.0,434.0,186.0,630.0,212.0
2.0,1105.0,594.0,624.0,497.0,1488.0,1488.0,437.0,187.0,398.0,196.0
2.0,1008.0,362.0,621.0,1375.0,463.0,463.0,433.0,188.0,190.0,172.0
2.0,2021.0,379.0,612.0,1488.0,0.0,0.0,425.0,187.0,210.0,169.0
2.0,3130.0,622.0,608.0,463.0,0.0,0.0,422.0,186.0,440.0,182.0
2.0,2971.0,854.0,613.0,0.0,335.0,335.0,427.0,186.0,662.0,192.0
2.0,2117.0,842.0,622.0,0.0,1213.0,1213.0,435.0,187.0,648.0,194.0
2.0,1275.0,592.0,628.0,335.0,1494.0,1494.0,440.0,188.0,410.0,182.0
2.0,1018.0,366.0,624.0,1213.0,631.0,631.0,436.0,188.0,199.0,167.0
2.0,1865.0,388.0,617.0,1494.0,0.0,0.0,429.0,188.0,221.0,167.0
2.0,2971.0,622.0,614.0,631.0,0.0,0.0,426.0,188.0,442.0,180.0
2.0,2980.0,846.0,618.0,0.0,338.0,338.0,430.0,188.0,645.0,201.0
2.0,2134.0,834.0,627.0,0.0,1208.0,1208.0,439.0,188.0,637.0,197.0
2.0,1300.0,593.0,632.0,338.0,1483.0,1483.0,443.0,189.0,415.0,178.0
2.0,1045.0,359.0,628.0,1208.0,618.0,618.0,439.0,189.0,197.0,162.0
2.0,1894.0,395.0,620.0,1483.0,0.0,0.0,431.0,189.0,229.0,166.0
2.0,2982.0,659.0,617.0,618.0,0.0,0.0,429.0,188.0,466.0,193.0
2.0,2941.0,883.0,622.0,0.0,430.0,430.0,434.0,188.0,678.0,205.0
2.0,2058.0,835.0,631.0,0.0,1301.0,1301.0,442.0,189.0,640.0,195.0
2.0,1223.0,574.0,635.0,430.0,1461.0,1461.0,446.0,189.0,399.0,175.0
2.0,1079.0,358.0,631.0,1301.0,502.0,502.0,442.0,189.0,198.0,160.0
2.0,2022.0,411.0,623.0,1461.0,0.0,0.0,434.0,189.0,241.0,170.0
2.0,3072.0,698.0,621.0,502.0,0.0,0.0,432.0,189.0,503.0,195.0
2.0,2876.0,927.0,627.0,0.0,559.0,559.0,438.0,189.0,719.0,208.0
2.0,1949.0,848.0,635.0,0.0,1439.0,1439.0,446.0,189.0,648.0,200.0
2.0,1101.0,542.0,638.0,559.0,1434.0,1434.0,449.0,189.0,374.0,168.0
2.0,1118.0,329.0,633.0,1439.0,304.0,304.0,444.0,189.0,177.0,152.0
2.0,2228.0,422.0,625.0,1434.0,0.0,0.0,436.0,189.0,253.0,169.0
2.0,3240.0,750.0,623.0,304.0,0.0,0.0,434.0,189.0,548.0,202.0
2.0,2794.0,995.0,630.0,0.0,721.0,721.0,441.0,189.0,775.0,220.0
2.0,1799.0,887.0,639.0,0.0,1644.0,1644.0,450.0,189.0,679.0,208.0
2.0,912.0,544.0,641.0,721.0,1475.0,1475.0,452.0,189.0,365.0,179.0
2.0,1089.0,304.0,634.0,1644.0,107.0,107.0,445.0,189.0,139.0,165.0
2.0,2429.0,429.0,627.0,1475.0,0.0,0.0,437.0,190.0,242.0,187.0
2.0,3475.0,802.0,626.0,107.0,0.0,0.0,436.0,190.0,583.0,219.0
2.0,2780.0,1050.0,634.0,0.0,806.0,806.0,444.0,190.0,823.0,227.0
2.0,1730.0,933.0,642.0,0.0,1771.0,1771.0,453.0,189.0,720.0,213.0
2.0,797.0,566.0,645.0,806.0,1543.0,1543.0,455.0,190.0,373.0,193.0
2.0,1037.0,306.0,638.0,1771.0,50.0,50.0,448.0,190.0,123.0,183.0
2.0,2502.0,411.0,629.0,1543.0,0.0,0.0,439.0,190.0,222.0,189.0
2.0,3634.0,776.0,628.0,50.0,0.0,0.0,438.0,190.0,569.0,207.0
2.0,2908.0,1052.0,636.0,0.0,688.0,688.0,446.0,190.0,823.0,229.0
2.0,1856.0,976.0,646.0,0.0,1704.0,1704.0,455.0,191.0,741.0,235.0
2.0,880.0,598.0,649.0,688.0,1626.0,1626.0,458.0,191.0,383.0,215.0
2.0,970.0,282.0,641.0,1704.0,172.0,172.0,450.0,191.0,96.0,186.0
2.0,2392.0,365.0,632.0,1626.0,0.0,0.0,441.0,191.0,190.0,175.0
2.0,3653.0,764.0,631.0,172.0,0.0,0.0,440.0,191.0,569.0,195.0
2.0,3061.0,1062.0,639.0,0.0,557.0,557.0,448.0,191.0,841.0,221.0
2.0,1999.0,969.0,650.0,0.0,1570.0,1570.0,458.0,192.0,735.0,234.0
2.0,1030.0,585.0,652.0,557.0,1606.0,1606.0,460.0,192.0,370.0,215.0
2.0,1002.0,278.0,645.0,1570.0,286.0,286.0,453.0,192.0,92.0,186.0
2.0,2294.0,371.0,636.0,1606.0,0.0,0.0,444.0,192.0,196.0,175.0
2.0,3529.0,766.0,633.0,286.0,0.0,0.0,442.0,191.0,573.0,193.0
2.0,3049.0,1071.0,643.0,0.0,594.0,594.0,451.0,192.0,845.0,226.0
2.0,1978.0,962.0,654.0,0.0,1600.0,1600.0,461.0,193.0,729.0,233.0
2.0,1016.0,579.0,658.0,594.0,1601.0,1601.0,464.0,194.0,366.0,213.0
2.0,1031.0,287.0,652.0,1600.0,264.0,264.0,458.0,194.0,100.0,187.0
2.0,2344.0,374.0,643.0,1601.0,0.0,0.0,449.0,194.0,199.0,175.0
2.0,3571.0,729.0,640.0,264.0,0.0,0.0,447.0,193.0,550.0,179.0
2.0,3106.0,1033.0,649.0,0.0,523.0,523.0,455.0,194.0,824.0,209.0
2.0,2073.0,988.0,661.0,0.0,1559.0,1559.0,466.0,195.0,753.0,235.0
2.0,1085.0,611.0,665.0,523.0,1663.0,1663.0,469.0,196.0,385.0,226.0
2.0,997.0,305.0,660.0,1559.0,389.0,389.0,463.0,197.0,112.0,193.0
2.0,2251.0,352.0,650.0,1663.0,0.0,0.0,454.0,196.0,186.0,166.0
2.0,3562.0,709.0,648.0,389.0,0.0,0.0,452.0,196.0,530.0,179.0
2.0,3242.0,1001.0,655.0,0.0,379.0,379.0,459.0,196.0,791.0,210.0
2.0,2241.0,966.0,666.0,0.0,1389.0,1389.0,469.0,197.0,739.0,227.0
2.0,1275.0,618.0,671.0,379.0,1648.0,1648.0,473.0,198.0,401.0,217.0
2.0,1036.0,332.0,664.0,1389.0,563.0,563.0,466.0,198.0,145.0,187.0
2.0,2093.0,368.0,655.0,1648.0,0.0,0.0,457.0,198.0,200.0,168.0
2.0,3373.0,717.0,652.0,563.0,0.0,0.0,455.0,197.0,537.0,180.0
2.0,3219.0,1026.0,661.0,0.0,451.0,451.0,463.0,198.0,814.0,212.0
2.0,2193.0,961.0,672.0,0.0,1456.0,1456.0,473.0,199.0,730.0,231.0
2.0,1232.0,604.0,676.0,451.0,1625.0,1625.0,476.0,200.0,382.0,222.0
2.0,1079.0,312.0,669.0,1456.0,453.0,453.0,469.0,200.0,125.0,187.0
2.0,2223.0,393.0,658.0,1625.0,0.0,0.0,459.0,199.0,226.0,167.0
2.0,3455.0,763.0,657.0,453.0,0.0,0.0,458.0,199.0,582.0,181.0
2.0,3145.0,1061.0,667.0,0.0,584.0,584.0,467.0,200.0,831.0,230.0
2.0,2084.0,967.0,679.0,0.0,1599.0,1599.0,477.0,202.0,715.0,252.0
2.0,1117.0,590.0,682.0,584.0,1617.0,1617.0,479.0,203.0,364.0,226.0
2.0,1111.0,304.0,674.0,1599.0,290.0,290.0,471.0,203.0,117.0,187.0
2.0,2406.0,377.0,662.0,1617.0,0.0,0.0,460.0,202.0,215.0,162.0
2.0,3646.0,743.0,659.0,290.0,0.0,0.0,458.0,201.0,570.0,173.0
2.0,3193.0,1064.0,670.0,0.0,551.0,551.0,468.0,202.0,844.0,220.0
2.0,2129.0,1003.0,683.0,0.0,1606.0,1606.0,479.0,204.0,752.0,251.0
2.0,1126.0,612.0,686.0,551.0,1679.0,1679.0,482.0,204.0,381.0,231.0
2.0,1065.0,287.0,677.0,1606.0,324.0,324.0,473.0,204.0,109.0,178.0
2.0,2384.0,368.0,663.0,1679.0,0.0,0.0,461.0,202.0,214.0,154.0
2.0,3695.0,793.0,661.0,324.0,0.0,0.0,459.0,202.0,607.0,186.0
2.0,3226.0,1113.0,672.0,0.0,575.0,575.0,469.0,203.0,877.0,236.0
2.0,2113.0,1024.0,685.0,0.0,1651.0,1651.0,481.0,204.0,765.0,259.0
2.0,1089.0,621.0,689.0,575.0,1713.0,1713.0,484.0,205.0,386.0,235.0
2.0,1043.0,293.0,680.0,1651.0,319.0,319.0,475.0,205.0,107.0,186.0
2.0,2401.0,365.0,666.0,1713.0,0.0,0.0,463.0,203.0,205.0,160.0
2.0,3749.0,775.0,662.0,319.0,0.0,0.0,460.0,202.0,587.0,188.0
2.0,3293.0,1110.0,673.0,0.0,509.0,509.0,470.0,203.0,874.0,236.0
2.0,2183.0,1031.0,687.0,0.0,1596.0,1596.0,483.0,204.0,778.0,253.0
2.0,1152.0,608.0,692.0,509.0,1715.0,1715.0,487.0,205.0,381.0,227.0
2.0,1053.0,272.0,682.0,1596.0,351.0,351.0,477.0,205.0,88.0,184.0
2.0,2377.0,356.0,669.0,1715.0,0.0,0.0,465.0,204.0,188.0,168.0
2.0,3736.0,785.0,665.0,351.0,0.0,0.0,462.0,203.0,594.0,191.0
2.0,3302.0,1127.0,675.0,0.0,525.0,525.0,472.0,203.0,893.0,234.0
2.0,2175.0,1036.0,690.0,0.0,1621.0,1621.0,486.0,204.0,789.0,247.0
2.0,1139.0,618.0,694.0,525.0,1730.0,1730.0,489.0,205.0,390.0,228.0
2.0,1046.0,278.0,685.0,1621.0,351.0,351.0,480.0,205.0,92.0,186.0
2.0,2389.0,336.0,671.0,1730.0,0.0,0.0,467.0,204.0,181.0,155.0
2.0,3783.0,757.0,667.0,351.0,0.0,0.0,464.0,203.0,582.0,175.0
2.0,3377.0,1123.0,678.0,0.0,458.0,458.0,475.0,203.0,899.0,224.0
2.0,2254.0,1073.0,692.0,0.0,1587.0,1587.0,488.0,204.0,816.0,257.0
2.0,1181.0,648.0,698.0,458.0,1801.0,1801.0,492.0,206.0,407.0,241.0
2.0,991.0,268.0,690.0,1587.0,450.0,450.0,484.0,206.0,82.0,186.0
2.0,2310.0,313.0,676.0,1801.0,0.0,0.0,471.0,205.0,166.0,147.0
2.0,3798.0,738.0,670.0,450.0,0.0,0.0,467.0,203.0,568.0,170.0
2.0,3510.0,1111.0,680.0,0.0,321.0,321.0,477.0,203.0,885.0,226.0
2.0,2399.0,1048.0,695.0,0.0,1429.0,1429.0,490.0,205.0,792.0,256.0
2.0,1351.0,633.0,700.0,321.0,1761.0,1761.0,494.0,206.0,397.0,236.0
2.0,1039.0,282.0,692.0,1429.0,582.0,582.0,486.0,206.0,103.0,179.0
2.0,2186.0,342.0,679.0,1761.0,0.0,0.0,474.0,205.0,200.0,142.0
2.0,3605.0,745.0,674.0,582.0,0.0,0.0,471.0,203.0,583.0,162.0
2.0,3442.0,1086.0,684.0,0.0,380.0,380.0,480.0,204.0,859.0,227.0
2.0,2356.0,1040.0,697.0,0.0,1472.0,1472.0,492.0,205.0,773.0,267.0
2.0,1316.0,649.0,702.0,380.0,1761.0,1761.0,496.0,206.0,410.0,239.0
2.0,1047.0,310.0,695.0,1472.0,571.0,571.0,488.0,207.0,124.0,186.0
2.0,2209.0,352.0,683.0,1761.0,0.0,0.0,477.0,206.0,196.0,156.0
2.0,3618.0,737.0,677.0,571.0,0.0,0.0,473.0,204.0,562.0,175.0
2.0,3452.0,1083.0,687.0,0.0,379.0,379.0,482.0,205.0,852.0,231.0
2.0,2369.0,1048.0,701.0,0.0,1483.0,1483.0,495.0,206.0,781.0,267.0
2.0,1321.0,678.0,707.0,379.0,1806.0,1806.0,499.0,208.0,425.0,253.0
2.0,1022.0,332.0,698.0,1483.0,619.0,619.0,490.0,208.0,137.0,195.0
2.0,2173.0,363.0,685.0,1806.0,0.0,0.0,478.0,207.0,205.0,158.0
2.0,3616.0,744.0,680.0,619.0,0.0,0.0,475.0,205.0,564.0,180.0
2.0,3491.0,1082.0,690.0,0.0,351.0,351.0,485.0,205.0,847.0,235.0
2.0,2409.0,1057.0,704.0,0.0,1464.0,1464.0,497.0,207.0,782.0,275.0
2.0,1352.0,689.0,711.0,351.0,1830.0,1830.0,502.0,209.0,434.0,255.0
2.0,1014.0,352.0,704.0,1464.0,690.0,690.0,494.0,210.0,150.0,202.0
2.0,2126.0,363.0,690.0,1830.0,0.0,0.0,481.0,209.0,193.0,170.0
2.0,3593.0,734.0,684.0,690.0,0.0,0.0,477.0,207.0,545.0,189.0
2.0,3549.0,1096.0,694.0,0.0,323.0,323.0,486.0,208.0,858.0,238.0
2.0,2453.0,1109.0,709.0,0.0,1492.0,1492.0,500.0,209.0,828.0,281.0
2.0,1344.0,748.0,717.0,323.0,1949.0,1949.0,505.0,212.0,483.0,265.0
2.0,919.0,375.0,709.0,1492.0,800.0,800.0,497.0,212.0,166.0,209.0
2.0,2036.0,362.0,695.0,1949.0,0.0,0.0,484.0,211.0,192.0,170.0
2.0,3623.0,734.0,688.0,800.0,0.0,0.0,479.0,209.0,545.0,189.0
2.0,3689.0,1104.0,698.0,0.0,207.0,207.0,488.0,210.0,858.0,246.0
2.0,2585.0,1128.0,714.0,0.0,1399.0,1399.0,502.0,212.0,837.0,291.0
2.0,1457.0,781.0,722.0,207.0,2005.0,2005.0,508.0,214.0,505.0,276.0
2.0,883.0,419.0,715.0,1399.0,997.0,997.0,501.0,214.0,214.0,205.0
2.0,1863.0,387.0,702.0,2005.0,0.0,0.0,489.0,213.0,227.0,160.0
2.0,3481.0,738.0,695.0,997.0,0.0,0.0,484.0,211.0,560.0,178.0
2.0,3740.0,1095.0,705.0,0.0,175.0,175.0,493.0,212.0,849.0,246.0
2.0,2645.0,1109.0,721.0,0.0,1348.0,1348.0,507.0,214.0,809.0,300.0
2.0,1536.0,755.0,729.0,175.0,1960.0,1960.0,513.0,216.0,475.0,280.0
2.0,956.0,392.0,721.0,1348.0,972.0,972.0,505.0,216.0,194.0,198.0
2.0,1912.0,393.0,708.0,1960.0,0.0,0.0,493.0,215.0,245.0,148.0
2.0,3479.0,742.0,701.0,972.0,0.0,0.0,488.0,213.0,570.0,172.0
2.0,3709.0,1082.0,710.0,0.0,213.0,213.0,497.0,213.0,836.0,246.0
2.0,2627.0,1081.0,726.0,0.0,1358.0,1358.0,510.0,216.0,783.0,298.0
2.0,1546.0,746.0,734.0,213.0,1923.0,1923.0,516.0,218.0,473.0,273.0
2.0,1013.0,374.0,726.0,1358.0,907.0,907.0,508.0,218.0,182.0,192.0
2.0,1997.0,341.0,711.0,1923.0,0.0,0.0,495.0,216.0,211.0,130.0
2.0,3579.0,715.0,705.0,907.0,0.0,0.0,490.0,215.0,547.0,168.0
2.0,3771.0,1119.0,714.0,0.0,204.0,204.0,499.0,215.0,867.0,252.0
2.0,2652.0,1139.0,730.0,0.0,1407.0,1407.0,513.0,217.0,838.0,301.0
2.0,1513.0,751.0,738.0,204.0,1986.0,1986.0,519.0,219.0,489.0,262.0
2.0,966.0,348.0,731.0,1407.0,899.0,899.0,512.0,219.0,176.0,172.0
2.0,2025.0,323.0,716.0,1986.0,0.0,0.0,499.0,217.0,199.0,124.0
2.0,3688.0,708.0,710.0,899.0,0.0,0.0,494.0,216.0,542.0,166.0
2.0,3879.0,1090.0,718.0,0.0,83.0,83.0,502.0,216.0,841.0,249.0
2.0,2789.0,1093.0,734.0,0.0,1240.0,1240.0,516.0,218.0,801.0,292.0
2.0,1696.0,717.0,741.0,83.0,1902.0,1902.0,521.0,220.0,465.0,252.0
2.0,1062.0,338.0,733.0,1240.0,968.0,968.0,513.0,220.0,173.0,165.0
2.0,1964.0,336.0,719.0,1902.0,0.0,0.0,501.0,218.0,211.0,125.0
2.0,3530.0,717.0,712.0,968.0,0.0,0.0,496.0,216.0,549.0,168.0
2.0,3781.0,1099.0,721.0,0.0,202.0,202.0,504.0,217.0,839.0,260.0
2.0,2682.0,1088.0,736.0,0.0,1350.0,1350.0,517.0,219.0,787.0,301.0
2.0,1594.0,718.0,743.0,202.0,1894.0,1894.0,522.0,221.0,461.0,257.0
2.0,1078.0,353.0,736.0,1350.0,869.0,869.0,515.0,221.0,175.0,178.0
2.0,2075.0,356.0,722.0,1894.0,0.0,0.0,503.0,219.0,224.0,132.0
2.0,3613.0,726.0,716.0,869.0,0.0,0.0,499.0,217.0,558.0,168.0
2.0,3756.0,1094.0,724.0,0.0,234.0,234.0,507.0,217.0,847.0,247.0
2.0,2662.0,1101.0,738.0,0.0,1391.0,1391.0,519.0,219.0,802.0,299.0
2.0,1561.0,728.0,745.0,234.0,1913.0,1913.0,524.0,221.0,466.0,262.0
2.0,1067.0,358.0,738.0,1391.0,852.0,852.0,517.0,221.0,181.0,177.0
2.0,2100.0,364.0,724.0,1913.0,0.0,0.0,505.0,219.0,232.0,132.0
2.0,3649.0,761.0,718.0,852.0,0.0,0.0,501.0,217.0,582.0,179.0
2.0,3740.0,1148.0,728.0,0.0,320.0,320.0,510.0,218.0,871.0,277.0
2.0,2592.0,1131.0,742.0,0.0,1507.0,1507.0,522.0,220.0,808.0,323.0
2.0,1461.0,723.0,750.0,320.0,1942.0,1942.0,528.0,222.0,459.0,264.0
2.0,1058.0,357.0,742.0,1507.0,760.0,760.0,521.0,221.0,192.0,165.0
2.0,2208.0,370.0,728.0,1942.0,0.0,0.0,509.0,219.0,248.0,122.0
2.0,3780.0,770.0,721.0,760.0,0.0,0.0,504.0,217.0,589.0,181.0
2.0,3770.0,1182.0,730.0,0.0,332.0,332.0,512.0,218.0,893.0,289.0
2.0,2588.0,1195.0,746.0,0.0,1591.0,1591.0,526.0,220.0,860.0,335.0
2.0,1393.0,775.0,754.0,332.0,2066.0,2066.0,532.0,222.0,502.0,273.0
2.0,950.0,349.0,747.0,1591.0,796.0,796.0,525.0,222.0,181.0,168.0
2.0,2192.0,367.0,732.0,2066.0,0.0,0.0,513.0,219.0,235.0,132.0
2.0,3891.0,804.0,726.0,796.0,0.0,0.0,508.0,218.0,602.0,202.0
2.0,3883.0,1229.0,734.0,0.0,282.0,282.0,516.0,218.0,923.0,306.0
2.0,2654.0,1205.0,750.0,0.0,1551.0,1551.0,529.0,221.0,863.0,342.0
2.0,1449.0,769.0,757.0,282.0,2066.0,2066.0,534.0,223.0,497.0,272.0
2.0,962.0,354.0,750.0,1551.0,841.0,841.0,527.0,223.0,177.0,177.0
2.0,2159.0,371.0,735.0,2066.0,0.0,0.0,514.0,221.0,219.0,152.0
2.0,3854.0,815.0,730.0,841.0,0.0,0.0,510.0,220.0,597.0,218.0
2.0,3880.0,1232.0,739.0,0.0,308.0,308.0,519.0,220.0,932.0,300.0
2.0,2648.0,1202.0,754.0,0.0,1570.0,1570.0,532.0,222.0,883.0,319.0
2.0,1446.0,778.0,762.0,308.0,2072.0,2072.0,537.0,225.0,509.0,269.0
2.0,976.0,377.0,755.0,1570.0,851.0,851.0,530.0,225.0,191.0,186.0
2.0,2169.0,387.0,742.0,2072.0,0.0,0.0,519.0,223.0,234.0,153.0
2.0,3854.0,794.0,736.0,851.0,0.0,0.0,515.0,221.0,593.0,201.0
2.0,3911.0,1181.0,745.0,0.0,250.0,250.0,523.0,222.0,895.0,286.0
2.0,2730.0,1160.0,760.0,0.0,1470.0,1470.0,536.0,224.0,847.0,313.0
2.0,1570.0,742.0,767.0,250.0,1990.0,1990.0,541.0,226.0,488.0,254.0
2.0,1078.0,372.0,761.0,1470.0,868.0,868.0,534.0,227.0,188.0,184.0
2.0,2176.0,395.0,747.0,1990.0,0.0,0.0,522.0,225.0,234.0,161.0
2.0,3771.0,783.0,740.0,868.0,0.0,0.0,517.0,223.0,582.0,201.0
2.0,3856.0,1172.0,748.0,0.0,308.0,308.0,525.0,223.0,902.0,270.0
2.0,2684.0,1155.0,764.0,0.0,1527.0,1527.0,538.0,226.0,853.0,302.0
2.0,1529.0,764.0,772.0,308.0,2015.0,2015.0,544.0,228.0,500.0,264.0
2.0,1073.0,385.0,766.0,1527.0,849.0,849.0,537.0,229.0,196.0,189.0
2.0,2215.0,385.0,752.0,2015.0,0.0,0.0,525.0,227.0,223.0,162.0
2.0,3845.0,761.0,746.0,849.0,0.0,0.0,521.0,225.0,563.0,198.0
2.0,3933.0,1145.0,755.0,0.0,232.0,232.0,529.0,226.0,877.0,268.0
2.0,2788.0,1140.0,770.0,0.0,1432.0,1432.0,542.0,228.0,840.0,300.0
2.0,1648.0,728.0,778.0,232.0,1960.0,1960.0,547.0,231.0,471.0,257.0
2.0,1152.0,359.0,770.0,1432.0,855.0,855.0,539.0,231.0,171.0,188.0
2.0,2225.0,409.0,757.0,1960.0,0.0,0.0,528.0,229.0,250.0,159.0
2.0,3776.0,792.0,751.0,855.0,0.0,0.0,524.0,227.0,603.0,189.0
2.0,3839.0,1142.0,760.0,0.0,343.0,343.0,533.0,227.0,888.0,254.0
2.0,2697.0,1084.0,773.0,0.0,1479.0,1479.0,544.0,229.0,787.0,297.0
2.0,1613.0,706.0,780.0,343.0,1870.0,1870.0,548.0,232.0,438.0,268.0
2.0,1250.0,380.0,773.0,1479.0,743.0,743.0,541.0,232.0,181.0,199.0
2.0,2349.0,430.0,761.0,1870.0,0.0,0.0,530.0,231.0,260.0,170.0
2.0,3789.0,802.0,755.0,743.0,0.0,0.0,526.0,229.0,595.0,207.0
2.0,3730.0,1140.0,763.0,0.0,462.0,462.0,534.0,229.0,870.0,270.0
2.0,2590.0,1118.0,778.0,0.0,1640.0,1640.0,546.0,232.0,817.0,301.0
2.0,1472.0,758.0,785.0,462.0,1964.0,1964.0,551.0,234.0,496.0,262.0
2.0,1176.0,413.0,778.0,1640.0,709.0,709.0,544.0,234.0,218.0,195.0
2.0,2403.0,446.0,765.0,1964.0,0.0,0.0,533.0,232.0,277.0,169.0
2.0,3921.0,812.0,759.0,709.0,0.0,0.0,529.0,230.0,601.0,211.0
2.0,3818.0,1148.0,767.0,0.0,398.0,398.0,536.0,231.0,863.0,285.0
2.0,2670.0,1126.0,781.0,0.0,1580.0,1580.0,548.0,233.0,817.0,309.0
2.0,1544.0,785.0,790.0,398.0,2003.0,2003.0,554.0,236.0,520.0,265.0
2.0,1157.0,451.0,784.0,1580.0,850.0,850.0,547.0,237.0,252.0,199.0
2.0,2286.0,452.0,770.0,2003.0,0.0,0.0,536.0,234.0,286.0,166.0
2.0,3837.0,809.0,762.0,850.0,0.0,0.0,530.0,232.0,596.0,213.0
2.0,3878.0,1181.0,770.0,0.0,383.0,383.0,538.0,232.0,881.0,300.0
2.0,2697.0,1171.0,785.0,0.0,1614.0,1614.0,550.0,235.0,840.0,331.0
2.0,1526.0,824.0,794.0,383.0,2091.0,2091.0,556.0,238.0,550.0,274.0
2.0,1085.0,476.0,788.0,1614.0,929.0,929.0,550.0,238.0,292.0,184.0
2.0,2223.0,479.0,774.0,2091.0,0.0,0.0,539.0,235.0,322.0,157.0
2.0,3835.0,838.0,767.0,929.0,0.0,0.0,534.0,233.0,623.0,215.0
2.0,3926.0,1187.0,775.0,0.0,361.0,361.0,542.0,233.0,892.0,295.0
2.0,2739.0,1180.0,791.0,0.0,1605.0,1605.0,555.0,236.0,861.0,319.0
2.0,1559.0,814.0,799.0,361.0,2090.0,2090.0,561.0,238.0,549.0,265.0
2.0,1106.0,466.0,792.0,1605.0,923.0,923.0,555.0,237.0,274.0,192.0
2.0,2245.0,476.0,778.0,2090.0,0.0,0.0,543.0,235.0,308.0,168.0
2.0,3859.0,825.0,771.0,923.0,0.0,0.0,538.0,233.0,600.0,225.0
2.0,3957.0,1164.0,779.0,0.0,323.0,323.0,545.0,234.0,861.0,303.0
2.0,2793.0,1155.0,793.0,0.0,1534.0,1534.0,557.0,236.0,836.0,319.0
2.0,1638.0,799.0,801.0,323.0,2042.0,2042.0,563.0,238.0,544.0,255.0
2.0,1162.0,460.0,795.0,1534.0,944.0,944.0,557.0,238.0,289.0,171.0
2.0,2236.0,462.0,781.0,2042.0,0.0,0.0,546.0,235.0,307.0,155.0
2.0,3816.0,810.0,774.0,944.0,0.0,0.0,541.0,233.0,594.0,216.0
2.0,3950.0,1145.0,782.0,0.0,323.0,323.0,548.0,234.0,851.0,294.0
2.0,2805.0,1131.0,797.0,0.0,1514.0,1514.0,560.0,237.0,816.0,315.0
2.0,1674.0,801.0,804.0,323.0,2020.0,2020.0,566.0,238.0,542.0,259.0
2.0,1196.0,459.0,798.0,1514.0,941.0,941.0,560.0,238.0,284.0,175.0
2.0,2251.0,462.0,785.0,2020.0,0.0,0.0,549.0,236.0,313.0,149.0
2.0,3809.0,785.0,778.0,941.0,0.0,0.0,544.0,234.0,581.0,204.0
2.0,3965.0,1116.0,784.0,0.0,287.0,287.0,550.0,234.0,828.0,288.0
2.0,2849.0,1114.0,798.0,0.0,1457.0,1457.0,561.0,237.0,789.0,325.0
2.0,1735.0,767.0,806.0,287.0,1969.0,1969.0,567.0,239.0,497.0,270.0
2.0,1255.0,430.0,800.0,1457.0,918.0,918.0,561.0,239.0,250.0,180.0
2.0,2282.0,440.0,785.0,1969.0,0.0,0.0,549.0,236.0,297.0,143.0
2.0,3811.0,779.0,779.0,918.0,0.0,0.0,545.0,234.0,590.0,189.0
2.0,3950.0,1129.0,787.0,0.0,327.0,327.0,552.0,235.0,844.0,285.0
2.0,2821.0,1131.0,801.0,0.0,1514.0,1514.0,564.0,237.0,804.0,327.0
2.0,1690.0,770.0,808.0,327.0,1985.0,1985.0,569.0,239.0,495.0,275.0
2.0,1247.0,424.0,801.0,1514.0,867.0,867.0,562.0,239.0,234.0,190.0
2.0,2337.0,430.0,787.0,1985.0,0.0,0.0,550.0,237.0,280.0,150.0
2.0,3892.0,807.0,782.0,867.0,0.0,0.0,546.0,236.0,605.0,202.0
2.0,3952.0,1168.0,791.0,0.0,380.0,380.0,555.0,236.0,876.0,292.0
2.0,2784.0,1162.0,806.0,0.0,1602.0,1602.0,567.0,239.0,829.0,333.0
2.0,1622.0,778.0,813.0,380.0,2028.0,2028.0,572.0,241.0,496.0,282.0
2.0,1224.0,419.0,805.0,1602.0,813.0,813.0,565.0,240.0,229.0,190.0
2.0,2407.0,441.0,792.0,2028.0,0.0,0.0,554.0,238.0,288.0,153.0
2.0,3994.0,825.0,786.0,813.0,0.0,0.0,550.0,236.0,621.0,204.0
2.0,3982.0,1200.0,794.0,0.0,394.0,394.0,557.0,237.0,889.0,311.0
2.0,2782.0,1200.0,810.0,0.0,1658.0,1658.0,569.0,241.0,837.0,363.0
2.0,1582.0,824.0,817.0,394.0,2116.0,2116.0,574.0,243.0,515.0,309.0
2.0,1152.0,442.0,810.0,1658.0,872.0,872.0,567.0,243.0,247.0,195.0
2.0,2368.0,432.0,796.0,2116.0,0.0,0.0,556.0,240.0,295.0,137.0
2.0,4052.0,839.0,791.0,872.0,0.0,0.0,553.0,238.0,644.0,195.0
2.0,4085.0,1250.0,800.0,0.0,365.0,365.0,561.0,239.0,934.0,316.0
2.0,2835.0,1264.0,815.0,0.0,1689.0,1689.0,573.0,242.0,884.0,380.0
2.0,1571.0,842.0,822.0,365.0,2194.0,2194.0,577.0,245.0,516.0,326.0
2.0,1094.0,427.0,815.0,1689.0,904.0,904.0,570.0,245.0,221.0,206.0
2.0,2356.0,438.0,801.0,2194.0,0.0,0.0,559.0,242.0,300.0,138.0
2.0,4112.0,863.0,796.0,904.0,0.0,0.0,556.0,240.0,672.0,191.0
2.0,4153.0,1273.0,804.0,0.0,336.0,336.0,564.0,240.0,962.0,311.0
2.0,2880.0,1274.0,819.0,0.0,1670.0,1670.0,575.0,244.0,897.0,377.0
2.0,1606.0,860.0,826.0,336.0,2222.0,2222.0,579.0,247.0,532.0,328.0
2.0,1082.0,443.0,819.0,1670.0,967.0,967.0,572.0,247.0,234.0,209.0
2.0,2309.0,435.0,804.0,2222.0,0.0,0.0,560.0,244.0,299.0,136.0
2.0,4096.0,874.0,799.0,967.0,0.0,0.0,557.0,242.0,679.0,195.0
2.0,4189.0,1297.0,808.0,0.0,340.0,340.0,565.0,243.0,979.0,318.0
2.0,2892.0,1314.0,825.0,0.0,1722.0,1722.0,578.0,247.0,920.0,394.0
2.0,1578.0,866.0,832.0,340.0,2276.0,2276.0,582.0,250.0,532.0,334.0
2.0,1052.0,424.0,824.0,1722.0,946.0,946.0,575.0,249.0,226.0,198.0
2.0,2350.0,425.0,810.0,2276.0,0.0,0.0,564.0,246.0,305.0,120.0
2.0,4201.0,853.0,804.0,946.0,0.0,0.0,561.0,243.0,665.0,188.0
2.0,4294.0,1274.0,813.0,0.0,232.0,232.0,569.0,244.0,957.0,317.0
2.0,3020.0,1260.0,828.0,0.0,1552.0,1552.0,580.0,248.0,881.0,379.0
2.0,1760.0,817.0,835.0,232.0,2165.0,2165.0,584.0,251.0,512.0,305.0
2.0,1175.0,413.0,828.0,1552.0,998.0,998.0,577.0,251.0,232.0,181.0
2.0,2314.0,439.0,814.0,2165.0,0.0,0.0,567.0,247.0,316.0,123.0
2.0,4040.0,855.0,809.0,998.0,0.0,0.0,564.0,245.0,664.0,191.0
2.0,4183.0,1242.0,817.0,0.0,327.0,327.0,571.0,246.0,920.0,322.0
2.0,2941.0,1221.0,832.0,0.0,1608.0,1608.0,582.0,250.0,845.0,376.0
2.0,1720.0,797.0,838.0,327.0,2102.0,2102.0,585.0,253.0,497.0,300.0
2.0,1250.0,403.0,831.0,1608.0,869.0,869.0,579.0,252.0,235.0,168.0
2.0,2455.0,440.0,818.0,2102.0,0.0,0.0,569.0,249.0,321.0,119.0
2.0,4117.0,852.0,813.0,869.0,0.0,0.0,567.0,246.0,660.0,192.0
2.0,4134.0,1231.0,821.0,0.0,381.0,381.0,574.0,247.0,906.0,325.0
2.0,2903.0,1179.0,836.0,0.0,1620.0,1620.0,585.0,251.0,805.0,374.0
2.0,1724.0,762.0,842.0,381.0,2025.0,2025.0,588.0,254.0,470.0,292.0
2.0,1343.0,404.0,836.0,1620.0,785.0,785.0,582.0,254.0,239.0,165.0
2.0,2559.0,418.0,821.0,2025.0,0.0,0.0,571.0,250.0,304.0,114.0
2.0,4166.0,821.0,816.0,785.0,0.0,0.0,568.0,248.0,631.0,190.0
2.0,4130.0,1221.0,825.0,0.0,391.0,391.0,576.0,249.0,897.0,324.0
2.0,2909.0,1179.0,839.0,0.0,1626.0,1626.0,587.0,252.0,807.0,372.0
2.0,1730.0,773.0,846.0,391.0,2036.0,2036.0,591.0,255.0,484.0,289.0
2.0,1348.0,403.0,837.0,1626.0,777.0,777.0,583.0,254.0,233.0,170.0
2.0,2571.0,458.0,824.0,2036.0,0.0,0.0,573.0,251.0,326.0,132.0
2.0,4149.0,886.0,819.0,777.0,0.0,0.0,570.0,249.0,683.0,203.0
2.0,4040.0,1243.0,827.0,0.0,511.0,511.0,578.0,249.0,923.0,320.0
2.0,2797.0,1173.0,843.0,0.0,1748.0,1748.0,590.0,253.0,815.0,358.0
2.0,1624.0,747.0,848.0,511.0,2004.0,2004.0,593.0,255.0,468.0,279.0
2.0,1388.0,403.0,840.0,1748.0,627.0,627.0,586.0,254.0,232.0,171.0
2.0,2733.0,490.0,826.0,2004.0,0.0,0.0,575.0,251.0,348.0,142.0
2.0,4247.0,937.0,821.0,627.0,0.0,0.0,573.0,248.0,711.0,226.0
2.0,3937.0,1289.0,830.0,0.0,672.0,672.0,581.0,249.0,953.0,336.0
2.0,2648.0,1215.0,845.0,0.0,1947.0,1947.0,593.0,252.0,849.0,366.0
2.0,1433.0,781.0,851.0,672.0,2080.0,2080.0,596.0,255.0,491.0,290.0
2.0,1324.0,445.0,844.0,1947.0,550.0,550.0,589.0,255.0,265.0,180.0
2.0,2826.0,537.0,831.0,2080.0,0.0,0.0,579.0,252.0,387.0,150.0
2.0,4369.0,950.0,825.0,550.0,0.0,0.0,576.0,249.0,723.0,227.0
2.0,3969.0,1294.0,833.0,0.0,657.0,657.0,584.0,249.0,953.0,341.0
2.0,2675.0,1235.0,848.0,0.0,1952.0,1952.0,596.0,252.0,860.0,375.0
2.0,1440.0,825.0,856.0,657.0,2152.0,2152.0,601.0,255.0,530.0,295.0
2.0,1272.0,501.0,849.0,1952.0,673.0,673.0,594.0,255.0,312.0,189.0
2.0,2723.0,577.0,835.0,2152.0,0.0,0.0,583.0,252.0,414.0,163.0
2.0,4298.0,967.0,830.0,673.0,0.0,0.0,580.0,250.0,727.0,240.0
2.0,4004.0,1306.0,838.0,0.0,654.0,654.0,588.0,250.0,957.0,349.0
2.0,2698.0,1220.0,853.0,0.0,1934.0,1934.0,600.0,253.0,851.0,369.0
2.0,1478.0,817.0,860.0,654.0,2125.0,2125.0,604.0,256.0,519.0,298.0
2.0,1315.0,498.0,853.0,1934.0,661.0,661.0,597.0,256.0,306.0,192.0
2.0,2751.0,594.0,840.0,2125.0,0.0,0.0,587.0,253.0,434.0,160.0
2.0,4282.0,984.0,833.0,661.0,0.0,0.0,583.0,250.0,751.0,233.0
2.0,3959.0,1274.0,841.0,0.0,679.0,679.0,591.0,250.0,937.0,337.0
2.0,2685.0,1185.0,856.0,0.0,1924.0,1924.0,602.0,254.0,817.0,368.0
2.0,1500.0,793.0,863.0,679.0,2066.0,2066.0,606.0,257.0,500.0,293.0
2.0,1386.0,497.0,856.0,1924.0,611.0,611.0,599.0,257.0,310.0,187.0
2.0,2813.0,593.0,843.0,2066.0,0.0,0.0,589.0,254.0,433.0,160.0
2.0,4286.0,973.0,837.0,611.0,0.0,0.0,586.0,251.0,732.0,241.0
2.0,3924.0,1250.0,846.0,0.0,710.0,710.0,594.0,252.0,904.0,346.0
2.0,2674.0,1152.0,861.0,0.0,1922.0,1922.0,605.0,256.0,782.0,370.0
2.0,1522.0,796.0,867.0,710.0,2032.0,2032.0,608.0,259.0,499.0,297.0
2.0,1436.0,506.0,860.0,1922.0,588.0,588.0,601.0,259.0,319.0,187.0
2.0,2852.0,559.0,848.0,2032.0,0.0,0.0,592.0,256.0,410.0,149.0
2.0,4325.0,911.0,841.0,588.0,0.0,0.0,589.0,252.0,695.0,216.0
2.0,4002.0,1212.0,849.0,0.0,606.0,606.0,596.0,253.0,881.0,331.0
2.0,2790.0,1145.0,863.0,0.0,1807.0,1807.0,606.0,257.0,769.0,376.0
2.0,1645.0,794.0,871.0,606.0,2027.0,2027.0,610.0,261.0,482.0,312.0
2.0,1457.0,484.0,863.0,1807.0,672.0,672.0,602.0,261.0,284.0,200.0
2.0,2780.0,551.0,851.0,2027.0,0.0,0.0,593.0,258.0,401.0,150.0
2.0,4256.0,921.0,846.0,672.0,0.0,0.0,591.0,255.0,705.0,216.0
2.0,4007.0,1214.0,853.0,0.0,619.0,619.0,598.0,255.0,879.0,335.0
2.0,2793.0,1156.0,869.0,0.0,1839.0,1839.0,609.0,260.0,775.0,381.0
2.0,1637.0,800.0,875.0,619.0,2044.0,2044.0,612.0,263.0,485.0,315.0
2.0,1456.0,490.0,869.0,1839.0,671.0,671.0,606.0,263.0,296.0,194.0
2.0,2805.0,546.0,856.0,2044.0,0.0,0.0,596.0,260.0,400.0,146.0
2.0,4303.0,914.0,851.0,671.0,0.0,0.0,594.0,257.0,697.0,217.0
2.0,4060.0,1209.0,860.0,0.0,589.0,589.0,602.0,258.0,882.0,327.0
2.0,2851.0,1164.0,875.0,0.0,1813.0,1813.0,613.0,262.0,792.0,372.0
2.0,1687.0,805.0,881.0,589.0,2053.0,2053.0,616.0,265.0,503.0,302.0
2.0,1471.0,512.0,874.0,1813.0,724.0,724.0,609.0,265.0,320.0,192.0
2.0,2772.0,586.0,862.0,2053.0,0.0,0.0,600.0,262.0,434.0,152.0
2.0,4239.0,947.0,857.0,724.0,0.0,0.0,598.0,259.0,722.0,225.0
2.0,4016.0,1249.0,866.0,0.0,697.0,697.0,606.0,260.0,902.0,347.0
2.0,2767.0,1172.0,881.0,0.0,1929.0,1929.0,617.0,264.0,787.0,385.0
2.0,1595.0,815.0,888.0,697.0,2075.0,2075.0,620.0,268.0,505.0,310.0
2.0,1477.0,537.0,880.0,1929.0,651.0,651.0,613.0,267.0,345.0,192.0
2.0,2869.0,634.0,867.0,2075.0,0.0,0.0,604.0,263.0,480.0,154.0
2.0,4310.0,997.0,863.0,651.0,0.0,0.0,602.0,261.0,771.0,226.0
2.0,3964.0,1282.0,873.0,0.0,810.0,810.0,611.0,262.0,936.0,346.0
2.0,2682.0,1191.0,887.0,0.0,2057.0,2057.0,621.0,266.0,797.0,394.0
2.0,1491.0,818.0,892.0,810.0,2085.0,2085.0,623.0,269.0,503.0,315.0
2.0,1483.0,539.0,884.0,2057.0,535.0,535.0,616.0,268.0,353.0,186.0
2.0,3001.0,647.0,872.0,2085.0,0.0,0.0,608.0,264.0,510.0,137.0
2.0,4439.0,1020.0,867.0,535.0,0.0,0.0,606.0,261.0,800.0,220.0
2.0,3954.0,1296.0,876.0,0.0,846.0,846.0,614.0,262.0,948.0,348.0
2.0,2658.0,1219.0,891.0,0.0,2125.0,2125.0,624.0,267.0,817.0,402.0
2.0,1439.0,834.0,896.0,846.0,2133.0,2133.0,626.0,270.0,505.0,329.0
2.0,1451.0,548.0,888.0,2125.0,524.0,524.0,619.0,269.0,349.0,199.0
2.0,3028.0,644.0,875.0,2133.0,0.0,0.0,610.0,265.0,499.0,145.0
2.0,4517.0,1012.0,871.0,524.0,0.0,0.0,609.0,262.0,798.0,214.0
2.0,4029.0,1293.0,880.0,0.0,784.0,784.0,617.0,263.0,948.0,345.0
2.0,2736.0,1184.0,893.0,0.0,2020.0,2020.0,626.0,267.0,788.0,396.0
2.0,1552.0,810.0,897.0,784.0,2062.0,2062.0,627.0,270.0,490.0,320.0
2.0,1526.0,556.0,889.0,2020.0,566.0,566.0,620.0,269.0,354.0,202.0
2.0,2990.0,662.0,877.0,2062.0,0.0,0.0,611.0,266.0,503.0,159.0
2.0,4390.0,1026.0,874.0,566.0,0.0,0.0,611.0,263.0,801.0,225.0
2.0,3930.0,1281.0,884.0,0.0,887.0,887.0,620.0,264.0,948.0,333.0
2.0,2649.0,1173.0,897.0,0.0,2112.0,2112.0,629.0,268.0,794.0,379.0
2.0,1476.0,807.0,901.0,887.0,2048.0,2048.0,630.0,271.0,488.0,319.0
2.0,1556.0,564.0,893.0,2112.0,468.0,468.0,623.0,270.0,345.0,219.0
2.0,3104.0,648.0,881.0,2048.0,0.0,0.0,614.0,267.0,478.0,170.0
2.0,4504.0,972.0,878.0,468.0,0.0,0.0,614.0,264.0,762.0,210.0
2.0,4000.0,1214.0,886.0,0.0,758.0,758.0,622.0,264.0,905.0,309.0
2.0,2786.0,1136.0,898.0,0.0,1942.0,1942.0,631.0,267.0,770.0,366.0
2.0,1650.0,806.0,903.0,758.0,2010.0,2010.0,632.0,271.0,487.0,319.0
2.0,1602.0,569.0,896.0,1942.0,609.0,609.0,625.0,271.0,350.0,219.0
2.0,2975.0,619.0,885.0,2010.0,0.0,0.0,617.0,268.0,453.0,166.0
2.0,4366.0,944.0,881.0,609.0,0.0,0.0,616.0,265.0,729.0,215.0
2.0,4031.0,1193.0,889.0,0.0,718.0,718.0,624.0,265.0,879.0,314.0
2.0,2838.0,1135.0,901.0,0.0,1901.0,1901.0,633.0,268.0,770.0,365.0
2.0,1703.0,829.0,907.0,718.0,2036.0,2036.0,636.0,271.0,513.0,316.0
2.0,1592.0,561.0,900.0,1901.0,668.0,668.0,629.0,271.0,349.0,212.0
2.0,2932.0,611.0,888.0,2036.0,0.0,0.0,620.0,268.0,448.0,163.0
2.0,4357.0,938.0,883.0,668.0,0.0,0.0,619.0,264.0,724.0,214.0
2.0,4087.0,1219.0,892.0,0.0,700.0,700.0,627.0,265.0,891.0,328.0
2.0,2868.0,1164.0,905.0,0.0,1916.0,1916.0,637.0,268.0,778.0,386.0
2.0,1704.0,835.0,911.0,700.0,2075.0,2075.0,639.0,272.0,508.0,327.0
2.0,1569.0,560.0,904.0,1916.0,691.0,691.0,632.0,272.0,348.0,212.0
2.0,2925.0,629.0,892.0,2075.0,0.0,0.0,624.0,268.0,469.0,160.0
2.0,4371.0,971.0,889.0,691.0,0.0,0.0,623.0,266.0,751.0,220.0
2.0,4091.0,1244.0,897.0,0.0,741.0,741.0,631.0,266.0,908.0,336.0
2.0,2847.0,1185.0,910.0,0.0,1978.0,1978.0,640.0,270.0,792.0,393.0
2.0,1662.0,851.0,916.0,741.0,2112.0,2112.0,642.0,274.0,520.0,331.0
2.0,1552.0,586.0,908.0,1978.0,688.0,688.0,635.0,273.0,373.0,213.0
2.0,2944.0,648.0,897.0,2112.0,0.0,0.0,627.0,270.0,495.0,153.0
2.0,4408.0,982.0,893.0,688.0,0.0,0.0,627.0,266.0,769.0,213.0
2.0,4114.0,1269.0,902.0,0.0,763.0,763.0,635.0,267.0,928.0,341.0
2.0,2845.0,1240.0,915.0,0.0,2055.0,2055.0,644.0,271.0,828.0,412.0
2.0,1605.0,901.0,921.0,763.0,2217.0,2217.0,646.0,275.0,555.0,346.0
2.0,1467.0,623.0,914.0,2055.0,757.0,757.0,639.0,275.0,404.0,219.0
2.0,2899.0,666.0,901.0,2217.0,0.0,0.0,630.0,271.0,505.0,161.0
2.0,4450.0,1002.0,898.0,757.0,0.0,0.0,630.0,268.0,777.0,225.0
2.0,4205.0,1303.0,908.0,0.0,730.0,730.0,639.0,269.0,949.0,354.0
2.0,2902.0,1261.0,921.0,0.0,2043.0,2043.0,648.0,273.0,839.0,422.0
2.0,1641.0,921.0,926.0,730.0,2254.0,2254.0,649.0,277.0,567.0,354.0
2.0,1450.0,607.0,918.0,2043.0,786.0,786.0,641.0,277.0,394.0,213.0
2.0,2886.0,656.0,906.0,2254.0,0.0,0.0,633.0,273.0,506.0,150.0
2.0,4484.0,1012.0,902.0,786.0,0.0,0.0,632.0,270.0,785.0,227.0
2.0,4258.0,1308.0,911.0,0.0,694.0,694.0,640.0,271.0,943.0,365.0
2.0,2950.0,1260.0,925.0,0.0,2010.0,2010.0,650.0,275.0,830.0,430.0
2.0,1690.0,910.0,930.0,694.0,2246.0,2246.0,651.0,279.0,557.0,353.0
2.0,1474.0,598.0,922.0,2010.0,802.0,802.0,643.0,279.0,381.0,217.0
2.0,2886.0,659.0,910.0,2246.0,0.0,0.0,634.0,276.0,503.0,156.0
2.0,4473.0,1021.0,906.0,802.0,0.0,0.0,634.0,272.0,792.0,229.0
2.0,4254.0,1308.0,916.0,0.0,718.0,718.0,643.0,273.0,951.0,357.0
2.0,2946.0,1239.0,929.0,0.0,2009.0,2009.0,652.0,277.0,819.0,420.0
2.0,1707.0,887.0,934.0,718.0,2198.0,2198.0,653.0,281.0,524.0,363.0
2.0,1538.0,591.0,925.0,2009.0,744.0,744.0,644.0,281.0,363.0,228.0
2.0,2956.0,672.0,914.0,2198.0,0.0,0.0,636.0,278.0,509.0,163.0
2.0,4482.0,1018.0,911.0,744.0,0.0,0.0,636.0,275.0,796.0,222.0
2.0,4208.0,1302.0,921.0,0.0,778.0,778.0,645.0,276.0,948.0,354.0
2.0,2906.0,1221.0,932.0,0.0,2043.0,2043.0,653.0,279.0,800.0,421.0
2.0,1685.0,857.0,937.0,778.0,2142.0,2142.0,654.0,283.0,507.0,350.0
2.0,1606.0,580.0,929.0,2043.0,647.0,647.0,646.0,283.0,366.0,214.0
2.0,3069.0,677.0,919.0,2142.0,0.0,0.0,639.0,280.0,529.0,148.0
2.0,4534.0,1031.0,917.0,647.0,0.0,0.0,640.0,277.0,811.0,220.0
2.0,4150.0,1299.0,927.0,0.0,857.0,857.0,649.0,278.0,944.0,355.0
2.0,2851.0,1182.0,939.0,0.0,2087.0,2087.0,657.0,282.0,766.0,416.0
2.0,1669.0,814.0,942.0,857.0,2056.0,2056.0,657.0,285.0,475.0,339.0
2.0,1712.0,569.0,935.0,2087.0,510.0,510.0,650.0,285.0,364.0,205.0
2.0,3230.0,700.0,926.0,2056.0,0.0,0.0,644.0,282.0,553.0,147.0
2.0,4586.0,1053.0,924.0,510.0,0.0,0.0,645.0,279.0,830.0,223.0
2.0,4043.0,1270.0,932.0,0.0,955.0,955.0,653.0,279.0,919.0,351.0
2.0,2773.0,1122.0,943.0,0.0,2121.0,2121.0,660.0,283.0,723.0,399.0
2.0,1651.0,758.0,946.0,955.0,1936.0,1936.0,660.0,286.0,434.0,324.0
2.0,1848.0,560.0,939.0,2121.0,347.0,347.0,653.0,286.0,357.0,203.0
2.0,3409.0,711.0,928.0,1936.0,0.0,0.0,646.0,282.0,562.0,149.0
2.0,4634.0,1072.0,927.0,347.0,0.0,0.0,648.0,279.0,854.0,218.0
2.0,3909.0,1268.0,935.0,0.0,1099.0,1099.0,656.0,279.0,931.0,337.0
2.0,2641.0,1146.0,946.0,0.0,2289.0,2289.0,663.0,283.0,745.0,401.0
2.0,1495.0,805.0,950.0,1099.0,2011.0,2011.0,664.0,286.0,474.0,331.0
2.0,1789.0,602.0,943.0,2289.0,296.0,296.0,657.0,286.0,400.0,202.0
2.0,3476.0,736.0,933.0,2011.0,0.0,0.0,651.0,282.0,585.0,151.0
2.0,4751.0,1078.0,931.0,296.0,0.0,0.0,652.0,279.0,853.0,225.0
2.0,3969.0,1270.0,939.0,0.0,1057.0,1057.0,659.0,280.0,917.0,353.0
2.0,2699.0,1128.0,949.0,0.0,2225.0,2225.0,666.0,283.0,728.0,400.0
2.0,1571.0,796.0,953.0,1057.0,1980.0,1980.0,666.0,287.0,464.0,332.0
2.0,1832.0,611.0,945.0,2225.0,334.0,334.0,658.0,287.0,395.0,216.0
2.0,3446.0,788.0,936.0,1980.0,0.0,0.0,652.0,284.0,611.0,177.0
2.0,4638.0,1135.0,934.0,334.0,0.0,0.0,654.0,280.0,890.0,245.0
2.0,3837.0,1311.0,941.0,0.0,1238.0,1238.0,661.0,280.0,962.0,349.0
2.0,2526.0,1137.0,952.0,0.0,2419.0,2419.0,668.0,284.0,752.0,385.0
2.0,1389.0,793.0,954.0,1238.0,1982.0,1982.0,667.0,287.0,473.0,320.0
2.0,1834.0,655.0,948.0,2419.0,194.0,194.0,661.0,287.0,432.0,223.0
2.0,3598.0,828.0,939.0,1982.0,0.0,0.0,655.0,284.0,638.0,190.0
2.0,4752.0,1158.0,936.0,194.0,0.0,0.0,656.0,280.0,902.0,256.0
2.0,3788.0,1310.0,943.0,0.0,1294.0,1294.0,663.0,280.0,950.0,360.0
2.0,2478.0,1130.0,954.0,0.0,2468.0,2468.0,670.0,284.0,738.0,392.0
2.0,1348.0,803.0,957.0,1294.0,1989.0,1989.0,670.0,287.0,481.0,322.0
2.0,1839.0,670.0,950.0,2468.0,163.0,163.0,663.0,287.0,447.0,223.0
2.0,3637.0,847.0,941.0,1989.0,0.0,0.0,657.0,284.0,652.0,195.0
2.0,4779.0,1159.0,940.0,163.0,0.0,0.0,659.0,281.0,894.0,265.0
2.0,3783.0,1310.0,947.0,0.0,1315.0,1315.0,666.0,281.0,943.0,367.0
2.0,2473.0,1150.0,958.0,0.0,2509.0,2509.0,673.0,285.0,745.0,405.0
2.0,1323.0,809.0,961.0,1315.0,2015.0,2015.0,673.0,288.0,475.0,334.0
2.0,1829.0,645.0,953.0,2509.0,119.0,119.0,665.0,288.0,417.0,228.0
2.0,3693.0,826.0,944.0,2015.0,0.0,0.0,659.0,285.0,633.0,193.0
2.0,4882.0,1157.0,943.0,119.0,0.0,0.0,661.0,282.0,894.0,263.0
2.0,3844.0,1322.0,951.0,0.0,1282.0,1282.0,669.0,282.0,956.0,366.0
2.0,2522.0,1134.0,961.0,0.0,2456.0,2456.0,676.0,285.0,735.0,399.0
2.0,1388.0,798.0,963.0,1282.0,1980.0,1980.0,675.0,288.0,460.0,338.0
2.0,1872.0,666.0,957.0,2456.0,166.0,166.0,668.0,289.0,427.0,239.0
2.0,3662.0,856.0,949.0,1980.0,0.0,0.0,663.0,286.0,658.0,198.0
2.0,4786.0,1152.0,947.0,166.0,0.0,0.0,664.0,283.0,901.0,251.0
2.0,3800.0,1265.0,955.0,0.0,1285.0,1285.0,672.0,283.0,913.0,352.0
2.0,2535.0,1092.0,965.0,0.0,2417.0,2417.0,679.0,286.0,691.0,401.0
2.0,1443.0,795.0,967.0,1285.0,1935.0,1935.0,677.0,290.0,458.0,337.0
2.0,1933.0,680.0,960.0,2417.0,170.0,170.0,670.0,290.0,450.0,230.0
2.0,3670.0,860.0,952.0,1935.0,0.0,0.0,665.0,287.0,670.0,190.0
2.0,4745.0,1167.0,952.0,170.0,60.0,60.0,668.0,284.0,901.0,266.0
2.0,3748.0,1270.0,960.0,0.0,1362.0,1362.0,676.0,284.0,902.0,368.0
2.0,2478.0,1055.0,969.0,60.0,2393.0,2393.0,681.0,288.0,661.0,394.0
2.0,1483.0,758.0,970.0,1362.0,1793.0,1793.0,679.0,291.0,442.0,316.0
2.0,2087.0,689.0,963.0,2393.0,61.0,61.0,672.0,291.0,469.0,220.0
2.0,3791.0,904.0,956.0,1793.0,0.0,0.0,668.0,288.0,706.0,198.0
2.0,4680.0,1205.0,958.0,61.0,296.0,296.0,672.0,286.0,940.0,265.0
2.0,3536.0,1285.0,968.0,0.0,1621.0,1621.0,682.0,286.0,929.0,356.0
2.0,2251.0,1061.0,978.0,296.0,2426.0,2426.0,688.0,290.0,677.0,384.0
2.0,1486.0,738.0,978.0,1621.0,1543.0,1543.0,685.0,293.0,413.0,325.0
2.0,2369.0,656.0,971.0,2426.0,0.0,0.0,677.0,294.0,417.0,239.0
2.0,4139.0,900.0,963.0,1543.0,0.0,0.0,672.0,291.0,697.0,203.0
2.0,4782.0,1208.0,964.0,0.0,282.0,282.0,676.0,288.0,953.0,255.0
2.0,3574.0,1294.0,974.0,0.0,1616.0,1616.0,685.0,289.0,944.0,350.0
2.0,2280.0,1067.0,983.0,282.0,2437.0,2437.0,691.0,292.0,683.0,384.0
2.0,1495.0,754.0,984.0,1616.0,1579.0,1579.0,688.0,296.0,429.0,325.0
2.0,2357.0,675.0,976.0,2437.0,0.0,0.0,680.0,296.0,434.0,241.0
2.0,4119.0,912.0,969.0,1579.0,0.0,0.0,676.0,293.0,700.0,212.0
2.0,4786.0,1243.0,970.0,0.0,337.0,337.0,680.0,290.0,979.0,264.0
2.0,3543.0,1337.0,981.0,0.0,1718.0,1718.0,690.0,291.0,985.0,352.0
2.0,2206.0,1084.0,990.0,337.0,2501.0,2501.0,696.0,294.0,703.0,381.0
2.0,1459.0,749.0,990.0,1718.0,1532.0,1532.0,693.0,297.0,427.0,322.0
2.0,2428.0,661.0,981.0,2501.0,0.0,0.0,684.0,297.0,419.0,242.0
2.0,4268.0,909.0,973.0,1532.0,0.0,0.0,679.0,294.0,695.0,214.0
2.0,4891.0,1258.0,975.0,0.0,267.0,267.0,683.0,292.0,978.0,280.0
2.0,3633.0,1347.0,986.0,0.0,1658.0,1658.0,693.0,293.0,981.0,366.0
2.0,2286.0,1095.0,994.0,267.0,2518.0,2518.0,698.0,296.0,709.0,386.0
2.0,1458.0,745.0,993.0,1658.0,1601.0,1601.0,694.0,299.0,421.0,324.0
2.0,2371.0,640.0,982.0,2518.0,0.0,0.0,684.0,298.0,400.0,240.0
2.0,4249.0,900.0,975.0,1601.0,0.0,0.0,679.0,296.0,687.0,213.0
2.0,4950.0,1262.0,977.0,0.0,220.0,220.0,684.0,293.0,990.0,272.0
2.0,3688.0,1376.0,988.0,0.0,1640.0,1640.0,694.0,294.0,1008.0,368.0
2.0,2312.0,1138.0,998.0,220.0,2598.0,2598.0,700.0,298.0,734.0,404.0
2.0,1394.0,783.0,996.0,1640.0,1733.0,1733.0,696.0,300.0,443.0,340.0
2.0,2251.0,667.0,987.0,2598.0,0.0,0.0,687.0,300.0,429.0,238.0
2.0,4182.0,902.0,979.0,1733.0,0.0,0.0,682.0,297.0,700.0,202.0
2.0,5013.0,1254.0,981.0,0.0,165.0,165.0,687.0,294.0,984.0,270.0
2.0,3759.0,1360.0,991.0,0.0,1565.0,1565.0,696.0,295.0,985.0,375.0
2.0,2399.0,1110.0,1000.0,165.0,2546.0,2546.0,702.0,298.0,699.0,411.0
2.0,1454.0,768.0,999.0,1565.0,1745.0,1745.0,698.0,301.0,427.0,341.0
2.0,2251.0,679.0,990.0,2546.0,0.0,0.0,689.0,301.0,445.0,234.0
2.0,4118.0,927.0,983.0,1745.0,0.0,0.0,685.0,298.0,726.0,201.0
2.0,4936.0,1260.0,985.0,0.0,264.0,264.0,690.0,295.0,992.0,268.0
2.0,3676.0,1353.0,996.0,0.0,1661.0,1661.0,700.0,296.0,993.0,360.0
2.0,2323.0,1124.0,1004.0,264.0,2553.0,2553.0,706.0,298.0,732.0,392.0
2.0,1463.0,788.0,1003.0,1661.0,1676.0,1676.0,702.0,301.0,453.0,335.0
2.0,2336.0,665.0,994.0,2553.0,0.0,0.0,693.0,301.0,424.0,241.0
2.0,4224.0,882.0,986.0,1676.0,0.0,0.0,688.0,298.0,681.0,201.0
2.0,5018.0,1217.0,988.0,0.0,151.0,151.0,693.0,295.0,957.0,260.0
2.0,3801.0,1361.0,1000.0,0.0,1560.0,1560.0,704.0,296.0,1002.0,359.0
2.0,2440.0,1156.0,1009.0,151.0,2601.0,2601.0,710.0,299.0,755.0,401.0
2.0,1435.0,809.0,1008.0,1560.0,1846.0,1846.0,706.0,302.0,467.0,342.0
2.0,2186.0,663.0,998.0,2601.0,0.0,0.0,697.0,301.0,421.0,242.0
2.0,4124.0,858.0,990.0,1846.0,0.0,0.0,692.0,298.0,662.0,196.0
2.0,5112.0,1210.0,993.0,0.0,70.0,70.0,698.0,295.0,961.0,249.0
2.0,3902.0,1346.0,1005.0,0.0,1464.0,1464.0,709.0,296.0,999.0,347.0
2.0,2556.0,1135.0,1013.0,70.0,2561.0,2561.0,714.0,299.0,743.0,392.0
2.0,1491.0,801.0,1011.0,1464.0,1890.0,1890.0,709.0,302.0,461.0,340.0
2.0,2154.0,677.0,1001.0,2561.0,0.0,0.0,699.0,302.0,432.0,245.0
2.0,4038.0,873.0,993.0,1890.0,0.0,0.0,694.0,299.0,675.0,198.0
2.0,5055.0,1193.0,996.0,0.0,122.0,122.0,700.0,296.0,940.0,253.0
2.0,3862.0,1330.0,1007.0,0.0,1496.0,1496.0,710.0,297.0,967.0,363.0
2.0,2532.0,1141.0,1016.0,122.0,2551.0,2551.0,716.0,300.0,736.0,405.0
2.0,1513.0,818.0,1015.0,1496.0,1869.0,1869.0,712.0,303.0,474.0,344.0
2.0,2191.0,682.0,1004.0,2551.0,0.0,0.0,702.0,302.0,445.0,237.0
2.0,4060.0,879.0,996.0,1869.0,0.0,0.0,697.0,299.0,684.0,195.0
2.0,5050.0,1214.0,999.0,0.0,160.0,160.0,702.0,297.0,948.0,266.0
2.0,3836.0,1331.0,1010.0,0.0,1535.0,1535.0,712.0,298.0,958.0,373.0
2.0,2505.0,1121.0,1019.0,160.0,2532.0,2532.0,718.0,301.0,714.0,407.0
2.0,1544.0,801.0,1017.0,1535.0,1790.0,1790.0,713.0,304.0,458.0,343.0
2.0,2278.0,681.0,1006.0,2532.0,0.0,0.0,703.0,303.0,445.0,236.0
2.0,4129.0,896.0,997.0,1790.0,0.0,0.0,697.0,300.0,698.0,198.0
2.0,5023.0,1221.0,1000.0,0.0,198.0,198.0,702.0,298.0,956.0,265.0
2.0,3802.0,1334.0,1012.0,0.0,1580.0,1580.0,713.0,299.0,964.0,370.0
2.0,2468.0,1145.0,1021.0,198.0,2563.0,2563.0,719.0,302.0,729.0,416.0
2.0,1521.0,837.0,1019.0,1580.0,1812.0,1812.0,714.0,305.0,475.0,362.0
2.0,2264.0,749.0,1010.0,2563.0,0.0,0.0,705.0,305.0,489.0,260.0
2.0,4078.0,957.0,1002.0,1812.0,0.0,0.0,700.0,302.0,741.0,216.0
2.0,4933.0,1263.0,1006.0,0.0,354.0,354.0,706.0,300.0,991.0,272.0
2.0,3670.0,1335.0,1017.0,0.0,1733.0,1733.0,716.0,301.0,963.0,372.0
2.0,2335.0,1115.0,1026.0,354.0,2530.0,2530.0,722.0,304.0,703.0,412.0
2.0,1574.0,822.0,1025.0,1733.0,1615.0,1615.0,718.0,307.0,467.0,355.0
2.0,2485.0,774.0,1015.0,2530.0,0.0,0.0,708.0,307.0,506.0,268.0
2.0,4241.0,997.0,1008.0,1615.0,0.0,0.0,704.0,304.0,768.0,229.0
2.0,4859.0,1260.0,1010.0,0.0,441.0,441.0,708.0,302.0,973.0,287.0
2.0,3599.0,1319.0,1020.0,0.0,1800.0,1800.0,718.0,302.0,939.0,380.0
2.0,2280.0,1104.0,1029.0,441.0,2499.0,2499.0,723.0,306.0,698.0,406.0
2.0,1617.0,835.0,1027.0,1800.0,1526.0,1526.0,719.0,308.0,483.0,352.0
2.0,2582.0,773.0,1018.0,2499.0,0.0,0.0,710.0,308.0,505.0,268.0
2.0,4308.0,1011.0,1012.0,1526.0,0.0,0.0,706.0,306.0,773.0,238.0
2.0,4823.0,1308.0,1016.0,0.0,549.0,549.0,712.0,304.0,1010.0,298.0
2.0,3515.0,1353.0,1026.0,0.0,1942.0,1942.0,722.0,304.0,976.0,377.0
2.0,2162.0,1105.0,1035.0,549.0,2534.0,2534.0,727.0,308.0,702.0,403.0
2.0,1606.0,821.0,1032.0,1942.0,1401.0,1401.0,722.0,310.0,472.0,349.0
2.0,2727.0,796.0,1023.0,2534.0,0.0,0.0,713.0,310.0,526.0,270.0
2.0,4465.0,1046.0,1018.0,1401.0,0.0,0.0,710.0,308.0,808.0,238.0
2.0,4820.0,1311.0,1021.0,0.0,575.0,575.0,715.0,306.0,1018.0,293.0
2.0,3509.0,1302.0,1032.0,0.0,1921.0,1921.0,725.0,307.0,937.0,365.0
2.0,2207.0,1037.0,1039.0,575.0,2411.0,2411.0,729.0,310.0,650.0,387.0
2.0,1745.0,784.0,1037.0,1921.0,1266.0,1266.0,725.0,312.0,452.0,332.0
2.0,2882.0,811.0,1029.0,2411.0,0.0,0.0,717.0,312.0,548.0,263.0
2.0,4482.0,1091.0,1024.0,1266.0,0.0,0.0,714.0,310.0,845.0,246.0
2.0,4657.0,1351.0,1027.0,0.0,802.0,802.0,719.0,308.0,1052.0,299.0
2.0,3306.0,1313.0,1038.0,0.0,2159.0,2159.0,729.0,309.0,944.0,369.0
2.0,1993.0,1015.0,1044.0,802.0,2396.0,2396.0,733.0,311.0,638.0,377.0
2.0,1780.0,736.0,1041.0,2159.0,961.0,961.0,728.0,313.0,421.0,315.0
2.0,3203.0,782.0,1034.0,2396.0,0.0,0.0,720.0,314.0,530.0,252.0
2.0,4817.0,1092.0,1029.0,961.0,0.0,0.0,717.0,312.0,842.0,250.0
2.0,4686.0,1360.0,1033.0,0.0,806.0,806.0,723.0,310.0,1056.0,304.0
2.0,3326.0,1292.0,1042.0,0.0,2134.0,2134.0,732.0,310.0,939.0,353.0
2.0,2034.0,953.0,1047.0,806.0,2301.0,2301.0,735.0,312.0,601.0,352.0
2.0,1887.0,708.0,1044.0,2134.0,863.0,863.0,730.0,314.0,402.0,306.0
2.0,3313.0,762.0,1036.0,2301.0,0.0,0.0,722.0,314.0,506.0,256.0
2.0,4852.0,1090.0,1031.0,863.0,0.0,0.0,719.0,312.0,834.0,256.0
2.0,4625.0,1371.0,1036.0,0.0,890.0,890.0,725.0,311.0,1060.0,311.0
2.0,3254.0,1303.0,1045.0,0.0,2229.0,2229.0,734.0,311.0,940.0,363.0
2.0,1951.0,964.0,1050.0,890.0,2323.0,2323.0,737.0,313.0,605.0,359.0
2.0,1877.0,719.0,1047.0,2229.0,801.0,801.0,732.0,315.0,415.0,304.0
2.0,3387.0,784.0,1039.0,2323.0,0.0,0.0,724.0,315.0,537.0,247.0
2.0,4926.0,1099.0,1035.0,801.0,0.0,0.0,722.0,313.0,852.0,247.0
2.0,4628.0,1350.0,1039.0,0.0,878.0,878.0,729.0,310.0,1050.0,300.0
2.0,3278.0,1281.0,1049.0,0.0,2199.0,2199.0,738.0,311.0,922.0,359.0
2.0,1997.0,976.0,1054.0,878.0,2317.0,2317.0,741.0,313.0,604.0,372.0
2.0,1899.0,731.0,1051.0,2199.0,837.0,837.0,735.0,316.0,413.0,318.0
2.0,3367.0,814.0,1043.0,2317.0,0.0,0.0,727.0,316.0,555.0,259.0
2.0,4870.0,1117.0,1038.0,837.0,0.0,0.0,725.0,313.0,860.0,257.0
2.0,4590.0,1370.0,1044.0,0.0,956.0,956.0,732.0,312.0,1050.0,320.0
2.0,3220.0,1296.0,1052.0,0.0,2284.0,2284.0,740.0,312.0,919.0,377.0
2.0,1924.0,987.0,1057.0,956.0,2335.0,2335.0,743.0,314.0,618.0,369.0
2.0,1893.0,750.0,1053.0,2284.0,785.0,785.0,737.0,316.0,435.0,315.0
2.0,3427.0,816.0,1044.0,2335.0,0.0,0.0,728.0,316.0,551.0,265.0
2.0,4946.0,1129.0,1040.0,785.0,0.0,0.0,726.0,314.0,858.0,271.0
2.0,4602.0,1375.0,1045.0,0.0,953.0,953.0,733.0,312.0,1049.0,326.0
2.0,3227.0,1329.0,1055.0,0.0,2322.0,2322.0,742.0,313.0,954.0,375.0
2.0,1898.0,1030.0,1060.0,953.0,2419.0,2419.0,745.0,315.0,654.0,376.0
2.0,1821.0,775.0,1055.0,2322.0,852.0,852.0,739.0,316.0,450.0,325.0
2.0,3368.0,825.0,1047.0,2419.0,0.0,0.0,731.0,316.0,547.0,278.0
2.0,4962.0,1141.0,1043.0,852.0,0.0,0.0,729.0,314.0,861.0,280.0
2.0,4673.0,1408.0,1050.0,0.0,935.0,935.0,737.0,313.0,1071.0,337.0
2.0,3265.0,1370.0,1060.0,0.0,2345.0,2345.0,746.0,314.0,985.0,385.0
2.0,1895.0,1053.0,1066.0,935.0,2487.0,2487.0,750.0,316.0,679.0,374.0
2.0,1777.0,776.0,1061.0,2345.0,898.0,898.0,744.0,317.0,460.0,316.0
2.0,3346.0,813.0,1052.0,2487.0,0.0,0.0,735.0,317.0,546.0,267.0
2.0,5020.0,1150.0,1047.0,898.0,0.0,0.0,732.0,315.0,865.0,285.0
2.0,4768.0,1416.0,1054.0,0.0,864.0,864.0,740.0,314.0,1068.0,348.0
2.0,3352.0,1366.0,1064.0,0.0,2270.0,2270.0,749.0,315.0,978.0,388.0
2.0,1986.0,1058.0,1068.0,864.0,2480.0,2480.0,752.0,316.0,691.0,367.0
2.0,1792.0,788.0,1064.0,2270.0,982.0,982.0,746.0,318.0,481.0,307.0
2.0,3274.0,818.0,1054.0,2480.0,0.0,0.0,737.0,317.0,555.0,263.0
2.0,4936.0,1121.0,1051.0,982.0,0.0,0.0,735.0,316.0,838.0,283.0
2.0,4797.0,1399.0,1058.0,0.0,834.0,834.0,743.0,315.0,1050.0,349.0
2.0,3398.0,1359.0,1069.0,0.0,2237.0,2237.0,753.0,316.0,969.0,390.0
2.0,2039.0,1052.0,1074.0,834.0,2475.0,2475.0,756.0,318.0,684.0,368.0
2.0,1821.0,784.0,1067.0,2237.0,994.0,994.0,748.0,319.0,476.0,308.0
2.0,3274.0,816.0,1058.0,2475.0,0.0,0.0,739.0,319.0,551.0,265.0
2.0,4933.0,1116.0,1054.0,994.0,0.0,0.0,737.0,317.0,843.0,273.0
2.0,4811.0,1373.0,1061.0,0.0,806.0,806.0,745.0,316.0,1042.0,331.0
2.0,3438.0,1330.0,1072.0,0.0,2180.0,2180.0,755.0,317.0,940.0,390.0
2.0,2108.0,1046.0,1077.0,806.0,2440.0,2440.0,757.0,320.0,660.0,386.0
2.0,1868.0,794.0,1071.0,2180.0,1030.0,1030.0,750.0,321.0,474.0,320.0
2.0,3254.0,828.0,1061.0,2440.0,0.0,0.0,741.0,320.0,572.0,256.0
2.0,4866.0,1113.0,1057.0,1030.0,0.0,0.0,739.0,318.0,851.0,262.0
2.0,4783.0,1352.0,1065.0,0.0,829.0,829.0,747.0,318.0,1020.0,332.0
2.0,3431.0,1307.0,1077.0,0.0,2184.0,2184.0,757.0,320.0,921.0,386.0
2.0,2124.0,1022.0,1082.0,829.0,2397.0,2397.0,760.0,322.0,643.0,379.0
2.0,1931.0,780.0,1076.0,2184.0,969.0,969.0,753.0,323.0,460.0,320.0
2.0,3335.0,799.0,1065.0,2397.0,0.0,0.0,743.0,322.0,543.0,256.0
2.0,4933.0,1072.0,1060.0,969.0,0.0,0.0,740.0,320.0,811.0,261.0
2.0,4830.0,1354.0,1068.0,0.0,796.0,796.0,748.0,320.0,1027.0,327.0
2.0,3476.0,1338.0,1080.0,0.0,2182.0,2182.0,759.0,321.0,951.0,387.0
2.0,2138.0,1051.0,1085.0,796.0,2457.0,2457.0,761.0,324.0,662.0,389.0
2.0,1883.0,772.0,1078.0,2182.0,1019.0,1019.0,753.0,325.0,451.0,321.0
2.0,3293.0,798.0,1068.0,2457.0,0.0,0.0,743.0,325.0,540.0,258.0
2.0,4952.0,1068.0,1064.0,1019.0,0.0,0.0,741.0,323.0,804.0,264.0
2.0,4903.0,1372.0,1072.0,0.0,757.0,757.0,750.0,322.0,1042.0,330.0
2.0,3531.0,1383.0,1084.0,0.0,2188.0,2188.0,761.0,323.0,995.0,388.0
2.0,2148.0,1102.0,1090.0,757.0,2557.0,2557.0,764.0,326.0,718.0,384.0
2.0,1803.0,789.0,1083.0,2188.0,1130.0,1130.0,756.0,327.0,462.0,327.0
2.0,3202.0,774.0,1072.0,2557.0,0.0,0.0,746.0,326.0,500.0,274.0
2.0,4985.0,1058.0,1067.0,1130.0,0.0,0.0,743.0,324.0,785.0,273.0
2.0,5057.0,1372.0,1074.0,0.0,611.0,611.0,751.0,323.0,1049.0,323.0
2.0,3685.0,1409.0,1087.0,0.0,2072.0,2072.0,763.0,324.0,1037.0,372.0
2.0,2276.0,1149.0,1094.0,611.0,2638.0,2638.0,767.0,327.0,754.0,395.0
2.0,1738.0,836.0,1088.0,2072.0,1378.0,1378.0,760.0,328.0,482.0,354.0
2.0,2974.0,797.0,1077.0,2638.0,0.0,0.0,749.0,328.0,504.0,293.0
2.0,4815.0,1079.0,1072.0,1378.0,0.0,0.0,746.0,326.0,811.0,268.0
2.0,5114.0,1408.0,1080.0,0.0,614.0,614.0,755.0,325.0,1095.0,313.0
2.0,3706.0,1459.0,1093.0,0.0,2125.0,2125.0,767.0,326.0,1081.0,378.0
2.0,2247.0,1177.0,1099.0,614.0,2712.0,2712.0,771.0,328.0,775.0,402.0
2.0,1684.0,854.0,1094.0,2125.0,1421.0,1421.0,764.0,330.0,491.0,363.0
2.0,2955.0,819.0,1083.0,2712.0,0.0,0.0,754.0,329.0,521.0,298.0
2.0,4848.0,1086.0,1077.0,1421.0,0.0,0.0,750.0,327.0,815.0,271.0
2.0,5183.0,1401.0,1083.0,0.0,550.0,550.0,758.0,325.0,1098.0,303.0
2.0,3782.0,1452.0,1097.0,0.0,2058.0,2058.0,771.0,326.0,1086.0,366.0
2.0,2330.0,1208.0,1105.0,550.0,2748.0,2748.0,776.0,329.0,806.0,402.0
2.0,1672.0,884.0,1099.0,2058.0,1550.0,1550.0,769.0,330.0,517.0,367.0
2.0,2846.0,803.0,1087.0,2748.0,0.0,0.0,758.0,329.0,512.0,291.0
2.0,4791.0,1045.0,1081.0,1550.0,0.0,0.0,754.0,327.0,782.0,263.0
2.0,5296.0,1390.0,1088.0,0.0,446.0,446.0,762.0,326.0,1082.0,308.0
2.0,3906.0,1464.0,1101.0,0.0,1962.0,1962.0,774.0,327.0,1085.0,379.0
2.0,2442.0,1214.0,1108.0,446.0,2758.0,2758.0,778.0,330.0,802.0,412.0
2.0,1674.0,874.0,1104.0,1962.0,1654.0,1654.0,772.0,332.0,504.0,370.0
2.0,2762.0,777.0,1092.0,2758.0,0.0,0.0,761.0,331.0,481.0,296.0
2.0,4743.0,1023.0,1085.0,1654.0,0.0,0.0,757.0,328.0,772.0,251.0
2.0,5374.0,1382.0,1092.0,0.0,376.0,376.0,765.0,327.0,1088.0,294.0
2.0,3992.0,1469.0,1105.0,0.0,1897.0,1897.0,777.0,328.0,1098.0,371.0
2.0,2523.0,1222.0,1112.0,376.0,2771.0,2771.0,782.0,330.0,814.0,408.0
2.0,1677.0,874.0,1107.0,1897.0,1728.0,1728.0,775.0,332.0,496.0,378.0
2.0,2700.0,783.0,1096.0,2771.0,0.0,0.0,764.0,332.0,482.0,301.0
2.0,4688.0,1030.0,1090.0,1728.0,0.0,0.0,761.0,329.0,777.0,253.0
2.0,5386.0,1350.0,1096.0,0.0,348.0,348.0,769.0,327.0,1064.0,286.0
2.0,4036.0,1396.0,1108.0,0.0,1792.0,1792.0,780.0,328.0,1037.0,359.0
2.0,2640.0,1149.0,1114.0,348.0,2617.0,2617.0,783.0,331.0,746.0,403.0
2.0,1839.0,856.0,1109.0,1792.0,1661.0,1661.0,776.0,333.0,483.0,373.0
2.0,2775.0,827.0,1100.0,2617.0,0.0,0.0,767.0,333.0,519.0,308.0
2.0,4565.0,1084.0,1095.0,1661.0,0.0,0.0,765.0,330.0,819.0,265.0
2.0,5142.0,1360.0,1101.0,0.0,622.0,622.0,773.0,328.0,1074.0,286.0
2.0,3782.0,1386.0,1113.0,0.0,2056.0,2056.0,784.0,329.0,1034.0,352.0
2.0,2396.0,1117.0,1119.0,622.0,2575.0,2575.0,787.0,332.0,721.0,396.0
2.0,1901.0,814.0,1114.0,2056.0,1313.0,1313.0,780.0,334.0,438.0,376.0
2.0,3143.0,793.0,1104.0,2575.0,0.0,0.0,770.0,334.0,479.0,314.0
2.0,4925.0,1073.0,1098.0,1313.0,0.0,0.0,767.0,331.0,809.0,264.0
2.0,5165.0,1382.0,1104.0,0.0,633.0,633.0,775.0,329.0,1099.0,283.0
2.0,3783.0,1392.0,1117.0,0.0,2077.0,2077.0,787.0,330.0,1043.0,349.0
2.0,2391.0,1116.0,1123.0,633.0,2584.0,2584.0,790.0,333.0,718.0,398.0
2.0,1908.0,844.0,1118.0,2077.0,1331.0,1331.0,783.0,335.0,455.0,389.0
2.0,3141.0,839.0,1108.0,2584.0,0.0,0.0,773.0,335.0,507.0,332.0
2.0,4886.0,1112.0,1103.0,1331.0,0.0,0.0,770.0,333.0,831.0,281.0
2.0,5105.0,1388.0,1108.0,0.0,715.0,715.0,777.0,331.0,1101.0,287.0
2.0,3717.0,1402.0,1121.0,0.0,2169.0,2169.0,789.0,332.0,1047.0,355.0
2.0,2315.0,1147.0,1127.0,715.0,2625.0,2625.0,793.0,334.0,742.0,405.0
2.0,1883.0,886.0,1124.0,2169.0,1330.0,1330.0,788.0,336.0,492.0,394.0
2.0,3166.0,881.0,1115.0,2625.0,0.0,0.0,778.0,337.0,537.0,344.0
2.0,4910.0,1148.0,1110.0,1330.0,0.0,0.0,774.0,336.0,846.0,302.0
2.0,5092.0,1436.0,1115.0,0.0,804.0,804.0,781.0,334.0,1125.0,311.0
2.0,3656.0,1453.0,1127.0,0.0,2305.0,2305.0,793.0,334.0,1095.0,358.0
2.0,2203.0,1151.0,1134.0,804.0,2680.0,2680.0,798.0,336.0,755.0,396.0
2.0,1856.0,850.0,1129.0,2305.0,1205.0,1205.0,791.0,338.0,467.0,383.0
2.0,3311.0,871.0,1119.0,2680.0,0.0,0.0,780.0,339.0,524.0,347.0
2.0,5120.0,1166.0,1114.0,1205.0,0.0,0.0,776.0,338.0,855.0,311.0
2.0,5159.0,1445.0,1119.0,0.0,762.0,762.0,783.0,336.0,1132.0,313.0
2.0,3714.0,1458.0,1130.0,0.0,2264.0,2264.0,794.0,336.0,1095.0,363.0
2.0,2256.0,1175.0,1137.0,762.0,2705.0,2705.0,799.0,338.0,775.0,400.0
2.0,1843.0,882.0,1133.0,2264.0,1307.0,1307.0,793.0,340.0,494.0,388.0
2.0,3225.0,893.0,1124.0,2705.0,0.0,0.0,783.0,341.0,552.0,341.0
2.0,5037.0,1189.0,1119.0,1307.0,0.0,0.0,779.0,340.0,883.0,306.0
2.0,5155.0,1473.0,1123.0,0.0,810.0,810.0,785.0,338.0,1152.0,321.0
2.0,3682.0,1477.0,1135.0,0.0,2335.0,2335.0,797.0,338.0,1103.0,374.0
2.0,2205.0,1179.0,1142.0,810.0,2732.0,2732.0,802.0,340.0,770.0,409.0
2.0,1836.0,883.0,1139.0,2335.0,1268.0,1268.0,796.0,343.0,494.0,389.0
2.0,3288.0,892.0,1129.0,2732.0,0.0,0.0,786.0,343.0,561.0,331.0
2.0,5128.0,1173.0,1124.0,1268.0,0.0,0.0,782.0,342.0,891.0,282.0
2.0,5223.0,1451.0,1128.0,0.0,740.0,740.0,789.0,339.0,1148.0,303.0
2.0,3772.0,1437.0,1140.0,0.0,2225.0,2225.0,800.0,340.0,1062.0,375.0
2.0,2335.0,1142.0,1146.0,740.0,2651.0,2651.0,804.0,342.0,727.0,415.0
2.0,1933.0,858.0,1143.0,2225.0,1272.0,1272.0,799.0,344.0,472.0,386.0
2.0,3300.0,897.0,1134.0,2651.0,0.0,0.0,789.0,345.0,576.0,321.0
2.0,5054.0,1208.0,1128.0,1272.0,0.0,0.0,785.0,343.0,921.0,287.0
2.0,5118.0,1458.0,1133.0,0.0,872.0,872.0,792.0,341.0,1155.0,303.0
2.0,3660.0,1408.0,1143.0,0.0,2320.0,2320.0,802.0,341.0,1044.0,364.0
2.0,2252.0,1099.0,1150.0,872.0,2575.0,2575.0,807.0,343.0,697.0,402.0
2.0,2025.0,827.0,1145.0,2320.0,1062.0,1062.0,800.0,345.0,450.0,377.0
2.0,3518.0,863.0,1136.0,2575.0,0.0,0.0,790.0,346.0,540.0,323.0
2.0,5230.0,1183.0,1133.0,1062.0,0.0,0.0,788.0,345.0,895.0,288.0
2.0,5109.0,1441.0,1138.0,0.0,884.0,884.0,795.0,343.0,1133.0,308.0
2.0,3668.0,1388.0,1148.0,0.0,2312.0,2312.0,806.0,342.0,1033.0,355.0
2.0,2280.0,1076.0,1153.0,884.0,2524.0,2524.0,809.0,344.0,693.0,383.0
2.0,2088.0,818.0,1148.0,2312.0,1010.0,1010.0,802.0,346.0,460.0,358.0
2.0,3582.0,855.0,1138.0,2524.0,0.0,0.0,792.0,346.0,546.0,309.0
2.0,5251.0,1145.0,1133.0,1010.0,0.0,0.0,788.0,345.0,860.0,285.0
2.0,5116.0,1418.0,1139.0,0.0,858.0,858.0,796.0,343.0,1098.0,320.0
2.0,3698.0,1414.0,1150.0,0.0,2316.0,2316.0,807.0,343.0,1038.0,376.0
2.0,2284.0,1100.0,1157.0,858.0,2586.0,2586.0,812.0,345.0,707.0,393.0
2.0,2042.0,807.0,1152.0,2316.0,1057.0,1057.0,805.0,347.0,453.0,354.0
2.0,3551.0,842.0,1141.0,2586.0,0.0,0.0,794.0,347.0,541.0,301.0
2.0,5295.0,1168.0,1137.0,1057.0,0.0,0.0,791.0,346.0,883.0,285.0
2.0,5184.0,1454.0,1143.0,0.0,842.0,842.0,799.0,344.0,1137.0,317.0
2.0,3730.0,1424.0,1155.0,0.0,2314.0,2314.0,811.0,344.0,1054.0,370.0
2.0,2306.0,1119.0,1160.0,842.0,2611.0,2611.0,815.0,345.0,718.0,401.0
2.0,2029.0,831.0,1155.0,2314.0,1108.0,1108.0,808.0,347.0,462.0,369.0
2.0,3512.0,866.0,1144.0,2611.0,0.0,0.0,797.0,347.0,554.0,312.0
2.0,5257.0,1188.0,1140.0,1108.0,0.0,0.0,794.0,346.0,899.0,289.0
2.0,5177.0,1480.0,1146.0,0.0,887.0,887.0,802.0,344.0,1158.0,322.0
2.0,3697.0,1437.0,1157.0,0.0,2368.0,2368.0,813.0,344.0,1063.0,374.0
2.0,2260.0,1119.0,1162.0,887.0,2620.0,2620.0,817.0,345.0,719.0,400.0
2.0,2028.0,856.0,1157.0,2368.0,1088.0,1088.0,810.0,347.0,481.0,375.0
2.0,3540.0,917.0,1146.0,2620.0,0.0,0.0,799.0,347.0,589.0,328.0
2.0,5243.0,1229.0,1142.0,1088.0,0.0,0.0,796.0,346.0,930.0,299.0
2.0,5102.0,1497.0,1148.0,0.0,987.0,987.0,804.0,344.0,1178.0,319.0
2.0,3605.0,1462.0,1160.0,0.0,2497.0,2497.0,816.0,344.0,1090.0,372.0
2.0,2143.0,1154.0,1166.0,987.0,2688.0,2688.0,821.0,345.0,746.0,408.0
2.0,1976.0,901.0,1161.0,2497.0,1072.0,1072.0,814.0,347.0,509.0,392.0
2.0,3572.0,955.0,1151.0,2688.0,0.0,0.0,804.0,347.0,615.0,340.0
2.0,5305.0,1273.0,1147.0,1072.0,0.0,0.0,801.0,346.0,962.0,311.0
2.0,5104.0,1528.0,1155.0,0.0,1044.0,1044.0,810.0,345.0,1200.0,328.0
2.0,3576.0,1463.0,1166.0,0.0,2551.0,2551.0,821.0,345.0,1083.0,380.0
2.0,2113.0,1141.0,1170.0,1044.0,2664.0,2664.0,824.0,346.0,733.0,408.0
2.0,2016.0,889.0,1165.0,2551.0,982.0,982.0,817.0,348.0,506.0,383.0
2.0,3678.0,940.0,1155.0,2664.0,0.0,0.0,807.0,348.0,613.0,327.0
2.0,5402.0,1258.0,1150.0,982.0,0.0,0.0,804.0,346.0,952.0,306.0
2.0,5126.0,1539.0,1157.0,0.0,1041.0,1041.0,812.0,345.0,1197.0,342.0
2.0,3587.0,1471.0,1168.0,0.0,2556.0,2556.0,823.0,345.0,1079.0,392.0
2.0,2116.0,1122.0,1173.0,1041.0,2657.0,2657.0,826.0,347.0,711.0,411.0
2.0,2035.0,872.0,1167.0,2556.0,949.0,949.0,818.0,349.0,489.0,383.0
2.0,3719.0,946.0,1157.0,2657.0,0.0,0.0,808.0,349.0,609.0,337.0
2.0,5430.0,1277.0,1154.0,949.0,0.0,0.0,806.0,348.0,958.0,319.0
2.0,5102.0,1517.0,1162.0,0.0,1063.0,1063.0,815.0,347.0,1179.0,338.0
2.0,3585.0,1431.0,1173.0,0.0,2538.0,2538.0,826.0,347.0,1051.0,380.0
2.0,2154.0,1088.0,1176.0,1063.0,2575.0,2575.0,828.0,348.0,684.0,404.0
2.0,2129.0,830.0,1169.0,2538.0,839.0,839.0,819.0,350.0,448.0,382.0
2.0,3837.0,926.0,1159.0,2575.0,0.0,0.0,808.0,351.0,593.0,333.0
2.0,5486.0,1270.0,1156.0,839.0,0.0,0.0,807.0,349.0,968.0,302.0
2.0,5055.0,1507.0,1164.0,0.0,1108.0,1108.0,816.0,348.0,1181.0,326.0
2.0,3548.0,1405.0,1175.0,0.0,2557.0,2557.0,827.0,348.0,1030.0,375.0
2.0,2143.0,1068.0,1179.0,1108.0,2533.0,2533.0,829.0,350.0,661.0,407.0
2.0,2183.0,841.0,1173.0,2557.0,793.0,793.0,821.0,352.0,449.0,392.0
2.0,3899.0,949.0,1163.0,2533.0,0.0,0.0,811.0,352.0,604.0,345.0
2.0,5483.0,1259.0,1160.0,793.0,0.0,0.0,809.0,351.0,961.0,298.0
2.0,5017.0,1458.0,1168.0,0.0,1113.0,1113.0,818.0,350.0,1157.0,301.0
2.0,3559.0,1357.0,1178.0,0.0,2510.0,2510.0,829.0,349.0,1007.0,350.0
2.0,2202.0,1070.0,1182.0,1113.0,2483.0,2483.0,831.0,351.0,662.0,408.0
2.0,2245.0,879.0,1177.0,2510.0,832.0,832.0,823.0,354.0,467.0,412.0
2.0,3876.0,974.0,1169.0,2483.0,0.0,0.0,814.0,355.0,613.0,361.0
2.0,5385.0,1268.0,1166.0,832.0,0.0,0.0,813.0,353.0,965.0,303.0
2.0,4949.0,1473.0,1173.0,0.0,1216.0,1216.0,822.0,351.0,1179.0,294.0
2.0,3476.0,1381.0,1184.0,0.0,2641.0,2641.0,833.0,351.0,1034.0,347.0
2.0,2095.0,1076.0,1188.0,1216.0,2517.0,2517.0,835.0,353.0,663.0,413.0
2.0,2235.0,887.0,1183.0,2641.0,743.0,743.0,827.0,356.0,463.0,424.0
2.0,3989.0,1002.0,1174.0,2517.0,0.0,0.0,817.0,357.0,626.0,376.0
2.0,5504.0,1296.0,1172.0,743.0,0.0,0.0,816.0,356.0,982.0,314.0
2.0,4951.0,1478.0,1179.0,0.0,1243.0,1243.0,825.0,354.0,1181.0,297.0
2.0,3473.0,1369.0,1190.0,0.0,2656.0,2656.0,836.0,354.0,1026.0,343.0
2.0,2104.0,1054.0,1193.0,1243.0,2479.0,2479.0,838.0,355.0,654.0,400.0
2.0,2293.0,904.0,1188.0,2656.0,707.0,707.0,830.0,358.0,486.0,418.0
2.0,4045.0,1079.0,1180.0,2479.0,0.0,0.0,821.0,359.0,696.0,383.0
2.0,5445.0,1401.0,1179.0,707.0,0.0,0.0,821.0,358.0,1075.0,326.0
2.0,4751.0,1541.0,1187.0,0.0,1538.0,1538.0,831.0,356.0,1239.0,302.0
2.0,3210.0,1356.0,1196.0,0.0,2930.0,2930.0,841.0,355.0,1018.0,338.0
2.0,1854.0,1048.0,1199.0,1538.0,2452.0,2452.0,842.0,357.0,646.0,402.0
2.0,2344.0,908.0,1193.0,2930.0,406.0,406.0,834.0,359.0,489.0,419.0
2.0,4366.0,1092.0,1185.0,2452.0,0.0,0.0,825.0,360.0,712.0,380.0
2.0,5726.0,1406.0,1184.0,406.0,10.0,10.0,825.0,359.0,1086.0,320.0
2.0,4726.0,1537.0,1191.0,0.0,1575.0,1575.0,834.0,357.0,1227.0,310.0
2.0,3189.0,1363.0,1201.0,10.0,2968.0,2968.0,844.0,357.0,1009.0,354.0
2.0,1836.0,1027.0,1202.0,1575.0,2424.0,2424.0,844.0,358.0,617.0,410.0
2.0,2384.0,918.0,1195.0,2968.0,346.0,346.0,835.0,360.0,496.0,422.0
2.0,4434.0,1134.0,1187.0,2424.0,0.0,0.0,826.0,361.0,760.0,374.0
2.0,5724.0,1448.0,1187.0,346.0,126.0,126.0,827.0,360.0,1136.0,312.0
2.0,4622.0,1542.0,1195.0,0.0,1700.0,1700.0,837.0,358.0,1234.0,308.0
2.0,3080.0,1335.0,1203.0,126.0,2941.0,2941.0,846.0,357.0,972.0,363.0
2.0,1871.0,1027.0,1205.0,1700.0,2276.0,2276.0,846.0,359.0,601.0,426.0
2.0,2544.0,926.0,1199.0,2941.0,237.0,237.0,837.0,362.0,493.0,433.0
2.0,4559.0,1104.0,1190.0,2276.0,0.0,0.0,828.0,362.0,736.0,368.0
2.0,5731.0,1429.0,1190.0,237.0,221.0,221.0,829.0,361.0,1121.0,308.0
2.0,4539.0,1555.0,1198.0,0.0,1808.0,1808.0,839.0,359.0,1249.0,306.0
2.0,2984.0,1354.0,1207.0,221.0,2977.0,2977.0,849.0,358.0,989.0,365.0
2.0,1851.0,1017.0,1209.0,1808.0,2194.0,2194.0,849.0,360.0,597.0,420.0
2.0,2642.0,881.0,1201.0,2977.0,66.0,66.0,839.0,362.0,465.0,416.0
2.0,4738.0,1089.0,1192.0,2194.0,0.0,0.0,830.0,362.0,728.0,361.0
2.0,5843.0,1434.0,1193.0,66.0,297.0,297.0,832.0,361.0,1128.0,306.0
2.0,4475.0,1542.0,1202.0,0.0,1875.0,1875.0,843.0,359.0,1232.0,310.0
2.0,2933.0,1330.0,1211.0,297.0,2944.0,2944.0,852.0,359.0,957.0,373.0
2.0,1900.0,986.0,1212.0,1875.0,2059.0,2059.0,852.0,360.0,571.0,415.0
2.0,2789.0,848.0,1204.0,2944.0,0.0,0.0,842.0,362.0,445.0,403.0
2.0,4885.0,1053.0,1196.0,2059.0,0.0,0.0,833.0,363.0,710.0,343.0
2.0,5891.0,1407.0,1195.0,0.0,296.0,296.0,834.0,361.0,1103.0,304.0
2.0,4484.0,1558.0,1205.0,0.0,1894.0,1894.0,845.0,360.0,1239.0,319.0
2.0,2926.0,1349.0,1214.0,296.0,2983.0,2983.0,855.0,359.0,974.0,375.0
2.0,1873.0,1015.0,1216.0,1894.0,2112.0,2112.0,855.0,361.0,595.0,420.0
2.0,2752.0,869.0,1208.0,2983.0,0.0,0.0,845.0,363.0,453.0,416.0
2.0,4866.0,1054.0,1201.0,2112.0,0.0,0.0,837.0,364.0,700.0,354.0
2.0,5924.0,1391.0,1201.0,0.0,271.0,271.0,838.0,363.0,1091.0,300.0
2.0,4533.0,1539.0,1210.0,0.0,1846.0,1846.0,849.0,361.0,1237.0,302.0
2.0,2994.0,1355.0,1219.0,271.0,2966.0,2966.0,859.0,360.0,994.0,361.0
2.0,1910.0,1001.0,1220.0,1846.0,2125.0,2125.0,859.0,361.0,585.0,416.0
2.0,2755.0,862.0,1212.0,2966.0,0.0,0.0,849.0,363.0,448.0,414.0
2.0,4859.0,1048.0,1204.0,2125.0,0.0,0.0,840.0,364.0,695.0,353.0
2.0,5936.0,1383.0,1204.0,0.0,263.0,263.0,841.0,363.0,1079.0,304.0
2.0,4553.0,1552.0,1214.0,0.0,1855.0,1855.0,852.0,362.0,1236.0,316.0
2.0,3001.0,1376.0,1223.0,263.0,3004.0,3004.0,862.0,361.0,1001.0,375.0
2.0,1888.0,1057.0,1223.0,1855.0,2206.0,2206.0,862.0,361.0,637.0,420.0
2.0,2686.0,898.0,1215.0,3004.0,68.0,68.0,852.0,363.0,482.0,416.0
2.0,4792.0,1073.0,1209.0,2206.0,0.0,0.0,844.0,365.0,713.0,360.0
2.0,5925.0,1407.0,1209.0,68.0,250.0,250.0,845.0,364.0,1099.0,308.0
2.0,4586.0,1580.0,1219.0,0.0,1870.0,1870.0,857.0,362.0,1259.0,321.0
2.0,3006.0,1399.0,1229.0,250.0,3059.0,3059.0,867.0,362.0,1019.0,380.0
2.0,1857.0,1057.0,1228.0,1870.0,2242.0,2242.0,865.0,363.0,623.0,434.0
2.0,2670.0,894.0,1219.0,3059.0,41.0,41.0,854.0,365.0,464.0,430.0
2.0,4835.0,1062.0,1209.0,2242.0,0.0,0.0,843.0,366.0,701.0,361.0
2.0,6015.0,1431.0,1210.0,41.0,215.0,215.0,845.0,365.0,1122.0,309.0
2.0,4625.0,1628.0,1222.0,0.0,1891.0,1891.0,858.0,364.0,1309.0,319.0
2.0,2997.0,1465.0,1232.0,215.0,3181.0,3181.0,869.0,363.0,1075.0,390.0
2.0,1747.0,1082.0,1232.0,1891.0,2372.0,2372.0,868.0,364.0,637.0,445.0
2.0,2556.0,884.0,1223.0,3181.0,39.0,39.0,856.0,367.0,443.0,441.0
2.0,4853.0,1087.0,1214.0,2372.0,0.0,0.0,846.0,368.0,707.0,380.0
2.0,6138.0,1475.0,1215.0,39.0,158.0,158.0,848.0,367.0,1160.0,315.0
2.0,4702.0,1661.0,1228.0,0.0,1871.0,1871.0,863.0,365.0,1351.0,310.0
2.0,3041.0,1463.0,1239.0,158.0,3220.0,3220.0,874.0,365.0,1081.0,382.0
2.0,1736.0,1083.0,1237.0,1871.0,2424.0,2424.0,871.0,366.0,634.0,449.0
2.0,2524.0,897.0,1227.0,3220.0,61.0,61.0,858.0,369.0,448.0,449.0
2.0,4847.0,1081.0,1218.0,2424.0,0.0,0.0,848.0,370.0,698.0,383.0
2.0,6190.0,1467.0,1220.0,61.0,96.0,96.0,851.0,369.0,1153.0,314.0
2.0,4784.0,1665.0,1233.0,0.0,1813.0,1813.0,866.0,367.0,1347.0,318.0
2.0,3119.0,1491.0,1243.0,96.0,3248.0,3248.0,877.0,366.0,1093.0,398.0
2.0,1724.0,1099.0,1243.0,1813.0,2534.0,2534.0,875.0,368.0,630.0,469.0
2.0,2438.0,877.0,1233.0,3248.0,123.0,123.0,862.0,371.0,413.0,464.0
2.0,4809.0,1044.0,1223.0,2534.0,0.0,0.0,850.0,373.0,664.0,380.0
2.0,6299.0,1417.0,1224.0,123.0,0.0,0.0,853.0,371.0,1123.0,294.0
2.0,5005.0,1624.0,1236.0,0.0,1563.0,1563.0,867.0,369.0,1329.0,295.0
2.0,3381.0,1472.0,1247.0,0.0,3079.0,3079.0,879.0,368.0,1090.0,382.0
2.0,1909.0,1106.0,1247.0,1563.0,2622.0,2622.0,877.0,370.0,638.0,468.0
2.0,2366.0,889.0,1238.0,3079.0,396.0,396.0,864.0,374.0,419.0,470.0
2.0,4556.0,1017.0,1227.0,2622.0,0.0,0.0,852.0,375.0,646.0,371.0
2.0,6161.0,1377.0,1228.0,396.0,0.0,0.0,855.0,373.0,1101.0,276.0
2.0,5180.0,1615.0,1240.0,0.0,1395.0,1395.0,870.0,370.0,1333.0,282.0
2.0,3565.0,1469.0,1252.0,0.0,2912.0,2912.0,882.0,370.0,1082.0,387.0
2.0,2096.0,1085.0,1253.0,1395.0,2606.0,2606.0,880.0,373.0,613.0,472.0
2.0,2406.0,850.0,1242.0,2912.0,500.0,500.0,867.0,375.0,397.0,453.0
2.0,4468.0,1013.0,1231.0,2606.0,0.0,0.0,855.0,376.0,662.0,351.0
2.0,6061.0,1398.0,1233.0,500.0,0.0,0.0,859.0,374.0,1135.0,263.0
2.0,5163.0,1643.0,1244.0,0.0,1456.0,1456.0,873.0,371.0,1361.0,282.0
2.0,3520.0,1470.0,1256.0,0.0,2974.0,2974.0,885.0,371.0,1082.0,388.0
2.0,2050.0,1062.0,1256.0,1456.0,2580.0,2580.0,883.0,373.0,581.0,481.0
2.0,2444.0,811.0,1245.0,2974.0,373.0,373.0,869.0,376.0,351.0,460.0
2.0,4607.0,986.0,1234.0,2580.0,0.0,0.0,857.0,377.0,637.0,349.0
2.0,6201.0,1389.0,1235.0,373.0,0.0,0.0,860.0,375.0,1139.0,250.0
2.0,5185.0,1632.0,1247.0,0.0,1435.0,1435.0,875.0,372.0,1363.0,269.0
2.0,3553.0,1483.0,1259.0,0.0,2966.0,2966.0,887.0,372.0,1090.0,393.0
2.0,2070.0,1110.0,1260.0,1435.0,2645.0,2645.0,886.0,374.0,616.0,494.0
2.0,2395.0,861.0,1251.0,2966.0,504.0,504.0,873.0,378.0,393.0,468.0
2.0,4500.0,998.0,1240.0,2645.0,0.0,0.0,862.0,378.0,666.0,332.0
2.0,6147.0,1389.0,1240.0,504.0,0.0,0.0,865.0,375.0,1154.0,235.0
2.0,5262.0,1638.0,1251.0,0.0,1380.0,1380.0,879.0,372.0,1365.0,273.0
2.0,3624.0,1485.0,1262.0,0.0,2909.0,2909.0,890.0,372.0,1074.0,411.0
2.0,2139.0,1100.0,1263.0,1380.0,2633.0,2633.0,888.0,375.0,585.0,515.0
2.0,2419.0,889.0,1253.0,2909.0,573.0,573.0,874.0,379.0,408.0,481.0
2.0,4439.0,1072.0,1243.0,2633.0,0.0,0.0,864.0,379.0,732.0,340.0
2.0,6000.0,1451.0,1244.0,573.0,0.0,0.0,868.0,376.0,1222.0,229.0
2.0,5122.0,1672.0,1256.0,0.0,1574.0,1574.0,883.0,373.0,1410.0,262.0
2.0,3450.0,1503.0,1267.0,0.0,3121.0,3121.0,895.0,372.0,1097.0,406.0
2.0,1947.0,1108.0,1268.0,1574.0,2659.0,2659.0,893.0,375.0,584.0,524.0
2.0,2413.0,898.0,1258.0,3121.0,396.0,396.0,879.0,379.0,403.0,495.0
2.0,4636.0,1090.0,1248.0,2659.0,0.0,0.0,868.0,380.0,736.0,354.0
2.0,6205.0,1492.0,1249.0,396.0,0.0,0.0,872.0,377.0,1248.0,244.0
2.0,5109.0,1687.0,1260.0,0.0,1618.0,1618.0,886.0,374.0,1409.0,278.0
2.0,3422.0,1497.0,1272.0,0.0,3163.0,3163.0,899.0,373.0,1077.0,420.0
2.0,1925.0,1120.0,1272.0,1618.0,2665.0,2665.0,896.0,376.0,590.0,530.0
2.0,2423.0,911.0,1262.0,3163.0,373.0,373.0,882.0,380.0,414.0,497.0
2.0,4675.0,1091.0,1250.0,2665.0,0.0,0.0,870.0,380.0,737.0,354.0
2.0,6249.0,1483.0,1251.0,373.0,0.0,0.0,873.0,378.0,1237.0,246.0
2.0,5139.0,1689.0,1263.0,0.0,1602.0,1602.0,888.0,375.0,1411.0,278.0
2.0,3450.0,1514.0,1274.0,0.0,3160.0,3160.0,900.0,374.0,1086.0,428.0
2.0,1936.0,1125.0,1275.0,1602.0,2687.0,2687.0,898.0,377.0,586.0,539.0
2.0,2413.0,919.0,1265.0,3160.0,406.0,406.0,884.0,381.0,416.0,503.0
2.0,4654.0,1094.0,1253.0,2687.0,0.0,0.0,872.0,381.0,742.0,352.0
2.0,6247.0,1464.0,1253.0,406.0,0.0,0.0,875.0,378.0,1222.0,242.0
2.0,5189.0,1663.0,1265.0,0.0,1534.0,1534.0,890.0,375.0,1389.0,274.0
2.0,3526.0,1471.0,1276.0,0.0,3049.0,3049.0,902.0,374.0,1050.0,421.0
2.0,2055.0,1099.0,1277.0,1534.0,2618.0,2618.0,900.0,377.0,559.0,540.0
2.0,2490.0,945.0,1267.0,3049.0,474.0,474.0,886.0,381.0,431.0,514.0
2.0,4594.0,1138.0,1259.0,2618.0,0.0,0.0,876.0,383.0,765.0,373.0
2.0,6074.0,1473.0,1258.0,474.0,0.0,0.0,878.0,380.0,1225.0,248.0
2.0,5075.0,1621.0,1268.0,0.0,1618.0,1618.0,892.0,376.0,1359.0,262.0
2.0,3454.0,1427.0,1279.0,0.0,3089.0,3089.0,904.0,375.0,1026.0,401.0
2.0,2027.0,1117.0,1281.0,1618.0,2596.0,2596.0,903.0,378.0,580.0,537.0
2.0,2528.0,972.0,1273.0,3089.0,447.0,447.0,890.0,383.0,445.0,527.0
2.0,4645.0,1149.0,1264.0,2596.0,0.0,0.0,879.0,385.0,763.0,386.0
2.0,6092.0,1471.0,1264.0,447.0,0.0,0.0,882.0,382.0,1218.0,253.0
2.0,5068.0,1621.0,1274.0,0.0,1649.0,1649.0,896.0,378.0,1363.0,258.0
2.0,3447.0,1442.0,1286.0,0.0,3139.0,3139.0,909.0,377.0,1050.0,392.0
2.0,2005.0,1117.0,1287.0,1649.0,2611.0,2611.0,907.0,380.0,590.0,527.0
2.0,2537.0,943.0,1279.0,3139.0,383.0,383.0,894.0,385.0,427.0,516.0
2.0,4733.0,1094.0,1268.0,2611.0,0.0,0.0,881.0,387.0,724.0,370.0
2.0,6250.0,1423.0,1267.0,383.0,0.0,0.0,883.0,384.0,1184.0,239.0
2.0,5210.0,1608.0,1278.0,0.0,1510.0,1510.0,898.0,380.0,1358.0,250.0
2.0,3602.0,1466.0,1290.0,0.0,3024.0,3024.0,912.0,378.0,1068.0,398.0
2.0,2136.0,1137.0,1293.0,1510.0,2663.0,2663.0,911.0,382.0,606.0,531.0
2.0,2509.0,959.0,1285.0,3024.0,566.0,566.0,898.0,387.0,437.0,522.0
2.0,4574.0,1125.0,1275.0,2663.0,0.0,0.0,886.0,389.0,754.0,371.0
2.0,6112.0,1467.0,1275.0,566.0,0.0,0.0,889.0,386.0,1238.0,229.0
2.0,5211.0,1634.0,1285.0,0.0,1563.0,1563.0,904.0,381.0,1385.0,249.0
2.0,3577.0,1471.0,1297.0,0.0,3082.0,3082.0,917.0,380.0,1063.0,408.0
2.0,2106.0,1107.0,1299.0,1563.0,2634.0,2634.0,915.0,384.0,565.0,542.0
2.0,2562.0,937.0,1290.0,3082.0,453.0,453.0,900.0,390.0,410.0,527.0
2.0,4707.0,1118.0,1281.0,2634.0,0.0,0.0,889.0,392.0,746.0,372.0
2.0,6223.0,1467.0,1280.0,453.0,0.0,0.0,892.0,388.0,1236.0,231.0
2.0,5209.0,1644.0,1290.0,0.0,1595.0,1595.0,907.0,383.0,1392.0,252.0
2.0,3565.0,1480.0,1302.0,0.0,3123.0,3123.0,920.0,382.0,1072.0,408.0
2.0,2085.0,1163.0,1304.0,1595.0,2699.0,2699.0,918.0,386.0,612.0,551.0
2.0,2517.0,995.0,1295.0,3123.0,535.0,535.0,903.0,392.0,463.0,532.0
2.0,4645.0,1129.0,1284.0,2699.0,0.0,0.0,890.0,394.0,753.0,376.0
2.0,6215.0,1433.0,1282.0,535.0,0.0,0.0,892.0,390.0,1200.0,233.0
2.0,5317.0,1623.0,1292.0,0.0,1474.0,1474.0,907.0,385.0,1367.0,256.0
2.0,3694.0,1493.0,1305.0,0.0,3019.0,3019.0,921.0,384.0,1085.0,408.0
2.0,2201.0,1186.0,1306.0,1474.0,2735.0,2735.0,919.0,387.0,642.0,544.0
2.0,2489.0,1010.0,1297.0,3019.0,690.0,690.0,904.0,393.0,478.0,532.0
2.0,4498.0,1132.0,1286.0,2735.0,0.0,0.0,891.0,395.0,751.0,381.0
2.0,6101.0,1447.0,1285.0,690.0,0.0,0.0,894.0,391.0,1210.0,237.0
2.0,5344.0,1633.0,1295.0,0.0,1469.0,1469.0,909.0,386.0,1376.0,257.0
2.0,3711.0,1517.0,1306.0,0.0,3030.0,3030.0,922.0,384.0,1102.0,415.0
2.0,2194.0,1219.0,1309.0,1469.0,2792.0,2792.0,921.0,388.0,658.0,561.0
2.0,2444.0,1024.0,1300.0,3030.0,750.0,750.0,906.0,394.0,485.0,539.0
2.0,4450.0,1137.0,1290.0,2792.0,0.0,0.0,894.0,396.0,763.0,374.0
2.0,6105.0,1456.0,1288.0,750.0,0.0,0.0,896.0,392.0,1224.0,232.0
2.0,5399.0,1656.0,1299.0,0.0,1453.0,1453.0,912.0,387.0,1397.0,259.0
2.0,3743.0,1521.0,1310.0,0.0,3018.0,3018.0,925.0,385.0,1094.0,427.0
2.0,2222.0,1187.0,1312.0,1453.0,2760.0,2760.0,923.0,389.0,624.0,563.0
2.0,2488.0,992.0,1303.0,3018.0,698.0,698.0,908.0,395.0,460.0,532.0
2.0,4514.0,1123.0,1293.0,2760.0,0.0,0.0,896.0,397.0,760.0,363.0
2.0,6151.0,1464.0,1293.0,698.0,0.0,0.0,900.0,393.0,1235.0,229.0
2.0,5385.0,1670.0,1304.0,0.0,1501.0,1501.0,916.0,388.0,1401.0,269.0
2.0,3715.0,1542.0,1315.0,0.0,3087.0,3087.0,929.0,386.0,1106.0,436.0
2.0,2173.0,1186.0,1316.0,1501.0,2776.0,2776.0,926.0,390.0,624.0,562.0
2.0,2488.0,963.0,1306.0,3087.0,612.0,612.0,911.0,395.0,436.0,527.0
2.0,4612.0,1096.0,1296.0,2776.0,0.0,0.0,899.0,397.0,740.0,356.0
2.0,6292.0,1466.0,1297.0,612.0,0.0,0.0,903.0,394.0,1237.0,229.0
2.0,5438.0,1709.0,1309.0,0.0,1507.0,1507.0,920.0,389.0,1438.0,271.0
2.0,3729.0,1563.0,1320.0,0.0,3114.0,3114.0,933.0,387.0,1123.0,440.0
2.0,2166.0,1184.0,1320.0,1507.0,2791.0,2791.0,930.0,390.0,622.0,562.0
2.0,2489.0,943.0,1310.0,3114.0,580.0,580.0,915.0,395.0,424.0,519.0
2.0,4660.0,1085.0,1299.0,2791.0,0.0,0.0,902.0,397.0,734.0,351.0
2.0,6366.0,1462.0,1300.0,580.0,0.0,0.0,906.0,394.0,1233.0,229.0
2.0,5484.0,1677.0,1311.0,0.0,1437.0,1437.0,922.0,389.0,1410.0,267.0
2.0,3807.0,1534.0,1322.0,0.0,3015.0,3015.0,935.0,387.0,1108.0,426.0
2.0,2273.0,1166.0,1324.0,1437.0,2752.0,2752.0,933.0,391.0,615.0,551.0
2.0,2544.0,961.0,1315.0,3015.0,662.0,662.0,919.0,396.0,446.0,515.0
2.0,4598.0,1095.0,1305.0,2752.0,0.0,0.0,907.0,398.0,741.0,354.0
2.0,6255.0,1440.0,1304.0,662.0,0.0,0.0,909.0,395.0,1208.0,232.0
2.0,5477.0,1662.0,1315.0,0.0,1445.0,1445.0,925.0,390.0,1394.0,268.0
2.0,3815.0,1543.0,1325.0,0.0,3028.0,3028.0,937.0,388.0,1107.0,436.0
2.0,2272.0,1204.0,1327.0,1445.0,2795.0,2795.0,935.0,392.0,645.0,559.0
2.0,2513.0,984.0,1318.0,3028.0,715.0,715.0,921.0,397.0,471.0,513.0
2.0,4557.0,1114.0,1308.0,2795.0,0.0,0.0,909.0,399.0,770.0,344.0
2.0,6238.0,1462.0,1308.0,715.0,0.0,0.0,912.0,396.0,1240.0,222.0
2.0,5491.0,1663.0,1318.0,0.0,1444.0,1444.0,928.0,390.0,1391.0,272.0
2.0,3828.0,1531.0,1330.0,0.0,3023.0,3023.0,941.0,389.0,1074.0,457.0
2.0,2297.0,1190.0,1331.0,1444.0,2773.0,2773.0,938.0,393.0,608.0,582.0
2.0,2551.0,983.0,1322.0,3023.0,697.0,697.0,923.0,399.0,460.0,523.0
2.0,4591.0,1116.0,1311.0,2773.0,0.0,0.0,911.0,400.0,774.0,342.0
2.0,6248.0,1460.0,1311.0,697.0,0.0,0.0,914.0,397.0,1234.0,226.0
2.0,5485.0,1674.0,1321.0,0.0,1473.0,1473.0,929.0,392.0,1390.0,284.0
2.0,3811.0,1553.0,1332.0,0.0,3070.0,3070.0,941.0,391.0,1085.0,468.0
2.0,2258.0,1218.0,1334.0,1473.0,2823.0,2823.0,939.0,395.0,629.0,589.0
2.0,2513.0,1005.0,1325.0,3070.0,722.0,722.0,925.0,400.0,486.0,519.0
2.0,4578.0,1119.0,1316.0,2823.0,0.0,0.0,914.0,402.0,777.0,342.0
2.0,6282.0,1458.0,1315.0,722.0,0.0,0.0,917.0,398.0,1228.0,230.0
2.0,5546.0,1693.0,1325.0,0.0,1447.0,1447.0,931.0,394.0,1394.0,299.0
2.0,3853.0,1600.0,1336.0,0.0,3091.0,3091.0,943.0,393.0,1114.0,486.0
2.0,2253.0,1261.0,1339.0,1447.0,2917.0,2917.0,942.0,397.0,666.0,595.0
2.0,2439.0,1016.0,1330.0,3091.0,806.0,806.0,928.0,402.0,489.0,527.0
2.0,4514.0,1111.0,1320.0,2917.0,0.0,0.0,916.0,404.0,763.0,348.0
2.0,6320.0,1453.0,1319.0,806.0,0.0,0.0,918.0,401.0,1220.0,233.0
2.0,5673.0,1713.0,1329.0,0.0,1356.0,1356.0,933.0,396.0,1410.0,303.0
2.0,3960.0,1613.0,1340.0,0.0,3013.0,3013.0,945.0,395.0,1133.0,480.0
2.0,2347.0,1261.0,1343.0,1356.0,2930.0,2930.0,944.0,399.0,672.0,589.0
2.0,2442.0,1020.0,1334.0,3013.0,901.0,901.0,929.0,405.0,490.0,530.0
2.0,4435.0,1132.0,1323.0,2930.0,0.0,0.0,917.0,406.0,775.0,357.0
2.0,6233.0,1475.0,1323.0,901.0,0.0,0.0,920.0,403.0,1233.0,242.0
2.0,5659.0,1732.0,1334.0,0.0,1409.0,1409.0,936.0,398.0,1436.0,296.0
2.0,3927.0,1646.0,1346.0,0.0,3103.0,3103.0,949.0,397.0,1170.0,476.0
2.0,2281.0,1288.0,1349.0,1409.0,2994.0,2994.0,948.0,401.0,694.0,594.0
2.0,2402.0,1019.0,1341.0,3103.0,878.0,878.0,934.0,407.0,481.0,538.0
2.0,4486.0,1103.0,1330.0,2994.0,0.0,0.0,921.0,409.0,753.0,350.0
2.0,6377.0,1436.0,1327.0,878.0,0.0,0.0,923.0,404.0,1219.0,217.0
2.0,5819.0,1708.0,1338.0,0.0,1241.0,1241.0,939.0,399.0,1425.0,283.0
2.0,4111.0,1634.0,1350.0,0.0,2923.0,2923.0,952.0,398.0,1151.0,483.0
2.0,2477.0,1284.0,1354.0,1241.0,2982.0,2982.0,951.0,403.0,677.0,607.0
2.0,2434.0,1020.0,1346.0,2923.0,1047.0,1047.0,937.0,409.0,490.0,530.0
2.0,4337.0,1090.0,1334.0,2982.0,0.0,0.0,924.0,410.0,752.0,338.0
2.0,6229.0,1437.0,1332.0,1047.0,0.0,0.0,926.0,406.0,1224.0,213.0
2.0,5839.0,1707.0,1341.0,0.0,1232.0,1232.0,941.0,400.0,1422.0,285.0
2.0,4132.0,1614.0,1354.0,0.0,2898.0,2898.0,955.0,399.0,1143.0,471.0
2.0,2518.0,1269.0,1358.0,1232.0,2951.0,2951.0,954.0,404.0,684.0,585.0
2.0,2481.0,1011.0,1349.0,2898.0,1028.0,1028.0,940.0,409.0,500.0,511.0
2.0,4368.0,1098.0,1339.0,2951.0,0.0,0.0,928.0,411.0,769.0,329.0
2.0,6221.0,1458.0,1337.0,1028.0,0.0,0.0,930.0,407.0,1229.0,229.0
2.0,5791.0,1717.0,1347.0,0.0,1314.0,1314.0,945.0,402.0,1418.0,299.0
2.0,4074.0,1603.0,1359.0,0.0,2965.0,2965.0,958.0,401.0,1132.0,471.0
2.0,2471.0,1224.0,1362.0,1314.0,2887.0,2887.0,957.0,405.0,649.0,575.0
2.0,2561.0,971.0,1353.0,2965.0,857.0,857.0,942.0,411.0,463.0,508.0
2.0,4555.0,1092.0,1342.0,2887.0,0.0,0.0,930.0,412.0,754.0,338.0
2.0,6350.0,1458.0,1341.0,857.0,0.0,0.0,933.0,408.0,1236.0,222.0
2.0,5749.0,1717.0,1350.0,0.0,1368.0,1368.0,948.0,402.0,1438.0,279.0
2.0,4032.0,1612.0,1362.0,0.0,3028.0,3028.0,961.0,401.0,1161.0,451.0
2.0,2420.0,1225.0,1365.0,1368.0,2897.0,2897.0,959.0,406.0,661.0,564.0
2.0,2563.0,965.0,1355.0,3028.0,794.0,794.0,944.0,411.0,453.0,512.0
2.0,4626.0,1081.0,1344.0,2897.0,0.0,0.0,931.0,413.0,733.0,348.0
2.0,6442.0,1466.0,1342.0,794.0,0.0,0.0,934.0,408.0,1225.0,241.0
2.0,5770.0,1740.0,1353.0,0.0,1382.0,1382.0,950.0,403.0,1452.0,288.0
2.0,4030.0,1636.0,1366.0,0.0,3070.0,3070.0,964.0,402.0,1174.0,462.0
2.0,2394.0,1250.0,1368.0,1382.0,2946.0,2946.0,962.0,406.0,675.0,575.0
2.0,2526.0,977.0,1359.0,3070.0,817.0,817.0,947.0,412.0,459.0,518.0
2.0,4619.0,1092.0,1348.0,2946.0,0.0,0.0,935.0,413.0,736.0,356.0
2.0,6473.0,1474.0,1347.0,817.0,0.0,0.0,938.0,409.0,1234.0,240.0
2.0,5816.0,1766.0,1357.0,0.0,1378.0,1378.0,954.0,403.0,1479.0,287.0
2.0,4050.0,1658.0,1370.0,0.0,3088.0,3088.0,968.0,402.0,1200.0,458.0
2.0,2392.0,1263.0,1372.0,1378.0,2981.0,2981.0,966.0,406.0,684.0,579.0
2.0,2507.0,991.0,1363.0,3088.0,848.0,848.0,951.0,412.0,456.0,535.0
2.0,4604.0,1096.0,1351.0,2981.0,0.0,0.0,938.0,413.0,729.0,367.0
2.0,6489.0,1496.0,1350.0,848.0,0.0,0.0,941.0,409.0,1246.0,250.0
2.0,5841.0,1775.0,1359.0,0.0,1370.0,1370.0,956.0,403.0,1484.0,291.0
2.0,4066.0,1667.0,1372.0,0.0,3089.0,3089.0,970.0,402.0,1208.0,459.0
2.0,2399.0,1272.0,1375.0,1370.0,3003.0,3003.0,969.0,406.0,693.0,579.0
2.0,2497.0,1001.0,1366.0,3089.0,879.0,879.0,954.0,412.0,469.0,532.0
2.0,4585.0,1121.0,1355.0,3003.0,0.0,0.0,942.0,413.0,744.0,377.0
2.0,6467.0,1508.0,1353.0,879.0,0.0,0.0,944.0,409.0,1239.0,269.0
2.0,5838.0,1766.0,1363.0,0.0,1380.0,1380.0,959.0,404.0,1454.0,312.0
2.0,4072.0,1661.0,1375.0,0.0,3089.0,3089.0,972.0,403.0,1199.0,462.0
2.0,2411.0,1287.0,1378.0,1380.0,3008.0,3008.0,971.0,407.0,720.0,567.0
2.0,2504.0,1018.0,1369.0,3089.0,901.0,901.0,957.0,412.0,491.0,527.0
2.0,4575.0,1117.0,1358.0,3008.0,0.0,0.0,944.0,414.0,740.0,377.0
2.0,6466.0,1499.0,1355.0,901.0,0.0,0.0,945.0,410.0,1234.0,265.0
2.0,5868.0,1791.0,1364.0,0.0,1379.0,1379.0,960.0,404.0,1484.0,307.0
2.0,4077.0,1716.0,1378.0,0.0,3151.0,3151.0,975.0,403.0,1246.0,470.0
2.0,2361.0,1340.0,1382.0,1379.0,3128.0,3128.0,975.0,407.0,753.0,587.0
2.0,2400.0,1058.0,1375.0,3151.0,1007.0,1007.0,961.0,414.0,516.0,542.0
2.0,4493.0,1143.0,1365.0,3128.0,0.0,0.0,949.0,416.0,762.0,381.0
2.0,6478.0,1501.0,1361.0,1007.0,0.0,0.0,950.0,411.0,1238.0,263.0
2.0,5984.0,1777.0,1371.0,0.0,1277.0,1277.0,966.0,405.0,1477.0,300.0
2.0,4207.0,1684.0,1384.0,0.0,3013.0,3013.0,980.0,404.0,1228.0,456.0
2.0,2523.0,1304.0,1388.0,1277.0,3056.0,3056.0,979.0,409.0,730.0,574.0
2.0,2496.0,1031.0,1380.0,3013.0,1042.0,1042.0,965.0,415.0,492.0,539.0
2.0,4478.0,1142.0,1369.0,3056.0,0.0,0.0,952.0,417.0,756.0,386.0
2.0,6392.0,1509.0,1367.0,1042.0,0.0,0.0,954.0,413.0,1240.0,269.0
2.0,5925.0,1777.0,1377.0,0.0,1360.0,1360.0,969.0,408.0,1465.0,312.0
2.0,4148.0,1667.0,1390.0,0.0,3079.0,3079.0,983.0,407.0,1205.0,462.0
2.0,2481.0,1289.0,1393.0,1360.0,3020.0,3020.0,982.0,411.0,721.0,568.0
2.0,2552.0,1016.0,1385.0,3079.0,925.0,925.0,968.0,417.0,496.0,520.0
2.0,4615.0,1128.0,1373.0,3020.0,0.0,0.0,955.0,418.0,759.0,369.0
2.0,6507.0,1482.0,1371.0,925.0,0.0,0.0,957.0,414.0,1220.0,262.0
2.0,5950.0,1760.0,1381.0,0.0,1334.0,1334.0,972.0,409.0,1448.0,312.0
2.0,4190.0,1656.0,1394.0,0.0,3042.0,3042.0,986.0,408.0,1193.0,463.0
2.0,2534.0,1281.0,1398.0,1334.0,3005.0,3005.0,985.0,413.0,708.0,573.0
2.0,2587.0,1010.0,1390.0,3042.0,941.0,941.0,971.0,419.0,476.0,534.0
2.0,4619.0,1109.0,1378.0,3005.0,0.0,0.0,957.0,421.0,734.0,375.0
2.0,6515.0,1477.0,1376.0,941.0,0.0,0.0,959.0,417.0,1227.0,250.0
2.0,5979.0,1759.0,1386.0,0.0,1324.0,1324.0,974.0,412.0,1464.0,295.0
2.0,4220.0,1656.0,1399.0,0.0,3032.0,3032.0,988.0,411.0,1195.0,461.0
2.0,2564.0,1252.0,1402.0,1324.0,2972.0,2972.0,987.0,415.0,673.0,579.0
2.0,2636.0,975.0,1393.0,3032.0,879.0,879.0,972.0,421.0,439.0,536.0
2.0,4693.0,1104.0,1380.0,2972.0,0.0,0.0,958.0,422.0,726.0,378.0
2.0,6561.0,1504.0,1378.0,879.0,0.0,0.0,960.0,418.0,1252.0,252.0
2.0,5936.0,1773.0,1388.0,0.0,1389.0,1389.0,975.0,413.0,1480.0,293.0
2.0,4163.0,1663.0,1401.0,0.0,3104.0,3104.0,989.0,412.0,1197.0,466.0
2.0,2500.0,1263.0,1404.0,1389.0,2990.0,2990.0,988.0,416.0,673.0,590.0
2.0,2626.0,994.0,1395.0,3104.0,844.0,844.0,973.0,422.0,445.0,549.0
2.0,4736.0,1121.0,1383.0,2990.0,0.0,0.0,959.0,424.0,745.0,376.0
2.0,6605.0,1539.0,1380.0,844.0,0.0,0.0,960.0,420.0,1285.0,254.0
2.0,5910.0,1824.0,1392.0,0.0,1482.0,1482.0,977.0,415.0,1525.0,299.0
2.0,4086.0,1684.0,1404.0,0.0,3214.0,3214.0,991.0,413.0,1221.0,463.0
2.0,2402.0,1247.0,1408.0,1482.0,2995.0,2995.0,990.0,418.0,654.0,593.0
2.0,2637.0,988.0,1398.0,3214.0,729.0,729.0,974.0,424.0,425.0,563.0
2.0,4863.0,1151.0,1386.0,2995.0,0.0,0.0,960.0,426.0,754.0,397.0
2.0,6707.0,1585.0,1384.0,729.0,0.0,0.0,962.0,422.0,1325.0,260.0
2.0,5851.0,1869.0,1395.0,0.0,1598.0,1598.0,979.0,416.0,1578.0,291.0
2.0,3982.0,1730.0,1410.0,0.0,3388.0,3388.0,995.0,415.0,1270.0,460.0
2.0,2252.0,1309.0,1413.0,1598.0,3111.0,3111.0,994.0,419.0,716.0,593.0
2.0,2541.0,1020.0,1404.0,3388.0,707.0,707.0,979.0,425.0,461.0,559.0
2.0,4909.0,1149.0,1392.0,3111.0,0.0,0.0,966.0,426.0,758.0,391.0
2.0,6871.0,1592.0,1391.0,707.0,0.0,0.0,968.0,423.0,1329.0,263.0
2.0,5986.0,1883.0,1402.0,0.0,1505.0,1505.0,985.0,417.0,1579.0,304.0
2.0,4103.0,1746.0,1416.0,0.0,3307.0,3307.0,1000.0,416.0,1276.0,470.0
2.0,2357.0,1333.0,1421.0,1505.0,3155.0,3155.0,1000.0,421.0,735.0,598.0
2.0,2529.0,1024.0,1411.0,3307.0,832.0,832.0,985.0,426.0,471.0,553.0
2.0,4812.0,1139.0,1399.0,3155.0,0.0,0.0,971.0,428.0,755.0,384.0
2.0,6828.0,1555.0,1396.0,832.0,0.0,0.0,972.0,424.0,1295.0,260.0
2.0,6105.0,1856.0,1405.0,0.0,1371.0,1371.0,987.0,418.0,1551.0,305.0
2.0,4249.0,1755.0,1419.0,0.0,3182.0,3182.0,1002.0,417.0,1287.0,468.0
2.0,2494.0,1347.0,1423.0,1371.0,3174.0,3174.0,1002.0,421.0,760.0,587.0
2.0,2518.0,1020.0,1414.0,3182.0,976.0,976.0,988.0,426.0,476.0,544.0
2.0,4680.0,1111.0,1401.0,3174.0,0.0,0.0,973.0,428.0,732.0,379.0
2.0,6743.0,1521.0,1398.0,976.0,0.0,0.0,974.0,424.0,1262.0,259.0
2.0,6198.0,1843.0,1408.0,0.0,1277.0,1277.0,989.0,419.0,1529.0,314.0
2.0,4355.0,1753.0,1422.0,0.0,3086.0,3086.0,1004.0,418.0,1275.0,478.0
2.0,2602.0,1324.0,1425.0,1277.0,3145.0,3145.0,1004.0,421.0,742.0,582.0
2.0,2555.0,1019.0,1416.0,3086.0,1042.0,1042.0,989.0,427.0,484.0,535.0
2.0,4622.0,1121.0,1404.0,3145.0,0.0,0.0,976.0,428.0,746.0,375.0
2.0,6646.0,1525.0,1401.0,1042.0,0.0,0.0,977.0,424.0,1264.0,261.0
2.0,6163.0,1830.0,1411.0,0.0,1311.0,1311.0,992.0,419.0,1526.0,304.0
2.0,4333.0,1712.0,1425.0,0.0,3079.0,3079.0,1007.0,418.0,1254.0,458.0
2.0,2621.0,1300.0,1428.0,1311.0,3080.0,3080.0,1006.0,422.0,726.0,574.0
2.0,2632.0,971.0,1418.0,3079.0,932.0,932.0,991.0,427.0,431.0,540.0
2.0,4740.0,1080.0,1404.0,3080.0,0.0,0.0,976.0,428.0,691.0,389.0
2.0,6740.0,1526.0,1403.0,932.0,0.0,0.0,978.0,425.0,1257.0,269.0
2.0,6146.0,1869.0,1414.0,0.0,1379.0,1379.0,994.0,420.0,1558.0,311.0
2.0,4277.0,1775.0,1428.0,0.0,3210.0,3210.0,1010.0,418.0,1304.0,471.0
2.0,2502.0,1298.0,1432.0,1379.0,3145.0,3145.0,1010.0,422.0,716.0,582.0
2.0,2583.0,925.0,1421.0,3210.0,816.0,816.0,993.0,428.0,389.0,536.0
2.0,4868.0,1041.0,1407.0,3145.0,0.0,0.0,978.0,429.0,664.0,377.0
2.0,6972.0,1529.0,1405.0,816.0,0.0,0.0,979.0,426.0,1257.0,272.0
2.0,6259.0,1864.0,1417.0,0.0,1273.0,1273.0,996.0,421.0,1546.0,318.0
2.0,4395.0,1741.0,1432.0,0.0,3074.0,3074.0,1012.0,420.0,1265.0,476.0
2.0,2654.0,1303.0,1436.0,1273.0,3120.0,3120.0,1012.0,424.0,717.0,586.0
2.0,2624.0,967.0,1425.0,3074.0,969.0,969.0,996.0,429.0,426.0,541.0
2.0,4731.0,1097.0,1412.0,3120.0,0.0,0.0,981.0,431.0,721.0,376.0
2.0,6754.0,1553.0,1410.0,969.0,0.0,0.0,983.0,427.0,1281.0,272.0
2.0,6170.0,1896.0,1422.0,0.0,1414.0,1414.0,1000.0,422.0,1565.0,331.0
2.0,4274.0,1769.0,1437.0,0.0,3243.0,3243.0,1016.0,421.0,1285.0,484.0
2.0,2505.0,1313.0,1441.0,1414.0,3158.0,3158.0,1016.0,425.0,720.0,593.0
2.0,2606.0,971.0,1429.0,3243.0,838.0,838.0,999.0,430.0,435.0,536.0
2.0,4878.0,1100.0,1416.0,3158.0,0.0,0.0,984.0,432.0,722.0,378.0
2.0,6936.0,1567.0,1413.0,838.0,0.0,0.0,985.0,428.0,1287.0,280.0
2.0,6207.0,1937.0,1427.0,0.0,1438.0,1438.0,1003.0,424.0,1587.0,350.0
2.0,4270.0,1827.0,1443.0,0.0,3329.0,3329.0,1020.0,423.0,1311.0,516.0
2.0,2443.0,1336.0,1447.0,1438.0,3243.0,3243.0,1020.0,427.0,735.0,601.0
2.0,2545.0,995.0,1435.0,3329.0,861.0,861.0,1003.0,432.0,464.0,531.0
2.0,4879.0,1130.0,1421.0,3243.0,0.0,0.0,987.0,434.0,755.0,375.0
2.0,6992.0,1629.0,1419.0,861.0,0.0,0.0,989.0,430.0,1339.0,290.0
2.0,6224.0,1983.0,1432.0,0.0,1487.0,1487.0,1006.0,426.0,1614.0,369.0
2.0,4241.0,1821.0,1447.0,0.0,3368.0,3368.0,1022.0,425.0,1294.0,527.0
2.0,2420.0,1342.0,1452.0,1487.0,3243.0,3243.0,1022.0,430.0,732.0,610.0
2.0,2565.0,1002.0,1440.0,3368.0,829.0,829.0,1005.0,435.0,476.0,526.0
2.0,4931.0,1137.0,1426.0,3243.0,0.0,0.0,990.0,436.0,780.0,357.0
2.0,7037.0,1623.0,1423.0,829.0,0.0,0.0,991.0,432.0,1346.0,277.0
2.0,6243.0,1995.0,1436.0,0.0,1496.0,1496.0,1008.0,428.0,1623.0,372.0
2.0,4248.0,1869.0,1453.0,0.0,3433.0,3433.0,1025.0,428.0,1323.0,546.0
2.0,2379.0,1357.0,1456.0,1496.0,3306.0,3306.0,1024.0,432.0,742.0,615.0
2.0,2518.0,1015.0,1446.0,3433.0,848.0,848.0,1009.0,437.0,492.0,523.0
2.0,4936.0,1148.0,1432.0,3306.0,0.0,0.0,994.0,438.0,796.0,352.0
2.0,7094.0,1616.0,1429.0,848.0,0.0,0.0,995.0,434.0,1343.0,273.0
2.0,6326.0,1941.0,1441.0,0.0,1379.0,1379.0,1011.0,430.0,1577.0,364.0
2.0,4385.0,1787.0,1456.0,0.0,3226.0,3226.0,1026.0,430.0,1254.0,533.0
2.0,2598.0,1316.0,1460.0,1379.0,3179.0,3179.0,1026.0,434.0,709.0,607.0
2.0,2661.0,1028.0,1450.0,3226.0,941.0,941.0,1011.0,439.0,507.0,521.0
2.0,4859.0,1174.0,1438.0,3179.0,0.0,0.0,998.0,440.0,823.0,351.0
2.0,6864.0,1621.0,1435.0,941.0,0.0,0.0,999.0,436.0,1357.0,264.0
2.0,6184.0,1904.0,1446.0,0.0,1504.0,1504.0,1015.0,431.0,1554.0,350.0
2.0,4280.0,1750.0,1460.0,0.0,3310.0,3310.0,1029.0,431.0,1220.0,530.0
2.0,2530.0,1288.0,1464.0,1504.0,3110.0,3110.0,1028.0,436.0,677.0,611.0
2.0,2746.0,994.0,1453.0,3310.0,750.0,750.0,1012.0,441.0,476.0,518.0
2.0,5062.0,1160.0,1440.0,3110.0,0.0,0.0,999.0,441.0,818.0,342.0
2.0,7012.0,1621.0,1439.0,750.0,0.0,0.0,1001.0,438.0,1358.0,263.0
2.0,6141.0,1907.0,1450.0,0.0,1566.0,1566.0,1017.0,433.0,1553.0,354.0
2.0,4234.0,1723.0,1465.0,0.0,3349.0,3349.0,1032.0,433.0,1203.0,520.0
2.0,2511.0,1256.0,1468.0,1566.0,3051.0,3051.0,1031.0,437.0,659.0,597.0
2.0,2821.0,960.0,1458.0,3349.0,622.0,622.0,1016.0,442.0,453.0,507.0
2.0,5210.0,1158.0,1443.0,3051.0,0.0,0.0,1001.0,442.0,807.0,351.0
2.0,7103.0,1623.0,1440.0,622.0,0.0,0.0,1002.0,438.0,1357.0,266.0
2.0,6102.0,1896.0,1452.0,0.0,1602.0,1602.0,1018.0,434.0,1548.0,348.0
2.0,4206.0,1704.0,1467.0,0.0,3366.0,3366.0,1033.0,434.0,1183.0,521.0
2.0,2502.0,1240.0,1471.0,1602.0,3020.0,3020.0,1033.0,438.0,639.0,601.0
2.0,2864.0,976.0,1460.0,3366.0,586.0,586.0,1018.0,442.0,466.0,510.0
2.0,5254.0,1178.0,1447.0,3020.0,0.0,0.0,1004.0,443.0,836.0,342.0
2.0,7096.0,1646.0,1445.0,586.0,0.0,0.0,1006.0,439.0,1380.0,266.0
2.0,6036.0,1914.0,1457.0,0.0,1706.0,1706.0,1022.0,435.0,1553.0,361.0
2.0,4122.0,1719.0,1471.0,0.0,3481.0,3481.0,1037.0,434.0,1195.0,524.0
2.0,2403.0,1246.0,1475.0,1706.0,3037.0,3037.0,1036.0,439.0,646.0,600.0
2.0,2863.0,977.0,1463.0,3481.0,485.0,485.0,1020.0,443.0,466.0,511.0
2.0,5367.0,1199.0,1450.0,3037.0,0.0,0.0,1006.0,444.0,850.0,349.0
2.0,7205.0,1691.0,1449.0,485.0,0.0,0.0,1009.0,440.0,1413.0,278.0
2.0,5999.0,1960.0,1461.0,0.0,1805.0,1805.0,1026.0,435.0,1595.0,365.0
2.0,4039.0,1769.0,1476.0,0.0,3634.0,3634.0,1041.0,435.0,1234.0,535.0
2.0,2270.0,1300.0,1480.0,1805.0,3145.0,3145.0,1040.0,440.0,690.0,610.0
2.0,2775.0,1012.0,1469.0,3634.0,479.0,479.0,1025.0,444.0,498.0,514.0
2.0,5397.0,1196.0,1455.0,3145.0,0.0,0.0,1011.0,444.0,849.0,347.0
2.0,7346.0,1687.0,1452.0,479.0,0.0,0.0,1013.0,439.0,1413.0,274.0
2.0,6138.0,1992.0,1465.0,0.0,1714.0,1714.0,1030.0,435.0,1617.0,375.0
2.0,4146.0,1802.0,1480.0,0.0,3576.0,3576.0,1045.0,435.0,1256.0,546.0
2.0,2344.0,1335.0,1484.0,1714.0,3213.0,3213.0,1044.0,440.0,714.0,621.0
2.0,2723.0,1030.0,1473.0,3576.0,623.0,623.0,1028.0,445.0,507.0,523.0
2.0,5269.0,1219.0,1458.0,3213.0,0.0,0.0,1014.0,444.0,866.0,353.0
2.0,7263.0,1692.0,1456.0,623.0,0.0,0.0,1016.0,440.0,1410.0,282.0
2.0,6194.0,1981.0,1468.0,0.0,1659.0,1659.0,1033.0,435.0,1604.0,377.0
2.0,4213.0,1812.0,1484.0,0.0,3535.0,3535.0,1048.0,436.0,1259.0,553.0
2.0,2401.0,1361.0,1488.0,1659.0,3253.0,3253.0,1047.0,441.0,731.0,630.0
2.0,2699.0,1060.0,1477.0,3535.0,734.0,734.0,1031.0,446.0,524.0,536.0
2.0,5174.0,1212.0,1462.0,3253.0,0.0,0.0,1016.0,446.0,847.0,365.0
2.0,7215.0,1686.0,1459.0,734.0,0.0,0.0,1018.0,441.0,1400.0,286.0
2.0,6263.0,1994.0,1471.0,0.0,1615.0,1615.0,1035.0,436.0,1615.0,379.0
2.0,4269.0,1828.0,1487.0,0.0,3507.0,3507.0,1050.0,437.0,1270.0,558.0
2.0,2441.0,1355.0,1490.0,1615.0,3259.0,3259.0,1048.0,442.0,716.0,639.0
2.0,2701.0,1051.0,1479.0,3507.0,759.0,759.0,1032.0,447.0,520.0,531.0
2.0,5157.0,1207.0,1465.0,3259.0,0.0,0.0,1018.0,447.0,865.0,342.0
2.0,7209.0,1660.0,1463.0,759.0,0.0,0.0,1021.0,442.0,1391.0,269.0
2.0,6308.0,1975.0,1475.0,0.0,1567.0,1567.0,1038.0,437.0,1594.0,381.0
2.0,4333.0,1827.0,1491.0,0.0,3458.0,3458.0,1053.0,438.0,1260.0,567.0
2.0,2506.0,1357.0,1495.0,1567.0,3264.0,3264.0,1051.0,444.0,719.0,638.0
2.0,2716.0,1036.0,1483.0,3458.0,794.0,794.0,1034.0,449.0,507.0,529.0
2.0,5138.0,1175.0,1469.0,3264.0,0.0,0.0,1020.0,449.0,835.0,340.0
2.0,7227.0,1632.0,1467.0,794.0,0.0,0.0,1023.0,444.0,1369.0,263.0
2.0,6389.0,1952.0,1480.0,0.0,1483.0,1483.0,1041.0,439.0,1574.0,378.0
2.0,4437.0,1797.0,1495.0,0.0,3340.0,3340.0,1055.0,440.0,1230.0,567.0
2.0,2640.0,1323.0,1498.0,1483.0,3192.0,3192.0,1052.0,446.0,686.0,637.0
2.0,2800.0,992.0,1486.0,3340.0,796.0,796.0,1035.0,451.0,470.0,522.0
2.0,5148.0,1165.0,1471.0,3192.0,0.0,0.0,1021.0,450.0,828.0,337.0
2.0,7175.0,1675.0,1471.0,796.0,0.0,0.0,1025.0,446.0,1409.0,266.0
2.0,6296.0,1983.0,1485.0,0.0,1627.0,1627.0,1044.0,441.0,1611.0,372.0
2.0,4313.0,1804.0,1501.0,0.0,3495.0,3495.0,1059.0,442.0,1243.0,561.0
2.0,2509.0,1292.0,1504.0,1627.0,3172.0,3172.0,1056.0,448.0,654.0,638.0
2.0,2844.0,984.0,1492.0,3495.0,613.0,613.0,1039.0,453.0,455.0,529.0
2.0,5355.0,1170.0,1478.0,3172.0,0.0,0.0,1025.0,453.0,830.0,340.0
2.0,7357.0,1641.0,1477.0,613.0,0.0,0.0,1029.0,448.0,1384.0,257.0
2.0,6329.0,1932.0,1490.0,0.0,1563.0,1563.0,1047.0,443.0,1566.0,366.0
2.0,4397.0,1768.0,1505.0,0.0,3391.0,3391.0,1061.0,444.0,1210.0,558.0
2.0,2629.0,1307.0,1508.0,1563.0,3147.0,3147.0,1058.0,450.0,669.0,638.0
2.0,2885.0,1041.0,1496.0,3391.0,749.0,749.0,1041.0,455.0,514.0,527.0
2.0,5235.0,1227.0,1482.0,3147.0,0.0,0.0,1028.0,454.0,892.0,335.0
2.0,7155.0,1692.0,1482.0,749.0,0.0,0.0,1033.0,449.0,1428.0,264.0
2.0,6212.0,1940.0,1495.0,0.0,1708.0,1708.0,1050.0,445.0,1563.0,377.0
2.0,4272.0,1761.0,1510.0,0.0,3529.0,3529.0,1064.0,446.0,1198.0,563.0
2.0,2511.0,1327.0,1513.0,1708.0,3160.0,3160.0,1061.0,452.0,681.0,646.0
2.0,2892.0,1074.0,1501.0,3529.0,657.0,657.0,1044.0,457.0,539.0,535.0
2.0,5347.0,1252.0,1487.0,3160.0,0.0,0.0,1031.0,456.0,908.0,344.0
2.0,7255.0,1692.0,1486.0,657.0,0.0,0.0,1035.0,451.0,1431.0,261.0
2.0,6220.0,1975.0,1498.0,0.0,1747.0,1747.0,1052.0,446.0,1599.0,376.0
2.0,4245.0,1801.0,1514.0,0.0,3612.0,3612.0,1066.0,448.0,1224.0,577.0
2.0,2444.0,1365.0,1518.0,1747.0,3246.0,3246.0,1064.0,454.0,707.0,658.0
2.0,2826.0,1105.0,1506.0,3612.0,691.0,691.0,1047.0,459.0,556.0,549.0
2.0,5333.0,1286.0,1492.0,3246.0,0.0,0.0,1034.0,458.0,936.0,350.0
2.0,7293.0,1724.0,1491.0,691.0,0.0,0.0,1038.0,453.0,1462.0,262.0
2.0,6260.0,1990.0,1504.0,0.0,1746.0,1746.0,1056.0,448.0,1623.0,367.0
2.0,4270.0,1820.0,1519.0,0.0,3626.0,3626.0,1070.0,449.0,1252.0,568.0
2.0,2450.0,1377.0,1522.0,1746.0,3269.0,3269.0,1067.0,455.0,715.0,662.0
2.0,2819.0,1089.0,1510.0,3626.0,684.0,684.0,1050.0,460.0,532.0,557.0
2.0,5356.0,1254.0,1497.0,3269.0,0.0,0.0,1037.0,460.0,907.0,347.0
2.0,7371.0,1704.0,1495.0,684.0,0.0,0.0,1041.0,454.0,1458.0,246.0
2.0,6351.0,2013.0,1506.0,0.0,1686.0,1686.0,1058.0,448.0,1654.0,359.0
2.0,4338.0,1881.0,1522.0,0.0,3631.0,3631.0,1073.0,449.0,1305.0,576.0
2.0,2457.0,1421.0,1526.0,1686.0,3382.0,3382.0,1071.0,455.0,742.0,679.0
2.0,2722.0,1066.0,1514.0,3631.0,769.0,769.0,1054.0,460.0,514.0,552.0
2.0,5287.0,1177.0,1498.0,3382.0,0.0,0.0,1039.0,459.0,845.0,332.0
2.0,7492.0,1656.0,1495.0,769.0,0.0,0.0,1042.0,453.0,1414.0,242.0
2.0,6605.0,2010.0,1508.0,0.0,1437.0,1437.0,1060.0,448.0,1637.0,373.0
2.0,4595.0,1892.0,1524.0,0.0,3393.0,3393.0,1075.0,449.0,1298.0,594.0
2.0,2703.0,1417.0,1528.0,1437.0,3389.0,3389.0,1072.0,456.0,738.0,679.0
2.0,2723.0,1046.0,1516.0,3393.0,994.0,994.0,1055.0,461.0,507.0,539.0
2.0,5070.0,1154.0,1501.0,3389.0,0.0,0.0,1041.0,460.0,838.0,316.0
2.0,7305.0,1628.0,1497.0,994.0,0.0,0.0,1043.0,454.0,1391.0,237.0
2.0,6671.0,1997.0,1510.0,0.0,1366.0,1366.0,1061.0,449.0,1619.0,378.0
2.0,4674.0,1894.0,1526.0,0.0,3324.0,3324.0,1076.0,450.0,1294.0,600.0
2.0,2780.0,1417.0,1530.0,1366.0,3391.0,3391.0,1074.0,456.0,739.0,678.0
2.0,2729.0,1051.0,1520.0,3324.0,1078.0,1078.0,1058.0,462.0,522.0,529.0
2.0,5002.0,1143.0,1503.0,3391.0,0.0,0.0,1043.0,460.0,834.0,309.0
2.0,7250.0,1576.0,1500.0,1078.0,0.0,0.0,1046.0,454.0,1343.0,233.0
2.0,6752.0,1948.0,1512.0,0.0,1244.0,1244.0,1063.0,449.0,1568.0,380.0
2.0,4804.0,1877.0,1528.0,0.0,3185.0,3185.0,1078.0,450.0,1278.0,599.0
2.0,2927.0,1455.0,1534.0,1244.0,3420.0,3420.0,1077.0,457.0,774.0,681.0
2.0,2716.0,1078.0,1523.0,3185.0,1269.0,1269.0,1061.0,462.0,547.0,531.0
2.0,4823.0,1131.0,1506.0,3420.0,0.0,0.0,1045.0,461.0,827.0,304.0
2.0,7112.0,1562.0,1501.0,1269.0,0.0,0.0,1047.0,454.0,1333.0,229.0
2.0,6819.0,1965.0,1514.0,0.0,1202.0,1202.0,1065.0,449.0,1582.0,383.0
2.0,4854.0,1909.0,1532.0,0.0,3183.0,3183.0,1081.0,451.0,1300.0,609.0
2.0,2945.0,1465.0,1538.0,1202.0,3470.0,3470.0,1080.0,458.0,781.0,684.0
2.0,2682.0,1098.0,1528.0,3183.0,1345.0,1345.0,1065.0,463.0,561.0,537.0
2.0,4767.0,1150.0,1513.0,3470.0,0.0,0.0,1051.0,462.0,843.0,307.0
2.0,7087.0,1573.0,1509.0,1345.0,0.0,0.0,1053.0,456.0,1344.0,229.0
2.0,6859.0,1941.0,1521.0,0.0,1166.0,1166.0,1070.0,451.0,1562.0,379.0
2.0,4918.0,1894.0,1537.0,0.0,3124.0,3124.0,1085.0,452.0,1292.0,602.0
2.0,3024.0,1492.0,1543.0,1166.0,3474.0,3474.0,1084.0,459.0,810.0,682.0
2.0,2698.0,1132.0,1532.0,3124.0,1438.0,1438.0,1068.0,464.0,592.0,540.0
2.0,4690.0,1178.0,1517.0,3474.0,0.0,0.0,1054.0,463.0,863.0,315.0
2.0,6986.0,1616.0,1515.0,1438.0,0.0,0.0,1058.0,457.0,1373.0,243.0
2.0,6808.0,1999.0,1527.0,0.0,1299.0,1299.0,1075.0,452.0,1610.0,389.0
2.0,4809.0,1920.0,1543.0,0.0,3283.0,3283.0,1090.0,453.0,1315.0,605.0
2.0,2889.0,1480.0,1548.0,1299.0,3484.0,3484.0,1088.0,460.0,793.0,687.0
2.0,2708.0,1130.0,1537.0,3283.0,1287.0,1287.0,1072.0,465.0,583.0,547.0
2.0,4861.0,1230.0,1522.0,3484.0,0.0,0.0,1058.0,464.0,892.0,338.0
2.0,7115.0,1668.0,1520.0,1287.0,0.0,0.0,1062.0,458.0,1410.0,258.0
2.0,6734.0,2021.0,1532.0,0.0,1415.0,1415.0,1079.0,453.0,1623.0,398.0
2.0,4713.0,1941.0,1549.0,0.0,3424.0,3424.0,1094.0,455.0,1326.0,615.0
2.0,2772.0,1505.0,1553.0,1415.0,3530.0,3530.0,1092.0,461.0,816.0,689.0
2.0,2682.0,1154.0,1542.0,3424.0,1216.0,1216.0,1076.0,466.0,609.0,545.0
2.0,4952.0,1232.0,1528.0,3530.0,0.0,0.0,1062.0,466.0,896.0,336.0
2.0,7250.0,1676.0,1525.0,1216.0,0.0,0.0,1065.0,460.0,1411.0,265.0
2.0,6790.0,2024.0,1537.0,0.0,1382.0,1382.0,1082.0,455.0,1619.0,405.0
2.0,4766.0,1921.0,1553.0,0.0,3367.0,3367.0,1097.0,456.0,1304.0,617.0
2.0,2845.0,1468.0,1557.0,1382.0,3469.0,3469.0,1094.0,463.0,779.0,689.0
2.0,2759.0,1130.0,1547.0,3367.0,1192.0,1192.0,1078.0,469.0,583.0,547.0
2.0,4996.0,1249.0,1531.0,3469.0,0.0,0.0,1063.0,468.0,899.0,350.0
2.0,7216.0,1697.0,1528.0,1192.0,0.0,0.0,1065.0,463.0,1418.0,279.0
2.0,6711.0,2040.0,1540.0,0.0,1489.0,1489.0,1082.0,458.0,1630.0,410.0
2.0,4671.0,1933.0,1557.0,0.0,3490.0,3490.0,1098.0,459.0,1325.0,608.0
2.0,2738.0,1452.0,1562.0,1489.0,3473.0,3473.0,1097.0,465.0,779.0,673.0
2.0,2775.0,1112.0,1551.0,3490.0,1051.0,1051.0,1080.0,471.0,568.0,544.0
2.0,5153.0,1220.0,1536.0,3473.0,0.0,0.0,1066.0,470.0,881.0,339.0
2.0,7406.0,1692.0,1532.0,1051.0,0.0,0.0,1068.0,464.0,1422.0,270.0
2.0,6765.0,2054.0,1545.0,0.0,1469.0,1469.0,1086.0,459.0,1649.0,405.0
2.0,4711.0,1931.0,1561.0,0.0,3464.0,3464.0,1101.0,460.0,1320.0,611.0
2.0,2780.0,1441.0,1567.0,1469.0,3460.0,3460.0,1100.0,467.0,766.0,675.0
2.0,2808.0,1077.0,1557.0,3464.0,1033.0,1033.0,1084.0,473.0,539.0,538.0
2.0,5195.0,1177.0,1541.0,3460.0,0.0,0.0,1069.0,472.0,849.0,328.0
2.0,7478.0,1659.0,1537.0,1033.0,0.0,0.0,1071.0,466.0,1390.0,269.0
2.0,6852.0,2048.0,1548.0,0.0,1388.0,1388.0,1088.0,460.0,1638.0,410.0
2.0,4804.0,1954.0,1566.0,0.0,3414.0,3414.0,1104.0,462.0,1338.0,616.0
2.0,2850.0,1474.0,1572.0,1388.0,3524.0,3524.0,1103.0,469.0,792.0,682.0
2.0,2764.0,1078.0,1562.0,3414.0,1148.0,1148.0,1087.0,475.0,538.0,540.0
2.0,5100.0,1132.0,1547.0,3524.0,0.0,0.0,1073.0,474.0,812.0,320.0
2.0,7492.0,1611.0,1541.0,1148.0,0.0,0.0,1074.0,467.0,1367.0,244.0
2.0,7029.0,2028.0,1553.0,0.0,1211.0,1211.0,1091.0,462.0,1634.0,394.0
2.0,5001.0,1974.0,1570.0,0.0,3253.0,3253.0,1107.0,463.0,1358.0,616.0
2.0,3027.0,1481.0,1577.0,1211.0,3551.0,3551.0,1106.0,471.0,804.0,677.0
2.0,2757.0,1058.0,1567.0,3253.0,1316.0,1316.0,1091.0,476.0,534.0,524.0
2.0,4952.0,1127.0,1551.0,3551.0,0.0,0.0,1076.0,475.0,815.0,312.0
2.0,7376.0,1620.0,1545.0,1316.0,0.0,0.0,1077.0,468.0,1373.0,247.0
2.0,7072.0,2036.0,1556.0,0.0,1188.0,1188.0,1094.0,462.0,1643.0,393.0
2.0,5036.0,1966.0,1573.0,0.0,3222.0,3222.0,1109.0,464.0,1357.0,609.0
2.0,3070.0,1479.0,1580.0,1188.0,3541.0,3541.0,1109.0,471.0,802.0,677.0
2.0,2779.0,1078.0,1570.0,3222.0,1357.0,1357.0,1093.0,477.0,550.0,528.0
2.0,4923.0,1175.0,1555.0,3541.0,0.0,0.0,1080.0,475.0,861.0,314.0
2.0,7289.0,1668.0,1550.0,1357.0,0.0,0.0,1082.0,468.0,1422.0,246.0
2.0,6978.0,2036.0,1561.0,0.0,1302.0,1302.0,1098.0,463.0,1648.0,388.0
2.0,4942.0,1918.0,1576.0,0.0,3280.0,3280.0,1112.0,464.0,1318.0,600.0
2.0,3024.0,1449.0,1582.0,1302.0,3451.0,3451.0,1111.0,471.0,770.0,679.0
2.0,2877.0,1107.0,1572.0,3280.0,1238.0,1238.0,1095.0,477.0,555.0,552.0
2.0,5050.0,1223.0,1557.0,3451.0,0.0,0.0,1081.0,476.0,883.0,340.0
2.0,7278.0,1696.0,1552.0,1238.0,0.0,0.0,1083.0,469.0,1448.0,248.0
2.0,6820.0,2054.0,1563.0,0.0,1486.0,1486.0,1100.0,463.0,1676.0,378.0
2.0,4766.0,1939.0,1579.0,0.0,3489.0,3489.0,1115.0,464.0,1337.0,602.0
2.0,2827.0,1481.0,1584.0,1486.0,3504.0,3504.0,1113.0,471.0,789.0,692.0
2.0,2832.0,1135.0,1574.0,3489.0,1110.0,1110.0,1097.0,477.0,570.0,565.0
2.0,5186.0,1240.0,1559.0,3504.0,0.0,0.0,1083.0,476.0,887.0,353.0
2.0,7450.0,1709.0,1554.0,1110.0,0.0,0.0,1085.0,469.0,1447.0,262.0
2.0,6851.0,2070.0,1565.0,0.0,1479.0,1479.0,1102.0,463.0,1690.0,380.0
2.0,4781.0,1948.0,1580.0,0.0,3487.0,3487.0,1116.0,464.0,1359.0,589.0
2.0,2833.0,1474.0,1585.0,1479.0,3502.0,3502.0,1114.0,471.0,786.0,688.0
2.0,2838.0,1138.0,1575.0,3487.0,1113.0,1113.0,1098.0,477.0,554.0,584.0
2.0,5187.0,1254.0,1559.0,3502.0,0.0,0.0,1083.0,476.0,880.0,374.0
2.0,7435.0,1742.0,1557.0,1113.0,0.0,0.0,1087.0,470.0,1470.0,272.0
2.0,6806.0,2120.0,1569.0,0.0,1590.0,1590.0,1105.0,464.0,1736.0,384.0
2.0,4686.0,1984.0,1585.0,0.0,3638.0,3638.0,1120.0,465.0,1385.0,599.0
2.0,2702.0,1463.0,1590.0,1590.0,3531.0,3531.0,1118.0,472.0,762.0,701.0
2.0,2829.0,1078.0,1578.0,3638.0,923.0,923.0,1100.0,478.0,489.0,589.0
2.0,5389.0,1234.0,1562.0,3531.0,0.0,0.0,1085.0,477.0,861.0,373.0
2.0,7686.0,1786.0,1560.0,923.0,0.0,0.0,1089.0,471.0,1504.0,282.0
2.0,6823.0,2174.0,1573.0,0.0,1643.0,1643.0,1108.0,465.0,1782.0,392.0
2.0,4649.0,1993.0,1590.0,0.0,3704.0,3704.0,1124.0,466.0,1396.0,597.0
2.0,2656.0,1440.0,1594.0,1643.0,3517.0,3517.0,1121.0,473.0,743.0,697.0
2.0,2859.0,1042.0,1582.0,3704.0,807.0,807.0,1103.0,479.0,461.0,581.0
2.0,5521.0,1196.0,1565.0,3517.0,0.0,0.0,1087.0,478.0,828.0,368.0
2.0,7842.0,1752.0,1562.0,807.0,0.0,0.0,1090.0,472.0,1477.0,275.0
2.0,6897.0,2140.0,1575.0,0.0,1543.0,1543.0,1109.0,466.0,1753.0,387.0
2.0,4757.0,1989.0,1593.0,0.0,3604.0,3604.0,1125.0,468.0,1396.0,593.0
2.0,2768.0,1451.0,1598.0,1543.0,3532.0,3532.0,1124.0,474.0,761.0,690.0
2.0,2860.0,1073.0,1586.0,3604.0,953.0,953.0,1106.0,480.0,495.0,578.0
2.0,5391.0,1223.0,1571.0,3532.0,0.0,0.0,1091.0,480.0,853.0,370.0
2.0,7700.0,1752.0,1567.0,953.0,0.0,0.0,1094.0,473.0,1472.0,280.0
2.0,6901.0,2112.0,1579.0,0.0,1527.0,1527.0,1112.0,467.0,1728.0,384.0
2.0,4789.0,1955.0,1596.0,0.0,3550.0,3550.0,1128.0,468.0,1368.0,587.0
2.0,2834.0,1429.0,1602.0,1527.0,3476.0,3476.0,1127.0,475.0,743.0,686.0
2.0,2932.0,1054.0,1591.0,3550.0,936.0,936.0,1109.0,482.0,480.0,574.0
2.0,5428.0,1211.0,1575.0,3476.0,0.0,0.0,1094.0,481.0,842.0,369.0
2.0,7693.0,1757.0,1572.0,936.0,0.0,0.0,1097.0,475.0,1484.0,273.0
2.0,6872.0,2147.0,1584.0,0.0,1611.0,1611.0,1115.0,469.0,1761.0,386.0
2.0,4725.0,1976.0,1602.0,0.0,3659.0,3659.0,1132.0,470.0,1389.0,587.0
2.0,2749.0,1446.0,1608.0,1611.0,3518.0,3518.0,1130.0,478.0,756.0,690.0
2.0,2914.0,1072.0,1597.0,3659.0,887.0,887.0,1113.0,484.0,487.0,585.0
2.0,5501.0,1220.0,1582.0,3518.0,0.0,0.0,1098.0,484.0,844.0,376.0
2.0,7799.0,1735.0,1577.0,887.0,0.0,0.0,1100.0,477.0,1462.0,273.0
2.0,6951.0,2112.0,1590.0,0.0,1521.0,1521.0,1118.0,472.0,1732.0,380.0
2.0,4839.0,1980.0,1607.0,0.0,3569.0,3569.0,1134.0,473.0,1392.0,588.0
2.0,2859.0,1484.0,1613.0,1521.0,3556.0,3556.0,1133.0,480.0,796.0,688.0
2.0,2896.0,1116.0,1602.0,3569.0,1059.0,1059.0,1116.0,486.0,535.0,581.0
2.0,5349.0,1234.0,1587.0,3556.0,0.0,0.0,1101.0,486.0,859.0,375.0
2.0,7671.0,1741.0,1583.0,1059.0,0.0,0.0,1103.0,480.0,1459.0,282.0
2.0,6989.0,2125.0,1596.0,0.0,1520.0,1520.0,1122.0,474.0,1735.0,390.0
2.0,4864.0,1986.0,1613.0,0.0,3574.0,3574.0,1138.0,475.0,1399.0,587.0
2.0,2878.0,1474.0,1618.0,1520.0,3548.0,3548.0,1136.0,482.0,790.0,684.0
2.0,2924.0,1107.0,1607.0,3574.0,1037.0,1037.0,1119.0,488.0,524.0,583.0
2.0,5391.0,1243.0,1591.0,3548.0,0.0,0.0,1103.0,488.0,863.0,380.0
2.0,7696.0,1767.0,1588.0,1037.0,0.0,0.0,1106.0,482.0,1485.0,282.0
2.0,6966.0,2156.0,1601.0,0.0,1594.0,1594.0,1125.0,476.0,1767.0,389.0
2.0,4810.0,2012.0,1618.0,0.0,3674.0,3674.0,1141.0,477.0,1414.0,598.0
2.0,2798.0,1488.0,1623.0,1594.0,3588.0,3588.0,1139.0,484.0,786.0,702.0
2.0,2904.0,1097.0,1611.0,3674.0,963.0,963.0,1121.0,490.0,501.0,596.0
2.0,5481.0,1230.0,1594.0,3588.0,0.0,0.0,1104.0,490.0,843.0,387.0
2.0,7839.0,1773.0,1591.0,963.0,0.0,0.0,1107.0,484.0,1492.0,281.0
2.0,7029.0,2172.0,1604.0,0.0,1559.0,1559.0,1126.0,478.0,1795.0,377.0
2.0,4857.0,2011.0,1621.0,0.0,3638.0,3638.0,1143.0,478.0,1428.0,583.0
2.0,2846.0,1478.0,1625.0,1559.0,3573.0,3573.0,1141.0,484.0,786.0,692.0
2.0,2927.0,1094.0,1613.0,3638.0,981.0,981.0,1122.0,491.0,487.0,607.0
2.0,5471.0,1260.0,1597.0,3573.0,0.0,0.0,1106.0,491.0,858.0,402.0
2.0,7784.0,1783.0,1593.0,981.0,0.0,0.0,1108.0,485.0,1509.0,274.0
2.0,6982.0,2179.0,1606.0,0.0,1621.0,1621.0,1128.0,478.0,1808.0,371.0
2.0,4803.0,2034.0,1625.0,0.0,3731.0,3731.0,1146.0,479.0,1440.0,594.0
2.0,2769.0,1484.0,1630.0,1621.0,3614.0,3614.0,1145.0,485.0,767.0,717.0
2.0,2906.0,1095.0,1617.0,3731.0,926.0,926.0,1125.0,492.0,476.0,619.0
2.0,5542.0,1251.0,1599.0,3614.0,0.0,0.0,1107.0,492.0,857.0,394.0
2.0,7905.0,1793.0,1595.0,926.0,0.0,0.0,1110.0,485.0,1530.0,263.0
2.0,7038.0,2164.0,1609.0,0.0,1562.0,1562.0,1130.0,479.0,1808.0,356.0
2.0,4874.0,2015.0,1628.0,0.0,3653.0,3653.0,1149.0,479.0,1427.0,588.0
2.0,2859.0,1488.0,1633.0,1562.0,3599.0,3599.0,1147.0,486.0,766.0,722.0
2.0,2933.0,1100.0,1620.0,3653.0,994.0,994.0,1128.0,492.0,479.0,621.0
2.0,5486.0,1252.0,1603.0,3599.0,0.0,0.0,1111.0,492.0,861.0,391.0
2.0,7833.0,1780.0,1600.0,994.0,0.0,0.0,1114.0,486.0,1524.0,256.0
2.0,7047.0,2147.0,1613.0,0.0,1552.0,1552.0,1134.0,479.0,1800.0,347.0
2.0,4900.0,2002.0,1630.0,0.0,3622.0,3622.0,1151.0,479.0,1427.0,575.0
2.0,2898.0,1489.0,1636.0,1552.0,3583.0,3583.0,1150.0,486.0,779.0,710.0
2.0,2961.0,1137.0,1624.0,3622.0,1050.0,1050.0,1131.0,493.0,508.0,629.0
2.0,5446.0,1285.0,1608.0,3583.0,0.0,0.0,1115.0,493.0,879.0,406.0
2.0,7744.0,1780.0,1605.0,1050.0,0.0,0.0,1118.0,487.0,1509.0,271.0
2.0,7014.0,2126.0,1618.0,0.0,1584.0,1584.0,1138.0,480.0,1773.0,353.0
2.0,4888.0,1986.0,1636.0,0.0,3642.0,3642.0,1156.0,480.0,1416.0,570.0
2.0,2902.0,1480.0,1641.0,1584.0,3558.0,3558.0,1154.0,487.0,779.0,701.0
2.0,3006.0,1129.0,1629.0,3642.0,997.0,997.0,1136.0,493.0,516.0,613.0
2.0,5519.0,1278.0,1613.0,3558.0,0.0,0.0,1119.0,494.0,881.0,397.0
2.0,7799.0,1777.0,1608.0,997.0,0.0,0.0,1121.0,487.0,1510.0,267.0
2.0,7019.0,2140.0,1622.0,0.0,1609.0,1609.0,1141.0,481.0,1780.0,360.0
2.0,4879.0,1987.0,1640.0,0.0,3668.0,3668.0,1159.0,481.0,1408.0,579.0
2.0,2892.0,1487.0,1644.0,1609.0,3562.0,3562.0,1157.0,487.0,778.0,709.0
2.0,3014.0,1122.0,1633.0,3668.0,972.0,972.0,1139.0,494.0,508.0,614.0
2.0,5560.0,1273.0,1617.0,3562.0,0.0,0.0,1123.0,494.0,874.0,399.0
2.0,7849.0,1799.0,1613.0,972.0,0.0,0.0,1125.0,488.0,1527.0,272.0
2.0,7022.0,2171.0,1627.0,0.0,1657.0,1657.0,1145.0,482.0,1815.0,356.0
2.0,4851.0,2002.0,1644.0,0.0,3727.0,3727.0,1162.0,482.0,1426.0,576.0
2.0,2849.0,1473.0,1648.0,1657.0,3559.0,3559.0,1160.0,488.0,758.0,715.0
2.0,3033.0,1117.0,1636.0,3727.0,901.0,901.0,1141.0,495.0,491.0,626.0
2.0,5643.0,1281.0,1620.0,3559.0,0.0,0.0,1125.0,495.0,882.0,399.0
2.0,7921.0,1798.0,1616.0,901.0,0.0,0.0,1127.0,489.0,1534.0,264.0
2.0,7024.0,2150.0,1630.0,0.0,1646.0,1646.0,1147.0,483.0,1791.0,359.0
2.0,4874.0,2009.0,1647.0,0.0,3723.0,3723.0,1164.0,483.0,1413.0,596.0
2.0,2865.0,1521.0,1652.0,1646.0,3618.0,3618.0,1162.0,490.0,777.0,744.0
2.0,2990.0,1175.0,1641.0,3723.0,1026.0,1026.0,1144.0,497.0,526.0,649.0
2.0,5538.0,1299.0,1624.0,3618.0,0.0,0.0,1127.0,497.0,900.0,399.0
2.0,7857.0,1781.0,1619.0,1026.0,0.0,0.0,1129.0,490.0,1529.0,252.0
2.0,7102.0,2137.0,1632.0,0.0,1563.0,1563.0,1148.0,484.0,1783.0,354.0
2.0,4965.0,2006.0,1650.0,0.0,3641.0,3641.0,1166.0,484.0,1409.0,597.0
2.0,2959.0,1531.0,1656.0,1563.0,3633.0,3633.0,1165.0,491.0,785.0,746.0
2.0,2991.0,1192.0,1645.0,3641.0,1140.0,1140.0,1147.0,498.0,542.0,650.0
2.0,5440.0,1346.0,1628.0,3633.0,0.0,0.0,1130.0,498.0,928.0,418.0
2.0,7727.0,1820.0,1625.0,1140.0,0.0,0.0,1132.0,493.0,1543.0,277.0
2.0,7047.0,2139.0,1637.0,0.0,1640.0,1640.0,1151.0,486.0,1766.0,373.0
2.0,4908.0,1998.0,1655.0,0.0,3710.0,3710.0,1168.0,487.0,1389.0,609.0
2.0,2910.0,1549.0,1660.0,1640.0,3639.0,3639.0,1167.0,493.0,793.0,756.0
2.0,3001.0,1228.0,1650.0,3710.0,1117.0,1117.0,1149.0,501.0,573.0,655.0
2.0,5483.0,1377.0,1634.0,3639.0,0.0,0.0,1133.0,501.0,972.0,405.0
2.0,7745.0,1842.0,1631.0,1117.0,0.0,0.0,1136.0,495.0,1585.0,257.0
2.0,7020.0,2141.0,1643.0,0.0,1693.0,1693.0,1155.0,488.0,1777.0,364.0
2.0,4879.0,1974.0,1660.0,0.0,3735.0,3735.0,1172.0,488.0,1364.0,610.0
2.0,2905.0,1515.0,1665.0,1693.0,3577.0,3577.0,1170.0,495.0,760.0,755.0
2.0,3083.0,1250.0,1654.0,3735.0,1048.0,1048.0,1152.0,502.0,596.0,654.0
2.0,5568.0,1415.0,1640.0,3577.0,0.0,0.0,1137.0,503.0,1012.0,403.0
2.0,7730.0,1859.0,1637.0,1048.0,0.0,0.0,1140.0,497.0,1601.0,258.0
2.0,6919.0,2132.0,1650.0,0.0,1813.0,1813.0,1160.0,490.0,1765.0,367.0
2.0,4787.0,1941.0,1666.0,0.0,3818.0,3818.0,1176.0,490.0,1330.0,611.0
2.0,2846.0,1499.0,1671.0,1813.0,3524.0,3524.0,1174.0,497.0,748.0,751.0
2.0,3160.0,1241.0,1660.0,3818.0,903.0,903.0,1156.0,504.0,601.0,640.0
2.0,5737.0,1436.0,1646.0,3524.0,0.0,0.0,1141.0,505.0,1035.0,401.0
2.0,7825.0,1880.0,1644.0,903.0,0.0,0.0,1145.0,499.0,1617.0,263.0
2.0,6848.0,2102.0,1656.0,0.0,1878.0,1878.0,1163.0,493.0,1739.0,363.0
2.0,4746.0,1906.0,1671.0,0.0,3844.0,3844.0,1179.0,492.0,1304.0,602.0
2.0,2840.0,1473.0,1674.0,1878.0,3451.0,3451.0,1176.0,498.0,733.0,740.0
2.0,3245.0,1249.0,1664.0,3844.0,816.0,816.0,1159.0,505.0,618.0,631.0
2.0,5840.0,1438.0,1651.0,3451.0,0.0,0.0,1145.0,506.0,1050.0,388.0
2.0,7853.0,1852.0,1648.0,816.0,0.0,0.0,1148.0,500.0,1599.0,253.0
2.0,6817.0,2087.0,1661.0,0.0,1914.0,1914.0,1167.0,494.0,1719.0,368.0
2.0,4730.0,1888.0,1674.0,0.0,3854.0,3854.0,1181.0,493.0,1282.0,606.0
2.0,2842.0,1452.0,1678.0,1914.0,3408.0,3408.0,1178.0,500.0,716.0,736.0
2.0,3304.0,1227.0,1668.0,3854.0,741.0,741.0,1161.0,507.0,603.0,624.0
2.0,5931.0,1418.0,1653.0,3408.0,0.0,0.0,1146.0,507.0,1040.0,378.0
2.0,7921.0,1846.0,1651.0,741.0,0.0,0.0,1150.0,501.0,1604.0,242.0
2.0,6816.0,2078.0,1662.0,0.0,1910.0,1910.0,1168.0,494.0,1721.0,357.0
2.0,4738.0,1895.0,1677.0,0.0,3865.0,3865.0,1183.0,494.0,1284.0,611.0
2.0,2843.0,1475.0,1680.0,1910.0,3442.0,3442.0,1180.0,500.0,729.0,746.0
2.0,3278.0,1253.0,1670.0,3865.0,790.0,790.0,1163.0,507.0,618.0,635.0
2.0,5890.0,1442.0,1656.0,3442.0,0.0,0.0,1148.0,508.0,1060.0,382.0
2.0,7890.0,1859.0,1654.0,790.0,0.0,0.0,1152.0,502.0,1619.0,240.0
2.0,6821.0,2055.0,1664.0,0.0,1890.0,1890.0,1170.0,494.0,1711.0,344.0
2.0,4766.0,1867.0,1679.0,0.0,3817.0,3817.0,1185.0,494.0,1264.0,603.0
2.0,2899.0,1482.0,1683.0,1890.0,3425.0,3425.0,1182.0,501.0,722.0,760.0
2.0,3307.0,1303.0,1673.0,3817.0,871.0,871.0,1165.0,508.0,644.0,659.0
2.0,5821.0,1489.0,1661.0,3425.0,0.0,0.0,1152.0,509.0,1094.0,395.0
2.0,7757.0,1866.0,1658.0,871.0,0.0,0.0,1156.0,502.0,1624.0,242.0
2.0,6762.0,2058.0,1669.0,0.0,1972.0,1972.0,1174.0,495.0,1704.0,354.0
2.0,4704.0,1867.0,1682.0,0.0,3891.0,3891.0,1188.0,494.0,1251.0,616.0
2.0,2837.0,1480.0,1685.0,1972.0,3411.0,3411.0,1184.0,501.0,723.0,757.0
2.0,3329.0,1304.0,1676.0,3891.0,788.0,788.0,1167.0,509.0,660.0,644.0
2.0,5916.0,1492.0,1663.0,3411.0,0.0,0.0,1154.0,509.0,1104.0,388.0
2.0,7835.0,1898.0,1662.0,788.0,0.0,0.0,1159.0,503.0,1642.0,256.0
2.0,6725.0,2083.0,1673.0,0.0,2050.0,2050.0,1177.0,496.0,1710.0,373.0
2.0,4642.0,1897.0,1686.0,0.0,3999.0,3999.0,1191.0,495.0,1269.0,628.0
2.0,2745.0,1521.0,1689.0,2050.0,3482.0,3482.0,1187.0,502.0,748.0,773.0
2.0,3274.0,1342.0,1680.0,3999.0,789.0,789.0,1171.0,509.0,686.0,656.0
2.0,5931.0,1512.0,1668.0,3482.0,0.0,0.0,1158.0,510.0,1112.0,400.0
2.0,7901.0,1889.0,1666.0,789.0,0.0,0.0,1163.0,503.0,1634.0,255.0
2.0,6801.0,2091.0,1676.0,0.0,1994.0,1994.0,1181.0,495.0,1725.0,366.0
2.0,4710.0,1927.0,1690.0,0.0,3977.0,3977.0,1195.0,495.0,1296.0,631.0
2.0,2783.0,1556.0,1693.0,1994.0,3551.0,3551.0,1191.0,502.0,769.0,787.0
2.0,3221.0,1356.0,1683.0,3977.0,890.0,890.0,1173.0,510.0,682.0,674.0
2.0,5842.0,1514.0,1672.0,3551.0,0.0,0.0,1161.0,511.0,1117.0,397.0
2.0,7879.0,1873.0,1670.0,890.0,0.0,0.0,1166.0,504.0,1635.0,238.0
2.0,6896.0,2090.0,1681.0,0.0,1918.0,1918.0,1185.0,496.0,1727.0,363.0
2.0,4806.0,1936.0,1694.0,0.0,3906.0,3906.0,1198.0,496.0,1292.0,644.0
2.0,2870.0,1564.0,1697.0,1918.0,3564.0,3564.0,1193.0,504.0,767.0,797.0
2.0,3224.0,1342.0,1687.0,3906.0,960.0,960.0,1175.0,512.0,671.0,671.0
2.0,5788.0,1528.0,1675.0,3564.0,0.0,0.0,1163.0,512.0,1126.0,402.0
2.0,7824.0,1910.0,1674.0,960.0,0.0,0.0,1169.0,505.0,1663.0,247.0
2.0,6874.0,2113.0,1687.0,0.0,1987.0,1987.0,1189.0,498.0,1754.0,359.0
2.0,4761.0,1919.0,1699.0,0.0,3954.0,3954.0,1202.0,497.0,1295.0,624.0
2.0,2842.0,1525.0,1701.0,1987.0,3500.0,3500.0,1196.0,505.0,736.0,789.0
2.0,3304.0,1322.0,1691.0,3954.0,828.0,828.0,1178.0,513.0,641.0,681.0
2.0,5936.0,1505.0,1679.0,3500.0,0.0,0.0,1165.0,514.0,1095.0,410.0
2.0,7931.0,1890.0,1679.0,828.0,0.0,0.0,1172.0,507.0,1643.0,247.0
2.0,6869.0,2085.0,1690.0,0.0,1976.0,1976.0,1191.0,499.0,1744.0,341.0
2.0,4784.0,1867.0,1703.0,0.0,3895.0,3895.0,1204.0,499.0,1265.0,602.0
2.0,2917.0,1500.0,1704.0,1976.0,3423.0,3423.0,1198.0,506.0,731.0,769.0
2.0,3393.0,1331.0,1693.0,3895.0,815.0,815.0,1179.0,514.0,656.0,675.0
2.0,5957.0,1540.0,1683.0,3423.0,0.0,0.0,1168.0,515.0,1120.0,420.0
2.0,7840.0,1896.0,1684.0,815.0,0.0,0.0,1175.0,509.0,1641.0,255.0
2.0,6759.0,2054.0,1695.0,0.0,2075.0,2075.0,1194.0,501.0,1706.0,348.0
2.0,4705.0,1834.0,1707.0,0.0,3957.0,3957.0,1206.0,501.0,1233.0,601.0
2.0,2871.0,1484.0,1708.0,2075.0,3370.0,3370.0,1200.0,508.0,717.0,767.0
2.0,3462.0,1345.0,1699.0,3957.0,722.0,722.0,1182.0,517.0,665.0,680.0
2.0,6074.0,1569.0,1689.0,3370.0,0.0,0.0,1171.0,518.0,1146.0,423.0
2.0,7875.0,1912.0,1689.0,722.0,71.0,71.0,1178.0,511.0,1664.0,248.0
2.0,6685.0,2053.0,1700.0,0.0,2168.0,2168.0,1197.0,503.0,1712.0,341.0
2.0,4632.0,1840.0,1712.0,71.0,3985.0,3985.0,1209.0,503.0,1229.0,611.0
2.0,2863.0,1494.0,1712.0,2168.0,3311.0,3311.0,1202.0,510.0,716.0,778.0
2.0,3537.0,1334.0,1702.0,3985.0,620.0,620.0,1183.0,519.0,658.0,676.0
2.0,6188.0,1551.0,1692.0,3311.0,0.0,0.0,1172.0,520.0,1142.0,409.0
2.0,7948.0,1914.0,1693.0,620.0,118.0,118.0,1180.0,513.0,1669.0,245.0
2.0,6654.0,2064.0,1705.0,0.0,2230.0,2230.0,1200.0,505.0,1721.0,343.0
2.0,4590.0,1850.0,1715.0,118.0,4002.0,4002.0,1211.0,504.0,1239.0,611.0
2.0,2858.0,1507.0,1716.0,2230.0,3283.0,3283.0,1204.0,512.0,716.0,791.0
2.0,3581.0,1354.0,1705.0,4002.0,591.0,591.0,1185.0,520.0,665.0,689.0
2.0,6229.0,1556.0,1695.0,3283.0,0.0,0.0,1174.0,521.0,1142.0,414.0
2.0,7956.0,1936.0,1697.0,591.0,177.0,177.0,1183.0,514.0,1692.0,244.0
2.0,6611.0,2105.0,1709.0,0.0,2330.0,2330.0,1203.0,506.0,1756.0,349.0
2.0,4506.0,1898.0,1721.0,177.0,4099.0,4099.0,1215.0,506.0,1272.0,626.0
2.0,2785.0,1517.0,1721.0,2330.0,3286.0,3286.0,1207.0,514.0,724.0,793.0
2.0,3598.0,1334.0,1710.0,4099.0,477.0,477.0,1188.0,522.0,645.0,689.0
2.0,6363.0,1563.0,1700.0,3286.0,0.0,0.0,1177.0,523.0,1140.0,423.0
2.0,8086.0,1973.0,1702.0,477.0,218.0,218.0,1186.0,516.0,1722.0,251.0
2.0,6590.0,2165.0,1714.0,0.0,2431.0,2431.0,1206.0,508.0,1812.0,353.0
2.0,4425.0,1936.0,1725.0,218.0,4193.0,4193.0,1218.0,507.0,1311.0,625.0
2.0,2707.0,1523.0,1726.0,2431.0,3289.0,3289.0,1211.0,515.0,732.0,791.0
2.0,3615.0,1338.0,1715.0,4193.0,390.0,390.0,1192.0,523.0,648.0,690.0
2.0,6470.0,1565.0,1705.0,3289.0,0.0,0.0,1181.0,524.0,1143.0,422.0
2.0,8194.0,1989.0,1706.0,390.0,229.0,229.0,1189.0,517.0,1733.0,256.0
2.0,6595.0,2170.0,1717.0,0.0,2443.0,2443.0,1209.0,508.0,1820.0,350.0
2.0,4425.0,1935.0,1729.0,229.0,4197.0,4197.0,1222.0,507.0,1324.0,611.0
2.0,2719.0,1532.0,1730.0,2443.0,3290.0,3290.0,1215.0,515.0,754.0,778.0
2.0,3630.0,1356.0,1719.0,4197.0,405.0,405.0,1196.0,523.0,667.0,689.0
2.0,6471.0,1591.0,1710.0,3290.0,0.0,0.0,1185.0,525.0,1162.0,429.0
2.0,8170.0,2000.0,1711.0,405.0,269.0,269.0,1194.0,517.0,1743.0,257.0
2.0,6575.0,2158.0,1723.0,0.0,2475.0,2475.0,1214.0,509.0,1806.0,352.0
2.0,4417.0,1931.0,1734.0,269.0,4181.0,4181.0,1226.0,508.0,1310.0,621.0
2.0,2755.0,1530.0,1734.0,2475.0,3236.0,3236.0,1219.0,515.0,741.0,789.0
2.0,3700.0,1353.0,1723.0,4181.0,364.0,364.0,1200.0,523.0,667.0,686.0
2.0,6528.0,1562.0,1712.0,3236.0,0.0,0.0,1188.0,524.0,1150.0,412.0
2.0,8202.0,1963.0,1713.0,364.0,249.0,249.0,1196.0,517.0,1717.0,246.0
2.0,6603.0,2162.0,1726.0,0.0,2463.0,2463.0,1217.0,509.0,1809.0,353.0
2.0,4441.0,1931.0,1738.0,249.0,4193.0,4193.0,1230.0,508.0,1311.0,620.0
2.0,2759.0,1515.0,1738.0,2463.0,3245.0,3245.0,1223.0,515.0,734.0,781.0
2.0,3707.0,1329.0,1727.0,4193.0,337.0,337.0,1204.0,523.0,654.0,675.0
2.0,6571.0,1549.0,1717.0,3245.0,0.0,0.0,1192.0,525.0,1131.0,418.0
2.0,8267.0,1959.0,1718.0,337.0,227.0,227.0,1200.0,518.0,1703.0,256.0
2.0,6645.0,2138.0,1731.0,0.0,2417.0,2417.0,1221.0,510.0,1789.0,349.0
2.0,4507.0,1912.0,1742.0,227.0,4146.0,4146.0,1233.0,509.0,1299.0,613.0
2.0,2822.0,1495.0,1741.0,2417.0,3220.0,3220.0,1225.0,516.0,715.0,780.0
2.0,3744.0,1309.0,1730.0,4146.0,339.0,339.0,1206.0,524.0,633.0,676.0
2.0,6581.0,1531.0,1720.0,3220.0,0.0,0.0,1195.0,525.0,1116.0,415.0
2.0,8270.0,1933.0,1721.0,339.0,208.0,208.0,1203.0,518.0,1677.0,256.0
2.0,6676.0,2124.0,1733.0,0.0,2380.0,2380.0,1223.0,510.0,1773.0,351.0
2.0,4552.0,1907.0,1745.0,208.0,4127.0,4127.0,1236.0,509.0,1293.0,614.0
2.0,2853.0,1500.0,1743.0,2380.0,3239.0,3239.0,1227.0,516.0,719.0,781.0
2.0,3733.0,1318.0,1731.0,4127.0,382.0,382.0,1207.0,524.0,632.0,686.0
2.0,6542.0,1540.0,1722.0,3239.0,0.0,0.0,1196.0,526.0,1115.0,425.0
2.0,8241.0,1952.0,1724.0,382.0,225.0,225.0,1205.0,519.0,1694.0,258.0
2.0,6671.0,2140.0,1737.0,0.0,2417.0,2417.0,1226.0,511.0,1788.0,352.0
2.0,4531.0,1908.0,1748.0,225.0,4144.0,4144.0,1238.0,510.0,1294.0,614.0
2.0,2848.0,1485.0,1746.0,2417.0,3204.0,3204.0,1229.0,517.0,701.0,784.0
2.0,3780.0,1302.0,1735.0,4144.0,318.0,318.0,1209.0,526.0,601.0,701.0
2.0,6622.0,1561.0,1725.0,3204.0,0.0,0.0,1197.0,528.0,1119.0,442.0
2.0,8265.0,2000.0,1728.0,318.0,329.0,329.0,1207.0,521.0,1728.0,272.0
2.0,6583.0,2199.0,1741.0,0.0,2580.0,2580.0,1228.0,513.0,1834.0,365.0
2.0,4384.0,1943.0,1753.0,329.0,4242.0,4242.0,1241.0,512.0,1324.0,619.0
2.0,2770.0,1493.0,1751.0,2580.0,3147.0,3147.0,1232.0,519.0,713.0,780.0
2.0,3857.0,1290.0,1738.0,4242.0,143.0,143.0,1211.0,527.0,593.0,697.0
2.0,6809.0,1544.0,1728.0,3147.0,0.0,0.0,1199.0,529.0,1101.0,443.0
2.0,8412.0,2019.0,1730.0,143.0,384.0,384.0,1208.0,522.0,1742.0,277.0
2.0,6536.0,2255.0,1744.0,0.0,2695.0,2695.0,1230.0,514.0,1886.0,369.0
2.0,4281.0,2027.0,1758.0,384.0,4394.0,4394.0,1245.0,513.0,1395.0,632.0
2.0,2638.0,1565.0,1757.0,2695.0,3260.0,3260.0,1237.0,520.0,762.0,803.0
2.0,3768.0,1326.0,1745.0,4394.0,144.0,144.0,1216.0,529.0,610.0,716.0
2.0,6836.0,1546.0,1733.0,3260.0,0.0,0.0,1202.0,531.0,1094.0,452.0
2.0,8550.0,2001.0,1735.0,144.0,247.0,247.0,1210.0,525.0,1730.0,271.0
2.0,6693.0,2249.0,1749.0,0.0,2552.0,2552.0,1233.0,516.0,1899.0,350.0
2.0,4444.0,2046.0,1763.0,247.0,4407.0,4407.0,1248.0,515.0,1426.0,620.0
2.0,2645.0,1587.0,1763.0,2552.0,3442.0,3442.0,1241.0,522.0,784.0,803.0
2.0,3610.0,1345.0,1750.0,4407.0,328.0,328.0,1219.0,531.0,623.0,722.0
2.0,6672.0,1542.0,1738.0,3442.0,0.0,0.0,1205.0,533.0,1086.0,456.0
2.0,8572.0,2000.0,1739.0,328.0,56.0,56.0,1213.0,526.0,1729.0,271.0
2.0,6900.0,2249.0,1753.0,0.0,2361.0,2361.0,1235.0,518.0,1896.0,353.0
2.0,4651.0,2058.0,1767.0,56.0,4419.0,4419.0,1250.0,517.0,1436.0,622.0
2.0,2649.0,1606.0,1767.0,2361.0,3664.0,3664.0,1243.0,524.0,793.0,813.0
2.0,3404.0,1340.0,1754.0,4419.0,533.0,533.0,1221.0,533.0,613.0,727.0
2.0,6483.0,1534.0,1742.0,3664.0,0.0,0.0,1207.0,535.0,1076.0,458.0
2.0,8613.0,1990.0,1744.0,533.0,0.0,0.0,1215.0,529.0,1722.0,268.0
2.0,7156.0,2264.0,1757.0,0.0,2136.0,2136.0,1237.0,520.0,1916.0,348.0
2.0,4892.0,2072.0,1771.0,0.0,4264.0,4264.0,1252.0,519.0,1448.0,624.0
2.0,2820.0,1593.0,1772.0,2136.0,3725.0,3725.0,1245.0,527.0,788.0,805.0
2.0,3363.0,1311.0,1760.0,4264.0,724.0,724.0,1224.0,536.0,596.0,715.0
2.0,6316.0,1486.0,1746.0,3725.0,0.0,0.0,1209.0,537.0,1043.0,443.0
2.0,8555.0,1963.0,1747.0,724.0,0.0,0.0,1217.0,530.0,1705.0,258.0
2.0,7316.0,2262.0,1761.0,0.0,1990.0,1990.0,1239.0,522.0,1916.0,346.0
2.0,5054.0,2074.0,1776.0,0.0,4124.0,4124.0,1255.0,521.0,1450.0,624.0
2.0,2980.0,1585.0,1777.0,1990.0,3723.0,3723.0,1248.0,529.0,774.0,811.0
2.0,3385.0,1261.0,1763.0,4124.0,804.0,804.0,1226.0,537.0,547.0,714.0
2.0,6248.0,1425.0,1749.0,3723.0,0.0,0.0,1210.0,539.0,997.0,428.0
2.0,8546.0,1908.0,1750.0,804.0,0.0,0.0,1218.0,532.0,1669.0,239.0
2.0,7442.0,2253.0,1764.0,0.0,1867.0,1867.0,1241.0,523.0,1915.0,338.0
2.0,5189.0,2089.0,1779.0,0.0,4016.0,4016.0,1257.0,522.0,1467.0,622.0
2.0,3100.0,1576.0,1780.0,1867.0,3729.0,3729.0,1250.0,530.0,768.0,808.0
2.0,3391.0,1236.0,1766.0,4016.0,893.0,893.0,1228.0,538.0,527.0,709.0
2.0,6171.0,1394.0,1752.0,3729.0,0.0,0.0,1212.0,540.0,971.0,423.0
2.0,8506.0,1880.0,1752.0,893.0,0.0,0.0,1219.0,533.0,1644.0,236.0
2.0,7519.0,2225.0,1766.0,0.0,1770.0,1770.0,1242.0,524.0,1887.0,338.0
2.0,5294.0,2118.0,1781.0,0.0,3948.0,3948.0,1258.0,523.0,1480.0,638.0
2.0,3176.0,1661.0,1784.0,1770.0,3851.0,3851.0,1253.0,531.0,834.0,827.0
2.0,3285.0,1293.0,1771.0,3948.0,1144.0,1144.0,1231.0,540.0,579.0,714.0
2.0,5940.0,1394.0,1757.0,3851.0,0.0,0.0,1216.0,541.0,979.0,415.0
2.0,8397.0,1853.0,1755.0,1144.0,0.0,0.0,1222.0,533.0,1630.0,223.0
2.0,7688.0,2203.0,1769.0,0.0,1591.0,1591.0,1244.0,525.0,1868.0,335.0
2.0,5485.0,2117.0,1785.0,0.0,3772.0,3772.0,1261.0,524.0,1476.0,641.0
2.0,3368.0,1700.0,1787.0,1591.0,3889.0,3889.0,1256.0,531.0,863.0,837.0
2.0,3259.0,1350.0,1775.0,3772.0,1419.0,1419.0,1235.0,540.0,627.0,723.0
2.0,5681.0,1412.0,1760.0,3889.0,0.0,0.0,1219.0,541.0,999.0,413.0
2.0,8158.0,1851.0,1758.0,1419.0,0.0,0.0,1225.0,533.0,1629.0,222.0
2.0,7726.0,2213.0,1772.0,0.0,1575.0,1575.0,1247.0,525.0,1873.0,340.0
2.0,5513.0,2142.0,1788.0,0.0,3781.0,3781.0,1264.0,524.0,1486.0,656.0
2.0,3371.0,1726.0,1792.0,1575.0,3948.0,3948.0,1260.0,532.0,870.0,856.0
2.0,3220.0,1367.0,1780.0,3781.0,1486.0,1486.0,1239.0,541.0,632.0,735.0
2.0,5634.0,1455.0,1764.0,3948.0,0.0,0.0,1222.0,542.0,1035.0,420.0
2.0,8127.0,1905.0,1762.0,1486.0,0.0,0.0,1228.0,534.0,1679.0,226.0
2.0,7708.0,2246.0,1775.0,0.0,1638.0,1638.0,1250.0,525.0,1906.0,340.0
2.0,5462.0,2155.0,1791.0,0.0,3857.0,3857.0,1267.0,524.0,1498.0,657.0
2.0,3307.0,1745.0,1795.0,1638.0,3980.0,3980.0,1263.0,532.0,882.0,863.0
2.0,3200.0,1410.0,1783.0,3857.0,1485.0,1485.0,1242.0,541.0,665.0,745.0
2.0,5647.0,1502.0,1769.0,3980.0,0.0,0.0,1227.0,542.0,1077.0,425.0
2.0,8125.0,1927.0,1767.0,1485.0,0.0,0.0,1232.0,535.0,1702.0,225.0
2.0,7683.0,2257.0,1779.0,0.0,1690.0,1690.0,1253.0,526.0,1910.0,347.0
2.0,5426.0,2164.0,1795.0,0.0,3918.0,3918.0,1270.0,525.0,1501.0,663.0
2.0,3262.0,1748.0,1799.0,1690.0,3992.0,3992.0,1267.0,532.0,887.0,861.0
2.0,3204.0,1422.0,1788.0,3918.0,1452.0,1452.0,1246.0,542.0,674.0,748.0
2.0,5700.0,1506.0,1773.0,3992.0,0.0,0.0,1230.0,543.0,1069.0,437.0
2.0,8186.0,1920.0,1771.0,1452.0,0.0,0.0,1235.0,536.0,1676.0,244.0
2.0,7718.0,2245.0,1783.0,0.0,1659.0,1659.0,1256.0,527.0,1890.0,355.0
2.0,5473.0,2167.0,1799.0,0.0,3890.0,3890.0,1273.0,526.0,1507.0,660.0
2.0,3306.0,1747.0,1803.0,1659.0,3994.0,3994.0,1270.0,533.0,895.0,852.0
2.0,3218.0,1396.0,1792.0,3890.0,1456.0,1456.0,1249.0,543.0,652.0,744.0
2.0,5712.0,1480.0,1777.0,3994.0,0.0,0.0,1232.0,545.0,1033.0,447.0
2.0,8226.0,1905.0,1773.0,1456.0,0.0,0.0,1236.0,537.0,1653.0,252.0
2.0,7777.0,2248.0,1786.0,0.0,1615.0,1615.0,1257.0,529.0,1892.0,356.0
2.0,5529.0,2159.0,1802.0,0.0,3838.0,3838.0,1275.0,527.0,1511.0,648.0
2.0,3370.0,1729.0,1807.0,1615.0,3972.0,3972.0,1272.0,535.0,886.0,843.0
2.0,3256.0,1371.0,1795.0,3838.0,1457.0,1457.0,1251.0,544.0,635.0,736.0
2.0,5723.0,1455.0,1780.0,3972.0,0.0,0.0,1234.0,546.0,1016.0,439.0
2.0,8240.0,1896.0,1777.0,1457.0,0.0,0.0,1238.0,539.0,1649.0,247.0
2.0,7801.0,2252.0,1789.0,0.0,1607.0,1607.0,1259.0,530.0,1895.0,357.0
2.0,5549.0,2153.0,1807.0,0.0,3832.0,3832.0,1278.0,529.0,1497.0,656.0
2.0,3396.0,1696.0,1812.0,1607.0,3941.0,3941.0,1275.0,537.0,856.0,840.0
2.0,3307.0,1334.0,1800.0,3832.0,1395.0,1395.0,1254.0,546.0,602.0,732.0
2.0,5805.0,1421.0,1785.0,3941.0,0.0,0.0,1237.0,548.0,989.0,432.0
2.0,8325.0,1862.0,1781.0,1395.0,0.0,0.0,1240.0,541.0,1623.0,239.0
2.0,7858.0,2232.0,1793.0,0.0,1546.0,1546.0,1261.0,532.0,1882.0,350.0
2.0,5626.0,2159.0,1811.0,0.0,3777.0,3777.0,1280.0,531.0,1506.0,653.0
2.0,3467.0,1734.0,1817.0,1546.0,3989.0,3989.0,1278.0,539.0,884.0,850.0
2.0,3279.0,1346.0,1807.0,3777.0,1518.0,1518.0,1258.0,549.0,604.0,742.0
2.0,5710.0,1413.0,1792.0,3989.0,0.0,0.0,1241.0,551.0,984.0,429.0
2.0,8286.0,1859.0,1787.0,1518.0,0.0,0.0,1244.0,543.0,1631.0,228.0
2.0,7945.0,2248.0,1797.0,0.0,1491.0,1491.0,1264.0,533.0,1905.0,343.0
2.0,5697.0,2177.0,1815.0,0.0,3740.0,3740.0,1283.0,532.0,1525.0,652.0
2.0,3520.0,1720.0,1821.0,1491.0,3993.0,3993.0,1280.0,541.0,866.0,854.0
2.0,3291.0,1324.0,1811.0,3740.0,1537.0,1537.0,1260.0,551.0,584.0,740.0
2.0,5707.0,1410.0,1796.0,3993.0,0.0,0.0,1243.0,553.0,977.0,433.0
2.0,8290.0,1880.0,1792.0,1537.0,0.0,0.0,1247.0,545.0,1650.0,230.0
2.0,7947.0,2298.0,1803.0,0.0,1563.0,1563.0,1268.0,535.0,1958.0,340.0
2.0,5649.0,2238.0,1820.0,0.0,3869.0,3869.0,1286.0,534.0,1585.0,653.0
2.0,3411.0,1759.0,1826.0,1563.0,4089.0,4089.0,1284.0,542.0,892.0,867.0
2.0,3215.0,1342.0,1817.0,3869.0,1526.0,1526.0,1264.0,553.0,585.0,757.0
2.0,5742.0,1416.0,1802.0,4089.0,0.0,0.0,1247.0,555.0,971.0,445.0
2.0,8415.0,1896.0,1797.0,1526.0,0.0,0.0,1250.0,547.0,1660.0,236.0
2.0,8045.0,2320.0,1808.0,0.0,1507.0,1507.0,1271.0,537.0,1977.0,343.0
2.0,5725.0,2250.0,1825.0,0.0,3825.0,3825.0,1290.0,535.0,1595.0,655.0
2.0,3475.0,1778.0,1831.0,1507.0,4120.0,4120.0,1287.0,544.0,917.0,861.0
2.0,3204.0,1391.0,1821.0,3825.0,1646.0,1646.0,1267.0,554.0,630.0,761.0
2.0,5638.0,1468.0,1806.0,4120.0,0.0,0.0,1250.0,556.0,1019.0,449.0
2.0,8290.0,1926.0,1802.0,1646.0,0.0,0.0,1254.0,548.0,1685.0,241.0
2.0,8010.0,2305.0,1813.0,0.0,1547.0,1547.0,1275.0,538.0,1964.0,341.0
2.0,5705.0,2236.0,1828.0,0.0,3843.0,3843.0,1292.0,536.0,1590.0,646.0
2.0,3469.0,1791.0,1835.0,1547.0,4115.0,4115.0,1290.0,545.0,933.0,858.0
2.0,3225.0,1430.0,1825.0,3843.0,1662.0,1662.0,1270.0,555.0,657.0,773.0
2.0,5638.0,1505.0,1810.0,4115.0,0.0,0.0,1253.0,557.0,1041.0,464.0
2.0,8248.0,1943.0,1805.0,1662.0,0.0,0.0,1256.0,549.0,1692.0,251.0
2.0,7967.0,2298.0,1816.0,0.0,1595.0,1595.0,1277.0,539.0,1958.0,340.0
2.0,5669.0,2235.0,1833.0,0.0,3898.0,3898.0,1295.0,538.0,1582.0,653.0
2.0,3434.0,1791.0,1838.0,1595.0,4114.0,4114.0,1292.0,546.0,921.0,870.0
2.0,3238.0,1416.0,1828.0,3898.0,1592.0,1592.0,1272.0,556.0,641.0,775.0
2.0,5720.0,1469.0,1813.0,4114.0,0.0,0.0,1255.0,558.0,1010.0,459.0
2.0,8365.0,1903.0,1808.0,1592.0,0.0,0.0,1258.0,550.0,1661.0,242.0
2.0,8054.0,2276.0,1818.0,0.0,1494.0,1494.0,1278.0,540.0,1947.0,329.0
2.0,5778.0,2219.0,1834.0,0.0,3777.0,3777.0,1296.0,538.0,1585.0,634.0
2.0,3559.0,1782.0,1840.0,1494.0,4089.0,4089.0,1294.0,546.0,924.0,858.0
2.0,3271.0,1420.0,1830.0,3777.0,1692.0,1692.0,1274.0,556.0,641.0,779.0
2.0,5628.0,1471.0,1815.0,4089.0,0.0,0.0,1257.0,558.0,1003.0,468.0
2.0,8246.0,1890.0,1810.0,1692.0,0.0,0.0,1260.0,550.0,1646.0,244.0
2.0,8048.0,2251.0,1820.0,0.0,1483.0,1483.0,1280.0,540.0,1926.0,325.0
2.0,5797.0,2194.0,1837.0,0.0,3745.0,3745.0,1298.0,539.0,1554.0,640.0
2.0,3603.0,1768.0,1842.0,1483.0,4050.0,4050.0,1295.0,547.0,903.0,865.0
2.0,3318.0,1405.0,1833.0,3745.0,1674.0,1674.0,1276.0,557.0,633.0,772.0
2.0,5658.0,1478.0,1818.0,4050.0,0.0,0.0,1259.0,559.0,1023.0,455.0
2.0,8230.0,1899.0,1812.0,1674.0,0.0,0.0,1262.0,550.0,1672.0,227.0
2.0,8005.0,2257.0,1823.0,0.0,1544.0,1544.0,1283.0,540.0,1934.0,323.0
2.0,5748.0,2180.0,1840.0,0.0,3792.0,3792.0,1301.0,539.0,1539.0,641.0
2.0,3568.0,1745.0,1846.0,1544.0,4017.0,4017.0,1299.0,547.0,878.0,867.0
2.0,3367.0,1395.0,1837.0,3792.0,1584.0,1584.0,1280.0,557.0,623.0,772.0
2.0,5764.0,1474.0,1822.0,4017.0,0.0,0.0,1263.0,559.0,1022.0,452.0
2.0,8307.0,1916.0,1818.0,1584.0,0.0,0.0,1267.0,551.0,1680.0,236.0
2.0,7975.0,2270.0,1828.0,0.0,1607.0,1607.0,1287.0,541.0,1934.0,336.0
2.0,5705.0,2182.0,1845.0,0.0,3857.0,3857.0,1305.0,540.0,1529.0,653.0
2.0,3523.0,1745.0,1851.0,1607.0,4019.0,4019.0,1303.0,548.0,877.0,868.0
2.0,3385.0,1383.0,1841.0,3857.0,1505.0,1505.0,1283.0,558.0,620.0,763.0
2.0,5859.0,1497.0,1827.0,4019.0,0.0,0.0,1267.0,560.0,1047.0,450.0
2.0,8381.0,1922.0,1822.0,1505.0,0.0,0.0,1270.0,552.0,1688.0,234.0
2.0,7964.0,2237.0,1832.0,0.0,1601.0,1601.0,1290.0,542.0,1906.0,331.0
2.0,5727.0,2145.0,1848.0,0.0,3810.0,3810.0,1307.0,541.0,1496.0,649.0
2.0,3582.0,1757.0,1855.0,1601.0,3994.0,3994.0,1306.0,549.0,888.0,869.0
2.0,3426.0,1463.0,1847.0,3810.0,1615.0,1615.0,1287.0,560.0,678.0,785.0
2.0,5773.0,1569.0,1832.0,3994.0,0.0,0.0,1270.0,562.0,1096.0,473.0
2.0,8198.0,1974.0,1827.0,1615.0,0.0,0.0,1273.0,554.0,1727.0,247.0
2.0,7839.0,2256.0,1837.0,0.0,1765.0,1765.0,1293.0,544.0,1931.0,325.0
2.0,5583.0,2129.0,1853.0,0.0,3958.0,3958.0,1311.0,542.0,1499.0,630.0
2.0,3454.0,1767.0,1859.0,1765.0,3984.0,3984.0,1309.0,550.0,896.0,871.0
2.0,3452.0,1522.0,1852.0,3958.0,1520.0,1520.0,1291.0,561.0,720.0,802.0
2.0,5888.0,1637.0,1839.0,3984.0,0.0,0.0,1275.0,564.0,1136.0,501.0
2.0,8235.0,2005.0,1834.0,1520.0,0.0,0.0,1278.0,556.0,1744.0,261.0
2.0,7750.0,2251.0,1843.0,0.0,1873.0,1873.0,1297.0,546.0,1919.0,332.0
2.0,5499.0,2124.0,1858.0,0.0,4057.0,4057.0,1314.0,544.0,1488.0,636.0
2.0,3375.0,1758.0,1863.0,1873.0,3962.0,3962.0,1311.0,552.0,888.0,870.0
2.0,3490.0,1549.0,1856.0,4057.0,1426.0,1426.0,1293.0,563.0,742.0,807.0
2.0,5998.0,1696.0,1844.0,3962.0,0.0,0.0,1278.0,566.0,1189.0,507.0
2.0,8264.0,2039.0,1840.0,1426.0,0.0,0.0,1281.0,559.0,1766.0,273.0
2.0,7651.0,2248.0,1849.0,0.0,1993.0,1993.0,1300.0,549.0,1911.0,337.0
2.0,5403.0,2113.0,1862.0,0.0,4158.0,4158.0,1316.0,546.0,1477.0,636.0
2.0,3290.0,1760.0,1867.0,1993.0,3945.0,3945.0,1313.0,554.0,887.0,873.0
2.0,3523.0,1541.0,1859.0,4158.0,1296.0,1296.0,1295.0,564.0,742.0,799.0
2.0,6140.0,1687.0,1847.0,3945.0,0.0,0.0,1280.0,567.0,1187.0,500.0
2.0,8398.0,2028.0,1843.0,1296.0,0.0,0.0,1283.0,560.0,1763.0,265.0
2.0,7666.0,2239.0,1852.0,0.0,1981.0,1981.0,1302.0,550.0,1905.0,334.0
2.0,5427.0,2095.0,1865.0,0.0,4128.0,4128.0,1318.0,547.0,1455.0,640.0
2.0,3332.0,1746.0,1870.0,1981.0,3913.0,3913.0,1315.0,555.0,869.0,877.0
2.0,3567.0,1542.0,1864.0,4128.0,1303.0,1303.0,1298.0,566.0,737.0,805.0
2.0,6153.0,1680.0,1852.0,3913.0,0.0,0.0,1283.0,569.0,1180.0,500.0
2.0,8386.0,2027.0,1848.0,1303.0,0.0,0.0,1286.0,562.0,1764.0,263.0
2.0,7662.0,2229.0,1857.0,0.0,1995.0,1995.0,1305.0,552.0,1902.0,327.0
2.0,5433.0,2078.0,1869.0,0.0,4121.0,4121.0,1320.0,549.0,1445.0,633.0
2.0,3355.0,1727.0,1875.0,1995.0,3877.0,3877.0,1318.0,557.0,851.0,876.0
2.0,3623.0,1533.0,1868.0,4121.0,1261.0,1261.0,1300.0,568.0,722.0,811.0
2.0,6211.0,1685.0,1857.0,3877.0,0.0,0.0,1286.0,571.0,1189.0,496.0
2.0,8403.0,2036.0,1854.0,1261.0,0.0,0.0,1290.0,564.0,1778.0,258.0
2.0,7628.0,2208.0,1862.0,0.0,2028.0,2028.0,1309.0,553.0,1886.0,322.0
2.0,5420.0,2046.0,1875.0,0.0,4126.0,4126.0,1324.0,551.0,1417.0,629.0
2.0,3374.0,1726.0,1879.0,2028.0,3840.0,3840.0,1321.0,558.0,857.0,869.0
2.0,3676.0,1540.0,1873.0,4126.0,1230.0,1230.0,1303.0,570.0,735.0,805.0
2.0,6262.0,1675.0,1861.0,3840.0,0.0,0.0,1288.0,573.0,1179.0,496.0
2.0,8427.0,2013.0,1857.0,1230.0,0.0,0.0,1292.0,565.0,1763.0,250.0
2.0,7644.0,2184.0,1867.0,0.0,2008.0,2008.0,1312.0,555.0,1879.0,305.0
2.0,5460.0,2005.0,1878.0,0.0,4057.0,4057.0,1326.0,552.0,1392.0,613.0
2.0,3455.0,1688.0,1883.0,2008.0,3757.0,3757.0,1323.0,560.0,820.0,868.0
2.0,3775.0,1546.0,1875.0,4057.0,1214.0,1214.0,1304.0,571.0,734.0,812.0
2.0,6286.0,1732.0,1865.0,3757.0,0.0,0.0,1291.0,574.0,1226.0,506.0
2.0,8311.0,2041.0,1862.0,1214.0,0.0,0.0,1296.0,566.0,1794.0,247.0
2.0,7484.0,2163.0,1870.0,0.0,2159.0,2159.0,1315.0,555.0,1870.0,293.0
2.0,5321.0,1993.0,1882.0,0.0,4200.0,4200.0,1330.0,552.0,1394.0,599.0
2.0,3328.0,1700.0,1886.0,2159.0,3757.0,3757.0,1326.0,560.0,833.0,867.0
2.0,3787.0,1577.0,1879.0,4200.0,1106.0,1106.0,1308.0,571.0,755.0,822.0
2.0,6410.0,1748.0,1870.0,3757.0,0.0,0.0,1295.0,575.0,1234.0,514.0
2.0,8419.0,2052.0,1868.0,1106.0,0.0,0.0,1301.0,567.0,1801.0,251.0
2.0,7473.0,2185.0,1876.0,0.0,2216.0,2216.0,1320.0,556.0,1888.0,297.0
2.0,5288.0,2013.0,1887.0,0.0,4273.0,4273.0,1334.0,553.0,1409.0,604.0
2.0,3275.0,1703.0,1889.0,2216.0,3768.0,3768.0,1329.0,560.0,835.0,868.0
2.0,3788.0,1569.0,1881.0,4273.0,1032.0,1032.0,1310.0,571.0,749.0,820.0
2.0,6492.0,1754.0,1872.0,3768.0,0.0,0.0,1297.0,575.0,1237.0,517.0
2.0,8506.0,2089.0,1871.0,1032.0,35.0,35.0,1303.0,568.0,1826.0,263.0
2.0,7449.0,2228.0,1880.0,0.0,2299.0,2299.0,1323.0,557.0,1923.0,305.0
2.0,5221.0,2027.0,1889.0,35.0,4327.0,4327.0,1336.0,553.0,1426.0,601.0
2.0,3229.0,1706.0,1891.0,2299.0,3742.0,3742.0,1331.0,560.0,842.0,864.0
2.0,3822.0,1579.0,1883.0,4327.0,962.0,962.0,1312.0,571.0,750.0,829.0
2.0,6570.0,1772.0,1874.0,3742.0,0.0,0.0,1299.0,575.0,1233.0,539.0
2.0,8540.0,2105.0,1873.0,962.0,95.0,95.0,1305.0,568.0,1823.0,282.0
2.0,7397.0,2274.0,1883.0,0.0,2409.0,2409.0,1325.0,558.0,1954.0,320.0
2.0,5123.0,2061.0,1893.0,95.0,4415.0,4415.0,1339.0,554.0,1461.0,600.0
2.0,3157.0,1707.0,1893.0,2409.0,3713.0,3713.0,1333.0,560.0,852.0,855.0
2.0,3859.0,1580.0,1884.0,4415.0,842.0,842.0,1313.0,571.0,747.0,833.0
2.0,6694.0,1796.0,1875.0,3713.0,0.0,0.0,1300.0,575.0,1241.0,555.0
2.0,8611.0,2161.0,1877.0,842.0,216.0,216.0,1308.0,569.0,1863.0,298.0
2.0,7292.0,2291.0,1887.0,0.0,2547.0,2547.0,1329.0,558.0,1973.0,318.0
2.0,5001.0,2053.0,1896.0,216.0,4420.0,4420.0,1342.0,554.0,1456.0,597.0
2.0,3164.0,1705.0,1897.0,2547.0,3582.0,3582.0,1336.0,561.0,848.0,857.0
2.0,4006.0,1584.0,1888.0,4420.0,710.0,710.0,1316.0,572.0,737.0,847.0
2.0,6842.0,1789.0,1880.0,3582.0,0.0,0.0,1303.0,577.0,1224.0,565.0
2.0,8635.0,2134.0,1880.0,710.0,309.0,309.0,1310.0,570.0,1842.0,292.0
2.0,7211.0,2270.0,1891.0,0.0,2623.0,2623.0,1332.0,559.0,1964.0,306.0
2.0,4941.0,2063.0,1901.0,309.0,4417.0,4417.0,1346.0,555.0,1471.0,592.0
2.0,3187.0,1700.0,1901.0,2623.0,3494.0,3494.0,1339.0,562.0,837.0,863.0
2.0,4110.0,1568.0,1892.0,4417.0,609.0,609.0,1319.0,573.0,715.0,853.0
2.0,6959.0,1785.0,1884.0,3494.0,0.0,0.0,1306.0,578.0,1211.0,574.0
2.0,8668.0,2147.0,1885.0,609.0,410.0,410.0,1313.0,572.0,1846.0,301.0
2.0,7130.0,2264.0,1896.0,0.0,2718.0,2718.0,1335.0,561.0,1964.0,300.0
2.0,4866.0,2029.0,1905.0,410.0,4373.0,4373.0,1349.0,556.0,1447.0,582.0
2.0,3247.0,1689.0,1905.0,2718.0,3344.0,3344.0,1342.0,563.0,825.0,864.0
2.0,4276.0,1570.0,1896.0,4373.0,505.0,505.0,1321.0,575.0,712.0,858.0
2.0,7079.0,1799.0,1888.0,3344.0,0.0,0.0,1308.0,580.0,1222.0,577.0
2.0,8624.0,2135.0,1890.0,505.0,566.0,566.0,1317.0,573.0,1840.0,295.0
2.0,6994.0,2245.0,1900.0,0.0,2851.0,2851.0,1338.0,562.0,1949.0,296.0
2.0,4749.0,2022.0,1909.0,566.0,4343.0,4343.0,1351.0,558.0,1443.0,579.0
2.0,3293.0,1706.0,1910.0,2851.0,3202.0,3202.0,1345.0,565.0,839.0,867.0
2.0,4438.0,1613.0,1902.0,4343.0,440.0,440.0,1325.0,577.0,742.0,871.0
2.0,7168.0,1817.0,1895.0,3202.0,0.0,0.0,1313.0,582.0,1238.0,579.0
2.0,8553.0,2116.0,1897.0,440.0,711.0,711.0,1321.0,576.0,1832.0,284.0
2.0,6877.0,2207.0,1907.0,0.0,2958.0,2958.0,1342.0,565.0,1930.0,277.0
2.0,4670.0,2000.0,1916.0,711.0,4283.0,4283.0,1356.0,560.0,1425.0,575.0
2.0,3381.0,1709.0,1915.0,2958.0,3030.0,3030.0,1348.0,567.0,839.0,870.0
2.0,4630.0,1620.0,1907.0,4283.0,335.0,335.0,1328.0,579.0,756.0,864.0
2.0,7293.0,1845.0,1901.0,3030.0,0.0,0.0,1317.0,584.0,1265.0,580.0
2.0,8478.0,2137.0,1903.0,335.0,936.0,936.0,1325.0,578.0,1847.0,290.0
2.0,6676.0,2208.0,1913.0,0.0,3184.0,3184.0,1346.0,567.0,1929.0,279.0
2.0,4468.0,1977.0,1921.0,936.0,4257.0,4257.0,1359.0,562.0,1417.0,560.0
2.0,3427.0,1702.0,1921.0,3184.0,2775.0,2775.0,1352.0,569.0,846.0,856.0
2.0,4909.0,1632.0,1912.0,4257.0,114.0,114.0,1332.0,580.0,767.0,865.0
2.0,7534.0,1868.0,1906.0,2775.0,0.0,0.0,1320.0,586.0,1284.0,584.0
2.0,8441.0,2141.0,1909.0,114.0,1222.0,1222.0,1329.0,580.0,1844.0,297.0
2.0,6414.0,2179.0,1918.0,0.0,3437.0,3437.0,1349.0,569.0,1904.0,275.0
2.0,4235.0,1970.0,1926.0,1222.0,4217.0,4217.0,1362.0,564.0,1413.0,557.0
2.0,3487.0,1731.0,1925.0,3437.0,2507.0,2507.0,1355.0,570.0,871.0,860.0
2.0,5193.0,1696.0,1917.0,4217.0,0.0,0.0,1335.0,582.0,816.0,880.0
2.0,7714.0,1889.0,1911.0,2507.0,0.0,0.0,1323.0,588.0,1291.0,598.0
2.0,8332.0,2115.0,1913.0,0.0,1435.0,1435.0,1331.0,582.0,1822.0,293.0
2.0,6217.0,2157.0,1921.0,0.0,3624.0,3624.0,1351.0,570.0,1880.0,277.0
2.0,4060.0,1980.0,1929.0,1435.0,4201.0,4201.0,1364.0,565.0,1417.0,563.0
2.0,3515.0,1763.0,1929.0,3624.0,2340.0,2340.0,1357.0,572.0,898.0,865.0
2.0,5376.0,1720.0,1921.0,4201.0,0.0,0.0,1338.0,583.0,837.0,883.0
2.0,7857.0,1886.0,1914.0,2340.0,0.0,0.0,1326.0,588.0,1292.0,594.0
2.0,8311.0,2107.0,1915.0,0.0,1456.0,1456.0,1332.0,583.0,1812.0,295.0
2.0,6204.0,2171.0,1924.0,0.0,3663.0,3663.0,1352.0,572.0,1885.0,286.0
2.0,4033.0,2015.0,1933.0,1456.0,4258.0,4258.0,1366.0,567.0,1438.0,577.0
2.0,3474.0,1781.0,1932.0,3663.0,2372.0,2372.0,1359.0,573.0,905.0,876.0
2.0,5356.0,1696.0,1923.0,4258.0,0.0,0.0,1339.0,584.0,810.0,886.0
2.0,7918.0,1833.0,1914.0,2372.0,0.0,0.0,1325.0,589.0,1250.0,583.0
2.0,8457.0,2100.0,1915.0,0.0,1303.0,1303.0,1332.0,583.0,1817.0,283.0
2.0,6357.0,2208.0,1924.0,0.0,3547.0,3547.0,1352.0,572.0,1923.0,285.0
2.0,4149.0,2057.0,1934.0,1303.0,4341.0,4341.0,1367.0,567.0,1466.0,591.0
2.0,3395.0,1800.0,1934.0,3547.0,2594.0,2594.0,1360.0,574.0,907.0,893.0
2.0,5142.0,1714.0,1926.0,4341.0,0.0,0.0,1341.0,585.0,825.0,889.0
2.0,7769.0,1865.0,1918.0,2594.0,0.0,0.0,1328.0,590.0,1287.0,578.0
2.0,8498.0,2085.0,1918.0,0.0,1259.0,1259.0,1334.0,584.0,1811.0,274.0
2.0,6413.0,2167.0,1927.0,0.0,3462.0,3462.0,1354.0,573.0,1879.0,288.0
2.0,4246.0,2025.0,1936.0,1259.0,4264.0,4264.0,1368.0,568.0,1425.0,600.0
2.0,3480.0,1806.0,1937.0,3462.0,2612.0,2612.0,1362.0,575.0,909.0,897.0
2.0,5136.0,1746.0,1929.0,4264.0,62.0,62.0,1343.0,586.0,856.0,890.0
2.0,7654.0,1901.0,1922.0,2612.0,0.0,0.0,1331.0,591.0,1326.0,575.0
2.0,8365.0,2095.0,1923.0,62.0,1360.0,1360.0,1338.0,585.0,1831.0,264.0
2.0,6332.0,2138.0,1932.0,0.0,3534.0,3534.0,1358.0,574.0,1865.0,273.0
2.0,4194.0,1984.0,1940.0,1360.0,4190.0,4190.0,1371.0,569.0,1391.0,593.0
2.0,3570.0,1806.0,1940.0,3534.0,2462.0,2462.0,1365.0,575.0,900.0,906.0
2.0,5298.0,1775.0,1933.0,4190.0,19.0,19.0,1347.0,586.0,884.0,891.0
2.0,7713.0,1915.0,1927.0,2462.0,0.0,0.0,1335.0,592.0,1350.0,565.0
2.0,8260.0,2069.0,1927.0,19.0,1498.0,1498.0,1342.0,585.0,1814.0,255.0
2.0,6210.0,2085.0,1935.0,0.0,3615.0,3615.0,1361.0,574.0,1818.0,267.0
2.0,4125.0,1926.0,1941.0,1498.0,4067.0,4067.0,1373.0,568.0,1338.0,588.0
2.0,3697.0,1785.0,1941.0,3615.0,2237.0,2237.0,1366.0,575.0,883.0,902.0
2.0,5527.0,1800.0,1934.0,4067.0,0.0,0.0,1348.0,586.0,910.0,890.0
2.0,7794.0,1964.0,1930.0,2237.0,0.0,0.0,1338.0,592.0,1401.0,563.0
2.0,8067.0,2108.0,1932.0,0.0,1769.0,1769.0,1346.0,586.0,1855.0,253.0
2.0,5959.0,2095.0,1939.0,0.0,3892.0,3892.0,1365.0,574.0,1823.0,272.0
2.0,3864.0,1946.0,1945.0,1769.0,4093.0,4093.0,1376.0,569.0,1344.0,602.0
2.0,3687.0,1776.0,1944.0,3892.0,1973.0,1973.0,1369.0,575.0,865.0,911.0
2.0,5803.0,1771.0,1937.0,4093.0,0.0,0.0,1350.0,587.0,887.0,884.0
2.0,8125.0,1959.0,1932.0,1973.0,0.0,0.0,1340.0,592.0,1401.0,558.0
2.0,8139.0,2106.0,1935.0,0.0,1707.0,1707.0,1349.0,586.0,1856.0,250.0
2.0,6033.0,2105.0,1943.0,0.0,3844.0,3844.0,1368.0,575.0,1832.0,273.0
2.0,3928.0,1933.0,1948.0,1707.0,4090.0,4090.0,1378.0,570.0,1323.0,610.0
2.0,3702.0,1775.0,1947.0,3844.0,2017.0,2017.0,1370.0,577.0,848.0,927.0
2.0,5771.0,1781.0,1939.0,4090.0,0.0,0.0,1351.0,588.0,880.0,901.0
2.0,8080.0,1953.0,1935.0,2017.0,0.0,0.0,1341.0,594.0,1384.0,569.0
2.0,8144.0,2120.0,1938.0,0.0,1728.0,1728.0,1350.0,588.0,1868.0,252.0
2.0,6024.0,2125.0,1946.0,0.0,3885.0,3885.0,1369.0,577.0,1855.0,270.0
2.0,3899.0,1985.0,1952.0,1728.0,4166.0,4166.0,1380.0,572.0,1371.0,614.0
2.0,3642.0,1815.0,1950.0,3885.0,2088.0,2088.0,1372.0,578.0,880.0,935.0
2.0,5712.0,1817.0,1944.0,4166.0,0.0,0.0,1354.0,590.0,905.0,912.0
2.0,8061.0,1977.0,1941.0,2088.0,0.0,0.0,1345.0,596.0,1406.0,571.0
2.0,8172.0,2137.0,1944.0,0.0,1741.0,1741.0,1354.0,590.0,1884.0,253.0
2.0,6035.0,2120.0,1950.0,0.0,3885.0,3885.0,1372.0,578.0,1844.0,276.0
2.0,3915.0,1957.0,1955.0,1741.0,4121.0,4121.0,1382.0,573.0,1333.0,624.0
2.0,3699.0,1797.0,1953.0,3885.0,2025.0,2025.0,1373.0,580.0,856.0,941.0
2.0,5787.0,1825.0,1948.0,4121.0,0.0,0.0,1356.0,592.0,905.0,920.0
2.0,8083.0,2001.0,1945.0,2025.0,0.0,0.0,1347.0,598.0,1421.0,580.0
2.0,8107.0,2142.0,1948.0,0.0,1827.0,1827.0,1356.0,592.0,1879.0,263.0
2.0,5965.0,2143.0,1954.0,0.0,3994.0,3994.0,1374.0,580.0,1853.0,290.0
2.0,3822.0,1992.0,1959.0,1827.0,4179.0,4179.0,1384.0,575.0,1361.0,631.0
2.0,3657.0,1850.0,1961.0,3994.0,2043.0,2043.0,1378.0,583.0,898.0,952.0
2.0,5801.0,1850.0,1956.0,4179.0,0.0,0.0,1361.0,595.0,931.0,919.0
2.0,8130.0,1992.0,1951.0,2043.0,0.0,0.0,1351.0,600.0,1421.0,571.0
2.0,8181.0,2139.0,1953.0,0.0,1770.0,1770.0,1359.0,594.0,1877.0,262.0
2.0,6042.0,2157.0,1959.0,0.0,3951.0,3951.0,1377.0,582.0,1865.0,292.0
2.0,3885.0,2020.0,1966.0,1770.0,4229.0,4229.0,1388.0,578.0,1385.0,635.0
2.0,3635.0,1862.0,1966.0,3951.0,2140.0,2140.0,1381.0,585.0,913.0,949.0
2.0,5724.0,1838.0,1961.0,4229.0,0.0,0.0,1364.0,597.0,923.0,915.0
2.0,8115.0,1965.0,1956.0,2140.0,0.0,0.0,1354.0,602.0,1396.0,569.0
2.0,8290.0,2114.0,1959.0,0.0,1660.0,1660.0,1363.0,596.0,1867.0,247.0
2.0,6176.0,2156.0,1966.0,0.0,3844.0,3844.0,1382.0,584.0,1880.0,276.0
2.0,4020.0,2050.0,1972.0,1660.0,4258.0,4258.0,1393.0,579.0,1425.0,625.0
2.0,3630.0,1882.0,1971.0,3844.0,2292.0,2292.0,1385.0,586.0,938.0,944.0
2.0,5592.0,1830.0,1966.0,4258.0,0.0,0.0,1368.0,598.0,918.0,912.0
2.0,8020.0,1935.0,1962.0,2292.0,0.0,0.0,1358.0,604.0,1369.0,566.0
2.0,8377.0,2087.0,1964.0,0.0,1566.0,1566.0,1367.0,597.0,1838.0,249.0
2.0,6290.0,2141.0,1970.0,0.0,3731.0,3731.0,1385.0,585.0,1862.0,279.0
2.0,4149.0,2042.0,1975.0,1566.0,4227.0,4227.0,1395.0,580.0,1422.0,620.0
2.0,3673.0,1903.0,1975.0,3731.0,2399.0,2399.0,1388.0,587.0,964.0,939.0
2.0,5501.0,1840.0,1971.0,4227.0,0.0,0.0,1371.0,600.0,927.0,913.0
2.0,7888.0,1921.0,1967.0,2399.0,0.0,0.0,1362.0,605.0,1355.0,566.0
2.0,8366.0,2095.0,1971.0,0.0,1613.0,1613.0,1372.0,599.0,1842.0,253.0
2.0,6271.0,2136.0,1978.0,0.0,3777.0,3777.0,1391.0,587.0,1864.0,272.0
2.0,4135.0,2005.0,1982.0,1613.0,4185.0,4185.0,1400.0,582.0,1392.0,613.0
2.0,3743.0,1836.0,1979.0,3777.0,2232.0,2232.0,1390.0,589.0,912.0,924.0
2.0,5684.0,1800.0,1973.0,4185.0,0.0,0.0,1372.0,601.0,903.0,897.0
2.0,8069.0,1940.0,1971.0,2232.0,0.0,0.0,1364.0,607.0,1377.0,563.0
2.0,8361.0,2111.0,1973.0,0.0,1642.0,1642.0,1373.0,600.0,1859.0,252.0
2.0,6250.0,2145.0,1981.0,0.0,3819.0,3819.0,1393.0,588.0,1866.0,279.0
2.0,4105.0,2010.0,1985.0,1642.0,4203.0,4203.0,1402.0,583.0,1391.0,619.0
2.0,3737.0,1839.0,1983.0,3819.0,2215.0,2215.0,1393.0,590.0,910.0,929.0
2.0,5717.0,1798.0,1977.0,4203.0,0.0,0.0,1375.0,602.0,900.0,898.0
2.0,8122.0,1915.0,1973.0,2215.0,0.0,0.0,1365.0,608.0,1359.0,556.0
2.0,8422.0,2076.0,1976.0,0.0,1558.0,1558.0,1375.0,601.0,1830.0,246.0
2.0,6346.0,2150.0,1983.0,0.0,3736.0,3736.0,1395.0,588.0,1872.0,278.0
2.0,4196.0,2064.0,1989.0,1558.0,4266.0,4266.0,1406.0,583.0,1446.0,618.0
2.0,3690.0,1898.0,1988.0,3736.0,2424.0,2424.0,1398.0,590.0,964.0,934.0
2.0,5528.0,1819.0,1981.0,4266.0,0.0,0.0,1379.0,602.0,914.0,905.0
2.0,7975.0,1894.0,1977.0,2424.0,0.0,0.0,1369.0,608.0,1333.0,561.0
2.0,8505.0,2048.0,1979.0,0.0,1459.0,1459.0,1378.0,601.0,1800.0,248.0
2.0,6457.0,2140.0,1984.0,0.0,3619.0,3619.0,1396.0,588.0,1860.0,280.0
2.0,4317.0,2083.0,1990.0,1459.0,4267.0,4267.0,1407.0,583.0,1446.0,637.0
2.0,3693.0,1931.0,1988.0,3619.0,2571.0,2571.0,1398.0,590.0,972.0,959.0
2.0,5381.0,1835.0,1983.0,4267.0,119.0,119.0,1380.0,603.0,913.0,922.0
2.0,7813.0,1901.0,1979.0,2571.0,0.0,0.0,1370.0,609.0,1338.0,563.0
2.0,8483.0,2061.0,1980.0,119.0,1379.0,1379.0,1379.0,601.0,1818.0,243.0
2.0,6541.0,2168.0,1988.0,0.0,3579.0,3579.0,1399.0,589.0,1893.0,275.0
2.0,4373.0,2100.0,1993.0,1379.0,4320.0,4320.0,1410.0,583.0,1464.0,636.0
2.0,3652.0,1939.0,1992.0,3579.0,2676.0,2676.0,1401.0,591.0,972.0,967.0
2.0,5292.0,1827.0,1986.0,4320.0,159.0,159.0,1382.0,604.0,892.0,935.0
2.0,7785.0,1906.0,1981.0,2676.0,0.0,0.0,1372.0,609.0,1329.0,577.0
2.0,8555.0,2110.0,1984.0,159.0,1332.0,1332.0,1382.0,602.0,1851.0,259.0
2.0,6604.0,2238.0,1991.0,0.0,3598.0,3598.0,1402.0,589.0,1945.0,293.0
2.0,4366.0,2162.0,1997.0,1332.0,4452.0,4452.0,1413.0,584.0,1515.0,647.0
2.0,3536.0,1964.0,1997.0,3598.0,2818.0,2818.0,1405.0,592.0,1001.0,963.0
2.0,5170.0,1834.0,1991.0,4452.0,176.0,176.0,1387.0,604.0,909.0,925.0
2.0,7788.0,1891.0,1986.0,2818.0,0.0,0.0,1376.0,610.0,1321.0,570.0
2.0,8715.0,2084.0,1987.0,176.0,1141.0,1141.0,1385.0,602.0,1833.0,251.0
2.0,6807.0,2238.0,1994.0,0.0,3407.0,3407.0,1404.0,590.0,1944.0,294.0
2.0,4569.0,2200.0,2001.0,1141.0,4494.0,4494.0,1416.0,585.0,1547.0,653.0
2.0,3510.0,1977.0,2001.0,3407.0,3064.0,3064.0,1409.0,592.0,1006.0,971.0
2.0,4940.0,1816.0,1996.0,4494.0,366.0,366.0,1390.0,606.0,882.0,934.0
2.0,7618.0,1882.0,1990.0,3064.0,0.0,0.0,1379.0,611.0,1303.0,579.0
2.0,8800.0,2111.0,1991.0,366.0,909.0,909.0,1387.0,604.0,1850.0,261.0
2.0,7055.0,2260.0,1999.0,0.0,3201.0,3201.0,1407.0,592.0,1972.0,288.0
2.0,4795.0,2181.0,2005.0,909.0,4497.0,4497.0,1419.0,586.0,1543.0,638.0
2.0,3523.0,1965.0,2006.0,3201.0,3265.0,3265.0,1412.0,594.0,999.0,966.0
2.0,4759.0,1813.0,2000.0,4497.0,557.0,557.0,1393.0,607.0,873.0,940.0
2.0,7443.0,1862.0,1995.0,3265.0,0.0,0.0,1382.0,613.0,1286.0,576.0
2.0,8846.0,2076.0,1996.0,557.0,657.0,657.0,1390.0,606.0,1833.0,243.0
2.0,7327.0,2250.0,2003.0,0.0,2935.0,2935.0,1410.0,593.0,1977.0,273.0
2.0,5077.0,2207.0,2010.0,657.0,4513.0,4513.0,1422.0,588.0,1575.0,632.0
2.0,3527.0,1987.0,2011.0,2935.0,3569.0,3569.0,1416.0,595.0,1023.0,964.0
2.0,4475.0,1798.0,2005.0,4513.0,830.0,830.0,1397.0,608.0,862.0,936.0
2.0,7190.0,1813.0,1999.0,3569.0,0.0,0.0,1385.0,614.0,1231.0,582.0
2.0,8946.0,2023.0,1999.0,830.0,243.0,243.0,1392.0,607.0,1774.0,249.0
2.0,7753.0,2221.0,2007.0,0.0,2496.0,2496.0,1412.0,595.0,1954.0,267.0
2.0,5532.0,2186.0,2014.0,243.0,4467.0,4467.0,1425.0,589.0,1568.0,618.0
2.0,3589.0,1960.0,2015.0,2496.0,3935.0,3935.0,1418.0,597.0,1005.0,955.0
2.0,4125.0,1790.0,2008.0,4467.0,1230.0,1230.0,1398.0,610.0,852.0,938.0
2.0,6802.0,1836.0,2002.0,3935.0,0.0,0.0,1386.0,616.0,1242.0,594.0
2.0,8901.0,2061.0,2003.0,1230.0,0.0,0.0,1394.0,609.0,1797.0,264.0
2.0,8070.0,2240.0,2011.0,0.0,2214.0,2214.0,1414.0,597.0,1966.0,274.0
2.0,5830.0,2186.0,2018.0,0.0,4428.0,4428.0,1427.0,591.0,1566.0,620.0
2.0,3644.0,1969.0,2020.0,2214.0,4191.0,4191.0,1421.0,599.0,1014.0,955.0
2.0,3889.0,1787.0,2015.0,4428.0,1530.0,1530.0,1402.0,613.0,844.0,943.0
2.0,6530.0,1817.0,2008.0,4191.0,0.0,0.0,1389.0,619.0,1224.0,593.0
2.0,8904.0,2031.0,2007.0,1530.0,0.0,0.0,1395.0,612.0,1770.0,261.0
2.0,8403.0,2229.0,2013.0,0.0,1878.0,1878.0,1414.0,599.0,1953.0,276.0
2.0,6174.0,2205.0,2021.0,0.0,4115.0,4115.0,1427.0,594.0,1583.0,622.0
2.0,3969.0,2003.0,2023.0,1878.0,4248.0,4248.0,1422.0,601.0,1036.0,967.0
2.0,3844.0,1821.0,2019.0,4115.0,1938.0,1938.0,1404.0,615.0,868.0,953.0
2.0,6138.0,1838.0,2013.0,4248.0,0.0,0.0,1392.0,621.0,1241.0,597.0
2.0,8548.0,2052.0,2013.0,1938.0,0.0,0.0,1399.0,614.0,1799.0,253.0
2.0,8434.0,2240.0,2018.0,0.0,1878.0,1878.0,1418.0,600.0,1970.0,270.0
2.0,6194.0,2209.0,2026.0,0.0,4119.0,4119.0,1431.0,595.0,1579.0,630.0
2.0,3985.0,2022.0,2028.0,1878.0,4271.0,4271.0,1425.0,603.0,1040.0,982.0
2.0,3841.0,1857.0,2024.0,4119.0,1993.0,1993.0,1407.0,617.0,898.0,959.0
2.0,6103.0,1866.0,2018.0,4271.0,0.0,0.0,1395.0,623.0,1275.0,591.0
2.0,8508.0,2054.0,2017.0,1993.0,0.0,0.0,1402.0,615.0,1803.0,251.0
2.0,8447.0,2255.0,2023.0,0.0,1900.0,1900.0,1421.0,602.0,1980.0,275.0
2.0,6192.0,2263.0,2031.0,0.0,4195.0,4195.0,1435.0,596.0,1621.0,642.0
2.0,3929.0,2063.0,2034.0,1900.0,4370.0,4370.0,1430.0,604.0,1076.0,987.0
2.0,3766.0,1855.0,2030.0,4195.0,2014.0,2014.0,1412.0,618.0,891.0,964.0
2.0,6106.0,1848.0,2023.0,4370.0,0.0,0.0,1399.0,624.0,1256.0,592.0
2.0,8628.0,2059.0,2020.0,2014.0,0.0,0.0,1404.0,616.0,1815.0,244.0
2.0,8583.0,2284.0,2027.0,0.0,1809.0,1809.0,1424.0,603.0,2013.0,271.0
2.0,6299.0,2295.0,2035.0,0.0,4136.0,4136.0,1438.0,597.0,1654.0,641.0
2.0,4004.0,2074.0,2039.0,1809.0,4417.0,4417.0,1434.0,605.0,1092.0,982.0
2.0,3739.0,1835.0,2034.0,4136.0,2096.0,2096.0,1415.0,619.0,877.0,958.0
2.0,6040.0,1817.0,2026.0,4417.0,0.0,0.0,1402.0,624.0,1223.0,594.0
2.0,8640.0,2059.0,2024.0,2096.0,0.0,0.0,1407.0,617.0,1810.0,249.0
2.0,8677.0,2311.0,2030.0,0.0,1754.0,1754.0,1427.0,603.0,2041.0,270.0
2.0,6366.0,2334.0,2039.0,0.0,4124.0,4124.0,1442.0,597.0,1697.0,637.0
2.0,4032.0,2097.0,2044.0,1754.0,4487.0,4487.0,1439.0,605.0,1113.0,984.0
2.0,3689.0,1814.0,2038.0,4124.0,2153.0,2153.0,1419.0,619.0,855.0,959.0
2.0,5999.0,1770.0,2028.0,4487.0,0.0,0.0,1404.0,624.0,1181.0,589.0
2.0,8716.0,2024.0,2026.0,2153.0,0.0,0.0,1409.0,617.0,1781.0,243.0
2.0,8845.0,2308.0,2032.0,0.0,1591.0,1591.0,1429.0,603.0,2036.0,272.0
2.0,6537.0,2339.0,2043.0,0.0,3974.0,3974.0,1445.0,598.0,1700.0,639.0
2.0,4198.0,2081.0,2047.0,1591.0,4480.0,4480.0,1441.0,606.0,1099.0,982.0
2.0,3708.0,1805.0,2041.0,3974.0,2287.0,2287.0,1422.0,619.0,849.0,956.0
2.0,5877.0,1774.0,2032.0,4480.0,0.0,0.0,1407.0,625.0,1179.0,595.0
2.0,8583.0,2004.0,2028.0,2287.0,0.0,0.0,1410.0,618.0,1760.0,244.0
2.0,8866.0,2254.0,2033.0,0.0,1520.0,1520.0,1429.0,604.0,1996.0,258.0
2.0,6612.0,2287.0,2042.0,0.0,3843.0,3843.0,1444.0,598.0,1664.0,623.0
2.0,4325.0,2073.0,2048.0,1520.0,4420.0,4420.0,1442.0,606.0,1102.0,971.0
2.0,3772.0,1821.0,2044.0,3843.0,2382.0,2382.0,1424.0,620.0,861.0,960.0
2.0,5794.0,1778.0,2036.0,4420.0,0.0,0.0,1410.0,626.0,1179.0,599.0
2.0,8436.0,1988.0,2032.0,2382.0,0.0,0.0,1413.0,619.0,1739.0,249.0
2.0,8830.0,2252.0,2038.0,0.0,1574.0,1574.0,1432.0,606.0,1988.0,264.0
2.0,6578.0,2284.0,2046.0,0.0,3890.0,3890.0,1447.0,599.0,1661.0,623.0
2.0,4294.0,2051.0,2051.0,1574.0,4387.0,4387.0,1444.0,607.0,1080.0,971.0
2.0,3817.0,1782.0,2045.0,3890.0,2255.0,2255.0,1425.0,620.0,816.0,966.0
2.0,5925.0,1743.0,2035.0,4387.0,0.0,0.0,1409.0,626.0,1145.0,598.0
2.0,8569.0,1984.0,2032.0,2255.0,0.0,0.0,1413.0,619.0,1733.0,251.0
2.0,8840.0,2283.0,2038.0,0.0,1595.0,1595.0,1432.0,606.0,2011.0,272.0
2.0,6557.0,2317.0,2048.0,0.0,3952.0,3952.0,1448.0,600.0,1687.0,630.0
2.0,4240.0,2075.0,2054.0,1595.0,4456.0,4456.0,1446.0,608.0,1097.0,978.0
2.0,3760.0,1796.0,2049.0,3952.0,2280.0,2280.0,1428.0,621.0,834.0,962.0
2.0,5916.0,1760.0,2039.0,4456.0,0.0,0.0,1412.0,627.0,1159.0,601.0
2.0,8612.0,2003.0,2036.0,2280.0,0.0,0.0,1416.0,620.0,1751.0,252.0
2.0,8889.0,2298.0,2042.0,0.0,1577.0,1577.0,1435.0,607.0,2026.0,272.0
2.0,6591.0,2352.0,2052.0,0.0,3969.0,3969.0,1451.0,601.0,1709.0,643.0
2.0,4239.0,2115.0,2056.0,1577.0,4523.0,4523.0,1448.0,608.0,1121.0,994.0
2.0,3701.0,1819.0,2052.0,3969.0,2357.0,2357.0,1430.0,622.0,842.0,977.0
2.0,5851.0,1751.0,2043.0,4523.0,0.0,0.0,1414.0,629.0,1144.0,607.0
2.0,8623.0,2003.0,2039.0,2357.0,0.0,0.0,1417.0,622.0,1743.0,260.0
2.0,8977.0,2330.0,2045.0,0.0,1533.0,1533.0,1437.0,608.0,2052.0,278.0
2.0,6647.0,2381.0,2055.0,0.0,3954.0,3954.0,1453.0,602.0,1743.0,638.0
2.0,4266.0,2138.0,2061.0,1533.0,4583.0,4583.0,1451.0,610.0,1148.0,990.0
2.0,3661.0,1850.0,2057.0,3954.0,2463.0,2463.0,1433.0,624.0,863.0,987.0
2.0,5765.0,1809.0,2048.0,4583.0,0.0,0.0,1417.0,631.0,1186.0,623.0
2.0,8539.0,2053.0,2044.0,2463.0,0.0,0.0,1421.0,623.0,1790.0,263.0
2.0,8949.0,2355.0,2050.0,0.0,1606.0,1606.0,1440.0,610.0,2081.0,274.0
2.0,6594.0,2407.0,2061.0,0.0,4057.0,4057.0,1457.0,604.0,1758.0,649.0
2.0,4187.0,2169.0,2066.0,1606.0,4640.0,4640.0,1455.0,611.0,1165.0,1004.0
2.0,3624.0,1893.0,2063.0,4057.0,2464.0,2464.0,1437.0,626.0,900.0,993.0
2.0,5788.0,1859.0,2055.0,4640.0,0.0,0.0,1422.0,633.0,1228.0,631.0
2.0,8569.0,2094.0,2051.0,2464.0,0.0,0.0,1425.0,626.0,1814.0,280.0
2.0,8939.0,2357.0,2056.0,0.0,1642.0,1642.0,1444.0,612.0,2069.0,288.0
2.0,6582.0,2367.0,2066.0,0.0,4049.0,4049.0,1460.0,606.0,1724.0,643.0
2.0,4215.0,2118.0,2072.0,1642.0,4549.0,4549.0,1458.0,614.0,1129.0,989.0
2.0,3739.0,1846.0,2068.0,4049.0,2330.0,2330.0,1440.0,628.0,872.0,974.0
2.0,5942.0,1838.0,2060.0,4549.0,0.0,0.0,1425.0,635.0,1221.0,617.0
2.0,8653.0,2096.0,2055.0,2330.0,0.0,0.0,1427.0,628.0,1817.0,279.0
2.0,8887.0,2372.0,2060.0,0.0,1725.0,1725.0,1445.0,615.0,2074.0,298.0
2.0,6515.0,2386.0,2071.0,0.0,4155.0,4155.0,1462.0,609.0,1738.0,648.0
2.0,4129.0,2116.0,2078.0,1725.0,4574.0,4574.0,1462.0,616.0,1136.0,980.0
2.0,3738.0,1836.0,2074.0,4155.0,2239.0,2239.0,1444.0,630.0,869.0,967.0
2.0,6057.0,1807.0,2065.0,4574.0,0.0,0.0,1428.0,637.0,1198.0,609.0
2.0,8824.0,2074.0,2059.0,2239.0,0.0,0.0,1430.0,629.0,1803.0,271.0
2.0,8989.0,2353.0,2064.0,0.0,1620.0,1620.0,1448.0,616.0,2065.0,288.0
2.0,6636.0,2352.0,2075.0,0.0,4016.0,4016.0,1465.0,610.0,1714.0,638.0
2.0,4284.0,2067.0,2080.0,1620.0,4483.0,4483.0,1463.0,617.0,1096.0,971.0
2.0,3837.0,1800.0,2077.0,4016.0,2255.0,2255.0,1446.0,631.0,843.0,957.0
2.0,6053.0,1811.0,2069.0,4483.0,0.0,0.0,1431.0,638.0,1206.0,605.0
2.0,8725.0,2085.0,2065.0,2255.0,0.0,0.0,1434.0,631.0,1821.0,264.0
2.0,8895.0,2321.0,2069.0,0.0,1702.0,1702.0,1452.0,617.0,2047.0,274.0
2.0,6574.0,2299.0,2078.0,0.0,4037.0,4037.0,1467.0,611.0,1672.0,627.0
2.0,4275.0,2029.0,2083.0,1702.0,4384.0,4384.0,1465.0,618.0,1061.0,968.0
2.0,3948.0,1795.0,2080.0,4037.0,2130.0,2130.0,1448.0,632.0,834.0,961.0
2.0,6190.0,1833.0,2071.0,4384.0,0.0,0.0,1433.0,638.0,1219.0,614.0
2.0,8741.0,2089.0,2068.0,2130.0,0.0,0.0,1436.0,632.0,1817.0,272.0
2.0,8782.0,2315.0,2072.0,0.0,1821.0,1821.0,1454.0,618.0,2041.0,274.0
2.0,6467.0,2282.0,2083.0,0.0,4147.0,4147.0,1471.0,612.0,1661.0,621.0
2.0,4185.0,2007.0,2088.0,1821.0,4353.0,4353.0,1469.0,619.0,1047.0,960.0
2.0,3999.0,1792.0,2084.0,4147.0,1982.0,1982.0,1452.0,632.0,835.0,957.0
2.0,6354.0,1836.0,2075.0,4353.0,0.0,0.0,1436.0,639.0,1219.0,617.0
2.0,8871.0,2120.0,2071.0,1982.0,0.0,0.0,1439.0,632.0,1846.0,274.0
2.0,8733.0,2357.0,2076.0,0.0,1928.0,1928.0,1458.0,618.0,2084.0,273.0
2.0,6376.0,2304.0,2087.0,0.0,4276.0,4276.0,1475.0,612.0,1692.0,612.0
2.0,4072.0,2013.0,2091.0,1928.0,4377.0,4377.0,1473.0,618.0,1056.0,957.0
2.0,3987.0,1805.0,2087.0,4276.0,1890.0,1890.0,1455.0,632.0,833.0,972.0
2.0,6458.0,1885.0,2079.0,4377.0,0.0,0.0,1440.0,639.0,1248.0,637.0
2.0,8950.0,2163.0,2076.0,1890.0,0.0,0.0,1443.0,633.0,1870.0,293.0
2.0,8677.0,2368.0,2081.0,0.0,2015.0,2015.0,1462.0,619.0,2089.0,279.0
2.0,6309.0,2299.0,2090.0,0.0,4350.0,4350.0,1478.0,612.0,1695.0,604.0
2.0,4010.0,2039.0,2095.0,2015.0,4394.0,4394.0,1477.0,618.0,1082.0,957.0
2.0,3986.0,1854.0,2092.0,4350.0,1886.0,1886.0,1460.0,632.0,867.0,987.0
2.0,6482.0,1919.0,2085.0,4394.0,0.0,0.0,1445.0,640.0,1266.0,653.0
2.0,8957.0,2197.0,2081.0,1886.0,0.0,0.0,1448.0,633.0,1896.0,301.0
2.0,8646.0,2409.0,2086.0,0.0,2107.0,2107.0,1467.0,619.0,2132.0,277.0
2.0,6237.0,2335.0,2096.0,0.0,4482.0,4482.0,1484.0,612.0,1723.0,612.0
2.0,3902.0,2066.0,2101.0,2107.0,4461.0,4461.0,1482.0,619.0,1097.0,969.0
2.0,3943.0,1866.0,2097.0,4482.0,1829.0,1829.0,1464.0,633.0,869.0,997.0
2.0,6559.0,1942.0,2089.0,4461.0,0.0,0.0,1449.0,640.0,1280.0,662.0
2.0,9078.0,2211.0,2086.0,1829.0,0.0,0.0,1452.0,634.0,1909.0,302.0
2.0,8696.0,2418.0,2090.0,0.0,2082.0,2082.0,1470.0,620.0,2135.0,283.0
2.0,6278.0,2343.0,2099.0,0.0,4461.0,4461.0,1486.0,613.0,1720.0,623.0
2.0,3935.0,2067.0,2103.0,2082.0,4462.0,4462.0,1483.0,620.0,1082.0,985.0
2.0,3950.0,1874.0,2099.0,4461.0,1859.0,1859.0,1465.0,634.0,870.0,1004.0
2.0,6537.0,1945.0,2091.0,4462.0,0.0,0.0,1450.0,641.0,1287.0,658.0
2.0,9054.0,2236.0,2088.0,1859.0,0.0,0.0,1454.0,634.0,1935.0,301.0
2.0,8677.0,2420.0,2095.0,0.0,2123.0,2123.0,1474.0,621.0,2134.0,286.0
2.0,6257.0,2332.0,2103.0,0.0,4487.0,4487.0,1489.0,614.0,1701.0,631.0
2.0,3925.0,2049.0,2107.0,2123.0,4429.0,4429.0,1486.0,621.0,1060.0,989.0
2.0,3999.0,1868.0,2103.0,4487.0,1794.0,1794.0,1468.0,635.0,865.0,1003.0
2.0,6618.0,1938.0,2095.0,4429.0,0.0,0.0,1453.0,642.0,1278.0,660.0
2.0,9109.0,2198.0,2091.0,1794.0,0.0,0.0,1456.0,635.0,1899.0,299.0
2.0,8705.0,2411.0,2097.0,0.0,2094.0,2094.0,1475.0,622.0,2127.0,284.0
2.0,6294.0,2339.0,2106.0,0.0,4469.0,4469.0,1491.0,615.0,1713.0,626.0
2.0,3955.0,2046.0,2112.0,2094.0,4445.0,4445.0,1489.0,623.0,1064.0,982.0
2.0,4003.0,1817.0,2106.0,4469.0,1769.0,1769.0,1470.0,636.0,830.0,987.0
2.0,6655.0,1890.0,2097.0,4445.0,0.0,0.0,1454.0,643.0,1248.0,642.0
2.0,9210.0,2196.0,2095.0,1769.0,0.0,0.0,1458.0,637.0,1897.0,299.0
2.0,8783.0,2414.0,2101.0,0.0,2035.0,2035.0,1477.0,624.0,2117.0,297.0
2.0,6369.0,2323.0,2111.0,0.0,4398.0,4398.0,1494.0,617.0,1687.0,636.0
2.0,4046.0,2016.0,2115.0,2035.0,4395.0,4395.0,1490.0,625.0,1042.0,974.0
2.0,4065.0,1802.0,2109.0,4398.0,1775.0,1775.0,1471.0,638.0,818.0,984.0
2.0,6661.0,1881.0,2101.0,4395.0,0.0,0.0,1455.0,646.0,1231.0,650.0
2.0,9175.0,2200.0,2099.0,1775.0,0.0,0.0,1460.0,639.0,1892.0,308.0
2.0,8750.0,2432.0,2107.0,0.0,2110.0,2110.0,1480.0,627.0,2137.0,295.0
2.0,6318.0,2319.0,2117.0,0.0,4469.0,4469.0,1497.0,620.0,1705.0,614.0
2.0,3999.0,1991.0,2120.0,2110.0,4362.0,4362.0,1494.0,626.0,1041.0,950.0
2.0,4118.0,1772.0,2114.0,4469.0,1641.0,1641.0,1474.0,640.0,795.0,977.0
2.0,6815.0,1893.0,2105.0,4362.0,0.0,0.0,1458.0,647.0,1235.0,658.0
2.0,9284.0,2220.0,2104.0,1641.0,0.0,0.0,1463.0,641.0,1903.0,317.0
2.0,8705.0,2420.0,2113.0,0.0,2167.0,2167.0,1484.0,629.0,2125.0,295.0
2.0,6285.0,2295.0,2122.0,0.0,4498.0,4498.0,1500.0,622.0,1679.0,616.0
2.0,3990.0,1995.0,2126.0,2167.0,4342.0,4342.0,1497.0,629.0,1037.0,958.0
2.0,4162.0,1822.0,2119.0,4498.0,1638.0,1638.0,1477.0,642.0,838.0,984.0
2.0,6838.0,1947.0,2112.0,4342.0,0.0,0.0,1462.0,650.0,1284.0,663.0
2.0,9233.0,2245.0,2110.0,1638.0,0.0,0.0,1466.0,644.0,1924.0,321.0
2.0,8626.0,2409.0,2118.0,0.0,2255.0,2255.0,1487.0,631.0,2114.0,295.0
2.0,6217.0,2307.0,2128.0,0.0,4602.0,4602.0,1503.0,625.0,1695.0,612.0
2.0,3910.0,2024.0,2131.0,2255.0,4383.0,4383.0,1500.0,631.0,1070.0,954.0
2.0,4141.0,1848.0,2125.0,4602.0,1605.0,1605.0,1481.0,644.0,869.0,979.0
2.0,6895.0,1974.0,2117.0,4383.0,0.0,0.0,1466.0,651.0,1308.0,666.0
2.0,9304.0,2264.0,2116.0,1605.0,0.0,0.0,1470.0,646.0,1936.0,328.0
2.0,8645.0,2444.0,2124.0,0.0,2295.0,2295.0,1490.0,634.0,2132.0,312.0
2.0,6201.0,2320.0,2133.0,0.0,4651.0,4651.0,1506.0,627.0,1694.0,626.0
2.0,3881.0,2060.0,2136.0,2295.0,4428.0,4428.0,1503.0,633.0,1093.0,967.0
2.0,4116.0,1907.0,2130.0,4651.0,1660.0,1660.0,1484.0,646.0,925.0,982.0
2.0,6860.0,2022.0,2122.0,4428.0,0.0,0.0,1469.0,653.0,1357.0,665.0
2.0,9266.0,2271.0,2122.0,1660.0,0.0,0.0,1474.0,648.0,1947.0,324.0
2.0,8655.0,2412.0,2128.0,0.0,2269.0,2269.0,1493.0,635.0,2110.0,302.0
2.0,6243.0,2309.0,2137.0,0.0,4614.0,4614.0,1509.0,628.0,1686.0,623.0
2.0,3934.0,2061.0,2139.0,2269.0,4414.0,4414.0,1505.0,634.0,1090.0,971.0
2.0,4142.0,1940.0,2134.0,4614.0,1720.0,1720.0,1487.0,647.0,940.0,1000.0
2.0,6816.0,2062.0,2126.0,4414.0,0.0,0.0,1472.0,654.0,1390.0,672.0
2.0,9168.0,2298.0,2126.0,1720.0,0.0,0.0,1477.0,649.0,1981.0,317.0
2.0,8590.0,2405.0,2132.0,0.0,2343.0,2343.0,1497.0,635.0,2118.0,287.0
2.0,6185.0,2267.0,2140.0,0.0,4642.0,4642.0,1512.0,628.0,1653.0,614.0
2.0,3918.0,2025.0,2142.0,2343.0,4332.0,4332.0,1508.0,634.0,1047.0,978.0
2.0,4236.0,1928.0,2135.0,4642.0,1590.0,1590.0,1488.0,647.0,923.0,1005.0
2.0,6950.0,2088.0,2129.0,4332.0,0.0,0.0,1474.0,655.0,1411.0,677.0
2.0,9194.0,2321.0,2129.0,1590.0,53.0,53.0,1480.0,649.0,2003.0,318.0
2.0,8463.0,2382.0,2135.0,0.0,2459.0,2459.0,1500.0,635.0,2103.0,279.0
2.0,6081.0,2235.0,2143.0,53.0,4673.0,4673.0,1515.0,628.0,1626.0,609.0
2.0,3899.0,2003.0,2144.0,2459.0,4221.0,4221.0,1510.0,634.0,1034.0,969.0
2.0,4355.0,1920.0,2138.0,4673.0,1444.0,1444.0,1491.0,647.0,914.0,1006.0
2.0,7108.0,2054.0,2132.0,4221.0,0.0,0.0,1477.0,655.0,1371.0,683.0
2.0,9275.0,2288.0,2130.0,1444.0,89.0,89.0,1481.0,649.0,1967.0,321.0
2.0,8431.0,2382.0,2137.0,0.0,2499.0,2499.0,1501.0,636.0,2091.0,291.0
2.0,6049.0,2227.0,2144.0,89.0,4665.0,4665.0,1516.0,628.0,1620.0,607.0
2.0,3911.0,1981.0,2146.0,2499.0,4155.0,4155.0,1512.0,634.0,1027.0,954.0
2.0,4429.0,1866.0,2141.0,4665.0,1336.0,1336.0,1493.0,648.0,880.0,986.0
2.0,7228.0,1996.0,2132.0,4155.0,0.0,0.0,1477.0,655.0,1324.0,672.0
2.0,9387.0,2277.0,2131.0,1336.0,78.0,78.0,1482.0,649.0,1947.0,330.0
2.0,8446.0,2420.0,2139.0,0.0,2530.0,2530.0,1503.0,636.0,2116.0,304.0
2.0,6026.0,2286.0,2148.0,78.0,4774.0,4774.0,1519.0,629.0,1672.0,614.0
2.0,3818.0,2014.0,2151.0,2530.0,4270.0,4270.0,1516.0,635.0,1067.0,947.0
2.0,4334.0,1875.0,2145.0,4774.0,1347.0,1347.0,1497.0,648.0,894.0,981.0
2.0,7233.0,1990.0,2136.0,4270.0,0.0,0.0,1481.0,655.0,1314.0,676.0
2.0,9513.0,2258.0,2135.0,1347.0,0.0,0.0,1485.0,650.0,1914.0,344.0
2.0,8602.0,2397.0,2143.0,0.0,2367.0,2367.0,1506.0,637.0,2101.0,296.0
2.0,6205.0,2295.0,2153.0,0.0,4702.0,4702.0,1523.0,630.0,1699.0,596.0
2.0,3910.0,2038.0,2155.0,2367.0,4381.0,4381.0,1520.0,635.0,1098.0,940.0
2.0,4239.0,1886.0,2149.0,4702.0,1541.0,1541.0,1501.0,648.0,900.0,986.0
2.0,7055.0,1992.0,2141.0,4381.0,0.0,0.0,1485.0,656.0,1300.0,692.0
2.0,9444.0,2247.0,2141.0,1541.0,0.0,0.0,1490.0,651.0,1900.0,347.0
2.0,8738.0,2406.0,2148.0,0.0,2260.0,2260.0,1510.0,638.0,2112.0,294.0
2.0,6332.0,2305.0,2157.0,0.0,4601.0,4601.0,1527.0,630.0,1715.0,590.0
2.0,4027.0,2066.0,2160.0,2260.0,4419.0,4419.0,1524.0,636.0,1119.0,947.0
2.0,4221.0,1925.0,2154.0,4601.0,1719.0,1719.0,1505.0,649.0,920.0,1005.0
2.0,6897.0,2031.0,2146.0,4419.0,0.0,0.0,1489.0,657.0,1324.0,707.0
2.0,9285.0,2284.0,2146.0,1719.0,0.0,0.0,1494.0,652.0,1928.0,356.0
2.0,8720.0,2434.0,2153.0,0.0,2326.0,2326.0,1514.0,639.0,2128.0,306.0
2.0,6286.0,2325.0,2163.0,0.0,4691.0,4691.0,1531.0,632.0,1718.0,607.0
2.0,3961.0,2077.0,2165.0,2326.0,4450.0,4450.0,1527.0,638.0,1122.0,955.0
2.0,4210.0,1957.0,2159.0,4691.0,1692.0,1692.0,1508.0,651.0,943.0,1014.0
2.0,6944.0,2075.0,2152.0,4450.0,0.0,0.0,1493.0,659.0,1356.0,719.0
2.0,9319.0,2330.0,2152.0,1692.0,0.0,0.0,1498.0,654.0,1964.0,366.0
2.0,8681.0,2458.0,2159.0,0.0,2413.0,2413.0,1518.0,641.0,2151.0,307.0
2.0,6223.0,2345.0,2168.0,0.0,4794.0,4794.0,1534.0,634.0,1746.0,599.0
2.0,3878.0,2096.0,2169.0,2413.0,4481.0,4481.0,1530.0,639.0,1142.0,954.0
2.0,4195.0,1959.0,2164.0,4794.0,1626.0,1626.0,1511.0,653.0,936.0,1023.0
2.0,7030.0,2057.0,2157.0,4481.0,0.0,0.0,1496.0,661.0,1324.0,733.0
2.0,9454.0,2322.0,2157.0,1626.0,0.0,0.0,1501.0,656.0,1945.0,377.0
2.0,8758.0,2486.0,2165.0,0.0,2388.0,2388.0,1521.0,644.0,2178.0,308.0
2.0,6272.0,2364.0,2173.0,0.0,4784.0,4784.0,1537.0,636.0,1767.0,597.0
2.0,3908.0,2063.0,2173.0,2388.0,4459.0,4459.0,1532.0,641.0,1116.0,947.0
2.0,4233.0,1926.0,2166.0,4784.0,1573.0,1573.0,1511.0,655.0,909.0,1017.0
2.0,7091.0,2065.0,2159.0,4459.0,0.0,0.0,1496.0,663.0,1324.0,741.0
2.0,9485.0,2362.0,2161.0,1573.0,0.0,0.0,1502.0,659.0,1971.0,391.0
2.0,8696.0,2501.0,2170.0,0.0,2485.0,2485.0,1524.0,646.0,2190.0,311.0
2.0,6195.0,2344.0,2178.0,0.0,4861.0,4861.0,1540.0,638.0,1754.0,590.0
2.0,3851.0,2040.0,2177.0,2485.0,4412.0,4412.0,1534.0,643.0,1093.0,947.0
2.0,4296.0,1903.0,2170.0,4861.0,1426.0,1426.0,1513.0,657.0,883.0,1020.0
2.0,7254.0,2061.0,2164.0,4412.0,0.0,0.0,1498.0,666.0,1323.0,738.0
2.0,9605.0,2385.0,2166.0,1426.0,18.0,18.0,1505.0,661.0,1999.0,386.0
2.0,8646.0,2539.0,2177.0,0.0,2601.0,2601.0,1528.0,649.0,2223.0,316.0
2.0,6107.0,2332.0,2185.0,18.0,4947.0,4947.0,1544.0,641.0,1746.0,586.0
2.0,3793.0,1974.0,2183.0,2601.0,4312.0,4312.0,1537.0,646.0,1041.0,933.0
2.0,4420.0,1824.0,2174.0,4947.0,1153.0,1153.0,1515.0,659.0,820.0,1004.0
2.0,7543.0,2049.0,2167.0,4312.0,0.0,0.0,1500.0,667.0,1319.0,730.0
2.0,9806.0,2412.0,2171.0,1153.0,137.0,137.0,1508.0,663.0,2032.0,380.0
2.0,8547.0,2553.0,2182.0,0.0,2734.0,2734.0,1532.0,650.0,2241.0,312.0
2.0,5994.0,2334.0,2191.0,137.0,4967.0,4967.0,1548.0,643.0,1744.0,590.0
2.0,3797.0,1950.0,2190.0,2734.0,4179.0,4179.0,1542.0,648.0,1020.0,930.0
2.0,4581.0,1793.0,2181.0,4967.0,969.0,969.0,1520.0,661.0,795.0,998.0
2.0,7755.0,2027.0,2174.0,4179.0,0.0,0.0,1505.0,669.0,1307.0,720.0
2.0,9907.0,2422.0,2176.0,969.0,250.0,250.0,1512.0,664.0,2045.0,377.0
2.0,8454.0,2549.0,2186.0,0.0,2839.0,2839.0,1534.0,652.0,2241.0,308.0
2.0,5905.0,2280.0,2194.0,250.0,4901.0,4901.0,1550.0,644.0,1702.0,578.0
2.0,3875.0,1891.0,2192.0,2839.0,3945.0,3945.0,1543.0,649.0,973.0,918.0
2.0,4823.0,1775.0,2183.0,4901.0,783.0,783.0,1522.0,661.0,789.0,986.0
2.0,7949.0,2065.0,2176.0,3945.0,0.0,0.0,1507.0,669.0,1342.0,723.0
2.0,9829.0,2470.0,2180.0,783.0,578.0,578.0,1515.0,665.0,2090.0,380.0
2.0,8142.0,2594.0,2191.0,0.0,3216.0,3216.0,1538.0,653.0,2291.0,303.0
2.0,5548.0,2305.0,2199.0,578.0,4975.0,4975.0,1554.0,645.0,1735.0,570.0
2.0,3821.0,1896.0,2197.0,3216.0,3647.0,3647.0,1548.0,649.0,981.0,915.0
2.0,5141.0,1781.0,2188.0,4975.0,417.0,417.0,1526.0,662.0,787.0,994.0
2.0,8335.0,2054.0,2181.0,3647.0,0.0,0.0,1511.0,670.0,1325.0,729.0
2.0,9928.0,2469.0,2184.0,417.0,860.0,860.0,1518.0,666.0,2079.0,390.0
2.0,7876.0,2608.0,2195.0,0.0,3512.0,3512.0,1541.0,654.0,2295.0,313.0
2.0,5268.0,2332.0,2202.0,860.0,5012.0,5012.0,1557.0,645.0,1766.0,566.0
2.0,3796.0,1935.0,2200.0,3512.0,3427.0,3427.0,1551.0,649.0,1031.0,904.0
2.0,5373.0,1773.0,2191.0,5012.0,152.0,152.0,1530.0,661.0,796.0,977.0
2.0,8612.0,2039.0,2183.0,3427.0,0.0,0.0,1514.0,669.0,1315.0,724.0
2.0,10000.0,2457.0,2185.0,152.0,1045.0,1045.0,1520.0,665.0,2059.0,398.0
2.0,7695.0,2628.0,2196.0,0.0,3717.0,3717.0,1543.0,653.0,2299.0,329.0
2.0,5067.0,2380.0,2204.0,1045.0,5084.0,5084.0,1559.0,645.0,1790.0,590.0
2.0,3732.0,1968.0,2202.0,3717.0,3327.0,3327.0,1553.0,649.0,1046.0,922.0
2.0,5481.0,1798.0,2192.0,5084.0,1.0,1.0,1531.0,661.0,804.0,994.0
2.0,8767.0,2058.0,2184.0,3327.0,0.0,0.0,1515.0,669.0,1326.0,732.0
2.0,10036.0,2490.0,2187.0,1.0,1201.0,1201.0,1522.0,665.0,2090.0,400.0
2.0,7547.0,2665.0,2198.0,0.0,3910.0,3910.0,1545.0,653.0,2339.0,326.0
2.0,4882.0,2398.0,2207.0,1201.0,5143.0,5143.0,1562.0,645.0,1811.0,587.0
2.0,3685.0,1973.0,2205.0,3910.0,3198.0,3198.0,1556.0,649.0,1043.0,930.0
2.0,5622.0,1785.0,2195.0,5143.0,0.0,0.0,1534.0,661.0,774.0,1011.0
2.0,8980.0,2057.0,2186.0,3198.0,0.0,0.0,1517.0,669.0,1304.0,753.0
2.0,10121.0,2516.0,2189.0,0.0,1151.0,1151.0,1523.0,666.0,2101.0,415.0
2.0,7605.0,2685.0,2201.0,0.0,3884.0,3884.0,1547.0,654.0,2351.0,334.0
2.0,4920.0,2406.0,2211.0,1151.0,5179.0,5179.0,1565.0,646.0,1820.0,586.0
2.0,3665.0,1969.0,2208.0,3884.0,3252.0,3252.0,1559.0,649.0,1045.0,924.0
2.0,5580.0,1794.0,2198.0,5179.0,0.0,0.0,1537.0,661.0,784.0,1010.0
2.0,8965.0,2061.0,2189.0,3252.0,0.0,0.0,1519.0,670.0,1295.0,766.0
2.0,10156.0,2501.0,2192.0,0.0,1113.0,1113.0,1525.0,667.0,2070.0,431.0
2.0,7655.0,2675.0,2204.0,0.0,3836.0,3836.0,1549.0,655.0,2335.0,340.0
2.0,4980.0,2391.0,2214.0,1113.0,5154.0,5154.0,1567.0,647.0,1807.0,584.0
2.0,3702.0,1959.0,2212.0,3836.0,3269.0,3269.0,1562.0,650.0,1045.0,914.0
2.0,5579.0,1803.0,2201.0,5154.0,0.0,0.0,1539.0,662.0,807.0,996.0
2.0,8930.0,2089.0,2193.0,3269.0,0.0,0.0,1522.0,671.0,1329.0,760.0
2.0,10110.0,2509.0,2196.0,0.0,1183.0,1183.0,1528.0,668.0,2071.0,438.0
2.0,7601.0,2668.0,2209.0,0.0,3903.0,3903.0,1552.0,657.0,2314.0,354.0
2.0,4933.0,2395.0,2220.0,1183.0,5159.0,5159.0,1571.0,649.0,1804.0,591.0
2.0,3721.0,1948.0,2218.0,3903.0,3196.0,3196.0,1566.0,652.0,1045.0,903.0
2.0,5676.0,1790.0,2206.0,5159.0,0.0,0.0,1542.0,664.0,808.0,982.0
2.0,9045.0,2075.0,2197.0,3196.0,0.0,0.0,1525.0,672.0,1315.0,760.0
2.0,10166.0,2517.0,2200.0,0.0,1151.0,1151.0,1531.0,669.0,2071.0,446.0
2.0,7649.0,2665.0,2214.0,0.0,3872.0,3872.0,1556.0,658.0,2312.0,353.0
2.0,4984.0,2377.0,2225.0,1151.0,5142.0,5142.0,1575.0,650.0,1800.0,577.0
2.0,3758.0,1927.0,2224.0,3872.0,3193.0,3193.0,1570.0,654.0,1032.0,895.0
2.0,5703.0,1771.0,2210.0,5142.0,0.0,0.0,1545.0,665.0,775.0,996.0
2.0,9074.0,2078.0,2201.0,3193.0,0.0,0.0,1527.0,674.0,1307.0,771.0
2.0,10189.0,2536.0,2207.0,0.0,1175.0,1175.0,1535.0,672.0,2099.0,437.0
2.0,7653.0,2666.0,2221.0,0.0,3897.0,3897.0,1561.0,660.0,2340.0,326.0
2.0,4987.0,2352.0,2233.0,1175.0,5122.0,5122.0,1581.0,652.0,1796.0,556.0
2.0,3810.0,1913.0,2229.0,3897.0,3122.0,3122.0,1574.0,655.0,1017.0,896.0
2.0,5794.0,1779.0,2216.0,5122.0,0.0,0.0,1549.0,667.0,768.0,1011.0
2.0,9137.0,2079.0,2207.0,3122.0,0.0,0.0,1530.0,677.0,1299.0,780.0
2.0,10180.0,2531.0,2211.0,0.0,1195.0,1195.0,1537.0,674.0,2091.0,440.0
2.0,7649.0,2666.0,2226.0,0.0,3921.0,3921.0,1563.0,663.0,2337.0,329.0
2.0,4983.0,2338.0,2236.0,1195.0,5104.0,5104.0,1582.0,654.0,1787.0,551.0
2.0,3840.0,1902.0,2233.0,3921.0,3073.0,3073.0,1576.0,657.0,1013.0,889.0
2.0,5859.0,1806.0,2221.0,5104.0,0.0,0.0,1552.0,669.0,801.0,1005.0
2.0,9157.0,2125.0,2211.0,3073.0,0.0,0.0,1533.0,678.0,1340.0,785.0
2.0,10105.0,2545.0,2216.0,0.0,1304.0,1304.0,1540.0,676.0,2100.0,445.0
2.0,7560.0,2623.0,2229.0,0.0,3979.0,3979.0,1564.0,665.0,2294.0,329.0
2.0,4937.0,2294.0,2239.0,1304.0,5009.0,5009.0,1582.0,657.0,1748.0,546.0
2.0,3947.0,1908.0,2236.0,3979.0,2926.0,2926.0,1576.0,660.0,1020.0,888.0
2.0,6018.0,1872.0,2225.0,5009.0,0.0,0.0,1553.0,672.0,851.0,1021.0
2.0,9155.0,2179.0,2217.0,2926.0,0.0,0.0,1536.0,681.0,1381.0,798.0
2.0,9902.0,2568.0,2220.0,0.0,1546.0,1546.0,1542.0,678.0,2113.0,455.0
2.0,7334.0,2642.0,2233.0,0.0,4240.0,4240.0,1566.0,667.0,2308.0,334.0
2.0,4692.0,2344.0,2244.0,1546.0,5082.0,5082.0,1585.0,659.0,1783.0,561.0
2.0,3894.0,1940.0,2241.0,4240.0,2770.0,2770.0,1579.0,662.0,1037.0,903.0
2.0,6194.0,1844.0,2229.0,5082.0,0.0,0.0,1555.0,674.0,829.0,1015.0
2.0,9432.0,2177.0,2220.0,2770.0,0.0,0.0,1537.0,683.0,1383.0,794.0
2.0,10025.0,2592.0,2223.0,0.0,1459.0,1459.0,1543.0,680.0,2139.0,453.0
2.0,7433.0,2671.0,2237.0,0.0,4186.0,4186.0,1568.0,669.0,2336.0,335.0
2.0,4762.0,2342.0,2247.0,1459.0,5109.0,5109.0,1587.0,660.0,1783.0,559.0
2.0,3879.0,1935.0,2245.0,4186.0,2850.0,2850.0,1582.0,663.0,1028.0,907.0
2.0,6130.0,1847.0,2232.0,5109.0,0.0,0.0,1557.0,675.0,825.0,1022.0
2.0,9392.0,2164.0,2223.0,2850.0,0.0,0.0,1539.0,684.0,1366.0,798.0
2.0,10078.0,2571.0,2225.0,0.0,1393.0,1393.0,1544.0,681.0,2115.0,456.0
2.0,7507.0,2678.0,2239.0,0.0,4127.0,4127.0,1569.0,670.0,2341.0,337.0
2.0,4829.0,2363.0,2250.0,1393.0,5141.0,5141.0,1589.0,661.0,1804.0,559.0
2.0,3859.0,1921.0,2247.0,4127.0,2923.0,2923.0,1583.0,664.0,1022.0,899.0
2.0,6065.0,1841.0,2234.0,5141.0,0.0,0.0,1559.0,675.0,813.0,1028.0
2.0,9365.0,2172.0,2225.0,2923.0,0.0,0.0,1541.0,684.0,1366.0,806.0
2.0,10116.0,2615.0,2229.0,0.0,1415.0,1415.0,1547.0,682.0,2158.0,457.0
2.0,7501.0,2718.0,2243.0,0.0,4189.0,4189.0,1573.0,670.0,2387.0,331.0
2.0,4783.0,2356.0,2254.0,1415.0,5174.0,5174.0,1592.0,662.0,1809.0,547.0
2.0,3842.0,1889.0,2250.0,4189.0,2858.0,2858.0,1586.0,664.0,997.0,892.0
2.0,6142.0,1794.0,2237.0,5174.0,0.0,0.0,1561.0,676.0,767.0,1027.0
2.0,9522.0,2175.0,2227.0,2858.0,0.0,0.0,1543.0,684.0,1362.0,813.0
2.0,10205.0,2648.0,2232.0,0.0,1371.0,1371.0,1550.0,682.0,2186.0,462.0
2.0,7557.0,2725.0,2247.0,0.0,4156.0,4156.0,1576.0,671.0,2398.0,327.0
2.0,4832.0,2364.0,2259.0,1371.0,5197.0,5197.0,1596.0,663.0,1817.0,547.0
2.0,3839.0,1883.0,2254.0,4156.0,2904.0,2904.0,1589.0,665.0,989.0,894.0
2.0,6112.0,1757.0,2240.0,5197.0,0.0,0.0,1564.0,676.0,737.0,1020.0
2.0,9552.0,2145.0,2230.0,2904.0,0.0,0.0,1545.0,685.0,1339.0,806.0
2.0,10311.0,2636.0,2235.0,0.0,1265.0,1265.0,1552.0,683.0,2176.0,460.0
2.0,7675.0,2755.0,2251.0,0.0,4084.0,4084.0,1579.0,672.0,2430.0,325.0
2.0,4920.0,2366.0,2262.0,1265.0,5229.0,5229.0,1599.0,663.0,1834.0,532.0
2.0,3819.0,1883.0,2259.0,4084.0,3016.0,3016.0,1594.0,665.0,1007.0,876.0
2.0,6020.0,1764.0,2244.0,5229.0,0.0,0.0,1568.0,676.0,746.0,1018.0
2.0,9485.0,2130.0,2233.0,3016.0,0.0,0.0,1548.0,685.0,1319.0,811.0
2.0,10371.0,2628.0,2239.0,0.0,1213.0,1213.0,1555.0,684.0,2165.0,463.0
2.0,7743.0,2758.0,2254.0,0.0,4031.0,4031.0,1582.0,672.0,2436.0,322.0
2.0,4985.0,2387.0,2266.0,1213.0,5253.0,5253.0,1603.0,663.0,1853.0,534.0
2.0,3811.0,1879.0,2262.0,4031.0,3085.0,3085.0,1597.0,665.0,991.0,888.0
2.0,5963.0,1757.0,2248.0,5253.0,0.0,0.0,1571.0,677.0,725.0,1032.0
2.0,9459.0,2127.0,2237.0,3085.0,0.0,0.0,1551.0,686.0,1310.0,817.0
2.0,10417.0,2632.0,2243.0,0.0,1187.0,1187.0,1559.0,684.0,2173.0,459.0
2.0,7785.0,2762.0,2260.0,0.0,4017.0,4017.0,1586.0,674.0,2437.0,325.0
2.0,5023.0,2391.0,2271.0,1187.0,5265.0,5265.0,1606.0,665.0,1847.0,544.0
2.0,3819.0,1885.0,2266.0,4017.0,3113.0,3113.0,1599.0,667.0,987.0,898.0
2.0,5951.0,1748.0,2251.0,5265.0,0.0,0.0,1573.0,678.0,711.0,1037.0
2.0,9468.0,2154.0,2242.0,3113.0,0.0,0.0,1554.0,688.0,1322.0,832.0
2.0,10427.0,2670.0,2249.0,0.0,1239.0,1239.0,1562.0,687.0,2186.0,484.0
2.0,7757.0,2787.0,2266.0,0.0,4094.0,4094.0,1590.0,676.0,2455.0,332.0
2.0,4970.0,2386.0,2276.0,1239.0,5281.0,5281.0,1609.0,667.0,1846.0,540.0
2.0,3823.0,1882.0,2271.0,4094.0,3049.0,3049.0,1602.0,669.0,989.0,893.0
2.0,6035.0,1771.0,2255.0,5281.0,0.0,0.0,1575.0,680.0,738.0,1033.0
2.0,9545.0,2165.0,2245.0,3049.0,0.0,0.0,1556.0,689.0,1336.0,829.0
2.0,10429.0,2676.0,2252.0,0.0,1255.0,1255.0,1564.0,688.0,2185.0,491.0
2.0,7753.0,2806.0,2268.0,0.0,4125.0,4125.0,1591.0,677.0,2453.0,353.0
2.0,4947.0,2420.0,2279.0,1255.0,5334.0,5334.0,1611.0,668.0,1866.0,554.0
2.0,3782.0,1918.0,2274.0,4125.0,3107.0,3107.0,1604.0,670.0,1020.0,898.0
2.0,5989.0,1784.0,2260.0,5334.0,0.0,0.0,1578.0,682.0,744.0,1040.0
2.0,9539.0,2172.0,2249.0,3107.0,0.0,0.0,1558.0,691.0,1334.0,838.0
2.0,10474.0,2688.0,2256.0,0.0,1238.0,1238.0,1566.0,690.0,2193.0,495.0
2.0,7786.0,2808.0,2273.0,0.0,4114.0,4114.0,1594.0,679.0,2461.0,347.0
2.0,4978.0,2433.0,2284.0,1238.0,5353.0,5353.0,1614.0,670.0,1882.0,551.0
2.0,3783.0,1931.0,2279.0,4114.0,3150.0,3150.0,1607.0,672.0,1024.0,907.0
2.0,5966.0,1800.0,2265.0,5353.0,0.0,0.0,1581.0,684.0,752.0,1048.0
2.0,9519.0,2184.0,2256.0,3150.0,0.0,0.0,1562.0,694.0,1341.0,843.0
2.0,10485.0,2675.0,2261.0,0.0,1234.0,1234.0,1569.0,692.0,2187.0,488.0
2.0,7810.0,2804.0,2278.0,0.0,4106.0,4106.0,1597.0,681.0,2466.0,338.0
2.0,5006.0,2425.0,2290.0,1234.0,5345.0,5345.0,1618.0,672.0,1879.0,546.0
2.0,3815.0,1932.0,2285.0,4106.0,3151.0,3151.0,1611.0,674.0,1030.0,902.0
2.0,5989.0,1825.0,2270.0,5345.0,0.0,0.0,1585.0,685.0,771.0,1054.0
2.0,9509.0,2205.0,2260.0,3151.0,0.0,0.0,1565.0,695.0,1362.0,843.0
2.0,10455.0,2680.0,2266.0,0.0,1289.0,1289.0,1572.0,694.0,2200.0,480.0
2.0,7775.0,2788.0,2283.0,0.0,4145.0,4145.0,1600.0,683.0,2452.0,336.0
2.0,4987.0,2404.0,2295.0,1289.0,5308.0,5308.0,1621.0,674.0,1860.0,544.0
2.0,3872.0,1923.0,2291.0,4145.0,3070.0,3070.0,1615.0,676.0,1021.0,902.0
2.0,6094.0,1813.0,2274.0,5308.0,0.0,0.0,1587.0,687.0,767.0,1046.0
2.0,9589.0,2185.0,2264.0,3070.0,0.0,0.0,1567.0,697.0,1354.0,831.0
2.0,10474.0,2673.0,2270.0,0.0,1279.0,1279.0,1575.0,695.0,2201.0,472.0
2.0,7801.0,2781.0,2287.0,0.0,4128.0,4128.0,1603.0,684.0,2454.0,327.0
2.0,5020.0,2386.0,2299.0,1279.0,5283.0,5283.0,1624.0,675.0,1845.0,541.0
2.0,3913.0,1913.0,2295.0,4128.0,3052.0,3052.0,1618.0,677.0,1016.0,897.0
2.0,6128.0,1832.0,2279.0,5283.0,0.0,0.0,1591.0,688.0,789.0,1043.0
2.0,9579.0,2225.0,2269.0,3052.0,0.0,0.0,1571.0,698.0,1392.0,833.0
2.0,10406.0,2693.0,2276.0,0.0,1391.0,1391.0,1579.0,697.0,2215.0,478.0
2.0,7713.0,2754.0,2292.0,0.0,4209.0,4209.0,1606.0,686.0,2423.0,331.0
2.0,4959.0,2351.0,2303.0,1391.0,5213.0,5213.0,1626.0,677.0,1810.0,541.0
2.0,3999.0,1889.0,2299.0,4209.0,2877.0,2877.0,1620.0,679.0,991.0,898.0
2.0,6319.0,1818.0,2284.0,5213.0,0.0,0.0,1594.0,690.0,784.0,1034.0
2.0,9714.0,2212.0,2273.0,2877.0,0.0,0.0,1574.0,699.0,1398.0,814.0
2.0,10379.0,2679.0,2279.0,0.0,1416.0,1416.0,1581.0,698.0,2219.0,460.0
2.0,7700.0,2750.0,2295.0,0.0,4230.0,4230.0,1608.0,687.0,2427.0,323.0
2.0,4950.0,2341.0,2307.0,1416.0,5203.0,5203.0,1629.0,678.0,1796.0,545.0
2.0,4025.0,1884.0,2301.0,4230.0,2833.0,2833.0,1622.0,679.0,973.0,911.0
2.0,6371.0,1815.0,2287.0,5203.0,0.0,0.0,1596.0,691.0,775.0,1040.0
2.0,9759.0,2216.0,2276.0,2833.0,0.0,0.0,1576.0,700.0,1409.0,807.0
2.0,10376.0,2651.0,2281.0,0.0,1399.0,1399.0,1583.0,698.0,2207.0,444.0
2.0,7725.0,2728.0,2297.0,0.0,4191.0,4191.0,1610.0,687.0,2406.0,322.0
2.0,4997.0,2352.0,2309.0,1399.0,5192.0,5192.0,1631.0,678.0,1796.0,556.0
2.0,4044.0,1915.0,2303.0,4191.0,2892.0,2892.0,1624.0,679.0,993.0,922.0
2.0,6320.0,1838.0,2288.0,5192.0,0.0,0.0,1598.0,690.0,786.0,1052.0
2.0,9674.0,2229.0,2277.0,2892.0,0.0,0.0,1577.0,700.0,1411.0,818.0
2.0,10337.0,2714.0,2283.0,0.0,1509.0,1509.0,1585.0,698.0,2253.0,461.0
2.0,7623.0,2783.0,2300.0,0.0,4360.0,4360.0,1613.0,687.0,2450.0,333.0
2.0,4840.0,2372.0,2312.0,1509.0,5271.0,5271.0,1634.0,678.0,1812.0,560.0
2.0,3977.0,1889.0,2307.0,4360.0,2780.0,2780.0,1627.0,680.0,964.0,925.0
2.0,6448.0,1836.0,2291.0,5271.0,0.0,0.0,1600.0,691.0,773.0,1063.0
2.0,9883.0,2260.0,2280.0,2780.0,0.0,0.0,1580.0,700.0,1437.0,823.0
2.0,10403.0,2734.0,2286.0,0.0,1475.0,1475.0,1588.0,698.0,2282.0,452.0
2.0,7669.0,2791.0,2303.0,0.0,4334.0,4334.0,1616.0,687.0,2464.0,327.0
2.0,4878.0,2372.0,2314.0,1475.0,5275.0,5275.0,1636.0,678.0,1803.0,569.0
2.0,3981.0,1906.0,2309.0,4334.0,2827.0,2827.0,1629.0,680.0,964.0,942.0
2.0,6409.0,1877.0,2293.0,5275.0,0.0,0.0,1602.0,691.0,800.0,1077.0
2.0,9807.0,2314.0,2284.0,2827.0,0.0,0.0,1583.0,701.0,1474.0,840.0
2.0,10320.0,2764.0,2290.0,0.0,1604.0,1604.0,1591.0,699.0,2298.0,466.0
2.0,7556.0,2778.0,2307.0,0.0,4450.0,4450.0,1619.0,688.0,2454.0,324.0
2.0,4778.0,2354.0,2318.0,1604.0,5244.0,5244.0,1639.0,679.0,1795.0,559.0
2.0,4028.0,1917.0,2312.0,4450.0,2687.0,2687.0,1632.0,680.0,981.0,936.0
2.0,6561.0,1926.0,2298.0,5244.0,0.0,0.0,1606.0,692.0,846.0,1080.0
2.0,9879.0,2366.0,2290.0,2687.0,0.0,0.0,1588.0,702.0,1515.0,851.0
2.0,10200.0,2799.0,2297.0,0.0,1787.0,1787.0,1597.0,700.0,2323.0,476.0
2.0,7401.0,2800.0,2313.0,0.0,4651.0,4651.0,1624.0,689.0,2476.0,324.0
2.0,4601.0,2336.0,2323.0,1787.0,5240.0,5240.0,1644.0,679.0,1787.0,549.0
2.0,4052.0,1885.0,2317.0,4651.0,2450.0,2450.0,1636.0,681.0,957.0,928.0
2.0,6818.0,1897.0,2302.0,5240.0,0.0,0.0,1609.0,693.0,811.0,1086.0
2.0,10161.0,2375.0,2294.0,2450.0,0.0,0.0,1591.0,703.0,1513.0,862.0
2.0,10236.0,2823.0,2303.0,0.0,1799.0,1799.0,1601.0,702.0,2343.0,480.0
2.0,7413.0,2810.0,2319.0,0.0,4673.0,4673.0,1629.0,690.0,2489.0,321.0
2.0,4603.0,2321.0,2329.0,1799.0,5235.0,5235.0,1648.0,681.0,1780.0,541.0
2.0,4081.0,1856.0,2323.0,4673.0,2394.0,2394.0,1640.0,683.0,929.0,927.0
2.0,6898.0,1869.0,2307.0,5235.0,0.0,0.0,1613.0,694.0,782.0,1087.0
2.0,10264.0,2356.0,2300.0,2394.0,0.0,0.0,1595.0,705.0,1499.0,857.0
2.0,10302.0,2847.0,2308.0,0.0,1777.0,1777.0,1605.0,703.0,2369.0,478.0
2.0,7455.0,2821.0,2325.0,0.0,4666.0,4666.0,1633.0,692.0,2499.0,322.0
2.0,4634.0,2315.0,2335.0,1777.0,5244.0,5244.0,1652.0,683.0,1773.0,542.0
2.0,4096.0,1820.0,2327.0,4666.0,2366.0,2366.0,1643.0,684.0,905.0,915.0
2.0,6942.0,1833.0,2311.0,5244.0,0.0,0.0,1615.0,696.0,763.0,1070.0
2.0,10353.0,2358.0,2303.0,2366.0,0.0,0.0,1597.0,706.0,1498.0,860.0
2.0,10361.0,2835.0,2312.0,0.0,1722.0,1722.0,1607.0,705.0,2348.0,487.0
2.0,7526.0,2803.0,2330.0,0.0,4597.0,4597.0,1636.0,694.0,2479.0,324.0
2.0,4723.0,2280.0,2338.0,1722.0,5187.0,5187.0,1654.0,684.0,1737.0,543.0
2.0,4165.0,1806.0,2330.0,4597.0,2364.0,2364.0,1644.0,686.0,886.0,920.0
2.0,6956.0,1821.0,2314.0,5187.0,0.0,0.0,1616.0,698.0,753.0,1068.0
2.0,10322.0,2326.0,2306.0,2364.0,0.0,0.0,1598.0,708.0,1481.0,845.0
2.0,10360.0,2810.0,2315.0,0.0,1710.0,1710.0,1608.0,707.0,2338.0,472.0
2.0,7550.0,2807.0,2332.0,0.0,4585.0,4585.0,1637.0,695.0,2482.0,325.0
2.0,4743.0,2332.0,2343.0,1710.0,5251.0,5251.0,1657.0,686.0,1773.0,559.0
2.0,4121.0,1826.0,2336.0,4585.0,2464.0,2464.0,1647.0,689.0,891.0,935.0
2.0,6880.0,1816.0,2319.0,5251.0,0.0,0.0,1618.0,701.0,739.0,1077.0
2.0,10315.0,2296.0,2311.0,2464.0,0.0,0.0,1600.0,711.0,1454.0,842.0
2.0,10483.0,2785.0,2319.0,0.0,1578.0,1578.0,1610.0,709.0,2325.0,460.0
2.0,7698.0,2813.0,2336.0,0.0,4459.0,4459.0,1639.0,697.0,2498.0,315.0
2.0,4885.0,2361.0,2347.0,1578.0,5286.0,5286.0,1659.0,688.0,1798.0,563.0
2.0,4102.0,1874.0,2339.0,4459.0,2669.0,2669.0,1649.0,690.0,929.0,945.0
2.0,6687.0,1853.0,2323.0,5286.0,0.0,0.0,1621.0,702.0,775.0,1078.0
2.0,10120.0,2323.0,2314.0,2669.0,0.0,0.0,1602.0,712.0,1477.0,846.0
2.0,10466.0,2819.0,2322.0,0.0,1641.0,1641.0,1612.0,710.0,2341.0,478.0
2.0,7647.0,2821.0,2341.0,0.0,4538.0,4538.0,1642.0,699.0,2488.0,333.0
2.0,4826.0,2341.0,2350.0,1641.0,5274.0,5274.0,1661.0,689.0,1777.0,564.0
2.0,4126.0,1877.0,2343.0,4538.0,2585.0,2585.0,1651.0,692.0,936.0,941.0
2.0,6787.0,1877.0,2327.0,5274.0,0.0,0.0,1623.0,704.0,791.0,1086.0
2.0,10184.0,2363.0,2318.0,2585.0,0.0,0.0,1604.0,714.0,1507.0,856.0
2.0,10406.0,2848.0,2327.0,0.0,1750.0,1750.0,1615.0,712.0,2369.0,479.0
2.0,7558.0,2835.0,2345.0,0.0,4657.0,4657.0,1645.0,700.0,2508.0,327.0
2.0,4723.0,2339.0,2354.0,1750.0,5282.0,5282.0,1664.0,690.0,1786.0,553.0
2.0,4134.0,1881.0,2346.0,4657.0,2474.0,2474.0,1654.0,692.0,946.0,935.0
2.0,6910.0,1921.0,2330.0,5282.0,0.0,0.0,1626.0,704.0,832.0,1089.0
2.0,10271.0,2432.0,2324.0,2474.0,0.0,0.0,1609.0,715.0,1566.0,866.0
2.0,10313.0,2887.0,2333.0,0.0,1906.0,1906.0,1620.0,713.0,2393.0,494.0
2.0,7426.0,2849.0,2352.0,0.0,4831.0,4831.0,1650.0,702.0,2518.0,331.0
2.0,4577.0,2352.0,2359.0,1906.0,5305.0,5305.0,1668.0,691.0,1809.0,543.0
2.0,4131.0,1878.0,2350.0,4831.0,2316.0,2316.0,1657.0,693.0,958.0,920.0
2.0,7084.0,1906.0,2333.0,5305.0,0.0,0.0,1628.0,705.0,815.0,1091.0
2.0,10483.0,2404.0,2326.0,2316.0,0.0,0.0,1610.0,716.0,1513.0,891.0
2.0,10395.0,2887.0,2336.0,0.0,1836.0,1836.0,1621.0,715.0,2379.0,508.0
2.0,7508.0,2874.0,2355.0,0.0,4786.0,4786.0,1652.0,703.0,2552.0,322.0
2.0,4634.0,2359.0,2364.0,1836.0,5345.0,5345.0,1672.0,692.0,1838.0,521.0
2.0,4111.0,1872.0,2354.0,4786.0,2391.0,2391.0,1661.0,693.0,958.0,914.0
2.0,7025.0,1881.0,2336.0,5345.0,0.0,0.0,1631.0,705.0,782.0,1099.0
2.0,10489.0,2379.0,2328.0,2391.0,0.0,0.0,1612.0,716.0,1489.0,890.0
2.0,10501.0,2867.0,2338.0,0.0,1718.0,1718.0,1623.0,715.0,2374.0,493.0
2.0,7634.0,2858.0,2357.0,0.0,4652.0,4652.0,1654.0,703.0,2548.0,310.0
2.0,4776.0,2369.0,2367.0,1718.0,5343.0,5343.0,1675.0,692.0,1849.0,520.0
2.0,4125.0,1860.0,2358.0,4652.0,2515.0,2515.0,1664.0,694.0,941.0,919.0
2.0,6917.0,1845.0,2338.0,5343.0,0.0,0.0,1633.0,705.0,749.0,1096.0
2.0,10415.0,2322.0,2329.0,2515.0,0.0,0.0,1613.0,716.0,1446.0,876.0
2.0,10608.0,2839.0,2339.0,0.0,1587.0,1587.0,1624.0,715.0,2344.0,495.0
2.0,7769.0,2854.0,2359.0,0.0,4521.0,4521.0,1655.0,704.0,2533.0,321.0
2.0,4915.0,2362.0,2369.0,1587.0,5336.0,5336.0,1676.0,693.0,1842.0,520.0
2.0,4140.0,1832.0,2359.0,4521.0,2607.0,2607.0,1665.0,694.0,940.0,892.0
2.0,6829.0,1810.0,2339.0,5336.0,0.0,0.0,1634.0,705.0,733.0,1077.0
2.0,10355.0,2358.0,2330.0,2607.0,0.0,0.0,1614.0,716.0,1462.0,896.0
2.0,10604.0,2906.0,2343.0,0.0,1674.0,1674.0,1627.0,716.0,2381.0,525.0
2.0,7698.0,2873.0,2363.0,0.0,4627.0,4627.0,1659.0,704.0,2543.0,330.0
2.0,4825.0,2291.0,2372.0,1674.0,5280.0,5280.0,1678.0,694.0,1784.0,507.0
2.0,4208.0,1751.0,2361.0,4627.0,2360.0,2360.0,1667.0,694.0,872.0,879.0
2.0,7084.0,1803.0,2342.0,5280.0,0.0,0.0,1636.0,706.0,723.0,1080.0
2.0,10561.0,2407.0,2334.0,2360.0,0.0,0.0,1617.0,717.0,1500.0,907.0
2.0,10514.0,2942.0,2346.0,0.0,1812.0,1812.0,1629.0,717.0,2408.0,534.0
2.0,7572.0,2899.0,2366.0,0.0,4791.0,4791.0,1661.0,705.0,2563.0,336.0
2.0,4673.0,2300.0,2375.0,1812.0,5315.0,5315.0,1681.0,694.0,1792.0,508.0
2.0,4185.0,1744.0,2365.0,4791.0,2228.0,2228.0,1670.0,695.0,864.0,880.0
2.0,7232.0,1804.0,2346.0,5315.0,0.0,0.0,1639.0,707.0,720.0,1084.0
2.0,10743.0,2405.0,2339.0,2228.0,0.0,0.0,1620.0,719.0,1489.0,916.0
2.0,10566.0,2953.0,2350.0,0.0,1787.0,1787.0,1632.0,718.0,2414.0,539.0
2.0,7613.0,2921.0,2369.0,0.0,4784.0,4784.0,1663.0,706.0,2583.0,338.0
2.0,4692.0,2333.0,2379.0,1787.0,5370.0,5370.0,1683.0,696.0,1813.0,520.0
2.0,4146.0,1780.0,2369.0,4784.0,2326.0,2326.0,1672.0,697.0,881.0,899.0
2.0,7150.0,1831.0,2350.0,5370.0,0.0,0.0,1641.0,709.0,732.0,1099.0
2.0,10689.0,2435.0,2342.0,2326.0,0.0,0.0,1622.0,720.0,1518.0,917.0
2.0,10580.0,2989.0,2354.0,0.0,1825.0,1825.0,1635.0,719.0,2451.0,538.0
2.0,7591.0,2963.0,2376.0,0.0,4876.0,4876.0,1668.0,708.0,2610.0,353.0
2.0,4628.0,2372.0,2386.0,1825.0,5463.0,5463.0,1688.0,698.0,1830.0,542.0
2.0,4081.0,1802.0,2375.0,4876.0,2345.0,2345.0,1676.0,699.0,890.0,912.0
2.0,7155.0,1830.0,2355.0,5463.0,0.0,0.0,1644.0,711.0,729.0,1101.0
2.0,10788.0,2424.0,2347.0,2345.0,0.0,0.0,1625.0,722.0,1510.0,914.0
2.0,10709.0,3002.0,2360.0,0.0,1733.0,1733.0,1638.0,722.0,2461.0,541.0
2.0,7707.0,2986.0,2380.0,0.0,4799.0,4799.0,1670.0,710.0,2637.0,349.0
2.0,4721.0,2405.0,2390.0,1733.0,5511.0,5511.0,1690.0,700.0,1864.0,541.0
2.0,4049.0,1848.0,2379.0,4799.0,2516.0,2516.0,1678.0,701.0,925.0,923.0
2.0,7000.0,1865.0,2360.0,5511.0,0.0,0.0,1647.0,713.0,760.0,1105.0
2.0,10646.0,2450.0,2352.0,2516.0,0.0,0.0,1628.0,724.0,1544.0,906.0
2.0,10712.0,3017.0,2365.0,0.0,1765.0,1765.0,1641.0,724.0,2484.0,533.0
2.0,7695.0,3012.0,2386.0,0.0,4861.0,4861.0,1673.0,713.0,2655.0,357.0
2.0,4683.0,2431.0,2396.0,1765.0,5567.0,5567.0,1694.0,702.0,1884.0,547.0
2.0,4017.0,1846.0,2386.0,4861.0,2512.0,2512.0,1683.0,703.0,926.0,920.0
2.0,7032.0,1843.0,2365.0,5567.0,0.0,0.0,1651.0,714.0,740.0,1103.0
2.0,10756.0,2421.0,2357.0,2512.0,0.0,0.0,1631.0,726.0,1510.0,911.0
2.0,10847.0,2996.0,2369.0,0.0,1625.0,1625.0,1643.0,726.0,2454.0,542.0
2.0,7851.0,3002.0,2390.0,0.0,4711.0,4711.0,1675.0,715.0,2648.0,354.0
2.0,4849.0,2420.0,2401.0,1625.0,5550.0,5550.0,1697.0,704.0,1884.0,536.0
2.0,4054.0,1822.0,2391.0,4711.0,2621.0,2621.0,1686.0,705.0,918.0,904.0
2.0,6943.0,1796.0,2370.0,5550.0,0.0,0.0,1654.0,716.0,710.0,1086.0
2.0,10697.0,2379.0,2360.0,2621.0,0.0,0.0,1633.0,727.0,1478.0,901.0
2.0,10939.0,2986.0,2373.0,0.0,1539.0,1539.0,1645.0,728.0,2452.0,534.0
2.0,7953.0,3005.0,2395.0,0.0,4632.0,4632.0,1678.0,717.0,2656.0,349.0
2.0,4948.0,2424.0,2406.0,1539.0,5561.0,5561.0,1700.0,706.0,1888.0,536.0
2.0,4063.0,1826.0,2396.0,4632.0,2715.0,2715.0,1689.0,707.0,919.0,907.0
2.0,6869.0,1780.0,2376.0,5561.0,0.0,0.0,1658.0,718.0,699.0,1081.0
2.0,10650.0,2351.0,2366.0,2715.0,0.0,0.0,1637.0,729.0,1459.0,892.0
2.0,11014.0,2941.0,2377.0,0.0,1435.0,1435.0,1648.0,729.0,2420.0,521.0
2.0,8073.0,2977.0,2399.0,0.0,4500.0,4500.0,1681.0,718.0,2630.0,347.0
2.0,5096.0,2405.0,2410.0,1435.0,5514.0,5514.0,1702.0,708.0,1861.0,544.0
2.0,4126.0,1806.0,2400.0,4500.0,2780.0,2780.0,1692.0,708.0,899.0,907.0
2.0,6820.0,1766.0,2378.0,5514.0,0.0,0.0,1659.0,719.0,697.0,1069.0
2.0,10568.0,2332.0,2368.0,2780.0,0.0,0.0,1639.0,729.0,1466.0,866.0
2.0,11016.0,2935.0,2380.0,0.0,1439.0,1439.0,1651.0,729.0,2424.0,511.0
2.0,8081.0,2985.0,2404.0,0.0,4520.0,4520.0,1685.0,719.0,2626.0,359.0
2.0,5096.0,2420.0,2415.0,1439.0,5545.0,5545.0,1706.0,709.0,1862.0,558.0
2.0,4115.0,1809.0,2404.0,4520.0,2790.0,2790.0,1695.0,709.0,896.0,913.0
2.0,6826.0,1753.0,2382.0,5545.0,0.0,0.0,1662.0,720.0,684.0,1069.0
2.0,10618.0,2306.0,2370.0,2790.0,0.0,0.0,1640.0,730.0,1441.0,865.0
2.0,11102.0,2926.0,2382.0,0.0,1352.0,1352.0,1652.0,730.0,2414.0,512.0
2.0,8176.0,3011.0,2406.0,0.0,4459.0,4459.0,1686.0,720.0,2649.0,362.0
2.0,5165.0,2471.0,2419.0,1352.0,5630.0,5630.0,1709.0,710.0,1899.0,572.0
2.0,4046.0,1851.0,2408.0,4459.0,2978.0,2978.0,1698.0,710.0,922.0,929.0
2.0,6654.0,1778.0,2386.0,5630.0,0.0,0.0,1665.0,721.0,705.0,1073.0
2.0,10506.0,2309.0,2374.0,2978.0,0.0,0.0,1644.0,730.0,1456.0,853.0
2.0,11175.0,2917.0,2385.0,0.0,1282.0,1282.0,1655.0,730.0,2427.0,490.0
2.0,8258.0,3009.0,2409.0,0.0,4387.0,4387.0,1690.0,719.0,2658.0,351.0
2.0,5249.0,2523.0,2422.0,1282.0,5680.0,5680.0,1713.0,709.0,1937.0,586.0
2.0,4008.0,1940.0,2412.0,4387.0,3193.0,3193.0,1702.0,710.0,973.0,967.0
2.0,6455.0,1856.0,2391.0,5680.0,0.0,0.0,1669.0,722.0,741.0,1115.0
2.0,10279.0,2328.0,2378.0,3193.0,0.0,0.0,1647.0,731.0,1465.0,863.0
2.0,11144.0,2916.0,2389.0,0.0,1328.0,1328.0,1659.0,730.0,2439.0,477.0
2.0,8228.0,3018.0,2413.0,0.0,4442.0,4442.0,1694.0,719.0,2677.0,341.0
2.0,5210.0,2552.0,2426.0,1328.0,5718.0,5718.0,1717.0,709.0,1957.0,595.0
2.0,3986.0,1983.0,2418.0,4442.0,3227.0,3227.0,1707.0,711.0,1003.0,980.0
2.0,6445.0,1870.0,2397.0,5718.0,0.0,0.0,1675.0,722.0,756.0,1114.0
2.0,10293.0,2351.0,2384.0,3227.0,0.0,0.0,1652.0,732.0,1483.0,868.0
2.0,11169.0,2930.0,2394.0,0.0,1337.0,1337.0,1664.0,730.0,2450.0,480.0
2.0,8239.0,3036.0,2417.0,0.0,4465.0,4465.0,1698.0,719.0,2692.0,344.0
2.0,5203.0,2561.0,2431.0,1337.0,5745.0,5745.0,1721.0,710.0,1963.0,598.0
2.0,3979.0,1992.0,2421.0,4465.0,3232.0,3232.0,1710.0,711.0,1001.0,991.0
2.0,6452.0,1899.0,2400.0,5745.0,0.0,0.0,1677.0,723.0,768.0,1131.0
2.0,10298.0,2383.0,2388.0,3232.0,0.0,0.0,1655.0,733.0,1500.0,883.0
2.0,11147.0,2945.0,2398.0,0.0,1390.0,1390.0,1666.0,732.0,2461.0,484.0
2.0,8202.0,3016.0,2420.0,0.0,4494.0,4494.0,1700.0,720.0,2680.0,336.0
2.0,5186.0,2517.0,2433.0,1390.0,5673.0,5673.0,1723.0,710.0,1929.0,588.0
2.0,4059.0,1967.0,2425.0,4494.0,3114.0,3114.0,1713.0,712.0,977.0,990.0
2.0,6586.0,1893.0,2403.0,5673.0,0.0,0.0,1680.0,723.0,759.0,1134.0
2.0,10366.0,2392.0,2392.0,3114.0,0.0,0.0,1658.0,734.0,1508.0,884.0
2.0,11088.0,2945.0,2402.0,0.0,1465.0,1465.0,1669.0,733.0,2458.0,487.0
2.0,8143.0,3005.0,2425.0,0.0,4562.0,4562.0,1703.0,722.0,2666.0,339.0
2.0,5138.0,2500.0,2438.0,1465.0,5649.0,5649.0,1726.0,712.0,1908.0,592.0
2.0,4103.0,1899.0,2429.0,4562.0,2950.0,2950.0,1715.0,714.0,919.0,980.0
2.0,6766.0,1831.0,2406.0,5649.0,0.0,0.0,1681.0,725.0,710.0,1121.0
2.0,10584.0,2348.0,2394.0,2950.0,0.0,0.0,1659.0,735.0,1479.0,869.0
2.0,11186.0,2931.0,2404.0,0.0,1361.0,1361.0,1670.0,734.0,2454.0,477.0
2.0,8255.0,3000.0,2426.0,0.0,4449.0,4449.0,1703.0,723.0,2657.0,343.0
2.0,5255.0,2491.0,2440.0,1361.0,5635.0,5635.0,1726.0,714.0,1893.0,598.0
2.0,4125.0,1923.0,2432.0,4449.0,3077.0,3077.0,1716.0,716.0,943.0,980.0
2.0,6651.0,1826.0,2410.0,5635.0,0.0,0.0,1683.0,727.0,705.0,1121.0
2.0,10460.0,2319.0,2397.0,3077.0,0.0,0.0,1660.0,737.0,1448.0,871.0
2.0,11218.0,2934.0,2408.0,0.0,1348.0,1348.0,1672.0,736.0,2451.0,483.0
2.0,8284.0,3022.0,2431.0,0.0,4462.0,4462.0,1706.0,725.0,2675.0,347.0
2.0,5262.0,2507.0,2445.0,1348.0,5677.0,5677.0,1729.0,716.0,1915.0,592.0
2.0,4103.0,1885.0,2437.0,4462.0,3068.0,3068.0,1719.0,718.0,905.0,980.0
2.0,6680.0,1792.0,2415.0,5677.0,0.0,0.0,1685.0,730.0,676.0,1116.0
2.0,10565.0,2312.0,2402.0,3068.0,0.0,0.0,1662.0,740.0,1448.0,864.0
2.0,11321.0,2934.0,2412.0,0.0,1261.0,1261.0,1674.0,738.0,2462.0,472.0
2.0,8387.0,3039.0,2436.0,0.0,4396.0,4396.0,1709.0,727.0,2704.0,335.0
2.0,5348.0,2546.0,2451.0,1261.0,5741.0,5741.0,1733.0,718.0,1953.0,593.0
2.0,4063.0,1931.0,2444.0,4396.0,3248.0,3248.0,1724.0,720.0,945.0,986.0
2.0,6528.0,1803.0,2422.0,5741.0,0.0,0.0,1690.0,732.0,682.0,1121.0
2.0,10466.0,2303.0,2408.0,3248.0,0.0,0.0,1667.0,741.0,1435.0,868.0
2.0,11411.0,2940.0,2418.0,0.0,1201.0,1201.0,1678.0,740.0,2456.0,484.0
2.0,8471.0,3080.0,2441.0,0.0,4373.0,4373.0,1712.0,729.0,2731.0,349.0
2.0,5391.0,2561.0,2456.0,1201.0,5793.0,5793.0,1737.0,719.0,1969.0,592.0
2.0,4031.0,1923.0,2449.0,4373.0,3315.0,3315.0,1727.0,722.0,948.0,975.0
2.0,6481.0,1816.0,2428.0,5793.0,0.0,0.0,1694.0,734.0,694.0,1122.0
2.0,10458.0,2345.0,2415.0,3315.0,0.0,0.0,1671.0,744.0,1461.0,884.0
2.0,11428.0,2982.0,2423.0,0.0,1246.0,1246.0,1681.0,742.0,2487.0,495.0
2.0,8446.0,3099.0,2445.0,0.0,4433.0,4433.0,1715.0,730.0,2757.0,342.0
2.0,5347.0,2569.0,2459.0,1246.0,5812.0,5812.0,1739.0,720.0,1986.0,583.0
2.0,4024.0,1955.0,2452.0,4433.0,3306.0,3306.0,1730.0,722.0,969.0,986.0
2.0,6502.0,1881.0,2432.0,5812.0,0.0,0.0,1697.0,735.0,735.0,1146.0
2.0,10433.0,2421.0,2421.0,3306.0,0.0,0.0,1675.0,746.0,1523.0,898.0
2.0,11318.0,3010.0,2430.0,0.0,1412.0,1412.0,1686.0,744.0,2523.0,487.0
2.0,8308.0,3063.0,2450.0,0.0,4555.0,4555.0,1719.0,731.0,2737.0,326.0
2.0,5245.0,2544.0,2463.0,1412.0,5739.0,5739.0,1742.0,721.0,1951.0,593.0
2.0,4113.0,1971.0,2456.0,4555.0,3127.0,3127.0,1732.0,724.0,964.0,1007.0
2.0,6697.0,1926.0,2437.0,5739.0,0.0,0.0,1700.0,737.0,769.0,1157.0
2.0,10510.0,2452.0,2426.0,3127.0,0.0,0.0,1678.0,748.0,1555.0,897.0
2.0,11185.0,3015.0,2434.0,0.0,1566.0,1566.0,1689.0,745.0,2536.0,479.0
2.0,8170.0,3053.0,2455.0,0.0,4703.0,4703.0,1722.0,733.0,2729.0,324.0
2.0,5117.0,2539.0,2467.0,1566.0,5724.0,5724.0,1745.0,722.0,1960.0,579.0
2.0,4144.0,1977.0,2459.0,4703.0,2966.0,2966.0,1735.0,724.0,986.0,991.0
2.0,6870.0,1926.0,2440.0,5724.0,0.0,0.0,1703.0,737.0,774.0,1152.0
2.0,10668.0,2419.0,2429.0,2966.0,0.0,0.0,1681.0,748.0,1526.0,893.0
2.0,11215.0,2988.0,2437.0,0.0,1521.0,1521.0,1692.0,745.0,2507.0,481.0
2.0,8227.0,3036.0,2458.0,0.0,4641.0,4641.0,1725.0,733.0,2711.0,325.0
2.0,5191.0,2534.0,2470.0,1521.0,5702.0,5702.0,1748.0,722.0,1948.0,586.0
2.0,4178.0,1980.0,2462.0,4641.0,3009.0,3009.0,1738.0,724.0,977.0,1003.0
2.0,6839.0,1908.0,2442.0,5702.0,0.0,0.0,1705.0,737.0,749.0,1159.0
2.0,10633.0,2401.0,2430.0,3009.0,0.0,0.0,1682.0,748.0,1497.0,904.0
2.0,11241.0,2945.0,2439.0,0.0,1460.0,1460.0,1693.0,746.0,2458.0,487.0
2.0,8296.0,3028.0,2461.0,0.0,4576.0,4576.0,1727.0,734.0,2697.0,331.0
2.0,5268.0,2538.0,2474.0,1460.0,5706.0,5706.0,1751.0,723.0,1957.0,581.0
2.0,4190.0,1955.0,2467.0,4576.0,3057.0,3057.0,1741.0,726.0,974.0,981.0
2.0,6811.0,1873.0,2446.0,5706.0,0.0,0.0,1708.0,738.0,738.0,1135.0
2.0,10644.0,2367.0,2435.0,3057.0,0.0,0.0,1686.0,749.0,1481.0,886.0
2.0,11334.0,2948.0,2444.0,0.0,1390.0,1390.0,1697.0,747.0,2456.0,492.0
2.0,8386.0,3023.0,2464.0,0.0,4493.0,4493.0,1730.0,734.0,2693.0,330.0
2.0,5363.0,2545.0,2479.0,1390.0,5708.0,5708.0,1755.0,724.0,1970.0,575.0
2.0,4208.0,1958.0,2472.0,4493.0,3145.0,3145.0,1746.0,726.0,981.0,977.0
2.0,6743.0,1854.0,2450.0,5708.0,0.0,0.0,1712.0,738.0,717.0,1137.0
2.0,10597.0,2347.0,2438.0,3145.0,0.0,0.0,1689.0,749.0,1455.0,892.0
2.0,11395.0,2954.0,2446.0,0.0,1343.0,1343.0,1699.0,747.0,2459.0,495.0
2.0,8441.0,3048.0,2468.0,0.0,4479.0,4479.0,1734.0,734.0,2710.0,338.0
2.0,5393.0,2529.0,2483.0,1343.0,5725.0,5725.0,1759.0,724.0,1958.0,571.0
2.0,4207.0,1935.0,2475.0,4479.0,3149.0,3149.0,1749.0,726.0,971.0,964.0
2.0,6751.0,1842.0,2454.0,5725.0,0.0,0.0,1716.0,738.0,717.0,1125.0
2.0,10634.0,2345.0,2441.0,3149.0,0.0,0.0,1692.0,749.0,1454.0,891.0
2.0,11438.0,2959.0,2449.0,0.0,1317.0,1317.0,1702.0,747.0,2456.0,503.0
2.0,8479.0,3089.0,2471.0,0.0,4494.0,4494.0,1736.0,735.0,2736.0,353.0
2.0,5390.0,2617.0,2487.0,1317.0,5858.0,5858.0,1762.0,725.0,2023.0,594.0
2.0,4090.0,1996.0,2481.0,4494.0,3336.0,3336.0,1754.0,727.0,1017.0,979.0
2.0,6588.0,1852.0,2460.0,5858.0,0.0,0.0,1720.0,740.0,729.0,1123.0
2.0,10594.0,2330.0,2446.0,3336.0,0.0,0.0,1696.0,750.0,1440.0,890.0
2.0,11600.0,2944.0,2453.0,0.0,1156.0,1156.0,1705.0,748.0,2437.0,507.0
2.0,8656.0,3105.0,2476.0,0.0,4353.0,4353.0,1739.0,737.0,2736.0,369.0
2.0,5551.0,2649.0,2492.0,1156.0,5910.0,5910.0,1765.0,727.0,2041.0,608.0
2.0,4058.0,2033.0,2486.0,4353.0,3566.0,3566.0,1757.0,729.0,1050.0,983.0
2.0,6378.0,1871.0,2465.0,5910.0,0.0,0.0,1724.0,741.0,744.0,1127.0
2.0,10417.0,2308.0,2450.0,3566.0,0.0,0.0,1698.0,752.0,1410.0,898.0
2.0,11675.0,2944.0,2456.0,0.0,1093.0,1093.0,1706.0,750.0,2423.0,521.0
2.0,8731.0,3134.0,2479.0,0.0,4319.0,4319.0,1740.0,739.0,2760.0,374.0
2.0,5597.0,2707.0,2495.0,1093.0,5997.0,5997.0,1767.0,728.0,2102.0,605.0
2.0,3983.0,2097.0,2489.0,4319.0,3751.0,3751.0,1759.0,730.0,1110.0,987.0
2.0,6205.0,1925.0,2467.0,5997.0,0.0,0.0,1725.0,742.0,783.0,1142.0
2.0,10277.0,2323.0,2454.0,3751.0,0.0,0.0,1700.0,754.0,1411.0,912.0
2.0,11705.0,2932.0,2461.0,0.0,1071.0,1071.0,1708.0,753.0,2397.0,535.0
2.0,8773.0,3122.0,2483.0,0.0,4281.0,4281.0,1743.0,740.0,2747.0,375.0
2.0,5651.0,2712.0,2499.0,1071.0,5986.0,5986.0,1769.0,730.0,2114.0,598.0
2.0,4010.0,2120.0,2492.0,4281.0,3797.0,3797.0,1761.0,731.0,1141.0,979.0
2.0,6171.0,1941.0,2471.0,5986.0,0.0,0.0,1727.0,744.0,793.0,1148.0
2.0,10216.0,2333.0,2458.0,3797.0,0.0,0.0,1702.0,756.0,1408.0,925.0
2.0,11680.0,2906.0,2465.0,0.0,1086.0,1086.0,1710.0,755.0,2367.0,539.0
2.0,8774.0,3077.0,2486.0,0.0,4247.0,4247.0,1743.0,743.0,2705.0,372.0
2.0,5697.0,2685.0,2500.0,1086.0,5902.0,5902.0,1768.0,732.0,2097.0,588.0
2.0,4098.0,2122.0,2495.0,4247.0,3757.0,3757.0,1761.0,734.0,1148.0,974.0
2.0,6223.0,1955.0,2475.0,5902.0,0.0,0.0,1728.0,747.0,807.0,1148.0
2.0,10170.0,2350.0,2461.0,3757.0,0.0,0.0,1703.0,758.0,1417.0,933.0
2.0,11577.0,2880.0,2468.0,0.0,1175.0,1175.0,1711.0,757.0,2342.0,538.0
2.0,8697.0,3028.0,2488.0,0.0,4283.0,4283.0,1743.0,745.0,2670.0,358.0
2.0,5669.0,2650.0,2503.0,1175.0,5818.0,5818.0,1769.0,734.0,2074.0,576.0
2.0,4194.0,2111.0,2497.0,4283.0,3622.0,3622.0,1762.0,735.0,1142.0,969.0
2.0,6366.0,1944.0,2478.0,5818.0,0.0,0.0,1730.0,748.0,805.0,1139.0
2.0,10240.0,2336.0,2465.0,3622.0,0.0,0.0,1706.0,759.0,1420.0,916.0
2.0,11526.0,2877.0,2471.0,0.0,1235.0,1235.0,1713.0,758.0,2346.0,531.0
2.0,8649.0,3015.0,2491.0,0.0,4330.0,4330.0,1745.0,746.0,2651.0,364.0
2.0,5634.0,2619.0,2505.0,1235.0,5770.0,5770.0,1770.0,735.0,2041.0,578.0
2.0,4250.0,2090.0,2501.0,4330.0,3514.0,3514.0,1764.0,737.0,1122.0,968.0
2.0,6490.0,1955.0,2481.0,5770.0,0.0,0.0,1732.0,749.0,814.0,1141.0
2.0,10305.0,2355.0,2469.0,3514.0,0.0,0.0,1708.0,761.0,1432.0,923.0
2.0,11464.0,2886.0,2475.0,0.0,1322.0,1322.0,1715.0,760.0,2358.0,528.0
2.0,8578.0,2994.0,2495.0,0.0,4396.0,4396.0,1747.0,748.0,2650.0,344.0
2.0,5584.0,2574.0,2508.0,1322.0,5700.0,5700.0,1772.0,736.0,2014.0,560.0
2.0,4332.0,2061.0,2503.0,4396.0,3345.0,3345.0,1765.0,738.0,1096.0,965.0
2.0,6667.0,1979.0,2484.0,5700.0,0.0,0.0,1734.0,750.0,829.0,1150.0
2.0,10388.0,2407.0,2472.0,3345.0,0.0,0.0,1710.0,762.0,1481.0,926.0
2.0,11326.0,2931.0,2480.0,0.0,1525.0,1525.0,1719.0,761.0,2409.0,522.0
2.0,8395.0,3016.0,2501.0,0.0,4625.0,4625.0,1752.0,749.0,2681.0,335.0
2.0,5379.0,2559.0,2515.0,1525.0,5715.0,5715.0,1777.0,738.0,2007.0,552.0
2.0,4345.0,2045.0,2509.0,4625.0,3111.0,3111.0,1770.0,739.0,1084.0,961.0
2.0,6925.0,1958.0,2490.0,5715.0,0.0,0.0,1738.0,752.0,809.0,1149.0
2.0,10682.0,2414.0,2477.0,3111.0,0.0,0.0,1714.0,763.0,1486.0,928.0
2.0,11379.0,2937.0,2482.0,0.0,1486.0,1486.0,1721.0,761.0,2416.0,521.0
2.0,8442.0,3032.0,2503.0,0.0,4602.0,4602.0,1754.0,749.0,2698.0,334.0
2.0,5410.0,2591.0,2517.0,1486.0,5763.0,5763.0,1779.0,738.0,2035.0,556.0
2.0,4305.0,2057.0,2511.0,4602.0,3194.0,3194.0,1772.0,739.0,1089.0,968.0
2.0,6850.0,1965.0,2493.0,5763.0,0.0,0.0,1741.0,752.0,801.0,1164.0
2.0,10648.0,2434.0,2480.0,3194.0,0.0,0.0,1717.0,763.0,1488.0,946.0
2.0,11408.0,2987.0,2487.0,0.0,1527.0,1527.0,1725.0,762.0,2456.0,531.0
2.0,8421.0,3073.0,2506.0,0.0,4676.0,4676.0,1757.0,749.0,2740.0,333.0
2.0,5348.0,2613.0,2520.0,1527.0,5818.0,5818.0,1782.0,738.0,2060.0,553.0
2.0,4262.0,2090.0,2517.0,4676.0,3220.0,3220.0,1777.0,740.0,1114.0,976.0
2.0,6848.0,2001.0,2498.0,5818.0,0.0,0.0,1746.0,752.0,822.0,1179.0
2.0,10665.0,2412.0,2484.0,3220.0,0.0,0.0,1721.0,763.0,1465.0,947.0
2.0,11473.0,2958.0,2489.0,0.0,1441.0,1441.0,1727.0,762.0,2435.0,523.0
2.0,8515.0,3084.0,2508.0,0.0,4601.0,4601.0,1759.0,749.0,2743.0,341.0
2.0,5431.0,2658.0,2522.0,1441.0,5874.0,5874.0,1784.0,738.0,2079.0,579.0
2.0,4214.0,2114.0,2518.0,4601.0,3371.0,3371.0,1778.0,740.0,1117.0,997.0
2.0,6701.0,2009.0,2501.0,5874.0,0.0,0.0,1748.0,753.0,826.0,1183.0
2.0,10566.0,2424.0,2487.0,3371.0,0.0,0.0,1723.0,764.0,1474.0,950.0
2.0,11513.0,2971.0,2492.0,0.0,1426.0,1426.0,1730.0,762.0,2444.0,527.0
2.0,8542.0,3104.0,2511.0,0.0,4606.0,4606.0,1761.0,750.0,2758.0,346.0
2.0,5438.0,2674.0,2525.0,1426.0,5910.0,5910.0,1786.0,739.0,2095.0,579.0
2.0,4190.0,2123.0,2521.0,4606.0,3411.0,3411.0,1780.0,741.0,1120.0,1003.0
2.0,6673.0,1988.0,2503.0,5910.0,0.0,0.0,1750.0,753.0,799.0,1189.0
2.0,10595.0,2418.0,2490.0,3411.0,0.0,0.0,1726.0,764.0,1467.0,951.0
2.0,11588.0,2961.0,2496.0,0.0,1357.0,1357.0,1733.0,763.0,2432.0,529.0
2.0,8627.0,3077.0,2514.0,0.0,4506.0,4506.0,1763.0,751.0,2724.0,353.0
2.0,5550.0,2666.0,2528.0,1357.0,5871.0,5871.0,1788.0,740.0,2077.0,589.0
2.0,4241.0,2142.0,2524.0,4506.0,3491.0,3491.0,1782.0,742.0,1137.0,1005.0
2.0,6605.0,2015.0,2507.0,5871.0,0.0,0.0,1753.0,754.0,830.0,1185.0
2.0,10461.0,2415.0,2496.0,3491.0,0.0,0.0,1730.0,766.0,1464.0,951.0
2.0,11537.0,2947.0,2501.0,0.0,1414.0,1414.0,1736.0,765.0,2415.0,532.0
2.0,8590.0,3085.0,2520.0,0.0,4575.0,4575.0,1767.0,753.0,2735.0,350.0
2.0,5505.0,2667.0,2534.0,1414.0,5884.0,5884.0,1792.0,742.0,2085.0,582.0
2.0,4252.0,2132.0,2530.0,4575.0,3425.0,3425.0,1786.0,744.0,1127.0,1005.0
2.0,6695.0,2016.0,2514.0,5884.0,0.0,0.0,1757.0,757.0,825.0,1191.0
2.0,10563.0,2402.0,2502.0,3425.0,0.0,0.0,1734.0,768.0,1449.0,953.0
2.0,11586.0,2929.0,2508.0,0.0,1375.0,1375.0,1741.0,767.0,2401.0,528.0
2.0,8657.0,3049.0,2526.0,0.0,4496.0,4496.0,1771.0,755.0,2713.0,336.0
2.0,5608.0,2654.0,2540.0,1375.0,5831.0,5831.0,1796.0,744.0,2083.0,571.0
2.0,4329.0,2149.0,2535.0,4496.0,3464.0,3464.0,1790.0,745.0,1146.0,1003.0
2.0,6676.0,2019.0,2519.0,5831.0,0.0,0.0,1761.0,758.0,828.0,1191.0
2.0,10488.0,2378.0,2507.0,3464.0,0.0,0.0,1737.0,770.0,1439.0,939.0
2.0,11574.0,2895.0,2513.0,0.0,1373.0,1373.0,1744.0,769.0,2381.0,514.0
2.0,8679.0,3051.0,2532.0,0.0,4500.0,4500.0,1776.0,756.0,2720.0,331.0
2.0,5628.0,2687.0,2545.0,1373.0,5866.0,5866.0,1800.0,745.0,2110.0,577.0
2.0,4314.0,2162.0,2541.0,4500.0,3512.0,3512.0,1794.0,747.0,1156.0,1006.0
2.0,6652.0,1997.0,2523.0,5866.0,0.0,0.0,1763.0,760.0,808.0,1189.0
2.0,10521.0,2373.0,2511.0,3512.0,0.0,0.0,1739.0,772.0,1425.0,948.0
2.0,11660.0,2902.0,2518.0,0.0,1314.0,1314.0,1747.0,771.0,2391.0,511.0
2.0,8758.0,3074.0,2538.0,0.0,4468.0,4468.0,1779.0,759.0,2747.0,327.0
2.0,5684.0,2711.0,2552.0,1314.0,5921.0,5921.0,1804.0,748.0,2133.0,578.0
2.0,4287.0,2174.0,2547.0,4468.0,3607.0,3607.0,1798.0,749.0,1165.0,1009.0
2.0,6581.0,2022.0,2529.0,5921.0,0.0,0.0,1767.0,762.0,824.0,1198.0
2.0,10480.0,2390.0,2517.0,3607.0,0.0,0.0,1743.0,774.0,1437.0,953.0
2.0,11697.0,2923.0,2523.0,0.0,1318.0,1318.0,1750.0,773.0,2404.0,519.0
2.0,8774.0,3075.0,2543.0,0.0,4473.0,4473.0,1782.0,761.0,2745.0,330.0
2.0,5699.0,2707.0,2558.0,1318.0,5922.0,5922.0,1808.0,750.0,2136.0,571.0
2.0,4310.0,2167.0,2552.0,4473.0,3592.0,3592.0,1801.0,751.0,1162.0,1005.0
2.0,6616.0,2005.0,2534.0,5922.0,0.0,0.0,1770.0,764.0,803.0,1202.0
2.0,10533.0,2378.0,2520.0,3592.0,0.0,0.0,1744.0,776.0,1415.0,963.0
2.0,11747.0,2926.0,2526.0,0.0,1283.0,1283.0,1751.0,775.0,2406.0,520.0
2.0,8821.0,3094.0,2546.0,0.0,4457.0,4457.0,1783.0,763.0,2778.0,316.0
2.0,5727.0,2711.0,2559.0,1283.0,5937.0,5937.0,1808.0,751.0,2148.0,563.0
2.0,4299.0,2190.0,2554.0,4457.0,3650.0,3650.0,1802.0,752.0,1169.0,1021.0
2.0,6566.0,2032.0,2537.0,5937.0,0.0,0.0,1771.0,766.0,810.0,1222.0
2.0,10471.0,2424.0,2524.0,3650.0,0.0,0.0,1746.0,778.0,1452.0,972.0
2.0,11697.0,2950.0,2530.0,0.0,1373.0,1373.0,1753.0,777.0,2433.0,517.0
2.0,8747.0,3088.0,2548.0,0.0,4533.0,4533.0,1785.0,763.0,2771.0,317.0
2.0,5659.0,2714.0,2562.0,1373.0,5930.0,5930.0,1810.0,752.0,2142.0,572.0
2.0,4318.0,2191.0,2557.0,4533.0,3568.0,3568.0,1804.0,753.0,1164.0,1027.0
2.0,6660.0,2053.0,2540.0,5930.0,0.0,0.0,1773.0,767.0,831.0,1222.0
2.0,10537.0,2420.0,2527.0,3568.0,0.0,0.0,1748.0,779.0,1448.0,972.0
2.0,11685.0,2964.0,2533.0,0.0,1411.0,1411.0,1755.0,778.0,2442.0,522.0
2.0,8721.0,3105.0,2551.0,0.0,4588.0,4588.0,1787.0,764.0,2785.0,320.0
2.0,5616.0,2729.0,2566.0,1411.0,5966.0,5966.0,1813.0,753.0,2150.0,579.0
2.0,4298.0,2208.0,2561.0,4588.0,3566.0,3566.0,1807.0,754.0,1174.0,1034.0
2.0,6678.0,2060.0,2544.0,5966.0,0.0,0.0,1776.0,768.0,833.0,1227.0
2.0,10584.0,2445.0,2532.0,3566.0,0.0,0.0,1753.0,779.0,1484.0,961.0
2.0,11705.0,2970.0,2538.0,0.0,1417.0,1417.0,1760.0,778.0,2462.0,508.0
2.0,8735.0,3087.0,2556.0,0.0,4576.0,4576.0,1791.0,765.0,2768.0,319.0
2.0,5648.0,2690.0,2569.0,1417.0,5901.0,5901.0,1816.0,753.0,2111.0,579.0
2.0,4375.0,2195.0,2565.0,4576.0,3504.0,3504.0,1810.0,755.0,1162.0,1033.0
2.0,6756.0,2079.0,2548.0,5901.0,0.0,0.0,1780.0,768.0,864.0,1215.0
2.0,10578.0,2471.0,2536.0,3504.0,0.0,0.0,1757.0,779.0,1526.0,945.0
2.0,11611.0,2966.0,2542.0,0.0,1523.0,1523.0,1765.0,777.0,2471.0,495.0
2.0,8645.0,3043.0,2559.0,0.0,4634.0,4634.0,1795.0,764.0,2725.0,318.0
2.0,5602.0,2631.0,2571.0,1523.0,5790.0,5790.0,1819.0,752.0,2052.0,579.0
2.0,4494.0,2152.0,2567.0,4634.0,3292.0,3292.0,1813.0,754.0,1127.0,1025.0
2.0,6976.0,2071.0,2550.0,5790.0,0.0,0.0,1783.0,767.0,861.0,1210.0
2.0,10695.0,2488.0,2540.0,3292.0,0.0,0.0,1761.0,779.0,1541.0,947.0
2.0,11499.0,2980.0,2545.0,0.0,1661.0,1661.0,1768.0,777.0,2477.0,503.0
2.0,8519.0,3051.0,2563.0,0.0,4784.0,4784.0,1799.0,764.0,2732.0,319.0
2.0,5468.0,2638.0,2574.0,1661.0,5805.0,5805.0,1822.0,752.0,2060.0,578.0
2.0,4491.0,2151.0,2570.0,4784.0,3156.0,3156.0,1816.0,754.0,1131.0,1020.0
2.0,7124.0,2062.0,2554.0,5805.0,0.0,0.0,1787.0,767.0,858.0,1204.0
2.0,10867.0,2483.0,2543.0,3156.0,0.0,0.0,1764.0,779.0,1532.0,951.0
2.0,11540.0,3005.0,2549.0,0.0,1661.0,1661.0,1771.0,778.0,2480.0,525.0
2.0,8535.0,3081.0,2567.0,0.0,4814.0,4814.0,1802.0,765.0,2742.0,339.0
2.0,5454.0,2654.0,2580.0,1661.0,5859.0,5859.0,1826.0,754.0,2068.0,586.0
2.0,4461.0,2126.0,2575.0,4814.0,3151.0,3151.0,1820.0,755.0,1120.0,1006.0
2.0,7149.0,2028.0,2558.0,5859.0,0.0,0.0,1790.0,768.0,839.0,1189.0
2.0,10980.0,2478.0,2547.0,3151.0,0.0,0.0,1767.0,780.0,1523.0,955.0
2.0,11653.0,3028.0,2553.0,0.0,1587.0,1587.0,1774.0,779.0,2489.0,539.0
2.0,8625.0,3123.0,2572.0,0.0,4786.0,4786.0,1805.0,767.0,2769.0,354.0
2.0,5502.0,2645.0,2583.0,1587.0,5888.0,5888.0,1828.0,755.0,2065.0,580.0
2.0,4444.0,2097.0,2578.0,4786.0,3179.0,3179.0,1822.0,756.0,1099.0,998.0
2.0,7133.0,2001.0,2559.0,5888.0,0.0,0.0,1791.0,768.0,813.0,1188.0
2.0,11020.0,2498.0,2549.0,3179.0,0.0,0.0,1768.0,781.0,1529.0,969.0
2.0,11701.0,3102.0,2557.0,0.0,1629.0,1629.0,1776.0,781.0,2533.0,569.0
2.0,8599.0,3203.0,2577.0,0.0,4912.0,4912.0,1808.0,769.0,2832.0,371.0
2.0,5396.0,2680.0,2589.0,1629.0,6011.0,6011.0,1833.0,756.0,2106.0,574.0
2.0,4345.0,2064.0,2583.0,4912.0,3139.0,3139.0,1826.0,757.0,1080.0,984.0
2.0,7193.0,1970.0,2565.0,6011.0,0.0,0.0,1795.0,770.0,777.0,1193.0
2.0,11234.0,2511.0,2554.0,3139.0,0.0,0.0,1771.0,783.0,1519.0,992.0
2.0,11862.0,3154.0,2562.0,0.0,1540.0,1540.0,1779.0,783.0,2563.0,591.0
2.0,8708.0,3232.0,2582.0,0.0,4852.0,4852.0,1811.0,771.0,2857.0,375.0
2.0,5476.0,2687.0,2594.0,1540.0,6047.0,6047.0,1836.0,758.0,2119.0,568.0
2.0,4329.0,2068.0,2588.0,4852.0,3239.0,3239.0,1829.0,759.0,1083.0,985.0
2.0,7113.0,1992.0,2570.0,6047.0,0.0,0.0,1798.0,772.0,786.0,1206.0
2.0,11168.0,2506.0,2558.0,3239.0,0.0,0.0,1773.0,785.0,1502.0,1004.0
2.0,11901.0,3126.0,2566.0,0.0,1489.0,1489.0,1781.0,785.0,2547.0,579.0
2.0,8775.0,3241.0,2587.0,0.0,4814.0,4814.0,1814.0,773.0,2874.0,367.0
2.0,5534.0,2731.0,2599.0,1489.0,6104.0,6104.0,1839.0,760.0,2153.0,578.0
2.0,4292.0,2097.0,2594.0,4814.0,3367.0,3367.0,1833.0,761.0,1098.0,999.0
2.0,7009.0,1977.0,2574.0,6104.0,0.0,0.0,1800.0,774.0,769.0,1208.0
2.0,11136.0,2490.0,2563.0,3367.0,0.0,0.0,1776.0,787.0,1496.0,994.0
2.0,12013.0,3139.0,2570.0,0.0,1406.0,1406.0,1783.0,787.0,2554.0,585.0
2.0,8874.0,3262.0,2590.0,0.0,4748.0,4748.0,1816.0,774.0,2875.0,387.0
2.0,5612.0,2721.0,2603.0,1406.0,6115.0,6115.0,1841.0,762.0,2136.0,585.0
2.0,4297.0,2072.0,2597.0,4748.0,3415.0,3415.0,1834.0,763.0,1091.0,981.0
2.0,6973.0,1982.0,2578.0,6115.0,0.0,0.0,1802.0,776.0,798.0,1184.0
2.0,11106.0,2551.0,2567.0,3415.0,0.0,0.0,1778.0,789.0,1554.0,997.0
2.0,11970.0,3190.0,2576.0,0.0,1524.0,1524.0,1787.0,789.0,2590.0,600.0
2.0,8780.0,3273.0,2597.0,0.0,4881.0,4881.0,1820.0,777.0,2880.0,393.0
2.0,5507.0,2708.0,2610.0,1524.0,6117.0,6117.0,1845.0,765.0,2119.0,589.0
2.0,4323.0,2057.0,2601.0,4881.0,3257.0,3257.0,1836.0,765.0,1068.0,989.0
2.0,7147.0,1959.0,2582.0,6117.0,0.0,0.0,1803.0,779.0,776.0,1183.0
2.0,11305.0,2503.0,2571.0,3257.0,0.0,0.0,1780.0,791.0,1533.0,970.0
2.0,12059.0,3160.0,2582.0,0.0,1429.0,1429.0,1791.0,791.0,2588.0,572.0
2.0,8899.0,3254.0,2603.0,0.0,4767.0,4767.0,1824.0,779.0,2876.0,378.0
2.0,5645.0,2689.0,2615.0,1429.0,6075.0,6075.0,1848.0,767.0,2105.0,584.0
2.0,4385.0,2028.0,2606.0,4767.0,3300.0,3300.0,1839.0,767.0,1046.0,982.0
2.0,7124.0,1953.0,2586.0,6075.0,0.0,0.0,1806.0,780.0,766.0,1187.0
2.0,11246.0,2517.0,2576.0,3300.0,0.0,0.0,1783.0,793.0,1538.0,979.0
2.0,12029.0,3163.0,2586.0,0.0,1478.0,1478.0,1793.0,793.0,2595.0,568.0
2.0,8866.0,3257.0,2607.0,0.0,4819.0,4819.0,1827.0,780.0,2897.0,360.0
2.0,5609.0,2692.0,2619.0,1478.0,6081.0,6081.0,1851.0,768.0,2118.0,574.0
2.0,4395.0,2032.0,2611.0,4819.0,3262.0,3262.0,1842.0,769.0,1042.0,990.0
2.0,7182.0,1916.0,2590.0,6081.0,0.0,0.0,1808.0,782.0,732.0,1184.0
2.0,11347.0,2484.0,2579.0,3262.0,0.0,0.0,1785.0,794.0,1515.0,969.0
2.0,12125.0,3166.0,2588.0,0.0,1393.0,1393.0,1795.0,793.0,2608.0,558.0
2.0,8959.0,3259.0,2610.0,0.0,4740.0,4740.0,1829.0,781.0,2901.0,358.0
2.0,5700.0,2702.0,2623.0,1393.0,6101.0,6101.0,1854.0,769.0,2127.0,575.0
2.0,4391.0,2029.0,2615.0,4740.0,3358.0,3358.0,1845.0,770.0,1038.0,991.0
2.0,7102.0,1901.0,2593.0,6101.0,0.0,0.0,1811.0,782.0,713.0,1188.0
2.0,11302.0,2446.0,2580.0,3358.0,0.0,0.0,1786.0,794.0,1473.0,973.0
2.0,12214.0,3142.0,2590.0,0.0,1288.0,1288.0,1796.0,794.0,2579.0,563.0
2.0,9072.0,3283.0,2611.0,0.0,4655.0,4655.0,1830.0,781.0,2918.0,365.0
2.0,5789.0,2721.0,2626.0,1288.0,6148.0,6148.0,1856.0,770.0,2147.0,574.0
2.0,4356.0,2036.0,2617.0,4655.0,3493.0,3493.0,1847.0,770.0,1052.0,984.0
2.0,6975.0,1930.0,2595.0,6148.0,0.0,0.0,1813.0,782.0,742.0,1188.0
2.0,11193.0,2500.0,2581.0,3493.0,0.0,0.0,1787.0,794.0,1516.0,984.0
2.0,12186.0,3175.0,2591.0,0.0,1353.0,1353.0,1797.0,794.0,2601.0,574.0
2.0,9011.0,3289.0,2614.0,0.0,4734.0,4734.0,1832.0,782.0,2916.0,373.0
2.0,5722.0,2714.0,2628.0,1353.0,6151.0,6151.0,1858.0,770.0,2132.0,582.0
2.0,4361.0,2029.0,2619.0,4734.0,3410.0,3410.0,1849.0,770.0,1038.0,991.0
2.0,7066.0,1929.0,2596.0,6151.0,0.0,0.0,1814.0,782.0,730.0,1199.0
2.0,11288.0,2517.0,2582.0,3410.0,0.0,0.0,1788.0,794.0,1519.0,998.0
2.0,12181.0,3224.0,2592.0,0.0,1411.0,1411.0,1798.0,794.0,2640.0,584.0
2.0,8957.0,3345.0,2616.0,0.0,4852.0,4852.0,1834.0,782.0,2969.0,376.0
2.0,5612.0,2745.0,2631.0,1411.0,6246.0,6246.0,1861.0,770.0,2172.0,573.0
2.0,4278.0,2035.0,2622.0,4852.0,3393.0,3393.0,1852.0,770.0,1051.0,984.0
2.0,7095.0,1908.0,2599.0,6246.0,0.0,0.0,1817.0,782.0,707.0,1201.0
2.0,11433.0,2516.0,2584.0,3393.0,0.0,0.0,1790.0,794.0,1499.0,1017.0
2.0,12310.0,3248.0,2594.0,0.0,1314.0,1314.0,1799.0,795.0,2630.0,618.0
2.0,9062.0,3378.0,2620.0,0.0,4796.0,4796.0,1836.0,784.0,2977.0,401.0
2.0,5684.0,2799.0,2635.0,1314.0,6341.0,6341.0,1864.0,771.0,2220.0,579.0
2.0,4199.0,2074.0,2627.0,4796.0,3587.0,3587.0,1856.0,771.0,1098.0,976.0
2.0,6921.0,1926.0,2604.0,6341.0,0.0,0.0,1821.0,783.0,736.0,1190.0
2.0,11336.0,2509.0,2589.0,3587.0,0.0,0.0,1794.0,795.0,1500.0,1009.0
2.0,12414.0,3259.0,2599.0,0.0,1241.0,1241.0,1804.0,795.0,2639.0,620.0
2.0,9155.0,3398.0,2625.0,0.0,4743.0,4743.0,1841.0,784.0,2986.0,412.0
2.0,5757.0,2797.0,2641.0,1241.0,6363.0,6363.0,1868.0,773.0,2212.0,585.0
2.0,4201.0,2055.0,2631.0,4743.0,3635.0,3635.0,1859.0,772.0,1091.0,964.0
2.0,6889.0,1921.0,2606.0,6363.0,0.0,0.0,1823.0,783.0,742.0,1179.0
2.0,11331.0,2527.0,2592.0,3635.0,0.0,0.0,1797.0,795.0,1514.0,1013.0
2.0,12439.0,3269.0,2603.0,0.0,1242.0,1242.0,1807.0,796.0,2637.0,632.0
2.0,9170.0,3406.0,2629.0,0.0,4752.0,4752.0,1844.0,785.0,2989.0,417.0
2.0,5764.0,2803.0,2646.0,1242.0,6381.0,6381.0,1872.0,774.0,2225.0,578.0
2.0,4203.0,2058.0,2637.0,4752.0,3651.0,3651.0,1864.0,773.0,1102.0,956.0
2.0,6897.0,1905.0,2613.0,6381.0,0.0,0.0,1828.0,785.0,741.0,1164.0
2.0,11373.0,2515.0,2599.0,3651.0,0.0,0.0,1802.0,797.0,1504.0,1011.0
2.0,12509.0,3258.0,2610.0,0.0,1189.0,1189.0,1812.0,798.0,2618.0,640.0
2.0,9251.0,3387.0,2635.0,0.0,4676.0,4676.0,1848.0,787.0,2969.0,418.0
2.0,5864.0,2794.0,2652.0,1189.0,6349.0,6349.0,1877.0,775.0,2230.0,564.0
2.0,4259.0,2062.0,2643.0,4676.0,3699.0,3699.0,1869.0,774.0,1124.0,938.0
2.0,6873.0,1914.0,2619.0,6349.0,0.0,0.0,1833.0,786.0,754.0,1160.0
2.0,11308.0,2499.0,2604.0,3699.0,0.0,0.0,1806.0,798.0,1481.0,1018.0
2.0,12508.0,3228.0,2615.0,0.0,1180.0,1180.0,1815.0,800.0,2575.0,653.0
2.0,9280.0,3352.0,2640.0,0.0,4632.0,4632.0,1851.0,789.0,2928.0,424.0
2.0,5928.0,2747.0,2656.0,1180.0,6263.0,6263.0,1879.0,777.0,2194.0,553.0
2.0,4361.0,2018.0,2647.0,4632.0,3613.0,3613.0,1871.0,776.0,1100.0,918.0
2.0,6975.0,1911.0,2622.0,6263.0,0.0,0.0,1835.0,787.0,747.0,1164.0
2.0,11327.0,2508.0,2609.0,3613.0,0.0,0.0,1808.0,801.0,1472.0,1036.0
2.0,12432.0,3245.0,2619.0,0.0,1289.0,1289.0,1817.0,802.0,2575.0,670.0
2.0,9187.0,3373.0,2645.0,0.0,4766.0,4766.0,1853.0,792.0,2945.0,428.0
2.0,5814.0,2730.0,2661.0,1289.0,6271.0,6271.0,1882.0,779.0,2190.0,540.0
2.0,4373.0,1991.0,2652.0,4766.0,3460.0,3460.0,1874.0,778.0,1090.0,901.0
2.0,7148.0,1900.0,2628.0,6271.0,0.0,0.0,1839.0,789.0,742.0,1158.0
2.0,11519.0,2556.0,2614.0,3460.0,0.0,0.0,1812.0,802.0,1503.0,1053.0
2.0,12423.0,3296.0,2626.0,0.0,1377.0,1377.0,1821.0,805.0,2603.0,693.0
2.0,9127.0,3385.0,2651.0,0.0,4862.0,4862.0,1857.0,794.0,2944.0,441.0
2.0,5742.0,2716.0,2667.0,1377.0,6265.0,6265.0,1885.0,782.0,2180.0,536.0
2.0,4403.0,1968.0,2656.0,4862.0,3327.0,3327.0,1876.0,780.0,1077.0,891.0
2.0,7297.0,1905.0,2632.0,6265.0,0.0,0.0,1841.0,791.0,753.0,1152.0
2.0,11657.0,2576.0,2618.0,3327.0,0.0,0.0,1814.0,804.0,1524.0,1052.0
2.0,12408.0,3328.0,2629.0,0.0,1436.0,1436.0,1823.0,806.0,2626.0,702.0
2.0,9080.0,3393.0,2656.0,0.0,4937.0,4937.0,1860.0,796.0,2944.0,449.0
2.0,5687.0,2726.0,2671.0,1436.0,6287.0,6287.0,1888.0,783.0,2185.0,541.0
2.0,4397.0,1989.0,2661.0,4937.0,3299.0,3299.0,1880.0,781.0,1100.0,889.0
2.0,7345.0,1937.0,2636.0,6287.0,0.0,0.0,1844.0,792.0,784.0,1153.0
2.0,11695.0,2605.0,2622.0,3299.0,0.0,0.0,1817.0,805.0,1547.0,1058.0
2.0,12389.0,3351.0,2634.0,0.0,1498.0,1498.0,1826.0,808.0,2640.0,711.0
2.0,9038.0,3434.0,2661.0,0.0,5040.0,5040.0,1863.0,798.0,2973.0,461.0
2.0,5604.0,2762.0,2678.0,1498.0,6372.0,6372.0,1892.0,786.0,2200.0,562.0
2.0,4340.0,1995.0,2667.0,5040.0,3283.0,3283.0,1884.0,783.0,1094.0,901.0
2.0,7385.0,1929.0,2641.0,6372.0,0.0,0.0,1848.0,793.0,789.0,1140.0
2.0,11828.0,2600.0,2627.0,3283.0,0.0,0.0,1821.0,806.0,1558.0,1042.0
2.0,12511.0,3376.0,2638.0,0.0,1417.0,1417.0,1830.0,808.0,2668.0,708.0
2.0,9135.0,3456.0,2664.0,0.0,4977.0,4977.0,1866.0,798.0,2983.0,473.0
2.0,5679.0,2786.0,2680.0,1417.0,6410.0,6410.0,1894.0,786.0,2222.0,564.0
2.0,4310.0,2016.0,2671.0,4977.0,3413.0,3413.0,1887.0,784.0,1128.0,888.0
2.0,7271.0,1922.0,2646.0,6410.0,0.0,0.0,1852.0,794.0,790.0,1132.0
2.0,11759.0,2615.0,2630.0,3413.0,0.0,0.0,1824.0,806.0,1566.0,1049.0
2.0,12557.0,3383.0,2642.0,0.0,1394.0,1394.0,1833.0,809.0,2659.0,724.0
2.0,9174.0,3465.0,2669.0,0.0,4967.0,4967.0,1869.0,800.0,2979.0,486.0
2.0,5709.0,2768.0,2686.0,1394.0,6409.0,6409.0,1898.0,788.0,2207.0,561.0
2.0,4335.0,1985.0,2675.0,4967.0,3383.0,3383.0,1890.0,785.0,1112.0,873.0
2.0,7317.0,1921.0,2649.0,6409.0,0.0,0.0,1855.0,794.0,806.0,1115.0
2.0,11805.0,2611.0,2633.0,3383.0,0.0,0.0,1827.0,806.0,1571.0,1040.0
2.0,12577.0,3376.0,2645.0,0.0,1379.0,1379.0,1836.0,809.0,2650.0,726.0
2.0,9201.0,3456.0,2671.0,0.0,4939.0,4939.0,1871.0,800.0,2968.0,488.0
2.0,5745.0,2759.0,2688.0,1379.0,6387.0,6387.0,1899.0,789.0,2201.0,558.0
2.0,4365.0,1942.0,2677.0,4939.0,3346.0,3346.0,1891.0,786.0,1074.0,868.0
2.0,7362.0,1841.0,2650.0,6387.0,0.0,0.0,1855.0,795.0,734.0,1107.0
2.0,11908.0,2566.0,2634.0,3346.0,0.0,0.0,1827.0,807.0,1526.0,1040.0
2.0,12688.0,3382.0,2645.0,0.0,1274.0,1274.0,1835.0,810.0,2654.0,728.0
2.0,9306.0,3477.0,2672.0,0.0,4859.0,4859.0,1871.0,801.0,2990.0,487.0
2.0,5829.0,2774.0,2689.0,1274.0,6427.0,6427.0,1899.0,790.0,2211.0,563.0
2.0,4329.0,1962.0,2679.0,4859.0,3490.0,3490.0,1892.0,787.0,1089.0,873.0
2.0,7226.0,1837.0,2652.0,6427.0,0.0,0.0,1856.0,796.0,738.0,1099.0
2.0,11816.0,2529.0,2636.0,3490.0,0.0,0.0,1829.0,807.0,1504.0,1025.0
2.0,12777.0,3349.0,2647.0,0.0,1160.0,1160.0,1837.0,810.0,2629.0,720.0
2.0,9428.0,3479.0,2676.0,0.0,4755.0,4755.0,1874.0,802.0,2988.0,491.0
2.0,5949.0,2790.0,2693.0,1160.0,6453.0,6453.0,1902.0,791.0,2229.0,561.0
2.0,4319.0,1964.0,2682.0,4755.0,3618.0,3618.0,1895.0,787.0,1093.0,871.0
2.0,7110.0,1830.0,2655.0,6453.0,0.0,0.0,1859.0,796.0,723.0,1107.0
2.0,11733.0,2506.0,2638.0,3618.0,0.0,0.0,1831.0,807.0,1472.0,1034.0
2.0,12845.0,3337.0,2650.0,0.0,1092.0,1092.0,1839.0,811.0,2605.0,732.0
2.0,9508.0,3480.0,2678.0,0.0,4684.0,4684.0,1875.0,803.0,2984.0,496.0
2.0,6028.0,2810.0,2696.0,1092.0,6474.0,6474.0,1904.0,792.0,2245.0,565.0
2.0,4310.0,1974.0,2685.0,4684.0,3720.0,3720.0,1897.0,788.0,1109.0,865.0
2.0,7020.0,1833.0,2657.0,6474.0,0.0,0.0,1861.0,796.0,727.0,1106.0
2.0,11661.0,2529.0,2640.0,3720.0,0.0,0.0,1832.0,808.0,1482.0,1047.0
2.0,12852.0,3383.0,2653.0,0.0,1143.0,1143.0,1841.0,812.0,2631.0,752.0
2.0,9469.0,3534.0,2683.0,0.0,4797.0,4797.0,1878.0,805.0,3016.0,518.0
2.0,5935.0,2826.0,2701.0,1143.0,6552.0,6552.0,1907.0,794.0,2246.0,580.0
2.0,4252.0,1978.0,2689.0,4797.0,3685.0,3685.0,1899.0,790.0,1108.0,870.0
2.0,7071.0,1853.0,2661.0,6552.0,0.0,0.0,1863.0,798.0,747.0,1106.0
2.0,11770.0,2571.0,2646.0,3685.0,0.0,0.0,1836.0,810.0,1526.0,1045.0
2.0,12884.0,3417.0,2659.0,0.0,1169.0,1169.0,1845.0,814.0,2655.0,762.0
2.0,9467.0,3579.0,2689.0,0.0,4868.0,4868.0,1882.0,807.0,3047.0,532.0
2.0,5888.0,2866.0,2707.0,1169.0,6637.0,6637.0,1911.0,796.0,2283.0,583.0
2.0,4191.0,1991.0,2695.0,4868.0,3712.0,3712.0,1903.0,792.0,1117.0,874.0
2.0,7068.0,1850.0,2666.0,6637.0,0.0,0.0,1866.0,800.0,747.0,1103.0
2.0,11855.0,2565.0,2649.0,3712.0,0.0,0.0,1838.0,811.0,1518.0,1047.0
2.0,13002.0,3449.0,2663.0,0.0,1099.0,1099.0,1848.0,815.0,2681.0,768.0
2.0,9553.0,3618.0,2694.0,0.0,4841.0,4841.0,1886.0,808.0,3071.0,547.0
2.0,5935.0,2927.0,2713.0,1099.0,6745.0,6745.0,1915.0,798.0,2324.0,603.0
2.0,4107.0,2065.0,2703.0,4841.0,3929.0,3929.0,1908.0,795.0,1183.0,882.0
2.0,6883.0,1876.0,2675.0,6745.0,0.0,0.0,1872.0,803.0,778.0,1098.0
2.0,11752.0,2553.0,2656.0,3929.0,0.0,0.0,1843.0,813.0,1515.0,1038.0
2.0,13128.0,3423.0,2669.0,0.0,971.0,971.0,1852.0,817.0,2653.0,770.0
2.0,9705.0,3625.0,2700.0,0.0,4720.0,4720.0,1889.0,811.0,3071.0,554.0
2.0,6080.0,2931.0,2720.0,971.0,6760.0,6760.0,1919.0,801.0,2331.0,600.0
2.0,4120.0,2059.0,2708.0,4720.0,4051.0,4051.0,1911.0,797.0,1190.0,869.0
2.0,6781.0,1874.0,2679.0,6760.0,0.0,0.0,1875.0,804.0,782.0,1092.0
2.0,11667.0,2559.0,2662.0,4051.0,0.0,0.0,1847.0,815.0,1521.0,1038.0
2.0,13159.0,3415.0,2675.0,0.0,956.0,956.0,1856.0,819.0,2648.0,767.0
2.0,9744.0,3581.0,2706.0,0.0,4661.0,4661.0,1893.0,813.0,3025.0,556.0
2.0,6163.0,2904.0,2724.0,956.0,6681.0,6681.0,1921.0,803.0,2298.0,606.0
2.0,4215.0,2059.0,2714.0,4661.0,4039.0,4039.0,1914.0,800.0,1186.0,873.0
2.0,6817.0,1903.0,2686.0,6681.0,0.0,0.0,1879.0,807.0,821.0,1082.0
2.0,11595.0,2563.0,2668.0,4039.0,0.0,0.0,1851.0,817.0,1541.0,1022.0
2.0,13071.0,3363.0,2680.0,0.0,1012.0,1012.0,1859.0,821.0,2614.0,749.0
2.0,9708.0,3517.0,2710.0,0.0,4649.0,4649.0,1896.0,814.0,2977.0,540.0
2.0,6191.0,2875.0,2730.0,1012.0,6592.0,6592.0,1926.0,804.0,2277.0,598.0
2.0,4328.0,2059.0,2720.0,4649.0,3962.0,3962.0,1919.0,801.0,1186.0,873.0
2.0,6918.0,1910.0,2692.0,6592.0,0.0,0.0,1884.0,808.0,810.0,1100.0
2.0,11600.0,2543.0,2674.0,3962.0,0.0,0.0,1855.0,819.0,1514.0,1029.0
2.0,13019.0,3318.0,2684.0,0.0,1035.0,1035.0,1862.0,822.0,2581.0,737.0
2.0,9701.0,3456.0,2713.0,0.0,4607.0,4607.0,1898.0,815.0,2937.0,519.0
2.0,6245.0,2825.0,2732.0,1035.0,6473.0,6473.0,1927.0,805.0,2249.0,576.0
2.0,4455.0,2061.0,2723.0,4607.0,3891.0,3891.0,1921.0,802.0,1195.0,866.0
2.0,7001.0,1947.0,2697.0,6473.0,0.0,0.0,1887.0,810.0,845.0,1102.0
2.0,11527.0,2538.0,2678.0,3891.0,0.0,0.0,1858.0,820.0,1502.0,1036.0
2.0,12880.0,3275.0,2688.0,0.0,1147.0,1147.0,1864.0,824.0,2537.0,738.0
2.0,9605.0,3428.0,2716.0,0.0,4687.0,4687.0,1899.0,817.0,2921.0,507.0
2.0,6177.0,2834.0,2735.0,1147.0,6450.0,6450.0,1929.0,806.0,2255.0,579.0
2.0,4490.0,2109.0,2727.0,4687.0,3840.0,3840.0,1924.0,803.0,1231.0,878.0
2.0,7068.0,1971.0,2701.0,6450.0,0.0,0.0,1891.0,810.0,869.0,1102.0
2.0,11547.0,2581.0,2684.0,3840.0,0.0,0.0,1863.0,821.0,1545.0,1036.0
2.0,12806.0,3292.0,2693.0,0.0,1258.0,1258.0,1869.0,824.0,2556.0,736.0
2.0,9514.0,3410.0,2720.0,0.0,4776.0,4776.0,1903.0,817.0,2911.0,499.0
2.0,6104.0,2816.0,2740.0,1258.0,6414.0,6414.0,1933.0,807.0,2253.0,563.0
2.0,4546.0,2108.0,2731.0,4776.0,3710.0,3710.0,1928.0,803.0,1235.0,873.0
2.0,7214.0,1993.0,2704.0,6414.0,0.0,0.0,1894.0,810.0,879.0,1114.0
2.0,11635.0,2574.0,2686.0,3710.0,0.0,0.0,1866.0,820.0,1534.0,1040.0
2.0,12771.0,3293.0,2695.0,0.0,1302.0,1302.0,1872.0,823.0,2556.0,737.0
2.0,9478.0,3422.0,2723.0,0.0,4836.0,4836.0,1907.0,816.0,2915.0,507.0
2.0,6056.0,2857.0,2742.0,1302.0,6467.0,6467.0,1936.0,806.0,2266.0,591.0
2.0,4501.0,2169.0,2735.0,4836.0,3772.0,3772.0,1931.0,804.0,1266.0,903.0
2.0,7168.0,2056.0,2709.0,6467.0,0.0,0.0,1898.0,811.0,929.0,1127.0
2.0,11579.0,2630.0,2691.0,3772.0,0.0,0.0,1870.0,821.0,1590.0,1040.0
2.0,12721.0,3319.0,2698.0,0.0,1390.0,1390.0,1875.0,823.0,2583.0,736.0
2.0,9402.0,3427.0,2726.0,0.0,4929.0,4929.0,1910.0,816.0,2916.0,511.0
2.0,5975.0,2868.0,2746.0,1390.0,6487.0,6487.0,1939.0,807.0,2268.0,600.0
2.0,4497.0,2217.0,2739.0,4929.0,3747.0,3747.0,1935.0,804.0,1311.0,906.0
2.0,7209.0,2101.0,2713.0,6487.0,0.0,0.0,1902.0,811.0,969.0,1132.0
2.0,11595.0,2639.0,2695.0,3747.0,0.0,0.0,1874.0,821.0,1582.0,1057.0
2.0,12703.0,3294.0,2702.0,0.0,1399.0,1399.0,1878.0,824.0,2543.0,751.0
2.0,9409.0,3437.0,2728.0,0.0,4940.0,4940.0,1911.0,817.0,2918.0,519.0
2.0,5972.0,2901.0,2748.0,1399.0,6522.0,6522.0,1941.0,807.0,2307.0,594.0
2.0,4470.0,2219.0,2741.0,4940.0,3773.0,3773.0,1937.0,804.0,1322.0,897.0
2.0,7191.0,2114.0,2716.0,6522.0,0.0,0.0,1905.0,811.0,977.0,1137.0
2.0,11599.0,2648.0,2697.0,3773.0,0.0,0.0,1876.0,821.0,1582.0,1066.0
2.0,12724.0,3312.0,2704.0,0.0,1404.0,1404.0,1880.0,824.0,2552.0,760.0
2.0,9412.0,3435.0,2731.0,0.0,4947.0,4947.0,1913.0,818.0,2914.0,521.0
2.0,5977.0,2889.0,2751.0,1404.0,6512.0,6512.0,1943.0,808.0,2303.0,586.0
2.0,4492.0,2206.0,2744.0,4947.0,3743.0,3743.0,1939.0,805.0,1314.0,892.0
2.0,7233.0,2080.0,2718.0,6512.0,0.0,0.0,1906.0,812.0,947.0,1133.0
2.0,11665.0,2623.0,2700.0,3743.0,0.0,0.0,1878.0,822.0,1555.0,1068.0
2.0,12785.0,3293.0,2707.0,0.0,1336.0,1336.0,1882.0,825.0,2526.0,767.0
2.0,9492.0,3420.0,2733.0,0.0,4860.0,4860.0,1915.0,818.0,2893.0,527.0
2.0,6072.0,2863.0,2752.0,1336.0,6463.0,6463.0,1943.0,809.0,2278.0,585.0
2.0,4545.0,2186.0,2744.0,4860.0,3757.0,3757.0,1938.0,806.0,1303.0,883.0
2.0,7219.0,2058.0,2719.0,6463.0,0.0,0.0,1906.0,813.0,942.0,1116.0
2.0,11624.0,2614.0,2702.0,3757.0,0.0,0.0,1879.0,823.0,1552.0,1062.0
2.0,12767.0,3314.0,2711.0,0.0,1391.0,1391.0,1884.0,827.0,2541.0,773.0
2.0,9453.0,3427.0,2737.0,0.0,4922.0,4922.0,1917.0,820.0,2889.0,538.0
2.0,6026.0,2839.0,2754.0,1391.0,6438.0,6438.0,1944.0,810.0,2250.0,589.0
2.0,4578.0,2138.0,2747.0,4922.0,3626.0,3626.0,1939.0,808.0,1259.0,879.0
2.0,7362.0,2020.0,2722.0,6438.0,0.0,0.0,1907.0,815.0,910.0,1110.0
2.0,11780.0,2594.0,2705.0,3626.0,0.0,0.0,1880.0,825.0,1539.0,1055.0
2.0,12812.0,3314.0,2715.0,0.0,1362.0,1362.0,1886.0,829.0,2538.0,776.0
2.0,9498.0,3457.0,2742.0,0.0,4927.0,4927.0,1919.0,823.0,2916.0,541.0
2.0,6041.0,2870.0,2760.0,1362.0,6507.0,6507.0,1947.0,813.0,2286.0,584.0
2.0,4533.0,2151.0,2753.0,4927.0,3703.0,3703.0,1943.0,810.0,1278.0,873.0
2.0,7309.0,1995.0,2728.0,6507.0,0.0,0.0,1911.0,817.0,892.0,1103.0
2.0,11821.0,2564.0,2711.0,3703.0,0.0,0.0,1884.0,827.0,1515.0,1049.0
2.0,12960.0,3272.0,2720.0,0.0,1192.0,1192.0,1889.0,831.0,2504.0,768.0
2.0,9688.0,3421.0,2745.0,0.0,4713.0,4713.0,1921.0,824.0,2890.0,531.0
2.0,6267.0,2888.0,2762.0,1192.0,6477.0,6477.0,1948.0,814.0,2308.0,580.0
2.0,4571.0,2204.0,2755.0,4713.0,3940.0,3940.0,1944.0,811.0,1326.0,878.0
2.0,7080.0,2042.0,2731.0,6477.0,0.0,0.0,1913.0,818.0,920.0,1122.0
2.0,11515.0,2567.0,2714.0,3940.0,0.0,0.0,1885.0,829.0,1498.0,1069.0
2.0,12888.0,3275.0,2723.0,0.0,1279.0,1279.0,1890.0,833.0,2500.0,775.0
2.0,9613.0,3448.0,2749.0,0.0,4831.0,4831.0,1922.0,827.0,2912.0,536.0
2.0,6165.0,2939.0,2768.0,1279.0,6567.0,6567.0,1951.0,817.0,2350.0,589.0
2.0,4505.0,2235.0,2761.0,4831.0,3943.0,3943.0,1947.0,814.0,1353.0,882.0
2.0,7101.0,2059.0,2737.0,6567.0,0.0,0.0,1916.0,821.0,938.0,1121.0
2.0,11609.0,2588.0,2721.0,3943.0,0.0,0.0,1889.0,832.0,1520.0,1068.0
2.0,12964.0,3309.0,2729.0,0.0,1261.0,1261.0,1894.0,835.0,2537.0,772.0
2.0,9655.0,3515.0,2756.0,0.0,4884.0,4884.0,1928.0,828.0,2986.0,529.0
2.0,6140.0,2979.0,2774.0,1261.0,6674.0,6674.0,1956.0,818.0,2385.0,594.0
2.0,4422.0,2238.0,2766.0,4884.0,3996.0,3996.0,1951.0,815.0,1346.0,892.0
2.0,7068.0,2051.0,2742.0,6674.0,0.0,0.0,1919.0,823.0,916.0,1135.0
2.0,11691.0,2592.0,2725.0,3996.0,0.0,0.0,1892.0,833.0,1521.0,1071.0
2.0,13095.0,3329.0,2735.0,0.0,1174.0,1174.0,1898.0,837.0,2564.0,765.0
2.0,9766.0,3505.0,2759.0,0.0,4775.0,4775.0,1930.0,829.0,2985.0,520.0
2.0,6261.0,2969.0,2776.0,1174.0,6638.0,6638.0,1957.0,819.0,2384.0,585.0
2.0,4466.0,2252.0,2769.0,4775.0,4087.0,4087.0,1953.0,816.0,1360.0,892.0
2.0,6989.0,2067.0,2745.0,6638.0,0.0,0.0,1922.0,823.0,929.0,1138.0
2.0,11560.0,2605.0,2729.0,4087.0,0.0,0.0,1895.0,834.0,1523.0,1082.0
2.0,13042.0,3361.0,2738.0,0.0,1271.0,1271.0,1900.0,838.0,2572.0,789.0
2.0,9681.0,3557.0,2763.0,0.0,4928.0,4928.0,1932.0,831.0,3012.0,545.0
2.0,6124.0,2993.0,2780.0,1271.0,6718.0,6718.0,1960.0,820.0,2391.0,602.0
2.0,4402.0,2239.0,2772.0,4928.0,3997.0,3997.0,1955.0,817.0,1342.0,897.0
2.0,7091.0,2025.0,2747.0,6718.0,0.0,0.0,1923.0,824.0,897.0,1128.0
2.0,11784.0,2579.0,2731.0,3997.0,0.0,0.0,1896.0,835.0,1517.0,1062.0
2.0,13202.0,3345.0,2740.0,0.0,1103.0,1103.0,1902.0,838.0,2576.0,769.0
2.0,9857.0,3558.0,2766.0,0.0,4765.0,4765.0,1935.0,831.0,3026.0,532.0
2.0,6299.0,3021.0,2784.0,1103.0,6755.0,6755.0,1963.0,821.0,2424.0,597.0
2.0,4381.0,2244.0,2777.0,4765.0,4206.0,4206.0,1959.0,818.0,1348.0,896.0
2.0,6902.0,1992.0,2752.0,6755.0,0.0,0.0,1927.0,825.0,858.0,1134.0
2.0,11665.0,2533.0,2734.0,4206.0,0.0,0.0,1899.0,835.0,1460.0,1073.0
2.0,13338.0,3316.0,2744.0,0.0,954.0,954.0,1905.0,839.0,2547.0,769.0
2.0,10022.0,3557.0,2770.0,0.0,4615.0,4615.0,1938.0,832.0,3026.0,531.0
2.0,6465.0,3004.0,2788.0,954.0,6737.0,6737.0,1966.0,822.0,2407.0,597.0
2.0,4415.0,2200.0,2780.0,4615.0,4290.0,4290.0,1961.0,819.0,1310.0,890.0
2.0,6830.0,1970.0,2754.0,6737.0,0.0,0.0,1929.0,825.0,847.0,1123.0
2.0,11597.0,2515.0,2737.0,4290.0,0.0,0.0,1901.0,836.0,1455.0,1060.0
2.0,13372.0,3308.0,2746.0,0.0,920.0,920.0,1907.0,839.0,2541.0,767.0
2.0,10064.0,3540.0,2772.0,0.0,4564.0,4564.0,1940.0,832.0,3008.0,532.0
2.0,6524.0,3002.0,2791.0,920.0,6722.0,6722.0,1969.0,822.0,2407.0,595.0
2.0,4442.0,2217.0,2784.0,4564.0,4347.0,4347.0,1965.0,819.0,1324.0,893.0
2.0,6789.0,1980.0,2759.0,6722.0,0.0,0.0,1933.0,826.0,856.0,1124.0
2.0,11531.0,2529.0,2741.0,4347.0,0.0,0.0,1905.0,836.0,1469.0,1060.0
2.0,13349.0,3304.0,2749.0,0.0,951.0,951.0,1910.0,839.0,2541.0,763.0
2.0,10045.0,3534.0,2776.0,0.0,4593.0,4593.0,1943.0,833.0,2999.0,535.0
2.0,6511.0,3004.0,2795.0,951.0,6722.0,6722.0,1972.0,823.0,2402.0,602.0
2.0,4458.0,2227.0,2788.0,4593.0,4328.0,4328.0,1968.0,820.0,1328.0,899.0
2.0,6824.0,2012.0,2764.0,6722.0,0.0,0.0,1937.0,827.0,883.0,1129.0
2.0,11534.0,2569.0,2748.0,4328.0,0.0,0.0,1910.0,838.0,1505.0,1064.0
2.0,13293.0,3330.0,2756.0,0.0,1061.0,1061.0,1915.0,841.0,2569.0,761.0
2.0,9963.0,3534.0,2782.0,0.0,4699.0,4699.0,1948.0,834.0,3000.0,534.0
2.0,6429.0,2966.0,2799.0,1061.0,6672.0,6672.0,1975.0,824.0,2362.0,604.0
2.0,4524.0,2230.0,2793.0,4699.0,4179.0,4179.0,1972.0,821.0,1328.0,902.0
2.0,6993.0,2051.0,2770.0,6672.0,0.0,0.0,1942.0,828.0,912.0,1139.0
2.0,11614.0,2617.0,2754.0,4179.0,0.0,0.0,1915.0,839.0,1541.0,1076.0
2.0,13176.0,3355.0,2762.0,0.0,1227.0,1227.0,1920.0,842.0,2579.0,776.0
2.0,9821.0,3549.0,2787.0,0.0,4876.0,4876.0,1951.0,836.0,3006.0,543.0
2.0,6272.0,3008.0,2805.0,1227.0,6729.0,6729.0,1979.0,826.0,2394.0,614.0
2.0,4491.0,2273.0,2799.0,4876.0,4102.0,4102.0,1976.0,823.0,1359.0,914.0
2.0,7094.0,2087.0,2776.0,6729.0,0.0,0.0,1946.0,830.0,943.0,1144.0
2.0,11736.0,2627.0,2759.0,4102.0,0.0,0.0,1918.0,841.0,1556.0,1071.0
2.0,13211.0,3348.0,2766.0,0.0,1201.0,1201.0,1922.0,844.0,2577.0,771.0
2.0,9863.0,3558.0,2791.0,0.0,4859.0,4859.0,1954.0,837.0,3010.0,548.0
2.0,6305.0,3028.0,2809.0,1201.0,6758.0,6758.0,1982.0,827.0,2406.0,622.0
2.0,4478.0,2297.0,2805.0,4859.0,4180.0,4180.0,1980.0,825.0,1375.0,922.0
2.0,7040.0,2091.0,2780.0,6758.0,0.0,0.0,1948.0,832.0,944.0,1147.0
2.0,11707.0,2638.0,2764.0,4180.0,0.0,0.0,1921.0,843.0,1555.0,1083.0
2.0,13249.0,3380.0,2771.0,0.0,1215.0,1215.0,1925.0,846.0,2603.0,777.0
2.0,9869.0,3583.0,2797.0,0.0,4902.0,4902.0,1957.0,840.0,3036.0,547.0
2.0,6286.0,3042.0,2816.0,1215.0,6805.0,6805.0,1986.0,830.0,2416.0,626.0
2.0,4459.0,2290.0,2810.0,4902.0,4169.0,4169.0,1983.0,827.0,1363.0,927.0
2.0,7071.0,2098.0,2786.0,6805.0,0.0,0.0,1952.0,834.0,947.0,1151.0
2.0,11778.0,2659.0,2768.0,4169.0,0.0,0.0,1924.0,844.0,1583.0,1076.0
2.0,13288.0,3390.0,2776.0,0.0,1206.0,1206.0,1928.0,848.0,2609.0,781.0
2.0,9898.0,3552.0,2801.0,0.0,4858.0,4858.0,1960.0,841.0,2992.0,560.0
2.0,6346.0,2983.0,2820.0,1206.0,6711.0,6711.0,1988.0,832.0,2350.0,633.0
2.0,4569.0,2272.0,2814.0,4858.0,4101.0,4101.0,1985.0,829.0,1349.0,923.0
2.0,7155.0,2109.0,2790.0,6711.0,0.0,0.0,1954.0,836.0,967.0,1142.0
2.0,11757.0,2649.0,2772.0,4101.0,0.0,0.0,1926.0,846.0,1578.0,1071.0
2.0,13209.0,3353.0,2779.0,0.0,1260.0,1260.0,1929.0,850.0,2571.0,782.0
2.0,9856.0,3529.0,2804.0,0.0,4889.0,4889.0,1960.0,844.0,2968.0,561.0
2.0,6327.0,2986.0,2823.0,1260.0,6691.0,6691.0,1989.0,834.0,2364.0,622.0
2.0,4601.0,2276.0,2818.0,4889.0,4058.0,4058.0,1987.0,831.0,1372.0,904.0
2.0,7214.0,2105.0,2795.0,6691.0,0.0,0.0,1957.0,838.0,972.0,1133.0
2.0,11800.0,2623.0,2777.0,4058.0,0.0,0.0,1929.0,848.0,1545.0,1078.0
2.0,13235.0,3308.0,2783.0,0.0,1205.0,1205.0,1931.0,852.0,2526.0,782.0
2.0,9927.0,3490.0,2807.0,0.0,4791.0,4791.0,1962.0,845.0,2946.0,544.0
2.0,6437.0,2976.0,2827.0,1205.0,6642.0,6642.0,1992.0,835.0,2369.0,607.0
2.0,4666.0,2280.0,2822.0,4791.0,4111.0,4111.0,1990.0,832.0,1385.0,895.0
2.0,7177.0,2095.0,2799.0,6642.0,0.0,0.0,1960.0,839.0,969.0,1126.0
2.0,11724.0,2615.0,2781.0,4111.0,0.0,0.0,1932.0,849.0,1541.0,1074.0
2.0,13220.0,3336.0,2787.0,0.0,1264.0,1264.0,1934.0,853.0,2538.0,798.0
2.0,9884.0,3515.0,2813.0,0.0,4883.0,4883.0,1966.0,847.0,2949.0,566.0
2.0,6369.0,2984.0,2832.0,1264.0,6679.0,6679.0,1995.0,837.0,2374.0,610.0
2.0,4649.0,2279.0,2826.0,4883.0,4051.0,4051.0,1993.0,833.0,1398.0,881.0
2.0,7253.0,2107.0,2804.0,6679.0,0.0,0.0,1964.0,840.0,1006.0,1101.0
2.0,11825.0,2632.0,2787.0,4051.0,0.0,0.0,1937.0,850.0,1579.0,1053.0
2.0,13244.0,3331.0,2793.0,0.0,1259.0,1259.0,1939.0,854.0,2534.0,797.0
2.0,9913.0,3505.0,2817.0,0.0,4860.0,4860.0,1970.0,847.0,2928.0,577.0
2.0,6408.0,2968.0,2836.0,1259.0,6645.0,6645.0,1998.0,838.0,2346.0,622.0
2.0,4699.0,2263.0,2830.0,4860.0,4024.0,4024.0,1996.0,834.0,1379.0,884.0
2.0,7296.0,2097.0,2806.0,6645.0,0.0,0.0,1965.0,841.0,1000.0,1097.0
2.0,11844.0,2627.0,2789.0,4024.0,0.0,0.0,1938.0,851.0,1578.0,1049.0
2.0,13241.0,3349.0,2796.0,0.0,1292.0,1292.0,1942.0,854.0,2559.0,790.0
2.0,9892.0,3545.0,2821.0,0.0,4937.0,4937.0,1973.0,848.0,2968.0,577.0
2.0,6347.0,3006.0,2840.0,1292.0,6727.0,6727.0,2002.0,838.0,2381.0,625.0
2.0,4633.0,2278.0,2833.0,4937.0,4040.0,4040.0,1999.0,834.0,1394.0,884.0
2.0,7292.0,2077.0,2808.0,6727.0,0.0,0.0,1968.0,840.0,984.0,1093.0
2.0,11942.0,2608.0,2790.0,4040.0,0.0,0.0,1940.0,850.0,1559.0,1049.0
2.0,13374.0,3387.0,2798.0,0.0,1205.0,1205.0,1944.0,854.0,2584.0,803.0
2.0,9987.0,3627.0,2824.0,0.0,4936.0,4936.0,1976.0,848.0,3020.0,607.0
2.0,6360.0,3059.0,2842.0,1205.0,6862.0,6862.0,2004.0,838.0,2413.0,646.0
2.0,4506.0,2288.0,2836.0,4936.0,4190.0,4190.0,2001.0,835.0,1394.0,894.0
2.0,7154.0,2063.0,2811.0,6862.0,0.0,0.0,1970.0,841.0,970.0,1093.0
2.0,11953.0,2624.0,2794.0,4190.0,0.0,0.0,1943.0,851.0,1576.0,1048.0
2.0,13519.0,3403.0,2800.0,0.0,1084.0,1084.0,1946.0,854.0,2592.0,811.0
2.0,10116.0,3635.0,2827.0,0.0,4827.0,4827.0,1978.0,849.0,3019.0,616.0
2.0,6481.0,3094.0,2845.0,1084.0,6909.0,6909.0,2006.0,839.0,2435.0,659.0
2.0,4471.0,2293.0,2839.0,4827.0,4351.0,4351.0,2003.0,836.0,1398.0,895.0
2.0,7005.0,2053.0,2814.0,6909.0,0.0,0.0,1972.0,842.0,964.0,1089.0
2.0,11861.0,2609.0,2794.0,4351.0,0.0,0.0,1943.0,851.0,1559.0,1050.0
2.0,13603.0,3442.0,2802.0,0.0,1047.0,1047.0,1947.0,855.0,2623.0,819.0
2.0,10161.0,3712.0,2830.0,0.0,4871.0,4871.0,1981.0,849.0,3083.0,629.0
2.0,6449.0,3123.0,2850.0,1047.0,7027.0,7027.0,2010.0,840.0,2461.0,662.0
2.0,4373.0,2253.0,2841.0,4871.0,4373.0,4373.0,2005.0,836.0,1361.0,892.0
2.0,6991.0,1980.0,2814.0,7027.0,0.0,0.0,1972.0,842.0,900.0,1080.0
2.0,12038.0,2600.0,2796.0,4373.0,0.0,0.0,1945.0,851.0,1551.0,1049.0
2.0,13811.0,3462.0,2805.0,0.0,871.0,871.0,1950.0,855.0,2636.0,826.0
2.0,10349.0,3725.0,2834.0,0.0,4712.0,4712.0,1984.0,850.0,3087.0,638.0
2.0,6624.0,3123.0,2853.0,871.0,7040.0,7040.0,2012.0,841.0,2447.0,676.0
2.0,4372.0,2255.0,2845.0,4712.0,4551.0,4551.0,2008.0,837.0,1356.0,899.0
2.0,6829.0,1981.0,2819.0,7040.0,0.0,0.0,1976.0,843.0,899.0,1082.0
2.0,11888.0,2583.0,2800.0,4551.0,0.0,0.0,1948.0,852.0,1546.0,1037.0
2.0,13856.0,3461.0,2810.0,0.0,845.0,845.0,1954.0,856.0,2644.0,817.0
2.0,10395.0,3740.0,2838.0,0.0,4697.0,4697.0,1987.0,851.0,3096.0,644.0
2.0,6655.0,3130.0,2857.0,845.0,7058.0,7058.0,2015.0,842.0,2440.0,690.0
2.0,4370.0,2239.0,2850.0,4697.0,4572.0,4572.0,2011.0,839.0,1334.0,905.0
2.0,6828.0,1958.0,2824.0,7058.0,0.0,0.0,1979.0,845.0,881.0,1077.0
2.0,11928.0,2533.0,2806.0,4572.0,0.0,0.0,1952.0,854.0,1512.0,1021.0
2.0,13967.0,3424.0,2815.0,0.0,717.0,717.0,1957.0,858.0,2630.0,794.0
2.0,10543.0,3739.0,2843.0,0.0,4568.0,4568.0,1990.0,853.0,3097.0,642.0
2.0,6804.0,3166.0,2864.0,717.0,7101.0,7101.0,2019.0,845.0,2466.0,700.0
2.0,4355.0,2281.0,2857.0,4568.0,4786.0,4786.0,2015.0,842.0,1365.0,916.0
2.0,6642.0,1955.0,2831.0,7101.0,0.0,0.0,1984.0,847.0,887.0,1068.0
2.0,11788.0,2508.0,2811.0,4786.0,0.0,0.0,1956.0,855.0,1504.0,1004.0
2.0,14066.0,3403.0,2819.0,0.0,613.0,613.0,1960.0,859.0,2604.0,799.0
2.0,10663.0,3732.0,2847.0,0.0,4457.0,4457.0,1993.0,854.0,3085.0,647.0
2.0,6931.0,3154.0,2866.0,613.0,7074.0,7074.0,2020.0,846.0,2457.0,697.0
2.0,4390.0,2253.0,2860.0,4457.0,4846.0,4846.0,2016.0,844.0,1346.0,907.0
2.0,6594.0,1955.0,2833.0,7074.0,0.0,0.0,1984.0,849.0,888.0,1067.0
2.0,11713.0,2542.0,2815.0,4846.0,0.0,0.0,1958.0,857.0,1533.0,1009.0
2.0,14017.0,3430.0,2824.0,0.0,709.0,709.0,1963.0,861.0,2634.0,796.0
2.0,10587.0,3716.0,2852.0,0.0,4537.0,4537.0,1996.0,856.0,3082.0,634.0
2.0,6871.0,3138.0,2872.0,709.0,7046.0,7046.0,2024.0,848.0,2449.0,689.0
2.0,4442.0,2277.0,2864.0,4537.0,4754.0,4754.0,2019.0,845.0,1360.0,917.0
2.0,6702.0,1996.0,2839.0,7046.0,0.0,0.0,1988.0,851.0,910.0,1086.0
2.0,11752.0,2579.0,2821.0,4754.0,0.0,0.0,1961.0,860.0,1560.0,1019.0
2.0,13927.0,3436.0,2829.0,0.0,825.0,825.0,1966.0,863.0,2649.0,787.0
2.0,10491.0,3725.0,2857.0,0.0,4662.0,4662.0,1999.0,858.0,3097.0,628.0
2.0,6766.0,3149.0,2877.0,825.0,7066.0,7066.0,2027.0,850.0,2452.0,697.0
2.0,4442.0,2299.0,2871.0,4662.0,4679.0,4679.0,2023.0,848.0,1369.0,930.0
2.0,6805.0,2017.0,2844.0,7066.0,0.0,0.0,1991.0,853.0,929.0,1088.0
2.0,11854.0,2554.0,2824.0,4679.0,0.0,0.0,1963.0,861.0,1543.0,1011.0
2.0,13979.0,3426.0,2831.0,0.0,771.0,771.0,1967.0,864.0,2638.0,788.0
2.0,10553.0,3741.0,2859.0,0.0,4624.0,4624.0,2000.0,859.0,3107.0,634.0
2.0,6812.0,3192.0,2881.0,771.0,7133.0,7133.0,2029.0,852.0,2478.0,714.0
2.0,4391.0,2333.0,2876.0,4624.0,4822.0,4822.0,2026.0,850.0,1383.0,950.0
2.0,6682.0,2019.0,2848.0,7133.0,0.0,0.0,1993.0,855.0,926.0,1093.0
2.0,11796.0,2548.0,2827.0,4822.0,0.0,0.0,1965.0,862.0,1546.0,1002.0
2.0,14070.0,3403.0,2834.0,0.0,669.0,669.0,1969.0,865.0,2628.0,775.0
2.0,10667.0,3748.0,2862.0,0.0,4529.0,4529.0,2002.0,860.0,3109.0,639.0
2.0,6919.0,3230.0,2884.0,669.0,7178.0,7178.0,2031.0,853.0,2502.0,728.0
2.0,4358.0,2374.0,2880.0,4529.0,5007.0,5007.0,2029.0,851.0,1420.0,954.0
2.0,6513.0,2023.0,2852.0,7178.0,0.0,0.0,1996.0,856.0,930.0,1093.0
2.0,11668.0,2543.0,2830.0,5007.0,0.0,0.0,1966.0,864.0,1535.0,1008.0
2.0,14132.0,3418.0,2836.0,0.0,630.0,630.0,1970.0,866.0,2639.0,779.0
2.0,10714.0,3751.0,2865.0,0.0,4497.0,4497.0,2004.0,861.0,3118.0,633.0
2.0,6963.0,3219.0,2888.0,630.0,7178.0,7178.0,2034.0,854.0,2496.0,723.0
2.0,4374.0,2383.0,2884.0,4497.0,5048.0,5048.0,2032.0,852.0,1419.0,964.0
2.0,6488.0,2046.0,2857.0,7178.0,0.0,0.0,1999.0,858.0,937.0,1109.0
2.0,11620.0,2555.0,2835.0,5048.0,0.0,0.0,1970.0,865.0,1552.0,1003.0
2.0,14113.0,3423.0,2840.0,0.0,670.0,670.0,1973.0,867.0,2653.0,770.0
2.0,10690.0,3764.0,2869.0,0.0,4550.0,4550.0,2008.0,861.0,3135.0,629.0
2.0,6926.0,3235.0,2894.0,670.0,7215.0,7215.0,2039.0,855.0,2511.0,724.0
2.0,4361.0,2343.0,2889.0,4550.0,4988.0,4988.0,2036.0,853.0,1393.0,950.0
2.0,6568.0,2005.0,2861.0,7215.0,0.0,0.0,2003.0,858.0,918.0,1087.0
2.0,11778.0,2536.0,2838.0,4988.0,0.0,0.0,1973.0,865.0,1543.0,993.0
2.0,14230.0,3411.0,2843.0,0.0,553.0,553.0,1977.0,866.0,2644.0,767.0
2.0,10819.0,3771.0,2872.0,0.0,4440.0,4440.0,2011.0,861.0,3131.0,640.0
2.0,7048.0,3264.0,2898.0,553.0,7255.0,7255.0,2043.0,855.0,2528.0,736.0
2.0,4337.0,2395.0,2894.0,4440.0,5194.0,5194.0,2041.0,853.0,1439.0,956.0
2.0,6382.0,2019.0,2868.0,7255.0,0.0,0.0,2009.0,859.0,943.0,1076.0
2.0,11618.0,2503.0,2844.0,5194.0,0.0,0.0,1979.0,865.0,1523.0,980.0
2.0,14309.0,3351.0,2847.0,0.0,430.0,430.0,1981.0,866.0,2592.0,759.0
2.0,10958.0,3729.0,2875.0,0.0,4271.0,4271.0,2014.0,861.0,3096.0,633.0
2.0,7229.0,3243.0,2901.0,430.0,7188.0,7188.0,2046.0,855.0,2509.0,734.0
2.0,4416.0,2393.0,2898.0,4271.0,5298.0,5298.0,2044.0,854.0,1434.0,959.0
2.0,6294.0,2029.0,2871.0,7188.0,31.0,31.0,2012.0,859.0,946.0,1083.0
2.0,11453.0,2501.0,2848.0,5298.0,0.0,0.0,1982.0,866.0,1519.0,982.0
2.0,14250.0,3365.0,2852.0,31.0,492.0,492.0,1985.0,867.0,2601.0,764.0
2.0,10916.0,3748.0,2881.0,0.0,4356.0,4356.0,2019.0,862.0,3106.0,642.0
2.0,7168.0,3262.0,2905.0,492.0,7222.0,7222.0,2050.0,855.0,2527.0,735.0
2.0,4398.0,2394.0,2903.0,4356.0,5252.0,5252.0,2049.0,854.0,1440.0,954.0
2.0,6360.0,2009.0,2876.0,7222.0,0.0,0.0,2016.0,860.0,926.0,1083.0
2.0,11573.0,2507.0,2852.0,5252.0,0.0,0.0,1985.0,867.0,1507.0,1000.0
2.0,14318.0,3387.0,2857.0,0.0,497.0,497.0,1988.0,869.0,2603.0,784.0
2.0,10931.0,3761.0,2886.0,0.0,4374.0,4374.0,2022.0,864.0,3112.0,649.0
2.0,7170.0,3265.0,2910.0,497.0,7238.0,7238.0,2053.0,857.0,2533.0,732.0
2.0,4402.0,2395.0,2906.0,4374.0,5243.0,5243.0,2051.0,855.0,1443.0,952.0
2.0,6381.0,2009.0,2879.0,7238.0,0.0,0.0,2018.0,861.0,932.0,1077.0
2.0,11610.0,2513.0,2856.0,5243.0,0.0,0.0,1988.0,868.0,1519.0,994.0
2.0,14340.0,3387.0,2861.0,0.0,491.0,491.0,1991.0,870.0,2608.0,779.0
2.0,10953.0,3770.0,2888.0,0.0,4369.0,4369.0,2024.0,864.0,3118.0,652.0
2.0,7183.0,3294.0,2913.0,491.0,7272.0,7272.0,2055.0,858.0,2540.0,754.0
2.0,4380.0,2415.0,2910.0,4369.0,5306.0,5306.0,2053.0,857.0,1442.0,973.0
2.0,6334.0,2028.0,2884.0,7272.0,0.0,0.0,2021.0,863.0,938.0,1090.0
2.0,11578.0,2523.0,2860.0,5306.0,0.0,0.0,1990.0,870.0,1533.0,990.0
2.0,14361.0,3400.0,2864.0,0.0,495.0,495.0,1993.0,871.0,2631.0,769.0
2.0,10961.0,3784.0,2892.0,0.0,4391.0,4391.0,2027.0,865.0,3126.0,658.0
2.0,7177.0,3279.0,2916.0,495.0,7271.0,7271.0,2057.0,859.0,2514.0,765.0
2.0,4393.0,2419.0,2914.0,4391.0,5291.0,5291.0,2055.0,859.0,1435.0,984.0
2.0,6365.0,2031.0,2888.0,7271.0,0.0,0.0,2023.0,865.0,935.0,1096.0
2.0,11605.0,2551.0,2865.0,5291.0,0.0,0.0,1993.0,872.0,1558.0,993.0
2.0,14345.0,3451.0,2869.0,0.0,582.0,582.0,1996.0,873.0,2669.0,782.0
2.0,10894.0,3818.0,2896.0,0.0,4508.0,4508.0,2029.0,867.0,3139.0,679.0
2.0,7076.0,3299.0,2921.0,582.0,7325.0,7325.0,2060.0,861.0,2521.0,778.0
2.0,4359.0,2396.0,2919.0,4508.0,5205.0,5205.0,2058.0,861.0,1419.0,977.0
2.0,6471.0,2033.0,2892.0,7325.0,0.0,0.0,2025.0,867.0,943.0,1090.0
2.0,11763.0,2576.0,2869.0,5205.0,0.0,0.0,1995.0,874.0,1577.0,999.0
2.0,14392.0,3487.0,2874.0,0.0,591.0,591.0,1999.0,875.0,2695.0,792.0
2.0,10905.0,3853.0,2902.0,0.0,4556.0,4556.0,2033.0,869.0,3177.0,676.0
2.0,7052.0,3309.0,2927.0,591.0,7374.0,7374.0,2064.0,863.0,2536.0,773.0
2.0,4334.0,2377.0,2924.0,4556.0,5183.0,5183.0,2061.0,863.0,1399.0,978.0
2.0,6513.0,2004.0,2896.0,7374.0,0.0,0.0,2027.0,869.0,917.0,1087.0
2.0,11883.0,2539.0,2873.0,5183.0,0.0,0.0,1997.0,876.0,1546.0,993.0
2.0,14527.0,3462.0,2877.0,0.0,443.0,443.0,2000.0,877.0,2675.0,787.0
2.0,11065.0,3852.0,2906.0,0.0,4411.0,4411.0,2034.0,872.0,3172.0,680.0
2.0,7213.0,3318.0,2931.0,443.0,7386.0,7386.0,2065.0,866.0,2542.0,776.0
2.0,4338.0,2420.0,2929.0,4411.0,5387.0,5387.0,2063.0,866.0,1432.0,988.0
2.0,6329.0,2039.0,2903.0,7386.0,0.0,0.0,2031.0,872.0,947.0,1092.0
2.0,11676.0,2552.0,2879.0,5387.0,0.0,0.0,2001.0,878.0,1574.0,978.0
2.0,14511.0,3448.0,2883.0,0.0,469.0,469.0,2004.0,879.0,2692.0,756.0
2.0,11063.0,3824.0,2910.0,0.0,4401.0,4401.0,2037.0,873.0,3166.0,658.0
2.0,7239.0,3293.0,2934.0,469.0,7321.0,7321.0,2067.0,867.0,2523.0,770.0
2.0,4415.0,2383.0,2932.0,4401.0,5295.0,5295.0,2065.0,867.0,1398.0,985.0
2.0,6433.0,2009.0,2907.0,7321.0,0.0,0.0,2033.0,874.0,919.0,1090.0
2.0,11745.0,2553.0,2884.0,5295.0,0.0,0.0,2004.0,880.0,1573.0,980.0
2.0,14487.0,3466.0,2888.0,0.0,531.0,531.0,2007.0,881.0,2706.0,760.0
2.0,11021.0,3816.0,2916.0,0.0,4459.0,4459.0,2041.0,875.0,3168.0,648.0
2.0,7205.0,3255.0,2939.0,531.0,7275.0,7275.0,2071.0,868.0,2497.0,758.0
2.0,4481.0,2347.0,2936.0,4459.0,5151.0,5151.0,2068.0,868.0,1367.0,980.0
2.0,6593.0,2006.0,2910.0,7275.0,0.0,0.0,2035.0,875.0,912.0,1094.0
2.0,11862.0,2569.0,2887.0,5151.0,0.0,0.0,2006.0,881.0,1591.0,978.0
2.0,14444.0,3473.0,2892.0,0.0,597.0,597.0,2010.0,882.0,2723.0,750.0
2.0,10971.0,3810.0,2919.0,0.0,4515.0,4515.0,2043.0,876.0,3165.0,645.0
2.0,7161.0,3250.0,2942.0,597.0,7260.0,7260.0,2073.0,869.0,2486.0,764.0
2.0,4508.0,2337.0,2939.0,4515.0,5070.0,5070.0,2070.0,869.0,1349.0,988.0
2.0,6686.0,2005.0,2912.0,7260.0,0.0,0.0,2037.0,875.0,911.0,1094.0
2.0,11941.0,2569.0,2890.0,5070.0,0.0,0.0,2008.0,882.0,1589.0,980.0
2.0,14442.0,3459.0,2893.0,0.0,589.0,589.0,2011.0,882.0,2705.0,754.0
2.0,10983.0,3776.0,2920.0,0.0,4473.0,4473.0,2044.0,876.0,3145.0,631.0
2.0,7207.0,3251.0,2944.0,589.0,7231.0,7231.0,2074.0,870.0,2494.0,757.0
2.0,4545.0,2390.0,2942.0,4473.0,5140.0,5140.0,2072.0,870.0,1391.0,999.0
2.0,6628.0,2052.0,2916.0,7231.0,0.0,0.0,2040.0,876.0,938.0,1114.0
2.0,11807.0,2579.0,2893.0,5140.0,0.0,0.0,2010.0,883.0,1591.0,988.0
2.0,14368.0,3431.0,2895.0,0.0,643.0,643.0,2013.0,882.0,2688.0,743.0
2.0,10937.0,3776.0,2922.0,0.0,4527.0,4527.0,2046.0,876.0,3140.0,636.0
2.0,7161.0,3264.0,2946.0,643.0,7244.0,7244.0,2076.0,870.0,2495.0,769.0
2.0,4540.0,2431.0,2943.0,4527.0,5136.0,5136.0,2073.0,870.0,1405.0,1026.0
2.0,6636.0,2097.0,2918.0,7244.0,0.0,0.0,2041.0,877.0,969.0,1128.0
2.0,11783.0,2581.0,2895.0,5136.0,0.0,0.0,2012.0,883.0,1607.0,974.0
2.0,14338.0,3435.0,2899.0,0.0,693.0,693.0,2016.0,883.0,2706.0,729.0
2.0,10903.0,3820.0,2925.0,0.0,4617.0,4617.0,2049.0,876.0,3177.0,643.0
2.0,7083.0,3332.0,2950.0,693.0,7356.0,7356.0,2080.0,870.0,2535.0,797.0
2.0,4444.0,2449.0,2948.0,4617.0,5180.0,5180.0,2077.0,871.0,1415.0,1034.0
2.0,6612.0,2073.0,2922.0,7356.0,0.0,0.0,2044.0,878.0,949.0,1124.0
2.0,11895.0,2571.0,2898.0,5180.0,0.0,0.0,2014.0,884.0,1596.0,975.0
2.0,14504.0,3452.0,2901.0,0.0,552.0,552.0,2018.0,883.0,2712.0,740.0
2.0,11052.0,3847.0,2928.0,0.0,4507.0,4507.0,2052.0,876.0,3198.0,649.0
2.0,7205.0,3353.0,2954.0,552.0,7412.0,7412.0,2083.0,871.0,2549.0,804.0
2.0,4404.0,2476.0,2952.0,4507.0,5373.0,5373.0,2080.0,872.0,1429.0,1047.0
2.0,6435.0,2093.0,2925.0,7412.0,0.0,0.0,2047.0,878.0,964.0,1129.0
2.0,11754.0,2594.0,2901.0,5373.0,0.0,0.0,2017.0,884.0,1619.0,975.0
2.0,14533.0,3452.0,2904.0,0.0,535.0,535.0,2021.0,883.0,2713.0,739.0
2.0,11081.0,3856.0,2932.0,0.0,4503.0,4503.0,2055.0,877.0,3206.0,650.0
2.0,7225.0,3390.0,2960.0,535.0,7470.0,7470.0,2088.0,872.0,2592.0,798.0
2.0,4370.0,2518.0,2959.0,4503.0,5481.0,5481.0,2086.0,873.0,1472.0,1046.0
2.0,6355.0,2100.0,2932.0,7470.0,3.0,3.0,2053.0,879.0,958.0,1142.0
2.0,11725.0,2566.0,2907.0,5481.0,0.0,0.0,2022.0,885.0,1577.0,989.0
2.0,14640.0,3459.0,2911.0,3.0,460.0,460.0,2026.0,885.0,2722.0,737.0
2.0,11184.0,3882.0,2939.0,0.0,4454.0,4454.0,2061.0,878.0,3236.0,646.0
2.0,7302.0,3387.0,2964.0,460.0,7481.0,7481.0,2092.0,872.0,2590.0,797.0
2.0,4375.0,2478.0,2963.0,4454.0,5501.0,5501.0,2089.0,874.0,1432.0,1046.0
2.0,6351.0,2069.0,2936.0,7481.0,0.0,0.0,2055.0,881.0,924.0,1145.0
2.0,11763.0,2541.0,2912.0,5501.0,0.0,0.0,2024.0,888.0,1544.0,997.0
2.0,14723.0,3432.0,2914.0,0.0,365.0,365.0,2027.0,887.0,2692.0,740.0
2.0,11291.0,3856.0,2943.0,0.0,4337.0,4337.0,2063.0,880.0,3220.0,636.0
2.0,7435.0,3401.0,2970.0,365.0,7481.0,7481.0,2095.0,875.0,2609.0,792.0
2.0,4399.0,2494.0,2969.0,4337.0,5634.0,5634.0,2093.0,876.0,1453.0,1041.0
2.0,6242.0,2050.0,2941.0,7481.0,91.0,91.0,2058.0,883.0,911.0,1139.0
2.0,11673.0,2506.0,2917.0,5634.0,0.0,0.0,2027.0,890.0,1524.0,982.0
2.0,14801.0,3405.0,2919.0,91.0,189.0,189.0,2030.0,889.0,2675.0,730.0
2.0,11487.0,3832.0,2947.0,0.0,4133.0,4133.0,2065.0,882.0,3207.0,625.0
2.0,7655.0,3382.0,2974.0,189.0,7434.0,7434.0,2098.0,876.0,2603.0,779.0
2.0,4462.0,2500.0,2972.0,4133.0,5793.0,5793.0,2095.0,877.0,1458.0,1042.0
2.0,6095.0,2048.0,2945.0,7434.0,299.0,299.0,2060.0,885.0,903.0,1145.0
2.0,11481.0,2476.0,2919.0,5793.0,0.0,0.0,2028.0,891.0,1493.0,983.0
2.0,14798.0,3381.0,2922.0,299.0,0.0,0.0,2031.0,891.0,2653.0,728.0
2.0,11716.0,3845.0,2951.0,0.0,3933.0,3933.0,2067.0,884.0,3213.0,632.0
2.0,7871.0,3405.0,2978.0,0.0,7446.0,7446.0,2100.0,878.0,2619.0,786.0
2.0,4466.0,2503.0,2977.0,3933.0,6012.0,6012.0,2098.0,879.0,1461.0,1042.0
2.0,5896.0,2042.0,2950.0,7446.0,500.0,500.0,2063.0,887.0,890.0,1152.0
2.0,11300.0,2480.0,2925.0,6012.0,0.0,0.0,2031.0,894.0,1487.0,993.0
2.0,14832.0,3367.0,2927.0,500.0,0.0,0.0,2034.0,893.0,2637.0,730.0
2.0,11965.0,3831.0,2954.0,0.0,3682.0,3682.0,2068.0,886.0,3204.0,627.0
2.0,8134.0,3423.0,2981.0,0.0,7213.0,7213.0,2101.0,880.0,2631.0,792.0
2.0,4711.0,2559.0,2980.0,3682.0,6086.0,6086.0,2099.0,881.0,1500.0,1059.0
2.0,5834.0,2097.0,2955.0,7213.0,870.0,870.0,2066.0,889.0,941.0,1156.0
2.0,10950.0,2504.0,2930.0,6086.0,0.0,0.0,2034.0,896.0,1519.0,985.0
2.0,14532.0,3379.0,2933.0,870.0,0.0,0.0,2038.0,895.0,2658.0,721.0
2.0,12023.0,3862.0,2961.0,0.0,3683.0,3683.0,2073.0,888.0,3229.0,633.0
2.0,8161.0,3445.0,2986.0,0.0,7228.0,7228.0,2105.0,881.0,2643.0,802.0
2.0,4716.0,2540.0,2986.0,3683.0,6085.0,6085.0,2103.0,883.0,1483.0,1057.0
2.0,5859.0,2062.0,2959.0,7228.0,811.0,811.0,2068.0,891.0,911.0,1151.0
2.0,11025.0,2516.0,2934.0,6085.0,0.0,0.0,2036.0,898.0,1524.0,992.0
2.0,14594.0,3429.0,2935.0,811.0,0.0,0.0,2039.0,896.0,2692.0,737.0
2.0,11976.0,3915.0,2964.0,0.0,3795.0,3795.0,2075.0,889.0,3274.0,641.0
2.0,8061.0,3475.0,2991.0,0.0,7378.0,7378.0,2108.0,883.0,2674.0,801.0
2.0,4586.0,2558.0,2990.0,3795.0,6137.0,6137.0,2106.0,884.0,1493.0,1065.0
2.0,5823.0,2087.0,2965.0,7378.0,746.0,746.0,2072.0,893.0,927.0,1160.0
2.0,11114.0,2536.0,2939.0,6137.0,0.0,0.0,2040.0,899.0,1545.0,991.0
2.0,14715.0,3437.0,2941.0,746.0,0.0,0.0,2043.0,898.0,2709.0,728.0
2.0,12024.0,3910.0,2969.0,0.0,3762.0,3762.0,2079.0,890.0,3274.0,636.0
2.0,8114.0,3492.0,2996.0,0.0,7362.0,7362.0,2112.0,884.0,2687.0,805.0
2.0,4622.0,2588.0,2995.0,3762.0,6184.0,6184.0,2110.0,885.0,1525.0,1063.0
2.0,5796.0,2102.0,2969.0,7362.0,820.0,820.0,2076.0,893.0,952.0,1150.0
2.0,11056.0,2511.0,2943.0,6184.0,0.0,0.0,2044.0,899.0,1537.0,974.0
2.0,14729.0,3411.0,2944.0,820.0,0.0,0.0,2046.0,898.0,2692.0,719.0
2.0,12138.0,3917.0,2971.0,0.0,3663.0,3663.0,2081.0,890.0,3277.0,640.0
2.0,8221.0,3503.0,2998.0,0.0,7274.0,7274.0,2114.0,884.0,2689.0,814.0
2.0,4718.0,2593.0,2998.0,3663.0,6204.0,6204.0,2113.0,885.0,1524.0,1069.0
2.0,5788.0,2086.0,2972.0,7274.0,912.0,912.0,2079.0,893.0,936.0,1150.0
2.0,10976.0,2486.0,2944.0,6204.0,0.0,0.0,2045.0,899.0,1514.0,972.0
2.0,14694.0,3373.0,2945.0,912.0,0.0,0.0,2047.0,898.0,2658.0,715.0
2.0,12233.0,3867.0,2971.0,0.0,3518.0,3518.0,2081.0,890.0,3233.0,634.0
2.0,8366.0,3475.0,2999.0,0.0,7105.0,7105.0,2115.0,884.0,2662.0,813.0
2.0,4891.0,2586.0,2999.0,3518.0,6173.0,6173.0,2114.0,885.0,1526.0,1060.0
2.0,5823.0,2101.0,2974.0,7105.0,1069.0,1069.0,2081.0,893.0,954.0,1147.0
2.0,10827.0,2501.0,2947.0,6173.0,0.0,0.0,2048.0,899.0,1528.0,973.0
2.0,14499.0,3372.0,2948.0,1069.0,0.0,0.0,2050.0,898.0,2662.0,710.0
2.0,12196.0,3852.0,2974.0,0.0,3552.0,3552.0,2084.0,890.0,3224.0,628.0
2.0,8344.0,3460.0,3000.0,0.0,7116.0,7116.0,2117.0,883.0,2643.0,817.0
2.0,4884.0,2598.0,3002.0,3552.0,6170.0,6170.0,2117.0,885.0,1521.0,1077.0
2.0,5838.0,2114.0,2977.0,7116.0,1068.0,1068.0,2084.0,893.0,960.0,1154.0
2.0,10840.0,2500.0,2952.0,6170.0,0.0,0.0,2052.0,900.0,1527.0,973.0
2.0,14510.0,3349.0,2951.0,1068.0,0.0,0.0,2052.0,899.0,2644.0,705.0
2.0,12229.0,3811.0,2976.0,0.0,3486.0,3486.0,2086.0,890.0,3196.0,615.0
2.0,8418.0,3441.0,3003.0,0.0,7035.0,7035.0,2119.0,884.0,2641.0,800.0
2.0,4977.0,2626.0,3006.0,3486.0,6187.0,6187.0,2120.0,886.0,1545.0,1081.0
2.0,5837.0,2147.0,2982.0,7035.0,1203.0,1203.0,2088.0,894.0,973.0,1174.0
2.0,10725.0,2488.0,2956.0,6187.0,0.0,0.0,2055.0,901.0,1501.0,987.0
2.0,14424.0,3315.0,2955.0,1203.0,0.0,0.0,2055.0,900.0,2598.0,717.0
2.0,12312.0,3808.0,2980.0,0.0,3416.0,3416.0,2088.0,892.0,3181.0,627.0
2.0,8504.0,3465.0,3007.0,0.0,6989.0,6989.0,2122.0,885.0,2655.0,810.0
2.0,5039.0,2648.0,3010.0,3416.0,6233.0,6233.0,2123.0,887.0,1566.0,1082.0
2.0,5807.0,2157.0,2986.0,6989.0,1305.0,1305.0,2091.0,895.0,992.0,1165.0
2.0,10639.0,2514.0,2961.0,6233.0,0.0,0.0,2059.0,902.0,1533.0,981.0
2.0,14358.0,3349.0,2960.0,1305.0,0.0,0.0,2059.0,901.0,2637.0,712.0
2.0,12314.0,3816.0,2984.0,0.0,3438.0,3438.0,2092.0,892.0,3190.0,626.0
2.0,8498.0,3461.0,3011.0,0.0,7007.0,7007.0,2125.0,886.0,2642.0,819.0
2.0,5037.0,2621.0,3013.0,3438.0,6198.0,6198.0,2125.0,888.0,1530.0,1091.0
2.0,5854.0,2147.0,2989.0,7007.0,1242.0,1242.0,2092.0,897.0,968.0,1179.0
2.0,10714.0,2540.0,2964.0,6198.0,0.0,0.0,2060.0,904.0,1541.0,999.0
2.0,14372.0,3417.0,2963.0,1242.0,0.0,0.0,2061.0,902.0,2682.0,735.0
2.0,12197.0,3892.0,2989.0,0.0,3651.0,3651.0,2095.0,894.0,3250.0,642.0
2.0,8305.0,3504.0,3017.0,0.0,7267.0,7267.0,2129.0,888.0,2688.0,816.0
2.0,4801.0,2642.0,3019.0,3651.0,6266.0,6266.0,2129.0,890.0,1555.0,1087.0
2.0,5810.0,2160.0,2994.0,7267.0,1059.0,1059.0,2096.0,898.0,981.0,1179.0
2.0,10917.0,2538.0,2968.0,6266.0,0.0,0.0,2063.0,905.0,1532.0,1006.0
2.0,14645.0,3405.0,2967.0,1059.0,0.0,0.0,2063.0,904.0,2667.0,738.0
2.0,12299.0,3897.0,2993.0,0.0,3570.0,3570.0,2097.0,896.0,3248.0,649.0
2.0,8402.0,3552.0,3021.0,0.0,7234.0,7234.0,2131.0,890.0,2729.0,823.0
2.0,4850.0,2705.0,3024.0,3570.0,6381.0,6381.0,2133.0,891.0,1615.0,1090.0
2.0,5715.0,2205.0,3000.0,7234.0,1256.0,1256.0,2100.0,900.0,1027.0,1178.0
2.0,10744.0,2560.0,2974.0,6381.0,0.0,0.0,2067.0,907.0,1556.0,1004.0
2.0,14565.0,3412.0,2973.0,1256.0,0.0,0.0,2067.0,906.0,2672.0,740.0
2.0,12409.0,3916.0,2998.0,0.0,3499.0,3499.0,2100.0,898.0,3264.0,652.0
2.0,8493.0,3561.0,3027.0,0.0,7176.0,7176.0,2135.0,892.0,2737.0,824.0
2.0,4932.0,2690.0,3030.0,3499.0,6379.0,6379.0,2136.0,894.0,1614.0,1076.0
2.0,5741.0,2190.0,3006.0,7176.0,1297.0,1297.0,2104.0,902.0,1022.0,1168.0
2.0,10727.0,2540.0,2980.0,6379.0,0.0,0.0,2071.0,909.0,1539.0,1001.0
2.0,14566.0,3388.0,2978.0,1297.0,0.0,0.0,2070.0,908.0,2642.0,746.0
2.0,12475.0,3909.0,3003.0,0.0,3446.0,3446.0,2103.0,900.0,3243.0,666.0
2.0,8566.0,3577.0,3032.0,0.0,7139.0,7139.0,2138.0,894.0,2742.0,835.0
2.0,4989.0,2690.0,3035.0,3446.0,6395.0,6395.0,2139.0,896.0,1608.0,1082.0
2.0,5745.0,2151.0,3012.0,7139.0,1315.0,1315.0,2107.0,905.0,995.0,1156.0
2.0,10733.0,2491.0,2985.0,6395.0,0.0,0.0,2074.0,911.0,1511.0,980.0
2.0,14637.0,3363.0,2984.0,1315.0,0.0,0.0,2074.0,910.0,2634.0,729.0
2.0,12589.0,3887.0,3008.0,0.0,3330.0,3330.0,2106.0,902.0,3225.0,662.0
2.0,8702.0,3560.0,3036.0,0.0,7002.0,7002.0,2140.0,896.0,2725.0,835.0
2.0,5142.0,2666.0,3040.0,3330.0,6354.0,6354.0,2142.0,898.0,1596.0,1070.0
2.0,5806.0,2140.0,3016.0,7002.0,1396.0,1396.0,2110.0,906.0,1002.0,1138.0
2.0,10668.0,2478.0,2990.0,6354.0,0.0,0.0,2077.0,913.0,1507.0,971.0
2.0,14544.0,3339.0,2987.0,1396.0,0.0,0.0,2076.0,911.0,2606.0,733.0
2.0,12601.0,3875.0,3012.0,0.0,3322.0,3322.0,2109.0,903.0,3210.0,665.0
2.0,8726.0,3545.0,3039.0,0.0,6975.0,6975.0,2142.0,897.0,2716.0,829.0
2.0,5181.0,2674.0,3043.0,3322.0,6343.0,6343.0,2144.0,899.0,1607.0,1067.0
2.0,5829.0,2136.0,3019.0,6975.0,1408.0,1408.0,2112.0,907.0,996.0,1140.0
2.0,10668.0,2473.0,2994.0,6343.0,0.0,0.0,2080.0,914.0,1502.0,971.0
2.0,14538.0,3327.0,2992.0,1408.0,0.0,0.0,2079.0,913.0,2598.0,729.0
2.0,12619.0,3849.0,3015.0,0.0,3290.0,3290.0,2110.0,905.0,3191.0,658.0
2.0,8770.0,3529.0,3042.0,0.0,6927.0,6927.0,2144.0,898.0,2704.0,825.0
2.0,5241.0,2693.0,3045.0,3290.0,6342.0,6342.0,2146.0,899.0,1630.0,1063.0
2.0,5838.0,2155.0,3023.0,6927.0,1482.0,1482.0,2116.0,907.0,1023.0,1132.0
2.0,10610.0,2464.0,2997.0,6342.0,0.0,0.0,2083.0,914.0,1496.0,968.0
2.0,14488.0,3308.0,2994.0,1482.0,0.0,0.0,2082.0,912.0,2570.0,738.0
2.0,12662.0,3844.0,3018.0,0.0,3254.0,3254.0,2113.0,905.0,3173.0,671.0
2.0,8818.0,3548.0,3044.0,0.0,6906.0,6906.0,2146.0,898.0,2702.0,846.0
2.0,5270.0,2713.0,3048.0,3254.0,6381.0,6381.0,2148.0,900.0,1633.0,1080.0
2.0,5811.0,2174.0,3026.0,6906.0,1561.0,1561.0,2117.0,909.0,1035.0,1139.0
2.0,10543.0,2494.0,3000.0,6381.0,0.0,0.0,2085.0,915.0,1530.0,964.0
2.0,14430.0,3354.0,2997.0,1561.0,0.0,0.0,2084.0,913.0,2621.0,733.0
2.0,12637.0,3892.0,3022.0,0.0,3343.0,3343.0,2117.0,905.0,3218.0,674.0
2.0,8745.0,3560.0,3049.0,0.0,7011.0,7011.0,2150.0,899.0,2716.0,844.0
2.0,5185.0,2722.0,3053.0,3343.0,6406.0,6406.0,2152.0,901.0,1637.0,1085.0
2.0,5806.0,2192.0,3030.0,7011.0,1495.0,1495.0,2121.0,909.0,1046.0,1146.0
2.0,10625.0,2530.0,3003.0,6406.0,0.0,0.0,2088.0,915.0,1553.0,977.0
2.0,14501.0,3393.0,3001.0,1495.0,0.0,0.0,2088.0,913.0,2654.0,739.0
2.0,12603.0,3913.0,3026.0,0.0,3414.0,3414.0,2120.0,906.0,3239.0,674.0
2.0,8690.0,3580.0,3053.0,0.0,7102.0,7102.0,2154.0,899.0,2734.0,846.0
2.0,5110.0,2748.0,3057.0,3414.0,6452.0,6452.0,2156.0,901.0,1657.0,1091.0
2.0,5776.0,2264.0,3035.0,7102.0,1526.0,1526.0,2126.0,909.0,1095.0,1169.0
2.0,10614.0,2595.0,3010.0,6452.0,0.0,0.0,2094.0,916.0,1595.0,1000.0
2.0,14471.0,3408.0,3008.0,1526.0,0.0,0.0,2093.0,915.0,2650.0,758.0
2.0,12589.0,3891.0,3030.0,0.0,3422.0,3422.0,2123.0,907.0,3210.0,681.0
2.0,8698.0,3554.0,3056.0,0.0,7080.0,7080.0,2156.0,900.0,2711.0,843.0
2.0,5144.0,2746.0,3060.0,3422.0,6420.0,6420.0,2158.0,902.0,1665.0,1081.0
2.0,5820.0,2270.0,3038.0,7080.0,1522.0,1522.0,2128.0,910.0,1108.0,1162.0
2.0,10630.0,2597.0,3013.0,6420.0,0.0,0.0,2096.0,917.0,1595.0,1002.0
2.0,14453.0,3413.0,3009.0,1522.0,0.0,0.0,2094.0,915.0,2648.0,765.0
2.0,12562.0,3891.0,3032.0,0.0,3457.0,3457.0,2124.0,908.0,3202.0,689.0
2.0,8671.0,3572.0,3059.0,0.0,7137.0,7137.0,2157.0,902.0,2714.0,858.0
2.0,5099.0,2761.0,3063.0,3457.0,6457.0,6457.0,2159.0,904.0,1662.0,1099.0
2.0,5795.0,2266.0,3042.0,7137.0,1502.0,1502.0,2130.0,912.0,1103.0,1163.0
2.0,10666.0,2586.0,3016.0,6457.0,0.0,0.0,2098.0,918.0,1592.0,994.0
2.0,14537.0,3398.0,3013.0,1502.0,0.0,0.0,2096.0,917.0,2643.0,755.0
2.0,12641.0,3898.0,3036.0,0.0,3401.0,3401.0,2127.0,909.0,3211.0,687.0
2.0,8743.0,3566.0,3063.0,0.0,7075.0,7075.0,2160.0,903.0,2717.0,849.0
2.0,5177.0,2719.0,3068.0,3401.0,6413.0,6413.0,2163.0,905.0,1644.0,1075.0
2.0,5859.0,2220.0,3045.0,7075.0,1466.0,1466.0,2132.0,913.0,1067.0,1153.0
2.0,10714.0,2549.0,3020.0,6413.0,0.0,0.0,2100.0,920.0,1559.0,990.0
2.0,14578.0,3380.0,3016.0,1466.0,0.0,0.0,2098.0,918.0,2627.0,753.0
2.0,12664.0,3871.0,3039.0,0.0,3363.0,3363.0,2129.0,910.0,3188.0,683.0
2.0,8793.0,3547.0,3067.0,0.0,7022.0,7022.0,2162.0,905.0,2688.0,859.0
2.0,5246.0,2733.0,3072.0,3363.0,6412.0,6412.0,2164.0,908.0,1632.0,1101.0
2.0,5876.0,2250.0,3051.0,7022.0,1556.0,1556.0,2135.0,916.0,1083.0,1167.0
2.0,10648.0,2569.0,3025.0,6412.0,0.0,0.0,2103.0,922.0,1579.0,990.0
2.0,14491.0,3338.0,3021.0,1556.0,0.0,0.0,2101.0,920.0,2604.0,734.0
2.0,12709.0,3816.0,3044.0,0.0,3283.0,3283.0,2131.0,913.0,3155.0,661.0
2.0,8893.0,3540.0,3070.0,0.0,6927.0,6927.0,2163.0,907.0,2692.0,848.0
2.0,5353.0,2739.0,3075.0,3283.0,6403.0,6403.0,2166.0,909.0,1641.0,1098.0
2.0,5897.0,2238.0,3055.0,6927.0,1634.0,1634.0,2137.0,918.0,1065.0,1173.0
2.0,10586.0,2514.0,3029.0,6403.0,0.0,0.0,2105.0,924.0,1530.0,984.0
2.0,14475.0,3311.0,3025.0,1634.0,0.0,0.0,2103.0,922.0,2590.0,721.0
2.0,12798.0,3847.0,3047.0,0.0,3237.0,3237.0,2133.0,914.0,3190.0,657.0
2.0,8951.0,3584.0,3074.0,0.0,6929.0,6929.0,2165.0,909.0,2731.0,853.0
2.0,5367.0,2789.0,3081.0,3237.0,6509.0,6509.0,2169.0,912.0,1671.0,1118.0
2.0,5815.0,2242.0,3060.0,6929.0,1738.0,1738.0,2140.0,920.0,1066.0,1176.0
2.0,10502.0,2525.0,3035.0,6509.0,0.0,0.0,2109.0,926.0,1549.0,976.0
2.0,14486.0,3341.0,3031.0,1738.0,0.0,0.0,2107.0,924.0,2619.0,722.0
2.0,12883.0,3881.0,3054.0,0.0,3214.0,3214.0,2138.0,916.0,3221.0,660.0
2.0,9002.0,3617.0,3081.0,0.0,6939.0,6939.0,2171.0,910.0,2765.0,852.0
2.0,5385.0,2812.0,3087.0,3214.0,6561.0,6561.0,2174.0,913.0,1698.0,1114.0
2.0,5787.0,2256.0,3066.0,6939.0,1794.0,1794.0,2144.0,922.0,1069.0,1187.0
2.0,10470.0,2537.0,3040.0,6561.0,0.0,0.0,2112.0,928.0,1543.0,994.0
2.0,14494.0,3372.0,3036.0,1794.0,0.0,0.0,2110.0,926.0,2637.0,735.0
2.0,12916.0,3929.0,3060.0,0.0,3253.0,3253.0,2142.0,918.0,3263.0,666.0
2.0,8987.0,3654.0,3087.0,0.0,7015.0,7015.0,2175.0,912.0,2797.0,857.0
2.0,5333.0,2800.0,3093.0,3253.0,6586.0,6586.0,2178.0,915.0,1689.0,1111.0
2.0,5786.0,2241.0,3070.0,7015.0,1720.0,1720.0,2147.0,923.0,1061.0,1180.0
2.0,10560.0,2543.0,3044.0,6586.0,0.0,0.0,2115.0,929.0,1553.0,990.0
2.0,14603.0,3395.0,3041.0,1720.0,0.0,0.0,2114.0,927.0,2664.0,731.0
2.0,12928.0,3952.0,3064.0,0.0,3280.0,3280.0,2145.0,919.0,3284.0,668.0
2.0,8976.0,3648.0,3090.0,0.0,7032.0,7032.0,2177.0,913.0,2787.0,861.0
2.0,5328.0,2817.0,3094.0,3280.0,6585.0,6585.0,2179.0,915.0,1699.0,1118.0
2.0,5791.0,2283.0,3074.0,7032.0,1756.0,1756.0,2150.0,924.0,1100.0,1183.0
2.0,10540.0,2562.0,3048.0,6585.0,0.0,0.0,2118.0,930.0,1574.0,988.0
2.0,14563.0,3387.0,3044.0,1756.0,0.0,0.0,2117.0,927.0,2656.0,731.0
2.0,12932.0,3938.0,3067.0,0.0,3274.0,3274.0,2148.0,919.0,3268.0,670.0
2.0,8994.0,3672.0,3095.0,0.0,7058.0,7058.0,2181.0,914.0,2804.0,868.0
2.0,5322.0,2833.0,3099.0,3274.0,6633.0,6633.0,2183.0,916.0,1707.0,1126.0
2.0,5763.0,2273.0,3077.0,7058.0,1760.0,1760.0,2153.0,924.0,1085.0,1188.0
2.0,10548.0,2544.0,3051.0,6633.0,0.0,0.0,2121.0,930.0,1558.0,986.0
2.0,14637.0,3367.0,3047.0,1760.0,0.0,0.0,2120.0,927.0,2641.0,726.0
2.0,13030.0,3917.0,3069.0,0.0,3163.0,3163.0,2150.0,919.0,3255.0,662.0
2.0,9113.0,3642.0,3096.0,0.0,6913.0,6913.0,2183.0,913.0,2781.0,861.0
2.0,5471.0,2812.0,3100.0,3163.0,6578.0,6578.0,2184.0,916.0,1690.0,1122.0
2.0,5822.0,2267.0,3078.0,6913.0,1844.0,1844.0,2154.0,924.0,1078.0,1189.0
2.0,10468.0,2558.0,3052.0,6578.0,0.0,0.0,2122.0,930.0,1556.0,1002.0
2.0,14488.0,3373.0,3049.0,1844.0,0.0,0.0,2121.0,928.0,2633.0,740.0
2.0,12959.0,3876.0,3071.0,0.0,3201.0,3201.0,2151.0,920.0,3216.0,660.0
2.0,9083.0,3604.0,3098.0,0.0,6913.0,6913.0,2184.0,914.0,2759.0,845.0
2.0,5479.0,2807.0,3102.0,3201.0,6535.0,6535.0,2186.0,916.0,1695.0,1112.0
2.0,5873.0,2261.0,3081.0,6913.0,1799.0,1799.0,2156.0,925.0,1070.0,1191.0
2.0,10525.0,2532.0,3056.0,6535.0,0.0,0.0,2125.0,931.0,1534.0,998.0
2.0,14528.0,3330.0,3051.0,1799.0,0.0,0.0,2123.0,928.0,2607.0,723.0
2.0,12997.0,3871.0,3074.0,0.0,3170.0,3170.0,2154.0,920.0,3220.0,651.0
2.0,9126.0,3607.0,3100.0,0.0,6881.0,6881.0,2186.0,914.0,2758.0,849.0
2.0,5519.0,2788.0,3104.0,3170.0,6515.0,6515.0,2188.0,916.0,1673.0,1115.0
2.0,5901.0,2245.0,3083.0,6881.0,1795.0,1795.0,2158.0,925.0,1057.0,1188.0
2.0,10537.0,2518.0,3057.0,6515.0,0.0,0.0,2126.0,931.0,1528.0,990.0
2.0,14534.0,3349.0,3054.0,1795.0,0.0,0.0,2125.0,929.0,2627.0,722.0
2.0,12980.0,3887.0,3076.0,0.0,3211.0,3211.0,2156.0,920.0,3240.0,647.0
2.0,9093.0,3610.0,3103.0,0.0,6929.0,6929.0,2189.0,914.0,2765.0,845.0
2.0,5483.0,2803.0,3108.0,3211.0,6541.0,6541.0,2192.0,916.0,1683.0,1120.0
2.0,5891.0,2292.0,3089.0,6929.0,1828.0,1828.0,2163.0,926.0,1089.0,1203.0
2.0,10528.0,2564.0,3063.0,6541.0,0.0,0.0,2131.0,932.0,1561.0,1003.0
2.0,14505.0,3351.0,3059.0,1828.0,0.0,0.0,2129.0,930.0,2622.0,729.0
2.0,12982.0,3883.0,3080.0,0.0,3221.0,3221.0,2159.0,921.0,3224.0,659.0
2.0,9099.0,3633.0,3107.0,0.0,6962.0,6962.0,2192.0,915.0,2780.0,853.0
2.0,5466.0,2828.0,3113.0,3221.0,6593.0,6593.0,2195.0,918.0,1709.0,1119.0
2.0,5859.0,2304.0,3093.0,6962.0,1855.0,1855.0,2166.0,927.0,1113.0,1191.0
2.0,10517.0,2567.0,3068.0,6593.0,0.0,0.0,2135.0,933.0,1572.0,995.0
2.0,14543.0,3359.0,3063.0,1855.0,0.0,0.0,2132.0,931.0,2624.0,735.0
2.0,13039.0,3890.0,3083.0,0.0,3183.0,3183.0,2161.0,922.0,3228.0,662.0
2.0,9149.0,3641.0,3110.0,0.0,6932.0,6932.0,2194.0,916.0,2779.0,862.0
2.0,5508.0,2869.0,3117.0,3183.0,6646.0,6646.0,2198.0,919.0,1732.0,1137.0
2.0,5822.0,2349.0,3097.0,6932.0,1983.0,1983.0,2169.0,928.0,1135.0,1214.0
2.0,10405.0,2606.0,3071.0,6646.0,0.0,0.0,2137.0,934.0,1593.0,1013.0
2.0,14445.0,3410.0,3066.0,1983.0,0.0,0.0,2134.0,932.0,2670.0,740.0
2.0,13018.0,3942.0,3089.0,0.0,3280.0,3280.0,2165.0,924.0,3266.0,676.0
2.0,9076.0,3675.0,3116.0,0.0,7063.0,7063.0,2198.0,918.0,2798.0,877.0
2.0,5401.0,2858.0,3122.0,3280.0,6665.0,6665.0,2201.0,921.0,1719.0,1139.0
2.0,5823.0,2347.0,3102.0,7063.0,1869.0,1869.0,2172.0,930.0,1140.0,1207.0
2.0,10539.0,2623.0,3077.0,6665.0,0.0,0.0,2140.0,937.0,1607.0,1016.0
2.0,14581.0,3421.0,3072.0,1869.0,0.0,0.0,2138.0,934.0,2673.0,748.0
2.0,13029.0,3945.0,3094.0,0.0,3292.0,3292.0,2168.0,926.0,3277.0,668.0
2.0,9084.0,3677.0,3121.0,0.0,7077.0,7077.0,2201.0,920.0,2798.0,879.0
2.0,5407.0,2879.0,3126.0,3292.0,6684.0,6684.0,2203.0,923.0,1713.0,1166.0
2.0,5820.0,2342.0,3107.0,7077.0,1873.0,1873.0,2174.0,933.0,1117.0,1225.0
2.0,10555.0,2618.0,3081.0,6684.0,0.0,0.0,2142.0,939.0,1618.0,1000.0
2.0,14621.0,3414.0,3076.0,1873.0,0.0,0.0,2140.0,936.0,2694.0,720.0
2.0,13080.0,3944.0,3098.0,0.0,3256.0,3256.0,2170.0,928.0,3278.0,666.0
2.0,9136.0,3683.0,3125.0,0.0,7047.0,7047.0,2203.0,922.0,2790.0,893.0
2.0,5453.0,2879.0,3131.0,3256.0,6694.0,6694.0,2206.0,925.0,1717.0,1162.0
2.0,5830.0,2333.0,3111.0,7047.0,1900.0,1900.0,2176.0,935.0,1116.0,1217.0
2.0,10544.0,2582.0,3085.0,6694.0,0.0,0.0,2144.0,941.0,1582.0,1000.0
2.0,14656.0,3382.0,3081.0,1900.0,0.0,0.0,2142.0,939.0,2657.0,725.0
2.0,13174.0,3947.0,3102.0,0.0,3181.0,3181.0,2172.0,930.0,3271.0,676.0
2.0,9227.0,3686.0,3129.0,0.0,6975.0,6975.0,2205.0,924.0,2792.0,894.0
2.0,5541.0,2856.0,3136.0,3181.0,6678.0,6678.0,2208.0,928.0,1690.0,1166.0
2.0,5866.0,2312.0,3115.0,6975.0,1931.0,1931.0,2178.0,937.0,1093.0,1219.0
2.0,10529.0,2578.0,3090.0,6678.0,0.0,0.0,2147.0,943.0,1583.0,995.0
2.0,14629.0,3374.0,3086.0,1931.0,0.0,0.0,2145.0,941.0,2663.0,711.0
2.0,13186.0,3914.0,3107.0,0.0,3156.0,3156.0,2175.0,932.0,3262.0,652.0
2.0,9272.0,3666.0,3134.0,0.0,6930.0,6930.0,2208.0,926.0,2791.0,875.0
2.0,5606.0,2860.0,3141.0,3156.0,6662.0,6662.0,2212.0,929.0,1709.0,1151.0
2.0,5902.0,2301.0,3120.0,6930.0,1949.0,1949.0,2182.0,938.0,1091.0,1210.0
2.0,10531.0,2542.0,3095.0,6662.0,0.0,0.0,2150.0,945.0,1551.0,991.0
2.0,14651.0,3339.0,3090.0,1949.0,0.0,0.0,2148.0,942.0,2623.0,716.0
2.0,13261.0,3901.0,3111.0,0.0,3084.0,3084.0,2178.0,933.0,3242.0,659.0
2.0,9360.0,3666.0,3138.0,0.0,6858.0,6858.0,2211.0,927.0,2795.0,871.0
2.0,5694.0,2877.0,3145.0,3084.0,6679.0,6679.0,2215.0,930.0,1737.0,1140.0
2.0,5901.0,2315.0,3125.0,6858.0,2056.0,2056.0,2186.0,939.0,1117.0,1198.0
2.0,10444.0,2553.0,3100.0,6679.0,0.0,0.0,2154.0,946.0,1569.0,984.0
2.0,14570.0,3374.0,3095.0,2056.0,0.0,0.0,2152.0,943.0,2657.0,717.0
2.0,13252.0,3920.0,3117.0,0.0,3136.0,3136.0,2183.0,934.0,3265.0,655.0
2.0,9332.0,3660.0,3143.0,0.0,6900.0,6900.0,2215.0,928.0,2796.0,864.0
2.0,5672.0,2865.0,3148.0,3136.0,6649.0,6649.0,2218.0,930.0,1716.0,1149.0
2.0,5943.0,2309.0,3129.0,6900.0,1982.0,1982.0,2189.0,940.0,1096.0,1213.0
2.0,10534.0,2570.0,3103.0,6649.0,0.0,0.0,2157.0,946.0,1574.0,996.0
2.0,14613.0,3382.0,3099.0,1982.0,0.0,0.0,2155.0,944.0,2673.0,709.0
2.0,13213.0,3934.0,3120.0,0.0,3201.0,3201.0,2186.0,934.0,3288.0,646.0
2.0,9279.0,3672.0,3146.0,0.0,6977.0,6977.0,2218.0,928.0,2808.0,864.0
2.0,5607.0,2889.0,3152.0,3201.0,6689.0,6689.0,2221.0,931.0,1737.0,1152.0
2.0,5919.0,2365.0,3134.0,6977.0,2005.0,2005.0,2193.0,941.0,1137.0,1228.0
2.0,10531.0,2605.0,3109.0,6689.0,0.0,0.0,2162.0,947.0,1607.0,998.0
2.0,14615.0,3395.0,3104.0,2005.0,0.0,0.0,2160.0,944.0,2681.0,714.0
2.0,13225.0,3932.0,3125.0,0.0,3207.0,3207.0,2190.0,935.0,3285.0,647.0
2.0,9293.0,3690.0,3150.0,0.0,6997.0,6997.0,2222.0,928.0,2819.0,871.0
2.0,5603.0,2912.0,3156.0,3207.0,6726.0,6726.0,2225.0,931.0,1751.0,1161.0
2.0,5898.0,2379.0,3137.0,6997.0,2032.0,2032.0,2196.0,941.0,1147.0,1232.0
2.0,10516.0,2633.0,3111.0,6726.0,0.0,0.0,2164.0,947.0,1614.0,1019.0
2.0,14609.0,3392.0,3105.0,2032.0,0.0,0.0,2161.0,944.0,2667.0,725.0
2.0,13249.0,3926.0,3126.0,0.0,3181.0,3181.0,2191.0,935.0,3271.0,655.0
2.0,9323.0,3692.0,3152.0,0.0,6977.0,6977.0,2224.0,928.0,2826.0,866.0
2.0,5631.0,2929.0,3158.0,3181.0,6749.0,6749.0,2227.0,931.0,1766.0,1163.0
2.0,5883.0,2400.0,3139.0,6977.0,2096.0,2096.0,2198.0,941.0,1160.0,1240.0
2.0,10460.0,2619.0,3113.0,6749.0,0.0,0.0,2165.0,948.0,1592.0,1027.0
2.0,14590.0,3400.0,3108.0,2096.0,0.0,0.0,2163.0,945.0,2660.0,740.0
2.0,13286.0,3958.0,3128.0,0.0,3184.0,3184.0,2193.0,935.0,3295.0,663.0
2.0,9328.0,3730.0,3155.0,0.0,7022.0,7022.0,2226.0,929.0,2846.0,884.0
2.0,5598.0,2946.0,3161.0,3184.0,6808.0,6808.0,2229.0,932.0,1774.0,1172.0
2.0,5836.0,2394.0,3142.0,7022.0,2104.0,2104.0,2200.0,942.0,1155.0,1239.0
2.0,10464.0,2599.0,3116.0,6808.0,0.0,0.0,2167.0,949.0,1581.0,1018.0
2.0,14673.0,3385.0,3110.0,2104.0,0.0,0.0,2164.0,946.0,2654.0,731.0
2.0,13392.0,3949.0,3130.0,0.0,3077.0,3077.0,2194.0,936.0,3271.0,678.0
2.0,9443.0,3745.0,3158.0,0.0,6934.0,6934.0,2228.0,930.0,2846.0,899.0
2.0,5698.0,2946.0,3164.0,3077.0,6827.0,6827.0,2231.0,933.0,1776.0,1170.0
2.0,5829.0,2381.0,3145.0,6934.0,2198.0,2198.0,2202.0,943.0,1152.0,1229.0
2.0,10382.0,2598.0,3120.0,6827.0,0.0,0.0,2170.0,950.0,1585.0,1013.0
2.0,14611.0,3379.0,3114.0,2198.0,0.0,0.0,2167.0,947.0,2640.0,739.0
2.0,13430.0,3947.0,3134.0,0.0,3053.0,3053.0,2197.0,937.0,3274.0,673.0
2.0,9483.0,3731.0,3162.0,0.0,6896.0,6896.0,2231.0,931.0,2851.0,880.0
2.0,5752.0,2936.0,3169.0,3053.0,6807.0,6807.0,2235.0,934.0,1775.0,1161.0
2.0,5869.0,2373.0,3150.0,6896.0,2208.0,2208.0,2206.0,944.0,1145.0,1228.0
2.0,10392.0,2578.0,3124.0,6807.0,0.0,0.0,2173.0,951.0,1563.0,1015.0
2.0,14621.0,3369.0,3118.0,2208.0,0.0,0.0,2170.0,948.0,2624.0,745.0
2.0,13460.0,3952.0,3139.0,0.0,3048.0,3048.0,2200.0,939.0,3274.0,678.0
2.0,9508.0,3740.0,3167.0,0.0,6900.0,6900.0,2234.0,933.0,2855.0,885.0
2.0,5768.0,2969.0,3175.0,3048.0,6853.0,6853.0,2239.0,936.0,1808.0,1161.0
2.0,5847.0,2381.0,3157.0,6900.0,2262.0,2262.0,2211.0,946.0,1157.0,1224.0
2.0,10366.0,2564.0,3131.0,6853.0,0.0,0.0,2178.0,953.0,1556.0,1008.0
2.0,14655.0,3347.0,3125.0,2262.0,0.0,0.0,2175.0,950.0,2615.0,732.0
2.0,13570.0,3947.0,3145.0,0.0,2957.0,2957.0,2204.0,941.0,3273.0,674.0
2.0,9623.0,3748.0,3173.0,0.0,6817.0,6817.0,2238.0,935.0,2861.0,887.0
2.0,5875.0,2962.0,3181.0,2957.0,6854.0,6854.0,2242.0,939.0,1796.0,1166.0
2.0,5870.0,2373.0,3161.0,6817.0,2330.0,2330.0,2213.0,948.0,1149.0,1224.0
2.0,10314.0,2559.0,3135.0,6854.0,0.0,0.0,2180.0,955.0,1555.0,1004.0
2.0,14609.0,3355.0,3129.0,2330.0,0.0,0.0,2177.0,952.0,2628.0,727.0
2.0,13584.0,3958.0,3150.0,0.0,2974.0,2974.0,2207.0,943.0,3287.0,671.0
2.0,9626.0,3776.0,3179.0,0.0,6866.0,6866.0,2242.0,937.0,2887.0,889.0
2.0,5850.0,2976.0,3186.0,2974.0,6896.0,6896.0,2246.0,940.0,1812.0,1164.0
2.0,5848.0,2345.0,3167.0,6866.0,2299.0,2299.0,2217.0,950.0,1128.0,1217.0
2.0,10369.0,2532.0,3140.0,6896.0,0.0,0.0,2183.0,957.0,1536.0,996.0
2.0,14733.0,3352.0,3133.0,2299.0,0.0,0.0,2179.0,954.0,2619.0,733.0
2.0,13680.0,3970.0,3154.0,0.0,2906.0,2906.0,2209.0,945.0,3288.0,682.0
2.0,9710.0,3787.0,3182.0,0.0,6805.0,6805.0,2243.0,939.0,2886.0,901.0
2.0,5923.0,3015.0,3189.0,2906.0,6942.0,6942.0,2247.0,942.0,1833.0,1182.0
2.0,5814.0,2408.0,3170.0,6805.0,2469.0,2469.0,2218.0,952.0,1174.0,1234.0
2.0,10211.0,2558.0,3144.0,6942.0,0.0,0.0,2185.0,959.0,1563.0,995.0
2.0,14595.0,3336.0,3137.0,2469.0,0.0,0.0,2181.0,956.0,2621.0,715.0
2.0,13728.0,3970.0,3158.0,0.0,2874.0,2874.0,2211.0,947.0,3295.0,675.0
2.0,9758.0,3838.0,3186.0,0.0,6824.0,6824.0,2245.0,941.0,2923.0,915.0
2.0,5920.0,3054.0,3194.0,2874.0,7036.0,7036.0,2250.0,944.0,1863.0,1191.0
2.0,5740.0,2426.0,3175.0,6824.0,2562.0,2562.0,2221.0,954.0,1191.0,1235.0
2.0,10138.0,2573.0,3149.0,7036.0,0.0,0.0,2189.0,960.0,1567.0,1006.0
2.0,14601.0,3344.0,3143.0,2562.0,0.0,0.0,2185.0,958.0,2617.0,727.0
2.0,13819.0,3968.0,3162.0,0.0,2797.0,2797.0,2214.0,948.0,3289.0,679.0
2.0,9851.0,3831.0,3190.0,0.0,6740.0,6740.0,2248.0,942.0,2908.0,923.0
2.0,6020.0,3062.0,3199.0,2797.0,7041.0,7041.0,2253.0,946.0,1858.0,1204.0
2.0,5755.0,2437.0,3180.0,6740.0,2662.0,2662.0,2225.0,955.0,1197.0,1240.0
2.0,10058.0,2563.0,3153.0,7041.0,0.0,0.0,2191.0,962.0,1567.0,996.0
2.0,14536.0,3334.0,3146.0,2662.0,0.0,0.0,2187.0,959.0,2616.0,718.0
2.0,13864.0,3965.0,3165.0,0.0,2761.0,2761.0,2216.0,949.0,3281.0,684.0
2.0,9899.0,3839.0,3193.0,0.0,6712.0,6712.0,2250.0,943.0,2919.0,920.0
2.0,6060.0,3078.0,3203.0,2761.0,7069.0,7069.0,2256.0,947.0,1881.0,1197.0
2.0,5743.0,2439.0,3184.0,6712.0,2720.0,2720.0,2228.0,956.0,1200.0,1239.0
2.0,10016.0,2547.0,3156.0,7069.0,0.0,0.0,2194.0,962.0,1547.0,1000.0
2.0,14538.0,3308.0,3148.0,2720.0,0.0,0.0,2189.0,959.0,2586.0,722.0
2.0,13950.0,3966.0,3168.0,0.0,2688.0,2688.0,2218.0,950.0,3281.0,685.0
2.0,9984.0,3855.0,3197.0,0.0,6659.0,6659.0,2253.0,944.0,2935.0,920.0
2.0,6129.0,3078.0,3205.0,2688.0,7081.0,7081.0,2258.0,947.0,1884.0,1194.0
2.0,5739.0,2418.0,3187.0,6659.0,2768.0,2768.0,2230.0,957.0,1188.0,1230.0
2.0,9980.0,2546.0,3160.0,7081.0,0.0,0.0,2197.0,963.0,1550.0,996.0
2.0,14515.0,3332.0,3153.0,2768.0,0.0,0.0,2193.0,960.0,2605.0,727.0
2.0,13951.0,4004.0,3173.0,0.0,2745.0,2745.0,2222.0,951.0,3311.0,693.0
2.0,9947.0,3862.0,3202.0,0.0,6723.0,6723.0,2257.0,945.0,2946.0,916.0
2.0,6085.0,3032.0,3210.0,2745.0,7042.0,7042.0,2262.0,948.0,1858.0,1174.0
2.0,5798.0,2370.0,3191.0,6723.0,2613.0,2613.0,2234.0,957.0,1157.0,1213.0
2.0,10151.0,2535.0,3164.0,7042.0,0.0,0.0,2201.0,963.0,1539.0,996.0
2.0,14658.0,3368.0,3157.0,2613.0,0.0,0.0,2197.0,960.0,2629.0,739.0
2.0,13903.0,4015.0,3177.0,0.0,2820.0,2820.0,2226.0,951.0,3324.0,691.0
2.0,9888.0,3854.0,3205.0,0.0,6786.0,6786.0,2260.0,945.0,2953.0,901.0
2.0,6034.0,3053.0,3215.0,2820.0,7059.0,7059.0,2267.0,948.0,1884.0,1169.0
2.0,5801.0,2360.0,3196.0,6786.0,2557.0,2557.0,2238.0,958.0,1145.0,1215.0
2.0,10227.0,2501.0,3168.0,7059.0,0.0,0.0,2204.0,964.0,1503.0,998.0
2.0,14785.0,3330.0,3160.0,2557.0,0.0,0.0,2199.0,961.0,2592.0,738.0
2.0,14012.0,4007.0,3180.0,0.0,2715.0,2715.0,2228.0,952.0,3318.0,689.0
2.0,10005.0,3844.0,3208.0,0.0,6671.0,6671.0,2263.0,945.0,2944.0,900.0
2.0,6161.0,3021.0,3218.0,2715.0,7017.0,7017.0,2269.0,949.0,1859.0,1162.0
2.0,5855.0,2363.0,3198.0,6671.0,2629.0,2629.0,2240.0,958.0,1154.0,1209.0
2.0,10163.0,2534.0,3171.0,7017.0,0.0,0.0,2207.0,964.0,1528.0,1006.0
2.0,14646.0,3354.0,3162.0,2629.0,0.0,0.0,2201.0,961.0,2608.0,746.0
2.0,13921.0,4014.0,3183.0,0.0,2825.0,2825.0,2230.0,953.0,3311.0,703.0
2.0,9907.0,3839.0,3211.0,0.0,6776.0,6776.0,2264.0,947.0,2922.0,917.0
2.0,6068.0,3038.0,3221.0,2825.0,7029.0,7029.0,2271.0,950.0,1868.0,1170.0
2.0,5855.0,2392.0,3203.0,6776.0,2573.0,2573.0,2243.0,960.0,1172.0,1220.0
2.0,10239.0,2554.0,3176.0,7029.0,0.0,0.0,2210.0,966.0,1544.0,1010.0
2.0,14714.0,3381.0,3168.0,2573.0,0.0,0.0,2205.0,963.0,2628.0,753.0
2.0,13906.0,4027.0,3187.0,0.0,2869.0,2869.0,2233.0,954.0,3320.0,707.0
2.0,9879.0,3855.0,3215.0,0.0,6836.0,6836.0,2267.0,948.0,2941.0,914.0
2.0,6024.0,3047.0,3224.0,2869.0,7050.0,7050.0,2273.0,951.0,1866.0,1181.0
2.0,5846.0,2426.0,3206.0,6836.0,2568.0,2568.0,2245.0,961.0,1189.0,1237.0
2.0,10256.0,2585.0,3180.0,7050.0,0.0,0.0,2212.0,968.0,1565.0,1020.0
2.0,14721.0,3376.0,3171.0,2568.0,0.0,0.0,2206.0,965.0,2624.0,752.0
2.0,13913.0,4011.0,3189.0,0.0,2854.0,2854.0,2234.0,955.0,3315.0,696.0
2.0,9902.0,3888.0,3217.0,0.0,6854.0,6854.0,2268.0,949.0,2969.0,919.0
2.0,6014.0,3120.0,3228.0,2854.0,7164.0,7164.0,2275.0,953.0,1919.0,1201.0
2.0,5748.0,2454.0,3211.0,6854.0,2696.0,2696.0,2248.0,963.0,1192.0,1262.0
2.0,10148.0,2573.0,3184.0,7164.0,0.0,0.0,2214.0,970.0,1533.0,1040.0
2.0,14739.0,3362.0,3175.0,2696.0,0.0,0.0,2208.0,967.0,2609.0,753.0
2.0,14073.0,4044.0,3194.0,0.0,2747.0,2747.0,2237.0,957.0,3348.0,696.0
2.0,10029.0,3911.0,3223.0,0.0,6774.0,6774.0,2272.0,951.0,2993.0,918.0
2.0,6118.0,3120.0,3233.0,2747.0,7187.0,7187.0,2278.0,955.0,1920.0,1200.0
2.0,5745.0,2442.0,3216.0,6774.0,2787.0,2787.0,2251.0,965.0,1182.0,1260.0
2.0,10077.0,2556.0,3189.0,7187.0,0.0,0.0,2217.0,972.0,1521.0,1035.0
2.0,14708.0,3339.0,3180.0,2787.0,0.0,0.0,2211.0,969.0,2589.0,750.0
2.0,14156.0,4025.0,3197.0,0.0,2657.0,2657.0,2238.0,959.0,3327.0,698.0
2.0,10131.0,3912.0,3226.0,0.0,6685.0,6685.0,2273.0,953.0,2981.0,931.0
2.0,6219.0,3114.0,3237.0,2657.0,7186.0,7186.0,2280.0,957.0,1905.0,1209.0
2.0,5762.0,2478.0,3221.0,6685.0,2915.0,2915.0,2253.0,968.0,1216.0,1262.0
2.0,9969.0,2609.0,3194.0,7186.0,0.0,0.0,2220.0,974.0,1579.0,1030.0
2.0,14546.0,3378.0,3186.0,2915.0,0.0,0.0,2215.0,971.0,2639.0,739.0
2.0,14083.0,4000.0,3203.0,0.0,2729.0,2729.0,2242.0,961.0,3314.0,686.0
2.0,10083.0,3859.0,3231.0,0.0,6700.0,6700.0,2276.0,955.0,2945.0,914.0
2.0,6224.0,3088.0,3242.0,2729.0,7103.0,7103.0,2283.0,959.0,1896.0,1192.0
2.0,5865.0,2461.0,3225.0,6700.0,2796.0,2796.0,2256.0,969.0,1220.0,1241.0
2.0,10104.0,2615.0,3198.0,7103.0,0.0,0.0,2223.0,975.0,1593.0,1022.0
2.0,14592.0,3396.0,3189.0,2796.0,0.0,0.0,2217.0,972.0,2640.0,756.0
2.0,13992.0,4004.0,3208.0,0.0,2844.0,2844.0,2245.0,963.0,3310.0,694.0
2.0,9988.0,3844.0,3236.0,0.0,6800.0,6800.0,2279.0,957.0,2934.0,910.0
2.0,6144.0,3068.0,3246.0,2844.0,7064.0,7064.0,2286.0,960.0,1890.0,1178.0
2.0,5920.0,2441.0,3229.0,6800.0,2637.0,2637.0,2259.0,970.0,1211.0,1230.0
2.0,10279.0,2588.0,3201.0,7064.0,0.0,0.0,2225.0,976.0,1565.0,1023.0
2.0,14755.0,3380.0,3192.0,2637.0,0.0,0.0,2219.0,973.0,2625.0,755.0
2.0,14012.0,4019.0,3210.0,0.0,2847.0,2847.0,2246.0,964.0,3322.0,697.0
2.0,9993.0,3870.0,3239.0,0.0,6833.0,6833.0,2281.0,958.0,2957.0,913.0
2.0,6123.0,3075.0,3251.0,2847.0,7109.0,7109.0,2289.0,962.0,1901.0,1174.0
2.0,5895.0,2449.0,3233.0,6833.0,2653.0,2653.0,2262.0,971.0,1224.0,1225.0
2.0,10279.0,2593.0,3206.0,7109.0,0.0,0.0,2229.0,977.0,1581.0,1012.0
2.0,14795.0,3362.0,3198.0,2653.0,0.0,0.0,2223.0,975.0,2610.0,752.0
2.0,14086.0,3992.0,3216.0,0.0,2770.0,2770.0,2250.0,966.0,3289.0,703.0
2.0,10094.0,3840.0,3244.0,0.0,6722.0,6722.0,2284.0,960.0,2924.0,916.0
2.0,6254.0,3082.0,3254.0,2770.0,7074.0,7074.0,2291.0,963.0,1906.0,1176.0
2.0,5942.0,2463.0,3238.0,6722.0,2751.0,2751.0,2265.0,973.0,1241.0,1222.0
2.0,10201.0,2609.0,3211.0,7074.0,0.0,0.0,2232.0,979.0,1593.0,1016.0
2.0,14666.0,3356.0,3201.0,2751.0,0.0,0.0,2226.0,975.0,2601.0,755.0
2.0,14061.0,3961.0,3220.0,0.0,2780.0,2780.0,2253.0,967.0,3254.0,707.0
2.0,10100.0,3828.0,3247.0,0.0,6716.0,6716.0,2286.0,961.0,2918.0,910.0
2.0,6272.0,3081.0,3257.0,2780.0,7057.0,7057.0,2293.0,964.0,1915.0,1166.0
2.0,5971.0,2469.0,3240.0,6716.0,2742.0,2742.0,2267.0,973.0,1248.0,1221.0
2.0,10218.0,2610.0,3212.0,7057.0,0.0,0.0,2233.0,979.0,1586.0,1024.0
2.0,14665.0,3383.0,3203.0,2742.0,0.0,0.0,2227.0,976.0,2611.0,772.0
2.0,14024.0,4012.0,3222.0,0.0,2876.0,2876.0,2255.0,967.0,3299.0,713.0
2.0,10012.0,3864.0,3249.0,0.0,6848.0,6848.0,2288.0,961.0,2952.0,912.0
2.0,6148.0,3085.0,3259.0,2876.0,7097.0,7097.0,2295.0,964.0,1914.0,1171.0
2.0,5939.0,2446.0,3241.0,6848.0,2623.0,2623.0,2268.0,973.0,1218.0,1228.0
2.0,10341.0,2605.0,3214.0,7097.0,0.0,0.0,2235.0,979.0,1570.0,1035.0
2.0,14833.0,3405.0,3205.0,2623.0,0.0,0.0,2228.0,977.0,2625.0,780.0
2.0,14051.0,4033.0,3222.0,0.0,2870.0,2870.0,2255.0,967.0,3318.0,715.0
2.0,10018.0,3874.0,3250.0,0.0,6856.0,6856.0,2289.0,961.0,2960.0,914.0
2.0,6144.0,3119.0,3260.0,2870.0,7145.0,7145.0,2297.0,963.0,1948.0,1171.0
2.0,5895.0,2509.0,3243.0,6856.0,2730.0,2730.0,2271.0,972.0,1274.0,1235.0
2.0,10242.0,2648.0,3217.0,7145.0,0.0,0.0,2238.0,979.0,1607.0,1041.0
2.0,14739.0,3397.0,3206.0,2730.0,0.0,0.0,2230.0,976.0,2614.0,783.0
2.0,14072.0,4030.0,3224.0,0.0,2854.0,2854.0,2257.0,967.0,3309.0,721.0
2.0,10042.0,3915.0,3253.0,0.0,6885.0,6885.0,2292.0,961.0,2997.0,918.0
2.0,6127.0,3174.0,3264.0,2854.0,7249.0,7249.0,2301.0,963.0,1998.0,1176.0
2.0,5807.0,2543.0,3249.0,6885.0,2847.0,2847.0,2276.0,973.0,1295.0,1248.0
2.0,10149.0,2654.0,3223.0,7249.0,0.0,0.0,2243.0,980.0,1602.0,1052.0
2.0,14744.0,3383.0,3213.0,2847.0,0.0,0.0,2236.0,977.0,2603.0,780.0
2.0,14208.0,4018.0,3230.0,0.0,2730.0,2730.0,2263.0,967.0,3299.0,719.0
2.0,10190.0,3917.0,3258.0,0.0,6759.0,6759.0,2297.0,961.0,2997.0,920.0
2.0,6273.0,3187.0,3269.0,2730.0,7260.0,7260.0,2305.0,964.0,2010.0,1177.0
2.0,5816.0,2556.0,3253.0,6759.0,2993.0,2993.0,2280.0,973.0,1317.0,1239.0
2.0,10019.0,2670.0,3227.0,7260.0,0.0,0.0,2247.0,980.0,1618.0,1052.0
2.0,14609.0,3396.0,3218.0,2993.0,0.0,0.0,2240.0,978.0,2594.0,802.0
2.0,14206.0,3999.0,3236.0,0.0,2737.0,2737.0,2267.0,969.0,3266.0,733.0
2.0,10207.0,3856.0,3263.0,0.0,6701.0,6701.0,2300.0,963.0,2950.0,906.0
2.0,6351.0,3128.0,3273.0,2737.0,7132.0,7132.0,2307.0,966.0,1969.0,1159.0
2.0,5960.0,2574.0,3257.0,6701.0,2941.0,2941.0,2282.0,975.0,1334.0,1240.0
2.0,10087.0,2736.0,3233.0,7132.0,0.0,0.0,2251.0,982.0,1666.0,1070.0
2.0,14483.0,3462.0,3225.0,2941.0,0.0,0.0,2245.0,980.0,2654.0,808.0
2.0,13962.0,3990.0,3243.0,0.0,3000.0,3000.0,2272.0,971.0,3269.0,721.0
2.0,9972.0,3794.0,3269.0,0.0,6898.0,6898.0,2304.0,965.0,2907.0,887.0
2.0,6178.0,3082.0,3278.0,3000.0,7016.0,7016.0,2311.0,967.0,1938.0,1144.0
2.0,6096.0,2552.0,3262.0,6898.0,2606.0,2606.0,2286.0,976.0,1318.0,1234.0
2.0,10442.0,2735.0,3237.0,7016.0,0.0,0.0,2254.0,983.0,1663.0,1072.0
2.0,14723.0,3438.0,3230.0,2606.0,0.0,0.0,2248.0,982.0,2618.0,820.0
2.0,13891.0,3956.0,3246.0,0.0,3049.0,3049.0,2273.0,973.0,3227.0,729.0
2.0,9935.0,3792.0,3273.0,0.0,6949.0,6949.0,2306.0,967.0,2902.0,890.0
2.0,6143.0,3110.0,3282.0,3049.0,7046.0,7046.0,2313.0,969.0,1973.0,1137.0
2.0,6082.0,2553.0,3267.0,6949.0,2590.0,2590.0,2289.0,978.0,1331.0,1222.0
2.0,10478.0,2680.0,3242.0,7046.0,0.0,0.0,2257.0,985.0,1624.0,1056.0
2.0,14844.0,3386.0,3233.0,2590.0,0.0,0.0,2250.0,983.0,2579.0,807.0
2.0,14048.0,3960.0,3249.0,0.0,2908.0,2908.0,2275.0,974.0,3232.0,728.0
2.0,10088.0,3838.0,3276.0,0.0,6854.0,6854.0,2308.0,968.0,2940.0,898.0
2.0,6250.0,3115.0,3285.0,2908.0,7097.0,7097.0,2315.0,970.0,1968.0,1147.0
2.0,6043.0,2510.0,3270.0,6854.0,2693.0,2693.0,2290.0,980.0,1286.0,1224.0
2.0,10387.0,2634.0,3244.0,7097.0,0.0,0.0,2258.0,986.0,1576.0,1058.0
2.0,14850.0,3389.0,3235.0,2693.0,0.0,0.0,2251.0,984.0,2580.0,809.0
2.0,14154.0,4007.0,3253.0,0.0,2865.0,2865.0,2277.0,976.0,3276.0,731.0
2.0,10147.0,3883.0,3281.0,0.0,6860.0,6860.0,2311.0,970.0,2978.0,905.0
2.0,6264.0,3165.0,3292.0,2865.0,7204.0,7204.0,2319.0,973.0,2003.0,1162.0
2.0,5964.0,2556.0,3275.0,6860.0,2832.0,2832.0,2294.0,981.0,1319.0,1237.0
2.0,10268.0,2673.0,3250.0,7204.0,0.0,0.0,2262.0,988.0,1617.0,1056.0
2.0,14799.0,3391.0,3240.0,2832.0,0.0,0.0,2254.0,986.0,2581.0,810.0
2.0,14240.0,3984.0,3258.0,0.0,2776.0,2776.0,2280.0,978.0,3238.0,746.0
2.0,10256.0,3871.0,3285.0,0.0,6755.0,6755.0,2313.0,972.0,2948.0,923.0
2.0,6385.0,3169.0,3296.0,2776.0,7192.0,7192.0,2321.0,975.0,2001.0,1168.0
2.0,5992.0,2598.0,3280.0,6755.0,2971.0,2971.0,2297.0,983.0,1359.0,1239.0
2.0,10149.0,2710.0,3255.0,7192.0,0.0,0.0,2265.0,990.0,1655.0,1055.0
2.0,14631.0,3424.0,3246.0,2971.0,0.0,0.0,2258.0,988.0,2611.0,813.0
2.0,14178.0,4026.0,3264.0,0.0,2904.0,2904.0,2284.0,980.0,3281.0,745.0
2.0,10152.0,3888.0,3291.0,0.0,6900.0,6900.0,2317.0,974.0,2965.0,923.0
2.0,6264.0,3170.0,3300.0,2904.0,7202.0,7202.0,2324.0,976.0,2003.0,1167.0
2.0,5998.0,2604.0,3285.0,6900.0,2846.0,2846.0,2300.0,985.0,1365.0,1239.0
2.0,10294.0,2746.0,3261.0,7202.0,0.0,0.0,2269.0,992.0,1687.0,1059.0
2.0,14750.0,3450.0,3251.0,2846.0,0.0,0.0,2262.0,989.0,2641.0,809.0
2.0,14146.0,4038.0,3268.0,0.0,2964.0,2964.0,2287.0,981.0,3292.0,746.0
2.0,10108.0,3904.0,3294.0,0.0,6972.0,6972.0,2319.0,975.0,2980.0,924.0
2.0,6204.0,3177.0,3304.0,2964.0,7225.0,7225.0,2327.0,977.0,2013.0,1164.0
2.0,5991.0,2600.0,3290.0,6972.0,2797.0,2797.0,2304.0,986.0,1364.0,1236.0
2.0,10363.0,2748.0,3265.0,7225.0,0.0,0.0,2272.0,993.0,1681.0,1067.0
2.0,14840.0,3471.0,3257.0,2797.0,0.0,0.0,2266.0,991.0,2656.0,815.0
2.0,14166.0,4043.0,3273.0,0.0,2969.0,2969.0,2291.0,982.0,3309.0,734.0
2.0,10123.0,3880.0,3299.0,0.0,6953.0,6953.0,2323.0,976.0,2977.0,903.0
2.0,6243.0,3159.0,3308.0,2969.0,7179.0,7179.0,2330.0,978.0,2001.0,1158.0
2.0,6053.0,2584.0,3292.0,6953.0,2746.0,2746.0,2306.0,986.0,1337.0,1247.0
2.0,10422.0,2719.0,3268.0,7179.0,0.0,0.0,2275.0,993.0,1647.0,1072.0
2.0,14882.0,3461.0,3260.0,2746.0,0.0,0.0,2269.0,991.0,2648.0,813.0
2.0,14167.0,4066.0,3278.0,0.0,3011.0,3011.0,2295.0,983.0,3325.0,741.0
2.0,10101.0,3912.0,3304.0,0.0,7027.0,7027.0,2327.0,977.0,2998.0,914.0
2.0,6189.0,3140.0,3311.0,3011.0,7184.0,7184.0,2333.0,978.0,1984.0,1156.0
2.0,6060.0,2525.0,3293.0,7027.0,2610.0,2610.0,2307.0,986.0,1297.0,1228.0
2.0,10562.0,2662.0,3268.0,7184.0,0.0,0.0,2275.0,993.0,1606.0,1056.0
2.0,15084.0,3440.0,3261.0,2610.0,0.0,0.0,2270.0,991.0,2629.0,811.0
2.0,14254.0,4069.0,3280.0,0.0,2935.0,2935.0,2297.0,983.0,3332.0,737.0
2.0,10185.0,3902.0,3306.0,0.0,6941.0,6941.0,2329.0,977.0,2992.0,910.0
2.0,6283.0,3115.0,3313.0,2935.0,7149.0,7149.0,2334.0,979.0,1954.0,1161.0
2.0,6103.0,2487.0,3295.0,6941.0,2623.0,2623.0,2308.0,987.0,1257.0,1230.0
2.0,10557.0,2649.0,3270.0,7149.0,0.0,0.0,2277.0,993.0,1597.0,1052.0
2.0,15057.0,3432.0,3263.0,2623.0,0.0,0.0,2272.0,991.0,2632.0,800.0
2.0,14248.0,4048.0,3281.0,0.0,2924.0,2924.0,2298.0,983.0,3321.0,727.0
2.0,10200.0,3867.0,3306.0,0.0,6891.0,6891.0,2329.0,977.0,2956.0,911.0
2.0,6333.0,3103.0,3315.0,2924.0,7106.0,7106.0,2335.0,980.0,1936.0,1167.0
2.0,6154.0,2524.0,3298.0,6891.0,2671.0,2671.0,2310.0,988.0,1284.0,1240.0
2.0,10521.0,2681.0,3273.0,7106.0,0.0,0.0,2279.0,994.0,1624.0,1057.0
2.0,14946.0,3465.0,3266.0,2671.0,0.0,0.0,2274.0,992.0,2657.0,808.0
2.0,14152.0,4069.0,3285.0,0.0,3057.0,3057.0,2300.0,985.0,3328.0,741.0
2.0,10083.0,3897.0,3311.0,0.0,7058.0,7058.0,2332.0,979.0,2977.0,920.0
2.0,6186.0,3098.0,3320.0,3057.0,7135.0,7135.0,2339.0,981.0,1933.0,1165.0
2.0,6145.0,2476.0,3302.0,7058.0,2481.0,2481.0,2313.0,989.0,1246.0,1230.0
2.0,10727.0,2667.0,3276.0,7135.0,0.0,0.0,2281.0,995.0,1612.0,1055.0
2.0,15195.0,3480.0,3269.0,2481.0,0.0,0.0,2275.0,994.0,2660.0,820.0
2.0,14196.0,4105.0,3287.0,0.0,3057.0,3057.0,2301.0,986.0,3354.0,751.0
2.0,10091.0,3937.0,3314.0,0.0,7102.0,7102.0,2334.0,980.0,3006.0,931.0
2.0,6154.0,3143.0,3322.0,3057.0,7220.0,7220.0,2340.0,982.0,1966.0,1177.0
2.0,6068.0,2517.0,3306.0,7102.0,2571.0,2571.0,2315.0,991.0,1269.0,1248.0
2.0,10653.0,2703.0,3281.0,7220.0,0.0,0.0,2284.0,997.0,1633.0,1070.0
2.0,15170.0,3514.0,3274.0,2571.0,0.0,0.0,2279.0,995.0,2692.0,822.0
2.0,14227.0,4146.0,3293.0,0.0,3091.0,3091.0,2306.0,987.0,3391.0,755.0
2.0,10081.0,3969.0,3319.0,0.0,7164.0,7164.0,2338.0,981.0,3033.0,936.0
2.0,6112.0,3192.0,3329.0,3091.0,7305.0,7305.0,2345.0,984.0,1999.0,1193.0
2.0,6011.0,2576.0,3312.0,7164.0,2649.0,2649.0,2320.0,992.0,1318.0,1258.0
2.0,10599.0,2715.0,3288.0,7305.0,0.0,0.0,2289.0,999.0,1644.0,1071.0
2.0,15189.0,3501.0,3280.0,2649.0,0.0,0.0,2283.0,997.0,2672.0,829.0
2.0,14337.0,4114.0,3298.0,0.0,2969.0,2969.0,2309.0,989.0,3352.0,762.0
2.0,10223.0,3956.0,3324.0,0.0,7029.0,7029.0,2341.0,983.0,3024.0,932.0
2.0,6267.0,3215.0,3332.0,2969.0,7307.0,7307.0,2347.0,985.0,2033.0,1182.0
2.0,6021.0,2634.0,3317.0,7029.0,2852.0,2852.0,2323.0,994.0,1374.0,1260.0
2.0,10416.0,2789.0,3293.0,7307.0,0.0,0.0,2292.0,1001.0,1699.0,1090.0
2.0,14934.0,3519.0,3286.0,2852.0,0.0,0.0,2287.0,999.0,2675.0,844.0
2.0,14267.0,4082.0,3303.0,0.0,3027.0,3027.0,2312.0,991.0,3321.0,761.0
2.0,10185.0,3933.0,3328.0,0.0,7060.0,7060.0,2343.0,985.0,3012.0,921.0
2.0,6252.0,3239.0,3338.0,3027.0,7312.0,7312.0,2351.0,987.0,2062.0,1177.0
2.0,6040.0,2677.0,3323.0,7060.0,2869.0,2869.0,2327.0,996.0,1418.0,1259.0
2.0,10423.0,2803.0,3299.0,7312.0,0.0,0.0,2296.0,1003.0,1707.0,1096.0
2.0,14932.0,3495.0,3292.0,2869.0,0.0,0.0,2290.0,1002.0,2655.0,840.0
2.0,14306.0,4037.0,3309.0,0.0,2967.0,2967.0,2315.0,994.0,3289.0,748.0
2.0,10269.0,3882.0,3333.0,0.0,6945.0,6945.0,2346.0,987.0,2969.0,913.0
2.0,6387.0,3196.0,3342.0,2967.0,7210.0,7210.0,2353.0,989.0,2021.0,1175.0
2.0,6158.0,2652.0,3327.0,6945.0,2857.0,2857.0,2329.0,998.0,1387.0,1265.0
2.0,10451.0,2788.0,3303.0,7210.0,0.0,0.0,2298.0,1005.0,1700.0,1088.0
2.0,14873.0,3477.0,3294.0,2857.0,0.0,0.0,2291.0,1003.0,2651.0,826.0
2.0,14253.0,4021.0,3311.0,0.0,3012.0,3012.0,2316.0,995.0,3279.0,742.0
2.0,10232.0,3873.0,3337.0,0.0,6989.0,6989.0,2348.0,989.0,2958.0,915.0
2.0,6359.0,3172.0,3347.0,3012.0,7189.0,7189.0,2356.0,991.0,2003.0,1169.0
2.0,6199.0,2612.0,3331.0,6989.0,2748.0,2748.0,2331.0,1000.0,1355.0,1257.0
2.0,10576.0,2756.0,3306.0,7189.0,0.0,0.0,2299.0,1007.0,1669.0,1087.0
2.0,15009.0,3481.0,3298.0,2748.0,0.0,0.0,2293.0,1005.0,2657.0,824.0
2.0,14276.0,4029.0,3316.0,0.0,3017.0,3017.0,2319.0,997.0,3304.0,725.0
2.0,10247.0,3880.0,3342.0,0.0,7001.0,7001.0,2352.0,990.0,2978.0,902.0
2.0,6367.0,3140.0,3352.0,3017.0,7164.0,7164.0,2359.0,993.0,1968.0,1172.0
2.0,6244.0,2568.0,3335.0,7001.0,2663.0,2663.0,2334.0,1001.0,1316.0,1252.0
2.0,10677.0,2744.0,3310.0,7164.0,0.0,0.0,2302.0,1008.0,1670.0,1074.0
2.0,15097.0,3493.0,3302.0,2663.0,0.0,0.0,2296.0,1006.0,2677.0,816.0
2.0,14267.0,4046.0,3321.0,0.0,3063.0,3063.0,2323.0,998.0,3313.0,733.0
2.0,10221.0,3868.0,3346.0,0.0,7031.0,7031.0,2355.0,991.0,2955.0,913.0
2.0,6353.0,3118.0,3355.0,3063.0,7122.0,7122.0,2361.0,994.0,1948.0,1170.0
2.0,6298.0,2548.0,3337.0,7031.0,2567.0,2567.0,2335.0,1002.0,1306.0,1242.0
2.0,10781.0,2732.0,3311.0,7122.0,0.0,0.0,2303.0,1008.0,1664.0,1068.0
2.0,15171.0,3500.0,3304.0,2567.0,0.0,0.0,2298.0,1006.0,2682.0,818.0
2.0,14238.0,4089.0,3323.0,0.0,3143.0,3143.0,2325.0,998.0,3349.0,740.0
2.0,10149.0,3920.0,3351.0,0.0,7175.0,7175.0,2359.0,992.0,3002.0,918.0
2.0,6229.0,3170.0,3361.0,3143.0,7242.0,7242.0,2366.0,995.0,1986.0,1184.0
2.0,6202.0,2585.0,3343.0,7175.0,2580.0,2580.0,2340.0,1003.0,1323.0,1262.0
2.0,10792.0,2766.0,3317.0,7242.0,0.0,0.0,2308.0,1009.0,1687.0,1079.0
2.0,15268.0,3522.0,3309.0,2580.0,0.0,0.0,2302.0,1007.0,2705.0,817.0
2.0,14326.0,4109.0,3328.0,0.0,3095.0,3095.0,2329.0,999.0,3369.0,740.0
2.0,10217.0,3933.0,3356.0,0.0,7140.0,7140.0,2363.0,993.0,3011.0,922.0
2.0,6284.0,3181.0,3365.0,3095.0,7262.0,7262.0,2370.0,995.0,1990.0,1191.0
2.0,6198.0,2597.0,3347.0,7140.0,2647.0,2647.0,2343.0,1004.0,1321.0,1276.0
2.0,10741.0,2780.0,3321.0,7262.0,0.0,0.0,2311.0,1010.0,1691.0,1089.0
2.0,15223.0,3541.0,3313.0,2647.0,0.0,0.0,2305.0,1008.0,2722.0,819.0
2.0,14329.0,4128.0,3330.0,0.0,3119.0,3119.0,2331.0,999.0,3394.0,734.0
2.0,10201.0,3976.0,3357.0,0.0,7203.0,7203.0,2365.0,992.0,3060.0,916.0
2.0,6225.0,3238.0,3368.0,3119.0,7366.0,7366.0,2373.0,995.0,2049.0,1189.0
2.0,6106.0,2640.0,3350.0,7203.0,2731.0,2731.0,2347.0,1003.0,1355.0,1285.0
2.0,10669.0,2794.0,3325.0,7366.0,0.0,0.0,2315.0,1010.0,1677.0,1117.0
2.0,15241.0,3533.0,3318.0,2731.0,0.0,0.0,2309.0,1009.0,2689.0,844.0
2.0,14439.0,4132.0,3335.0,0.0,3033.0,3033.0,2335.0,1000.0,3393.0,739.0
2.0,10307.0,3984.0,3361.0,0.0,7121.0,7121.0,2368.0,993.0,3077.0,907.0
2.0,6323.0,3268.0,3370.0,3033.0,7392.0,7392.0,2375.0,995.0,2078.0,1190.0
2.0,6088.0,2684.0,3354.0,7121.0,2891.0,2891.0,2350.0,1004.0,1385.0,1299.0
2.0,10525.0,2806.0,3330.0,7392.0,0.0,0.0,2319.0,1011.0,1687.0,1119.0
2.0,15111.0,3514.0,3321.0,2891.0,0.0,0.0,2312.0,1009.0,2672.0,842.0
2.0,14488.0,4092.0,3338.0,0.0,2956.0,2956.0,2337.0,1001.0,3359.0,733.0
2.0,10396.0,3963.0,3363.0,0.0,7019.0,7019.0,2369.0,994.0,3058.0,905.0
2.0,6433.0,3252.0,3372.0,2956.0,7351.0,7351.0,2376.0,996.0,2065.0,1187.0
2.0,6137.0,2664.0,3355.0,7019.0,2928.0,2928.0,2351.0,1004.0,1367.0,1297.0
2.0,10492.0,2803.0,3332.0,7351.0,0.0,0.0,2320.0,1012.0,1678.0,1125.0
2.0,15040.0,3530.0,3324.0,2928.0,0.0,0.0,2314.0,1010.0,2682.0,848.0
2.0,14438.0,4119.0,3342.0,0.0,3049.0,3049.0,2340.0,1002.0,3376.0,743.0
2.0,10319.0,3951.0,3367.0,0.0,7100.0,7100.0,2372.0,995.0,3046.0,905.0
2.0,6368.0,3220.0,3376.0,3049.0,7307.0,7307.0,2379.0,997.0,2045.0,1175.0
2.0,6197.0,2630.0,3360.0,7100.0,2773.0,2773.0,2354.0,1006.0,1349.0,1281.0
2.0,10667.0,2773.0,3335.0,7307.0,0.0,0.0,2322.0,1013.0,1649.0,1124.0
2.0,15201.0,3496.0,3328.0,2773.0,0.0,0.0,2316.0,1012.0,2637.0,859.0
2.0,14478.0,4074.0,3346.0,0.0,2980.0,2980.0,2342.0,1004.0,3331.0,743.0
2.0,10404.0,3945.0,3371.0,0.0,7025.0,7025.0,2374.0,997.0,3043.0,902.0
2.0,6459.0,3228.0,3380.0,2980.0,7309.0,7309.0,2382.0,998.0,2060.0,1168.0
2.0,6211.0,2637.0,3364.0,7025.0,2857.0,2857.0,2357.0,1007.0,1358.0,1279.0
2.0,10599.0,2783.0,3340.0,7309.0,0.0,0.0,2325.0,1015.0,1648.0,1135.0
2.0,15125.0,3506.0,3332.0,2857.0,0.0,0.0,2318.0,1014.0,2638.0,868.0
2.0,14476.0,4085.0,3351.0,0.0,3013.0,3013.0,2345.0,1006.0,3339.0,746.0
2.0,10391.0,3936.0,3377.0,0.0,7053.0,7053.0,2378.0,999.0,3046.0,890.0
2.0,6455.0,3177.0,3386.0,3013.0,7253.0,7253.0,2385.0,1001.0,2026.0,1151.0
2.0,6291.0,2571.0,3368.0,7053.0,2699.0,2699.0,2359.0,1009.0,1305.0,1266.0
2.0,10773.0,2726.0,3343.0,7253.0,0.0,0.0,2326.0,1017.0,1604.0,1122.0
2.0,15300.0,3507.0,3336.0,2699.0,0.0,0.0,2320.0,1016.0,2639.0,868.0
2.0,14492.0,4129.0,3355.0,0.0,3057.0,3057.0,2347.0,1008.0,3377.0,752.0
2.0,10363.0,3979.0,3382.0,0.0,7144.0,7144.0,2381.0,1001.0,3082.0,897.0
2.0,6384.0,3204.0,3392.0,3057.0,7331.0,7331.0,2389.0,1003.0,2057.0,1147.0
2.0,6237.0,2586.0,3374.0,7144.0,2701.0,2701.0,2363.0,1011.0,1325.0,1261.0
2.0,10795.0,2748.0,3348.0,7331.0,0.0,0.0,2329.0,1019.0,1616.0,1132.0
2.0,15378.0,3539.0,3341.0,2701.0,0.0,0.0,2323.0,1018.0,2659.0,880.0
2.0,14540.0,4185.0,3360.0,0.0,3085.0,3085.0,2350.0,1010.0,3426.0,759.0
2.0,10355.0,4039.0,3388.0,0.0,7236.0,7236.0,2385.0,1003.0,3143.0,896.0
2.0,6316.0,3250.0,3398.0,3085.0,7441.0,7441.0,2393.0,1005.0,2091.0,1159.0
2.0,6151.0,2583.0,3379.0,7236.0,2712.0,2712.0,2366.0,1013.0,1308.0,1275.0
2.0,10804.0,2710.0,3353.0,7441.0,0.0,0.0,2332.0,1021.0,1582.0,1128.0
2.0,15535.0,3533.0,3345.0,2712.0,0.0,0.0,2325.0,1020.0,2660.0,873.0
2.0,14714.0,4232.0,3366.0,0.0,2982.0,2982.0,2354.0,1012.0,3473.0,759.0
2.0,10482.0,4094.0,3394.0,0.0,7188.0,7188.0,2390.0,1004.0,3200.0,894.0
2.0,6388.0,3282.0,3403.0,2982.0,7524.0,7524.0,2398.0,1005.0,2130.0,1152.0
2.0,6088.0,2593.0,3385.0,7188.0,2857.0,2857.0,2371.0,1014.0,1318.0,1275.0
2.0,10683.0,2741.0,3359.0,7524.0,0.0,0.0,2337.0,1022.0,1597.0,1144.0
2.0,15466.0,3550.0,3351.0,2857.0,0.0,0.0,2329.0,1022.0,2665.0,885.0
2.0,14773.0,4219.0,3369.0,0.0,2922.0,2922.0,2356.0,1013.0,3455.0,764.0
2.0,10554.0,4106.0,3398.0,0.0,7144.0,7144.0,2392.0,1006.0,3201.0,905.0
2.0,6448.0,3301.0,3408.0,2922.0,7563.0,7563.0,2401.0,1007.0,2142.0,1159.0
2.0,6069.0,2605.0,3390.0,7144.0,2952.0,2952.0,2375.0,1015.0,1336.0,1269.0
2.0,10608.0,2707.0,3362.0,7563.0,0.0,0.0,2340.0,1022.0,1580.0,1127.0
2.0,15464.0,3538.0,3354.0,2952.0,0.0,0.0,2332.0,1022.0,2656.0,882.0
2.0,14878.0,4254.0,3372.0,0.0,2864.0,2864.0,2358.0,1014.0,3470.0,784.0
2.0,10624.0,4139.0,3401.0,0.0,7119.0,7119.0,2394.0,1007.0,3215.0,924.0
2.0,6485.0,3302.0,3410.0,2864.0,7593.0,7593.0,2402.0,1008.0,2142.0,1160.0
2.0,6047.0,2581.0,3392.0,7119.0,2983.0,2983.0,2376.0,1016.0,1317.0,1264.0
2.0,10585.0,2702.0,3366.0,7593.0,0.0,0.0,2342.0,1024.0,1573.0,1129.0
2.0,15476.0,3540.0,3357.0,2983.0,0.0,0.0,2334.0,1023.0,2652.0,888.0
2.0,14919.0,4246.0,3376.0,0.0,2831.0,2831.0,2361.0,1015.0,3466.0,780.0
2.0,10673.0,4122.0,3405.0,0.0,7069.0,7069.0,2397.0,1008.0,3213.0,909.0
2.0,6551.0,3279.0,3413.0,2831.0,7549.0,7549.0,2405.0,1008.0,2129.0,1150.0
2.0,6103.0,2568.0,3395.0,7069.0,2976.0,2976.0,2379.0,1016.0,1304.0,1264.0
2.0,10604.0,2697.0,3368.0,7549.0,0.0,0.0,2344.0,1024.0,1563.0,1134.0
2.0,15456.0,3513.0,3360.0,2976.0,0.0,0.0,2336.0,1024.0,2626.0,887.0
2.0,14919.0,4218.0,3379.0,0.0,2815.0,2815.0,2363.0,1016.0,3448.0,770.0
2.0,10701.0,4101.0,3406.0,0.0,7024.0,7024.0,2398.0,1008.0,3201.0,900.0
2.0,6600.0,3291.0,3417.0,2815.0,7544.0,7544.0,2408.0,1009.0,2130.0,1161.0
2.0,6124.0,2592.0,3399.0,7024.0,3040.0,3040.0,2382.0,1017.0,1317.0,1275.0
2.0,10556.0,2687.0,3373.0,7544.0,0.0,0.0,2348.0,1025.0,1555.0,1132.0
2.0,15413.0,3460.0,3364.0,3040.0,0.0,0.0,2340.0,1024.0,2594.0,866.0
2.0,14993.0,4142.0,3381.0,0.0,2673.0,2673.0,2365.0,1016.0,3401.0,741.0
2.0,10851.0,4040.0,3408.0,0.0,6821.0,6821.0,2400.0,1008.0,3163.0,877.0
2.0,6811.0,3271.0,3417.0,2673.0,7455.0,7455.0,2409.0,1008.0,2124.0,1147.0
2.0,6213.0,2612.0,3400.0,6821.0,3178.0,3178.0,2384.0,1016.0,1334.0,1278.0
2.0,10422.0,2731.0,3374.0,7455.0,0.0,0.0,2350.0,1024.0,1585.0,1146.0
2.0,15146.0,3507.0,3366.0,3178.0,0.0,0.0,2342.0,1024.0,2620.0,887.0
2.0,14817.0,4145.0,3384.0,0.0,2864.0,2864.0,2368.0,1016.0,3383.0,762.0
2.0,10672.0,4013.0,3412.0,0.0,6989.0,6989.0,2403.0,1009.0,3125.0,888.0
2.0,6659.0,3277.0,3422.0,2864.0,7442.0,7442.0,2413.0,1009.0,2131.0,1146.0
2.0,6246.0,2666.0,3406.0,6989.0,3055.0,3055.0,2389.0,1017.0,1385.0,1281.0
2.0,10569.0,2798.0,3381.0,7442.0,0.0,0.0,2356.0,1025.0,1641.0,1157.0
2.0,15213.0,3539.0,3373.0,3055.0,0.0,0.0,2348.0,1025.0,2647.0,892.0
2.0,14729.0,4128.0,3391.0,0.0,2963.0,2963.0,2373.0,1018.0,3375.0,753.0
2.0,10601.0,3998.0,3417.0,0.0,7065.0,7065.0,2407.0,1010.0,3114.0,884.0
2.0,6603.0,3290.0,3428.0,2963.0,7436.0,7436.0,2417.0,1011.0,2138.0,1152.0
2.0,6276.0,2713.0,3412.0,7065.0,3020.0,3020.0,2393.0,1019.0,1416.0,1297.0
2.0,10628.0,2860.0,3387.0,7436.0,0.0,0.0,2360.0,1027.0,1687.0,1173.0
2.0,15204.0,3545.0,3378.0,3020.0,0.0,0.0,2351.0,1027.0,2649.0,896.0
2.0,14679.0,4097.0,3394.0,0.0,2994.0,2994.0,2375.0,1019.0,3355.0,742.0
2.0,10582.0,3988.0,3421.0,0.0,7090.0,7090.0,2410.0,1011.0,3116.0,872.0
2.0,6594.0,3347.0,3433.0,2994.0,7491.0,7491.0,2421.0,1012.0,2185.0,1162.0
2.0,6241.0,2796.0,3418.0,7090.0,3137.0,3137.0,2398.0,1020.0,1471.0,1325.0
2.0,10535.0,2873.0,3392.0,7491.0,0.0,0.0,2364.0,1028.0,1686.0,1187.0
2.0,15153.0,3505.0,3381.0,3137.0,0.0,0.0,2353.0,1028.0,2608.0,897.0
2.0,14785.0,4061.0,3396.0,0.0,2860.0,2860.0,2375.0,1021.0,3319.0,742.0
2.0,10724.0,4001.0,3423.0,0.0,6969.0,6969.0,2410.0,1013.0,3125.0,876.0
2.0,6723.0,3406.0,3435.0,2860.0,7563.0,7563.0,2422.0,1013.0,2236.0,1170.0
2.0,6177.0,2853.0,3422.0,6969.0,3395.0,3395.0,2400.0,1022.0,1520.0,1333.0
2.0,10293.0,2917.0,3397.0,7563.0,0.0,0.0,2367.0,1030.0,1723.0,1194.0
2.0,14939.0,3532.0,3386.0,3395.0,0.0,0.0,2356.0,1030.0,2629.0,903.0
2.0,14802.0,4099.0,3402.0,0.0,2905.0,2905.0,2379.0,1023.0,3342.0,757.0
2.0,10703.0,4035.0,3429.0,0.0,7048.0,7048.0,2414.0,1015.0,3134.0,901.0
2.0,6668.0,3391.0,3443.0,2905.0,7590.0,7590.0,2426.0,1017.0,2203.0,1188.0
2.0,6182.0,2808.0,3428.0,7048.0,3290.0,3290.0,2403.0,1025.0,1480.0,1328.0
2.0,10422.0,2903.0,3402.0,7590.0,0.0,0.0,2369.0,1033.0,1715.0,1188.0
2.0,15109.0,3543.0,3390.0,3290.0,0.0,0.0,2358.0,1032.0,2644.0,899.0
2.0,14856.0,4088.0,3407.0,0.0,2860.0,2860.0,2382.0,1025.0,3343.0,745.0
2.0,10768.0,4004.0,3433.0,0.0,6968.0,6968.0,2416.0,1017.0,3123.0,881.0
2.0,6764.0,3363.0,3446.0,2860.0,7523.0,7523.0,2428.0,1018.0,2182.0,1181.0
2.0,6261.0,2819.0,3432.0,6968.0,3318.0,3318.0,2405.0,1027.0,1480.0,1339.0
2.0,10410.0,2921.0,3407.0,7523.0,0.0,0.0,2372.0,1035.0,1730.0,1191.0
2.0,15012.0,3555.0,3395.0,3318.0,0.0,0.0,2361.0,1034.0,2663.0,892.0
2.0,14775.0,4088.0,3412.0,0.0,2961.0,2961.0,2385.0,1027.0,3348.0,740.0
2.0,10687.0,3960.0,3438.0,0.0,7025.0,7025.0,2419.0,1019.0,3080.0,880.0
2.0,6727.0,3326.0,3450.0,2961.0,7438.0,7438.0,2430.0,1020.0,2143.0,1183.0
2.0,6362.0,2801.0,3437.0,7025.0,3162.0,3162.0,2408.0,1029.0,1462.0,1339.0
2.0,10586.0,2916.0,3412.0,7438.0,0.0,0.0,2375.0,1037.0,1723.0,1193.0
2.0,15108.0,3577.0,3402.0,3162.0,0.0,0.0,2365.0,1037.0,2677.0,900.0
2.0,14693.0,4091.0,3417.0,0.0,3066.0,3066.0,2388.0,1029.0,3353.0,738.0
2.0,10602.0,3949.0,3443.0,0.0,7119.0,7119.0,2422.0,1021.0,3083.0,866.0
2.0,6653.0,3282.0,3454.0,3066.0,7379.0,7379.0,2433.0,1021.0,2126.0,1156.0
2.0,6437.0,2766.0,3441.0,7119.0,2974.0,2974.0,2411.0,1030.0,1447.0,1319.0
2.0,10790.0,2908.0,3418.0,7379.0,0.0,0.0,2379.0,1039.0,1714.0,1194.0
2.0,15261.0,3546.0,3408.0,2974.0,0.0,0.0,2369.0,1039.0,2646.0,900.0
2.0,14689.0,4069.0,3423.0,0.0,3072.0,3072.0,2392.0,1031.0,3335.0,734.0
2.0,10620.0,3949.0,3449.0,0.0,7125.0,7125.0,2426.0,1023.0,3094.0,855.0
2.0,6671.0,3303.0,3460.0,3072.0,7400.0,7400.0,2437.0,1023.0,2163.0,1140.0
2.0,6440.0,2774.0,3446.0,7125.0,2993.0,2993.0,2415.0,1031.0,1459.0,1315.0
2.0,10791.0,2905.0,3422.0,7400.0,0.0,0.0,2382.0,1040.0,1701.0,1204.0
2.0,15286.0,3538.0,3413.0,2993.0,0.0,0.0,2373.0,1040.0,2628.0,910.0
2.0,14741.0,4037.0,3428.0,0.0,3008.0,3008.0,2396.0,1032.0,3320.0,717.0
2.0,10704.0,3944.0,3452.0,0.0,7048.0,7048.0,2429.0,1023.0,3114.0,830.0
2.0,6760.0,3335.0,3463.0,3008.0,7419.0,7419.0,2440.0,1023.0,2203.0,1132.0
2.0,6433.0,2833.0,3448.0,7048.0,3144.0,3144.0,2417.0,1031.0,1499.0,1334.0
2.0,10648.0,2933.0,3425.0,7419.0,0.0,0.0,2385.0,1040.0,1707.0,1226.0
2.0,15134.0,3543.0,3417.0,3144.0,0.0,0.0,2376.0,1041.0,2626.0,917.0
2.0,14735.0,4063.0,3432.0,0.0,3056.0,3056.0,2399.0,1033.0,3349.0,714.0
2.0,10672.0,3967.0,3456.0,0.0,7119.0,7119.0,2433.0,1023.0,3145.0,822.0
2.0,6705.0,3330.0,3465.0,3056.0,7429.0,7429.0,2442.0,1023.0,2192.0,1138.0
2.0,6431.0,2816.0,3451.0,7119.0,3070.0,3070.0,2420.0,1031.0,1476.0,1340.0
2.0,10734.0,2926.0,3429.0,7429.0,0.0,0.0,2388.0,1041.0,1700.0,1226.0
2.0,15237.0,3581.0,3421.0,3070.0,0.0,0.0,2379.0,1042.0,2658.0,923.0
2.0,14726.0,4112.0,3435.0,0.0,3126.0,3126.0,2402.0,1033.0,3387.0,725.0
2.0,10614.0,3988.0,3459.0,0.0,7210.0,7210.0,2435.0,1024.0,3162.0,826.0
2.0,6626.0,3340.0,3468.0,3126.0,7460.0,7460.0,2445.0,1023.0,2203.0,1137.0
2.0,6412.0,2814.0,3454.0,7210.0,3008.0,3008.0,2423.0,1031.0,1467.0,1347.0
2.0,10808.0,2960.0,3433.0,7460.0,0.0,0.0,2392.0,1041.0,1704.0,1256.0
2.0,15308.0,3628.0,3426.0,3008.0,0.0,0.0,2383.0,1043.0,2678.0,950.0
2.0,14688.0,4132.0,3439.0,0.0,3200.0,3200.0,2405.0,1034.0,3399.0,733.0
2.0,10556.0,3978.0,3461.0,0.0,7266.0,7266.0,2437.0,1024.0,3153.0,825.0
2.0,6578.0,3336.0,3469.0,3200.0,7434.0,7434.0,2446.0,1023.0,2207.0,1129.0
2.0,6442.0,2836.0,3456.0,7266.0,2952.0,2952.0,2424.0,1032.0,1490.0,1346.0
2.0,10872.0,2972.0,3434.0,7434.0,0.0,0.0,2393.0,1041.0,1712.0,1260.0
2.0,15334.0,3612.0,3427.0,2952.0,0.0,0.0,2384.0,1043.0,2652.0,960.0
2.0,14674.0,4125.0,3440.0,0.0,3211.0,3211.0,2406.0,1034.0,3383.0,742.0
2.0,10549.0,4002.0,3463.0,0.0,7305.0,7305.0,2439.0,1024.0,3179.0,823.0
2.0,6547.0,3350.0,3472.0,3211.0,7480.0,7480.0,2449.0,1023.0,2221.0,1129.0
2.0,6408.0,2856.0,3459.0,7305.0,2979.0,2979.0,2427.0,1032.0,1505.0,1351.0
2.0,10857.0,2984.0,3438.0,7480.0,0.0,0.0,2396.0,1042.0,1719.0,1265.0
2.0,15353.0,3613.0,3429.0,2979.0,0.0,0.0,2386.0,1043.0,2644.0,969.0
2.0,14719.0,4109.0,3444.0,0.0,3166.0,3166.0,2409.0,1035.0,3351.0,758.0
2.0,10610.0,3973.0,3467.0,0.0,7231.0,7231.0,2441.0,1026.0,3140.0,833.0
2.0,6637.0,3354.0,3474.0,3166.0,7447.0,7447.0,2450.0,1024.0,2229.0,1125.0
2.0,6449.0,2864.0,3461.0,7231.0,3028.0,3028.0,2428.0,1033.0,1524.0,1340.0
2.0,10816.0,2989.0,3440.0,7447.0,0.0,0.0,2397.0,1043.0,1721.0,1268.0
2.0,15274.0,3603.0,3433.0,3028.0,0.0,0.0,2388.0,1045.0,2625.0,978.0
2.0,14699.0,4087.0,3448.0,0.0,3180.0,3180.0,2411.0,1037.0,3334.0,753.0
2.0,10612.0,3954.0,3471.0,0.0,7226.0,7226.0,2444.0,1027.0,3136.0,818.0
2.0,6658.0,3318.0,3478.0,3180.0,7392.0,7392.0,2453.0,1025.0,2204.0,1114.0
2.0,6520.0,2817.0,3464.0,7226.0,2927.0,2927.0,2430.0,1034.0,1478.0,1339.0
2.0,10929.0,2966.0,3442.0,7392.0,0.0,0.0,2398.0,1044.0,1698.0,1268.0
2.0,15355.0,3605.0,3435.0,2927.0,0.0,0.0,2389.0,1046.0,2637.0,968.0
2.0,14677.0,4090.0,3451.0,0.0,3217.0,3217.0,2413.0,1038.0,3347.0,743.0
2.0,10587.0,3967.0,3473.0,0.0,7272.0,7272.0,2445.0,1028.0,3144.0,823.0
2.0,6620.0,3347.0,3482.0,3217.0,7438.0,7438.0,2455.0,1027.0,2231.0,1116.0
2.0,6490.0,2855.0,3469.0,7272.0,2969.0,2969.0,2434.0,1035.0,1521.0,1334.0
2.0,10907.0,2967.0,3447.0,7438.0,0.0,0.0,2402.0,1045.0,1709.0,1258.0
2.0,15378.0,3587.0,3440.0,2969.0,0.0,0.0,2393.0,1047.0,2623.0,964.0
2.0,14760.0,4088.0,3456.0,0.0,3152.0,3152.0,2416.0,1040.0,3339.0,749.0
2.0,10672.0,3978.0,3478.0,0.0,7218.0,7218.0,2448.0,1030.0,3148.0,830.0
2.0,6694.0,3354.0,3488.0,3152.0,7460.0,7460.0,2459.0,1029.0,2229.0,1125.0
2.0,6492.0,2857.0,3474.0,7218.0,3043.0,3043.0,2437.0,1037.0,1524.0,1333.0
2.0,10853.0,2970.0,3454.0,7460.0,0.0,0.0,2407.0,1047.0,1728.0,1242.0
2.0,15343.0,3583.0,3448.0,3043.0,0.0,0.0,2398.0,1050.0,2631.0,952.0
2.0,14803.0,4085.0,3461.0,0.0,3126.0,3126.0,2419.0,1042.0,3335.0,750.0
2.0,10718.0,3974.0,3484.0,0.0,7192.0,7192.0,2451.0,1033.0,3134.0,840.0
2.0,6744.0,3369.0,3492.0,3126.0,7467.0,7467.0,2461.0,1031.0,2232.0,1137.0
2.0,6501.0,2875.0,3479.0,7192.0,3098.0,3098.0,2440.0,1039.0,1538.0,1337.0
2.0,10818.0,2967.0,3458.0,7467.0,0.0,0.0,2409.0,1049.0,1733.0,1234.0
2.0,15318.0,3569.0,3450.0,3098.0,0.0,0.0,2399.0,1051.0,2625.0,944.0
2.0,14847.0,4092.0,3465.0,0.0,3105.0,3105.0,2421.0,1044.0,3339.0,753.0
2.0,10755.0,4007.0,3488.0,0.0,7204.0,7204.0,2453.0,1035.0,3153.0,854.0
2.0,6748.0,3414.0,3497.0,3105.0,7549.0,7549.0,2464.0,1033.0,2260.0,1154.0
2.0,6439.0,2879.0,3483.0,7204.0,3168.0,3168.0,2442.0,1041.0,1530.0,1349.0
2.0,10764.0,2953.0,3461.0,7549.0,0.0,0.0,2410.0,1051.0,1712.0,1241.0
2.0,15360.0,3579.0,3454.0,3168.0,0.0,0.0,2400.0,1054.0,2638.0,941.0
2.0,14949.0,4108.0,3468.0,0.0,3031.0,3031.0,2422.0,1046.0,3356.0,752.0
2.0,10841.0,4037.0,3492.0,0.0,7164.0,7164.0,2455.0,1037.0,3180.0,857.0
2.0,6804.0,3445.0,3501.0,3031.0,7614.0,7614.0,2466.0,1035.0,2290.0,1155.0
2.0,6390.0,2905.0,3487.0,7164.0,3299.0,3299.0,2445.0,1042.0,1557.0,1348.0
2.0,10649.0,2985.0,3465.0,7614.0,0.0,0.0,2413.0,1052.0,1742.0,1243.0
2.0,15278.0,3589.0,3458.0,3299.0,0.0,0.0,2403.0,1055.0,2643.0,946.0
2.0,14988.0,4091.0,3472.0,0.0,2991.0,2991.0,2425.0,1047.0,3342.0,749.0
2.0,10897.0,4013.0,3495.0,0.0,7096.0,7096.0,2457.0,1038.0,3156.0,857.0
2.0,6884.0,3430.0,3504.0,2991.0,7571.0,7571.0,2468.0,1036.0,2274.0,1156.0
2.0,6445.0,2927.0,3490.0,7096.0,3346.0,3346.0,2447.0,1043.0,1580.0,1347.0
2.0,10614.0,3001.0,3469.0,7571.0,0.0,0.0,2416.0,1053.0,1753.0,1248.0
2.0,15184.0,3573.0,3461.0,3346.0,0.0,0.0,2405.0,1056.0,2620.0,953.0
2.0,14957.0,4072.0,3474.0,0.0,3011.0,3011.0,2426.0,1048.0,3316.0,756.0
2.0,10885.0,4033.0,3497.0,0.0,7136.0,7136.0,2458.0,1039.0,3176.0,857.0
2.0,6852.0,3482.0,3507.0,3011.0,7647.0,7647.0,2470.0,1037.0,2329.0,1153.0
2.0,6381.0,2954.0,3494.0,7136.0,3413.0,3413.0,2450.0,1044.0,1611.0,1343.0
2.0,10563.0,2980.0,3472.0,7647.0,0.0,0.0,2419.0,1053.0,1739.0,1241.0
2.0,15230.0,3524.0,3463.0,3413.0,0.0,0.0,2408.0,1055.0,2579.0,945.0
2.0,15119.0,4068.0,3477.0,0.0,2857.0,2857.0,2429.0,1048.0,3305.0,763.0
2.0,11051.0,4032.0,3500.0,0.0,6981.0,6981.0,2461.0,1039.0,3169.0,863.0
2.0,7019.0,3489.0,3509.0,2857.0,7649.0,7649.0,2472.0,1037.0,2333.0,1156.0
2.0,6387.0,2984.0,3497.0,6981.0,3604.0,3604.0,2453.0,1044.0,1631.0,1353.0
2.0,10384.0,3000.0,3477.0,7649.0,0.0,0.0,2423.0,1054.0,1752.0,1248.0
2.0,15033.0,3519.0,3468.0,3604.0,0.0,0.0,2412.0,1056.0,2578.0,941.0
2.0,15118.0,4026.0,3482.0,0.0,2836.0,2836.0,2433.0,1049.0,3286.0,740.0
2.0,11092.0,4011.0,3505.0,0.0,6939.0,6939.0,2465.0,1040.0,3164.0,847.0
2.0,7081.0,3519.0,3516.0,2836.0,7666.0,7666.0,2478.0,1038.0,2354.0,1165.0
2.0,6398.0,3015.0,3504.0,6939.0,3694.0,3694.0,2459.0,1045.0,1648.0,1367.0
2.0,10322.0,3027.0,3484.0,7666.0,0.0,0.0,2429.0,1055.0,1785.0,1242.0
2.0,14961.0,3495.0,3475.0,3694.0,0.0,0.0,2418.0,1057.0,2573.0,922.0
2.0,15160.0,3952.0,3486.0,0.0,2736.0,2736.0,2437.0,1049.0,3222.0,730.0
2.0,11208.0,3961.0,3508.0,0.0,6785.0,6785.0,2468.0,1040.0,3108.0,853.0
2.0,7247.0,3501.0,3518.0,2736.0,7590.0,7590.0,2480.0,1038.0,2333.0,1168.0
2.0,6482.0,3039.0,3507.0,6785.0,3800.0,3800.0,2461.0,1046.0,1676.0,1363.0
2.0,10228.0,3025.0,3487.0,7590.0,0.0,0.0,2432.0,1055.0,1795.0,1230.0
2.0,14793.0,3478.0,3477.0,3800.0,0.0,0.0,2420.0,1057.0,2567.0,911.0
2.0,15115.0,3955.0,3489.0,0.0,2796.0,2796.0,2440.0,1049.0,3230.0,725.0
2.0,11160.0,4005.0,3511.0,0.0,6889.0,6889.0,2471.0,1040.0,3138.0,867.0
2.0,7155.0,3563.0,3522.0,2796.0,7700.0,7700.0,2483.0,1039.0,2375.0,1188.0
2.0,6388.0,3069.0,3512.0,6889.0,3840.0,3840.0,2465.0,1047.0,1695.0,1374.0
2.0,10208.0,3000.0,3492.0,7700.0,0.0,0.0,2435.0,1057.0,1766.0,1234.0
2.0,14908.0,3445.0,3481.0,3840.0,0.0,0.0,2423.0,1058.0,2529.0,916.0
2.0,15303.0,3932.0,3492.0,0.0,2597.0,2597.0,2442.0,1050.0,3194.0,738.0
2.0,11371.0,3998.0,3513.0,0.0,6679.0,6679.0,2472.0,1041.0,3126.0,872.0
2.0,7373.0,3564.0,3525.0,2597.0,7694.0,7694.0,2485.0,1040.0,2380.0,1184.0
2.0,6406.0,3058.0,3515.0,6679.0,4033.0,4033.0,2467.0,1048.0,1694.0,1364.0
2.0,10027.0,3014.0,3495.0,7694.0,0.0,0.0,2437.0,1058.0,1777.0,1237.0
2.0,14707.0,3454.0,3484.0,4033.0,0.0,0.0,2425.0,1059.0,2534.0,920.0
2.0,15286.0,3956.0,3494.0,0.0,2646.0,2646.0,2443.0,1051.0,3212.0,744.0
2.0,11330.0,4038.0,3517.0,0.0,6776.0,6776.0,2475.0,1042.0,3153.0,885.0
2.0,7292.0,3603.0,3529.0,2646.0,7781.0,7781.0,2488.0,1041.0,2405.0,1198.0
2.0,6335.0,3095.0,3520.0,6776.0,4064.0,4064.0,2470.0,1050.0,1721.0,1374.0
2.0,10016.0,3030.0,3499.0,7781.0,0.0,0.0,2440.0,1059.0,1793.0,1237.0
2.0,14767.0,3463.0,3488.0,4064.0,0.0,0.0,2428.0,1060.0,2533.0,930.0
2.0,15368.0,3963.0,3498.0,0.0,2587.0,2587.0,2445.0,1053.0,3200.0,763.0
2.0,11405.0,4033.0,3520.0,0.0,6708.0,6708.0,2476.0,1044.0,3135.0,898.0
2.0,7372.0,3625.0,3533.0,2587.0,7798.0,7798.0,2489.0,1044.0,2418.0,1207.0
2.0,6334.0,3136.0,3523.0,6708.0,4186.0,4186.0,2471.0,1052.0,1755.0,1381.0
2.0,9906.0,3060.0,3503.0,7798.0,0.0,0.0,2442.0,1061.0,1818.0,1242.0
2.0,14644.0,3477.0,3493.0,4186.0,0.0,0.0,2430.0,1063.0,2545.0,932.0
2.0,15353.0,3966.0,3503.0,0.0,2625.0,2625.0,2448.0,1055.0,3206.0,760.0
2.0,11387.0,4044.0,3525.0,0.0,6757.0,6757.0,2478.0,1047.0,3142.0,902.0
2.0,7343.0,3625.0,3537.0,2625.0,7805.0,7805.0,2491.0,1046.0,2408.0,1217.0
2.0,6343.0,3145.0,3529.0,6757.0,4161.0,4161.0,2474.0,1055.0,1753.0,1392.0
2.0,9955.0,3068.0,3510.0,7805.0,0.0,0.0,2446.0,1064.0,1822.0,1246.0
2.0,14692.0,3482.0,3499.0,4161.0,0.0,0.0,2434.0,1065.0,2553.0,929.0
2.0,15371.0,3996.0,3509.0,0.0,2661.0,2661.0,2451.0,1058.0,3234.0,762.0
2.0,11375.0,4088.0,3530.0,0.0,6833.0,6833.0,2481.0,1049.0,3192.0,896.0
2.0,7287.0,3654.0,3544.0,2661.0,7882.0,7882.0,2495.0,1049.0,2450.0,1204.0
2.0,6294.0,3132.0,3536.0,6833.0,4149.0,4149.0,2479.0,1057.0,1747.0,1385.0
2.0,9995.0,3052.0,3516.0,7882.0,0.0,0.0,2450.0,1066.0,1799.0,1253.0
2.0,14825.0,3475.0,3506.0,4149.0,0.0,0.0,2438.0,1068.0,2533.0,942.0
2.0,15499.0,3961.0,3515.0,0.0,2522.0,2522.0,2455.0,1060.0,3214.0,747.0
2.0,11538.0,4026.0,3535.0,0.0,6628.0,6628.0,2484.0,1051.0,3158.0,868.0
2.0,7512.0,3615.0,3547.0,2522.0,7769.0,7769.0,2497.0,1050.0,2427.0,1188.0
2.0,6419.0,3116.0,3539.0,6628.0,4225.0,4225.0,2481.0,1058.0,1738.0,1378.0
2.0,9931.0,3034.0,3520.0,7769.0,0.0,0.0,2452.0,1068.0,1785.0,1249.0
2.0,14666.0,3467.0,3510.0,4225.0,0.0,0.0,2440.0,1070.0,2530.0,937.0
2.0,15424.0,3986.0,3519.0,0.0,2638.0,2638.0,2457.0,1062.0,3234.0,752.0
2.0,11438.0,4049.0,3538.0,0.0,6763.0,6763.0,2486.0,1052.0,3176.0,873.0
2.0,7389.0,3586.0,3549.0,2638.0,7755.0,7755.0,2498.0,1051.0,2408.0,1178.0
2.0,6441.0,3072.0,3541.0,6763.0,4032.0,4032.0,2482.0,1059.0,1706.0,1366.0
2.0,10132.0,3026.0,3523.0,7755.0,0.0,0.0,2454.0,1069.0,1780.0,1246.0
2.0,14861.0,3498.0,3514.0,4032.0,0.0,0.0,2443.0,1071.0,2557.0,941.0
2.0,15395.0,4014.0,3524.0,0.0,2715.0,2715.0,2461.0,1063.0,3261.0,753.0
2.0,11381.0,4062.0,3544.0,0.0,6857.0,6857.0,2490.0,1054.0,3195.0,867.0
2.0,7319.0,3592.0,3554.0,2715.0,7774.0,7774.0,2502.0,1052.0,2417.0,1175.0
2.0,6442.0,3021.0,3546.0,6857.0,3906.0,3906.0,2485.0,1061.0,1659.0,1362.0
2.0,10278.0,2956.0,3527.0,7774.0,0.0,0.0,2456.0,1071.0,1712.0,1244.0
2.0,15096.0,3446.0,3516.0,3906.0,0.0,0.0,2444.0,1072.0,2512.0,934.0
2.0,15556.0,3997.0,3525.0,0.0,2541.0,2541.0,2461.0,1064.0,3261.0,736.0
2.0,11559.0,4077.0,3544.0,0.0,6694.0,6694.0,2490.0,1054.0,3219.0,858.0
2.0,7482.0,3630.0,3556.0,2541.0,7831.0,7831.0,2503.0,1053.0,2443.0,1187.0
2.0,6393.0,3068.0,3549.0,6694.0,4177.0,4177.0,2487.0,1062.0,1689.0,1379.0
2.0,10019.0,2973.0,3530.0,7831.0,0.0,0.0,2458.0,1072.0,1716.0,1257.0
2.0,14877.0,3449.0,3520.0,4177.0,0.0,0.0,2447.0,1073.0,2512.0,937.0
2.0,15605.0,4013.0,3528.0,0.0,2520.0,2520.0,2464.0,1064.0,3282.0,731.0
2.0,11592.0,4074.0,3547.0,0.0,6670.0,6670.0,2493.0,1054.0,3227.0,847.0
2.0,7518.0,3595.0,3559.0,2520.0,7793.0,7793.0,2506.0,1053.0,2422.0,1173.0
2.0,6443.0,3054.0,3551.0,6670.0,4145.0,4145.0,2489.0,1062.0,1670.0,1384.0
2.0,10059.0,3003.0,3533.0,7793.0,0.0,0.0,2461.0,1072.0,1730.0,1273.0
2.0,14849.0,3502.0,3522.0,4145.0,0.0,0.0,2449.0,1073.0,2555.0,947.0
2.0,15492.0,4038.0,3530.0,0.0,2666.0,2666.0,2466.0,1064.0,3304.0,734.0
2.0,11454.0,4083.0,3550.0,0.0,6829.0,6829.0,2496.0,1054.0,3233.0,850.0
2.0,7371.0,3595.0,3561.0,2666.0,7802.0,7802.0,2508.0,1053.0,2417.0,1178.0
2.0,6442.0,3072.0,3553.0,6829.0,4013.0,4013.0,2491.0,1062.0,1670.0,1402.0
2.0,10199.0,3037.0,3535.0,7802.0,0.0,0.0,2463.0,1072.0,1750.0,1287.0
2.0,14964.0,3510.0,3525.0,4013.0,0.0,0.0,2452.0,1073.0,2560.0,950.0
2.0,15467.0,4033.0,3533.0,0.0,2698.0,2698.0,2469.0,1064.0,3304.0,729.0
2.0,11434.0,4085.0,3552.0,0.0,6859.0,6859.0,2498.0,1054.0,3243.0,842.0
2.0,7349.0,3641.0,3563.0,2698.0,7846.0,7846.0,2510.0,1053.0,2449.0,1192.0
2.0,6406.0,3127.0,3556.0,6859.0,4086.0,4086.0,2494.0,1062.0,1703.0,1424.0
2.0,10138.0,3054.0,3539.0,7846.0,0.0,0.0,2466.0,1073.0,1751.0,1303.0
2.0,14930.0,3510.0,3528.0,4086.0,0.0,0.0,2454.0,1074.0,2550.0,960.0
2.0,15506.0,4035.0,3536.0,0.0,2673.0,2673.0,2471.0,1065.0,3302.0,733.0
2.0,11471.0,4122.0,3555.0,0.0,6871.0,6871.0,2501.0,1054.0,3269.0,853.0
2.0,7349.0,3676.0,3566.0,2673.0,7918.0,7918.0,2513.0,1053.0,2482.0,1194.0
2.0,6346.0,3160.0,3561.0,6871.0,4187.0,4187.0,2498.0,1063.0,1741.0,1419.0
2.0,10057.0,3068.0,3542.0,7918.0,0.0,0.0,2469.0,1073.0,1766.0,1302.0
2.0,14907.0,3498.0,3531.0,4187.0,0.0,0.0,2457.0,1074.0,2538.0,960.0
2.0,15596.0,4011.0,3538.0,0.0,2567.0,2567.0,2473.0,1065.0,3280.0,731.0
2.0,11585.0,4094.0,3557.0,0.0,6737.0,6737.0,2502.0,1055.0,3247.0,847.0
2.0,7491.0,3679.0,3569.0,2567.0,7897.0,7897.0,2515.0,1054.0,2486.0,1193.0
2.0,6379.0,3173.0,3563.0,6737.0,4309.0,4309.0,2500.0,1063.0,1755.0,1418.0
2.0,9943.0,3096.0,3547.0,7897.0,0.0,0.0,2473.0,1074.0,1790.0,1306.0
2.0,14744.0,3504.0,3536.0,4309.0,0.0,0.0,2461.0,1075.0,2539.0,965.0
2.0,15549.0,4012.0,3544.0,0.0,2639.0,2639.0,2477.0,1067.0,3278.0,734.0
2.0,11537.0,4095.0,3563.0,0.0,6810.0,6810.0,2506.0,1057.0,3247.0,848.0
2.0,7442.0,3676.0,3574.0,2639.0,7891.0,7891.0,2519.0,1055.0,2485.0,1191.0
2.0,6405.0,3167.0,3570.0,6810.0,4232.0,4232.0,2505.0,1065.0,1754.0,1413.0
2.0,10048.0,3077.0,3552.0,7891.0,0.0,0.0,2477.0,1075.0,1782.0,1295.0
2.0,14862.0,3497.0,3541.0,4232.0,0.0,0.0,2464.0,1077.0,2534.0,963.0
2.0,15597.0,4004.0,3549.0,0.0,2603.0,2603.0,2481.0,1068.0,3263.0,741.0
2.0,11593.0,4085.0,3568.0,0.0,6764.0,6764.0,2510.0,1058.0,3236.0,849.0
2.0,7508.0,3663.0,3581.0,2603.0,7876.0,7876.0,2524.0,1057.0,2477.0,1186.0
2.0,6448.0,3171.0,3574.0,6764.0,4255.0,4255.0,2508.0,1066.0,1759.0,1412.0
2.0,10041.0,3069.0,3557.0,7876.0,0.0,0.0,2480.0,1077.0,1770.0,1299.0
2.0,14848.0,3478.0,3545.0,4255.0,0.0,0.0,2466.0,1079.0,2514.0,964.0
2.0,15625.0,3973.0,3552.0,0.0,2556.0,2556.0,2482.0,1070.0,3241.0,732.0
2.0,11652.0,4035.0,3572.0,0.0,6671.0,6671.0,2512.0,1060.0,3195.0,840.0
2.0,7617.0,3645.0,3585.0,2556.0,7812.0,7812.0,2526.0,1059.0,2461.0,1184.0
2.0,6528.0,3175.0,3580.0,6671.0,4296.0,4296.0,2512.0,1068.0,1759.0,1416.0
2.0,10024.0,3101.0,3563.0,7812.0,0.0,0.0,2484.0,1079.0,1798.0,1303.0
2.0,14735.0,3488.0,3551.0,4296.0,0.0,0.0,2470.0,1081.0,2525.0,963.0
2.0,15543.0,3946.0,3557.0,0.0,2631.0,2631.0,2485.0,1072.0,3210.0,736.0
2.0,11597.0,4029.0,3576.0,0.0,6736.0,6736.0,2514.0,1062.0,3186.0,843.0
2.0,7568.0,3634.0,3589.0,2631.0,7791.0,7791.0,2528.0,1061.0,2456.0,1178.0
2.0,6565.0,3188.0,3584.0,6736.0,4223.0,4223.0,2514.0,1070.0,1776.0,1412.0
2.0,10113.0,3126.0,3567.0,7791.0,0.0,0.0,2486.0,1081.0,1814.0,1312.0
2.0,14778.0,3509.0,3555.0,4223.0,0.0,0.0,2472.0,1083.0,2533.0,976.0
2.0,15492.0,3957.0,3563.0,0.0,2717.0,2717.0,2488.0,1075.0,3215.0,742.0
2.0,11535.0,4040.0,3582.0,0.0,6833.0,6833.0,2517.0,1065.0,3197.0,843.0
2.0,7495.0,3636.0,3594.0,2717.0,7800.0,7800.0,2531.0,1063.0,2461.0,1175.0
2.0,6576.0,3163.0,3588.0,6833.0,4106.0,4106.0,2516.0,1072.0,1754.0,1409.0
2.0,10246.0,3123.0,3570.0,7800.0,0.0,0.0,2487.0,1083.0,1812.0,1311.0
2.0,14923.0,3571.0,3560.0,4106.0,0.0,0.0,2474.0,1086.0,2579.0,992.0
2.0,15458.0,4028.0,3568.0,0.0,2842.0,2842.0,2491.0,1077.0,3271.0,757.0
2.0,11430.0,4043.0,3587.0,0.0,6961.0,6961.0,2520.0,1067.0,3193.0,850.0
2.0,7387.0,3623.0,3598.0,2842.0,7786.0,7786.0,2533.0,1065.0,2448.0,1175.0
2.0,6606.0,3178.0,3591.0,6961.0,3975.0,3975.0,2518.0,1073.0,1772.0,1406.0
2.0,10389.0,3169.0,3575.0,7786.0,0.0,0.0,2490.0,1085.0,1859.0,1310.0
2.0,15006.0,3599.0,3565.0,3975.0,0.0,0.0,2478.0,1087.0,2611.0,988.0
2.0,15382.0,4046.0,3573.0,0.0,2956.0,2956.0,2494.0,1079.0,3287.0,759.0
2.0,11336.0,4064.0,3591.0,0.0,7092.0,7092.0,2523.0,1068.0,3200.0,864.0
2.0,7272.0,3637.0,3603.0,2956.0,7821.0,7821.0,2537.0,1066.0,2451.0,1186.0
2.0,6591.0,3208.0,3597.0,7092.0,3913.0,3913.0,2522.0,1075.0,1793.0,1415.0
2.0,10475.0,3175.0,3580.0,7821.0,0.0,0.0,2494.0,1086.0,1862.0,1313.0
2.0,15121.0,3592.0,3570.0,3913.0,0.0,0.0,2482.0,1088.0,2614.0,978.0
2.0,15442.0,4029.0,3577.0,0.0,2895.0,2895.0,2497.0,1080.0,3285.0,744.0
2.0,11413.0,4071.0,3595.0,0.0,7038.0,7038.0,2526.0,1069.0,3215.0,856.0
2.0,7342.0,3677.0,3606.0,2895.0,7864.0,7864.0,2539.0,1067.0,2479.0,1198.0
2.0,6560.0,3244.0,3601.0,7038.0,4050.0,4050.0,2525.0,1076.0,1817.0,1427.0
2.0,10354.0,3188.0,3585.0,7864.0,0.0,0.0,2498.0,1087.0,1872.0,1316.0
2.0,15030.0,3599.0,3576.0,4050.0,0.0,0.0,2486.0,1090.0,2625.0,974.0
2.0,15481.0,4045.0,3583.0,0.0,2896.0,2896.0,2502.0,1081.0,3304.0,741.0
2.0,11436.0,4082.0,3601.0,0.0,7050.0,7050.0,2531.0,1070.0,3231.0,851.0
2.0,7354.0,3663.0,3612.0,2896.0,7861.0,7861.0,2544.0,1068.0,2467.0,1196.0
2.0,6587.0,3202.0,3606.0,7050.0,3989.0,3989.0,2529.0,1077.0,1777.0,1425.0
2.0,10435.0,3158.0,3589.0,7861.0,0.0,0.0,2501.0,1088.0,1851.0,1307.0
2.0,15138.0,3575.0,3579.0,3989.0,0.0,0.0,2489.0,1090.0,2611.0,964.0
2.0,15552.0,4030.0,3586.0,0.0,2822.0,2822.0,2505.0,1081.0,3294.0,736.0
2.0,11522.0,4063.0,3603.0,0.0,6953.0,6953.0,2533.0,1070.0,3215.0,848.0
2.0,7459.0,3657.0,3614.0,2822.0,7832.0,7832.0,2546.0,1068.0,2468.0,1189.0
2.0,6624.0,3204.0,3609.0,6953.0,4063.0,4063.0,2532.0,1077.0,1790.0,1414.0
2.0,10373.0,3150.0,3593.0,7832.0,0.0,0.0,2505.0,1088.0,1854.0,1296.0
2.0,15055.0,3559.0,3582.0,4063.0,0.0,0.0,2492.0,1090.0,2598.0,961.0
2.0,15559.0,3990.0,3588.0,0.0,2783.0,2783.0,2507.0,1081.0,3255.0,735.0
2.0,11569.0,4000.0,3604.0,0.0,6847.0,6847.0,2534.0,1070.0,3146.0,854.0
2.0,7569.0,3630.0,3616.0,2783.0,7742.0,7742.0,2547.0,1069.0,2420.0,1210.0
2.0,6722.0,3211.0,3610.0,6847.0,4082.0,4082.0,2532.0,1078.0,1777.0,1434.0
2.0,10358.0,3170.0,3595.0,7742.0,0.0,0.0,2506.0,1089.0,1871.0,1299.0
2.0,14930.0,3554.0,3586.0,4082.0,0.0,0.0,2495.0,1091.0,2616.0,938.0
2.0,15458.0,3956.0,3592.0,0.0,2866.0,2866.0,2510.0,1082.0,3243.0,713.0
2.0,11502.0,3993.0,3608.0,0.0,6923.0,6923.0,2537.0,1071.0,3142.0,851.0
2.0,7509.0,3633.0,3617.0,2866.0,7726.0,7726.0,2548.0,1069.0,2419.0,1214.0
2.0,6742.0,3239.0,3612.0,6923.0,4022.0,4022.0,2534.0,1078.0,1793.0,1446.0
2.0,10426.0,3196.0,3598.0,7726.0,0.0,0.0,2509.0,1089.0,1885.0,1311.0
2.0,14956.0,3560.0,3589.0,4022.0,0.0,0.0,2498.0,1091.0,2610.0,950.0
2.0,15418.0,3952.0,3595.0,0.0,2914.0,2914.0,2513.0,1082.0,3234.0,718.0
2.0,11466.0,3978.0,3611.0,0.0,6956.0,6956.0,2539.0,1072.0,3131.0,847.0
2.0,7488.0,3638.0,3621.0,2914.0,7720.0,7720.0,2551.0,1070.0,2422.0,1216.0
2.0,6764.0,3265.0,3616.0,6956.0,4009.0,4009.0,2537.0,1079.0,1812.0,1453.0
2.0,10455.0,3212.0,3601.0,7720.0,0.0,0.0,2511.0,1090.0,1897.0,1315.0
2.0,14963.0,3552.0,3592.0,4009.0,0.0,0.0,2500.0,1092.0,2610.0,942.0
2.0,15420.0,3945.0,3598.0,0.0,2917.0,2917.0,2515.0,1083.0,3232.0,713.0
2.0,11475.0,4020.0,3614.0,0.0,7001.0,7001.0,2542.0,1072.0,3160.0,860.0
2.0,7455.0,3701.0,3625.0,2917.0,7829.0,7829.0,2554.0,1071.0,2462.0,1239.0
2.0,6671.0,3327.0,3621.0,7001.0,4139.0,4139.0,2541.0,1080.0,1861.0,1466.0
2.0,10345.0,3252.0,3606.0,7829.0,0.0,0.0,2515.0,1091.0,1928.0,1324.0
2.0,14922.0,3554.0,3596.0,4139.0,0.0,0.0,2503.0,1093.0,2601.0,953.0
2.0,15507.0,3945.0,3602.0,0.0,2846.0,2846.0,2518.0,1084.0,3220.0,725.0
2.0,11562.0,4023.0,3619.0,0.0,6937.0,6937.0,2545.0,1074.0,3160.0,863.0
2.0,7539.0,3718.0,3629.0,2846.0,7849.0,7849.0,2557.0,1072.0,2487.0,1231.0
2.0,6667.0,3366.0,3625.0,6937.0,4262.0,4262.0,2543.0,1082.0,1897.0,1469.0
2.0,10238.0,3286.0,3610.0,7849.0,0.0,0.0,2517.0,1093.0,1945.0,1341.0
2.0,14801.0,3579.0,3601.0,4262.0,0.0,0.0,2506.0,1095.0,2607.0,972.0
2.0,15484.0,3978.0,3607.0,0.0,2922.0,2922.0,2521.0,1086.0,3243.0,735.0
2.0,11506.0,4062.0,3624.0,0.0,7052.0,7052.0,2548.0,1076.0,3196.0,866.0
2.0,7444.0,3741.0,3635.0,2922.0,7915.0,7915.0,2561.0,1074.0,2506.0,1235.0
2.0,6625.0,3355.0,3631.0,7052.0,4202.0,4202.0,2547.0,1084.0,1880.0,1475.0
2.0,10322.0,3289.0,3616.0,7915.0,0.0,0.0,2521.0,1095.0,1942.0,1347.0
2.0,14948.0,3598.0,3607.0,4202.0,0.0,0.0,2509.0,1098.0,2626.0,972.0
2.0,15552.0,4000.0,3614.0,0.0,2904.0,2904.0,2525.0,1089.0,3270.0,730.0
2.0,11552.0,4073.0,3629.0,0.0,7037.0,7037.0,2551.0,1078.0,3209.0,864.0
2.0,7479.0,3749.0,3640.0,2904.0,7926.0,7926.0,2564.0,1076.0,2516.0,1233.0
2.0,6634.0,3357.0,3636.0,7037.0,4230.0,4230.0,2550.0,1086.0,1884.0,1473.0
2.0,10314.0,3290.0,3620.0,7926.0,0.0,0.0,2523.0,1097.0,1949.0,1341.0
2.0,14950.0,3589.0,3611.0,4230.0,0.0,0.0,2512.0,1099.0,2625.0,964.0
2.0,15591.0,3975.0,3618.0,0.0,2856.0,2856.0,2527.0,1091.0,3245.0,730.0
2.0,11616.0,4046.0,3634.0,0.0,6966.0,6966.0,2554.0,1080.0,3183.0,863.0
2.0,7570.0,3725.0,3644.0,2856.0,7875.0,7875.0,2566.0,1078.0,2493.0,1232.0
2.0,6701.0,3337.0,3640.0,6966.0,4230.0,4230.0,2552.0,1088.0,1868.0,1469.0
2.0,10330.0,3259.0,3625.0,7875.0,0.0,0.0,2526.0,1099.0,1927.0,1332.0
2.0,14946.0,3566.0,3616.0,4230.0,0.0,0.0,2514.0,1102.0,2609.0,957.0
2.0,15610.0,3954.0,3622.0,0.0,2832.0,2832.0,2529.0,1093.0,3234.0,720.0
2.0,11656.0,4056.0,3638.0,0.0,6952.0,6952.0,2556.0,1082.0,3194.0,862.0
2.0,7600.0,3733.0,3649.0,2832.0,7897.0,7897.0,2568.0,1081.0,2500.0,1233.0
2.0,6699.0,3305.0,3643.0,6952.0,4226.0,4226.0,2553.0,1090.0,1837.0,1468.0
2.0,10346.0,3213.0,3629.0,7897.0,0.0,0.0,2527.0,1102.0,1883.0,1330.0
2.0,15030.0,3536.0,3620.0,4226.0,0.0,0.0,2516.0,1104.0,2590.0,946.0
2.0,15720.0,3937.0,3626.0,0.0,2721.0,2721.0,2532.0,1094.0,3238.0,699.0
2.0,11783.0,4036.0,3641.0,0.0,6817.0,6817.0,2559.0,1082.0,3199.0,837.0
2.0,7747.0,3725.0,3653.0,2721.0,7869.0,7869.0,2572.0,1081.0,2503.0,1222.0
2.0,6743.0,3294.0,3647.0,6817.0,4322.0,4322.0,2556.0,1091.0,1818.0,1476.0
2.0,10266.0,3207.0,3633.0,7869.0,0.0,0.0,2530.0,1103.0,1865.0,1342.0
2.0,14928.0,3509.0,3624.0,4322.0,0.0,0.0,2519.0,1105.0,2568.0,941.0
2.0,15741.0,3915.0,3629.0,0.0,2690.0,2690.0,2534.0,1095.0,3231.0,684.0
2.0,11826.0,4008.0,3644.0,0.0,6758.0,6758.0,2561.0,1083.0,3182.0,826.0
2.0,7818.0,3710.0,3654.0,2690.0,7818.0,7818.0,2573.0,1081.0,2484.0,1226.0
2.0,6798.0,3328.0,3650.0,6758.0,4372.0,4372.0,2558.0,1092.0,1841.0,1487.0
2.0,10228.0,3235.0,3636.0,7818.0,0.0,0.0,2532.0,1104.0,1888.0,1347.0
2.0,14811.0,3538.0,3627.0,4372.0,0.0,0.0,2521.0,1106.0,2589.0,949.0
2.0,15645.0,3931.0,3633.0,0.0,2818.0,2818.0,2537.0,1096.0,3239.0,692.0
2.0,11714.0,4005.0,3648.0,0.0,6883.0,6883.0,2564.0,1084.0,3181.0,824.0
2.0,7709.0,3708.0,3657.0,2818.0,7809.0,7809.0,2575.0,1082.0,2489.0,1219.0
2.0,6819.0,3355.0,3653.0,6883.0,4265.0,4265.0,2561.0,1092.0,1868.0,1487.0
2.0,10347.0,3310.0,3641.0,7809.0,0.0,0.0,2536.0,1105.0,1947.0,1363.0
2.0,14846.0,3604.0,3633.0,4265.0,0.0,0.0,2526.0,1107.0,2642.0,962.0
2.0,15507.0,3954.0,3637.0,0.0,2995.0,2995.0,2541.0,1096.0,3257.0,697.0
2.0,11553.0,3999.0,3651.0,0.0,7050.0,7050.0,2567.0,1084.0,3176.0,823.0
2.0,7554.0,3710.0,3659.0,2995.0,7797.0,7797.0,2577.0,1082.0,2483.0,1227.0
2.0,6839.0,3393.0,3656.0,7050.0,4128.0,4128.0,2563.0,1093.0,1886.0,1507.0
2.0,10496.0,3359.0,3645.0,7797.0,0.0,0.0,2540.0,1105.0,1981.0,1378.0
2.0,14934.0,3654.0,3637.0,4128.0,0.0,0.0,2530.0,1107.0,2680.0,974.0
2.0,15408.0,3988.0,3643.0,0.0,3152.0,3152.0,2546.0,1097.0,3290.0,698.0
2.0,11420.0,4001.0,3655.0,0.0,7201.0,7201.0,2570.0,1085.0,3179.0,822.0
2.0,7419.0,3701.0,3663.0,3152.0,7782.0,7782.0,2581.0,1082.0,2477.0,1224.0
2.0,6870.0,3390.0,3338.128422989863,7201.0,2671.0,2671.0,2006.2661834276832,1331.8622395621796,1883.0,1507.0
2.0,10681.0,3400.0,3654.895933653902,7782.0,0.0,0.0,2691.9898466901755,962.9060869637265,2001.0,1399.0
2.0,15063.0,3719.0,4026.6106776256534,2671.0,2092.0,2092.0,3313.0834195900907,713.5272580355626,2716.0,1003.0
2.0,14015.0,4028.0,4112.955302714108,0.0,6465.0,6465.0,3273.8739867896293,839.0813159244794,3320.0,708.0
2.0,9987.0,4023.0,3788.435211406135,2092.0,7097.0,7097.0,2580.920350361121,1207.514861045014,3209.0,814.0
2.0,8056.0,3689.0,3405.6751058194845,6465.0,2791.0,2791.0,1943.8286764792265,1461.846429340258,2486.0,1203.0
2.0,10832.0,3364.0,3349.20121701285,7097.0,0.0,0.0,2014.2767373769618,1334.9244796358885,1872.0,1492.0
2.0,14565.0,3387.0,3670.44705100288,2791.0,712.0,712.0,2700.968191107276,969.4788598956038,1986.0,1401.0
2.0,13969.0,3726.0,4037.5593025461394,0.0,5908.0,5908.0,3319.508415376743,718.0508871693964,2712.0,1014.0
2.0,10243.0,4044.0,4094.975874009433,712.0,9469.0,9469.0,3259.94136869126,835.0345053181729,3322.0,722.0
2.0,6911.0,4016.0,3772.3109050936328,5908.0,6286.0,6286.0,2573.129343718362,1199.1815613752706,3200.0,816.0
2.0,8803.0,3677.0,3393.560963856824,9469.0,0.0,0.0,1934.5033754074238,1459.0575884493999,2479.0,1198.0
2.0,14595.0,3337.0,3348.4414895013333,6286.0,0.0,0.0,2009.3856610264656,1339.0558284748677,1854.0,1483.0
2.0,17544.0,3348.0,3675.320325384298,0.0,505.0,505.0,2699.0067577207883,976.3135676635097,1948.0,1400.0
2.0,14196.0,3702.0,4033.9015126179565,0.0,5642.0,5642.0,3312.659898211092,721.2416144068645,2669.0,1033.0
2.0,10494.0,4057.0,4081.880981018904,505.0,9386.0,9386.0,3249.0049878820655,832.8759931368388,3306.0,751.0
2.0,6942.0,4038.0,3752.816491959142,5642.0,6465.0,6465.0,2560.144200296666,1192.6722916624756,3213.0,825.0
2.0,8546.0,3694.0,3389.4345863172794,9386.0,0.0,0.0,1934.2619241045843,1455.172662212695,2502.0,1192.0
2.0,14238.0,3338.0,3339.431932602246,6465.0,0.0,0.0,1998.5066320706771,1340.9253005315688,1866.0,1472.0
2.0,17365.0,3323.0,3675.2358221766767,0.0,659.0,659.0,2690.965322004291,984.2705001723856,1933.0,1390.0
2.0,14042.0,3650.0,4027.547910471165,0.0,5719.0,5719.0,3302.1246274412574,725.4232830299075,2626.0,1024.0
2.0,10392.0,4018.0,4068.6163225318282,659.0,9242.0,9242.0,3238.270926764963,830.3453957668653,3274.0,744.0
2.0,7033.0,4036.0,3738.877542965796,5719.0,6240.0,6240.0,2553.678087642803,1185.199455322993,3212.0,824.0
2.0,8716.0,3663.0,3393.4971693299385,9242.0,0.0,0.0,1943.6557165243967,1449.8414528055418,2484.0,1179.0
2.0,14295.0,3289.0,3341.057892503936,6240.0,0.0,0.0,1997.2046126479281,1343.8532798560077,1826.0,1463.0
2.0,17246.0,3298.0,3675.7301644023655,0.0,755.0,755.0,2685.095359808179,990.6348045941862,1907.0,1391.0
2.0,13948.0,3669.0,4025.681725674619,0.0,5824.0,5824.0,3296.0957123775897,729.5860132970294,2638.0,1031.0
2.0,10279.0,4042.0,4071.325799852224,755.0,9293.0,9293.0,3244.1447271235725,827.1810727286514,3287.0,755.0
2.0,6992.0,4042.0,3726.9203950514066,5824.0,6134.0,6134.0,2547.888572450295,1179.0318226011111,3212.0,830.0
2.0,8774.0,3642.0,3399.6823754591314,9293.0,0.0,0.0,1951.9328021831775,1447.7495732759537,2465.0,1177.0
2.0,14425.0,3267.0,3340.5365839667447,6134.0,0.0,0.0,1995.2306500873115,1345.3059338794335,1814.0,1453.0
2.0,17292.0,3286.0,3691.244866728656,0.0,759.0,759.0,2693.9979115451633,997.2469551834924,1908.0,1378.0
2.0,14006.0,3692.0,4032.2768650344483,0.0,5815.0,5815.0,3295.1269072231303,737.1499578113179,2655.0,1037.0
2.0,10314.0,4060.0,4084.2492973316434,759.0,9324.0,9324.0,3253.9936285585673,830.2556687730762,3296.0,764.0
2.0,7013.0,4052.0,3724.3525523708504,5815.0,6121.0,6121.0,2547.0996535898844,1177.2528987809658,3219.0,833.0
2.0,8776.0,3677.0,3407.635956087036,9324.0,0.0,0.0,1960.7618773725865,1446.8740787144498,2492.0,1185.0
2.0,14423.0,3284.0,3355.8167420917184,6121.0,0.0,0.0,2005.9847402362957,1349.8320018554227,1832.0,1452.0
2.0,17260.0,3290.0,3707.271586021179,0.0,859.0,859.0,2701.805836984677,1005.4657490365015,1919.0,1371.0
2.0,13970.0,3686.0,4045.1972408072797,0.0,5897.0,5897.0,3302.318741406632,742.8784994006477,2661.0,1025.0
2.0,10284.0,4085.0,4100.829386616883,859.0,9345.0,9345.0,3264.9642440125644,835.8651426043185,3318.0,767.0
2.0,7058.0,4081.0,3742.4494181473465,5897.0,6095.0,6095.0,2563.87899710728,1178.570421040066,3243.0,838.0
2.0,8874.0,3692.0,3413.257637490624,9345.0,0.0,0.0,1965.049810750897,1448.207826739727,2510.0,1182.0
2.0,14527.0,3336.0,3370.7408248158054,6095.0,0.0,0.0,2017.500242414461,1353.2405824013447,1879.0,1457.0
2.0,17286.0,3339.0,3724.2072932969245,0.0,950.0,950.0,2713.766566012515,1010.4407272844097,1956.0,1383.0
2.0,13947.0,3722.0,4065.595603842528,0.0,6038.0,6038.0,3316.3552104764767,749.2403933660513,2683.0,1039.0
2.0,10225.0,4093.0,4109.73174650601,950.0,9357.0,9357.0,3274.771675645866,834.960070860144,3328.0,765.0
2.0,7082.0,4071.0,3760.2565549403153,6038.0,5992.0,5992.0,2583.677386304782,1176.579168635533,3230.0,841.0
2.0,9049.0,3693.0,3417.4138671848214,9357.0,0.0,0.0,1970.4699579490643,1446.9439092357568,2512.0,1181.0
2.0,14713.0,3323.0,3379.799667677689,5992.0,0.0,0.0,2023.7022056665787,1356.09746201111,1875.0,1448.0
2.0,17382.0,3365.0,3734.917296038645,0.0,923.0,923.0,2715.940201256605,1018.9770947820397,1975.0,1390.0
