id,inv,demand,forecast,received_shipment,order,Order_Supplier_0,Order_Supplier_1,Order_Supplier_2,Forecast_Retailer_0,Forecast_Retailer_1,Forecast_Retailer_2,Demand_Retailer_0,Demand_Retailer_1,Demand_Retailer_2,Inv_Product_0,Inv_Product_1,Inv_Product_2,Order_Product_0,Order_Product_1,Order_Product_2,Forecast_Product_0,Forecast_Product_1,Forecast_Product_2
0.0,0.0,675.0,675.0,0.0,2025.0,675.0,675.0,675.0,225.0,225.0,225.0,225.0,225.0,225.0,0.0,0.0,0.0,675.0,675.0,675.0,225.0,225.0,225.0
0.0,0.0,831.0,753.0,0.0,2259.0,753.0,753.0,753.0,251.0,251.0,251.0,277.0,277.0,277.0,0.0,0.0,0.0,753.0,753.0,753.0,251.0,251.0,251.0
0.0,0.0,933.0,813.0,4284.0,594.0,198.0,198.0,198.0,271.0,271.0,271.0,311.0,311.0,311.0,0.0,0.0,0.0,198.0,198.0,198.0,271.0,271.0,271.0
0.0,1845.0,810.0,813.0,594.0,810.0,270.0,270.0,270.0,271.0,271.0,271.0,270.0,270.0,270.0,615.0,615.0,615.0,270.0,270.0,270.0,271.0,271.0,271.0
0.0,1629.0,687.0,786.0,810.0,606.0,202.0,202.0,202.0,262.0,262.0,262.0,229.0,229.0,229.0,543.0,543.0,543.0,202.0,202.0,202.0,262.0,262.0,262.0
0.0,1752.0,483.0,738.0,606.0,339.0,113.0,113.0,113.0,246.0,246.0,246.0,161.0,161.0,161.0,584.0,584.0,584.0,113.0,113.0,113.0,246.0,246.0,246.0
0.0,1875.0,645.0,723.0,339.0,600.0,200.0,200.0,200.0,241.0,241.0,241.0,215.0,215.0,215.0,625.0,625.0,625.0,200.0,200.0,200.0,241.0,241.0,241.0
0.0,1569.0,738.0,726.0,600.0,747.0,249.0,249.0,249.0,242.0,242.0,242.0,246.0,246.0,246.0,523.0,523.0,523.0,249.0,249.0,249.0,242.0,242.0,242.0
0.0,1431.0,828.0,738.0,747.0,864.0,288.0,288.0,288.0,246.0,246.0,246.0,276.0,276.0,276.0,477.0,477.0,477.0,288.0,288.0,288.0,246.0,246.0,246.0
0.0,1350.0,756.0,738.0,864.0,756.0,252.0,252.0,252.0,246.0,246.0,246.0,252.0,252.0,252.0,450.0,450.0,450.0,252.0,252.0,252.0,246.0,246.0,246.0
0.0,1458.0,861.0,750.0,756.0,897.0,299.0,299.0,299.0,250.0,250.0,250.0,287.0,287.0,287.0,486.0,486.0,486.0,299.0,299.0,299.0,250.0,250.0,250.0
0.0,1353.0,627.0,738.0,897.0,591.0,197.0,197.0,197.0,246.0,246.0,246.0,209.0,209.0,209.0,451.0,451.0,451.0,197.0,197.0,197.0,246.0,246.0,246.0
0.0,1623.0,540.0,723.0,591.0,495.0,165.0,165.0,165.0,241.0,241.0,241.0,180.0,180.0,180.0,541.0,541.0,541.0,165.0,165.0,165.0,241.0,241.0,241.0
0.0,1674.0,537.0,711.0,495.0,501.0,167.0,167.0,167.0,237.0,237.0,237.0,179.0,179.0,179.0,558.0,558.0,558.0,167.0,167.0,167.0,237.0,237.0,237.0
0.0,1632.0,774.0,714.0,501.0,783.0,261.0,261.0,261.0,238.0,238.0,238.0,258.0,258.0,258.0,544.0,544.0,544.0,261.0,261.0,261.0,238.0,238.0,238.0
0.0,1359.0,702.0,714.0,783.0,702.0,234.0,234.0,234.0,238.0,238.0,238.0,234.0,234.0,234.0,453.0,453.0,453.0,234.0,234.0,234.0,238.0,238.0,238.0
0.0,1440.0,894.0,726.0,702.0,930.0,310.0,310.0,310.0,242.0,242.0,242.0,298.0,298.0,298.0,480.0,480.0,480.0,310.0,310.0,310.0,242.0,242.0,242.0
0.0,1248.0,780.0,729.0,930.0,789.0,263.0,263.0,263.0,243.0,243.0,243.0,260.0,260.0,260.0,416.0,416.0,416.0,263.0,263.0,263.0,243.0,243.0,243.0
0.0,1398.0,672.0,726.0,789.0,663.0,221.0,221.0,221.0,242.0,242.0,242.0,224.0,224.0,224.0,466.0,466.0,466.0,221.0,221.0,221.0,242.0,242.0,242.0
0.0,1515.0,531.0,714.0,663.0,495.0,165.0,165.0,165.0,238.0,238.0,238.0,177.0,177.0,177.0,505.0,505.0,505.0,165.0,165.0,165.0,238.0,238.0,238.0
0.0,1647.0,624.0,711.0,495.0,615.0,205.0,205.0,205.0,237.0,237.0,237.0,208.0,208.0,208.0,549.0,549.0,549.0,205.0,205.0,205.0,237.0,237.0,237.0
0.0,1518.0,666.0,708.0,615.0,657.0,219.0,219.0,219.0,236.0,236.0,236.0,222.0,222.0,222.0,506.0,506.0,506.0,219.0,219.0,219.0,236.0,236.0,236.0
0.0,1467.0,864.0,717.0,657.0,891.0,297.0,297.0,297.0,239.0,239.0,239.0,288.0,288.0,288.0,489.0,489.0,489.0,297.0,297.0,297.0,239.0,239.0,239.0
0.0,1260.0,789.0,720.0,891.0,798.0,266.0,266.0,266.0,240.0,240.0,240.0,263.0,263.0,263.0,420.0,420.0,420.0,266.0,266.0,266.0,240.0,240.0,240.0
0.0,1362.0,879.0,726.0,798.0,897.0,299.0,299.0,299.0,242.0,242.0,242.0,293.0,293.0,293.0,454.0,454.0,454.0,299.0,299.0,299.0,242.0,242.0,242.0
0.0,1281.0,628.0,720.0,897.0,610.0,203.0,203.0,204.0,240.0,240.0,240.0,209.0,209.0,210.0,427.0,427.0,427.0,203.0,203.0,204.0,240.0,240.0,240.0
0.0,1550.0,606.0,717.0,610.0,597.0,199.0,199.0,199.0,239.0,239.0,239.0,202.0,202.0,202.0,517.0,517.0,516.0,199.0,199.0,199.0,239.0,239.0,239.0
0.0,1554.0,708.0,717.0,597.0,708.0,236.0,236.0,236.0,239.0,239.0,239.0,236.0,236.0,236.0,518.0,518.0,518.0,236.0,236.0,236.0,239.0,239.0,239.0
0.0,1443.0,723.0,717.0,708.0,723.0,241.0,241.0,241.0,239.0,239.0,239.0,241.0,241.0,241.0,481.0,481.0,481.0,241.0,241.0,241.0,239.0,239.0,239.0
0.0,1428.0,835.0,720.0,723.0,844.0,281.0,281.0,282.0,240.0,240.0,240.0,278.0,278.0,279.0,476.0,476.0,476.0,281.0,281.0,282.0,240.0,240.0,240.0
0.0,1316.0,889.0,726.0,844.0,907.0,302.0,302.0,303.0,242.0,242.0,242.0,296.0,296.0,297.0,439.0,439.0,438.0,302.0,302.0,303.0,242.0,242.0,242.0
0.0,1271.0,804.0,729.0,907.0,813.0,271.0,271.0,271.0,243.0,243.0,243.0,268.0,268.0,268.0,424.0,424.0,423.0,271.0,271.0,271.0,243.0,243.0,243.0
0.0,1374.0,720.0,729.0,813.0,720.0,240.0,240.0,240.0,243.0,243.0,243.0,240.0,240.0,240.0,458.0,458.0,458.0,240.0,240.0,240.0,243.0,243.0,243.0
0.0,1467.0,696.0,727.0,720.0,690.0,229.0,229.0,232.0,242.0,242.0,243.0,232.0,232.0,232.0,489.0,489.0,489.0,229.0,229.0,232.0,242.0,242.0,243.0
0.0,1491.0,561.0,723.0,690.0,549.0,184.0,184.0,181.0,241.0,241.0,241.0,187.0,187.0,187.0,497.0,497.0,497.0,184.0,184.0,181.0,241.0,241.0,241.0
0.0,1620.0,846.0,726.0,549.0,855.0,285.0,285.0,285.0,242.0,242.0,242.0,282.0,282.0,282.0,539.0,539.0,542.0,285.0,285.0,285.0,242.0,242.0,242.0
0.0,1323.0,816.0,729.0,855.0,825.0,275.0,275.0,275.0,243.0,243.0,243.0,272.0,272.0,272.0,441.0,441.0,441.0,275.0,275.0,275.0,243.0,243.0,243.0
0.0,1362.0,852.0,732.0,825.0,861.0,287.0,287.0,287.0,244.0,244.0,244.0,284.0,284.0,284.0,454.0,454.0,454.0,287.0,287.0,287.0,244.0,244.0,244.0
0.0,1335.0,765.0,732.0,861.0,765.0,255.0,255.0,255.0,244.0,244.0,244.0,255.0,255.0,255.0,445.0,445.0,445.0,255.0,255.0,255.0,244.0,244.0,244.0
0.0,1431.0,831.0,735.0,765.0,840.0,280.0,280.0,280.0,245.0,245.0,245.0,277.0,277.0,277.0,477.0,477.0,477.0,280.0,280.0,280.0,245.0,245.0,245.0
0.0,1365.0,624.0,732.0,840.0,615.0,205.0,205.0,205.0,244.0,244.0,244.0,208.0,208.0,208.0,455.0,455.0,455.0,205.0,205.0,205.0,244.0,244.0,244.0
0.0,1581.0,666.0,732.0,615.0,666.0,222.0,222.0,222.0,244.0,244.0,244.0,222.0,222.0,222.0,527.0,527.0,527.0,222.0,222.0,222.0,244.0,244.0,244.0
0.0,1530.0,696.0,729.0,666.0,687.0,229.0,229.0,229.0,243.0,243.0,243.0,232.0,232.0,232.0,510.0,510.0,510.0,229.0,229.0,229.0,243.0,243.0,243.0
0.0,1500.0,837.0,732.0,687.0,846.0,282.0,282.0,282.0,244.0,244.0,244.0,279.0,279.0,279.0,500.0,500.0,500.0,282.0,282.0,282.0,244.0,244.0,244.0
0.0,1350.0,907.0,736.0,846.0,919.0,305.0,305.0,309.0,245.0,245.0,246.0,302.0,302.0,303.0,450.0,450.0,450.0,305.0,305.0,309.0,245.0,245.0,246.0
0.0,1289.0,810.0,738.0,919.0,816.0,273.0,273.0,270.0,246.0,246.0,246.0,270.0,270.0,270.0,430.0,430.0,429.0,273.0,273.0,270.0,246.0,246.0,246.0
0.0,1398.0,648.0,735.0,816.0,639.0,213.0,213.0,213.0,245.0,245.0,245.0,216.0,216.0,216.0,465.0,465.0,468.0,213.0,213.0,213.0,245.0,245.0,245.0
0.0,1566.0,666.0,735.0,639.0,666.0,222.0,222.0,222.0,245.0,245.0,245.0,222.0,222.0,222.0,522.0,522.0,522.0,222.0,222.0,222.0,245.0,245.0,245.0
0.0,1539.0,609.0,732.0,666.0,600.0,200.0,200.0,200.0,244.0,244.0,244.0,203.0,203.0,203.0,513.0,513.0,513.0,200.0,200.0,200.0,244.0,244.0,244.0
0.0,1596.0,744.0,732.0,600.0,744.0,248.0,248.0,248.0,244.0,244.0,244.0,248.0,248.0,248.0,532.0,532.0,532.0,248.0,248.0,248.0,244.0,244.0,244.0
0.0,1452.0,951.0,736.0,744.0,963.0,320.0,320.0,323.0,245.0,245.0,246.0,317.0,317.0,317.0,484.0,484.0,484.0,320.0,320.0,323.0,245.0,245.0,246.0
0.0,1245.0,1035.0,741.0,963.0,1050.0,351.0,351.0,348.0,247.0,247.0,247.0,345.0,345.0,345.0,415.0,415.0,415.0,351.0,351.0,348.0,247.0,247.0,247.0
0.0,1173.0,982.0,747.0,1050.0,1000.0,333.0,333.0,334.0,249.0,249.0,249.0,327.0,327.0,328.0,390.0,390.0,393.0,333.0,333.0,334.0,249.0,249.0,249.0
0.0,1241.0,708.0,747.0,1000.0,708.0,236.0,236.0,236.0,249.0,249.0,249.0,236.0,236.0,236.0,414.0,414.0,413.0,236.0,236.0,236.0,249.0,249.0,249.0
0.0,1533.0,654.0,741.0,708.0,636.0,212.0,212.0,212.0,247.0,247.0,247.0,218.0,218.0,218.0,511.0,511.0,511.0,212.0,212.0,212.0,247.0,247.0,247.0
0.0,1587.0,768.0,741.0,636.0,768.0,256.0,256.0,256.0,247.0,247.0,247.0,256.0,256.0,256.0,529.0,529.0,529.0,256.0,256.0,256.0,247.0,247.0,247.0
0.0,1455.0,759.0,741.0,768.0,759.0,253.0,253.0,253.0,247.0,247.0,247.0,253.0,253.0,253.0,485.0,485.0,485.0,253.0,253.0,253.0,247.0,247.0,247.0
0.0,1464.0,795.0,747.0,759.0,813.0,271.0,271.0,271.0,249.0,249.0,249.0,265.0,265.0,265.0,488.0,488.0,488.0,271.0,271.0,271.0,249.0,249.0,249.0
0.0,1428.0,1053.0,756.0,813.0,1080.0,360.0,360.0,360.0,252.0,252.0,252.0,351.0,351.0,351.0,476.0,476.0,476.0,360.0,360.0,360.0,252.0,252.0,252.0
0.0,1188.0,813.0,756.0,1080.0,813.0,271.0,271.0,271.0,252.0,252.0,252.0,271.0,271.0,271.0,396.0,396.0,396.0,271.0,271.0,271.0,252.0,252.0,252.0
0.0,1455.0,852.0,756.0,813.0,852.0,284.0,284.0,284.0,252.0,252.0,252.0,284.0,284.0,284.0,485.0,485.0,485.0,284.0,284.0,284.0,252.0,252.0,252.0
0.0,1416.0,492.0,753.0,852.0,483.0,161.0,161.0,161.0,251.0,251.0,251.0,164.0,164.0,164.0,472.0,472.0,472.0,161.0,161.0,161.0,251.0,251.0,251.0
0.0,1776.0,567.0,747.0,483.0,549.0,183.0,183.0,183.0,249.0,249.0,249.0,189.0,189.0,189.0,592.0,592.0,592.0,183.0,183.0,183.0,249.0,249.0,249.0
0.0,1692.0,801.0,750.0,549.0,810.0,270.0,270.0,270.0,250.0,250.0,250.0,267.0,267.0,267.0,564.0,564.0,564.0,270.0,270.0,270.0,250.0,250.0,250.0
0.0,1440.0,822.0,756.0,810.0,840.0,280.0,280.0,280.0,252.0,252.0,252.0,274.0,274.0,274.0,480.0,480.0,480.0,280.0,280.0,280.0,252.0,252.0,252.0
0.0,1428.0,817.0,759.0,840.0,826.0,275.0,275.0,276.0,253.0,253.0,253.0,272.0,272.0,273.0,476.0,476.0,476.0,275.0,275.0,276.0,253.0,253.0,253.0
0.0,1451.0,922.0,762.0,826.0,931.0,310.0,310.0,311.0,254.0,254.0,254.0,307.0,307.0,308.0,484.0,484.0,483.0,310.0,310.0,311.0,254.0,254.0,254.0
0.0,1355.0,630.0,762.0,931.0,630.0,210.0,210.0,210.0,254.0,254.0,254.0,210.0,210.0,210.0,452.0,452.0,451.0,210.0,210.0,210.0,254.0,254.0,254.0
0.0,1656.0,555.0,756.0,630.0,537.0,179.0,179.0,179.0,252.0,252.0,252.0,185.0,185.0,185.0,552.0,552.0,552.0,179.0,179.0,179.0,252.0,252.0,252.0
0.0,1731.0,775.0,756.0,537.0,775.0,258.0,258.0,259.0,252.0,252.0,252.0,258.0,258.0,259.0,577.0,577.0,577.0,258.0,258.0,259.0,252.0,252.0,252.0
0.0,1493.0,762.0,756.0,775.0,762.0,254.0,254.0,254.0,252.0,252.0,252.0,254.0,254.0,254.0,498.0,498.0,497.0,254.0,254.0,254.0,252.0,252.0,252.0
0.0,1506.0,1008.0,765.0,762.0,1035.0,345.0,345.0,345.0,255.0,255.0,255.0,336.0,336.0,336.0,502.0,502.0,502.0,345.0,345.0,345.0,255.0,255.0,255.0
0.0,1260.0,915.0,771.0,1035.0,933.0,311.0,311.0,311.0,257.0,257.0,257.0,305.0,305.0,305.0,420.0,420.0,420.0,311.0,311.0,311.0,257.0,257.0,257.0
0.0,1380.0,810.0,774.0,933.0,819.0,273.0,273.0,273.0,258.0,258.0,258.0,270.0,270.0,270.0,460.0,460.0,460.0,273.0,273.0,273.0,258.0,258.0,258.0
0.0,1503.0,672.0,771.0,819.0,663.0,221.0,221.0,221.0,257.0,257.0,257.0,224.0,224.0,224.0,501.0,501.0,501.0,221.0,221.0,221.0,257.0,257.0,257.0
0.0,1650.0,621.0,768.0,663.0,612.0,204.0,204.0,204.0,256.0,256.0,256.0,207.0,207.0,207.0,550.0,550.0,550.0,204.0,204.0,204.0,256.0,256.0,256.0
0.0,1692.0,693.0,765.0,612.0,684.0,228.0,228.0,228.0,255.0,255.0,255.0,231.0,231.0,231.0,564.0,564.0,564.0,228.0,228.0,228.0,255.0,255.0,255.0
0.0,1611.0,709.0,765.0,684.0,709.0,236.0,236.0,237.0,255.0,255.0,255.0,236.0,236.0,237.0,537.0,537.0,537.0,236.0,236.0,237.0,255.0,255.0,255.0
0.0,1586.0,939.0,771.0,709.0,957.0,319.0,319.0,319.0,257.0,257.0,257.0,313.0,313.0,313.0,529.0,529.0,528.0,319.0,319.0,319.0,257.0,257.0,257.0
0.0,1356.0,912.0,777.0,957.0,930.0,310.0,310.0,310.0,259.0,259.0,259.0,304.0,304.0,304.0,452.0,452.0,452.0,310.0,310.0,310.0,259.0,259.0,259.0
0.0,1401.0,804.0,777.0,930.0,804.0,268.0,268.0,268.0,259.0,259.0,259.0,268.0,268.0,268.0,467.0,467.0,467.0,268.0,268.0,268.0,259.0,259.0,259.0
0.0,1527.0,780.0,777.0,804.0,780.0,260.0,260.0,260.0,259.0,259.0,259.0,260.0,260.0,260.0,509.0,509.0,509.0,260.0,260.0,260.0,259.0,259.0,259.0
0.0,1551.0,705.0,774.0,780.0,696.0,232.0,232.0,232.0,258.0,258.0,258.0,235.0,235.0,235.0,517.0,517.0,517.0,232.0,232.0,232.0,258.0,258.0,258.0
0.0,1626.0,879.0,774.0,696.0,879.0,293.0,293.0,293.0,258.0,258.0,258.0,293.0,293.0,293.0,542.0,542.0,542.0,293.0,293.0,293.0,258.0,258.0,258.0
0.0,1443.0,795.0,775.0,879.0,798.0,265.0,265.0,268.0,258.0,258.0,259.0,265.0,265.0,265.0,481.0,481.0,481.0,265.0,265.0,268.0,258.0,258.0,259.0
0.0,1527.0,969.0,780.0,798.0,984.0,329.0,329.0,326.0,260.0,260.0,260.0,323.0,323.0,323.0,509.0,509.0,509.0,329.0,329.0,326.0,260.0,260.0,260.0
0.0,1356.0,921.0,789.0,984.0,948.0,316.0,316.0,316.0,263.0,263.0,263.0,307.0,307.0,307.0,451.0,451.0,454.0,316.0,316.0,316.0,263.0,263.0,263.0
0.0,1419.0,753.0,786.0,948.0,744.0,248.0,248.0,248.0,262.0,262.0,262.0,251.0,251.0,251.0,473.0,473.0,473.0,248.0,248.0,248.0,262.0,262.0,262.0
0.0,1614.0,645.0,783.0,744.0,636.0,212.0,212.0,212.0,261.0,261.0,261.0,215.0,215.0,215.0,538.0,538.0,538.0,212.0,212.0,212.0,261.0,261.0,261.0
0.0,1713.0,732.0,780.0,636.0,723.0,241.0,241.0,241.0,260.0,260.0,260.0,244.0,244.0,244.0,571.0,571.0,571.0,241.0,241.0,241.0,260.0,260.0,260.0
0.0,1617.0,693.0,780.0,723.0,693.0,231.0,231.0,231.0,260.0,260.0,260.0,231.0,231.0,231.0,539.0,539.0,539.0,231.0,231.0,231.0,260.0,260.0,260.0
0.0,1647.0,933.0,780.0,693.0,933.0,311.0,311.0,311.0,260.0,260.0,260.0,311.0,311.0,311.0,549.0,549.0,549.0,311.0,311.0,311.0,260.0,260.0,260.0
0.0,1407.0,1020.0,789.0,933.0,1047.0,349.0,349.0,349.0,263.0,263.0,263.0,340.0,340.0,340.0,469.0,469.0,469.0,349.0,349.0,349.0,263.0,263.0,263.0
0.0,1320.0,918.0,793.0,1047.0,930.0,309.0,309.0,312.0,264.0,264.0,265.0,306.0,306.0,306.0,440.0,440.0,440.0,309.0,309.0,312.0,264.0,264.0,265.0
0.0,1449.0,939.0,798.0,930.0,954.0,319.0,319.0,316.0,266.0,266.0,266.0,313.0,313.0,313.0,483.0,483.0,483.0,319.0,319.0,316.0,266.0,266.0,266.0
0.0,1440.0,855.0,798.0,954.0,855.0,285.0,285.0,285.0,266.0,266.0,266.0,285.0,285.0,285.0,479.0,479.0,482.0,285.0,285.0,285.0,266.0,266.0,266.0
0.0,1539.0,741.0,795.0,855.0,732.0,244.0,244.0,244.0,265.0,265.0,265.0,247.0,247.0,247.0,513.0,513.0,513.0,244.0,244.0,244.0,265.0,265.0,265.0
0.0,1653.0,657.0,792.0,732.0,648.0,216.0,216.0,216.0,264.0,264.0,264.0,219.0,219.0,219.0,551.0,551.0,551.0,216.0,216.0,216.0,264.0,264.0,264.0
0.0,1728.0,843.0,795.0,648.0,852.0,284.0,284.0,284.0,265.0,265.0,265.0,281.0,281.0,281.0,576.0,576.0,576.0,284.0,284.0,284.0,265.0,265.0,265.0
0.0,1533.0,930.0,801.0,852.0,948.0,316.0,316.0,316.0,267.0,267.0,267.0,310.0,310.0,310.0,511.0,511.0,511.0,316.0,316.0,316.0,267.0,267.0,267.0
0.0,1455.0,1083.0,810.0,948.0,1110.0,370.0,370.0,370.0,270.0,270.0,270.0,361.0,361.0,361.0,485.0,485.0,485.0,370.0,370.0,370.0,270.0,270.0,270.0
0.0,1320.0,852.0,813.0,1110.0,861.0,287.0,287.0,287.0,271.0,271.0,271.0,284.0,284.0,284.0,440.0,440.0,440.0,287.0,287.0,287.0,271.0,271.0,271.0
0.0,1578.0,738.0,807.0,861.0,720.0,240.0,240.0,240.0,269.0,269.0,269.0,246.0,246.0,246.0,526.0,526.0,526.0,240.0,240.0,240.0,269.0,269.0,269.0
0.0,1701.0,684.0,801.0,720.0,666.0,222.0,222.0,222.0,267.0,267.0,267.0,228.0,228.0,228.0,567.0,567.0,567.0,222.0,222.0,222.0,267.0,267.0,267.0
0.0,1737.0,837.0,798.0,666.0,828.0,276.0,276.0,276.0,266.0,266.0,266.0,279.0,279.0,279.0,579.0,579.0,579.0,276.0,276.0,276.0,266.0,266.0,266.0
0.0,1566.0,786.0,801.0,828.0,795.0,265.0,265.0,265.0,267.0,267.0,267.0,262.0,262.0,262.0,522.0,522.0,522.0,265.0,265.0,265.0,267.0,267.0,267.0
0.0,1608.0,828.0,804.0,795.0,837.0,279.0,279.0,279.0,268.0,268.0,268.0,276.0,276.0,276.0,536.0,536.0,536.0,279.0,279.0,279.0,268.0,268.0,268.0
0.0,1575.0,939.0,807.0,837.0,948.0,316.0,316.0,316.0,269.0,269.0,269.0,313.0,313.0,313.0,525.0,525.0,525.0,316.0,316.0,316.0,269.0,269.0,269.0
0.0,1473.0,876.0,810.0,948.0,885.0,295.0,295.0,295.0,270.0,270.0,270.0,292.0,292.0,292.0,491.0,491.0,491.0,295.0,295.0,295.0,270.0,270.0,270.0
0.0,1545.0,945.0,813.0,885.0,954.0,318.0,318.0,318.0,271.0,271.0,271.0,315.0,315.0,315.0,515.0,515.0,515.0,318.0,318.0,318.0,271.0,271.0,271.0
0.0,1485.0,771.0,807.0,954.0,753.0,251.0,251.0,251.0,269.0,269.0,269.0,257.0,257.0,257.0,495.0,495.0,495.0,251.0,251.0,251.0,269.0,269.0,269.0
0.0,1668.0,735.0,804.0,753.0,726.0,242.0,242.0,242.0,268.0,268.0,268.0,245.0,245.0,245.0,556.0,556.0,556.0,242.0,242.0,242.0,268.0,268.0,268.0
0.0,1686.0,915.0,807.0,726.0,924.0,308.0,308.0,308.0,269.0,269.0,269.0,305.0,305.0,305.0,562.0,562.0,562.0,308.0,308.0,308.0,269.0,269.0,269.0
0.0,1497.0,1023.0,816.0,924.0,1050.0,350.0,350.0,350.0,272.0,272.0,272.0,341.0,341.0,341.0,499.0,499.0,499.0,350.0,350.0,350.0,272.0,272.0,272.0
0.0,1398.0,1036.0,825.0,1050.0,1063.0,354.0,354.0,355.0,275.0,275.0,275.0,345.0,345.0,346.0,466.0,466.0,466.0,354.0,354.0,355.0,275.0,275.0,275.0
0.0,1412.0,990.0,828.0,1063.0,999.0,333.0,333.0,333.0,276.0,276.0,276.0,330.0,330.0,330.0,471.0,471.0,470.0,333.0,333.0,333.0,276.0,276.0,276.0
0.0,1485.0,789.0,828.0,999.0,789.0,263.0,263.0,263.0,276.0,276.0,276.0,263.0,263.0,263.0,495.0,495.0,495.0,263.0,263.0,263.0,276.0,276.0,276.0
0.0,1695.0,633.0,825.0,789.0,624.0,208.0,208.0,208.0,275.0,275.0,275.0,211.0,211.0,211.0,565.0,565.0,565.0,208.0,208.0,208.0,275.0,275.0,275.0
0.0,1851.0,786.0,822.0,624.0,777.0,259.0,259.0,259.0,274.0,274.0,274.0,262.0,262.0,262.0,617.0,617.0,617.0,259.0,259.0,259.0,274.0,274.0,274.0
0.0,1689.0,810.0,825.0,777.0,819.0,273.0,273.0,273.0,275.0,275.0,275.0,270.0,270.0,270.0,563.0,563.0,563.0,273.0,273.0,273.0,275.0,275.0,275.0
0.0,1656.0,963.0,834.0,819.0,990.0,330.0,330.0,330.0,278.0,278.0,278.0,321.0,321.0,321.0,552.0,552.0,552.0,330.0,330.0,330.0,278.0,278.0,278.0
0.0,1512.0,1002.0,837.0,990.0,1011.0,337.0,337.0,337.0,279.0,279.0,279.0,334.0,334.0,334.0,504.0,504.0,504.0,337.0,337.0,337.0,279.0,279.0,279.0
0.0,1500.0,954.0,843.0,1011.0,972.0,324.0,324.0,324.0,281.0,281.0,281.0,318.0,318.0,318.0,500.0,500.0,500.0,324.0,324.0,324.0,281.0,281.0,281.0
0.0,1557.0,987.0,840.0,972.0,978.0,326.0,326.0,326.0,280.0,280.0,280.0,329.0,329.0,329.0,519.0,519.0,519.0,326.0,326.0,326.0,280.0,280.0,280.0
0.0,1542.0,726.0,837.0,978.0,717.0,239.0,239.0,239.0,279.0,279.0,279.0,242.0,242.0,242.0,514.0,514.0,514.0,239.0,239.0,239.0,279.0,279.0,279.0
0.0,1794.0,786.0,837.0,717.0,786.0,262.0,262.0,262.0,279.0,279.0,279.0,262.0,262.0,262.0,598.0,598.0,598.0,262.0,262.0,262.0,279.0,279.0,279.0
0.0,1725.0,849.0,840.0,786.0,858.0,286.0,286.0,286.0,280.0,280.0,280.0,283.0,283.0,283.0,575.0,575.0,575.0,286.0,286.0,286.0,280.0,280.0,280.0
0.0,1662.0,990.0,849.0,858.0,1017.0,339.0,339.0,339.0,283.0,283.0,283.0,330.0,330.0,330.0,554.0,554.0,554.0,339.0,339.0,339.0,283.0,283.0,283.0
0.0,1530.0,1048.0,855.0,1017.0,1066.0,355.0,355.0,356.0,285.0,285.0,285.0,349.0,349.0,350.0,510.0,510.0,510.0,355.0,355.0,356.0,285.0,285.0,285.0
0.0,1499.0,987.0,861.0,1066.0,1005.0,335.0,335.0,335.0,287.0,287.0,287.0,329.0,329.0,329.0,500.0,500.0,499.0,335.0,335.0,335.0,287.0,287.0,287.0
0.0,1578.0,747.0,855.0,1005.0,729.0,243.0,243.0,243.0,285.0,285.0,285.0,249.0,249.0,249.0,526.0,526.0,526.0,243.0,243.0,243.0,285.0,285.0,285.0
0.0,1836.0,708.0,852.0,729.0,699.0,233.0,233.0,233.0,284.0,284.0,284.0,236.0,236.0,236.0,612.0,612.0,612.0,233.0,233.0,233.0,284.0,284.0,284.0
0.0,1857.0,843.0,852.0,699.0,843.0,281.0,281.0,281.0,284.0,284.0,284.0,281.0,281.0,281.0,619.0,619.0,619.0,281.0,281.0,281.0,284.0,284.0,284.0
0.0,1713.0,939.0,855.0,843.0,948.0,316.0,316.0,316.0,285.0,285.0,285.0,313.0,313.0,313.0,571.0,571.0,571.0,316.0,316.0,316.0,285.0,285.0,285.0
0.0,1617.0,1002.0,861.0,948.0,1020.0,340.0,340.0,340.0,287.0,287.0,287.0,334.0,334.0,334.0,539.0,539.0,539.0,340.0,340.0,340.0,287.0,287.0,287.0
0.0,1563.0,1056.0,864.0,1020.0,1065.0,355.0,355.0,355.0,288.0,288.0,288.0,352.0,352.0,352.0,521.0,521.0,521.0,355.0,355.0,355.0,288.0,288.0,288.0
0.0,1527.0,1003.0,870.0,1065.0,1021.0,340.0,340.0,341.0,290.0,290.0,290.0,334.0,334.0,335.0,509.0,509.0,509.0,340.0,340.0,341.0,290.0,290.0,290.0
0.0,1589.0,933.0,868.0,1021.0,927.0,308.0,308.0,311.0,289.0,289.0,290.0,311.0,311.0,311.0,530.0,530.0,529.0,308.0,308.0,311.0,289.0,289.0,290.0
0.0,1677.0,678.0,864.0,927.0,666.0,223.0,223.0,220.0,288.0,288.0,288.0,226.0,226.0,226.0,559.0,559.0,559.0,223.0,223.0,220.0,288.0,288.0,288.0
0.0,1926.0,768.0,864.0,666.0,768.0,256.0,256.0,256.0,288.0,288.0,288.0,256.0,256.0,256.0,641.0,641.0,644.0,256.0,256.0,256.0,288.0,288.0,288.0
0.0,1824.0,960.0,870.0,768.0,978.0,326.0,326.0,326.0,290.0,290.0,290.0,320.0,320.0,320.0,608.0,608.0,608.0,326.0,326.0,326.0,290.0,290.0,290.0
0.0,1632.0,1032.0,876.0,978.0,1050.0,350.0,350.0,350.0,292.0,292.0,292.0,344.0,344.0,344.0,544.0,544.0,544.0,350.0,350.0,350.0,292.0,292.0,292.0
0.0,1578.0,981.0,882.0,1050.0,999.0,333.0,333.0,333.0,294.0,294.0,294.0,327.0,327.0,327.0,526.0,526.0,526.0,333.0,333.0,333.0,294.0,294.0,294.0
0.0,1647.0,898.0,882.0,999.0,898.0,299.0,299.0,300.0,294.0,294.0,294.0,299.0,299.0,300.0,549.0,549.0,549.0,299.0,299.0,300.0,294.0,294.0,294.0
0.0,1748.0,768.0,876.0,898.0,750.0,250.0,250.0,250.0,292.0,292.0,292.0,256.0,256.0,256.0,583.0,583.0,582.0,250.0,250.0,250.0,292.0,292.0,292.0
0.0,1878.0,735.0,873.0,750.0,726.0,242.0,242.0,242.0,291.0,291.0,291.0,245.0,245.0,245.0,626.0,626.0,626.0,242.0,242.0,242.0,291.0,291.0,291.0
0.0,1893.0,723.0,867.0,726.0,705.0,235.0,235.0,235.0,289.0,289.0,289.0,241.0,241.0,241.0,631.0,631.0,631.0,235.0,235.0,235.0,289.0,289.0,289.0
0.0,1896.0,949.0,870.0,705.0,958.0,319.0,319.0,320.0,290.0,290.0,290.0,316.0,316.0,317.0,632.0,632.0,632.0,319.0,319.0,320.0,290.0,290.0,290.0
0.0,1652.0,939.0,873.0,958.0,948.0,316.0,316.0,316.0,291.0,291.0,291.0,313.0,313.0,313.0,551.0,551.0,550.0,316.0,316.0,316.0,291.0,291.0,291.0
0.0,1671.0,1107.0,882.0,948.0,1134.0,378.0,378.0,378.0,294.0,294.0,294.0,369.0,369.0,369.0,557.0,557.0,557.0,378.0,378.0,378.0,294.0,294.0,294.0
0.0,1512.0,978.0,885.0,1134.0,987.0,329.0,329.0,329.0,295.0,295.0,295.0,326.0,326.0,326.0,504.0,504.0,504.0,329.0,329.0,329.0,295.0,295.0,295.0
0.0,1668.0,891.0,885.0,987.0,891.0,297.0,297.0,297.0,295.0,295.0,295.0,297.0,297.0,297.0,556.0,556.0,556.0,297.0,297.0,297.0,295.0,295.0,295.0
0.0,1764.0,735.0,879.0,891.0,717.0,239.0,239.0,239.0,293.0,293.0,293.0,245.0,245.0,245.0,588.0,588.0,588.0,239.0,239.0,239.0,293.0,293.0,293.0
0.0,1920.0,795.0,876.0,717.0,786.0,262.0,262.0,262.0,292.0,292.0,292.0,265.0,265.0,265.0,640.0,640.0,640.0,262.0,262.0,262.0,292.0,292.0,292.0
0.0,1842.0,985.0,882.0,786.0,1003.0,334.0,334.0,335.0,294.0,294.0,294.0,328.0,328.0,329.0,614.0,614.0,614.0,334.0,334.0,335.0,294.0,294.0,294.0
0.0,1643.0,1017.0,888.0,1003.0,1035.0,345.0,345.0,345.0,296.0,296.0,296.0,339.0,339.0,339.0,548.0,548.0,547.0,345.0,345.0,345.0,296.0,296.0,296.0
0.0,1629.0,1020.0,891.0,1035.0,1029.0,343.0,343.0,343.0,297.0,297.0,297.0,340.0,340.0,340.0,543.0,543.0,543.0,343.0,343.0,343.0,297.0,297.0,297.0
0.0,1644.0,882.0,894.0,1029.0,891.0,297.0,297.0,297.0,298.0,298.0,298.0,294.0,294.0,294.0,548.0,548.0,548.0,297.0,297.0,297.0,298.0,298.0,298.0
0.0,1791.0,792.0,892.0,891.0,786.0,261.0,261.0,264.0,297.0,297.0,298.0,264.0,264.0,264.0,597.0,597.0,597.0,261.0,261.0,264.0,297.0,297.0,298.0
0.0,1890.0,795.0,889.0,786.0,786.0,262.0,262.0,262.0,296.0,296.0,297.0,265.0,265.0,265.0,630.0,630.0,630.0,262.0,262.0,262.0,296.0,296.0,297.0
0.0,1881.0,699.0,885.0,786.0,687.0,230.0,230.0,227.0,295.0,295.0,295.0,233.0,233.0,233.0,626.0,626.0,629.0,230.0,230.0,227.0,295.0,295.0,295.0
0.0,1968.0,901.0,885.0,687.0,901.0,300.0,300.0,301.0,295.0,295.0,295.0,300.0,300.0,301.0,655.0,655.0,658.0,300.0,300.0,301.0,295.0,295.0,295.0
0.0,1754.0,876.0,888.0,901.0,885.0,295.0,295.0,295.0,296.0,296.0,296.0,292.0,292.0,292.0,585.0,585.0,584.0,295.0,295.0,295.0,296.0,296.0,296.0
0.0,1779.0,1125.0,894.0,885.0,1143.0,381.0,381.0,381.0,298.0,298.0,298.0,375.0,375.0,375.0,593.0,593.0,593.0,381.0,381.0,381.0,298.0,298.0,298.0
0.0,1539.0,1092.0,898.0,1143.0,1104.0,367.0,367.0,370.0,299.0,299.0,300.0,364.0,364.0,364.0,513.0,513.0,513.0,367.0,367.0,370.0,299.0,299.0,300.0
0.0,1590.0,792.0,894.0,1104.0,780.0,261.0,261.0,258.0,298.0,298.0,298.0,264.0,264.0,264.0,530.0,530.0,530.0,261.0,261.0,258.0,298.0,298.0,298.0
0.0,1902.0,831.0,891.0,780.0,822.0,274.0,274.0,274.0,297.0,297.0,297.0,277.0,277.0,277.0,633.0,633.0,636.0,274.0,274.0,274.0,297.0,297.0,297.0
0.0,1851.0,660.0,883.0,822.0,636.0,211.0,211.0,214.0,294.0,294.0,295.0,220.0,220.0,220.0,617.0,617.0,617.0,211.0,211.0,214.0,294.0,294.0,295.0
0.0,2013.0,951.0,888.0,636.0,966.0,323.0,323.0,320.0,296.0,296.0,296.0,317.0,317.0,317.0,671.0,671.0,671.0,323.0,323.0,320.0,296.0,296.0,296.0
0.0,1698.0,1035.0,894.0,966.0,1053.0,351.0,351.0,351.0,298.0,298.0,298.0,345.0,345.0,345.0,565.0,565.0,568.0,351.0,351.0,351.0,298.0,298.0,298.0
0.0,1629.0,1162.0,901.0,1053.0,1183.0,393.0,393.0,397.0,300.0,300.0,301.0,387.0,387.0,388.0,543.0,543.0,543.0,393.0,393.0,397.0,300.0,300.0,301.0
0.0,1520.0,948.0,904.0,1183.0,957.0,319.0,319.0,319.0,301.0,301.0,302.0,316.0,316.0,316.0,507.0,507.0,506.0,319.0,319.0,319.0,301.0,301.0,302.0
0.0,1755.0,885.0,903.0,957.0,882.0,295.0,295.0,292.0,301.0,301.0,301.0,295.0,295.0,295.0,584.0,584.0,587.0,295.0,295.0,292.0,301.0,301.0,301.0
0.0,1827.0,846.0,900.0,882.0,837.0,279.0,279.0,279.0,300.0,300.0,300.0,282.0,282.0,282.0,608.0,608.0,611.0,279.0,279.0,279.0,300.0,300.0,300.0
0.0,1863.0,864.0,897.0,837.0,855.0,285.0,285.0,285.0,299.0,299.0,299.0,288.0,288.0,288.0,621.0,621.0,621.0,285.0,285.0,285.0,299.0,299.0,299.0
0.0,1836.0,891.0,897.0,855.0,891.0,297.0,297.0,297.0,299.0,299.0,299.0,297.0,297.0,297.0,612.0,612.0,612.0,297.0,297.0,297.0,299.0,299.0,299.0
0.0,1800.0,1122.0,903.0,891.0,1140.0,380.0,380.0,380.0,301.0,301.0,301.0,374.0,374.0,374.0,600.0,600.0,600.0,380.0,380.0,380.0,301.0,301.0,301.0
0.0,1569.0,1018.0,909.0,1140.0,1036.0,345.0,345.0,346.0,303.0,303.0,303.0,339.0,339.0,340.0,523.0,523.0,523.0,345.0,345.0,346.0,303.0,303.0,303.0
0.0,1691.0,1122.0,913.0,1036.0,1134.0,377.0,377.0,380.0,304.0,304.0,305.0,374.0,374.0,374.0,564.0,564.0,563.0,377.0,377.0,380.0,304.0,304.0,305.0
0.0,1605.0,882.0,912.0,1134.0,879.0,294.0,294.0,291.0,304.0,304.0,304.0,294.0,294.0,294.0,535.0,535.0,535.0,294.0,294.0,291.0,304.0,304.0,304.0
0.0,1857.0,771.0,906.0,879.0,753.0,251.0,251.0,251.0,302.0,302.0,302.0,257.0,257.0,257.0,618.0,618.0,621.0,251.0,251.0,251.0,302.0,302.0,302.0
0.0,1965.0,774.0,903.0,753.0,765.0,255.0,255.0,255.0,301.0,301.0,301.0,258.0,258.0,258.0,655.0,655.0,655.0,255.0,255.0,255.0,301.0,301.0,301.0
0.0,1944.0,1032.0,907.0,765.0,1044.0,347.0,347.0,350.0,302.0,302.0,303.0,344.0,344.0,344.0,648.0,648.0,648.0,347.0,347.0,350.0,302.0,302.0,303.0
0.0,1677.0,1101.0,915.0,1044.0,1125.0,376.0,376.0,373.0,305.0,305.0,305.0,367.0,367.0,367.0,559.0,559.0,559.0,376.0,376.0,373.0,305.0,305.0,305.0
0.0,1620.0,1074.0,919.0,1125.0,1086.0,361.0,361.0,364.0,306.0,306.0,307.0,358.0,358.0,358.0,539.0,539.0,542.0,361.0,361.0,364.0,306.0,306.0,307.0
0.0,1671.0,978.0,921.0,1086.0,984.0,329.0,329.0,326.0,307.0,307.0,307.0,326.0,326.0,326.0,557.0,557.0,557.0,329.0,329.0,326.0,307.0,307.0,307.0
0.0,1779.0,897.0,918.0,984.0,888.0,296.0,296.0,296.0,306.0,306.0,306.0,299.0,299.0,299.0,592.0,592.0,595.0,296.0,296.0,296.0,306.0,306.0,306.0
0.0,1866.0,840.0,915.0,888.0,831.0,277.0,277.0,277.0,305.0,305.0,305.0,280.0,280.0,280.0,622.0,622.0,622.0,277.0,277.0,277.0,305.0,305.0,305.0
0.0,1914.0,879.0,912.0,831.0,870.0,290.0,290.0,290.0,304.0,304.0,304.0,293.0,293.0,293.0,638.0,638.0,638.0,290.0,290.0,290.0,304.0,304.0,304.0
0.0,1866.0,945.0,912.0,870.0,945.0,315.0,315.0,315.0,304.0,304.0,304.0,315.0,315.0,315.0,622.0,622.0,622.0,315.0,315.0,315.0,304.0,304.0,304.0
0.0,1791.0,1075.0,919.0,945.0,1096.0,364.0,364.0,368.0,306.0,306.0,307.0,358.0,358.0,359.0,597.0,597.0,597.0,364.0,364.0,368.0,306.0,306.0,307.0
0.0,1661.0,1167.0,927.0,1096.0,1191.0,398.0,398.0,395.0,309.0,309.0,309.0,389.0,389.0,389.0,554.0,554.0,553.0,398.0,398.0,395.0,309.0,309.0,309.0
0.0,1590.0,975.0,927.0,1191.0,975.0,325.0,325.0,325.0,309.0,309.0,309.0,325.0,325.0,325.0,529.0,529.0,532.0,325.0,325.0,325.0,309.0,309.0,309.0
0.0,1806.0,924.0,925.0,975.0,918.0,305.0,305.0,308.0,308.0,308.0,309.0,308.0,308.0,308.0,602.0,602.0,602.0,305.0,305.0,308.0,308.0,308.0,309.0
0.0,1857.0,819.0,922.0,918.0,810.0,270.0,270.0,270.0,307.0,307.0,308.0,273.0,273.0,273.0,619.0,619.0,619.0,270.0,270.0,270.0,307.0,307.0,308.0
0.0,1956.0,870.0,921.0,810.0,867.0,290.0,290.0,287.0,307.0,307.0,307.0,290.0,290.0,290.0,651.0,651.0,654.0,290.0,290.0,287.0,307.0,307.0,307.0
0.0,1896.0,939.0,924.0,867.0,948.0,316.0,316.0,316.0,308.0,308.0,308.0,313.0,313.0,313.0,631.0,631.0,634.0,316.0,316.0,316.0,308.0,308.0,308.0
0.0,1824.0,1095.0,933.0,948.0,1122.0,374.0,374.0,374.0,311.0,311.0,311.0,365.0,365.0,365.0,608.0,608.0,608.0,374.0,374.0,374.0,311.0,311.0,311.0
0.0,1677.0,1155.0,940.0,1122.0,1176.0,391.0,391.0,394.0,313.0,313.0,314.0,385.0,385.0,385.0,559.0,559.0,559.0,391.0,391.0,394.0,313.0,313.0,314.0
0.0,1644.0,1107.0,943.0,1176.0,1116.0,372.0,372.0,372.0,314.0,314.0,315.0,369.0,369.0,369.0,548.0,548.0,548.0,372.0,372.0,372.0,314.0,314.0,315.0
0.0,1713.0,900.0,942.0,1116.0,897.0,300.0,300.0,297.0,314.0,314.0,314.0,300.0,300.0,300.0,570.0,570.0,573.0,300.0,300.0,297.0,314.0,314.0,314.0
0.0,1929.0,804.0,936.0,897.0,786.0,262.0,262.0,262.0,312.0,312.0,312.0,268.0,268.0,268.0,642.0,642.0,645.0,262.0,262.0,262.0,312.0,312.0,312.0
0.0,2022.0,801.0,933.0,786.0,792.0,264.0,264.0,264.0,311.0,311.0,311.0,267.0,267.0,267.0,674.0,674.0,674.0,264.0,264.0,264.0,311.0,311.0,311.0
0.0,2007.0,1086.0,936.0,792.0,1095.0,365.0,365.0,365.0,312.0,312.0,312.0,362.0,362.0,362.0,669.0,669.0,669.0,365.0,365.0,365.0,312.0,312.0,312.0
0.0,1713.0,1137.0,945.0,1095.0,1164.0,388.0,388.0,388.0,315.0,315.0,315.0,379.0,379.0,379.0,571.0,571.0,571.0,388.0,388.0,388.0,315.0,315.0,315.0
0.0,1671.0,1044.0,951.0,1164.0,1062.0,354.0,354.0,354.0,317.0,317.0,317.0,348.0,348.0,348.0,557.0,557.0,557.0,354.0,354.0,354.0,317.0,317.0,317.0
0.0,1791.0,996.0,951.0,1062.0,996.0,332.0,332.0,332.0,317.0,317.0,317.0,332.0,332.0,332.0,597.0,597.0,597.0,332.0,332.0,332.0,317.0,317.0,317.0
0.0,1857.0,984.0,948.0,996.0,975.0,325.0,325.0,325.0,316.0,316.0,316.0,328.0,328.0,328.0,619.0,619.0,619.0,325.0,325.0,325.0,316.0,316.0,316.0
0.0,1869.0,915.0,948.0,975.0,915.0,305.0,305.0,305.0,316.0,316.0,316.0,305.0,305.0,305.0,623.0,623.0,623.0,305.0,305.0,305.0,316.0,316.0,316.0
0.0,1929.0,981.0,948.0,915.0,981.0,327.0,327.0,327.0,316.0,316.0,316.0,327.0,327.0,327.0,643.0,643.0,643.0,327.0,327.0,327.0,316.0,316.0,316.0
0.0,1863.0,1096.0,954.0,981.0,1114.0,371.0,371.0,372.0,318.0,318.0,318.0,365.0,365.0,366.0,621.0,621.0,621.0,371.0,371.0,372.0,318.0,318.0,318.0
0.0,1748.0,1260.0,963.0,1114.0,1287.0,429.0,429.0,429.0,321.0,321.0,321.0,420.0,420.0,420.0,583.0,583.0,582.0,429.0,429.0,429.0,321.0,321.0,321.0
0.0,1602.0,1206.0,975.0,1287.0,1242.0,414.0,414.0,414.0,325.0,325.0,325.0,402.0,402.0,402.0,534.0,534.0,534.0,414.0,414.0,414.0,325.0,325.0,325.0
0.0,1683.0,1014.0,975.0,1242.0,1014.0,338.0,338.0,338.0,325.0,325.0,325.0,338.0,338.0,338.0,561.0,561.0,561.0,338.0,338.0,338.0,325.0,325.0,325.0
0.0,1911.0,882.0,975.0,1014.0,882.0,294.0,294.0,294.0,325.0,325.0,325.0,294.0,294.0,294.0,637.0,637.0,637.0,294.0,294.0,294.0,325.0,325.0,325.0
0.0,2043.0,948.0,972.0,882.0,939.0,313.0,313.0,313.0,324.0,324.0,324.0,316.0,316.0,316.0,681.0,681.0,681.0,313.0,313.0,313.0,324.0,324.0,324.0
0.0,1977.0,943.0,969.0,939.0,934.0,311.0,311.0,312.0,323.0,323.0,323.0,314.0,314.0,315.0,659.0,659.0,659.0,311.0,311.0,312.0,323.0,323.0,323.0
0.0,1973.0,1002.0,975.0,934.0,1020.0,340.0,340.0,340.0,325.0,325.0,325.0,334.0,334.0,334.0,658.0,658.0,657.0,340.0,340.0,340.0,325.0,325.0,325.0
0.0,1905.0,1050.0,978.0,1020.0,1059.0,353.0,353.0,353.0,326.0,326.0,326.0,350.0,350.0,350.0,635.0,635.0,635.0,353.0,353.0,353.0,326.0,326.0,326.0
0.0,1875.0,1276.0,990.0,1059.0,1312.0,437.0,437.0,438.0,330.0,330.0,330.0,425.0,425.0,426.0,625.0,625.0,625.0,437.0,437.0,438.0,330.0,330.0,330.0
0.0,1658.0,993.0,990.0,1312.0,993.0,331.0,331.0,331.0,330.0,330.0,330.0,331.0,331.0,331.0,553.0,553.0,552.0,331.0,331.0,331.0,330.0,330.0,330.0
0.0,1977.0,1048.0,990.0,993.0,1048.0,349.0,349.0,350.0,330.0,330.0,330.0,349.0,349.0,350.0,659.0,659.0,659.0,349.0,349.0,350.0,330.0,330.0,330.0
0.0,1922.0,972.0,987.0,1048.0,963.0,321.0,321.0,321.0,329.0,329.0,329.0,324.0,324.0,324.0,641.0,641.0,640.0,321.0,321.0,321.0,329.0,329.0,329.0
0.0,1998.0,807.0,984.0,963.0,798.0,266.0,266.0,266.0,328.0,328.0,328.0,269.0,269.0,269.0,666.0,666.0,666.0,266.0,266.0,266.0,328.0,328.0,328.0
0.0,2154.0,1167.0,990.0,798.0,1185.0,395.0,395.0,395.0,330.0,330.0,330.0,389.0,389.0,389.0,718.0,718.0,718.0,395.0,395.0,395.0,330.0,330.0,330.0
0.0,1785.0,1150.0,996.0,1185.0,1168.0,389.0,389.0,390.0,332.0,332.0,332.0,383.0,383.0,384.0,595.0,595.0,595.0,389.0,389.0,390.0,332.0,332.0,332.0
0.0,1820.0,1143.0,1002.0,1168.0,1161.0,387.0,387.0,387.0,334.0,334.0,334.0,381.0,381.0,381.0,607.0,607.0,606.0,387.0,387.0,387.0,334.0,334.0,334.0
0.0,1845.0,978.0,1002.0,1161.0,978.0,326.0,326.0,326.0,334.0,334.0,334.0,326.0,326.0,326.0,615.0,615.0,615.0,326.0,326.0,326.0,334.0,334.0,334.0
0.0,2028.0,981.0,999.0,978.0,972.0,324.0,324.0,324.0,333.0,333.0,333.0,327.0,327.0,327.0,676.0,676.0,676.0,324.0,324.0,324.0,333.0,333.0,333.0
0.0,2025.0,919.0,999.0,972.0,919.0,306.0,306.0,307.0,333.0,333.0,333.0,306.0,306.0,307.0,675.0,675.0,675.0,306.0,306.0,307.0,333.0,333.0,333.0
0.0,2078.0,903.0,993.0,919.0,885.0,295.0,295.0,295.0,331.0,331.0,331.0,301.0,301.0,301.0,693.0,693.0,692.0,295.0,295.0,295.0,331.0,331.0,331.0
0.0,2094.0,978.0,996.0,885.0,987.0,329.0,329.0,329.0,332.0,332.0,332.0,326.0,326.0,326.0,698.0,698.0,698.0,329.0,329.0,329.0,332.0,332.0,332.0
0.0,2001.0,1167.0,1003.0,987.0,1188.0,395.0,395.0,398.0,334.0,334.0,335.0,389.0,389.0,389.0,667.0,667.0,667.0,395.0,395.0,398.0,334.0,334.0,335.0
0.0,1821.0,1158.0,1011.0,1188.0,1182.0,395.0,395.0,392.0,337.0,337.0,337.0,386.0,386.0,386.0,607.0,607.0,607.0,395.0,395.0,392.0,337.0,337.0,337.0
0.0,1851.0,1104.0,1011.0,1182.0,1104.0,368.0,368.0,368.0,337.0,337.0,337.0,368.0,368.0,368.0,616.0,616.0,619.0,368.0,368.0,368.0,337.0,337.0,337.0
0.0,1929.0,888.0,1008.0,1104.0,879.0,293.0,293.0,293.0,336.0,336.0,336.0,296.0,296.0,296.0,643.0,643.0,643.0,293.0,293.0,293.0,336.0,336.0,336.0
0.0,2145.0,918.0,1005.0,879.0,909.0,303.0,303.0,303.0,335.0,335.0,335.0,306.0,306.0,306.0,715.0,715.0,715.0,303.0,303.0,303.0,335.0,335.0,335.0
0.0,2106.0,981.0,1005.0,909.0,981.0,327.0,327.0,327.0,335.0,335.0,335.0,327.0,327.0,327.0,702.0,702.0,702.0,327.0,327.0,327.0,335.0,335.0,335.0
0.0,2034.0,972.0,1006.0,981.0,975.0,324.0,324.0,327.0,335.0,335.0,336.0,324.0,324.0,324.0,678.0,678.0,678.0,324.0,324.0,327.0,335.0,335.0,336.0
0.0,2043.0,1161.0,1014.0,975.0,1185.0,396.0,396.0,393.0,338.0,338.0,338.0,387.0,387.0,387.0,681.0,681.0,681.0,396.0,396.0,393.0,338.0,338.0,338.0
0.0,1857.0,1195.0,1020.0,1185.0,1213.0,404.0,404.0,405.0,340.0,340.0,340.0,398.0,398.0,399.0,618.0,618.0,621.0,404.0,404.0,405.0,340.0,340.0,340.0
0.0,1847.0,1254.0,1026.0,1213.0,1272.0,424.0,424.0,424.0,342.0,342.0,342.0,418.0,418.0,418.0,616.0,616.0,615.0,424.0,424.0,424.0,342.0,342.0,342.0
0.0,1806.0,993.0,1023.0,1272.0,984.0,328.0,328.0,328.0,341.0,341.0,341.0,331.0,331.0,331.0,602.0,602.0,602.0,328.0,328.0,328.0,341.0,341.0,341.0
0.0,2085.0,897.0,1017.0,984.0,879.0,293.0,293.0,293.0,339.0,339.0,339.0,299.0,299.0,299.0,695.0,695.0,695.0,293.0,293.0,293.0,339.0,339.0,339.0
0.0,2172.0,795.0,1014.0,879.0,786.0,262.0,262.0,262.0,338.0,338.0,338.0,265.0,265.0,265.0,724.0,724.0,724.0,262.0,262.0,262.0,338.0,338.0,338.0
0.0,2256.0,1185.0,1020.0,786.0,1203.0,401.0,401.0,401.0,340.0,340.0,340.0,395.0,395.0,395.0,752.0,752.0,752.0,401.0,401.0,401.0,340.0,340.0,340.0
0.0,1857.0,1158.0,1026.0,1203.0,1176.0,392.0,392.0,392.0,342.0,342.0,342.0,386.0,386.0,386.0,619.0,619.0,619.0,392.0,392.0,392.0,342.0,342.0,342.0
0.0,1902.0,1101.0,1030.0,1176.0,1113.0,370.0,370.0,373.0,343.0,343.0,344.0,367.0,367.0,367.0,634.0,634.0,634.0,370.0,370.0,373.0,343.0,343.0,344.0
0.0,1977.0,1275.0,1038.0,1113.0,1299.0,434.0,434.0,431.0,346.0,346.0,346.0,425.0,425.0,425.0,659.0,659.0,659.0,434.0,434.0,431.0,346.0,346.0,346.0
0.0,1815.0,987.0,1035.0,1299.0,978.0,326.0,326.0,326.0,345.0,345.0,345.0,329.0,329.0,329.0,604.0,604.0,607.0,326.0,326.0,326.0,345.0,345.0,345.0
0.0,2127.0,909.0,1029.0,978.0,891.0,297.0,297.0,297.0,343.0,343.0,343.0,303.0,303.0,303.0,709.0,709.0,709.0,297.0,297.0,297.0,343.0,343.0,343.0
0.0,2196.0,801.0,1024.0,891.0,786.0,261.0,261.0,264.0,341.0,341.0,342.0,267.0,267.0,267.0,732.0,732.0,732.0,261.0,261.0,264.0,341.0,341.0,342.0
0.0,2286.0,1153.0,1029.0,786.0,1168.0,390.0,390.0,388.0,343.0,343.0,343.0,384.0,384.0,385.0,762.0,762.0,762.0,390.0,390.0,388.0,343.0,343.0,343.0
0.0,1919.0,1197.0,1038.0,1168.0,1224.0,408.0,408.0,408.0,346.0,346.0,346.0,399.0,399.0,399.0,639.0,639.0,641.0,408.0,408.0,408.0,346.0,346.0,346.0
0.0,1890.0,1236.0,1044.0,1224.0,1254.0,418.0,418.0,418.0,348.0,348.0,348.0,412.0,412.0,412.0,630.0,630.0,630.0,418.0,418.0,418.0,348.0,348.0,348.0
0.0,1878.0,1110.0,1045.0,1254.0,1113.0,370.0,370.0,373.0,348.0,348.0,349.0,370.0,370.0,370.0,626.0,626.0,626.0,370.0,370.0,373.0,348.0,348.0,349.0
0.0,2022.0,1044.0,1044.0,1113.0,1041.0,348.0,348.0,345.0,348.0,348.0,348.0,348.0,348.0,348.0,674.0,674.0,674.0,348.0,348.0,345.0,348.0,348.0,348.0
0.0,2091.0,972.0,1042.0,1041.0,966.0,321.0,321.0,324.0,347.0,347.0,348.0,324.0,324.0,324.0,696.0,696.0,699.0,321.0,321.0,324.0,347.0,347.0,348.0
0.0,2160.0,834.0,1039.0,966.0,825.0,275.0,275.0,275.0,346.0,346.0,347.0,278.0,278.0,278.0,720.0,720.0,720.0,275.0,275.0,275.0,346.0,346.0,347.0
0.0,2292.0,1038.0,1041.0,825.0,1044.0,349.0,349.0,346.0,347.0,347.0,347.0,346.0,346.0,346.0,763.0,763.0,766.0,349.0,349.0,346.0,347.0,347.0,347.0
0.0,2079.0,1227.0,1047.0,1044.0,1245.0,415.0,415.0,415.0,349.0,349.0,349.0,409.0,409.0,409.0,692.0,692.0,695.0,415.0,415.0,415.0,349.0,349.0,349.0
0.0,1896.0,1138.0,1050.0,1245.0,1147.0,382.0,382.0,383.0,350.0,350.0,350.0,379.0,379.0,380.0,632.0,632.0,632.0,382.0,382.0,383.0,350.0,350.0,350.0
0.0,2003.0,1222.0,1053.0,1147.0,1231.0,410.0,410.0,411.0,351.0,351.0,351.0,407.0,407.0,408.0,668.0,668.0,667.0,410.0,410.0,411.0,351.0,351.0,351.0
0.0,1928.0,1129.0,1050.0,1231.0,1120.0,373.0,373.0,374.0,350.0,350.0,350.0,376.0,376.0,377.0,643.0,643.0,642.0,373.0,373.0,374.0,350.0,350.0,350.0
0.0,2030.0,921.0,1044.0,1120.0,903.0,301.0,301.0,301.0,348.0,348.0,348.0,307.0,307.0,307.0,677.0,677.0,676.0,301.0,301.0,301.0,348.0,348.0,348.0
0.0,2229.0,906.0,1041.0,903.0,897.0,299.0,299.0,299.0,347.0,347.0,347.0,302.0,302.0,302.0,743.0,743.0,743.0,299.0,299.0,299.0,347.0,347.0,347.0
0.0,2226.0,975.0,1044.0,897.0,984.0,328.0,328.0,328.0,348.0,348.0,348.0,325.0,325.0,325.0,742.0,742.0,742.0,328.0,328.0,328.0,348.0,348.0,348.0
0.0,2148.0,1164.0,1047.0,984.0,1173.0,391.0,391.0,391.0,349.0,349.0,349.0,388.0,388.0,388.0,716.0,716.0,716.0,391.0,391.0,391.0,349.0,349.0,349.0
0.0,1968.0,1333.0,1056.0,1173.0,1360.0,453.0,453.0,454.0,352.0,352.0,352.0,444.0,444.0,445.0,656.0,656.0,656.0,453.0,453.0,454.0,352.0,352.0,352.0
0.0,1808.0,1284.0,1060.0,1360.0,1296.0,431.0,431.0,434.0,353.0,353.0,354.0,428.0,428.0,428.0,603.0,603.0,602.0,431.0,431.0,434.0,353.0,353.0,354.0
0.0,1884.0,1011.0,1059.0,1296.0,1008.0,337.0,337.0,334.0,353.0,353.0,353.0,337.0,337.0,337.0,628.0,628.0,628.0,337.0,337.0,334.0,353.0,353.0,353.0
0.0,2169.0,813.0,1050.0,1008.0,786.0,262.0,262.0,262.0,350.0,350.0,350.0,271.0,271.0,271.0,722.0,722.0,725.0,262.0,262.0,262.0,350.0,350.0,350.0
0.0,2364.0,994.0,1050.0,786.0,994.0,331.0,331.0,332.0,350.0,350.0,350.0,331.0,331.0,332.0,788.0,788.0,788.0,331.0,331.0,332.0,350.0,350.0,350.0
0.0,2156.0,1122.0,1053.0,994.0,1131.0,377.0,377.0,377.0,351.0,351.0,351.0,374.0,374.0,374.0,719.0,719.0,718.0,377.0,377.0,377.0,351.0,351.0,351.0
0.0,2028.0,1098.0,1056.0,1131.0,1107.0,369.0,369.0,369.0,352.0,352.0,352.0,366.0,366.0,366.0,676.0,676.0,676.0,369.0,369.0,369.0,352.0,352.0,352.0
0.0,2061.0,1146.0,1062.0,1107.0,1164.0,388.0,388.0,388.0,354.0,354.0,354.0,382.0,382.0,382.0,687.0,687.0,687.0,388.0,388.0,388.0,354.0,354.0,354.0
0.0,2022.0,1149.0,1062.0,1164.0,1149.0,383.0,383.0,383.0,354.0,354.0,354.0,383.0,383.0,383.0,674.0,674.0,674.0,383.0,383.0,383.0,354.0,354.0,354.0
0.0,2037.0,996.0,1059.0,1149.0,987.0,329.0,329.0,329.0,353.0,353.0,353.0,332.0,332.0,332.0,679.0,679.0,679.0,329.0,329.0,329.0,353.0,353.0,353.0
0.0,2190.0,924.0,1053.0,987.0,906.0,302.0,302.0,302.0,351.0,351.0,351.0,308.0,308.0,308.0,730.0,730.0,730.0,302.0,302.0,302.0,351.0,351.0,351.0
0.0,2253.0,951.0,1053.0,906.0,951.0,317.0,317.0,317.0,351.0,351.0,351.0,317.0,317.0,317.0,751.0,751.0,751.0,317.0,317.0,317.0,351.0,351.0,351.0
0.0,2208.0,1122.0,1056.0,951.0,1131.0,377.0,377.0,377.0,352.0,352.0,352.0,374.0,374.0,374.0,736.0,736.0,736.0,377.0,377.0,377.0,352.0,352.0,352.0
0.0,2037.0,1116.0,1059.0,1131.0,1125.0,375.0,375.0,375.0,353.0,353.0,353.0,372.0,372.0,372.0,679.0,679.0,679.0,375.0,375.0,375.0,353.0,353.0,353.0
0.0,2052.0,1287.0,1068.0,1125.0,1314.0,438.0,438.0,438.0,356.0,356.0,356.0,429.0,429.0,429.0,684.0,684.0,684.0,438.0,438.0,438.0,356.0,356.0,356.0
0.0,1890.0,1092.0,1069.0,1314.0,1095.0,364.0,364.0,367.0,356.0,356.0,357.0,364.0,364.0,364.0,630.0,630.0,630.0,364.0,364.0,367.0,356.0,356.0,357.0
0.0,2112.0,1015.0,1066.0,1095.0,1006.0,335.0,335.0,336.0,355.0,355.0,356.0,338.0,338.0,339.0,704.0,704.0,704.0,335.0,335.0,336.0,355.0,355.0,356.0
0.0,2192.0,849.0,1060.0,1006.0,831.0,277.0,277.0,277.0,353.0,353.0,354.0,283.0,283.0,283.0,730.0,730.0,732.0,277.0,277.0,277.0,353.0,353.0,354.0
0.0,2349.0,996.0,1059.0,831.0,993.0,332.0,332.0,329.0,353.0,353.0,353.0,332.0,332.0,332.0,782.0,782.0,785.0,332.0,332.0,329.0,353.0,353.0,353.0
0.0,2184.0,1098.0,1062.0,993.0,1107.0,369.0,369.0,369.0,354.0,354.0,354.0,366.0,366.0,366.0,727.0,727.0,730.0,369.0,369.0,369.0,354.0,354.0,354.0
0.0,2079.0,1197.0,1068.0,1107.0,1215.0,405.0,405.0,405.0,356.0,356.0,356.0,399.0,399.0,399.0,693.0,693.0,693.0,405.0,405.0,405.0,356.0,356.0,356.0
0.0,1989.0,1263.0,1074.0,1215.0,1281.0,427.0,427.0,427.0,358.0,358.0,358.0,421.0,421.0,421.0,663.0,663.0,663.0,427.0,427.0,427.0,358.0,358.0,358.0
0.0,1941.0,1116.0,1077.0,1281.0,1125.0,375.0,375.0,375.0,359.0,359.0,359.0,372.0,372.0,372.0,647.0,647.0,647.0,375.0,375.0,375.0,359.0,359.0,359.0
0.0,2106.0,918.0,1071.0,1125.0,900.0,300.0,300.0,300.0,357.0,357.0,357.0,306.0,306.0,306.0,702.0,702.0,702.0,300.0,300.0,300.0,357.0,357.0,357.0
0.0,2313.0,957.0,1068.0,900.0,948.0,316.0,316.0,316.0,356.0,356.0,356.0,319.0,319.0,319.0,771.0,771.0,771.0,316.0,316.0,316.0,356.0,356.0,356.0
0.0,2256.0,960.0,1062.0,948.0,942.0,314.0,314.0,314.0,354.0,354.0,354.0,320.0,320.0,320.0,752.0,752.0,752.0,314.0,314.0,314.0,354.0,354.0,354.0
0.0,2244.0,1197.0,1065.0,942.0,1206.0,402.0,402.0,402.0,355.0,355.0,355.0,399.0,399.0,399.0,748.0,748.0,748.0,402.0,402.0,402.0,355.0,355.0,355.0
0.0,1989.0,1341.0,1074.0,1206.0,1368.0,456.0,456.0,456.0,358.0,358.0,358.0,447.0,447.0,447.0,663.0,663.0,663.0,456.0,456.0,456.0,358.0,358.0,358.0
0.0,1854.0,1287.0,1083.0,1368.0,1314.0,438.0,438.0,438.0,361.0,361.0,361.0,429.0,429.0,429.0,618.0,618.0,618.0,438.0,438.0,438.0,361.0,361.0,361.0
0.0,1935.0,1197.0,1083.0,1314.0,1197.0,399.0,399.0,399.0,361.0,361.0,361.0,399.0,399.0,399.0,645.0,645.0,645.0,399.0,399.0,399.0,361.0,361.0,361.0
0.0,2052.0,936.0,1080.0,1197.0,927.0,309.0,309.0,309.0,360.0,360.0,360.0,312.0,312.0,312.0,684.0,684.0,684.0,309.0,309.0,309.0,360.0,360.0,360.0
0.0,2313.0,933.0,1077.0,927.0,924.0,308.0,308.0,308.0,359.0,359.0,359.0,311.0,311.0,311.0,771.0,771.0,771.0,308.0,308.0,308.0,359.0,359.0,359.0
0.0,2307.0,1083.0,1071.0,924.0,1065.0,355.0,355.0,355.0,357.0,357.0,357.0,361.0,361.0,361.0,769.0,769.0,769.0,355.0,355.0,355.0,357.0,357.0,357.0
0.0,2148.0,1128.0,1074.0,1065.0,1137.0,379.0,379.0,379.0,358.0,358.0,358.0,376.0,376.0,376.0,716.0,716.0,716.0,379.0,379.0,379.0,358.0,358.0,358.0
0.0,2085.0,1296.0,1083.0,1137.0,1323.0,441.0,441.0,441.0,361.0,361.0,361.0,432.0,432.0,432.0,695.0,695.0,695.0,441.0,441.0,441.0,361.0,361.0,361.0
0.0,1926.0,1324.0,1092.0,1323.0,1351.0,450.0,450.0,451.0,364.0,364.0,364.0,441.0,441.0,442.0,642.0,642.0,642.0,450.0,450.0,451.0,364.0,364.0,364.0
0.0,1925.0,1225.0,1093.0,1351.0,1228.0,408.0,408.0,412.0,364.0,364.0,365.0,408.0,408.0,409.0,642.0,642.0,641.0,408.0,408.0,412.0,364.0,364.0,365.0
0.0,2051.0,954.0,1089.0,1228.0,942.0,315.0,315.0,312.0,363.0,363.0,363.0,318.0,318.0,318.0,684.0,684.0,683.0,315.0,315.0,312.0,363.0,363.0,363.0
0.0,2325.0,993.0,1084.0,942.0,978.0,325.0,325.0,328.0,361.0,361.0,362.0,331.0,331.0,331.0,774.0,774.0,777.0,325.0,325.0,328.0,361.0,361.0,362.0
0.0,2274.0,952.0,1081.0,978.0,943.0,314.0,314.0,315.0,360.0,360.0,361.0,317.0,317.0,318.0,758.0,758.0,758.0,314.0,314.0,315.0,360.0,360.0,361.0
0.0,2300.0,1086.0,1083.0,943.0,1092.0,365.0,365.0,362.0,361.0,361.0,361.0,362.0,362.0,362.0,766.0,766.0,768.0,365.0,365.0,362.0,361.0,361.0,361.0
0.0,2157.0,1129.0,1086.0,1092.0,1138.0,379.0,379.0,380.0,362.0,362.0,362.0,376.0,376.0,377.0,718.0,718.0,721.0,379.0,379.0,380.0,362.0,362.0,362.0
0.0,2120.0,1335.0,1095.0,1138.0,1362.0,454.0,454.0,454.0,365.0,365.0,365.0,445.0,445.0,445.0,707.0,707.0,706.0,454.0,454.0,454.0,365.0,365.0,365.0
0.0,1923.0,1203.0,1098.0,1362.0,1212.0,404.0,404.0,404.0,366.0,366.0,366.0,401.0,401.0,401.0,641.0,641.0,641.0,404.0,404.0,404.0,366.0,366.0,366.0
0.0,2082.0,1050.0,1095.0,1212.0,1041.0,347.0,347.0,347.0,365.0,365.0,365.0,350.0,350.0,350.0,694.0,694.0,694.0,347.0,347.0,347.0,365.0,365.0,365.0
0.0,2244.0,943.0,1092.0,1041.0,934.0,311.0,311.0,312.0,364.0,364.0,364.0,314.0,314.0,315.0,748.0,748.0,748.0,311.0,311.0,312.0,364.0,364.0,364.0
0.0,2342.0,1035.0,1086.0,934.0,1017.0,339.0,339.0,339.0,362.0,362.0,362.0,345.0,345.0,345.0,781.0,781.0,780.0,339.0,339.0,339.0,362.0,362.0,362.0
0.0,2241.0,1150.0,1087.0,1017.0,1153.0,383.0,383.0,387.0,362.0,362.0,363.0,383.0,383.0,384.0,747.0,747.0,747.0,383.0,383.0,387.0,362.0,362.0,363.0
0.0,2108.0,1233.0,1093.0,1153.0,1251.0,417.0,417.0,417.0,364.0,364.0,365.0,411.0,411.0,411.0,703.0,703.0,702.0,417.0,417.0,417.0,364.0,364.0,365.0
0.0,2028.0,1248.0,1101.0,1251.0,1272.0,425.0,425.0,422.0,367.0,367.0,367.0,416.0,416.0,416.0,675.0,675.0,678.0,425.0,425.0,422.0,367.0,367.0,367.0
0.0,2031.0,1131.0,1104.0,1272.0,1140.0,380.0,380.0,380.0,368.0,368.0,368.0,377.0,377.0,377.0,676.0,676.0,679.0,380.0,380.0,380.0,368.0,368.0,368.0
0.0,2172.0,1017.0,1101.0,1140.0,1008.0,336.0,336.0,336.0,367.0,367.0,367.0,339.0,339.0,339.0,724.0,724.0,724.0,336.0,336.0,336.0,367.0,367.0,367.0
0.0,2295.0,1080.0,1095.0,1008.0,1062.0,354.0,354.0,354.0,365.0,365.0,365.0,360.0,360.0,360.0,765.0,765.0,765.0,354.0,354.0,354.0,365.0,365.0,365.0
0.0,2223.0,1146.0,1092.0,1062.0,1137.0,379.0,379.0,379.0,364.0,364.0,364.0,382.0,382.0,382.0,741.0,741.0,741.0,379.0,379.0,379.0,364.0,364.0,364.0
0.0,2139.0,1173.0,1095.0,1137.0,1182.0,394.0,394.0,394.0,365.0,365.0,365.0,391.0,391.0,391.0,713.0,713.0,713.0,394.0,394.0,394.0,365.0,365.0,365.0
0.0,2103.0,1338.0,1107.0,1182.0,1374.0,458.0,458.0,458.0,369.0,369.0,369.0,446.0,446.0,446.0,701.0,701.0,701.0,458.0,458.0,458.0,369.0,369.0,369.0
0.0,1947.0,1300.0,1113.0,1374.0,1318.0,439.0,439.0,440.0,371.0,371.0,371.0,433.0,433.0,434.0,649.0,649.0,649.0,439.0,439.0,440.0,371.0,371.0,371.0
0.0,2021.0,1242.0,1113.0,1318.0,1242.0,414.0,414.0,414.0,371.0,371.0,371.0,414.0,414.0,414.0,674.0,674.0,673.0,414.0,414.0,414.0,371.0,371.0,371.0
0.0,2097.0,996.0,1113.0,1242.0,996.0,332.0,332.0,332.0,371.0,371.0,371.0,332.0,332.0,332.0,699.0,699.0,699.0,332.0,332.0,332.0,371.0,371.0,371.0
0.0,2343.0,987.0,1110.0,996.0,978.0,326.0,326.0,326.0,370.0,370.0,370.0,329.0,329.0,329.0,781.0,781.0,781.0,326.0,326.0,326.0,370.0,370.0,370.0
0.0,2352.0,1116.0,1108.0,978.0,1110.0,369.0,369.0,372.0,369.0,369.0,370.0,372.0,372.0,372.0,784.0,784.0,784.0,369.0,369.0,372.0,369.0,369.0,370.0
0.0,2214.0,1065.0,1110.0,1110.0,1071.0,358.0,358.0,355.0,370.0,370.0,370.0,355.0,355.0,355.0,738.0,738.0,738.0,358.0,358.0,355.0,370.0,370.0,370.0
0.0,2259.0,1308.0,1116.0,1071.0,1326.0,442.0,442.0,442.0,372.0,372.0,372.0,436.0,436.0,436.0,752.0,752.0,755.0,442.0,442.0,442.0,372.0,372.0,372.0
0.0,2022.0,1302.0,1125.0,1326.0,1329.0,443.0,443.0,443.0,375.0,375.0,375.0,434.0,434.0,434.0,674.0,674.0,674.0,443.0,443.0,443.0,375.0,375.0,375.0
0.0,2046.0,1137.0,1125.0,1329.0,1137.0,379.0,379.0,379.0,375.0,375.0,375.0,379.0,379.0,379.0,682.0,682.0,682.0,379.0,379.0,379.0,375.0,375.0,375.0
0.0,2238.0,1221.0,1126.0,1137.0,1224.0,407.0,407.0,410.0,375.0,375.0,376.0,407.0,407.0,407.0,746.0,746.0,746.0,407.0,407.0,410.0,375.0,375.0,376.0
0.0,2154.0,1002.0,1122.0,1224.0,990.0,331.0,331.0,328.0,374.0,374.0,374.0,334.0,334.0,334.0,718.0,718.0,718.0,331.0,331.0,328.0,374.0,374.0,374.0
0.0,2376.0,1125.0,1122.0,990.0,1125.0,375.0,375.0,375.0,374.0,374.0,374.0,375.0,375.0,375.0,791.0,791.0,794.0,375.0,375.0,375.0,374.0,374.0,374.0
0.0,2241.0,1143.0,1125.0,1125.0,1152.0,384.0,384.0,384.0,375.0,375.0,375.0,381.0,381.0,381.0,747.0,747.0,747.0,384.0,384.0,384.0,375.0,375.0,375.0
0.0,2223.0,1242.0,1131.0,1152.0,1260.0,420.0,420.0,420.0,377.0,377.0,377.0,414.0,414.0,414.0,741.0,741.0,741.0,420.0,420.0,420.0,377.0,377.0,377.0
0.0,2133.0,1263.0,1137.0,1260.0,1281.0,427.0,427.0,427.0,379.0,379.0,379.0,421.0,421.0,421.0,711.0,711.0,711.0,427.0,427.0,427.0,379.0,379.0,379.0
0.0,2130.0,1203.0,1138.0,1281.0,1206.0,401.0,401.0,404.0,379.0,379.0,380.0,401.0,401.0,401.0,710.0,710.0,710.0,401.0,401.0,404.0,379.0,379.0,380.0
0.0,2208.0,1107.0,1137.0,1206.0,1104.0,369.0,369.0,366.0,379.0,379.0,379.0,369.0,369.0,369.0,736.0,736.0,736.0,369.0,369.0,366.0,379.0,379.0,379.0
0.0,2307.0,1128.0,1134.0,1104.0,1119.0,373.0,373.0,373.0,378.0,378.0,378.0,376.0,376.0,376.0,768.0,768.0,771.0,373.0,373.0,373.0,378.0,378.0,378.0
0.0,2283.0,997.0,1131.0,1119.0,988.0,329.0,329.0,330.0,377.0,377.0,377.0,332.0,332.0,333.0,761.0,761.0,761.0,329.0,329.0,330.0,377.0,377.0,377.0
0.0,2405.0,1212.0,1137.0,988.0,1230.0,410.0,410.0,410.0,379.0,379.0,379.0,404.0,404.0,404.0,802.0,802.0,801.0,410.0,410.0,410.0,379.0,379.0,379.0
0.0,2181.0,1266.0,1143.0,1230.0,1284.0,428.0,428.0,428.0,381.0,381.0,381.0,422.0,422.0,422.0,727.0,727.0,727.0,428.0,428.0,428.0,381.0,381.0,381.0
0.0,2145.0,1158.0,1147.0,1284.0,1170.0,389.0,389.0,392.0,382.0,382.0,383.0,386.0,386.0,386.0,715.0,715.0,715.0,389.0,389.0,392.0,382.0,382.0,383.0
0.0,2271.0,1248.0,1149.0,1170.0,1254.0,419.0,419.0,416.0,383.0,383.0,383.0,416.0,416.0,416.0,757.0,757.0,757.0,419.0,419.0,416.0,383.0,383.0,383.0
0.0,2193.0,1024.0,1143.0,1254.0,1006.0,335.0,335.0,336.0,381.0,381.0,381.0,341.0,341.0,342.0,730.0,730.0,733.0,335.0,335.0,336.0,381.0,381.0,381.0
0.0,2423.0,1068.0,1137.0,1006.0,1050.0,350.0,350.0,350.0,379.0,379.0,379.0,356.0,356.0,356.0,808.0,808.0,807.0,350.0,350.0,350.0,379.0,379.0,379.0
0.0,2361.0,1171.0,1137.0,1050.0,1171.0,390.0,390.0,391.0,379.0,379.0,379.0,390.0,390.0,391.0,787.0,787.0,787.0,390.0,390.0,391.0,379.0,379.0,379.0
0.0,2240.0,1249.0,1143.0,1171.0,1267.0,422.0,422.0,423.0,381.0,381.0,381.0,416.0,416.0,417.0,747.0,747.0,746.0,422.0,422.0,423.0,381.0,381.0,381.0
0.0,2162.0,1299.0,1150.0,1267.0,1320.0,439.0,439.0,442.0,383.0,383.0,384.0,433.0,433.0,433.0,721.0,721.0,720.0,439.0,439.0,442.0,383.0,383.0,384.0
0.0,2130.0,1431.0,1158.0,1320.0,1455.0,486.0,486.0,483.0,386.0,386.0,386.0,477.0,477.0,477.0,710.0,710.0,710.0,486.0,486.0,483.0,386.0,386.0,386.0
0.0,2019.0,1188.0,1158.0,1455.0,1188.0,396.0,396.0,396.0,386.0,386.0,386.0,396.0,396.0,396.0,672.0,672.0,675.0,396.0,396.0,396.0,386.0,386.0,386.0
0.0,2286.0,1104.0,1155.0,1188.0,1095.0,365.0,365.0,365.0,385.0,385.0,385.0,368.0,368.0,368.0,762.0,762.0,762.0,365.0,365.0,365.0,385.0,385.0,385.0
0.0,2370.0,999.0,1149.0,1095.0,981.0,327.0,327.0,327.0,383.0,383.0,383.0,333.0,333.0,333.0,790.0,790.0,790.0,327.0,327.0,327.0,383.0,383.0,383.0
0.0,2466.0,1098.0,1146.0,981.0,1089.0,363.0,363.0,363.0,382.0,382.0,382.0,366.0,366.0,366.0,822.0,822.0,822.0,363.0,363.0,363.0,382.0,382.0,382.0
0.0,2349.0,1188.0,1150.0,1089.0,1200.0,399.0,399.0,402.0,383.0,383.0,384.0,396.0,396.0,396.0,783.0,783.0,783.0,399.0,399.0,402.0,383.0,383.0,384.0
0.0,2250.0,1306.0,1156.0,1200.0,1324.0,441.0,441.0,442.0,385.0,385.0,386.0,435.0,435.0,436.0,750.0,750.0,750.0,441.0,441.0,442.0,385.0,385.0,386.0
0.0,2144.0,1207.0,1161.0,1324.0,1222.0,408.0,408.0,406.0,387.0,387.0,387.0,402.0,402.0,403.0,714.0,714.0,716.0,408.0,408.0,406.0,387.0,387.0,387.0
0.0,2261.0,1237.0,1164.0,1222.0,1246.0,415.0,415.0,416.0,388.0,388.0,388.0,412.0,412.0,413.0,753.0,753.0,755.0,415.0,415.0,416.0,388.0,388.0,388.0
0.0,2246.0,1143.0,1164.0,1246.0,1143.0,381.0,381.0,381.0,388.0,388.0,388.0,381.0,381.0,381.0,749.0,749.0,748.0,381.0,381.0,381.0,388.0,388.0,388.0
0.0,2349.0,1080.0,1161.0,1143.0,1071.0,357.0,357.0,357.0,387.0,387.0,387.0,360.0,360.0,360.0,783.0,783.0,783.0,357.0,357.0,357.0,387.0,387.0,387.0
0.0,2412.0,1065.0,1158.0,1071.0,1056.0,352.0,352.0,352.0,386.0,386.0,386.0,355.0,355.0,355.0,804.0,804.0,804.0,352.0,352.0,352.0,386.0,386.0,386.0
0.0,2418.0,1212.0,1161.0,1056.0,1221.0,407.0,407.0,407.0,387.0,387.0,387.0,404.0,404.0,404.0,806.0,806.0,806.0,407.0,407.0,407.0,387.0,387.0,387.0
0.0,2262.0,1329.0,1167.0,1221.0,1347.0,449.0,449.0,449.0,389.0,389.0,389.0,443.0,443.0,443.0,754.0,754.0,754.0,449.0,449.0,449.0,389.0,389.0,389.0
0.0,2154.0,1318.0,1173.0,1347.0,1336.0,445.0,445.0,446.0,391.0,391.0,391.0,439.0,439.0,440.0,718.0,718.0,718.0,445.0,445.0,446.0,391.0,391.0,391.0
0.0,2183.0,1311.0,1176.0,1336.0,1320.0,440.0,440.0,440.0,392.0,392.0,392.0,437.0,437.0,437.0,728.0,728.0,727.0,440.0,440.0,440.0,392.0,392.0,392.0
0.0,2208.0,1191.0,1176.0,1320.0,1191.0,397.0,397.0,397.0,392.0,392.0,392.0,397.0,397.0,397.0,736.0,736.0,736.0,397.0,397.0,397.0,392.0,392.0,392.0
0.0,2337.0,1111.0,1173.0,1191.0,1102.0,367.0,367.0,368.0,391.0,391.0,391.0,370.0,370.0,371.0,779.0,779.0,779.0,367.0,367.0,368.0,391.0,391.0,391.0
0.0,2417.0,1047.0,1170.0,1102.0,1038.0,346.0,346.0,346.0,390.0,390.0,390.0,349.0,349.0,349.0,806.0,806.0,805.0,346.0,346.0,346.0,390.0,390.0,390.0
0.0,2472.0,1158.0,1173.0,1038.0,1167.0,389.0,389.0,389.0,391.0,391.0,391.0,386.0,386.0,386.0,824.0,824.0,824.0,389.0,389.0,389.0,391.0,391.0,391.0
0.0,2352.0,1416.0,1180.0,1167.0,1437.0,478.0,478.0,481.0,393.0,393.0,394.0,472.0,472.0,472.0,784.0,784.0,784.0,478.0,478.0,481.0,393.0,393.0,394.0
0.0,2103.0,1272.0,1182.0,1437.0,1278.0,427.0,427.0,424.0,394.0,394.0,394.0,424.0,424.0,424.0,701.0,701.0,701.0,427.0,427.0,424.0,394.0,394.0,394.0
0.0,2268.0,1167.0,1182.0,1278.0,1167.0,389.0,389.0,389.0,394.0,394.0,394.0,389.0,389.0,389.0,755.0,755.0,758.0,389.0,389.0,389.0,394.0,394.0,394.0
0.0,2379.0,1170.0,1179.0,1167.0,1161.0,387.0,387.0,387.0,393.0,393.0,393.0,390.0,390.0,390.0,793.0,793.0,793.0,387.0,387.0,387.0,393.0,393.0,393.0
0.0,2376.0,1005.0,1173.0,1161.0,987.0,329.0,329.0,329.0,391.0,391.0,391.0,335.0,335.0,335.0,792.0,792.0,792.0,329.0,329.0,329.0,391.0,391.0,391.0
0.0,2532.0,1143.0,1173.0,987.0,1143.0,381.0,381.0,381.0,391.0,391.0,391.0,381.0,381.0,381.0,844.0,844.0,844.0,381.0,381.0,381.0,391.0,391.0,391.0
0.0,2376.0,1224.0,1176.0,1143.0,1233.0,411.0,411.0,411.0,392.0,392.0,392.0,408.0,408.0,408.0,792.0,792.0,792.0,411.0,411.0,411.0,392.0,392.0,392.0
0.0,2295.0,1245.0,1182.0,1233.0,1263.0,421.0,421.0,421.0,394.0,394.0,394.0,415.0,415.0,415.0,765.0,765.0,765.0,421.0,421.0,421.0,394.0,394.0,394.0
0.0,2283.0,1302.0,1185.0,1263.0,1311.0,437.0,437.0,437.0,395.0,395.0,395.0,434.0,434.0,434.0,761.0,761.0,761.0,437.0,437.0,437.0,395.0,395.0,395.0
0.0,2244.0,1275.0,1188.0,1311.0,1284.0,428.0,428.0,428.0,396.0,396.0,396.0,425.0,425.0,425.0,748.0,748.0,748.0,428.0,428.0,428.0,396.0,396.0,396.0
0.0,2280.0,1272.0,1188.0,1284.0,1272.0,424.0,424.0,424.0,396.0,396.0,396.0,424.0,424.0,424.0,760.0,760.0,760.0,424.0,424.0,424.0,396.0,396.0,396.0
0.0,2292.0,1113.0,1185.0,1272.0,1104.0,368.0,368.0,368.0,395.0,395.0,395.0,371.0,371.0,371.0,764.0,764.0,764.0,368.0,368.0,368.0,395.0,395.0,395.0
0.0,2451.0,1071.0,1182.0,1104.0,1062.0,354.0,354.0,354.0,394.0,394.0,394.0,357.0,357.0,357.0,817.0,817.0,817.0,354.0,354.0,354.0,394.0,394.0,394.0
0.0,2484.0,1245.0,1183.0,1062.0,1248.0,415.0,415.0,418.0,394.0,394.0,395.0,415.0,415.0,415.0,828.0,828.0,828.0,415.0,415.0,418.0,394.0,394.0,395.0
0.0,2301.0,1266.0,1188.0,1248.0,1281.0,428.0,428.0,425.0,396.0,396.0,396.0,422.0,422.0,422.0,767.0,767.0,767.0,428.0,428.0,425.0,396.0,396.0,396.0
0.0,2283.0,1500.0,1197.0,1281.0,1527.0,509.0,509.0,509.0,399.0,399.0,399.0,500.0,500.0,500.0,760.0,760.0,763.0,509.0,509.0,509.0,399.0,399.0,399.0
0.0,2064.0,1305.0,1200.0,1527.0,1314.0,438.0,438.0,438.0,400.0,400.0,400.0,435.0,435.0,435.0,688.0,688.0,688.0,438.0,438.0,438.0,400.0,400.0,400.0
0.0,2286.0,1236.0,1200.0,1314.0,1236.0,412.0,412.0,412.0,400.0,400.0,400.0,412.0,412.0,412.0,762.0,762.0,762.0,412.0,412.0,412.0,400.0,400.0,400.0
0.0,2364.0,1218.0,1197.0,1236.0,1209.0,403.0,403.0,403.0,399.0,399.0,399.0,406.0,406.0,406.0,788.0,788.0,788.0,403.0,403.0,403.0,399.0,399.0,399.0
0.0,2382.0,1044.0,1194.0,1209.0,1035.0,345.0,345.0,345.0,398.0,398.0,398.0,348.0,348.0,348.0,794.0,794.0,794.0,345.0,345.0,345.0,398.0,398.0,398.0
0.0,2547.0,1224.0,1197.0,1035.0,1233.0,411.0,411.0,411.0,399.0,399.0,399.0,408.0,408.0,408.0,849.0,849.0,849.0,411.0,411.0,411.0,399.0,399.0,399.0
0.0,2358.0,1275.0,1200.0,1233.0,1284.0,428.0,428.0,428.0,400.0,400.0,400.0,425.0,425.0,425.0,786.0,786.0,786.0,428.0,428.0,428.0,400.0,400.0,400.0
0.0,2316.0,1428.0,1209.0,1284.0,1455.0,485.0,485.0,485.0,403.0,403.0,403.0,476.0,476.0,476.0,772.0,772.0,772.0,485.0,485.0,485.0,403.0,403.0,403.0
0.0,2172.0,1281.0,1209.0,1455.0,1281.0,427.0,427.0,427.0,403.0,403.0,403.0,427.0,427.0,427.0,724.0,724.0,724.0,427.0,427.0,427.0,403.0,403.0,403.0
0.0,2346.0,1176.0,1209.0,1281.0,1176.0,392.0,392.0,392.0,403.0,403.0,403.0,392.0,392.0,392.0,782.0,782.0,782.0,392.0,392.0,392.0,403.0,403.0,403.0
0.0,2451.0,1098.0,1206.0,1176.0,1089.0,363.0,363.0,363.0,402.0,402.0,402.0,366.0,366.0,366.0,817.0,817.0,817.0,363.0,363.0,363.0,402.0,402.0,402.0
0.0,2529.0,990.0,1203.0,1089.0,981.0,327.0,327.0,327.0,401.0,401.0,401.0,330.0,330.0,330.0,843.0,843.0,843.0,327.0,327.0,327.0,401.0,401.0,401.0
0.0,2628.0,1222.0,1206.0,981.0,1231.0,410.0,410.0,411.0,402.0,402.0,402.0,407.0,407.0,408.0,876.0,876.0,876.0,410.0,410.0,411.0,402.0,402.0,402.0
0.0,2387.0,1308.0,1210.0,1231.0,1320.0,439.0,439.0,442.0,403.0,403.0,404.0,436.0,436.0,436.0,796.0,796.0,795.0,439.0,439.0,442.0,403.0,403.0,404.0
0.0,2310.0,1522.0,1218.0,1320.0,1546.0,516.0,516.0,514.0,406.0,406.0,406.0,507.0,507.0,508.0,770.0,770.0,770.0,516.0,516.0,514.0,406.0,406.0,406.0
0.0,2108.0,1368.0,1219.0,1546.0,1371.0,456.0,456.0,459.0,406.0,406.0,407.0,456.0,456.0,456.0,702.0,702.0,704.0,456.0,456.0,459.0,406.0,406.0,407.0
0.0,2286.0,1065.0,1215.0,1371.0,1053.0,352.0,352.0,349.0,405.0,405.0,405.0,355.0,355.0,355.0,762.0,762.0,762.0,352.0,352.0,349.0,405.0,405.0,405.0
0.0,2592.0,1182.0,1209.0,1053.0,1164.0,388.0,388.0,388.0,403.0,403.0,403.0,394.0,394.0,394.0,863.0,863.0,866.0,388.0,388.0,388.0,403.0,403.0,403.0
0.0,2463.0,1179.0,1209.0,1164.0,1179.0,393.0,393.0,393.0,403.0,403.0,403.0,393.0,393.0,393.0,821.0,821.0,821.0,393.0,393.0,393.0,403.0,403.0,403.0
0.0,2448.0,1356.0,1215.0,1179.0,1374.0,458.0,458.0,458.0,405.0,405.0,405.0,452.0,452.0,452.0,816.0,816.0,816.0,458.0,458.0,458.0,405.0,405.0,405.0
0.0,2271.0,1557.0,1225.0,1374.0,1587.0,528.0,528.0,531.0,408.0,408.0,409.0,519.0,519.0,519.0,757.0,757.0,757.0,528.0,528.0,531.0,408.0,408.0,409.0
0.0,2088.0,1471.0,1233.0,1587.0,1495.0,499.0,499.0,497.0,411.0,411.0,411.0,490.0,490.0,491.0,696.0,696.0,696.0,499.0,499.0,497.0,411.0,411.0,411.0
0.0,2204.0,1353.0,1236.0,1495.0,1362.0,454.0,454.0,454.0,412.0,412.0,412.0,451.0,451.0,451.0,734.0,734.0,736.0,454.0,454.0,454.0,412.0,412.0,412.0
0.0,2346.0,1233.0,1234.0,1362.0,1227.0,408.0,408.0,411.0,411.0,411.0,412.0,411.0,411.0,411.0,782.0,782.0,782.0,408.0,408.0,411.0,411.0,411.0,412.0
0.0,2475.0,1068.0,1233.0,1227.0,1065.0,356.0,356.0,353.0,411.0,411.0,411.0,356.0,356.0,356.0,825.0,825.0,825.0,356.0,356.0,353.0,411.0,411.0,411.0
0.0,2634.0,1155.0,1230.0,1065.0,1146.0,382.0,382.0,382.0,410.0,410.0,410.0,385.0,385.0,385.0,877.0,877.0,880.0,382.0,382.0,382.0,410.0,410.0,410.0
0.0,2544.0,1246.0,1233.0,1146.0,1255.0,418.0,418.0,419.0,411.0,411.0,411.0,415.0,415.0,416.0,848.0,848.0,848.0,418.0,418.0,419.0,411.0,411.0,411.0
0.0,2444.0,1260.0,1236.0,1255.0,1269.0,423.0,423.0,423.0,412.0,412.0,412.0,420.0,420.0,420.0,815.0,815.0,814.0,423.0,423.0,423.0,412.0,412.0,412.0
0.0,2439.0,1476.0,1243.0,1269.0,1497.0,498.0,498.0,501.0,414.0,414.0,415.0,492.0,492.0,492.0,813.0,813.0,813.0,498.0,498.0,501.0,414.0,414.0,415.0
0.0,2232.0,1332.0,1245.0,1497.0,1338.0,447.0,447.0,444.0,415.0,415.0,415.0,444.0,444.0,444.0,744.0,744.0,744.0,447.0,447.0,444.0,415.0,415.0,415.0
0.0,2397.0,1272.0,1245.0,1338.0,1272.0,424.0,424.0,424.0,415.0,415.0,415.0,424.0,424.0,424.0,798.0,798.0,801.0,424.0,424.0,424.0,415.0,415.0,415.0
0.0,2463.0,1069.0,1239.0,1272.0,1051.0,350.0,350.0,351.0,413.0,413.0,413.0,356.0,356.0,357.0,821.0,821.0,821.0,350.0,350.0,351.0,413.0,413.0,413.0
0.0,2666.0,1131.0,1236.0,1051.0,1122.0,374.0,374.0,374.0,412.0,412.0,412.0,377.0,377.0,377.0,889.0,889.0,888.0,374.0,374.0,374.0,412.0,412.0,412.0
0.0,2586.0,1380.0,1239.0,1122.0,1389.0,463.0,463.0,463.0,413.0,413.0,413.0,460.0,460.0,460.0,862.0,862.0,862.0,463.0,463.0,463.0,413.0,413.0,413.0
0.0,2328.0,1344.0,1245.0,1389.0,1362.0,454.0,454.0,454.0,415.0,415.0,415.0,448.0,448.0,448.0,776.0,776.0,776.0,454.0,454.0,454.0,415.0,415.0,415.0
0.0,2373.0,1335.0,1251.0,1362.0,1353.0,451.0,451.0,451.0,417.0,417.0,417.0,445.0,445.0,445.0,791.0,791.0,791.0,451.0,451.0,451.0,417.0,417.0,417.0
0.0,2400.0,1509.0,1257.0,1353.0,1527.0,509.0,509.0,509.0,419.0,419.0,419.0,503.0,503.0,503.0,800.0,800.0,800.0,509.0,509.0,509.0,419.0,419.0,419.0
0.0,2244.0,1092.0,1251.0,1527.0,1074.0,358.0,358.0,358.0,417.0,417.0,417.0,364.0,364.0,364.0,748.0,748.0,748.0,358.0,358.0,358.0,417.0,417.0,417.0
0.0,2679.0,1186.0,1248.0,1074.0,1177.0,392.0,392.0,393.0,416.0,416.0,416.0,395.0,395.0,396.0,893.0,893.0,893.0,392.0,392.0,393.0,416.0,416.0,416.0
0.0,2567.0,1128.0,1248.0,1177.0,1128.0,376.0,376.0,376.0,416.0,416.0,416.0,376.0,376.0,376.0,856.0,856.0,855.0,376.0,376.0,376.0,416.0,416.0,416.0
0.0,2616.0,1404.0,1254.0,1128.0,1422.0,474.0,474.0,474.0,418.0,418.0,418.0,468.0,468.0,468.0,872.0,872.0,872.0,474.0,474.0,474.0,418.0,418.0,418.0
0.0,2340.0,1362.0,1260.0,1422.0,1380.0,460.0,460.0,460.0,420.0,420.0,420.0,454.0,454.0,454.0,780.0,780.0,780.0,460.0,460.0,460.0,420.0,420.0,420.0
0.0,2400.0,1522.0,1266.0,1380.0,1540.0,513.0,513.0,514.0,422.0,422.0,422.0,507.0,507.0,508.0,800.0,800.0,800.0,513.0,513.0,514.0,422.0,422.0,422.0
0.0,2258.0,1339.0,1269.0,1540.0,1348.0,449.0,449.0,450.0,423.0,423.0,423.0,446.0,446.0,447.0,753.0,753.0,752.0,449.0,449.0,450.0,423.0,423.0,423.0
0.0,2459.0,1279.0,1269.0,1348.0,1279.0,426.0,426.0,427.0,423.0,423.0,423.0,426.0,426.0,427.0,820.0,820.0,819.0,426.0,426.0,427.0,423.0,423.0,423.0
0.0,2528.0,1212.0,1269.0,1279.0,1212.0,404.0,404.0,404.0,423.0,423.0,423.0,404.0,404.0,404.0,843.0,843.0,842.0,404.0,404.0,404.0,423.0,423.0,423.0
0.0,2595.0,1209.0,1266.0,1212.0,1200.0,400.0,400.0,400.0,422.0,422.0,422.0,403.0,403.0,403.0,865.0,865.0,865.0,400.0,400.0,400.0,422.0,422.0,422.0
0.0,2598.0,1272.0,1266.0,1200.0,1272.0,424.0,424.0,424.0,422.0,422.0,422.0,424.0,424.0,424.0,866.0,866.0,866.0,424.0,424.0,424.0,422.0,422.0,422.0
0.0,2526.0,1386.0,1272.0,1272.0,1404.0,468.0,468.0,468.0,424.0,424.0,424.0,462.0,462.0,462.0,842.0,842.0,842.0,468.0,468.0,468.0,424.0,424.0,424.0
0.0,2412.0,1431.0,1278.0,1404.0,1449.0,483.0,483.0,483.0,426.0,426.0,426.0,477.0,477.0,477.0,804.0,804.0,804.0,483.0,483.0,483.0,426.0,426.0,426.0
0.0,2385.0,1428.0,1282.0,1449.0,1440.0,479.0,479.0,482.0,427.0,427.0,428.0,476.0,476.0,476.0,795.0,795.0,795.0,479.0,479.0,482.0,427.0,427.0,428.0
0.0,2406.0,1296.0,1284.0,1440.0,1302.0,435.0,435.0,432.0,428.0,428.0,428.0,432.0,432.0,432.0,802.0,802.0,802.0,435.0,435.0,432.0,428.0,428.0,428.0
0.0,2550.0,1213.0,1278.0,1302.0,1195.0,398.0,398.0,399.0,426.0,426.0,426.0,404.0,404.0,405.0,849.0,849.0,852.0,398.0,398.0,399.0,426.0,426.0,426.0
0.0,2639.0,1131.0,1275.0,1195.0,1122.0,374.0,374.0,374.0,425.0,425.0,425.0,377.0,377.0,377.0,880.0,880.0,879.0,374.0,374.0,374.0,425.0,425.0,425.0
0.0,2703.0,1362.0,1276.0,1122.0,1365.0,454.0,454.0,457.0,425.0,425.0,426.0,454.0,454.0,454.0,901.0,901.0,901.0,454.0,454.0,457.0,425.0,425.0,426.0
0.0,2463.0,1398.0,1281.0,1365.0,1413.0,472.0,472.0,469.0,427.0,427.0,427.0,466.0,466.0,466.0,821.0,821.0,821.0,472.0,472.0,469.0,427.0,427.0,427.0
0.0,2430.0,1455.0,1287.0,1413.0,1473.0,491.0,491.0,491.0,429.0,429.0,429.0,485.0,485.0,485.0,809.0,809.0,812.0,491.0,491.0,491.0,429.0,429.0,429.0
0.0,2388.0,1425.0,1293.0,1473.0,1443.0,481.0,481.0,481.0,431.0,431.0,431.0,475.0,475.0,475.0,796.0,796.0,796.0,481.0,481.0,481.0,431.0,431.0,431.0
0.0,2436.0,1248.0,1291.0,1443.0,1242.0,413.0,413.0,416.0,430.0,430.0,431.0,416.0,416.0,416.0,812.0,812.0,812.0,413.0,413.0,416.0,430.0,430.0,431.0
0.0,2631.0,1116.0,1285.0,1242.0,1098.0,366.0,366.0,366.0,428.0,428.0,429.0,372.0,372.0,372.0,877.0,877.0,877.0,366.0,366.0,366.0,428.0,428.0,429.0
0.0,2757.0,1146.0,1282.0,1098.0,1137.0,379.0,379.0,379.0,427.0,427.0,428.0,382.0,382.0,382.0,918.0,918.0,921.0,379.0,379.0,379.0,427.0,427.0,428.0
0.0,2709.0,1353.0,1287.0,1137.0,1368.0,457.0,457.0,454.0,429.0,429.0,429.0,451.0,451.0,451.0,902.0,902.0,905.0,457.0,457.0,454.0,429.0,429.0,429.0
0.0,2493.0,1422.0,1293.0,1368.0,1440.0,480.0,480.0,480.0,431.0,431.0,431.0,474.0,474.0,474.0,830.0,830.0,833.0,480.0,480.0,480.0,431.0,431.0,431.0
0.0,2439.0,1453.0,1302.0,1440.0,1480.0,493.0,493.0,494.0,434.0,434.0,434.0,484.0,484.0,485.0,813.0,813.0,813.0,493.0,493.0,494.0,434.0,434.0,434.0
0.0,2426.0,1434.0,1305.0,1480.0,1443.0,481.0,481.0,481.0,435.0,435.0,435.0,478.0,478.0,478.0,809.0,809.0,808.0,481.0,481.0,481.0,435.0,435.0,435.0
0.0,2472.0,1270.0,1305.0,1443.0,1270.0,423.0,423.0,424.0,435.0,435.0,435.0,423.0,423.0,424.0,824.0,824.0,824.0,423.0,423.0,424.0,435.0,435.0,435.0
0.0,2645.0,1083.0,1296.0,1270.0,1056.0,352.0,352.0,352.0,432.0,432.0,432.0,361.0,361.0,361.0,882.0,882.0,881.0,352.0,352.0,352.0,432.0,432.0,432.0
0.0,2832.0,1132.0,1291.0,1056.0,1117.0,371.0,371.0,375.0,430.0,430.0,431.0,377.0,377.0,378.0,944.0,944.0,944.0,371.0,371.0,375.0,430.0,430.0,431.0
0.0,2756.0,1423.0,1299.0,1117.0,1447.0,483.0,483.0,481.0,433.0,433.0,433.0,474.0,474.0,475.0,919.0,919.0,918.0,483.0,483.0,481.0,433.0,433.0,433.0
0.0,2450.0,1446.0,1303.0,1447.0,1458.0,485.0,485.0,488.0,434.0,434.0,435.0,482.0,482.0,482.0,816.0,816.0,818.0,485.0,485.0,488.0,434.0,434.0,435.0
0.0,2451.0,1482.0,1309.0,1458.0,1500.0,500.0,500.0,500.0,436.0,436.0,437.0,494.0,494.0,494.0,817.0,817.0,817.0,500.0,500.0,500.0,436.0,436.0,437.0
0.0,2427.0,1416.0,1311.0,1500.0,1422.0,475.0,475.0,472.0,437.0,437.0,437.0,472.0,472.0,472.0,808.0,808.0,811.0,475.0,475.0,472.0,437.0,437.0,437.0
0.0,2511.0,1308.0,1305.0,1422.0,1290.0,430.0,430.0,430.0,435.0,435.0,435.0,436.0,436.0,436.0,836.0,836.0,839.0,430.0,430.0,430.0,435.0,435.0,435.0
0.0,2625.0,1279.0,1302.0,1290.0,1270.0,423.0,423.0,424.0,434.0,434.0,434.0,426.0,426.0,427.0,875.0,875.0,875.0,423.0,423.0,424.0,434.0,434.0,434.0
0.0,2636.0,1314.0,1302.0,1270.0,1314.0,438.0,438.0,438.0,434.0,434.0,434.0,438.0,438.0,438.0,879.0,879.0,878.0,438.0,438.0,438.0,434.0,434.0,434.0
0.0,2592.0,1320.0,1302.0,1314.0,1320.0,440.0,440.0,440.0,434.0,434.0,434.0,440.0,440.0,440.0,864.0,864.0,864.0,440.0,440.0,440.0,434.0,434.0,434.0
0.0,2586.0,1461.0,1311.0,1320.0,1488.0,496.0,496.0,496.0,437.0,437.0,437.0,487.0,487.0,487.0,862.0,862.0,862.0,496.0,496.0,496.0,437.0,437.0,437.0
0.0,2445.0,1491.0,1317.0,1488.0,1509.0,503.0,503.0,503.0,439.0,439.0,439.0,497.0,497.0,497.0,815.0,815.0,815.0,503.0,503.0,503.0,439.0,439.0,439.0
0.0,2442.0,1515.0,1323.0,1509.0,1533.0,511.0,511.0,511.0,441.0,441.0,441.0,505.0,505.0,505.0,814.0,814.0,814.0,511.0,511.0,511.0,441.0,441.0,441.0
0.0,2436.0,1326.0,1323.0,1533.0,1326.0,442.0,442.0,442.0,441.0,441.0,441.0,442.0,442.0,442.0,812.0,812.0,812.0,442.0,442.0,442.0,441.0,441.0,441.0
0.0,2643.0,1191.0,1317.0,1326.0,1173.0,391.0,391.0,391.0,439.0,439.0,439.0,397.0,397.0,397.0,881.0,881.0,881.0,391.0,391.0,391.0,439.0,439.0,439.0
0.0,2778.0,1149.0,1314.0,1173.0,1140.0,380.0,380.0,380.0,438.0,438.0,438.0,383.0,383.0,383.0,926.0,926.0,926.0,380.0,380.0,380.0,438.0,438.0,438.0
0.0,2802.0,1377.0,1317.0,1140.0,1386.0,462.0,462.0,462.0,439.0,439.0,439.0,459.0,459.0,459.0,934.0,934.0,934.0,462.0,462.0,462.0,439.0,439.0,439.0
0.0,2565.0,1389.0,1323.0,1386.0,1407.0,469.0,469.0,469.0,441.0,441.0,441.0,463.0,463.0,463.0,855.0,855.0,855.0,469.0,469.0,469.0,441.0,441.0,441.0
0.0,2562.0,1425.0,1329.0,1407.0,1443.0,481.0,481.0,481.0,443.0,443.0,443.0,475.0,475.0,475.0,854.0,854.0,854.0,481.0,481.0,481.0,443.0,443.0,443.0
0.0,2544.0,1348.0,1327.0,1443.0,1342.0,446.0,446.0,450.0,442.0,442.0,443.0,449.0,449.0,450.0,848.0,848.0,848.0,446.0,446.0,450.0,442.0,442.0,443.0
0.0,2639.0,1344.0,1327.0,1342.0,1344.0,448.0,448.0,448.0,442.0,442.0,443.0,448.0,448.0,448.0,880.0,880.0,879.0,448.0,448.0,448.0,442.0,442.0,443.0
0.0,2637.0,1242.0,1326.0,1344.0,1239.0,414.0,414.0,411.0,442.0,442.0,442.0,414.0,414.0,414.0,878.0,878.0,881.0,414.0,414.0,411.0,442.0,442.0,442.0
0.0,2739.0,1113.0,1318.0,1239.0,1089.0,362.0,362.0,365.0,439.0,439.0,440.0,371.0,371.0,371.0,912.0,912.0,915.0,362.0,362.0,365.0,439.0,439.0,440.0
0.0,2865.0,1443.0,1326.0,1089.0,1467.0,490.0,490.0,487.0,442.0,442.0,442.0,481.0,481.0,481.0,955.0,955.0,955.0,490.0,490.0,487.0,442.0,442.0,442.0
0.0,2511.0,1392.0,1329.0,1467.0,1401.0,467.0,467.0,467.0,443.0,443.0,443.0,464.0,464.0,464.0,836.0,836.0,839.0,467.0,467.0,467.0,443.0,443.0,443.0
0.0,2586.0,1479.0,1335.0,1401.0,1497.0,499.0,499.0,499.0,445.0,445.0,445.0,493.0,493.0,493.0,862.0,862.0,862.0,499.0,499.0,499.0,445.0,445.0,445.0
0.0,2508.0,1404.0,1335.0,1497.0,1404.0,468.0,468.0,468.0,445.0,445.0,445.0,468.0,468.0,468.0,836.0,836.0,836.0,468.0,468.0,468.0,445.0,445.0,445.0
0.0,2601.0,1281.0,1335.0,1404.0,1281.0,427.0,427.0,427.0,445.0,445.0,445.0,427.0,427.0,427.0,867.0,867.0,867.0,427.0,427.0,427.0,445.0,445.0,445.0
0.0,2724.0,1180.0,1327.0,1281.0,1156.0,384.0,384.0,388.0,442.0,442.0,443.0,393.0,393.0,394.0,908.0,908.0,908.0,384.0,384.0,388.0,442.0,442.0,443.0
0.0,2825.0,1206.0,1326.0,1156.0,1203.0,402.0,402.0,399.0,442.0,442.0,442.0,402.0,402.0,402.0,942.0,942.0,941.0,402.0,402.0,399.0,442.0,442.0,442.0
0.0,2775.0,1416.0,1327.0,1203.0,1419.0,472.0,472.0,475.0,442.0,442.0,443.0,472.0,472.0,472.0,924.0,924.0,927.0,472.0,472.0,475.0,442.0,442.0,443.0
0.0,2562.0,1386.0,1332.0,1419.0,1401.0,468.0,468.0,465.0,444.0,444.0,444.0,462.0,462.0,462.0,854.0,854.0,854.0,468.0,468.0,465.0,444.0,444.0,444.0
0.0,2595.0,1464.0,1335.0,1401.0,1473.0,491.0,491.0,491.0,445.0,445.0,445.0,488.0,488.0,488.0,864.0,864.0,867.0,491.0,491.0,491.0,445.0,445.0,445.0
0.0,2532.0,1456.0,1339.0,1473.0,1468.0,488.0,488.0,492.0,446.0,446.0,447.0,485.0,485.0,486.0,844.0,844.0,844.0,488.0,488.0,492.0,446.0,446.0,447.0
0.0,2549.0,1362.0,1338.0,1468.0,1359.0,454.0,454.0,451.0,446.0,446.0,446.0,454.0,454.0,454.0,850.0,850.0,849.0,454.0,454.0,451.0,446.0,446.0,446.0
0.0,2655.0,1167.0,1335.0,1359.0,1158.0,386.0,386.0,386.0,445.0,445.0,445.0,389.0,389.0,389.0,884.0,884.0,887.0,386.0,386.0,386.0,445.0,445.0,445.0
0.0,2847.0,1224.0,1329.0,1158.0,1206.0,402.0,402.0,402.0,443.0,443.0,443.0,408.0,408.0,408.0,949.0,949.0,949.0,402.0,402.0,402.0,443.0,443.0,443.0
0.0,2781.0,1290.0,1329.0,1206.0,1290.0,430.0,430.0,430.0,443.0,443.0,443.0,430.0,430.0,430.0,927.0,927.0,927.0,430.0,430.0,430.0,443.0,443.0,443.0
0.0,2697.0,1482.0,1335.0,1290.0,1500.0,500.0,500.0,500.0,445.0,445.0,445.0,494.0,494.0,494.0,899.0,899.0,899.0,500.0,500.0,500.0,445.0,445.0,445.0
0.0,2505.0,1494.0,1341.0,1500.0,1512.0,504.0,504.0,504.0,447.0,447.0,447.0,498.0,498.0,498.0,835.0,835.0,835.0,504.0,504.0,504.0,447.0,447.0,447.0
0.0,2511.0,1425.0,1344.0,1512.0,1434.0,478.0,478.0,478.0,448.0,448.0,448.0,475.0,475.0,475.0,837.0,837.0,837.0,478.0,478.0,478.0,448.0,448.0,448.0
0.0,2598.0,1455.0,1344.0,1434.0,1455.0,485.0,485.0,485.0,448.0,448.0,448.0,485.0,485.0,485.0,866.0,866.0,866.0,485.0,485.0,485.0,448.0,448.0,448.0
0.0,2577.0,1335.0,1341.0,1455.0,1326.0,442.0,442.0,442.0,447.0,447.0,447.0,445.0,445.0,445.0,859.0,859.0,859.0,442.0,442.0,442.0,447.0,447.0,447.0
0.0,2697.0,1266.0,1338.0,1326.0,1257.0,419.0,419.0,419.0,446.0,446.0,446.0,422.0,422.0,422.0,899.0,899.0,899.0,419.0,419.0,419.0,446.0,446.0,446.0
0.0,2757.0,1410.0,1341.0,1257.0,1419.0,473.0,473.0,473.0,447.0,447.0,447.0,470.0,470.0,470.0,919.0,919.0,919.0,473.0,473.0,473.0,447.0,447.0,447.0
0.0,2604.0,1500.0,1350.0,1419.0,1527.0,509.0,509.0,509.0,450.0,450.0,450.0,500.0,500.0,500.0,868.0,868.0,868.0,509.0,509.0,509.0,450.0,450.0,450.0
0.0,2523.0,1434.0,1356.0,1527.0,1452.0,484.0,484.0,484.0,452.0,452.0,452.0,478.0,478.0,478.0,841.0,841.0,841.0,484.0,484.0,484.0,452.0,452.0,452.0
0.0,2616.0,1495.0,1357.0,1452.0,1498.0,498.0,498.0,502.0,452.0,452.0,453.0,498.0,498.0,499.0,872.0,872.0,872.0,498.0,498.0,502.0,452.0,452.0,453.0
0.0,2573.0,1368.0,1356.0,1498.0,1365.0,456.0,456.0,453.0,452.0,452.0,452.0,456.0,456.0,456.0,858.0,858.0,857.0,456.0,456.0,453.0,452.0,452.0,452.0
0.0,2703.0,1383.0,1356.0,1365.0,1383.0,461.0,461.0,461.0,452.0,452.0,452.0,461.0,461.0,461.0,900.0,900.0,903.0,461.0,461.0,461.0,452.0,452.0,452.0
0.0,2685.0,1326.0,1353.0,1383.0,1317.0,439.0,439.0,439.0,451.0,451.0,451.0,442.0,442.0,442.0,895.0,895.0,895.0,439.0,439.0,439.0,451.0,451.0,451.0
0.0,2742.0,1407.0,1356.0,1317.0,1416.0,472.0,472.0,472.0,452.0,452.0,452.0,469.0,469.0,469.0,914.0,914.0,914.0,472.0,472.0,472.0,452.0,452.0,452.0
0.0,2652.0,1587.0,1365.0,1416.0,1614.0,538.0,538.0,538.0,455.0,455.0,455.0,529.0,529.0,529.0,884.0,884.0,884.0,538.0,538.0,538.0,455.0,455.0,455.0
0.0,2481.0,1521.0,1374.0,1614.0,1548.0,516.0,516.0,516.0,458.0,458.0,458.0,507.0,507.0,507.0,827.0,827.0,827.0,516.0,516.0,516.0,458.0,458.0,458.0
0.0,2574.0,1596.0,1377.0,1548.0,1605.0,535.0,535.0,535.0,459.0,459.0,459.0,532.0,532.0,532.0,858.0,858.0,858.0,535.0,535.0,535.0,459.0,459.0,459.0
0.0,2526.0,1173.0,1371.0,1605.0,1155.0,385.0,385.0,385.0,457.0,457.0,457.0,391.0,391.0,391.0,842.0,842.0,842.0,385.0,385.0,385.0,457.0,457.0,457.0
0.0,2958.0,1176.0,1365.0,1155.0,1158.0,386.0,386.0,386.0,455.0,455.0,455.0,392.0,392.0,392.0,986.0,986.0,986.0,386.0,386.0,386.0,455.0,455.0,455.0
0.0,2937.0,1311.0,1362.0,1158.0,1302.0,434.0,434.0,434.0,454.0,454.0,454.0,437.0,437.0,437.0,979.0,979.0,979.0,434.0,434.0,434.0,454.0,454.0,454.0
0.0,2784.0,1387.0,1365.0,1302.0,1396.0,465.0,465.0,466.0,455.0,455.0,455.0,462.0,462.0,463.0,928.0,928.0,928.0,465.0,465.0,466.0,455.0,455.0,455.0
0.0,2699.0,1356.0,1365.0,1396.0,1356.0,452.0,452.0,452.0,455.0,455.0,455.0,452.0,452.0,452.0,900.0,900.0,899.0,452.0,452.0,452.0,455.0,455.0,455.0
0.0,2739.0,1510.0,1371.0,1356.0,1528.0,509.0,509.0,510.0,457.0,457.0,457.0,503.0,503.0,504.0,913.0,913.0,913.0,509.0,509.0,510.0,457.0,457.0,457.0
0.0,2585.0,1390.0,1371.0,1528.0,1390.0,463.0,463.0,464.0,457.0,457.0,457.0,463.0,463.0,464.0,862.0,862.0,861.0,463.0,463.0,464.0,457.0,457.0,457.0
0.0,2723.0,1372.0,1369.0,1390.0,1366.0,454.0,454.0,458.0,456.0,456.0,457.0,457.0,457.0,458.0,908.0,908.0,907.0,454.0,454.0,458.0,456.0,456.0,457.0
0.0,2741.0,1398.0,1368.0,1366.0,1395.0,466.0,466.0,463.0,456.0,456.0,456.0,466.0,466.0,466.0,914.0,914.0,913.0,466.0,466.0,463.0,456.0,456.0,456.0
0.0,2709.0,1356.0,1365.0,1395.0,1347.0,449.0,449.0,449.0,455.0,455.0,455.0,452.0,452.0,452.0,902.0,902.0,905.0,449.0,449.0,449.0,455.0,455.0,455.0
0.0,2748.0,1423.0,1366.0,1347.0,1426.0,474.0,474.0,478.0,455.0,455.0,456.0,474.0,474.0,475.0,916.0,916.0,916.0,474.0,474.0,478.0,455.0,455.0,456.0
0.0,2672.0,1458.0,1371.0,1426.0,1473.0,492.0,492.0,489.0,457.0,457.0,457.0,486.0,486.0,486.0,891.0,891.0,890.0,492.0,492.0,489.0,457.0,457.0,457.0
0.0,2640.0,1551.0,1380.0,1473.0,1578.0,526.0,526.0,526.0,460.0,460.0,460.0,517.0,517.0,517.0,879.0,879.0,882.0,526.0,526.0,526.0,460.0,460.0,460.0
0.0,2562.0,1422.0,1380.0,1578.0,1422.0,474.0,474.0,474.0,460.0,460.0,460.0,474.0,474.0,474.0,854.0,854.0,854.0,474.0,474.0,474.0,460.0,460.0,460.0
0.0,2718.0,1338.0,1380.0,1422.0,1338.0,446.0,446.0,446.0,460.0,460.0,460.0,446.0,446.0,446.0,906.0,906.0,906.0,446.0,446.0,446.0,460.0,460.0,460.0
0.0,2802.0,1288.0,1377.0,1338.0,1279.0,426.0,426.0,427.0,459.0,459.0,459.0,429.0,429.0,430.0,934.0,934.0,934.0,426.0,426.0,427.0,459.0,459.0,459.0
0.0,2852.0,1206.0,1374.0,1279.0,1197.0,399.0,399.0,399.0,458.0,458.0,458.0,402.0,402.0,402.0,951.0,951.0,950.0,399.0,399.0,399.0,458.0,458.0,458.0
0.0,2925.0,1422.0,1375.0,1197.0,1425.0,474.0,474.0,477.0,458.0,458.0,459.0,474.0,474.0,474.0,975.0,975.0,975.0,474.0,474.0,477.0,458.0,458.0,459.0
0.0,2700.0,1591.0,1383.0,1425.0,1615.0,539.0,539.0,537.0,461.0,461.0,461.0,530.0,530.0,531.0,900.0,900.0,900.0,539.0,539.0,537.0,461.0,461.0,461.0
0.0,2534.0,1629.0,1392.0,1615.0,1656.0,552.0,552.0,552.0,464.0,464.0,464.0,543.0,543.0,543.0,844.0,844.0,846.0,552.0,552.0,552.0,464.0,464.0,464.0
0.0,2520.0,1575.0,1395.0,1656.0,1584.0,528.0,528.0,528.0,465.0,465.0,465.0,525.0,525.0,525.0,840.0,840.0,840.0,528.0,528.0,528.0,465.0,465.0,465.0
0.0,2601.0,1335.0,1393.0,1584.0,1329.0,442.0,442.0,445.0,464.0,464.0,465.0,445.0,445.0,445.0,867.0,867.0,867.0,442.0,442.0,445.0,464.0,464.0,465.0
0.0,2850.0,1267.0,1389.0,1329.0,1255.0,419.0,419.0,417.0,463.0,463.0,463.0,422.0,422.0,423.0,950.0,950.0,950.0,419.0,419.0,417.0,463.0,463.0,463.0
0.0,2912.0,1324.0,1389.0,1255.0,1324.0,441.0,441.0,442.0,463.0,463.0,463.0,441.0,441.0,442.0,970.0,970.0,972.0,441.0,441.0,442.0,463.0,463.0,463.0
0.0,2843.0,1416.0,1390.0,1324.0,1419.0,472.0,472.0,475.0,463.0,463.0,464.0,472.0,472.0,472.0,948.0,948.0,947.0,472.0,472.0,475.0,463.0,463.0,464.0
0.0,2751.0,1527.0,1398.0,1419.0,1551.0,518.0,518.0,515.0,466.0,466.0,466.0,509.0,509.0,509.0,917.0,917.0,917.0,518.0,518.0,515.0,466.0,466.0,466.0
0.0,2643.0,1539.0,1404.0,1551.0,1557.0,519.0,519.0,519.0,468.0,468.0,468.0,513.0,513.0,513.0,880.0,880.0,883.0,519.0,519.0,519.0,468.0,468.0,468.0
0.0,2655.0,1491.0,1404.0,1557.0,1491.0,497.0,497.0,497.0,468.0,468.0,468.0,497.0,497.0,497.0,885.0,885.0,885.0,497.0,497.0,497.0,468.0,468.0,468.0
0.0,2721.0,1365.0,1404.0,1491.0,1365.0,455.0,455.0,455.0,468.0,468.0,468.0,455.0,455.0,455.0,907.0,907.0,907.0,455.0,455.0,455.0,468.0,468.0,468.0
0.0,2847.0,1392.0,1404.0,1365.0,1392.0,464.0,464.0,464.0,468.0,468.0,468.0,464.0,464.0,464.0,949.0,949.0,949.0,464.0,464.0,464.0,468.0,468.0,468.0
0.0,2820.0,1369.0,1401.0,1392.0,1360.0,453.0,453.0,454.0,467.0,467.0,467.0,456.0,456.0,457.0,940.0,940.0,940.0,453.0,453.0,454.0,467.0,467.0,467.0
0.0,2843.0,1431.0,1404.0,1360.0,1440.0,480.0,480.0,480.0,468.0,468.0,468.0,477.0,477.0,477.0,948.0,948.0,947.0,480.0,480.0,480.0,468.0,468.0,468.0
0.0,2772.0,1638.0,1413.0,1440.0,1665.0,555.0,555.0,555.0,471.0,471.0,471.0,546.0,546.0,546.0,924.0,924.0,924.0,555.0,555.0,555.0,471.0,471.0,471.0
0.0,2574.0,1548.0,1419.0,1665.0,1566.0,522.0,522.0,522.0,473.0,473.0,473.0,516.0,516.0,516.0,858.0,858.0,858.0,522.0,522.0,522.0,473.0,473.0,473.0
0.0,2691.0,1446.0,1422.0,1566.0,1455.0,485.0,485.0,485.0,474.0,474.0,474.0,482.0,482.0,482.0,897.0,897.0,897.0,485.0,485.0,485.0,474.0,474.0,474.0
0.0,2811.0,1438.0,1420.0,1455.0,1432.0,476.0,476.0,480.0,473.0,473.0,474.0,479.0,479.0,480.0,937.0,937.0,937.0,476.0,476.0,480.0,473.0,473.0,474.0
0.0,2828.0,1360.0,1419.0,1432.0,1357.0,453.0,453.0,451.0,473.0,473.0,473.0,453.0,453.0,454.0,943.0,943.0,942.0,453.0,453.0,451.0,473.0,473.0,473.0
0.0,2900.0,1428.0,1419.0,1357.0,1428.0,476.0,476.0,476.0,473.0,473.0,473.0,476.0,476.0,476.0,966.0,966.0,968.0,476.0,476.0,476.0,473.0,473.0,473.0
0.0,2829.0,1351.0,1416.0,1428.0,1342.0,447.0,447.0,448.0,472.0,472.0,472.0,450.0,450.0,451.0,943.0,943.0,943.0,447.0,447.0,448.0,472.0,472.0,472.0
0.0,2906.0,1569.0,1420.0,1342.0,1581.0,526.0,526.0,529.0,473.0,473.0,474.0,523.0,523.0,523.0,969.0,969.0,968.0,526.0,526.0,529.0,473.0,473.0,474.0
0.0,2679.0,1578.0,1426.0,1581.0,1596.0,532.0,532.0,532.0,475.0,475.0,476.0,526.0,526.0,526.0,893.0,893.0,893.0,532.0,532.0,532.0,475.0,475.0,476.0
0.0,2682.0,1558.0,1429.0,1596.0,1567.0,522.0,522.0,523.0,476.0,476.0,477.0,519.0,519.0,520.0,893.0,893.0,896.0,522.0,522.0,523.0,476.0,476.0,477.0
0.0,2720.0,1363.0,1426.0,1567.0,1354.0,451.0,451.0,452.0,475.0,475.0,476.0,454.0,454.0,455.0,906.0,906.0,908.0,451.0,451.0,452.0,475.0,475.0,476.0
0.0,2924.0,1419.0,1426.0,1354.0,1419.0,473.0,473.0,473.0,475.0,475.0,476.0,473.0,473.0,473.0,974.0,974.0,976.0,473.0,473.0,473.0,475.0,475.0,476.0
0.0,2859.0,1345.0,1423.0,1419.0,1336.0,445.0,445.0,446.0,474.0,474.0,475.0,448.0,448.0,449.0,952.0,952.0,955.0,445.0,445.0,446.0,474.0,474.0,475.0
0.0,2933.0,1413.0,1425.0,1336.0,1419.0,474.0,474.0,471.0,475.0,475.0,475.0,471.0,471.0,471.0,977.0,977.0,979.0,474.0,474.0,471.0,475.0,475.0,475.0
0.0,2856.0,1596.0,1428.0,1419.0,1605.0,535.0,535.0,535.0,476.0,476.0,476.0,532.0,532.0,532.0,951.0,951.0,954.0,535.0,535.0,535.0,476.0,476.0,476.0
0.0,2679.0,1611.0,1434.0,1605.0,1629.0,543.0,543.0,543.0,478.0,478.0,478.0,537.0,537.0,537.0,893.0,893.0,893.0,543.0,543.0,543.0,478.0,478.0,478.0
0.0,2673.0,1389.0,1434.0,1629.0,1389.0,463.0,463.0,463.0,478.0,478.0,478.0,463.0,463.0,463.0,891.0,891.0,891.0,463.0,463.0,463.0,478.0,478.0,478.0
0.0,2913.0,1425.0,1431.0,1389.0,1416.0,472.0,472.0,472.0,477.0,477.0,477.0,475.0,475.0,475.0,971.0,971.0,971.0,472.0,472.0,472.0,477.0,477.0,477.0
0.0,2877.0,1335.0,1428.0,1416.0,1326.0,442.0,442.0,442.0,476.0,476.0,476.0,445.0,445.0,445.0,959.0,959.0,959.0,442.0,442.0,442.0,476.0,476.0,476.0
0.0,2958.0,1266.0,1420.0,1326.0,1242.0,413.0,413.0,416.0,473.0,473.0,474.0,422.0,422.0,422.0,986.0,986.0,986.0,413.0,413.0,416.0,473.0,473.0,474.0
0.0,3018.0,1434.0,1425.0,1242.0,1449.0,484.0,484.0,481.0,475.0,475.0,475.0,478.0,478.0,478.0,1006.0,1006.0,1006.0,484.0,484.0,481.0,475.0,475.0,475.0
0.0,2826.0,1501.0,1431.0,1449.0,1519.0,506.0,506.0,507.0,477.0,477.0,477.0,500.0,500.0,501.0,941.0,941.0,944.0,506.0,506.0,507.0,477.0,477.0,477.0
0.0,2774.0,1615.0,1437.0,1519.0,1633.0,544.0,544.0,545.0,479.0,479.0,479.0,538.0,538.0,539.0,925.0,925.0,924.0,544.0,544.0,545.0,479.0,479.0,479.0
0.0,2678.0,1566.0,1441.0,1633.0,1578.0,525.0,525.0,528.0,480.0,480.0,481.0,522.0,522.0,522.0,893.0,893.0,892.0,525.0,525.0,528.0,480.0,480.0,481.0
0.0,2745.0,1335.0,1440.0,1578.0,1332.0,445.0,445.0,442.0,480.0,480.0,480.0,445.0,445.0,445.0,915.0,915.0,915.0,445.0,445.0,442.0,480.0,480.0,480.0
0.0,2988.0,1245.0,1435.0,1332.0,1230.0,409.0,409.0,412.0,478.0,478.0,479.0,415.0,415.0,415.0,995.0,995.0,998.0,409.0,409.0,412.0,478.0,478.0,479.0
0.0,3075.0,1317.0,1434.0,1230.0,1314.0,439.0,439.0,436.0,478.0,478.0,478.0,439.0,439.0,439.0,1025.0,1025.0,1025.0,439.0,439.0,436.0,478.0,478.0,478.0
0.0,2988.0,1635.0,1440.0,1314.0,1653.0,551.0,551.0,551.0,480.0,480.0,480.0,545.0,545.0,545.0,995.0,995.0,998.0,551.0,551.0,551.0,480.0,480.0,480.0
0.0,2667.0,1641.0,1443.0,1653.0,1650.0,550.0,550.0,550.0,481.0,481.0,481.0,547.0,547.0,547.0,889.0,889.0,889.0,550.0,550.0,550.0,481.0,481.0,481.0
0.0,2679.0,1680.0,1450.0,1650.0,1701.0,566.0,566.0,569.0,483.0,483.0,484.0,560.0,560.0,560.0,893.0,893.0,893.0,566.0,566.0,569.0,483.0,483.0,484.0
0.0,2649.0,1524.0,1452.0,1701.0,1530.0,511.0,511.0,508.0,484.0,484.0,484.0,508.0,508.0,508.0,883.0,883.0,883.0,511.0,511.0,508.0,484.0,484.0,484.0
0.0,2826.0,1410.0,1452.0,1530.0,1410.0,470.0,470.0,470.0,484.0,484.0,484.0,470.0,470.0,470.0,941.0,941.0,944.0,470.0,470.0,470.0,484.0,484.0,484.0
0.0,2946.0,1267.0,1446.0,1410.0,1249.0,416.0,416.0,417.0,482.0,482.0,482.0,422.0,422.0,423.0,982.0,982.0,982.0,416.0,416.0,417.0,482.0,482.0,482.0
0.0,3089.0,1431.0,1446.0,1249.0,1431.0,477.0,477.0,477.0,482.0,482.0,482.0,477.0,477.0,477.0,1030.0,1030.0,1029.0,477.0,477.0,477.0,482.0,482.0,482.0
0.0,2907.0,1578.0,1450.0,1431.0,1590.0,529.0,529.0,532.0,483.0,483.0,484.0,526.0,526.0,526.0,969.0,969.0,969.0,529.0,529.0,532.0,483.0,483.0,484.0
0.0,2760.0,1638.0,1458.0,1590.0,1662.0,555.0,555.0,552.0,486.0,486.0,486.0,546.0,546.0,546.0,920.0,920.0,920.0,555.0,555.0,552.0,486.0,486.0,486.0
0.0,2712.0,1542.0,1464.0,1662.0,1560.0,520.0,520.0,520.0,488.0,488.0,488.0,514.0,514.0,514.0,903.0,903.0,906.0,520.0,520.0,520.0,488.0,488.0,488.0
0.0,2832.0,1608.0,1467.0,1560.0,1617.0,539.0,539.0,539.0,489.0,489.0,489.0,536.0,536.0,536.0,944.0,944.0,944.0,539.0,539.0,539.0,489.0,489.0,489.0
0.0,2784.0,1408.0,1464.0,1617.0,1399.0,466.0,466.0,467.0,488.0,488.0,488.0,469.0,469.0,470.0,928.0,928.0,928.0,466.0,466.0,467.0,488.0,488.0,488.0
0.0,2993.0,1314.0,1458.0,1399.0,1296.0,432.0,432.0,432.0,486.0,486.0,486.0,438.0,438.0,438.0,998.0,998.0,997.0,432.0,432.0,432.0,486.0,486.0,486.0
0.0,3078.0,1434.0,1455.0,1296.0,1425.0,475.0,475.0,475.0,485.0,485.0,485.0,478.0,478.0,478.0,1026.0,1026.0,1026.0,475.0,475.0,475.0,485.0,485.0,485.0
0.0,2940.0,1513.0,1458.0,1425.0,1522.0,507.0,507.0,508.0,486.0,486.0,486.0,504.0,504.0,505.0,980.0,980.0,980.0,507.0,507.0,508.0,486.0,486.0,486.0
0.0,2852.0,1671.0,1467.0,1522.0,1698.0,566.0,566.0,566.0,489.0,489.0,489.0,557.0,557.0,557.0,951.0,951.0,950.0,566.0,566.0,566.0,489.0,489.0,489.0
0.0,2703.0,1632.0,1473.0,1698.0,1650.0,550.0,550.0,550.0,491.0,491.0,491.0,544.0,544.0,544.0,901.0,901.0,901.0,550.0,550.0,550.0,491.0,491.0,491.0
0.0,2769.0,1632.0,1476.0,1650.0,1641.0,547.0,547.0,547.0,492.0,492.0,492.0,544.0,544.0,544.0,923.0,923.0,923.0,547.0,547.0,547.0,492.0,492.0,492.0
0.0,2787.0,1503.0,1476.0,1641.0,1503.0,501.0,501.0,501.0,492.0,492.0,492.0,501.0,501.0,501.0,929.0,929.0,929.0,501.0,501.0,501.0,492.0,492.0,492.0
0.0,2925.0,1380.0,1473.0,1503.0,1371.0,457.0,457.0,457.0,491.0,491.0,491.0,460.0,460.0,460.0,975.0,975.0,975.0,457.0,457.0,457.0,491.0,491.0,491.0
0.0,3048.0,1398.0,1470.0,1371.0,1389.0,463.0,463.0,463.0,490.0,490.0,490.0,466.0,466.0,466.0,1016.0,1016.0,1016.0,463.0,463.0,463.0,490.0,490.0,490.0
0.0,3021.0,1458.0,1473.0,1389.0,1467.0,489.0,489.0,489.0,491.0,491.0,491.0,486.0,486.0,486.0,1007.0,1007.0,1007.0,489.0,489.0,489.0,491.0,491.0,491.0
0.0,2952.0,1677.0,1479.0,1467.0,1695.0,565.0,565.0,565.0,493.0,493.0,493.0,559.0,559.0,559.0,984.0,984.0,984.0,565.0,565.0,565.0,493.0,493.0,493.0
0.0,2742.0,1540.0,1482.0,1695.0,1549.0,516.0,516.0,517.0,494.0,494.0,494.0,513.0,513.0,514.0,914.0,914.0,914.0,516.0,516.0,517.0,494.0,494.0,494.0
0.0,2897.0,1695.0,1486.0,1549.0,1707.0,568.0,568.0,571.0,495.0,495.0,496.0,565.0,565.0,565.0,966.0,966.0,965.0,568.0,568.0,571.0,495.0,495.0,496.0
0.0,2751.0,1368.0,1482.0,1707.0,1356.0,453.0,453.0,450.0,494.0,494.0,494.0,456.0,456.0,456.0,917.0,917.0,917.0,453.0,453.0,450.0,494.0,494.0,494.0
0.0,3090.0,1522.0,1482.0,1356.0,1522.0,507.0,507.0,508.0,494.0,494.0,494.0,507.0,507.0,508.0,1029.0,1029.0,1032.0,507.0,507.0,508.0,494.0,494.0,494.0
0.0,2924.0,1299.0,1479.0,1522.0,1290.0,430.0,430.0,430.0,493.0,493.0,493.0,433.0,433.0,433.0,975.0,975.0,974.0,430.0,430.0,430.0,493.0,493.0,493.0
0.0,3147.0,1575.0,1480.0,1290.0,1578.0,525.0,525.0,528.0,493.0,493.0,494.0,525.0,525.0,525.0,1049.0,1049.0,1049.0,525.0,525.0,528.0,493.0,493.0,494.0
0.0,2862.0,1662.0,1486.0,1578.0,1680.0,560.0,560.0,560.0,495.0,495.0,496.0,554.0,554.0,554.0,954.0,954.0,954.0,560.0,560.0,560.0,495.0,495.0,496.0
0.0,2778.0,1711.0,1491.0,1680.0,1726.0,576.0,576.0,574.0,497.0,497.0,497.0,570.0,570.0,571.0,925.0,925.0,928.0,576.0,576.0,574.0,497.0,497.0,497.0
0.0,2747.0,1584.0,1497.0,1726.0,1602.0,534.0,534.0,534.0,499.0,499.0,499.0,528.0,528.0,528.0,915.0,915.0,917.0,534.0,534.0,534.0,499.0,499.0,499.0
0.0,2889.0,1494.0,1494.0,1602.0,1485.0,495.0,495.0,495.0,498.0,498.0,498.0,498.0,498.0,498.0,963.0,963.0,963.0,495.0,495.0,495.0,498.0,498.0,498.0
0.0,2997.0,1278.0,1489.0,1485.0,1263.0,420.0,420.0,423.0,496.0,496.0,497.0,426.0,426.0,426.0,999.0,999.0,999.0,420.0,420.0,423.0,496.0,496.0,497.0
0.0,3204.0,1293.0,1485.0,1263.0,1281.0,428.0,428.0,425.0,495.0,495.0,495.0,431.0,431.0,431.0,1068.0,1068.0,1068.0,428.0,428.0,425.0,495.0,495.0,495.0
0.0,3174.0,1630.0,1489.0,1281.0,1642.0,546.0,546.0,550.0,496.0,496.0,497.0,543.0,543.0,544.0,1057.0,1057.0,1060.0,546.0,546.0,550.0,496.0,496.0,497.0
0.0,2825.0,1587.0,1492.0,1642.0,1596.0,532.0,532.0,532.0,497.0,497.0,498.0,529.0,529.0,529.0,942.0,942.0,941.0,532.0,532.0,532.0,497.0,497.0,498.0
0.0,2880.0,1662.0,1498.0,1596.0,1680.0,560.0,560.0,560.0,499.0,499.0,500.0,554.0,554.0,554.0,959.0,959.0,962.0,560.0,560.0,560.0,499.0,499.0,500.0
0.0,2814.0,1569.0,1501.0,1680.0,1578.0,526.0,526.0,526.0,500.0,500.0,501.0,523.0,523.0,523.0,937.0,937.0,940.0,526.0,526.0,526.0,500.0,500.0,501.0
0.0,2925.0,1549.0,1500.0,1578.0,1546.0,516.0,516.0,514.0,500.0,500.0,500.0,516.0,516.0,517.0,974.0,974.0,977.0,516.0,516.0,514.0,500.0,500.0,500.0
0.0,2954.0,1360.0,1497.0,1546.0,1351.0,450.0,450.0,451.0,499.0,499.0,499.0,453.0,453.0,454.0,984.0,984.0,986.0,450.0,450.0,451.0,499.0,499.0,499.0
0.0,3140.0,1500.0,1497.0,1351.0,1500.0,500.0,500.0,500.0,499.0,499.0,499.0,500.0,500.0,500.0,1047.0,1047.0,1046.0,500.0,500.0,500.0,499.0,499.0,499.0
0.0,2991.0,1540.0,1500.0,1500.0,1549.0,516.0,516.0,517.0,500.0,500.0,500.0,513.0,513.0,514.0,997.0,997.0,997.0,516.0,516.0,517.0,500.0,500.0,500.0
0.0,2951.0,1726.0,1507.0,1549.0,1747.0,581.0,581.0,585.0,502.0,502.0,503.0,575.0,575.0,576.0,984.0,984.0,983.0,581.0,581.0,585.0,502.0,502.0,503.0
0.0,2774.0,1723.0,1516.0,1747.0,1750.0,583.0,583.0,584.0,505.0,505.0,506.0,574.0,574.0,575.0,925.0,925.0,924.0,583.0,583.0,584.0,505.0,505.0,506.0
0.0,2798.0,1696.0,1521.0,1750.0,1711.0,571.0,571.0,569.0,507.0,507.0,507.0,565.0,565.0,566.0,932.0,932.0,934.0,571.0,571.0,569.0,507.0,507.0,507.0
0.0,2852.0,1488.0,1521.0,1711.0,1488.0,496.0,496.0,496.0,507.0,507.0,507.0,496.0,496.0,496.0,950.0,950.0,952.0,496.0,496.0,496.0,507.0,507.0,507.0
0.0,3075.0,1296.0,1515.0,1488.0,1278.0,426.0,426.0,426.0,505.0,505.0,505.0,432.0,432.0,432.0,1025.0,1025.0,1025.0,426.0,426.0,426.0,505.0,505.0,505.0
0.0,3267.0,1383.0,1512.0,1278.0,1374.0,458.0,458.0,458.0,504.0,504.0,504.0,461.0,461.0,461.0,1089.0,1089.0,1089.0,458.0,458.0,458.0,504.0,504.0,504.0
0.0,3162.0,1608.0,1518.0,1374.0,1626.0,542.0,542.0,542.0,506.0,506.0,506.0,536.0,536.0,536.0,1054.0,1054.0,1054.0,542.0,542.0,542.0,506.0,506.0,506.0
0.0,2928.0,1645.0,1524.0,1626.0,1663.0,554.0,554.0,555.0,508.0,508.0,508.0,548.0,548.0,549.0,976.0,976.0,976.0,554.0,554.0,555.0,508.0,508.0,508.0
0.0,2909.0,1570.0,1530.0,1663.0,1588.0,529.0,529.0,530.0,510.0,510.0,510.0,523.0,523.0,524.0,970.0,970.0,969.0,529.0,529.0,530.0,510.0,510.0,510.0
0.0,3002.0,1620.0,1530.0,1588.0,1620.0,540.0,540.0,540.0,510.0,510.0,510.0,540.0,540.0,540.0,1001.0,1001.0,1000.0,540.0,540.0,540.0,510.0,510.0,510.0
0.0,2970.0,1519.0,1527.0,1620.0,1510.0,503.0,503.0,504.0,509.0,509.0,509.0,506.0,506.0,507.0,990.0,990.0,990.0,503.0,503.0,504.0,509.0,509.0,509.0
0.0,3071.0,1479.0,1524.0,1510.0,1470.0,490.0,490.0,490.0,508.0,508.0,508.0,493.0,493.0,493.0,1024.0,1024.0,1023.0,490.0,490.0,490.0,508.0,508.0,508.0
0.0,3102.0,1341.0,1519.0,1470.0,1326.0,441.0,441.0,444.0,506.0,506.0,507.0,447.0,447.0,447.0,1034.0,1034.0,1034.0,441.0,441.0,444.0,506.0,506.0,507.0
0.0,3231.0,1437.0,1521.0,1326.0,1443.0,482.0,482.0,479.0,507.0,507.0,507.0,479.0,479.0,479.0,1077.0,1077.0,1077.0,482.0,482.0,479.0,507.0,507.0,507.0
0.0,3120.0,1722.0,1528.0,1443.0,1743.0,580.0,580.0,583.0,509.0,509.0,510.0,574.0,574.0,574.0,1039.0,1039.0,1042.0,580.0,580.0,583.0,509.0,509.0,510.0
0.0,2841.0,1896.0,1537.0,1743.0,1923.0,641.0,641.0,641.0,512.0,512.0,513.0,632.0,632.0,632.0,947.0,947.0,947.0,641.0,641.0,641.0,512.0,512.0,513.0
0.0,2688.0,1605.0,1539.0,1923.0,1611.0,538.0,538.0,535.0,513.0,513.0,513.0,535.0,535.0,535.0,895.0,895.0,898.0,538.0,538.0,535.0,513.0,513.0,513.0
0.0,3006.0,1608.0,1537.0,1611.0,1602.0,533.0,533.0,536.0,512.0,512.0,513.0,536.0,536.0,536.0,1001.0,1001.0,1004.0,533.0,533.0,536.0,512.0,512.0,513.0
0.0,3009.0,1558.0,1537.0,1602.0,1558.0,519.0,519.0,520.0,512.0,512.0,513.0,519.0,519.0,520.0,1003.0,1003.0,1003.0,519.0,519.0,520.0,512.0,512.0,513.0
0.0,3053.0,1431.0,1534.0,1558.0,1422.0,474.0,474.0,474.0,511.0,511.0,512.0,477.0,477.0,477.0,1017.0,1017.0,1019.0,474.0,474.0,474.0,511.0,511.0,512.0
0.0,3180.0,1638.0,1539.0,1422.0,1653.0,552.0,552.0,549.0,513.0,513.0,513.0,546.0,546.0,546.0,1059.0,1059.0,1062.0,552.0,552.0,549.0,513.0,513.0,513.0
0.0,2964.0,1609.0,1545.0,1653.0,1627.0,542.0,542.0,543.0,515.0,515.0,515.0,536.0,536.0,537.0,987.0,987.0,990.0,542.0,542.0,543.0,515.0,515.0,515.0
0.0,3008.0,1755.0,1551.0,1627.0,1773.0,591.0,591.0,591.0,517.0,517.0,517.0,585.0,585.0,585.0,1003.0,1003.0,1002.0,591.0,591.0,591.0,517.0,517.0,517.0
0.0,2880.0,1536.0,1551.0,1773.0,1536.0,512.0,512.0,512.0,517.0,517.0,517.0,512.0,512.0,512.0,960.0,960.0,960.0,512.0,512.0,512.0,517.0,517.0,517.0
0.0,3117.0,1530.0,1548.0,1536.0,1521.0,507.0,507.0,507.0,516.0,516.0,516.0,510.0,510.0,510.0,1039.0,1039.0,1039.0,507.0,507.0,507.0,516.0,516.0,516.0
0.0,3123.0,1414.0,1545.0,1521.0,1405.0,468.0,468.0,469.0,515.0,515.0,515.0,471.0,471.0,472.0,1041.0,1041.0,1041.0,468.0,468.0,469.0,515.0,515.0,515.0
0.0,3230.0,1372.0,1539.0,1405.0,1354.0,451.0,451.0,452.0,513.0,513.0,513.0,457.0,457.0,458.0,1077.0,1077.0,1076.0,451.0,451.0,452.0,513.0,513.0,513.0
0.0,3263.0,1482.0,1539.0,1354.0,1482.0,494.0,494.0,494.0,513.0,513.0,513.0,494.0,494.0,494.0,1088.0,1088.0,1087.0,494.0,494.0,494.0,513.0,513.0,513.0
0.0,3135.0,1647.0,1545.0,1482.0,1665.0,555.0,555.0,555.0,515.0,515.0,515.0,549.0,549.0,549.0,1045.0,1045.0,1045.0,555.0,555.0,555.0,515.0,515.0,515.0
0.0,2970.0,1842.0,1552.0,1665.0,1863.0,620.0,620.0,623.0,517.0,517.0,518.0,614.0,614.0,614.0,990.0,990.0,990.0,620.0,620.0,623.0,517.0,517.0,518.0
0.0,2793.0,1644.0,1557.0,1863.0,1659.0,554.0,554.0,551.0,519.0,519.0,519.0,548.0,548.0,548.0,931.0,931.0,931.0,554.0,554.0,551.0,519.0,519.0,519.0
0.0,3012.0,1539.0,1554.0,1659.0,1530.0,510.0,510.0,510.0,518.0,518.0,518.0,513.0,513.0,513.0,1003.0,1003.0,1006.0,510.0,510.0,510.0,518.0,518.0,518.0
0.0,3132.0,1596.0,1554.0,1530.0,1596.0,532.0,532.0,532.0,518.0,518.0,518.0,532.0,532.0,532.0,1044.0,1044.0,1044.0,532.0,532.0,532.0,518.0,518.0,518.0
0.0,3066.0,1429.0,1549.0,1596.0,1414.0,470.0,470.0,474.0,516.0,516.0,517.0,476.0,476.0,477.0,1022.0,1022.0,1022.0,470.0,470.0,474.0,516.0,516.0,517.0
0.0,3233.0,1602.0,1554.0,1414.0,1617.0,540.0,540.0,537.0,518.0,518.0,518.0,534.0,534.0,534.0,1078.0,1078.0,1077.0,540.0,540.0,537.0,518.0,518.0,518.0
0.0,3045.0,1776.0,1558.0,1617.0,1788.0,595.0,595.0,598.0,519.0,519.0,520.0,592.0,592.0,592.0,1014.0,1014.0,1017.0,595.0,595.0,598.0,519.0,519.0,520.0
0.0,2886.0,1684.0,1566.0,1788.0,1708.0,570.0,570.0,568.0,522.0,522.0,522.0,561.0,561.0,562.0,962.0,962.0,962.0,570.0,570.0,568.0,522.0,522.0,522.0
0.0,2990.0,1687.0,1569.0,1708.0,1696.0,565.0,565.0,566.0,523.0,523.0,523.0,562.0,562.0,563.0,996.0,996.0,998.0,565.0,565.0,566.0,523.0,523.0,523.0
0.0,3011.0,1407.0,1563.0,1696.0,1389.0,463.0,463.0,463.0,521.0,521.0,521.0,469.0,469.0,469.0,1004.0,1004.0,1003.0,463.0,463.0,463.0,521.0,521.0,521.0
0.0,3300.0,1470.0,1558.0,1389.0,1455.0,484.0,484.0,487.0,519.0,519.0,520.0,490.0,490.0,490.0,1100.0,1100.0,1100.0,484.0,484.0,487.0,519.0,519.0,520.0
0.0,3219.0,1581.0,1558.0,1455.0,1581.0,527.0,527.0,527.0,519.0,519.0,520.0,527.0,527.0,527.0,1073.0,1073.0,1073.0,527.0,527.0,527.0,519.0,519.0,520.0
0.0,3093.0,1477.0,1558.0,1581.0,1477.0,492.0,492.0,493.0,519.0,519.0,520.0,492.0,492.0,493.0,1030.0,1030.0,1033.0,492.0,492.0,493.0,519.0,519.0,520.0
0.0,3197.0,1779.0,1569.0,1477.0,1812.0,605.0,605.0,602.0,523.0,523.0,523.0,593.0,593.0,593.0,1065.0,1065.0,1067.0,605.0,605.0,602.0,523.0,523.0,523.0
0.0,2895.0,1683.0,1575.0,1812.0,1701.0,567.0,567.0,567.0,525.0,525.0,525.0,561.0,561.0,561.0,964.0,964.0,967.0,567.0,567.0,567.0,525.0,525.0,525.0
0.0,3024.0,1767.0,1578.0,1701.0,1776.0,592.0,592.0,592.0,526.0,526.0,526.0,589.0,589.0,589.0,1008.0,1008.0,1008.0,592.0,592.0,592.0,526.0,526.0,526.0
0.0,2958.0,1674.0,1579.0,1776.0,1677.0,558.0,558.0,561.0,526.0,526.0,527.0,558.0,558.0,558.0,986.0,986.0,986.0,558.0,558.0,561.0,526.0,526.0,527.0
0.0,3060.0,1515.0,1578.0,1677.0,1512.0,505.0,505.0,502.0,526.0,526.0,526.0,505.0,505.0,505.0,1020.0,1020.0,1020.0,505.0,505.0,502.0,526.0,526.0,526.0
0.0,3222.0,1470.0,1575.0,1512.0,1461.0,487.0,487.0,487.0,525.0,525.0,525.0,490.0,490.0,490.0,1073.0,1073.0,1076.0,487.0,487.0,487.0,525.0,525.0,525.0
0.0,3264.0,1750.0,1579.0,1461.0,1762.0,586.0,586.0,590.0,526.0,526.0,527.0,583.0,583.0,584.0,1088.0,1088.0,1088.0,586.0,586.0,590.0,526.0,526.0,527.0
0.0,2975.0,1794.0,1587.0,1762.0,1818.0,607.0,607.0,604.0,529.0,529.0,529.0,598.0,598.0,598.0,992.0,992.0,991.0,607.0,607.0,604.0,529.0,529.0,529.0
0.0,2943.0,1828.0,1593.0,1818.0,1846.0,615.0,615.0,616.0,531.0,531.0,531.0,609.0,609.0,610.0,980.0,980.0,983.0,615.0,615.0,616.0,531.0,531.0,531.0
0.0,2933.0,1713.0,1597.0,1846.0,1725.0,574.0,574.0,577.0,532.0,532.0,533.0,571.0,571.0,571.0,978.0,978.0,977.0,574.0,574.0,577.0,532.0,532.0,533.0
0.0,3066.0,1674.0,1596.0,1725.0,1671.0,558.0,558.0,555.0,532.0,532.0,532.0,558.0,558.0,558.0,1022.0,1022.0,1022.0,558.0,558.0,555.0,532.0,532.0,532.0
0.0,3117.0,1389.0,1590.0,1671.0,1371.0,457.0,457.0,457.0,530.0,530.0,530.0,463.0,463.0,463.0,1038.0,1038.0,1041.0,457.0,457.0,457.0,530.0,530.0,530.0
0.0,3399.0,1527.0,1587.0,1371.0,1518.0,506.0,506.0,506.0,529.0,529.0,529.0,509.0,509.0,509.0,1133.0,1133.0,1133.0,506.0,506.0,506.0,529.0,529.0,529.0
0.0,3243.0,1611.0,1588.0,1518.0,1614.0,537.0,537.0,540.0,529.0,529.0,530.0,537.0,537.0,537.0,1081.0,1081.0,1081.0,537.0,537.0,540.0,529.0,529.0,530.0
0.0,3150.0,1678.0,1596.0,1614.0,1702.0,568.0,568.0,566.0,532.0,532.0,532.0,559.0,559.0,560.0,1050.0,1050.0,1050.0,568.0,568.0,566.0,532.0,532.0,532.0
0.0,3086.0,1723.0,1602.0,1702.0,1741.0,580.0,580.0,581.0,534.0,534.0,534.0,574.0,574.0,575.0,1028.0,1028.0,1030.0,580.0,580.0,581.0,534.0,534.0,534.0
0.0,3065.0,1668.0,1603.0,1741.0,1671.0,556.0,556.0,559.0,534.0,534.0,535.0,556.0,556.0,556.0,1022.0,1022.0,1021.0,556.0,556.0,559.0,534.0,534.0,535.0
0.0,3138.0,1563.0,1602.0,1671.0,1560.0,521.0,521.0,518.0,534.0,534.0,534.0,521.0,521.0,521.0,1046.0,1046.0,1046.0,521.0,521.0,518.0,534.0,534.0,534.0
0.0,3246.0,1446.0,1599.0,1560.0,1437.0,479.0,479.0,479.0,533.0,533.0,533.0,482.0,482.0,482.0,1081.0,1081.0,1084.0,479.0,479.0,479.0,533.0,533.0,533.0
0.0,3360.0,1519.0,1597.0,1437.0,1513.0,503.0,503.0,507.0,532.0,532.0,533.0,506.0,506.0,507.0,1120.0,1120.0,1120.0,503.0,503.0,507.0,532.0,532.0,533.0
0.0,3278.0,1713.0,1602.0,1513.0,1728.0,577.0,577.0,574.0,534.0,534.0,534.0,571.0,571.0,571.0,1093.0,1093.0,1092.0,577.0,577.0,574.0,534.0,534.0,534.0
0.0,3078.0,1798.0,1608.0,1728.0,1816.0,605.0,605.0,606.0,536.0,536.0,536.0,599.0,599.0,600.0,1025.0,1025.0,1028.0,605.0,605.0,606.0,536.0,536.0,536.0
0.0,3008.0,1743.0,1615.0,1816.0,1764.0,587.0,587.0,590.0,538.0,538.0,539.0,581.0,581.0,581.0,1003.0,1003.0,1002.0,587.0,587.0,590.0,538.0,538.0,539.0
0.0,3081.0,1675.0,1620.0,1764.0,1690.0,564.0,564.0,562.0,540.0,540.0,540.0,558.0,558.0,559.0,1027.0,1027.0,1027.0,564.0,564.0,562.0,540.0,540.0,540.0
0.0,3170.0,1645.0,1618.0,1690.0,1639.0,545.0,545.0,549.0,539.0,539.0,540.0,548.0,548.0,549.0,1056.0,1056.0,1058.0,545.0,545.0,549.0,539.0,539.0,540.0
0.0,3215.0,1558.0,1612.0,1639.0,1540.0,513.0,513.0,514.0,537.0,537.0,538.0,519.0,519.0,520.0,1072.0,1072.0,1071.0,513.0,513.0,514.0,537.0,537.0,538.0
0.0,3296.0,1602.0,1612.0,1540.0,1602.0,534.0,534.0,534.0,537.0,537.0,538.0,534.0,534.0,534.0,1098.0,1098.0,1100.0,534.0,534.0,534.0,537.0,537.0,538.0
0.0,3234.0,1602.0,1611.0,1602.0,1599.0,534.0,534.0,531.0,537.0,537.0,537.0,534.0,534.0,534.0,1077.0,1077.0,1080.0,534.0,534.0,531.0,537.0,537.0,537.0
0.0,3234.0,1740.0,1615.0,1599.0,1752.0,583.0,583.0,586.0,538.0,538.0,539.0,580.0,580.0,580.0,1077.0,1077.0,1080.0,583.0,583.0,586.0,538.0,538.0,539.0
0.0,3093.0,1806.0,1623.0,1752.0,1830.0,611.0,611.0,608.0,541.0,541.0,541.0,602.0,602.0,602.0,1031.0,1031.0,1031.0,611.0,611.0,608.0,541.0,541.0,541.0
0.0,3039.0,1798.0,1626.0,1830.0,1807.0,602.0,602.0,603.0,542.0,542.0,542.0,599.0,599.0,600.0,1012.0,1012.0,1015.0,602.0,602.0,603.0,542.0,542.0,542.0
0.0,3071.0,1488.0,1623.0,1807.0,1479.0,493.0,493.0,493.0,541.0,541.0,541.0,496.0,496.0,496.0,1024.0,1024.0,1023.0,493.0,493.0,493.0,541.0,541.0,541.0
0.0,3390.0,1548.0,1620.0,1479.0,1539.0,513.0,513.0,513.0,540.0,540.0,540.0,516.0,516.0,516.0,1130.0,1130.0,1130.0,513.0,513.0,513.0,540.0,540.0,540.0
0.0,3321.0,1662.0,1621.0,1539.0,1665.0,554.0,554.0,557.0,540.0,540.0,541.0,554.0,554.0,554.0,1107.0,1107.0,1107.0,554.0,554.0,557.0,540.0,540.0,541.0
0.0,3198.0,1695.0,1626.0,1665.0,1710.0,571.0,571.0,568.0,542.0,542.0,542.0,565.0,565.0,565.0,1066.0,1066.0,1066.0,571.0,571.0,568.0,542.0,542.0,542.0
0.0,3168.0,1740.0,1632.0,1710.0,1758.0,586.0,586.0,586.0,544.0,544.0,544.0,580.0,580.0,580.0,1055.0,1055.0,1058.0,586.0,586.0,586.0,544.0,544.0,544.0
0.0,3138.0,1737.0,1638.0,1758.0,1755.0,585.0,585.0,585.0,546.0,546.0,546.0,579.0,579.0,579.0,1046.0,1046.0,1046.0,585.0,585.0,585.0,546.0,546.0,546.0
0.0,3159.0,1869.0,1645.0,1755.0,1890.0,629.0,629.0,632.0,548.0,548.0,549.0,623.0,623.0,623.0,1053.0,1053.0,1053.0,629.0,629.0,632.0,548.0,548.0,549.0
0.0,3045.0,1528.0,1644.0,1890.0,1525.0,509.0,509.0,507.0,548.0,548.0,548.0,509.0,509.0,510.0,1015.0,1015.0,1015.0,509.0,509.0,507.0,548.0,548.0,548.0
0.0,3407.0,1521.0,1638.0,1525.0,1503.0,501.0,501.0,501.0,546.0,546.0,546.0,507.0,507.0,507.0,1135.0,1135.0,1137.0,501.0,501.0,501.0,546.0,546.0,546.0
0.0,3411.0,1455.0,1633.0,1503.0,1440.0,479.0,479.0,482.0,544.0,544.0,545.0,485.0,485.0,485.0,1137.0,1137.0,1137.0,479.0,479.0,482.0,544.0,544.0,545.0
0.0,3459.0,1690.0,1636.0,1440.0,1699.0,566.0,566.0,567.0,545.0,545.0,546.0,563.0,563.0,564.0,1153.0,1153.0,1153.0,566.0,566.0,567.0,545.0,545.0,546.0
0.0,3209.0,1800.0,1641.0,1699.0,1815.0,606.0,606.0,603.0,547.0,547.0,547.0,600.0,600.0,600.0,1069.0,1069.0,1071.0,606.0,606.0,603.0,547.0,547.0,547.0
0.0,3108.0,1872.0,1650.0,1815.0,1899.0,633.0,633.0,633.0,550.0,550.0,550.0,624.0,624.0,624.0,1035.0,1035.0,1038.0,633.0,633.0,633.0,550.0,550.0,550.0
0.0,3051.0,1780.0,1653.0,1899.0,1789.0,596.0,596.0,597.0,551.0,551.0,551.0,593.0,593.0,594.0,1017.0,1017.0,1017.0,596.0,596.0,597.0,551.0,551.0,551.0
0.0,3170.0,1596.0,1650.0,1789.0,1587.0,529.0,529.0,529.0,550.0,550.0,550.0,532.0,532.0,532.0,1057.0,1057.0,1056.0,529.0,529.0,529.0,550.0,550.0,550.0
0.0,3363.0,1584.0,1647.0,1587.0,1575.0,525.0,525.0,525.0,549.0,549.0,549.0,528.0,528.0,528.0,1121.0,1121.0,1121.0,525.0,525.0,525.0,549.0,549.0,549.0
0.0,3366.0,1599.0,1645.0,1575.0,1593.0,530.0,530.0,533.0,548.0,548.0,549.0,533.0,533.0,533.0,1122.0,1122.0,1122.0,530.0,530.0,533.0,548.0,548.0,549.0
0.0,3342.0,1672.0,1650.0,1593.0,1687.0,563.0,563.0,561.0,550.0,550.0,550.0,557.0,557.0,558.0,1114.0,1114.0,1114.0,563.0,563.0,561.0,550.0,550.0,550.0
0.0,3263.0,1804.0,1656.0,1687.0,1822.0,607.0,607.0,608.0,552.0,552.0,552.0,601.0,601.0,602.0,1087.0,1087.0,1089.0,607.0,607.0,608.0,552.0,552.0,552.0
0.0,3146.0,1819.0,1662.0,1822.0,1837.0,612.0,612.0,613.0,554.0,554.0,554.0,606.0,606.0,607.0,1049.0,1049.0,1048.0,612.0,612.0,613.0,554.0,554.0,554.0
0.0,3149.0,1768.0,1668.0,1837.0,1786.0,595.0,595.0,596.0,556.0,556.0,556.0,589.0,589.0,590.0,1050.0,1050.0,1049.0,595.0,595.0,596.0,556.0,556.0,556.0
0.0,3218.0,1473.0,1662.0,1786.0,1455.0,485.0,485.0,485.0,554.0,554.0,554.0,491.0,491.0,491.0,1073.0,1073.0,1072.0,485.0,485.0,485.0,554.0,554.0,554.0
0.0,3531.0,1527.0,1659.0,1455.0,1518.0,506.0,506.0,506.0,553.0,553.0,553.0,509.0,509.0,509.0,1177.0,1177.0,1177.0,506.0,506.0,506.0,553.0,553.0,553.0
0.0,3459.0,1602.0,1656.0,1518.0,1593.0,531.0,531.0,531.0,552.0,552.0,552.0,534.0,534.0,534.0,1153.0,1153.0,1153.0,531.0,531.0,531.0,552.0,552.0,552.0
0.0,3375.0,1644.0,1654.0,1593.0,1638.0,545.0,545.0,548.0,551.0,551.0,552.0,548.0,548.0,548.0,1125.0,1125.0,1125.0,545.0,545.0,548.0,551.0,551.0,552.0
0.0,3324.0,1804.0,1660.0,1638.0,1822.0,607.0,607.0,608.0,553.0,553.0,554.0,601.0,601.0,602.0,1108.0,1108.0,1108.0,607.0,607.0,608.0,553.0,553.0,554.0
0.0,3158.0,1917.0,1668.0,1822.0,1941.0,648.0,648.0,645.0,556.0,556.0,556.0,639.0,639.0,639.0,1052.0,1052.0,1054.0,648.0,648.0,645.0,556.0,556.0,556.0
0.0,3063.0,1830.0,1671.0,1941.0,1839.0,613.0,613.0,613.0,557.0,557.0,557.0,610.0,610.0,610.0,1020.0,1020.0,1023.0,613.0,613.0,613.0,557.0,557.0,557.0
0.0,3174.0,1516.0,1665.0,1839.0,1498.0,499.0,499.0,500.0,555.0,555.0,555.0,505.0,505.0,506.0,1058.0,1058.0,1058.0,499.0,499.0,500.0,555.0,555.0,555.0
0.0,3497.0,1662.0,1662.0,1498.0,1653.0,551.0,551.0,551.0,554.0,554.0,554.0,554.0,554.0,554.0,1166.0,1166.0,1165.0,551.0,551.0,551.0,554.0,554.0,554.0
0.0,3333.0,1677.0,1660.0,1653.0,1671.0,556.0,556.0,559.0,553.0,553.0,554.0,559.0,559.0,559.0,1111.0,1111.0,1111.0,556.0,556.0,559.0,553.0,553.0,554.0
0.0,3309.0,1662.0,1660.0,1671.0,1662.0,554.0,554.0,554.0,553.0,553.0,554.0,554.0,554.0,554.0,1103.0,1103.0,1103.0,554.0,554.0,554.0,553.0,553.0,554.0
0.0,3318.0,1845.0,1669.0,1662.0,1872.0,624.0,624.0,624.0,556.0,556.0,557.0,615.0,615.0,615.0,1105.0,1105.0,1108.0,624.0,624.0,624.0,556.0,556.0,557.0
0.0,3135.0,1932.0,1677.0,1872.0,1956.0,653.0,653.0,650.0,559.0,559.0,559.0,644.0,644.0,644.0,1044.0,1044.0,1047.0,653.0,653.0,650.0,559.0,559.0,559.0
0.0,3075.0,1725.0,1680.0,1956.0,1734.0,578.0,578.0,578.0,560.0,560.0,560.0,575.0,575.0,575.0,1024.0,1024.0,1027.0,578.0,578.0,578.0,560.0,560.0,560.0
0.0,3306.0,1590.0,1677.0,1734.0,1581.0,527.0,527.0,527.0,559.0,559.0,559.0,530.0,530.0,530.0,1102.0,1102.0,1102.0,527.0,527.0,527.0,559.0,559.0,559.0
0.0,3450.0,1519.0,1674.0,1581.0,1510.0,503.0,503.0,504.0,558.0,558.0,558.0,506.0,506.0,507.0,1150.0,1150.0,1150.0,503.0,503.0,504.0,558.0,558.0,558.0
0.0,3512.0,1617.0,1672.0,1510.0,1611.0,536.0,536.0,539.0,557.0,557.0,558.0,539.0,539.0,539.0,1171.0,1171.0,1170.0,536.0,536.0,539.0,557.0,557.0,558.0
0.0,3405.0,1779.0,1677.0,1611.0,1794.0,599.0,599.0,596.0,559.0,559.0,559.0,593.0,593.0,593.0,1135.0,1135.0,1135.0,599.0,599.0,596.0,559.0,559.0,559.0
0.0,3237.0,1777.0,1683.0,1794.0,1795.0,598.0,598.0,599.0,561.0,561.0,561.0,592.0,592.0,593.0,1078.0,1078.0,1081.0,598.0,598.0,599.0,561.0,561.0,561.0
0.0,3254.0,1779.0,1689.0,1795.0,1797.0,599.0,599.0,599.0,563.0,563.0,563.0,593.0,593.0,593.0,1085.0,1085.0,1084.0,599.0,599.0,599.0,563.0,563.0,563.0
0.0,3270.0,1821.0,1690.0,1797.0,1824.0,607.0,607.0,610.0,563.0,563.0,564.0,607.0,607.0,607.0,1090.0,1090.0,1090.0,607.0,607.0,610.0,563.0,563.0,564.0
0.0,3246.0,1743.0,1689.0,1824.0,1740.0,581.0,581.0,578.0,563.0,563.0,563.0,581.0,581.0,581.0,1082.0,1082.0,1082.0,581.0,581.0,578.0,563.0,563.0,563.0
0.0,3327.0,1542.0,1686.0,1740.0,1533.0,511.0,511.0,511.0,562.0,562.0,562.0,514.0,514.0,514.0,1108.0,1108.0,1111.0,511.0,511.0,511.0,562.0,562.0,562.0
0.0,3525.0,1587.0,1683.0,1533.0,1578.0,526.0,526.0,526.0,561.0,561.0,561.0,529.0,529.0,529.0,1175.0,1175.0,1175.0,526.0,526.0,526.0,561.0,561.0,561.0
0.0,3471.0,1711.0,1686.0,1578.0,1720.0,573.0,573.0,574.0,562.0,562.0,562.0,570.0,570.0,571.0,1157.0,1157.0,1157.0,573.0,573.0,574.0,562.0,562.0,562.0
0.0,3338.0,1798.0,1689.0,1720.0,1807.0,602.0,602.0,603.0,563.0,563.0,563.0,599.0,599.0,600.0,1113.0,1113.0,1112.0,602.0,602.0,603.0,563.0,563.0,563.0
0.0,3260.0,1930.0,1695.0,1807.0,1948.0,649.0,649.0,650.0,565.0,565.0,565.0,643.0,643.0,644.0,1087.0,1087.0,1086.0,649.0,649.0,650.0,565.0,565.0,565.0
0.0,3137.0,1906.0,1701.0,1948.0,1924.0,641.0,641.0,642.0,567.0,567.0,567.0,635.0,635.0,636.0,1046.0,1046.0,1045.0,641.0,641.0,642.0,567.0,567.0,567.0
0.0,3179.0,1531.0,1698.0,1924.0,1522.0,507.0,507.0,508.0,566.0,566.0,566.0,510.0,510.0,511.0,1060.0,1060.0,1059.0,507.0,507.0,508.0,566.0,566.0,566.0
0.0,3572.0,1701.0,1695.0,1522.0,1692.0,564.0,564.0,564.0,565.0,565.0,565.0,567.0,567.0,567.0,1191.0,1191.0,1190.0,564.0,564.0,564.0,565.0,565.0,565.0
0.0,3393.0,1558.0,1692.0,1692.0,1549.0,516.0,516.0,517.0,564.0,564.0,564.0,519.0,519.0,520.0,1131.0,1131.0,1131.0,516.0,516.0,517.0,564.0,564.0,564.0
0.0,3527.0,1581.0,1692.0,1549.0,1581.0,527.0,527.0,527.0,564.0,564.0,564.0,527.0,527.0,527.0,1176.0,1176.0,1175.0,527.0,527.0,527.0,564.0,564.0,564.0
0.0,3495.0,1878.0,1699.0,1581.0,1899.0,632.0,632.0,635.0,566.0,566.0,567.0,626.0,626.0,626.0,1165.0,1165.0,1165.0,632.0,632.0,635.0,566.0,566.0,567.0
0.0,3198.0,1812.0,1702.0,1899.0,1821.0,607.0,607.0,607.0,567.0,567.0,568.0,604.0,604.0,604.0,1066.0,1066.0,1066.0,607.0,607.0,607.0,567.0,567.0,568.0
0.0,3285.0,1851.0,1705.0,1821.0,1860.0,620.0,620.0,620.0,568.0,568.0,569.0,617.0,617.0,617.0,1094.0,1094.0,1097.0,620.0,620.0,620.0,568.0,568.0,569.0
0.0,3255.0,1704.0,1704.0,1860.0,1701.0,568.0,568.0,565.0,568.0,568.0,568.0,568.0,568.0,568.0,1084.0,1084.0,1087.0,568.0,568.0,565.0,568.0,568.0,568.0
0.0,3411.0,1575.0,1701.0,1701.0,1566.0,522.0,522.0,522.0,567.0,567.0,567.0,525.0,525.0,525.0,1136.0,1136.0,1139.0,522.0,522.0,522.0,567.0,567.0,567.0
0.0,3537.0,1584.0,1695.0,1566.0,1566.0,522.0,522.0,522.0,565.0,565.0,565.0,528.0,528.0,528.0,1179.0,1179.0,1179.0,522.0,522.0,522.0,565.0,565.0,565.0
0.0,3519.0,1732.0,1699.0,1566.0,1744.0,580.0,580.0,584.0,566.0,566.0,567.0,577.0,577.0,578.0,1173.0,1173.0,1173.0,580.0,580.0,584.0,566.0,566.0,567.0
0.0,3353.0,1870.0,1707.0,1744.0,1894.0,632.0,632.0,630.0,569.0,569.0,569.0,623.0,623.0,624.0,1118.0,1118.0,1117.0,632.0,632.0,630.0,569.0,569.0,569.0
0.0,3227.0,2055.0,1719.0,1894.0,2091.0,697.0,697.0,697.0,573.0,573.0,573.0,685.0,685.0,685.0,1075.0,1075.0,1077.0,697.0,697.0,697.0,573.0,573.0,573.0
0.0,3066.0,1744.0,1719.0,2091.0,1744.0,581.0,581.0,582.0,573.0,573.0,573.0,581.0,581.0,582.0,1022.0,1022.0,1022.0,581.0,581.0,582.0,573.0,573.0,573.0
0.0,3413.0,1740.0,1717.0,1744.0,1734.0,577.0,577.0,580.0,572.0,572.0,573.0,580.0,580.0,580.0,1138.0,1138.0,1137.0,577.0,577.0,580.0,572.0,572.0,573.0
0.0,3417.0,1563.0,1711.0,1734.0,1545.0,515.0,515.0,515.0,570.0,570.0,571.0,521.0,521.0,521.0,1139.0,1139.0,1139.0,515.0,515.0,515.0,570.0,570.0,571.0
0.0,3588.0,1570.0,1708.0,1545.0,1561.0,520.0,520.0,521.0,569.0,569.0,570.0,523.0,523.0,524.0,1195.0,1195.0,1198.0,520.0,520.0,521.0,569.0,569.0,570.0
0.0,3563.0,1692.0,1710.0,1561.0,1698.0,567.0,567.0,564.0,570.0,570.0,570.0,564.0,564.0,564.0,1187.0,1187.0,1189.0,567.0,567.0,564.0,570.0,570.0,570.0
0.0,3432.0,1933.0,1716.0,1698.0,1951.0,650.0,650.0,651.0,572.0,572.0,572.0,644.0,644.0,645.0,1143.0,1143.0,1146.0,650.0,650.0,651.0,572.0,572.0,572.0
0.0,3197.0,1813.0,1720.0,1951.0,1825.0,607.0,607.0,611.0,573.0,573.0,574.0,604.0,604.0,605.0,1066.0,1066.0,1065.0,607.0,607.0,611.0,573.0,573.0,574.0
0.0,3335.0,1848.0,1723.0,1825.0,1857.0,619.0,619.0,619.0,574.0,574.0,575.0,616.0,616.0,616.0,1112.0,1112.0,1111.0,619.0,619.0,619.0,574.0,574.0,575.0
0.0,3312.0,1728.0,1722.0,1857.0,1725.0,576.0,576.0,573.0,574.0,574.0,574.0,576.0,576.0,576.0,1103.0,1103.0,1106.0,576.0,576.0,573.0,574.0,574.0,574.0
0.0,3441.0,1630.0,1719.0,1725.0,1621.0,540.0,540.0,541.0,573.0,573.0,573.0,543.0,543.0,544.0,1146.0,1146.0,1149.0,540.0,540.0,541.0,573.0,573.0,573.0
0.0,3536.0,1657.0,1716.0,1621.0,1648.0,549.0,549.0,550.0,572.0,572.0,572.0,552.0,552.0,553.0,1179.0,1179.0,1178.0,549.0,549.0,550.0,572.0,572.0,572.0
0.0,3500.0,1909.0,1725.0,1648.0,1936.0,645.0,645.0,646.0,575.0,575.0,575.0,636.0,636.0,637.0,1167.0,1167.0,1166.0,645.0,645.0,646.0,575.0,575.0,575.0
0.0,3239.0,1821.0,1731.0,1936.0,1839.0,613.0,613.0,613.0,577.0,577.0,577.0,607.0,607.0,607.0,1080.0,1080.0,1079.0,613.0,613.0,613.0,577.0,577.0,577.0
0.0,3354.0,1885.0,1737.0,1839.0,1903.0,634.0,634.0,635.0,579.0,579.0,579.0,628.0,628.0,629.0,1118.0,1118.0,1118.0,634.0,634.0,635.0,579.0,579.0,579.0
0.0,3308.0,1890.0,1741.0,1903.0,1902.0,633.0,633.0,636.0,580.0,580.0,581.0,630.0,630.0,630.0,1103.0,1103.0,1102.0,633.0,633.0,636.0,580.0,580.0,581.0
0.0,3321.0,1683.0,1738.0,1902.0,1674.0,558.0,558.0,558.0,579.0,579.0,580.0,561.0,561.0,561.0,1107.0,1107.0,1107.0,558.0,558.0,558.0,579.0,579.0,580.0
0.0,3540.0,1602.0,1732.0,1674.0,1584.0,528.0,528.0,528.0,577.0,577.0,578.0,534.0,534.0,534.0,1179.0,1179.0,1182.0,528.0,528.0,528.0,577.0,577.0,578.0
0.0,3612.0,1782.0,1731.0,1584.0,1779.0,594.0,594.0,591.0,577.0,577.0,577.0,594.0,594.0,594.0,1203.0,1203.0,1206.0,594.0,594.0,591.0,577.0,577.0,577.0
0.0,3414.0,1744.0,1737.0,1779.0,1762.0,587.0,587.0,588.0,579.0,579.0,579.0,581.0,581.0,582.0,1137.0,1137.0,1140.0,587.0,587.0,588.0,579.0,579.0,579.0
0.0,3449.0,1986.0,1743.0,1762.0,2004.0,668.0,668.0,668.0,581.0,581.0,581.0,662.0,662.0,662.0,1150.0,1150.0,1149.0,668.0,668.0,668.0,581.0,581.0,581.0
0.0,3225.0,1890.0,1746.0,2004.0,1899.0,633.0,633.0,633.0,582.0,582.0,582.0,630.0,630.0,630.0,1075.0,1075.0,1075.0,633.0,633.0,633.0,582.0,582.0,582.0
0.0,3339.0,1791.0,1749.0,1899.0,1800.0,600.0,600.0,600.0,583.0,583.0,583.0,597.0,597.0,597.0,1113.0,1113.0,1113.0,600.0,600.0,600.0,583.0,583.0,583.0
0.0,3447.0,1587.0,1744.0,1800.0,1572.0,523.0,523.0,526.0,581.0,581.0,582.0,529.0,529.0,529.0,1149.0,1149.0,1149.0,523.0,523.0,526.0,581.0,581.0,582.0
0.0,3660.0,1608.0,1737.0,1572.0,1587.0,530.0,530.0,527.0,579.0,579.0,579.0,536.0,536.0,536.0,1220.0,1220.0,1220.0,530.0,530.0,527.0,579.0,579.0,579.0
0.0,3624.0,1693.0,1737.0,1587.0,1693.0,564.0,564.0,565.0,579.0,579.0,579.0,564.0,564.0,565.0,1207.0,1207.0,1210.0,564.0,564.0,565.0,579.0,579.0,579.0
0.0,3518.0,1869.0,1743.0,1693.0,1887.0,629.0,629.0,629.0,581.0,581.0,581.0,623.0,623.0,623.0,1173.0,1173.0,1172.0,629.0,629.0,629.0,581.0,581.0,581.0
0.0,3342.0,1923.0,1750.0,1887.0,1944.0,647.0,647.0,650.0,583.0,583.0,584.0,641.0,641.0,641.0,1114.0,1114.0,1114.0,647.0,647.0,650.0,583.0,583.0,584.0
0.0,3306.0,1825.0,1755.0,1944.0,1840.0,614.0,614.0,612.0,585.0,585.0,585.0,608.0,608.0,609.0,1102.0,1102.0,1102.0,614.0,614.0,612.0,585.0,585.0,585.0
0.0,3425.0,1860.0,1755.0,1840.0,1860.0,620.0,620.0,620.0,585.0,585.0,585.0,620.0,620.0,620.0,1141.0,1141.0,1143.0,620.0,620.0,620.0,585.0,585.0,585.0
0.0,3405.0,1728.0,1755.0,1860.0,1728.0,576.0,576.0,576.0,585.0,585.0,585.0,576.0,576.0,576.0,1135.0,1135.0,1135.0,576.0,576.0,576.0,585.0,585.0,585.0
0.0,3537.0,1693.0,1753.0,1728.0,1687.0,561.0,561.0,565.0,584.0,584.0,585.0,564.0,564.0,565.0,1179.0,1179.0,1179.0,561.0,561.0,565.0,584.0,584.0,585.0
0.0,3572.0,1731.0,1752.0,1687.0,1728.0,577.0,577.0,574.0,584.0,584.0,584.0,577.0,577.0,577.0,1191.0,1191.0,1190.0,577.0,577.0,574.0,584.0,584.0,584.0
0.0,3528.0,1756.0,1752.0,1728.0,1756.0,585.0,585.0,586.0,584.0,584.0,584.0,585.0,585.0,586.0,1175.0,1175.0,1178.0,585.0,585.0,586.0,584.0,584.0,584.0
0.0,3500.0,1842.0,1758.0,1756.0,1860.0,620.0,620.0,620.0,586.0,586.0,586.0,614.0,614.0,614.0,1167.0,1167.0,1166.0,620.0,620.0,620.0,586.0,586.0,586.0
0.0,3414.0,1858.0,1762.0,1860.0,1870.0,622.0,622.0,626.0,587.0,587.0,588.0,619.0,619.0,620.0,1138.0,1138.0,1138.0,622.0,622.0,626.0,587.0,587.0,588.0
0.0,3416.0,1933.0,1767.0,1870.0,1948.0,650.0,650.0,648.0,589.0,589.0,589.0,644.0,644.0,645.0,1139.0,1139.0,1138.0,650.0,650.0,648.0,589.0,589.0,589.0
0.0,3353.0,1713.0,1765.0,1948.0,1707.0,568.0,568.0,571.0,588.0,588.0,589.0,571.0,571.0,571.0,1117.0,1117.0,1119.0,568.0,568.0,571.0,588.0,588.0,589.0
0.0,3588.0,1674.0,1761.0,1707.0,1662.0,555.0,555.0,552.0,587.0,587.0,587.0,558.0,558.0,558.0,1196.0,1196.0,1196.0,555.0,555.0,552.0,587.0,587.0,587.0
0.0,3621.0,1714.0,1756.0,1662.0,1699.0,565.0,565.0,569.0,585.0,585.0,586.0,571.0,571.0,572.0,1206.0,1206.0,1209.0,565.0,565.0,569.0,585.0,585.0,586.0
0.0,3569.0,1815.0,1762.0,1699.0,1833.0,611.0,611.0,611.0,587.0,587.0,588.0,605.0,605.0,605.0,1190.0,1190.0,1189.0,611.0,611.0,611.0,587.0,587.0,588.0
0.0,3453.0,1938.0,1767.0,1833.0,1953.0,652.0,652.0,649.0,589.0,589.0,589.0,646.0,646.0,646.0,1150.0,1150.0,1153.0,652.0,652.0,649.0,589.0,589.0,589.0
0.0,3348.0,2055.0,1776.0,1953.0,2082.0,694.0,694.0,694.0,592.0,592.0,592.0,685.0,685.0,685.0,1115.0,1115.0,1118.0,694.0,694.0,694.0,592.0,592.0,592.0
0.0,3246.0,1857.0,1782.0,2082.0,1875.0,625.0,625.0,625.0,594.0,594.0,594.0,619.0,619.0,619.0,1082.0,1082.0,1082.0,625.0,625.0,625.0,594.0,594.0,594.0
0.0,3471.0,1755.0,1779.0,1875.0,1746.0,582.0,582.0,582.0,593.0,593.0,593.0,585.0,585.0,585.0,1157.0,1157.0,1157.0,582.0,582.0,582.0,593.0,593.0,593.0
0.0,3591.0,1617.0,1776.0,1746.0,1608.0,536.0,536.0,536.0,592.0,592.0,592.0,539.0,539.0,539.0,1197.0,1197.0,1197.0,536.0,536.0,536.0,592.0,592.0,592.0
0.0,3720.0,1587.0,1770.0,1608.0,1569.0,523.0,523.0,523.0,590.0,590.0,590.0,529.0,529.0,529.0,1240.0,1240.0,1240.0,523.0,523.0,523.0,590.0,590.0,590.0
0.0,3741.0,1891.0,1774.0,1569.0,1903.0,633.0,633.0,637.0,591.0,591.0,592.0,630.0,630.0,631.0,1247.0,1247.0,1247.0,633.0,633.0,637.0,591.0,591.0,592.0
0.0,3419.0,2070.0,1783.0,1903.0,2097.0,699.0,699.0,699.0,594.0,594.0,595.0,690.0,690.0,690.0,1140.0,1140.0,1139.0,699.0,699.0,699.0,594.0,594.0,595.0
0.0,3252.0,1950.0,1791.0,2097.0,1974.0,659.0,659.0,656.0,597.0,597.0,597.0,650.0,650.0,650.0,1083.0,1083.0,1086.0,659.0,659.0,656.0,597.0,597.0,597.0
0.0,3399.0,1971.0,1795.0,1974.0,1983.0,660.0,660.0,663.0,598.0,598.0,599.0,657.0,657.0,657.0,1132.0,1132.0,1135.0,660.0,660.0,663.0,598.0,598.0,599.0
0.0,3402.0,1810.0,1794.0,1983.0,1807.0,603.0,603.0,601.0,598.0,598.0,598.0,603.0,603.0,604.0,1134.0,1134.0,1134.0,603.0,603.0,601.0,598.0,598.0,598.0
0.0,3575.0,1653.0,1786.0,1807.0,1629.0,542.0,542.0,545.0,595.0,595.0,596.0,551.0,551.0,551.0,1191.0,1191.0,1193.0,542.0,542.0,545.0,595.0,595.0,596.0
0.0,3729.0,1894.0,1789.0,1629.0,1903.0,634.0,634.0,635.0,596.0,596.0,597.0,631.0,631.0,632.0,1243.0,1243.0,1243.0,634.0,634.0,635.0,596.0,596.0,597.0
0.0,3464.0,1795.0,1791.0,1903.0,1801.0,601.0,601.0,599.0,597.0,597.0,597.0,598.0,598.0,599.0,1154.0,1154.0,1156.0,601.0,601.0,599.0,597.0,597.0,597.0
0.0,3572.0,1944.0,1797.0,1801.0,1962.0,654.0,654.0,654.0,599.0,599.0,599.0,648.0,648.0,648.0,1190.0,1190.0,1192.0,654.0,654.0,654.0,599.0,599.0,599.0
0.0,3429.0,1974.0,1806.0,1962.0,2001.0,667.0,667.0,667.0,602.0,602.0,602.0,658.0,658.0,658.0,1143.0,1143.0,1143.0,667.0,667.0,667.0,602.0,602.0,602.0
0.0,3417.0,1866.0,1809.0,2001.0,1875.0,625.0,625.0,625.0,603.0,603.0,603.0,622.0,622.0,622.0,1139.0,1139.0,1139.0,625.0,625.0,625.0,603.0,603.0,603.0
0.0,3552.0,1737.0,1804.0,1875.0,1722.0,573.0,573.0,576.0,601.0,601.0,602.0,579.0,579.0,579.0,1184.0,1184.0,1184.0,573.0,573.0,576.0,601.0,601.0,602.0
0.0,3690.0,1677.0,1803.0,1722.0,1674.0,559.0,559.0,556.0,601.0,601.0,601.0,559.0,559.0,559.0,1230.0,1230.0,1230.0,559.0,559.0,556.0,601.0,601.0,601.0
0.0,3735.0,1599.0,1797.0,1674.0,1581.0,527.0,527.0,527.0,599.0,599.0,599.0,533.0,533.0,533.0,1244.0,1244.0,1247.0,527.0,527.0,527.0,599.0,599.0,599.0
0.0,3810.0,1792.0,1798.0,1581.0,1795.0,597.0,597.0,601.0,599.0,599.0,600.0,597.0,597.0,598.0,1270.0,1270.0,1270.0,597.0,597.0,601.0,599.0,599.0,600.0
0.0,3599.0,1908.0,1804.0,1795.0,1926.0,642.0,642.0,642.0,601.0,601.0,602.0,636.0,636.0,636.0,1200.0,1200.0,1199.0,642.0,642.0,642.0,601.0,601.0,602.0
0.0,3486.0,1978.0,1810.0,1926.0,1996.0,665.0,665.0,666.0,603.0,603.0,604.0,659.0,659.0,660.0,1161.0,1161.0,1164.0,665.0,665.0,666.0,603.0,603.0,604.0
0.0,3434.0,1855.0,1809.0,1996.0,1852.0,618.0,618.0,616.0,603.0,603.0,603.0,618.0,618.0,619.0,1144.0,1144.0,1146.0,618.0,618.0,616.0,603.0,603.0,603.0
0.0,3575.0,1728.0,1807.0,1852.0,1722.0,573.0,573.0,576.0,602.0,602.0,603.0,576.0,576.0,576.0,1191.0,1191.0,1193.0,573.0,573.0,576.0,602.0,602.0,603.0
0.0,3699.0,1737.0,1804.0,1722.0,1728.0,576.0,576.0,576.0,601.0,601.0,602.0,579.0,579.0,579.0,1233.0,1233.0,1233.0,576.0,576.0,576.0,601.0,601.0,602.0
0.0,3684.0,1704.0,1800.0,1728.0,1692.0,565.0,565.0,562.0,600.0,600.0,600.0,568.0,568.0,568.0,1227.0,1227.0,1230.0,565.0,565.0,562.0,600.0,600.0,600.0
0.0,3708.0,1728.0,1801.0,1692.0,1731.0,576.0,576.0,579.0,600.0,600.0,601.0,576.0,576.0,576.0,1235.0,1235.0,1238.0,576.0,576.0,579.0,600.0,600.0,601.0
0.0,3672.0,1878.0,1807.0,1731.0,1896.0,632.0,632.0,632.0,602.0,602.0,603.0,626.0,626.0,626.0,1224.0,1224.0,1224.0,632.0,632.0,632.0,602.0,602.0,603.0
0.0,3525.0,1893.0,1809.0,1896.0,1899.0,634.0,634.0,631.0,603.0,603.0,603.0,631.0,631.0,631.0,1174.0,1174.0,1177.0,634.0,634.0,631.0,603.0,603.0,603.0
0.0,3528.0,1782.0,1809.0,1899.0,1782.0,594.0,594.0,594.0,603.0,603.0,603.0,594.0,594.0,594.0,1175.0,1175.0,1178.0,594.0,594.0,594.0,603.0,603.0,603.0
0.0,3645.0,1884.0,1809.0,1782.0,1884.0,628.0,628.0,628.0,603.0,603.0,603.0,628.0,628.0,628.0,1215.0,1215.0,1215.0,628.0,628.0,628.0,603.0,603.0,603.0
0.0,3543.0,1599.0,1803.0,1884.0,1581.0,527.0,527.0,527.0,601.0,601.0,601.0,533.0,533.0,533.0,1181.0,1181.0,1181.0,527.0,527.0,527.0,601.0,601.0,601.0
0.0,3828.0,1773.0,1803.0,1581.0,1773.0,591.0,591.0,591.0,601.0,601.0,601.0,591.0,591.0,591.0,1276.0,1276.0,1276.0,591.0,591.0,591.0,601.0,601.0,601.0
0.0,3636.0,1782.0,1806.0,1773.0,1791.0,597.0,597.0,597.0,602.0,602.0,602.0,594.0,594.0,594.0,1212.0,1212.0,1212.0,597.0,597.0,597.0,602.0,602.0,602.0
0.0,3627.0,1947.0,1812.0,1791.0,1965.0,655.0,655.0,655.0,604.0,604.0,604.0,649.0,649.0,649.0,1209.0,1209.0,1209.0,655.0,655.0,655.0,604.0,604.0,604.0
0.0,3471.0,1909.0,1816.0,1965.0,1921.0,639.0,639.0,643.0,605.0,605.0,606.0,636.0,636.0,637.0,1157.0,1157.0,1157.0,639.0,639.0,643.0,605.0,605.0,606.0
0.0,3527.0,1914.0,1818.0,1921.0,1920.0,641.0,641.0,638.0,606.0,606.0,606.0,638.0,638.0,638.0,1176.0,1176.0,1175.0,641.0,641.0,638.0,606.0,606.0,606.0
0.0,3534.0,1746.0,1815.0,1920.0,1737.0,579.0,579.0,579.0,605.0,605.0,605.0,582.0,582.0,582.0,1177.0,1177.0,1180.0,579.0,579.0,579.0,605.0,605.0,605.0
0.0,3708.0,1734.0,1812.0,1737.0,1725.0,575.0,575.0,575.0,604.0,604.0,604.0,578.0,578.0,578.0,1236.0,1236.0,1236.0,575.0,575.0,575.0,604.0,604.0,604.0
0.0,3711.0,1711.0,1809.0,1725.0,1702.0,567.0,567.0,568.0,603.0,603.0,603.0,570.0,570.0,571.0,1237.0,1237.0,1237.0,567.0,567.0,568.0,603.0,603.0,603.0
0.0,3725.0,1929.0,1813.0,1702.0,1941.0,646.0,646.0,649.0,604.0,604.0,605.0,643.0,643.0,643.0,1242.0,1242.0,1241.0,646.0,646.0,649.0,604.0,604.0,605.0
0.0,3498.0,2023.0,1819.0,1941.0,2041.0,680.0,680.0,681.0,606.0,606.0,607.0,674.0,674.0,675.0,1166.0,1166.0,1166.0,680.0,680.0,681.0,606.0,606.0,607.0
0.0,3416.0,2080.0,1827.0,2041.0,2104.0,702.0,702.0,700.0,609.0,609.0,609.0,693.0,693.0,694.0,1138.0,1138.0,1140.0,702.0,702.0,700.0,609.0,609.0,609.0
0.0,3377.0,2020.0,1831.0,2104.0,2032.0,676.0,676.0,680.0,610.0,610.0,611.0,673.0,673.0,674.0,1125.0,1125.0,1127.0,676.0,676.0,680.0,610.0,610.0,611.0
0.0,3461.0,1818.0,1830.0,2032.0,1815.0,606.0,606.0,603.0,610.0,610.0,610.0,606.0,606.0,606.0,1154.0,1154.0,1153.0,606.0,606.0,603.0,610.0,610.0,610.0
0.0,3675.0,1674.0,1827.0,1815.0,1665.0,555.0,555.0,555.0,609.0,609.0,609.0,558.0,558.0,558.0,1224.0,1224.0,1227.0,555.0,555.0,555.0,609.0,609.0,609.0
0.0,3816.0,1728.0,1824.0,1665.0,1719.0,573.0,573.0,573.0,608.0,608.0,608.0,576.0,576.0,576.0,1272.0,1272.0,1272.0,573.0,573.0,573.0,608.0,608.0,608.0
0.0,3753.0,1728.0,1824.0,1719.0,1728.0,576.0,576.0,576.0,608.0,608.0,608.0,576.0,576.0,576.0,1251.0,1251.0,1251.0,576.0,576.0,576.0,608.0,608.0,608.0
0.0,3744.0,1984.0,1830.0,1728.0,2002.0,667.0,667.0,668.0,610.0,610.0,610.0,661.0,661.0,662.0,1248.0,1248.0,1248.0,667.0,667.0,668.0,610.0,610.0,610.0
0.0,3488.0,2043.0,1836.0,2002.0,2061.0,687.0,687.0,687.0,612.0,612.0,612.0,681.0,681.0,681.0,1163.0,1163.0,1162.0,687.0,687.0,687.0,612.0,612.0,612.0
0.0,3447.0,1830.0,1836.0,2061.0,1830.0,610.0,610.0,610.0,612.0,612.0,612.0,610.0,610.0,610.0,1149.0,1149.0,1149.0,610.0,610.0,610.0,612.0,612.0,612.0
0.0,3678.0,1740.0,1833.0,1830.0,1731.0,577.0,577.0,577.0,611.0,611.0,611.0,580.0,580.0,580.0,1226.0,1226.0,1226.0,577.0,577.0,577.0,611.0,611.0,611.0
0.0,3768.0,1753.0,1827.0,1731.0,1735.0,578.0,578.0,579.0,609.0,609.0,609.0,584.0,584.0,585.0,1256.0,1256.0,1256.0,578.0,578.0,579.0,609.0,609.0,609.0
0.0,3746.0,1752.0,1824.0,1735.0,1743.0,581.0,581.0,581.0,608.0,608.0,608.0,584.0,584.0,584.0,1249.0,1249.0,1248.0,581.0,581.0,581.0,608.0,608.0,608.0
0.0,3729.0,1804.0,1825.0,1743.0,1807.0,601.0,601.0,605.0,608.0,608.0,609.0,601.0,601.0,602.0,1243.0,1243.0,1243.0,601.0,601.0,605.0,608.0,608.0,609.0
0.0,3668.0,1983.0,1833.0,1807.0,2007.0,670.0,670.0,667.0,611.0,611.0,611.0,661.0,661.0,661.0,1223.0,1223.0,1222.0,670.0,670.0,667.0,611.0,611.0,611.0
0.0,3492.0,2047.0,1842.0,2007.0,2074.0,691.0,691.0,692.0,614.0,614.0,614.0,682.0,682.0,683.0,1163.0,1163.0,1166.0,691.0,691.0,692.0,614.0,614.0,614.0
0.0,3452.0,1980.0,1843.0,2074.0,1983.0,660.0,660.0,663.0,614.0,614.0,615.0,660.0,660.0,660.0,1151.0,1151.0,1150.0,660.0,660.0,663.0,614.0,614.0,615.0
0.0,3546.0,1767.0,1837.0,1983.0,1749.0,583.0,583.0,583.0,612.0,612.0,613.0,589.0,589.0,589.0,1182.0,1182.0,1182.0,583.0,583.0,583.0,612.0,612.0,613.0
0.0,3762.0,1722.0,1833.0,1749.0,1710.0,571.0,571.0,568.0,611.0,611.0,611.0,574.0,574.0,574.0,1253.0,1253.0,1256.0,571.0,571.0,568.0,611.0,611.0,611.0
0.0,3789.0,1663.0,1827.0,1710.0,1645.0,548.0,548.0,549.0,609.0,609.0,609.0,554.0,554.0,555.0,1262.0,1262.0,1265.0,548.0,548.0,549.0,609.0,609.0,609.0
0.0,3836.0,1857.0,1827.0,1645.0,1857.0,619.0,619.0,619.0,609.0,609.0,609.0,619.0,619.0,619.0,1279.0,1279.0,1278.0,619.0,619.0,619.0,609.0,609.0,609.0
0.0,3624.0,1987.0,1834.0,1857.0,2008.0,668.0,668.0,672.0,611.0,611.0,612.0,662.0,662.0,663.0,1208.0,1208.0,1208.0,668.0,668.0,672.0,611.0,611.0,612.0
0.0,3494.0,2034.0,1836.0,2008.0,2040.0,681.0,681.0,678.0,612.0,612.0,612.0,678.0,678.0,678.0,1165.0,1165.0,1164.0,681.0,681.0,678.0,612.0,612.0,612.0
0.0,3468.0,1944.0,1839.0,2040.0,1953.0,651.0,651.0,651.0,613.0,613.0,613.0,648.0,648.0,648.0,1155.0,1155.0,1158.0,651.0,651.0,651.0,613.0,613.0,613.0
0.0,3564.0,1827.0,1837.0,1953.0,1821.0,606.0,606.0,609.0,612.0,612.0,613.0,609.0,609.0,609.0,1188.0,1188.0,1188.0,606.0,606.0,609.0,612.0,612.0,613.0
0.0,3690.0,1689.0,1833.0,1821.0,1677.0,560.0,560.0,557.0,611.0,611.0,611.0,563.0,563.0,563.0,1230.0,1230.0,1230.0,560.0,560.0,557.0,611.0,611.0,611.0
0.0,3822.0,1854.0,1833.0,1677.0,1854.0,618.0,618.0,618.0,611.0,611.0,611.0,618.0,618.0,618.0,1273.0,1273.0,1276.0,618.0,618.0,618.0,611.0,611.0,611.0
0.0,3645.0,1872.0,1834.0,1854.0,1875.0,624.0,624.0,627.0,611.0,611.0,612.0,624.0,624.0,624.0,1215.0,1215.0,1215.0,624.0,624.0,627.0,611.0,611.0,612.0
0.0,3627.0,2059.0,1842.0,1875.0,2083.0,695.0,695.0,693.0,614.0,614.0,614.0,686.0,686.0,687.0,1209.0,1209.0,1209.0,695.0,695.0,693.0,614.0,614.0,614.0
0.0,3443.0,1957.0,1848.0,2083.0,1975.0,658.0,658.0,659.0,616.0,616.0,616.0,652.0,652.0,653.0,1147.0,1147.0,1149.0,658.0,658.0,659.0,616.0,616.0,616.0
0.0,3569.0,1963.0,1852.0,1975.0,1975.0,657.0,657.0,661.0,617.0,617.0,618.0,654.0,654.0,655.0,1190.0,1190.0,1189.0,657.0,657.0,661.0,617.0,617.0,618.0
0.0,3581.0,1722.0,1848.0,1975.0,1710.0,571.0,571.0,568.0,616.0,616.0,616.0,574.0,574.0,574.0,1194.0,1194.0,1193.0,571.0,571.0,568.0,616.0,616.0,616.0
0.0,3834.0,1815.0,1845.0,1710.0,1806.0,602.0,602.0,602.0,615.0,615.0,615.0,605.0,605.0,605.0,1277.0,1277.0,1280.0,602.0,602.0,602.0,615.0,615.0,615.0
0.0,3729.0,1789.0,1845.0,1806.0,1789.0,596.0,596.0,597.0,615.0,615.0,615.0,596.0,596.0,597.0,1243.0,1243.0,1243.0,596.0,596.0,597.0,615.0,615.0,615.0
0.0,3746.0,1830.0,1846.0,1789.0,1833.0,610.0,610.0,613.0,615.0,615.0,616.0,610.0,610.0,610.0,1249.0,1249.0,1248.0,610.0,610.0,613.0,615.0,615.0,616.0
0.0,3705.0,2037.0,1851.0,1833.0,2052.0,685.0,685.0,682.0,617.0,617.0,617.0,679.0,679.0,679.0,1235.0,1235.0,1235.0,685.0,685.0,682.0,617.0,617.0,617.0
0.0,3501.0,1875.0,1855.0,2052.0,1887.0,628.0,628.0,631.0,618.0,618.0,619.0,625.0,625.0,625.0,1166.0,1166.0,1169.0,628.0,628.0,631.0,618.0,618.0,619.0
0.0,3678.0,1939.0,1860.0,1887.0,1954.0,652.0,652.0,650.0,620.0,620.0,620.0,646.0,646.0,647.0,1226.0,1226.0,1226.0,652.0,652.0,650.0,620.0,620.0,620.0
0.0,3626.0,1761.0,1857.0,1954.0,1752.0,584.0,584.0,584.0,619.0,619.0,619.0,587.0,587.0,587.0,1208.0,1208.0,1210.0,584.0,584.0,584.0,619.0,619.0,619.0
0.0,3819.0,1774.0,1854.0,1752.0,1765.0,588.0,588.0,589.0,618.0,618.0,618.0,591.0,591.0,592.0,1273.0,1273.0,1273.0,588.0,588.0,589.0,618.0,618.0,618.0
0.0,3797.0,1773.0,1854.0,1765.0,1773.0,591.0,591.0,591.0,618.0,618.0,618.0,591.0,591.0,591.0,1266.0,1266.0,1265.0,591.0,591.0,591.0,618.0,618.0,618.0
0.0,3789.0,1783.0,1852.0,1773.0,1777.0,591.0,591.0,595.0,617.0,617.0,618.0,594.0,594.0,595.0,1263.0,1263.0,1263.0,591.0,591.0,595.0,617.0,617.0,618.0
0.0,3779.0,2010.0,1860.0,1777.0,2034.0,679.0,679.0,676.0,620.0,620.0,620.0,670.0,670.0,670.0,1260.0,1260.0,1259.0,679.0,679.0,676.0,620.0,620.0,620.0
0.0,3546.0,2010.0,1866.0,2034.0,2028.0,676.0,676.0,676.0,622.0,622.0,622.0,670.0,670.0,670.0,1181.0,1181.0,1184.0,676.0,676.0,676.0,622.0,622.0,622.0
0.0,3570.0,2016.0,1869.0,2028.0,2025.0,675.0,675.0,675.0,623.0,623.0,623.0,672.0,672.0,672.0,1190.0,1190.0,1190.0,675.0,675.0,675.0,623.0,623.0,623.0
0.0,3582.0,1846.0,1867.0,2025.0,1840.0,612.0,612.0,616.0,622.0,622.0,623.0,615.0,615.0,616.0,1194.0,1194.0,1194.0,612.0,612.0,616.0,622.0,622.0,623.0
0.0,3761.0,1741.0,1864.0,1840.0,1732.0,577.0,577.0,578.0,621.0,621.0,622.0,580.0,580.0,581.0,1254.0,1254.0,1253.0,577.0,577.0,578.0,621.0,621.0,622.0
0.0,3860.0,1735.0,1860.0,1732.0,1723.0,575.0,575.0,573.0,620.0,620.0,620.0,578.0,578.0,579.0,1286.0,1286.0,1288.0,575.0,575.0,573.0,620.0,620.0,620.0
0.0,3857.0,1920.0,1864.0,1723.0,1932.0,643.0,643.0,646.0,621.0,621.0,622.0,640.0,640.0,640.0,1285.0,1285.0,1287.0,643.0,643.0,646.0,621.0,621.0,622.0
0.0,3660.0,2035.0,1870.0,1932.0,2053.0,684.0,684.0,685.0,623.0,623.0,624.0,678.0,678.0,679.0,1220.0,1220.0,1220.0,684.0,684.0,685.0,623.0,623.0,624.0
0.0,3557.0,2154.0,1878.0,2053.0,2178.0,727.0,727.0,724.0,626.0,626.0,626.0,718.0,718.0,718.0,1185.0,1185.0,1187.0,727.0,727.0,724.0,626.0,626.0,626.0
0.0,3456.0,2064.0,1881.0,2178.0,2073.0,691.0,691.0,691.0,627.0,627.0,627.0,688.0,688.0,688.0,1151.0,1151.0,1154.0,691.0,691.0,691.0,627.0,627.0,627.0
0.0,3570.0,2047.0,1881.0,2073.0,2047.0,682.0,682.0,683.0,627.0,627.0,627.0,682.0,682.0,683.0,1190.0,1190.0,1190.0,682.0,682.0,683.0,627.0,627.0,627.0
0.0,3596.0,1869.0,1878.0,2047.0,1860.0,620.0,620.0,620.0,626.0,626.0,626.0,623.0,623.0,623.0,1199.0,1199.0,1198.0,620.0,620.0,620.0,626.0,626.0,626.0
0.0,3774.0,1824.0,1873.0,1860.0,1809.0,602.0,602.0,605.0,624.0,624.0,625.0,608.0,608.0,608.0,1258.0,1258.0,1258.0,602.0,602.0,605.0,624.0,624.0,625.0
0.0,3810.0,1884.0,1875.0,1809.0,1890.0,631.0,631.0,628.0,625.0,625.0,625.0,628.0,628.0,628.0,1270.0,1270.0,1270.0,631.0,631.0,628.0,625.0,625.0,625.0
0.0,3735.0,2022.0,1881.0,1890.0,2040.0,680.0,680.0,680.0,627.0,627.0,627.0,674.0,674.0,674.0,1244.0,1244.0,1247.0,680.0,680.0,680.0,627.0,627.0,627.0
0.0,3603.0,2127.0,1890.0,2040.0,2154.0,718.0,718.0,718.0,630.0,630.0,630.0,709.0,709.0,709.0,1201.0,1201.0,1201.0,718.0,718.0,718.0,630.0,630.0,630.0
0.0,3516.0,1986.0,1894.0,2154.0,1998.0,665.0,665.0,668.0,631.0,631.0,632.0,662.0,662.0,662.0,1172.0,1172.0,1172.0,665.0,665.0,668.0,631.0,631.0,632.0
0.0,3684.0,1854.0,1891.0,1998.0,1845.0,615.0,615.0,615.0,630.0,630.0,631.0,618.0,618.0,618.0,1228.0,1228.0,1228.0,615.0,615.0,615.0,630.0,630.0,631.0
0.0,3828.0,1774.0,1887.0,1845.0,1762.0,588.0,588.0,586.0,629.0,629.0,629.0,591.0,591.0,592.0,1275.0,1275.0,1278.0,588.0,588.0,586.0,629.0,629.0,629.0
0.0,3899.0,1965.0,1890.0,1762.0,1974.0,658.0,658.0,658.0,630.0,630.0,630.0,655.0,655.0,655.0,1299.0,1299.0,1301.0,658.0,658.0,658.0,630.0,630.0,630.0
0.0,3696.0,2004.0,1894.0,1974.0,2016.0,671.0,671.0,674.0,631.0,631.0,632.0,668.0,668.0,668.0,1232.0,1232.0,1232.0,671.0,671.0,674.0,631.0,631.0,632.0
0.0,3666.0,2143.0,1902.0,2016.0,2167.0,723.0,723.0,721.0,634.0,634.0,634.0,714.0,714.0,715.0,1222.0,1222.0,1222.0,723.0,723.0,721.0,634.0,634.0,634.0
0.0,3539.0,2050.0,1908.0,2167.0,2068.0,689.0,689.0,690.0,636.0,636.0,636.0,683.0,683.0,684.0,1179.0,1179.0,1181.0,689.0,689.0,690.0,636.0,636.0,636.0
0.0,3656.0,2013.0,1911.0,2068.0,2022.0,674.0,674.0,674.0,637.0,637.0,637.0,671.0,671.0,671.0,1219.0,1219.0,1218.0,674.0,674.0,674.0,637.0,637.0,637.0
0.0,3711.0,1882.0,1909.0,2022.0,1876.0,624.0,624.0,628.0,636.0,636.0,637.0,627.0,627.0,628.0,1237.0,1237.0,1237.0,624.0,624.0,628.0,636.0,636.0,637.0
0.0,3851.0,1821.0,1905.0,1876.0,1809.0,604.0,604.0,601.0,635.0,635.0,635.0,607.0,607.0,607.0,1284.0,1284.0,1283.0,604.0,604.0,601.0,635.0,635.0,635.0
0.0,3906.0,1935.0,1905.0,1809.0,1935.0,645.0,645.0,645.0,635.0,635.0,635.0,645.0,645.0,645.0,1301.0,1301.0,1304.0,645.0,645.0,645.0,635.0,635.0,635.0
0.0,3780.0,1971.0,1908.0,1935.0,1980.0,660.0,660.0,660.0,636.0,636.0,636.0,657.0,657.0,657.0,1260.0,1260.0,1260.0,660.0,660.0,660.0,636.0,636.0,636.0
0.0,3744.0,2160.0,1917.0,1980.0,2187.0,729.0,729.0,729.0,639.0,639.0,639.0,720.0,720.0,720.0,1248.0,1248.0,1248.0,729.0,729.0,729.0,639.0,639.0,639.0
0.0,3564.0,2167.0,1926.0,2187.0,2194.0,731.0,731.0,732.0,642.0,642.0,642.0,722.0,722.0,723.0,1188.0,1188.0,1188.0,731.0,731.0,732.0,642.0,642.0,642.0
0.0,3584.0,1902.0,1927.0,2194.0,1905.0,634.0,634.0,637.0,642.0,642.0,643.0,634.0,634.0,634.0,1195.0,1195.0,1194.0,634.0,634.0,637.0,642.0,642.0,643.0
0.0,3876.0,1860.0,1924.0,1905.0,1851.0,617.0,617.0,617.0,641.0,641.0,642.0,620.0,620.0,620.0,1292.0,1292.0,1292.0,617.0,617.0,617.0,641.0,641.0,642.0
0.0,3921.0,1812.0,1920.0,1851.0,1800.0,601.0,601.0,598.0,640.0,640.0,640.0,604.0,604.0,604.0,1306.0,1306.0,1309.0,601.0,601.0,598.0,640.0,640.0,640.0
0.0,3960.0,1941.0,1920.0,1800.0,1941.0,647.0,647.0,647.0,640.0,640.0,640.0,647.0,647.0,647.0,1319.0,1319.0,1322.0,647.0,647.0,647.0,640.0,640.0,640.0
0.0,3819.0,1986.0,1923.0,1941.0,1995.0,665.0,665.0,665.0,641.0,641.0,641.0,662.0,662.0,662.0,1273.0,1273.0,1273.0,665.0,665.0,665.0,641.0,641.0,641.0
0.0,3774.0,2094.0,1932.0,1995.0,2121.0,707.0,707.0,707.0,644.0,644.0,644.0,698.0,698.0,698.0,1258.0,1258.0,1258.0,707.0,707.0,707.0,644.0,644.0,644.0
0.0,3675.0,2053.0,1935.0,2121.0,2062.0,687.0,687.0,688.0,645.0,645.0,645.0,684.0,684.0,685.0,1225.0,1225.0,1225.0,687.0,687.0,688.0,645.0,645.0,645.0
0.0,3743.0,2007.0,1938.0,2062.0,2016.0,672.0,672.0,672.0,646.0,646.0,646.0,669.0,669.0,669.0,1248.0,1248.0,1247.0,672.0,672.0,672.0,646.0,646.0,646.0
0.0,3798.0,1977.0,1936.0,2016.0,1971.0,656.0,656.0,659.0,645.0,645.0,646.0,659.0,659.0,659.0,1266.0,1266.0,1266.0,656.0,656.0,659.0,645.0,645.0,646.0
0.0,3837.0,1791.0,1933.0,1971.0,1782.0,594.0,594.0,594.0,644.0,644.0,645.0,597.0,597.0,597.0,1279.0,1279.0,1279.0,594.0,594.0,594.0,644.0,644.0,645.0
0.0,4017.0,1776.0,1929.0,1782.0,1764.0,589.0,589.0,586.0,643.0,643.0,643.0,592.0,592.0,592.0,1338.0,1338.0,1341.0,589.0,589.0,586.0,643.0,643.0,643.0
0.0,4023.0,1980.0,1935.0,1764.0,1998.0,666.0,666.0,666.0,645.0,645.0,645.0,660.0,660.0,660.0,1340.0,1340.0,1343.0,666.0,666.0,666.0,645.0,645.0,645.0
0.0,3807.0,2020.0,1938.0,1998.0,2029.0,676.0,676.0,677.0,646.0,646.0,646.0,673.0,673.0,674.0,1269.0,1269.0,1269.0,676.0,676.0,677.0,646.0,646.0,646.0
0.0,3785.0,2007.0,1942.0,2029.0,2019.0,672.0,672.0,675.0,647.0,647.0,648.0,669.0,669.0,669.0,1262.0,1262.0,1261.0,672.0,672.0,675.0,647.0,647.0,648.0
0.0,3807.0,2121.0,1948.0,2019.0,2139.0,713.0,713.0,713.0,649.0,649.0,650.0,707.0,707.0,707.0,1269.0,1269.0,1269.0,713.0,713.0,713.0,649.0,649.0,650.0
0.0,3705.0,1842.0,1944.0,2139.0,1830.0,611.0,611.0,608.0,648.0,648.0,648.0,614.0,614.0,614.0,1234.0,1234.0,1237.0,611.0,611.0,608.0,648.0,648.0,648.0
0.0,4002.0,1882.0,1944.0,1830.0,1882.0,627.0,627.0,628.0,648.0,648.0,648.0,627.0,627.0,628.0,1333.0,1333.0,1336.0,627.0,627.0,628.0,648.0,648.0,648.0
0.0,3950.0,1861.0,1944.0,1882.0,1861.0,620.0,620.0,621.0,648.0,648.0,648.0,620.0,620.0,621.0,1317.0,1317.0,1316.0,620.0,620.0,621.0,648.0,648.0,648.0
0.0,3971.0,1881.0,1945.0,1861.0,1884.0,627.0,627.0,630.0,648.0,648.0,649.0,627.0,627.0,627.0,1324.0,1324.0,1323.0,627.0,627.0,630.0,648.0,648.0,649.0
0.0,3951.0,2103.0,1951.0,1884.0,2121.0,707.0,707.0,707.0,650.0,650.0,651.0,701.0,701.0,701.0,1317.0,1317.0,1317.0,707.0,707.0,707.0,650.0,650.0,651.0
0.0,3732.0,2004.0,1956.0,2121.0,2019.0,674.0,674.0,671.0,652.0,652.0,652.0,668.0,668.0,668.0,1243.0,1243.0,1246.0,674.0,674.0,671.0,652.0,652.0,652.0
0.0,3849.0,2082.0,1962.0,2019.0,2100.0,700.0,700.0,700.0,654.0,654.0,654.0,694.0,694.0,694.0,1282.0,1282.0,1285.0,700.0,700.0,700.0,654.0,654.0,654.0
0.0,3786.0,1938.0,1960.0,2100.0,1932.0,643.0,643.0,646.0,653.0,653.0,654.0,646.0,646.0,646.0,1262.0,1262.0,1262.0,643.0,643.0,646.0,653.0,653.0,654.0
0.0,3948.0,1851.0,1957.0,1932.0,1842.0,614.0,614.0,614.0,652.0,652.0,653.0,617.0,617.0,617.0,1316.0,1316.0,1316.0,614.0,614.0,614.0,652.0,652.0,653.0
0.0,4029.0,1872.0,1954.0,1842.0,1863.0,621.0,621.0,621.0,651.0,651.0,652.0,624.0,624.0,624.0,1342.0,1342.0,1345.0,621.0,621.0,621.0,651.0,651.0,652.0
0.0,3999.0,1945.0,1956.0,1863.0,1951.0,651.0,651.0,649.0,652.0,652.0,652.0,648.0,648.0,649.0,1332.0,1332.0,1335.0,651.0,651.0,649.0,652.0,652.0,652.0
0.0,3917.0,2149.0,1965.0,1951.0,2176.0,725.0,725.0,726.0,655.0,655.0,655.0,716.0,716.0,717.0,1305.0,1305.0,1307.0,725.0,725.0,726.0,655.0,655.0,655.0
0.0,3719.0,2200.0,1974.0,2176.0,2227.0,742.0,742.0,743.0,658.0,658.0,658.0,733.0,733.0,734.0,1240.0,1240.0,1239.0,742.0,742.0,743.0,658.0,658.0,658.0
0.0,3695.0,2070.0,1977.0,2227.0,2079.0,693.0,693.0,693.0,659.0,659.0,659.0,690.0,690.0,690.0,1232.0,1232.0,1231.0,693.0,693.0,693.0,659.0,659.0,659.0
0.0,3852.0,1825.0,1972.0,2079.0,1810.0,602.0,602.0,606.0,657.0,657.0,658.0,608.0,608.0,609.0,1284.0,1284.0,1284.0,602.0,602.0,606.0,657.0,657.0,658.0
0.0,4106.0,1801.0,1965.0,1810.0,1780.0,594.0,594.0,592.0,655.0,655.0,655.0,600.0,600.0,601.0,1369.0,1369.0,1368.0,594.0,594.0,592.0,655.0,655.0,655.0
0.0,4115.0,2044.0,1965.0,1780.0,2044.0,681.0,681.0,682.0,655.0,655.0,655.0,681.0,681.0,682.0,1371.0,1371.0,1373.0,681.0,681.0,682.0,655.0,655.0,655.0
0.0,3851.0,2043.0,1965.0,2044.0,2043.0,681.0,681.0,681.0,655.0,655.0,655.0,681.0,681.0,681.0,1284.0,1284.0,1283.0,681.0,681.0,681.0,655.0,655.0,655.0
0.0,3852.0,2121.0,1969.0,2043.0,2133.0,710.0,710.0,713.0,656.0,656.0,657.0,707.0,707.0,707.0,1284.0,1284.0,1284.0,710.0,710.0,713.0,656.0,656.0,657.0
0.0,3774.0,2109.0,1975.0,2133.0,2127.0,709.0,709.0,709.0,658.0,658.0,659.0,703.0,703.0,703.0,1258.0,1258.0,1258.0,709.0,709.0,709.0,658.0,658.0,659.0
0.0,3798.0,2061.0,1978.0,2127.0,2070.0,690.0,690.0,690.0,659.0,659.0,660.0,687.0,687.0,687.0,1265.0,1265.0,1268.0,690.0,690.0,690.0,659.0,659.0,660.0
0.0,3864.0,1992.0,1978.0,2070.0,1992.0,664.0,664.0,664.0,659.0,659.0,660.0,664.0,664.0,664.0,1287.0,1287.0,1290.0,664.0,664.0,664.0,659.0,659.0,660.0
0.0,3942.0,1782.0,1971.0,1992.0,1761.0,588.0,588.0,585.0,657.0,657.0,657.0,594.0,594.0,594.0,1313.0,1313.0,1316.0,588.0,588.0,585.0,657.0,657.0,657.0
0.0,4152.0,1831.0,1968.0,1761.0,1822.0,607.0,607.0,608.0,656.0,656.0,656.0,610.0,610.0,611.0,1383.0,1383.0,1386.0,607.0,607.0,608.0,656.0,656.0,656.0
0.0,4082.0,2010.0,1971.0,1822.0,2019.0,673.0,673.0,673.0,657.0,657.0,657.0,670.0,670.0,670.0,1361.0,1361.0,1360.0,673.0,673.0,673.0,657.0,657.0,657.0
0.0,3894.0,2067.0,1977.0,2019.0,2085.0,695.0,695.0,695.0,659.0,659.0,659.0,689.0,689.0,689.0,1298.0,1298.0,1298.0,695.0,695.0,695.0,659.0,659.0,659.0
0.0,3846.0,2157.0,1980.0,2085.0,2166.0,722.0,722.0,722.0,660.0,660.0,660.0,719.0,719.0,719.0,1282.0,1282.0,1282.0,722.0,722.0,722.0,660.0,660.0,660.0
0.0,3774.0,2145.0,1983.0,2166.0,2154.0,718.0,718.0,718.0,661.0,661.0,661.0,715.0,715.0,715.0,1258.0,1258.0,1258.0,718.0,718.0,718.0,661.0,661.0,661.0
0.0,3795.0,1986.0,1980.0,2154.0,1977.0,659.0,659.0,659.0,660.0,660.0,660.0,662.0,662.0,662.0,1265.0,1265.0,1265.0,659.0,659.0,659.0,660.0,660.0,660.0
0.0,3963.0,1740.0,1974.0,1977.0,1722.0,574.0,574.0,574.0,658.0,658.0,658.0,580.0,580.0,580.0,1321.0,1321.0,1321.0,574.0,574.0,574.0,658.0,658.0,658.0
0.0,4200.0,1911.0,1972.0,1722.0,1905.0,634.0,634.0,637.0,657.0,657.0,658.0,637.0,637.0,637.0,1400.0,1400.0,1400.0,634.0,634.0,637.0,657.0,657.0,658.0
0.0,4011.0,2055.0,1977.0,1905.0,2070.0,691.0,691.0,688.0,659.0,659.0,659.0,685.0,685.0,685.0,1337.0,1337.0,1337.0,691.0,691.0,688.0,659.0,659.0,659.0
0.0,3861.0,2142.0,1983.0,2070.0,2160.0,720.0,720.0,720.0,661.0,661.0,661.0,714.0,714.0,714.0,1286.0,1286.0,1289.0,720.0,720.0,720.0,661.0,661.0,661.0
0.0,3789.0,2091.0,1986.0,2160.0,2100.0,700.0,700.0,700.0,662.0,662.0,662.0,697.0,697.0,697.0,1263.0,1263.0,1263.0,700.0,700.0,700.0,662.0,662.0,662.0
0.0,3858.0,2220.0,1989.0,2100.0,2229.0,743.0,743.0,743.0,663.0,663.0,663.0,740.0,740.0,740.0,1286.0,1286.0,1286.0,743.0,743.0,743.0,663.0,663.0,663.0
0.0,3738.0,1998.0,1986.0,2229.0,1989.0,663.0,663.0,663.0,662.0,662.0,662.0,666.0,666.0,666.0,1246.0,1246.0,1246.0,663.0,663.0,663.0,662.0,662.0,662.0
0.0,3969.0,1933.0,1983.0,1989.0,1924.0,641.0,641.0,642.0,661.0,661.0,661.0,644.0,644.0,645.0,1323.0,1323.0,1323.0,641.0,641.0,642.0,661.0,661.0,661.0
0.0,4025.0,1941.0,1983.0,1924.0,1941.0,647.0,647.0,647.0,661.0,661.0,661.0,647.0,647.0,647.0,1342.0,1342.0,1341.0,647.0,647.0,647.0,661.0,661.0,661.0
0.0,4008.0,2112.0,1987.0,1941.0,2124.0,707.0,707.0,710.0,662.0,662.0,663.0,704.0,704.0,704.0,1336.0,1336.0,1336.0,707.0,707.0,710.0,662.0,662.0,663.0
0.0,3837.0,2097.0,1993.0,2124.0,2115.0,705.0,705.0,705.0,664.0,664.0,665.0,699.0,699.0,699.0,1279.0,1279.0,1279.0,705.0,705.0,705.0,664.0,664.0,665.0
0.0,3864.0,2197.0,1998.0,2115.0,2212.0,738.0,738.0,736.0,666.0,666.0,666.0,732.0,732.0,733.0,1287.0,1287.0,1290.0,738.0,738.0,736.0,666.0,666.0,666.0
0.0,3782.0,2106.0,2001.0,2212.0,2115.0,705.0,705.0,705.0,667.0,667.0,667.0,702.0,702.0,702.0,1260.0,1260.0,1262.0,705.0,705.0,705.0,667.0,667.0,667.0
0.0,3888.0,2004.0,1998.0,2115.0,1995.0,665.0,665.0,665.0,666.0,666.0,666.0,668.0,668.0,668.0,1296.0,1296.0,1296.0,665.0,665.0,665.0,666.0,666.0,666.0
0.0,3999.0,1897.0,1995.0,1995.0,1888.0,629.0,629.0,630.0,665.0,665.0,665.0,632.0,632.0,633.0,1333.0,1333.0,1333.0,629.0,629.0,630.0,665.0,665.0,665.0
0.0,4097.0,1941.0,1995.0,1888.0,1941.0,647.0,647.0,647.0,665.0,665.0,665.0,647.0,647.0,647.0,1366.0,1366.0,1365.0,647.0,647.0,647.0,665.0,665.0,665.0
0.0,4044.0,2163.0,1998.0,1941.0,2172.0,724.0,724.0,724.0,666.0,666.0,666.0,721.0,721.0,721.0,1348.0,1348.0,1348.0,724.0,724.0,724.0,666.0,666.0,666.0
0.0,3822.0,2130.0,2004.0,2172.0,2148.0,716.0,716.0,716.0,668.0,668.0,668.0,710.0,710.0,710.0,1274.0,1274.0,1274.0,716.0,716.0,716.0,668.0,668.0,668.0
0.0,3864.0,2160.0,2013.0,2148.0,2187.0,729.0,729.0,729.0,671.0,671.0,671.0,720.0,720.0,720.0,1288.0,1288.0,1288.0,729.0,729.0,729.0,671.0,671.0,671.0
0.0,3852.0,2139.0,2016.0,2187.0,2148.0,716.0,716.0,716.0,672.0,672.0,672.0,713.0,713.0,713.0,1284.0,1284.0,1284.0,716.0,716.0,716.0,672.0,672.0,672.0
0.0,3900.0,2005.0,2014.0,2148.0,1999.0,665.0,665.0,669.0,671.0,671.0,672.0,668.0,668.0,669.0,1300.0,1300.0,1300.0,665.0,665.0,669.0,671.0,671.0,672.0
0.0,4043.0,1986.0,2014.0,1999.0,1986.0,662.0,662.0,662.0,671.0,671.0,672.0,662.0,662.0,662.0,1348.0,1348.0,1347.0,662.0,662.0,662.0,671.0,671.0,672.0
0.0,4056.0,1866.0,2010.0,1986.0,1854.0,619.0,619.0,616.0,670.0,670.0,670.0,622.0,622.0,622.0,1351.0,1351.0,1354.0,619.0,619.0,616.0,670.0,670.0,670.0
0.0,4176.0,2068.0,2013.0,1854.0,2077.0,692.0,692.0,693.0,671.0,671.0,671.0,689.0,689.0,690.0,1391.0,1391.0,1394.0,692.0,692.0,693.0,671.0,671.0,671.0
0.0,3962.0,2142.0,2019.0,2077.0,2160.0,720.0,720.0,720.0,673.0,673.0,673.0,714.0,714.0,714.0,1321.0,1321.0,1320.0,720.0,720.0,720.0,673.0,673.0,673.0
0.0,3897.0,2130.0,2025.0,2160.0,2148.0,716.0,716.0,716.0,675.0,675.0,675.0,710.0,710.0,710.0,1299.0,1299.0,1299.0,716.0,716.0,716.0,675.0,675.0,675.0
0.0,3927.0,2094.0,2028.0,2148.0,2103.0,701.0,701.0,701.0,676.0,676.0,676.0,698.0,698.0,698.0,1309.0,1309.0,1309.0,701.0,701.0,701.0,676.0,676.0,676.0
0.0,3981.0,2091.0,2028.0,2103.0,2091.0,697.0,697.0,697.0,676.0,676.0,676.0,697.0,697.0,697.0,1327.0,1327.0,1327.0,697.0,697.0,697.0,676.0,676.0,676.0
0.0,3993.0,1851.0,2025.0,2091.0,1842.0,614.0,614.0,614.0,675.0,675.0,675.0,617.0,617.0,617.0,1331.0,1331.0,1331.0,614.0,614.0,614.0,675.0,675.0,675.0
0.0,4233.0,1957.0,2022.0,1842.0,1948.0,649.0,649.0,650.0,674.0,674.0,674.0,652.0,652.0,653.0,1411.0,1411.0,1411.0,649.0,649.0,650.0,674.0,674.0,674.0
0.0,4118.0,2022.0,2025.0,1948.0,2031.0,677.0,677.0,677.0,675.0,675.0,675.0,674.0,674.0,674.0,1373.0,1373.0,1372.0,677.0,677.0,677.0,675.0,675.0,675.0
0.0,4044.0,2094.0,2028.0,2031.0,2103.0,701.0,701.0,701.0,676.0,676.0,676.0,698.0,698.0,698.0,1348.0,1348.0,1348.0,701.0,701.0,701.0,676.0,676.0,676.0
0.0,3981.0,1986.0,2031.0,2103.0,1995.0,665.0,665.0,665.0,677.0,677.0,677.0,662.0,662.0,662.0,1327.0,1327.0,1327.0,665.0,665.0,665.0,677.0,677.0,677.0
0.0,4098.0,2010.0,2032.0,1995.0,2013.0,670.0,670.0,673.0,677.0,677.0,678.0,670.0,670.0,670.0,1366.0,1366.0,1366.0,670.0,670.0,673.0,677.0,677.0,678.0
0.0,4083.0,1992.0,2029.0,2013.0,1983.0,661.0,661.0,661.0,676.0,676.0,677.0,664.0,664.0,664.0,1361.0,1361.0,1361.0,661.0,661.0,661.0,676.0,676.0,677.0
0.0,4104.0,1935.0,2025.0,1983.0,1923.0,642.0,642.0,639.0,675.0,675.0,675.0,645.0,645.0,645.0,1367.0,1367.0,1370.0,642.0,642.0,639.0,675.0,675.0,675.0
0.0,4152.0,1944.0,2022.0,1923.0,1935.0,645.0,645.0,645.0,674.0,674.0,674.0,648.0,648.0,648.0,1383.0,1383.0,1386.0,645.0,645.0,645.0,674.0,674.0,674.0
0.0,4131.0,2157.0,2028.0,1935.0,2175.0,725.0,725.0,725.0,676.0,676.0,676.0,719.0,719.0,719.0,1377.0,1377.0,1377.0,725.0,725.0,725.0,676.0,676.0,676.0
0.0,3909.0,2134.0,2034.0,2175.0,2152.0,717.0,717.0,718.0,678.0,678.0,678.0,711.0,711.0,712.0,1303.0,1303.0,1303.0,717.0,717.0,718.0,678.0,678.0,678.0
0.0,3950.0,2319.0,2040.0,2152.0,2337.0,779.0,779.0,779.0,680.0,680.0,680.0,773.0,773.0,773.0,1317.0,1317.0,1316.0,779.0,779.0,779.0,680.0,680.0,680.0
0.0,3783.0,2082.0,2040.0,2337.0,2082.0,694.0,694.0,694.0,680.0,680.0,680.0,694.0,694.0,694.0,1261.0,1261.0,1261.0,694.0,694.0,694.0,680.0,680.0,680.0
0.0,4038.0,1987.0,2037.0,2082.0,1978.0,659.0,659.0,660.0,679.0,679.0,679.0,662.0,662.0,663.0,1346.0,1346.0,1346.0,659.0,659.0,660.0,679.0,679.0,679.0
0.0,4133.0,1992.0,2035.0,1978.0,1986.0,661.0,661.0,664.0,678.0,678.0,679.0,664.0,664.0,664.0,1378.0,1378.0,1377.0,661.0,661.0,664.0,678.0,678.0,679.0
0.0,4119.0,2038.0,2035.0,1986.0,2038.0,679.0,679.0,680.0,678.0,678.0,679.0,679.0,679.0,680.0,1373.0,1373.0,1373.0,679.0,679.0,680.0,678.0,678.0,679.0
0.0,4067.0,2085.0,2037.0,2038.0,2091.0,698.0,698.0,695.0,679.0,679.0,679.0,695.0,695.0,695.0,1355.0,1355.0,1357.0,698.0,698.0,695.0,679.0,679.0,679.0
0.0,4020.0,2208.0,2046.0,2091.0,2235.0,745.0,745.0,745.0,682.0,682.0,682.0,736.0,736.0,736.0,1339.0,1339.0,1342.0,745.0,745.0,745.0,682.0,682.0,682.0
0.0,3903.0,2061.0,2049.0,2235.0,2070.0,690.0,690.0,690.0,683.0,683.0,683.0,687.0,687.0,687.0,1301.0,1301.0,1301.0,690.0,690.0,690.0,683.0,683.0,683.0
0.0,4077.0,2214.0,2053.0,2070.0,2226.0,741.0,741.0,744.0,684.0,684.0,685.0,738.0,738.0,738.0,1359.0,1359.0,1359.0,741.0,741.0,744.0,684.0,684.0,685.0
0.0,3933.0,2085.0,2055.0,2226.0,2091.0,698.0,698.0,695.0,685.0,685.0,685.0,695.0,695.0,695.0,1311.0,1311.0,1311.0,698.0,698.0,695.0,685.0,685.0,685.0
0.0,4074.0,1887.0,2049.0,2091.0,1869.0,623.0,623.0,623.0,683.0,683.0,683.0,629.0,629.0,629.0,1357.0,1357.0,1360.0,623.0,623.0,623.0,683.0,683.0,683.0
0.0,4278.0,1860.0,2043.0,1869.0,1842.0,614.0,614.0,614.0,681.0,681.0,681.0,620.0,620.0,620.0,1426.0,1426.0,1426.0,614.0,614.0,614.0,681.0,681.0,681.0
0.0,4287.0,2109.0,2046.0,1842.0,2118.0,706.0,706.0,706.0,682.0,682.0,682.0,703.0,703.0,703.0,1429.0,1429.0,1429.0,706.0,706.0,706.0,682.0,682.0,682.0
0.0,4020.0,2169.0,2055.0,2118.0,2196.0,732.0,732.0,732.0,685.0,685.0,685.0,723.0,723.0,723.0,1340.0,1340.0,1340.0,732.0,732.0,732.0,685.0,685.0,685.0
0.0,3969.0,2127.0,2058.0,2196.0,2136.0,712.0,712.0,712.0,686.0,686.0,686.0,709.0,709.0,709.0,1323.0,1323.0,1323.0,712.0,712.0,712.0,686.0,686.0,686.0
0.0,4038.0,2188.0,2061.0,2136.0,2197.0,732.0,732.0,733.0,687.0,687.0,687.0,729.0,729.0,730.0,1346.0,1346.0,1346.0,732.0,732.0,733.0,687.0,687.0,687.0
0.0,3986.0,1965.0,2058.0,2197.0,1956.0,652.0,652.0,652.0,686.0,686.0,686.0,655.0,655.0,655.0,1329.0,1329.0,1328.0,652.0,652.0,652.0,686.0,686.0,686.0
0.0,4218.0,1972.0,2055.0,1956.0,1963.0,654.0,654.0,655.0,685.0,685.0,685.0,657.0,657.0,658.0,1406.0,1406.0,1406.0,654.0,654.0,655.0,685.0,685.0,685.0
0.0,4202.0,1941.0,2049.0,1963.0,1923.0,641.0,641.0,641.0,683.0,683.0,683.0,647.0,647.0,647.0,1401.0,1401.0,1400.0,641.0,641.0,641.0,683.0,683.0,683.0
0.0,4224.0,2104.0,2052.0,1923.0,2113.0,704.0,704.0,705.0,684.0,684.0,684.0,701.0,701.0,702.0,1408.0,1408.0,1408.0,704.0,704.0,705.0,684.0,684.0,684.0
0.0,4043.0,2262.0,2058.0,2113.0,2280.0,760.0,760.0,760.0,686.0,686.0,686.0,754.0,754.0,754.0,1348.0,1348.0,1347.0,760.0,760.0,760.0,686.0,686.0,686.0
0.0,3894.0,2238.0,2064.0,2280.0,2256.0,752.0,752.0,752.0,688.0,688.0,688.0,746.0,746.0,746.0,1298.0,1298.0,1298.0,752.0,752.0,752.0,688.0,688.0,688.0
0.0,3936.0,2103.0,2064.0,2256.0,2103.0,701.0,701.0,701.0,688.0,688.0,688.0,701.0,701.0,701.0,1312.0,1312.0,1312.0,701.0,701.0,701.0,688.0,688.0,688.0
0.0,4089.0,2017.0,2061.0,2103.0,2008.0,669.0,669.0,670.0,687.0,687.0,687.0,672.0,672.0,673.0,1363.0,1363.0,1363.0,669.0,669.0,670.0,687.0,687.0,687.0
0.0,4175.0,2049.0,2058.0,2008.0,2040.0,680.0,680.0,680.0,686.0,686.0,686.0,683.0,683.0,683.0,1392.0,1392.0,1391.0,680.0,680.0,680.0,686.0,686.0,686.0
0.0,4134.0,1992.0,2058.0,2040.0,1992.0,664.0,664.0,664.0,686.0,686.0,686.0,664.0,664.0,664.0,1378.0,1378.0,1378.0,664.0,664.0,664.0,686.0,686.0,686.0
0.0,4182.0,2121.0,2058.0,1992.0,2121.0,707.0,707.0,707.0,686.0,686.0,686.0,707.0,707.0,707.0,1394.0,1394.0,1394.0,707.0,707.0,707.0,686.0,686.0,686.0
0.0,4053.0,2218.0,2065.0,2121.0,2239.0,745.0,745.0,749.0,688.0,688.0,689.0,739.0,739.0,740.0,1351.0,1351.0,1351.0,745.0,745.0,749.0,688.0,688.0,689.0
0.0,3956.0,2158.0,2070.0,2239.0,2173.0,725.0,725.0,723.0,690.0,690.0,690.0,719.0,719.0,720.0,1319.0,1319.0,1318.0,725.0,725.0,723.0,690.0,690.0,690.0
0.0,4037.0,2214.0,2070.0,2173.0,2214.0,738.0,738.0,738.0,690.0,690.0,690.0,738.0,738.0,738.0,1345.0,1345.0,1347.0,738.0,738.0,738.0,690.0,690.0,690.0
0.0,3996.0,2004.0,2067.0,2214.0,1995.0,665.0,665.0,665.0,689.0,689.0,689.0,668.0,668.0,668.0,1332.0,1332.0,1332.0,665.0,665.0,665.0,689.0,689.0,689.0
0.0,4206.0,2005.0,2064.0,1995.0,1996.0,665.0,665.0,666.0,688.0,688.0,688.0,668.0,668.0,669.0,1402.0,1402.0,1402.0,665.0,665.0,666.0,688.0,688.0,688.0
0.0,4196.0,1992.0,2062.0,1996.0,1986.0,661.0,661.0,664.0,687.0,687.0,688.0,664.0,664.0,664.0,1399.0,1399.0,1398.0,661.0,661.0,664.0,687.0,687.0,688.0
0.0,4200.0,2170.0,2065.0,1986.0,2179.0,726.0,726.0,727.0,688.0,688.0,689.0,723.0,723.0,724.0,1400.0,1400.0,1400.0,726.0,726.0,727.0,688.0,688.0,689.0
0.0,4016.0,2220.0,2070.0,2179.0,2235.0,746.0,746.0,743.0,690.0,690.0,690.0,740.0,740.0,740.0,1338.0,1338.0,1340.0,746.0,746.0,743.0,690.0,690.0,690.0
0.0,3975.0,2301.0,2079.0,2235.0,2328.0,776.0,776.0,776.0,693.0,693.0,693.0,767.0,767.0,767.0,1324.0,1324.0,1327.0,776.0,776.0,776.0,693.0,693.0,693.0
0.0,3909.0,2268.0,2082.0,2328.0,2277.0,759.0,759.0,759.0,694.0,694.0,694.0,756.0,756.0,756.0,1303.0,1303.0,1303.0,759.0,759.0,759.0,694.0,694.0,694.0
0.0,3969.0,1989.0,2079.0,2277.0,1980.0,660.0,660.0,660.0,693.0,693.0,693.0,663.0,663.0,663.0,1323.0,1323.0,1323.0,660.0,660.0,660.0,693.0,693.0,693.0
0.0,4257.0,2001.0,2076.0,1980.0,1992.0,664.0,664.0,664.0,692.0,692.0,692.0,667.0,667.0,667.0,1419.0,1419.0,1419.0,664.0,664.0,664.0,692.0,692.0,692.0
0.0,4236.0,2028.0,2076.0,1992.0,2028.0,676.0,676.0,676.0,692.0,692.0,692.0,676.0,676.0,676.0,1412.0,1412.0,1412.0,676.0,676.0,676.0,692.0,692.0,692.0
0.0,4200.0,2115.0,2076.0,2028.0,2115.0,705.0,705.0,705.0,692.0,692.0,692.0,705.0,705.0,705.0,1400.0,1400.0,1400.0,705.0,705.0,705.0,692.0,692.0,692.0
0.0,4113.0,2217.0,2082.0,2115.0,2235.0,745.0,745.0,745.0,694.0,694.0,694.0,739.0,739.0,739.0,1371.0,1371.0,1371.0,745.0,745.0,745.0,694.0,694.0,694.0
0.0,4011.0,2328.0,2091.0,2235.0,2355.0,785.0,785.0,785.0,697.0,697.0,697.0,776.0,776.0,776.0,1337.0,1337.0,1337.0,785.0,785.0,785.0,697.0,697.0,697.0
0.0,3918.0,2112.0,2091.0,2355.0,2112.0,704.0,704.0,704.0,697.0,697.0,697.0,704.0,704.0,704.0,1306.0,1306.0,1306.0,704.0,704.0,704.0,697.0,697.0,697.0
0.0,4161.0,2146.0,2092.0,2112.0,2149.0,715.0,715.0,719.0,697.0,697.0,698.0,715.0,715.0,716.0,1387.0,1387.0,1387.0,715.0,715.0,719.0,697.0,697.0,698.0
0.0,4127.0,2028.0,2094.0,2149.0,2034.0,679.0,679.0,676.0,698.0,698.0,698.0,676.0,676.0,676.0,1376.0,1376.0,1375.0,679.0,679.0,676.0,698.0,698.0,698.0
0.0,4248.0,2016.0,2094.0,2034.0,2016.0,672.0,672.0,672.0,698.0,698.0,698.0,672.0,672.0,672.0,1415.0,1415.0,1418.0,672.0,672.0,672.0,698.0,698.0,698.0
0.0,4266.0,2215.0,2097.0,2016.0,2224.0,741.0,741.0,742.0,699.0,699.0,699.0,738.0,738.0,739.0,1422.0,1422.0,1422.0,741.0,741.0,742.0,699.0,699.0,699.0
0.0,4067.0,2256.0,2104.0,2224.0,2277.0,758.0,758.0,761.0,701.0,701.0,702.0,752.0,752.0,752.0,1356.0,1356.0,1355.0,758.0,758.0,761.0,701.0,701.0,702.0
0.0,4035.0,2199.0,2109.0,2277.0,2214.0,739.0,739.0,736.0,703.0,703.0,703.0,733.0,733.0,733.0,1345.0,1345.0,1345.0,739.0,739.0,736.0,703.0,703.0,703.0
0.0,4113.0,2247.0,2110.0,2214.0,2250.0,749.0,749.0,752.0,703.0,703.0,704.0,749.0,749.0,749.0,1370.0,1370.0,1373.0,749.0,749.0,752.0,703.0,703.0,704.0
0.0,4080.0,2011.0,2109.0,2250.0,2008.0,670.0,670.0,668.0,703.0,703.0,703.0,670.0,670.0,671.0,1360.0,1360.0,1360.0,670.0,670.0,668.0,703.0,703.0,703.0
0.0,4319.0,1897.0,2100.0,2008.0,1870.0,623.0,623.0,624.0,700.0,700.0,700.0,632.0,632.0,633.0,1439.0,1439.0,1441.0,623.0,623.0,624.0,700.0,700.0,700.0
0.0,4430.0,1851.0,2095.0,1870.0,1836.0,611.0,611.0,614.0,698.0,698.0,699.0,617.0,617.0,617.0,1477.0,1477.0,1476.0,611.0,611.0,614.0,698.0,698.0,699.0
0.0,4449.0,2076.0,2097.0,1836.0,2082.0,695.0,695.0,692.0,699.0,699.0,699.0,692.0,692.0,692.0,1483.0,1483.0,1483.0,695.0,695.0,692.0,699.0,699.0,699.0
0.0,4209.0,2251.0,2103.0,2082.0,2269.0,756.0,756.0,757.0,701.0,701.0,701.0,750.0,750.0,751.0,1402.0,1402.0,1405.0,756.0,756.0,757.0,701.0,701.0,701.0
0.0,4040.0,2356.0,2109.0,2269.0,2374.0,791.0,791.0,792.0,703.0,703.0,703.0,785.0,785.0,786.0,1347.0,1347.0,1346.0,791.0,791.0,792.0,703.0,703.0,703.0
0.0,3953.0,2196.0,2110.0,2374.0,2199.0,732.0,732.0,735.0,703.0,703.0,704.0,732.0,732.0,732.0,1318.0,1318.0,1317.0,732.0,732.0,735.0,703.0,703.0,704.0
0.0,4131.0,2196.0,2110.0,2199.0,2196.0,732.0,732.0,732.0,703.0,703.0,704.0,732.0,732.0,732.0,1377.0,1377.0,1377.0,732.0,732.0,732.0,703.0,703.0,704.0
0.0,4134.0,1983.0,2109.0,2196.0,1980.0,661.0,661.0,658.0,703.0,703.0,703.0,661.0,661.0,661.0,1377.0,1377.0,1380.0,661.0,661.0,658.0,703.0,703.0,703.0
0.0,4347.0,2004.0,2106.0,1980.0,1995.0,665.0,665.0,665.0,702.0,702.0,702.0,668.0,668.0,668.0,1448.0,1448.0,1451.0,665.0,665.0,665.0,702.0,702.0,702.0
0.0,4323.0,2083.0,2106.0,1995.0,2083.0,694.0,694.0,695.0,702.0,702.0,702.0,694.0,694.0,695.0,1441.0,1441.0,1441.0,694.0,694.0,695.0,702.0,702.0,702.0
0.0,4235.0,2298.0,2112.0,2083.0,2316.0,772.0,772.0,772.0,704.0,704.0,704.0,766.0,766.0,766.0,1412.0,1412.0,1411.0,772.0,772.0,772.0,704.0,704.0,704.0
0.0,4020.0,2271.0,2121.0,2316.0,2298.0,766.0,766.0,766.0,707.0,707.0,707.0,757.0,757.0,757.0,1340.0,1340.0,1340.0,766.0,766.0,766.0,707.0,707.0,707.0
0.0,4065.0,2383.0,2127.0,2298.0,2401.0,800.0,800.0,801.0,709.0,709.0,709.0,794.0,794.0,795.0,1355.0,1355.0,1355.0,800.0,800.0,801.0,709.0,709.0,709.0
0.0,3980.0,2188.0,2127.0,2401.0,2188.0,729.0,729.0,730.0,709.0,709.0,709.0,729.0,729.0,730.0,1327.0,1327.0,1326.0,729.0,729.0,730.0,709.0,709.0,709.0
0.0,4193.0,2014.0,2124.0,2188.0,2005.0,668.0,668.0,669.0,708.0,708.0,708.0,671.0,671.0,672.0,1398.0,1398.0,1397.0,668.0,668.0,669.0,708.0,708.0,708.0
0.0,4367.0,1977.0,2121.0,2005.0,1968.0,656.0,656.0,656.0,707.0,707.0,707.0,659.0,659.0,659.0,1456.0,1456.0,1455.0,656.0,656.0,656.0,707.0,707.0,707.0
0.0,4395.0,2176.0,2124.0,1968.0,2185.0,728.0,728.0,729.0,708.0,708.0,708.0,725.0,725.0,726.0,1465.0,1465.0,1465.0,728.0,728.0,729.0,708.0,708.0,708.0
0.0,4187.0,2274.0,2130.0,2185.0,2292.0,764.0,764.0,764.0,710.0,710.0,710.0,758.0,758.0,758.0,1396.0,1396.0,1395.0,764.0,764.0,764.0,710.0,710.0,710.0
0.0,4098.0,2241.0,2136.0,2292.0,2259.0,753.0,753.0,753.0,712.0,712.0,712.0,747.0,747.0,747.0,1366.0,1366.0,1366.0,753.0,753.0,753.0,712.0,712.0,712.0
0.0,4149.0,2259.0,2139.0,2259.0,2268.0,756.0,756.0,756.0,713.0,713.0,713.0,753.0,753.0,753.0,1383.0,1383.0,1383.0,756.0,756.0,756.0,713.0,713.0,713.0
0.0,4149.0,2146.0,2136.0,2268.0,2137.0,712.0,712.0,713.0,712.0,712.0,712.0,715.0,715.0,716.0,1383.0,1383.0,1383.0,712.0,712.0,713.0,712.0,712.0,712.0
0.0,4271.0,2127.0,2134.0,2137.0,2121.0,706.0,706.0,709.0,711.0,711.0,712.0,709.0,709.0,709.0,1424.0,1424.0,1423.0,706.0,706.0,709.0,711.0,711.0,712.0
0.0,4281.0,2088.0,2134.0,2121.0,2088.0,696.0,696.0,696.0,711.0,711.0,712.0,696.0,696.0,696.0,1427.0,1427.0,1427.0,696.0,696.0,696.0,711.0,711.0,712.0
0.0,4314.0,2169.0,2137.0,2088.0,2178.0,726.0,726.0,726.0,712.0,712.0,713.0,723.0,723.0,723.0,1437.0,1437.0,1440.0,726.0,726.0,726.0,712.0,712.0,713.0
0.0,4233.0,2505.0,2145.0,2178.0,2529.0,844.0,844.0,841.0,715.0,715.0,715.0,835.0,835.0,835.0,1410.0,1410.0,1413.0,844.0,844.0,841.0,715.0,715.0,715.0
0.0,3906.0,2208.0,2151.0,2529.0,2226.0,742.0,742.0,742.0,717.0,717.0,717.0,736.0,736.0,736.0,1301.0,1301.0,1304.0,742.0,742.0,742.0,717.0,717.0,717.0
0.0,4227.0,2256.0,2152.0,2226.0,2259.0,752.0,752.0,755.0,717.0,717.0,718.0,752.0,752.0,752.0,1409.0,1409.0,1409.0,752.0,752.0,755.0,717.0,717.0,718.0
0.0,4197.0,2121.0,2151.0,2259.0,2118.0,707.0,707.0,704.0,717.0,717.0,717.0,707.0,707.0,707.0,1399.0,1399.0,1399.0,707.0,707.0,704.0,717.0,717.0,717.0
0.0,4335.0,2157.0,2151.0,2118.0,2157.0,719.0,719.0,719.0,717.0,717.0,717.0,719.0,719.0,719.0,1444.0,1444.0,1447.0,719.0,719.0,719.0,717.0,717.0,717.0
0.0,4296.0,2067.0,2148.0,2157.0,2058.0,686.0,686.0,686.0,716.0,716.0,716.0,689.0,689.0,689.0,1432.0,1432.0,1432.0,686.0,686.0,686.0,716.0,716.0,716.0
0.0,4386.0,2206.0,2151.0,2058.0,2215.0,738.0,738.0,739.0,717.0,717.0,717.0,735.0,735.0,736.0,1462.0,1462.0,1462.0,738.0,738.0,739.0,717.0,717.0,717.0
0.0,4238.0,2292.0,2157.0,2215.0,2310.0,770.0,770.0,770.0,719.0,719.0,719.0,764.0,764.0,764.0,1413.0,1413.0,1412.0,770.0,770.0,770.0,719.0,719.0,719.0
0.0,4161.0,2326.0,2163.0,2310.0,2344.0,781.0,781.0,782.0,721.0,721.0,721.0,775.0,775.0,776.0,1387.0,1387.0,1387.0,781.0,781.0,782.0,721.0,721.0,721.0
0.0,4145.0,2196.0,2164.0,2344.0,2199.0,732.0,732.0,735.0,721.0,721.0,722.0,732.0,732.0,732.0,1382.0,1382.0,1381.0,732.0,732.0,735.0,721.0,721.0,722.0
0.0,4293.0,2080.0,2161.0,2199.0,2071.0,690.0,690.0,691.0,720.0,720.0,721.0,693.0,693.0,694.0,1431.0,1431.0,1431.0,690.0,690.0,691.0,720.0,720.0,721.0
0.0,4412.0,1983.0,2155.0,2071.0,1965.0,655.0,655.0,655.0,718.0,718.0,719.0,661.0,661.0,661.0,1470.0,1470.0,1472.0,655.0,655.0,655.0,718.0,718.0,719.0
0.0,4500.0,2034.0,2151.0,1965.0,2022.0,675.0,675.0,672.0,717.0,717.0,717.0,678.0,678.0,678.0,1499.0,1499.0,1502.0,675.0,675.0,672.0,717.0,717.0,717.0
0.0,4431.0,2181.0,2154.0,2022.0,2190.0,730.0,730.0,730.0,718.0,718.0,718.0,727.0,727.0,727.0,1476.0,1476.0,1479.0,730.0,730.0,730.0,718.0,718.0,718.0
0.0,4272.0,2250.0,2160.0,2190.0,2268.0,756.0,756.0,756.0,720.0,720.0,720.0,750.0,750.0,750.0,1424.0,1424.0,1424.0,756.0,756.0,756.0,720.0,720.0,720.0
0.0,4212.0,2397.0,2166.0,2268.0,2415.0,805.0,805.0,805.0,722.0,722.0,722.0,799.0,799.0,799.0,1404.0,1404.0,1404.0,805.0,805.0,805.0,722.0,722.0,722.0
0.0,4083.0,2313.0,2170.0,2415.0,2325.0,774.0,774.0,777.0,723.0,723.0,724.0,771.0,771.0,771.0,1361.0,1361.0,1361.0,774.0,774.0,777.0,723.0,723.0,724.0
0.0,4185.0,2164.0,2169.0,2325.0,2161.0,721.0,721.0,719.0,723.0,723.0,723.0,721.0,721.0,722.0,1395.0,1395.0,1395.0,721.0,721.0,719.0,723.0,723.0,723.0
0.0,4346.0,2202.0,2166.0,2161.0,2193.0,731.0,731.0,731.0,722.0,722.0,722.0,734.0,734.0,734.0,1448.0,1448.0,1450.0,731.0,731.0,731.0,722.0,722.0,722.0
0.0,4305.0,2175.0,2169.0,2193.0,2184.0,728.0,728.0,728.0,723.0,723.0,723.0,725.0,725.0,725.0,1435.0,1435.0,1435.0,728.0,728.0,728.0,723.0,723.0,723.0
0.0,4323.0,2238.0,2169.0,2184.0,2238.0,746.0,746.0,746.0,723.0,723.0,723.0,746.0,746.0,746.0,1441.0,1441.0,1441.0,746.0,746.0,746.0,723.0,723.0,723.0
0.0,4269.0,2278.0,2175.0,2238.0,2296.0,765.0,765.0,766.0,725.0,725.0,725.0,759.0,759.0,760.0,1423.0,1423.0,1423.0,765.0,765.0,766.0,725.0,725.0,725.0
0.0,4229.0,2259.0,2179.0,2296.0,2271.0,756.0,756.0,759.0,726.0,726.0,727.0,753.0,753.0,753.0,1410.0,1410.0,1409.0,756.0,756.0,759.0,726.0,726.0,727.0
0.0,4266.0,2122.0,2178.0,2271.0,2119.0,707.0,707.0,705.0,726.0,726.0,726.0,707.0,707.0,708.0,1422.0,1422.0,1422.0,707.0,707.0,705.0,726.0,726.0,726.0
0.0,4415.0,2244.0,2178.0,2119.0,2244.0,748.0,748.0,748.0,726.0,726.0,726.0,748.0,748.0,748.0,1471.0,1471.0,1473.0,748.0,748.0,748.0,726.0,726.0,726.0
0.0,4290.0,2092.0,2175.0,2244.0,2083.0,694.0,694.0,695.0,725.0,725.0,725.0,697.0,697.0,698.0,1430.0,1430.0,1430.0,694.0,694.0,695.0,725.0,725.0,725.0
0.0,4442.0,2169.0,2173.0,2083.0,2163.0,720.0,720.0,723.0,724.0,724.0,725.0,723.0,723.0,723.0,1481.0,1481.0,1480.0,720.0,720.0,723.0,724.0,724.0,725.0
0.0,4356.0,2247.0,2178.0,2163.0,2262.0,755.0,755.0,752.0,726.0,726.0,726.0,749.0,749.0,749.0,1452.0,1452.0,1452.0,755.0,755.0,752.0,726.0,726.0,726.0
0.0,4272.0,2298.0,2187.0,2262.0,2325.0,775.0,775.0,775.0,729.0,729.0,729.0,766.0,766.0,766.0,1423.0,1423.0,1426.0,775.0,775.0,775.0,729.0,729.0,729.0
0.0,4236.0,2314.0,2196.0,2325.0,2341.0,780.0,780.0,781.0,732.0,732.0,732.0,771.0,771.0,772.0,1412.0,1412.0,1412.0,780.0,780.0,781.0,732.0,732.0,732.0
0.0,4247.0,2181.0,2196.0,2341.0,2181.0,727.0,727.0,727.0,732.0,732.0,732.0,727.0,727.0,727.0,1416.0,1416.0,1415.0,727.0,727.0,727.0,732.0,732.0,732.0
0.0,4407.0,2200.0,2196.0,2181.0,2200.0,733.0,733.0,734.0,732.0,732.0,732.0,733.0,733.0,734.0,1469.0,1469.0,1469.0,733.0,733.0,734.0,732.0,732.0,732.0
0.0,4388.0,2124.0,2191.0,2200.0,2109.0,702.0,702.0,705.0,730.0,730.0,731.0,708.0,708.0,708.0,1463.0,1463.0,1462.0,702.0,702.0,705.0,730.0,730.0,731.0
0.0,4464.0,2209.0,2191.0,2109.0,2209.0,736.0,736.0,737.0,730.0,730.0,731.0,736.0,736.0,737.0,1488.0,1488.0,1488.0,736.0,736.0,737.0,730.0,730.0,731.0
0.0,4364.0,2130.0,2190.0,2209.0,2127.0,710.0,710.0,707.0,730.0,730.0,730.0,710.0,710.0,710.0,1454.0,1454.0,1456.0,710.0,710.0,707.0,730.0,730.0,730.0
0.0,4443.0,2392.0,2199.0,2127.0,2419.0,806.0,806.0,807.0,733.0,733.0,733.0,797.0,797.0,798.0,1480.0,1480.0,1483.0,806.0,806.0,807.0,733.0,733.0,733.0
0.0,4178.0,2436.0,2206.0,2419.0,2457.0,818.0,818.0,821.0,735.0,735.0,736.0,812.0,812.0,812.0,1393.0,1393.0,1392.0,818.0,818.0,821.0,735.0,735.0,736.0
0.0,4161.0,2307.0,2211.0,2457.0,2322.0,775.0,775.0,772.0,737.0,737.0,737.0,769.0,769.0,769.0,1387.0,1387.0,1387.0,775.0,775.0,772.0,737.0,737.0,737.0
0.0,4311.0,2091.0,2208.0,2322.0,2082.0,694.0,694.0,694.0,736.0,736.0,736.0,697.0,697.0,697.0,1436.0,1436.0,1439.0,694.0,694.0,694.0,736.0,736.0,736.0
0.0,4542.0,2172.0,2205.0,2082.0,2163.0,721.0,721.0,721.0,735.0,735.0,735.0,724.0,724.0,724.0,1514.0,1514.0,1514.0,721.0,721.0,721.0,735.0,735.0,735.0
0.0,4452.0,2076.0,2199.0,2163.0,2058.0,686.0,686.0,686.0,733.0,733.0,733.0,692.0,692.0,692.0,1484.0,1484.0,1484.0,686.0,686.0,686.0,733.0,733.0,733.0
0.0,4539.0,2040.0,2196.0,2058.0,2031.0,677.0,677.0,677.0,732.0,732.0,732.0,680.0,680.0,680.0,1513.0,1513.0,1513.0,677.0,677.0,677.0,732.0,732.0,732.0
0.0,4557.0,2442.0,2205.0,2031.0,2469.0,823.0,823.0,823.0,735.0,735.0,735.0,814.0,814.0,814.0,1519.0,1519.0,1519.0,823.0,823.0,823.0,735.0,735.0,735.0
0.0,4146.0,2322.0,2211.0,2469.0,2340.0,780.0,780.0,780.0,737.0,737.0,737.0,774.0,774.0,774.0,1382.0,1382.0,1382.0,780.0,780.0,780.0,737.0,737.0,737.0
0.0,4293.0,2253.0,2212.0,2340.0,2256.0,751.0,751.0,754.0,737.0,737.0,738.0,751.0,751.0,751.0,1431.0,1431.0,1431.0,751.0,751.0,754.0,737.0,737.0,738.0
0.0,4380.0,2232.0,2211.0,2256.0,2229.0,744.0,744.0,741.0,737.0,737.0,737.0,744.0,744.0,744.0,1460.0,1460.0,1460.0,744.0,744.0,741.0,737.0,737.0,737.0
0.0,4404.0,2064.0,2208.0,2229.0,2055.0,685.0,685.0,685.0,736.0,736.0,736.0,688.0,688.0,688.0,1467.0,1467.0,1470.0,685.0,685.0,685.0,736.0,736.0,736.0
0.0,4569.0,2226.0,2208.0,2055.0,2226.0,742.0,742.0,742.0,736.0,736.0,736.0,742.0,742.0,742.0,1523.0,1523.0,1523.0,742.0,742.0,742.0,736.0,736.0,736.0
0.0,4398.0,2374.0,2212.0,2226.0,2386.0,794.0,794.0,798.0,737.0,737.0,738.0,791.0,791.0,792.0,1466.0,1466.0,1466.0,794.0,794.0,798.0,737.0,737.0,738.0
0.0,4250.0,2328.0,2217.0,2386.0,2343.0,782.0,782.0,779.0,739.0,739.0,739.0,776.0,776.0,776.0,1417.0,1417.0,1416.0,782.0,782.0,779.0,739.0,739.0,739.0
0.0,4308.0,2391.0,2223.0,2343.0,2409.0,803.0,803.0,803.0,741.0,741.0,741.0,797.0,797.0,797.0,1435.0,1435.0,1438.0,803.0,803.0,803.0,741.0,741.0,741.0
0.0,4260.0,2400.0,2226.0,2409.0,2409.0,803.0,803.0,803.0,742.0,742.0,742.0,800.0,800.0,800.0,1420.0,1420.0,1420.0,803.0,803.0,803.0,742.0,742.0,742.0
0.0,4269.0,2125.0,2220.0,2409.0,2107.0,702.0,702.0,703.0,740.0,740.0,740.0,708.0,708.0,709.0,1423.0,1423.0,1423.0,702.0,702.0,703.0,740.0,740.0,740.0
0.0,4553.0,2166.0,2218.0,2107.0,2160.0,719.0,719.0,722.0,739.0,739.0,740.0,722.0,722.0,722.0,1518.0,1518.0,1517.0,719.0,719.0,722.0,739.0,739.0,740.0
0.0,4494.0,2328.0,2220.0,2160.0,2334.0,779.0,779.0,776.0,740.0,740.0,740.0,776.0,776.0,776.0,1498.0,1498.0,1498.0,779.0,779.0,776.0,740.0,740.0,740.0
0.0,4326.0,2232.0,2221.0,2334.0,2235.0,744.0,744.0,747.0,740.0,740.0,741.0,744.0,744.0,744.0,1441.0,1441.0,1444.0,744.0,744.0,747.0,740.0,740.0,741.0
0.0,4428.0,2250.0,2223.0,2235.0,2256.0,753.0,753.0,750.0,741.0,741.0,741.0,750.0,750.0,750.0,1476.0,1476.0,1476.0,753.0,753.0,750.0,741.0,741.0,741.0
0.0,4413.0,2367.0,2229.0,2256.0,2385.0,795.0,795.0,795.0,743.0,743.0,743.0,789.0,789.0,789.0,1470.0,1470.0,1473.0,795.0,795.0,795.0,743.0,743.0,743.0
0.0,4302.0,2326.0,2232.0,2385.0,2335.0,778.0,778.0,779.0,744.0,744.0,744.0,775.0,775.0,776.0,1434.0,1434.0,1434.0,778.0,778.0,779.0,744.0,744.0,744.0
0.0,4361.0,2091.0,2227.0,2335.0,2076.0,691.0,691.0,694.0,742.0,742.0,743.0,697.0,697.0,697.0,1454.0,1454.0,1453.0,691.0,691.0,694.0,742.0,742.0,743.0
0.0,4605.0,2139.0,2224.0,2076.0,2130.0,710.0,710.0,710.0,741.0,741.0,742.0,713.0,713.0,713.0,1535.0,1535.0,1535.0,710.0,710.0,710.0,741.0,741.0,742.0
0.0,4542.0,2208.0,2224.0,2130.0,2208.0,736.0,736.0,736.0,741.0,741.0,742.0,736.0,736.0,736.0,1513.0,1513.0,1516.0,736.0,736.0,736.0,741.0,741.0,742.0
0.0,4464.0,2292.0,2229.0,2208.0,2307.0,770.0,770.0,767.0,743.0,743.0,743.0,764.0,764.0,764.0,1487.0,1487.0,1490.0,770.0,770.0,767.0,743.0,743.0,743.0
0.0,4380.0,2212.0,2232.0,2307.0,2221.0,740.0,740.0,741.0,744.0,744.0,744.0,737.0,737.0,738.0,1459.0,1459.0,1462.0,740.0,740.0,741.0,744.0,744.0,744.0
0.0,4475.0,2358.0,2238.0,2221.0,2376.0,792.0,792.0,792.0,746.0,746.0,746.0,786.0,786.0,786.0,1492.0,1492.0,1491.0,792.0,792.0,792.0,746.0,746.0,746.0
0.0,4338.0,2394.0,2244.0,2376.0,2412.0,804.0,804.0,804.0,748.0,748.0,748.0,798.0,798.0,798.0,1446.0,1446.0,1446.0,804.0,804.0,804.0,748.0,748.0,748.0
0.0,4320.0,2113.0,2241.0,2412.0,2104.0,701.0,701.0,702.0,747.0,747.0,747.0,704.0,704.0,705.0,1440.0,1440.0,1440.0,701.0,701.0,702.0,747.0,747.0,747.0
0.0,4619.0,2100.0,2235.0,2104.0,2082.0,694.0,694.0,694.0,745.0,745.0,745.0,700.0,700.0,700.0,1540.0,1540.0,1539.0,694.0,694.0,694.0,745.0,745.0,745.0
0.0,4623.0,2169.0,2232.0,2082.0,2160.0,720.0,720.0,720.0,744.0,744.0,744.0,723.0,723.0,723.0,1541.0,1541.0,1541.0,720.0,720.0,720.0,744.0,744.0,744.0
0.0,4536.0,2124.0,2232.0,2160.0,2124.0,708.0,708.0,708.0,744.0,744.0,744.0,708.0,708.0,708.0,1512.0,1512.0,1512.0,708.0,708.0,708.0,744.0,744.0,744.0
0.0,4572.0,2302.0,2233.0,2124.0,2305.0,767.0,767.0,771.0,744.0,744.0,745.0,767.0,767.0,768.0,1524.0,1524.0,1524.0,767.0,767.0,771.0,744.0,744.0,745.0
0.0,4394.0,2421.0,2238.0,2305.0,2436.0,813.0,813.0,810.0,746.0,746.0,746.0,807.0,807.0,807.0,1465.0,1465.0,1464.0,813.0,813.0,810.0,746.0,746.0,746.0
0.0,4278.0,2349.0,2241.0,2436.0,2358.0,786.0,786.0,786.0,747.0,747.0,747.0,783.0,783.0,783.0,1425.0,1425.0,1428.0,786.0,786.0,786.0,747.0,747.0,747.0
0.0,4365.0,2041.0,2235.0,2358.0,2023.0,674.0,674.0,675.0,745.0,745.0,745.0,680.0,680.0,681.0,1455.0,1455.0,1455.0,674.0,674.0,675.0,745.0,745.0,745.0
0.0,4682.0,2181.0,2235.0,2023.0,2181.0,727.0,727.0,727.0,745.0,745.0,745.0,727.0,727.0,727.0,1561.0,1561.0,1560.0,727.0,727.0,727.0,745.0,745.0,745.0
0.0,4524.0,2196.0,2235.0,2181.0,2196.0,732.0,732.0,732.0,745.0,745.0,745.0,732.0,732.0,732.0,1508.0,1508.0,1508.0,732.0,732.0,732.0,745.0,745.0,745.0
0.0,4509.0,2272.0,2235.0,2196.0,2272.0,757.0,757.0,758.0,745.0,745.0,745.0,757.0,757.0,758.0,1503.0,1503.0,1503.0,757.0,757.0,758.0,745.0,745.0,745.0
0.0,4433.0,2322.0,2241.0,2272.0,2340.0,780.0,780.0,780.0,747.0,747.0,747.0,774.0,774.0,774.0,1478.0,1478.0,1477.0,780.0,780.0,780.0,747.0,747.0,747.0
0.0,4383.0,2421.0,2245.0,2340.0,2433.0,810.0,810.0,813.0,748.0,748.0,749.0,807.0,807.0,807.0,1461.0,1461.0,1461.0,810.0,810.0,813.0,748.0,748.0,749.0
0.0,4302.0,2286.0,2247.0,2433.0,2292.0,765.0,765.0,762.0,749.0,749.0,749.0,762.0,762.0,762.0,1434.0,1434.0,1434.0,765.0,765.0,762.0,749.0,749.0,749.0
0.0,4449.0,2175.0,2244.0,2292.0,2166.0,722.0,722.0,722.0,748.0,748.0,748.0,725.0,725.0,725.0,1482.0,1482.0,1485.0,722.0,722.0,722.0,748.0,748.0,748.0
0.0,4566.0,2115.0,2239.0,2166.0,2100.0,699.0,699.0,702.0,746.0,746.0,747.0,705.0,705.0,705.0,1522.0,1522.0,1522.0,699.0,699.0,702.0,746.0,746.0,747.0
0.0,4617.0,2146.0,2238.0,2100.0,2143.0,715.0,715.0,713.0,746.0,746.0,746.0,715.0,715.0,716.0,1539.0,1539.0,1539.0,715.0,715.0,713.0,746.0,746.0,746.0
0.0,4571.0,2310.0,2241.0,2143.0,2319.0,773.0,773.0,773.0,747.0,747.0,747.0,770.0,770.0,770.0,1523.0,1523.0,1525.0,773.0,773.0,773.0,747.0,747.0,747.0
0.0,4404.0,2395.0,2247.0,2319.0,2413.0,804.0,804.0,805.0,749.0,749.0,749.0,798.0,798.0,799.0,1468.0,1468.0,1468.0,804.0,804.0,805.0,749.0,749.0,749.0
0.0,4328.0,2445.0,2250.0,2413.0,2454.0,818.0,818.0,818.0,750.0,750.0,750.0,815.0,815.0,815.0,1443.0,1443.0,1442.0,818.0,818.0,818.0,750.0,750.0,750.0
0.0,4296.0,2349.0,2256.0,2454.0,2367.0,789.0,789.0,789.0,752.0,752.0,752.0,783.0,783.0,783.0,1432.0,1432.0,1432.0,789.0,789.0,789.0,752.0,752.0,752.0
0.0,4401.0,2217.0,2253.0,2367.0,2208.0,736.0,736.0,736.0,751.0,751.0,751.0,739.0,739.0,739.0,1467.0,1467.0,1467.0,736.0,736.0,736.0,751.0,751.0,751.0
0.0,4551.0,2211.0,2247.0,2208.0,2193.0,731.0,731.0,731.0,749.0,749.0,749.0,737.0,737.0,737.0,1517.0,1517.0,1517.0,731.0,731.0,731.0,749.0,749.0,749.0
0.0,4548.0,2221.0,2247.0,2193.0,2221.0,740.0,740.0,741.0,749.0,749.0,749.0,740.0,740.0,741.0,1516.0,1516.0,1516.0,740.0,740.0,741.0,749.0,749.0,749.0
0.0,4520.0,2265.0,2250.0,2221.0,2274.0,758.0,758.0,758.0,750.0,750.0,750.0,755.0,755.0,755.0,1507.0,1507.0,1506.0,758.0,758.0,758.0,750.0,750.0,750.0
0.0,4476.0,2353.0,2253.0,2274.0,2362.0,787.0,787.0,788.0,751.0,751.0,751.0,784.0,784.0,785.0,1492.0,1492.0,1492.0,787.0,787.0,788.0,751.0,751.0,751.0
0.0,4397.0,2439.0,2259.0,2362.0,2457.0,819.0,819.0,819.0,753.0,753.0,753.0,813.0,813.0,813.0,1466.0,1466.0,1465.0,819.0,819.0,819.0,753.0,753.0,753.0
0.0,4320.0,2272.0,2265.0,2457.0,2290.0,763.0,763.0,764.0,755.0,755.0,755.0,757.0,757.0,758.0,1440.0,1440.0,1440.0,763.0,763.0,764.0,755.0,755.0,755.0
0.0,4505.0,2175.0,2259.0,2290.0,2157.0,719.0,719.0,719.0,753.0,753.0,753.0,725.0,725.0,725.0,1502.0,1502.0,1501.0,719.0,719.0,719.0,753.0,753.0,753.0
0.0,4620.0,2247.0,2257.0,2157.0,2241.0,746.0,746.0,749.0,752.0,752.0,753.0,749.0,749.0,749.0,1540.0,1540.0,1540.0,746.0,746.0,749.0,752.0,752.0,753.0
0.0,4530.0,2232.0,2257.0,2241.0,2232.0,744.0,744.0,744.0,752.0,752.0,753.0,744.0,744.0,744.0,1510.0,1510.0,1510.0,744.0,744.0,744.0,752.0,752.0,753.0
0.0,4539.0,2266.0,2257.0,2232.0,2266.0,755.0,755.0,756.0,752.0,752.0,753.0,755.0,755.0,756.0,1512.0,1512.0,1515.0,755.0,755.0,756.0,752.0,752.0,753.0
0.0,4505.0,2421.0,2265.0,2266.0,2445.0,816.0,816.0,813.0,755.0,755.0,755.0,807.0,807.0,807.0,1501.0,1501.0,1503.0,816.0,816.0,813.0,755.0,755.0,755.0
0.0,4350.0,2496.0,2269.0,2445.0,2508.0,835.0,835.0,838.0,756.0,756.0,757.0,832.0,832.0,832.0,1449.0,1449.0,1452.0,835.0,835.0,838.0,756.0,756.0,757.0
0.0,4299.0,2500.0,2272.0,2508.0,2509.0,836.0,836.0,837.0,757.0,757.0,758.0,833.0,833.0,834.0,1433.0,1433.0,1433.0,836.0,836.0,837.0,757.0,757.0,758.0
0.0,4307.0,2286.0,2271.0,2509.0,2283.0,762.0,762.0,759.0,757.0,757.0,757.0,762.0,762.0,762.0,1435.0,1435.0,1437.0,762.0,762.0,759.0,757.0,757.0,757.0
0.0,4530.0,2167.0,2268.0,2283.0,2158.0,719.0,719.0,720.0,756.0,756.0,756.0,722.0,722.0,723.0,1509.0,1509.0,1512.0,719.0,719.0,720.0,756.0,756.0,756.0
0.0,4646.0,2286.0,2265.0,2158.0,2277.0,759.0,759.0,759.0,755.0,755.0,755.0,762.0,762.0,762.0,1549.0,1549.0,1548.0,759.0,759.0,759.0,755.0,755.0,755.0
0.0,4518.0,2325.0,2268.0,2277.0,2334.0,778.0,778.0,778.0,756.0,756.0,756.0,775.0,775.0,775.0,1506.0,1506.0,1506.0,778.0,778.0,778.0,756.0,756.0,756.0
0.0,4470.0,2433.0,2274.0,2334.0,2451.0,817.0,817.0,817.0,758.0,758.0,758.0,811.0,811.0,811.0,1490.0,1490.0,1490.0,817.0,817.0,817.0,758.0,758.0,758.0
0.0,4371.0,2502.0,2277.0,2451.0,2511.0,837.0,837.0,837.0,759.0,759.0,759.0,834.0,834.0,834.0,1457.0,1457.0,1457.0,837.0,837.0,837.0,759.0,759.0,759.0
0.0,4320.0,2587.0,2284.0,2511.0,2608.0,868.0,868.0,872.0,761.0,761.0,762.0,862.0,862.0,863.0,1440.0,1440.0,1440.0,868.0,868.0,872.0,761.0,761.0,762.0
0.0,4244.0,2176.0,2283.0,2608.0,2173.0,725.0,725.0,723.0,761.0,761.0,761.0,725.0,725.0,726.0,1415.0,1415.0,1414.0,725.0,725.0,723.0,761.0,761.0,761.0
0.0,4676.0,2218.0,2280.0,2173.0,2209.0,736.0,736.0,737.0,760.0,760.0,760.0,739.0,739.0,740.0,1558.0,1558.0,1560.0,736.0,736.0,737.0,760.0,760.0,760.0
0.0,4631.0,2301.0,2280.0,2209.0,2301.0,767.0,767.0,767.0,760.0,760.0,760.0,767.0,767.0,767.0,1544.0,1544.0,1543.0,767.0,767.0,767.0,760.0,760.0,760.0
0.0,4539.0,2388.0,2286.0,2301.0,2406.0,802.0,802.0,802.0,762.0,762.0,762.0,796.0,796.0,796.0,1513.0,1513.0,1513.0,802.0,802.0,802.0,762.0,762.0,762.0
0.0,4452.0,2379.0,2289.0,2406.0,2388.0,796.0,796.0,796.0,763.0,763.0,763.0,793.0,793.0,793.0,1484.0,1484.0,1484.0,796.0,796.0,796.0,763.0,763.0,763.0
0.0,4479.0,2413.0,2293.0,2388.0,2425.0,807.0,807.0,811.0,764.0,764.0,765.0,804.0,804.0,805.0,1493.0,1493.0,1493.0,807.0,807.0,811.0,764.0,764.0,765.0
0.0,4454.0,2469.0,2298.0,2425.0,2484.0,829.0,829.0,826.0,766.0,766.0,766.0,823.0,823.0,823.0,1485.0,1485.0,1484.0,829.0,829.0,826.0,766.0,766.0,766.0
0.0,4410.0,2283.0,2298.0,2484.0,2283.0,761.0,761.0,761.0,766.0,766.0,766.0,761.0,761.0,761.0,1469.0,1469.0,1472.0,761.0,761.0,761.0,766.0,766.0,766.0
0.0,4611.0,2229.0,2295.0,2283.0,2220.0,740.0,740.0,740.0,765.0,765.0,765.0,743.0,743.0,743.0,1537.0,1537.0,1537.0,740.0,740.0,740.0,765.0,765.0,765.0
0.0,4665.0,2269.0,2293.0,2220.0,2263.0,753.0,753.0,757.0,764.0,764.0,765.0,756.0,756.0,757.0,1555.0,1555.0,1555.0,753.0,753.0,757.0,764.0,764.0,765.0
0.0,4616.0,2391.0,2298.0,2263.0,2406.0,803.0,803.0,800.0,766.0,766.0,766.0,797.0,797.0,797.0,1539.0,1539.0,1538.0,803.0,803.0,800.0,766.0,766.0,766.0
0.0,4488.0,2470.0,2307.0,2406.0,2497.0,832.0,832.0,833.0,769.0,769.0,769.0,823.0,823.0,824.0,1495.0,1495.0,1498.0,832.0,832.0,833.0,769.0,769.0,769.0
0.0,4424.0,2512.0,2313.0,2497.0,2530.0,843.0,843.0,844.0,771.0,771.0,771.0,837.0,837.0,838.0,1475.0,1475.0,1474.0,843.0,843.0,844.0,771.0,771.0,771.0
0.0,4409.0,2412.0,2319.0,2530.0,2430.0,810.0,810.0,810.0,773.0,773.0,773.0,804.0,804.0,804.0,1470.0,1470.0,1469.0,810.0,810.0,810.0,773.0,773.0,773.0
0.0,4527.0,2226.0,2316.0,2430.0,2217.0,739.0,739.0,739.0,772.0,772.0,772.0,742.0,742.0,742.0,1509.0,1509.0,1509.0,739.0,739.0,739.0,772.0,772.0,772.0
0.0,4731.0,2271.0,2313.0,2217.0,2262.0,754.0,754.0,754.0,771.0,771.0,771.0,757.0,757.0,757.0,1577.0,1577.0,1577.0,754.0,754.0,754.0,771.0,771.0,771.0
0.0,4677.0,2299.0,2313.0,2262.0,2299.0,766.0,766.0,767.0,771.0,771.0,771.0,766.0,766.0,767.0,1559.0,1559.0,1559.0,766.0,766.0,767.0,771.0,771.0,771.0
0.0,4640.0,2337.0,2319.0,2299.0,2355.0,785.0,785.0,785.0,773.0,773.0,773.0,779.0,779.0,779.0,1547.0,1547.0,1546.0,785.0,785.0,785.0,773.0,773.0,773.0
0.0,4602.0,2365.0,2322.0,2355.0,2374.0,791.0,791.0,792.0,774.0,774.0,774.0,788.0,788.0,789.0,1534.0,1534.0,1534.0,791.0,791.0,792.0,774.0,774.0,774.0
0.0,4592.0,2478.0,2328.0,2374.0,2496.0,832.0,832.0,832.0,776.0,776.0,776.0,826.0,826.0,826.0,1531.0,1531.0,1530.0,832.0,832.0,832.0,776.0,776.0,776.0
0.0,4488.0,2421.0,2331.0,2496.0,2430.0,810.0,810.0,810.0,777.0,777.0,777.0,807.0,807.0,807.0,1496.0,1496.0,1496.0,810.0,810.0,810.0,777.0,777.0,777.0
0.0,4563.0,2325.0,2331.0,2430.0,2325.0,775.0,775.0,775.0,777.0,777.0,777.0,775.0,775.0,775.0,1521.0,1521.0,1521.0,775.0,775.0,775.0,777.0,777.0,777.0
0.0,4668.0,2277.0,2328.0,2325.0,2268.0,756.0,756.0,756.0,776.0,776.0,776.0,759.0,759.0,759.0,1556.0,1556.0,1556.0,756.0,756.0,756.0,776.0,776.0,776.0
0.0,4716.0,2271.0,2328.0,2268.0,2271.0,757.0,757.0,757.0,776.0,776.0,776.0,757.0,757.0,757.0,1572.0,1572.0,1572.0,757.0,757.0,757.0,776.0,776.0,776.0
0.0,4713.0,2352.0,2331.0,2271.0,2361.0,787.0,787.0,787.0,777.0,777.0,777.0,784.0,784.0,784.0,1571.0,1571.0,1571.0,787.0,787.0,787.0,777.0,777.0,777.0
0.0,4632.0,2470.0,2337.0,2361.0,2488.0,829.0,829.0,830.0,779.0,779.0,779.0,823.0,823.0,824.0,1544.0,1544.0,1544.0,829.0,829.0,830.0,779.0,779.0,779.0
0.0,4523.0,2560.0,2346.0,2488.0,2587.0,862.0,862.0,863.0,782.0,782.0,782.0,853.0,853.0,854.0,1508.0,1508.0,1507.0,862.0,862.0,863.0,782.0,782.0,782.0
0.0,4451.0,2373.0,2346.0,2587.0,2373.0,791.0,791.0,791.0,782.0,782.0,782.0,791.0,791.0,791.0,1484.0,1484.0,1483.0,791.0,791.0,791.0,782.0,782.0,782.0
0.0,4665.0,2338.0,2346.0,2373.0,2338.0,779.0,779.0,780.0,782.0,782.0,782.0,779.0,779.0,780.0,1555.0,1555.0,1555.0,779.0,779.0,780.0,782.0,782.0,782.0
0.0,4700.0,2325.0,2343.0,2338.0,2316.0,772.0,772.0,772.0,781.0,781.0,781.0,775.0,775.0,775.0,1567.0,1567.0,1566.0,772.0,772.0,772.0,781.0,781.0,781.0
0.0,4713.0,2113.0,2338.0,2316.0,2098.0,698.0,698.0,702.0,779.0,779.0,780.0,704.0,704.0,705.0,1571.0,1571.0,1571.0,698.0,698.0,702.0,779.0,779.0,780.0
0.0,4916.0,2476.0,2343.0,2098.0,2491.0,831.0,831.0,829.0,781.0,781.0,781.0,825.0,825.0,826.0,1639.0,1639.0,1638.0,831.0,831.0,829.0,781.0,781.0,781.0
0.0,4538.0,2598.0,2352.0,2491.0,2625.0,875.0,875.0,875.0,784.0,784.0,784.0,866.0,866.0,866.0,1512.0,1512.0,1514.0,875.0,875.0,875.0,784.0,784.0,784.0
0.0,4431.0,2524.0,2358.0,2625.0,2542.0,847.0,847.0,848.0,786.0,786.0,786.0,841.0,841.0,842.0,1477.0,1477.0,1477.0,847.0,847.0,848.0,786.0,786.0,786.0
0.0,4532.0,2541.0,2362.0,2542.0,2553.0,850.0,850.0,853.0,787.0,787.0,788.0,847.0,847.0,847.0,1511.0,1511.0,1510.0,850.0,850.0,853.0,787.0,787.0,788.0
0.0,4533.0,2269.0,2361.0,2553.0,2266.0,756.0,756.0,754.0,787.0,787.0,787.0,756.0,756.0,757.0,1511.0,1511.0,1511.0,756.0,756.0,754.0,787.0,787.0,787.0
0.0,4817.0,2214.0,2356.0,2266.0,2199.0,732.0,732.0,735.0,785.0,785.0,786.0,738.0,738.0,738.0,1605.0,1605.0,1607.0,732.0,732.0,735.0,785.0,785.0,786.0
0.0,4869.0,2190.0,2355.0,2199.0,2187.0,730.0,730.0,727.0,785.0,785.0,785.0,730.0,730.0,730.0,1623.0,1623.0,1623.0,730.0,730.0,727.0,785.0,785.0,785.0
0.0,4878.0,2442.0,2359.0,2187.0,2454.0,817.0,817.0,820.0,786.0,786.0,787.0,814.0,814.0,814.0,1625.0,1625.0,1628.0,817.0,817.0,820.0,786.0,786.0,787.0
0.0,4623.0,2529.0,2365.0,2454.0,2547.0,849.0,849.0,849.0,788.0,788.0,789.0,843.0,843.0,843.0,1541.0,1541.0,1541.0,849.0,849.0,849.0,788.0,788.0,789.0
0.0,4548.0,2541.0,2371.0,2547.0,2559.0,853.0,853.0,853.0,790.0,790.0,791.0,847.0,847.0,847.0,1515.0,1515.0,1518.0,853.0,853.0,853.0,790.0,790.0,791.0
0.0,4554.0,2383.0,2373.0,2559.0,2389.0,797.0,797.0,795.0,791.0,791.0,791.0,794.0,794.0,795.0,1517.0,1517.0,1520.0,797.0,797.0,795.0,791.0,791.0,791.0
0.0,4730.0,2265.0,2370.0,2389.0,2256.0,752.0,752.0,752.0,790.0,790.0,790.0,755.0,755.0,755.0,1576.0,1576.0,1578.0,752.0,752.0,752.0,790.0,790.0,790.0
0.0,4854.0,2211.0,2365.0,2256.0,2196.0,731.0,731.0,734.0,788.0,788.0,789.0,737.0,737.0,737.0,1618.0,1618.0,1618.0,731.0,731.0,734.0,788.0,788.0,789.0
0.0,4899.0,2236.0,2361.0,2196.0,2224.0,742.0,742.0,740.0,787.0,787.0,787.0,745.0,745.0,746.0,1633.0,1633.0,1633.0,742.0,742.0,740.0,787.0,787.0,787.0
0.0,4859.0,2442.0,2364.0,2224.0,2451.0,817.0,817.0,817.0,788.0,788.0,788.0,814.0,814.0,814.0,1619.0,1619.0,1621.0,817.0,817.0,817.0,788.0,788.0,788.0
0.0,4641.0,2419.0,2368.0,2451.0,2431.0,809.0,809.0,813.0,789.0,789.0,790.0,806.0,806.0,807.0,1547.0,1547.0,1547.0,809.0,809.0,813.0,789.0,789.0,790.0
0.0,4673.0,2506.0,2373.0,2431.0,2521.0,841.0,841.0,839.0,791.0,791.0,791.0,835.0,835.0,836.0,1558.0,1558.0,1557.0,841.0,841.0,839.0,791.0,791.0,791.0
0.0,4598.0,2532.0,2376.0,2521.0,2541.0,847.0,847.0,847.0,792.0,792.0,792.0,844.0,844.0,844.0,1532.0,1532.0,1534.0,847.0,847.0,847.0,792.0,792.0,792.0
0.0,4587.0,2416.0,2376.0,2541.0,2416.0,805.0,805.0,806.0,792.0,792.0,792.0,805.0,805.0,806.0,1529.0,1529.0,1529.0,805.0,805.0,806.0,792.0,792.0,792.0
0.0,4712.0,2295.0,2371.0,2416.0,2280.0,759.0,759.0,762.0,790.0,790.0,791.0,765.0,765.0,765.0,1571.0,1571.0,1570.0,759.0,759.0,762.0,790.0,790.0,791.0
0.0,4833.0,2289.0,2367.0,2280.0,2277.0,760.0,760.0,757.0,789.0,789.0,789.0,763.0,763.0,763.0,1611.0,1611.0,1611.0,760.0,760.0,757.0,789.0,789.0,789.0
0.0,4824.0,2382.0,2370.0,2277.0,2391.0,797.0,797.0,797.0,790.0,790.0,790.0,794.0,794.0,794.0,1607.0,1607.0,1610.0,797.0,797.0,797.0,790.0,790.0,790.0
0.0,4719.0,2574.0,2376.0,2391.0,2592.0,864.0,864.0,864.0,792.0,792.0,792.0,858.0,858.0,858.0,1573.0,1573.0,1573.0,864.0,864.0,864.0,792.0,792.0,792.0
0.0,4536.0,2589.0,2382.0,2592.0,2607.0,869.0,869.0,869.0,794.0,794.0,794.0,863.0,863.0,863.0,1512.0,1512.0,1512.0,869.0,869.0,869.0,794.0,794.0,794.0
0.0,4539.0,2331.0,2382.0,2607.0,2331.0,777.0,777.0,777.0,794.0,794.0,794.0,777.0,777.0,777.0,1513.0,1513.0,1513.0,777.0,777.0,777.0,794.0,794.0,794.0
0.0,4815.0,2307.0,2380.0,2331.0,2301.0,766.0,766.0,769.0,793.0,793.0,794.0,769.0,769.0,769.0,1605.0,1605.0,1605.0,766.0,766.0,769.0,793.0,793.0,794.0
0.0,4839.0,2262.0,2377.0,2301.0,2253.0,751.0,751.0,751.0,792.0,792.0,793.0,754.0,754.0,754.0,1613.0,1613.0,1613.0,751.0,751.0,751.0,792.0,792.0,793.0
0.0,4878.0,2331.0,2374.0,2253.0,2322.0,774.0,774.0,774.0,791.0,791.0,792.0,777.0,777.0,777.0,1625.0,1625.0,1628.0,774.0,774.0,774.0,791.0,791.0,792.0
0.0,4800.0,2454.0,2377.0,2322.0,2463.0,821.0,821.0,821.0,792.0,792.0,793.0,818.0,818.0,818.0,1599.0,1599.0,1602.0,821.0,821.0,821.0,792.0,792.0,793.0
0.0,4668.0,2505.0,2382.0,2463.0,2520.0,841.0,841.0,838.0,794.0,794.0,794.0,835.0,835.0,835.0,1555.0,1555.0,1558.0,841.0,841.0,838.0,794.0,794.0,794.0
0.0,4626.0,2521.0,2388.0,2520.0,2539.0,846.0,846.0,847.0,796.0,796.0,796.0,840.0,840.0,841.0,1541.0,1541.0,1544.0,846.0,846.0,847.0,796.0,796.0,796.0
0.0,4625.0,2448.0,2388.0,2539.0,2448.0,816.0,816.0,816.0,796.0,796.0,796.0,816.0,816.0,816.0,1542.0,1542.0,1541.0,816.0,816.0,816.0,796.0,796.0,796.0
0.0,4716.0,2385.0,2388.0,2448.0,2385.0,795.0,795.0,795.0,796.0,796.0,796.0,795.0,795.0,795.0,1572.0,1572.0,1572.0,795.0,795.0,795.0,796.0,796.0,796.0
0.0,4779.0,2308.0,2383.0,2385.0,2293.0,763.0,763.0,767.0,794.0,794.0,795.0,769.0,769.0,770.0,1593.0,1593.0,1593.0,763.0,763.0,767.0,794.0,794.0,795.0
0.0,4856.0,2349.0,2382.0,2293.0,2346.0,783.0,783.0,780.0,794.0,794.0,794.0,783.0,783.0,783.0,1619.0,1619.0,1618.0,783.0,783.0,780.0,794.0,794.0,794.0
0.0,4800.0,2397.0,2385.0,2346.0,2406.0,802.0,802.0,802.0,795.0,795.0,795.0,799.0,799.0,799.0,1599.0,1599.0,1602.0,802.0,802.0,802.0,795.0,795.0,795.0
0.0,4749.0,2514.0,2391.0,2406.0,2532.0,844.0,844.0,844.0,797.0,797.0,797.0,838.0,838.0,838.0,1583.0,1583.0,1583.0,844.0,844.0,844.0,797.0,797.0,797.0
0.0,4641.0,2455.0,2394.0,2532.0,2464.0,821.0,821.0,822.0,798.0,798.0,798.0,818.0,818.0,819.0,1547.0,1547.0,1547.0,821.0,821.0,822.0,798.0,798.0,798.0
0.0,4718.0,2559.0,2397.0,2464.0,2568.0,856.0,856.0,856.0,799.0,799.0,799.0,853.0,853.0,853.0,1573.0,1573.0,1572.0,856.0,856.0,856.0,799.0,799.0,799.0
0.0,4623.0,2238.0,2394.0,2568.0,2229.0,743.0,743.0,743.0,798.0,798.0,798.0,746.0,746.0,746.0,1541.0,1541.0,1541.0,743.0,743.0,743.0,798.0,798.0,798.0
0.0,4953.0,2244.0,2391.0,2229.0,2235.0,745.0,745.0,745.0,797.0,797.0,797.0,748.0,748.0,748.0,1651.0,1651.0,1651.0,745.0,745.0,745.0,797.0,797.0,797.0
0.0,4938.0,2289.0,2388.0,2235.0,2280.0,760.0,760.0,760.0,796.0,796.0,796.0,763.0,763.0,763.0,1646.0,1646.0,1646.0,760.0,760.0,760.0,796.0,796.0,796.0
0.0,4884.0,2334.0,2388.0,2280.0,2334.0,778.0,778.0,778.0,796.0,796.0,796.0,778.0,778.0,778.0,1628.0,1628.0,1628.0,778.0,778.0,778.0,796.0,796.0,796.0
0.0,4830.0,2541.0,2394.0,2334.0,2559.0,853.0,853.0,853.0,798.0,798.0,798.0,847.0,847.0,847.0,1610.0,1610.0,1610.0,853.0,853.0,853.0,798.0,798.0,798.0
0.0,4623.0,2667.0,2400.0,2559.0,2685.0,895.0,895.0,895.0,800.0,800.0,800.0,889.0,889.0,889.0,1541.0,1541.0,1541.0,895.0,895.0,895.0,800.0,800.0,800.0
0.0,4515.0,2550.0,2404.0,2685.0,2562.0,853.0,853.0,856.0,801.0,801.0,802.0,850.0,850.0,850.0,1505.0,1505.0,1505.0,853.0,853.0,856.0,801.0,801.0,802.0
0.0,4650.0,2338.0,2403.0,2562.0,2335.0,779.0,779.0,777.0,801.0,801.0,801.0,779.0,779.0,780.0,1550.0,1550.0,1550.0,779.0,779.0,777.0,801.0,801.0,801.0
0.0,4874.0,2355.0,2398.0,2335.0,2340.0,779.0,779.0,782.0,799.0,799.0,800.0,785.0,785.0,785.0,1624.0,1624.0,1626.0,779.0,779.0,782.0,799.0,799.0,800.0
0.0,4854.0,2452.0,2400.0,2340.0,2458.0,820.0,820.0,818.0,800.0,800.0,800.0,817.0,817.0,818.0,1618.0,1618.0,1618.0,820.0,820.0,818.0,800.0,800.0,800.0
0.0,4742.0,2436.0,2401.0,2458.0,2439.0,812.0,812.0,815.0,800.0,800.0,801.0,812.0,812.0,812.0,1580.0,1580.0,1582.0,812.0,812.0,815.0,800.0,800.0,801.0
0.0,4764.0,2574.0,2406.0,2439.0,2589.0,864.0,864.0,861.0,802.0,802.0,802.0,858.0,858.0,858.0,1588.0,1588.0,1588.0,864.0,864.0,861.0,802.0,802.0,802.0
0.0,4629.0,2494.0,2413.0,2589.0,2515.0,837.0,837.0,841.0,804.0,804.0,805.0,831.0,831.0,832.0,1542.0,1542.0,1545.0,837.0,837.0,841.0,804.0,804.0,805.0
0.0,4724.0,2512.0,2415.0,2515.0,2518.0,840.0,840.0,838.0,805.0,805.0,805.0,837.0,837.0,838.0,1575.0,1575.0,1574.0,840.0,840.0,838.0,805.0,805.0,805.0
0.0,4727.0,2395.0,2410.0,2518.0,2380.0,792.0,792.0,796.0,803.0,803.0,804.0,798.0,798.0,799.0,1575.0,1575.0,1577.0,792.0,792.0,796.0,803.0,803.0,804.0
0.0,4850.0,2314.0,2406.0,2380.0,2302.0,768.0,768.0,766.0,802.0,802.0,802.0,771.0,771.0,772.0,1617.0,1617.0,1616.0,768.0,768.0,766.0,802.0,802.0,802.0
0.0,4916.0,2310.0,2401.0,2302.0,2295.0,764.0,764.0,767.0,800.0,800.0,801.0,770.0,770.0,770.0,1638.0,1638.0,1640.0,764.0,764.0,767.0,800.0,800.0,801.0
0.0,4908.0,2449.0,2406.0,2295.0,2464.0,822.0,822.0,820.0,802.0,802.0,802.0,816.0,816.0,817.0,1636.0,1636.0,1636.0,822.0,822.0,820.0,802.0,802.0,802.0
0.0,4754.0,2592.0,2412.0,2464.0,2610.0,870.0,870.0,870.0,804.0,804.0,804.0,864.0,864.0,864.0,1584.0,1584.0,1586.0,870.0,870.0,870.0,804.0,804.0,804.0
0.0,4626.0,2598.0,2421.0,2610.0,2625.0,875.0,875.0,875.0,807.0,807.0,807.0,866.0,866.0,866.0,1542.0,1542.0,1542.0,875.0,875.0,875.0,807.0,807.0,807.0
0.0,4638.0,2526.0,2422.0,2625.0,2529.0,842.0,842.0,845.0,807.0,807.0,808.0,842.0,842.0,842.0,1546.0,1546.0,1546.0,842.0,842.0,845.0,807.0,807.0,808.0
0.0,4737.0,2415.0,2419.0,2529.0,2406.0,802.0,802.0,802.0,806.0,806.0,807.0,805.0,805.0,805.0,1579.0,1579.0,1579.0,802.0,802.0,802.0,806.0,806.0,807.0
0.0,4851.0,2322.0,2415.0,2406.0,2310.0,771.0,771.0,768.0,805.0,805.0,805.0,774.0,774.0,774.0,1616.0,1616.0,1619.0,771.0,771.0,768.0,805.0,805.0,805.0
0.0,4935.0,2331.0,2415.0,2310.0,2331.0,777.0,777.0,777.0,805.0,805.0,805.0,777.0,777.0,777.0,1644.0,1644.0,1647.0,777.0,777.0,777.0,805.0,805.0,805.0
0.0,4914.0,2436.0,2418.0,2331.0,2445.0,815.0,815.0,815.0,806.0,806.0,806.0,812.0,812.0,812.0,1638.0,1638.0,1638.0,815.0,815.0,815.0,806.0,806.0,806.0
0.0,4809.0,2653.0,2427.0,2445.0,2680.0,893.0,893.0,894.0,809.0,809.0,809.0,884.0,884.0,885.0,1603.0,1603.0,1603.0,893.0,893.0,894.0,809.0,809.0,809.0
0.0,4601.0,2587.0,2433.0,2680.0,2605.0,868.0,868.0,869.0,811.0,811.0,811.0,862.0,862.0,863.0,1534.0,1534.0,1533.0,868.0,868.0,869.0,811.0,811.0,811.0
0.0,4694.0,2520.0,2434.0,2605.0,2523.0,840.0,840.0,843.0,811.0,811.0,812.0,840.0,840.0,840.0,1565.0,1565.0,1564.0,840.0,840.0,843.0,811.0,811.0,812.0
0.0,4779.0,2475.0,2436.0,2523.0,2481.0,828.0,828.0,825.0,812.0,812.0,812.0,825.0,825.0,825.0,1593.0,1593.0,1593.0,828.0,828.0,825.0,812.0,812.0,812.0
0.0,4827.0,2379.0,2433.0,2481.0,2370.0,790.0,790.0,790.0,811.0,811.0,811.0,793.0,793.0,793.0,1608.0,1608.0,1611.0,790.0,790.0,790.0,811.0,811.0,811.0
0.0,4929.0,2358.0,2430.0,2370.0,2349.0,783.0,783.0,783.0,810.0,810.0,810.0,786.0,786.0,786.0,1643.0,1643.0,1643.0,783.0,783.0,783.0,810.0,810.0,810.0
0.0,4941.0,2479.0,2431.0,2349.0,2482.0,826.0,826.0,830.0,810.0,810.0,811.0,826.0,826.0,827.0,1647.0,1647.0,1647.0,826.0,826.0,830.0,810.0,810.0,811.0
0.0,4811.0,2605.0,2437.0,2482.0,2623.0,874.0,874.0,875.0,812.0,812.0,813.0,868.0,868.0,869.0,1604.0,1604.0,1603.0,874.0,874.0,875.0,812.0,812.0,813.0
0.0,4688.0,2730.0,2445.0,2623.0,2754.0,919.0,919.0,916.0,815.0,815.0,815.0,910.0,910.0,910.0,1562.0,1562.0,1564.0,919.0,919.0,916.0,815.0,815.0,815.0
0.0,4581.0,2478.0,2448.0,2754.0,2487.0,829.0,829.0,829.0,816.0,816.0,816.0,826.0,826.0,826.0,1526.0,1526.0,1529.0,829.0,829.0,829.0,816.0,816.0,816.0
0.0,4857.0,2454.0,2445.0,2487.0,2445.0,815.0,815.0,815.0,815.0,815.0,815.0,818.0,818.0,818.0,1619.0,1619.0,1619.0,815.0,815.0,815.0,815.0,815.0,815.0
0.0,4890.0,2281.0,2439.0,2445.0,2263.0,754.0,754.0,755.0,813.0,813.0,813.0,760.0,760.0,761.0,1630.0,1630.0,1630.0,754.0,754.0,755.0,813.0,813.0,813.0
0.0,5054.0,2322.0,2439.0,2263.0,2322.0,774.0,774.0,774.0,813.0,813.0,813.0,774.0,774.0,774.0,1685.0,1685.0,1684.0,774.0,774.0,774.0,813.0,813.0,813.0
0.0,4995.0,2503.0,2442.0,2322.0,2512.0,837.0,837.0,838.0,814.0,814.0,814.0,834.0,834.0,835.0,1665.0,1665.0,1665.0,837.0,837.0,838.0,814.0,814.0,814.0
0.0,4814.0,2607.0,2449.0,2512.0,2628.0,875.0,875.0,878.0,816.0,816.0,817.0,869.0,869.0,869.0,1605.0,1605.0,1604.0,875.0,875.0,878.0,816.0,816.0,817.0
0.0,4719.0,2581.0,2454.0,2628.0,2596.0,866.0,866.0,864.0,818.0,818.0,818.0,860.0,860.0,861.0,1573.0,1573.0,1573.0,866.0,866.0,864.0,818.0,818.0,818.0
0.0,4766.0,2526.0,2455.0,2596.0,2529.0,842.0,842.0,845.0,818.0,818.0,819.0,842.0,842.0,842.0,1588.0,1588.0,1590.0,842.0,842.0,845.0,818.0,818.0,819.0
0.0,4836.0,2322.0,2452.0,2529.0,2313.0,771.0,771.0,771.0,817.0,817.0,818.0,774.0,774.0,774.0,1612.0,1612.0,1612.0,771.0,771.0,771.0,817.0,817.0,818.0
0.0,5043.0,2358.0,2449.0,2313.0,2349.0,783.0,783.0,783.0,816.0,816.0,817.0,786.0,786.0,786.0,1680.0,1680.0,1683.0,783.0,783.0,783.0,816.0,816.0,817.0
0.0,4998.0,2365.0,2448.0,2349.0,2362.0,788.0,788.0,786.0,816.0,816.0,816.0,788.0,788.0,789.0,1665.0,1665.0,1668.0,788.0,788.0,786.0,816.0,816.0,816.0
0.0,4982.0,2499.0,2449.0,2362.0,2502.0,833.0,833.0,836.0,816.0,816.0,817.0,833.0,833.0,833.0,1660.0,1660.0,1662.0,833.0,833.0,836.0,816.0,816.0,817.0
0.0,4845.0,2625.0,2455.0,2502.0,2643.0,881.0,881.0,881.0,818.0,818.0,819.0,875.0,875.0,875.0,1615.0,1615.0,1615.0,881.0,881.0,881.0,818.0,818.0,819.0
0.0,4722.0,2541.0,2460.0,2643.0,2556.0,853.0,853.0,850.0,820.0,820.0,820.0,847.0,847.0,847.0,1573.0,1573.0,1576.0,853.0,853.0,850.0,820.0,820.0,820.0
0.0,4824.0,2586.0,2463.0,2556.0,2595.0,865.0,865.0,865.0,821.0,821.0,821.0,862.0,862.0,862.0,1607.0,1607.0,1610.0,865.0,865.0,865.0,821.0,821.0,821.0
0.0,4794.0,2547.0,2463.0,2595.0,2547.0,849.0,849.0,849.0,821.0,821.0,821.0,849.0,849.0,849.0,1598.0,1598.0,1598.0,849.0,849.0,849.0,821.0,821.0,821.0
0.0,4842.0,2346.0,2461.0,2547.0,2340.0,779.0,779.0,782.0,820.0,820.0,821.0,782.0,782.0,782.0,1614.0,1614.0,1614.0,779.0,779.0,782.0,820.0,820.0,821.0
0.0,5043.0,2356.0,2457.0,2340.0,2344.0,782.0,782.0,780.0,819.0,819.0,819.0,785.0,785.0,786.0,1681.0,1681.0,1681.0,782.0,782.0,780.0,819.0,819.0,819.0
0.0,5027.0,2418.0,2461.0,2344.0,2430.0,809.0,809.0,812.0,820.0,820.0,821.0,806.0,806.0,806.0,1675.0,1675.0,1677.0,809.0,809.0,812.0,820.0,820.0,821.0
0.0,4953.0,2643.0,2469.0,2430.0,2667.0,890.0,890.0,887.0,823.0,823.0,823.0,881.0,881.0,881.0,1651.0,1651.0,1651.0,890.0,890.0,887.0,823.0,823.0,823.0
0.0,4740.0,2640.0,2475.0,2667.0,2658.0,886.0,886.0,886.0,825.0,825.0,825.0,880.0,880.0,880.0,1579.0,1579.0,1582.0,886.0,886.0,886.0,825.0,825.0,825.0
0.0,4767.0,2568.0,2481.0,2658.0,2586.0,862.0,862.0,862.0,827.0,827.0,827.0,856.0,856.0,856.0,1589.0,1589.0,1589.0,862.0,862.0,862.0,827.0,827.0,827.0
0.0,4857.0,2425.0,2478.0,2586.0,2416.0,805.0,805.0,806.0,826.0,826.0,826.0,808.0,808.0,809.0,1619.0,1619.0,1619.0,805.0,805.0,806.0,826.0,826.0,826.0
0.0,5018.0,2412.0,2472.0,2416.0,2394.0,798.0,798.0,798.0,824.0,824.0,824.0,804.0,804.0,804.0,1673.0,1673.0,1672.0,798.0,798.0,798.0,824.0,824.0,824.0
0.0,5022.0,2383.0,2469.0,2394.0,2374.0,791.0,791.0,792.0,823.0,823.0,823.0,794.0,794.0,795.0,1674.0,1674.0,1674.0,791.0,791.0,792.0,823.0,823.0,823.0
0.0,5033.0,2451.0,2472.0,2374.0,2460.0,820.0,820.0,820.0,824.0,824.0,824.0,817.0,817.0,817.0,1678.0,1678.0,1677.0,820.0,820.0,820.0,824.0,824.0,824.0
0.0,4956.0,2595.0,2476.0,2460.0,2607.0,868.0,868.0,871.0,825.0,825.0,826.0,865.0,865.0,865.0,1652.0,1652.0,1652.0,868.0,868.0,871.0,825.0,825.0,826.0
0.0,4821.0,2592.0,2479.0,2607.0,2601.0,867.0,867.0,867.0,826.0,826.0,827.0,864.0,864.0,864.0,1607.0,1607.0,1607.0,867.0,867.0,867.0,826.0,826.0,827.0
0.0,4836.0,2571.0,2481.0,2601.0,2577.0,860.0,860.0,857.0,827.0,827.0,827.0,857.0,857.0,857.0,1611.0,1611.0,1614.0,860.0,860.0,857.0,827.0,827.0,827.0
0.0,4866.0,2436.0,2479.0,2577.0,2430.0,809.0,809.0,812.0,826.0,826.0,827.0,812.0,812.0,812.0,1621.0,1621.0,1624.0,809.0,809.0,812.0,826.0,826.0,827.0
0.0,5007.0,2379.0,2478.0,2430.0,2376.0,793.0,793.0,790.0,826.0,826.0,826.0,793.0,793.0,793.0,1669.0,1669.0,1669.0,793.0,793.0,790.0,826.0,826.0,826.0
0.0,5058.0,2440.0,2475.0,2376.0,2431.0,810.0,810.0,811.0,825.0,825.0,825.0,813.0,813.0,814.0,1685.0,1685.0,1688.0,810.0,810.0,811.0,825.0,825.0,825.0
0.0,4994.0,2484.0,2478.0,2431.0,2493.0,831.0,831.0,831.0,826.0,826.0,826.0,828.0,828.0,828.0,1665.0,1665.0,1664.0,831.0,831.0,831.0,826.0,826.0,826.0
0.0,4941.0,2664.0,2484.0,2493.0,2682.0,894.0,894.0,894.0,828.0,828.0,828.0,888.0,888.0,888.0,1647.0,1647.0,1647.0,894.0,894.0,894.0,828.0,828.0,828.0
0.0,4770.0,2595.0,2490.0,2682.0,2613.0,871.0,871.0,871.0,830.0,830.0,830.0,865.0,865.0,865.0,1590.0,1590.0,1590.0,871.0,871.0,871.0,830.0,830.0,830.0
0.0,4857.0,2574.0,2493.0,2613.0,2583.0,861.0,861.0,861.0,831.0,831.0,831.0,858.0,858.0,858.0,1619.0,1619.0,1619.0,861.0,861.0,861.0,831.0,831.0,831.0
0.0,4896.0,2599.0,2493.0,2583.0,2599.0,866.0,866.0,867.0,831.0,831.0,831.0,866.0,866.0,867.0,1632.0,1632.0,1632.0,866.0,866.0,867.0,831.0,831.0,831.0
0.0,4880.0,2427.0,2488.0,2599.0,2412.0,803.0,803.0,806.0,829.0,829.0,830.0,809.0,809.0,809.0,1627.0,1627.0,1626.0,803.0,803.0,806.0,829.0,829.0,830.0
0.0,5052.0,2524.0,2488.0,2412.0,2524.0,841.0,841.0,842.0,829.0,829.0,830.0,841.0,841.0,842.0,1684.0,1684.0,1684.0,841.0,841.0,842.0,829.0,829.0,830.0
0.0,4940.0,2586.0,2493.0,2524.0,2601.0,868.0,868.0,865.0,831.0,831.0,831.0,862.0,862.0,862.0,1646.0,1646.0,1648.0,868.0,868.0,865.0,831.0,831.0,831.0
0.0,4878.0,2794.0,2502.0,2601.0,2821.0,940.0,940.0,941.0,834.0,834.0,834.0,931.0,931.0,932.0,1625.0,1625.0,1628.0,940.0,940.0,941.0,834.0,834.0,834.0
0.0,4685.0,2673.0,2508.0,2821.0,2691.0,897.0,897.0,897.0,836.0,836.0,836.0,891.0,891.0,891.0,1562.0,1562.0,1561.0,897.0,897.0,897.0,836.0,836.0,836.0
0.0,4833.0,2589.0,2511.0,2691.0,2598.0,866.0,866.0,866.0,837.0,837.0,837.0,863.0,863.0,863.0,1611.0,1611.0,1611.0,866.0,866.0,866.0,837.0,837.0,837.0
0.0,4935.0,2631.0,2511.0,2598.0,2631.0,877.0,877.0,877.0,837.0,837.0,837.0,877.0,877.0,877.0,1645.0,1645.0,1645.0,877.0,877.0,877.0,837.0,837.0,837.0
0.0,4902.0,2308.0,2505.0,2631.0,2290.0,763.0,763.0,764.0,835.0,835.0,835.0,769.0,769.0,770.0,1634.0,1634.0,1634.0,763.0,763.0,764.0,835.0,835.0,835.0
0.0,5225.0,2464.0,2503.0,2290.0,2458.0,818.0,818.0,822.0,834.0,834.0,835.0,821.0,821.0,822.0,1742.0,1742.0,1741.0,818.0,818.0,822.0,834.0,834.0,835.0
0.0,5051.0,2617.0,2506.0,2458.0,2626.0,875.0,875.0,876.0,835.0,835.0,836.0,872.0,872.0,873.0,1684.0,1684.0,1683.0,875.0,875.0,876.0,835.0,835.0,836.0
0.0,4892.0,2547.0,2509.0,2626.0,2556.0,852.0,852.0,852.0,836.0,836.0,837.0,849.0,849.0,849.0,1630.0,1630.0,1632.0,852.0,852.0,852.0,836.0,836.0,837.0
0.0,4971.0,2746.0,2517.0,2556.0,2770.0,924.0,924.0,922.0,839.0,839.0,839.0,915.0,915.0,916.0,1656.0,1656.0,1659.0,924.0,924.0,922.0,839.0,839.0,839.0
0.0,4781.0,2694.0,2521.0,2770.0,2706.0,901.0,901.0,904.0,840.0,840.0,841.0,898.0,898.0,898.0,1593.0,1593.0,1595.0,901.0,901.0,904.0,840.0,840.0,841.0
0.0,4857.0,2521.0,2520.0,2706.0,2518.0,840.0,840.0,838.0,840.0,840.0,840.0,840.0,840.0,841.0,1619.0,1619.0,1619.0,840.0,840.0,838.0,840.0,840.0,840.0
0.0,5042.0,2304.0,2511.0,2518.0,2277.0,759.0,759.0,759.0,837.0,837.0,837.0,768.0,768.0,768.0,1680.0,1680.0,1682.0,759.0,759.0,759.0,837.0,837.0,837.0
0.0,5256.0,2554.0,2514.0,2277.0,2563.0,854.0,854.0,855.0,838.0,838.0,838.0,851.0,851.0,852.0,1752.0,1752.0,1752.0,854.0,854.0,855.0,838.0,838.0,838.0
0.0,4979.0,2517.0,2514.0,2563.0,2517.0,839.0,839.0,839.0,838.0,838.0,838.0,839.0,839.0,839.0,1660.0,1660.0,1659.0,839.0,839.0,839.0,838.0,838.0,838.0
0.0,5025.0,2646.0,2521.0,2517.0,2667.0,888.0,888.0,891.0,840.0,840.0,841.0,882.0,882.0,882.0,1675.0,1675.0,1675.0,888.0,888.0,891.0,840.0,840.0,841.0
0.0,4896.0,2685.0,2529.0,2667.0,2709.0,904.0,904.0,901.0,843.0,843.0,843.0,895.0,895.0,895.0,1632.0,1632.0,1632.0,904.0,904.0,901.0,843.0,843.0,843.0
0.0,4878.0,2514.0,2529.0,2709.0,2514.0,838.0,838.0,838.0,843.0,843.0,843.0,838.0,838.0,838.0,1625.0,1625.0,1628.0,838.0,838.0,838.0,843.0,843.0,843.0
0.0,5073.0,2470.0,2526.0,2514.0,2461.0,820.0,820.0,821.0,842.0,842.0,842.0,823.0,823.0,824.0,1691.0,1691.0,1691.0,820.0,820.0,821.0,842.0,842.0,842.0
0.0,5117.0,2340.0,2521.0,2461.0,2325.0,774.0,774.0,777.0,840.0,840.0,841.0,780.0,780.0,780.0,1706.0,1706.0,1705.0,774.0,774.0,777.0,840.0,840.0,841.0
0.0,5238.0,2379.0,2518.0,2325.0,2370.0,790.0,790.0,790.0,839.0,839.0,840.0,793.0,793.0,793.0,1746.0,1746.0,1746.0,790.0,790.0,790.0,839.0,839.0,840.0
0.0,5184.0,2682.0,2526.0,2370.0,2706.0,903.0,903.0,900.0,842.0,842.0,842.0,894.0,894.0,894.0,1727.0,1727.0,1730.0,903.0,903.0,900.0,842.0,842.0,842.0
0.0,4872.0,2589.0,2529.0,2706.0,2598.0,866.0,866.0,866.0,843.0,843.0,843.0,863.0,863.0,863.0,1623.0,1623.0,1626.0,866.0,866.0,866.0,843.0,843.0,843.0
0.0,4989.0,2739.0,2536.0,2598.0,2760.0,919.0,919.0,922.0,845.0,845.0,846.0,913.0,913.0,913.0,1663.0,1663.0,1663.0,919.0,919.0,922.0,845.0,845.0,846.0
0.0,4848.0,2584.0,2538.0,2760.0,2590.0,864.0,864.0,862.0,846.0,846.0,846.0,861.0,861.0,862.0,1616.0,1616.0,1616.0,864.0,864.0,862.0,846.0,846.0,846.0
0.0,5024.0,2598.0,2538.0,2590.0,2598.0,866.0,866.0,866.0,846.0,846.0,846.0,866.0,866.0,866.0,1674.0,1674.0,1676.0,866.0,866.0,866.0,846.0,846.0,846.0
0.0,5016.0,2466.0,2536.0,2598.0,2460.0,819.0,819.0,822.0,845.0,845.0,846.0,822.0,822.0,822.0,1672.0,1672.0,1672.0,819.0,819.0,822.0,845.0,845.0,846.0
0.0,5148.0,2491.0,2535.0,2460.0,2488.0,830.0,830.0,828.0,845.0,845.0,845.0,830.0,830.0,831.0,1716.0,1716.0,1716.0,830.0,830.0,828.0,845.0,845.0,845.0
0.0,5117.0,2451.0,2532.0,2488.0,2442.0,814.0,814.0,814.0,844.0,844.0,844.0,817.0,817.0,817.0,1705.0,1705.0,1707.0,814.0,814.0,814.0,844.0,844.0,844.0
0.0,5154.0,2692.0,2539.0,2442.0,2713.0,903.0,903.0,907.0,846.0,846.0,847.0,897.0,897.0,898.0,1718.0,1718.0,1718.0,903.0,903.0,907.0,846.0,846.0,847.0
0.0,4904.0,2761.0,2547.0,2713.0,2785.0,929.0,929.0,927.0,849.0,849.0,849.0,920.0,920.0,921.0,1635.0,1635.0,1634.0,929.0,929.0,927.0,849.0,849.0,849.0
0.0,4856.0,2652.0,2551.0,2785.0,2664.0,887.0,887.0,890.0,850.0,850.0,851.0,884.0,884.0,884.0,1618.0,1618.0,1620.0,887.0,887.0,890.0,850.0,850.0,851.0
0.0,4989.0,2583.0,2550.0,2664.0,2580.0,861.0,861.0,858.0,850.0,850.0,850.0,861.0,861.0,861.0,1663.0,1663.0,1663.0,861.0,861.0,858.0,850.0,850.0,850.0
0.0,5070.0,2364.0,2545.0,2580.0,2349.0,782.0,782.0,785.0,848.0,848.0,849.0,788.0,788.0,788.0,1689.0,1689.0,1692.0,782.0,782.0,785.0,848.0,848.0,849.0
0.0,5286.0,2554.0,2545.0,2349.0,2554.0,851.0,851.0,852.0,848.0,848.0,849.0,851.0,851.0,852.0,1762.0,1762.0,1762.0,851.0,851.0,852.0,848.0,848.0,849.0
0.0,5081.0,2499.0,2547.0,2554.0,2505.0,836.0,836.0,833.0,849.0,849.0,849.0,833.0,833.0,833.0,1693.0,1693.0,1695.0,836.0,836.0,833.0,849.0,849.0,849.0
0.0,5136.0,2644.0,2550.0,2505.0,2653.0,884.0,884.0,885.0,850.0,850.0,850.0,881.0,881.0,882.0,1711.0,1711.0,1714.0,884.0,884.0,885.0,850.0,850.0,850.0
0.0,4997.0,2823.0,2559.0,2653.0,2850.0,950.0,950.0,950.0,853.0,853.0,853.0,941.0,941.0,941.0,1666.0,1666.0,1665.0,950.0,950.0,950.0,853.0,853.0,853.0
0.0,4827.0,2776.0,2565.0,2850.0,2794.0,931.0,931.0,932.0,855.0,855.0,855.0,925.0,925.0,926.0,1609.0,1609.0,1609.0,931.0,931.0,932.0,855.0,855.0,855.0
0.0,4901.0,2550.0,2565.0,2794.0,2550.0,850.0,850.0,850.0,855.0,855.0,855.0,850.0,850.0,850.0,1634.0,1634.0,1633.0,850.0,850.0,850.0,855.0,855.0,855.0
0.0,5145.0,2511.0,2563.0,2550.0,2505.0,834.0,834.0,837.0,854.0,854.0,855.0,837.0,837.0,837.0,1715.0,1715.0,1715.0,834.0,834.0,837.0,854.0,854.0,855.0
0.0,5184.0,2520.0,2562.0,2505.0,2517.0,840.0,840.0,837.0,854.0,854.0,854.0,840.0,840.0,840.0,1728.0,1728.0,1728.0,840.0,840.0,837.0,854.0,854.0,854.0
0.0,5169.0,2589.0,2565.0,2517.0,2598.0,866.0,866.0,866.0,855.0,855.0,855.0,863.0,863.0,863.0,1722.0,1722.0,1725.0,866.0,866.0,866.0,855.0,855.0,855.0
0.0,5097.0,2601.0,2569.0,2598.0,2613.0,870.0,870.0,873.0,856.0,856.0,857.0,867.0,867.0,867.0,1699.0,1699.0,1699.0,870.0,870.0,873.0,856.0,856.0,857.0
0.0,5094.0,2787.0,2577.0,2613.0,2811.0,938.0,938.0,935.0,859.0,859.0,859.0,929.0,929.0,929.0,1698.0,1698.0,1698.0,938.0,938.0,935.0,859.0,859.0,859.0
0.0,4920.0,2737.0,2581.0,2811.0,2749.0,915.0,915.0,919.0,860.0,860.0,861.0,912.0,912.0,913.0,1639.0,1639.0,1642.0,915.0,915.0,919.0,860.0,860.0,861.0
0.0,4994.0,2484.0,2577.0,2749.0,2472.0,825.0,825.0,822.0,859.0,859.0,859.0,828.0,828.0,828.0,1665.0,1665.0,1664.0,825.0,825.0,822.0,859.0,859.0,859.0
0.0,5259.0,2424.0,2574.0,2472.0,2415.0,805.0,805.0,805.0,858.0,858.0,858.0,808.0,808.0,808.0,1752.0,1752.0,1755.0,805.0,805.0,805.0,858.0,858.0,858.0
0.0,5307.0,2553.0,2574.0,2415.0,2553.0,851.0,851.0,851.0,858.0,858.0,858.0,851.0,851.0,851.0,1769.0,1769.0,1769.0,851.0,851.0,851.0,858.0,858.0,858.0
0.0,5169.0,2625.0,2574.0,2553.0,2625.0,875.0,875.0,875.0,858.0,858.0,858.0,875.0,875.0,875.0,1723.0,1723.0,1723.0,875.0,875.0,875.0,858.0,858.0,858.0
0.0,5097.0,2638.0,2578.0,2625.0,2650.0,882.0,882.0,886.0,859.0,859.0,860.0,879.0,879.0,880.0,1699.0,1699.0,1699.0,882.0,882.0,886.0,859.0,859.0,860.0
0.0,5084.0,2739.0,2583.0,2650.0,2754.0,919.0,919.0,916.0,861.0,861.0,861.0,913.0,913.0,913.0,1695.0,1695.0,1694.0,919.0,919.0,916.0,861.0,861.0,861.0
0.0,4995.0,2667.0,2584.0,2754.0,2670.0,889.0,889.0,892.0,861.0,861.0,862.0,889.0,889.0,889.0,1664.0,1664.0,1667.0,889.0,889.0,892.0,861.0,861.0,862.0
0.0,5082.0,2574.0,2580.0,2670.0,2562.0,855.0,855.0,852.0,860.0,860.0,860.0,858.0,858.0,858.0,1694.0,1694.0,1694.0,855.0,855.0,852.0,860.0,860.0,860.0
0.0,5178.0,2482.0,2577.0,2562.0,2473.0,824.0,824.0,825.0,859.0,859.0,859.0,827.0,827.0,828.0,1725.0,1725.0,1728.0,824.0,824.0,825.0,859.0,859.0,859.0
0.0,5258.0,2529.0,2575.0,2473.0,2523.0,840.0,840.0,843.0,858.0,858.0,859.0,843.0,843.0,843.0,1753.0,1753.0,1752.0,840.0,840.0,843.0,858.0,858.0,859.0
0.0,5202.0,2604.0,2574.0,2523.0,2601.0,868.0,868.0,865.0,858.0,858.0,858.0,868.0,868.0,868.0,1734.0,1734.0,1734.0,868.0,868.0,865.0,858.0,858.0,858.0
0.0,5121.0,2616.0,2580.0,2601.0,2634.0,878.0,878.0,878.0,860.0,860.0,860.0,872.0,872.0,872.0,1706.0,1706.0,1709.0,878.0,878.0,878.0,860.0,860.0,860.0
0.0,5106.0,2706.0,2586.0,2634.0,2724.0,908.0,908.0,908.0,862.0,862.0,862.0,902.0,902.0,902.0,1702.0,1702.0,1702.0,908.0,908.0,908.0,862.0,862.0,862.0
0.0,5034.0,2685.0,2586.0,2724.0,2685.0,895.0,895.0,895.0,862.0,862.0,862.0,895.0,895.0,895.0,1678.0,1678.0,1678.0,895.0,895.0,895.0,862.0,862.0,862.0
0.0,5073.0,2605.0,2587.0,2685.0,2608.0,868.0,868.0,872.0,862.0,862.0,863.0,868.0,868.0,869.0,1691.0,1691.0,1691.0,868.0,868.0,872.0,862.0,862.0,863.0
0.0,5153.0,2566.0,2584.0,2608.0,2557.0,852.0,852.0,853.0,861.0,861.0,862.0,855.0,855.0,856.0,1718.0,1718.0,1717.0,852.0,852.0,853.0,861.0,861.0,862.0
0.0,5195.0,2451.0,2580.0,2557.0,2439.0,814.0,814.0,811.0,860.0,860.0,860.0,817.0,817.0,817.0,1731.0,1731.0,1733.0,814.0,814.0,811.0,860.0,860.0,860.0
0.0,5301.0,2674.0,2583.0,2439.0,2683.0,894.0,894.0,895.0,861.0,861.0,861.0,891.0,891.0,892.0,1766.0,1766.0,1769.0,894.0,894.0,895.0,861.0,861.0,861.0
0.0,5066.0,2592.0,2587.0,2683.0,2604.0,867.0,867.0,870.0,862.0,862.0,863.0,864.0,864.0,864.0,1689.0,1689.0,1688.0,867.0,867.0,870.0,862.0,862.0,863.0
0.0,5157.0,2814.0,2592.0,2604.0,2829.0,944.0,944.0,941.0,864.0,864.0,864.0,938.0,938.0,938.0,1719.0,1719.0,1719.0,944.0,944.0,941.0,864.0,864.0,864.0
0.0,4947.0,2650.0,2595.0,2829.0,2659.0,886.0,886.0,887.0,865.0,865.0,865.0,883.0,883.0,884.0,1648.0,1648.0,1651.0,886.0,886.0,887.0,865.0,865.0,865.0
0.0,5126.0,2580.0,2595.0,2659.0,2580.0,860.0,860.0,860.0,865.0,865.0,865.0,860.0,860.0,860.0,1709.0,1709.0,1708.0,860.0,860.0,860.0,865.0,865.0,865.0
0.0,5205.0,2419.0,2589.0,2580.0,2401.0,800.0,800.0,801.0,863.0,863.0,863.0,806.0,806.0,807.0,1735.0,1735.0,1735.0,800.0,800.0,801.0,863.0,863.0,863.0
0.0,5366.0,2556.0,2589.0,2401.0,2556.0,852.0,852.0,852.0,863.0,863.0,863.0,852.0,852.0,852.0,1789.0,1789.0,1788.0,852.0,852.0,852.0,863.0,863.0,863.0
0.0,5211.0,2692.0,2595.0,2556.0,2710.0,903.0,903.0,904.0,865.0,865.0,865.0,897.0,897.0,898.0,1737.0,1737.0,1737.0,903.0,903.0,904.0,865.0,865.0,865.0
0.0,5075.0,2814.0,2604.0,2710.0,2841.0,947.0,947.0,947.0,868.0,868.0,868.0,938.0,938.0,938.0,1692.0,1692.0,1691.0,947.0,947.0,947.0,868.0,868.0,868.0
0.0,4971.0,2719.0,2610.0,2841.0,2737.0,912.0,912.0,913.0,870.0,870.0,870.0,906.0,906.0,907.0,1657.0,1657.0,1657.0,912.0,912.0,913.0,870.0,870.0,870.0
0.0,5093.0,2727.0,2610.0,2737.0,2727.0,909.0,909.0,909.0,870.0,870.0,870.0,909.0,909.0,909.0,1698.0,1698.0,1697.0,909.0,909.0,909.0,870.0,870.0,870.0
0.0,5103.0,2697.0,2613.0,2727.0,2706.0,902.0,902.0,902.0,871.0,871.0,871.0,899.0,899.0,899.0,1701.0,1701.0,1701.0,902.0,902.0,902.0,871.0,871.0,871.0
0.0,5133.0,2661.0,2611.0,2706.0,2655.0,884.0,884.0,887.0,870.0,870.0,871.0,887.0,887.0,887.0,1711.0,1711.0,1711.0,884.0,884.0,887.0,870.0,870.0,871.0
0.0,5178.0,2568.0,2610.0,2655.0,2565.0,856.0,856.0,853.0,870.0,870.0,870.0,856.0,856.0,856.0,1726.0,1726.0,1726.0,856.0,856.0,853.0,870.0,870.0,870.0
0.0,5265.0,2643.0,2611.0,2565.0,2646.0,881.0,881.0,884.0,870.0,870.0,871.0,881.0,881.0,881.0,1754.0,1754.0,1757.0,881.0,881.0,884.0,870.0,870.0,871.0
0.0,5187.0,2770.0,2617.0,2646.0,2788.0,929.0,929.0,930.0,872.0,872.0,873.0,923.0,923.0,924.0,1729.0,1729.0,1729.0,929.0,929.0,930.0,872.0,872.0,873.0
0.0,5063.0,2842.0,2625.0,2788.0,2866.0,956.0,956.0,954.0,875.0,875.0,875.0,947.0,947.0,948.0,1687.0,1687.0,1689.0,956.0,956.0,954.0,875.0,875.0,875.0
0.0,5009.0,2731.0,2629.0,2866.0,2743.0,913.0,913.0,917.0,876.0,876.0,877.0,910.0,910.0,911.0,1669.0,1669.0,1671.0,913.0,913.0,917.0,876.0,876.0,877.0
0.0,5144.0,2589.0,2628.0,2743.0,2586.0,863.0,863.0,860.0,876.0,876.0,876.0,863.0,863.0,863.0,1715.0,1715.0,1714.0,863.0,863.0,860.0,876.0,876.0,876.0
0.0,5298.0,2562.0,2623.0,2586.0,2547.0,848.0,848.0,851.0,874.0,874.0,875.0,854.0,854.0,854.0,1765.0,1765.0,1768.0,848.0,848.0,851.0,874.0,874.0,875.0
0.0,5322.0,2626.0,2623.0,2547.0,2626.0,875.0,875.0,876.0,874.0,874.0,875.0,875.0,875.0,876.0,1774.0,1774.0,1774.0,875.0,875.0,876.0,874.0,874.0,875.0
0.0,5243.0,2712.0,2625.0,2626.0,2718.0,907.0,907.0,904.0,875.0,875.0,875.0,904.0,904.0,904.0,1747.0,1747.0,1749.0,907.0,907.0,904.0,875.0,875.0,875.0
0.0,5157.0,2845.0,2635.0,2718.0,2875.0,957.0,957.0,961.0,878.0,878.0,879.0,948.0,948.0,949.0,1718.0,1718.0,1721.0,957.0,957.0,961.0,878.0,878.0,879.0
0.0,5030.0,2766.0,2640.0,2875.0,2781.0,928.0,928.0,925.0,880.0,880.0,880.0,922.0,922.0,922.0,1677.0,1677.0,1676.0,928.0,928.0,925.0,880.0,880.0,880.0
0.0,5139.0,2773.0,2644.0,2781.0,2785.0,927.0,927.0,931.0,881.0,881.0,882.0,924.0,924.0,925.0,1712.0,1712.0,1715.0,927.0,927.0,931.0,881.0,881.0,882.0
0.0,5147.0,2622.0,2644.0,2785.0,2622.0,874.0,874.0,874.0,881.0,881.0,882.0,874.0,874.0,874.0,1716.0,1716.0,1715.0,874.0,874.0,874.0,881.0,881.0,882.0
0.0,5310.0,2523.0,2638.0,2622.0,2505.0,835.0,835.0,835.0,879.0,879.0,880.0,841.0,841.0,841.0,1769.0,1769.0,1772.0,835.0,835.0,835.0,879.0,879.0,880.0
0.0,5409.0,2617.0,2635.0,2505.0,2608.0,869.0,869.0,870.0,878.0,878.0,879.0,872.0,872.0,873.0,1802.0,1802.0,1805.0,869.0,869.0,870.0,878.0,878.0,879.0
0.0,5297.0,2545.0,2635.0,2608.0,2545.0,848.0,848.0,849.0,878.0,878.0,879.0,848.0,848.0,849.0,1765.0,1765.0,1767.0,848.0,848.0,849.0,878.0,878.0,879.0
0.0,5360.0,2829.0,2641.0,2545.0,2847.0,949.0,949.0,949.0,880.0,880.0,881.0,943.0,943.0,943.0,1786.0,1786.0,1788.0,949.0,949.0,949.0,880.0,880.0,881.0
0.0,5076.0,2806.0,2646.0,2847.0,2821.0,941.0,941.0,939.0,882.0,882.0,882.0,935.0,935.0,936.0,1691.0,1691.0,1694.0,941.0,941.0,939.0,882.0,882.0,882.0
0.0,5117.0,2689.0,2649.0,2821.0,2698.0,899.0,899.0,900.0,883.0,883.0,883.0,896.0,896.0,897.0,1705.0,1705.0,1707.0,899.0,899.0,900.0,883.0,883.0,883.0
0.0,5249.0,2746.0,2652.0,2698.0,2755.0,918.0,918.0,919.0,884.0,884.0,884.0,915.0,915.0,916.0,1750.0,1750.0,1749.0,918.0,918.0,919.0,884.0,884.0,884.0
0.0,5201.0,2598.0,2647.0,2755.0,2583.0,860.0,860.0,863.0,882.0,882.0,883.0,866.0,866.0,866.0,1734.0,1734.0,1733.0,860.0,860.0,863.0,882.0,882.0,883.0
0.0,5358.0,2568.0,2644.0,2583.0,2559.0,853.0,853.0,853.0,881.0,881.0,882.0,856.0,856.0,856.0,1786.0,1786.0,1786.0,853.0,853.0,853.0,881.0,881.0,882.0
0.0,5373.0,2769.0,2650.0,2559.0,2787.0,929.0,929.0,929.0,883.0,883.0,884.0,923.0,923.0,923.0,1790.0,1790.0,1793.0,929.0,929.0,929.0,883.0,883.0,884.0
0.0,5163.0,2805.0,2658.0,2787.0,2829.0,944.0,944.0,941.0,886.0,886.0,886.0,935.0,935.0,935.0,1720.0,1720.0,1723.0,944.0,944.0,941.0,886.0,886.0,886.0
0.0,5145.0,2970.0,2665.0,2829.0,2991.0,996.0,996.0,999.0,888.0,888.0,889.0,990.0,990.0,990.0,1714.0,1714.0,1717.0,996.0,996.0,999.0,888.0,888.0,889.0
0.0,5004.0,2674.0,2667.0,2991.0,2680.0,894.0,894.0,892.0,889.0,889.0,889.0,891.0,891.0,892.0,1668.0,1668.0,1668.0,894.0,894.0,892.0,889.0,889.0,889.0
0.0,5321.0,2734.0,2668.0,2680.0,2737.0,911.0,911.0,915.0,889.0,889.0,890.0,911.0,911.0,912.0,1773.0,1773.0,1775.0,911.0,911.0,915.0,889.0,889.0,890.0
0.0,5267.0,2433.0,2662.0,2737.0,2415.0,805.0,805.0,805.0,887.0,887.0,888.0,811.0,811.0,811.0,1756.0,1756.0,1755.0,805.0,805.0,805.0,887.0,887.0,888.0
0.0,5571.0,2650.0,2662.0,2415.0,2650.0,883.0,883.0,884.0,887.0,887.0,888.0,883.0,883.0,884.0,1856.0,1856.0,1859.0,883.0,883.0,884.0,887.0,887.0,888.0
0.0,5336.0,2629.0,2664.0,2650.0,2635.0,879.0,879.0,877.0,888.0,888.0,888.0,876.0,876.0,877.0,1778.0,1778.0,1780.0,879.0,879.0,877.0,888.0,888.0,888.0
0.0,5357.0,2791.0,2668.0,2635.0,2803.0,933.0,933.0,937.0,889.0,889.0,890.0,930.0,930.0,931.0,1785.0,1785.0,1787.0,933.0,933.0,937.0,889.0,889.0,890.0
0.0,5201.0,2814.0,2674.0,2803.0,2832.0,944.0,944.0,944.0,891.0,891.0,892.0,938.0,938.0,938.0,1734.0,1734.0,1733.0,944.0,944.0,944.0,891.0,891.0,892.0
0.0,5190.0,2800.0,2679.0,2832.0,2815.0,939.0,939.0,937.0,893.0,893.0,893.0,933.0,933.0,934.0,1729.0,1729.0,1732.0,939.0,939.0,937.0,893.0,893.0,893.0
0.0,5222.0,2640.0,2679.0,2815.0,2640.0,880.0,880.0,880.0,893.0,893.0,893.0,880.0,880.0,880.0,1740.0,1740.0,1742.0,880.0,880.0,880.0,893.0,893.0,893.0
0.0,5397.0,2487.0,2674.0,2640.0,2472.0,823.0,823.0,826.0,891.0,891.0,892.0,829.0,829.0,829.0,1799.0,1799.0,1799.0,823.0,823.0,826.0,891.0,891.0,892.0
0.0,5550.0,2589.0,2673.0,2472.0,2586.0,863.0,863.0,860.0,891.0,891.0,891.0,863.0,863.0,863.0,1850.0,1850.0,1850.0,863.0,863.0,860.0,891.0,891.0,891.0
0.0,5433.0,2773.0,2676.0,2586.0,2782.0,927.0,927.0,928.0,892.0,892.0,892.0,924.0,924.0,925.0,1810.0,1810.0,1813.0,927.0,927.0,928.0,892.0,892.0,892.0
0.0,5246.0,2763.0,2679.0,2782.0,2772.0,924.0,924.0,924.0,893.0,893.0,893.0,921.0,921.0,921.0,1749.0,1749.0,1748.0,924.0,924.0,924.0,893.0,893.0,893.0
0.0,5265.0,2760.0,2685.0,2772.0,2778.0,926.0,926.0,926.0,895.0,895.0,895.0,920.0,920.0,920.0,1755.0,1755.0,1755.0,926.0,926.0,926.0,895.0,895.0,895.0
0.0,5277.0,2709.0,2686.0,2778.0,2712.0,903.0,903.0,906.0,895.0,895.0,896.0,903.0,903.0,903.0,1759.0,1759.0,1759.0,903.0,903.0,906.0,895.0,895.0,896.0
0.0,5346.0,2622.0,2686.0,2712.0,2622.0,874.0,874.0,874.0,895.0,895.0,896.0,874.0,874.0,874.0,1782.0,1782.0,1782.0,874.0,874.0,874.0,895.0,895.0,896.0
0.0,5436.0,2580.0,2682.0,2622.0,2568.0,857.0,857.0,854.0,894.0,894.0,894.0,860.0,860.0,860.0,1811.0,1811.0,1814.0,857.0,857.0,854.0,894.0,894.0,894.0
0.0,5478.0,2529.0,2680.0,2568.0,2523.0,840.0,840.0,843.0,893.0,893.0,894.0,843.0,843.0,843.0,1825.0,1825.0,1828.0,840.0,840.0,843.0,893.0,893.0,894.0
0.0,5517.0,2719.0,2682.0,2523.0,2725.0,909.0,909.0,907.0,894.0,894.0,894.0,906.0,906.0,907.0,1839.0,1839.0,1839.0,909.0,909.0,907.0,894.0,894.0,894.0
0.0,5321.0,2784.0,2689.0,2725.0,2805.0,934.0,934.0,937.0,896.0,896.0,897.0,928.0,928.0,928.0,1773.0,1773.0,1775.0,934.0,934.0,937.0,896.0,896.0,897.0
0.0,5262.0,2892.0,2697.0,2805.0,2916.0,973.0,973.0,970.0,899.0,899.0,899.0,964.0,964.0,964.0,1754.0,1754.0,1754.0,973.0,973.0,970.0,899.0,899.0,899.0
0.0,5175.0,2824.0,2698.0,2916.0,2827.0,941.0,941.0,945.0,899.0,899.0,900.0,941.0,941.0,942.0,1724.0,1724.0,1727.0,941.0,941.0,945.0,899.0,899.0,900.0
0.0,5267.0,2740.0,2697.0,2827.0,2737.0,913.0,913.0,911.0,899.0,899.0,899.0,913.0,913.0,914.0,1756.0,1756.0,1755.0,913.0,913.0,911.0,899.0,899.0,899.0
0.0,5354.0,2625.0,2695.0,2737.0,2619.0,872.0,872.0,875.0,898.0,898.0,899.0,875.0,875.0,875.0,1784.0,1784.0,1786.0,872.0,872.0,875.0,898.0,898.0,899.0
0.0,5466.0,2563.0,2692.0,2619.0,2554.0,851.0,851.0,852.0,897.0,897.0,898.0,854.0,854.0,855.0,1822.0,1822.0,1822.0,851.0,851.0,852.0,897.0,897.0,898.0
0.0,5522.0,2763.0,2694.0,2554.0,2769.0,924.0,924.0,921.0,898.0,898.0,898.0,921.0,921.0,921.0,1840.0,1840.0,1842.0,924.0,924.0,921.0,898.0,898.0,898.0
0.0,5313.0,2848.0,2697.0,2769.0,2857.0,952.0,952.0,953.0,899.0,899.0,899.0,949.0,949.0,950.0,1770.0,1770.0,1773.0,952.0,952.0,953.0,899.0,899.0,899.0
0.0,5234.0,2779.0,2701.0,2857.0,2791.0,929.0,929.0,933.0,900.0,900.0,901.0,926.0,926.0,927.0,1745.0,1745.0,1744.0,929.0,929.0,933.0,900.0,900.0,901.0
0.0,5312.0,2730.0,2703.0,2791.0,2736.0,913.0,913.0,910.0,901.0,901.0,901.0,910.0,910.0,910.0,1771.0,1771.0,1770.0,913.0,913.0,910.0,901.0,901.0,901.0
0.0,5373.0,2637.0,2700.0,2736.0,2628.0,876.0,876.0,876.0,900.0,900.0,900.0,879.0,879.0,879.0,1790.0,1790.0,1793.0,876.0,876.0,876.0,900.0,900.0,900.0
0.0,5472.0,2668.0,2697.0,2628.0,2659.0,886.0,886.0,887.0,899.0,899.0,899.0,889.0,889.0,890.0,1824.0,1824.0,1824.0,886.0,886.0,887.0,899.0,899.0,899.0
0.0,5432.0,2769.0,2698.0,2659.0,2772.0,923.0,923.0,926.0,899.0,899.0,900.0,923.0,923.0,923.0,1811.0,1811.0,1810.0,923.0,923.0,926.0,899.0,899.0,900.0
0.0,5322.0,2670.0,2700.0,2772.0,2676.0,893.0,893.0,890.0,900.0,900.0,900.0,890.0,890.0,890.0,1774.0,1774.0,1774.0,893.0,893.0,890.0,900.0,900.0,900.0
0.0,5424.0,2766.0,2703.0,2676.0,2775.0,925.0,925.0,925.0,901.0,901.0,901.0,922.0,922.0,922.0,1807.0,1807.0,1810.0,925.0,925.0,925.0,901.0,901.0,901.0
0.0,5334.0,2847.0,2707.0,2775.0,2859.0,952.0,952.0,955.0,902.0,902.0,903.0,949.0,949.0,949.0,1778.0,1778.0,1778.0,952.0,952.0,955.0,902.0,902.0,903.0
0.0,5262.0,2752.0,2709.0,2859.0,2758.0,920.0,920.0,918.0,903.0,903.0,903.0,917.0,917.0,918.0,1754.0,1754.0,1754.0,920.0,920.0,918.0,903.0,903.0,903.0
0.0,5369.0,2563.0,2703.0,2758.0,2545.0,848.0,848.0,849.0,901.0,901.0,901.0,854.0,854.0,855.0,1789.0,1789.0,1791.0,848.0,848.0,849.0,901.0,901.0,901.0
0.0,5564.0,2553.0,2698.0,2545.0,2538.0,845.0,845.0,848.0,899.0,899.0,900.0,851.0,851.0,851.0,1855.0,1855.0,1854.0,845.0,845.0,848.0,899.0,899.0,900.0
0.0,5556.0,2697.0,2697.0,2538.0,2694.0,899.0,899.0,896.0,899.0,899.0,899.0,899.0,899.0,899.0,1852.0,1852.0,1852.0,899.0,899.0,896.0,899.0,899.0,899.0
0.0,5397.0,2733.0,2700.0,2694.0,2742.0,914.0,914.0,914.0,900.0,900.0,900.0,911.0,911.0,911.0,1798.0,1798.0,1801.0,914.0,914.0,914.0,900.0,900.0,900.0
0.0,5358.0,2800.0,2704.0,2742.0,2812.0,936.0,936.0,940.0,901.0,901.0,902.0,933.0,933.0,934.0,1786.0,1786.0,1786.0,936.0,936.0,940.0,901.0,901.0,902.0
0.0,5300.0,2773.0,2707.0,2812.0,2782.0,927.0,927.0,928.0,902.0,902.0,903.0,924.0,924.0,925.0,1767.0,1767.0,1766.0,927.0,927.0,928.0,902.0,902.0,903.0
0.0,5339.0,2706.0,2710.0,2782.0,2715.0,905.0,905.0,905.0,903.0,903.0,904.0,902.0,902.0,902.0,1779.0,1779.0,1781.0,905.0,905.0,905.0,903.0,903.0,904.0
0.0,5415.0,2610.0,2706.0,2715.0,2598.0,867.0,867.0,864.0,902.0,902.0,902.0,870.0,870.0,870.0,1804.0,1804.0,1807.0,867.0,867.0,864.0,902.0,902.0,902.0
0.0,5520.0,2484.0,2700.0,2598.0,2466.0,822.0,822.0,822.0,900.0,900.0,900.0,828.0,828.0,828.0,1839.0,1839.0,1842.0,822.0,822.0,822.0,900.0,900.0,900.0
0.0,5634.0,2692.0,2700.0,2466.0,2692.0,897.0,897.0,898.0,900.0,900.0,900.0,897.0,897.0,898.0,1878.0,1878.0,1878.0,897.0,897.0,898.0,900.0,900.0,900.0
0.0,5408.0,2665.0,2698.0,2692.0,2659.0,885.0,885.0,889.0,899.0,899.0,900.0,888.0,888.0,889.0,1803.0,1803.0,1802.0,885.0,885.0,889.0,899.0,899.0,900.0
0.0,5435.0,2928.0,2706.0,2659.0,2952.0,985.0,985.0,982.0,902.0,902.0,902.0,976.0,976.0,976.0,1812.0,1812.0,1811.0,985.0,985.0,982.0,902.0,902.0,902.0
0.0,5166.0,2910.0,2712.0,2952.0,2928.0,976.0,976.0,976.0,904.0,904.0,904.0,970.0,970.0,970.0,1721.0,1721.0,1724.0,976.0,976.0,976.0,904.0,904.0,904.0
0.0,5208.0,2748.0,2712.0,2928.0,2748.0,916.0,916.0,916.0,904.0,904.0,904.0,916.0,916.0,916.0,1736.0,1736.0,1736.0,916.0,916.0,916.0,904.0,904.0,904.0
0.0,5388.0,2688.0,2709.0,2748.0,2679.0,893.0,893.0,893.0,903.0,903.0,903.0,896.0,896.0,896.0,1796.0,1796.0,1796.0,893.0,893.0,893.0,903.0,903.0,903.0
0.0,5448.0,2568.0,2701.0,2679.0,2544.0,847.0,847.0,850.0,900.0,900.0,901.0,856.0,856.0,856.0,1816.0,1816.0,1816.0,847.0,847.0,850.0,900.0,900.0,901.0
0.0,5559.0,2499.0,2698.0,2544.0,2490.0,830.0,830.0,830.0,899.0,899.0,900.0,833.0,833.0,833.0,1853.0,1853.0,1853.0,830.0,830.0,830.0,899.0,899.0,900.0
0.0,5604.0,2767.0,2698.0,2490.0,2767.0,922.0,922.0,923.0,899.0,899.0,900.0,922.0,922.0,923.0,1867.0,1867.0,1870.0,922.0,922.0,923.0,899.0,899.0,900.0
0.0,5327.0,2701.0,2704.0,2767.0,2719.0,906.0,906.0,907.0,901.0,901.0,902.0,900.0,900.0,901.0,1775.0,1775.0,1777.0,906.0,906.0,907.0,901.0,901.0,902.0
0.0,5393.0,2934.0,2709.0,2719.0,2949.0,984.0,984.0,981.0,903.0,903.0,903.0,978.0,978.0,978.0,1797.0,1797.0,1799.0,984.0,984.0,981.0,903.0,903.0,903.0
0.0,5178.0,2920.0,2715.0,2949.0,2938.0,979.0,979.0,980.0,905.0,905.0,905.0,973.0,973.0,974.0,1725.0,1725.0,1728.0,979.0,979.0,980.0,905.0,905.0,905.0
0.0,5207.0,2673.0,2712.0,2938.0,2664.0,888.0,888.0,888.0,904.0,904.0,904.0,891.0,891.0,891.0,1736.0,1736.0,1735.0,888.0,888.0,888.0,904.0,904.0,904.0
0.0,5472.0,2610.0,2709.0,2664.0,2601.0,867.0,867.0,867.0,903.0,903.0,903.0,870.0,870.0,870.0,1824.0,1824.0,1824.0,867.0,867.0,867.0,903.0,903.0,903.0
0.0,5526.0,2652.0,2706.0,2601.0,2643.0,881.0,881.0,881.0,902.0,902.0,902.0,884.0,884.0,884.0,1842.0,1842.0,1842.0,881.0,881.0,881.0,902.0,902.0,902.0
0.0,5475.0,2689.0,2706.0,2643.0,2689.0,896.0,896.0,897.0,902.0,902.0,902.0,896.0,896.0,897.0,1825.0,1825.0,1825.0,896.0,896.0,897.0,902.0,902.0,902.0
0.0,5429.0,3025.0,2718.0,2689.0,3061.0,1020.0,1020.0,1021.0,906.0,906.0,906.0,1008.0,1008.0,1009.0,1810.0,1810.0,1809.0,1020.0,1020.0,1021.0,906.0,906.0,906.0
0.0,5093.0,2776.0,2721.0,3061.0,2785.0,928.0,928.0,929.0,907.0,907.0,907.0,925.0,925.0,926.0,1698.0,1698.0,1697.0,928.0,928.0,929.0,907.0,907.0,907.0
0.0,5378.0,2802.0,2721.0,2785.0,2802.0,934.0,934.0,934.0,907.0,907.0,907.0,934.0,934.0,934.0,1793.0,1793.0,1792.0,934.0,934.0,934.0,907.0,907.0,907.0
0.0,5361.0,2778.0,2721.0,2802.0,2778.0,926.0,926.0,926.0,907.0,907.0,907.0,926.0,926.0,926.0,1787.0,1787.0,1787.0,926.0,926.0,926.0,907.0,907.0,907.0
0.0,5385.0,2667.0,2719.0,2778.0,2661.0,886.0,886.0,889.0,906.0,906.0,907.0,889.0,889.0,889.0,1795.0,1795.0,1795.0,886.0,886.0,889.0,906.0,906.0,907.0
0.0,5496.0,2655.0,2718.0,2661.0,2652.0,885.0,885.0,882.0,906.0,906.0,906.0,885.0,885.0,885.0,1832.0,1832.0,1832.0,885.0,885.0,882.0,906.0,906.0,906.0
0.0,5502.0,2718.0,2721.0,2652.0,2727.0,909.0,909.0,909.0,907.0,907.0,907.0,906.0,906.0,906.0,1833.0,1833.0,1836.0,909.0,909.0,909.0,907.0,907.0,907.0
0.0,5436.0,2764.0,2724.0,2727.0,2773.0,924.0,924.0,925.0,908.0,908.0,908.0,921.0,921.0,922.0,1812.0,1812.0,1812.0,924.0,924.0,925.0,908.0,908.0,908.0
0.0,5399.0,2952.0,2733.0,2773.0,2979.0,993.0,993.0,993.0,911.0,911.0,911.0,984.0,984.0,984.0,1800.0,1800.0,1799.0,993.0,993.0,993.0,911.0,911.0,911.0
0.0,5220.0,2856.0,2736.0,2979.0,2865.0,955.0,955.0,955.0,912.0,912.0,912.0,952.0,952.0,952.0,1740.0,1740.0,1740.0,955.0,955.0,955.0,912.0,912.0,912.0
0.0,5343.0,2733.0,2734.0,2865.0,2727.0,908.0,908.0,911.0,911.0,911.0,912.0,911.0,911.0,911.0,1781.0,1781.0,1781.0,908.0,908.0,911.0,911.0,911.0,912.0
0.0,5475.0,2706.0,2730.0,2727.0,2694.0,899.0,899.0,896.0,910.0,910.0,910.0,902.0,902.0,902.0,1825.0,1825.0,1825.0,899.0,899.0,896.0,910.0,910.0,910.0
0.0,5496.0,2634.0,2727.0,2694.0,2625.0,875.0,875.0,875.0,909.0,909.0,909.0,878.0,878.0,878.0,1831.0,1831.0,1834.0,875.0,875.0,875.0,909.0,909.0,909.0
0.0,5556.0,2764.0,2727.0,2625.0,2764.0,921.0,921.0,922.0,909.0,909.0,909.0,921.0,921.0,922.0,1852.0,1852.0,1852.0,921.0,921.0,922.0,909.0,909.0,909.0
0.0,5417.0,2751.0,2730.0,2764.0,2760.0,920.0,920.0,920.0,910.0,910.0,910.0,917.0,917.0,917.0,1806.0,1806.0,1805.0,920.0,920.0,920.0,910.0,910.0,910.0
0.0,5430.0,3061.0,2739.0,2760.0,3088.0,1029.0,1029.0,1030.0,913.0,913.0,913.0,1020.0,1020.0,1021.0,1810.0,1810.0,1810.0,1029.0,1029.0,1030.0,913.0,913.0,913.0
0.0,5129.0,2862.0,2742.0,3088.0,2871.0,957.0,957.0,957.0,914.0,914.0,914.0,954.0,954.0,954.0,1710.0,1710.0,1709.0,957.0,957.0,957.0,914.0,914.0,914.0
0.0,5355.0,2776.0,2739.0,2871.0,2767.0,922.0,922.0,923.0,913.0,913.0,913.0,925.0,925.0,926.0,1785.0,1785.0,1785.0,922.0,922.0,923.0,913.0,913.0,913.0
0.0,5450.0,2722.0,2739.0,2767.0,2722.0,907.0,907.0,908.0,913.0,913.0,913.0,907.0,907.0,908.0,1817.0,1817.0,1816.0,907.0,907.0,908.0,913.0,913.0,913.0
0.0,5495.0,2748.0,2739.0,2722.0,2748.0,916.0,916.0,916.0,913.0,913.0,913.0,916.0,916.0,916.0,1832.0,1832.0,1831.0,916.0,916.0,916.0,913.0,913.0,913.0
0.0,5469.0,2860.0,2743.0,2748.0,2872.0,956.0,956.0,960.0,914.0,914.0,915.0,953.0,953.0,954.0,1823.0,1823.0,1823.0,956.0,956.0,960.0,914.0,914.0,915.0
0.0,5357.0,2890.0,2748.0,2872.0,2905.0,969.0,969.0,967.0,916.0,916.0,916.0,963.0,963.0,964.0,1786.0,1786.0,1785.0,969.0,969.0,967.0,916.0,916.0,916.0
0.0,5339.0,2953.0,2751.0,2905.0,2962.0,987.0,987.0,988.0,917.0,917.0,917.0,984.0,984.0,985.0,1779.0,1779.0,1781.0,987.0,987.0,988.0,917.0,917.0,917.0
0.0,5291.0,2878.0,2755.0,2962.0,2890.0,962.0,962.0,966.0,918.0,918.0,919.0,959.0,959.0,960.0,1764.0,1764.0,1763.0,962.0,962.0,966.0,918.0,918.0,919.0
0.0,5375.0,2701.0,2754.0,2890.0,2698.0,900.0,900.0,898.0,918.0,918.0,918.0,900.0,900.0,901.0,1792.0,1792.0,1791.0,900.0,900.0,898.0,918.0,918.0,918.0
0.0,5564.0,2634.0,2749.0,2698.0,2619.0,872.0,872.0,875.0,916.0,916.0,917.0,878.0,878.0,878.0,1854.0,1854.0,1856.0,872.0,872.0,875.0,916.0,916.0,917.0
0.0,5628.0,2668.0,2748.0,2619.0,2665.0,889.0,889.0,887.0,916.0,916.0,916.0,889.0,889.0,890.0,1876.0,1876.0,1876.0,889.0,889.0,887.0,916.0,916.0,916.0
0.0,5579.0,2901.0,2754.0,2665.0,2919.0,973.0,973.0,973.0,918.0,918.0,918.0,967.0,967.0,967.0,1859.0,1859.0,1861.0,973.0,973.0,973.0,918.0,918.0,918.0
0.0,5343.0,3045.0,2764.0,2919.0,3075.0,1024.0,1024.0,1027.0,921.0,921.0,922.0,1015.0,1015.0,1015.0,1781.0,1781.0,1781.0,1024.0,1024.0,1027.0,921.0,921.0,922.0
0.0,5217.0,2920.0,2769.0,3075.0,2935.0,979.0,979.0,977.0,923.0,923.0,923.0,973.0,973.0,974.0,1739.0,1739.0,1739.0,979.0,979.0,977.0,923.0,923.0,923.0
0.0,5372.0,2913.0,2772.0,2935.0,2922.0,974.0,974.0,974.0,924.0,924.0,924.0,971.0,971.0,971.0,1790.0,1790.0,1792.0,974.0,974.0,974.0,924.0,924.0,924.0
0.0,5394.0,2664.0,2769.0,2922.0,2655.0,885.0,885.0,885.0,923.0,923.0,923.0,888.0,888.0,888.0,1798.0,1798.0,1798.0,885.0,885.0,885.0,923.0,923.0,923.0
0.0,5652.0,2646.0,2766.0,2655.0,2637.0,879.0,879.0,879.0,922.0,922.0,922.0,882.0,882.0,882.0,1884.0,1884.0,1884.0,879.0,879.0,879.0,922.0,922.0,922.0
0.0,5661.0,2835.0,2769.0,2637.0,2844.0,948.0,948.0,948.0,923.0,923.0,923.0,945.0,945.0,945.0,1887.0,1887.0,1887.0,948.0,948.0,948.0,923.0,923.0,923.0
0.0,5463.0,2811.0,2773.0,2844.0,2823.0,940.0,940.0,943.0,924.0,924.0,925.0,937.0,937.0,937.0,1821.0,1821.0,1821.0,940.0,940.0,943.0,924.0,924.0,925.0
0.0,5496.0,2868.0,2781.0,2823.0,2892.0,965.0,965.0,962.0,927.0,927.0,927.0,956.0,956.0,956.0,1832.0,1832.0,1832.0,965.0,965.0,962.0,927.0,927.0,927.0
0.0,5451.0,2988.0,2787.0,2892.0,3006.0,1002.0,1002.0,1002.0,929.0,929.0,929.0,996.0,996.0,996.0,1816.0,1816.0,1819.0,1002.0,1002.0,1002.0,929.0,929.0,929.0
0.0,5355.0,2947.0,2791.0,3006.0,2959.0,985.0,985.0,989.0,930.0,930.0,931.0,982.0,982.0,983.0,1785.0,1785.0,1785.0,985.0,985.0,989.0,930.0,930.0,931.0
0.0,5414.0,2824.0,2790.0,2959.0,2821.0,941.0,941.0,939.0,930.0,930.0,930.0,941.0,941.0,942.0,1805.0,1805.0,1804.0,941.0,941.0,939.0,930.0,930.0,930.0
0.0,5549.0,2734.0,2787.0,2821.0,2725.0,908.0,908.0,909.0,929.0,929.0,929.0,911.0,911.0,912.0,1849.0,1849.0,1851.0,908.0,908.0,909.0,929.0,929.0,929.0
0.0,5636.0,2683.0,2785.0,2725.0,2677.0,891.0,891.0,895.0,928.0,928.0,929.0,894.0,894.0,895.0,1879.0,1879.0,1878.0,891.0,891.0,895.0,928.0,928.0,929.0
0.0,5678.0,2796.0,2787.0,2677.0,2802.0,935.0,935.0,932.0,929.0,929.0,929.0,932.0,932.0,932.0,1893.0,1893.0,1892.0,935.0,935.0,932.0,929.0,929.0,929.0
0.0,5559.0,3022.0,2796.0,2802.0,3049.0,1016.0,1016.0,1017.0,932.0,932.0,932.0,1007.0,1007.0,1008.0,1852.0,1852.0,1855.0,1016.0,1016.0,1017.0,932.0,932.0,932.0
0.0,5339.0,3064.0,2806.0,3049.0,3094.0,1030.0,1030.0,1034.0,935.0,935.0,936.0,1021.0,1021.0,1022.0,1780.0,1780.0,1779.0,1030.0,1030.0,1034.0,935.0,935.0,936.0
0.0,5324.0,3000.0,2811.0,3094.0,3015.0,1006.0,1006.0,1003.0,937.0,937.0,937.0,1000.0,1000.0,1000.0,1775.0,1775.0,1774.0,1006.0,1006.0,1003.0,937.0,937.0,937.0
0.0,5418.0,2778.0,2812.0,3015.0,2781.0,926.0,926.0,929.0,937.0,937.0,938.0,926.0,926.0,926.0,1805.0,1805.0,1808.0,926.0,926.0,929.0,937.0,937.0,938.0
0.0,5655.0,2790.0,2809.0,2781.0,2781.0,927.0,927.0,927.0,936.0,936.0,937.0,930.0,930.0,930.0,1885.0,1885.0,1885.0,927.0,927.0,927.0,936.0,936.0,937.0
0.0,5646.0,2700.0,2805.0,2781.0,2688.0,897.0,897.0,894.0,935.0,935.0,935.0,900.0,900.0,900.0,1881.0,1881.0,1884.0,897.0,897.0,894.0,935.0,935.0,935.0
0.0,5727.0,2886.0,2809.0,2688.0,2898.0,965.0,965.0,968.0,936.0,936.0,937.0,962.0,962.0,962.0,1908.0,1908.0,1911.0,965.0,965.0,968.0,936.0,936.0,937.0
0.0,5529.0,2911.0,2815.0,2898.0,2929.0,976.0,976.0,977.0,938.0,938.0,939.0,970.0,970.0,971.0,1843.0,1843.0,1843.0,976.0,976.0,977.0,938.0,938.0,939.0
0.0,5516.0,3015.0,2823.0,2929.0,3039.0,1014.0,1014.0,1011.0,941.0,941.0,941.0,1005.0,1005.0,1005.0,1838.0,1838.0,1840.0,1014.0,1014.0,1011.0,941.0,941.0,941.0
0.0,5430.0,2745.0,2823.0,3039.0,2745.0,915.0,915.0,915.0,941.0,941.0,941.0,915.0,915.0,915.0,1809.0,1809.0,1812.0,915.0,915.0,915.0,941.0,941.0,941.0
0.0,5724.0,2833.0,2820.0,2745.0,2824.0,941.0,941.0,942.0,940.0,940.0,940.0,944.0,944.0,945.0,1908.0,1908.0,1908.0,941.0,941.0,942.0,940.0,940.0,940.0
0.0,5636.0,2806.0,2820.0,2824.0,2806.0,935.0,935.0,936.0,940.0,940.0,940.0,935.0,935.0,936.0,1879.0,1879.0,1878.0,935.0,935.0,936.0,940.0,940.0,940.0
0.0,5654.0,2827.0,2821.0,2806.0,2830.0,942.0,942.0,946.0,940.0,940.0,941.0,942.0,942.0,943.0,1885.0,1885.0,1884.0,942.0,942.0,946.0,940.0,940.0,941.0
0.0,5633.0,2818.0,2821.0,2830.0,2818.0,939.0,939.0,940.0,940.0,940.0,941.0,939.0,939.0,940.0,1878.0,1878.0,1877.0,939.0,939.0,940.0,940.0,940.0,941.0
0.0,5645.0,2851.0,2826.0,2818.0,2866.0,956.0,956.0,954.0,942.0,942.0,942.0,950.0,950.0,951.0,1881.0,1881.0,1883.0,956.0,956.0,954.0,942.0,942.0,942.0
0.0,5612.0,2910.0,2830.0,2866.0,2922.0,973.0,973.0,976.0,943.0,943.0,944.0,970.0,970.0,970.0,1870.0,1870.0,1872.0,973.0,973.0,976.0,943.0,943.0,944.0
0.0,5568.0,2865.0,2833.0,2922.0,2874.0,958.0,958.0,958.0,944.0,944.0,945.0,955.0,955.0,955.0,1856.0,1856.0,1856.0,958.0,958.0,958.0,944.0,944.0,945.0
0.0,5625.0,2749.0,2832.0,2874.0,2746.0,916.0,916.0,914.0,944.0,944.0,944.0,916.0,916.0,917.0,1874.0,1874.0,1877.0,916.0,916.0,914.0,944.0,944.0,944.0
0.0,5750.0,2637.0,2826.0,2746.0,2619.0,873.0,873.0,873.0,942.0,942.0,942.0,879.0,879.0,879.0,1916.0,1916.0,1918.0,873.0,873.0,873.0,942.0,942.0,942.0
0.0,5859.0,2760.0,2824.0,2619.0,2754.0,917.0,917.0,920.0,941.0,941.0,942.0,920.0,920.0,920.0,1953.0,1953.0,1953.0,917.0,917.0,920.0,941.0,941.0,942.0
0.0,5718.0,2881.0,2827.0,2754.0,2890.0,963.0,963.0,964.0,942.0,942.0,943.0,960.0,960.0,961.0,1906.0,1906.0,1906.0,963.0,963.0,964.0,942.0,942.0,943.0
0.0,5591.0,2961.0,2832.0,2890.0,2976.0,993.0,993.0,990.0,944.0,944.0,944.0,987.0,987.0,987.0,1863.0,1863.0,1865.0,993.0,993.0,990.0,944.0,944.0,944.0
0.0,5520.0,2908.0,2838.0,2976.0,2926.0,975.0,975.0,976.0,946.0,946.0,946.0,969.0,969.0,970.0,1839.0,1839.0,1842.0,975.0,975.0,976.0,946.0,946.0,946.0
0.0,5588.0,2886.0,2841.0,2926.0,2895.0,965.0,965.0,965.0,947.0,947.0,947.0,962.0,962.0,962.0,1863.0,1863.0,1862.0,965.0,965.0,965.0,947.0,947.0,947.0
0.0,5628.0,2829.0,2842.0,2895.0,2832.0,943.0,943.0,946.0,947.0,947.0,948.0,943.0,943.0,943.0,1876.0,1876.0,1876.0,943.0,943.0,946.0,947.0,947.0,948.0
0.0,5694.0,2578.0,2832.0,2832.0,2548.0,850.0,850.0,848.0,944.0,944.0,944.0,859.0,859.0,860.0,1898.0,1898.0,1898.0,850.0,850.0,848.0,944.0,944.0,944.0
0.0,5948.0,2725.0,2830.0,2548.0,2719.0,905.0,905.0,909.0,943.0,943.0,944.0,908.0,908.0,909.0,1982.0,1982.0,1984.0,905.0,905.0,909.0,943.0,943.0,944.0
0.0,5771.0,2889.0,2832.0,2719.0,2895.0,966.0,966.0,963.0,944.0,944.0,944.0,963.0,963.0,963.0,1924.0,1924.0,1923.0,966.0,966.0,963.0,944.0,944.0,944.0
0.0,5601.0,3037.0,2838.0,2895.0,3055.0,1018.0,1018.0,1019.0,946.0,946.0,946.0,1012.0,1012.0,1013.0,1866.0,1866.0,1869.0,1018.0,1018.0,1019.0,946.0,946.0,946.0
0.0,5459.0,3000.0,2842.0,3055.0,3012.0,1003.0,1003.0,1006.0,947.0,947.0,948.0,1000.0,1000.0,1000.0,1820.0,1820.0,1819.0,1003.0,1003.0,1006.0,947.0,947.0,948.0
0.0,5514.0,2931.0,2844.0,3012.0,2937.0,980.0,980.0,977.0,948.0,948.0,948.0,977.0,977.0,977.0,1838.0,1838.0,1838.0,980.0,980.0,977.0,948.0,948.0,948.0
0.0,5595.0,2703.0,2841.0,2937.0,2694.0,898.0,898.0,898.0,947.0,947.0,947.0,901.0,901.0,901.0,1864.0,1864.0,1867.0,898.0,898.0,898.0,947.0,947.0,947.0
0.0,5829.0,2752.0,2836.0,2694.0,2737.0,911.0,911.0,915.0,945.0,945.0,946.0,917.0,917.0,918.0,1943.0,1943.0,1943.0,911.0,911.0,915.0,945.0,945.0,946.0
0.0,5771.0,2785.0,2835.0,2737.0,2782.0,928.0,928.0,926.0,945.0,945.0,945.0,928.0,928.0,929.0,1924.0,1924.0,1923.0,928.0,928.0,926.0,945.0,945.0,945.0
0.0,5723.0,2893.0,2838.0,2782.0,2902.0,967.0,967.0,968.0,946.0,946.0,946.0,964.0,964.0,965.0,1907.0,1907.0,1909.0,967.0,967.0,968.0,946.0,946.0,946.0
0.0,5612.0,2925.0,2844.0,2902.0,2943.0,981.0,981.0,981.0,948.0,948.0,948.0,975.0,975.0,975.0,1871.0,1871.0,1870.0,981.0,981.0,981.0,948.0,948.0,948.0
0.0,5589.0,3124.0,2853.0,2943.0,3151.0,1050.0,1050.0,1051.0,951.0,951.0,951.0,1041.0,1041.0,1042.0,1863.0,1863.0,1863.0,1050.0,1050.0,1051.0,951.0,951.0,951.0
0.0,5408.0,2826.0,2851.0,3151.0,2820.0,939.0,939.0,942.0,950.0,950.0,951.0,942.0,942.0,942.0,1803.0,1803.0,1802.0,939.0,939.0,942.0,950.0,950.0,951.0
0.0,5733.0,2742.0,2845.0,2820.0,2724.0,908.0,908.0,908.0,948.0,948.0,949.0,914.0,914.0,914.0,1911.0,1911.0,1911.0,908.0,908.0,908.0,948.0,948.0,949.0
0.0,5811.0,2703.0,2841.0,2724.0,2691.0,898.0,898.0,895.0,947.0,947.0,947.0,901.0,901.0,901.0,1936.0,1936.0,1939.0,898.0,898.0,895.0,947.0,947.0,947.0
0.0,5832.0,2755.0,2838.0,2691.0,2746.0,915.0,915.0,916.0,946.0,946.0,946.0,918.0,918.0,919.0,1943.0,1943.0,1946.0,915.0,915.0,916.0,946.0,946.0,946.0
0.0,5768.0,2802.0,2841.0,2746.0,2811.0,937.0,937.0,937.0,947.0,947.0,947.0,934.0,934.0,934.0,1923.0,1923.0,1922.0,937.0,937.0,937.0,947.0,947.0,947.0
0.0,5712.0,2983.0,2847.0,2811.0,3001.0,1000.0,1000.0,1001.0,949.0,949.0,949.0,994.0,994.0,995.0,1904.0,1904.0,1904.0,1000.0,1000.0,1001.0,949.0,949.0,949.0
0.0,5540.0,3111.0,2853.0,3001.0,3129.0,1043.0,1043.0,1043.0,951.0,951.0,951.0,1037.0,1037.0,1037.0,1847.0,1847.0,1846.0,1043.0,1043.0,1043.0,951.0,951.0,951.0
0.0,5430.0,3084.0,2859.0,3129.0,3102.0,1034.0,1034.0,1034.0,953.0,953.0,953.0,1028.0,1028.0,1028.0,1810.0,1810.0,1810.0,1034.0,1034.0,1034.0,953.0,953.0,953.0
0.0,5475.0,2898.0,2859.0,3102.0,2898.0,966.0,966.0,966.0,953.0,953.0,953.0,966.0,966.0,966.0,1825.0,1825.0,1825.0,966.0,966.0,966.0,953.0,953.0,953.0
0.0,5679.0,2652.0,2853.0,2898.0,2634.0,878.0,878.0,878.0,951.0,951.0,951.0,884.0,884.0,884.0,1893.0,1893.0,1893.0,878.0,878.0,878.0,951.0,951.0,951.0
0.0,5925.0,2703.0,2847.0,2634.0,2685.0,895.0,895.0,895.0,949.0,949.0,949.0,901.0,901.0,901.0,1975.0,1975.0,1975.0,895.0,895.0,895.0,949.0,949.0,949.0
0.0,5856.0,2878.0,2848.0,2685.0,2881.0,959.0,959.0,963.0,949.0,949.0,950.0,959.0,959.0,960.0,1952.0,1952.0,1952.0,959.0,959.0,963.0,949.0,949.0,950.0
0.0,5663.0,2868.0,2851.0,2881.0,2877.0,959.0,959.0,959.0,950.0,950.0,951.0,956.0,956.0,956.0,1888.0,1888.0,1887.0,959.0,959.0,959.0,950.0,950.0,951.0
0.0,5676.0,2919.0,2856.0,2877.0,2934.0,979.0,979.0,976.0,952.0,952.0,952.0,973.0,973.0,973.0,1891.0,1891.0,1894.0,979.0,979.0,976.0,952.0,952.0,952.0
0.0,5634.0,2800.0,2856.0,2934.0,2800.0,933.0,933.0,934.0,952.0,952.0,952.0,933.0,933.0,934.0,1877.0,1877.0,1880.0,933.0,933.0,934.0,952.0,952.0,952.0
0.0,5768.0,2847.0,2853.0,2800.0,2838.0,946.0,946.0,946.0,951.0,951.0,951.0,949.0,949.0,949.0,1923.0,1923.0,1922.0,946.0,946.0,946.0,951.0,951.0,951.0
0.0,5721.0,2749.0,2847.0,2838.0,2731.0,910.0,910.0,911.0,949.0,949.0,949.0,916.0,916.0,917.0,1907.0,1907.0,1907.0,910.0,910.0,911.0,949.0,949.0,949.0
0.0,5810.0,2748.0,2841.0,2731.0,2730.0,910.0,910.0,910.0,947.0,947.0,947.0,916.0,916.0,916.0,1937.0,1937.0,1936.0,910.0,910.0,910.0,947.0,947.0,947.0
0.0,5793.0,2875.0,2844.0,2730.0,2884.0,961.0,961.0,962.0,948.0,948.0,948.0,958.0,958.0,959.0,1931.0,1931.0,1931.0,961.0,961.0,962.0,948.0,948.0,948.0
0.0,5648.0,2971.0,2847.0,2884.0,2980.0,993.0,993.0,994.0,949.0,949.0,949.0,990.0,990.0,991.0,1883.0,1883.0,1882.0,993.0,993.0,994.0,949.0,949.0,949.0
0.0,5561.0,3061.0,2854.0,2980.0,3082.0,1026.0,1026.0,1030.0,951.0,951.0,952.0,1020.0,1020.0,1021.0,1854.0,1854.0,1853.0,1026.0,1026.0,1030.0,951.0,951.0,952.0
0.0,5480.0,2883.0,2854.0,3082.0,2883.0,961.0,961.0,961.0,951.0,951.0,952.0,961.0,961.0,961.0,1827.0,1827.0,1826.0,961.0,961.0,961.0,951.0,951.0,952.0
0.0,5679.0,2787.0,2851.0,2883.0,2778.0,926.0,926.0,926.0,950.0,950.0,951.0,929.0,929.0,929.0,1892.0,1892.0,1895.0,926.0,926.0,926.0,950.0,950.0,951.0
0.0,5775.0,2721.0,2845.0,2778.0,2703.0,901.0,901.0,901.0,948.0,948.0,949.0,907.0,907.0,907.0,1924.0,1924.0,1927.0,901.0,901.0,901.0,948.0,948.0,949.0
0.0,5832.0,2793.0,2847.0,2703.0,2799.0,934.0,934.0,931.0,949.0,949.0,949.0,931.0,931.0,931.0,1943.0,1943.0,1946.0,934.0,934.0,931.0,949.0,949.0,949.0
0.0,5742.0,3025.0,2850.0,2799.0,3034.0,1011.0,1011.0,1012.0,950.0,950.0,950.0,1008.0,1008.0,1009.0,1913.0,1913.0,1916.0,1011.0,1011.0,1012.0,950.0,950.0,950.0
0.0,5516.0,3058.0,2856.0,3034.0,3076.0,1025.0,1025.0,1026.0,952.0,952.0,952.0,1019.0,1019.0,1020.0,1839.0,1839.0,1838.0,1025.0,1025.0,1026.0,952.0,952.0,952.0
0.0,5492.0,2946.0,2857.0,3076.0,2949.0,982.0,982.0,985.0,952.0,952.0,953.0,982.0,982.0,982.0,1831.0,1831.0,1830.0,982.0,982.0,985.0,952.0,952.0,953.0
0.0,5622.0,2802.0,2857.0,2949.0,2802.0,934.0,934.0,934.0,952.0,952.0,953.0,934.0,934.0,934.0,1874.0,1874.0,1874.0,934.0,934.0,934.0,952.0,952.0,953.0
0.0,5769.0,2898.0,2859.0,2802.0,2904.0,969.0,969.0,966.0,953.0,953.0,953.0,966.0,966.0,966.0,1922.0,1922.0,1925.0,969.0,969.0,966.0,953.0,953.0,953.0
0.0,5673.0,2778.0,2856.0,2904.0,2769.0,923.0,923.0,923.0,952.0,952.0,952.0,926.0,926.0,926.0,1890.0,1890.0,1893.0,923.0,923.0,923.0,952.0,952.0,952.0
0.0,5799.0,2746.0,2853.0,2769.0,2737.0,912.0,912.0,913.0,951.0,951.0,951.0,915.0,915.0,916.0,1933.0,1933.0,1933.0,912.0,912.0,913.0,951.0,951.0,951.0
0.0,5822.0,2874.0,2856.0,2737.0,2883.0,961.0,961.0,961.0,952.0,952.0,952.0,958.0,958.0,958.0,1941.0,1941.0,1940.0,961.0,961.0,961.0,952.0,952.0,952.0
0.0,5685.0,2911.0,2860.0,2883.0,2923.0,973.0,973.0,977.0,953.0,953.0,954.0,970.0,970.0,971.0,1895.0,1895.0,1895.0,973.0,973.0,977.0,953.0,953.0,954.0
0.0,5657.0,3034.0,2866.0,2923.0,3052.0,1017.0,1017.0,1018.0,955.0,955.0,956.0,1011.0,1011.0,1012.0,1886.0,1886.0,1885.0,1017.0,1017.0,1018.0,955.0,955.0,956.0
0.0,5546.0,2937.0,2868.0,3052.0,2943.0,982.0,982.0,979.0,956.0,956.0,956.0,979.0,979.0,979.0,1848.0,1848.0,1850.0,982.0,982.0,979.0,956.0,956.0,956.0
0.0,5661.0,2967.0,2868.0,2943.0,2967.0,989.0,989.0,989.0,956.0,956.0,956.0,989.0,989.0,989.0,1886.0,1886.0,1889.0,989.0,989.0,989.0,956.0,956.0,956.0
0.0,5637.0,2796.0,2865.0,2967.0,2787.0,929.0,929.0,929.0,955.0,955.0,955.0,932.0,932.0,932.0,1879.0,1879.0,1879.0,929.0,929.0,929.0,955.0,955.0,955.0
0.0,5808.0,2869.0,2865.0,2787.0,2869.0,956.0,956.0,957.0,955.0,955.0,955.0,956.0,956.0,957.0,1936.0,1936.0,1936.0,956.0,956.0,957.0,955.0,955.0,955.0
0.0,5726.0,2910.0,2866.0,2869.0,2913.0,970.0,970.0,973.0,955.0,955.0,956.0,970.0,970.0,970.0,1909.0,1909.0,1908.0,970.0,970.0,973.0,955.0,955.0,956.0
0.0,5685.0,3088.0,2877.0,2913.0,3121.0,1041.0,1041.0,1039.0,959.0,959.0,959.0,1029.0,1029.0,1030.0,1895.0,1895.0,1895.0,1041.0,1041.0,1039.0,959.0,959.0,959.0
0.0,5510.0,3013.0,2881.0,3121.0,3025.0,1007.0,1007.0,1011.0,960.0,960.0,961.0,1004.0,1004.0,1005.0,1836.0,1836.0,1838.0,1007.0,1007.0,1011.0,960.0,960.0,961.0
0.0,5618.0,3016.0,2884.0,3025.0,3025.0,1008.0,1008.0,1009.0,961.0,961.0,962.0,1005.0,1005.0,1006.0,1873.0,1873.0,1872.0,1008.0,1008.0,1009.0,961.0,961.0,962.0
0.0,5627.0,2880.0,2881.0,3025.0,2871.0,957.0,957.0,957.0,960.0,960.0,961.0,960.0,960.0,960.0,1875.0,1875.0,1877.0,957.0,957.0,957.0,960.0,960.0,961.0
0.0,5772.0,2730.0,2877.0,2871.0,2718.0,907.0,907.0,904.0,959.0,959.0,959.0,910.0,910.0,910.0,1923.0,1923.0,1926.0,907.0,907.0,904.0,959.0,959.0,959.0
0.0,5913.0,2799.0,2874.0,2718.0,2790.0,930.0,930.0,930.0,958.0,958.0,958.0,933.0,933.0,933.0,1970.0,1970.0,1973.0,930.0,930.0,930.0,958.0,958.0,958.0
0.0,5832.0,2997.0,2880.0,2790.0,3015.0,1005.0,1005.0,1005.0,960.0,960.0,960.0,999.0,999.0,999.0,1944.0,1944.0,1944.0,1005.0,1005.0,1005.0,960.0,960.0,960.0
0.0,5625.0,2932.0,2883.0,3015.0,2941.0,980.0,980.0,981.0,961.0,961.0,961.0,977.0,977.0,978.0,1875.0,1875.0,1875.0,980.0,980.0,981.0,961.0,961.0,961.0
0.0,5708.0,2994.0,2886.0,2941.0,3003.0,1001.0,1001.0,1001.0,962.0,962.0,962.0,998.0,998.0,998.0,1903.0,1903.0,1902.0,1001.0,1001.0,1001.0,962.0,962.0,962.0
0.0,5655.0,3100.0,2890.0,3003.0,3112.0,1036.0,1036.0,1040.0,963.0,963.0,964.0,1033.0,1033.0,1034.0,1885.0,1885.0,1885.0,1036.0,1036.0,1040.0,963.0,963.0,964.0
0.0,5558.0,2931.0,2890.0,3112.0,2931.0,977.0,977.0,977.0,963.0,963.0,964.0,977.0,977.0,977.0,1853.0,1853.0,1852.0,977.0,977.0,977.0,963.0,963.0,964.0
0.0,5739.0,2794.0,2884.0,2931.0,2776.0,925.0,925.0,926.0,961.0,961.0,962.0,931.0,931.0,932.0,1912.0,1912.0,1915.0,925.0,925.0,926.0,961.0,961.0,962.0
0.0,5876.0,2887.0,2886.0,2776.0,2893.0,965.0,965.0,963.0,962.0,962.0,962.0,962.0,962.0,963.0,1958.0,1958.0,1960.0,965.0,965.0,963.0,962.0,962.0,962.0
0.0,5765.0,2970.0,2890.0,2893.0,2982.0,993.0,993.0,996.0,963.0,963.0,964.0,990.0,990.0,990.0,1921.0,1921.0,1923.0,993.0,993.0,996.0,963.0,963.0,964.0
0.0,5688.0,3108.0,2898.0,2982.0,3132.0,1045.0,1045.0,1042.0,966.0,966.0,966.0,1036.0,1036.0,1036.0,1896.0,1896.0,1896.0,1045.0,1045.0,1042.0,966.0,966.0,966.0
0.0,5562.0,3114.0,2904.0,3132.0,3132.0,1044.0,1044.0,1044.0,968.0,968.0,968.0,1038.0,1038.0,1038.0,1853.0,1853.0,1856.0,1044.0,1044.0,1044.0,968.0,968.0,968.0
0.0,5580.0,2964.0,2907.0,3132.0,2973.0,991.0,991.0,991.0,969.0,969.0,969.0,988.0,988.0,988.0,1860.0,1860.0,1860.0,991.0,991.0,991.0,969.0,969.0,969.0
0.0,5748.0,2952.0,2907.0,2973.0,2952.0,984.0,984.0,984.0,969.0,969.0,969.0,984.0,984.0,984.0,1916.0,1916.0,1916.0,984.0,984.0,984.0,969.0,969.0,969.0
0.0,5769.0,2778.0,2901.0,2952.0,2760.0,920.0,920.0,920.0,967.0,967.0,967.0,926.0,926.0,926.0,1923.0,1923.0,1923.0,920.0,920.0,920.0,967.0,967.0,967.0
0.0,5943.0,2902.0,2898.0,2760.0,2893.0,964.0,964.0,965.0,966.0,966.0,966.0,967.0,967.0,968.0,1981.0,1981.0,1981.0,964.0,964.0,965.0,966.0,966.0,966.0
0.0,5801.0,2985.0,2899.0,2893.0,2988.0,995.0,995.0,998.0,966.0,966.0,967.0,995.0,995.0,995.0,1934.0,1934.0,1933.0,995.0,995.0,998.0,966.0,966.0,967.0
0.0,5709.0,3216.0,2910.0,2988.0,3249.0,1084.0,1084.0,1081.0,970.0,970.0,970.0,1072.0,1072.0,1072.0,1903.0,1903.0,1903.0,1084.0,1084.0,1081.0,970.0,970.0,970.0
0.0,5481.0,3126.0,2917.0,3249.0,3147.0,1048.0,1048.0,1051.0,972.0,972.0,973.0,1042.0,1042.0,1042.0,1826.0,1826.0,1829.0,1048.0,1048.0,1051.0,972.0,972.0,973.0
0.0,5604.0,3043.0,2922.0,3147.0,3058.0,1020.0,1020.0,1018.0,974.0,974.0,974.0,1014.0,1014.0,1015.0,1868.0,1868.0,1868.0,1020.0,1020.0,1018.0,974.0,974.0,974.0
0.0,5708.0,3039.0,2925.0,3058.0,3048.0,1016.0,1016.0,1016.0,975.0,975.0,975.0,1013.0,1013.0,1013.0,1902.0,1902.0,1904.0,1016.0,1016.0,1016.0,975.0,975.0,975.0
0.0,5727.0,2839.0,2923.0,3048.0,2833.0,943.0,943.0,947.0,974.0,974.0,975.0,946.0,946.0,947.0,1909.0,1909.0,1909.0,943.0,943.0,947.0,974.0,974.0,975.0
0.0,5936.0,2832.0,2923.0,2833.0,2832.0,944.0,944.0,944.0,974.0,974.0,975.0,944.0,944.0,944.0,1979.0,1979.0,1978.0,944.0,944.0,944.0,974.0,974.0,975.0
0.0,5937.0,2932.0,2925.0,2832.0,2938.0,980.0,980.0,978.0,975.0,975.0,975.0,977.0,977.0,978.0,1978.0,1978.0,1981.0,980.0,980.0,978.0,975.0,975.0,975.0
0.0,5837.0,3114.0,2932.0,2938.0,3135.0,1044.0,1044.0,1047.0,977.0,977.0,978.0,1038.0,1038.0,1038.0,1945.0,1945.0,1947.0,1044.0,1044.0,1047.0,977.0,977.0,978.0
0.0,5661.0,3150.0,2940.0,3135.0,3174.0,1059.0,1059.0,1056.0,980.0,980.0,980.0,1050.0,1050.0,1050.0,1887.0,1887.0,1887.0,1059.0,1059.0,1056.0,980.0,980.0,980.0
0.0,5646.0,3123.0,2944.0,3174.0,3135.0,1044.0,1044.0,1047.0,981.0,981.0,982.0,1041.0,1041.0,1041.0,1881.0,1881.0,1884.0,1044.0,1044.0,1047.0,981.0,981.0,982.0
0.0,5697.0,2932.0,2944.0,3135.0,2932.0,977.0,977.0,978.0,981.0,981.0,982.0,977.0,977.0,978.0,1899.0,1899.0,1899.0,977.0,977.0,978.0,981.0,981.0,982.0
0.0,5900.0,2802.0,2938.0,2932.0,2784.0,928.0,928.0,928.0,979.0,979.0,980.0,934.0,934.0,934.0,1966.0,1966.0,1968.0,928.0,928.0,928.0,979.0,979.0,980.0
0.0,6030.0,2872.0,2938.0,2784.0,2872.0,957.0,957.0,958.0,979.0,979.0,980.0,957.0,957.0,958.0,2009.0,2009.0,2012.0,957.0,957.0,958.0,979.0,979.0,980.0
0.0,5942.0,2979.0,2943.0,2872.0,2994.0,999.0,999.0,996.0,981.0,981.0,981.0,993.0,993.0,993.0,1980.0,1980.0,1982.0,999.0,999.0,996.0,981.0,981.0,981.0
0.0,5835.0,3055.0,2949.0,2994.0,3073.0,1024.0,1024.0,1025.0,983.0,983.0,983.0,1018.0,1018.0,1019.0,1944.0,1944.0,1947.0,1024.0,1024.0,1025.0,983.0,983.0,983.0
0.0,5774.0,3112.0,2955.0,3073.0,3130.0,1043.0,1043.0,1044.0,985.0,985.0,985.0,1037.0,1037.0,1038.0,1925.0,1925.0,1924.0,1043.0,1043.0,1044.0,985.0,985.0,985.0
0.0,5735.0,3058.0,2955.0,3130.0,3058.0,1019.0,1019.0,1020.0,985.0,985.0,985.0,1019.0,1019.0,1020.0,1912.0,1912.0,1911.0,1019.0,1019.0,1020.0,985.0,985.0,985.0
0.0,5807.0,2967.0,2953.0,3058.0,2961.0,986.0,986.0,989.0,984.0,984.0,985.0,989.0,989.0,989.0,1936.0,1936.0,1935.0,986.0,986.0,989.0,984.0,984.0,985.0
0.0,5898.0,2838.0,2952.0,2961.0,2835.0,946.0,946.0,943.0,984.0,984.0,984.0,946.0,946.0,946.0,1966.0,1966.0,1966.0,946.0,946.0,943.0,984.0,984.0,984.0
0.0,6021.0,2953.0,2955.0,2835.0,2962.0,987.0,987.0,988.0,985.0,985.0,985.0,984.0,984.0,985.0,2006.0,2006.0,2009.0,987.0,987.0,988.0,985.0,985.0,985.0
0.0,5903.0,2925.0,2955.0,2962.0,2925.0,975.0,975.0,975.0,985.0,985.0,985.0,975.0,975.0,975.0,1968.0,1968.0,1967.0,975.0,975.0,975.0,985.0,985.0,985.0
0.0,5940.0,3088.0,2961.0,2925.0,3106.0,1035.0,1035.0,1036.0,987.0,987.0,987.0,1029.0,1029.0,1030.0,1980.0,1980.0,1980.0,1035.0,1035.0,1036.0,987.0,987.0,987.0
0.0,5777.0,3075.0,2967.0,3106.0,3093.0,1031.0,1031.0,1031.0,989.0,989.0,989.0,1025.0,1025.0,1025.0,1926.0,1926.0,1925.0,1031.0,1031.0,1031.0,989.0,989.0,989.0
0.0,5808.0,3009.0,2970.0,3093.0,3018.0,1006.0,1006.0,1006.0,990.0,990.0,990.0,1003.0,1003.0,1003.0,1936.0,1936.0,1936.0,1006.0,1006.0,1006.0,990.0,990.0,990.0
0.0,5892.0,2979.0,2971.0,3018.0,2982.0,993.0,993.0,996.0,990.0,990.0,991.0,993.0,993.0,993.0,1964.0,1964.0,1964.0,993.0,993.0,996.0,990.0,990.0,991.0
0.0,5931.0,2884.0,2968.0,2982.0,2875.0,958.0,958.0,959.0,989.0,989.0,990.0,961.0,961.0,962.0,1977.0,1977.0,1977.0,958.0,958.0,959.0,989.0,989.0,990.0
0.0,6029.0,2796.0,2965.0,2875.0,2787.0,929.0,929.0,929.0,988.0,988.0,989.0,932.0,932.0,932.0,2009.0,2009.0,2011.0,929.0,929.0,929.0,988.0,988.0,989.0
0.0,6108.0,3085.0,2968.0,2787.0,3094.0,1031.0,1031.0,1032.0,989.0,989.0,990.0,1028.0,1028.0,1029.0,2035.0,2035.0,2038.0,1031.0,1031.0,1032.0,989.0,989.0,990.0
0.0,5810.0,3151.0,2974.0,3094.0,3169.0,1056.0,1056.0,1057.0,991.0,991.0,992.0,1050.0,1050.0,1051.0,1936.0,1936.0,1938.0,1056.0,1056.0,1057.0,991.0,991.0,992.0
0.0,5753.0,3178.0,2980.0,3169.0,3196.0,1065.0,1065.0,1066.0,993.0,993.0,994.0,1059.0,1059.0,1060.0,1917.0,1917.0,1919.0,1065.0,1065.0,1066.0,993.0,993.0,994.0
0.0,5744.0,3024.0,2983.0,3196.0,3033.0,1011.0,1011.0,1011.0,994.0,994.0,995.0,1008.0,1008.0,1008.0,1914.0,1914.0,1916.0,1011.0,1011.0,1011.0,994.0,994.0,995.0
0.0,5916.0,2784.0,2977.0,3033.0,2766.0,922.0,922.0,922.0,992.0,992.0,993.0,928.0,928.0,928.0,1971.0,1971.0,1974.0,922.0,922.0,922.0,992.0,992.0,993.0
0.0,6165.0,2871.0,2974.0,2766.0,2862.0,954.0,954.0,954.0,991.0,991.0,992.0,957.0,957.0,957.0,2054.0,2054.0,2057.0,954.0,954.0,954.0,991.0,991.0,992.0
0.0,6060.0,2869.0,2971.0,2862.0,2860.0,953.0,953.0,954.0,990.0,990.0,991.0,956.0,956.0,957.0,2019.0,2019.0,2022.0,953.0,953.0,954.0,990.0,990.0,991.0
0.0,6053.0,3033.0,2974.0,2860.0,3042.0,1014.0,1014.0,1014.0,991.0,991.0,992.0,1011.0,1011.0,1011.0,2017.0,2017.0,2019.0,1014.0,1014.0,1014.0,991.0,991.0,992.0
0.0,5880.0,3174.0,2983.0,3042.0,3201.0,1067.0,1067.0,1067.0,994.0,994.0,995.0,1058.0,1058.0,1058.0,1959.0,1959.0,1962.0,1067.0,1067.0,1067.0,994.0,994.0,995.0
0.0,5748.0,3142.0,2989.0,3201.0,3160.0,1053.0,1053.0,1054.0,996.0,996.0,997.0,1047.0,1047.0,1048.0,1915.0,1915.0,1918.0,1053.0,1053.0,1054.0,996.0,996.0,997.0
0.0,5807.0,3073.0,2991.0,3160.0,3079.0,1027.0,1027.0,1025.0,997.0,997.0,997.0,1024.0,1024.0,1025.0,1935.0,1935.0,1937.0,1027.0,1027.0,1025.0,997.0,997.0,997.0
0.0,5894.0,2961.0,2991.0,3079.0,2961.0,987.0,987.0,987.0,997.0,997.0,997.0,987.0,987.0,987.0,1964.0,1964.0,1966.0,987.0,987.0,987.0,997.0,997.0,997.0
0.0,6012.0,2914.0,2991.0,2961.0,2914.0,971.0,971.0,972.0,997.0,997.0,997.0,971.0,971.0,972.0,2004.0,2004.0,2004.0,971.0,971.0,972.0,997.0,997.0,997.0
0.0,6059.0,2902.0,2986.0,2914.0,2887.0,961.0,961.0,965.0,995.0,995.0,996.0,967.0,967.0,968.0,2020.0,2020.0,2019.0,961.0,961.0,965.0,995.0,995.0,996.0
0.0,6071.0,3048.0,2988.0,2887.0,3054.0,1019.0,1019.0,1016.0,996.0,996.0,996.0,1016.0,1016.0,1016.0,2024.0,2024.0,2023.0,1019.0,1019.0,1016.0,996.0,996.0,996.0
0.0,5910.0,3057.0,2994.0,3054.0,3075.0,1025.0,1025.0,1025.0,998.0,998.0,998.0,1019.0,1019.0,1019.0,1969.0,1969.0,1972.0,1025.0,1025.0,1025.0,998.0,998.0,998.0
0.0,5907.0,3099.0,2997.0,3075.0,3108.0,1036.0,1036.0,1036.0,999.0,999.0,999.0,1033.0,1033.0,1033.0,1969.0,1969.0,1969.0,1036.0,1036.0,1036.0,999.0,999.0,999.0
0.0,5883.0,3172.0,3001.0,3108.0,3184.0,1060.0,1060.0,1064.0,1000.0,1000.0,1001.0,1057.0,1057.0,1058.0,1961.0,1961.0,1961.0,1060.0,1060.0,1064.0,1000.0,1000.0,1001.0
0.0,5819.0,2932.0,2998.0,3184.0,2923.0,974.0,974.0,975.0,999.0,999.0,1000.0,977.0,977.0,978.0,1940.0,1940.0,1939.0,974.0,974.0,975.0,999.0,999.0,1000.0
0.0,6071.0,2935.0,2995.0,2923.0,2926.0,975.0,975.0,976.0,998.0,998.0,999.0,978.0,978.0,979.0,2023.0,2023.0,2025.0,975.0,975.0,976.0,998.0,998.0,999.0
0.0,6059.0,2929.0,2994.0,2926.0,2926.0,976.0,976.0,974.0,998.0,998.0,998.0,976.0,976.0,977.0,2019.0,2019.0,2021.0,976.0,976.0,974.0,998.0,998.0,998.0
0.0,6056.0,2989.0,2995.0,2926.0,2992.0,996.0,996.0,1000.0,998.0,998.0,999.0,996.0,996.0,997.0,2018.0,2018.0,2020.0,996.0,996.0,1000.0,998.0,998.0,999.0
0.0,5993.0,3129.0,3001.0,2992.0,3147.0,1049.0,1049.0,1049.0,1000.0,1000.0,1001.0,1043.0,1043.0,1043.0,1998.0,1998.0,1997.0,1049.0,1049.0,1049.0,1000.0,1000.0,1001.0
0.0,5856.0,3222.0,3007.0,3147.0,3240.0,1080.0,1080.0,1080.0,1002.0,1002.0,1003.0,1074.0,1074.0,1074.0,1951.0,1951.0,1954.0,1080.0,1080.0,1080.0,1002.0,1002.0,1003.0
0.0,5781.0,3192.0,3012.0,3240.0,3207.0,1070.0,1070.0,1067.0,1004.0,1004.0,1004.0,1064.0,1064.0,1064.0,1926.0,1926.0,1929.0,1070.0,1070.0,1067.0,1004.0,1004.0,1004.0
0.0,5829.0,2919.0,3006.0,3207.0,2901.0,967.0,967.0,967.0,1002.0,1002.0,1002.0,973.0,973.0,973.0,1942.0,1942.0,1945.0,967.0,967.0,967.0,1002.0,1002.0,1002.0
0.0,6117.0,2964.0,3003.0,2901.0,2955.0,985.0,985.0,985.0,1001.0,1001.0,1001.0,988.0,988.0,988.0,2039.0,2039.0,2039.0,985.0,985.0,985.0,1001.0,1001.0,1001.0
0.0,6054.0,2922.0,3000.0,2955.0,2913.0,971.0,971.0,971.0,1000.0,1000.0,1000.0,974.0,974.0,974.0,2018.0,2018.0,2018.0,971.0,971.0,971.0,1000.0,1000.0,1000.0
0.0,6087.0,3082.0,3001.0,2913.0,3085.0,1027.0,1027.0,1031.0,1000.0,1000.0,1001.0,1027.0,1027.0,1028.0,2029.0,2029.0,2029.0,1027.0,1027.0,1031.0,1000.0,1000.0,1001.0
0.0,5918.0,3165.0,3007.0,3085.0,3183.0,1061.0,1061.0,1061.0,1002.0,1002.0,1003.0,1055.0,1055.0,1055.0,1973.0,1973.0,1972.0,1061.0,1061.0,1061.0,1002.0,1002.0,1003.0
0.0,5838.0,3222.0,3015.0,3183.0,3246.0,1083.0,1083.0,1080.0,1005.0,1005.0,1005.0,1074.0,1074.0,1074.0,1945.0,1945.0,1948.0,1083.0,1083.0,1080.0,1005.0,1005.0,1005.0
0.0,5799.0,3073.0,3018.0,3246.0,3082.0,1027.0,1027.0,1028.0,1006.0,1006.0,1006.0,1024.0,1024.0,1025.0,1932.0,1932.0,1935.0,1027.0,1027.0,1028.0,1006.0,1006.0,1006.0
0.0,5972.0,2815.0,3012.0,3082.0,2797.0,932.0,932.0,933.0,1004.0,1004.0,1004.0,938.0,938.0,939.0,1991.0,1991.0,1990.0,932.0,932.0,933.0,1004.0,1004.0,1004.0
0.0,6239.0,2928.0,3007.0,2797.0,2913.0,970.0,970.0,973.0,1002.0,1002.0,1003.0,976.0,976.0,976.0,2080.0,2080.0,2079.0,970.0,970.0,973.0,1002.0,1002.0,1003.0
0.0,6108.0,3001.0,3006.0,2913.0,2998.0,1000.0,1000.0,998.0,1002.0,1002.0,1002.0,1000.0,1000.0,1001.0,2036.0,2036.0,2036.0,1000.0,1000.0,998.0,1002.0,1002.0,1002.0
0.0,6020.0,3004.0,3007.0,2998.0,3007.0,1001.0,1001.0,1005.0,1002.0,1002.0,1003.0,1001.0,1001.0,1002.0,2006.0,2006.0,2008.0,1001.0,1001.0,1005.0,1002.0,1002.0,1003.0
0.0,6014.0,3147.0,3013.0,3007.0,3165.0,1055.0,1055.0,1055.0,1004.0,1004.0,1005.0,1049.0,1049.0,1049.0,2005.0,2005.0,2004.0,1055.0,1055.0,1055.0,1004.0,1004.0,1005.0
0.0,5874.0,3244.0,3021.0,3165.0,3268.0,1090.0,1090.0,1088.0,1007.0,1007.0,1007.0,1081.0,1081.0,1082.0,1957.0,1957.0,1960.0,1090.0,1090.0,1088.0,1007.0,1007.0,1007.0
0.0,5795.0,3108.0,3024.0,3268.0,3117.0,1039.0,1039.0,1039.0,1008.0,1008.0,1008.0,1036.0,1036.0,1036.0,1931.0,1931.0,1933.0,1039.0,1039.0,1039.0,1008.0,1008.0,1008.0
0.0,5955.0,3012.0,3022.0,3117.0,3006.0,1001.0,1001.0,1004.0,1007.0,1007.0,1008.0,1004.0,1004.0,1004.0,1985.0,1985.0,1985.0,1001.0,1001.0,1004.0,1007.0,1007.0,1008.0
0.0,6060.0,2886.0,3018.0,3006.0,2874.0,959.0,959.0,956.0,1006.0,1006.0,1006.0,962.0,962.0,962.0,2020.0,2020.0,2020.0,959.0,959.0,956.0,1006.0,1006.0,1006.0
0.0,6180.0,2920.0,3015.0,2874.0,2911.0,970.0,970.0,971.0,1005.0,1005.0,1005.0,973.0,973.0,974.0,2059.0,2059.0,2062.0,970.0,970.0,971.0,1005.0,1005.0,1005.0
0.0,6134.0,3199.0,3019.0,2911.0,3211.0,1069.0,1069.0,1073.0,1006.0,1006.0,1007.0,1066.0,1066.0,1067.0,2045.0,2045.0,2044.0,1069.0,1069.0,1073.0,1006.0,1006.0,1007.0
0.0,5846.0,3201.0,3027.0,3211.0,3225.0,1076.0,1076.0,1073.0,1009.0,1009.0,1009.0,1067.0,1067.0,1067.0,1949.0,1949.0,1948.0,1076.0,1076.0,1073.0,1009.0,1009.0,1009.0
0.0,5856.0,3127.0,3030.0,3225.0,3136.0,1045.0,1045.0,1046.0,1010.0,1010.0,1010.0,1042.0,1042.0,1043.0,1951.0,1951.0,1954.0,1045.0,1045.0,1046.0,1010.0,1010.0,1010.0
0.0,5954.0,3249.0,3036.0,3136.0,3267.0,1089.0,1089.0,1089.0,1012.0,1012.0,1012.0,1083.0,1083.0,1083.0,1985.0,1985.0,1984.0,1089.0,1089.0,1089.0,1012.0,1012.0,1012.0
0.0,5841.0,2989.0,3034.0,3267.0,2983.0,993.0,993.0,997.0,1011.0,1011.0,1012.0,996.0,996.0,997.0,1947.0,1947.0,1947.0,993.0,993.0,997.0,1011.0,1011.0,1012.0
0.0,6119.0,3037.0,3034.0,2983.0,3037.0,1012.0,1012.0,1013.0,1011.0,1011.0,1012.0,1012.0,1012.0,1013.0,2040.0,2040.0,2039.0,1012.0,1012.0,1013.0,1011.0,1011.0,1012.0
0.0,6065.0,2893.0,3031.0,3037.0,2884.0,961.0,961.0,962.0,1010.0,1010.0,1011.0,964.0,964.0,965.0,2021.0,2021.0,2023.0,961.0,961.0,962.0,1010.0,1010.0,1011.0
0.0,6209.0,3109.0,3034.0,2884.0,3118.0,1039.0,1039.0,1040.0,1011.0,1011.0,1012.0,1036.0,1036.0,1037.0,2069.0,2069.0,2071.0,1039.0,1039.0,1040.0,1011.0,1011.0,1012.0
0.0,5984.0,3258.0,3042.0,3118.0,3282.0,1095.0,1095.0,1092.0,1014.0,1014.0,1014.0,1086.0,1086.0,1086.0,1994.0,1994.0,1996.0,1095.0,1095.0,1092.0,1014.0,1014.0,1014.0
0.0,5844.0,3235.0,3049.0,3282.0,3256.0,1084.0,1084.0,1088.0,1016.0,1016.0,1017.0,1078.0,1078.0,1079.0,1947.0,1947.0,1950.0,1084.0,1084.0,1088.0,1016.0,1016.0,1017.0
0.0,5891.0,3222.0,3052.0,3256.0,3231.0,1077.0,1077.0,1077.0,1017.0,1017.0,1018.0,1074.0,1074.0,1074.0,1964.0,1964.0,1963.0,1077.0,1077.0,1077.0,1017.0,1017.0,1018.0
0.0,5925.0,3000.0,3049.0,3231.0,2991.0,997.0,997.0,997.0,1016.0,1016.0,1017.0,1000.0,1000.0,1000.0,1974.0,1974.0,1977.0,997.0,997.0,997.0,1016.0,1016.0,1017.0
0.0,6156.0,2970.0,3045.0,2991.0,2958.0,987.0,987.0,984.0,1015.0,1015.0,1015.0,990.0,990.0,990.0,2051.0,2051.0,2054.0,987.0,987.0,984.0,1015.0,1015.0,1015.0
0.0,6177.0,2937.0,3043.0,2958.0,2931.0,976.0,976.0,979.0,1014.0,1014.0,1015.0,979.0,979.0,979.0,2058.0,2058.0,2061.0,976.0,976.0,979.0,1014.0,1014.0,1015.0
0.0,6198.0,3163.0,3051.0,2931.0,3187.0,1063.0,1063.0,1061.0,1017.0,1017.0,1017.0,1054.0,1054.0,1055.0,2066.0,2066.0,2066.0,1063.0,1063.0,1061.0,1017.0,1017.0,1017.0
0.0,5966.0,3112.0,3055.0,3187.0,3124.0,1040.0,1040.0,1044.0,1018.0,1018.0,1019.0,1037.0,1037.0,1038.0,1988.0,1988.0,1990.0,1040.0,1040.0,1044.0,1018.0,1018.0,1019.0
0.0,6041.0,3190.0,3061.0,3124.0,3208.0,1069.0,1069.0,1070.0,1020.0,1020.0,1021.0,1063.0,1063.0,1064.0,2014.0,2014.0,2013.0,1069.0,1069.0,1070.0,1020.0,1020.0,1021.0
0.0,5975.0,3030.0,3061.0,3208.0,3030.0,1010.0,1010.0,1010.0,1020.0,1020.0,1021.0,1010.0,1010.0,1010.0,1991.0,1991.0,1993.0,1010.0,1010.0,1010.0,1020.0,1020.0,1021.0
0.0,6153.0,2961.0,3058.0,3030.0,2952.0,984.0,984.0,984.0,1019.0,1019.0,1020.0,987.0,987.0,987.0,2050.0,2050.0,2053.0,984.0,984.0,984.0,1019.0,1019.0,1020.0
0.0,6222.0,2979.0,3054.0,2952.0,2967.0,990.0,990.0,987.0,1018.0,1018.0,1018.0,993.0,993.0,993.0,2073.0,2073.0,2076.0,990.0,990.0,987.0,1018.0,1018.0,1018.0
0.0,6195.0,2994.0,3052.0,2967.0,2988.0,995.0,995.0,998.0,1017.0,1017.0,1018.0,998.0,998.0,998.0,2064.0,2064.0,2067.0,995.0,995.0,998.0,1017.0,1017.0,1018.0
0.0,6168.0,3060.0,3055.0,2988.0,3069.0,1023.0,1023.0,1023.0,1018.0,1018.0,1019.0,1020.0,1020.0,1020.0,2056.0,2056.0,2056.0,1023.0,1023.0,1023.0,1018.0,1018.0,1019.0
0.0,6096.0,3282.0,3061.0,3069.0,3300.0,1100.0,1100.0,1100.0,1020.0,1020.0,1021.0,1094.0,1094.0,1094.0,2031.0,2031.0,2034.0,1100.0,1100.0,1100.0,1020.0,1020.0,1021.0
0.0,5883.0,3157.0,3067.0,3300.0,3175.0,1058.0,1058.0,1059.0,1022.0,1022.0,1023.0,1052.0,1052.0,1053.0,1960.0,1960.0,1963.0,1058.0,1058.0,1059.0,1022.0,1022.0,1023.0
0.0,6026.0,3061.0,3067.0,3175.0,3061.0,1020.0,1020.0,1021.0,1022.0,1022.0,1023.0,1020.0,1020.0,1021.0,2008.0,2008.0,2010.0,1020.0,1020.0,1021.0,1022.0,1022.0,1023.0
0.0,6140.0,3082.0,3067.0,3061.0,3082.0,1027.0,1027.0,1028.0,1022.0,1022.0,1023.0,1027.0,1027.0,1028.0,2046.0,2046.0,2048.0,1027.0,1027.0,1028.0,1022.0,1022.0,1023.0
0.0,6119.0,3070.0,3067.0,3082.0,3070.0,1023.0,1023.0,1024.0,1022.0,1022.0,1023.0,1023.0,1023.0,1024.0,2039.0,2039.0,2041.0,1023.0,1023.0,1024.0,1022.0,1022.0,1023.0
0.0,6131.0,3078.0,3066.0,3070.0,3075.0,1026.0,1026.0,1023.0,1022.0,1022.0,1022.0,1026.0,1026.0,1026.0,2043.0,2043.0,2045.0,1026.0,1026.0,1023.0,1022.0,1022.0,1022.0
0.0,6123.0,3195.0,3070.0,3075.0,3207.0,1068.0,1068.0,1071.0,1023.0,1023.0,1024.0,1065.0,1065.0,1065.0,2040.0,2040.0,2043.0,1068.0,1068.0,1071.0,1023.0,1023.0,1024.0
0.0,6003.0,3198.0,3075.0,3207.0,3213.0,1072.0,1072.0,1069.0,1025.0,1025.0,1025.0,1066.0,1066.0,1066.0,2001.0,2001.0,2001.0,1072.0,1072.0,1069.0,1025.0,1025.0,1025.0
0.0,6012.0,3301.0,3082.0,3213.0,3322.0,1106.0,1106.0,1110.0,1027.0,1027.0,1028.0,1100.0,1100.0,1101.0,2003.0,2003.0,2006.0,1106.0,1106.0,1110.0,1027.0,1027.0,1028.0
0.0,5924.0,3165.0,3085.0,3322.0,3174.0,1058.0,1058.0,1058.0,1028.0,1028.0,1029.0,1055.0,1055.0,1055.0,1975.0,1975.0,1974.0,1058.0,1058.0,1058.0,1028.0,1028.0,1029.0
0.0,6081.0,3025.0,3084.0,3174.0,3022.0,1008.0,1008.0,1006.0,1028.0,1028.0,1028.0,1008.0,1008.0,1009.0,2026.0,2026.0,2029.0,1008.0,1008.0,1006.0,1028.0,1028.0,1028.0
0.0,6230.0,3033.0,3081.0,3022.0,3024.0,1008.0,1008.0,1008.0,1027.0,1027.0,1027.0,1011.0,1011.0,1011.0,2076.0,2076.0,2078.0,1008.0,1008.0,1008.0,1027.0,1027.0,1027.0
0.0,6219.0,3028.0,3078.0,3024.0,3019.0,1006.0,1006.0,1007.0,1026.0,1026.0,1026.0,1009.0,1009.0,1010.0,2073.0,2073.0,2073.0,1006.0,1006.0,1007.0,1026.0,1026.0,1026.0
0.0,6215.0,3148.0,3081.0,3019.0,3157.0,1052.0,1052.0,1053.0,1027.0,1027.0,1027.0,1049.0,1049.0,1050.0,2072.0,2072.0,2071.0,1052.0,1052.0,1053.0,1027.0,1027.0,1027.0
0.0,6086.0,3279.0,3087.0,3157.0,3297.0,1099.0,1099.0,1099.0,1029.0,1029.0,1029.0,1093.0,1093.0,1093.0,2029.0,2029.0,2028.0,1099.0,1099.0,1099.0,1029.0,1029.0,1029.0
0.0,5964.0,3145.0,3091.0,3297.0,3157.0,1051.0,1051.0,1055.0,1030.0,1030.0,1031.0,1048.0,1048.0,1049.0,1988.0,1988.0,1988.0,1051.0,1051.0,1055.0,1030.0,1030.0,1031.0
0.0,6116.0,3151.0,3093.0,3157.0,3157.0,1053.0,1053.0,1051.0,1031.0,1031.0,1031.0,1050.0,1050.0,1051.0,2039.0,2039.0,2038.0,1053.0,1053.0,1051.0,1031.0,1031.0,1031.0
0.0,6122.0,3049.0,3091.0,3157.0,3043.0,1013.0,1013.0,1017.0,1030.0,1030.0,1031.0,1016.0,1016.0,1017.0,2040.0,2040.0,2042.0,1013.0,1013.0,1017.0,1030.0,1030.0,1031.0
0.0,6230.0,3040.0,3087.0,3043.0,3028.0,1010.0,1010.0,1008.0,1029.0,1029.0,1029.0,1013.0,1013.0,1014.0,2077.0,2077.0,2076.0,1010.0,1010.0,1008.0,1029.0,1029.0,1029.0
0.0,6233.0,3024.0,3087.0,3028.0,3024.0,1008.0,1008.0,1008.0,1029.0,1029.0,1029.0,1008.0,1008.0,1008.0,2077.0,2077.0,2079.0,1008.0,1008.0,1008.0,1029.0,1029.0,1029.0
0.0,6237.0,3096.0,3091.0,3024.0,3108.0,1035.0,1035.0,1038.0,1030.0,1030.0,1031.0,1032.0,1032.0,1032.0,2079.0,2079.0,2079.0,1035.0,1035.0,1038.0,1030.0,1030.0,1031.0
0.0,6165.0,3222.0,3097.0,3108.0,3240.0,1080.0,1080.0,1080.0,1032.0,1032.0,1033.0,1074.0,1074.0,1074.0,2055.0,2055.0,2055.0,1080.0,1080.0,1080.0,1032.0,1032.0,1033.0
0.0,6051.0,3190.0,3102.0,3240.0,3205.0,1069.0,1069.0,1067.0,1034.0,1034.0,1034.0,1063.0,1063.0,1064.0,2016.0,2016.0,2019.0,1069.0,1069.0,1067.0,1034.0,1034.0,1034.0
0.0,6101.0,3180.0,3105.0,3205.0,3189.0,1063.0,1063.0,1063.0,1035.0,1035.0,1035.0,1060.0,1060.0,1060.0,2033.0,2033.0,2035.0,1063.0,1063.0,1063.0,1035.0,1035.0,1035.0
0.0,6126.0,2994.0,3102.0,3189.0,2985.0,995.0,995.0,995.0,1034.0,1034.0,1034.0,998.0,998.0,998.0,2042.0,2042.0,2042.0,995.0,995.0,995.0,1034.0,1034.0,1034.0
0.0,6321.0,3060.0,3097.0,2985.0,3045.0,1014.0,1014.0,1017.0,1032.0,1032.0,1033.0,1020.0,1020.0,1020.0,2107.0,2107.0,2107.0,1014.0,1014.0,1017.0,1032.0,1032.0,1033.0
0.0,6246.0,3115.0,3099.0,3045.0,3121.0,1041.0,1041.0,1039.0,1033.0,1033.0,1033.0,1038.0,1038.0,1039.0,2082.0,2082.0,2082.0,1041.0,1041.0,1039.0,1033.0,1033.0,1033.0
0.0,6176.0,3060.0,3099.0,3121.0,3060.0,1020.0,1020.0,1020.0,1033.0,1033.0,1033.0,1020.0,1020.0,1020.0,2058.0,2058.0,2060.0,1020.0,1020.0,1020.0,1033.0,1033.0,1033.0
0.0,6237.0,3316.0,3108.0,3060.0,3343.0,1114.0,1114.0,1115.0,1036.0,1036.0,1036.0,1105.0,1105.0,1106.0,2079.0,2079.0,2079.0,1114.0,1114.0,1115.0,1036.0,1036.0,1036.0
0.0,5981.0,3315.0,3115.0,3343.0,3336.0,1111.0,1111.0,1114.0,1038.0,1038.0,1039.0,1105.0,1105.0,1105.0,1994.0,1994.0,1993.0,1111.0,1111.0,1114.0,1038.0,1038.0,1039.0
0.0,6009.0,3054.0,3112.0,3336.0,3045.0,1015.0,1015.0,1015.0,1037.0,1037.0,1038.0,1018.0,1018.0,1018.0,2003.0,2003.0,2003.0,1015.0,1015.0,1015.0,1037.0,1037.0,1038.0
0.0,6291.0,3114.0,3111.0,3045.0,3111.0,1038.0,1038.0,1035.0,1037.0,1037.0,1037.0,1038.0,1038.0,1038.0,2096.0,2096.0,2099.0,1038.0,1038.0,1035.0,1037.0,1037.0,1037.0
0.0,6222.0,3205.0,3112.0,3111.0,3208.0,1068.0,1068.0,1072.0,1037.0,1037.0,1038.0,1068.0,1068.0,1069.0,2073.0,2073.0,2076.0,1068.0,1068.0,1072.0,1037.0,1037.0,1038.0
0.0,6128.0,3039.0,3108.0,3208.0,3027.0,1010.0,1010.0,1007.0,1036.0,1036.0,1036.0,1013.0,1013.0,1013.0,2043.0,2043.0,2042.0,1010.0,1010.0,1007.0,1036.0,1036.0,1036.0
0.0,6297.0,3220.0,3112.0,3027.0,3232.0,1076.0,1076.0,1080.0,1037.0,1037.0,1038.0,1073.0,1073.0,1074.0,2098.0,2098.0,2101.0,1076.0,1076.0,1080.0,1037.0,1037.0,1038.0
0.0,6104.0,3265.0,3117.0,3232.0,3280.0,1094.0,1094.0,1092.0,1039.0,1039.0,1039.0,1088.0,1088.0,1089.0,2035.0,2035.0,2034.0,1094.0,1094.0,1092.0,1039.0,1039.0,1039.0
0.0,6071.0,3327.0,3126.0,3280.0,3354.0,1118.0,1118.0,1118.0,1042.0,1042.0,1042.0,1109.0,1109.0,1109.0,2023.0,2023.0,2025.0,1118.0,1118.0,1118.0,1042.0,1042.0,1042.0
0.0,6024.0,3118.0,3126.0,3354.0,3118.0,1039.0,1039.0,1040.0,1042.0,1042.0,1042.0,1039.0,1039.0,1040.0,2008.0,2008.0,2008.0,1039.0,1039.0,1040.0,1042.0,1042.0,1042.0
0.0,6260.0,3217.0,3124.0,3118.0,3211.0,1069.0,1069.0,1073.0,1041.0,1041.0,1042.0,1072.0,1072.0,1073.0,2087.0,2087.0,2086.0,1069.0,1069.0,1073.0,1041.0,1041.0,1042.0
0.0,6161.0,2967.0,3120.0,3211.0,2955.0,986.0,986.0,983.0,1040.0,1040.0,1040.0,989.0,989.0,989.0,2054.0,2054.0,2053.0,986.0,986.0,983.0,1040.0,1040.0,1040.0
0.0,6405.0,3076.0,3117.0,2955.0,3067.0,1022.0,1022.0,1023.0,1039.0,1039.0,1039.0,1025.0,1025.0,1026.0,2134.0,2134.0,2137.0,1022.0,1022.0,1023.0,1039.0,1039.0,1039.0
0.0,6284.0,3132.0,3120.0,3067.0,3141.0,1047.0,1047.0,1047.0,1040.0,1040.0,1040.0,1044.0,1044.0,1044.0,2095.0,2095.0,2094.0,1047.0,1047.0,1047.0,1040.0,1040.0,1040.0
0.0,6219.0,3193.0,3123.0,3141.0,3202.0,1067.0,1067.0,1068.0,1041.0,1041.0,1041.0,1064.0,1064.0,1065.0,2073.0,2073.0,2073.0,1067.0,1067.0,1068.0,1041.0,1041.0,1041.0
0.0,6167.0,3318.0,3130.0,3202.0,3339.0,1112.0,1112.0,1115.0,1043.0,1043.0,1044.0,1106.0,1106.0,1106.0,2056.0,2056.0,2055.0,1112.0,1112.0,1115.0,1043.0,1043.0,1044.0
0.0,6051.0,3205.0,3132.0,3339.0,3211.0,1071.0,1071.0,1069.0,1044.0,1044.0,1044.0,1068.0,1068.0,1069.0,2017.0,2017.0,2017.0,1071.0,1071.0,1069.0,1044.0,1044.0,1044.0
0.0,6185.0,2952.0,3129.0,3211.0,2943.0,981.0,981.0,981.0,1043.0,1043.0,1043.0,984.0,984.0,984.0,2061.0,2061.0,2063.0,981.0,981.0,981.0,1043.0,1043.0,1043.0
0.0,6444.0,2904.0,3123.0,2943.0,2886.0,962.0,962.0,962.0,1041.0,1041.0,1041.0,968.0,968.0,968.0,2148.0,2148.0,2148.0,962.0,962.0,962.0,1041.0,1041.0,1041.0
0.0,6483.0,2992.0,3123.0,2886.0,2992.0,997.0,997.0,998.0,1041.0,1041.0,1041.0,997.0,997.0,998.0,2161.0,2161.0,2161.0,997.0,997.0,998.0,1041.0,1041.0,1041.0
0.0,6377.0,3075.0,3124.0,2992.0,3078.0,1025.0,1025.0,1028.0,1041.0,1041.0,1042.0,1025.0,1025.0,1025.0,2126.0,2126.0,2125.0,1025.0,1025.0,1028.0,1041.0,1041.0,1042.0
0.0,6294.0,3319.0,3130.0,3078.0,3337.0,1112.0,1112.0,1113.0,1043.0,1043.0,1044.0,1106.0,1106.0,1107.0,2098.0,2098.0,2098.0,1112.0,1112.0,1113.0,1043.0,1043.0,1044.0
0.0,6053.0,3190.0,3135.0,3337.0,3205.0,1069.0,1069.0,1067.0,1045.0,1045.0,1045.0,1063.0,1063.0,1064.0,2017.0,2017.0,2019.0,1069.0,1069.0,1067.0,1045.0,1045.0,1045.0
0.0,6200.0,3061.0,3135.0,3205.0,3061.0,1020.0,1020.0,1021.0,1045.0,1045.0,1045.0,1020.0,1020.0,1021.0,2066.0,2066.0,2068.0,1020.0,1020.0,1021.0,1045.0,1045.0,1045.0
0.0,6344.0,3096.0,3132.0,3061.0,3087.0,1029.0,1029.0,1029.0,1044.0,1044.0,1044.0,1032.0,1032.0,1032.0,2115.0,2115.0,2114.0,1029.0,1029.0,1029.0,1044.0,1044.0,1044.0
0.0,6309.0,3027.0,3129.0,3087.0,3018.0,1006.0,1006.0,1006.0,1043.0,1043.0,1043.0,1009.0,1009.0,1009.0,2103.0,2103.0,2103.0,1006.0,1006.0,1006.0,1043.0,1043.0,1043.0
0.0,6369.0,3057.0,3129.0,3018.0,3057.0,1019.0,1019.0,1019.0,1043.0,1043.0,1043.0,1019.0,1019.0,1019.0,2123.0,2123.0,2123.0,1019.0,1019.0,1019.0,1043.0,1043.0,1043.0
0.0,6330.0,3172.0,3130.0,3057.0,3175.0,1057.0,1057.0,1061.0,1043.0,1043.0,1044.0,1057.0,1057.0,1058.0,2110.0,2110.0,2110.0,1057.0,1057.0,1061.0,1043.0,1043.0,1044.0
0.0,6215.0,3246.0,3133.0,3175.0,3255.0,1085.0,1085.0,1085.0,1044.0,1044.0,1045.0,1082.0,1082.0,1082.0,2072.0,2072.0,2071.0,1085.0,1085.0,1085.0,1044.0,1044.0,1045.0
0.0,6144.0,3396.0,3139.0,3255.0,3414.0,1138.0,1138.0,1138.0,1046.0,1046.0,1047.0,1132.0,1132.0,1132.0,2047.0,2047.0,2050.0,1138.0,1138.0,1138.0,1046.0,1046.0,1047.0
0.0,6003.0,3129.0,3138.0,3414.0,3126.0,1043.0,1043.0,1040.0,1046.0,1046.0,1046.0,1043.0,1043.0,1043.0,2000.0,2000.0,2003.0,1043.0,1043.0,1040.0,1046.0,1046.0,1046.0
0.0,6288.0,3000.0,3135.0,3126.0,2991.0,997.0,997.0,997.0,1045.0,1045.0,1045.0,1000.0,1000.0,1000.0,2095.0,2095.0,2098.0,997.0,997.0,997.0,1045.0,1045.0,1045.0
0.0,6414.0,2991.0,3129.0,2991.0,2973.0,991.0,991.0,991.0,1043.0,1043.0,1043.0,997.0,997.0,997.0,2138.0,2138.0,2138.0,991.0,991.0,991.0,1043.0,1043.0,1043.0
0.0,6414.0,3093.0,3127.0,2973.0,3087.0,1028.0,1028.0,1031.0,1042.0,1042.0,1043.0,1031.0,1031.0,1031.0,2138.0,2138.0,2138.0,1028.0,1028.0,1031.0,1042.0,1042.0,1043.0
0.0,6294.0,3226.0,3132.0,3087.0,3241.0,1081.0,1081.0,1079.0,1044.0,1044.0,1044.0,1075.0,1075.0,1076.0,2098.0,2098.0,2098.0,1081.0,1081.0,1079.0,1044.0,1044.0,1044.0
0.0,6155.0,3111.0,3133.0,3241.0,3114.0,1037.0,1037.0,1040.0,1044.0,1044.0,1045.0,1037.0,1037.0,1037.0,2051.0,2051.0,2053.0,1037.0,1037.0,1040.0,1044.0,1044.0,1045.0
0.0,6285.0,3262.0,3138.0,3114.0,3277.0,1093.0,1093.0,1091.0,1046.0,1046.0,1046.0,1087.0,1087.0,1088.0,2095.0,2095.0,2095.0,1093.0,1093.0,1091.0,1046.0,1046.0,1046.0
0.0,6137.0,3157.0,3138.0,3277.0,3157.0,1052.0,1052.0,1053.0,1046.0,1046.0,1046.0,1052.0,1052.0,1053.0,2045.0,2045.0,2047.0,1052.0,1052.0,1053.0,1046.0,1046.0,1046.0
0.0,6257.0,3148.0,3135.0,3157.0,3139.0,1046.0,1046.0,1047.0,1045.0,1045.0,1045.0,1049.0,1049.0,1050.0,2086.0,2086.0,2085.0,1046.0,1046.0,1047.0,1045.0,1045.0,1045.0
0.0,6266.0,3039.0,3133.0,3139.0,3033.0,1010.0,1010.0,1013.0,1044.0,1044.0,1045.0,1013.0,1013.0,1013.0,2089.0,2089.0,2088.0,1010.0,1010.0,1013.0,1044.0,1044.0,1045.0
0.0,6366.0,3181.0,3133.0,3033.0,3181.0,1060.0,1060.0,1061.0,1044.0,1044.0,1045.0,1060.0,1060.0,1061.0,2122.0,2122.0,2122.0,1060.0,1060.0,1061.0,1044.0,1044.0,1045.0
0.0,6218.0,3192.0,3136.0,3181.0,3201.0,1067.0,1067.0,1067.0,1045.0,1045.0,1046.0,1064.0,1064.0,1064.0,2072.0,2072.0,2074.0,1067.0,1067.0,1067.0,1045.0,1045.0,1046.0
0.0,6207.0,3376.0,3142.0,3201.0,3394.0,1131.0,1131.0,1132.0,1047.0,1047.0,1048.0,1125.0,1125.0,1126.0,2068.0,2068.0,2071.0,1131.0,1131.0,1132.0,1047.0,1047.0,1048.0
0.0,6032.0,3354.0,3150.0,3394.0,3378.0,1127.0,1127.0,1124.0,1050.0,1050.0,1050.0,1118.0,1118.0,1118.0,2010.0,2010.0,2012.0,1127.0,1127.0,1124.0,1050.0,1050.0,1050.0
0.0,6072.0,3223.0,3151.0,3378.0,3226.0,1074.0,1074.0,1078.0,1050.0,1050.0,1051.0,1074.0,1074.0,1075.0,2023.0,2023.0,2026.0,1074.0,1074.0,1078.0,1050.0,1050.0,1051.0
0.0,6227.0,3156.0,3150.0,3226.0,3153.0,1052.0,1052.0,1049.0,1050.0,1050.0,1050.0,1052.0,1052.0,1052.0,2076.0,2076.0,2075.0,1052.0,1052.0,1049.0,1050.0,1050.0,1050.0
0.0,6297.0,2949.0,3145.0,3153.0,2934.0,977.0,977.0,980.0,1048.0,1048.0,1049.0,983.0,983.0,983.0,2098.0,2098.0,2101.0,977.0,977.0,980.0,1048.0,1048.0,1049.0
0.0,6501.0,3024.0,3142.0,2934.0,3015.0,1005.0,1005.0,1005.0,1047.0,1047.0,1048.0,1008.0,1008.0,1008.0,2167.0,2167.0,2167.0,1005.0,1005.0,1005.0,1047.0,1047.0,1048.0
0.0,6411.0,3225.0,3147.0,3015.0,3240.0,1081.0,1081.0,1078.0,1049.0,1049.0,1049.0,1075.0,1075.0,1075.0,2136.0,2136.0,2139.0,1081.0,1081.0,1078.0,1049.0,1049.0,1049.0
0.0,6201.0,3213.0,3150.0,3240.0,3222.0,1074.0,1074.0,1074.0,1050.0,1050.0,1050.0,1071.0,1071.0,1071.0,2066.0,2066.0,2069.0,1074.0,1074.0,1074.0,1050.0,1050.0,1050.0
0.0,6228.0,3219.0,3151.0,3222.0,3222.0,1073.0,1073.0,1076.0,1050.0,1050.0,1051.0,1073.0,1073.0,1073.0,2076.0,2076.0,2076.0,1073.0,1073.0,1076.0,1050.0,1050.0,1051.0
0.0,6231.0,3220.0,3156.0,3222.0,3235.0,1079.0,1079.0,1077.0,1052.0,1052.0,1052.0,1073.0,1073.0,1074.0,2077.0,2077.0,2077.0,1079.0,1079.0,1077.0,1052.0,1052.0,1052.0
0.0,6233.0,3103.0,3151.0,3235.0,3088.0,1028.0,1028.0,1032.0,1050.0,1050.0,1051.0,1034.0,1034.0,1035.0,2077.0,2077.0,2079.0,1028.0,1028.0,1032.0,1050.0,1050.0,1051.0
0.0,6365.0,3160.0,3148.0,3088.0,3151.0,1050.0,1050.0,1051.0,1049.0,1049.0,1050.0,1053.0,1053.0,1054.0,2122.0,2122.0,2121.0,1050.0,1050.0,1051.0,1049.0,1049.0,1050.0
0.0,6293.0,3141.0,3150.0,3151.0,3147.0,1050.0,1050.0,1047.0,1050.0,1050.0,1050.0,1047.0,1047.0,1047.0,2097.0,2097.0,2099.0,1050.0,1050.0,1047.0,1050.0,1050.0,1050.0
0.0,6303.0,3276.0,3153.0,3147.0,3285.0,1095.0,1095.0,1095.0,1051.0,1051.0,1051.0,1092.0,1092.0,1092.0,2100.0,2100.0,2103.0,1095.0,1095.0,1095.0,1051.0,1051.0,1051.0
0.0,6174.0,3394.0,3156.0,3285.0,3403.0,1134.0,1134.0,1135.0,1052.0,1052.0,1052.0,1131.0,1131.0,1132.0,2058.0,2058.0,2058.0,1134.0,1134.0,1135.0,1052.0,1052.0,1052.0
0.0,6065.0,3388.0,3163.0,3403.0,3409.0,1135.0,1135.0,1139.0,1054.0,1054.0,1055.0,1129.0,1129.0,1130.0,2022.0,2022.0,2021.0,1135.0,1135.0,1139.0,1054.0,1054.0,1055.0
0.0,6080.0,3223.0,3163.0,3409.0,3223.0,1074.0,1074.0,1075.0,1054.0,1054.0,1055.0,1074.0,1074.0,1075.0,2027.0,2027.0,2026.0,1074.0,1074.0,1075.0,1054.0,1054.0,1055.0
0.0,6266.0,3249.0,3163.0,3223.0,3249.0,1083.0,1083.0,1083.0,1054.0,1054.0,1055.0,1083.0,1083.0,1083.0,2088.0,2088.0,2090.0,1083.0,1083.0,1083.0,1054.0,1054.0,1055.0
0.0,6240.0,3112.0,3159.0,3249.0,3100.0,1034.0,1034.0,1032.0,1053.0,1053.0,1053.0,1037.0,1037.0,1038.0,2079.0,2079.0,2082.0,1034.0,1034.0,1032.0,1053.0,1053.0,1053.0
0.0,6377.0,3166.0,3159.0,3100.0,3166.0,1055.0,1055.0,1056.0,1053.0,1053.0,1053.0,1055.0,1055.0,1056.0,2125.0,2125.0,2127.0,1055.0,1055.0,1056.0,1053.0,1053.0,1053.0
0.0,6311.0,3319.0,3162.0,3166.0,3328.0,1109.0,1109.0,1110.0,1054.0,1054.0,1054.0,1106.0,1106.0,1107.0,2104.0,2104.0,2103.0,1109.0,1109.0,1110.0,1054.0,1054.0,1054.0
0.0,6158.0,3297.0,3168.0,3328.0,3315.0,1105.0,1105.0,1105.0,1056.0,1056.0,1056.0,1099.0,1099.0,1099.0,2053.0,2053.0,2052.0,1105.0,1105.0,1105.0,1056.0,1056.0,1056.0
0.0,6189.0,3313.0,3172.0,3315.0,3325.0,1107.0,1107.0,1111.0,1057.0,1057.0,1058.0,1104.0,1104.0,1105.0,2063.0,2063.0,2063.0,1107.0,1107.0,1111.0,1057.0,1057.0,1058.0
0.0,6191.0,3249.0,3175.0,3325.0,3258.0,1086.0,1086.0,1086.0,1058.0,1058.0,1059.0,1083.0,1083.0,1083.0,2064.0,2064.0,2063.0,1086.0,1086.0,1086.0,1058.0,1058.0,1059.0
0.0,6267.0,3222.0,3175.0,3258.0,3222.0,1074.0,1074.0,1074.0,1058.0,1058.0,1059.0,1074.0,1074.0,1074.0,2088.0,2088.0,2091.0,1074.0,1074.0,1074.0,1058.0,1058.0,1059.0
0.0,6303.0,3103.0,3171.0,3222.0,3091.0,1031.0,1031.0,1029.0,1057.0,1057.0,1057.0,1034.0,1034.0,1035.0,2100.0,2100.0,2103.0,1031.0,1031.0,1029.0,1057.0,1057.0,1057.0
0.0,6422.0,3127.0,3169.0,3091.0,3121.0,1039.0,1039.0,1043.0,1056.0,1056.0,1057.0,1042.0,1042.0,1043.0,2140.0,2140.0,2142.0,1039.0,1039.0,1043.0,1056.0,1056.0,1057.0
0.0,6386.0,3313.0,3177.0,3121.0,3337.0,1113.0,1113.0,1111.0,1059.0,1059.0,1059.0,1104.0,1104.0,1105.0,2129.0,2129.0,2128.0,1113.0,1113.0,1111.0,1059.0,1059.0,1059.0
0.0,6194.0,3297.0,3184.0,3337.0,3318.0,1105.0,1105.0,1108.0,1061.0,1061.0,1062.0,1099.0,1099.0,1099.0,2064.0,2064.0,2066.0,1105.0,1105.0,1108.0,1061.0,1061.0,1062.0
0.0,6234.0,3379.0,3192.0,3318.0,3403.0,1135.0,1135.0,1133.0,1064.0,1064.0,1064.0,1126.0,1126.0,1127.0,2078.0,2078.0,2078.0,1135.0,1135.0,1133.0,1064.0,1064.0,1064.0
0.0,6173.0,3180.0,3193.0,3403.0,3183.0,1060.0,1060.0,1063.0,1064.0,1064.0,1065.0,1060.0,1060.0,1060.0,2057.0,2057.0,2059.0,1060.0,1060.0,1063.0,1064.0,1064.0,1065.0
0.0,6396.0,3259.0,3192.0,3183.0,3256.0,1086.0,1086.0,1084.0,1064.0,1064.0,1064.0,1086.0,1086.0,1087.0,2132.0,2132.0,2132.0,1086.0,1086.0,1084.0,1064.0,1064.0,1064.0
0.0,6320.0,3061.0,3190.0,3256.0,3055.0,1017.0,1017.0,1021.0,1063.0,1063.0,1064.0,1020.0,1020.0,1021.0,2106.0,2106.0,2108.0,1017.0,1017.0,1021.0,1063.0,1063.0,1064.0
0.0,6515.0,3186.0,3192.0,3055.0,3192.0,1065.0,1065.0,1062.0,1064.0,1064.0,1064.0,1062.0,1062.0,1062.0,2172.0,2172.0,2171.0,1065.0,1065.0,1062.0,1064.0,1064.0,1064.0
0.0,6384.0,3234.0,3195.0,3192.0,3243.0,1081.0,1081.0,1081.0,1065.0,1065.0,1065.0,1078.0,1078.0,1078.0,2127.0,2127.0,2130.0,1081.0,1081.0,1081.0,1065.0,1065.0,1065.0
0.0,6342.0,3324.0,3201.0,3243.0,3342.0,1114.0,1114.0,1114.0,1067.0,1067.0,1067.0,1108.0,1108.0,1108.0,2114.0,2114.0,2114.0,1114.0,1114.0,1114.0,1067.0,1067.0,1067.0
0.0,6261.0,3388.0,3207.0,3342.0,3406.0,1135.0,1135.0,1136.0,1069.0,1069.0,1069.0,1129.0,1129.0,1130.0,2087.0,2087.0,2087.0,1135.0,1135.0,1136.0,1069.0,1069.0,1069.0
0.0,6215.0,3412.0,3211.0,3406.0,3424.0,1140.0,1140.0,1144.0,1070.0,1070.0,1071.0,1137.0,1137.0,1138.0,2072.0,2072.0,2071.0,1140.0,1140.0,1144.0,1070.0,1070.0,1071.0
0.0,6209.0,2973.0,3207.0,3424.0,2961.0,988.0,988.0,985.0,1069.0,1069.0,1069.0,991.0,991.0,991.0,2070.0,2070.0,2069.0,988.0,988.0,985.0,1069.0,1069.0,1069.0
0.0,6660.0,3117.0,3201.0,2961.0,3099.0,1033.0,1033.0,1033.0,1067.0,1067.0,1067.0,1039.0,1039.0,1039.0,2219.0,2219.0,2222.0,1033.0,1033.0,1033.0,1067.0,1067.0,1067.0
0.0,6504.0,3241.0,3204.0,3099.0,3250.0,1083.0,1083.0,1084.0,1068.0,1068.0,1068.0,1080.0,1080.0,1081.0,2168.0,2168.0,2168.0,1083.0,1083.0,1084.0,1068.0,1068.0,1068.0
0.0,6362.0,3213.0,3207.0,3250.0,3222.0,1074.0,1074.0,1074.0,1069.0,1069.0,1069.0,1071.0,1071.0,1071.0,2121.0,2121.0,2120.0,1074.0,1074.0,1074.0,1069.0,1069.0,1069.0
0.0,6399.0,3387.0,3214.0,3222.0,3408.0,1135.0,1135.0,1138.0,1071.0,1071.0,1072.0,1129.0,1129.0,1129.0,2133.0,2133.0,2133.0,1135.0,1135.0,1138.0,1071.0,1071.0,1072.0
0.0,6234.0,3243.0,3217.0,3408.0,3252.0,1084.0,1084.0,1084.0,1072.0,1072.0,1073.0,1081.0,1081.0,1081.0,2078.0,2078.0,2078.0,1084.0,1084.0,1084.0,1072.0,1072.0,1073.0
0.0,6399.0,3276.0,3219.0,3252.0,3282.0,1095.0,1095.0,1092.0,1073.0,1073.0,1073.0,1092.0,1092.0,1092.0,2132.0,2132.0,2135.0,1095.0,1095.0,1092.0,1073.0,1073.0,1073.0
0.0,6375.0,3096.0,3219.0,3282.0,3096.0,1032.0,1032.0,1032.0,1073.0,1073.0,1073.0,1032.0,1032.0,1032.0,2124.0,2124.0,2127.0,1032.0,1032.0,1032.0,1073.0,1073.0,1073.0
0.0,6561.0,3124.0,3216.0,3096.0,3115.0,1038.0,1038.0,1039.0,1072.0,1072.0,1072.0,1041.0,1041.0,1042.0,2187.0,2187.0,2187.0,1038.0,1038.0,1039.0,1072.0,1072.0,1072.0
0.0,6533.0,3151.0,3216.0,3115.0,3151.0,1050.0,1050.0,1051.0,1072.0,1072.0,1072.0,1050.0,1050.0,1051.0,2178.0,2178.0,2177.0,1050.0,1050.0,1051.0,1072.0,1072.0,1072.0
0.0,6497.0,3255.0,3217.0,3151.0,3258.0,1085.0,1085.0,1088.0,1072.0,1072.0,1073.0,1085.0,1085.0,1085.0,2166.0,2166.0,2165.0,1085.0,1085.0,1088.0,1072.0,1072.0,1073.0
0.0,6393.0,3390.0,3225.0,3258.0,3414.0,1139.0,1139.0,1136.0,1075.0,1075.0,1075.0,1130.0,1130.0,1130.0,2131.0,2131.0,2131.0,1139.0,1139.0,1136.0,1075.0,1075.0,1075.0
0.0,6261.0,3381.0,3228.0,3414.0,3390.0,1130.0,1130.0,1130.0,1076.0,1076.0,1076.0,1127.0,1127.0,1127.0,2086.0,2086.0,2089.0,1130.0,1130.0,1130.0,1076.0,1076.0,1076.0
0.0,6294.0,3333.0,3231.0,3390.0,3342.0,1114.0,1114.0,1114.0,1077.0,1077.0,1077.0,1111.0,1111.0,1111.0,2098.0,2098.0,2098.0,1114.0,1114.0,1114.0,1077.0,1077.0,1077.0
0.0,6351.0,3165.0,3228.0,3342.0,3156.0,1052.0,1052.0,1052.0,1076.0,1076.0,1076.0,1055.0,1055.0,1055.0,2117.0,2117.0,2117.0,1052.0,1052.0,1052.0,1076.0,1076.0,1076.0
0.0,6528.0,3045.0,3222.0,3156.0,3027.0,1009.0,1009.0,1009.0,1074.0,1074.0,1074.0,1015.0,1015.0,1015.0,2176.0,2176.0,2176.0,1009.0,1009.0,1009.0,1074.0,1074.0,1074.0
0.0,6639.0,3253.0,3222.0,3027.0,3253.0,1084.0,1084.0,1085.0,1074.0,1074.0,1074.0,1084.0,1084.0,1085.0,2213.0,2213.0,2213.0,1084.0,1084.0,1085.0,1074.0,1074.0,1074.0
0.0,6413.0,3142.0,3222.0,3253.0,3142.0,1047.0,1047.0,1048.0,1074.0,1074.0,1074.0,1047.0,1047.0,1048.0,2138.0,2138.0,2137.0,1047.0,1047.0,1048.0,1074.0,1074.0,1074.0
0.0,6524.0,3337.0,3229.0,3142.0,3358.0,1118.0,1118.0,1122.0,1076.0,1076.0,1077.0,1112.0,1112.0,1113.0,2175.0,2175.0,2174.0,1118.0,1118.0,1122.0,1076.0,1076.0,1077.0
0.0,6329.0,3505.0,3238.0,3358.0,3532.0,1177.0,1177.0,1178.0,1079.0,1079.0,1080.0,1168.0,1168.0,1169.0,2110.0,2110.0,2109.0,1177.0,1177.0,1178.0,1079.0,1079.0,1080.0
0.0,6182.0,3318.0,3240.0,3532.0,3324.0,1109.0,1109.0,1106.0,1080.0,1080.0,1080.0,1106.0,1106.0,1106.0,2060.0,2060.0,2062.0,1109.0,1109.0,1106.0,1080.0,1080.0,1080.0
0.0,6396.0,3091.0,3238.0,3324.0,3085.0,1027.0,1027.0,1031.0,1079.0,1079.0,1080.0,1030.0,1030.0,1031.0,2131.0,2131.0,2134.0,1027.0,1027.0,1031.0,1079.0,1079.0,1080.0
0.0,6629.0,3079.0,3235.0,3085.0,3070.0,1023.0,1023.0,1024.0,1078.0,1078.0,1079.0,1026.0,1026.0,1027.0,2210.0,2210.0,2209.0,1023.0,1023.0,1024.0,1078.0,1078.0,1079.0
0.0,6635.0,3097.0,3232.0,3070.0,3088.0,1029.0,1029.0,1030.0,1077.0,1077.0,1078.0,1032.0,1032.0,1033.0,2211.0,2211.0,2213.0,1029.0,1029.0,1030.0,1077.0,1077.0,1078.0
0.0,6608.0,3183.0,3234.0,3088.0,3189.0,1064.0,1064.0,1061.0,1078.0,1078.0,1078.0,1061.0,1061.0,1061.0,2202.0,2202.0,2204.0,1064.0,1064.0,1061.0,1078.0,1078.0,1078.0
0.0,6513.0,3558.0,3241.0,3189.0,3579.0,1192.0,1192.0,1195.0,1080.0,1080.0,1081.0,1186.0,1186.0,1186.0,2170.0,2170.0,2173.0,1192.0,1192.0,1195.0,1080.0,1080.0,1081.0
0.0,6144.0,3411.0,3247.0,3579.0,3429.0,1143.0,1143.0,1143.0,1082.0,1082.0,1083.0,1137.0,1137.0,1137.0,2048.0,2048.0,2048.0,1143.0,1143.0,1143.0,1082.0,1082.0,1083.0
0.0,6312.0,3325.0,3247.0,3429.0,3325.0,1108.0,1108.0,1109.0,1082.0,1082.0,1083.0,1108.0,1108.0,1109.0,2103.0,2103.0,2106.0,1108.0,1108.0,1109.0,1082.0,1082.0,1083.0
0.0,6416.0,3304.0,3246.0,3325.0,3301.0,1101.0,1101.0,1099.0,1082.0,1082.0,1082.0,1101.0,1101.0,1102.0,2138.0,2138.0,2140.0,1101.0,1101.0,1099.0,1082.0,1082.0,1082.0
0.0,6437.0,3040.0,3240.0,3301.0,3022.0,1007.0,1007.0,1008.0,1080.0,1080.0,1080.0,1013.0,1013.0,1014.0,2145.0,2145.0,2147.0,1007.0,1007.0,1008.0,1080.0,1080.0,1080.0
0.0,6698.0,3274.0,3240.0,3022.0,3274.0,1091.0,1091.0,1092.0,1080.0,1080.0,1080.0,1091.0,1091.0,1092.0,2233.0,2233.0,2232.0,1091.0,1091.0,1092.0,1080.0,1080.0,1080.0
0.0,6446.0,3352.0,3243.0,3274.0,3361.0,1120.0,1120.0,1121.0,1081.0,1081.0,1081.0,1117.0,1117.0,1118.0,2149.0,2149.0,2148.0,1120.0,1120.0,1121.0,1081.0,1081.0,1081.0
0.0,6368.0,3304.0,3246.0,3361.0,3313.0,1104.0,1104.0,1105.0,1082.0,1082.0,1082.0,1101.0,1101.0,1102.0,2123.0,2123.0,2122.0,1104.0,1104.0,1105.0,1082.0,1082.0,1082.0
0.0,6425.0,3510.0,3253.0,3313.0,3531.0,1176.0,1176.0,1179.0,1084.0,1084.0,1085.0,1170.0,1170.0,1170.0,2142.0,2142.0,2141.0,1176.0,1176.0,1179.0,1084.0,1084.0,1085.0
0.0,6228.0,3318.0,3253.0,3531.0,3318.0,1106.0,1106.0,1106.0,1084.0,1084.0,1085.0,1106.0,1106.0,1106.0,2076.0,2076.0,2076.0,1106.0,1106.0,1106.0,1084.0,1084.0,1085.0
0.0,6441.0,3214.0,3252.0,3318.0,3211.0,1071.0,1071.0,1069.0,1084.0,1084.0,1084.0,1071.0,1071.0,1072.0,2146.0,2146.0,2149.0,1071.0,1071.0,1069.0,1084.0,1084.0,1084.0
0.0,6545.0,3111.0,3247.0,3211.0,3096.0,1031.0,1031.0,1034.0,1082.0,1082.0,1083.0,1037.0,1037.0,1037.0,2181.0,2181.0,2183.0,1031.0,1031.0,1034.0,1082.0,1082.0,1083.0
0.0,6645.0,3090.0,3244.0,3096.0,3081.0,1027.0,1027.0,1027.0,1081.0,1081.0,1082.0,1030.0,1030.0,1030.0,2215.0,2215.0,2215.0,1027.0,1027.0,1027.0,1081.0,1081.0,1082.0
0.0,6651.0,3207.0,3244.0,3081.0,3207.0,1069.0,1069.0,1069.0,1081.0,1081.0,1082.0,1069.0,1069.0,1069.0,2216.0,2216.0,2219.0,1069.0,1069.0,1069.0,1081.0,1081.0,1082.0
0.0,6525.0,3411.0,3250.0,3207.0,3429.0,1143.0,1143.0,1143.0,1083.0,1083.0,1084.0,1137.0,1137.0,1137.0,2174.0,2174.0,2177.0,1143.0,1143.0,1143.0,1083.0,1083.0,1084.0
0.0,6321.0,3366.0,3255.0,3429.0,3381.0,1128.0,1128.0,1125.0,1085.0,1085.0,1085.0,1122.0,1122.0,1122.0,2106.0,2106.0,2109.0,1128.0,1128.0,1125.0,1085.0,1085.0,1085.0
0.0,6384.0,3298.0,3255.0,3381.0,3298.0,1099.0,1099.0,1100.0,1085.0,1085.0,1085.0,1099.0,1099.0,1100.0,2127.0,2127.0,2130.0,1099.0,1099.0,1100.0,1085.0,1085.0,1085.0
0.0,6467.0,3193.0,3252.0,3298.0,3184.0,1061.0,1061.0,1062.0,1084.0,1084.0,1084.0,1064.0,1064.0,1065.0,2156.0,2156.0,2155.0,1061.0,1061.0,1062.0,1084.0,1084.0,1084.0
0.0,6572.0,3112.0,3247.0,3184.0,3097.0,1031.0,1031.0,1035.0,1082.0,1082.0,1083.0,1037.0,1037.0,1038.0,2191.0,2191.0,2190.0,1031.0,1031.0,1035.0,1082.0,1082.0,1083.0
0.0,6644.0,3070.0,3244.0,3097.0,3061.0,1020.0,1020.0,1021.0,1081.0,1081.0,1082.0,1023.0,1023.0,1024.0,2215.0,2215.0,2214.0,1020.0,1020.0,1021.0,1081.0,1081.0,1082.0
0.0,6671.0,3241.0,3244.0,3061.0,3241.0,1080.0,1080.0,1081.0,1081.0,1081.0,1082.0,1080.0,1080.0,1081.0,2223.0,2223.0,2225.0,1080.0,1080.0,1081.0,1081.0,1081.0,1082.0
0.0,6491.0,3475.0,3252.0,3241.0,3499.0,1167.0,1167.0,1165.0,1084.0,1084.0,1084.0,1158.0,1158.0,1159.0,2163.0,2163.0,2165.0,1167.0,1167.0,1165.0,1084.0,1084.0,1084.0
0.0,6257.0,3510.0,3259.0,3499.0,3531.0,1176.0,1176.0,1179.0,1086.0,1086.0,1087.0,1170.0,1170.0,1170.0,2085.0,2085.0,2087.0,1176.0,1176.0,1179.0,1086.0,1086.0,1087.0
0.0,6246.0,3306.0,3259.0,3531.0,3306.0,1102.0,1102.0,1102.0,1086.0,1086.0,1087.0,1102.0,1102.0,1102.0,2082.0,2082.0,2082.0,1102.0,1102.0,1102.0,1086.0,1086.0,1087.0
0.0,6471.0,3271.0,3259.0,3306.0,3271.0,1090.0,1090.0,1091.0,1086.0,1086.0,1087.0,1090.0,1090.0,1091.0,2156.0,2156.0,2159.0,1090.0,1090.0,1091.0,1086.0,1086.0,1087.0
0.0,6506.0,3232.0,3256.0,3271.0,3223.0,1074.0,1074.0,1075.0,1085.0,1085.0,1086.0,1077.0,1077.0,1078.0,2168.0,2168.0,2170.0,1074.0,1074.0,1075.0,1085.0,1085.0,1086.0
0.0,6545.0,3327.0,3255.0,3223.0,3324.0,1109.0,1109.0,1106.0,1085.0,1085.0,1085.0,1109.0,1109.0,1109.0,2181.0,2181.0,2183.0,1109.0,1109.0,1106.0,1085.0,1085.0,1085.0
0.0,6441.0,3411.0,3262.0,3324.0,3432.0,1143.0,1143.0,1146.0,1087.0,1087.0,1088.0,1137.0,1137.0,1137.0,2146.0,2146.0,2149.0,1143.0,1143.0,1146.0,1087.0,1087.0,1088.0
0.0,6354.0,3399.0,3268.0,3432.0,3417.0,1139.0,1139.0,1139.0,1089.0,1089.0,1090.0,1133.0,1133.0,1133.0,2118.0,2118.0,2118.0,1139.0,1139.0,1139.0,1089.0,1089.0,1090.0
0.0,6387.0,3330.0,3270.0,3417.0,3336.0,1113.0,1113.0,1110.0,1090.0,1090.0,1090.0,1110.0,1110.0,1110.0,2128.0,2128.0,2131.0,1113.0,1113.0,1110.0,1090.0,1090.0,1090.0
0.0,6474.0,3492.0,3276.0,3336.0,3510.0,1170.0,1170.0,1170.0,1092.0,1092.0,1092.0,1164.0,1164.0,1164.0,2157.0,2157.0,2160.0,1170.0,1170.0,1170.0,1092.0,1092.0,1092.0
0.0,6318.0,3067.0,3270.0,3510.0,3049.0,1016.0,1016.0,1017.0,1090.0,1090.0,1090.0,1022.0,1022.0,1023.0,2106.0,2106.0,2106.0,1016.0,1016.0,1017.0,1090.0,1090.0,1090.0
0.0,6761.0,3303.0,3270.0,3049.0,3303.0,1101.0,1101.0,1101.0,1090.0,1090.0,1090.0,1101.0,1101.0,1101.0,2254.0,2254.0,2253.0,1101.0,1101.0,1101.0,1090.0,1090.0,1090.0
0.0,6507.0,3330.0,3271.0,3303.0,3333.0,1110.0,1110.0,1113.0,1090.0,1090.0,1091.0,1110.0,1110.0,1110.0,2169.0,2169.0,2169.0,1110.0,1110.0,1113.0,1090.0,1090.0,1091.0
0.0,6480.0,3450.0,3279.0,3333.0,3474.0,1159.0,1159.0,1156.0,1093.0,1093.0,1093.0,1150.0,1150.0,1150.0,2160.0,2160.0,2160.0,1159.0,1159.0,1156.0,1093.0,1093.0,1093.0
0.0,6363.0,3529.0,3286.0,3474.0,3550.0,1182.0,1182.0,1186.0,1095.0,1095.0,1096.0,1176.0,1176.0,1177.0,2120.0,2120.0,2123.0,1182.0,1182.0,1186.0,1095.0,1095.0,1096.0
0.0,6308.0,3447.0,3292.0,3550.0,3465.0,1155.0,1155.0,1155.0,1097.0,1097.0,1098.0,1149.0,1149.0,1149.0,2103.0,2103.0,2102.0,1155.0,1155.0,1155.0,1097.0,1097.0,1098.0
0.0,6411.0,3325.0,3292.0,3465.0,3325.0,1108.0,1108.0,1109.0,1097.0,1097.0,1098.0,1108.0,1108.0,1109.0,2136.0,2136.0,2139.0,1108.0,1108.0,1109.0,1097.0,1097.0,1098.0
0.0,6551.0,3264.0,3291.0,3325.0,3261.0,1088.0,1088.0,1085.0,1097.0,1097.0,1097.0,1088.0,1088.0,1088.0,2183.0,2183.0,2185.0,1088.0,1088.0,1085.0,1097.0,1097.0,1097.0
0.0,6612.0,3168.0,3286.0,3261.0,3153.0,1050.0,1050.0,1053.0,1095.0,1095.0,1096.0,1056.0,1056.0,1056.0,2203.0,2203.0,2206.0,1050.0,1050.0,1053.0,1095.0,1095.0,1096.0
0.0,6705.0,3261.0,3285.0,3153.0,3258.0,1087.0,1087.0,1084.0,1095.0,1095.0,1095.0,1087.0,1087.0,1087.0,2235.0,2235.0,2235.0,1087.0,1087.0,1084.0,1095.0,1095.0,1095.0
0.0,6597.0,3348.0,3288.0,3258.0,3357.0,1119.0,1119.0,1119.0,1096.0,1096.0,1096.0,1116.0,1116.0,1116.0,2198.0,2198.0,2201.0,1119.0,1119.0,1119.0,1096.0,1096.0,1096.0
0.0,6507.0,3309.0,3294.0,3357.0,3327.0,1109.0,1109.0,1109.0,1098.0,1098.0,1098.0,1103.0,1103.0,1103.0,2169.0,2169.0,2169.0,1109.0,1109.0,1109.0,1098.0,1098.0,1098.0
0.0,6555.0,3519.0,3298.0,3327.0,3531.0,1176.0,1176.0,1179.0,1099.0,1099.0,1100.0,1173.0,1173.0,1173.0,2185.0,2185.0,2185.0,1176.0,1176.0,1179.0,1099.0,1099.0,1100.0
0.0,6363.0,3267.0,3301.0,3531.0,3276.0,1092.0,1092.0,1092.0,1100.0,1100.0,1101.0,1089.0,1089.0,1089.0,2121.0,2121.0,2121.0,1092.0,1092.0,1092.0,1100.0,1100.0,1101.0
0.0,6627.0,3271.0,3300.0,3276.0,3268.0,1090.0,1090.0,1088.0,1100.0,1100.0,1100.0,1090.0,1090.0,1091.0,2208.0,2208.0,2211.0,1090.0,1090.0,1088.0,1100.0,1100.0,1100.0
0.0,6632.0,3181.0,3294.0,3268.0,3163.0,1054.0,1054.0,1055.0,1098.0,1098.0,1098.0,1060.0,1060.0,1061.0,2210.0,2210.0,2212.0,1054.0,1054.0,1055.0,1098.0,1098.0,1098.0
0.0,6719.0,3169.0,3291.0,3163.0,3160.0,1053.0,1053.0,1054.0,1097.0,1097.0,1097.0,1056.0,1056.0,1057.0,2240.0,2240.0,2239.0,1053.0,1053.0,1054.0,1097.0,1097.0,1097.0
0.0,6713.0,3400.0,3297.0,3160.0,3418.0,1139.0,1139.0,1140.0,1099.0,1099.0,1099.0,1133.0,1133.0,1134.0,2238.0,2238.0,2237.0,1139.0,1139.0,1140.0,1099.0,1099.0,1099.0
0.0,6473.0,3522.0,3306.0,3418.0,3549.0,1183.0,1183.0,1183.0,1102.0,1102.0,1102.0,1174.0,1174.0,1174.0,2158.0,2158.0,2157.0,1183.0,1183.0,1183.0,1102.0,1102.0,1102.0
0.0,6369.0,3469.0,3312.0,3549.0,3487.0,1162.0,1162.0,1163.0,1104.0,1104.0,1104.0,1156.0,1156.0,1157.0,2123.0,2123.0,2123.0,1162.0,1162.0,1163.0,1104.0,1104.0,1104.0
0.0,6449.0,3474.0,3318.0,3487.0,3492.0,1164.0,1164.0,1164.0,1106.0,1106.0,1106.0,1158.0,1158.0,1158.0,2150.0,2150.0,2149.0,1164.0,1164.0,1164.0,1106.0,1106.0,1106.0
0.0,6462.0,3226.0,3312.0,3492.0,3208.0,1069.0,1069.0,1070.0,1104.0,1104.0,1104.0,1075.0,1075.0,1076.0,2154.0,2154.0,2154.0,1069.0,1069.0,1070.0,1104.0,1104.0,1104.0
0.0,6728.0,3292.0,3309.0,3208.0,3283.0,1094.0,1094.0,1095.0,1103.0,1103.0,1103.0,1097.0,1097.0,1098.0,2243.0,2243.0,2242.0,1094.0,1094.0,1095.0,1103.0,1103.0,1103.0
0.0,6644.0,3090.0,3304.0,3283.0,3075.0,1024.0,1024.0,1027.0,1101.0,1101.0,1102.0,1030.0,1030.0,1030.0,2215.0,2215.0,2214.0,1024.0,1024.0,1027.0,1101.0,1101.0,1102.0
0.0,6837.0,3310.0,3304.0,3075.0,3310.0,1103.0,1103.0,1104.0,1101.0,1101.0,1102.0,1103.0,1103.0,1104.0,2279.0,2279.0,2279.0,1103.0,1103.0,1104.0,1101.0,1101.0,1102.0
0.0,6602.0,3492.0,3313.0,3310.0,3519.0,1173.0,1173.0,1173.0,1104.0,1104.0,1105.0,1164.0,1164.0,1164.0,2200.0,2200.0,2202.0,1173.0,1173.0,1173.0,1104.0,1104.0,1105.0
0.0,6420.0,3588.0,3319.0,3519.0,3606.0,1202.0,1202.0,1202.0,1106.0,1106.0,1107.0,1196.0,1196.0,1196.0,2139.0,2139.0,2142.0,1202.0,1202.0,1202.0,1106.0,1106.0,1107.0
0.0,6351.0,3330.0,3319.0,3606.0,3330.0,1110.0,1110.0,1110.0,1106.0,1106.0,1107.0,1110.0,1110.0,1110.0,2116.0,2116.0,2119.0,1110.0,1110.0,1110.0,1106.0,1106.0,1107.0
0.0,6627.0,3300.0,3319.0,3330.0,3300.0,1100.0,1100.0,1100.0,1106.0,1106.0,1107.0,1100.0,1100.0,1100.0,2208.0,2208.0,2211.0,1100.0,1100.0,1100.0,1106.0,1106.0,1107.0
0.0,6657.0,3355.0,3316.0,3300.0,3346.0,1115.0,1115.0,1116.0,1105.0,1105.0,1106.0,1118.0,1118.0,1119.0,2218.0,2218.0,2221.0,1115.0,1115.0,1116.0,1105.0,1105.0,1106.0
0.0,6602.0,3306.0,3316.0,3346.0,3306.0,1102.0,1102.0,1102.0,1105.0,1105.0,1106.0,1102.0,1102.0,1102.0,2200.0,2200.0,2202.0,1102.0,1102.0,1102.0,1105.0,1105.0,1106.0
0.0,6642.0,3363.0,3319.0,3306.0,3372.0,1124.0,1124.0,1124.0,1106.0,1106.0,1107.0,1121.0,1121.0,1121.0,2213.0,2213.0,2216.0,1124.0,1124.0,1124.0,1106.0,1106.0,1107.0
0.0,6585.0,3510.0,3327.0,3372.0,3534.0,1179.0,1179.0,1176.0,1109.0,1109.0,1109.0,1170.0,1170.0,1170.0,2194.0,2194.0,2197.0,1179.0,1179.0,1176.0,1109.0,1109.0,1109.0
0.0,6447.0,3474.0,3334.0,3534.0,3495.0,1164.0,1164.0,1167.0,1111.0,1111.0,1112.0,1158.0,1158.0,1158.0,2148.0,2148.0,2151.0,1164.0,1164.0,1167.0,1111.0,1111.0,1112.0
0.0,6507.0,3465.0,3339.0,3495.0,3480.0,1161.0,1161.0,1158.0,1113.0,1113.0,1113.0,1155.0,1155.0,1155.0,2169.0,2169.0,2169.0,1161.0,1161.0,1158.0,1113.0,1113.0,1113.0
0.0,6537.0,3334.0,3337.0,3480.0,3328.0,1108.0,1108.0,1112.0,1112.0,1112.0,1113.0,1111.0,1111.0,1112.0,2178.0,2178.0,2181.0,1108.0,1108.0,1112.0,1112.0,1112.0,1113.0
0.0,6683.0,3121.0,3333.0,3328.0,3109.0,1037.0,1037.0,1035.0,1111.0,1111.0,1111.0,1040.0,1040.0,1041.0,2228.0,2228.0,2227.0,1037.0,1037.0,1035.0,1111.0,1111.0,1111.0
0.0,6890.0,3313.0,3333.0,3109.0,3313.0,1104.0,1104.0,1105.0,1111.0,1111.0,1111.0,1104.0,1104.0,1105.0,2296.0,2296.0,2298.0,1104.0,1104.0,1105.0,1111.0,1111.0,1111.0
0.0,6686.0,3402.0,3337.0,3313.0,3414.0,1137.0,1137.0,1140.0,1112.0,1112.0,1113.0,1134.0,1134.0,1134.0,2229.0,2229.0,2228.0,1137.0,1137.0,1140.0,1112.0,1112.0,1113.0
0.0,6597.0,3448.0,3343.0,3414.0,3466.0,1155.0,1155.0,1156.0,1114.0,1114.0,1115.0,1149.0,1149.0,1150.0,2199.0,2199.0,2199.0,1155.0,1155.0,1156.0,1114.0,1114.0,1115.0
0.0,6563.0,3438.0,3351.0,3466.0,3462.0,1155.0,1155.0,1152.0,1117.0,1117.0,1117.0,1146.0,1146.0,1146.0,2187.0,2187.0,2189.0,1155.0,1155.0,1152.0,1117.0,1117.0,1117.0
0.0,6591.0,3466.0,3355.0,3462.0,3478.0,1158.0,1158.0,1162.0,1118.0,1118.0,1119.0,1155.0,1155.0,1156.0,2196.0,2196.0,2199.0,1158.0,1158.0,1162.0,1118.0,1118.0,1119.0
0.0,6587.0,3342.0,3352.0,3478.0,3333.0,1111.0,1111.0,1111.0,1117.0,1117.0,1118.0,1114.0,1114.0,1114.0,2196.0,2196.0,2195.0,1111.0,1111.0,1111.0,1117.0,1117.0,1118.0
0.0,6723.0,3312.0,3348.0,3333.0,3300.0,1101.0,1101.0,1098.0,1116.0,1116.0,1116.0,1104.0,1104.0,1104.0,2240.0,2240.0,2243.0,1101.0,1101.0,1098.0,1116.0,1116.0,1116.0
0.0,6744.0,3172.0,3346.0,3300.0,3166.0,1054.0,1054.0,1058.0,1115.0,1115.0,1116.0,1057.0,1057.0,1058.0,2247.0,2247.0,2250.0,1054.0,1054.0,1058.0,1115.0,1115.0,1116.0
0.0,6872.0,3237.0,3345.0,3166.0,3234.0,1079.0,1079.0,1076.0,1115.0,1115.0,1115.0,1079.0,1079.0,1079.0,2291.0,2291.0,2290.0,1079.0,1079.0,1076.0,1115.0,1115.0,1115.0
0.0,6801.0,3369.0,3348.0,3234.0,3378.0,1126.0,1126.0,1126.0,1116.0,1116.0,1116.0,1123.0,1123.0,1123.0,2266.0,2266.0,2269.0,1126.0,1126.0,1126.0,1116.0,1116.0,1116.0
0.0,6666.0,3430.0,3349.0,3378.0,3433.0,1143.0,1143.0,1147.0,1116.0,1116.0,1117.0,1143.0,1143.0,1144.0,2222.0,2222.0,2222.0,1143.0,1143.0,1147.0,1116.0,1116.0,1117.0
0.0,6614.0,3585.0,3354.0,3433.0,3600.0,1201.0,1201.0,1198.0,1118.0,1118.0,1118.0,1195.0,1195.0,1195.0,2205.0,2205.0,2204.0,1201.0,1201.0,1198.0,1118.0,1118.0,1118.0
0.0,6462.0,3216.0,3349.0,3600.0,3201.0,1066.0,1066.0,1069.0,1116.0,1116.0,1117.0,1072.0,1072.0,1072.0,2153.0,2153.0,2156.0,1066.0,1066.0,1069.0,1116.0,1116.0,1117.0
0.0,6846.0,3252.0,3348.0,3201.0,3249.0,1084.0,1084.0,1081.0,1116.0,1116.0,1116.0,1084.0,1084.0,1084.0,2282.0,2282.0,2282.0,1084.0,1084.0,1081.0,1116.0,1116.0,1116.0
0.0,6795.0,3292.0,3345.0,3249.0,3283.0,1094.0,1094.0,1095.0,1115.0,1115.0,1115.0,1097.0,1097.0,1098.0,2264.0,2264.0,2267.0,1094.0,1094.0,1095.0,1115.0,1115.0,1115.0
0.0,6752.0,3475.0,3352.0,3283.0,3496.0,1164.0,1164.0,1168.0,1117.0,1117.0,1118.0,1158.0,1158.0,1159.0,2251.0,2251.0,2250.0,1164.0,1164.0,1168.0,1117.0,1117.0,1118.0
0.0,6560.0,3474.0,3355.0,3496.0,3483.0,1161.0,1161.0,1161.0,1118.0,1118.0,1119.0,1158.0,1158.0,1158.0,2187.0,2187.0,2186.0,1161.0,1161.0,1161.0,1118.0,1118.0,1119.0
0.0,6582.0,3465.0,3358.0,3483.0,3474.0,1158.0,1158.0,1158.0,1119.0,1119.0,1120.0,1155.0,1155.0,1155.0,2193.0,2193.0,2196.0,1158.0,1158.0,1158.0,1119.0,1119.0,1120.0
0.0,6600.0,3589.0,3360.0,3474.0,3595.0,1199.0,1199.0,1197.0,1120.0,1120.0,1120.0,1196.0,1196.0,1197.0,2199.0,2199.0,2202.0,1199.0,1199.0,1197.0,1120.0,1120.0,1120.0
0.0,6485.0,3379.0,3358.0,3595.0,3373.0,1123.0,1123.0,1127.0,1119.0,1119.0,1120.0,1126.0,1126.0,1127.0,2161.0,2161.0,2163.0,1123.0,1123.0,1127.0,1119.0,1119.0,1120.0
0.0,6701.0,3231.0,3354.0,3373.0,3219.0,1074.0,1074.0,1071.0,1118.0,1118.0,1118.0,1077.0,1077.0,1077.0,2234.0,2234.0,2233.0,1074.0,1074.0,1071.0,1118.0,1118.0,1118.0
0.0,6843.0,3322.0,3354.0,3219.0,3322.0,1107.0,1107.0,1108.0,1118.0,1118.0,1118.0,1107.0,1107.0,1108.0,2280.0,2280.0,2283.0,1107.0,1107.0,1108.0,1118.0,1118.0,1118.0
0.0,6740.0,3336.0,3355.0,3322.0,3339.0,1112.0,1112.0,1115.0,1118.0,1118.0,1119.0,1112.0,1112.0,1112.0,2247.0,2247.0,2246.0,1112.0,1112.0,1115.0,1118.0,1118.0,1119.0
0.0,6726.0,3517.0,3361.0,3339.0,3535.0,1178.0,1178.0,1179.0,1120.0,1120.0,1121.0,1172.0,1172.0,1173.0,2242.0,2242.0,2242.0,1178.0,1178.0,1179.0,1120.0,1120.0,1121.0
0.0,6548.0,3528.0,3367.0,3535.0,3546.0,1182.0,1182.0,1182.0,1122.0,1122.0,1123.0,1176.0,1176.0,1176.0,2182.0,2182.0,2184.0,1182.0,1182.0,1182.0,1122.0,1122.0,1123.0
0.0,6555.0,3322.0,3366.0,3546.0,3319.0,1107.0,1107.0,1105.0,1122.0,1122.0,1122.0,1107.0,1107.0,1108.0,2184.0,2184.0,2187.0,1107.0,1107.0,1105.0,1122.0,1122.0,1122.0
0.0,6779.0,3448.0,3369.0,3319.0,3457.0,1152.0,1152.0,1153.0,1123.0,1123.0,1123.0,1149.0,1149.0,1150.0,2259.0,2259.0,2261.0,1152.0,1152.0,1153.0,1123.0,1123.0,1123.0
0.0,6650.0,3199.0,3363.0,3457.0,3181.0,1060.0,1060.0,1061.0,1121.0,1121.0,1121.0,1066.0,1066.0,1067.0,2217.0,2217.0,2216.0,1060.0,1060.0,1061.0,1121.0,1121.0,1121.0
0.0,6908.0,3201.0,3361.0,3181.0,3195.0,1064.0,1064.0,1067.0,1120.0,1120.0,1121.0,1067.0,1067.0,1067.0,2303.0,2303.0,2302.0,1064.0,1064.0,1067.0,1120.0,1120.0,1121.0
0.0,6888.0,3442.0,3364.0,3195.0,3451.0,1150.0,1150.0,1151.0,1121.0,1121.0,1122.0,1147.0,1147.0,1148.0,2296.0,2296.0,2296.0,1150.0,1150.0,1151.0,1121.0,1121.0,1122.0
0.0,6641.0,3543.0,3372.0,3451.0,3567.0,1190.0,1190.0,1187.0,1124.0,1124.0,1124.0,1181.0,1181.0,1181.0,2213.0,2213.0,2215.0,1190.0,1190.0,1187.0,1124.0,1124.0,1124.0
0.0,6549.0,3423.0,3376.0,3567.0,3435.0,1144.0,1144.0,1147.0,1125.0,1125.0,1126.0,1141.0,1141.0,1141.0,2182.0,2182.0,2185.0,1144.0,1144.0,1147.0,1125.0,1125.0,1126.0
0.0,6693.0,3423.0,3378.0,3435.0,3429.0,1144.0,1144.0,1141.0,1126.0,1126.0,1126.0,1141.0,1141.0,1141.0,2231.0,2231.0,2231.0,1144.0,1144.0,1141.0,1126.0,1126.0,1126.0
0.0,6705.0,3523.0,3378.0,3429.0,3523.0,1174.0,1174.0,1175.0,1126.0,1126.0,1126.0,1174.0,1174.0,1175.0,2234.0,2234.0,2237.0,1174.0,1174.0,1175.0,1126.0,1126.0,1126.0
0.0,6611.0,3339.0,3375.0,3523.0,3330.0,1110.0,1110.0,1110.0,1125.0,1125.0,1125.0,1113.0,1113.0,1113.0,2204.0,2204.0,2203.0,1110.0,1110.0,1110.0,1125.0,1125.0,1125.0
0.0,6795.0,3246.0,3370.0,3330.0,3231.0,1076.0,1076.0,1079.0,1123.0,1123.0,1124.0,1082.0,1082.0,1082.0,2265.0,2265.0,2265.0,1076.0,1076.0,1079.0,1123.0,1123.0,1124.0
0.0,6879.0,3435.0,3375.0,3231.0,3450.0,1151.0,1151.0,1148.0,1125.0,1125.0,1125.0,1145.0,1145.0,1145.0,2293.0,2293.0,2293.0,1151.0,1151.0,1148.0,1125.0,1125.0,1125.0
0.0,6675.0,3454.0,3378.0,3450.0,3463.0,1154.0,1154.0,1155.0,1126.0,1126.0,1126.0,1151.0,1151.0,1152.0,2224.0,2224.0,2227.0,1154.0,1154.0,1155.0,1126.0,1126.0,1126.0
0.0,6671.0,3595.0,3387.0,3463.0,3622.0,1207.0,1207.0,1208.0,1129.0,1129.0,1129.0,1198.0,1198.0,1199.0,2224.0,2224.0,2223.0,1207.0,1207.0,1208.0,1129.0,1129.0,1129.0
0.0,6539.0,3558.0,3391.0,3622.0,3570.0,1189.0,1189.0,1192.0,1130.0,1130.0,1131.0,1186.0,1186.0,1186.0,2180.0,2180.0,2179.0,1189.0,1189.0,1192.0,1130.0,1130.0,1131.0
0.0,6603.0,3403.0,3390.0,3570.0,3400.0,1134.0,1134.0,1132.0,1130.0,1130.0,1130.0,1134.0,1134.0,1135.0,2201.0,2201.0,2201.0,1134.0,1134.0,1132.0,1130.0,1130.0,1130.0
0.0,6770.0,3262.0,3384.0,3400.0,3244.0,1081.0,1081.0,1082.0,1128.0,1128.0,1128.0,1087.0,1087.0,1088.0,2256.0,2256.0,2258.0,1081.0,1081.0,1082.0,1128.0,1128.0,1128.0
0.0,6908.0,3264.0,3382.0,3244.0,3258.0,1085.0,1085.0,1088.0,1127.0,1127.0,1128.0,1088.0,1088.0,1088.0,2303.0,2303.0,2302.0,1085.0,1085.0,1088.0,1127.0,1127.0,1128.0
0.0,6888.0,3403.0,3385.0,3258.0,3412.0,1137.0,1137.0,1138.0,1128.0,1128.0,1129.0,1134.0,1134.0,1135.0,2296.0,2296.0,2296.0,1137.0,1137.0,1138.0,1128.0,1128.0,1129.0
0.0,6743.0,3438.0,3387.0,3412.0,3444.0,1149.0,1149.0,1146.0,1129.0,1129.0,1129.0,1146.0,1146.0,1146.0,2247.0,2247.0,2249.0,1149.0,1149.0,1146.0,1129.0,1129.0,1129.0
0.0,6717.0,3537.0,3391.0,3444.0,3549.0,1182.0,1182.0,1185.0,1130.0,1130.0,1131.0,1179.0,1179.0,1179.0,2238.0,2238.0,2241.0,1182.0,1182.0,1185.0,1130.0,1130.0,1131.0
0.0,6624.0,3438.0,3393.0,3549.0,3444.0,1149.0,1149.0,1146.0,1131.0,1131.0,1131.0,1146.0,1146.0,1146.0,2208.0,2208.0,2208.0,1149.0,1149.0,1146.0,1131.0,1131.0,1131.0
0.0,6735.0,3471.0,3391.0,3444.0,3465.0,1154.0,1154.0,1157.0,1130.0,1130.0,1131.0,1157.0,1157.0,1157.0,2244.0,2244.0,2247.0,1154.0,1154.0,1157.0,1130.0,1130.0,1131.0
0.0,6708.0,3300.0,3388.0,3465.0,3291.0,1097.0,1097.0,1097.0,1129.0,1129.0,1130.0,1100.0,1100.0,1100.0,2236.0,2236.0,2236.0,1097.0,1097.0,1097.0,1129.0,1129.0,1130.0
0.0,6873.0,3415.0,3387.0,3291.0,3412.0,1138.0,1138.0,1136.0,1129.0,1129.0,1129.0,1138.0,1138.0,1139.0,2290.0,2290.0,2293.0,1138.0,1138.0,1136.0,1129.0,1129.0,1129.0
0.0,6749.0,3477.0,3390.0,3412.0,3486.0,1162.0,1162.0,1162.0,1130.0,1130.0,1130.0,1159.0,1159.0,1159.0,2249.0,2249.0,2251.0,1162.0,1162.0,1162.0,1130.0,1130.0,1130.0
0.0,6684.0,3484.0,3397.0,3486.0,3505.0,1167.0,1167.0,1171.0,1132.0,1132.0,1133.0,1161.0,1161.0,1162.0,2228.0,2228.0,2228.0,1167.0,1167.0,1171.0,1132.0,1132.0,1133.0
0.0,6686.0,3514.0,3400.0,3505.0,3523.0,1174.0,1174.0,1175.0,1133.0,1133.0,1134.0,1171.0,1171.0,1172.0,2229.0,2229.0,2228.0,1174.0,1174.0,1175.0,1133.0,1133.0,1134.0
0.0,6677.0,3471.0,3402.0,3523.0,3477.0,1160.0,1160.0,1157.0,1134.0,1134.0,1134.0,1157.0,1157.0,1157.0,2225.0,2225.0,2227.0,1160.0,1160.0,1157.0,1134.0,1134.0,1134.0
0.0,6729.0,3372.0,3400.0,3477.0,3366.0,1121.0,1121.0,1124.0,1133.0,1133.0,1134.0,1124.0,1124.0,1124.0,2242.0,2242.0,2245.0,1121.0,1121.0,1124.0,1133.0,1133.0,1134.0
0.0,6834.0,3306.0,3399.0,3366.0,3303.0,1102.0,1102.0,1099.0,1133.0,1133.0,1133.0,1102.0,1102.0,1102.0,2278.0,2278.0,2278.0,1102.0,1102.0,1099.0,1133.0,1133.0,1133.0
0.0,6894.0,3471.0,3399.0,3303.0,3471.0,1157.0,1157.0,1157.0,1133.0,1133.0,1133.0,1157.0,1157.0,1157.0,2297.0,2297.0,2300.0,1157.0,1157.0,1157.0,1133.0,1133.0,1133.0
0.0,6726.0,3387.0,3399.0,3471.0,3387.0,1129.0,1129.0,1129.0,1133.0,1133.0,1133.0,1129.0,1129.0,1129.0,2242.0,2242.0,2242.0,1129.0,1129.0,1129.0,1133.0,1133.0,1133.0
0.0,6810.0,3657.0,3405.0,3387.0,3675.0,1225.0,1225.0,1225.0,1135.0,1135.0,1135.0,1219.0,1219.0,1219.0,2270.0,2270.0,2270.0,1225.0,1225.0,1225.0,1135.0,1135.0,1135.0
0.0,6540.0,3594.0,3414.0,3675.0,3621.0,1207.0,1207.0,1207.0,1138.0,1138.0,1138.0,1198.0,1198.0,1198.0,2180.0,2180.0,2180.0,1207.0,1207.0,1207.0,1138.0,1138.0,1138.0
0.0,6621.0,3472.0,3418.0,3621.0,3484.0,1160.0,1160.0,1164.0,1139.0,1139.0,1140.0,1157.0,1157.0,1158.0,2207.0,2207.0,2207.0,1160.0,1160.0,1164.0,1139.0,1139.0,1140.0
0.0,6770.0,3507.0,3421.0,3484.0,3516.0,1172.0,1172.0,1172.0,1140.0,1140.0,1141.0,1169.0,1169.0,1169.0,2257.0,2257.0,2256.0,1172.0,1172.0,1172.0,1140.0,1140.0,1141.0
0.0,6747.0,3258.0,3417.0,3516.0,3246.0,1083.0,1083.0,1080.0,1139.0,1139.0,1139.0,1086.0,1086.0,1086.0,2248.0,2248.0,2251.0,1083.0,1083.0,1080.0,1139.0,1139.0,1139.0
0.0,7005.0,3363.0,3414.0,3246.0,3354.0,1118.0,1118.0,1118.0,1138.0,1138.0,1138.0,1121.0,1121.0,1121.0,2334.0,2334.0,2337.0,1118.0,1118.0,1118.0,1138.0,1138.0,1138.0
0.0,6888.0,3442.0,3417.0,3354.0,3451.0,1150.0,1150.0,1151.0,1139.0,1139.0,1139.0,1147.0,1147.0,1148.0,2296.0,2296.0,2296.0,1150.0,1150.0,1151.0,1139.0,1139.0,1139.0
0.0,6800.0,3525.0,3423.0,3451.0,3543.0,1181.0,1181.0,1181.0,1141.0,1141.0,1141.0,1175.0,1175.0,1175.0,2267.0,2267.0,2266.0,1181.0,1181.0,1181.0,1141.0,1141.0,1141.0
0.0,6726.0,3600.0,3429.0,3543.0,3618.0,1206.0,1206.0,1206.0,1143.0,1143.0,1143.0,1200.0,1200.0,1200.0,2242.0,2242.0,2242.0,1206.0,1206.0,1206.0,1143.0,1143.0,1143.0
0.0,6669.0,3486.0,3429.0,3618.0,3486.0,1162.0,1162.0,1162.0,1143.0,1143.0,1143.0,1162.0,1162.0,1162.0,2223.0,2223.0,2223.0,1162.0,1162.0,1162.0,1143.0,1143.0,1143.0
0.0,6801.0,3390.0,3427.0,3486.0,3384.0,1127.0,1127.0,1130.0,1142.0,1142.0,1143.0,1130.0,1130.0,1130.0,2267.0,2267.0,2267.0,1127.0,1127.0,1130.0,1142.0,1142.0,1143.0
0.0,6897.0,3375.0,3426.0,3384.0,3372.0,1125.0,1125.0,1122.0,1142.0,1142.0,1142.0,1125.0,1125.0,1125.0,2299.0,2299.0,2299.0,1125.0,1125.0,1122.0,1142.0,1142.0,1142.0
0.0,6906.0,3351.0,3421.0,3372.0,3336.0,1111.0,1111.0,1114.0,1140.0,1140.0,1141.0,1117.0,1117.0,1117.0,2301.0,2301.0,2304.0,1111.0,1111.0,1114.0,1140.0,1140.0,1141.0
0.0,6927.0,3511.0,3423.0,3336.0,3517.0,1173.0,1173.0,1171.0,1141.0,1141.0,1141.0,1170.0,1170.0,1171.0,2309.0,2309.0,2309.0,1173.0,1173.0,1171.0,1141.0,1141.0,1141.0
0.0,6752.0,3480.0,3429.0,3517.0,3498.0,1166.0,1166.0,1166.0,1143.0,1143.0,1143.0,1160.0,1160.0,1160.0,2250.0,2250.0,2252.0,1166.0,1166.0,1166.0,1143.0,1143.0,1143.0
0.0,6789.0,3705.0,3435.0,3498.0,3723.0,1241.0,1241.0,1241.0,1145.0,1145.0,1145.0,1235.0,1235.0,1235.0,2263.0,2263.0,2263.0,1241.0,1241.0,1241.0,1145.0,1145.0,1145.0
0.0,6582.0,3511.0,3439.0,3723.0,3523.0,1173.0,1173.0,1177.0,1146.0,1146.0,1147.0,1170.0,1170.0,1171.0,2194.0,2194.0,2194.0,1173.0,1173.0,1177.0,1146.0,1146.0,1147.0
0.0,6794.0,3486.0,3438.0,3523.0,3483.0,1162.0,1162.0,1159.0,1146.0,1146.0,1146.0,1162.0,1162.0,1162.0,2265.0,2265.0,2264.0,1162.0,1162.0,1159.0,1146.0,1146.0,1146.0
0.0,6831.0,3285.0,3435.0,3483.0,3276.0,1092.0,1092.0,1092.0,1145.0,1145.0,1145.0,1095.0,1095.0,1095.0,2276.0,2276.0,2279.0,1092.0,1092.0,1092.0,1145.0,1145.0,1145.0
0.0,7029.0,3435.0,3436.0,3276.0,3438.0,1145.0,1145.0,1148.0,1145.0,1145.0,1146.0,1145.0,1145.0,1145.0,2343.0,2343.0,2343.0,1145.0,1145.0,1148.0,1145.0,1145.0,1146.0
0.0,6870.0,3457.0,3436.0,3438.0,3457.0,1152.0,1152.0,1153.0,1145.0,1145.0,1146.0,1152.0,1152.0,1153.0,2290.0,2290.0,2290.0,1152.0,1152.0,1153.0,1145.0,1145.0,1146.0
0.0,6851.0,3619.0,3444.0,3457.0,3643.0,1215.0,1215.0,1213.0,1148.0,1148.0,1148.0,1206.0,1206.0,1207.0,2283.0,2283.0,2285.0,1215.0,1215.0,1213.0,1148.0,1148.0,1148.0
0.0,6689.0,3619.0,3453.0,3643.0,3646.0,1215.0,1215.0,1216.0,1151.0,1151.0,1151.0,1206.0,1206.0,1207.0,2229.0,2229.0,2231.0,1215.0,1215.0,1216.0,1151.0,1151.0,1151.0
0.0,6713.0,3571.0,3456.0,3646.0,3580.0,1193.0,1193.0,1194.0,1152.0,1152.0,1152.0,1190.0,1190.0,1191.0,2238.0,2238.0,2237.0,1193.0,1193.0,1194.0,1152.0,1152.0,1152.0
0.0,6788.0,3499.0,3454.0,3580.0,3493.0,1163.0,1163.0,1167.0,1151.0,1151.0,1152.0,1166.0,1166.0,1167.0,2263.0,2263.0,2262.0,1163.0,1163.0,1167.0,1151.0,1151.0,1152.0
0.0,6869.0,3405.0,3453.0,3493.0,3402.0,1135.0,1135.0,1132.0,1151.0,1151.0,1151.0,1135.0,1135.0,1135.0,2290.0,2290.0,2289.0,1135.0,1135.0,1132.0,1151.0,1151.0,1151.0
0.0,6957.0,3337.0,3453.0,3402.0,3337.0,1112.0,1112.0,1113.0,1151.0,1151.0,1151.0,1112.0,1112.0,1113.0,2318.0,2318.0,2321.0,1112.0,1112.0,1113.0,1151.0,1151.0,1151.0
0.0,7022.0,3507.0,3451.0,3337.0,3501.0,1166.0,1166.0,1169.0,1150.0,1150.0,1151.0,1169.0,1169.0,1169.0,2341.0,2341.0,2340.0,1166.0,1166.0,1169.0,1150.0,1150.0,1151.0
0.0,6852.0,3552.0,3456.0,3501.0,3567.0,1190.0,1190.0,1187.0,1152.0,1152.0,1152.0,1184.0,1184.0,1184.0,2284.0,2284.0,2284.0,1190.0,1190.0,1187.0,1152.0,1152.0,1152.0
0.0,6801.0,3684.0,3465.0,3567.0,3711.0,1237.0,1237.0,1237.0,1155.0,1155.0,1155.0,1228.0,1228.0,1228.0,2266.0,2266.0,2269.0,1237.0,1237.0,1237.0,1155.0,1155.0,1155.0
0.0,6684.0,3450.0,3465.0,3711.0,3450.0,1150.0,1150.0,1150.0,1155.0,1155.0,1155.0,1150.0,1150.0,1150.0,2228.0,2228.0,2228.0,1150.0,1150.0,1150.0,1155.0,1155.0,1155.0
0.0,6945.0,3330.0,3462.0,3450.0,3321.0,1107.0,1107.0,1107.0,1154.0,1154.0,1154.0,1110.0,1110.0,1110.0,2315.0,2315.0,2315.0,1107.0,1107.0,1107.0,1154.0,1154.0,1154.0
0.0,7065.0,3345.0,3457.0,3321.0,3330.0,1109.0,1109.0,1112.0,1152.0,1152.0,1153.0,1115.0,1115.0,1115.0,2355.0,2355.0,2355.0,1109.0,1109.0,1112.0,1152.0,1152.0,1153.0
0.0,7041.0,3336.0,3453.0,3330.0,3324.0,1109.0,1109.0,1106.0,1151.0,1151.0,1151.0,1112.0,1112.0,1112.0,2347.0,2347.0,2347.0,1109.0,1109.0,1106.0,1151.0,1151.0,1151.0
0.0,7035.0,3564.0,3456.0,3324.0,3573.0,1191.0,1191.0,1191.0,1152.0,1152.0,1152.0,1188.0,1188.0,1188.0,2344.0,2344.0,2347.0,1191.0,1191.0,1191.0,1152.0,1152.0,1152.0
0.0,6795.0,3609.0,3462.0,3573.0,3627.0,1209.0,1209.0,1209.0,1154.0,1154.0,1154.0,1203.0,1203.0,1203.0,2265.0,2265.0,2265.0,1209.0,1209.0,1209.0,1154.0,1154.0,1154.0
0.0,6759.0,3715.0,3471.0,3627.0,3742.0,1247.0,1247.0,1248.0,1157.0,1157.0,1157.0,1238.0,1238.0,1239.0,2253.0,2253.0,2253.0,1247.0,1247.0,1248.0,1157.0,1157.0,1157.0
0.0,6671.0,3564.0,3474.0,3742.0,3573.0,1191.0,1191.0,1191.0,1158.0,1158.0,1158.0,1188.0,1188.0,1188.0,2224.0,2224.0,2223.0,1191.0,1191.0,1191.0,1158.0,1158.0,1158.0
0.0,6849.0,3436.0,3474.0,3573.0,3436.0,1145.0,1145.0,1146.0,1158.0,1158.0,1158.0,1145.0,1145.0,1146.0,2283.0,2283.0,2283.0,1145.0,1145.0,1146.0,1158.0,1158.0,1158.0
0.0,6986.0,3238.0,3468.0,3436.0,3220.0,1073.0,1073.0,1074.0,1156.0,1156.0,1156.0,1079.0,1079.0,1080.0,2329.0,2329.0,2328.0,1073.0,1073.0,1074.0,1156.0,1156.0,1156.0
0.0,7184.0,3315.0,3466.0,3220.0,3309.0,1102.0,1102.0,1105.0,1155.0,1155.0,1156.0,1105.0,1105.0,1105.0,2395.0,2395.0,2394.0,1102.0,1102.0,1105.0,1155.0,1155.0,1156.0
0.0,7089.0,3534.0,3468.0,3309.0,3540.0,1181.0,1181.0,1178.0,1156.0,1156.0,1156.0,1178.0,1178.0,1178.0,2363.0,2363.0,2363.0,1181.0,1181.0,1178.0,1156.0,1156.0,1156.0
0.0,6864.0,3553.0,3472.0,3540.0,3565.0,1187.0,1187.0,1191.0,1157.0,1157.0,1158.0,1184.0,1184.0,1185.0,2287.0,2287.0,2290.0,1187.0,1187.0,1191.0,1157.0,1157.0,1158.0
0.0,6851.0,3631.0,3477.0,3565.0,3646.0,1216.0,1216.0,1214.0,1159.0,1159.0,1159.0,1210.0,1210.0,1211.0,2284.0,2284.0,2283.0,1216.0,1216.0,1214.0,1159.0,1159.0,1159.0
0.0,6785.0,3525.0,3477.0,3646.0,3525.0,1175.0,1175.0,1175.0,1159.0,1159.0,1159.0,1175.0,1175.0,1175.0,2261.0,2261.0,2263.0,1175.0,1175.0,1175.0,1159.0,1159.0,1159.0
0.0,6906.0,3463.0,3477.0,3525.0,3463.0,1154.0,1154.0,1155.0,1159.0,1159.0,1159.0,1154.0,1154.0,1155.0,2302.0,2302.0,2302.0,1154.0,1154.0,1155.0,1159.0,1159.0,1159.0
0.0,6968.0,3355.0,3474.0,3463.0,3346.0,1115.0,1115.0,1116.0,1158.0,1158.0,1158.0,1118.0,1118.0,1119.0,2323.0,2323.0,2322.0,1115.0,1115.0,1116.0,1158.0,1158.0,1158.0
0.0,7076.0,3268.0,3471.0,3346.0,3259.0,1086.0,1086.0,1087.0,1157.0,1157.0,1157.0,1089.0,1089.0,1090.0,2359.0,2359.0,2358.0,1086.0,1086.0,1087.0,1157.0,1157.0,1157.0
0.0,7154.0,3522.0,3474.0,3259.0,3531.0,1177.0,1177.0,1177.0,1158.0,1158.0,1158.0,1174.0,1174.0,1174.0,2385.0,2385.0,2384.0,1177.0,1177.0,1177.0,1158.0,1158.0,1158.0
0.0,6891.0,3613.0,3480.0,3531.0,3631.0,1210.0,1210.0,1211.0,1160.0,1160.0,1160.0,1204.0,1204.0,1205.0,2297.0,2297.0,2297.0,1210.0,1210.0,1211.0,1160.0,1160.0,1160.0
0.0,6809.0,3657.0,3483.0,3631.0,3666.0,1222.0,1222.0,1222.0,1161.0,1161.0,1161.0,1219.0,1219.0,1219.0,2270.0,2270.0,2269.0,1222.0,1222.0,1222.0,1161.0,1161.0,1161.0
0.0,6783.0,3558.0,3486.0,3666.0,3567.0,1189.0,1189.0,1189.0,1162.0,1162.0,1162.0,1186.0,1186.0,1186.0,2261.0,2261.0,2261.0,1189.0,1189.0,1189.0,1162.0,1162.0,1162.0
0.0,6891.0,3510.0,3483.0,3567.0,3501.0,1167.0,1167.0,1167.0,1161.0,1161.0,1161.0,1170.0,1170.0,1170.0,2297.0,2297.0,2297.0,1167.0,1167.0,1167.0,1161.0,1161.0,1161.0
0.0,6948.0,3391.0,3480.0,3501.0,3382.0,1127.0,1127.0,1128.0,1160.0,1160.0,1160.0,1130.0,1130.0,1131.0,2316.0,2316.0,2316.0,1127.0,1127.0,1128.0,1160.0,1160.0,1160.0
0.0,7058.0,3400.0,3478.0,3382.0,3394.0,1130.0,1130.0,1134.0,1159.0,1159.0,1160.0,1133.0,1133.0,1134.0,2353.0,2353.0,2352.0,1130.0,1130.0,1134.0,1159.0,1159.0,1160.0
0.0,7040.0,3387.0,3475.0,3394.0,3378.0,1126.0,1126.0,1126.0,1158.0,1158.0,1159.0,1129.0,1129.0,1129.0,2347.0,2347.0,2346.0,1126.0,1126.0,1126.0,1158.0,1158.0,1159.0
0.0,7047.0,3622.0,3483.0,3378.0,3646.0,1216.0,1216.0,1214.0,1161.0,1161.0,1161.0,1207.0,1207.0,1208.0,2348.0,2348.0,2351.0,1216.0,1216.0,1214.0,1161.0,1161.0,1161.0
0.0,6803.0,3739.0,3490.0,3646.0,3760.0,1252.0,1252.0,1256.0,1163.0,1163.0,1164.0,1246.0,1246.0,1247.0,2267.0,2267.0,2269.0,1252.0,1252.0,1256.0,1163.0,1163.0,1164.0
0.0,6710.0,3559.0,3492.0,3760.0,3565.0,1189.0,1189.0,1187.0,1164.0,1164.0,1164.0,1186.0,1186.0,1187.0,2237.0,2237.0,2236.0,1189.0,1189.0,1187.0,1164.0,1164.0,1164.0
0.0,6911.0,3427.0,3490.0,3565.0,3421.0,1139.0,1139.0,1143.0,1163.0,1163.0,1164.0,1142.0,1142.0,1143.0,2303.0,2303.0,2305.0,1139.0,1139.0,1143.0,1163.0,1163.0,1164.0
0.0,7049.0,3430.0,3487.0,3421.0,3421.0,1140.0,1140.0,1141.0,1162.0,1162.0,1163.0,1143.0,1143.0,1144.0,2350.0,2350.0,2349.0,1140.0,1140.0,1141.0,1162.0,1162.0,1163.0
0.0,7040.0,3568.0,3489.0,3421.0,3574.0,1192.0,1192.0,1190.0,1163.0,1163.0,1163.0,1189.0,1189.0,1190.0,2346.0,2346.0,2348.0,1192.0,1192.0,1190.0,1163.0,1163.0,1163.0
0.0,6893.0,3555.0,3492.0,3574.0,3564.0,1188.0,1188.0,1188.0,1164.0,1164.0,1164.0,1185.0,1185.0,1185.0,2297.0,2297.0,2299.0,1188.0,1188.0,1188.0,1164.0,1164.0,1164.0
0.0,6912.0,3573.0,3495.0,3564.0,3582.0,1194.0,1194.0,1194.0,1165.0,1165.0,1165.0,1191.0,1191.0,1191.0,2304.0,2304.0,2304.0,1194.0,1194.0,1194.0,1165.0,1165.0,1165.0
0.0,6903.0,3696.0,3502.0,3582.0,3717.0,1238.0,1238.0,1241.0,1167.0,1167.0,1168.0,1232.0,1232.0,1232.0,2301.0,2301.0,2301.0,1238.0,1238.0,1241.0,1167.0,1167.0,1168.0
0.0,6789.0,3591.0,3504.0,3717.0,3597.0,1200.0,1200.0,1197.0,1168.0,1168.0,1168.0,1197.0,1197.0,1197.0,2263.0,2263.0,2263.0,1200.0,1200.0,1197.0,1168.0,1168.0,1168.0
0.0,6915.0,3390.0,3502.0,3597.0,3384.0,1127.0,1127.0,1130.0,1167.0,1167.0,1168.0,1130.0,1130.0,1130.0,2304.0,2304.0,2307.0,1127.0,1127.0,1130.0,1167.0,1167.0,1168.0
0.0,7122.0,3448.0,3496.0,3384.0,3430.0,1143.0,1143.0,1144.0,1165.0,1165.0,1166.0,1149.0,1149.0,1150.0,2374.0,2374.0,2374.0,1143.0,1143.0,1144.0,1165.0,1165.0,1166.0
0.0,7058.0,3478.0,3496.0,3430.0,3478.0,1159.0,1159.0,1160.0,1165.0,1165.0,1166.0,1159.0,1159.0,1160.0,2352.0,2352.0,2354.0,1159.0,1159.0,1160.0,1165.0,1165.0,1166.0
0.0,7010.0,3549.0,3498.0,3478.0,3555.0,1186.0,1186.0,1183.0,1166.0,1166.0,1166.0,1183.0,1183.0,1183.0,2336.0,2336.0,2338.0,1186.0,1186.0,1183.0,1166.0,1166.0,1166.0
0.0,6939.0,3703.0,3505.0,3555.0,3724.0,1240.0,1240.0,1244.0,1168.0,1168.0,1169.0,1234.0,1234.0,1235.0,2312.0,2312.0,2315.0,1240.0,1240.0,1244.0,1168.0,1168.0,1169.0
0.0,6791.0,3789.0,3513.0,3724.0,3813.0,1272.0,1272.0,1269.0,1171.0,1171.0,1171.0,1263.0,1263.0,1263.0,2264.0,2264.0,2263.0,1272.0,1272.0,1269.0,1171.0,1171.0,1171.0
0.0,6726.0,3663.0,3516.0,3813.0,3672.0,1224.0,1224.0,1224.0,1172.0,1172.0,1172.0,1221.0,1221.0,1221.0,2241.0,2241.0,2244.0,1224.0,1224.0,1224.0,1172.0,1172.0,1172.0
0.0,6876.0,3463.0,3513.0,3672.0,3454.0,1151.0,1151.0,1152.0,1171.0,1171.0,1171.0,1154.0,1154.0,1155.0,2292.0,2292.0,2292.0,1151.0,1151.0,1152.0,1171.0,1171.0,1171.0
0.0,7085.0,3357.0,3508.0,3454.0,3342.0,1113.0,1113.0,1116.0,1169.0,1169.0,1170.0,1119.0,1119.0,1119.0,2362.0,2362.0,2361.0,1113.0,1113.0,1116.0,1169.0,1169.0,1170.0
0.0,7182.0,3445.0,3505.0,3342.0,3436.0,1145.0,1145.0,1146.0,1168.0,1168.0,1169.0,1148.0,1148.0,1149.0,2394.0,2394.0,2394.0,1145.0,1145.0,1146.0,1168.0,1168.0,1169.0
0.0,7079.0,3517.0,3507.0,3436.0,3523.0,1175.0,1175.0,1173.0,1169.0,1169.0,1169.0,1172.0,1172.0,1173.0,2359.0,2359.0,2361.0,1175.0,1175.0,1173.0,1169.0,1169.0,1169.0
0.0,6998.0,3670.0,3511.0,3523.0,3682.0,1226.0,1226.0,1230.0,1170.0,1170.0,1171.0,1223.0,1223.0,1224.0,2332.0,2332.0,2334.0,1226.0,1226.0,1230.0,1170.0,1170.0,1171.0
0.0,6851.0,3699.0,3519.0,3682.0,3723.0,1242.0,1242.0,1239.0,1173.0,1173.0,1173.0,1233.0,1233.0,1233.0,2284.0,2284.0,2283.0,1242.0,1242.0,1239.0,1173.0,1173.0,1173.0
0.0,6834.0,3534.0,3519.0,3723.0,3534.0,1178.0,1178.0,1178.0,1173.0,1173.0,1173.0,1178.0,1178.0,1178.0,2277.0,2277.0,2280.0,1178.0,1178.0,1178.0,1173.0,1173.0,1173.0
0.0,7023.0,3481.0,3517.0,3534.0,3475.0,1157.0,1157.0,1161.0,1172.0,1172.0,1173.0,1160.0,1160.0,1161.0,2341.0,2341.0,2341.0,1157.0,1157.0,1161.0,1172.0,1172.0,1173.0
0.0,7076.0,3480.0,3513.0,3475.0,3468.0,1157.0,1157.0,1154.0,1171.0,1171.0,1171.0,1160.0,1160.0,1160.0,2359.0,2359.0,2358.0,1157.0,1157.0,1154.0,1171.0,1171.0,1171.0
0.0,7071.0,3585.0,3516.0,3468.0,3594.0,1198.0,1198.0,1198.0,1172.0,1172.0,1172.0,1195.0,1195.0,1195.0,2356.0,2356.0,2359.0,1198.0,1198.0,1198.0,1172.0,1172.0,1172.0
0.0,6954.0,3529.0,3520.0,3594.0,3541.0,1179.0,1179.0,1183.0,1173.0,1173.0,1174.0,1176.0,1176.0,1177.0,2318.0,2318.0,2318.0,1179.0,1179.0,1183.0,1173.0,1173.0,1174.0
0.0,7019.0,3520.0,3523.0,3541.0,3529.0,1176.0,1176.0,1177.0,1174.0,1174.0,1175.0,1173.0,1173.0,1174.0,2340.0,2340.0,2339.0,1176.0,1176.0,1177.0,1174.0,1174.0,1175.0
0.0,7040.0,3666.0,3529.0,3529.0,3684.0,1228.0,1228.0,1228.0,1176.0,1176.0,1177.0,1222.0,1222.0,1222.0,2346.0,2346.0,2348.0,1228.0,1228.0,1228.0,1176.0,1176.0,1177.0
0.0,6903.0,3589.0,3529.0,3684.0,3589.0,1196.0,1196.0,1197.0,1176.0,1176.0,1177.0,1196.0,1196.0,1197.0,2300.0,2300.0,2303.0,1196.0,1196.0,1197.0,1176.0,1176.0,1177.0
0.0,6998.0,3672.0,3531.0,3589.0,3678.0,1227.0,1227.0,1224.0,1177.0,1177.0,1177.0,1224.0,1224.0,1224.0,2332.0,2332.0,2334.0,1227.0,1227.0,1224.0,1177.0,1177.0,1177.0
0.0,6915.0,3478.0,3526.0,3678.0,3463.0,1153.0,1153.0,1157.0,1175.0,1175.0,1176.0,1159.0,1159.0,1160.0,2304.0,2304.0,2307.0,1153.0,1153.0,1157.0,1175.0,1175.0,1176.0
0.0,7115.0,3667.0,3529.0,3463.0,3676.0,1225.0,1225.0,1226.0,1176.0,1176.0,1177.0,1222.0,1222.0,1223.0,2372.0,2372.0,2371.0,1225.0,1225.0,1226.0,1176.0,1176.0,1177.0
0.0,6911.0,3565.0,3531.0,3676.0,3571.0,1191.0,1191.0,1189.0,1177.0,1177.0,1177.0,1188.0,1188.0,1189.0,2303.0,2303.0,2305.0,1191.0,1191.0,1189.0,1177.0,1177.0,1177.0
0.0,7022.0,3793.0,3541.0,3571.0,3823.0,1273.0,1273.0,1277.0,1180.0,1180.0,1181.0,1264.0,1264.0,1265.0,2340.0,2340.0,2342.0,1273.0,1273.0,1277.0,1180.0,1180.0,1181.0
0.0,6800.0,3657.0,3549.0,3823.0,3681.0,1228.0,1228.0,1225.0,1183.0,1183.0,1183.0,1219.0,1219.0,1219.0,2267.0,2267.0,2266.0,1228.0,1228.0,1225.0,1183.0,1183.0,1183.0
0.0,6966.0,3565.0,3549.0,3681.0,3565.0,1188.0,1188.0,1189.0,1183.0,1183.0,1183.0,1188.0,1188.0,1189.0,2321.0,2321.0,2324.0,1188.0,1188.0,1189.0,1183.0,1183.0,1183.0
0.0,7082.0,3612.0,3550.0,3565.0,3615.0,1204.0,1204.0,1207.0,1183.0,1183.0,1184.0,1204.0,1204.0,1204.0,2361.0,2361.0,2360.0,1204.0,1204.0,1207.0,1183.0,1183.0,1184.0
0.0,7035.0,3474.0,3547.0,3615.0,3465.0,1155.0,1155.0,1155.0,1182.0,1182.0,1183.0,1158.0,1158.0,1158.0,2345.0,2345.0,2345.0,1155.0,1155.0,1155.0,1182.0,1182.0,1183.0
0.0,7176.0,3445.0,3546.0,3465.0,3442.0,1148.0,1148.0,1146.0,1182.0,1182.0,1182.0,1148.0,1148.0,1149.0,2391.0,2391.0,2394.0,1148.0,1148.0,1146.0,1182.0,1182.0,1182.0
0.0,7196.0,3468.0,3546.0,3442.0,3468.0,1156.0,1156.0,1156.0,1182.0,1182.0,1182.0,1156.0,1156.0,1156.0,2398.0,2398.0,2400.0,1156.0,1156.0,1156.0,1182.0,1182.0,1182.0
0.0,7170.0,3751.0,3553.0,3468.0,3772.0,1256.0,1256.0,1260.0,1184.0,1184.0,1185.0,1250.0,1250.0,1251.0,2390.0,2390.0,2390.0,1256.0,1256.0,1260.0,1184.0,1184.0,1185.0
0.0,6887.0,3723.0,3562.0,3772.0,3750.0,1250.0,1250.0,1250.0,1187.0,1187.0,1188.0,1241.0,1241.0,1241.0,2296.0,2296.0,2295.0,1250.0,1250.0,1250.0,1187.0,1187.0,1188.0
0.0,6936.0,3559.0,3562.0,3750.0,3559.0,1186.0,1186.0,1187.0,1187.0,1187.0,1188.0,1186.0,1186.0,1187.0,2311.0,2311.0,2314.0,1186.0,1186.0,1187.0,1187.0,1187.0,1188.0
0.0,7127.0,3568.0,3562.0,3559.0,3568.0,1189.0,1189.0,1190.0,1187.0,1187.0,1188.0,1189.0,1189.0,1190.0,2375.0,2375.0,2377.0,1189.0,1189.0,1190.0,1187.0,1187.0,1188.0
0.0,7118.0,3406.0,3556.0,3568.0,3388.0,1129.0,1129.0,1130.0,1185.0,1185.0,1186.0,1135.0,1135.0,1136.0,2372.0,2372.0,2374.0,1129.0,1129.0,1130.0,1185.0,1185.0,1186.0
0.0,7280.0,3390.0,3553.0,3388.0,3381.0,1127.0,1127.0,1127.0,1184.0,1184.0,1185.0,1130.0,1130.0,1130.0,2426.0,2426.0,2428.0,1127.0,1127.0,1127.0,1184.0,1184.0,1185.0
0.0,7278.0,3571.0,3555.0,3381.0,3577.0,1193.0,1193.0,1191.0,1185.0,1185.0,1185.0,1190.0,1190.0,1191.0,2425.0,2425.0,2428.0,1193.0,1193.0,1191.0,1185.0,1185.0,1185.0
0.0,7088.0,3639.0,3559.0,3577.0,3651.0,1216.0,1216.0,1219.0,1186.0,1186.0,1187.0,1213.0,1213.0,1213.0,2362.0,2362.0,2364.0,1216.0,1216.0,1219.0,1186.0,1186.0,1187.0
0.0,7026.0,3802.0,3568.0,3651.0,3829.0,1276.0,1276.0,1277.0,1189.0,1189.0,1190.0,1267.0,1267.0,1268.0,2342.0,2342.0,2342.0,1276.0,1276.0,1277.0,1189.0,1189.0,1190.0
0.0,6875.0,3576.0,3571.0,3829.0,3585.0,1195.0,1195.0,1195.0,1190.0,1190.0,1191.0,1192.0,1192.0,1192.0,2291.0,2291.0,2293.0,1195.0,1195.0,1195.0,1190.0,1190.0,1191.0
0.0,7128.0,3615.0,3571.0,3585.0,3615.0,1205.0,1205.0,1205.0,1190.0,1190.0,1191.0,1205.0,1205.0,1205.0,2375.0,2375.0,2378.0,1205.0,1205.0,1205.0,1190.0,1190.0,1191.0
0.0,7098.0,3457.0,3565.0,3615.0,3439.0,1146.0,1146.0,1147.0,1188.0,1188.0,1189.0,1152.0,1152.0,1153.0,2365.0,2365.0,2368.0,1146.0,1146.0,1147.0,1188.0,1188.0,1189.0
0.0,7256.0,3447.0,3564.0,3439.0,3444.0,1149.0,1149.0,1146.0,1188.0,1188.0,1188.0,1149.0,1149.0,1149.0,2418.0,2418.0,2420.0,1149.0,1149.0,1146.0,1188.0,1188.0,1188.0
0.0,7248.0,3706.0,3568.0,3444.0,3718.0,1238.0,1238.0,1242.0,1189.0,1189.0,1190.0,1235.0,1235.0,1236.0,2415.0,2415.0,2418.0,1238.0,1238.0,1242.0,1189.0,1189.0,1190.0
0.0,6986.0,3664.0,3573.0,3718.0,3679.0,1227.0,1227.0,1225.0,1191.0,1191.0,1191.0,1221.0,1221.0,1222.0,2329.0,2329.0,2328.0,1227.0,1227.0,1225.0,1191.0,1191.0,1191.0
0.0,7040.0,3723.0,3576.0,3679.0,3732.0,1244.0,1244.0,1244.0,1192.0,1192.0,1192.0,1241.0,1241.0,1241.0,2346.0,2346.0,2348.0,1244.0,1244.0,1244.0,1192.0,1192.0,1192.0
0.0,6996.0,3643.0,3577.0,3732.0,3646.0,1214.0,1214.0,1218.0,1192.0,1192.0,1193.0,1214.0,1214.0,1215.0,2332.0,2332.0,2332.0,1214.0,1214.0,1218.0,1192.0,1192.0,1193.0
0.0,7085.0,3510.0,3577.0,3646.0,3510.0,1170.0,1170.0,1170.0,1192.0,1192.0,1193.0,1170.0,1170.0,1170.0,2362.0,2362.0,2361.0,1170.0,1170.0,1170.0,1192.0,1192.0,1193.0
0.0,7221.0,3423.0,3571.0,3510.0,3405.0,1135.0,1135.0,1135.0,1190.0,1190.0,1191.0,1141.0,1141.0,1141.0,2406.0,2406.0,2409.0,1135.0,1135.0,1135.0,1190.0,1190.0,1191.0
0.0,7308.0,3450.0,3568.0,3405.0,3441.0,1147.0,1147.0,1147.0,1189.0,1189.0,1190.0,1150.0,1150.0,1150.0,2435.0,2435.0,2438.0,1147.0,1147.0,1147.0,1189.0,1189.0,1190.0
0.0,7263.0,3654.0,3574.0,3441.0,3672.0,1224.0,1224.0,1224.0,1191.0,1191.0,1192.0,1218.0,1218.0,1218.0,2420.0,2420.0,2423.0,1224.0,1224.0,1224.0,1191.0,1191.0,1192.0
0.0,7050.0,3745.0,3580.0,3672.0,3763.0,1254.0,1254.0,1255.0,1193.0,1193.0,1194.0,1248.0,1248.0,1249.0,2349.0,2349.0,2352.0,1254.0,1254.0,1255.0,1193.0,1193.0,1194.0
0.0,6977.0,3727.0,3585.0,3763.0,3742.0,1248.0,1248.0,1246.0,1195.0,1195.0,1195.0,1242.0,1242.0,1243.0,2325.0,2325.0,2327.0,1248.0,1248.0,1246.0,1195.0,1195.0,1195.0
0.0,7013.0,3591.0,3585.0,3742.0,3591.0,1197.0,1197.0,1197.0,1195.0,1195.0,1195.0,1197.0,1197.0,1197.0,2337.0,2337.0,2339.0,1197.0,1197.0,1197.0,1195.0,1195.0,1195.0
0.0,7164.0,3580.0,3583.0,3591.0,3574.0,1190.0,1190.0,1194.0,1194.0,1194.0,1195.0,1193.0,1193.0,1194.0,2388.0,2388.0,2388.0,1190.0,1190.0,1194.0,1194.0,1194.0,1195.0
0.0,7175.0,3507.0,3577.0,3574.0,3489.0,1163.0,1163.0,1163.0,1192.0,1192.0,1193.0,1169.0,1169.0,1169.0,2392.0,2392.0,2391.0,1163.0,1163.0,1163.0,1192.0,1192.0,1193.0
0.0,7242.0,3541.0,3574.0,3489.0,3532.0,1177.0,1177.0,1178.0,1191.0,1191.0,1192.0,1180.0,1180.0,1181.0,2413.0,2413.0,2416.0,1177.0,1177.0,1178.0,1191.0,1191.0,1192.0
0.0,7190.0,3673.0,3579.0,3532.0,3688.0,1230.0,1230.0,1228.0,1193.0,1193.0,1193.0,1224.0,1224.0,1225.0,2396.0,2396.0,2398.0,1230.0,1230.0,1228.0,1193.0,1193.0,1193.0
0.0,7049.0,3687.0,3585.0,3688.0,3705.0,1235.0,1235.0,1235.0,1195.0,1195.0,1195.0,1229.0,1229.0,1229.0,2349.0,2349.0,2351.0,1235.0,1235.0,1235.0,1195.0,1195.0,1195.0
0.0,7050.0,3844.0,3594.0,3705.0,3871.0,1290.0,1290.0,1291.0,1198.0,1198.0,1198.0,1281.0,1281.0,1282.0,2350.0,2350.0,2350.0,1290.0,1290.0,1291.0,1198.0,1198.0,1198.0
0.0,6911.0,3718.0,3597.0,3871.0,3727.0,1242.0,1242.0,1243.0,1199.0,1199.0,1199.0,1239.0,1239.0,1240.0,2304.0,2304.0,2303.0,1242.0,1242.0,1243.0,1199.0,1199.0,1199.0
0.0,7064.0,3624.0,3595.0,3727.0,3618.0,1205.0,1205.0,1208.0,1198.0,1198.0,1199.0,1208.0,1208.0,1208.0,2355.0,2355.0,2354.0,1205.0,1205.0,1208.0,1198.0,1198.0,1199.0
0.0,7167.0,3636.0,3595.0,3618.0,3636.0,1212.0,1212.0,1212.0,1198.0,1198.0,1199.0,1212.0,1212.0,1212.0,2389.0,2389.0,2389.0,1212.0,1212.0,1212.0,1198.0,1198.0,1199.0
0.0,7149.0,3496.0,3594.0,3636.0,3493.0,1165.0,1165.0,1163.0,1198.0,1198.0,1198.0,1165.0,1165.0,1166.0,2382.0,2382.0,2385.0,1165.0,1165.0,1163.0,1198.0,1198.0,1198.0
0.0,7289.0,3511.0,3595.0,3493.0,3514.0,1170.0,1170.0,1174.0,1198.0,1198.0,1199.0,1170.0,1170.0,1171.0,2429.0,2429.0,2431.0,1170.0,1170.0,1174.0,1198.0,1198.0,1199.0
0.0,7271.0,3736.0,3600.0,3514.0,3751.0,1251.0,1251.0,1249.0,1200.0,1200.0,1200.0,1245.0,1245.0,1246.0,2424.0,2424.0,2423.0,1251.0,1251.0,1249.0,1200.0,1200.0,1200.0
0.0,7049.0,3756.0,3603.0,3751.0,3765.0,1255.0,1255.0,1255.0,1201.0,1201.0,1201.0,1252.0,1252.0,1252.0,2349.0,2349.0,2351.0,1255.0,1255.0,1255.0,1201.0,1201.0,1201.0
0.0,7044.0,3718.0,3607.0,3765.0,3730.0,1242.0,1242.0,1246.0,1202.0,1202.0,1203.0,1239.0,1239.0,1240.0,2348.0,2348.0,2348.0,1242.0,1242.0,1246.0,1202.0,1202.0,1203.0
0.0,7091.0,3526.0,3607.0,3730.0,3526.0,1175.0,1175.0,1176.0,1202.0,1202.0,1203.0,1175.0,1175.0,1176.0,2364.0,2364.0,2363.0,1175.0,1175.0,1176.0,1202.0,1202.0,1203.0
0.0,7295.0,3478.0,3603.0,3526.0,3466.0,1156.0,1156.0,1154.0,1201.0,1201.0,1201.0,1159.0,1159.0,1160.0,2431.0,2431.0,2433.0,1156.0,1156.0,1154.0,1201.0,1201.0,1201.0
0.0,7343.0,3451.0,3600.0,3466.0,3442.0,1147.0,1147.0,1148.0,1200.0,1200.0,1200.0,1150.0,1150.0,1151.0,2447.0,2447.0,2449.0,1147.0,1147.0,1148.0,1200.0,1200.0,1200.0
0.0,7358.0,3648.0,3600.0,3442.0,3648.0,1216.0,1216.0,1216.0,1200.0,1200.0,1200.0,1216.0,1216.0,1216.0,2453.0,2453.0,2452.0,1216.0,1216.0,1216.0,1200.0,1200.0,1200.0
0.0,7152.0,3762.0,3606.0,3648.0,3780.0,1260.0,1260.0,1260.0,1202.0,1202.0,1202.0,1254.0,1254.0,1254.0,2384.0,2384.0,2384.0,1260.0,1260.0,1260.0,1202.0,1202.0,1202.0
0.0,7038.0,3790.0,3607.0,3780.0,3793.0,1263.0,1263.0,1267.0,1202.0,1202.0,1203.0,1263.0,1263.0,1264.0,2346.0,2346.0,2346.0,1263.0,1263.0,1267.0,1202.0,1202.0,1203.0
0.0,7028.0,3568.0,3607.0,3793.0,3568.0,1189.0,1189.0,1190.0,1202.0,1202.0,1203.0,1189.0,1189.0,1190.0,2343.0,2343.0,2342.0,1189.0,1189.0,1190.0,1202.0,1202.0,1203.0
0.0,7253.0,3709.0,3606.0,3568.0,3706.0,1236.0,1236.0,1234.0,1202.0,1202.0,1202.0,1236.0,1236.0,1237.0,2417.0,2417.0,2419.0,1236.0,1236.0,1234.0,1202.0,1202.0,1202.0
0.0,7112.0,3622.0,3606.0,3706.0,3622.0,1207.0,1207.0,1208.0,1202.0,1202.0,1202.0,1207.0,1207.0,1208.0,2370.0,2370.0,2372.0,1207.0,1207.0,1208.0,1202.0,1202.0,1202.0
0.0,7196.0,3535.0,3604.0,3622.0,3529.0,1175.0,1175.0,1179.0,1201.0,1201.0,1202.0,1178.0,1178.0,1179.0,2399.0,2399.0,2398.0,1175.0,1175.0,1179.0,1201.0,1201.0,1202.0
0.0,7283.0,3696.0,3607.0,3529.0,3705.0,1235.0,1235.0,1235.0,1202.0,1202.0,1203.0,1232.0,1232.0,1232.0,2428.0,2428.0,2427.0,1235.0,1235.0,1235.0,1202.0,1202.0,1203.0
0.0,7116.0,3799.0,3613.0,3705.0,3817.0,1272.0,1272.0,1273.0,1204.0,1204.0,1205.0,1266.0,1266.0,1267.0,2371.0,2371.0,2374.0,1272.0,1272.0,1273.0,1204.0,1204.0,1205.0
0.0,7022.0,3822.0,3619.0,3817.0,3840.0,1280.0,1280.0,1280.0,1206.0,1206.0,1207.0,1274.0,1274.0,1274.0,2340.0,2340.0,2342.0,1280.0,1280.0,1280.0,1206.0,1206.0,1207.0
0.0,7017.0,3808.0,3627.0,3840.0,3832.0,1278.0,1278.0,1276.0,1209.0,1209.0,1209.0,1269.0,1269.0,1270.0,2338.0,2338.0,2341.0,1278.0,1278.0,1276.0,1209.0,1209.0,1209.0
0.0,7049.0,3538.0,3622.0,3832.0,3523.0,1173.0,1173.0,1177.0,1207.0,1207.0,1208.0,1179.0,1179.0,1180.0,2349.0,2349.0,2351.0,1173.0,1173.0,1177.0,1207.0,1207.0,1208.0
0.0,7343.0,3535.0,3619.0,3523.0,3526.0,1175.0,1175.0,1176.0,1206.0,1206.0,1207.0,1178.0,1178.0,1179.0,2448.0,2448.0,2447.0,1175.0,1175.0,1176.0,1206.0,1206.0,1207.0
0.0,7331.0,3582.0,3619.0,3526.0,3582.0,1194.0,1194.0,1194.0,1206.0,1206.0,1207.0,1194.0,1194.0,1194.0,2443.0,2443.0,2445.0,1194.0,1194.0,1194.0,1206.0,1206.0,1207.0
0.0,7275.0,3675.0,3622.0,3582.0,3684.0,1228.0,1228.0,1228.0,1207.0,1207.0,1208.0,1225.0,1225.0,1225.0,2424.0,2424.0,2427.0,1228.0,1228.0,1228.0,1207.0,1207.0,1208.0
0.0,7182.0,3729.0,3628.0,3684.0,3747.0,1249.0,1249.0,1249.0,1209.0,1209.0,1210.0,1243.0,1243.0,1243.0,2393.0,2393.0,2396.0,1249.0,1249.0,1249.0,1209.0,1209.0,1210.0
0.0,7137.0,3826.0,3636.0,3747.0,3850.0,1284.0,1284.0,1282.0,1212.0,1212.0,1212.0,1275.0,1275.0,1276.0,2378.0,2378.0,2381.0,1284.0,1284.0,1282.0,1212.0,1212.0,1212.0
0.0,7058.0,3793.0,3640.0,3850.0,3805.0,1267.0,1267.0,1271.0,1213.0,1213.0,1214.0,1264.0,1264.0,1265.0,2352.0,2352.0,2354.0,1267.0,1267.0,1271.0,1213.0,1213.0,1214.0
0.0,7115.0,3711.0,3642.0,3805.0,3717.0,1240.0,1240.0,1237.0,1214.0,1214.0,1214.0,1237.0,1237.0,1237.0,2372.0,2372.0,2371.0,1240.0,1240.0,1237.0,1214.0,1214.0,1214.0
0.0,7209.0,3633.0,3639.0,3717.0,3624.0,1208.0,1208.0,1208.0,1213.0,1213.0,1213.0,1211.0,1211.0,1211.0,2402.0,2402.0,2405.0,1208.0,1208.0,1208.0,1213.0,1213.0,1213.0
0.0,7293.0,3555.0,3637.0,3624.0,3549.0,1182.0,1182.0,1185.0,1212.0,1212.0,1213.0,1185.0,1185.0,1185.0,2431.0,2431.0,2431.0,1182.0,1182.0,1185.0,1212.0,1212.0,1213.0
0.0,7362.0,3720.0,3640.0,3549.0,3729.0,1243.0,1243.0,1243.0,1213.0,1213.0,1214.0,1240.0,1240.0,1240.0,2454.0,2454.0,2454.0,1243.0,1243.0,1243.0,1213.0,1213.0,1214.0
0.0,7191.0,3862.0,3648.0,3729.0,3886.0,1296.0,1296.0,1294.0,1216.0,1216.0,1216.0,1287.0,1287.0,1288.0,2396.0,2396.0,2399.0,1296.0,1296.0,1294.0,1216.0,1216.0,1216.0
0.0,7058.0,3748.0,3654.0,3886.0,3766.0,1255.0,1255.0,1256.0,1218.0,1218.0,1218.0,1249.0,1249.0,1250.0,2352.0,2352.0,2354.0,1255.0,1255.0,1256.0,1218.0,1218.0,1218.0
0.0,7196.0,3813.0,3655.0,3766.0,3816.0,1271.0,1271.0,1274.0,1218.0,1218.0,1219.0,1271.0,1271.0,1271.0,2399.0,2399.0,2398.0,1271.0,1271.0,1274.0,1218.0,1218.0,1219.0
0.0,7149.0,3601.0,3654.0,3816.0,3598.0,1200.0,1200.0,1198.0,1218.0,1218.0,1218.0,1200.0,1200.0,1201.0,2383.0,2383.0,2383.0,1200.0,1200.0,1198.0,1218.0,1218.0,1218.0
0.0,7364.0,3451.0,3649.0,3598.0,3436.0,1144.0,1144.0,1148.0,1216.0,1216.0,1217.0,1150.0,1150.0,1151.0,2454.0,2454.0,2456.0,1144.0,1144.0,1148.0,1216.0,1216.0,1217.0
0.0,7511.0,3597.0,3648.0,3436.0,3594.0,1199.0,1199.0,1196.0,1216.0,1216.0,1216.0,1199.0,1199.0,1199.0,2504.0,2504.0,2503.0,1199.0,1199.0,1196.0,1216.0,1216.0,1216.0
0.0,7350.0,3783.0,3654.0,3594.0,3801.0,1267.0,1267.0,1267.0,1218.0,1218.0,1218.0,1261.0,1261.0,1261.0,2449.0,2449.0,2452.0,1267.0,1267.0,1267.0,1218.0,1218.0,1218.0
0.0,7161.0,3826.0,3661.0,3801.0,3847.0,1281.0,1281.0,1285.0,1220.0,1220.0,1221.0,1275.0,1275.0,1276.0,2387.0,2387.0,2387.0,1281.0,1281.0,1285.0,1220.0,1220.0,1221.0
0.0,7136.0,3855.0,3669.0,3847.0,3879.0,1294.0,1294.0,1291.0,1223.0,1223.0,1223.0,1285.0,1285.0,1285.0,2379.0,2379.0,2378.0,1294.0,1294.0,1291.0,1223.0,1223.0,1223.0
0.0,7128.0,3739.0,3670.0,3879.0,3742.0,1246.0,1246.0,1250.0,1223.0,1223.0,1224.0,1246.0,1246.0,1247.0,2375.0,2375.0,2378.0,1246.0,1246.0,1250.0,1223.0,1223.0,1224.0
0.0,7268.0,3718.0,3670.0,3742.0,3718.0,1239.0,1239.0,1240.0,1223.0,1223.0,1224.0,1239.0,1239.0,1240.0,2423.0,2423.0,2422.0,1239.0,1239.0,1240.0,1223.0,1223.0,1224.0
0.0,7292.0,3430.0,3664.0,3718.0,3412.0,1137.0,1137.0,1138.0,1221.0,1221.0,1222.0,1143.0,1143.0,1144.0,2430.0,2430.0,2432.0,1137.0,1137.0,1138.0,1221.0,1221.0,1222.0
0.0,7580.0,3558.0,3664.0,3412.0,3558.0,1186.0,1186.0,1186.0,1221.0,1221.0,1222.0,1186.0,1186.0,1186.0,2526.0,2526.0,2528.0,1186.0,1186.0,1186.0,1221.0,1221.0,1222.0
0.0,7434.0,3681.0,3666.0,3558.0,3687.0,1230.0,1230.0,1227.0,1222.0,1222.0,1222.0,1227.0,1227.0,1227.0,2477.0,2477.0,2480.0,1230.0,1230.0,1227.0,1222.0,1222.0,1222.0
0.0,7311.0,3652.0,3669.0,3687.0,3661.0,1220.0,1220.0,1221.0,1223.0,1223.0,1223.0,1217.0,1217.0,1218.0,2436.0,2436.0,2439.0,1220.0,1220.0,1221.0,1223.0,1223.0,1223.0
0.0,7346.0,3820.0,3673.0,3661.0,3832.0,1276.0,1276.0,1280.0,1224.0,1224.0,1225.0,1273.0,1273.0,1274.0,2449.0,2449.0,2448.0,1276.0,1276.0,1280.0,1224.0,1224.0,1225.0
0.0,7187.0,3715.0,3675.0,3832.0,3721.0,1241.0,1241.0,1239.0,1225.0,1225.0,1225.0,1238.0,1238.0,1239.0,2396.0,2396.0,2395.0,1241.0,1241.0,1239.0,1225.0,1225.0,1225.0
0.0,7304.0,3528.0,3672.0,3721.0,3519.0,1173.0,1173.0,1173.0,1224.0,1224.0,1224.0,1176.0,1176.0,1176.0,2434.0,2434.0,2436.0,1173.0,1173.0,1173.0,1224.0,1224.0,1224.0
0.0,7497.0,3670.0,3669.0,3519.0,3661.0,1220.0,1220.0,1221.0,1223.0,1223.0,1223.0,1223.0,1223.0,1224.0,2499.0,2499.0,2499.0,1220.0,1220.0,1221.0,1223.0,1223.0,1223.0
0.0,7346.0,3585.0,3666.0,3661.0,3576.0,1192.0,1192.0,1192.0,1222.0,1222.0,1222.0,1195.0,1195.0,1195.0,2449.0,2449.0,2448.0,1192.0,1192.0,1192.0,1222.0,1222.0,1222.0
0.0,7422.0,3652.0,3666.0,3576.0,3652.0,1217.0,1217.0,1218.0,1222.0,1222.0,1222.0,1217.0,1217.0,1218.0,2474.0,2474.0,2474.0,1217.0,1217.0,1218.0,1222.0,1222.0,1222.0
0.0,7346.0,3909.0,3672.0,3652.0,3927.0,1309.0,1309.0,1309.0,1224.0,1224.0,1224.0,1303.0,1303.0,1303.0,2449.0,2449.0,2448.0,1309.0,1309.0,1309.0,1224.0,1224.0,1224.0
0.0,7089.0,3934.0,3679.0,3927.0,3955.0,1317.0,1317.0,1321.0,1226.0,1226.0,1227.0,1311.0,1311.0,1312.0,2363.0,2363.0,2363.0,1317.0,1317.0,1321.0,1226.0,1226.0,1227.0
0.0,7082.0,3771.0,3685.0,3955.0,3789.0,1263.0,1263.0,1263.0,1228.0,1228.0,1229.0,1257.0,1257.0,1257.0,2361.0,2361.0,2360.0,1263.0,1263.0,1263.0,1228.0,1228.0,1229.0
0.0,7266.0,3613.0,3682.0,3789.0,3604.0,1201.0,1201.0,1202.0,1227.0,1227.0,1228.0,1204.0,1204.0,1205.0,2421.0,2421.0,2424.0,1201.0,1201.0,1202.0,1227.0,1227.0,1228.0
0.0,7442.0,3583.0,3679.0,3604.0,3574.0,1191.0,1191.0,1192.0,1226.0,1226.0,1227.0,1194.0,1194.0,1195.0,2480.0,2480.0,2482.0,1191.0,1191.0,1192.0,1226.0,1226.0,1227.0
0.0,7463.0,3573.0,3676.0,3574.0,3564.0,1188.0,1188.0,1188.0,1225.0,1225.0,1226.0,1191.0,1191.0,1191.0,2487.0,2487.0,2489.0,1188.0,1188.0,1188.0,1225.0,1225.0,1226.0
0.0,7464.0,3640.0,3679.0,3564.0,3649.0,1216.0,1216.0,1217.0,1226.0,1226.0,1227.0,1213.0,1213.0,1214.0,2487.0,2487.0,2490.0,1216.0,1216.0,1217.0,1226.0,1226.0,1227.0
0.0,7388.0,3814.0,3685.0,3649.0,3832.0,1277.0,1277.0,1278.0,1228.0,1228.0,1229.0,1271.0,1271.0,1272.0,2462.0,2462.0,2464.0,1277.0,1277.0,1278.0,1228.0,1228.0,1229.0
0.0,7223.0,3871.0,3693.0,3832.0,3895.0,1299.0,1299.0,1297.0,1231.0,1231.0,1231.0,1290.0,1290.0,1291.0,2407.0,2407.0,2409.0,1299.0,1299.0,1297.0,1231.0,1231.0,1231.0
0.0,7184.0,3708.0,3694.0,3895.0,3711.0,1236.0,1236.0,1239.0,1231.0,1231.0,1232.0,1236.0,1236.0,1236.0,2394.0,2394.0,2396.0,1236.0,1236.0,1239.0,1231.0,1231.0,1232.0
0.0,7371.0,3586.0,3691.0,3711.0,3577.0,1192.0,1192.0,1193.0,1230.0,1230.0,1231.0,1195.0,1195.0,1196.0,2457.0,2457.0,2457.0,1192.0,1192.0,1193.0,1230.0,1230.0,1231.0
0.0,7496.0,3601.0,3688.0,3577.0,3592.0,1197.0,1197.0,1198.0,1229.0,1229.0,1230.0,1200.0,1200.0,1201.0,2498.0,2498.0,2500.0,1197.0,1197.0,1198.0,1229.0,1229.0,1230.0
0.0,7472.0,3655.0,3688.0,3592.0,3655.0,1218.0,1218.0,1219.0,1229.0,1229.0,1230.0,1218.0,1218.0,1219.0,2490.0,2490.0,2492.0,1218.0,1218.0,1219.0,1229.0,1229.0,1230.0
0.0,7409.0,3766.0,3690.0,3655.0,3772.0,1258.0,1258.0,1256.0,1230.0,1230.0,1230.0,1255.0,1255.0,1256.0,2469.0,2469.0,2471.0,1258.0,1258.0,1256.0,1230.0,1230.0,1230.0
0.0,7298.0,3949.0,3697.0,3772.0,3970.0,1322.0,1322.0,1326.0,1232.0,1232.0,1233.0,1316.0,1316.0,1317.0,2432.0,2432.0,2434.0,1322.0,1322.0,1326.0,1232.0,1232.0,1233.0
0.0,7121.0,3733.0,3700.0,3970.0,3742.0,1247.0,1247.0,1248.0,1233.0,1233.0,1234.0,1244.0,1244.0,1245.0,2374.0,2374.0,2373.0,1247.0,1247.0,1248.0,1233.0,1233.0,1234.0
0.0,7358.0,3895.0,3703.0,3742.0,3904.0,1301.0,1301.0,1302.0,1234.0,1234.0,1235.0,1298.0,1298.0,1299.0,2452.0,2452.0,2454.0,1301.0,1301.0,1302.0,1234.0,1234.0,1235.0
0.0,7205.0,3577.0,3700.0,3904.0,3568.0,1189.0,1189.0,1190.0,1233.0,1233.0,1234.0,1192.0,1192.0,1193.0,2401.0,2401.0,2403.0,1189.0,1189.0,1190.0,1233.0,1233.0,1234.0
0.0,7532.0,3471.0,3693.0,3568.0,3450.0,1151.0,1151.0,1148.0,1231.0,1231.0,1231.0,1157.0,1157.0,1157.0,2510.0,2510.0,2512.0,1151.0,1151.0,1148.0,1231.0,1231.0,1231.0
0.0,7629.0,3571.0,3688.0,3450.0,3556.0,1184.0,1184.0,1188.0,1229.0,1229.0,1230.0,1190.0,1190.0,1191.0,2542.0,2542.0,2545.0,1184.0,1184.0,1188.0,1229.0,1229.0,1230.0
0.0,7508.0,3750.0,3693.0,3556.0,3765.0,1256.0,1256.0,1253.0,1231.0,1231.0,1231.0,1250.0,1250.0,1250.0,2503.0,2503.0,2502.0,1256.0,1256.0,1253.0,1231.0,1231.0,1231.0
0.0,7314.0,3850.0,3699.0,3765.0,3868.0,1289.0,1289.0,1290.0,1233.0,1233.0,1233.0,1283.0,1283.0,1284.0,2437.0,2437.0,2440.0,1289.0,1289.0,1290.0,1233.0,1233.0,1233.0
0.0,7229.0,3877.0,3705.0,3868.0,3895.0,1298.0,1298.0,1299.0,1235.0,1235.0,1235.0,1292.0,1292.0,1293.0,2410.0,2410.0,2409.0,1298.0,1298.0,1299.0,1235.0,1235.0,1235.0
0.0,7220.0,3753.0,3706.0,3895.0,3756.0,1251.0,1251.0,1254.0,1235.0,1235.0,1236.0,1251.0,1251.0,1251.0,2407.0,2407.0,2406.0,1251.0,1251.0,1254.0,1235.0,1235.0,1236.0
0.0,7362.0,3577.0,3703.0,3756.0,3568.0,1189.0,1189.0,1190.0,1234.0,1234.0,1235.0,1192.0,1192.0,1193.0,2454.0,2454.0,2454.0,1189.0,1189.0,1190.0,1234.0,1234.0,1235.0
0.0,7541.0,3646.0,3700.0,3568.0,3637.0,1212.0,1212.0,1213.0,1233.0,1233.0,1234.0,1215.0,1215.0,1216.0,2513.0,2513.0,2515.0,1212.0,1212.0,1213.0,1233.0,1233.0,1234.0
0.0,7463.0,3589.0,3696.0,3637.0,3577.0,1193.0,1193.0,1191.0,1232.0,1232.0,1232.0,1196.0,1196.0,1197.0,2487.0,2487.0,2489.0,1193.0,1193.0,1191.0,1232.0,1232.0,1232.0
0.0,7511.0,3823.0,3697.0,3577.0,3826.0,1274.0,1274.0,1278.0,1232.0,1232.0,1233.0,1274.0,1274.0,1275.0,2503.0,2503.0,2505.0,1274.0,1274.0,1278.0,1232.0,1232.0,1233.0
0.0,7265.0,3973.0,3703.0,3826.0,3991.0,1330.0,1330.0,1331.0,1234.0,1234.0,1235.0,1324.0,1324.0,1325.0,2422.0,2422.0,2421.0,1330.0,1330.0,1331.0,1234.0,1234.0,1235.0
0.0,7118.0,4029.0,3714.0,3991.0,4062.0,1355.0,1355.0,1352.0,1238.0,1238.0,1238.0,1343.0,1343.0,1343.0,2372.0,2372.0,2374.0,1355.0,1355.0,1352.0,1238.0,1238.0,1238.0
0.0,7080.0,3892.0,3717.0,4062.0,3901.0,1300.0,1300.0,1301.0,1239.0,1239.0,1239.0,1297.0,1297.0,1298.0,2359.0,2359.0,2362.0,1300.0,1300.0,1301.0,1239.0,1239.0,1239.0
0.0,7250.0,3669.0,3712.0,3901.0,3654.0,1217.0,1217.0,1220.0,1237.0,1237.0,1238.0,1223.0,1223.0,1223.0,2417.0,2417.0,2416.0,1217.0,1217.0,1220.0,1237.0,1237.0,1238.0
0.0,7482.0,3627.0,3711.0,3654.0,3624.0,1209.0,1209.0,1206.0,1237.0,1237.0,1237.0,1209.0,1209.0,1209.0,2494.0,2494.0,2494.0,1209.0,1209.0,1206.0,1237.0,1237.0,1237.0
0.0,7509.0,3781.0,3709.0,3624.0,3775.0,1257.0,1257.0,1261.0,1236.0,1236.0,1237.0,1260.0,1260.0,1261.0,2502.0,2502.0,2505.0,1257.0,1257.0,1261.0,1236.0,1236.0,1237.0
0.0,7352.0,3604.0,3709.0,3775.0,3604.0,1201.0,1201.0,1202.0,1236.0,1236.0,1237.0,1201.0,1201.0,1202.0,2451.0,2451.0,2450.0,1201.0,1201.0,1202.0,1236.0,1236.0,1237.0
0.0,7523.0,3943.0,3720.0,3604.0,3976.0,1326.0,1326.0,1324.0,1240.0,1240.0,1240.0,1314.0,1314.0,1315.0,2507.0,2507.0,2509.0,1326.0,1326.0,1324.0,1240.0,1240.0,1240.0
0.0,7184.0,3747.0,3723.0,3976.0,3756.0,1252.0,1252.0,1252.0,1241.0,1241.0,1241.0,1249.0,1249.0,1249.0,2394.0,2394.0,2396.0,1252.0,1252.0,1252.0,1241.0,1241.0,1241.0
0.0,7413.0,3811.0,3723.0,3756.0,3811.0,1270.0,1270.0,1271.0,1241.0,1241.0,1241.0,1270.0,1270.0,1271.0,2471.0,2471.0,2471.0,1270.0,1270.0,1271.0,1241.0,1241.0,1241.0
0.0,7358.0,3744.0,3721.0,3811.0,3738.0,1245.0,1245.0,1248.0,1240.0,1240.0,1241.0,1248.0,1248.0,1248.0,2453.0,2453.0,2452.0,1245.0,1245.0,1248.0,1240.0,1240.0,1241.0
0.0,7425.0,3609.0,3717.0,3738.0,3597.0,1200.0,1200.0,1197.0,1239.0,1239.0,1239.0,1203.0,1203.0,1203.0,2475.0,2475.0,2475.0,1200.0,1200.0,1197.0,1239.0,1239.0,1239.0
0.0,7554.0,3621.0,3715.0,3597.0,3615.0,1204.0,1204.0,1207.0,1238.0,1238.0,1239.0,1207.0,1207.0,1207.0,2517.0,2517.0,2520.0,1204.0,1204.0,1207.0,1238.0,1238.0,1239.0
0.0,7530.0,3909.0,3718.0,3615.0,3918.0,1306.0,1306.0,1306.0,1239.0,1239.0,1240.0,1303.0,1303.0,1303.0,2510.0,2510.0,2510.0,1306.0,1306.0,1306.0,1239.0,1239.0,1240.0
0.0,7236.0,3780.0,3724.0,3918.0,3798.0,1266.0,1266.0,1266.0,1241.0,1241.0,1242.0,1260.0,1260.0,1260.0,2411.0,2411.0,2414.0,1266.0,1266.0,1266.0,1241.0,1241.0,1242.0
0.0,7374.0,3832.0,3730.0,3798.0,3850.0,1283.0,1283.0,1284.0,1243.0,1243.0,1244.0,1277.0,1277.0,1278.0,2457.0,2457.0,2460.0,1283.0,1283.0,1284.0,1243.0,1243.0,1244.0
0.0,7340.0,3765.0,3732.0,3850.0,3771.0,1258.0,1258.0,1255.0,1244.0,1244.0,1244.0,1255.0,1255.0,1255.0,2446.0,2446.0,2448.0,1258.0,1258.0,1255.0,1244.0,1244.0,1244.0
0.0,7425.0,3682.0,3732.0,3771.0,3682.0,1227.0,1227.0,1228.0,1244.0,1244.0,1244.0,1227.0,1227.0,1228.0,2474.0,2474.0,2477.0,1227.0,1227.0,1228.0,1244.0,1244.0,1244.0
0.0,7514.0,3639.0,3729.0,3682.0,3630.0,1210.0,1210.0,1210.0,1243.0,1243.0,1243.0,1213.0,1213.0,1213.0,2505.0,2505.0,2504.0,1210.0,1210.0,1210.0,1243.0,1243.0,1243.0
0.0,7557.0,3678.0,3727.0,3630.0,3672.0,1223.0,1223.0,1226.0,1242.0,1242.0,1243.0,1226.0,1226.0,1226.0,2519.0,2519.0,2519.0,1223.0,1223.0,1226.0,1242.0,1242.0,1243.0
0.0,7509.0,3819.0,3733.0,3672.0,3837.0,1279.0,1279.0,1279.0,1244.0,1244.0,1245.0,1273.0,1273.0,1273.0,2503.0,2503.0,2503.0,1279.0,1279.0,1279.0,1244.0,1244.0,1245.0
0.0,7362.0,3997.0,3739.0,3837.0,4015.0,1338.0,1338.0,1339.0,1246.0,1246.0,1247.0,1332.0,1332.0,1333.0,2453.0,2453.0,2456.0,1338.0,1338.0,1339.0,1246.0,1246.0,1247.0
0.0,7202.0,3931.0,3747.0,4015.0,3955.0,1319.0,1319.0,1317.0,1249.0,1249.0,1249.0,1310.0,1310.0,1311.0,2400.0,2400.0,2402.0,1319.0,1319.0,1317.0,1249.0,1249.0,1249.0
0.0,7286.0,3769.0,3748.0,3955.0,3772.0,1256.0,1256.0,1260.0,1249.0,1249.0,1250.0,1256.0,1256.0,1257.0,2428.0,2428.0,2430.0,1256.0,1256.0,1260.0,1249.0,1249.0,1250.0
0.0,7472.0,3733.0,3745.0,3772.0,3724.0,1241.0,1241.0,1242.0,1248.0,1248.0,1249.0,1244.0,1244.0,1245.0,2491.0,2491.0,2490.0,1241.0,1241.0,1242.0,1248.0,1248.0,1249.0
0.0,7511.0,3570.0,3739.0,3724.0,3552.0,1184.0,1184.0,1184.0,1246.0,1246.0,1247.0,1190.0,1190.0,1190.0,2503.0,2503.0,2505.0,1184.0,1184.0,1184.0,1246.0,1246.0,1247.0
0.0,7665.0,3603.0,3735.0,3552.0,3591.0,1198.0,1198.0,1195.0,1245.0,1245.0,1245.0,1201.0,1201.0,1201.0,2554.0,2554.0,2557.0,1198.0,1198.0,1195.0,1245.0,1245.0,1245.0
0.0,7614.0,3775.0,3738.0,3591.0,3784.0,1261.0,1261.0,1262.0,1246.0,1246.0,1246.0,1258.0,1258.0,1259.0,2537.0,2537.0,2540.0,1261.0,1261.0,1262.0,1246.0,1246.0,1246.0
0.0,7430.0,3961.0,3745.0,3784.0,3982.0,1326.0,1326.0,1330.0,1248.0,1248.0,1249.0,1320.0,1320.0,1321.0,2477.0,2477.0,2476.0,1326.0,1326.0,1330.0,1248.0,1248.0,1249.0
0.0,7253.0,3909.0,3751.0,3982.0,3927.0,1309.0,1309.0,1309.0,1250.0,1250.0,1251.0,1303.0,1303.0,1303.0,2418.0,2418.0,2417.0,1309.0,1309.0,1309.0,1250.0,1250.0,1251.0
0.0,7326.0,3922.0,3757.0,3927.0,3940.0,1313.0,1313.0,1314.0,1252.0,1252.0,1253.0,1307.0,1307.0,1308.0,2441.0,2441.0,2444.0,1313.0,1313.0,1314.0,1252.0,1252.0,1253.0
0.0,7331.0,3742.0,3756.0,3940.0,3739.0,1247.0,1247.0,1245.0,1252.0,1252.0,1252.0,1247.0,1247.0,1248.0,2443.0,2443.0,2445.0,1247.0,1247.0,1245.0,1252.0,1252.0,1252.0
0.0,7529.0,3595.0,3751.0,3739.0,3580.0,1192.0,1192.0,1196.0,1250.0,1250.0,1251.0,1198.0,1198.0,1199.0,2509.0,2509.0,2511.0,1192.0,1192.0,1196.0,1250.0,1250.0,1251.0
0.0,7673.0,3634.0,3750.0,3580.0,3631.0,1211.0,1211.0,1209.0,1250.0,1250.0,1250.0,1211.0,1211.0,1212.0,2558.0,2558.0,2557.0,1211.0,1211.0,1209.0,1250.0,1250.0,1250.0
0.0,7619.0,3630.0,3750.0,3631.0,3630.0,1210.0,1210.0,1210.0,1250.0,1250.0,1250.0,1210.0,1210.0,1210.0,2539.0,2539.0,2541.0,1210.0,1210.0,1210.0,1250.0,1250.0,1250.0
0.0,7620.0,3859.0,3756.0,3630.0,3877.0,1292.0,1292.0,1293.0,1252.0,1252.0,1252.0,1286.0,1286.0,1287.0,2540.0,2540.0,2540.0,1292.0,1292.0,1293.0,1252.0,1252.0,1252.0
0.0,7391.0,3949.0,3760.0,3877.0,3961.0,1319.0,1319.0,1323.0,1253.0,1253.0,1254.0,1316.0,1316.0,1317.0,2464.0,2464.0,2463.0,1319.0,1319.0,1323.0,1253.0,1253.0,1254.0
0.0,7319.0,3763.0,3760.0,3961.0,3763.0,1254.0,1254.0,1255.0,1253.0,1253.0,1254.0,1254.0,1254.0,1255.0,2440.0,2440.0,2439.0,1254.0,1254.0,1255.0,1253.0,1253.0,1254.0
0.0,7517.0,3783.0,3757.0,3763.0,3774.0,1258.0,1258.0,1258.0,1252.0,1252.0,1253.0,1261.0,1261.0,1261.0,2505.0,2505.0,2507.0,1258.0,1258.0,1258.0,1252.0,1252.0,1253.0
0.0,7497.0,3562.0,3754.0,3774.0,3553.0,1184.0,1184.0,1185.0,1251.0,1251.0,1252.0,1187.0,1187.0,1188.0,2498.0,2498.0,2501.0,1184.0,1184.0,1185.0,1251.0,1251.0,1252.0
0.0,7709.0,3556.0,3748.0,3553.0,3538.0,1179.0,1179.0,1180.0,1249.0,1249.0,1250.0,1185.0,1185.0,1186.0,2569.0,2569.0,2571.0,1179.0,1179.0,1180.0,1249.0,1249.0,1250.0
0.0,7706.0,3874.0,3754.0,3538.0,3892.0,1297.0,1297.0,1298.0,1251.0,1251.0,1252.0,1291.0,1291.0,1292.0,2568.0,2568.0,2570.0,1297.0,1297.0,1298.0,1251.0,1251.0,1252.0
0.0,7370.0,3820.0,3760.0,3892.0,3838.0,1279.0,1279.0,1280.0,1253.0,1253.0,1254.0,1273.0,1273.0,1274.0,2456.0,2456.0,2458.0,1279.0,1279.0,1280.0,1253.0,1253.0,1254.0
0.0,7442.0,4017.0,3769.0,3838.0,4044.0,1348.0,1348.0,1348.0,1256.0,1256.0,1257.0,1339.0,1339.0,1339.0,2480.0,2480.0,2482.0,1348.0,1348.0,1348.0,1256.0,1256.0,1257.0
0.0,7263.0,3910.0,3772.0,4044.0,3919.0,1306.0,1306.0,1307.0,1257.0,1257.0,1258.0,1303.0,1303.0,1304.0,2420.0,2420.0,2423.0,1306.0,1306.0,1307.0,1257.0,1257.0,1258.0
0.0,7397.0,3682.0,3769.0,3919.0,3673.0,1224.0,1224.0,1225.0,1256.0,1256.0,1257.0,1227.0,1227.0,1228.0,2465.0,2465.0,2467.0,1224.0,1224.0,1225.0,1256.0,1256.0,1257.0
0.0,7634.0,3679.0,3765.0,3673.0,3667.0,1223.0,1223.0,1221.0,1255.0,1255.0,1255.0,1226.0,1226.0,1227.0,2544.0,2544.0,2546.0,1223.0,1223.0,1221.0,1255.0,1255.0,1255.0
0.0,7628.0,3690.0,3763.0,3667.0,3684.0,1227.0,1227.0,1230.0,1254.0,1254.0,1255.0,1230.0,1230.0,1230.0,2542.0,2542.0,2544.0,1227.0,1227.0,1230.0,1254.0,1254.0,1255.0
0.0,7605.0,3898.0,3769.0,3684.0,3916.0,1305.0,1305.0,1306.0,1256.0,1256.0,1257.0,1299.0,1299.0,1300.0,2535.0,2535.0,2535.0,1305.0,1305.0,1306.0,1256.0,1256.0,1257.0
0.0,7391.0,3871.0,3774.0,3916.0,3886.0,1296.0,1296.0,1294.0,1258.0,1258.0,1258.0,1290.0,1290.0,1291.0,2463.0,2463.0,2465.0,1296.0,1296.0,1294.0,1258.0,1258.0,1258.0
0.0,7436.0,3867.0,3780.0,3886.0,3885.0,1295.0,1295.0,1295.0,1260.0,1260.0,1260.0,1289.0,1289.0,1289.0,2478.0,2478.0,2480.0,1295.0,1295.0,1295.0,1260.0,1260.0,1260.0
0.0,7455.0,3694.0,3777.0,3885.0,3685.0,1228.0,1228.0,1229.0,1259.0,1259.0,1259.0,1231.0,1231.0,1232.0,2485.0,2485.0,2485.0,1228.0,1228.0,1229.0,1259.0,1259.0,1259.0
0.0,7646.0,3696.0,3772.0,3685.0,3681.0,1226.0,1226.0,1229.0,1257.0,1257.0,1258.0,1232.0,1232.0,1232.0,2549.0,2549.0,2548.0,1226.0,1226.0,1229.0,1257.0,1257.0,1258.0
0.0,7635.0,3624.0,3763.0,3681.0,3597.0,1199.0,1199.0,1199.0,1254.0,1254.0,1255.0,1208.0,1208.0,1208.0,2545.0,2545.0,2545.0,1199.0,1199.0,1199.0,1254.0,1254.0,1255.0
0.0,7692.0,3663.0,3760.0,3597.0,3654.0,1218.0,1218.0,1218.0,1253.0,1253.0,1254.0,1221.0,1221.0,1221.0,2563.0,2563.0,2566.0,1218.0,1218.0,1218.0,1253.0,1253.0,1254.0
0.0,7626.0,3691.0,3760.0,3654.0,3691.0,1230.0,1230.0,1231.0,1253.0,1253.0,1254.0,1230.0,1230.0,1231.0,2541.0,2541.0,2544.0,1230.0,1230.0,1231.0,1253.0,1253.0,1254.0
0.0,7589.0,3853.0,3765.0,3691.0,3868.0,1290.0,1290.0,1288.0,1255.0,1255.0,1255.0,1284.0,1284.0,1285.0,2529.0,2529.0,2531.0,1290.0,1290.0,1288.0,1255.0,1255.0,1255.0
0.0,7427.0,3970.0,3768.0,3868.0,3979.0,1326.0,1326.0,1327.0,1256.0,1256.0,1256.0,1323.0,1323.0,1324.0,2475.0,2475.0,2477.0,1326.0,1326.0,1327.0,1256.0,1256.0,1256.0
0.0,7325.0,4000.0,3775.0,3979.0,4021.0,1339.0,1339.0,1343.0,1258.0,1258.0,1259.0,1333.0,1333.0,1334.0,2442.0,2442.0,2441.0,1339.0,1339.0,1343.0,1258.0,1258.0,1259.0
0.0,7304.0,3841.0,3774.0,4021.0,3838.0,1280.0,1280.0,1278.0,1258.0,1258.0,1258.0,1280.0,1280.0,1281.0,2435.0,2435.0,2434.0,1280.0,1280.0,1278.0,1258.0,1258.0,1258.0
0.0,7484.0,3606.0,3771.0,3838.0,3597.0,1199.0,1199.0,1199.0,1257.0,1257.0,1257.0,1202.0,1202.0,1202.0,2494.0,2494.0,2496.0,1199.0,1199.0,1199.0,1257.0,1257.0,1257.0
0.0,7716.0,3721.0,3769.0,3597.0,3715.0,1237.0,1237.0,1241.0,1256.0,1256.0,1257.0,1240.0,1240.0,1241.0,2572.0,2572.0,2572.0,1237.0,1237.0,1241.0,1256.0,1256.0,1257.0
0.0,7592.0,3823.0,3771.0,3715.0,3829.0,1277.0,1277.0,1275.0,1257.0,1257.0,1257.0,1274.0,1274.0,1275.0,2531.0,2531.0,2530.0,1277.0,1277.0,1275.0,1257.0,1257.0,1257.0
0.0,7484.0,3841.0,3775.0,3829.0,3853.0,1283.0,1283.0,1287.0,1258.0,1258.0,1259.0,1280.0,1280.0,1281.0,2494.0,2494.0,2496.0,1283.0,1283.0,1287.0,1258.0,1258.0,1259.0
0.0,7472.0,3975.0,3781.0,3853.0,3993.0,1331.0,1331.0,1331.0,1260.0,1260.0,1261.0,1325.0,1325.0,1325.0,2491.0,2491.0,2490.0,1331.0,1331.0,1331.0,1260.0,1260.0,1261.0
0.0,7350.0,3937.0,3783.0,3993.0,3943.0,1315.0,1315.0,1313.0,1261.0,1261.0,1261.0,1312.0,1312.0,1313.0,2449.0,2449.0,2452.0,1315.0,1315.0,1313.0,1261.0,1261.0,1261.0
0.0,7406.0,3774.0,3783.0,3943.0,3774.0,1258.0,1258.0,1258.0,1261.0,1261.0,1261.0,1258.0,1258.0,1258.0,2468.0,2468.0,2470.0,1258.0,1258.0,1258.0,1261.0,1261.0,1261.0
0.0,7575.0,3616.0,3778.0,3774.0,3601.0,1199.0,1199.0,1203.0,1259.0,1259.0,1260.0,1205.0,1205.0,1206.0,2525.0,2525.0,2525.0,1199.0,1199.0,1203.0,1259.0,1259.0,1260.0
0.0,7733.0,3759.0,3778.0,3601.0,3759.0,1253.0,1253.0,1253.0,1259.0,1259.0,1260.0,1253.0,1253.0,1253.0,2578.0,2578.0,2577.0,1253.0,1253.0,1253.0,1259.0,1259.0,1260.0
0.0,7575.0,3783.0,3780.0,3759.0,3789.0,1264.0,1264.0,1261.0,1260.0,1260.0,1260.0,1261.0,1261.0,1261.0,2524.0,2524.0,2527.0,1264.0,1264.0,1261.0,1260.0,1260.0,1260.0
0.0,7551.0,3894.0,3784.0,3789.0,3906.0,1301.0,1301.0,1304.0,1261.0,1261.0,1262.0,1298.0,1298.0,1298.0,2516.0,2516.0,2519.0,1301.0,1301.0,1304.0,1261.0,1261.0,1262.0
0.0,7446.0,4111.0,3793.0,3906.0,4138.0,1379.0,1379.0,1380.0,1264.0,1264.0,1265.0,1370.0,1370.0,1371.0,2482.0,2482.0,2482.0,1379.0,1379.0,1380.0,1264.0,1264.0,1265.0
0.0,7241.0,4029.0,3798.0,4138.0,4044.0,1349.0,1349.0,1346.0,1266.0,1266.0,1266.0,1343.0,1343.0,1343.0,2413.0,2413.0,2415.0,1349.0,1349.0,1346.0,1266.0,1266.0,1266.0
0.0,7350.0,3697.0,3792.0,4044.0,3679.0,1226.0,1226.0,1227.0,1264.0,1264.0,1264.0,1232.0,1232.0,1233.0,2449.0,2449.0,2452.0,1226.0,1226.0,1227.0,1264.0,1264.0,1264.0
0.0,7697.0,3651.0,3786.0,3679.0,3633.0,1211.0,1211.0,1211.0,1262.0,1262.0,1262.0,1217.0,1217.0,1217.0,2566.0,2566.0,2565.0,1211.0,1211.0,1211.0,1262.0,1262.0,1262.0
0.0,7725.0,3795.0,3787.0,3633.0,3798.0,1265.0,1265.0,1268.0,1262.0,1262.0,1263.0,1265.0,1265.0,1265.0,2575.0,2575.0,2575.0,1265.0,1265.0,1268.0,1262.0,1262.0,1263.0
0.0,7563.0,3949.0,3790.0,3798.0,3958.0,1319.0,1319.0,1320.0,1263.0,1263.0,1264.0,1316.0,1316.0,1317.0,2521.0,2521.0,2521.0,1319.0,1319.0,1320.0,1263.0,1263.0,1264.0
0.0,7412.0,3907.0,3798.0,3958.0,3931.0,1311.0,1311.0,1309.0,1266.0,1266.0,1266.0,1302.0,1302.0,1303.0,2470.0,2470.0,2472.0,1311.0,1311.0,1309.0,1266.0,1266.0,1266.0
0.0,7463.0,3942.0,3804.0,3931.0,3960.0,1320.0,1320.0,1320.0,1268.0,1268.0,1268.0,1314.0,1314.0,1314.0,2487.0,2487.0,2489.0,1320.0,1320.0,1320.0,1268.0,1268.0,1268.0
0.0,7452.0,3978.0,3808.0,3960.0,3990.0,1329.0,1329.0,1332.0,1269.0,1269.0,1270.0,1326.0,1326.0,1326.0,2484.0,2484.0,2484.0,1329.0,1329.0,1332.0,1269.0,1269.0,1270.0
0.0,7434.0,3762.0,3804.0,3990.0,3750.0,1251.0,1251.0,1248.0,1268.0,1268.0,1268.0,1254.0,1254.0,1254.0,2478.0,2478.0,2478.0,1251.0,1251.0,1248.0,1268.0,1268.0,1268.0
0.0,7662.0,3558.0,3796.0,3750.0,3534.0,1177.0,1177.0,1180.0,1265.0,1265.0,1266.0,1186.0,1186.0,1186.0,2553.0,2553.0,2556.0,1177.0,1177.0,1180.0,1265.0,1265.0,1266.0
0.0,7854.0,3760.0,3793.0,3534.0,3751.0,1250.0,1250.0,1251.0,1264.0,1264.0,1265.0,1253.0,1253.0,1254.0,2618.0,2618.0,2618.0,1250.0,1250.0,1251.0,1264.0,1264.0,1265.0
0.0,7628.0,3924.0,3798.0,3751.0,3939.0,1314.0,1314.0,1311.0,1266.0,1266.0,1266.0,1308.0,1308.0,1308.0,2542.0,2542.0,2544.0,1314.0,1314.0,1311.0,1266.0,1266.0,1266.0
0.0,7455.0,3919.0,3804.0,3939.0,3937.0,1312.0,1312.0,1313.0,1268.0,1268.0,1268.0,1306.0,1306.0,1307.0,2484.0,2484.0,2487.0,1312.0,1312.0,1313.0,1268.0,1268.0,1268.0
0.0,7475.0,4083.0,3813.0,3937.0,4110.0,1370.0,1370.0,1370.0,1271.0,1271.0,1271.0,1361.0,1361.0,1361.0,2492.0,2492.0,2491.0,1370.0,1370.0,1370.0,1271.0,1271.0,1271.0
0.0,7329.0,3919.0,3817.0,4110.0,3931.0,1309.0,1309.0,1313.0,1272.0,1272.0,1273.0,1306.0,1306.0,1307.0,2443.0,2443.0,2443.0,1309.0,1309.0,1313.0,1272.0,1272.0,1273.0
0.0,7520.0,3877.0,3819.0,3931.0,3883.0,1295.0,1295.0,1293.0,1273.0,1273.0,1273.0,1292.0,1292.0,1293.0,2507.0,2507.0,2506.0,1295.0,1295.0,1293.0,1273.0,1273.0,1273.0
0.0,7574.0,3708.0,3814.0,3883.0,3693.0,1230.0,1230.0,1233.0,1271.0,1271.0,1272.0,1236.0,1236.0,1236.0,2524.0,2524.0,2526.0,1230.0,1230.0,1233.0,1271.0,1271.0,1272.0
0.0,7749.0,3757.0,3814.0,3693.0,3757.0,1252.0,1252.0,1253.0,1271.0,1271.0,1272.0,1252.0,1252.0,1253.0,2583.0,2583.0,2583.0,1252.0,1252.0,1253.0,1271.0,1271.0,1272.0
0.0,7685.0,3841.0,3814.0,3757.0,3841.0,1280.0,1280.0,1281.0,1271.0,1271.0,1272.0,1280.0,1280.0,1281.0,2561.0,2561.0,2563.0,1280.0,1280.0,1281.0,1271.0,1271.0,1272.0
0.0,7601.0,4096.0,3825.0,3841.0,4129.0,1377.0,1377.0,1375.0,1275.0,1275.0,1275.0,1365.0,1365.0,1366.0,2533.0,2533.0,2535.0,1377.0,1377.0,1375.0,1275.0,1275.0,1275.0
0.0,7346.0,3963.0,3832.0,4129.0,3984.0,1327.0,1327.0,1330.0,1277.0,1277.0,1278.0,1321.0,1321.0,1321.0,2448.0,2448.0,2450.0,1327.0,1327.0,1330.0,1277.0,1277.0,1278.0
0.0,7512.0,3862.0,3832.0,3984.0,3862.0,1287.0,1287.0,1288.0,1277.0,1277.0,1278.0,1287.0,1287.0,1288.0,2504.0,2504.0,2504.0,1287.0,1287.0,1288.0,1277.0,1277.0,1278.0
0.0,7634.0,3862.0,3834.0,3862.0,3868.0,1290.0,1290.0,1288.0,1278.0,1278.0,1278.0,1287.0,1287.0,1288.0,2544.0,2544.0,2546.0,1290.0,1290.0,1288.0,1278.0,1278.0,1278.0
0.0,7634.0,3567.0,3825.0,3868.0,3540.0,1180.0,1180.0,1180.0,1275.0,1275.0,1275.0,1189.0,1189.0,1189.0,2544.0,2544.0,2546.0,1180.0,1180.0,1180.0,1275.0,1275.0,1275.0
0.0,7935.0,3795.0,3822.0,3540.0,3786.0,1262.0,1262.0,1262.0,1274.0,1274.0,1274.0,1265.0,1265.0,1265.0,2645.0,2645.0,2645.0,1262.0,1262.0,1262.0,1274.0,1274.0,1274.0
0.0,7680.0,3871.0,3826.0,3786.0,3883.0,1293.0,1293.0,1297.0,1275.0,1275.0,1276.0,1290.0,1290.0,1291.0,2560.0,2560.0,2560.0,1293.0,1293.0,1297.0,1275.0,1275.0,1276.0
0.0,7595.0,3952.0,3831.0,3883.0,3967.0,1323.0,1323.0,1321.0,1277.0,1277.0,1277.0,1317.0,1317.0,1318.0,2532.0,2532.0,2531.0,1323.0,1323.0,1321.0,1277.0,1277.0,1277.0
0.0,7526.0,3946.0,3837.0,3967.0,3964.0,1321.0,1321.0,1322.0,1279.0,1279.0,1279.0,1315.0,1315.0,1316.0,2508.0,2508.0,2510.0,1321.0,1321.0,1322.0,1279.0,1279.0,1279.0
0.0,7547.0,3883.0,3835.0,3964.0,3877.0,1291.0,1291.0,1295.0,1278.0,1278.0,1279.0,1294.0,1294.0,1295.0,2516.0,2516.0,2515.0,1291.0,1291.0,1295.0,1278.0,1278.0,1279.0
0.0,7628.0,3895.0,3837.0,3877.0,3901.0,1301.0,1301.0,1299.0,1279.0,1279.0,1279.0,1298.0,1298.0,1299.0,2543.0,2543.0,2542.0,1301.0,1301.0,1299.0,1279.0,1279.0,1279.0
0.0,7610.0,3774.0,3835.0,3901.0,3768.0,1255.0,1255.0,1258.0,1278.0,1278.0,1279.0,1258.0,1258.0,1258.0,2536.0,2536.0,2538.0,1255.0,1255.0,1258.0,1278.0,1278.0,1279.0
0.0,7737.0,3766.0,3835.0,3768.0,3766.0,1255.0,1255.0,1256.0,1278.0,1278.0,1279.0,1255.0,1255.0,1256.0,2579.0,2579.0,2579.0,1255.0,1255.0,1256.0,1278.0,1278.0,1279.0
0.0,7739.0,3831.0,3838.0,3766.0,3840.0,1280.0,1280.0,1280.0,1279.0,1279.0,1280.0,1277.0,1277.0,1277.0,2579.0,2579.0,2581.0,1280.0,1280.0,1280.0,1279.0,1279.0,1280.0
0.0,7674.0,4030.0,3846.0,3840.0,4054.0,1352.0,1352.0,1350.0,1282.0,1282.0,1282.0,1343.0,1343.0,1344.0,2557.0,2557.0,2560.0,1352.0,1352.0,1350.0,1282.0,1282.0,1282.0
0.0,7484.0,4102.0,3855.0,4054.0,4129.0,1376.0,1376.0,1377.0,1285.0,1285.0,1285.0,1367.0,1367.0,1368.0,2494.0,2494.0,2496.0,1376.0,1376.0,1377.0,1285.0,1285.0,1285.0
0.0,7436.0,3852.0,3858.0,4129.0,3861.0,1287.0,1287.0,1287.0,1286.0,1286.0,1286.0,1284.0,1284.0,1284.0,2479.0,2479.0,2478.0,1287.0,1287.0,1287.0,1286.0,1286.0,1286.0
0.0,7713.0,3744.0,3856.0,3861.0,3738.0,1245.0,1245.0,1248.0,1285.0,1285.0,1286.0,1248.0,1248.0,1248.0,2571.0,2571.0,2571.0,1245.0,1245.0,1248.0,1285.0,1285.0,1286.0
0.0,7830.0,3916.0,3855.0,3738.0,3913.0,1305.0,1305.0,1303.0,1285.0,1285.0,1285.0,1305.0,1305.0,1306.0,2610.0,2610.0,2610.0,1305.0,1305.0,1303.0,1285.0,1285.0,1285.0
0.0,7652.0,3916.0,3853.0,3913.0,3910.0,1302.0,1302.0,1306.0,1284.0,1284.0,1285.0,1305.0,1305.0,1306.0,2550.0,2550.0,2552.0,1302.0,1302.0,1306.0,1284.0,1284.0,1285.0
0.0,7649.0,3814.0,3853.0,3910.0,3814.0,1271.0,1271.0,1272.0,1284.0,1284.0,1285.0,1271.0,1271.0,1272.0,2550.0,2550.0,2549.0,1271.0,1271.0,1272.0,1284.0,1284.0,1285.0
0.0,7745.0,3918.0,3859.0,3814.0,3936.0,1312.0,1312.0,1312.0,1286.0,1286.0,1287.0,1306.0,1306.0,1306.0,2581.0,2581.0,2583.0,1312.0,1312.0,1312.0,1286.0,1286.0,1287.0
0.0,7641.0,4062.0,3865.0,3936.0,4080.0,1360.0,1360.0,1360.0,1288.0,1288.0,1289.0,1354.0,1354.0,1354.0,2546.0,2546.0,2549.0,1360.0,1360.0,1360.0,1288.0,1288.0,1289.0
0.0,7515.0,3972.0,3868.0,4080.0,3981.0,1327.0,1327.0,1327.0,1289.0,1289.0,1290.0,1324.0,1324.0,1324.0,2504.0,2504.0,2507.0,1327.0,1327.0,1327.0,1289.0,1289.0,1290.0
0.0,7623.0,3760.0,3867.0,3981.0,3757.0,1253.0,1253.0,1251.0,1289.0,1289.0,1289.0,1253.0,1253.0,1254.0,2540.0,2540.0,2543.0,1253.0,1253.0,1251.0,1289.0,1289.0,1289.0
0.0,7844.0,3840.0,3864.0,3757.0,3831.0,1277.0,1277.0,1277.0,1288.0,1288.0,1288.0,1280.0,1280.0,1280.0,2614.0,2614.0,2616.0,1277.0,1277.0,1277.0,1288.0,1288.0,1288.0
0.0,7761.0,3754.0,3861.0,3831.0,3745.0,1248.0,1248.0,1249.0,1287.0,1287.0,1287.0,1251.0,1251.0,1252.0,2587.0,2587.0,2587.0,1248.0,1248.0,1249.0,1287.0,1287.0,1287.0
0.0,7838.0,3933.0,3864.0,3745.0,3942.0,1314.0,1314.0,1314.0,1288.0,1288.0,1288.0,1311.0,1311.0,1311.0,2613.0,2613.0,2612.0,1314.0,1314.0,1314.0,1288.0,1288.0,1288.0
0.0,7650.0,3993.0,3871.0,3942.0,4014.0,1337.0,1337.0,1340.0,1290.0,1290.0,1291.0,1331.0,1331.0,1331.0,2550.0,2550.0,2550.0,1337.0,1337.0,1340.0,1290.0,1290.0,1291.0
0.0,7599.0,4050.0,3876.0,4014.0,4065.0,1356.0,1356.0,1353.0,1292.0,1292.0,1292.0,1350.0,1350.0,1350.0,2533.0,2533.0,2533.0,1356.0,1356.0,1353.0,1292.0,1292.0,1292.0
0.0,7563.0,4020.0,3880.0,4065.0,4032.0,1343.0,1343.0,1346.0,1293.0,1293.0,1294.0,1340.0,1340.0,1340.0,2520.0,2520.0,2523.0,1343.0,1343.0,1346.0,1293.0,1293.0,1294.0
0.0,7608.0,3937.0,3882.0,4032.0,3943.0,1315.0,1315.0,1313.0,1294.0,1294.0,1294.0,1312.0,1312.0,1313.0,2536.0,2536.0,2536.0,1315.0,1315.0,1313.0,1294.0,1294.0,1294.0
0.0,7703.0,3720.0,3874.0,3943.0,3696.0,1231.0,1231.0,1234.0,1291.0,1291.0,1292.0,1240.0,1240.0,1240.0,2567.0,2567.0,2569.0,1231.0,1231.0,1234.0,1291.0,1291.0,1292.0
0.0,7926.0,3774.0,3870.0,3696.0,3762.0,1255.0,1255.0,1252.0,1290.0,1290.0,1290.0,1258.0,1258.0,1258.0,2642.0,2642.0,2642.0,1255.0,1255.0,1252.0,1290.0,1290.0,1290.0
0.0,7848.0,3987.0,3874.0,3762.0,3999.0,1332.0,1332.0,1335.0,1291.0,1291.0,1292.0,1329.0,1329.0,1329.0,2615.0,2615.0,2618.0,1332.0,1332.0,1335.0,1291.0,1291.0,1292.0
0.0,7623.0,4036.0,3882.0,3999.0,4060.0,1354.0,1354.0,1352.0,1294.0,1294.0,1294.0,1345.0,1345.0,1346.0,2541.0,2541.0,2541.0,1354.0,1354.0,1352.0,1294.0,1294.0,1294.0
0.0,7586.0,3969.0,3886.0,4060.0,3981.0,1326.0,1326.0,1329.0,1295.0,1295.0,1296.0,1323.0,1323.0,1323.0,2528.0,2528.0,2530.0,1326.0,1326.0,1329.0,1295.0,1295.0,1296.0
0.0,7677.0,3949.0,3886.0,3981.0,3949.0,1316.0,1316.0,1317.0,1295.0,1295.0,1296.0,1316.0,1316.0,1317.0,2559.0,2559.0,2559.0,1316.0,1316.0,1317.0,1295.0,1295.0,1296.0
0.0,7709.0,3858.0,3885.0,3949.0,3855.0,1286.0,1286.0,1283.0,1295.0,1295.0,1295.0,1286.0,1286.0,1286.0,2569.0,2569.0,2571.0,1286.0,1286.0,1283.0,1295.0,1295.0,1295.0
0.0,7800.0,3853.0,3883.0,3855.0,3847.0,1281.0,1281.0,1285.0,1294.0,1294.0,1295.0,1284.0,1284.0,1285.0,2599.0,2599.0,2602.0,1281.0,1281.0,1285.0,1294.0,1294.0,1295.0
0.0,7802.0,3783.0,3879.0,3847.0,3771.0,1258.0,1258.0,1255.0,1293.0,1293.0,1293.0,1261.0,1261.0,1261.0,2601.0,2601.0,2600.0,1258.0,1258.0,1255.0,1293.0,1293.0,1293.0
0.0,7866.0,3939.0,3882.0,3771.0,3948.0,1316.0,1316.0,1316.0,1294.0,1294.0,1294.0,1313.0,1313.0,1313.0,2621.0,2621.0,2624.0,1316.0,1316.0,1316.0,1294.0,1294.0,1294.0
0.0,7698.0,4048.0,3892.0,3948.0,4078.0,1358.0,1358.0,1362.0,1297.0,1297.0,1298.0,1349.0,1349.0,1350.0,2566.0,2566.0,2566.0,1358.0,1358.0,1362.0,1297.0,1297.0,1298.0
0.0,7598.0,4051.0,3898.0,4078.0,4069.0,1356.0,1356.0,1357.0,1299.0,1299.0,1300.0,1350.0,1350.0,1351.0,2533.0,2533.0,2532.0,1356.0,1356.0,1357.0,1299.0,1299.0,1300.0
0.0,7625.0,3987.0,3898.0,4069.0,3987.0,1329.0,1329.0,1329.0,1299.0,1299.0,1300.0,1329.0,1329.0,1329.0,2541.0,2541.0,2543.0,1329.0,1329.0,1329.0,1299.0,1299.0,1300.0
0.0,7707.0,3882.0,3898.0,3987.0,3882.0,1294.0,1294.0,1294.0,1299.0,1299.0,1300.0,1294.0,1294.0,1294.0,2568.0,2568.0,2571.0,1294.0,1294.0,1294.0,1299.0,1299.0,1300.0
0.0,7812.0,3862.0,3894.0,3882.0,3850.0,1284.0,1284.0,1282.0,1298.0,1298.0,1298.0,1287.0,1287.0,1288.0,2603.0,2603.0,2606.0,1284.0,1284.0,1282.0,1298.0,1298.0,1298.0
0.0,7832.0,3796.0,3891.0,3850.0,3787.0,1262.0,1262.0,1263.0,1297.0,1297.0,1297.0,1265.0,1265.0,1266.0,2610.0,2610.0,2612.0,1262.0,1262.0,1263.0,1297.0,1297.0,1297.0
0.0,7886.0,4006.0,3894.0,3787.0,4015.0,1338.0,1338.0,1339.0,1298.0,1298.0,1298.0,1335.0,1335.0,1336.0,2629.0,2629.0,2628.0,1338.0,1338.0,1339.0,1298.0,1298.0,1298.0
0.0,7667.0,3942.0,3898.0,4015.0,3954.0,1317.0,1317.0,1320.0,1299.0,1299.0,1300.0,1314.0,1314.0,1314.0,2556.0,2556.0,2555.0,1317.0,1317.0,1320.0,1299.0,1299.0,1300.0
0.0,7740.0,4105.0,3906.0,3954.0,4129.0,1377.0,1377.0,1375.0,1302.0,1302.0,1302.0,1368.0,1368.0,1369.0,2580.0,2580.0,2580.0,1377.0,1377.0,1375.0,1302.0,1302.0,1302.0
0.0,7589.0,4008.0,3909.0,4129.0,4017.0,1339.0,1339.0,1339.0,1303.0,1303.0,1303.0,1336.0,1336.0,1336.0,2529.0,2529.0,2531.0,1339.0,1339.0,1339.0,1303.0,1303.0,1303.0
0.0,7710.0,3787.0,3903.0,4017.0,3769.0,1256.0,1256.0,1257.0,1301.0,1301.0,1301.0,1262.0,1262.0,1263.0,2570.0,2570.0,2570.0,1256.0,1256.0,1257.0,1301.0,1301.0,1301.0
0.0,7940.0,3877.0,3901.0,3769.0,3871.0,1289.0,1289.0,1293.0,1300.0,1300.0,1301.0,1292.0,1292.0,1293.0,2647.0,2647.0,2646.0,1289.0,1289.0,1293.0,1300.0,1300.0,1301.0
0.0,7832.0,3859.0,3901.0,3871.0,3859.0,1286.0,1286.0,1287.0,1300.0,1300.0,1301.0,1286.0,1286.0,1287.0,2611.0,2611.0,2610.0,1286.0,1286.0,1287.0,1300.0,1300.0,1301.0
0.0,7844.0,3882.0,3901.0,3859.0,3882.0,1294.0,1294.0,1294.0,1300.0,1300.0,1301.0,1294.0,1294.0,1294.0,2614.0,2614.0,2616.0,1294.0,1294.0,1294.0,1300.0,1300.0,1301.0
0.0,7821.0,4033.0,3910.0,3882.0,4060.0,1353.0,1353.0,1354.0,1303.0,1303.0,1304.0,1344.0,1344.0,1345.0,2606.0,2606.0,2609.0,1353.0,1353.0,1354.0,1303.0,1303.0,1304.0
0.0,7670.0,4006.0,3913.0,4060.0,4015.0,1338.0,1338.0,1339.0,1304.0,1304.0,1305.0,1335.0,1335.0,1336.0,2556.0,2556.0,2558.0,1338.0,1338.0,1339.0,1304.0,1304.0,1305.0
0.0,7724.0,3937.0,3915.0,4015.0,3943.0,1315.0,1315.0,1313.0,1305.0,1305.0,1305.0,1312.0,1312.0,1313.0,2574.0,2574.0,2576.0,1315.0,1315.0,1313.0,1305.0,1305.0,1305.0
0.0,7802.0,3954.0,3915.0,3943.0,3954.0,1318.0,1318.0,1318.0,1305.0,1305.0,1305.0,1318.0,1318.0,1318.0,2600.0,2600.0,2602.0,1318.0,1318.0,1318.0,1305.0,1305.0,1305.0
0.0,7791.0,3843.0,3913.0,3954.0,3837.0,1278.0,1278.0,1281.0,1304.0,1304.0,1305.0,1281.0,1281.0,1281.0,2597.0,2597.0,2597.0,1278.0,1278.0,1281.0,1304.0,1304.0,1305.0
0.0,7902.0,3816.0,3912.0,3837.0,3813.0,1272.0,1272.0,1269.0,1304.0,1304.0,1304.0,1272.0,1272.0,1272.0,2634.0,2634.0,2634.0,1272.0,1272.0,1269.0,1304.0,1304.0,1304.0
0.0,7923.0,3979.0,3913.0,3813.0,3982.0,1326.0,1326.0,1330.0,1304.0,1304.0,1305.0,1326.0,1326.0,1327.0,2640.0,2640.0,2643.0,1326.0,1326.0,1330.0,1304.0,1304.0,1305.0
0.0,7757.0,4057.0,3919.0,3982.0,4075.0,1358.0,1358.0,1359.0,1306.0,1306.0,1307.0,1352.0,1352.0,1353.0,2586.0,2586.0,2585.0,1358.0,1358.0,1359.0,1306.0,1306.0,1307.0
0.0,7682.0,3955.0,3922.0,4075.0,3964.0,1321.0,1321.0,1322.0,1307.0,1307.0,1308.0,1318.0,1318.0,1319.0,2560.0,2560.0,2562.0,1321.0,1321.0,1322.0,1307.0,1307.0,1308.0
0.0,7802.0,4009.0,3927.0,3964.0,4024.0,1342.0,1342.0,1340.0,1309.0,1309.0,1309.0,1336.0,1336.0,1337.0,2600.0,2600.0,2602.0,1342.0,1342.0,1340.0,1309.0,1309.0,1309.0
0.0,7757.0,3846.0,3922.0,4024.0,3831.0,1276.0,1276.0,1279.0,1307.0,1307.0,1308.0,1282.0,1282.0,1282.0,2585.0,2585.0,2587.0,1276.0,1276.0,1279.0,1307.0,1307.0,1308.0
0.0,7935.0,3978.0,3921.0,3831.0,3975.0,1326.0,1326.0,1323.0,1307.0,1307.0,1307.0,1326.0,1326.0,1326.0,2645.0,2645.0,2645.0,1326.0,1326.0,1323.0,1307.0,1307.0,1307.0
0.0,7788.0,3930.0,3922.0,3975.0,3933.0,1310.0,1310.0,1313.0,1307.0,1307.0,1308.0,1310.0,1310.0,1310.0,2595.0,2595.0,2598.0,1310.0,1310.0,1313.0,1307.0,1307.0,1308.0
0.0,7833.0,3946.0,3925.0,3933.0,3955.0,1318.0,1318.0,1319.0,1308.0,1308.0,1309.0,1315.0,1315.0,1316.0,2611.0,2611.0,2611.0,1318.0,1318.0,1319.0,1308.0,1308.0,1309.0
0.0,7820.0,4056.0,3928.0,3955.0,4065.0,1355.0,1355.0,1355.0,1309.0,1309.0,1310.0,1352.0,1352.0,1352.0,2606.0,2606.0,2608.0,1355.0,1355.0,1355.0,1309.0,1309.0,1310.0
0.0,7719.0,3972.0,3930.0,4065.0,3978.0,1327.0,1327.0,1324.0,1310.0,1310.0,1310.0,1324.0,1324.0,1324.0,2572.0,2572.0,2575.0,1327.0,1327.0,1324.0,1310.0,1310.0,1310.0
0.0,7812.0,3979.0,3933.0,3978.0,3988.0,1329.0,1329.0,1330.0,1311.0,1311.0,1311.0,1326.0,1326.0,1327.0,2603.0,2603.0,2606.0,1329.0,1329.0,1330.0,1311.0,1311.0,1311.0
0.0,7811.0,4030.0,3934.0,3988.0,4033.0,1343.0,1343.0,1347.0,1311.0,1311.0,1312.0,1343.0,1343.0,1344.0,2604.0,2604.0,2603.0,1343.0,1343.0,1347.0,1311.0,1311.0,1312.0
0.0,7769.0,3825.0,3930.0,4033.0,3813.0,1272.0,1272.0,1269.0,1310.0,1310.0,1310.0,1275.0,1275.0,1275.0,2590.0,2590.0,2589.0,1272.0,1272.0,1269.0,1310.0,1310.0,1310.0
0.0,7977.0,3786.0,3927.0,3813.0,3777.0,1259.0,1259.0,1259.0,1309.0,1309.0,1309.0,1262.0,1262.0,1262.0,2658.0,2658.0,2661.0,1259.0,1259.0,1259.0,1309.0,1309.0,1309.0
0.0,8004.0,4002.0,3931.0,3777.0,4014.0,1337.0,1337.0,1340.0,1310.0,1310.0,1311.0,1334.0,1334.0,1334.0,2668.0,2668.0,2668.0,1337.0,1337.0,1340.0,1310.0,1310.0,1311.0
0.0,7779.0,4041.0,3936.0,4014.0,4056.0,1353.0,1353.0,1350.0,1312.0,1312.0,1312.0,1347.0,1347.0,1347.0,2593.0,2593.0,2593.0,1353.0,1353.0,1350.0,1312.0,1312.0,1312.0
0.0,7752.0,4135.0,3942.0,4056.0,4153.0,1384.0,1384.0,1385.0,1314.0,1314.0,1314.0,1378.0,1378.0,1379.0,2583.0,2583.0,2586.0,1384.0,1384.0,1385.0,1314.0,1314.0,1314.0
0.0,7673.0,4135.0,3946.0,4153.0,4147.0,1381.0,1381.0,1385.0,1315.0,1315.0,1316.0,1378.0,1378.0,1379.0,2558.0,2558.0,2557.0,1381.0,1381.0,1385.0,1315.0,1315.0,1316.0
0.0,7691.0,3913.0,3945.0,4147.0,3910.0,1304.0,1304.0,1302.0,1315.0,1315.0,1315.0,1304.0,1304.0,1305.0,2564.0,2564.0,2563.0,1304.0,1304.0,1302.0,1315.0,1315.0,1315.0
0.0,7925.0,3835.0,3940.0,3910.0,3820.0,1272.0,1272.0,1276.0,1313.0,1313.0,1314.0,1278.0,1278.0,1279.0,2641.0,2641.0,2643.0,1272.0,1272.0,1276.0,1313.0,1313.0,1314.0
0.0,8000.0,3888.0,3939.0,3820.0,3885.0,1296.0,1296.0,1293.0,1313.0,1313.0,1313.0,1296.0,1296.0,1296.0,2667.0,2667.0,2666.0,1296.0,1296.0,1293.0,1313.0,1313.0,1313.0
0.0,7932.0,3964.0,3939.0,3885.0,3964.0,1321.0,1321.0,1322.0,1313.0,1313.0,1313.0,1321.0,1321.0,1322.0,2643.0,2643.0,2646.0,1321.0,1321.0,1322.0,1313.0,1313.0,1313.0
0.0,7853.0,4287.0,3949.0,3964.0,4317.0,1438.0,1438.0,1441.0,1316.0,1316.0,1317.0,1429.0,1429.0,1429.0,2618.0,2618.0,2617.0,1438.0,1438.0,1441.0,1316.0,1316.0,1317.0
0.0,7530.0,4060.0,3955.0,4317.0,4078.0,1359.0,1359.0,1360.0,1318.0,1318.0,1319.0,1353.0,1353.0,1354.0,2510.0,2510.0,2510.0,1359.0,1359.0,1360.0,1318.0,1318.0,1319.0
0.0,7787.0,4045.0,3957.0,4078.0,4051.0,1351.0,1351.0,1349.0,1319.0,1319.0,1319.0,1348.0,1348.0,1349.0,2595.0,2595.0,2597.0,1351.0,1351.0,1349.0,1319.0,1319.0,1319.0
0.0,7820.0,3942.0,3954.0,4051.0,3933.0,1311.0,1311.0,1311.0,1318.0,1318.0,1318.0,1314.0,1314.0,1314.0,2606.0,2606.0,2608.0,1311.0,1311.0,1311.0,1318.0,1318.0,1318.0
0.0,7929.0,3967.0,3954.0,3933.0,3967.0,1322.0,1322.0,1323.0,1318.0,1318.0,1318.0,1322.0,1322.0,1323.0,2643.0,2643.0,2643.0,1322.0,1322.0,1323.0,1318.0,1318.0,1318.0
0.0,7895.0,3691.0,3949.0,3967.0,3676.0,1224.0,1224.0,1228.0,1316.0,1316.0,1317.0,1230.0,1230.0,1231.0,2632.0,2632.0,2631.0,1224.0,1224.0,1228.0,1316.0,1316.0,1317.0
0.0,8171.0,4017.0,3952.0,3676.0,4026.0,1342.0,1342.0,1342.0,1317.0,1317.0,1318.0,1339.0,1339.0,1339.0,2724.0,2724.0,2723.0,1342.0,1342.0,1342.0,1317.0,1317.0,1318.0
0.0,7830.0,4083.0,3957.0,4026.0,4098.0,1367.0,1367.0,1364.0,1319.0,1319.0,1319.0,1361.0,1361.0,1361.0,2609.0,2609.0,2612.0,1367.0,1367.0,1364.0,1319.0,1319.0,1319.0
0.0,7773.0,4059.0,3963.0,4098.0,4077.0,1359.0,1359.0,1359.0,1321.0,1321.0,1321.0,1353.0,1353.0,1353.0,2590.0,2590.0,2593.0,1359.0,1359.0,1359.0,1321.0,1321.0,1321.0
0.0,7812.0,4129.0,3966.0,4077.0,4138.0,1379.0,1379.0,1380.0,1322.0,1322.0,1322.0,1376.0,1376.0,1377.0,2604.0,2604.0,2604.0,1379.0,1379.0,1380.0,1322.0,1322.0,1322.0
0.0,7760.0,3853.0,3961.0,4138.0,3838.0,1278.0,1278.0,1282.0,1320.0,1320.0,1321.0,1284.0,1284.0,1285.0,2587.0,2587.0,2586.0,1278.0,1278.0,1282.0,1320.0,1320.0,1321.0
0.0,8045.0,3915.0,3960.0,3838.0,3912.0,1305.0,1305.0,1302.0,1320.0,1320.0,1320.0,1305.0,1305.0,1305.0,2682.0,2682.0,2681.0,1305.0,1305.0,1302.0,1320.0,1320.0,1320.0
0.0,7968.0,3969.0,3960.0,3912.0,3969.0,1323.0,1323.0,1323.0,1320.0,1320.0,1320.0,1323.0,1323.0,1323.0,2655.0,2655.0,2658.0,1323.0,1323.0,1323.0,1320.0,1320.0,1320.0
0.0,7911.0,4054.0,3963.0,3969.0,4063.0,1354.0,1354.0,1355.0,1321.0,1321.0,1321.0,1351.0,1351.0,1352.0,2637.0,2637.0,2637.0,1354.0,1354.0,1355.0,1321.0,1321.0,1321.0
0.0,7826.0,4137.0,3967.0,4063.0,4149.0,1382.0,1382.0,1385.0,1322.0,1322.0,1323.0,1379.0,1379.0,1379.0,2609.0,2609.0,2608.0,1382.0,1382.0,1385.0,1322.0,1322.0,1323.0
0.0,7752.0,4066.0,3973.0,4149.0,4084.0,1361.0,1361.0,1362.0,1324.0,1324.0,1325.0,1355.0,1355.0,1356.0,2584.0,2584.0,2584.0,1361.0,1361.0,1362.0,1324.0,1324.0,1325.0
0.0,7835.0,4084.0,3975.0,4084.0,4090.0,1364.0,1364.0,1362.0,1325.0,1325.0,1325.0,1361.0,1361.0,1362.0,2611.0,2611.0,2613.0,1364.0,1364.0,1362.0,1325.0,1325.0,1325.0
0.0,7835.0,3886.0,3973.0,4090.0,3880.0,1292.0,1292.0,1296.0,1324.0,1324.0,1325.0,1295.0,1295.0,1296.0,2611.0,2611.0,2613.0,1292.0,1292.0,1296.0,1324.0,1324.0,1325.0
0.0,8039.0,3799.0,3967.0,3880.0,3781.0,1260.0,1260.0,1261.0,1322.0,1322.0,1323.0,1266.0,1266.0,1267.0,2680.0,2680.0,2679.0,1260.0,1260.0,1261.0,1322.0,1322.0,1323.0
0.0,8120.0,3939.0,3966.0,3781.0,3936.0,1313.0,1313.0,1310.0,1322.0,1322.0,1322.0,1313.0,1313.0,1313.0,2706.0,2706.0,2708.0,1313.0,1313.0,1310.0,1322.0,1322.0,1322.0
0.0,7962.0,4164.0,3973.0,3936.0,4185.0,1394.0,1394.0,1397.0,1324.0,1324.0,1325.0,1388.0,1388.0,1388.0,2653.0,2653.0,2656.0,1394.0,1394.0,1397.0,1324.0,1324.0,1325.0
0.0,7734.0,4168.0,3979.0,4185.0,4186.0,1395.0,1395.0,1396.0,1326.0,1326.0,1327.0,1389.0,1389.0,1390.0,2578.0,2578.0,2578.0,1395.0,1395.0,1396.0,1326.0,1326.0,1327.0
0.0,7751.0,4269.0,3987.0,4186.0,4293.0,1432.0,1432.0,1429.0,1329.0,1329.0,1329.0,1423.0,1423.0,1423.0,2583.0,2583.0,2585.0,1432.0,1432.0,1429.0,1329.0,1329.0,1329.0
0.0,7668.0,4162.0,3993.0,4293.0,4180.0,1393.0,1393.0,1394.0,1331.0,1331.0,1331.0,1387.0,1387.0,1388.0,2555.0,2555.0,2558.0,1393.0,1393.0,1394.0,1331.0,1331.0,1331.0
0.0,7799.0,3876.0,3990.0,4180.0,3867.0,1289.0,1289.0,1289.0,1330.0,1330.0,1330.0,1292.0,1292.0,1292.0,2600.0,2600.0,2599.0,1289.0,1289.0,1289.0,1330.0,1330.0,1330.0
0.0,8103.0,3942.0,3988.0,3867.0,3936.0,1311.0,1311.0,1314.0,1329.0,1329.0,1330.0,1314.0,1314.0,1314.0,2701.0,2701.0,2701.0,1311.0,1311.0,1314.0,1329.0,1329.0,1330.0
0.0,8028.0,3895.0,3987.0,3936.0,3892.0,1298.0,1298.0,1296.0,1329.0,1329.0,1329.0,1298.0,1298.0,1299.0,2676.0,2676.0,2676.0,1298.0,1298.0,1296.0,1329.0,1329.0,1329.0
0.0,8069.0,4006.0,3988.0,3892.0,4009.0,1335.0,1335.0,1339.0,1329.0,1329.0,1330.0,1335.0,1335.0,1336.0,2689.0,2689.0,2691.0,1335.0,1335.0,1339.0,1329.0,1329.0,1330.0
0.0,7955.0,4141.0,3994.0,4009.0,4159.0,1386.0,1386.0,1387.0,1331.0,1331.0,1332.0,1380.0,1380.0,1381.0,2652.0,2652.0,2651.0,1386.0,1386.0,1387.0,1331.0,1331.0,1332.0
0.0,7823.0,4152.0,4000.0,4159.0,4170.0,1390.0,1390.0,1390.0,1333.0,1333.0,1334.0,1384.0,1384.0,1384.0,2607.0,2607.0,2609.0,1390.0,1390.0,1390.0,1333.0,1333.0,1334.0
0.0,7830.0,4026.0,4002.0,4170.0,4032.0,1345.0,1345.0,1342.0,1334.0,1334.0,1334.0,1342.0,1342.0,1342.0,2609.0,2609.0,2612.0,1345.0,1345.0,1342.0,1334.0,1334.0,1334.0
0.0,7974.0,4005.0,4000.0,4032.0,3999.0,1332.0,1332.0,1335.0,1333.0,1333.0,1334.0,1335.0,1335.0,1335.0,2657.0,2657.0,2660.0,1332.0,1332.0,1335.0,1333.0,1333.0,1334.0
0.0,8001.0,3757.0,3996.0,3999.0,3745.0,1249.0,1249.0,1247.0,1332.0,1332.0,1332.0,1252.0,1252.0,1253.0,2667.0,2667.0,2667.0,1249.0,1249.0,1247.0,1332.0,1332.0,1332.0
0.0,8243.0,3975.0,3996.0,3745.0,3975.0,1325.0,1325.0,1325.0,1332.0,1332.0,1332.0,1325.0,1325.0,1325.0,2747.0,2747.0,2749.0,1325.0,1325.0,1325.0,1332.0,1332.0,1332.0
0.0,8013.0,3949.0,3997.0,3975.0,3952.0,1316.0,1316.0,1320.0,1332.0,1332.0,1333.0,1316.0,1316.0,1317.0,2671.0,2671.0,2671.0,1316.0,1316.0,1320.0,1332.0,1332.0,1333.0
0.0,8039.0,4023.0,3999.0,3952.0,4029.0,1344.0,1344.0,1341.0,1333.0,1333.0,1333.0,1341.0,1341.0,1341.0,2680.0,2680.0,2679.0,1344.0,1344.0,1341.0,1333.0,1333.0,1333.0
0.0,7968.0,4138.0,4003.0,4029.0,4150.0,1382.0,1382.0,1386.0,1334.0,1334.0,1335.0,1379.0,1379.0,1380.0,2655.0,2655.0,2658.0,1382.0,1382.0,1386.0,1334.0,1334.0,1335.0
0.0,7859.0,4167.0,4006.0,4150.0,4176.0,1392.0,1392.0,1392.0,1335.0,1335.0,1336.0,1389.0,1389.0,1389.0,2620.0,2620.0,2619.0,1392.0,1392.0,1392.0,1335.0,1335.0,1336.0
0.0,7842.0,4018.0,4006.0,4176.0,4018.0,1339.0,1339.0,1340.0,1335.0,1335.0,1336.0,1339.0,1339.0,1340.0,2613.0,2613.0,2616.0,1339.0,1339.0,1340.0,1335.0,1335.0,1336.0
0.0,8000.0,3862.0,4003.0,4018.0,3853.0,1284.0,1284.0,1285.0,1334.0,1334.0,1335.0,1287.0,1287.0,1288.0,2666.0,2666.0,2668.0,1284.0,1284.0,1285.0,1334.0,1334.0,1335.0
0.0,8156.0,3918.0,4003.0,3853.0,3918.0,1306.0,1306.0,1306.0,1334.0,1334.0,1335.0,1306.0,1306.0,1306.0,2718.0,2718.0,2720.0,1306.0,1306.0,1306.0,1334.0,1334.0,1335.0
0.0,8091.0,4021.0,4003.0,3918.0,4021.0,1340.0,1340.0,1341.0,1334.0,1334.0,1335.0,1340.0,1340.0,1341.0,2696.0,2696.0,2699.0,1340.0,1340.0,1341.0,1334.0,1334.0,1335.0
0.0,7988.0,4255.0,4011.0,4021.0,4279.0,1427.0,1427.0,1425.0,1337.0,1337.0,1337.0,1418.0,1418.0,1419.0,2662.0,2662.0,2664.0,1427.0,1427.0,1425.0,1337.0,1337.0,1337.0
0.0,7754.0,4192.0,4018.0,4279.0,4213.0,1403.0,1403.0,1407.0,1339.0,1339.0,1340.0,1397.0,1397.0,1398.0,2584.0,2584.0,2586.0,1403.0,1403.0,1407.0,1339.0,1339.0,1340.0
0.0,7841.0,4239.0,4023.0,4213.0,4254.0,1419.0,1419.0,1416.0,1341.0,1341.0,1341.0,1413.0,1413.0,1413.0,2614.0,2614.0,2613.0,1419.0,1419.0,1416.0,1341.0,1341.0,1341.0
0.0,7815.0,4026.0,4023.0,4254.0,4026.0,1342.0,1342.0,1342.0,1341.0,1341.0,1341.0,1342.0,1342.0,1342.0,2604.0,2604.0,2607.0,1342.0,1342.0,1342.0,1341.0,1341.0,1341.0
0.0,8043.0,3892.0,4018.0,4026.0,3877.0,1291.0,1291.0,1295.0,1339.0,1339.0,1340.0,1297.0,1297.0,1298.0,2681.0,2681.0,2681.0,1291.0,1291.0,1295.0,1339.0,1339.0,1340.0
0.0,8177.0,3871.0,4014.0,3877.0,3859.0,1287.0,1287.0,1285.0,1338.0,1338.0,1338.0,1290.0,1290.0,1291.0,2726.0,2726.0,2725.0,1287.0,1287.0,1285.0,1338.0,1338.0,1338.0
0.0,8183.0,4114.0,4017.0,3859.0,4123.0,1374.0,1374.0,1375.0,1339.0,1339.0,1339.0,1371.0,1371.0,1372.0,2727.0,2727.0,2729.0,1374.0,1374.0,1375.0,1339.0,1339.0,1339.0
0.0,7928.0,4195.0,4024.0,4123.0,4216.0,1404.0,1404.0,1408.0,1341.0,1341.0,1342.0,1398.0,1398.0,1399.0,2643.0,2643.0,2642.0,1404.0,1404.0,1408.0,1341.0,1341.0,1342.0
0.0,7856.0,4248.0,4030.0,4216.0,4266.0,1422.0,1422.0,1422.0,1343.0,1343.0,1344.0,1416.0,1416.0,1416.0,2619.0,2619.0,2618.0,1422.0,1422.0,1422.0,1343.0,1343.0,1344.0
0.0,7824.0,4234.0,4036.0,4266.0,4252.0,1417.0,1417.0,1418.0,1345.0,1345.0,1346.0,1411.0,1411.0,1412.0,2607.0,2607.0,2610.0,1417.0,1417.0,1418.0,1345.0,1345.0,1346.0
0.0,7856.0,3918.0,4029.0,4252.0,3897.0,1300.0,1300.0,1297.0,1343.0,1343.0,1343.0,1306.0,1306.0,1306.0,2618.0,2618.0,2620.0,1300.0,1300.0,1297.0,1343.0,1343.0,1343.0
0.0,8190.0,3945.0,4027.0,3897.0,3939.0,1312.0,1312.0,1315.0,1342.0,1342.0,1343.0,1315.0,1315.0,1315.0,2729.0,2729.0,2732.0,1312.0,1312.0,1315.0,1342.0,1342.0,1343.0
0.0,8142.0,3891.0,4024.0,3939.0,3882.0,1294.0,1294.0,1294.0,1341.0,1341.0,1342.0,1297.0,1297.0,1297.0,2714.0,2714.0,2714.0,1294.0,1294.0,1294.0,1341.0,1341.0,1342.0
0.0,8190.0,4054.0,4026.0,3882.0,4060.0,1354.0,1354.0,1352.0,1342.0,1342.0,1342.0,1351.0,1351.0,1352.0,2729.0,2729.0,2732.0,1354.0,1354.0,1352.0,1342.0,1342.0,1342.0
0.0,8018.0,4207.0,4030.0,4060.0,4219.0,1405.0,1405.0,1409.0,1343.0,1343.0,1344.0,1402.0,1402.0,1403.0,2672.0,2672.0,2674.0,1405.0,1405.0,1409.0,1343.0,1343.0,1344.0
0.0,7871.0,4206.0,4041.0,4219.0,4239.0,1414.0,1414.0,1411.0,1347.0,1347.0,1347.0,1402.0,1402.0,1402.0,2624.0,2624.0,2623.0,1414.0,1414.0,1411.0,1347.0,1347.0,1347.0
0.0,7884.0,4128.0,4042.0,4239.0,4131.0,1376.0,1376.0,1379.0,1347.0,1347.0,1348.0,1376.0,1376.0,1376.0,2627.0,2627.0,2630.0,1376.0,1376.0,1379.0,1347.0,1347.0,1348.0
0.0,7995.0,3957.0,4041.0,4131.0,3954.0,1319.0,1319.0,1316.0,1347.0,1347.0,1347.0,1319.0,1319.0,1319.0,2665.0,2665.0,2665.0,1319.0,1319.0,1316.0,1347.0,1347.0,1347.0
0.0,8169.0,3991.0,4039.0,3954.0,3985.0,1327.0,1327.0,1331.0,1346.0,1346.0,1347.0,1330.0,1330.0,1331.0,2722.0,2722.0,2725.0,1327.0,1327.0,1331.0,1346.0,1346.0,1347.0
0.0,8132.0,3886.0,4035.0,3985.0,3874.0,1292.0,1292.0,1290.0,1345.0,1345.0,1345.0,1295.0,1295.0,1296.0,2711.0,2711.0,2710.0,1292.0,1292.0,1290.0,1345.0,1345.0,1345.0
0.0,8231.0,4054.0,4038.0,3874.0,4063.0,1354.0,1354.0,1355.0,1346.0,1346.0,1346.0,1351.0,1351.0,1352.0,2743.0,2743.0,2745.0,1354.0,1354.0,1355.0,1346.0,1346.0,1346.0
0.0,8051.0,4203.0,4044.0,4063.0,4221.0,1407.0,1407.0,1407.0,1348.0,1348.0,1348.0,1401.0,1401.0,1401.0,2684.0,2684.0,2683.0,1407.0,1407.0,1407.0,1348.0,1348.0,1348.0
0.0,7911.0,4146.0,4047.0,4221.0,4155.0,1385.0,1385.0,1385.0,1349.0,1349.0,1349.0,1382.0,1382.0,1382.0,2637.0,2637.0,2637.0,1385.0,1385.0,1385.0,1349.0,1349.0,1349.0
0.0,7986.0,4192.0,4050.0,4155.0,4201.0,1400.0,1400.0,1401.0,1350.0,1350.0,1350.0,1397.0,1397.0,1398.0,2662.0,2662.0,2662.0,1400.0,1400.0,1401.0,1350.0,1350.0,1350.0
0.0,7949.0,4107.0,4050.0,4201.0,4107.0,1369.0,1369.0,1369.0,1350.0,1350.0,1350.0,1369.0,1369.0,1369.0,2650.0,2650.0,2649.0,1369.0,1369.0,1369.0,1350.0,1350.0,1350.0
0.0,8043.0,3706.0,4042.0,4107.0,3682.0,1226.0,1226.0,1230.0,1347.0,1347.0,1348.0,1235.0,1235.0,1236.0,2681.0,2681.0,2681.0,1226.0,1226.0,1230.0,1347.0,1347.0,1348.0
0.0,8444.0,3870.0,4038.0,3682.0,3858.0,1287.0,1287.0,1284.0,1346.0,1346.0,1346.0,1290.0,1290.0,1290.0,2815.0,2815.0,2814.0,1287.0,1287.0,1284.0,1346.0,1346.0,1346.0
0.0,8256.0,4033.0,4041.0,3858.0,4042.0,1347.0,1347.0,1348.0,1347.0,1347.0,1347.0,1344.0,1344.0,1345.0,2751.0,2751.0,2754.0,1347.0,1347.0,1348.0,1347.0,1347.0,1347.0
0.0,8081.0,4105.0,4047.0,4042.0,4123.0,1374.0,1374.0,1375.0,1349.0,1349.0,1349.0,1368.0,1368.0,1369.0,2694.0,2694.0,2693.0,1374.0,1374.0,1375.0,1349.0,1349.0,1349.0
0.0,8018.0,4327.0,4054.0,4123.0,4348.0,1448.0,1448.0,1452.0,1351.0,1351.0,1352.0,1442.0,1442.0,1443.0,2673.0,2673.0,2672.0,1448.0,1448.0,1452.0,1351.0,1351.0,1352.0
0.0,7814.0,4161.0,4054.0,4348.0,4161.0,1387.0,1387.0,1387.0,1351.0,1351.0,1352.0,1387.0,1387.0,1387.0,2605.0,2605.0,2604.0,1387.0,1387.0,1387.0,1351.0,1351.0,1352.0
0.0,8001.0,4035.0,4051.0,4161.0,4026.0,1342.0,1342.0,1342.0,1350.0,1350.0,1351.0,1345.0,1345.0,1345.0,2666.0,2666.0,2669.0,1342.0,1342.0,1342.0,1350.0,1350.0,1351.0
0.0,8127.0,3979.0,4047.0,4026.0,3967.0,1323.0,1323.0,1321.0,1349.0,1349.0,1349.0,1326.0,1326.0,1327.0,2708.0,2708.0,2711.0,1323.0,1323.0,1321.0,1349.0,1349.0,1349.0
0.0,8174.0,4060.0,4044.0,3967.0,4051.0,1350.0,1350.0,1351.0,1348.0,1348.0,1348.0,1353.0,1353.0,1354.0,2724.0,2724.0,2726.0,1350.0,1350.0,1351.0,1348.0,1348.0,1348.0
0.0,8081.0,4074.0,4048.0,4051.0,4086.0,1361.0,1361.0,1364.0,1349.0,1349.0,1350.0,1358.0,1358.0,1358.0,2694.0,2694.0,2693.0,1361.0,1361.0,1364.0,1349.0,1349.0,1350.0
0.0,8058.0,4254.0,4054.0,4086.0,4272.0,1424.0,1424.0,1424.0,1351.0,1351.0,1352.0,1418.0,1418.0,1418.0,2686.0,2686.0,2686.0,1424.0,1424.0,1424.0,1351.0,1351.0,1352.0
0.0,7890.0,4177.0,4060.0,4272.0,4195.0,1398.0,1398.0,1399.0,1353.0,1353.0,1354.0,1392.0,1392.0,1393.0,2629.0,2629.0,2632.0,1398.0,1398.0,1399.0,1353.0,1353.0,1354.0
0.0,7985.0,4176.0,4063.0,4195.0,4185.0,1395.0,1395.0,1395.0,1354.0,1354.0,1355.0,1392.0,1392.0,1392.0,2661.0,2661.0,2663.0,1395.0,1395.0,1395.0,1354.0,1354.0,1355.0
0.0,8004.0,4051.0,4060.0,4185.0,4042.0,1347.0,1347.0,1348.0,1353.0,1353.0,1354.0,1350.0,1350.0,1351.0,2667.0,2667.0,2670.0,1347.0,1347.0,1348.0,1353.0,1353.0,1354.0
0.0,8138.0,3999.0,4057.0,4042.0,3990.0,1330.0,1330.0,1330.0,1352.0,1352.0,1353.0,1333.0,1333.0,1333.0,2712.0,2712.0,2714.0,1330.0,1330.0,1330.0,1352.0,1352.0,1353.0
0.0,8181.0,4008.0,4057.0,3990.0,4008.0,1336.0,1336.0,1336.0,1352.0,1352.0,1353.0,1336.0,1336.0,1336.0,2726.0,2726.0,2729.0,1336.0,1336.0,1336.0,1352.0,1352.0,1353.0
0.0,8163.0,4141.0,4060.0,4008.0,4150.0,1383.0,1383.0,1384.0,1353.0,1353.0,1354.0,1380.0,1380.0,1381.0,2720.0,2720.0,2723.0,1383.0,1383.0,1384.0,1353.0,1353.0,1354.0
0.0,8030.0,4114.0,4068.0,4150.0,4138.0,1380.0,1380.0,1378.0,1356.0,1356.0,1356.0,1371.0,1371.0,1372.0,2676.0,2676.0,2678.0,1380.0,1380.0,1378.0,1356.0,1356.0,1356.0
0.0,8066.0,4126.0,4069.0,4138.0,4129.0,1375.0,1375.0,1379.0,1356.0,1356.0,1357.0,1375.0,1375.0,1376.0,2688.0,2688.0,2690.0,1375.0,1375.0,1379.0,1356.0,1356.0,1357.0
0.0,8078.0,4239.0,4075.0,4129.0,4257.0,1419.0,1419.0,1419.0,1358.0,1358.0,1359.0,1413.0,1413.0,1413.0,2693.0,2693.0,2692.0,1419.0,1419.0,1419.0,1358.0,1358.0,1359.0
0.0,7968.0,4098.0,4077.0,4257.0,4104.0,1369.0,1369.0,1366.0,1359.0,1359.0,1359.0,1366.0,1366.0,1366.0,2655.0,2655.0,2658.0,1369.0,1369.0,1366.0,1359.0,1359.0,1359.0
0.0,8127.0,3927.0,4074.0,4104.0,3918.0,1306.0,1306.0,1306.0,1358.0,1358.0,1358.0,1309.0,1309.0,1309.0,2708.0,2708.0,2711.0,1306.0,1306.0,1306.0,1358.0,1358.0,1358.0
0.0,8304.0,4006.0,4069.0,3918.0,3991.0,1329.0,1329.0,1333.0,1356.0,1356.0,1357.0,1335.0,1335.0,1336.0,2768.0,2768.0,2768.0,1329.0,1329.0,1333.0,1356.0,1356.0,1357.0
0.0,8216.0,4276.0,4075.0,3991.0,4294.0,1431.0,1431.0,1432.0,1358.0,1358.0,1359.0,1425.0,1425.0,1426.0,2739.0,2739.0,2738.0,1431.0,1431.0,1432.0,1358.0,1358.0,1359.0
0.0,7931.0,4210.0,4081.0,4294.0,4228.0,1409.0,1409.0,1410.0,1360.0,1360.0,1361.0,1403.0,1403.0,1404.0,2643.0,2643.0,2645.0,1409.0,1409.0,1410.0,1360.0,1360.0,1361.0
0.0,8015.0,4177.0,4087.0,4228.0,4195.0,1398.0,1398.0,1399.0,1362.0,1362.0,1363.0,1392.0,1392.0,1393.0,2671.0,2671.0,2673.0,1398.0,1398.0,1399.0,1362.0,1362.0,1363.0
0.0,8066.0,4198.0,4090.0,4195.0,4207.0,1402.0,1402.0,1403.0,1363.0,1363.0,1364.0,1399.0,1399.0,1400.0,2688.0,2688.0,2690.0,1402.0,1402.0,1403.0,1363.0,1363.0,1364.0
0.0,8063.0,4098.0,4087.0,4207.0,4089.0,1363.0,1363.0,1363.0,1362.0,1362.0,1363.0,1366.0,1366.0,1366.0,2687.0,2687.0,2689.0,1363.0,1363.0,1363.0,1362.0,1362.0,1363.0
0.0,8172.0,3861.0,4081.0,4089.0,3843.0,1281.0,1281.0,1281.0,1360.0,1360.0,1361.0,1287.0,1287.0,1287.0,2723.0,2723.0,2726.0,1281.0,1281.0,1281.0,1360.0,1360.0,1361.0
0.0,8400.0,4000.0,4075.0,3843.0,3982.0,1327.0,1327.0,1328.0,1358.0,1358.0,1359.0,1333.0,1333.0,1334.0,2799.0,2799.0,2802.0,1327.0,1327.0,1328.0,1358.0,1358.0,1359.0
0.0,8243.0,4114.0,4078.0,3982.0,4123.0,1374.0,1374.0,1375.0,1359.0,1359.0,1360.0,1371.0,1371.0,1372.0,2747.0,2747.0,2749.0,1374.0,1374.0,1375.0,1359.0,1359.0,1360.0
0.0,8111.0,4311.0,4086.0,4123.0,4335.0,1446.0,1446.0,1443.0,1362.0,1362.0,1362.0,1437.0,1437.0,1437.0,2703.0,2703.0,2705.0,1446.0,1446.0,1443.0,1362.0,1362.0,1362.0
0.0,7923.0,4323.0,4095.0,4335.0,4350.0,1450.0,1450.0,1450.0,1365.0,1365.0,1365.0,1441.0,1441.0,1441.0,2640.0,2640.0,2643.0,1450.0,1450.0,1450.0,1365.0,1365.0,1365.0
0.0,7935.0,4201.0,4096.0,4350.0,4204.0,1400.0,1400.0,1404.0,1365.0,1365.0,1366.0,1400.0,1400.0,1401.0,2645.0,2645.0,2645.0,1400.0,1400.0,1404.0,1365.0,1365.0,1366.0
0.0,8084.0,4116.0,4095.0,4204.0,4113.0,1372.0,1372.0,1369.0,1365.0,1365.0,1365.0,1372.0,1372.0,1372.0,2695.0,2695.0,2694.0,1372.0,1372.0,1369.0,1365.0,1365.0,1365.0
0.0,8172.0,4018.0,4090.0,4113.0,4003.0,1333.0,1333.0,1337.0,1363.0,1363.0,1364.0,1339.0,1339.0,1340.0,2723.0,2723.0,2726.0,1333.0,1333.0,1337.0,1363.0,1363.0,1364.0
0.0,8267.0,4009.0,4086.0,4003.0,3997.0,1333.0,1333.0,1331.0,1362.0,1362.0,1362.0,1336.0,1336.0,1337.0,2756.0,2756.0,2755.0,1333.0,1333.0,1331.0,1362.0,1362.0,1362.0
0.0,8261.0,4051.0,4089.0,3997.0,4060.0,1353.0,1353.0,1354.0,1363.0,1363.0,1363.0,1350.0,1350.0,1351.0,2753.0,2753.0,2755.0,1353.0,1353.0,1354.0,1363.0,1363.0,1363.0
0.0,8207.0,4146.0,4092.0,4060.0,4155.0,1385.0,1385.0,1385.0,1364.0,1364.0,1364.0,1382.0,1382.0,1382.0,2736.0,2736.0,2735.0,1385.0,1385.0,1385.0,1364.0,1364.0,1364.0
0.0,8121.0,4351.0,4101.0,4155.0,4378.0,1459.0,1459.0,1460.0,1367.0,1367.0,1367.0,1450.0,1450.0,1451.0,2707.0,2707.0,2707.0,1459.0,1459.0,1460.0,1367.0,1367.0,1367.0
0.0,7925.0,4245.0,4105.0,4378.0,4257.0,1418.0,1418.0,1421.0,1368.0,1368.0,1369.0,1415.0,1415.0,1415.0,2642.0,2642.0,2641.0,1418.0,1418.0,1421.0,1368.0,1368.0,1369.0
0.0,8058.0,4080.0,4102.0,4257.0,4071.0,1357.0,1357.0,1357.0,1367.0,1367.0,1368.0,1360.0,1360.0,1360.0,2686.0,2686.0,2686.0,1357.0,1357.0,1357.0,1367.0,1367.0,1368.0
0.0,8235.0,4014.0,4099.0,4071.0,4005.0,1335.0,1335.0,1335.0,1366.0,1366.0,1367.0,1338.0,1338.0,1338.0,2744.0,2744.0,2747.0,1335.0,1335.0,1335.0,1366.0,1366.0,1367.0
0.0,8292.0,4026.0,4096.0,4005.0,4017.0,1339.0,1339.0,1339.0,1365.0,1365.0,1366.0,1342.0,1342.0,1342.0,2763.0,2763.0,2766.0,1339.0,1339.0,1339.0,1365.0,1365.0,1366.0
0.0,8271.0,4170.0,4101.0,4017.0,4185.0,1396.0,1396.0,1393.0,1367.0,1367.0,1367.0,1390.0,1390.0,1390.0,2756.0,2756.0,2759.0,1396.0,1396.0,1393.0,1367.0,1367.0,1367.0
0.0,8118.0,4125.0,4104.0,4185.0,4134.0,1378.0,1378.0,1378.0,1368.0,1368.0,1368.0,1375.0,1375.0,1375.0,2705.0,2705.0,2708.0,1378.0,1378.0,1378.0,1368.0,1368.0,1368.0
0.0,8178.0,4237.0,4110.0,4134.0,4255.0,1418.0,1418.0,1419.0,1370.0,1370.0,1370.0,1412.0,1412.0,1413.0,2726.0,2726.0,2726.0,1418.0,1418.0,1419.0,1370.0,1370.0,1370.0
0.0,8075.0,4294.0,4114.0,4255.0,4306.0,1434.0,1434.0,1438.0,1371.0,1371.0,1372.0,1431.0,1431.0,1432.0,2692.0,2692.0,2691.0,1434.0,1434.0,1438.0,1371.0,1371.0,1372.0
0.0,8036.0,4089.0,4113.0,4306.0,4086.0,1363.0,1363.0,1360.0,1371.0,1371.0,1371.0,1363.0,1363.0,1363.0,2679.0,2679.0,2678.0,1363.0,1363.0,1360.0,1371.0,1371.0,1371.0
0.0,8253.0,3979.0,4110.0,4086.0,3970.0,1323.0,1323.0,1324.0,1370.0,1370.0,1370.0,1326.0,1326.0,1327.0,2750.0,2750.0,2753.0,1323.0,1323.0,1324.0,1370.0,1370.0,1370.0
0.0,8360.0,4114.0,4108.0,3970.0,4108.0,1368.0,1368.0,1372.0,1369.0,1369.0,1370.0,1371.0,1371.0,1372.0,2787.0,2787.0,2786.0,1368.0,1368.0,1372.0,1369.0,1369.0,1370.0
0.0,8216.0,4177.0,4110.0,4108.0,4183.0,1395.0,1395.0,1393.0,1370.0,1370.0,1370.0,1392.0,1392.0,1393.0,2739.0,2739.0,2738.0,1395.0,1395.0,1393.0,1370.0,1370.0,1370.0
0.0,8147.0,4311.0,4120.0,4183.0,4341.0,1446.0,1446.0,1449.0,1373.0,1373.0,1374.0,1437.0,1437.0,1437.0,2715.0,2715.0,2717.0,1446.0,1446.0,1449.0,1373.0,1373.0,1374.0
0.0,8019.0,4465.0,4132.0,4341.0,4501.0,1500.0,1500.0,1501.0,1377.0,1377.0,1378.0,1488.0,1488.0,1489.0,2673.0,2673.0,2673.0,1500.0,1500.0,1501.0,1377.0,1377.0,1378.0
0.0,7895.0,4222.0,4135.0,4501.0,4231.0,1410.0,1410.0,1411.0,1378.0,1378.0,1379.0,1407.0,1407.0,1408.0,2631.0,2631.0,2633.0,1410.0,1410.0,1411.0,1378.0,1378.0,1379.0
0.0,8174.0,4008.0,4134.0,4231.0,4005.0,1336.0,1336.0,1333.0,1378.0,1378.0,1378.0,1336.0,1336.0,1336.0,2724.0,2724.0,2726.0,1336.0,1336.0,1333.0,1378.0,1378.0,1378.0
0.0,8397.0,3937.0,4126.0,4005.0,3913.0,1303.0,1303.0,1307.0,1375.0,1375.0,1376.0,1312.0,1312.0,1313.0,2798.0,2798.0,2801.0,1303.0,1303.0,1307.0,1375.0,1375.0,1376.0
0.0,8465.0,3975.0,4123.0,3913.0,3966.0,1322.0,1322.0,1322.0,1374.0,1374.0,1375.0,1325.0,1325.0,1325.0,2822.0,2822.0,2821.0,1322.0,1322.0,1322.0,1374.0,1374.0,1375.0
0.0,8403.0,4150.0,4125.0,3966.0,4156.0,1386.0,1386.0,1384.0,1375.0,1375.0,1375.0,1383.0,1383.0,1384.0,2800.0,2800.0,2803.0,1386.0,1386.0,1384.0,1375.0,1375.0,1375.0
0.0,8219.0,4147.0,4128.0,4156.0,4156.0,1385.0,1385.0,1386.0,1376.0,1376.0,1376.0,1382.0,1382.0,1383.0,2739.0,2739.0,2741.0,1385.0,1385.0,1386.0,1376.0,1376.0,1376.0
0.0,8228.0,4299.0,4132.0,4156.0,4311.0,1436.0,1436.0,1439.0,1377.0,1377.0,1378.0,1433.0,1433.0,1433.0,2743.0,2743.0,2742.0,1436.0,1436.0,1439.0,1377.0,1377.0,1378.0
0.0,8085.0,4108.0,4134.0,4311.0,4114.0,1372.0,1372.0,1370.0,1378.0,1378.0,1378.0,1369.0,1369.0,1370.0,2695.0,2695.0,2695.0,1372.0,1372.0,1370.0,1378.0,1378.0,1378.0
0.0,8288.0,3934.0,4128.0,4114.0,3916.0,1305.0,1305.0,1306.0,1376.0,1376.0,1376.0,1311.0,1311.0,1312.0,2762.0,2762.0,2764.0,1305.0,1305.0,1306.0,1376.0,1376.0,1376.0
0.0,8468.0,3940.0,4123.0,3916.0,3925.0,1307.0,1307.0,1311.0,1374.0,1374.0,1375.0,1313.0,1313.0,1314.0,2823.0,2823.0,2822.0,1307.0,1307.0,1311.0,1374.0,1374.0,1375.0
0.0,8444.0,4036.0,4120.0,3925.0,4027.0,1342.0,1342.0,1343.0,1373.0,1373.0,1374.0,1345.0,1345.0,1346.0,2815.0,2815.0,2814.0,1342.0,1342.0,1343.0,1373.0,1373.0,1374.0
0.0,8333.0,4261.0,4125.0,4027.0,4276.0,1426.0,1426.0,1424.0,1375.0,1375.0,1375.0,1420.0,1420.0,1421.0,2777.0,2777.0,2779.0,1426.0,1426.0,1424.0,1375.0,1375.0,1375.0
0.0,8099.0,4245.0,4129.0,4276.0,4257.0,1418.0,1418.0,1421.0,1376.0,1376.0,1377.0,1415.0,1415.0,1415.0,2699.0,2699.0,2701.0,1418.0,1418.0,1421.0,1376.0,1376.0,1377.0
0.0,8130.0,4285.0,4134.0,4257.0,4300.0,1434.0,1434.0,1432.0,1378.0,1378.0,1378.0,1428.0,1428.0,1429.0,2710.0,2710.0,2710.0,1434.0,1434.0,1432.0,1378.0,1378.0,1378.0
0.0,8102.0,4231.0,4135.0,4300.0,4234.0,1410.0,1410.0,1414.0,1378.0,1378.0,1379.0,1410.0,1410.0,1411.0,2700.0,2700.0,2702.0,1410.0,1410.0,1414.0,1378.0,1378.0,1379.0
0.0,8171.0,4182.0,4138.0,4234.0,4191.0,1397.0,1397.0,1397.0,1379.0,1379.0,1380.0,1394.0,1394.0,1394.0,2724.0,2724.0,2723.0,1397.0,1397.0,1397.0,1379.0,1379.0,1380.0
0.0,8223.0,3972.0,4134.0,4191.0,3960.0,1321.0,1321.0,1318.0,1378.0,1378.0,1378.0,1324.0,1324.0,1324.0,2740.0,2740.0,2743.0,1321.0,1321.0,1318.0,1378.0,1378.0,1378.0
0.0,8442.0,4147.0,4132.0,3960.0,4141.0,1379.0,1379.0,1383.0,1377.0,1377.0,1378.0,1382.0,1382.0,1383.0,2813.0,2813.0,2816.0,1379.0,1379.0,1383.0,1377.0,1377.0,1378.0
0.0,8255.0,4165.0,4134.0,4141.0,4171.0,1391.0,1391.0,1389.0,1378.0,1378.0,1378.0,1388.0,1388.0,1389.0,2752.0,2752.0,2751.0,1391.0,1391.0,1389.0,1378.0,1378.0,1378.0
0.0,8231.0,4395.0,4143.0,4171.0,4422.0,1474.0,1474.0,1474.0,1381.0,1381.0,1381.0,1465.0,1465.0,1465.0,2743.0,2743.0,2745.0,1474.0,1474.0,1474.0,1381.0,1381.0,1381.0
0.0,8007.0,4264.0,4147.0,4422.0,4276.0,1424.0,1424.0,1428.0,1382.0,1382.0,1383.0,1421.0,1421.0,1422.0,2669.0,2669.0,2669.0,1424.0,1424.0,1428.0,1382.0,1382.0,1383.0
0.0,8165.0,4333.0,4149.0,4276.0,4339.0,1447.0,1447.0,1445.0,1383.0,1383.0,1383.0,1444.0,1444.0,1445.0,2722.0,2722.0,2721.0,1447.0,1447.0,1445.0,1383.0,1383.0,1383.0
0.0,8108.0,4032.0,4146.0,4339.0,4023.0,1341.0,1341.0,1341.0,1382.0,1382.0,1382.0,1344.0,1344.0,1344.0,2702.0,2702.0,2704.0,1341.0,1341.0,1341.0,1382.0,1382.0,1382.0
0.0,8415.0,3999.0,4143.0,4023.0,3990.0,1330.0,1330.0,1330.0,1381.0,1381.0,1381.0,1333.0,1333.0,1333.0,2805.0,2805.0,2805.0,1330.0,1330.0,1330.0,1381.0,1381.0,1381.0
0.0,8439.0,4036.0,4138.0,3990.0,4021.0,1339.0,1339.0,1343.0,1379.0,1379.0,1380.0,1345.0,1345.0,1346.0,2813.0,2813.0,2813.0,1339.0,1339.0,1343.0,1379.0,1379.0,1380.0
0.0,8393.0,4255.0,4141.0,4021.0,4264.0,1421.0,1421.0,1422.0,1380.0,1380.0,1381.0,1418.0,1418.0,1419.0,2798.0,2798.0,2797.0,1421.0,1421.0,1422.0,1380.0,1380.0,1381.0
0.0,8159.0,4311.0,4150.0,4264.0,4338.0,1446.0,1446.0,1446.0,1383.0,1383.0,1384.0,1437.0,1437.0,1437.0,2719.0,2719.0,2721.0,1446.0,1446.0,1446.0,1383.0,1383.0,1384.0
0.0,8112.0,4243.0,4156.0,4338.0,4261.0,1420.0,1420.0,1421.0,1385.0,1385.0,1386.0,1414.0,1414.0,1415.0,2703.0,2703.0,2706.0,1420.0,1420.0,1421.0,1385.0,1385.0,1386.0
0.0,8207.0,4306.0,4159.0,4261.0,4315.0,1438.0,1438.0,1439.0,1386.0,1386.0,1387.0,1435.0,1435.0,1436.0,2735.0,2735.0,2737.0,1438.0,1438.0,1439.0,1386.0,1386.0,1387.0
0.0,8162.0,4099.0,4155.0,4315.0,4087.0,1363.0,1363.0,1361.0,1385.0,1385.0,1385.0,1366.0,1366.0,1367.0,2720.0,2720.0,2722.0,1363.0,1363.0,1361.0,1385.0,1385.0,1385.0
0.0,8378.0,4075.0,4150.0,4087.0,4060.0,1352.0,1352.0,1356.0,1383.0,1383.0,1384.0,1358.0,1358.0,1359.0,2792.0,2792.0,2794.0,1352.0,1352.0,1356.0,1383.0,1383.0,1384.0
0.0,8390.0,4167.0,4150.0,4060.0,4167.0,1389.0,1389.0,1389.0,1383.0,1383.0,1384.0,1389.0,1389.0,1389.0,2797.0,2797.0,2796.0,1389.0,1389.0,1389.0,1383.0,1383.0,1384.0
0.0,8283.0,4159.0,4150.0,4167.0,4159.0,1386.0,1386.0,1387.0,1383.0,1383.0,1384.0,1386.0,1386.0,1387.0,2760.0,2760.0,2763.0,1386.0,1386.0,1387.0,1383.0,1383.0,1384.0
0.0,8291.0,4285.0,4156.0,4159.0,4303.0,1434.0,1434.0,1435.0,1385.0,1385.0,1386.0,1428.0,1428.0,1429.0,2763.0,2763.0,2765.0,1434.0,1434.0,1435.0,1385.0,1385.0,1386.0
0.0,8165.0,4282.0,4161.0,4303.0,4297.0,1433.0,1433.0,1431.0,1387.0,1387.0,1387.0,1427.0,1427.0,1428.0,2721.0,2721.0,2723.0,1433.0,1433.0,1431.0,1387.0,1387.0,1387.0
0.0,8186.0,4107.0,4162.0,4297.0,4110.0,1369.0,1369.0,1372.0,1387.0,1387.0,1388.0,1369.0,1369.0,1369.0,2728.0,2728.0,2730.0,1369.0,1369.0,1372.0,1387.0,1387.0,1388.0
0.0,8376.0,4285.0,4165.0,4110.0,4294.0,1431.0,1431.0,1432.0,1388.0,1388.0,1389.0,1428.0,1428.0,1429.0,2792.0,2792.0,2792.0,1431.0,1431.0,1432.0,1388.0,1388.0,1389.0
0.0,8201.0,4000.0,4158.0,4294.0,3979.0,1327.0,1327.0,1325.0,1386.0,1386.0,1386.0,1333.0,1333.0,1334.0,2733.0,2733.0,2735.0,1327.0,1327.0,1325.0,1386.0,1386.0,1386.0
0.0,8495.0,4008.0,4153.0,3979.0,3993.0,1330.0,1330.0,1333.0,1384.0,1384.0,1385.0,1336.0,1336.0,1336.0,2831.0,2831.0,2833.0,1330.0,1330.0,1333.0,1384.0,1384.0,1385.0
0.0,8466.0,4183.0,4155.0,3993.0,4189.0,1397.0,1397.0,1395.0,1385.0,1385.0,1385.0,1394.0,1394.0,1395.0,2822.0,2822.0,2822.0,1397.0,1397.0,1395.0,1385.0,1385.0,1385.0
0.0,8276.0,4246.0,4159.0,4189.0,4258.0,1418.0,1418.0,1422.0,1386.0,1386.0,1387.0,1415.0,1415.0,1416.0,2758.0,2758.0,2760.0,1418.0,1418.0,1422.0,1386.0,1386.0,1387.0
0.0,8219.0,4321.0,4165.0,4258.0,4339.0,1446.0,1446.0,1447.0,1388.0,1388.0,1389.0,1440.0,1440.0,1441.0,2740.0,2740.0,2739.0,1446.0,1446.0,1447.0,1388.0,1388.0,1389.0
0.0,8156.0,4303.0,4168.0,4339.0,4312.0,1437.0,1437.0,1438.0,1389.0,1389.0,1390.0,1434.0,1434.0,1435.0,2718.0,2718.0,2720.0,1437.0,1437.0,1438.0,1389.0,1389.0,1390.0
0.0,8192.0,4075.0,4167.0,4312.0,4072.0,1358.0,1358.0,1356.0,1389.0,1389.0,1389.0,1358.0,1358.0,1359.0,2730.0,2730.0,2732.0,1358.0,1358.0,1356.0,1389.0,1389.0,1389.0
0.0,8429.0,4077.0,4164.0,4072.0,4068.0,1356.0,1356.0,1356.0,1388.0,1388.0,1388.0,1359.0,1359.0,1359.0,2809.0,2809.0,2811.0,1356.0,1356.0,1356.0,1388.0,1388.0,1388.0
0.0,8424.0,4168.0,4162.0,4068.0,4162.0,1386.0,1386.0,1390.0,1387.0,1387.0,1388.0,1389.0,1389.0,1390.0,2808.0,2808.0,2808.0,1386.0,1386.0,1390.0,1387.0,1387.0,1388.0
0.0,8324.0,4182.0,4164.0,4162.0,4188.0,1397.0,1397.0,1394.0,1388.0,1388.0,1388.0,1394.0,1394.0,1394.0,2775.0,2775.0,2774.0,1397.0,1397.0,1394.0,1388.0,1388.0,1388.0
0.0,8304.0,4294.0,4170.0,4188.0,4312.0,1437.0,1437.0,1438.0,1390.0,1390.0,1390.0,1431.0,1431.0,1432.0,2767.0,2767.0,2770.0,1437.0,1437.0,1438.0,1390.0,1390.0,1390.0
0.0,8198.0,4311.0,4173.0,4312.0,4320.0,1440.0,1440.0,1440.0,1391.0,1391.0,1391.0,1437.0,1437.0,1437.0,2733.0,2733.0,2732.0,1440.0,1440.0,1440.0,1391.0,1391.0,1391.0
0.0,8199.0,4341.0,4176.0,4320.0,4350.0,1450.0,1450.0,1450.0,1392.0,1392.0,1392.0,1447.0,1447.0,1447.0,2733.0,2733.0,2733.0,1450.0,1450.0,1450.0,1392.0,1392.0,1392.0
0.0,8178.0,4138.0,4173.0,4350.0,4129.0,1376.0,1376.0,1377.0,1391.0,1391.0,1391.0,1379.0,1379.0,1380.0,2726.0,2726.0,2726.0,1376.0,1376.0,1377.0,1391.0,1391.0,1391.0
0.0,8390.0,4084.0,4165.0,4129.0,4060.0,1352.0,1352.0,1356.0,1388.0,1388.0,1389.0,1361.0,1361.0,1362.0,2797.0,2797.0,2796.0,1352.0,1352.0,1356.0,1388.0,1388.0,1389.0
0.0,8435.0,4000.0,4162.0,4060.0,3991.0,1330.0,1330.0,1331.0,1387.0,1387.0,1388.0,1333.0,1333.0,1334.0,2812.0,2812.0,2811.0,1330.0,1330.0,1331.0,1387.0,1387.0,1388.0
0.0,8495.0,4206.0,4165.0,3991.0,4215.0,1405.0,1405.0,1405.0,1388.0,1388.0,1389.0,1402.0,1402.0,1402.0,2831.0,2831.0,2833.0,1405.0,1405.0,1405.0,1388.0,1388.0,1389.0
0.0,8280.0,4297.0,4171.0,4215.0,4315.0,1438.0,1438.0,1439.0,1390.0,1390.0,1391.0,1432.0,1432.0,1433.0,2759.0,2759.0,2762.0,1438.0,1438.0,1439.0,1390.0,1390.0,1391.0
0.0,8198.0,4323.0,4179.0,4315.0,4347.0,1450.0,1450.0,1447.0,1393.0,1393.0,1393.0,1441.0,1441.0,1441.0,2732.0,2732.0,2734.0,1450.0,1450.0,1447.0,1393.0,1393.0,1393.0
0.0,8190.0,4327.0,4182.0,4347.0,4336.0,1445.0,1445.0,1446.0,1394.0,1394.0,1394.0,1442.0,1442.0,1443.0,2729.0,2729.0,2732.0,1445.0,1445.0,1446.0,1394.0,1394.0,1394.0
0.0,8210.0,4201.0,4183.0,4336.0,4204.0,1400.0,1400.0,1404.0,1394.0,1394.0,1395.0,1400.0,1400.0,1401.0,2737.0,2737.0,2736.0,1400.0,1400.0,1404.0,1394.0,1394.0,1395.0
0.0,8345.0,4056.0,4179.0,4204.0,4044.0,1349.0,1349.0,1346.0,1393.0,1393.0,1393.0,1352.0,1352.0,1352.0,2782.0,2782.0,2781.0,1349.0,1349.0,1346.0,1393.0,1393.0,1393.0
0.0,8493.0,4299.0,4182.0,4044.0,4308.0,1436.0,1436.0,1436.0,1394.0,1394.0,1394.0,1433.0,1433.0,1433.0,2830.0,2830.0,2833.0,1436.0,1436.0,1436.0,1394.0,1394.0,1394.0
0.0,8238.0,4383.0,4191.0,4308.0,4410.0,1470.0,1470.0,1470.0,1397.0,1397.0,1397.0,1461.0,1461.0,1461.0,2746.0,2746.0,2746.0,1470.0,1470.0,1470.0,1397.0,1397.0,1397.0
0.0,8163.0,4269.0,4197.0,4410.0,4287.0,1429.0,1429.0,1429.0,1399.0,1399.0,1399.0,1423.0,1423.0,1423.0,2721.0,2721.0,2721.0,1429.0,1429.0,1429.0,1399.0,1399.0,1399.0
0.0,8304.0,4408.0,4204.0,4287.0,4429.0,1475.0,1475.0,1479.0,1401.0,1401.0,1402.0,1469.0,1469.0,1470.0,2768.0,2768.0,2768.0,1475.0,1475.0,1479.0,1401.0,1401.0,1402.0
0.0,8183.0,4305.0,4206.0,4429.0,4311.0,1438.0,1438.0,1435.0,1402.0,1402.0,1402.0,1435.0,1435.0,1435.0,2728.0,2728.0,2727.0,1438.0,1438.0,1435.0,1402.0,1402.0,1402.0
0.0,8307.0,4084.0,4201.0,4311.0,4069.0,1355.0,1355.0,1359.0,1400.0,1400.0,1401.0,1361.0,1361.0,1362.0,2768.0,2768.0,2771.0,1355.0,1355.0,1359.0,1400.0,1400.0,1401.0
0.0,8534.0,4027.0,4197.0,4069.0,4015.0,1339.0,1339.0,1337.0,1399.0,1399.0,1399.0,1342.0,1342.0,1343.0,2845.0,2845.0,2844.0,1339.0,1339.0,1337.0,1399.0,1399.0,1399.0
0.0,8576.0,4140.0,4195.0,4015.0,4134.0,1377.0,1377.0,1380.0,1398.0,1398.0,1399.0,1380.0,1380.0,1380.0,2858.0,2858.0,2860.0,1377.0,1377.0,1380.0,1398.0,1398.0,1399.0
0.0,8451.0,4171.0,4195.0,4134.0,4171.0,1390.0,1390.0,1391.0,1398.0,1398.0,1399.0,1390.0,1390.0,1391.0,2817.0,2817.0,2817.0,1390.0,1390.0,1391.0,1398.0,1398.0,1399.0
0.0,8414.0,4362.0,4203.0,4171.0,4386.0,1463.0,1463.0,1460.0,1401.0,1401.0,1401.0,1454.0,1454.0,1454.0,2804.0,2804.0,2806.0,1463.0,1463.0,1460.0,1401.0,1401.0,1401.0
0.0,8223.0,4450.0,4209.0,4386.0,4468.0,1489.0,1489.0,1490.0,1403.0,1403.0,1403.0,1483.0,1483.0,1484.0,2740.0,2740.0,2743.0,1489.0,1489.0,1490.0,1403.0,1403.0,1403.0
0.0,8159.0,4230.0,4210.0,4468.0,4233.0,1410.0,1410.0,1413.0,1403.0,1403.0,1404.0,1410.0,1410.0,1410.0,2720.0,2720.0,2719.0,1410.0,1410.0,1413.0,1403.0,1403.0,1404.0
0.0,8397.0,4179.0,4206.0,4233.0,4167.0,1390.0,1390.0,1387.0,1402.0,1402.0,1402.0,1393.0,1393.0,1393.0,2799.0,2799.0,2799.0,1390.0,1390.0,1387.0,1402.0,1402.0,1402.0
0.0,8451.0,4108.0,4203.0,4167.0,4099.0,1366.0,1366.0,1367.0,1401.0,1401.0,1401.0,1369.0,1369.0,1370.0,2816.0,2816.0,2819.0,1366.0,1366.0,1367.0,1401.0,1401.0,1401.0
0.0,8510.0,4083.0,4198.0,4099.0,4068.0,1355.0,1355.0,1358.0,1399.0,1399.0,1400.0,1361.0,1361.0,1361.0,2837.0,2837.0,2836.0,1355.0,1355.0,1358.0,1399.0,1399.0,1400.0
0.0,8526.0,4258.0,4201.0,4068.0,4267.0,1422.0,1422.0,1423.0,1400.0,1400.0,1401.0,1419.0,1419.0,1420.0,2842.0,2842.0,2842.0,1422.0,1422.0,1423.0,1400.0,1400.0,1401.0
0.0,8336.0,4368.0,4209.0,4267.0,4392.0,1465.0,1465.0,1462.0,1403.0,1403.0,1403.0,1456.0,1456.0,1456.0,2778.0,2778.0,2780.0,1465.0,1465.0,1462.0,1403.0,1403.0,1403.0
0.0,8235.0,4492.0,4218.0,4392.0,4519.0,1506.0,1506.0,1507.0,1406.0,1406.0,1406.0,1497.0,1497.0,1498.0,2744.0,2744.0,2747.0,1506.0,1506.0,1507.0,1406.0,1406.0,1406.0
0.0,8135.0,4258.0,4218.0,4519.0,4258.0,1419.0,1419.0,1420.0,1406.0,1406.0,1406.0,1419.0,1419.0,1420.0,2712.0,2712.0,2711.0,1419.0,1419.0,1420.0,1406.0,1406.0,1406.0
0.0,8396.0,4300.0,4218.0,4258.0,4300.0,1433.0,1433.0,1434.0,1406.0,1406.0,1406.0,1433.0,1433.0,1434.0,2799.0,2799.0,2798.0,1433.0,1433.0,1434.0,1406.0,1406.0,1406.0
0.0,8354.0,4104.0,4215.0,4300.0,4095.0,1365.0,1365.0,1365.0,1405.0,1405.0,1405.0,1368.0,1368.0,1368.0,2785.0,2785.0,2784.0,1365.0,1365.0,1365.0,1405.0,1405.0,1405.0
0.0,8550.0,4030.0,4210.0,4095.0,4015.0,1337.0,1337.0,1341.0,1403.0,1403.0,1404.0,1343.0,1343.0,1344.0,2850.0,2850.0,2850.0,1337.0,1337.0,1341.0,1403.0,1403.0,1404.0
0.0,8615.0,4176.0,4212.0,4015.0,4182.0,1395.0,1395.0,1392.0,1404.0,1404.0,1404.0,1392.0,1392.0,1392.0,2872.0,2872.0,2871.0,1395.0,1395.0,1392.0,1404.0,1404.0,1404.0
0.0,8454.0,4542.0,4221.0,4182.0,4569.0,1523.0,1523.0,1523.0,1407.0,1407.0,1407.0,1514.0,1514.0,1514.0,2817.0,2817.0,2820.0,1523.0,1523.0,1523.0,1407.0,1407.0,1407.0
0.0,8094.0,4251.0,4222.0,4569.0,4254.0,1417.0,1417.0,1420.0,1407.0,1407.0,1408.0,1417.0,1417.0,1417.0,2698.0,2698.0,2698.0,1417.0,1417.0,1420.0,1407.0,1407.0,1408.0
0.0,8412.0,4353.0,4225.0,4254.0,4362.0,1454.0,1454.0,1454.0,1408.0,1408.0,1409.0,1451.0,1451.0,1451.0,2804.0,2804.0,2804.0,1454.0,1454.0,1454.0,1408.0,1408.0,1409.0
0.0,8313.0,4243.0,4225.0,4362.0,4243.0,1414.0,1414.0,1415.0,1408.0,1408.0,1409.0,1414.0,1414.0,1415.0,2770.0,2770.0,2773.0,1414.0,1414.0,1415.0,1408.0,1408.0,1409.0
0.0,8432.0,4222.0,4224.0,4243.0,4219.0,1407.0,1407.0,1405.0,1408.0,1408.0,1408.0,1407.0,1407.0,1408.0,2810.0,2810.0,2812.0,1407.0,1407.0,1405.0,1408.0,1408.0,1408.0
0.0,8453.0,4125.0,4224.0,4219.0,4125.0,1375.0,1375.0,1375.0,1408.0,1408.0,1408.0,1375.0,1375.0,1375.0,2817.0,2817.0,2819.0,1375.0,1375.0,1375.0,1408.0,1408.0,1408.0
0.0,8547.0,4333.0,4225.0,4125.0,4336.0,1444.0,1444.0,1448.0,1408.0,1408.0,1409.0,1444.0,1444.0,1445.0,2849.0,2849.0,2849.0,1444.0,1444.0,1448.0,1408.0,1408.0,1409.0
0.0,8339.0,4309.0,4231.0,4336.0,4327.0,1442.0,1442.0,1443.0,1410.0,1410.0,1411.0,1436.0,1436.0,1437.0,2780.0,2780.0,2779.0,1442.0,1442.0,1443.0,1410.0,1410.0,1411.0
0.0,8366.0,4347.0,4237.0,4327.0,4365.0,1455.0,1455.0,1455.0,1412.0,1412.0,1413.0,1449.0,1449.0,1449.0,2788.0,2788.0,2790.0,1455.0,1455.0,1455.0,1412.0,1412.0,1413.0
0.0,8346.0,4488.0,4243.0,4365.0,4506.0,1502.0,1502.0,1502.0,1414.0,1414.0,1415.0,1496.0,1496.0,1496.0,2781.0,2781.0,2784.0,1502.0,1502.0,1502.0,1414.0,1414.0,1415.0
0.0,8223.0,4264.0,4243.0,4506.0,4264.0,1421.0,1421.0,1422.0,1414.0,1414.0,1415.0,1421.0,1421.0,1422.0,2740.0,2740.0,2743.0,1421.0,1421.0,1422.0,1414.0,1414.0,1415.0
0.0,8465.0,4237.0,4242.0,4264.0,4234.0,1412.0,1412.0,1410.0,1414.0,1414.0,1414.0,1412.0,1412.0,1413.0,2821.0,2821.0,2823.0,1412.0,1412.0,1410.0,1414.0,1414.0,1414.0
0.0,8492.0,4212.0,4240.0,4234.0,4206.0,1401.0,1401.0,1404.0,1413.0,1413.0,1414.0,1404.0,1404.0,1404.0,2830.0,2830.0,2832.0,1401.0,1401.0,1404.0,1413.0,1413.0,1414.0
0.0,8514.0,4375.0,4246.0,4206.0,4393.0,1464.0,1464.0,1465.0,1415.0,1415.0,1416.0,1458.0,1458.0,1459.0,2838.0,2838.0,2838.0,1464.0,1464.0,1465.0,1415.0,1415.0,1416.0
0.0,8345.0,4431.0,4252.0,4393.0,4449.0,1483.0,1483.0,1483.0,1417.0,1417.0,1418.0,1477.0,1477.0,1477.0,2781.0,2781.0,2783.0,1483.0,1483.0,1483.0,1417.0,1417.0,1418.0
0.0,8307.0,4437.0,4258.0,4449.0,4455.0,1485.0,1485.0,1485.0,1419.0,1419.0,1420.0,1479.0,1479.0,1479.0,2768.0,2768.0,2771.0,1485.0,1485.0,1485.0,1419.0,1419.0,1420.0
0.0,8319.0,4606.0,4266.0,4455.0,4630.0,1544.0,1544.0,1542.0,1422.0,1422.0,1422.0,1535.0,1535.0,1536.0,2772.0,2772.0,2775.0,1544.0,1544.0,1542.0,1422.0,1422.0,1422.0
0.0,8168.0,4138.0,4263.0,4630.0,4129.0,1376.0,1376.0,1377.0,1421.0,1421.0,1421.0,1379.0,1379.0,1380.0,2722.0,2722.0,2724.0,1376.0,1376.0,1377.0,1421.0,1421.0,1421.0
0.0,8660.0,4210.0,4261.0,4129.0,4204.0,1400.0,1400.0,1404.0,1420.0,1420.0,1421.0,1403.0,1403.0,1404.0,2887.0,2887.0,2886.0,1400.0,1400.0,1404.0,1420.0,1420.0,1421.0
0.0,8579.0,4215.0,4258.0,4204.0,4206.0,1402.0,1402.0,1402.0,1419.0,1419.0,1420.0,1405.0,1405.0,1405.0,2860.0,2860.0,2859.0,1402.0,1402.0,1402.0,1419.0,1419.0,1420.0
0.0,8568.0,4318.0,4263.0,4206.0,4333.0,1445.0,1445.0,1443.0,1421.0,1421.0,1421.0,1439.0,1439.0,1440.0,2855.0,2855.0,2858.0,1445.0,1445.0,1443.0,1421.0,1421.0,1421.0
0.0,8456.0,4339.0,4267.0,4333.0,4351.0,1449.0,1449.0,1453.0,1422.0,1422.0,1423.0,1446.0,1446.0,1447.0,2818.0,2818.0,2820.0,1449.0,1449.0,1453.0,1422.0,1422.0,1423.0
0.0,8450.0,4542.0,4278.0,4351.0,4575.0,1526.0,1526.0,1523.0,1426.0,1426.0,1426.0,1514.0,1514.0,1514.0,2817.0,2817.0,2816.0,1526.0,1526.0,1523.0,1426.0,1426.0,1426.0
0.0,8259.0,4396.0,4281.0,4575.0,4405.0,1468.0,1468.0,1469.0,1427.0,1427.0,1427.0,1465.0,1465.0,1466.0,2752.0,2752.0,2755.0,1468.0,1468.0,1469.0,1427.0,1427.0,1427.0
0.0,8438.0,4206.0,4279.0,4405.0,4200.0,1399.0,1399.0,1402.0,1426.0,1426.0,1427.0,1402.0,1402.0,1402.0,2813.0,2813.0,2812.0,1399.0,1399.0,1402.0,1426.0,1426.0,1427.0
0.0,8637.0,4257.0,4278.0,4200.0,4254.0,1419.0,1419.0,1416.0,1426.0,1426.0,1426.0,1419.0,1419.0,1419.0,2879.0,2879.0,2879.0,1419.0,1419.0,1416.0,1426.0,1426.0,1426.0
0.0,8580.0,4119.0,4275.0,4254.0,4110.0,1370.0,1370.0,1370.0,1425.0,1425.0,1425.0,1373.0,1373.0,1373.0,2859.0,2859.0,2862.0,1370.0,1370.0,1370.0,1425.0,1425.0,1425.0
0.0,8715.0,4422.0,4278.0,4110.0,4431.0,1477.0,1477.0,1477.0,1426.0,1426.0,1426.0,1474.0,1474.0,1474.0,2905.0,2905.0,2905.0,1477.0,1477.0,1477.0,1426.0,1426.0,1426.0
0.0,8403.0,4513.0,4287.0,4431.0,4540.0,1513.0,1513.0,1514.0,1429.0,1429.0,1429.0,1504.0,1504.0,1505.0,2801.0,2801.0,2801.0,1513.0,1513.0,1514.0,1429.0,1429.0,1429.0
0.0,8321.0,4473.0,4290.0,4540.0,4482.0,1494.0,1494.0,1494.0,1430.0,1430.0,1430.0,1491.0,1491.0,1491.0,2774.0,2774.0,2773.0,1494.0,1494.0,1494.0,1430.0,1430.0,1430.0
0.0,8388.0,4351.0,4290.0,4482.0,4351.0,1450.0,1450.0,1451.0,1430.0,1430.0,1430.0,1450.0,1450.0,1451.0,2796.0,2796.0,2796.0,1450.0,1450.0,1451.0,1430.0,1430.0,1430.0
0.0,8519.0,4282.0,4290.0,4351.0,4282.0,1427.0,1427.0,1428.0,1430.0,1430.0,1430.0,1427.0,1427.0,1428.0,2840.0,2840.0,2839.0,1427.0,1427.0,1428.0,1430.0,1430.0,1430.0
0.0,8588.0,4219.0,4287.0,4282.0,4210.0,1403.0,1403.0,1404.0,1429.0,1429.0,1429.0,1406.0,1406.0,1407.0,2863.0,2863.0,2862.0,1403.0,1403.0,1404.0,1429.0,1429.0,1429.0
0.0,8651.0,4168.0,4284.0,4210.0,4159.0,1386.0,1386.0,1387.0,1428.0,1428.0,1428.0,1389.0,1389.0,1390.0,2884.0,2884.0,2883.0,1386.0,1386.0,1387.0,1428.0,1428.0,1428.0
0.0,8693.0,4375.0,4290.0,4159.0,4393.0,1464.0,1464.0,1465.0,1430.0,1430.0,1430.0,1458.0,1458.0,1459.0,2898.0,2898.0,2897.0,1464.0,1464.0,1465.0,1430.0,1430.0,1430.0
0.0,8477.0,4476.0,4299.0,4393.0,4503.0,1501.0,1501.0,1501.0,1433.0,1433.0,1433.0,1492.0,1492.0,1492.0,2826.0,2826.0,2825.0,1501.0,1501.0,1501.0,1433.0,1433.0,1433.0
0.0,8394.0,4462.0,4305.0,4503.0,4480.0,1493.0,1493.0,1494.0,1435.0,1435.0,1435.0,1487.0,1487.0,1488.0,2798.0,2798.0,2798.0,1493.0,1493.0,1494.0,1435.0,1435.0,1435.0
0.0,8435.0,4387.0,4309.0,4480.0,4399.0,1465.0,1465.0,1469.0,1436.0,1436.0,1437.0,1462.0,1462.0,1463.0,2812.0,2812.0,2811.0,1465.0,1465.0,1469.0,1436.0,1436.0,1437.0
0.0,8528.0,4306.0,4308.0,4399.0,4303.0,1435.0,1435.0,1433.0,1436.0,1436.0,1436.0,1435.0,1435.0,1436.0,2843.0,2843.0,2842.0,1435.0,1435.0,1433.0,1436.0,1436.0,1436.0
0.0,8621.0,4119.0,4302.0,4303.0,4101.0,1367.0,1367.0,1367.0,1434.0,1434.0,1434.0,1373.0,1373.0,1373.0,2873.0,2873.0,2875.0,1367.0,1367.0,1367.0,1434.0,1434.0,1434.0
0.0,8805.0,4171.0,4300.0,4101.0,4165.0,1387.0,1387.0,1391.0,1433.0,1433.0,1434.0,1390.0,1390.0,1391.0,2935.0,2935.0,2935.0,1387.0,1387.0,1391.0,1433.0,1433.0,1434.0
0.0,8735.0,4330.0,4303.0,4165.0,4339.0,1446.0,1446.0,1447.0,1434.0,1434.0,1435.0,1443.0,1443.0,1444.0,2912.0,2912.0,2911.0,1446.0,1446.0,1447.0,1434.0,1434.0,1435.0
0.0,8570.0,4420.0,4309.0,4339.0,4438.0,1479.0,1479.0,1480.0,1436.0,1436.0,1437.0,1473.0,1473.0,1474.0,2856.0,2856.0,2858.0,1479.0,1479.0,1480.0,1436.0,1436.0,1437.0
0.0,8489.0,4320.0,4314.0,4438.0,4335.0,1446.0,1446.0,1443.0,1438.0,1438.0,1438.0,1440.0,1440.0,1440.0,2829.0,2829.0,2831.0,1446.0,1446.0,1443.0,1438.0,1438.0,1438.0
0.0,8607.0,4327.0,4315.0,4335.0,4330.0,1442.0,1442.0,1446.0,1438.0,1438.0,1439.0,1442.0,1442.0,1443.0,2868.0,2868.0,2871.0,1442.0,1442.0,1446.0,1438.0,1438.0,1439.0
0.0,8615.0,4251.0,4312.0,4330.0,4242.0,1414.0,1414.0,1414.0,1437.0,1437.0,1438.0,1417.0,1417.0,1417.0,2872.0,2872.0,2871.0,1414.0,1414.0,1414.0,1437.0,1437.0,1438.0
0.0,8694.0,4234.0,4308.0,4242.0,4222.0,1408.0,1408.0,1406.0,1436.0,1436.0,1436.0,1411.0,1411.0,1412.0,2897.0,2897.0,2900.0,1408.0,1408.0,1406.0,1436.0,1436.0,1436.0
0.0,8702.0,4198.0,4306.0,4222.0,4192.0,1396.0,1396.0,1400.0,1435.0,1435.0,1436.0,1399.0,1399.0,1400.0,2900.0,2900.0,2902.0,1396.0,1396.0,1400.0,1435.0,1435.0,1436.0
0.0,8726.0,4266.0,4306.0,4192.0,4266.0,1422.0,1422.0,1422.0,1435.0,1435.0,1436.0,1422.0,1422.0,1422.0,2909.0,2909.0,2908.0,1422.0,1422.0,1422.0,1435.0,1435.0,1436.0
0.0,8652.0,4491.0,4314.0,4266.0,4515.0,1506.0,1506.0,1503.0,1438.0,1438.0,1438.0,1497.0,1497.0,1497.0,2883.0,2883.0,2886.0,1506.0,1506.0,1503.0,1438.0,1438.0,1438.0
0.0,8427.0,4395.0,4320.0,4515.0,4413.0,1471.0,1471.0,1471.0,1440.0,1440.0,1440.0,1465.0,1465.0,1465.0,2808.0,2808.0,2811.0,1471.0,1471.0,1471.0,1440.0,1440.0,1440.0
0.0,8547.0,4353.0,4324.0,4413.0,4365.0,1454.0,1454.0,1457.0,1441.0,1441.0,1442.0,1451.0,1451.0,1451.0,2849.0,2849.0,2849.0,1454.0,1454.0,1457.0,1441.0,1441.0,1442.0
0.0,8607.0,4203.0,4317.0,4365.0,4182.0,1395.0,1395.0,1392.0,1439.0,1439.0,1439.0,1401.0,1401.0,1401.0,2869.0,2869.0,2869.0,1395.0,1395.0,1392.0,1439.0,1439.0,1439.0
0.0,8769.0,4206.0,4317.0,4182.0,4206.0,1402.0,1402.0,1402.0,1439.0,1439.0,1439.0,1402.0,1402.0,1402.0,2922.0,2922.0,2925.0,1402.0,1402.0,1402.0,1439.0,1439.0,1439.0
0.0,8745.0,4339.0,4315.0,4206.0,4333.0,1443.0,1443.0,1447.0,1438.0,1438.0,1439.0,1446.0,1446.0,1447.0,2915.0,2915.0,2915.0,1443.0,1443.0,1447.0,1438.0,1438.0,1439.0
0.0,8612.0,4414.0,4320.0,4333.0,4429.0,1477.0,1477.0,1475.0,1440.0,1440.0,1440.0,1471.0,1471.0,1472.0,2871.0,2871.0,2870.0,1477.0,1477.0,1475.0,1440.0,1440.0,1440.0
0.0,8531.0,4398.0,4323.0,4429.0,4407.0,1469.0,1469.0,1469.0,1441.0,1441.0,1441.0,1466.0,1466.0,1466.0,2843.0,2843.0,2845.0,1469.0,1469.0,1469.0,1441.0,1441.0,1441.0
0.0,8562.0,4465.0,4329.0,4407.0,4483.0,1494.0,1494.0,1495.0,1443.0,1443.0,1443.0,1488.0,1488.0,1489.0,2854.0,2854.0,2854.0,1494.0,1494.0,1495.0,1443.0,1443.0,1443.0
0.0,8504.0,4492.0,4332.0,4483.0,4501.0,1500.0,1500.0,1501.0,1444.0,1444.0,1444.0,1497.0,1497.0,1498.0,2835.0,2835.0,2834.0,1500.0,1500.0,1501.0,1444.0,1444.0,1444.0
0.0,8495.0,4314.0,4332.0,4501.0,4314.0,1438.0,1438.0,1438.0,1444.0,1444.0,1444.0,1438.0,1438.0,1438.0,2832.0,2832.0,2831.0,1438.0,1438.0,1438.0,1444.0,1444.0,1444.0
0.0,8682.0,4216.0,4330.0,4314.0,4210.0,1402.0,1402.0,1406.0,1443.0,1443.0,1444.0,1405.0,1405.0,1406.0,2894.0,2894.0,2894.0,1402.0,1402.0,1406.0,1443.0,1443.0,1444.0
0.0,8780.0,4308.0,4326.0,4210.0,4296.0,1433.0,1433.0,1430.0,1442.0,1442.0,1442.0,1436.0,1436.0,1436.0,2927.0,2927.0,2926.0,1433.0,1433.0,1430.0,1442.0,1442.0,1442.0
0.0,8682.0,4341.0,4327.0,4296.0,4344.0,1447.0,1447.0,1450.0,1442.0,1442.0,1443.0,1447.0,1447.0,1447.0,2893.0,2893.0,2896.0,1447.0,1447.0,1450.0,1442.0,1442.0,1443.0
0.0,8637.0,4584.0,4335.0,4344.0,4608.0,1537.0,1537.0,1534.0,1445.0,1445.0,1445.0,1528.0,1528.0,1528.0,2879.0,2879.0,2879.0,1537.0,1537.0,1534.0,1445.0,1445.0,1445.0
0.0,8397.0,4486.0,4339.0,4608.0,4498.0,1498.0,1498.0,1502.0,1446.0,1446.0,1447.0,1495.0,1495.0,1496.0,2798.0,2798.0,2801.0,1498.0,1498.0,1502.0,1446.0,1446.0,1447.0
0.0,8519.0,4426.0,4341.0,4498.0,4432.0,1478.0,1478.0,1476.0,1447.0,1447.0,1447.0,1475.0,1475.0,1476.0,2840.0,2840.0,2839.0,1478.0,1478.0,1476.0,1447.0,1447.0,1447.0
0.0,8591.0,4297.0,4338.0,4432.0,4288.0,1429.0,1429.0,1430.0,1446.0,1446.0,1446.0,1432.0,1432.0,1433.0,2863.0,2863.0,2865.0,1429.0,1429.0,1430.0,1446.0,1446.0,1446.0
0.0,8726.0,4239.0,4335.0,4288.0,4230.0,1410.0,1410.0,1410.0,1445.0,1445.0,1445.0,1413.0,1413.0,1413.0,2909.0,2909.0,2908.0,1410.0,1410.0,1410.0,1445.0,1445.0,1445.0
0.0,8775.0,4245.0,4327.0,4230.0,4221.0,1406.0,1406.0,1409.0,1442.0,1442.0,1443.0,1415.0,1415.0,1415.0,2925.0,2925.0,2925.0,1406.0,1406.0,1409.0,1442.0,1442.0,1443.0
0.0,8760.0,4344.0,4332.0,4221.0,4359.0,1454.0,1454.0,1451.0,1444.0,1444.0,1444.0,1448.0,1448.0,1448.0,2920.0,2920.0,2920.0,1454.0,1454.0,1451.0,1444.0,1444.0,1444.0
0.0,8637.0,4420.0,4335.0,4359.0,4429.0,1476.0,1476.0,1477.0,1445.0,1445.0,1445.0,1473.0,1473.0,1474.0,2878.0,2878.0,2881.0,1476.0,1476.0,1477.0,1445.0,1445.0,1445.0
0.0,8576.0,4531.0,4342.0,4429.0,4552.0,1516.0,1516.0,1520.0,1447.0,1447.0,1448.0,1510.0,1510.0,1511.0,2859.0,2859.0,2858.0,1516.0,1516.0,1520.0,1447.0,1447.0,1448.0
0.0,8474.0,4294.0,4341.0,4552.0,4291.0,1431.0,1431.0,1429.0,1447.0,1447.0,1447.0,1431.0,1431.0,1432.0,2825.0,2825.0,2824.0,1431.0,1431.0,1429.0,1447.0,1447.0,1447.0
0.0,8732.0,4275.0,4339.0,4291.0,4269.0,1422.0,1422.0,1425.0,1446.0,1446.0,1447.0,1425.0,1425.0,1425.0,2910.0,2910.0,2912.0,1422.0,1422.0,1425.0,1446.0,1446.0,1447.0
0.0,8748.0,4276.0,4335.0,4269.0,4264.0,1422.0,1422.0,1420.0,1445.0,1445.0,1445.0,1425.0,1425.0,1426.0,2916.0,2916.0,2916.0,1422.0,1422.0,1420.0,1445.0,1445.0,1445.0
0.0,8741.0,4248.0,4332.0,4264.0,4239.0,1413.0,1413.0,1413.0,1444.0,1444.0,1444.0,1416.0,1416.0,1416.0,2913.0,2913.0,2915.0,1413.0,1413.0,1413.0,1444.0,1444.0,1444.0
0.0,8757.0,4393.0,4335.0,4239.0,4402.0,1467.0,1467.0,1468.0,1445.0,1445.0,1445.0,1464.0,1464.0,1465.0,2919.0,2919.0,2919.0,1467.0,1467.0,1468.0,1445.0,1445.0,1445.0
0.0,8603.0,4456.0,4339.0,4402.0,4468.0,1488.0,1488.0,1492.0,1446.0,1446.0,1447.0,1485.0,1485.0,1486.0,2868.0,2868.0,2867.0,1488.0,1488.0,1492.0,1446.0,1446.0,1447.0
0.0,8549.0,4680.0,4350.0,4468.0,4713.0,1572.0,1572.0,1569.0,1450.0,1450.0,1450.0,1560.0,1560.0,1560.0,2850.0,2850.0,2849.0,1572.0,1572.0,1569.0,1450.0,1450.0,1450.0
0.0,8337.0,4543.0,4353.0,4713.0,4552.0,1517.0,1517.0,1518.0,1451.0,1451.0,1451.0,1514.0,1514.0,1515.0,2778.0,2778.0,2781.0,1517.0,1517.0,1518.0,1451.0,1451.0,1451.0
0.0,8507.0,4414.0,4351.0,4552.0,4408.0,1468.0,1468.0,1472.0,1450.0,1450.0,1451.0,1471.0,1471.0,1472.0,2836.0,2836.0,2835.0,1468.0,1468.0,1472.0,1450.0,1450.0,1451.0
0.0,8645.0,4215.0,4345.0,4408.0,4197.0,1399.0,1399.0,1399.0,1448.0,1448.0,1449.0,1405.0,1405.0,1405.0,2882.0,2882.0,2881.0,1399.0,1399.0,1399.0,1448.0,1448.0,1449.0
0.0,8838.0,4402.0,4347.0,4197.0,4408.0,1470.0,1470.0,1468.0,1449.0,1449.0,1449.0,1467.0,1467.0,1468.0,2945.0,2945.0,2948.0,1470.0,1470.0,1468.0,1449.0,1449.0,1449.0
0.0,8633.0,4341.0,4348.0,4408.0,4344.0,1447.0,1447.0,1450.0,1449.0,1449.0,1450.0,1447.0,1447.0,1447.0,2877.0,2877.0,2879.0,1447.0,1447.0,1450.0,1449.0,1449.0,1450.0
0.0,8700.0,4596.0,4354.0,4344.0,4614.0,1538.0,1538.0,1538.0,1451.0,1451.0,1452.0,1532.0,1532.0,1532.0,2900.0,2900.0,2900.0,1538.0,1538.0,1538.0,1451.0,1451.0,1452.0
0.0,8448.0,4522.0,4362.0,4614.0,4546.0,1516.0,1516.0,1514.0,1454.0,1454.0,1454.0,1507.0,1507.0,1508.0,2815.0,2815.0,2818.0,1516.0,1516.0,1514.0,1454.0,1454.0,1454.0
0.0,8540.0,4683.0,4368.0,4546.0,4701.0,1567.0,1567.0,1567.0,1456.0,1456.0,1456.0,1561.0,1561.0,1561.0,2846.0,2846.0,2848.0,1567.0,1567.0,1567.0,1456.0,1456.0,1456.0
0.0,8403.0,4255.0,4363.0,4701.0,4240.0,1412.0,1412.0,1416.0,1454.0,1454.0,1455.0,1418.0,1418.0,1419.0,2801.0,2801.0,2801.0,1412.0,1412.0,1416.0,1454.0,1454.0,1455.0
0.0,8849.0,4191.0,4359.0,4240.0,4179.0,1394.0,1394.0,1391.0,1453.0,1453.0,1453.0,1397.0,1397.0,1397.0,2950.0,2950.0,2949.0,1394.0,1394.0,1391.0,1453.0,1453.0,1453.0
0.0,8898.0,4243.0,4356.0,4179.0,4234.0,1411.0,1411.0,1412.0,1452.0,1452.0,1452.0,1414.0,1414.0,1415.0,2965.0,2965.0,2968.0,1411.0,1411.0,1412.0,1452.0,1452.0,1452.0
0.0,8834.0,4386.0,4357.0,4234.0,4389.0,1462.0,1462.0,1465.0,1452.0,1452.0,1453.0,1462.0,1462.0,1462.0,2945.0,2945.0,2944.0,1462.0,1462.0,1465.0,1452.0,1452.0,1453.0
0.0,8682.0,4525.0,4365.0,4389.0,4549.0,1517.0,1517.0,1515.0,1455.0,1455.0,1455.0,1508.0,1508.0,1509.0,2894.0,2894.0,2894.0,1517.0,1517.0,1515.0,1455.0,1455.0,1455.0
0.0,8546.0,4432.0,4369.0,4549.0,4444.0,1480.0,1480.0,1484.0,1456.0,1456.0,1457.0,1477.0,1477.0,1478.0,2848.0,2848.0,2850.0,1480.0,1480.0,1484.0,1456.0,1456.0,1457.0
0.0,8663.0,4395.0,4371.0,4444.0,4401.0,1468.0,1468.0,1465.0,1457.0,1457.0,1457.0,1465.0,1465.0,1465.0,2888.0,2888.0,2887.0,1468.0,1468.0,1465.0,1457.0,1457.0,1457.0
0.0,8712.0,4332.0,4369.0,4401.0,4326.0,1441.0,1441.0,1444.0,1456.0,1456.0,1457.0,1444.0,1444.0,1444.0,2903.0,2903.0,2906.0,1441.0,1441.0,1444.0,1456.0,1456.0,1457.0
0.0,8781.0,4365.0,4371.0,4326.0,4371.0,1458.0,1458.0,1455.0,1457.0,1457.0,1457.0,1455.0,1455.0,1455.0,2927.0,2927.0,2927.0,1458.0,1458.0,1455.0,1457.0,1457.0,1457.0
0.0,8742.0,4215.0,4368.0,4371.0,4206.0,1402.0,1402.0,1402.0,1456.0,1456.0,1456.0,1405.0,1405.0,1405.0,2913.0,2913.0,2916.0,1402.0,1402.0,1402.0,1456.0,1456.0,1456.0
0.0,8898.0,4432.0,4371.0,4206.0,4441.0,1480.0,1480.0,1481.0,1457.0,1457.0,1457.0,1477.0,1477.0,1478.0,2966.0,2966.0,2966.0,1480.0,1480.0,1481.0,1457.0,1457.0,1457.0
0.0,8672.0,4534.0,4377.0,4441.0,4552.0,1517.0,1517.0,1518.0,1459.0,1459.0,1459.0,1511.0,1511.0,1512.0,2891.0,2891.0,2890.0,1517.0,1517.0,1518.0,1459.0,1459.0,1459.0
0.0,8579.0,4633.0,4386.0,4552.0,4660.0,1553.0,1553.0,1554.0,1462.0,1462.0,1462.0,1544.0,1544.0,1545.0,2860.0,2860.0,2859.0,1553.0,1553.0,1554.0,1462.0,1462.0,1462.0
0.0,8498.0,4518.0,4390.0,4660.0,4530.0,1509.0,1509.0,1512.0,1463.0,1463.0,1464.0,1506.0,1506.0,1506.0,2833.0,2833.0,2832.0,1509.0,1509.0,1512.0,1463.0,1463.0,1464.0
0.0,8640.0,4366.0,4387.0,4530.0,4357.0,1452.0,1452.0,1453.0,1462.0,1462.0,1463.0,1455.0,1455.0,1456.0,2880.0,2880.0,2880.0,1452.0,1452.0,1453.0,1462.0,1462.0,1463.0
0.0,8804.0,4314.0,4386.0,4357.0,4311.0,1438.0,1438.0,1435.0,1462.0,1462.0,1462.0,1438.0,1438.0,1438.0,2934.0,2934.0,2936.0,1438.0,1438.0,1435.0,1462.0,1462.0,1462.0
0.0,8847.0,4299.0,4386.0,4311.0,4299.0,1433.0,1433.0,1433.0,1462.0,1462.0,1462.0,1433.0,1433.0,1433.0,2948.0,2948.0,2951.0,1433.0,1433.0,1433.0,1462.0,1462.0,1462.0
0.0,8859.0,4383.0,4389.0,4299.0,4392.0,1464.0,1464.0,1464.0,1463.0,1463.0,1463.0,1461.0,1461.0,1461.0,2953.0,2953.0,2953.0,1464.0,1464.0,1464.0,1463.0,1463.0,1463.0
0.0,8775.0,4600.0,4396.0,4392.0,4621.0,1539.0,1539.0,1543.0,1465.0,1465.0,1466.0,1533.0,1533.0,1534.0,2925.0,2925.0,2925.0,1539.0,1539.0,1543.0,1465.0,1465.0,1466.0
0.0,8567.0,4461.0,4399.0,4621.0,4470.0,1490.0,1490.0,1490.0,1466.0,1466.0,1467.0,1487.0,1487.0,1487.0,2856.0,2856.0,2855.0,1490.0,1490.0,1490.0,1466.0,1466.0,1467.0
0.0,8727.0,4542.0,4401.0,4470.0,4548.0,1517.0,1517.0,1514.0,1467.0,1467.0,1467.0,1514.0,1514.0,1514.0,2908.0,2908.0,2911.0,1517.0,1517.0,1514.0,1467.0,1467.0,1467.0
0.0,8655.0,4323.0,4399.0,4548.0,4317.0,1438.0,1438.0,1441.0,1466.0,1466.0,1467.0,1441.0,1441.0,1441.0,2884.0,2884.0,2887.0,1438.0,1438.0,1441.0,1466.0,1466.0,1467.0
0.0,8880.0,4444.0,4399.0,4317.0,4444.0,1481.0,1481.0,1482.0,1466.0,1466.0,1467.0,1481.0,1481.0,1482.0,2960.0,2960.0,2960.0,1481.0,1481.0,1482.0,1466.0,1466.0,1467.0
0.0,8753.0,4291.0,4396.0,4444.0,4282.0,1427.0,1427.0,1428.0,1465.0,1465.0,1466.0,1430.0,1430.0,1431.0,2917.0,2917.0,2919.0,1427.0,1427.0,1428.0,1465.0,1465.0,1466.0
0.0,8906.0,4555.0,4401.0,4282.0,4570.0,1524.0,1524.0,1522.0,1467.0,1467.0,1467.0,1518.0,1518.0,1519.0,2968.0,2968.0,2970.0,1524.0,1524.0,1522.0,1467.0,1467.0,1467.0
0.0,8633.0,4570.0,4407.0,4570.0,4588.0,1529.0,1529.0,1530.0,1469.0,1469.0,1469.0,1523.0,1523.0,1524.0,2877.0,2877.0,2879.0,1529.0,1529.0,1530.0,1469.0,1469.0,1469.0
0.0,8633.0,4572.0,4413.0,4588.0,4590.0,1530.0,1530.0,1530.0,1471.0,1471.0,1471.0,1524.0,1524.0,1524.0,2878.0,2878.0,2877.0,1530.0,1530.0,1530.0,1471.0,1471.0,1471.0
0.0,8649.0,4614.0,4417.0,4590.0,4626.0,1541.0,1541.0,1544.0,1472.0,1472.0,1473.0,1538.0,1538.0,1538.0,2883.0,2883.0,2883.0,1541.0,1541.0,1544.0,1472.0,1472.0,1473.0
0.0,8625.0,4446.0,4414.0,4626.0,4437.0,1479.0,1479.0,1479.0,1471.0,1471.0,1472.0,1482.0,1482.0,1482.0,2875.0,2875.0,2875.0,1479.0,1479.0,1479.0,1471.0,1471.0,1472.0
0.0,8805.0,4260.0,4410.0,4437.0,4248.0,1417.0,1417.0,1414.0,1470.0,1470.0,1470.0,1420.0,1420.0,1420.0,2934.0,2934.0,2937.0,1417.0,1417.0,1414.0,1470.0,1470.0,1470.0
0.0,8982.0,4293.0,4408.0,4248.0,4287.0,1428.0,1428.0,1431.0,1469.0,1469.0,1470.0,1431.0,1431.0,1431.0,2993.0,2993.0,2996.0,1428.0,1428.0,1431.0,1469.0,1469.0,1470.0
0.0,8937.0,4456.0,4411.0,4287.0,4465.0,1488.0,1488.0,1489.0,1470.0,1470.0,1471.0,1485.0,1485.0,1486.0,2979.0,2979.0,2979.0,1488.0,1488.0,1489.0,1470.0,1470.0,1471.0
0.0,8768.0,4576.0,4417.0,4465.0,4594.0,1531.0,1531.0,1532.0,1472.0,1472.0,1473.0,1525.0,1525.0,1526.0,2922.0,2922.0,2924.0,1531.0,1531.0,1532.0,1472.0,1472.0,1473.0
0.0,8657.0,4539.0,4423.0,4594.0,4557.0,1519.0,1519.0,1519.0,1474.0,1474.0,1475.0,1513.0,1513.0,1513.0,2885.0,2885.0,2887.0,1519.0,1519.0,1519.0,1474.0,1474.0,1475.0
0.0,8712.0,4518.0,4426.0,4557.0,4527.0,1509.0,1509.0,1509.0,1475.0,1475.0,1476.0,1506.0,1506.0,1506.0,2903.0,2903.0,2906.0,1509.0,1509.0,1509.0,1475.0,1475.0,1476.0
0.0,8751.0,4533.0,4428.0,4527.0,4539.0,1514.0,1514.0,1511.0,1476.0,1476.0,1476.0,1511.0,1511.0,1511.0,2916.0,2916.0,2919.0,1514.0,1514.0,1511.0,1476.0,1476.0,1476.0
0.0,8745.0,4219.0,4422.0,4539.0,4201.0,1400.0,1400.0,1401.0,1474.0,1474.0,1474.0,1406.0,1406.0,1407.0,2914.0,2914.0,2917.0,1400.0,1400.0,1401.0,1474.0,1474.0,1474.0
0.0,9065.0,4279.0,4422.0,4201.0,4279.0,1426.0,1426.0,1427.0,1474.0,1474.0,1474.0,1426.0,1426.0,1427.0,3022.0,3022.0,3021.0,1426.0,1426.0,1427.0,1474.0,1474.0,1474.0
0.0,8987.0,4420.0,4425.0,4279.0,4429.0,1476.0,1476.0,1477.0,1475.0,1475.0,1475.0,1473.0,1473.0,1474.0,2996.0,2996.0,2995.0,1476.0,1476.0,1477.0,1475.0,1475.0,1475.0
0.0,8846.0,4546.0,4431.0,4429.0,4564.0,1521.0,1521.0,1522.0,1477.0,1477.0,1477.0,1515.0,1515.0,1516.0,2949.0,2949.0,2948.0,1521.0,1521.0,1522.0,1477.0,1477.0,1477.0
0.0,8729.0,4594.0,4437.0,4564.0,4612.0,1537.0,1537.0,1538.0,1479.0,1479.0,1479.0,1531.0,1531.0,1532.0,2910.0,2910.0,2909.0,1537.0,1537.0,1538.0,1479.0,1479.0,1479.0
0.0,8699.0,4501.0,4438.0,4612.0,4504.0,1500.0,1500.0,1504.0,1479.0,1479.0,1480.0,1500.0,1500.0,1501.0,2900.0,2900.0,2899.0,1500.0,1500.0,1504.0,1479.0,1479.0,1480.0
0.0,8810.0,4495.0,4440.0,4504.0,4501.0,1501.0,1501.0,1499.0,1480.0,1480.0,1480.0,1498.0,1498.0,1499.0,2937.0,2937.0,2936.0,1501.0,1501.0,1499.0,1480.0,1480.0,1480.0
0.0,8819.0,4374.0,4434.0,4501.0,4356.0,1452.0,1452.0,1452.0,1478.0,1478.0,1478.0,1458.0,1458.0,1458.0,2939.0,2939.0,2941.0,1452.0,1452.0,1452.0,1478.0,1478.0,1478.0
0.0,8946.0,4396.0,4431.0,4356.0,4387.0,1462.0,1462.0,1463.0,1477.0,1477.0,1477.0,1465.0,1465.0,1466.0,2982.0,2982.0,2982.0,1462.0,1462.0,1463.0,1477.0,1477.0,1477.0
0.0,8906.0,4581.0,4434.0,4387.0,4590.0,1530.0,1530.0,1530.0,1478.0,1478.0,1478.0,1527.0,1527.0,1527.0,2969.0,2969.0,2968.0,1530.0,1530.0,1530.0,1478.0,1478.0,1478.0
0.0,8712.0,4560.0,4441.0,4590.0,4581.0,1526.0,1526.0,1529.0,1480.0,1480.0,1481.0,1520.0,1520.0,1520.0,2904.0,2904.0,2904.0,1526.0,1526.0,1529.0,1480.0,1480.0,1481.0
0.0,8742.0,4507.0,4443.0,4581.0,4513.0,1505.0,1505.0,1503.0,1481.0,1481.0,1481.0,1502.0,1502.0,1503.0,2914.0,2914.0,2914.0,1505.0,1505.0,1503.0,1481.0,1481.0,1481.0
0.0,8816.0,4510.0,4446.0,4513.0,4519.0,1506.0,1506.0,1507.0,1482.0,1482.0,1482.0,1503.0,1503.0,1504.0,2938.0,2938.0,2940.0,1506.0,1506.0,1507.0,1482.0,1482.0,1482.0
0.0,8819.0,4264.0,4440.0,4519.0,4246.0,1415.0,1415.0,1416.0,1480.0,1480.0,1480.0,1421.0,1421.0,1422.0,2940.0,2940.0,2939.0,1415.0,1415.0,1416.0,1480.0,1480.0,1480.0
0.0,9074.0,4312.0,4435.0,4246.0,4297.0,1431.0,1431.0,1435.0,1478.0,1478.0,1479.0,1437.0,1437.0,1438.0,3025.0,3025.0,3024.0,1431.0,1431.0,1435.0,1478.0,1478.0,1479.0
0.0,9008.0,4440.0,4431.0,4297.0,4428.0,1477.0,1477.0,1474.0,1477.0,1477.0,1477.0,1480.0,1480.0,1480.0,3003.0,3003.0,3002.0,1477.0,1477.0,1474.0,1477.0,1477.0,1477.0
0.0,8865.0,4513.0,4435.0,4428.0,4525.0,1507.0,1507.0,1511.0,1478.0,1478.0,1479.0,1504.0,1504.0,1505.0,2954.0,2954.0,2957.0,1507.0,1507.0,1511.0,1478.0,1478.0,1479.0
0.0,8780.0,4480.0,4441.0,4525.0,4498.0,1499.0,1499.0,1500.0,1480.0,1480.0,1481.0,1493.0,1493.0,1494.0,2927.0,2927.0,2926.0,1499.0,1499.0,1500.0,1480.0,1480.0,1481.0
0.0,8825.0,4440.0,4446.0,4498.0,4455.0,1486.0,1486.0,1483.0,1482.0,1482.0,1482.0,1480.0,1480.0,1480.0,2941.0,2941.0,2943.0,1486.0,1486.0,1483.0,1482.0,1482.0,1482.0
0.0,8883.0,4411.0,4446.0,4455.0,4411.0,1470.0,1470.0,1471.0,1482.0,1482.0,1482.0,1470.0,1470.0,1471.0,2960.0,2960.0,2963.0,1470.0,1470.0,1471.0,1482.0,1482.0,1482.0
0.0,8927.0,4437.0,4444.0,4411.0,4431.0,1476.0,1476.0,1479.0,1481.0,1481.0,1482.0,1479.0,1479.0,1479.0,2976.0,2976.0,2975.0,1476.0,1476.0,1479.0,1481.0,1481.0,1482.0
0.0,8901.0,4360.0,4443.0,4431.0,4357.0,1453.0,1453.0,1451.0,1481.0,1481.0,1481.0,1453.0,1453.0,1454.0,2967.0,2967.0,2967.0,1453.0,1453.0,1451.0,1481.0,1481.0,1481.0
0.0,8972.0,4231.0,4440.0,4357.0,4222.0,1407.0,1407.0,1408.0,1480.0,1480.0,1480.0,1410.0,1410.0,1411.0,2990.0,2990.0,2992.0,1407.0,1407.0,1408.0,1480.0,1480.0,1480.0
0.0,9098.0,4561.0,4444.0,4222.0,4573.0,1523.0,1523.0,1527.0,1481.0,1481.0,1482.0,1520.0,1520.0,1521.0,3033.0,3033.0,3032.0,1523.0,1523.0,1527.0,1481.0,1481.0,1482.0
0.0,8759.0,4614.0,4449.0,4573.0,4629.0,1544.0,1544.0,1541.0,1483.0,1483.0,1483.0,1538.0,1538.0,1538.0,2920.0,2920.0,2919.0,1544.0,1544.0,1541.0,1483.0,1483.0,1483.0
0.0,8718.0,4516.0,4455.0,4629.0,4534.0,1511.0,1511.0,1512.0,1485.0,1485.0,1485.0,1505.0,1505.0,1506.0,2905.0,2905.0,2908.0,1511.0,1511.0,1512.0,1485.0,1485.0,1485.0
0.0,8831.0,4537.0,4456.0,4534.0,4540.0,1512.0,1512.0,1516.0,1485.0,1485.0,1486.0,1512.0,1512.0,1513.0,2944.0,2944.0,2943.0,1512.0,1512.0,1516.0,1485.0,1485.0,1486.0
0.0,8828.0,4335.0,4453.0,4540.0,4326.0,1442.0,1442.0,1442.0,1484.0,1484.0,1485.0,1445.0,1445.0,1445.0,2943.0,2943.0,2942.0,1442.0,1442.0,1442.0,1484.0,1484.0,1485.0
0.0,9033.0,4243.0,4446.0,4326.0,4222.0,1408.0,1408.0,1406.0,1482.0,1482.0,1482.0,1414.0,1414.0,1415.0,3010.0,3010.0,3013.0,1408.0,1408.0,1406.0,1482.0,1482.0,1482.0
0.0,9116.0,4512.0,4446.0,4222.0,4512.0,1504.0,1504.0,1504.0,1482.0,1482.0,1482.0,1504.0,1504.0,1504.0,3038.0,3038.0,3040.0,1504.0,1504.0,1504.0,1482.0,1482.0,1482.0
0.0,8826.0,4542.0,4449.0,4512.0,4551.0,1517.0,1517.0,1517.0,1483.0,1483.0,1483.0,1514.0,1514.0,1514.0,2942.0,2942.0,2942.0,1517.0,1517.0,1517.0,1483.0,1483.0,1483.0
0.0,8796.0,4512.0,4452.0,4551.0,4521.0,1507.0,1507.0,1507.0,1484.0,1484.0,1484.0,1504.0,1504.0,1504.0,2932.0,2932.0,2932.0,1507.0,1507.0,1507.0,1484.0,1484.0,1484.0
0.0,8835.0,4500.0,4456.0,4521.0,4512.0,1503.0,1503.0,1506.0,1485.0,1485.0,1486.0,1500.0,1500.0,1500.0,2945.0,2945.0,2945.0,1503.0,1503.0,1506.0,1485.0,1485.0,1486.0
0.0,8856.0,4648.0,4461.0,4512.0,4663.0,1555.0,1555.0,1553.0,1487.0,1487.0,1487.0,1549.0,1549.0,1550.0,2952.0,2952.0,2952.0,1555.0,1555.0,1553.0,1487.0,1487.0,1487.0
0.0,8720.0,4467.0,4459.0,4663.0,4461.0,1486.0,1486.0,1489.0,1486.0,1486.0,1487.0,1489.0,1489.0,1489.0,2906.0,2906.0,2908.0,1486.0,1486.0,1489.0,1486.0,1486.0,1487.0
0.0,8916.0,4276.0,4455.0,4461.0,4264.0,1422.0,1422.0,1420.0,1485.0,1485.0,1485.0,1425.0,1425.0,1426.0,2972.0,2972.0,2972.0,1422.0,1422.0,1420.0,1485.0,1485.0,1485.0
0.0,9101.0,4399.0,4452.0,4264.0,4390.0,1463.0,1463.0,1464.0,1484.0,1484.0,1484.0,1466.0,1466.0,1467.0,3033.0,3033.0,3035.0,1463.0,1463.0,1464.0,1484.0,1484.0,1484.0
0.0,8966.0,4500.0,4456.0,4390.0,4512.0,1503.0,1503.0,1506.0,1485.0,1485.0,1486.0,1500.0,1500.0,1500.0,2989.0,2989.0,2988.0,1503.0,1503.0,1506.0,1485.0,1485.0,1486.0
0.0,8856.0,4594.0,4459.0,4512.0,4603.0,1534.0,1534.0,1535.0,1486.0,1486.0,1487.0,1531.0,1531.0,1532.0,2952.0,2952.0,2952.0,1534.0,1534.0,1535.0,1486.0,1486.0,1487.0
0.0,8774.0,4636.0,4465.0,4603.0,4654.0,1551.0,1551.0,1552.0,1488.0,1488.0,1489.0,1545.0,1545.0,1546.0,2924.0,2924.0,2926.0,1551.0,1551.0,1552.0,1488.0,1488.0,1489.0
0.0,8741.0,4557.0,4465.0,4654.0,4557.0,1519.0,1519.0,1519.0,1488.0,1488.0,1489.0,1519.0,1519.0,1519.0,2913.0,2913.0,2915.0,1519.0,1519.0,1519.0,1488.0,1488.0,1489.0
0.0,8838.0,4374.0,4462.0,4557.0,4365.0,1455.0,1455.0,1455.0,1487.0,1487.0,1488.0,1458.0,1458.0,1458.0,2945.0,2945.0,2948.0,1455.0,1455.0,1455.0,1487.0,1487.0,1488.0
0.0,9021.0,4297.0,4456.0,4365.0,4279.0,1426.0,1426.0,1427.0,1485.0,1485.0,1486.0,1432.0,1432.0,1433.0,3006.0,3006.0,3009.0,1426.0,1426.0,1427.0,1485.0,1485.0,1486.0
0.0,9089.0,4383.0,4452.0,4279.0,4371.0,1458.0,1458.0,1455.0,1484.0,1484.0,1484.0,1461.0,1461.0,1461.0,3029.0,3029.0,3031.0,1458.0,1458.0,1455.0,1484.0,1484.0,1484.0
0.0,8985.0,4393.0,4450.0,4371.0,4387.0,1461.0,1461.0,1465.0,1483.0,1483.0,1484.0,1464.0,1464.0,1465.0,2994.0,2994.0,2997.0,1461.0,1461.0,1465.0,1483.0,1483.0,1484.0
0.0,8963.0,4560.0,4456.0,4387.0,4578.0,1526.0,1526.0,1526.0,1485.0,1485.0,1486.0,1520.0,1520.0,1520.0,2988.0,2988.0,2987.0,1526.0,1526.0,1526.0,1485.0,1485.0,1486.0
0.0,8790.0,4560.0,4462.0,4578.0,4578.0,1526.0,1526.0,1526.0,1487.0,1487.0,1488.0,1520.0,1520.0,1520.0,2929.0,2929.0,2932.0,1526.0,1526.0,1526.0,1487.0,1487.0,1488.0
0.0,8808.0,4633.0,4465.0,4578.0,4642.0,1547.0,1547.0,1548.0,1488.0,1488.0,1489.0,1544.0,1544.0,1545.0,2935.0,2935.0,2938.0,1547.0,1547.0,1548.0,1488.0,1488.0,1489.0
0.0,8753.0,4363.0,4461.0,4642.0,4351.0,1451.0,1451.0,1449.0,1487.0,1487.0,1487.0,1454.0,1454.0,1455.0,2917.0,2917.0,2919.0,1451.0,1451.0,1449.0,1487.0,1487.0,1487.0
0.0,9032.0,4416.0,4459.0,4351.0,4410.0,1469.0,1469.0,1472.0,1486.0,1486.0,1487.0,1472.0,1472.0,1472.0,3010.0,3010.0,3012.0,1469.0,1469.0,1472.0,1486.0,1486.0,1487.0
0.0,8967.0,4429.0,4456.0,4410.0,4420.0,1473.0,1473.0,1474.0,1485.0,1485.0,1486.0,1476.0,1476.0,1477.0,2989.0,2989.0,2989.0,1473.0,1473.0,1474.0,1485.0,1485.0,1486.0
0.0,8948.0,4563.0,4458.0,4420.0,4569.0,1524.0,1524.0,1521.0,1486.0,1486.0,1486.0,1521.0,1521.0,1521.0,2982.0,2982.0,2984.0,1524.0,1524.0,1521.0,1486.0,1486.0,1486.0
0.0,8805.0,4711.0,4467.0,4569.0,4738.0,1579.0,1579.0,1580.0,1489.0,1489.0,1489.0,1570.0,1570.0,1571.0,2934.0,2934.0,2937.0,1579.0,1579.0,1580.0,1489.0,1489.0,1489.0
0.0,8663.0,4546.0,4471.0,4738.0,4558.0,1518.0,1518.0,1522.0,1490.0,1490.0,1491.0,1515.0,1515.0,1516.0,2888.0,2888.0,2887.0,1518.0,1518.0,1522.0,1490.0,1490.0,1491.0
0.0,8855.0,4627.0,4476.0,4558.0,4642.0,1548.0,1548.0,1546.0,1492.0,1492.0,1492.0,1542.0,1542.0,1543.0,2952.0,2952.0,2951.0,1548.0,1548.0,1546.0,1492.0,1492.0,1492.0
0.0,8786.0,4527.0,4476.0,4642.0,4527.0,1509.0,1509.0,1509.0,1492.0,1492.0,1492.0,1509.0,1509.0,1509.0,2928.0,2928.0,2930.0,1509.0,1509.0,1509.0,1492.0,1492.0,1492.0
0.0,8901.0,4363.0,4471.0,4527.0,4348.0,1448.0,1448.0,1452.0,1490.0,1490.0,1491.0,1454.0,1454.0,1455.0,2967.0,2967.0,2967.0,1448.0,1448.0,1452.0,1490.0,1490.0,1491.0
0.0,9065.0,4438.0,4470.0,4348.0,4435.0,1479.0,1479.0,1477.0,1490.0,1490.0,1490.0,1479.0,1479.0,1480.0,3022.0,3022.0,3021.0,1479.0,1479.0,1477.0,1490.0,1490.0,1490.0
0.0,8975.0,4561.0,4471.0,4435.0,4564.0,1520.0,1520.0,1524.0,1490.0,1490.0,1491.0,1520.0,1520.0,1521.0,2991.0,2991.0,2993.0,1520.0,1520.0,1524.0,1490.0,1490.0,1491.0
0.0,8849.0,4588.0,4476.0,4564.0,4603.0,1535.0,1535.0,1533.0,1492.0,1492.0,1492.0,1529.0,1529.0,1530.0,2950.0,2950.0,2949.0,1535.0,1535.0,1533.0,1492.0,1492.0,1492.0
0.0,8825.0,4663.0,4480.0,4603.0,4675.0,1557.0,1557.0,1561.0,1493.0,1493.0,1494.0,1554.0,1554.0,1555.0,2941.0,2941.0,2943.0,1557.0,1557.0,1561.0,1493.0,1493.0,1494.0
0.0,8765.0,4588.0,4480.0,4675.0,4588.0,1529.0,1529.0,1530.0,1493.0,1493.0,1494.0,1529.0,1529.0,1530.0,2922.0,2922.0,2921.0,1529.0,1529.0,1530.0,1493.0,1493.0,1494.0
0.0,8852.0,4467.0,4479.0,4588.0,4464.0,1489.0,1489.0,1486.0,1493.0,1493.0,1493.0,1489.0,1489.0,1489.0,2950.0,2950.0,2952.0,1489.0,1489.0,1486.0,1493.0,1493.0,1493.0
0.0,8973.0,4542.0,4480.0,4464.0,4545.0,1514.0,1514.0,1517.0,1493.0,1493.0,1494.0,1514.0,1514.0,1514.0,2990.0,2990.0,2993.0,1514.0,1514.0,1517.0,1493.0,1493.0,1494.0
0.0,8895.0,4429.0,4477.0,4545.0,4420.0,1473.0,1473.0,1474.0,1492.0,1492.0,1493.0,1476.0,1476.0,1477.0,2965.0,2965.0,2965.0,1473.0,1473.0,1474.0,1492.0,1492.0,1493.0
0.0,9011.0,4567.0,4483.0,4420.0,4585.0,1528.0,1528.0,1529.0,1494.0,1494.0,1495.0,1522.0,1522.0,1523.0,3003.0,3003.0,3005.0,1528.0,1528.0,1529.0,1494.0,1494.0,1495.0
0.0,8864.0,4588.0,4489.0,4585.0,4606.0,1535.0,1535.0,1536.0,1496.0,1496.0,1497.0,1529.0,1529.0,1530.0,2954.0,2954.0,2956.0,1535.0,1535.0,1536.0,1496.0,1496.0,1497.0
0.0,8861.0,4651.0,4494.0,4606.0,4666.0,1556.0,1556.0,1554.0,1498.0,1498.0,1498.0,1550.0,1550.0,1551.0,2953.0,2953.0,2955.0,1556.0,1556.0,1554.0,1498.0,1498.0,1498.0
0.0,8816.0,4606.0,4495.0,4666.0,4609.0,1535.0,1535.0,1539.0,1498.0,1498.0,1499.0,1535.0,1535.0,1536.0,2938.0,2938.0,2940.0,1535.0,1535.0,1539.0,1498.0,1498.0,1499.0
0.0,8876.0,4459.0,4495.0,4609.0,4459.0,1486.0,1486.0,1487.0,1498.0,1498.0,1499.0,1486.0,1486.0,1487.0,2959.0,2959.0,2958.0,1486.0,1486.0,1487.0,1498.0,1498.0,1499.0
0.0,9026.0,4492.0,4495.0,4459.0,4492.0,1497.0,1497.0,1498.0,1498.0,1498.0,1499.0,1497.0,1497.0,1498.0,3008.0,3008.0,3010.0,1497.0,1497.0,1498.0,1498.0,1498.0,1499.0
0.0,8993.0,4438.0,4495.0,4492.0,4438.0,1479.0,1479.0,1480.0,1498.0,1498.0,1499.0,1479.0,1479.0,1480.0,2997.0,2997.0,2999.0,1479.0,1479.0,1480.0,1498.0,1498.0,1499.0
0.0,9047.0,4563.0,4498.0,4438.0,4572.0,1524.0,1524.0,1524.0,1499.0,1499.0,1500.0,1521.0,1521.0,1521.0,3015.0,3015.0,3017.0,1524.0,1524.0,1524.0,1499.0,1499.0,1500.0
0.0,8922.0,4576.0,4503.0,4572.0,4591.0,1531.0,1531.0,1529.0,1501.0,1501.0,1501.0,1525.0,1525.0,1526.0,2973.0,2973.0,2976.0,1531.0,1531.0,1529.0,1501.0,1501.0,1501.0
0.0,8918.0,4689.0,4512.0,4591.0,4716.0,1572.0,1572.0,1572.0,1504.0,1504.0,1504.0,1563.0,1563.0,1563.0,2972.0,2972.0,2974.0,1572.0,1572.0,1572.0,1504.0,1504.0,1504.0
0.0,8820.0,4498.0,4510.0,4716.0,4492.0,1496.0,1496.0,1500.0,1503.0,1503.0,1504.0,1499.0,1499.0,1500.0,2940.0,2940.0,2940.0,1496.0,1496.0,1500.0,1503.0,1503.0,1504.0
0.0,9038.0,4597.0,4510.0,4492.0,4597.0,1532.0,1532.0,1533.0,1503.0,1503.0,1504.0,1532.0,1532.0,1533.0,3013.0,3013.0,3012.0,1532.0,1532.0,1533.0,1503.0,1503.0,1504.0
0.0,8933.0,4341.0,4507.0,4597.0,4332.0,1444.0,1444.0,1444.0,1502.0,1502.0,1503.0,1447.0,1447.0,1447.0,2977.0,2977.0,2979.0,1444.0,1444.0,1444.0,1502.0,1502.0,1503.0
0.0,9189.0,4542.0,4507.0,4332.0,4542.0,1514.0,1514.0,1514.0,1502.0,1502.0,1503.0,1514.0,1514.0,1514.0,3062.0,3062.0,3065.0,1514.0,1514.0,1514.0,1502.0,1502.0,1503.0
0.0,8979.0,4495.0,4510.0,4542.0,4504.0,1501.0,1501.0,1502.0,1503.0,1503.0,1504.0,1498.0,1498.0,1499.0,2992.0,2992.0,2995.0,1501.0,1501.0,1502.0,1503.0,1503.0,1504.0
0.0,9026.0,4659.0,4518.0,4504.0,4683.0,1562.0,1562.0,1559.0,1506.0,1506.0,1506.0,1553.0,1553.0,1553.0,3008.0,3008.0,3010.0,1562.0,1562.0,1559.0,1506.0,1506.0,1506.0
0.0,8871.0,4648.0,4521.0,4683.0,4657.0,1552.0,1552.0,1553.0,1507.0,1507.0,1507.0,1549.0,1549.0,1550.0,2956.0,2956.0,2959.0,1552.0,1552.0,1553.0,1507.0,1507.0,1507.0
0.0,8906.0,4572.0,4521.0,4657.0,4572.0,1524.0,1524.0,1524.0,1507.0,1507.0,1507.0,1524.0,1524.0,1524.0,2969.0,2969.0,2968.0,1524.0,1524.0,1524.0,1507.0,1507.0,1507.0
0.0,8991.0,4483.0,4521.0,4572.0,4483.0,1494.0,1494.0,1495.0,1507.0,1507.0,1507.0,1494.0,1494.0,1495.0,2997.0,2997.0,2997.0,1494.0,1494.0,1495.0,1507.0,1507.0,1507.0
0.0,9080.0,4515.0,4521.0,4483.0,4515.0,1505.0,1505.0,1505.0,1507.0,1507.0,1507.0,1505.0,1505.0,1505.0,3027.0,3027.0,3026.0,1505.0,1505.0,1505.0,1507.0,1507.0,1507.0
0.0,9048.0,4443.0,4516.0,4515.0,4428.0,1475.0,1475.0,1478.0,1505.0,1505.0,1506.0,1481.0,1481.0,1481.0,3016.0,3016.0,3016.0,1475.0,1475.0,1478.0,1505.0,1505.0,1506.0
0.0,9120.0,4680.0,4521.0,4428.0,4695.0,1566.0,1566.0,1563.0,1507.0,1507.0,1507.0,1560.0,1560.0,1560.0,3040.0,3040.0,3040.0,1566.0,1566.0,1563.0,1507.0,1507.0,1507.0
0.0,8868.0,4672.0,4528.0,4695.0,4693.0,1563.0,1563.0,1567.0,1509.0,1509.0,1510.0,1557.0,1557.0,1558.0,2955.0,2955.0,2958.0,1563.0,1563.0,1567.0,1509.0,1509.0,1510.0
0.0,8891.0,4659.0,4534.0,4693.0,4677.0,1559.0,1559.0,1559.0,1511.0,1511.0,1512.0,1553.0,1553.0,1553.0,2964.0,2964.0,2963.0,1559.0,1559.0,1559.0,1511.0,1511.0,1512.0
0.0,8925.0,4780.0,4539.0,4677.0,4795.0,1599.0,1599.0,1597.0,1513.0,1513.0,1513.0,1593.0,1593.0,1594.0,2974.0,2974.0,2977.0,1599.0,1599.0,1597.0,1513.0,1513.0,1513.0
0.0,8822.0,4572.0,4539.0,4795.0,4572.0,1524.0,1524.0,1524.0,1513.0,1513.0,1513.0,1524.0,1524.0,1524.0,2940.0,2940.0,2942.0,1524.0,1524.0,1524.0,1513.0,1513.0,1513.0
0.0,9045.0,4510.0,4536.0,4572.0,4501.0,1500.0,1500.0,1501.0,1512.0,1512.0,1512.0,1503.0,1503.0,1504.0,3015.0,3015.0,3015.0,1500.0,1500.0,1501.0,1512.0,1512.0,1512.0
0.0,9107.0,4558.0,4536.0,4501.0,4558.0,1519.0,1519.0,1520.0,1512.0,1512.0,1512.0,1519.0,1519.0,1520.0,3036.0,3036.0,3035.0,1519.0,1519.0,1520.0,1512.0,1512.0,1512.0
0.0,9050.0,4474.0,4537.0,4558.0,4477.0,1491.0,1491.0,1495.0,1512.0,1512.0,1513.0,1491.0,1491.0,1492.0,3017.0,3017.0,3016.0,1491.0,1491.0,1495.0,1512.0,1512.0,1513.0
0.0,9134.0,4663.0,4545.0,4477.0,4687.0,1563.0,1563.0,1561.0,1515.0,1515.0,1515.0,1554.0,1554.0,1555.0,3045.0,3045.0,3044.0,1563.0,1563.0,1561.0,1515.0,1515.0,1515.0
0.0,8948.0,4681.0,4551.0,4687.0,4699.0,1566.0,1566.0,1567.0,1517.0,1517.0,1517.0,1560.0,1560.0,1561.0,2982.0,2982.0,2984.0,1566.0,1566.0,1567.0,1517.0,1517.0,1517.0
0.0,8954.0,4707.0,4557.0,4699.0,4725.0,1575.0,1575.0,1575.0,1519.0,1519.0,1519.0,1569.0,1569.0,1569.0,2985.0,2985.0,2984.0,1575.0,1575.0,1575.0,1519.0,1519.0,1519.0
0.0,8946.0,4539.0,4557.0,4725.0,4539.0,1513.0,1513.0,1513.0,1519.0,1519.0,1519.0,1513.0,1513.0,1513.0,2982.0,2982.0,2982.0,1513.0,1513.0,1513.0,1519.0,1519.0,1519.0
0.0,9132.0,4434.0,4554.0,4539.0,4425.0,1475.0,1475.0,1475.0,1518.0,1518.0,1518.0,1478.0,1478.0,1478.0,3044.0,3044.0,3044.0,1475.0,1475.0,1475.0,1518.0,1518.0,1518.0
0.0,9237.0,4521.0,4552.0,4425.0,4515.0,1504.0,1504.0,1507.0,1517.0,1517.0,1518.0,1507.0,1507.0,1507.0,3079.0,3079.0,3079.0,1504.0,1504.0,1507.0,1517.0,1517.0,1518.0
0.0,9141.0,4542.0,4555.0,4515.0,4551.0,1517.0,1517.0,1517.0,1518.0,1518.0,1519.0,1514.0,1514.0,1514.0,3047.0,3047.0,3047.0,1517.0,1517.0,1517.0,1518.0,1518.0,1519.0
0.0,9114.0,4626.0,4560.0,4551.0,4641.0,1548.0,1548.0,1545.0,1520.0,1520.0,1520.0,1542.0,1542.0,1542.0,3037.0,3037.0,3040.0,1548.0,1548.0,1545.0,1520.0,1520.0,1520.0
0.0,9039.0,4597.0,4563.0,4641.0,4606.0,1535.0,1535.0,1536.0,1521.0,1521.0,1521.0,1532.0,1532.0,1533.0,3012.0,3012.0,3015.0,1535.0,1535.0,1536.0,1521.0,1521.0,1521.0
0.0,9083.0,4555.0,4563.0,4606.0,4555.0,1518.0,1518.0,1519.0,1521.0,1521.0,1521.0,1518.0,1518.0,1519.0,3028.0,3028.0,3027.0,1518.0,1518.0,1519.0,1521.0,1521.0,1521.0
0.0,9134.0,4591.0,4560.0,4555.0,4582.0,1527.0,1527.0,1528.0,1520.0,1520.0,1520.0,1530.0,1530.0,1531.0,3045.0,3045.0,3044.0,1527.0,1527.0,1528.0,1520.0,1520.0,1520.0
0.0,9098.0,4525.0,4560.0,4582.0,4525.0,1508.0,1508.0,1509.0,1520.0,1520.0,1520.0,1508.0,1508.0,1509.0,3033.0,3033.0,3032.0,1508.0,1508.0,1509.0,1520.0,1520.0,1520.0
0.0,9155.0,4458.0,4557.0,4525.0,4449.0,1483.0,1483.0,1483.0,1519.0,1519.0,1519.0,1486.0,1486.0,1486.0,3052.0,3052.0,3051.0,1483.0,1483.0,1483.0,1519.0,1519.0,1519.0
0.0,9222.0,4518.0,4557.0,4449.0,4518.0,1506.0,1506.0,1506.0,1519.0,1519.0,1519.0,1506.0,1506.0,1506.0,3074.0,3074.0,3074.0,1506.0,1506.0,1506.0,1519.0,1519.0,1519.0
0.0,9153.0,4752.0,4564.0,4518.0,4773.0,1590.0,1590.0,1593.0,1521.0,1521.0,1522.0,1584.0,1584.0,1584.0,3051.0,3051.0,3051.0,1590.0,1590.0,1593.0,1521.0,1521.0,1522.0
0.0,8919.0,4686.0,4569.0,4773.0,4701.0,1568.0,1568.0,1565.0,1523.0,1523.0,1523.0,1562.0,1562.0,1562.0,2973.0,2973.0,2973.0,1568.0,1568.0,1565.0,1523.0,1523.0,1523.0
0.0,9006.0,4756.0,4572.0,4701.0,4765.0,1588.0,1588.0,1589.0,1524.0,1524.0,1524.0,1585.0,1585.0,1586.0,3001.0,3001.0,3004.0,1588.0,1588.0,1589.0,1524.0,1524.0,1524.0
0.0,8951.0,4495.0,4570.0,4765.0,4489.0,1495.0,1495.0,1499.0,1523.0,1523.0,1524.0,1498.0,1498.0,1499.0,2984.0,2984.0,2983.0,1495.0,1495.0,1499.0,1523.0,1523.0,1524.0
0.0,9221.0,4473.0,4567.0,4489.0,4464.0,1488.0,1488.0,1488.0,1522.0,1522.0,1523.0,1491.0,1491.0,1491.0,3074.0,3074.0,3073.0,1488.0,1488.0,1488.0,1522.0,1522.0,1523.0
0.0,9237.0,4438.0,4564.0,4464.0,4429.0,1476.0,1476.0,1477.0,1521.0,1521.0,1522.0,1479.0,1479.0,1480.0,3078.0,3078.0,3081.0,1476.0,1476.0,1477.0,1521.0,1521.0,1522.0
0.0,9263.0,4525.0,4564.0,4429.0,4525.0,1508.0,1508.0,1509.0,1521.0,1521.0,1522.0,1508.0,1508.0,1509.0,3087.0,3087.0,3089.0,1508.0,1508.0,1509.0,1521.0,1521.0,1522.0
0.0,9167.0,4705.0,4569.0,4525.0,4720.0,1574.0,1574.0,1572.0,1523.0,1523.0,1523.0,1568.0,1568.0,1569.0,3055.0,3055.0,3057.0,1574.0,1574.0,1572.0,1523.0,1523.0,1523.0
0.0,8987.0,4710.0,4573.0,4720.0,4722.0,1573.0,1573.0,1576.0,1524.0,1524.0,1525.0,1570.0,1570.0,1570.0,2995.0,2995.0,2997.0,1573.0,1573.0,1576.0,1524.0,1524.0,1525.0
0.0,8997.0,4633.0,4575.0,4722.0,4639.0,1547.0,1547.0,1545.0,1525.0,1525.0,1525.0,1544.0,1544.0,1545.0,2999.0,2999.0,2999.0,1547.0,1547.0,1545.0,1525.0,1525.0,1525.0
0.0,9086.0,4561.0,4575.0,4639.0,4561.0,1520.0,1520.0,1521.0,1525.0,1525.0,1525.0,1520.0,1520.0,1521.0,3028.0,3028.0,3030.0,1520.0,1520.0,1521.0,1525.0,1525.0,1525.0
0.0,9164.0,4504.0,4572.0,4561.0,4495.0,1498.0,1498.0,1499.0,1524.0,1524.0,1524.0,1501.0,1501.0,1502.0,3055.0,3055.0,3054.0,1498.0,1498.0,1499.0,1524.0,1524.0,1524.0
0.0,9221.0,4546.0,4570.0,4495.0,4540.0,1512.0,1512.0,1516.0,1523.0,1523.0,1524.0,1515.0,1515.0,1516.0,3074.0,3074.0,3073.0,1512.0,1512.0,1516.0,1523.0,1523.0,1524.0
0.0,9170.0,4566.0,4572.0,4540.0,4572.0,1525.0,1525.0,1522.0,1524.0,1524.0,1524.0,1522.0,1522.0,1522.0,3057.0,3057.0,3056.0,1525.0,1525.0,1522.0,1524.0,1524.0,1524.0
0.0,9144.0,4702.0,4576.0,4572.0,4714.0,1570.0,1570.0,1574.0,1525.0,1525.0,1526.0,1567.0,1567.0,1568.0,3047.0,3047.0,3050.0,1570.0,1570.0,1574.0,1525.0,1525.0,1526.0
0.0,9014.0,4738.0,4582.0,4714.0,4756.0,1585.0,1585.0,1586.0,1527.0,1527.0,1528.0,1579.0,1579.0,1580.0,3005.0,3005.0,3004.0,1585.0,1585.0,1586.0,1527.0,1527.0,1528.0
0.0,8990.0,4621.0,4584.0,4756.0,4627.0,1543.0,1543.0,1541.0,1528.0,1528.0,1528.0,1540.0,1540.0,1541.0,2996.0,2996.0,2998.0,1543.0,1543.0,1541.0,1528.0,1528.0,1528.0
0.0,9125.0,4509.0,4582.0,4627.0,4503.0,1500.0,1500.0,1503.0,1527.0,1527.0,1528.0,1503.0,1503.0,1503.0,3041.0,3041.0,3043.0,1500.0,1500.0,1503.0,1527.0,1527.0,1528.0
0.0,9243.0,4588.0,4579.0,4503.0,4579.0,1526.0,1526.0,1527.0,1526.0,1526.0,1527.0,1529.0,1529.0,1530.0,3081.0,3081.0,3081.0,1526.0,1526.0,1527.0,1526.0,1526.0,1527.0
0.0,9158.0,4501.0,4581.0,4579.0,4507.0,1503.0,1503.0,1501.0,1527.0,1527.0,1527.0,1500.0,1500.0,1501.0,3052.0,3052.0,3054.0,1503.0,1503.0,1501.0,1527.0,1527.0,1527.0
0.0,9236.0,4684.0,4582.0,4507.0,4687.0,1561.0,1561.0,1565.0,1527.0,1527.0,1528.0,1561.0,1561.0,1562.0,3078.0,3078.0,3080.0,1561.0,1561.0,1565.0,1527.0,1527.0,1528.0
0.0,9059.0,4698.0,4588.0,4687.0,4716.0,1572.0,1572.0,1572.0,1529.0,1529.0,1530.0,1566.0,1566.0,1566.0,3020.0,3020.0,3019.0,1572.0,1572.0,1572.0,1529.0,1529.0,1530.0
0.0,9048.0,4800.0,4594.0,4716.0,4818.0,1606.0,1606.0,1606.0,1531.0,1531.0,1532.0,1600.0,1600.0,1600.0,3015.0,3015.0,3018.0,1606.0,1606.0,1606.0,1531.0,1531.0,1532.0
0.0,8964.0,4617.0,4596.0,4818.0,4623.0,1542.0,1542.0,1539.0,1532.0,1532.0,1532.0,1539.0,1539.0,1539.0,2987.0,2987.0,2990.0,1542.0,1542.0,1539.0,1532.0,1532.0,1532.0
0.0,9165.0,4459.0,4593.0,4623.0,4450.0,1483.0,1483.0,1484.0,1531.0,1531.0,1531.0,1486.0,1486.0,1487.0,3054.0,3054.0,3057.0,1483.0,1483.0,1484.0,1531.0,1531.0,1531.0
0.0,9329.0,4477.0,4588.0,4450.0,4462.0,1486.0,1486.0,1490.0,1529.0,1529.0,1530.0,1492.0,1492.0,1493.0,3110.0,3110.0,3109.0,1486.0,1486.0,1490.0,1529.0,1529.0,1530.0
0.0,9302.0,4513.0,4588.0,4462.0,4513.0,1504.0,1504.0,1505.0,1529.0,1529.0,1530.0,1504.0,1504.0,1505.0,3101.0,3101.0,3100.0,1504.0,1504.0,1505.0,1529.0,1529.0,1530.0
0.0,9251.0,4600.0,4590.0,4513.0,4606.0,1536.0,1536.0,1534.0,1530.0,1530.0,1530.0,1533.0,1533.0,1534.0,3083.0,3083.0,3085.0,1536.0,1536.0,1534.0,1530.0,1530.0,1530.0
0.0,9164.0,4744.0,4594.0,4606.0,4756.0,1584.0,1584.0,1588.0,1531.0,1531.0,1532.0,1581.0,1581.0,1582.0,3054.0,3054.0,3056.0,1584.0,1584.0,1588.0,1531.0,1531.0,1532.0
0.0,9026.0,4789.0,4600.0,4756.0,4807.0,1602.0,1602.0,1603.0,1533.0,1533.0,1534.0,1596.0,1596.0,1597.0,3009.0,3009.0,3008.0,1602.0,1602.0,1603.0,1533.0,1533.0,1534.0
0.0,8993.0,4611.0,4600.0,4807.0,4611.0,1537.0,1537.0,1537.0,1533.0,1533.0,1534.0,1537.0,1537.0,1537.0,2997.0,2997.0,2999.0,1537.0,1537.0,1537.0,1533.0,1533.0,1534.0
0.0,9189.0,4621.0,4599.0,4611.0,4618.0,1540.0,1540.0,1538.0,1533.0,1533.0,1533.0,1540.0,1540.0,1541.0,3062.0,3062.0,3065.0,1540.0,1540.0,1538.0,1533.0,1533.0,1533.0
0.0,9179.0,4425.0,4594.0,4618.0,4410.0,1469.0,1469.0,1472.0,1531.0,1531.0,1532.0,1475.0,1475.0,1475.0,3059.0,3059.0,3061.0,1469.0,1469.0,1472.0,1531.0,1531.0,1532.0
0.0,9372.0,4509.0,4588.0,4410.0,4491.0,1497.0,1497.0,1497.0,1529.0,1529.0,1530.0,1503.0,1503.0,1503.0,3124.0,3124.0,3124.0,1497.0,1497.0,1497.0,1529.0,1529.0,1530.0
0.0,9273.0,4681.0,4591.0,4491.0,4690.0,1563.0,1563.0,1564.0,1530.0,1530.0,1531.0,1560.0,1560.0,1561.0,3090.0,3090.0,3093.0,1563.0,1563.0,1564.0,1530.0,1530.0,1531.0
0.0,9083.0,4735.0,4596.0,4690.0,4750.0,1584.0,1584.0,1582.0,1532.0,1532.0,1532.0,1578.0,1578.0,1579.0,3027.0,3027.0,3029.0,1584.0,1584.0,1582.0,1532.0,1532.0,1532.0
0.0,9038.0,4771.0,4600.0,4750.0,4783.0,1593.0,1593.0,1597.0,1533.0,1533.0,1534.0,1590.0,1590.0,1591.0,3012.0,3012.0,3014.0,1593.0,1593.0,1597.0,1533.0,1533.0,1534.0
0.0,9017.0,4728.0,4605.0,4783.0,4743.0,1582.0,1582.0,1579.0,1535.0,1535.0,1535.0,1576.0,1576.0,1576.0,3006.0,3006.0,3005.0,1582.0,1582.0,1579.0,1535.0,1535.0,1535.0
0.0,9072.0,4566.0,4603.0,4743.0,4560.0,1519.0,1519.0,1522.0,1534.0,1534.0,1535.0,1522.0,1522.0,1522.0,3023.0,3023.0,3026.0,1519.0,1519.0,1522.0,1534.0,1534.0,1535.0
0.0,9249.0,4471.0,4599.0,4560.0,4459.0,1487.0,1487.0,1485.0,1533.0,1533.0,1533.0,1490.0,1490.0,1491.0,3083.0,3083.0,3083.0,1487.0,1487.0,1485.0,1533.0,1533.0,1533.0
0.0,9338.0,4582.0,4596.0,4459.0,4573.0,1524.0,1524.0,1525.0,1532.0,1532.0,1532.0,1527.0,1527.0,1528.0,3112.0,3112.0,3114.0,1524.0,1524.0,1525.0,1532.0,1532.0,1532.0
0.0,9215.0,4639.0,4597.0,4573.0,4642.0,1546.0,1546.0,1550.0,1532.0,1532.0,1533.0,1546.0,1546.0,1547.0,3072.0,3072.0,3071.0,1546.0,1546.0,1550.0,1532.0,1532.0,1533.0
0.0,9149.0,4777.0,4605.0,4642.0,4801.0,1601.0,1601.0,1599.0,1535.0,1535.0,1535.0,1592.0,1592.0,1593.0,3050.0,3050.0,3049.0,1601.0,1601.0,1599.0,1535.0,1535.0,1535.0
0.0,9014.0,4810.0,4609.0,4801.0,4822.0,1606.0,1606.0,1610.0,1536.0,1536.0,1537.0,1603.0,1603.0,1604.0,3004.0,3004.0,3006.0,1606.0,1606.0,1610.0,1536.0,1536.0,1537.0
0.0,9005.0,4668.0,4612.0,4822.0,4677.0,1559.0,1559.0,1559.0,1537.0,1537.0,1538.0,1556.0,1556.0,1556.0,3002.0,3002.0,3001.0,1559.0,1559.0,1559.0,1537.0,1537.0,1538.0
0.0,9159.0,4668.0,4614.0,4677.0,4674.0,1559.0,1559.0,1556.0,1538.0,1538.0,1538.0,1556.0,1556.0,1556.0,3052.0,3052.0,3055.0,1559.0,1559.0,1556.0,1538.0,1538.0,1538.0
0.0,9168.0,4450.0,4611.0,4674.0,4441.0,1480.0,1480.0,1481.0,1537.0,1537.0,1537.0,1483.0,1483.0,1484.0,3055.0,3055.0,3058.0,1480.0,1480.0,1481.0,1537.0,1537.0,1537.0
0.0,9392.0,4528.0,4609.0,4441.0,4522.0,1506.0,1506.0,1510.0,1536.0,1536.0,1537.0,1509.0,1509.0,1510.0,3131.0,3131.0,3130.0,1506.0,1506.0,1510.0,1536.0,1536.0,1537.0
0.0,9305.0,4582.0,4609.0,4522.0,4582.0,1527.0,1527.0,1528.0,1536.0,1536.0,1537.0,1527.0,1527.0,1528.0,3102.0,3102.0,3101.0,1527.0,1527.0,1528.0,1536.0,1536.0,1537.0
0.0,9245.0,4852.0,4615.0,4582.0,4870.0,1623.0,1623.0,1624.0,1538.0,1538.0,1539.0,1617.0,1617.0,1618.0,3081.0,3081.0,3083.0,1623.0,1623.0,1624.0,1538.0,1538.0,1539.0
0.0,8975.0,4782.0,4623.0,4870.0,4806.0,1603.0,1603.0,1600.0,1541.0,1541.0,1541.0,1594.0,1594.0,1594.0,2991.0,2991.0,2993.0,1603.0,1603.0,1600.0,1541.0,1541.0,1541.0
0.0,9063.0,4816.0,4627.0,4806.0,4828.0,1608.0,1608.0,1612.0,1542.0,1542.0,1543.0,1605.0,1605.0,1606.0,3020.0,3020.0,3023.0,1608.0,1608.0,1612.0,1542.0,1542.0,1543.0
0.0,9053.0,4624.0,4626.0,4828.0,4621.0,1541.0,1541.0,1539.0,1542.0,1542.0,1542.0,1541.0,1541.0,1542.0,3018.0,3018.0,3017.0,1541.0,1541.0,1539.0,1542.0,1542.0,1542.0
0.0,9257.0,4543.0,4623.0,4621.0,4534.0,1511.0,1511.0,1512.0,1541.0,1541.0,1541.0,1514.0,1514.0,1515.0,3085.0,3085.0,3087.0,1511.0,1511.0,1512.0,1541.0,1541.0,1541.0
0.0,9335.0,4630.0,4621.0,4534.0,4624.0,1540.0,1540.0,1544.0,1540.0,1540.0,1541.0,1543.0,1543.0,1544.0,3112.0,3112.0,3111.0,1540.0,1540.0,1544.0,1540.0,1540.0,1541.0
0.0,9239.0,4639.0,4624.0,4624.0,4648.0,1549.0,1549.0,1550.0,1541.0,1541.0,1542.0,1546.0,1546.0,1547.0,3080.0,3080.0,3079.0,1549.0,1549.0,1550.0,1541.0,1541.0,1542.0
0.0,9224.0,4848.0,4630.0,4648.0,4866.0,1622.0,1622.0,1622.0,1543.0,1543.0,1544.0,1616.0,1616.0,1616.0,3074.0,3074.0,3076.0,1622.0,1622.0,1622.0,1543.0,1543.0,1544.0
0.0,9024.0,4785.0,4636.0,4866.0,4803.0,1601.0,1601.0,1601.0,1545.0,1545.0,1546.0,1595.0,1595.0,1595.0,3007.0,3007.0,3010.0,1601.0,1601.0,1601.0,1545.0,1545.0,1546.0
0.0,9105.0,4816.0,4642.0,4803.0,4834.0,1611.0,1611.0,1612.0,1547.0,1547.0,1548.0,1605.0,1605.0,1606.0,3034.0,3034.0,3037.0,1611.0,1611.0,1612.0,1547.0,1547.0,1548.0
0.0,9092.0,4713.0,4642.0,4834.0,4713.0,1571.0,1571.0,1571.0,1547.0,1547.0,1548.0,1571.0,1571.0,1571.0,3030.0,3030.0,3032.0,1571.0,1571.0,1571.0,1547.0,1547.0,1548.0
0.0,9213.0,4563.0,4639.0,4713.0,4554.0,1518.0,1518.0,1518.0,1546.0,1546.0,1547.0,1521.0,1521.0,1521.0,3070.0,3070.0,3073.0,1518.0,1518.0,1518.0,1546.0,1546.0,1547.0
0.0,9363.0,4480.0,4636.0,4554.0,4471.0,1490.0,1490.0,1491.0,1545.0,1545.0,1546.0,1493.0,1493.0,1494.0,3120.0,3120.0,3123.0,1490.0,1490.0,1491.0,1545.0,1545.0,1546.0
0.0,9437.0,4687.0,4639.0,4471.0,4696.0,1565.0,1565.0,1566.0,1546.0,1546.0,1547.0,1562.0,1562.0,1563.0,3145.0,3145.0,3147.0,1565.0,1565.0,1566.0,1546.0,1546.0,1547.0
0.0,9221.0,4806.0,4645.0,4696.0,4824.0,1608.0,1608.0,1608.0,1548.0,1548.0,1549.0,1602.0,1602.0,1602.0,3073.0,3073.0,3075.0,1608.0,1608.0,1608.0,1548.0,1548.0,1549.0
0.0,9111.0,4819.0,4651.0,4824.0,4837.0,1612.0,1612.0,1613.0,1550.0,1550.0,1551.0,1606.0,1606.0,1607.0,3036.0,3036.0,3039.0,1612.0,1612.0,1613.0,1550.0,1550.0,1551.0
0.0,9116.0,4768.0,4654.0,4837.0,4777.0,1592.0,1592.0,1593.0,1551.0,1551.0,1552.0,1589.0,1589.0,1590.0,3038.0,3038.0,3040.0,1592.0,1592.0,1593.0,1551.0,1551.0,1552.0
0.0,9185.0,4554.0,4651.0,4777.0,4545.0,1515.0,1515.0,1515.0,1550.0,1550.0,1551.0,1518.0,1518.0,1518.0,3061.0,3061.0,3063.0,1515.0,1515.0,1515.0,1550.0,1550.0,1551.0
0.0,9408.0,4546.0,4648.0,4545.0,4537.0,1512.0,1512.0,1513.0,1549.0,1549.0,1550.0,1515.0,1515.0,1516.0,3135.0,3135.0,3138.0,1512.0,1512.0,1513.0,1549.0,1549.0,1550.0
0.0,9407.0,4636.0,4648.0,4537.0,4636.0,1545.0,1545.0,1546.0,1549.0,1549.0,1550.0,1545.0,1545.0,1546.0,3135.0,3135.0,3137.0,1545.0,1545.0,1546.0,1549.0,1549.0,1550.0
0.0,9308.0,4725.0,4653.0,4636.0,4740.0,1581.0,1581.0,1578.0,1551.0,1551.0,1551.0,1575.0,1575.0,1575.0,3102.0,3102.0,3104.0,1581.0,1581.0,1578.0,1551.0,1551.0,1551.0
0.0,9219.0,4786.0,4656.0,4740.0,4795.0,1598.0,1598.0,1599.0,1552.0,1552.0,1552.0,1595.0,1595.0,1596.0,3072.0,3072.0,3075.0,1598.0,1598.0,1599.0,1552.0,1552.0,1552.0
0.0,9173.0,4857.0,4663.0,4795.0,4878.0,1625.0,1625.0,1628.0,1554.0,1554.0,1555.0,1619.0,1619.0,1619.0,3058.0,3058.0,3057.0,1625.0,1625.0,1628.0,1554.0,1554.0,1555.0
0.0,9111.0,4650.0,4663.0,4878.0,4650.0,1550.0,1550.0,1550.0,1554.0,1554.0,1555.0,1550.0,1550.0,1550.0,3037.0,3037.0,3037.0,1550.0,1550.0,1550.0,1554.0,1554.0,1555.0
0.0,9339.0,4680.0,4662.0,4650.0,4677.0,1560.0,1560.0,1557.0,1554.0,1554.0,1554.0,1560.0,1560.0,1560.0,3112.0,3112.0,3115.0,1560.0,1560.0,1557.0,1554.0,1554.0,1554.0
0.0,9309.0,4528.0,4657.0,4677.0,4513.0,1503.0,1503.0,1507.0,1552.0,1552.0,1553.0,1509.0,1509.0,1510.0,3102.0,3102.0,3105.0,1503.0,1503.0,1507.0,1552.0,1552.0,1553.0
0.0,9458.0,4656.0,4657.0,4513.0,4656.0,1552.0,1552.0,1552.0,1552.0,1552.0,1553.0,1552.0,1552.0,1552.0,3153.0,3153.0,3152.0,1552.0,1552.0,1552.0,1552.0,1552.0,1553.0
0.0,9315.0,4672.0,4662.0,4656.0,4687.0,1563.0,1563.0,1561.0,1554.0,1554.0,1554.0,1557.0,1557.0,1558.0,3104.0,3104.0,3107.0,1563.0,1563.0,1561.0,1554.0,1554.0,1554.0
0.0,9299.0,4702.0,4666.0,4687.0,4714.0,1570.0,1570.0,1574.0,1555.0,1555.0,1556.0,1567.0,1567.0,1568.0,3099.0,3099.0,3101.0,1570.0,1570.0,1574.0,1555.0,1555.0,1556.0
0.0,9284.0,4794.0,4672.0,4714.0,4812.0,1604.0,1604.0,1604.0,1557.0,1557.0,1558.0,1598.0,1598.0,1598.0,3095.0,3095.0,3094.0,1604.0,1604.0,1604.0,1557.0,1557.0,1558.0
0.0,9204.0,4696.0,4674.0,4812.0,4702.0,1568.0,1568.0,1566.0,1558.0,1558.0,1558.0,1565.0,1565.0,1566.0,3067.0,3067.0,3070.0,1568.0,1568.0,1566.0,1558.0,1558.0,1558.0
0.0,9320.0,4645.0,4672.0,4702.0,4639.0,1545.0,1545.0,1549.0,1557.0,1557.0,1558.0,1548.0,1548.0,1549.0,3106.0,3106.0,3108.0,1545.0,1545.0,1549.0,1557.0,1557.0,1558.0
0.0,9377.0,4453.0,4665.0,4639.0,4432.0,1478.0,1478.0,1476.0,1555.0,1555.0,1555.0,1484.0,1484.0,1485.0,3126.0,3126.0,3125.0,1478.0,1478.0,1476.0,1555.0,1555.0,1555.0
0.0,9563.0,4615.0,4665.0,4432.0,4615.0,1538.0,1538.0,1539.0,1555.0,1555.0,1555.0,1538.0,1538.0,1539.0,3187.0,3187.0,3189.0,1538.0,1538.0,1539.0,1555.0,1555.0,1555.0
0.0,9380.0,4654.0,4666.0,4615.0,4657.0,1551.0,1551.0,1555.0,1555.0,1555.0,1556.0,1551.0,1551.0,1552.0,3127.0,3127.0,3126.0,1551.0,1551.0,1555.0,1555.0,1555.0,1556.0
0.0,9341.0,4953.0,4675.0,4657.0,4980.0,1660.0,1660.0,1660.0,1558.0,1558.0,1559.0,1651.0,1651.0,1651.0,3114.0,3114.0,3113.0,1660.0,1660.0,1660.0,1558.0,1558.0,1559.0
0.0,9045.0,4855.0,4683.0,4980.0,4879.0,1627.0,1627.0,1625.0,1561.0,1561.0,1561.0,1618.0,1618.0,1619.0,3014.0,3014.0,3017.0,1627.0,1627.0,1625.0,1561.0,1561.0,1561.0
0.0,9170.0,4807.0,4684.0,4879.0,4810.0,1602.0,1602.0,1606.0,1561.0,1561.0,1562.0,1602.0,1602.0,1603.0,3056.0,3056.0,3058.0,1602.0,1602.0,1606.0,1561.0,1561.0,1562.0
0.0,9242.0,4524.0,4681.0,4810.0,4515.0,1505.0,1505.0,1505.0,1560.0,1560.0,1561.0,1508.0,1508.0,1508.0,3081.0,3081.0,3080.0,1505.0,1505.0,1505.0,1560.0,1560.0,1561.0
0.0,9528.0,4609.0,4678.0,4515.0,4600.0,1533.0,1533.0,1534.0,1559.0,1559.0,1560.0,1536.0,1536.0,1537.0,3175.0,3175.0,3178.0,1533.0,1533.0,1534.0,1559.0,1559.0,1560.0
0.0,9434.0,4516.0,4674.0,4600.0,4504.0,1502.0,1502.0,1500.0,1558.0,1558.0,1558.0,1505.0,1505.0,1506.0,3144.0,3144.0,3146.0,1502.0,1502.0,1500.0,1558.0,1558.0,1558.0
0.0,9518.0,4729.0,4677.0,4504.0,4738.0,1579.0,1579.0,1580.0,1559.0,1559.0,1559.0,1576.0,1576.0,1577.0,3172.0,3172.0,3174.0,1579.0,1579.0,1580.0,1559.0,1559.0,1559.0
0.0,9293.0,4897.0,4684.0,4738.0,4918.0,1638.0,1638.0,1642.0,1561.0,1561.0,1562.0,1632.0,1632.0,1633.0,3098.0,3098.0,3097.0,1638.0,1638.0,1642.0,1561.0,1561.0,1562.0
0.0,9134.0,4831.0,4690.0,4918.0,4849.0,1616.0,1616.0,1617.0,1563.0,1563.0,1564.0,1610.0,1610.0,1611.0,3045.0,3045.0,3044.0,1616.0,1616.0,1617.0,1563.0,1563.0,1564.0
0.0,9221.0,4782.0,4693.0,4849.0,4791.0,1597.0,1597.0,1597.0,1564.0,1564.0,1565.0,1594.0,1594.0,1594.0,3073.0,3073.0,3075.0,1597.0,1597.0,1597.0,1564.0,1564.0,1565.0
0.0,9288.0,4693.0,4690.0,4791.0,4684.0,1561.0,1561.0,1562.0,1563.0,1563.0,1564.0,1564.0,1564.0,1565.0,3095.0,3095.0,3098.0,1561.0,1561.0,1562.0,1563.0,1563.0,1564.0
0.0,9386.0,4681.0,4689.0,4684.0,4678.0,1560.0,1560.0,1558.0,1563.0,1563.0,1563.0,1560.0,1560.0,1561.0,3128.0,3128.0,3130.0,1560.0,1560.0,1558.0,1563.0,1563.0,1563.0
0.0,9389.0,4624.0,4687.0,4678.0,4618.0,1538.0,1538.0,1542.0,1562.0,1562.0,1563.0,1541.0,1541.0,1542.0,3129.0,3129.0,3131.0,1538.0,1538.0,1542.0,1562.0,1562.0,1563.0
0.0,9443.0,4855.0,4690.0,4618.0,4864.0,1621.0,1621.0,1622.0,1563.0,1563.0,1564.0,1618.0,1618.0,1619.0,3148.0,3148.0,3147.0,1621.0,1621.0,1622.0,1563.0,1563.0,1564.0
0.0,9206.0,4794.0,4698.0,4864.0,4818.0,1607.0,1607.0,1604.0,1566.0,1566.0,1566.0,1598.0,1598.0,1598.0,3068.0,3068.0,3070.0,1607.0,1607.0,1604.0,1566.0,1566.0,1566.0
0.0,9276.0,4930.0,4705.0,4818.0,4951.0,1649.0,1649.0,1653.0,1568.0,1568.0,1569.0,1643.0,1643.0,1644.0,3091.0,3091.0,3094.0,1649.0,1649.0,1653.0,1568.0,1568.0,1569.0
0.0,9164.0,4771.0,4708.0,4951.0,4780.0,1593.0,1593.0,1594.0,1569.0,1569.0,1570.0,1590.0,1590.0,1591.0,3055.0,3055.0,3054.0,1593.0,1593.0,1594.0,1569.0,1569.0,1570.0
0.0,9344.0,4680.0,4705.0,4780.0,4671.0,1557.0,1557.0,1557.0,1568.0,1568.0,1569.0,1560.0,1560.0,1560.0,3114.0,3114.0,3116.0,1557.0,1557.0,1557.0,1568.0,1568.0,1569.0
0.0,9444.0,4606.0,4702.0,4671.0,4597.0,1532.0,1532.0,1533.0,1567.0,1567.0,1568.0,1535.0,1535.0,1536.0,3147.0,3147.0,3150.0,1532.0,1532.0,1533.0,1567.0,1567.0,1568.0
0.0,9509.0,4507.0,4696.0,4597.0,4489.0,1496.0,1496.0,1497.0,1565.0,1565.0,1566.0,1502.0,1502.0,1503.0,3169.0,3169.0,3171.0,1496.0,1496.0,1497.0,1565.0,1565.0,1566.0
0.0,9599.0,4698.0,4698.0,4489.0,4704.0,1569.0,1569.0,1566.0,1566.0,1566.0,1566.0,1566.0,1566.0,1566.0,3199.0,3199.0,3201.0,1569.0,1569.0,1566.0,1566.0,1566.0,1566.0
0.0,9390.0,4777.0,4702.0,4704.0,4789.0,1595.0,1595.0,1599.0,1567.0,1567.0,1568.0,1592.0,1592.0,1593.0,3129.0,3129.0,3132.0,1595.0,1595.0,1599.0,1567.0,1567.0,1568.0
0.0,9317.0,4879.0,4707.0,4789.0,4894.0,1632.0,1632.0,1630.0,1569.0,1569.0,1569.0,1626.0,1626.0,1627.0,3106.0,3106.0,3105.0,1632.0,1632.0,1630.0,1569.0,1569.0,1569.0
0.0,9227.0,4702.0,4708.0,4894.0,4705.0,1567.0,1567.0,1571.0,1569.0,1569.0,1570.0,1567.0,1567.0,1568.0,3075.0,3075.0,3077.0,1567.0,1567.0,1571.0,1569.0,1569.0,1570.0
0.0,9419.0,4621.0,4704.0,4705.0,4609.0,1537.0,1537.0,1535.0,1568.0,1568.0,1568.0,1540.0,1540.0,1541.0,3140.0,3140.0,3139.0,1537.0,1537.0,1535.0,1568.0,1568.0,1568.0
0.0,9503.0,4630.0,4701.0,4609.0,4621.0,1540.0,1540.0,1541.0,1567.0,1567.0,1567.0,1543.0,1543.0,1544.0,3167.0,3167.0,3169.0,1540.0,1540.0,1541.0,1567.0,1567.0,1567.0
0.0,9482.0,4570.0,4696.0,4621.0,4555.0,1517.0,1517.0,1521.0,1565.0,1565.0,1566.0,1523.0,1523.0,1524.0,3161.0,3161.0,3160.0,1517.0,1517.0,1521.0,1565.0,1565.0,1566.0
0.0,9533.0,4846.0,4699.0,4555.0,4855.0,1618.0,1618.0,1619.0,1566.0,1566.0,1567.0,1615.0,1615.0,1616.0,3178.0,3178.0,3177.0,1618.0,1618.0,1619.0,1566.0,1566.0,1567.0
0.0,9242.0,4876.0,4705.0,4855.0,4894.0,1631.0,1631.0,1632.0,1568.0,1568.0,1569.0,1625.0,1625.0,1626.0,3080.0,3080.0,3082.0,1631.0,1631.0,1632.0,1568.0,1568.0,1569.0
0.0,9221.0,4932.0,4714.0,4894.0,4959.0,1653.0,1653.0,1653.0,1571.0,1571.0,1572.0,1644.0,1644.0,1644.0,3073.0,3073.0,3075.0,1653.0,1653.0,1653.0,1571.0,1571.0,1572.0
0.0,9183.0,4834.0,4717.0,4959.0,4843.0,1614.0,1614.0,1615.0,1572.0,1572.0,1573.0,1611.0,1611.0,1612.0,3060.0,3060.0,3063.0,1614.0,1614.0,1615.0,1572.0,1572.0,1573.0
0.0,9308.0,4639.0,4714.0,4843.0,4630.0,1543.0,1543.0,1544.0,1571.0,1571.0,1572.0,1546.0,1546.0,1547.0,3102.0,3102.0,3104.0,1543.0,1543.0,1544.0,1571.0,1571.0,1572.0
0.0,9512.0,4515.0,4708.0,4630.0,4497.0,1499.0,1499.0,1499.0,1569.0,1569.0,1570.0,1505.0,1505.0,1505.0,3170.0,3170.0,3172.0,1499.0,1499.0,1499.0,1569.0,1569.0,1570.0
0.0,9627.0,4618.0,4705.0,4497.0,4609.0,1536.0,1536.0,1537.0,1568.0,1568.0,1569.0,1539.0,1539.0,1540.0,3208.0,3208.0,3211.0,1536.0,1536.0,1537.0,1568.0,1568.0,1569.0
0.0,9506.0,4855.0,4711.0,4609.0,4873.0,1624.0,1624.0,1625.0,1570.0,1570.0,1571.0,1618.0,1618.0,1619.0,3168.0,3168.0,3170.0,1624.0,1624.0,1625.0,1570.0,1570.0,1571.0
0.0,9260.0,4903.0,4717.0,4873.0,4921.0,1640.0,1640.0,1641.0,1572.0,1572.0,1573.0,1634.0,1634.0,1635.0,3086.0,3086.0,3088.0,1640.0,1640.0,1641.0,1572.0,1572.0,1573.0
0.0,9230.0,4852.0,4722.0,4921.0,4867.0,1623.0,1623.0,1621.0,1574.0,1574.0,1574.0,1617.0,1617.0,1618.0,3076.0,3076.0,3078.0,1623.0,1623.0,1621.0,1574.0,1574.0,1574.0
0.0,9299.0,4873.0,4723.0,4867.0,4876.0,1624.0,1624.0,1628.0,1574.0,1574.0,1575.0,1624.0,1624.0,1625.0,3099.0,3099.0,3101.0,1624.0,1624.0,1628.0,1574.0,1574.0,1575.0
0.0,9293.0,4731.0,4723.0,4876.0,4731.0,1577.0,1577.0,1577.0,1574.0,1574.0,1575.0,1577.0,1577.0,1577.0,3098.0,3098.0,3097.0,1577.0,1577.0,1577.0,1574.0,1574.0,1575.0
0.0,9438.0,4642.0,4719.0,4731.0,4630.0,1544.0,1544.0,1542.0,1573.0,1573.0,1573.0,1547.0,1547.0,1548.0,3145.0,3145.0,3148.0,1544.0,1544.0,1542.0,1573.0,1573.0,1573.0
0.0,9527.0,4677.0,4720.0,4630.0,4680.0,1559.0,1559.0,1562.0,1573.0,1573.0,1574.0,1559.0,1559.0,1559.0,3175.0,3175.0,3177.0,1559.0,1559.0,1562.0,1573.0,1573.0,1574.0
0.0,9480.0,4782.0,4722.0,4680.0,4788.0,1597.0,1597.0,1594.0,1574.0,1574.0,1574.0,1594.0,1594.0,1594.0,3160.0,3160.0,3160.0,1597.0,1597.0,1594.0,1574.0,1574.0,1574.0
0.0,9378.0,4882.0,4729.0,4788.0,4903.0,1633.0,1633.0,1637.0,1576.0,1576.0,1577.0,1627.0,1627.0,1628.0,3125.0,3125.0,3128.0,1633.0,1633.0,1637.0,1576.0,1576.0,1577.0
0.0,9284.0,4885.0,4732.0,4903.0,4894.0,1631.0,1631.0,1632.0,1577.0,1577.0,1578.0,1628.0,1628.0,1629.0,3095.0,3095.0,3094.0,1631.0,1631.0,1632.0,1577.0,1577.0,1578.0
0.0,9302.0,4860.0,4735.0,4894.0,4869.0,1623.0,1623.0,1623.0,1578.0,1578.0,1579.0,1620.0,1620.0,1620.0,3100.0,3100.0,3102.0,1623.0,1623.0,1623.0,1578.0,1578.0,1579.0
0.0,9336.0,4753.0,4738.0,4869.0,4762.0,1587.0,1587.0,1588.0,1579.0,1579.0,1580.0,1584.0,1584.0,1585.0,3111.0,3111.0,3114.0,1587.0,1587.0,1588.0,1579.0,1579.0,1580.0
0.0,9452.0,4660.0,4735.0,4762.0,4651.0,1550.0,1550.0,1551.0,1578.0,1578.0,1579.0,1553.0,1553.0,1554.0,3150.0,3150.0,3152.0,1550.0,1550.0,1551.0,1578.0,1578.0,1579.0
0.0,9554.0,4681.0,4735.0,4651.0,4681.0,1560.0,1560.0,1561.0,1578.0,1578.0,1579.0,1560.0,1560.0,1561.0,3184.0,3184.0,3186.0,1560.0,1560.0,1561.0,1578.0,1578.0,1579.0
0.0,9524.0,4831.0,4738.0,4681.0,4840.0,1613.0,1613.0,1614.0,1579.0,1579.0,1580.0,1610.0,1610.0,1611.0,3174.0,3174.0,3176.0,1613.0,1613.0,1614.0,1579.0,1579.0,1580.0
0.0,9374.0,4858.0,4746.0,4840.0,4882.0,1628.0,1628.0,1626.0,1582.0,1582.0,1582.0,1619.0,1619.0,1620.0,3124.0,3124.0,3126.0,1628.0,1628.0,1626.0,1582.0,1582.0,1582.0
0.0,9356.0,4912.0,4752.0,4882.0,4930.0,1643.0,1643.0,1644.0,1584.0,1584.0,1584.0,1637.0,1637.0,1638.0,3118.0,3118.0,3120.0,1643.0,1643.0,1644.0,1584.0,1584.0,1584.0
0.0,9326.0,4878.0,4756.0,4930.0,4890.0,1629.0,1629.0,1632.0,1585.0,1585.0,1586.0,1626.0,1626.0,1626.0,3109.0,3109.0,3108.0,1629.0,1629.0,1632.0,1585.0,1585.0,1586.0
0.0,9378.0,4890.0,4755.0,4890.0,4887.0,1630.0,1630.0,1627.0,1585.0,1585.0,1585.0,1630.0,1630.0,1630.0,3126.0,3126.0,3126.0,1630.0,1630.0,1627.0,1585.0,1585.0,1585.0
0.0,9378.0,4663.0,4750.0,4887.0,4648.0,1548.0,1548.0,1552.0,1583.0,1583.0,1584.0,1554.0,1554.0,1555.0,3125.0,3125.0,3128.0,1548.0,1548.0,1552.0,1583.0,1583.0,1584.0
0.0,9602.0,4582.0,4747.0,4648.0,4573.0,1524.0,1524.0,1525.0,1582.0,1582.0,1583.0,1527.0,1527.0,1528.0,3201.0,3201.0,3200.0,1524.0,1524.0,1525.0,1582.0,1582.0,1583.0
0.0,9668.0,4747.0,4750.0,4573.0,4756.0,1585.0,1585.0,1586.0,1583.0,1583.0,1584.0,1582.0,1582.0,1583.0,3222.0,3222.0,3224.0,1585.0,1585.0,1586.0,1583.0,1583.0,1584.0
0.0,9494.0,4989.0,4759.0,4756.0,5016.0,1672.0,1672.0,1672.0,1586.0,1586.0,1587.0,1663.0,1663.0,1663.0,3164.0,3164.0,3166.0,1672.0,1672.0,1672.0,1586.0,1586.0,1587.0
0.0,9261.0,4870.0,4765.0,5016.0,4888.0,1629.0,1629.0,1630.0,1588.0,1588.0,1589.0,1623.0,1623.0,1624.0,3086.0,3086.0,3089.0,1629.0,1629.0,1630.0,1588.0,1588.0,1589.0
0.0,9407.0,4779.0,4765.0,4888.0,4779.0,1593.0,1593.0,1593.0,1588.0,1588.0,1589.0,1593.0,1593.0,1593.0,3135.0,3135.0,3137.0,1593.0,1593.0,1593.0,1588.0,1588.0,1589.0
0.0,9516.0,4714.0,4762.0,4779.0,4705.0,1568.0,1568.0,1569.0,1587.0,1587.0,1588.0,1571.0,1571.0,1572.0,3171.0,3171.0,3174.0,1568.0,1568.0,1569.0,1587.0,1587.0,1588.0
0.0,9581.0,4615.0,4759.0,4705.0,4606.0,1535.0,1535.0,1536.0,1586.0,1586.0,1587.0,1538.0,1538.0,1539.0,3193.0,3193.0,3195.0,1535.0,1535.0,1536.0,1586.0,1586.0,1587.0
0.0,9671.0,4645.0,4756.0,4606.0,4636.0,1545.0,1545.0,1546.0,1585.0,1585.0,1586.0,1548.0,1548.0,1549.0,3223.0,3223.0,3225.0,1545.0,1545.0,1546.0,1585.0,1585.0,1586.0
0.0,9632.0,4668.0,4756.0,4636.0,4668.0,1556.0,1556.0,1556.0,1585.0,1585.0,1586.0,1556.0,1556.0,1556.0,3210.0,3210.0,3212.0,1556.0,1556.0,1556.0,1585.0,1585.0,1586.0
0.0,9600.0,4852.0,4759.0,4668.0,4861.0,1620.0,1620.0,1621.0,1586.0,1586.0,1587.0,1617.0,1617.0,1618.0,3199.0,3199.0,3202.0,1620.0,1620.0,1621.0,1586.0,1586.0,1587.0
0.0,9416.0,4857.0,4762.0,4861.0,4866.0,1622.0,1622.0,1622.0,1587.0,1587.0,1588.0,1619.0,1619.0,1619.0,3138.0,3138.0,3140.0,1622.0,1622.0,1622.0,1587.0,1587.0,1588.0
0.0,9420.0,4938.0,4765.0,4866.0,4947.0,1649.0,1649.0,1649.0,1588.0,1588.0,1589.0,1646.0,1646.0,1646.0,3139.0,3139.0,3142.0,1649.0,1649.0,1649.0,1588.0,1588.0,1589.0
0.0,9348.0,4731.0,4764.0,4947.0,4728.0,1577.0,1577.0,1574.0,1588.0,1588.0,1588.0,1577.0,1577.0,1577.0,3115.0,3115.0,3118.0,1577.0,1577.0,1574.0,1588.0,1588.0,1588.0
0.0,9564.0,4677.0,4759.0,4728.0,4662.0,1553.0,1553.0,1556.0,1586.0,1586.0,1587.0,1559.0,1559.0,1559.0,3187.0,3187.0,3190.0,1553.0,1553.0,1556.0,1586.0,1586.0,1587.0
0.0,9615.0,4725.0,4758.0,4662.0,4722.0,1575.0,1575.0,1572.0,1586.0,1586.0,1586.0,1575.0,1575.0,1575.0,3205.0,3205.0,3205.0,1575.0,1575.0,1572.0,1586.0,1586.0,1586.0
0.0,9552.0,4603.0,4756.0,4722.0,4597.0,1531.0,1531.0,1535.0,1585.0,1585.0,1586.0,1534.0,1534.0,1535.0,3183.0,3183.0,3186.0,1531.0,1531.0,1535.0,1585.0,1585.0,1586.0
0.0,9671.0,4927.0,4762.0,4597.0,4945.0,1648.0,1648.0,1649.0,1587.0,1587.0,1588.0,1642.0,1642.0,1643.0,3224.0,3224.0,3223.0,1648.0,1648.0,1649.0,1587.0,1587.0,1588.0
0.0,9341.0,4908.0,4770.0,4945.0,4932.0,1645.0,1645.0,1642.0,1590.0,1590.0,1590.0,1636.0,1636.0,1636.0,3113.0,3113.0,3115.0,1645.0,1645.0,1642.0,1590.0,1590.0,1590.0
0.0,9378.0,4944.0,4774.0,4932.0,4956.0,1651.0,1651.0,1654.0,1591.0,1591.0,1592.0,1648.0,1648.0,1648.0,3125.0,3125.0,3128.0,1651.0,1651.0,1654.0,1591.0,1591.0,1592.0
0.0,9366.0,4768.0,4774.0,4956.0,4768.0,1589.0,1589.0,1590.0,1591.0,1591.0,1592.0,1589.0,1589.0,1590.0,3122.0,3122.0,3122.0,1589.0,1589.0,1590.0,1591.0,1591.0,1592.0
0.0,9554.0,4635.0,4770.0,4768.0,4623.0,1542.0,1542.0,1539.0,1590.0,1590.0,1590.0,1545.0,1545.0,1545.0,3184.0,3184.0,3186.0,1542.0,1542.0,1539.0,1590.0,1590.0,1590.0
0.0,9687.0,4707.0,4770.0,4623.0,4707.0,1569.0,1569.0,1569.0,1590.0,1590.0,1590.0,1569.0,1569.0,1569.0,3228.0,3228.0,3231.0,1569.0,1569.0,1569.0,1590.0,1590.0,1590.0
0.0,9603.0,4759.0,4773.0,4707.0,4768.0,1589.0,1589.0,1590.0,1591.0,1591.0,1591.0,1586.0,1586.0,1587.0,3201.0,3201.0,3201.0,1589.0,1589.0,1590.0,1591.0,1591.0,1591.0
0.0,9551.0,4861.0,4777.0,4768.0,4873.0,1623.0,1623.0,1627.0,1592.0,1592.0,1593.0,1620.0,1620.0,1621.0,3184.0,3184.0,3183.0,1623.0,1623.0,1627.0,1592.0,1592.0,1593.0
0.0,9458.0,5023.0,4786.0,4873.0,5050.0,1683.0,1683.0,1684.0,1595.0,1595.0,1596.0,1674.0,1674.0,1675.0,3153.0,3153.0,3152.0,1683.0,1683.0,1684.0,1595.0,1595.0,1596.0
0.0,9308.0,4872.0,4786.0,5050.0,4872.0,1624.0,1624.0,1624.0,1595.0,1595.0,1596.0,1624.0,1624.0,1624.0,3102.0,3102.0,3104.0,1624.0,1624.0,1624.0,1595.0,1595.0,1596.0
0.0,9486.0,4663.0,4782.0,4872.0,4651.0,1551.0,1551.0,1549.0,1594.0,1594.0,1594.0,1554.0,1554.0,1555.0,3161.0,3161.0,3164.0,1551.0,1551.0,1549.0,1594.0,1594.0,1594.0
0.0,9695.0,4632.0,4776.0,4651.0,4614.0,1538.0,1538.0,1538.0,1592.0,1592.0,1592.0,1544.0,1544.0,1544.0,3231.0,3231.0,3233.0,1538.0,1538.0,1538.0,1592.0,1592.0,1592.0
0.0,9714.0,4795.0,4776.0,4614.0,4795.0,1598.0,1598.0,1599.0,1592.0,1592.0,1592.0,1598.0,1598.0,1599.0,3238.0,3238.0,3238.0,1598.0,1598.0,1599.0,1592.0,1592.0,1592.0
0.0,9533.0,4794.0,4779.0,4795.0,4803.0,1601.0,1601.0,1601.0,1593.0,1593.0,1593.0,1598.0,1598.0,1598.0,3178.0,3178.0,3177.0,1601.0,1601.0,1601.0,1593.0,1593.0,1593.0
0.0,9534.0,4900.0,4786.0,4803.0,4921.0,1639.0,1639.0,1643.0,1595.0,1595.0,1596.0,1633.0,1633.0,1634.0,3178.0,3178.0,3178.0,1639.0,1639.0,1643.0,1595.0,1595.0,1596.0
0.0,9437.0,5035.0,4794.0,4921.0,5059.0,1687.0,1687.0,1685.0,1598.0,1598.0,1598.0,1678.0,1678.0,1679.0,3146.0,3146.0,3145.0,1687.0,1687.0,1685.0,1598.0,1598.0,1598.0
0.0,9323.0,4945.0,4795.0,5059.0,4948.0,1648.0,1648.0,1652.0,1598.0,1598.0,1599.0,1648.0,1648.0,1649.0,3107.0,3107.0,3109.0,1648.0,1648.0,1652.0,1598.0,1598.0,1599.0
0.0,9437.0,4744.0,4792.0,4948.0,4735.0,1578.0,1578.0,1579.0,1597.0,1597.0,1598.0,1581.0,1581.0,1582.0,3146.0,3146.0,3145.0,1578.0,1578.0,1579.0,1597.0,1597.0,1598.0
0.0,9641.0,4705.0,4789.0,4735.0,4696.0,1565.0,1565.0,1566.0,1596.0,1596.0,1597.0,1568.0,1568.0,1569.0,3213.0,3213.0,3215.0,1565.0,1565.0,1566.0,1596.0,1596.0,1597.0
0.0,9671.0,4684.0,4786.0,4696.0,4675.0,1558.0,1558.0,1559.0,1595.0,1595.0,1596.0,1561.0,1561.0,1562.0,3223.0,3223.0,3225.0,1558.0,1558.0,1559.0,1595.0,1595.0,1596.0
0.0,9683.0,4819.0,4788.0,4675.0,4825.0,1609.0,1609.0,1607.0,1596.0,1596.0,1596.0,1606.0,1606.0,1607.0,3227.0,3227.0,3229.0,1609.0,1609.0,1607.0,1596.0,1596.0,1596.0
0.0,9539.0,4963.0,4794.0,4825.0,4981.0,1660.0,1660.0,1661.0,1598.0,1598.0,1598.0,1654.0,1654.0,1655.0,3179.0,3179.0,3181.0,1660.0,1660.0,1661.0,1598.0,1598.0,1598.0
0.0,9401.0,5007.0,4801.0,4981.0,5028.0,1675.0,1675.0,1678.0,1600.0,1600.0,1601.0,1669.0,1669.0,1669.0,3134.0,3134.0,3133.0,1675.0,1675.0,1678.0,1600.0,1600.0,1601.0
0.0,9375.0,4875.0,4801.0,5028.0,4875.0,1625.0,1625.0,1625.0,1600.0,1600.0,1601.0,1625.0,1625.0,1625.0,3125.0,3125.0,3125.0,1625.0,1625.0,1625.0,1600.0,1600.0,1601.0
0.0,9528.0,4740.0,4800.0,4875.0,4737.0,1580.0,1580.0,1577.0,1600.0,1600.0,1600.0,1580.0,1580.0,1580.0,3175.0,3175.0,3178.0,1580.0,1580.0,1577.0,1600.0,1600.0,1600.0
0.0,9663.0,4573.0,4794.0,4737.0,4555.0,1518.0,1518.0,1519.0,1598.0,1598.0,1598.0,1524.0,1524.0,1525.0,3220.0,3220.0,3223.0,1518.0,1518.0,1519.0,1598.0,1598.0,1598.0
0.0,9827.0,4831.0,4792.0,4555.0,4825.0,1607.0,1607.0,1611.0,1597.0,1597.0,1598.0,1610.0,1610.0,1611.0,3276.0,3276.0,3275.0,1607.0,1607.0,1611.0,1597.0,1597.0,1598.0
0.0,9551.0,4861.0,4795.0,4825.0,4870.0,1623.0,1623.0,1624.0,1598.0,1598.0,1599.0,1620.0,1620.0,1621.0,3184.0,3184.0,3183.0,1623.0,1623.0,1624.0,1598.0,1598.0,1599.0
0.0,9515.0,4915.0,4800.0,4870.0,4930.0,1644.0,1644.0,1642.0,1600.0,1600.0,1600.0,1638.0,1638.0,1639.0,3171.0,3171.0,3173.0,1644.0,1644.0,1642.0,1600.0,1600.0,1600.0
0.0,9470.0,5013.0,4806.0,4930.0,5031.0,1677.0,1677.0,1677.0,1602.0,1602.0,1602.0,1671.0,1671.0,1671.0,3156.0,3156.0,3158.0,1677.0,1677.0,1677.0,1602.0,1602.0,1602.0
0.0,9387.0,4966.0,4809.0,5031.0,4975.0,1658.0,1658.0,1659.0,1603.0,1603.0,1603.0,1655.0,1655.0,1656.0,3129.0,3129.0,3129.0,1658.0,1658.0,1659.0,1603.0,1603.0,1603.0
0.0,9452.0,4945.0,4810.0,4975.0,4948.0,1648.0,1648.0,1652.0,1603.0,1603.0,1604.0,1648.0,1648.0,1649.0,3151.0,3151.0,3150.0,1648.0,1648.0,1652.0,1603.0,1603.0,1604.0
0.0,9482.0,4794.0,4809.0,4948.0,4791.0,1598.0,1598.0,1595.0,1603.0,1603.0,1603.0,1598.0,1598.0,1598.0,3161.0,3161.0,3160.0,1598.0,1598.0,1595.0,1603.0,1603.0,1603.0
0.0,9636.0,4741.0,4806.0,4791.0,4732.0,1577.0,1577.0,1578.0,1602.0,1602.0,1602.0,1580.0,1580.0,1581.0,3211.0,3211.0,3214.0,1577.0,1577.0,1578.0,1602.0,1602.0,1602.0
0.0,9686.0,4884.0,4806.0,4732.0,4884.0,1628.0,1628.0,1628.0,1602.0,1602.0,1602.0,1628.0,1628.0,1628.0,3229.0,3229.0,3228.0,1628.0,1628.0,1628.0,1602.0,1602.0,1602.0
0.0,9534.0,4975.0,4812.0,4884.0,4993.0,1664.0,1664.0,1665.0,1604.0,1604.0,1604.0,1658.0,1658.0,1659.0,3178.0,3178.0,3178.0,1664.0,1664.0,1665.0,1604.0,1604.0,1604.0
0.0,9443.0,5065.0,4821.0,4993.0,5092.0,1697.0,1697.0,1698.0,1607.0,1607.0,1607.0,1688.0,1688.0,1689.0,3148.0,3148.0,3147.0,1697.0,1697.0,1698.0,1607.0,1607.0,1607.0
0.0,9371.0,4858.0,4822.0,5092.0,4861.0,1619.0,1619.0,1623.0,1607.0,1607.0,1608.0,1619.0,1619.0,1620.0,3124.0,3124.0,3123.0,1619.0,1619.0,1623.0,1607.0,1607.0,1608.0
0.0,9605.0,4735.0,4818.0,4861.0,4723.0,1575.0,1575.0,1573.0,1606.0,1606.0,1606.0,1578.0,1578.0,1579.0,3202.0,3202.0,3201.0,1575.0,1575.0,1573.0,1606.0,1606.0,1606.0
0.0,9731.0,4816.0,4816.0,4723.0,4810.0,1602.0,1602.0,1606.0,1605.0,1605.0,1606.0,1605.0,1605.0,1606.0,3243.0,3243.0,3245.0,1602.0,1602.0,1606.0,1605.0,1605.0,1606.0
0.0,9638.0,4642.0,4815.0,4810.0,4639.0,1547.0,1547.0,1545.0,1605.0,1605.0,1605.0,1547.0,1547.0,1548.0,3213.0,3213.0,3212.0,1547.0,1547.0,1545.0,1605.0,1605.0,1605.0
0.0,9806.0,4818.0,4816.0,4639.0,4821.0,1606.0,1606.0,1609.0,1605.0,1605.0,1606.0,1606.0,1606.0,1606.0,3268.0,3268.0,3270.0,1606.0,1606.0,1609.0,1605.0,1605.0,1606.0
0.0,9627.0,5125.0,4825.0,4821.0,5152.0,1717.0,1717.0,1718.0,1608.0,1608.0,1609.0,1708.0,1708.0,1709.0,3209.0,3209.0,3209.0,1717.0,1717.0,1718.0,1608.0,1608.0,1609.0
0.0,9323.0,5127.0,4836.0,5152.0,5160.0,1721.0,1721.0,1718.0,1612.0,1612.0,1612.0,1709.0,1709.0,1709.0,3107.0,3107.0,3109.0,1721.0,1721.0,1718.0,1612.0,1612.0,1612.0
0.0,9348.0,4954.0,4840.0,5160.0,4966.0,1654.0,1654.0,1658.0,1613.0,1613.0,1614.0,1651.0,1651.0,1652.0,3115.0,3115.0,3118.0,1654.0,1654.0,1658.0,1613.0,1613.0,1614.0
0.0,9554.0,4843.0,4840.0,4966.0,4843.0,1614.0,1614.0,1615.0,1613.0,1613.0,1614.0,1614.0,1614.0,1615.0,3185.0,3185.0,3184.0,1614.0,1614.0,1615.0,1613.0,1613.0,1614.0
0.0,9677.0,4708.0,4837.0,4843.0,4699.0,1566.0,1566.0,1567.0,1612.0,1612.0,1613.0,1569.0,1569.0,1570.0,3225.0,3225.0,3227.0,1566.0,1566.0,1567.0,1612.0,1612.0,1613.0
0.0,9812.0,4801.0,4836.0,4699.0,4798.0,1600.0,1600.0,1598.0,1612.0,1612.0,1612.0,1600.0,1600.0,1601.0,3270.0,3270.0,3272.0,1600.0,1600.0,1598.0,1612.0,1612.0,1612.0
0.0,9710.0,4876.0,4837.0,4798.0,4879.0,1625.0,1625.0,1629.0,1612.0,1612.0,1613.0,1625.0,1625.0,1626.0,3236.0,3236.0,3238.0,1625.0,1625.0,1629.0,1612.0,1612.0,1613.0
0.0,9632.0,4933.0,4843.0,4879.0,4951.0,1650.0,1650.0,1651.0,1614.0,1614.0,1615.0,1644.0,1644.0,1645.0,3211.0,3211.0,3210.0,1650.0,1650.0,1651.0,1614.0,1614.0,1615.0
0.0,9578.0,5058.0,4849.0,4951.0,5076.0,1692.0,1692.0,1692.0,1616.0,1616.0,1617.0,1686.0,1686.0,1686.0,3192.0,3192.0,3194.0,1692.0,1692.0,1692.0,1616.0,1616.0,1617.0
0.0,9471.0,4894.0,4855.0,5076.0,4912.0,1637.0,1637.0,1638.0,1618.0,1618.0,1619.0,1631.0,1631.0,1632.0,3156.0,3156.0,3159.0,1637.0,1637.0,1638.0,1618.0,1618.0,1619.0
0.0,9653.0,5052.0,4858.0,4912.0,5061.0,1687.0,1687.0,1687.0,1619.0,1619.0,1620.0,1684.0,1684.0,1684.0,3217.0,3217.0,3219.0,1687.0,1687.0,1687.0,1619.0,1619.0,1620.0
0.0,9513.0,4621.0,4852.0,5061.0,4603.0,1534.0,1534.0,1535.0,1617.0,1617.0,1618.0,1540.0,1540.0,1541.0,3170.0,3170.0,3173.0,1534.0,1534.0,1535.0,1617.0,1617.0,1618.0
0.0,9953.0,4692.0,4846.0,4603.0,4674.0,1558.0,1558.0,1558.0,1615.0,1615.0,1616.0,1564.0,1564.0,1564.0,3317.0,3317.0,3319.0,1558.0,1558.0,1558.0,1615.0,1615.0,1616.0
0.0,9864.0,4894.0,4849.0,4674.0,4903.0,1634.0,1634.0,1635.0,1616.0,1616.0,1617.0,1631.0,1631.0,1632.0,3287.0,3287.0,3290.0,1634.0,1634.0,1635.0,1616.0,1616.0,1617.0
0.0,9644.0,5011.0,4857.0,4903.0,5035.0,1679.0,1679.0,1677.0,1619.0,1619.0,1619.0,1670.0,1670.0,1671.0,3214.0,3214.0,3216.0,1679.0,1679.0,1677.0,1619.0,1619.0,1619.0
0.0,9536.0,4900.0,4861.0,5035.0,4912.0,1636.0,1636.0,1640.0,1620.0,1620.0,1621.0,1633.0,1633.0,1634.0,3178.0,3178.0,3180.0,1636.0,1636.0,1640.0,1620.0,1620.0,1621.0
0.0,9671.0,4953.0,4864.0,4912.0,4962.0,1654.0,1654.0,1654.0,1621.0,1621.0,1622.0,1651.0,1651.0,1651.0,3224.0,3224.0,3223.0,1654.0,1654.0,1654.0,1621.0,1621.0,1622.0
0.0,9630.0,4860.0,4864.0,4962.0,4860.0,1620.0,1620.0,1620.0,1621.0,1621.0,1622.0,1620.0,1620.0,1620.0,3209.0,3209.0,3212.0,1620.0,1620.0,1620.0,1621.0,1621.0,1622.0
0.0,9732.0,4677.0,4858.0,4860.0,4659.0,1553.0,1553.0,1553.0,1619.0,1619.0,1620.0,1559.0,1559.0,1559.0,3243.0,3243.0,3246.0,1553.0,1553.0,1553.0,1619.0,1619.0,1620.0
0.0,9915.0,4762.0,4855.0,4659.0,4753.0,1584.0,1584.0,1585.0,1618.0,1618.0,1619.0,1587.0,1587.0,1588.0,3304.0,3304.0,3307.0,1584.0,1584.0,1585.0,1618.0,1618.0,1619.0
0.0,9812.0,4834.0,4858.0,4753.0,4843.0,1614.0,1614.0,1615.0,1619.0,1619.0,1620.0,1611.0,1611.0,1612.0,3270.0,3270.0,3272.0,1614.0,1614.0,1615.0,1619.0,1619.0,1620.0
0.0,9731.0,5086.0,4867.0,4843.0,5113.0,1704.0,1704.0,1705.0,1622.0,1622.0,1623.0,1695.0,1695.0,1696.0,3243.0,3243.0,3245.0,1704.0,1704.0,1705.0,1622.0,1622.0,1623.0
0.0,9488.0,5119.0,4873.0,5113.0,5137.0,1712.0,1712.0,1713.0,1624.0,1624.0,1625.0,1706.0,1706.0,1707.0,3162.0,3162.0,3164.0,1712.0,1712.0,1713.0,1624.0,1624.0,1625.0
0.0,9482.0,4803.0,4873.0,5137.0,4803.0,1601.0,1601.0,1601.0,1624.0,1624.0,1625.0,1601.0,1601.0,1601.0,3160.0,3160.0,3162.0,1601.0,1601.0,1601.0,1624.0,1624.0,1625.0
0.0,9816.0,4780.0,4872.0,4803.0,4777.0,1593.0,1593.0,1591.0,1624.0,1624.0,1624.0,1593.0,1593.0,1594.0,3271.0,3271.0,3274.0,1593.0,1593.0,1591.0,1624.0,1624.0,1624.0
0.0,9839.0,4702.0,4864.0,4777.0,4678.0,1558.0,1558.0,1562.0,1621.0,1621.0,1622.0,1567.0,1567.0,1568.0,3279.0,3279.0,3281.0,1558.0,1558.0,1562.0,1621.0,1621.0,1622.0
0.0,9914.0,4648.0,4860.0,4678.0,4636.0,1546.0,1546.0,1544.0,1620.0,1620.0,1620.0,1549.0,1549.0,1550.0,3305.0,3305.0,3304.0,1546.0,1546.0,1544.0,1620.0,1620.0,1620.0
0.0,9944.0,4936.0,4863.0,4636.0,4945.0,1648.0,1648.0,1649.0,1621.0,1621.0,1621.0,1645.0,1645.0,1646.0,3314.0,3314.0,3316.0,1648.0,1648.0,1649.0,1621.0,1621.0,1621.0
0.0,9644.0,4989.0,4869.0,4945.0,5007.0,1669.0,1669.0,1669.0,1623.0,1623.0,1623.0,1663.0,1663.0,1663.0,3215.0,3215.0,3214.0,1669.0,1669.0,1669.0,1623.0,1623.0,1623.0
0.0,9600.0,5044.0,4876.0,5007.0,5065.0,1687.0,1687.0,1691.0,1625.0,1625.0,1626.0,1681.0,1681.0,1682.0,3200.0,3200.0,3200.0,1687.0,1687.0,1691.0,1625.0,1625.0,1626.0
0.0,9563.0,4957.0,4878.0,5065.0,4963.0,1655.0,1655.0,1653.0,1626.0,1626.0,1626.0,1652.0,1652.0,1653.0,3188.0,3188.0,3187.0,1655.0,1655.0,1653.0,1626.0,1626.0,1626.0
0.0,9671.0,4888.0,4876.0,4963.0,4882.0,1626.0,1626.0,1630.0,1625.0,1625.0,1626.0,1629.0,1629.0,1630.0,3223.0,3223.0,3225.0,1626.0,1626.0,1630.0,1625.0,1625.0,1626.0
0.0,9746.0,4782.0,4873.0,4882.0,4773.0,1591.0,1591.0,1591.0,1624.0,1624.0,1625.0,1594.0,1594.0,1594.0,3249.0,3249.0,3248.0,1591.0,1591.0,1591.0,1624.0,1624.0,1625.0
0.0,9846.0,4819.0,4870.0,4773.0,4810.0,1603.0,1603.0,1604.0,1623.0,1623.0,1624.0,1606.0,1606.0,1607.0,3281.0,3281.0,3284.0,1603.0,1603.0,1604.0,1623.0,1623.0,1624.0
0.0,9800.0,4813.0,4873.0,4810.0,4822.0,1607.0,1607.0,1608.0,1624.0,1624.0,1625.0,1604.0,1604.0,1605.0,3266.0,3266.0,3268.0,1607.0,1607.0,1608.0,1624.0,1624.0,1625.0
0.0,9797.0,5047.0,4882.0,4822.0,5074.0,1691.0,1691.0,1692.0,1627.0,1627.0,1628.0,1682.0,1682.0,1683.0,3265.0,3265.0,3267.0,1691.0,1691.0,1692.0,1627.0,1627.0,1628.0
0.0,9572.0,4990.0,4885.0,5074.0,4999.0,1666.0,1666.0,1667.0,1628.0,1628.0,1629.0,1663.0,1663.0,1664.0,3190.0,3190.0,3192.0,1666.0,1666.0,1667.0,1628.0,1628.0,1629.0
0.0,9656.0,5064.0,4888.0,4999.0,5073.0,1691.0,1691.0,1691.0,1629.0,1629.0,1630.0,1688.0,1688.0,1688.0,3218.0,3218.0,3220.0,1691.0,1691.0,1691.0,1629.0,1629.0,1630.0
0.0,9591.0,4785.0,4885.0,5073.0,4776.0,1592.0,1592.0,1592.0,1628.0,1628.0,1629.0,1595.0,1595.0,1595.0,3196.0,3196.0,3199.0,1592.0,1592.0,1592.0,1628.0,1628.0,1629.0
0.0,9879.0,4819.0,4882.0,4776.0,4810.0,1603.0,1603.0,1604.0,1627.0,1627.0,1628.0,1606.0,1606.0,1607.0,3292.0,3292.0,3295.0,1603.0,1603.0,1604.0,1627.0,1627.0,1628.0
0.0,9836.0,4801.0,4879.0,4810.0,4792.0,1597.0,1597.0,1598.0,1626.0,1626.0,1627.0,1600.0,1600.0,1601.0,3278.0,3278.0,3280.0,1597.0,1597.0,1598.0,1626.0,1626.0,1627.0
0.0,9845.0,4852.0,4878.0,4792.0,4849.0,1617.0,1617.0,1615.0,1626.0,1626.0,1626.0,1617.0,1617.0,1618.0,3281.0,3281.0,3283.0,1617.0,1617.0,1615.0,1626.0,1626.0,1626.0
0.0,9785.0,5151.0,4885.0,4849.0,5172.0,1723.0,1723.0,1726.0,1628.0,1628.0,1629.0,1717.0,1717.0,1717.0,3261.0,3261.0,3263.0,1723.0,1723.0,1726.0,1628.0,1628.0,1629.0
0.0,9483.0,5113.0,4891.0,5172.0,5131.0,1710.0,1710.0,1711.0,1630.0,1630.0,1631.0,1704.0,1704.0,1705.0,3161.0,3161.0,3161.0,1710.0,1710.0,1711.0,1630.0,1630.0,1631.0
0.0,9542.0,4945.0,4893.0,5131.0,4951.0,1651.0,1651.0,1649.0,1631.0,1631.0,1631.0,1648.0,1648.0,1649.0,3180.0,3180.0,3182.0,1651.0,1651.0,1649.0,1631.0,1631.0,1631.0
0.0,9728.0,4774.0,4888.0,4951.0,4759.0,1585.0,1585.0,1589.0,1629.0,1629.0,1630.0,1591.0,1591.0,1592.0,3242.0,3242.0,3244.0,1585.0,1585.0,1589.0,1629.0,1629.0,1630.0
0.0,9905.0,4759.0,4882.0,4759.0,4741.0,1580.0,1580.0,1581.0,1627.0,1627.0,1628.0,1586.0,1586.0,1587.0,3302.0,3302.0,3301.0,1580.0,1580.0,1581.0,1627.0,1627.0,1628.0
0.0,9905.0,4842.0,4882.0,4741.0,4842.0,1614.0,1614.0,1614.0,1627.0,1627.0,1628.0,1614.0,1614.0,1614.0,3301.0,3301.0,3303.0,1614.0,1614.0,1614.0,1627.0,1627.0,1628.0
0.0,9804.0,4906.0,4885.0,4842.0,4915.0,1638.0,1638.0,1639.0,1628.0,1628.0,1629.0,1635.0,1635.0,1636.0,3267.0,3267.0,3270.0,1638.0,1638.0,1639.0,1628.0,1628.0,1629.0
0.0,9740.0,5061.0,4891.0,4915.0,5079.0,1693.0,1693.0,1693.0,1630.0,1630.0,1631.0,1687.0,1687.0,1687.0,3246.0,3246.0,3248.0,1693.0,1693.0,1693.0,1630.0,1630.0,1631.0
0.0,9594.0,5059.0,4899.0,5079.0,5083.0,1695.0,1695.0,1693.0,1633.0,1633.0,1633.0,1686.0,1686.0,1687.0,3197.0,3197.0,3200.0,1695.0,1695.0,1693.0,1633.0,1633.0,1633.0
0.0,9614.0,4992.0,4902.0,5083.0,5001.0,1667.0,1667.0,1667.0,1634.0,1634.0,1634.0,1664.0,1664.0,1664.0,3204.0,3204.0,3206.0,1667.0,1667.0,1667.0,1634.0,1634.0,1634.0
0.0,9705.0,4834.0,4897.0,5001.0,4819.0,1605.0,1605.0,1609.0,1632.0,1632.0,1633.0,1611.0,1611.0,1612.0,3235.0,3235.0,3235.0,1605.0,1605.0,1609.0,1632.0,1632.0,1633.0
0.0,9872.0,4737.0,4888.0,4819.0,4710.0,1570.0,1570.0,1570.0,1629.0,1629.0,1630.0,1579.0,1579.0,1579.0,3291.0,3291.0,3290.0,1570.0,1570.0,1570.0,1629.0,1629.0,1630.0
0.0,9954.0,4869.0,4888.0,4710.0,4869.0,1623.0,1623.0,1623.0,1629.0,1629.0,1630.0,1623.0,1623.0,1623.0,3317.0,3317.0,3320.0,1623.0,1623.0,1623.0,1629.0,1629.0,1630.0
0.0,9795.0,5038.0,4891.0,4869.0,5047.0,1682.0,1682.0,1683.0,1630.0,1630.0,1631.0,1679.0,1679.0,1680.0,3264.0,3264.0,3267.0,1682.0,1682.0,1683.0,1630.0,1630.0,1631.0
0.0,9626.0,5064.0,4897.0,5047.0,5082.0,1694.0,1694.0,1694.0,1632.0,1632.0,1633.0,1688.0,1688.0,1688.0,3208.0,3208.0,3210.0,1694.0,1694.0,1694.0,1632.0,1632.0,1633.0
0.0,9609.0,5073.0,4903.0,5082.0,5091.0,1697.0,1697.0,1697.0,1634.0,1634.0,1635.0,1691.0,1691.0,1691.0,3202.0,3202.0,3205.0,1697.0,1697.0,1697.0,1634.0,1634.0,1635.0
0.0,9618.0,4953.0,4905.0,5091.0,4959.0,1654.0,1654.0,1651.0,1635.0,1635.0,1635.0,1651.0,1651.0,1651.0,3205.0,3205.0,3208.0,1654.0,1654.0,1651.0,1635.0,1635.0,1635.0
0.0,9756.0,4920.0,4905.0,4959.0,4920.0,1640.0,1640.0,1640.0,1635.0,1635.0,1635.0,1640.0,1640.0,1640.0,3251.0,3251.0,3254.0,1640.0,1640.0,1640.0,1635.0,1635.0,1635.0
0.0,9795.0,4729.0,4897.0,4920.0,4705.0,1567.0,1567.0,1571.0,1632.0,1632.0,1633.0,1576.0,1576.0,1577.0,3265.0,3265.0,3265.0,1567.0,1567.0,1571.0,1632.0,1632.0,1633.0
0.0,9986.0,4834.0,4897.0,4705.0,4834.0,1611.0,1611.0,1612.0,1632.0,1632.0,1633.0,1611.0,1611.0,1612.0,3329.0,3329.0,3328.0,1611.0,1611.0,1612.0,1632.0,1632.0,1633.0
0.0,9857.0,5035.0,4897.0,4834.0,5035.0,1678.0,1678.0,1679.0,1632.0,1632.0,1633.0,1678.0,1678.0,1679.0,3285.0,3285.0,3287.0,1678.0,1678.0,1679.0,1632.0,1632.0,1633.0
0.0,9656.0,5038.0,4905.0,5035.0,5062.0,1688.0,1688.0,1686.0,1635.0,1635.0,1635.0,1679.0,1679.0,1680.0,3218.0,3218.0,3220.0,1688.0,1688.0,1686.0,1635.0,1635.0,1635.0
0.0,9653.0,5053.0,4912.0,5062.0,5074.0,1690.0,1690.0,1694.0,1637.0,1637.0,1638.0,1684.0,1684.0,1685.0,3217.0,3217.0,3219.0,1690.0,1690.0,1694.0,1637.0,1637.0,1638.0
0.0,9662.0,5046.0,4915.0,5074.0,5055.0,1685.0,1685.0,1685.0,1638.0,1638.0,1639.0,1682.0,1682.0,1682.0,3221.0,3221.0,3220.0,1685.0,1685.0,1685.0,1638.0,1638.0,1639.0
0.0,9690.0,4954.0,4914.0,5055.0,4951.0,1651.0,1651.0,1649.0,1638.0,1638.0,1638.0,1651.0,1651.0,1652.0,3229.0,3229.0,3232.0,1651.0,1651.0,1649.0,1638.0,1638.0,1638.0
0.0,9791.0,4807.0,4912.0,4951.0,4801.0,1599.0,1599.0,1603.0,1637.0,1637.0,1638.0,1602.0,1602.0,1603.0,3263.0,3263.0,3265.0,1599.0,1599.0,1603.0,1637.0,1637.0,1638.0
0.0,9935.0,5011.0,4912.0,4801.0,5011.0,1670.0,1670.0,1671.0,1637.0,1637.0,1638.0,1670.0,1670.0,1671.0,3312.0,3312.0,3311.0,1670.0,1670.0,1671.0,1637.0,1637.0,1638.0
0.0,9725.0,5056.0,4917.0,5011.0,5071.0,1691.0,1691.0,1689.0,1639.0,1639.0,1639.0,1685.0,1685.0,1686.0,3241.0,3241.0,3243.0,1691.0,1691.0,1689.0,1639.0,1639.0,1639.0
0.0,9680.0,5155.0,4926.0,5071.0,5182.0,1727.0,1727.0,1728.0,1642.0,1642.0,1642.0,1718.0,1718.0,1719.0,3226.0,3226.0,3228.0,1727.0,1727.0,1728.0,1642.0,1642.0,1642.0
0.0,9596.0,5025.0,4930.0,5182.0,5037.0,1678.0,1678.0,1681.0,1643.0,1643.0,1644.0,1675.0,1675.0,1675.0,3199.0,3199.0,3198.0,1678.0,1678.0,1681.0,1643.0,1643.0,1644.0
0.0,9753.0,5067.0,4935.0,5037.0,5082.0,1695.0,1695.0,1692.0,1645.0,1645.0,1645.0,1689.0,1689.0,1689.0,3251.0,3251.0,3251.0,1695.0,1695.0,1692.0,1645.0,1645.0,1645.0
0.0,9723.0,4801.0,4930.0,5082.0,4786.0,1594.0,1594.0,1598.0,1643.0,1643.0,1644.0,1600.0,1600.0,1601.0,3240.0,3240.0,3243.0,1594.0,1594.0,1598.0,1643.0,1643.0,1644.0
0.0,10004.0,4810.0,4924.0,4786.0,4792.0,1597.0,1597.0,1598.0,1641.0,1641.0,1642.0,1603.0,1603.0,1604.0,3335.0,3335.0,3334.0,1597.0,1597.0,1598.0,1641.0,1641.0,1642.0
0.0,9980.0,4861.0,4924.0,4792.0,4861.0,1620.0,1620.0,1621.0,1641.0,1641.0,1642.0,1620.0,1620.0,1621.0,3326.0,3326.0,3328.0,1620.0,1620.0,1621.0,1641.0,1641.0,1642.0
0.0,9911.0,4996.0,4929.0,4861.0,5011.0,1671.0,1671.0,1669.0,1643.0,1643.0,1643.0,1665.0,1665.0,1666.0,3303.0,3303.0,3305.0,1671.0,1671.0,1669.0,1643.0,1643.0,1643.0
0.0,9776.0,5257.0,4939.0,5011.0,5287.0,1761.0,1761.0,1765.0,1646.0,1646.0,1647.0,1752.0,1752.0,1753.0,3258.0,3258.0,3260.0,1761.0,1761.0,1765.0,1646.0,1646.0,1647.0
0.0,9530.0,5065.0,4948.0,5287.0,5092.0,1697.0,1697.0,1698.0,1649.0,1649.0,1650.0,1688.0,1688.0,1689.0,3177.0,3177.0,3176.0,1697.0,1697.0,1698.0,1649.0,1649.0,1650.0
0.0,9752.0,5107.0,4951.0,5092.0,5116.0,1705.0,1705.0,1706.0,1650.0,1650.0,1651.0,1702.0,1702.0,1703.0,3250.0,3250.0,3252.0,1705.0,1705.0,1706.0,1650.0,1650.0,1651.0
0.0,9737.0,4765.0,4947.0,5116.0,4753.0,1585.0,1585.0,1583.0,1649.0,1649.0,1649.0,1588.0,1588.0,1589.0,3245.0,3245.0,3247.0,1585.0,1585.0,1583.0,1649.0,1649.0,1649.0
0.0,10088.0,4834.0,4942.0,4753.0,4819.0,1605.0,1605.0,1609.0,1647.0,1647.0,1648.0,1611.0,1611.0,1612.0,3362.0,3362.0,3364.0,1605.0,1605.0,1609.0,1647.0,1647.0,1648.0
0.0,10007.0,4806.0,4939.0,4819.0,4797.0,1599.0,1599.0,1599.0,1646.0,1646.0,1647.0,1602.0,1602.0,1602.0,3336.0,3336.0,3335.0,1599.0,1599.0,1599.0,1646.0,1646.0,1647.0
0.0,10020.0,5037.0,4942.0,4797.0,5046.0,1682.0,1682.0,1682.0,1647.0,1647.0,1648.0,1679.0,1679.0,1679.0,3339.0,3339.0,3342.0,1682.0,1682.0,1682.0,1647.0,1647.0,1648.0
0.0,9780.0,5062.0,4948.0,5046.0,5080.0,1693.0,1693.0,1694.0,1649.0,1649.0,1650.0,1687.0,1687.0,1688.0,3259.0,3259.0,3262.0,1693.0,1693.0,1694.0,1649.0,1649.0,1650.0
0.0,9764.0,5049.0,4953.0,5080.0,5064.0,1689.0,1689.0,1686.0,1651.0,1651.0,1651.0,1683.0,1683.0,1683.0,3254.0,3254.0,3256.0,1689.0,1689.0,1686.0,1651.0,1651.0,1651.0
0.0,9795.0,5119.0,4959.0,5064.0,5137.0,1712.0,1712.0,1713.0,1653.0,1653.0,1653.0,1706.0,1706.0,1707.0,3264.0,3264.0,3267.0,1712.0,1712.0,1713.0,1653.0,1653.0,1653.0
0.0,9740.0,4903.0,4956.0,5137.0,4894.0,1631.0,1631.0,1632.0,1652.0,1652.0,1652.0,1634.0,1634.0,1635.0,3247.0,3247.0,3246.0,1631.0,1631.0,1632.0,1652.0,1652.0,1652.0
0.0,9974.0,4897.0,4954.0,4894.0,4891.0,1629.0,1629.0,1633.0,1651.0,1651.0,1652.0,1632.0,1632.0,1633.0,3325.0,3325.0,3324.0,1629.0,1629.0,1633.0,1651.0,1651.0,1652.0
0.0,9971.0,4966.0,4951.0,4891.0,4957.0,1652.0,1652.0,1653.0,1650.0,1650.0,1651.0,1655.0,1655.0,1656.0,3324.0,3324.0,3323.0,1652.0,1652.0,1653.0,1650.0,1650.0,1651.0
0.0,9896.0,5029.0,4957.0,4957.0,5047.0,1682.0,1682.0,1683.0,1652.0,1652.0,1653.0,1676.0,1676.0,1677.0,3298.0,3298.0,3300.0,1682.0,1682.0,1683.0,1652.0,1652.0,1653.0
0.0,9824.0,5014.0,4960.0,5047.0,5023.0,1674.0,1674.0,1675.0,1653.0,1653.0,1654.0,1671.0,1671.0,1672.0,3274.0,3274.0,3276.0,1674.0,1674.0,1675.0,1653.0,1653.0,1654.0
0.0,9857.0,4948.0,4963.0,5023.0,4957.0,1652.0,1652.0,1653.0,1654.0,1654.0,1655.0,1649.0,1649.0,1650.0,3285.0,3285.0,3287.0,1652.0,1652.0,1653.0,1654.0,1654.0,1655.0
0.0,9932.0,5098.0,4968.0,4957.0,5113.0,1705.0,1705.0,1703.0,1656.0,1656.0,1656.0,1699.0,1699.0,1700.0,3310.0,3310.0,3312.0,1705.0,1705.0,1703.0,1656.0,1656.0,1656.0
0.0,9791.0,4972.0,4965.0,5113.0,4963.0,1654.0,1654.0,1655.0,1655.0,1655.0,1655.0,1657.0,1657.0,1658.0,3263.0,3263.0,3265.0,1654.0,1654.0,1655.0,1655.0,1655.0,1655.0
0.0,9932.0,4813.0,4959.0,4963.0,4795.0,1598.0,1598.0,1599.0,1653.0,1653.0,1653.0,1604.0,1604.0,1605.0,3311.0,3311.0,3310.0,1598.0,1598.0,1599.0,1653.0,1653.0,1653.0
0.0,10082.0,4855.0,4957.0,4795.0,4849.0,1615.0,1615.0,1619.0,1652.0,1652.0,1653.0,1618.0,1618.0,1619.0,3361.0,3361.0,3360.0,1615.0,1615.0,1619.0,1652.0,1652.0,1653.0
0.0,10022.0,4978.0,4960.0,4849.0,4987.0,1662.0,1662.0,1663.0,1653.0,1653.0,1654.0,1659.0,1659.0,1660.0,3341.0,3341.0,3340.0,1662.0,1662.0,1663.0,1653.0,1653.0,1654.0
0.0,9893.0,5052.0,4966.0,4987.0,5070.0,1690.0,1690.0,1690.0,1655.0,1655.0,1656.0,1684.0,1684.0,1684.0,3297.0,3297.0,3299.0,1690.0,1690.0,1690.0,1655.0,1655.0,1656.0
0.0,9828.0,5146.0,4972.0,5070.0,5164.0,1721.0,1721.0,1722.0,1657.0,1657.0,1658.0,1715.0,1715.0,1716.0,3275.0,3275.0,3278.0,1721.0,1721.0,1722.0,1657.0,1657.0,1658.0
0.0,9752.0,5098.0,4975.0,5164.0,5107.0,1702.0,1702.0,1703.0,1658.0,1658.0,1659.0,1699.0,1699.0,1700.0,3250.0,3250.0,3252.0,1702.0,1702.0,1703.0,1658.0,1658.0,1659.0
0.0,9818.0,4846.0,4972.0,5107.0,4837.0,1612.0,1612.0,1613.0,1657.0,1657.0,1658.0,1615.0,1615.0,1616.0,3272.0,3272.0,3274.0,1612.0,1612.0,1613.0,1657.0,1657.0,1658.0
0.0,10079.0,4726.0,4966.0,4837.0,4708.0,1569.0,1569.0,1570.0,1655.0,1655.0,1656.0,1575.0,1575.0,1576.0,3359.0,3359.0,3361.0,1569.0,1569.0,1570.0,1655.0,1655.0,1656.0
0.0,10190.0,4900.0,4963.0,4708.0,4891.0,1630.0,1630.0,1631.0,1654.0,1654.0,1655.0,1633.0,1633.0,1634.0,3396.0,3396.0,3398.0,1630.0,1630.0,1631.0,1654.0,1654.0,1655.0
0.0,9998.0,4972.0,4966.0,4891.0,4981.0,1660.0,1660.0,1661.0,1655.0,1655.0,1656.0,1657.0,1657.0,1658.0,3332.0,3332.0,3334.0,1660.0,1660.0,1661.0,1655.0,1655.0,1656.0
0.0,9917.0,5233.0,4975.0,4981.0,5260.0,1753.0,1753.0,1754.0,1658.0,1658.0,1659.0,1744.0,1744.0,1745.0,3305.0,3305.0,3307.0,1753.0,1753.0,1754.0,1658.0,1658.0,1659.0
0.0,9665.0,5071.0,4980.0,5260.0,5086.0,1696.0,1696.0,1694.0,1660.0,1660.0,1660.0,1690.0,1690.0,1691.0,3221.0,3221.0,3223.0,1696.0,1696.0,1694.0,1660.0,1660.0,1660.0
0.0,9854.0,5149.0,4981.0,5086.0,5152.0,1716.0,1716.0,1720.0,1660.0,1660.0,1661.0,1716.0,1716.0,1717.0,3284.0,3284.0,3286.0,1716.0,1716.0,1720.0,1660.0,1660.0,1661.0
0.0,9791.0,4813.0,4978.0,5152.0,4804.0,1601.0,1601.0,1602.0,1659.0,1659.0,1660.0,1604.0,1604.0,1605.0,3264.0,3264.0,3263.0,1601.0,1601.0,1602.0,1659.0,1659.0,1660.0
0.0,10130.0,4849.0,4972.0,4804.0,4831.0,1610.0,1610.0,1611.0,1657.0,1657.0,1658.0,1616.0,1616.0,1617.0,3376.0,3376.0,3378.0,1610.0,1610.0,1611.0,1657.0,1657.0,1658.0
0.0,10085.0,4977.0,4972.0,4831.0,4977.0,1659.0,1659.0,1659.0,1657.0,1657.0,1658.0,1659.0,1659.0,1659.0,3361.0,3361.0,3363.0,1659.0,1659.0,1659.0,1657.0,1657.0,1658.0
0.0,9939.0,5053.0,4975.0,4977.0,5062.0,1687.0,1687.0,1688.0,1658.0,1658.0,1659.0,1684.0,1684.0,1685.0,3312.0,3312.0,3315.0,1687.0,1687.0,1688.0,1658.0,1658.0,1659.0
0.0,9863.0,5146.0,4984.0,5062.0,5173.0,1724.0,1724.0,1725.0,1661.0,1661.0,1662.0,1715.0,1715.0,1716.0,3287.0,3287.0,3289.0,1724.0,1724.0,1725.0,1661.0,1661.0,1662.0
0.0,9779.0,5173.0,4990.0,5173.0,5191.0,1730.0,1730.0,1731.0,1663.0,1663.0,1664.0,1724.0,1724.0,1725.0,3259.0,3259.0,3261.0,1730.0,1730.0,1731.0,1663.0,1663.0,1664.0
0.0,9779.0,4981.0,4990.0,5191.0,4981.0,1660.0,1660.0,1661.0,1663.0,1663.0,1664.0,1660.0,1660.0,1661.0,3259.0,3259.0,3261.0,1660.0,1660.0,1661.0,1663.0,1663.0,1664.0
0.0,9989.0,4954.0,4987.0,4981.0,4945.0,1648.0,1648.0,1649.0,1662.0,1662.0,1663.0,1651.0,1651.0,1652.0,3329.0,3329.0,3331.0,1648.0,1648.0,1649.0,1662.0,1662.0,1663.0
0.0,10016.0,4972.0,4987.0,4945.0,4972.0,1657.0,1657.0,1658.0,1662.0,1662.0,1663.0,1657.0,1657.0,1658.0,3338.0,3338.0,3340.0,1657.0,1657.0,1658.0,1662.0,1662.0,1663.0
0.0,9989.0,4956.0,4984.0,4972.0,4947.0,1649.0,1649.0,1649.0,1661.0,1661.0,1662.0,1652.0,1652.0,1652.0,3329.0,3329.0,3331.0,1649.0,1649.0,1649.0,1661.0,1661.0,1662.0
0.0,10005.0,5025.0,4986.0,4947.0,5031.0,1678.0,1678.0,1675.0,1662.0,1662.0,1662.0,1675.0,1675.0,1675.0,3334.0,3334.0,3337.0,1678.0,1678.0,1675.0,1662.0,1662.0,1662.0
0.0,9927.0,5172.0,4993.0,5031.0,5193.0,1730.0,1730.0,1733.0,1664.0,1664.0,1665.0,1724.0,1724.0,1724.0,3308.0,3308.0,3311.0,1730.0,1730.0,1733.0,1664.0,1664.0,1665.0
0.0,9786.0,5107.0,4995.0,5193.0,5113.0,1705.0,1705.0,1703.0,1665.0,1665.0,1665.0,1702.0,1702.0,1703.0,3262.0,3262.0,3262.0,1705.0,1705.0,1703.0,1665.0,1665.0,1665.0
0.0,9872.0,5022.0,4993.0,5113.0,5016.0,1671.0,1671.0,1674.0,1664.0,1664.0,1665.0,1674.0,1674.0,1674.0,3290.0,3290.0,3292.0,1671.0,1671.0,1674.0,1664.0,1664.0,1665.0
0.0,9963.0,4987.0,4990.0,5016.0,4978.0,1659.0,1659.0,1660.0,1663.0,1663.0,1664.0,1662.0,1662.0,1663.0,3321.0,3321.0,3321.0,1659.0,1659.0,1660.0,1663.0,1663.0,1664.0
0.0,9992.0,4923.0,4989.0,4978.0,4920.0,1641.0,1641.0,1638.0,1663.0,1663.0,1663.0,1641.0,1641.0,1641.0,3330.0,3330.0,3332.0,1641.0,1641.0,1638.0,1663.0,1663.0,1663.0
0.0,10047.0,4791.0,4984.0,4920.0,4776.0,1591.0,1591.0,1594.0,1661.0,1661.0,1662.0,1597.0,1597.0,1597.0,3348.0,3348.0,3351.0,1591.0,1591.0,1594.0,1661.0,1661.0,1662.0
0.0,10176.0,5023.0,4987.0,4776.0,5032.0,1677.0,1677.0,1678.0,1662.0,1662.0,1663.0,1674.0,1674.0,1675.0,3392.0,3392.0,3392.0,1677.0,1677.0,1678.0,1662.0,1662.0,1663.0
0.0,9929.0,5173.0,4995.0,5032.0,5197.0,1733.0,1733.0,1731.0,1665.0,1665.0,1665.0,1724.0,1724.0,1725.0,3309.0,3309.0,3311.0,1733.0,1733.0,1731.0,1665.0,1665.0,1665.0
0.0,9788.0,5254.0,5002.0,5197.0,5275.0,1757.0,1757.0,1761.0,1667.0,1667.0,1668.0,1751.0,1751.0,1752.0,3262.0,3262.0,3264.0,1757.0,1757.0,1761.0,1667.0,1667.0,1668.0
0.0,9731.0,5185.0,5005.0,5275.0,5194.0,1731.0,1731.0,1732.0,1668.0,1668.0,1669.0,1728.0,1728.0,1729.0,3244.0,3244.0,3243.0,1731.0,1731.0,1732.0,1668.0,1668.0,1669.0
0.0,9821.0,4987.0,5001.0,5194.0,4975.0,1659.0,1659.0,1657.0,1667.0,1667.0,1667.0,1662.0,1662.0,1663.0,3273.0,3273.0,3275.0,1659.0,1659.0,1657.0,1667.0,1667.0,1667.0
0.0,10028.0,4915.0,4998.0,4975.0,4906.0,1635.0,1635.0,1636.0,1666.0,1666.0,1666.0,1638.0,1638.0,1639.0,3342.0,3342.0,3344.0,1635.0,1635.0,1636.0,1666.0,1666.0,1666.0
0.0,10088.0,5050.0,4996.0,4906.0,5044.0,1680.0,1680.0,1684.0,1665.0,1665.0,1666.0,1683.0,1683.0,1684.0,3363.0,3363.0,3362.0,1680.0,1680.0,1684.0,1665.0,1665.0,1666.0
0.0,9944.0,4969.0,5001.0,5044.0,4984.0,1662.0,1662.0,1660.0,1667.0,1667.0,1667.0,1656.0,1656.0,1657.0,3315.0,3315.0,3314.0,1662.0,1662.0,1660.0,1667.0,1667.0,1667.0
0.0,10019.0,5158.0,5007.0,4984.0,5176.0,1725.0,1725.0,1726.0,1669.0,1669.0,1669.0,1719.0,1719.0,1720.0,3339.0,3339.0,3341.0,1725.0,1725.0,1726.0,1669.0,1669.0,1669.0
0.0,9845.0,5217.0,5014.0,5176.0,5238.0,1745.0,1745.0,1748.0,1671.0,1671.0,1672.0,1739.0,1739.0,1739.0,3282.0,3282.0,3281.0,1745.0,1745.0,1748.0,1671.0,1671.0,1672.0
0.0,9804.0,5043.0,5014.0,5238.0,5043.0,1681.0,1681.0,1681.0,1671.0,1671.0,1672.0,1681.0,1681.0,1681.0,3268.0,3268.0,3268.0,1681.0,1681.0,1681.0,1671.0,1671.0,1672.0
0.0,9999.0,4971.0,5014.0,5043.0,4971.0,1657.0,1657.0,1657.0,1671.0,1671.0,1672.0,1657.0,1657.0,1657.0,3332.0,3332.0,3335.0,1657.0,1657.0,1657.0,1671.0,1671.0,1672.0
0.0,10071.0,4798.0,5008.0,4971.0,4780.0,1593.0,1593.0,1594.0,1669.0,1669.0,1670.0,1599.0,1599.0,1600.0,3356.0,3356.0,3359.0,1593.0,1593.0,1594.0,1669.0,1669.0,1670.0
0.0,10244.0,4963.0,5005.0,4780.0,4954.0,1651.0,1651.0,1652.0,1668.0,1668.0,1669.0,1654.0,1654.0,1655.0,3414.0,3414.0,3416.0,1651.0,1651.0,1652.0,1668.0,1668.0,1669.0
0.0,10061.0,5086.0,5008.0,4954.0,5095.0,1698.0,1698.0,1699.0,1669.0,1669.0,1670.0,1695.0,1695.0,1696.0,3353.0,3353.0,3355.0,1698.0,1698.0,1699.0,1669.0,1669.0,1670.0
0.0,9929.0,5187.0,5014.0,5095.0,5205.0,1735.0,1735.0,1735.0,1671.0,1671.0,1672.0,1729.0,1729.0,1729.0,3309.0,3309.0,3311.0,1735.0,1735.0,1735.0,1671.0,1671.0,1672.0
0.0,9837.0,5119.0,5017.0,5205.0,5128.0,1709.0,1709.0,1710.0,1672.0,1672.0,1673.0,1706.0,1706.0,1707.0,3278.0,3278.0,3281.0,1709.0,1709.0,1710.0,1672.0,1672.0,1673.0
0.0,9923.0,5089.0,5019.0,5128.0,5095.0,1699.0,1699.0,1697.0,1673.0,1673.0,1673.0,1696.0,1696.0,1697.0,3307.0,3307.0,3309.0,1699.0,1699.0,1697.0,1673.0,1673.0,1673.0
0.0,9962.0,4840.0,5014.0,5095.0,4825.0,1607.0,1607.0,1611.0,1671.0,1671.0,1672.0,1613.0,1613.0,1614.0,3320.0,3320.0,3322.0,1607.0,1607.0,1611.0,1671.0,1671.0,1672.0
0.0,10217.0,4837.0,5014.0,4825.0,4837.0,1612.0,1612.0,1613.0,1671.0,1671.0,1672.0,1612.0,1612.0,1613.0,3406.0,3406.0,3405.0,1612.0,1612.0,1613.0,1671.0,1671.0,1672.0
0.0,10205.0,4987.0,5011.0,4837.0,4978.0,1659.0,1659.0,1660.0,1670.0,1670.0,1671.0,1662.0,1662.0,1663.0,3401.0,3401.0,3403.0,1659.0,1659.0,1660.0,1670.0,1670.0,1671.0
0.0,10055.0,5089.0,5014.0,4978.0,5098.0,1699.0,1699.0,1700.0,1671.0,1671.0,1672.0,1696.0,1696.0,1697.0,3351.0,3351.0,3353.0,1699.0,1699.0,1700.0,1671.0,1671.0,1672.0
0.0,9944.0,5299.0,5023.0,5098.0,5326.0,1775.0,1775.0,1776.0,1674.0,1674.0,1675.0,1766.0,1766.0,1767.0,3314.0,3314.0,3316.0,1775.0,1775.0,1776.0,1674.0,1674.0,1675.0
0.0,9743.0,5326.0,5032.0,5326.0,5353.0,1784.0,1784.0,1785.0,1677.0,1677.0,1678.0,1775.0,1775.0,1776.0,3247.0,3247.0,3249.0,1784.0,1784.0,1785.0,1677.0,1677.0,1678.0
0.0,9743.0,5262.0,5037.0,5353.0,5277.0,1760.0,1760.0,1757.0,1679.0,1679.0,1679.0,1754.0,1754.0,1754.0,3247.0,3247.0,3249.0,1760.0,1760.0,1757.0,1679.0,1679.0,1679.0
0.0,9834.0,5037.0,5037.0,5277.0,5037.0,1679.0,1679.0,1679.0,1679.0,1679.0,1679.0,1679.0,1679.0,1679.0,3277.0,3277.0,3280.0,1679.0,1679.0,1679.0,1679.0,1679.0,1679.0
0.0,10074.0,4921.0,5032.0,5037.0,4906.0,1634.0,1634.0,1638.0,1677.0,1677.0,1678.0,1640.0,1640.0,1641.0,3358.0,3358.0,3358.0,1634.0,1634.0,1638.0,1677.0,1677.0,1678.0
0.0,10190.0,4963.0,5029.0,4906.0,4954.0,1651.0,1651.0,1652.0,1676.0,1676.0,1677.0,1654.0,1654.0,1655.0,3397.0,3397.0,3396.0,1651.0,1651.0,1652.0,1676.0,1676.0,1677.0
0.0,10133.0,5037.0,5034.0,4954.0,5052.0,1685.0,1685.0,1682.0,1678.0,1678.0,1678.0,1679.0,1679.0,1679.0,3377.0,3377.0,3379.0,1685.0,1685.0,1682.0,1678.0,1678.0,1678.0
0.0,10050.0,5295.0,5044.0,5052.0,5325.0,1774.0,1774.0,1777.0,1681.0,1681.0,1682.0,1765.0,1765.0,1765.0,3349.0,3349.0,3352.0,1774.0,1774.0,1777.0,1681.0,1681.0,1682.0
0.0,9807.0,5272.0,5052.0,5325.0,5296.0,1766.0,1766.0,1764.0,1684.0,1684.0,1684.0,1757.0,1757.0,1758.0,3269.0,3269.0,3269.0,1766.0,1766.0,1764.0,1684.0,1684.0,1684.0
0.0,9860.0,5146.0,5055.0,5296.0,5155.0,1718.0,1718.0,1719.0,1685.0,1685.0,1685.0,1715.0,1715.0,1716.0,3286.0,3286.0,3288.0,1718.0,1718.0,1719.0,1685.0,1685.0,1685.0
0.0,10010.0,5137.0,5053.0,5155.0,5131.0,1709.0,1709.0,1713.0,1684.0,1684.0,1685.0,1712.0,1712.0,1713.0,3337.0,3337.0,3336.0,1709.0,1709.0,1713.0,1684.0,1684.0,1685.0
0.0,10028.0,4951.0,5050.0,5131.0,4942.0,1647.0,1647.0,1648.0,1683.0,1683.0,1684.0,1650.0,1650.0,1651.0,3343.0,3343.0,3342.0,1647.0,1647.0,1648.0,1683.0,1683.0,1684.0
0.0,10208.0,5043.0,5049.0,4942.0,5040.0,1681.0,1681.0,1678.0,1683.0,1683.0,1683.0,1681.0,1681.0,1681.0,3402.0,3402.0,3404.0,1681.0,1681.0,1678.0,1683.0,1683.0,1683.0
0.0,10107.0,5116.0,5055.0,5040.0,5134.0,1711.0,1711.0,1712.0,1685.0,1685.0,1685.0,1705.0,1705.0,1706.0,3368.0,3368.0,3371.0,1711.0,1711.0,1712.0,1685.0,1685.0,1685.0
0.0,10031.0,5020.0,5058.0,5134.0,5029.0,1676.0,1676.0,1677.0,1686.0,1686.0,1686.0,1673.0,1673.0,1674.0,3344.0,3344.0,3343.0,1676.0,1676.0,1677.0,1686.0,1686.0,1686.0
0.0,10145.0,5272.0,5064.0,5029.0,5290.0,1763.0,1763.0,1764.0,1688.0,1688.0,1688.0,1757.0,1757.0,1758.0,3382.0,3382.0,3381.0,1763.0,1763.0,1764.0,1688.0,1688.0,1688.0
0.0,9902.0,5233.0,5067.0,5290.0,5242.0,1747.0,1747.0,1748.0,1689.0,1689.0,1689.0,1744.0,1744.0,1745.0,3301.0,3301.0,3300.0,1747.0,1747.0,1748.0,1689.0,1689.0,1689.0
0.0,9959.0,4960.0,5064.0,5242.0,4951.0,1650.0,1650.0,1651.0,1688.0,1688.0,1688.0,1653.0,1653.0,1654.0,3320.0,3320.0,3319.0,1650.0,1650.0,1651.0,1688.0,1688.0,1688.0
0.0,10241.0,5067.0,5062.0,4951.0,5061.0,1686.0,1686.0,1689.0,1687.0,1687.0,1688.0,1689.0,1689.0,1689.0,3414.0,3414.0,3413.0,1686.0,1686.0,1689.0,1687.0,1687.0,1688.0
0.0,10125.0,4927.0,5061.0,5061.0,4924.0,1642.0,1642.0,1640.0,1687.0,1687.0,1687.0,1642.0,1642.0,1643.0,3375.0,3375.0,3375.0,1642.0,1642.0,1640.0,1687.0,1687.0,1687.0
0.0,10259.0,5200.0,5065.0,4924.0,5212.0,1736.0,1736.0,1740.0,1688.0,1688.0,1689.0,1733.0,1733.0,1734.0,3419.0,3419.0,3421.0,1736.0,1736.0,1740.0,1688.0,1688.0,1689.0
0.0,9983.0,5179.0,5068.0,5212.0,5188.0,1729.0,1729.0,1730.0,1689.0,1689.0,1690.0,1726.0,1726.0,1727.0,3328.0,3328.0,3327.0,1729.0,1729.0,1730.0,1689.0,1689.0,1690.0
0.0,10016.0,5143.0,5073.0,5188.0,5158.0,1720.0,1720.0,1718.0,1691.0,1691.0,1691.0,1714.0,1714.0,1715.0,3338.0,3338.0,3340.0,1720.0,1720.0,1718.0,1691.0,1691.0,1691.0
0.0,10061.0,5164.0,5076.0,5158.0,5173.0,1724.0,1724.0,1725.0,1692.0,1692.0,1692.0,1721.0,1721.0,1722.0,3353.0,3353.0,3355.0,1724.0,1724.0,1725.0,1692.0,1692.0,1692.0
0.0,10055.0,4999.0,5071.0,5173.0,4984.0,1660.0,1660.0,1664.0,1690.0,1690.0,1691.0,1666.0,1666.0,1667.0,3352.0,3352.0,3351.0,1660.0,1660.0,1664.0,1690.0,1690.0,1691.0
0.0,10229.0,4921.0,5068.0,4984.0,4912.0,1637.0,1637.0,1638.0,1689.0,1689.0,1690.0,1640.0,1640.0,1641.0,3410.0,3410.0,3409.0,1637.0,1637.0,1638.0,1689.0,1689.0,1690.0
0.0,10292.0,4869.0,5065.0,4912.0,4860.0,1620.0,1620.0,1620.0,1688.0,1688.0,1689.0,1623.0,1623.0,1623.0,3430.0,3430.0,3432.0,1620.0,1620.0,1620.0,1688.0,1688.0,1689.0
0.0,10335.0,5047.0,5067.0,4860.0,5053.0,1685.0,1685.0,1683.0,1689.0,1689.0,1689.0,1682.0,1682.0,1683.0,3444.0,3444.0,3447.0,1685.0,1685.0,1683.0,1689.0,1689.0,1689.0
0.0,10148.0,5175.0,5071.0,5053.0,5187.0,1728.0,1728.0,1731.0,1690.0,1690.0,1691.0,1725.0,1725.0,1725.0,3382.0,3382.0,3384.0,1728.0,1728.0,1731.0,1690.0,1690.0,1691.0
0.0,10026.0,5293.0,5080.0,5187.0,5320.0,1773.0,1773.0,1774.0,1693.0,1693.0,1694.0,1764.0,1764.0,1765.0,3342.0,3342.0,3342.0,1773.0,1773.0,1774.0,1693.0,1693.0,1694.0
0.0,9920.0,5173.0,5083.0,5320.0,5182.0,1727.0,1727.0,1728.0,1694.0,1694.0,1695.0,1724.0,1724.0,1725.0,3306.0,3306.0,3308.0,1727.0,1727.0,1728.0,1694.0,1694.0,1695.0
0.0,10067.0,5044.0,5082.0,5182.0,5041.0,1681.0,1681.0,1679.0,1694.0,1694.0,1694.0,1681.0,1681.0,1682.0,3355.0,3355.0,3357.0,1681.0,1681.0,1679.0,1694.0,1694.0,1694.0
0.0,10205.0,5094.0,5079.0,5041.0,5085.0,1695.0,1695.0,1695.0,1693.0,1693.0,1693.0,1698.0,1698.0,1698.0,3401.0,3401.0,3403.0,1695.0,1695.0,1695.0,1693.0,1693.0,1693.0
0.0,10152.0,5161.0,5077.0,5085.0,5155.0,1717.0,1717.0,1721.0,1692.0,1692.0,1693.0,1720.0,1720.0,1721.0,3384.0,3384.0,3384.0,1717.0,1717.0,1721.0,1692.0,1692.0,1693.0
0.0,10076.0,5094.0,5080.0,5155.0,5103.0,1701.0,1701.0,1701.0,1693.0,1693.0,1694.0,1698.0,1698.0,1698.0,3359.0,3359.0,3358.0,1701.0,1701.0,1701.0,1693.0,1693.0,1694.0
0.0,10137.0,5230.0,5086.0,5103.0,5248.0,1749.0,1749.0,1750.0,1695.0,1695.0,1696.0,1743.0,1743.0,1744.0,3378.0,3378.0,3381.0,1749.0,1749.0,1750.0,1695.0,1695.0,1696.0
0.0,10010.0,5137.0,5088.0,5248.0,5143.0,1715.0,1715.0,1713.0,1696.0,1696.0,1696.0,1712.0,1712.0,1713.0,3336.0,3336.0,3338.0,1715.0,1715.0,1713.0,1696.0,1696.0,1696.0
0.0,10121.0,5188.0,5092.0,5143.0,5200.0,1732.0,1732.0,1736.0,1697.0,1697.0,1698.0,1729.0,1729.0,1730.0,3373.0,3373.0,3375.0,1732.0,1732.0,1736.0,1697.0,1697.0,1698.0
0.0,10076.0,5115.0,5092.0,5200.0,5115.0,1705.0,1705.0,1705.0,1697.0,1697.0,1698.0,1705.0,1705.0,1705.0,3359.0,3359.0,3358.0,1705.0,1705.0,1705.0,1697.0,1697.0,1698.0
0.0,10161.0,5070.0,5089.0,5115.0,5061.0,1687.0,1687.0,1687.0,1696.0,1696.0,1697.0,1690.0,1690.0,1690.0,3386.0,3386.0,3389.0,1687.0,1687.0,1687.0,1696.0,1696.0,1697.0
0.0,10206.0,4915.0,5086.0,5061.0,4906.0,1635.0,1635.0,1636.0,1695.0,1695.0,1696.0,1638.0,1638.0,1639.0,3401.0,3401.0,3404.0,1635.0,1635.0,1636.0,1695.0,1695.0,1696.0
0.0,10352.0,5049.0,5088.0,4906.0,5055.0,1686.0,1686.0,1683.0,1696.0,1696.0,1696.0,1683.0,1683.0,1683.0,3450.0,3450.0,3452.0,1686.0,1686.0,1683.0,1696.0,1696.0,1696.0
0.0,10209.0,5142.0,5094.0,5055.0,5160.0,1720.0,1720.0,1720.0,1698.0,1698.0,1698.0,1714.0,1714.0,1714.0,3402.0,3402.0,3405.0,1720.0,1720.0,1720.0,1698.0,1698.0,1698.0
0.0,10122.0,5371.0,5101.0,5160.0,5392.0,1796.0,1796.0,1800.0,1700.0,1700.0,1701.0,1790.0,1790.0,1791.0,3374.0,3374.0,3374.0,1796.0,1796.0,1800.0,1700.0,1700.0,1701.0
0.0,9911.0,5217.0,5104.0,5392.0,5226.0,1742.0,1742.0,1742.0,1701.0,1701.0,1702.0,1739.0,1739.0,1739.0,3304.0,3304.0,3303.0,1742.0,1742.0,1742.0,1701.0,1701.0,1702.0
0.0,10086.0,5056.0,5101.0,5226.0,5047.0,1682.0,1682.0,1683.0,1700.0,1700.0,1701.0,1685.0,1685.0,1686.0,3361.0,3361.0,3364.0,1682.0,1682.0,1683.0,1700.0,1700.0,1701.0
0.0,10256.0,4981.0,5098.0,5047.0,4972.0,1657.0,1657.0,1658.0,1699.0,1699.0,1700.0,1660.0,1660.0,1661.0,3418.0,3418.0,3420.0,1657.0,1657.0,1658.0,1699.0,1699.0,1700.0
0.0,10322.0,5046.0,5098.0,4972.0,5046.0,1682.0,1682.0,1682.0,1699.0,1699.0,1700.0,1682.0,1682.0,1682.0,3440.0,3440.0,3442.0,1682.0,1682.0,1682.0,1699.0,1699.0,1700.0
0.0,10248.0,5125.0,5104.0,5046.0,5143.0,1714.0,1714.0,1715.0,1701.0,1701.0,1702.0,1708.0,1708.0,1709.0,3415.0,3415.0,3418.0,1714.0,1714.0,1715.0,1701.0,1701.0,1702.0
0.0,10169.0,5256.0,5112.0,5143.0,5280.0,1761.0,1761.0,1758.0,1704.0,1704.0,1704.0,1752.0,1752.0,1752.0,3389.0,3389.0,3391.0,1761.0,1761.0,1758.0,1704.0,1704.0,1704.0
0.0,10056.0,5356.0,5119.0,5280.0,5377.0,1791.0,1791.0,1795.0,1706.0,1706.0,1707.0,1785.0,1785.0,1786.0,3351.0,3351.0,3354.0,1791.0,1791.0,1795.0,1706.0,1706.0,1707.0
0.0,9980.0,5304.0,5122.0,5377.0,5313.0,1771.0,1771.0,1771.0,1707.0,1707.0,1708.0,1768.0,1768.0,1768.0,3327.0,3327.0,3326.0,1771.0,1771.0,1771.0,1707.0,1707.0,1708.0
0.0,10053.0,5029.0,5118.0,5313.0,5017.0,1673.0,1673.0,1671.0,1706.0,1706.0,1706.0,1676.0,1676.0,1677.0,3350.0,3350.0,3353.0,1673.0,1673.0,1671.0,1706.0,1706.0,1706.0
0.0,10337.0,5028.0,5112.0,5017.0,5010.0,1670.0,1670.0,1670.0,1704.0,1704.0,1704.0,1676.0,1676.0,1676.0,3445.0,3445.0,3447.0,1670.0,1670.0,1670.0,1704.0,1704.0,1704.0
0.0,10326.0,5116.0,5110.0,5010.0,5110.0,1702.0,1702.0,1706.0,1703.0,1703.0,1704.0,1705.0,1705.0,1706.0,3442.0,3442.0,3442.0,1702.0,1702.0,1706.0,1703.0,1703.0,1704.0
0.0,10220.0,5137.0,5112.0,5110.0,5143.0,1715.0,1715.0,1713.0,1704.0,1704.0,1704.0,1712.0,1712.0,1713.0,3407.0,3407.0,3406.0,1715.0,1715.0,1713.0,1704.0,1704.0,1704.0
0.0,10193.0,5233.0,5118.0,5143.0,5251.0,1750.0,1750.0,1751.0,1706.0,1706.0,1706.0,1744.0,1744.0,1745.0,3397.0,3397.0,3399.0,1750.0,1750.0,1751.0,1706.0,1706.0,1706.0
0.0,10103.0,5260.0,5122.0,5251.0,5272.0,1756.0,1756.0,1760.0,1707.0,1707.0,1708.0,1753.0,1753.0,1754.0,3368.0,3368.0,3367.0,1756.0,1756.0,1760.0,1707.0,1707.0,1708.0
0.0,10094.0,5254.0,5128.0,5272.0,5272.0,1757.0,1757.0,1758.0,1709.0,1709.0,1710.0,1751.0,1751.0,1752.0,3365.0,3365.0,3364.0,1757.0,1757.0,1758.0,1709.0,1709.0,1710.0
0.0,10112.0,5131.0,5124.0,5272.0,5119.0,1707.0,1707.0,1705.0,1708.0,1708.0,1708.0,1710.0,1710.0,1711.0,3370.0,3370.0,3372.0,1707.0,1707.0,1705.0,1708.0,1708.0,1708.0
0.0,10253.0,5074.0,5119.0,5119.0,5059.0,1685.0,1685.0,1689.0,1706.0,1706.0,1707.0,1691.0,1691.0,1692.0,3417.0,3417.0,3419.0,1685.0,1685.0,1689.0,1706.0,1706.0,1707.0
0.0,10298.0,5076.0,5119.0,5059.0,5076.0,1692.0,1692.0,1692.0,1706.0,1706.0,1707.0,1692.0,1692.0,1692.0,3433.0,3433.0,3432.0,1692.0,1692.0,1692.0,1706.0,1706.0,1707.0
0.0,10281.0,5014.0,5116.0,5076.0,5005.0,1668.0,1668.0,1669.0,1705.0,1705.0,1706.0,1671.0,1671.0,1672.0,3426.0,3426.0,3429.0,1668.0,1668.0,1669.0,1705.0,1705.0,1706.0
0.0,10343.0,5128.0,5119.0,5005.0,5137.0,1712.0,1712.0,1713.0,1706.0,1706.0,1707.0,1709.0,1709.0,1710.0,3447.0,3447.0,3449.0,1712.0,1712.0,1713.0,1706.0,1706.0,1707.0
0.0,10220.0,5305.0,5125.0,5137.0,5323.0,1774.0,1774.0,1775.0,1708.0,1708.0,1709.0,1768.0,1768.0,1769.0,3406.0,3406.0,3408.0,1774.0,1774.0,1775.0,1708.0,1708.0,1709.0
0.0,10052.0,5188.0,5127.0,5323.0,5194.0,1732.0,1732.0,1730.0,1709.0,1709.0,1709.0,1729.0,1729.0,1730.0,3350.0,3350.0,3352.0,1732.0,1732.0,1730.0,1709.0,1709.0,1709.0
0.0,10187.0,5061.0,5127.0,5194.0,5061.0,1687.0,1687.0,1687.0,1709.0,1709.0,1709.0,1687.0,1687.0,1687.0,3395.0,3395.0,3397.0,1687.0,1687.0,1687.0,1709.0,1709.0,1709.0
0.0,10320.0,5032.0,5122.0,5061.0,5017.0,1671.0,1671.0,1675.0,1707.0,1707.0,1708.0,1677.0,1677.0,1678.0,3440.0,3440.0,3440.0,1671.0,1671.0,1675.0,1707.0,1707.0,1708.0
0.0,10349.0,5023.0,5119.0,5017.0,5014.0,1671.0,1671.0,1672.0,1706.0,1706.0,1707.0,1674.0,1674.0,1675.0,3450.0,3450.0,3449.0,1671.0,1671.0,1672.0,1706.0,1706.0,1707.0
0.0,10343.0,5254.0,5124.0,5014.0,5269.0,1757.0,1757.0,1755.0,1708.0,1708.0,1708.0,1751.0,1751.0,1752.0,3447.0,3447.0,3449.0,1757.0,1757.0,1755.0,1708.0,1708.0,1708.0
0.0,10103.0,5245.0,5128.0,5269.0,5257.0,1751.0,1751.0,1755.0,1709.0,1709.0,1710.0,1748.0,1748.0,1749.0,3367.0,3367.0,3369.0,1751.0,1751.0,1755.0,1709.0,1709.0,1710.0
0.0,10127.0,5242.0,5134.0,5257.0,5260.0,1753.0,1753.0,1754.0,1711.0,1711.0,1712.0,1747.0,1747.0,1748.0,3376.0,3376.0,3375.0,1753.0,1753.0,1754.0,1711.0,1711.0,1712.0
0.0,10142.0,5161.0,5133.0,5260.0,5158.0,1720.0,1720.0,1718.0,1711.0,1711.0,1711.0,1720.0,1720.0,1721.0,3380.0,3380.0,3382.0,1720.0,1720.0,1718.0,1711.0,1711.0,1711.0
0.0,10241.0,4959.0,5128.0,5158.0,4944.0,1647.0,1647.0,1650.0,1709.0,1709.0,1710.0,1653.0,1653.0,1653.0,3413.0,3413.0,3415.0,1647.0,1647.0,1650.0,1709.0,1709.0,1710.0
0.0,10440.0,5053.0,5127.0,4944.0,5050.0,1684.0,1684.0,1682.0,1709.0,1709.0,1709.0,1684.0,1684.0,1685.0,3480.0,3480.0,3480.0,1684.0,1684.0,1682.0,1709.0,1709.0,1709.0
0.0,10331.0,5149.0,5127.0,5050.0,5149.0,1716.0,1716.0,1717.0,1709.0,1709.0,1709.0,1716.0,1716.0,1717.0,3443.0,3443.0,3445.0,1716.0,1716.0,1717.0,1709.0,1709.0,1709.0
0.0,10232.0,5071.0,5128.0,5149.0,5074.0,1690.0,1690.0,1694.0,1709.0,1709.0,1710.0,1690.0,1690.0,1691.0,3411.0,3411.0,3410.0,1690.0,1690.0,1694.0,1709.0,1709.0,1710.0
0.0,10310.0,5176.0,5133.0,5074.0,5191.0,1731.0,1731.0,1729.0,1711.0,1711.0,1711.0,1725.0,1725.0,1726.0,3437.0,3437.0,3436.0,1731.0,1731.0,1729.0,1711.0,1711.0,1711.0
0.0,10208.0,5287.0,5140.0,5191.0,5308.0,1768.0,1768.0,1772.0,1713.0,1713.0,1714.0,1762.0,1762.0,1763.0,3402.0,3402.0,3404.0,1768.0,1768.0,1772.0,1713.0,1713.0,1714.0
0.0,10112.0,5310.0,5146.0,5308.0,5328.0,1776.0,1776.0,1776.0,1715.0,1715.0,1716.0,1770.0,1770.0,1770.0,3371.0,3371.0,3370.0,1776.0,1776.0,1776.0,1715.0,1715.0,1716.0
0.0,10110.0,5248.0,5148.0,5328.0,5254.0,1752.0,1752.0,1750.0,1716.0,1716.0,1716.0,1749.0,1749.0,1750.0,3369.0,3369.0,3372.0,1752.0,1752.0,1750.0,1716.0,1716.0,1716.0
0.0,10190.0,5167.0,5145.0,5254.0,5158.0,1719.0,1719.0,1720.0,1715.0,1715.0,1715.0,1722.0,1722.0,1723.0,3396.0,3396.0,3398.0,1719.0,1719.0,1720.0,1715.0,1715.0,1715.0
0.0,10277.0,5023.0,5142.0,5158.0,5014.0,1671.0,1671.0,1672.0,1714.0,1714.0,1714.0,1674.0,1674.0,1675.0,3426.0,3426.0,3425.0,1671.0,1671.0,1672.0,1714.0,1714.0,1714.0
0.0,10412.0,5095.0,5143.0,5014.0,5098.0,1698.0,1698.0,1702.0,1714.0,1714.0,1715.0,1698.0,1698.0,1699.0,3471.0,3471.0,3470.0,1698.0,1698.0,1702.0,1714.0,1714.0,1715.0
0.0,10331.0,5350.0,5148.0,5098.0,5365.0,1789.0,1789.0,1787.0,1716.0,1716.0,1716.0,1783.0,1783.0,1784.0,3444.0,3444.0,3443.0,1789.0,1789.0,1787.0,1716.0,1716.0,1716.0
0.0,10079.0,5413.0,5152.0,5365.0,5425.0,1807.0,1807.0,1811.0,1717.0,1717.0,1718.0,1804.0,1804.0,1805.0,3359.0,3359.0,3361.0,1807.0,1807.0,1811.0,1717.0,1717.0,1718.0
0.0,10031.0,5245.0,5155.0,5425.0,5254.0,1751.0,1751.0,1752.0,1718.0,1718.0,1719.0,1748.0,1748.0,1749.0,3344.0,3344.0,3343.0,1751.0,1751.0,1752.0,1718.0,1718.0,1719.0
0.0,10211.0,5172.0,5155.0,5254.0,5172.0,1724.0,1724.0,1724.0,1718.0,1718.0,1719.0,1724.0,1724.0,1724.0,3403.0,3403.0,3405.0,1724.0,1724.0,1724.0,1718.0,1718.0,1719.0
0.0,10293.0,5047.0,5152.0,5172.0,5038.0,1679.0,1679.0,1680.0,1717.0,1717.0,1718.0,1682.0,1682.0,1683.0,3430.0,3430.0,3433.0,1679.0,1679.0,1680.0,1717.0,1717.0,1718.0
0.0,10418.0,5232.0,5154.0,5038.0,5238.0,1747.0,1747.0,1744.0,1718.0,1718.0,1718.0,1744.0,1744.0,1744.0,3472.0,3472.0,3474.0,1747.0,1747.0,1744.0,1718.0,1718.0,1718.0
0.0,10224.0,5254.0,5157.0,5238.0,5263.0,1754.0,1754.0,1755.0,1719.0,1719.0,1719.0,1751.0,1751.0,1752.0,3407.0,3407.0,3410.0,1754.0,1754.0,1755.0,1719.0,1719.0,1719.0
0.0,10208.0,5331.0,5161.0,5263.0,5343.0,1780.0,1780.0,1783.0,1720.0,1720.0,1721.0,1777.0,1777.0,1777.0,3403.0,3403.0,3402.0,1780.0,1780.0,1783.0,1720.0,1720.0,1721.0
0.0,10140.0,5386.0,5170.0,5343.0,5413.0,1804.0,1804.0,1805.0,1723.0,1723.0,1724.0,1795.0,1795.0,1796.0,3380.0,3380.0,3380.0,1804.0,1804.0,1805.0,1723.0,1723.0,1724.0
0.0,10097.0,5241.0,5173.0,5413.0,5250.0,1750.0,1750.0,1750.0,1724.0,1724.0,1725.0,1747.0,1747.0,1747.0,3365.0,3365.0,3367.0,1750.0,1750.0,1750.0,1724.0,1724.0,1725.0
0.0,10269.0,5122.0,5173.0,5250.0,5122.0,1707.0,1707.0,1708.0,1724.0,1724.0,1725.0,1707.0,1707.0,1708.0,3422.0,3422.0,3425.0,1707.0,1707.0,1708.0,1724.0,1724.0,1725.0
0.0,10397.0,5023.0,5167.0,5122.0,5005.0,1668.0,1668.0,1669.0,1722.0,1722.0,1723.0,1674.0,1674.0,1675.0,3465.0,3465.0,3467.0,1668.0,1668.0,1669.0,1722.0,1722.0,1723.0
0.0,10496.0,5025.0,5164.0,5005.0,5016.0,1672.0,1672.0,1672.0,1721.0,1721.0,1722.0,1675.0,1675.0,1675.0,3498.0,3498.0,3500.0,1672.0,1672.0,1672.0,1721.0,1721.0,1722.0
0.0,10476.0,5275.0,5167.0,5016.0,5284.0,1761.0,1761.0,1762.0,1722.0,1722.0,1723.0,1758.0,1758.0,1759.0,3491.0,3491.0,3494.0,1761.0,1761.0,1762.0,1722.0,1722.0,1723.0
0.0,10217.0,5293.0,5173.0,5284.0,5311.0,1770.0,1770.0,1771.0,1724.0,1724.0,1725.0,1764.0,1764.0,1765.0,3405.0,3405.0,3407.0,1770.0,1770.0,1771.0,1724.0,1724.0,1725.0
0.0,10208.0,5325.0,5179.0,5311.0,5343.0,1781.0,1781.0,1781.0,1726.0,1726.0,1727.0,1775.0,1775.0,1775.0,3402.0,3402.0,3404.0,1781.0,1781.0,1781.0,1726.0,1726.0,1727.0
0.0,10194.0,5224.0,5181.0,5343.0,5230.0,1744.0,1744.0,1742.0,1727.0,1727.0,1727.0,1741.0,1741.0,1742.0,3397.0,3397.0,3400.0,1744.0,1744.0,1742.0,1727.0,1727.0,1727.0
0.0,10313.0,5151.0,5179.0,5230.0,5145.0,1714.0,1714.0,1717.0,1726.0,1726.0,1727.0,1717.0,1717.0,1717.0,3437.0,3437.0,3439.0,1714.0,1714.0,1717.0,1726.0,1726.0,1727.0
0.0,10392.0,5143.0,5175.0,5145.0,5131.0,1711.0,1711.0,1709.0,1725.0,1725.0,1725.0,1714.0,1714.0,1715.0,3464.0,3464.0,3464.0,1711.0,1711.0,1709.0,1725.0,1725.0,1725.0
0.0,10394.0,5158.0,5172.0,5131.0,5149.0,1716.0,1716.0,1717.0,1724.0,1724.0,1724.0,1719.0,1719.0,1720.0,3464.0,3464.0,3466.0,1716.0,1716.0,1717.0,1724.0,1724.0,1724.0
0.0,10367.0,5179.0,5175.0,5149.0,5188.0,1729.0,1729.0,1730.0,1725.0,1725.0,1725.0,1726.0,1726.0,1727.0,3456.0,3456.0,3455.0,1729.0,1729.0,1730.0,1725.0,1725.0,1725.0
0.0,10337.0,5377.0,5182.0,5188.0,5398.0,1798.0,1798.0,1802.0,1727.0,1727.0,1728.0,1792.0,1792.0,1793.0,3446.0,3446.0,3445.0,1798.0,1798.0,1802.0,1727.0,1727.0,1728.0
0.0,10148.0,5383.0,5187.0,5398.0,5398.0,1800.0,1800.0,1798.0,1729.0,1729.0,1729.0,1794.0,1794.0,1795.0,3383.0,3383.0,3382.0,1800.0,1800.0,1798.0,1729.0,1729.0,1729.0
0.0,10163.0,5337.0,5191.0,5398.0,5349.0,1782.0,1782.0,1785.0,1730.0,1730.0,1731.0,1779.0,1779.0,1779.0,3387.0,3387.0,3389.0,1782.0,1782.0,1785.0,1730.0,1730.0,1731.0
0.0,10224.0,5136.0,5188.0,5349.0,5127.0,1709.0,1709.0,1709.0,1729.0,1729.0,1730.0,1712.0,1712.0,1712.0,3408.0,3408.0,3408.0,1709.0,1709.0,1709.0,1729.0,1729.0,1730.0
0.0,10437.0,5167.0,5187.0,5127.0,5164.0,1722.0,1722.0,1720.0,1729.0,1729.0,1729.0,1722.0,1722.0,1723.0,3478.0,3478.0,3481.0,1722.0,1722.0,1720.0,1729.0,1729.0,1729.0
0.0,10397.0,5110.0,5185.0,5164.0,5104.0,1700.0,1700.0,1704.0,1728.0,1728.0,1729.0,1703.0,1703.0,1704.0,3465.0,3465.0,3467.0,1700.0,1700.0,1704.0,1728.0,1728.0,1729.0
0.0,10451.0,5095.0,5184.0,5104.0,5092.0,1698.0,1698.0,1696.0,1728.0,1728.0,1728.0,1698.0,1698.0,1699.0,3484.0,3484.0,3483.0,1698.0,1698.0,1696.0,1728.0,1728.0,1728.0
0.0,10460.0,5259.0,5187.0,5092.0,5268.0,1756.0,1756.0,1756.0,1729.0,1729.0,1729.0,1753.0,1753.0,1753.0,3486.0,3486.0,3488.0,1756.0,1756.0,1756.0,1729.0,1729.0,1729.0
0.0,10293.0,5206.0,5190.0,5268.0,5215.0,1738.0,1738.0,1739.0,1730.0,1730.0,1730.0,1735.0,1735.0,1736.0,3431.0,3431.0,3431.0,1738.0,1738.0,1739.0,1730.0,1730.0,1730.0
0.0,10355.0,5392.0,5197.0,5215.0,5413.0,1803.0,1803.0,1807.0,1732.0,1732.0,1733.0,1797.0,1797.0,1798.0,3452.0,3452.0,3451.0,1803.0,1803.0,1807.0,1732.0,1732.0,1733.0
0.0,10178.0,5181.0,5197.0,5413.0,5181.0,1727.0,1727.0,1727.0,1732.0,1732.0,1733.0,1727.0,1727.0,1727.0,3393.0,3393.0,3392.0,1727.0,1727.0,1727.0,1732.0,1732.0,1733.0
0.0,10410.0,5094.0,5194.0,5181.0,5085.0,1695.0,1695.0,1695.0,1731.0,1731.0,1732.0,1698.0,1698.0,1698.0,3469.0,3469.0,3472.0,1695.0,1695.0,1695.0,1731.0,1731.0,1732.0
0.0,10497.0,5224.0,5194.0,5085.0,5224.0,1741.0,1741.0,1742.0,1731.0,1731.0,1732.0,1741.0,1741.0,1742.0,3498.0,3498.0,3501.0,1741.0,1741.0,1742.0,1731.0,1731.0,1732.0
0.0,10358.0,5245.0,5197.0,5224.0,5254.0,1751.0,1751.0,1752.0,1732.0,1732.0,1733.0,1748.0,1748.0,1749.0,3452.0,3452.0,3454.0,1751.0,1751.0,1752.0,1732.0,1732.0,1733.0
0.0,10337.0,5293.0,5203.0,5254.0,5311.0,1770.0,1770.0,1771.0,1734.0,1734.0,1735.0,1764.0,1764.0,1765.0,3445.0,3445.0,3447.0,1770.0,1770.0,1771.0,1734.0,1734.0,1735.0
0.0,10298.0,5347.0,5209.0,5311.0,5365.0,1788.0,1788.0,1789.0,1736.0,1736.0,1737.0,1782.0,1782.0,1783.0,3432.0,3432.0,3434.0,1788.0,1788.0,1789.0,1736.0,1736.0,1737.0
0.0,10262.0,5343.0,5211.0,5365.0,5349.0,1784.0,1784.0,1781.0,1737.0,1737.0,1737.0,1781.0,1781.0,1781.0,3420.0,3420.0,3422.0,1784.0,1784.0,1781.0,1737.0,1737.0,1737.0
0.0,10284.0,5296.0,5212.0,5349.0,5299.0,1765.0,1765.0,1769.0,1737.0,1737.0,1738.0,1765.0,1765.0,1766.0,3427.0,3427.0,3430.0,1765.0,1765.0,1769.0,1737.0,1737.0,1738.0
0.0,10337.0,5131.0,5209.0,5299.0,5122.0,1707.0,1707.0,1708.0,1736.0,1736.0,1737.0,1710.0,1710.0,1711.0,3446.0,3446.0,3445.0,1707.0,1707.0,1708.0,1736.0,1736.0,1737.0
0.0,10505.0,5029.0,5206.0,5122.0,5020.0,1673.0,1673.0,1674.0,1735.0,1735.0,1736.0,1676.0,1676.0,1677.0,3501.0,3501.0,3503.0,1673.0,1673.0,1674.0,1735.0,1735.0,1736.0
0.0,10598.0,5301.0,5214.0,5020.0,5325.0,1776.0,1776.0,1773.0,1738.0,1738.0,1738.0,1767.0,1767.0,1767.0,3532.0,3532.0,3534.0,1776.0,1776.0,1773.0,1738.0,1738.0,1738.0
0.0,10317.0,5308.0,5218.0,5325.0,5320.0,1772.0,1772.0,1776.0,1739.0,1739.0,1740.0,1769.0,1769.0,1770.0,3438.0,3438.0,3441.0,1772.0,1772.0,1776.0,1739.0,1739.0,1740.0
0.0,10334.0,5311.0,5221.0,5320.0,5320.0,1773.0,1773.0,1774.0,1740.0,1740.0,1741.0,1770.0,1770.0,1771.0,3445.0,3445.0,3444.0,1773.0,1773.0,1774.0,1740.0,1740.0,1741.0
0.0,10343.0,5338.0,5227.0,5320.0,5356.0,1785.0,1785.0,1786.0,1742.0,1742.0,1743.0,1779.0,1779.0,1780.0,3447.0,3447.0,3449.0,1785.0,1785.0,1786.0,1742.0,1742.0,1743.0
0.0,10325.0,5059.0,5224.0,5356.0,5050.0,1683.0,1683.0,1684.0,1741.0,1741.0,1742.0,1686.0,1686.0,1687.0,3441.0,3441.0,3443.0,1683.0,1683.0,1684.0,1741.0,1741.0,1742.0
0.0,10622.0,5119.0,5221.0,5050.0,5110.0,1703.0,1703.0,1704.0,1740.0,1740.0,1741.0,1706.0,1706.0,1707.0,3540.0,3540.0,3542.0,1703.0,1703.0,1704.0,1740.0,1740.0,1741.0
0.0,10553.0,5158.0,5218.0,5110.0,5149.0,1716.0,1716.0,1717.0,1739.0,1739.0,1740.0,1719.0,1719.0,1720.0,3517.0,3517.0,3519.0,1716.0,1716.0,1717.0,1739.0,1739.0,1740.0
0.0,10505.0,5242.0,5218.0,5149.0,5242.0,1747.0,1747.0,1748.0,1739.0,1739.0,1740.0,1747.0,1747.0,1748.0,3501.0,3501.0,3503.0,1747.0,1747.0,1748.0,1739.0,1739.0,1740.0
0.0,10412.0,5323.0,5221.0,5242.0,5332.0,1777.0,1777.0,1778.0,1740.0,1740.0,1741.0,1774.0,1774.0,1775.0,3470.0,3470.0,3472.0,1777.0,1777.0,1778.0,1740.0,1740.0,1741.0
0.0,10331.0,5259.0,5226.0,5332.0,5274.0,1759.0,1759.0,1756.0,1742.0,1742.0,1742.0,1753.0,1753.0,1753.0,3443.0,3443.0,3445.0,1759.0,1759.0,1756.0,1742.0,1742.0,1742.0
0.0,10404.0,5287.0,5230.0,5274.0,5299.0,1765.0,1765.0,1769.0,1743.0,1743.0,1744.0,1762.0,1762.0,1763.0,3467.0,3467.0,3470.0,1765.0,1765.0,1769.0,1743.0,1743.0,1744.0
0.0,10391.0,5124.0,5226.0,5299.0,5112.0,1705.0,1705.0,1702.0,1742.0,1742.0,1742.0,1708.0,1708.0,1708.0,3464.0,3464.0,3463.0,1705.0,1705.0,1702.0,1742.0,1742.0,1742.0
0.0,10566.0,5215.0,5221.0,5112.0,5200.0,1732.0,1732.0,1736.0,1740.0,1740.0,1741.0,1738.0,1738.0,1739.0,3521.0,3521.0,3524.0,1732.0,1732.0,1736.0,1740.0,1740.0,1741.0
0.0,10463.0,5080.0,5218.0,5200.0,5071.0,1690.0,1690.0,1691.0,1739.0,1739.0,1740.0,1693.0,1693.0,1694.0,3488.0,3488.0,3487.0,1690.0,1690.0,1691.0,1739.0,1739.0,1740.0
0.0,10583.0,5281.0,5221.0,5071.0,5290.0,1763.0,1763.0,1764.0,1740.0,1740.0,1741.0,1760.0,1760.0,1761.0,3527.0,3527.0,3529.0,1763.0,1763.0,1764.0,1740.0,1740.0,1741.0
0.0,10373.0,5311.0,5226.0,5290.0,5326.0,1776.0,1776.0,1774.0,1742.0,1742.0,1742.0,1770.0,1770.0,1771.0,3457.0,3457.0,3459.0,1776.0,1776.0,1774.0,1742.0,1742.0,1742.0
0.0,10352.0,5329.0,5227.0,5326.0,5332.0,1776.0,1776.0,1780.0,1742.0,1742.0,1743.0,1776.0,1776.0,1777.0,3450.0,3450.0,3452.0,1776.0,1776.0,1780.0,1742.0,1742.0,1743.0
0.0,10349.0,5293.0,5227.0,5332.0,5293.0,1764.0,1764.0,1765.0,1742.0,1742.0,1743.0,1764.0,1764.0,1765.0,3450.0,3450.0,3449.0,1764.0,1764.0,1765.0,1742.0,1742.0,1743.0
0.0,10388.0,5203.0,5226.0,5293.0,5200.0,1734.0,1734.0,1732.0,1742.0,1742.0,1742.0,1734.0,1734.0,1735.0,3462.0,3462.0,3464.0,1734.0,1734.0,1732.0,1742.0,1742.0,1742.0
0.0,10478.0,5154.0,5221.0,5200.0,5139.0,1712.0,1712.0,1715.0,1740.0,1740.0,1741.0,1718.0,1718.0,1718.0,3492.0,3492.0,3494.0,1712.0,1712.0,1715.0,1740.0,1740.0,1741.0
0.0,10524.0,5128.0,5218.0,5139.0,5119.0,1706.0,1706.0,1707.0,1739.0,1739.0,1740.0,1709.0,1709.0,1710.0,3508.0,3508.0,3508.0,1706.0,1706.0,1707.0,1739.0,1739.0,1740.0
0.0,10535.0,5392.0,5224.0,5119.0,5410.0,1803.0,1803.0,1804.0,1741.0,1741.0,1742.0,1797.0,1797.0,1798.0,3511.0,3511.0,3513.0,1803.0,1803.0,1804.0,1741.0,1741.0,1742.0
0.0,10262.0,5356.0,5230.0,5410.0,5374.0,1791.0,1791.0,1792.0,1743.0,1743.0,1744.0,1785.0,1785.0,1786.0,3420.0,3420.0,3422.0,1791.0,1791.0,1792.0,1743.0,1743.0,1744.0
0.0,10316.0,5371.0,5236.0,5374.0,5389.0,1796.0,1796.0,1797.0,1745.0,1745.0,1746.0,1790.0,1790.0,1791.0,3438.0,3438.0,3440.0,1796.0,1796.0,1797.0,1745.0,1745.0,1746.0
0.0,10319.0,5185.0,5236.0,5389.0,5185.0,1728.0,1728.0,1729.0,1745.0,1745.0,1746.0,1728.0,1728.0,1729.0,3439.0,3439.0,3441.0,1728.0,1728.0,1729.0,1745.0,1745.0,1746.0
0.0,10523.0,5185.0,5233.0,5185.0,5176.0,1725.0,1725.0,1726.0,1744.0,1744.0,1745.0,1728.0,1728.0,1729.0,3507.0,3507.0,3509.0,1725.0,1725.0,1726.0,1744.0,1744.0,1745.0
0.0,10523.0,5227.0,5232.0,5176.0,5224.0,1742.0,1742.0,1740.0,1744.0,1744.0,1744.0,1742.0,1742.0,1743.0,3507.0,3507.0,3509.0,1742.0,1742.0,1740.0,1744.0,1744.0,1744.0
0.0,10472.0,5164.0,5230.0,5224.0,5158.0,1718.0,1718.0,1722.0,1743.0,1743.0,1744.0,1721.0,1721.0,1722.0,3490.0,3490.0,3492.0,1718.0,1718.0,1722.0,1743.0,1743.0,1744.0
0.0,10532.0,5244.0,5233.0,5158.0,5253.0,1751.0,1751.0,1751.0,1744.0,1744.0,1745.0,1748.0,1748.0,1748.0,3511.0,3511.0,3510.0,1751.0,1751.0,1751.0,1744.0,1744.0,1745.0
0.0,10446.0,5395.0,5236.0,5253.0,5404.0,1801.0,1801.0,1802.0,1745.0,1745.0,1746.0,1798.0,1798.0,1799.0,3481.0,3481.0,3484.0,1801.0,1801.0,1802.0,1745.0,1745.0,1746.0
0.0,10304.0,5389.0,5242.0,5404.0,5407.0,1802.0,1802.0,1803.0,1747.0,1747.0,1748.0,1796.0,1796.0,1797.0,3434.0,3434.0,3436.0,1802.0,1802.0,1803.0,1747.0,1747.0,1748.0
0.0,10319.0,5428.0,5245.0,5407.0,5437.0,1812.0,1812.0,1813.0,1748.0,1748.0,1749.0,1809.0,1809.0,1810.0,3439.0,3439.0,3441.0,1812.0,1812.0,1813.0,1748.0,1748.0,1749.0
0.0,10298.0,5248.0,5244.0,5437.0,5245.0,1749.0,1749.0,1747.0,1748.0,1748.0,1748.0,1749.0,1749.0,1750.0,3432.0,3432.0,3434.0,1749.0,1749.0,1747.0,1748.0,1748.0,1748.0
0.0,10487.0,5128.0,5239.0,5245.0,5113.0,1703.0,1703.0,1707.0,1746.0,1746.0,1747.0,1709.0,1709.0,1710.0,3495.0,3495.0,3497.0,1703.0,1703.0,1707.0,1746.0,1746.0,1747.0
0.0,10604.0,5178.0,5236.0,5113.0,5169.0,1723.0,1723.0,1723.0,1745.0,1745.0,1746.0,1726.0,1726.0,1726.0,3535.0,3535.0,3534.0,1723.0,1723.0,1723.0,1745.0,1745.0,1746.0
0.0,10539.0,5215.0,5238.0,5169.0,5221.0,1741.0,1741.0,1739.0,1746.0,1746.0,1746.0,1738.0,1738.0,1739.0,3512.0,3512.0,3515.0,1741.0,1741.0,1739.0,1746.0,1746.0,1746.0
0.0,10493.0,5464.0,5242.0,5221.0,5476.0,1824.0,1824.0,1828.0,1747.0,1747.0,1748.0,1821.0,1821.0,1822.0,3497.0,3497.0,3499.0,1824.0,1824.0,1828.0,1747.0,1747.0,1748.0
0.0,10250.0,5521.0,5251.0,5476.0,5548.0,1849.0,1849.0,1850.0,1750.0,1750.0,1751.0,1840.0,1840.0,1841.0,3417.0,3417.0,3416.0,1849.0,1849.0,1850.0,1750.0,1750.0,1751.0
0.0,10205.0,5395.0,5257.0,5548.0,5413.0,1804.0,1804.0,1805.0,1752.0,1752.0,1753.0,1798.0,1798.0,1799.0,3401.0,3401.0,3403.0,1804.0,1804.0,1805.0,1752.0,1752.0,1753.0
0.0,10358.0,5335.0,5257.0,5413.0,5335.0,1778.0,1778.0,1779.0,1752.0,1752.0,1753.0,1778.0,1778.0,1779.0,3452.0,3452.0,3454.0,1778.0,1778.0,1779.0,1752.0,1752.0,1753.0
0.0,10436.0,5092.0,5257.0,5335.0,5092.0,1697.0,1697.0,1698.0,1752.0,1752.0,1753.0,1697.0,1697.0,1698.0,3478.0,3478.0,3480.0,1697.0,1697.0,1698.0,1752.0,1752.0,1753.0
0.0,10679.0,5085.0,5251.0,5092.0,5067.0,1689.0,1689.0,1689.0,1750.0,1750.0,1751.0,1695.0,1695.0,1695.0,3559.0,3559.0,3561.0,1689.0,1689.0,1689.0,1750.0,1750.0,1751.0
0.0,10686.0,5224.0,5251.0,5067.0,5224.0,1741.0,1741.0,1742.0,1750.0,1750.0,1751.0,1741.0,1741.0,1742.0,3561.0,3561.0,3564.0,1741.0,1741.0,1742.0,1750.0,1750.0,1751.0
0.0,10529.0,5383.0,5257.0,5224.0,5401.0,1800.0,1800.0,1801.0,1752.0,1752.0,1753.0,1794.0,1794.0,1795.0,3509.0,3509.0,3511.0,1800.0,1800.0,1801.0,1752.0,1752.0,1753.0
0.0,10370.0,5500.0,5262.0,5401.0,5515.0,1839.0,1839.0,1837.0,1754.0,1754.0,1754.0,1833.0,1833.0,1834.0,3456.0,3456.0,3458.0,1839.0,1839.0,1837.0,1754.0,1754.0,1754.0
0.0,10271.0,5503.0,5266.0,5515.0,5515.0,1837.0,1837.0,1841.0,1755.0,1755.0,1756.0,1834.0,1834.0,1835.0,3423.0,3423.0,3425.0,1837.0,1837.0,1841.0,1755.0,1755.0,1756.0
0.0,10283.0,5119.0,5263.0,5515.0,5110.0,1703.0,1703.0,1704.0,1754.0,1754.0,1755.0,1706.0,1706.0,1707.0,3428.0,3428.0,3427.0,1703.0,1703.0,1704.0,1754.0,1754.0,1755.0
0.0,10679.0,5047.0,5257.0,5110.0,5029.0,1676.0,1676.0,1677.0,1752.0,1752.0,1753.0,1682.0,1682.0,1683.0,3559.0,3559.0,3561.0,1676.0,1676.0,1677.0,1752.0,1752.0,1753.0
0.0,10742.0,5302.0,5257.0,5029.0,5302.0,1767.0,1767.0,1768.0,1752.0,1752.0,1753.0,1767.0,1767.0,1768.0,3580.0,3580.0,3582.0,1767.0,1767.0,1768.0,1752.0,1752.0,1753.0
0.0,10469.0,5227.0,5256.0,5302.0,5224.0,1742.0,1742.0,1740.0,1752.0,1752.0,1752.0,1742.0,1742.0,1743.0,3489.0,3489.0,3491.0,1742.0,1742.0,1740.0,1752.0,1752.0,1752.0
0.0,10544.0,5418.0,5260.0,5224.0,5430.0,1809.0,1809.0,1812.0,1753.0,1753.0,1754.0,1806.0,1806.0,1806.0,3514.0,3514.0,3516.0,1809.0,1809.0,1812.0,1753.0,1753.0,1754.0
0.0,10350.0,5461.0,5269.0,5430.0,5488.0,1829.0,1829.0,1830.0,1756.0,1756.0,1757.0,1820.0,1820.0,1821.0,3450.0,3450.0,3450.0,1829.0,1829.0,1830.0,1756.0,1756.0,1757.0
0.0,10319.0,5353.0,5269.0,5488.0,5353.0,1784.0,1784.0,1785.0,1756.0,1756.0,1757.0,1784.0,1784.0,1785.0,3439.0,3439.0,3441.0,1784.0,1784.0,1785.0,1756.0,1756.0,1757.0
0.0,10454.0,5452.0,5272.0,5353.0,5461.0,1820.0,1820.0,1821.0,1757.0,1757.0,1758.0,1817.0,1817.0,1818.0,3484.0,3484.0,3486.0,1820.0,1820.0,1821.0,1757.0,1757.0,1758.0
0.0,10355.0,5119.0,5269.0,5461.0,5110.0,1703.0,1703.0,1704.0,1756.0,1756.0,1757.0,1706.0,1706.0,1707.0,3451.0,3451.0,3453.0,1703.0,1703.0,1704.0,1756.0,1756.0,1757.0
0.0,10697.0,5244.0,5268.0,5110.0,5241.0,1748.0,1748.0,1745.0,1756.0,1756.0,1756.0,1748.0,1748.0,1748.0,3565.0,3565.0,3567.0,1748.0,1748.0,1745.0,1756.0,1756.0,1756.0
0.0,10563.0,5262.0,5272.0,5241.0,5274.0,1757.0,1757.0,1760.0,1757.0,1757.0,1758.0,1754.0,1754.0,1754.0,3520.0,3520.0,3523.0,1757.0,1757.0,1760.0,1757.0,1757.0,1758.0
0.0,10542.0,5521.0,5278.0,5274.0,5539.0,1846.0,1846.0,1847.0,1759.0,1759.0,1760.0,1840.0,1840.0,1841.0,3514.0,3514.0,3514.0,1846.0,1846.0,1847.0,1759.0,1759.0,1760.0
0.0,10295.0,5416.0,5284.0,5539.0,5434.0,1811.0,1811.0,1812.0,1761.0,1761.0,1762.0,1805.0,1805.0,1806.0,3431.0,3431.0,3433.0,1811.0,1811.0,1812.0,1761.0,1761.0,1762.0
0.0,10418.0,5469.0,5289.0,5434.0,5484.0,1829.0,1829.0,1826.0,1763.0,1763.0,1763.0,1823.0,1823.0,1823.0,3472.0,3472.0,3474.0,1829.0,1829.0,1826.0,1763.0,1763.0,1763.0
0.0,10383.0,5245.0,5287.0,5484.0,5239.0,1745.0,1745.0,1749.0,1762.0,1762.0,1763.0,1748.0,1748.0,1749.0,3460.0,3460.0,3463.0,1745.0,1745.0,1749.0,1762.0,1762.0,1763.0
0.0,10622.0,5143.0,5284.0,5239.0,5134.0,1711.0,1711.0,1712.0,1761.0,1761.0,1762.0,1714.0,1714.0,1715.0,3541.0,3541.0,3540.0,1711.0,1711.0,1712.0,1761.0,1761.0,1762.0
0.0,10718.0,5140.0,5281.0,5134.0,5131.0,1710.0,1710.0,1711.0,1760.0,1760.0,1761.0,1713.0,1713.0,1714.0,3572.0,3572.0,3574.0,1710.0,1710.0,1711.0,1760.0,1760.0,1761.0
0.0,10712.0,5322.0,5286.0,5131.0,5337.0,1780.0,1780.0,1777.0,1762.0,1762.0,1762.0,1774.0,1774.0,1774.0,3570.0,3570.0,3572.0,1780.0,1780.0,1777.0,1762.0,1762.0,1762.0
0.0,10521.0,5506.0,5292.0,5337.0,5524.0,1841.0,1841.0,1842.0,1764.0,1764.0,1764.0,1835.0,1835.0,1836.0,3506.0,3506.0,3509.0,1841.0,1841.0,1842.0,1764.0,1764.0,1764.0
0.0,10352.0,5563.0,5301.0,5524.0,5590.0,1863.0,1863.0,1864.0,1767.0,1767.0,1767.0,1854.0,1854.0,1855.0,3451.0,3451.0,3450.0,1863.0,1863.0,1864.0,1767.0,1767.0,1767.0
0.0,10313.0,5377.0,5302.0,5590.0,5380.0,1792.0,1792.0,1796.0,1767.0,1767.0,1768.0,1792.0,1792.0,1793.0,3438.0,3438.0,3437.0,1792.0,1792.0,1796.0,1767.0,1767.0,1768.0
0.0,10526.0,5353.0,5304.0,5380.0,5359.0,1787.0,1787.0,1785.0,1768.0,1768.0,1768.0,1784.0,1784.0,1785.0,3509.0,3509.0,3508.0,1787.0,1787.0,1785.0,1768.0,1768.0,1768.0
0.0,10553.0,5199.0,5301.0,5359.0,5190.0,1730.0,1730.0,1730.0,1767.0,1767.0,1767.0,1733.0,1733.0,1733.0,3517.0,3517.0,3519.0,1730.0,1730.0,1730.0,1767.0,1767.0,1767.0
0.0,10713.0,5083.0,5296.0,5190.0,5068.0,1688.0,1688.0,1692.0,1765.0,1765.0,1766.0,1694.0,1694.0,1695.0,3571.0,3571.0,3571.0,1688.0,1688.0,1692.0,1765.0,1765.0,1766.0
0.0,10820.0,5352.0,5299.0,5068.0,5361.0,1787.0,1787.0,1787.0,1766.0,1766.0,1767.0,1784.0,1784.0,1784.0,3607.0,3607.0,3606.0,1787.0,1787.0,1787.0,1766.0,1766.0,1767.0
0.0,10536.0,5458.0,5305.0,5361.0,5476.0,1825.0,1825.0,1826.0,1768.0,1768.0,1769.0,1819.0,1819.0,1820.0,3511.0,3511.0,3514.0,1825.0,1825.0,1826.0,1768.0,1768.0,1769.0
0.0,10439.0,5515.0,5314.0,5476.0,5542.0,1847.0,1847.0,1848.0,1771.0,1771.0,1772.0,1838.0,1838.0,1839.0,3479.0,3479.0,3481.0,1847.0,1847.0,1848.0,1771.0,1771.0,1772.0
0.0,10400.0,5389.0,5314.0,5542.0,5389.0,1796.0,1796.0,1797.0,1771.0,1771.0,1772.0,1796.0,1796.0,1797.0,3466.0,3466.0,3468.0,1796.0,1796.0,1797.0,1771.0,1771.0,1772.0
0.0,10553.0,5371.0,5314.0,5389.0,5371.0,1790.0,1790.0,1791.0,1771.0,1771.0,1772.0,1790.0,1790.0,1791.0,3517.0,3517.0,3519.0,1790.0,1790.0,1791.0,1771.0,1771.0,1772.0
0.0,10571.0,5277.0,5311.0,5371.0,5268.0,1756.0,1756.0,1756.0,1770.0,1770.0,1771.0,1759.0,1759.0,1759.0,3523.0,3523.0,3525.0,1756.0,1756.0,1756.0,1770.0,1770.0,1771.0
0.0,10665.0,5353.0,5314.0,5268.0,5362.0,1787.0,1787.0,1788.0,1771.0,1771.0,1772.0,1784.0,1784.0,1785.0,3554.0,3554.0,3557.0,1787.0,1787.0,1788.0,1771.0,1771.0,1772.0
0.0,10580.0,5374.0,5317.0,5362.0,5383.0,1794.0,1794.0,1795.0,1772.0,1772.0,1773.0,1791.0,1791.0,1792.0,3526.0,3526.0,3528.0,1794.0,1794.0,1795.0,1772.0,1772.0,1773.0
0.0,10568.0,5451.0,5323.0,5383.0,5469.0,1823.0,1823.0,1823.0,1774.0,1774.0,1775.0,1817.0,1817.0,1817.0,3522.0,3522.0,3524.0,1823.0,1823.0,1823.0,1774.0,1774.0,1775.0
0.0,10500.0,5362.0,5326.0,5469.0,5371.0,1790.0,1790.0,1791.0,1775.0,1775.0,1776.0,1787.0,1787.0,1788.0,3499.0,3499.0,3502.0,1790.0,1790.0,1791.0,1775.0,1775.0,1776.0
0.0,10607.0,5386.0,5329.0,5371.0,5395.0,1798.0,1798.0,1799.0,1776.0,1776.0,1777.0,1795.0,1795.0,1796.0,3535.0,3535.0,3537.0,1798.0,1798.0,1799.0,1776.0,1776.0,1777.0
0.0,10592.0,5278.0,5326.0,5395.0,5269.0,1756.0,1756.0,1757.0,1775.0,1775.0,1776.0,1759.0,1759.0,1760.0,3530.0,3530.0,3532.0,1756.0,1756.0,1757.0,1775.0,1775.0,1776.0
0.0,10709.0,5308.0,5326.0,5269.0,5308.0,1769.0,1769.0,1770.0,1775.0,1775.0,1776.0,1769.0,1769.0,1770.0,3569.0,3569.0,3571.0,1769.0,1769.0,1770.0,1775.0,1775.0,1776.0
0.0,10670.0,5286.0,5323.0,5308.0,5277.0,1759.0,1759.0,1759.0,1774.0,1774.0,1775.0,1762.0,1762.0,1762.0,3556.0,3556.0,3558.0,1759.0,1759.0,1759.0,1774.0,1774.0,1775.0
0.0,10692.0,5389.0,5326.0,5277.0,5398.0,1799.0,1799.0,1800.0,1775.0,1775.0,1776.0,1796.0,1796.0,1797.0,3563.0,3563.0,3566.0,1799.0,1799.0,1800.0,1775.0,1775.0,1776.0
0.0,10580.0,5488.0,5332.0,5398.0,5506.0,1835.0,1835.0,1836.0,1777.0,1777.0,1778.0,1829.0,1829.0,1830.0,3526.0,3526.0,3528.0,1835.0,1835.0,1836.0,1777.0,1777.0,1778.0
0.0,10490.0,5413.0,5337.0,5506.0,5428.0,1810.0,1810.0,1808.0,1779.0,1779.0,1779.0,1804.0,1804.0,1805.0,3496.0,3496.0,3498.0,1810.0,1810.0,1808.0,1779.0,1779.0,1779.0
0.0,10583.0,5533.0,5343.0,5428.0,5551.0,1850.0,1850.0,1851.0,1781.0,1781.0,1781.0,1844.0,1844.0,1845.0,3527.0,3527.0,3529.0,1850.0,1850.0,1851.0,1781.0,1781.0,1781.0
0.0,10478.0,5317.0,5341.0,5551.0,5311.0,1769.0,1769.0,1773.0,1780.0,1780.0,1781.0,1772.0,1772.0,1773.0,3493.0,3493.0,3492.0,1769.0,1769.0,1773.0,1780.0,1780.0,1781.0
0.0,10712.0,5139.0,5332.0,5311.0,5112.0,1704.0,1704.0,1704.0,1777.0,1777.0,1778.0,1713.0,1713.0,1713.0,3571.0,3571.0,3570.0,1704.0,1704.0,1704.0,1777.0,1777.0,1778.0
0.0,10884.0,5251.0,5329.0,5112.0,5242.0,1747.0,1747.0,1748.0,1776.0,1776.0,1777.0,1750.0,1750.0,1751.0,3627.0,3627.0,3630.0,1747.0,1747.0,1748.0,1776.0,1776.0,1777.0
0.0,10745.0,5428.0,5332.0,5242.0,5437.0,1812.0,1812.0,1813.0,1777.0,1777.0,1778.0,1809.0,1809.0,1810.0,3581.0,3581.0,3583.0,1812.0,1812.0,1813.0,1777.0,1777.0,1778.0
0.0,10559.0,5386.0,5338.0,5437.0,5404.0,1801.0,1801.0,1802.0,1779.0,1779.0,1780.0,1795.0,1795.0,1796.0,3519.0,3519.0,3521.0,1801.0,1801.0,1802.0,1779.0,1779.0,1780.0
0.0,10610.0,5560.0,5347.0,5404.0,5587.0,1862.0,1862.0,1863.0,1782.0,1782.0,1783.0,1853.0,1853.0,1854.0,3536.0,3536.0,3538.0,1862.0,1862.0,1863.0,1782.0,1782.0,1783.0
0.0,10454.0,5446.0,5350.0,5587.0,5455.0,1818.0,1818.0,1819.0,1783.0,1783.0,1784.0,1815.0,1815.0,1816.0,3484.0,3484.0,3486.0,1818.0,1818.0,1819.0,1783.0,1783.0,1784.0
0.0,10595.0,5485.0,5353.0,5455.0,5494.0,1831.0,1831.0,1832.0,1784.0,1784.0,1785.0,1828.0,1828.0,1829.0,3531.0,3531.0,3533.0,1831.0,1831.0,1832.0,1784.0,1784.0,1785.0
0.0,10565.0,5379.0,5350.0,5494.0,5370.0,1790.0,1790.0,1790.0,1783.0,1783.0,1784.0,1793.0,1793.0,1793.0,3521.0,3521.0,3523.0,1790.0,1790.0,1790.0,1783.0,1783.0,1784.0
0.0,10680.0,5329.0,5347.0,5370.0,5320.0,1773.0,1773.0,1774.0,1782.0,1782.0,1783.0,1776.0,1776.0,1777.0,3559.0,3559.0,3562.0,1773.0,1773.0,1774.0,1782.0,1782.0,1783.0
0.0,10721.0,5361.0,5352.0,5320.0,5376.0,1793.0,1793.0,1790.0,1784.0,1784.0,1784.0,1787.0,1787.0,1787.0,3573.0,3573.0,3575.0,1793.0,1793.0,1790.0,1784.0,1784.0,1784.0
0.0,10680.0,5347.0,5358.0,5376.0,5365.0,1788.0,1788.0,1789.0,1786.0,1786.0,1786.0,1782.0,1782.0,1783.0,3559.0,3559.0,3562.0,1788.0,1788.0,1789.0,1786.0,1786.0,1786.0
0.0,10709.0,5530.0,5362.0,5365.0,5542.0,1846.0,1846.0,1850.0,1787.0,1787.0,1788.0,1843.0,1843.0,1844.0,3570.0,3570.0,3569.0,1846.0,1846.0,1850.0,1787.0,1787.0,1788.0
0.0,10544.0,5302.0,5364.0,5542.0,5308.0,1770.0,1770.0,1768.0,1788.0,1788.0,1788.0,1767.0,1767.0,1768.0,3515.0,3515.0,3514.0,1770.0,1770.0,1768.0,1788.0,1788.0,1788.0
0.0,10784.0,5343.0,5362.0,5308.0,5337.0,1778.0,1778.0,1781.0,1787.0,1787.0,1788.0,1781.0,1781.0,1781.0,3594.0,3594.0,3596.0,1778.0,1778.0,1781.0,1787.0,1787.0,1788.0
0.0,10749.0,5299.0,5359.0,5337.0,5290.0,1763.0,1763.0,1764.0,1786.0,1786.0,1787.0,1766.0,1766.0,1767.0,3583.0,3583.0,3583.0,1763.0,1763.0,1764.0,1786.0,1786.0,1787.0
0.0,10787.0,5380.0,5359.0,5290.0,5380.0,1793.0,1793.0,1794.0,1786.0,1786.0,1787.0,1793.0,1793.0,1794.0,3595.0,3595.0,3597.0,1793.0,1793.0,1794.0,1786.0,1786.0,1787.0
0.0,10697.0,5278.0,5356.0,5380.0,5269.0,1756.0,1756.0,1757.0,1785.0,1785.0,1786.0,1759.0,1759.0,1760.0,3565.0,3565.0,3567.0,1756.0,1756.0,1757.0,1785.0,1785.0,1786.0
0.0,10799.0,5596.0,5365.0,5269.0,5623.0,1874.0,1874.0,1875.0,1788.0,1788.0,1789.0,1865.0,1865.0,1866.0,3599.0,3599.0,3601.0,1874.0,1874.0,1875.0,1788.0,1788.0,1789.0
0.0,10472.0,5509.0,5371.0,5623.0,5527.0,1842.0,1842.0,1843.0,1790.0,1790.0,1791.0,1836.0,1836.0,1837.0,3490.0,3490.0,3492.0,1842.0,1842.0,1843.0,1790.0,1790.0,1791.0
0.0,10586.0,5467.0,5374.0,5527.0,5476.0,1825.0,1825.0,1826.0,1791.0,1791.0,1792.0,1822.0,1822.0,1823.0,3528.0,3528.0,3530.0,1825.0,1825.0,1826.0,1791.0,1791.0,1792.0
0.0,10646.0,5320.0,5371.0,5476.0,5311.0,1770.0,1770.0,1771.0,1790.0,1790.0,1791.0,1773.0,1773.0,1774.0,3548.0,3548.0,3550.0,1770.0,1770.0,1771.0,1790.0,1790.0,1791.0
0.0,10802.0,5233.0,5367.0,5311.0,5221.0,1741.0,1741.0,1739.0,1789.0,1789.0,1789.0,1744.0,1744.0,1745.0,3600.0,3600.0,3602.0,1741.0,1741.0,1739.0,1789.0,1789.0,1789.0
0.0,10880.0,5281.0,5362.0,5221.0,5266.0,1754.0,1754.0,1758.0,1787.0,1787.0,1788.0,1760.0,1760.0,1761.0,3626.0,3626.0,3628.0,1754.0,1754.0,1758.0,1787.0,1787.0,1788.0
0.0,10820.0,5431.0,5367.0,5266.0,5446.0,1816.0,1816.0,1814.0,1789.0,1789.0,1789.0,1810.0,1810.0,1811.0,3607.0,3607.0,3606.0,1816.0,1816.0,1814.0,1789.0,1789.0,1789.0
0.0,10655.0,5560.0,5374.0,5446.0,5581.0,1859.0,1859.0,1863.0,1791.0,1791.0,1792.0,1853.0,1853.0,1854.0,3551.0,3551.0,3553.0,1859.0,1859.0,1863.0,1791.0,1791.0,1792.0
0.0,10541.0,5479.0,5380.0,5581.0,5497.0,1832.0,1832.0,1833.0,1793.0,1793.0,1794.0,1826.0,1826.0,1827.0,3514.0,3514.0,3513.0,1832.0,1832.0,1833.0,1793.0,1793.0,1794.0
0.0,10643.0,5593.0,5386.0,5497.0,5611.0,1870.0,1870.0,1871.0,1795.0,1795.0,1796.0,1864.0,1864.0,1865.0,3547.0,3547.0,3549.0,1870.0,1870.0,1871.0,1795.0,1795.0,1796.0
0.0,10547.0,5377.0,5383.0,5611.0,5368.0,1789.0,1789.0,1790.0,1794.0,1794.0,1795.0,1792.0,1792.0,1793.0,3515.0,3515.0,3517.0,1789.0,1789.0,1790.0,1794.0,1794.0,1795.0
0.0,10781.0,5398.0,5380.0,5368.0,5389.0,1796.0,1796.0,1797.0,1793.0,1793.0,1794.0,1799.0,1799.0,1800.0,3593.0,3593.0,3595.0,1796.0,1796.0,1797.0,1793.0,1793.0,1794.0
0.0,10751.0,5362.0,5380.0,5389.0,5362.0,1787.0,1787.0,1788.0,1793.0,1793.0,1794.0,1787.0,1787.0,1788.0,3583.0,3583.0,3585.0,1787.0,1787.0,1788.0,1793.0,1793.0,1794.0
0.0,10778.0,5509.0,5383.0,5362.0,5518.0,1839.0,1839.0,1840.0,1794.0,1794.0,1795.0,1836.0,1836.0,1837.0,3592.0,3592.0,3594.0,1839.0,1839.0,1840.0,1794.0,1794.0,1795.0
0.0,10631.0,5374.0,5386.0,5518.0,5383.0,1794.0,1794.0,1795.0,1795.0,1795.0,1796.0,1791.0,1791.0,1792.0,3543.0,3543.0,3545.0,1794.0,1794.0,1795.0,1795.0,1795.0,1796.0
0.0,10775.0,5482.0,5395.0,5383.0,5509.0,1836.0,1836.0,1837.0,1798.0,1798.0,1799.0,1827.0,1827.0,1828.0,3591.0,3591.0,3593.0,1836.0,1836.0,1837.0,1798.0,1798.0,1799.0
0.0,10676.0,5509.0,5398.0,5509.0,5518.0,1839.0,1839.0,1840.0,1799.0,1799.0,1800.0,1836.0,1836.0,1837.0,3558.0,3558.0,3560.0,1839.0,1839.0,1840.0,1799.0,1799.0,1800.0
0.0,10676.0,5377.0,5395.0,5518.0,5368.0,1789.0,1789.0,1790.0,1798.0,1798.0,1799.0,1792.0,1792.0,1793.0,3558.0,3558.0,3560.0,1789.0,1789.0,1790.0,1798.0,1798.0,1799.0
0.0,10817.0,5185.0,5389.0,5368.0,5167.0,1722.0,1722.0,1723.0,1796.0,1796.0,1797.0,1728.0,1728.0,1729.0,3605.0,3605.0,3607.0,1722.0,1722.0,1723.0,1796.0,1796.0,1797.0
0.0,11000.0,5311.0,5389.0,5167.0,5311.0,1770.0,1770.0,1771.0,1796.0,1796.0,1797.0,1770.0,1770.0,1771.0,3666.0,3666.0,3668.0,1770.0,1770.0,1771.0,1796.0,1796.0,1797.0
0.0,10856.0,5395.0,5389.0,5311.0,5395.0,1798.0,1798.0,1799.0,1796.0,1796.0,1797.0,1798.0,1798.0,1799.0,3618.0,3618.0,3620.0,1798.0,1798.0,1799.0,1796.0,1796.0,1797.0
0.0,10772.0,5530.0,5394.0,5395.0,5545.0,1849.0,1849.0,1847.0,1798.0,1798.0,1798.0,1843.0,1843.0,1844.0,3590.0,3590.0,3592.0,1849.0,1849.0,1847.0,1798.0,1798.0,1798.0
0.0,10637.0,5631.0,5398.0,5545.0,5643.0,1880.0,1880.0,1883.0,1799.0,1799.0,1800.0,1877.0,1877.0,1877.0,3545.0,3545.0,3547.0,1880.0,1880.0,1883.0,1799.0,1799.0,1800.0
0.0,10551.0,5539.0,5401.0,5643.0,5548.0,1849.0,1849.0,1850.0,1800.0,1800.0,1801.0,1846.0,1846.0,1847.0,3517.0,3517.0,3517.0,1849.0,1849.0,1850.0,1800.0,1800.0,1801.0
0.0,10655.0,5310.0,5398.0,5548.0,5301.0,1767.0,1767.0,1767.0,1799.0,1799.0,1800.0,1770.0,1770.0,1770.0,3551.0,3551.0,3553.0,1767.0,1767.0,1767.0,1799.0,1799.0,1800.0
0.0,10893.0,5269.0,5398.0,5301.0,5269.0,1756.0,1756.0,1757.0,1799.0,1799.0,1800.0,1756.0,1756.0,1757.0,3630.0,3630.0,3633.0,1756.0,1756.0,1757.0,1799.0,1799.0,1800.0
0.0,10925.0,5470.0,5398.0,5269.0,5470.0,1823.0,1823.0,1824.0,1799.0,1799.0,1800.0,1823.0,1823.0,1824.0,3641.0,3641.0,3643.0,1823.0,1823.0,1824.0,1799.0,1799.0,1800.0
0.0,10724.0,5458.0,5403.0,5470.0,5473.0,1825.0,1825.0,1823.0,1801.0,1801.0,1801.0,1819.0,1819.0,1820.0,3574.0,3574.0,3576.0,1825.0,1825.0,1823.0,1801.0,1801.0,1801.0
0.0,10736.0,5497.0,5407.0,5473.0,5509.0,1835.0,1835.0,1839.0,1802.0,1802.0,1803.0,1832.0,1832.0,1833.0,3578.0,3578.0,3580.0,1835.0,1835.0,1839.0,1802.0,1802.0,1803.0
0.0,10712.0,5413.0,5409.0,5509.0,5419.0,1807.0,1807.0,1805.0,1803.0,1803.0,1803.0,1804.0,1804.0,1805.0,3571.0,3571.0,3570.0,1807.0,1807.0,1805.0,1803.0,1803.0,1803.0
0.0,10808.0,5449.0,5410.0,5419.0,5452.0,1816.0,1816.0,1820.0,1803.0,1803.0,1804.0,1816.0,1816.0,1817.0,3602.0,3602.0,3604.0,1816.0,1816.0,1820.0,1803.0,1803.0,1804.0
0.0,10778.0,5356.0,5407.0,5452.0,5347.0,1782.0,1782.0,1783.0,1802.0,1802.0,1803.0,1785.0,1785.0,1786.0,3593.0,3593.0,3592.0,1782.0,1782.0,1783.0,1802.0,1802.0,1803.0
0.0,10874.0,5260.0,5404.0,5347.0,5251.0,1750.0,1750.0,1751.0,1801.0,1801.0,1802.0,1753.0,1753.0,1754.0,3624.0,3624.0,3626.0,1750.0,1750.0,1751.0,1801.0,1801.0,1802.0
0.0,10961.0,5320.0,5401.0,5251.0,5311.0,1770.0,1770.0,1771.0,1800.0,1800.0,1801.0,1773.0,1773.0,1774.0,3653.0,3653.0,3655.0,1770.0,1770.0,1771.0,1800.0,1800.0,1801.0
0.0,10892.0,5437.0,5403.0,5311.0,5443.0,1815.0,1815.0,1813.0,1801.0,1801.0,1801.0,1812.0,1812.0,1813.0,3630.0,3630.0,3632.0,1815.0,1815.0,1813.0,1801.0,1801.0,1801.0
0.0,10766.0,5557.0,5410.0,5443.0,5578.0,1858.0,1858.0,1862.0,1803.0,1803.0,1804.0,1852.0,1852.0,1853.0,3588.0,3588.0,3590.0,1858.0,1858.0,1862.0,1803.0,1803.0,1804.0
0.0,10652.0,5563.0,5416.0,5578.0,5581.0,1860.0,1860.0,1861.0,1805.0,1805.0,1806.0,1854.0,1854.0,1855.0,3551.0,3551.0,3550.0,1860.0,1860.0,1861.0,1805.0,1805.0,1806.0
0.0,10667.0,5542.0,5419.0,5581.0,5551.0,1850.0,1850.0,1851.0,1806.0,1806.0,1807.0,1847.0,1847.0,1848.0,3555.0,3555.0,3557.0,1850.0,1850.0,1851.0,1806.0,1806.0,1807.0
0.0,10706.0,5299.0,5416.0,5551.0,5290.0,1763.0,1763.0,1764.0,1805.0,1805.0,1806.0,1766.0,1766.0,1767.0,3568.0,3568.0,3570.0,1763.0,1763.0,1764.0,1805.0,1805.0,1806.0
0.0,10958.0,5172.0,5410.0,5290.0,5154.0,1718.0,1718.0,1718.0,1803.0,1803.0,1804.0,1724.0,1724.0,1724.0,3652.0,3652.0,3654.0,1718.0,1718.0,1718.0,1803.0,1803.0,1804.0
0.0,11076.0,5278.0,5407.0,5154.0,5269.0,1756.0,1756.0,1757.0,1802.0,1802.0,1803.0,1759.0,1759.0,1760.0,3691.0,3691.0,3694.0,1756.0,1756.0,1757.0,1802.0,1802.0,1803.0
0.0,10952.0,5521.0,5407.0,5269.0,5521.0,1840.0,1840.0,1841.0,1802.0,1802.0,1803.0,1840.0,1840.0,1841.0,3650.0,3650.0,3652.0,1840.0,1840.0,1841.0,1802.0,1802.0,1803.0
0.0,10700.0,5676.0,5413.0,5521.0,5694.0,1898.0,1898.0,1898.0,1804.0,1804.0,1805.0,1892.0,1892.0,1892.0,3566.0,3566.0,3568.0,1898.0,1898.0,1898.0,1804.0,1804.0,1805.0
0.0,10545.0,5671.0,5419.0,5694.0,5689.0,1896.0,1896.0,1897.0,1806.0,1806.0,1807.0,1890.0,1890.0,1891.0,3514.0,3514.0,3517.0,1896.0,1896.0,1897.0,1806.0,1806.0,1807.0
0.0,10568.0,5365.0,5419.0,5689.0,5365.0,1788.0,1788.0,1789.0,1806.0,1806.0,1807.0,1788.0,1788.0,1789.0,3522.0,3522.0,3524.0,1788.0,1788.0,1789.0,1806.0,1806.0,1807.0
0.0,10892.0,5454.0,5422.0,5365.0,5463.0,1821.0,1821.0,1821.0,1807.0,1807.0,1808.0,1818.0,1818.0,1818.0,3630.0,3630.0,3632.0,1821.0,1821.0,1821.0,1807.0,1807.0,1808.0
0.0,10803.0,5389.0,5419.0,5463.0,5380.0,1793.0,1793.0,1794.0,1806.0,1806.0,1807.0,1796.0,1796.0,1797.0,3600.0,3600.0,3603.0,1793.0,1793.0,1794.0,1806.0,1806.0,1807.0
0.0,10877.0,5338.0,5419.0,5380.0,5338.0,1779.0,1779.0,1780.0,1806.0,1806.0,1807.0,1779.0,1779.0,1780.0,3625.0,3625.0,3627.0,1779.0,1779.0,1780.0,1806.0,1806.0,1807.0
0.0,10919.0,5476.0,5422.0,5338.0,5485.0,1828.0,1828.0,1829.0,1807.0,1807.0,1808.0,1825.0,1825.0,1826.0,3639.0,3639.0,3641.0,1828.0,1828.0,1829.0,1807.0,1807.0,1808.0
0.0,10781.0,5595.0,5428.0,5485.0,5613.0,1871.0,1871.0,1871.0,1809.0,1809.0,1810.0,1865.0,1865.0,1865.0,3593.0,3593.0,3595.0,1871.0,1871.0,1871.0,1809.0,1809.0,1810.0
0.0,10671.0,5685.0,5434.0,5613.0,5703.0,1901.0,1901.0,1901.0,1811.0,1811.0,1812.0,1895.0,1895.0,1895.0,3556.0,3556.0,3559.0,1901.0,1901.0,1901.0,1811.0,1811.0,1812.0
0.0,10599.0,5407.0,5437.0,5703.0,5416.0,1805.0,1805.0,1806.0,1812.0,1812.0,1813.0,1802.0,1802.0,1803.0,3532.0,3532.0,3535.0,1805.0,1805.0,1806.0,1812.0,1812.0,1813.0
0.0,10895.0,5407.0,5433.0,5416.0,5395.0,1799.0,1799.0,1797.0,1811.0,1811.0,1811.0,1802.0,1802.0,1803.0,3631.0,3631.0,3633.0,1799.0,1799.0,1797.0,1811.0,1811.0,1811.0
0.0,10904.0,5272.0,5428.0,5395.0,5257.0,1751.0,1751.0,1755.0,1809.0,1809.0,1810.0,1757.0,1757.0,1758.0,3634.0,3634.0,3636.0,1751.0,1751.0,1755.0,1809.0,1809.0,1810.0
0.0,11027.0,5305.0,5425.0,5257.0,5296.0,1765.0,1765.0,1766.0,1808.0,1808.0,1809.0,1768.0,1768.0,1769.0,3676.0,3676.0,3675.0,1765.0,1765.0,1766.0,1808.0,1808.0,1809.0
0.0,10979.0,5473.0,5428.0,5296.0,5482.0,1827.0,1827.0,1828.0,1809.0,1809.0,1810.0,1824.0,1824.0,1825.0,3659.0,3659.0,3661.0,1827.0,1827.0,1828.0,1809.0,1809.0,1810.0
0.0,10802.0,5632.0,5436.0,5482.0,5656.0,1886.0,1886.0,1884.0,1812.0,1812.0,1812.0,1877.0,1877.0,1878.0,3600.0,3600.0,3602.0,1886.0,1886.0,1884.0,1812.0,1812.0,1812.0
0.0,10652.0,5737.0,5443.0,5656.0,5758.0,1918.0,1918.0,1922.0,1814.0,1814.0,1815.0,1912.0,1912.0,1913.0,3550.0,3550.0,3552.0,1918.0,1918.0,1922.0,1814.0,1814.0,1815.0
0.0,10571.0,5551.0,5446.0,5758.0,5560.0,1853.0,1853.0,1854.0,1815.0,1815.0,1816.0,1850.0,1850.0,1851.0,3524.0,3524.0,3523.0,1853.0,1853.0,1854.0,1815.0,1815.0,1816.0
0.0,10778.0,5443.0,5443.0,5560.0,5434.0,1811.0,1811.0,1812.0,1814.0,1814.0,1815.0,1814.0,1814.0,1815.0,3592.0,3592.0,3594.0,1811.0,1811.0,1812.0,1814.0,1814.0,1815.0
0.0,10895.0,5356.0,5443.0,5434.0,5356.0,1785.0,1785.0,1786.0,1814.0,1814.0,1815.0,1785.0,1785.0,1786.0,3631.0,3631.0,3633.0,1785.0,1785.0,1786.0,1814.0,1814.0,1815.0
0.0,10973.0,5326.0,5437.0,5356.0,5308.0,1769.0,1769.0,1770.0,1812.0,1812.0,1813.0,1775.0,1775.0,1776.0,3657.0,3657.0,3659.0,1769.0,1769.0,1770.0,1812.0,1812.0,1813.0
0.0,11003.0,5476.0,5439.0,5308.0,5482.0,1828.0,1828.0,1826.0,1813.0,1813.0,1813.0,1825.0,1825.0,1826.0,3667.0,3667.0,3669.0,1828.0,1828.0,1826.0,1813.0,1813.0,1813.0
0.0,10835.0,5589.0,5443.0,5482.0,5601.0,1866.0,1866.0,1869.0,1814.0,1814.0,1815.0,1863.0,1863.0,1863.0,3611.0,3611.0,3613.0,1866.0,1866.0,1869.0,1814.0,1814.0,1815.0
0.0,10728.0,5647.0,5448.0,5601.0,5662.0,1888.0,1888.0,1886.0,1816.0,1816.0,1816.0,1882.0,1882.0,1883.0,3576.0,3576.0,3576.0,1888.0,1888.0,1886.0,1816.0,1816.0,1816.0
0.0,10682.0,5572.0,5449.0,5662.0,5575.0,1857.0,1857.0,1861.0,1816.0,1816.0,1817.0,1857.0,1857.0,1858.0,3560.0,3560.0,3562.0,1857.0,1857.0,1861.0,1816.0,1816.0,1817.0
0.0,10772.0,5401.0,5449.0,5575.0,5401.0,1800.0,1800.0,1801.0,1816.0,1816.0,1817.0,1800.0,1800.0,1801.0,3591.0,3591.0,3590.0,1800.0,1800.0,1801.0,1816.0,1816.0,1817.0
0.0,10946.0,5331.0,5446.0,5401.0,5322.0,1774.0,1774.0,1774.0,1815.0,1815.0,1816.0,1777.0,1777.0,1777.0,3648.0,3648.0,3650.0,1774.0,1774.0,1774.0,1815.0,1815.0,1816.0
0.0,11016.0,5304.0,5443.0,5322.0,5295.0,1765.0,1765.0,1765.0,1814.0,1814.0,1815.0,1768.0,1768.0,1768.0,3671.0,3671.0,3674.0,1765.0,1765.0,1765.0,1814.0,1814.0,1815.0
0.0,11034.0,5500.0,5446.0,5295.0,5509.0,1836.0,1836.0,1837.0,1815.0,1815.0,1816.0,1833.0,1833.0,1834.0,3677.0,3677.0,3680.0,1836.0,1836.0,1837.0,1815.0,1815.0,1816.0
0.0,10829.0,5623.0,5454.0,5509.0,5647.0,1883.0,1883.0,1881.0,1818.0,1818.0,1818.0,1874.0,1874.0,1875.0,3609.0,3609.0,3611.0,1883.0,1883.0,1881.0,1818.0,1818.0,1818.0
0.0,10715.0,5725.0,5461.0,5647.0,5746.0,1914.0,1914.0,1918.0,1820.0,1820.0,1821.0,1908.0,1908.0,1909.0,3571.0,3571.0,3573.0,1914.0,1914.0,1918.0,1820.0,1820.0,1821.0
0.0,10637.0,5559.0,5464.0,5746.0,5568.0,1856.0,1856.0,1856.0,1821.0,1821.0,1822.0,1853.0,1853.0,1853.0,3546.0,3546.0,3545.0,1856.0,1856.0,1856.0,1821.0,1821.0,1822.0
0.0,10824.0,5374.0,5461.0,5568.0,5365.0,1788.0,1788.0,1789.0,1820.0,1820.0,1821.0,1791.0,1791.0,1792.0,3607.0,3607.0,3610.0,1788.0,1788.0,1789.0,1820.0,1820.0,1821.0
0.0,11018.0,5383.0,5457.0,5365.0,5371.0,1791.0,1791.0,1789.0,1819.0,1819.0,1819.0,1794.0,1794.0,1795.0,3672.0,3672.0,3674.0,1791.0,1791.0,1789.0,1819.0,1819.0,1819.0
0.0,11000.0,5284.0,5452.0,5371.0,5269.0,1755.0,1755.0,1759.0,1817.0,1817.0,1818.0,1761.0,1761.0,1762.0,3666.0,3666.0,3668.0,1755.0,1755.0,1759.0,1817.0,1817.0,1818.0
0.0,11087.0,5590.0,5458.0,5269.0,5608.0,1869.0,1869.0,1870.0,1819.0,1819.0,1820.0,1863.0,1863.0,1864.0,3696.0,3696.0,3695.0,1869.0,1869.0,1870.0,1819.0,1819.0,1820.0
0.0,10766.0,5731.0,5467.0,5608.0,5758.0,1919.0,1919.0,1920.0,1822.0,1822.0,1823.0,1910.0,1910.0,1911.0,3588.0,3588.0,3590.0,1919.0,1919.0,1920.0,1822.0,1822.0,1823.0
0.0,10643.0,5763.0,5472.0,5758.0,5778.0,1927.0,1927.0,1924.0,1824.0,1824.0,1824.0,1921.0,1921.0,1921.0,3547.0,3547.0,3549.0,1927.0,1927.0,1924.0,1824.0,1824.0,1824.0
0.0,10638.0,5538.0,5473.0,5778.0,5541.0,1846.0,1846.0,1849.0,1824.0,1824.0,1825.0,1846.0,1846.0,1846.0,3545.0,3545.0,3548.0,1846.0,1846.0,1849.0,1824.0,1824.0,1825.0
0.0,10878.0,5392.0,5472.0,5541.0,5389.0,1797.0,1797.0,1795.0,1824.0,1824.0,1824.0,1797.0,1797.0,1798.0,3626.0,3626.0,3626.0,1797.0,1797.0,1795.0,1824.0,1824.0,1824.0
0.0,11027.0,5488.0,5473.0,5389.0,5491.0,1829.0,1829.0,1833.0,1824.0,1824.0,1825.0,1829.0,1829.0,1830.0,3675.0,3675.0,3677.0,1829.0,1829.0,1833.0,1824.0,1824.0,1825.0
0.0,10928.0,5587.0,5476.0,5491.0,5596.0,1865.0,1865.0,1866.0,1825.0,1825.0,1826.0,1862.0,1862.0,1863.0,3643.0,3643.0,3642.0,1865.0,1865.0,1866.0,1825.0,1825.0,1826.0
0.0,10832.0,5545.0,5479.0,5596.0,5554.0,1851.0,1851.0,1852.0,1826.0,1826.0,1827.0,1848.0,1848.0,1849.0,3610.0,3610.0,3612.0,1851.0,1851.0,1852.0,1826.0,1826.0,1827.0
0.0,10883.0,5601.0,5485.0,5554.0,5619.0,1873.0,1873.0,1873.0,1828.0,1828.0,1829.0,1867.0,1867.0,1867.0,3627.0,3627.0,3629.0,1873.0,1873.0,1873.0,1828.0,1828.0,1829.0
0.0,10836.0,5728.0,5494.0,5619.0,5755.0,1918.0,1918.0,1919.0,1831.0,1831.0,1832.0,1909.0,1909.0,1910.0,3611.0,3611.0,3614.0,1918.0,1918.0,1919.0,1831.0,1831.0,1832.0
0.0,10727.0,5601.0,5497.0,5755.0,5610.0,1870.0,1870.0,1870.0,1832.0,1832.0,1833.0,1867.0,1867.0,1867.0,3575.0,3575.0,3577.0,1870.0,1870.0,1870.0,1832.0,1832.0,1833.0
0.0,10881.0,5404.0,5494.0,5610.0,5395.0,1798.0,1798.0,1799.0,1831.0,1831.0,1832.0,1801.0,1801.0,1802.0,3626.0,3626.0,3629.0,1798.0,1798.0,1799.0,1831.0,1831.0,1832.0
0.0,11087.0,5440.0,5491.0,5395.0,5431.0,1810.0,1810.0,1811.0,1830.0,1830.0,1831.0,1813.0,1813.0,1814.0,3695.0,3695.0,3697.0,1810.0,1810.0,1811.0,1830.0,1830.0,1831.0
0.0,11042.0,5389.0,5488.0,5431.0,5380.0,1793.0,1793.0,1794.0,1829.0,1829.0,1830.0,1796.0,1796.0,1797.0,3680.0,3680.0,3682.0,1793.0,1793.0,1794.0,1829.0,1829.0,1830.0
0.0,11084.0,5569.0,5494.0,5380.0,5587.0,1862.0,1862.0,1863.0,1831.0,1831.0,1832.0,1856.0,1856.0,1857.0,3694.0,3694.0,3696.0,1862.0,1862.0,1863.0,1831.0,1831.0,1832.0
0.0,10895.0,5649.0,5503.0,5587.0,5676.0,1892.0,1892.0,1892.0,1834.0,1834.0,1835.0,1883.0,1883.0,1883.0,3631.0,3631.0,3633.0,1892.0,1892.0,1892.0,1834.0,1834.0,1835.0
0.0,10833.0,5760.0,5512.0,5676.0,5787.0,1929.0,1929.0,1929.0,1837.0,1837.0,1838.0,1920.0,1920.0,1920.0,3610.0,3610.0,3613.0,1929.0,1929.0,1929.0,1837.0,1837.0,1838.0
0.0,10749.0,5569.0,5512.0,5787.0,5569.0,1856.0,1856.0,1857.0,1837.0,1837.0,1838.0,1856.0,1856.0,1857.0,3582.0,3582.0,3585.0,1856.0,1856.0,1857.0,1837.0,1837.0,1838.0
0.0,10967.0,5526.0,5509.0,5569.0,5517.0,1839.0,1839.0,1839.0,1836.0,1836.0,1837.0,1842.0,1842.0,1842.0,3655.0,3655.0,3657.0,1839.0,1839.0,1839.0,1836.0,1836.0,1837.0
0.0,11010.0,5431.0,5506.0,5517.0,5422.0,1807.0,1807.0,1808.0,1835.0,1835.0,1836.0,1810.0,1810.0,1811.0,3669.0,3669.0,3672.0,1807.0,1807.0,1808.0,1835.0,1835.0,1836.0
0.0,11096.0,5500.0,5508.0,5422.0,5506.0,1836.0,1836.0,1834.0,1836.0,1836.0,1836.0,1833.0,1833.0,1834.0,3698.0,3698.0,3700.0,1836.0,1836.0,1834.0,1836.0,1836.0,1836.0
0.0,11018.0,5491.0,5509.0,5506.0,5494.0,1830.0,1830.0,1834.0,1836.0,1836.0,1837.0,1830.0,1830.0,1831.0,3672.0,3672.0,3674.0,1830.0,1830.0,1834.0,1836.0,1836.0,1837.0
0.0,11033.0,5602.0,5512.0,5494.0,5611.0,1870.0,1870.0,1871.0,1837.0,1837.0,1838.0,1867.0,1867.0,1868.0,3678.0,3678.0,3677.0,1870.0,1870.0,1871.0,1837.0,1837.0,1838.0
0.0,10925.0,5643.0,5518.0,5611.0,5661.0,1887.0,1887.0,1887.0,1839.0,1839.0,1840.0,1881.0,1881.0,1881.0,3641.0,3641.0,3643.0,1887.0,1887.0,1887.0,1839.0,1839.0,1840.0
0.0,10893.0,5680.0,5523.0,5661.0,5695.0,1899.0,1899.0,1897.0,1841.0,1841.0,1841.0,1893.0,1893.0,1894.0,3630.0,3630.0,3633.0,1899.0,1899.0,1897.0,1841.0,1841.0,1841.0
0.0,10874.0,5433.0,5520.0,5695.0,5424.0,1808.0,1808.0,1808.0,1840.0,1840.0,1840.0,1811.0,1811.0,1811.0,3624.0,3624.0,3626.0,1808.0,1808.0,1808.0,1840.0,1840.0,1840.0
0.0,11136.0,5509.0,5515.0,5424.0,5494.0,1830.0,1830.0,1834.0,1838.0,1838.0,1839.0,1836.0,1836.0,1837.0,3712.0,3712.0,3712.0,1830.0,1830.0,1834.0,1838.0,1838.0,1839.0
0.0,11051.0,5508.0,5518.0,5494.0,5517.0,1839.0,1839.0,1839.0,1839.0,1839.0,1840.0,1836.0,1836.0,1836.0,3684.0,3684.0,3683.0,1839.0,1839.0,1839.0,1839.0,1839.0,1840.0
0.0,11037.0,5593.0,5521.0,5517.0,5602.0,1867.0,1867.0,1868.0,1840.0,1840.0,1841.0,1864.0,1864.0,1865.0,3678.0,3678.0,3681.0,1867.0,1867.0,1868.0,1840.0,1840.0,1841.0
0.0,10961.0,5632.0,5529.0,5602.0,5656.0,1886.0,1886.0,1884.0,1843.0,1843.0,1843.0,1877.0,1877.0,1878.0,3653.0,3653.0,3655.0,1886.0,1886.0,1884.0,1843.0,1843.0,1843.0
0.0,10931.0,5722.0,5536.0,5656.0,5743.0,1913.0,1913.0,1917.0,1845.0,1845.0,1846.0,1907.0,1907.0,1908.0,3643.0,3643.0,3645.0,1913.0,1913.0,1917.0,1845.0,1845.0,1846.0
0.0,10865.0,5643.0,5539.0,5743.0,5652.0,1884.0,1884.0,1884.0,1846.0,1846.0,1847.0,1881.0,1881.0,1881.0,3622.0,3622.0,3621.0,1884.0,1884.0,1884.0,1846.0,1846.0,1847.0
0.0,10965.0,5524.0,5538.0,5652.0,5521.0,1841.0,1841.0,1839.0,1846.0,1846.0,1846.0,1841.0,1841.0,1842.0,3654.0,3654.0,3657.0,1841.0,1841.0,1839.0,1846.0,1846.0,1846.0
0.0,11093.0,5332.0,5530.0,5521.0,5308.0,1768.0,1768.0,1772.0,1843.0,1843.0,1844.0,1777.0,1777.0,1778.0,3697.0,3697.0,3699.0,1768.0,1768.0,1772.0,1843.0,1843.0,1844.0
0.0,11282.0,5529.0,5530.0,5308.0,5529.0,1843.0,1843.0,1843.0,1843.0,1843.0,1844.0,1843.0,1843.0,1843.0,3761.0,3761.0,3760.0,1843.0,1843.0,1843.0,1843.0,1843.0,1844.0
0.0,11061.0,5443.0,5530.0,5529.0,5443.0,1814.0,1814.0,1815.0,1843.0,1843.0,1844.0,1814.0,1814.0,1815.0,3686.0,3686.0,3689.0,1814.0,1814.0,1815.0,1843.0,1843.0,1844.0
0.0,11147.0,5629.0,5535.0,5443.0,5644.0,1882.0,1882.0,1880.0,1845.0,1845.0,1845.0,1876.0,1876.0,1877.0,3715.0,3715.0,3717.0,1882.0,1882.0,1880.0,1845.0,1845.0,1845.0
0.0,10961.0,5760.0,5542.0,5644.0,5781.0,1926.0,1926.0,1929.0,1847.0,1847.0,1848.0,1920.0,1920.0,1920.0,3653.0,3653.0,3655.0,1926.0,1926.0,1929.0,1847.0,1847.0,1848.0
0.0,10845.0,5656.0,5547.0,5781.0,5671.0,1891.0,1891.0,1889.0,1849.0,1849.0,1849.0,1885.0,1885.0,1886.0,3615.0,3615.0,3615.0,1891.0,1891.0,1889.0,1849.0,1849.0,1849.0
0.0,10970.0,5464.0,5545.0,5671.0,5458.0,1818.0,1818.0,1822.0,1848.0,1848.0,1849.0,1821.0,1821.0,1822.0,3656.0,3656.0,3658.0,1818.0,1818.0,1822.0,1848.0,1848.0,1849.0
0.0,11177.0,5410.0,5539.0,5458.0,5392.0,1797.0,1797.0,1798.0,1846.0,1846.0,1847.0,1803.0,1803.0,1804.0,3726.0,3726.0,3725.0,1797.0,1797.0,1798.0,1846.0,1846.0,1847.0
0.0,11225.0,5443.0,5536.0,5392.0,5434.0,1811.0,1811.0,1812.0,1845.0,1845.0,1846.0,1814.0,1814.0,1815.0,3741.0,3741.0,3743.0,1811.0,1811.0,1812.0,1845.0,1845.0,1846.0
0.0,11174.0,5533.0,5539.0,5434.0,5542.0,1847.0,1847.0,1848.0,1846.0,1846.0,1847.0,1844.0,1844.0,1845.0,3724.0,3724.0,3726.0,1847.0,1847.0,1848.0,1846.0,1846.0,1847.0
0.0,11075.0,5557.0,5544.0,5542.0,5572.0,1858.0,1858.0,1856.0,1848.0,1848.0,1848.0,1852.0,1852.0,1853.0,3691.0,3691.0,3693.0,1858.0,1858.0,1856.0,1848.0,1848.0,1848.0
0.0,11060.0,5692.0,5551.0,5572.0,5713.0,1903.0,1903.0,1907.0,1850.0,1850.0,1851.0,1897.0,1897.0,1898.0,3686.0,3686.0,3688.0,1903.0,1903.0,1907.0,1850.0,1850.0,1851.0
0.0,10940.0,5616.0,5554.0,5713.0,5625.0,1875.0,1875.0,1875.0,1851.0,1851.0,1852.0,1872.0,1872.0,1872.0,3647.0,3647.0,3646.0,1875.0,1875.0,1875.0,1851.0,1851.0,1852.0
0.0,11037.0,5485.0,5551.0,5625.0,5476.0,1825.0,1825.0,1826.0,1850.0,1850.0,1851.0,1828.0,1828.0,1829.0,3678.0,3678.0,3681.0,1825.0,1825.0,1826.0,1850.0,1850.0,1851.0
0.0,11177.0,5407.0,5545.0,5476.0,5389.0,1796.0,1796.0,1797.0,1848.0,1848.0,1849.0,1802.0,1802.0,1803.0,3725.0,3725.0,3727.0,1796.0,1796.0,1797.0,1848.0,1848.0,1849.0
0.0,11246.0,5551.0,5545.0,5389.0,5551.0,1850.0,1850.0,1851.0,1848.0,1848.0,1849.0,1850.0,1850.0,1851.0,3748.0,3748.0,3750.0,1850.0,1850.0,1851.0,1848.0,1848.0,1849.0
0.0,11084.0,5665.0,5551.0,5551.0,5683.0,1894.0,1894.0,1895.0,1850.0,1850.0,1851.0,1888.0,1888.0,1889.0,3694.0,3694.0,3696.0,1894.0,1894.0,1895.0,1850.0,1850.0,1851.0
0.0,10970.0,5755.0,5557.0,5683.0,5773.0,1924.0,1924.0,1925.0,1852.0,1852.0,1853.0,1918.0,1918.0,1919.0,3656.0,3656.0,3658.0,1924.0,1924.0,1925.0,1852.0,1852.0,1853.0
0.0,10898.0,5871.0,5569.0,5773.0,5907.0,1969.0,1969.0,1969.0,1856.0,1856.0,1857.0,1957.0,1957.0,1957.0,3632.0,3632.0,3634.0,1969.0,1969.0,1969.0,1856.0,1856.0,1857.0
0.0,10800.0,5565.0,5569.0,5907.0,5565.0,1855.0,1855.0,1855.0,1856.0,1856.0,1857.0,1855.0,1855.0,1855.0,3599.0,3599.0,3602.0,1855.0,1855.0,1855.0,1856.0,1856.0,1857.0
0.0,11142.0,5448.0,5563.0,5565.0,5430.0,1810.0,1810.0,1810.0,1854.0,1854.0,1855.0,1816.0,1816.0,1816.0,3713.0,3713.0,3716.0,1810.0,1810.0,1810.0,1854.0,1854.0,1855.0
0.0,11259.0,5494.0,5557.0,5430.0,5476.0,1825.0,1825.0,1826.0,1852.0,1852.0,1853.0,1831.0,1831.0,1832.0,3752.0,3752.0,3755.0,1825.0,1825.0,1826.0,1852.0,1852.0,1853.0
0.0,11195.0,5470.0,5557.0,5476.0,5470.0,1823.0,1823.0,1824.0,1852.0,1852.0,1853.0,1823.0,1823.0,1824.0,3731.0,3731.0,3733.0,1823.0,1823.0,1824.0,1852.0,1852.0,1853.0
0.0,11201.0,5635.0,5560.0,5470.0,5644.0,1881.0,1881.0,1882.0,1853.0,1853.0,1854.0,1878.0,1878.0,1879.0,3733.0,3733.0,3735.0,1881.0,1881.0,1882.0,1853.0,1853.0,1854.0
0.0,11036.0,5707.0,5566.0,5644.0,5725.0,1908.0,1908.0,1909.0,1855.0,1855.0,1856.0,1902.0,1902.0,1903.0,3678.0,3678.0,3680.0,1908.0,1908.0,1909.0,1855.0,1855.0,1856.0
0.0,10973.0,5788.0,5569.0,5725.0,5797.0,1932.0,1932.0,1933.0,1856.0,1856.0,1857.0,1929.0,1929.0,1930.0,3657.0,3657.0,3659.0,1932.0,1932.0,1933.0,1856.0,1856.0,1857.0
0.0,10910.0,5701.0,5572.0,5797.0,5710.0,1903.0,1903.0,1904.0,1857.0,1857.0,1858.0,1900.0,1900.0,1901.0,3636.0,3636.0,3638.0,1903.0,1903.0,1904.0,1857.0,1857.0,1858.0
0.0,11006.0,5437.0,5569.0,5710.0,5428.0,1809.0,1809.0,1810.0,1856.0,1856.0,1857.0,1812.0,1812.0,1813.0,3668.0,3668.0,3670.0,1809.0,1809.0,1810.0,1856.0,1856.0,1857.0
0.0,11279.0,5383.0,5563.0,5428.0,5365.0,1788.0,1788.0,1789.0,1854.0,1854.0,1855.0,1794.0,1794.0,1795.0,3759.0,3759.0,3761.0,1788.0,1788.0,1789.0,1854.0,1854.0,1855.0
0.0,11324.0,5514.0,5560.0,5365.0,5505.0,1835.0,1835.0,1835.0,1853.0,1853.0,1854.0,1838.0,1838.0,1838.0,3774.0,3774.0,3776.0,1835.0,1835.0,1835.0,1853.0,1853.0,1854.0
0.0,11175.0,5539.0,5563.0,5505.0,5548.0,1849.0,1849.0,1850.0,1854.0,1854.0,1855.0,1846.0,1846.0,1847.0,3724.0,3724.0,3727.0,1849.0,1849.0,1850.0,1854.0,1854.0,1855.0
0.0,11141.0,5734.0,5569.0,5548.0,5752.0,1917.0,1917.0,1918.0,1856.0,1856.0,1857.0,1911.0,1911.0,1912.0,3713.0,3713.0,3715.0,1917.0,1917.0,1918.0,1856.0,1856.0,1857.0
0.0,10955.0,5739.0,5575.0,5752.0,5757.0,1919.0,1919.0,1919.0,1858.0,1858.0,1859.0,1913.0,1913.0,1913.0,3651.0,3651.0,3653.0,1919.0,1919.0,1919.0,1858.0,1858.0,1859.0
0.0,10968.0,5724.0,5578.0,5757.0,5733.0,1911.0,1911.0,1911.0,1859.0,1859.0,1860.0,1908.0,1908.0,1908.0,3655.0,3655.0,3658.0,1911.0,1911.0,1911.0,1859.0,1859.0,1860.0
0.0,11001.0,5491.0,5575.0,5733.0,5482.0,1827.0,1827.0,1828.0,1858.0,1858.0,1859.0,1830.0,1830.0,1831.0,3666.0,3666.0,3669.0,1827.0,1827.0,1828.0,1858.0,1858.0,1859.0
0.0,11243.0,5509.0,5571.0,5482.0,5497.0,1833.0,1833.0,1831.0,1857.0,1857.0,1857.0,1836.0,1836.0,1837.0,3747.0,3747.0,3749.0,1833.0,1833.0,1831.0,1857.0,1857.0,1857.0
0.0,11216.0,5497.0,5569.0,5497.0,5491.0,1829.0,1829.0,1833.0,1856.0,1856.0,1857.0,1832.0,1832.0,1833.0,3738.0,3738.0,3740.0,1829.0,1829.0,1833.0,1856.0,1856.0,1857.0
0.0,11216.0,5560.0,5569.0,5491.0,5560.0,1853.0,1853.0,1854.0,1856.0,1856.0,1857.0,1853.0,1853.0,1854.0,3739.0,3739.0,3738.0,1853.0,1853.0,1854.0,1856.0,1856.0,1857.0
0.0,11147.0,5656.0,5575.0,5560.0,5674.0,1891.0,1891.0,1892.0,1858.0,1858.0,1859.0,1885.0,1885.0,1886.0,3715.0,3715.0,3717.0,1891.0,1891.0,1892.0,1858.0,1858.0,1859.0
0.0,11051.0,5872.0,5581.0,5674.0,5890.0,1963.0,1963.0,1964.0,1860.0,1860.0,1861.0,1957.0,1957.0,1958.0,3683.0,3683.0,3685.0,1963.0,1963.0,1964.0,1860.0,1860.0,1861.0
0.0,10853.0,5595.0,5584.0,5890.0,5604.0,1868.0,1868.0,1868.0,1861.0,1861.0,1862.0,1865.0,1865.0,1865.0,3617.0,3617.0,3619.0,1868.0,1868.0,1868.0,1861.0,1861.0,1862.0
0.0,11148.0,5590.0,5584.0,5604.0,5590.0,1863.0,1863.0,1864.0,1861.0,1861.0,1862.0,1863.0,1863.0,1864.0,3715.0,3715.0,3718.0,1863.0,1863.0,1864.0,1861.0,1861.0,1862.0
0.0,11162.0,5497.0,5581.0,5590.0,5488.0,1829.0,1829.0,1830.0,1860.0,1860.0,1861.0,1832.0,1832.0,1833.0,3720.0,3720.0,3722.0,1829.0,1829.0,1830.0,1860.0,1860.0,1861.0
0.0,11255.0,5443.0,5575.0,5488.0,5425.0,1808.0,1808.0,1809.0,1858.0,1858.0,1859.0,1814.0,1814.0,1815.0,3751.0,3751.0,3753.0,1808.0,1808.0,1809.0,1858.0,1858.0,1859.0
0.0,11300.0,5595.0,5578.0,5425.0,5604.0,1868.0,1868.0,1868.0,1859.0,1859.0,1860.0,1865.0,1865.0,1865.0,3766.0,3766.0,3768.0,1868.0,1868.0,1868.0,1859.0,1859.0,1860.0
0.0,11130.0,5728.0,5584.0,5604.0,5746.0,1915.0,1915.0,1916.0,1861.0,1861.0,1862.0,1909.0,1909.0,1910.0,3709.0,3709.0,3712.0,1915.0,1915.0,1916.0,1861.0,1861.0,1862.0
0.0,11006.0,5635.0,5586.0,5746.0,5641.0,1881.0,1881.0,1879.0,1862.0,1862.0,1862.0,1878.0,1878.0,1879.0,3668.0,3668.0,3670.0,1881.0,1881.0,1879.0,1862.0,1862.0,1862.0
0.0,11117.0,5742.0,5589.0,5641.0,5751.0,1917.0,1917.0,1917.0,1863.0,1863.0,1863.0,1914.0,1914.0,1914.0,3705.0,3705.0,3707.0,1917.0,1917.0,1917.0,1863.0,1863.0,1863.0
0.0,11016.0,5542.0,5587.0,5751.0,5536.0,1844.0,1844.0,1848.0,1862.0,1862.0,1863.0,1847.0,1847.0,1848.0,3672.0,3672.0,3672.0,1844.0,1844.0,1848.0,1862.0,1862.0,1863.0
0.0,11225.0,5500.0,5583.0,5536.0,5488.0,1830.0,1830.0,1828.0,1861.0,1861.0,1861.0,1833.0,1833.0,1834.0,3742.0,3742.0,3741.0,1830.0,1830.0,1828.0,1861.0,1861.0,1861.0
0.0,11261.0,5545.0,5581.0,5488.0,5539.0,1845.0,1845.0,1849.0,1860.0,1860.0,1861.0,1848.0,1848.0,1849.0,3753.0,3753.0,3755.0,1845.0,1845.0,1849.0,1860.0,1860.0,1861.0
0.0,11204.0,5656.0,5584.0,5539.0,5665.0,1888.0,1888.0,1889.0,1861.0,1861.0,1862.0,1885.0,1885.0,1886.0,3735.0,3735.0,3734.0,1888.0,1888.0,1889.0,1861.0,1861.0,1862.0
0.0,11087.0,5836.0,5593.0,5665.0,5863.0,1954.0,1954.0,1955.0,1864.0,1864.0,1865.0,1945.0,1945.0,1946.0,3695.0,3695.0,3697.0,1954.0,1954.0,1955.0,1864.0,1864.0,1865.0
0.0,10916.0,5746.0,5596.0,5863.0,5755.0,1918.0,1918.0,1919.0,1865.0,1865.0,1866.0,1915.0,1915.0,1916.0,3638.0,3638.0,3640.0,1918.0,1918.0,1919.0,1865.0,1865.0,1866.0
0.0,11033.0,5731.0,5602.0,5755.0,5749.0,1916.0,1916.0,1917.0,1867.0,1867.0,1868.0,1910.0,1910.0,1911.0,3677.0,3677.0,3679.0,1916.0,1916.0,1917.0,1867.0,1867.0,1868.0
0.0,11057.0,5521.0,5601.0,5749.0,5518.0,1840.0,1840.0,1838.0,1867.0,1867.0,1867.0,1840.0,1840.0,1841.0,3685.0,3685.0,3687.0,1840.0,1840.0,1838.0,1867.0,1867.0,1867.0
0.0,11285.0,5386.0,5593.0,5518.0,5362.0,1786.0,1786.0,1790.0,1864.0,1864.0,1865.0,1795.0,1795.0,1796.0,3761.0,3761.0,3763.0,1786.0,1786.0,1790.0,1864.0,1864.0,1865.0
0.0,11417.0,5571.0,5592.0,5362.0,5568.0,1857.0,1857.0,1854.0,1864.0,1864.0,1864.0,1857.0,1857.0,1857.0,3806.0,3806.0,3805.0,1857.0,1857.0,1854.0,1864.0,1864.0,1864.0
0.0,11208.0,5635.0,5596.0,5568.0,5647.0,1881.0,1881.0,1885.0,1865.0,1865.0,1866.0,1878.0,1878.0,1879.0,3735.0,3735.0,3738.0,1881.0,1881.0,1885.0,1865.0,1865.0,1866.0
0.0,11141.0,5728.0,5602.0,5647.0,5746.0,1915.0,1915.0,1916.0,1867.0,1867.0,1868.0,1909.0,1909.0,1910.0,3714.0,3714.0,3713.0,1915.0,1915.0,1916.0,1867.0,1867.0,1868.0
0.0,11060.0,5685.0,5605.0,5746.0,5694.0,1898.0,1898.0,1898.0,1868.0,1868.0,1869.0,1895.0,1895.0,1895.0,3686.0,3686.0,3688.0,1898.0,1898.0,1898.0,1868.0,1868.0,1869.0
0.0,11121.0,5650.0,5608.0,5694.0,5659.0,1886.0,1886.0,1887.0,1869.0,1869.0,1870.0,1883.0,1883.0,1884.0,3706.0,3706.0,3709.0,1886.0,1886.0,1887.0,1869.0,1869.0,1870.0
0.0,11165.0,5563.0,5608.0,5659.0,5563.0,1854.0,1854.0,1855.0,1869.0,1869.0,1870.0,1854.0,1854.0,1855.0,3721.0,3721.0,3723.0,1854.0,1854.0,1855.0,1869.0,1869.0,1870.0
0.0,11261.0,5536.0,5605.0,5563.0,5527.0,1842.0,1842.0,1843.0,1868.0,1868.0,1869.0,1845.0,1845.0,1846.0,3753.0,3753.0,3755.0,1842.0,1842.0,1843.0,1868.0,1868.0,1869.0
0.0,11288.0,5494.0,5602.0,5527.0,5485.0,1828.0,1828.0,1829.0,1867.0,1867.0,1868.0,1831.0,1831.0,1832.0,3762.0,3762.0,3764.0,1828.0,1828.0,1829.0,1867.0,1867.0,1868.0
0.0,11321.0,5613.0,5605.0,5485.0,5622.0,1874.0,1874.0,1874.0,1868.0,1868.0,1869.0,1871.0,1871.0,1871.0,3773.0,3773.0,3775.0,1874.0,1874.0,1874.0,1868.0,1868.0,1869.0
0.0,11193.0,5794.0,5613.0,5622.0,5818.0,1940.0,1940.0,1938.0,1871.0,1871.0,1871.0,1931.0,1931.0,1932.0,3730.0,3730.0,3733.0,1940.0,1940.0,1938.0,1871.0,1871.0,1871.0
0.0,11021.0,5778.0,5617.0,5818.0,5790.0,1929.0,1929.0,1932.0,1872.0,1872.0,1873.0,1926.0,1926.0,1926.0,3673.0,3673.0,3675.0,1929.0,1929.0,1932.0,1872.0,1872.0,1873.0
0.0,11061.0,5647.0,5617.0,5790.0,5647.0,1882.0,1882.0,1883.0,1872.0,1872.0,1873.0,1882.0,1882.0,1883.0,3687.0,3687.0,3687.0,1882.0,1882.0,1883.0,1872.0,1872.0,1873.0
0.0,11204.0,5593.0,5614.0,5647.0,5584.0,1861.0,1861.0,1862.0,1871.0,1871.0,1872.0,1864.0,1864.0,1865.0,3734.0,3734.0,3736.0,1861.0,1861.0,1862.0,1871.0,1871.0,1872.0
0.0,11258.0,5449.0,5605.0,5584.0,5422.0,1807.0,1807.0,1808.0,1868.0,1868.0,1869.0,1816.0,1816.0,1817.0,3752.0,3752.0,3754.0,1807.0,1807.0,1808.0,1868.0,1868.0,1869.0
0.0,11393.0,5458.0,5604.0,5422.0,5455.0,1819.0,1819.0,1817.0,1868.0,1868.0,1868.0,1819.0,1819.0,1820.0,3797.0,3797.0,3799.0,1819.0,1819.0,1817.0,1868.0,1868.0,1868.0
0.0,11357.0,5650.0,5608.0,5455.0,5662.0,1886.0,1886.0,1890.0,1869.0,1869.0,1870.0,1883.0,1883.0,1884.0,3785.0,3785.0,3787.0,1886.0,1886.0,1890.0,1869.0,1869.0,1870.0
0.0,11162.0,5812.0,5614.0,5662.0,5830.0,1943.0,1943.0,1944.0,1871.0,1871.0,1872.0,1937.0,1937.0,1938.0,3721.0,3721.0,3720.0,1943.0,1943.0,1944.0,1871.0,1871.0,1872.0
0.0,11012.0,5785.0,5620.0,5830.0,5803.0,1934.0,1934.0,1935.0,1873.0,1873.0,1874.0,1928.0,1928.0,1929.0,3670.0,3670.0,3672.0,1934.0,1934.0,1935.0,1873.0,1873.0,1874.0
0.0,11057.0,5904.0,5625.0,5803.0,5919.0,1974.0,1974.0,1971.0,1875.0,1875.0,1875.0,1968.0,1968.0,1968.0,3685.0,3685.0,3687.0,1974.0,1974.0,1971.0,1875.0,1875.0,1875.0
0.0,10956.0,5626.0,5623.0,5919.0,5620.0,1872.0,1872.0,1876.0,1874.0,1874.0,1875.0,1875.0,1875.0,1876.0,3651.0,3651.0,3654.0,1872.0,1872.0,1876.0,1874.0,1874.0,1875.0
0.0,11249.0,5470.0,5617.0,5620.0,5452.0,1817.0,1817.0,1818.0,1872.0,1872.0,1873.0,1823.0,1823.0,1824.0,3750.0,3750.0,3749.0,1817.0,1817.0,1818.0,1872.0,1872.0,1873.0
0.0,11399.0,5602.0,5614.0,5452.0,5593.0,1864.0,1864.0,1865.0,1871.0,1871.0,1872.0,1867.0,1867.0,1868.0,3799.0,3799.0,3801.0,1864.0,1864.0,1865.0,1871.0,1871.0,1872.0
0.0,11249.0,5668.0,5620.0,5593.0,5686.0,1895.0,1895.0,1896.0,1873.0,1873.0,1874.0,1889.0,1889.0,1890.0,3749.0,3749.0,3751.0,1895.0,1895.0,1896.0,1873.0,1873.0,1874.0
0.0,11174.0,5754.0,5626.0,5686.0,5772.0,1924.0,1924.0,1924.0,1875.0,1875.0,1876.0,1918.0,1918.0,1918.0,3724.0,3724.0,3726.0,1924.0,1924.0,1924.0,1875.0,1875.0,1876.0
0.0,11106.0,5766.0,5632.0,5772.0,5784.0,1928.0,1928.0,1928.0,1877.0,1877.0,1878.0,1922.0,1922.0,1922.0,3701.0,3701.0,3704.0,1928.0,1928.0,1928.0,1877.0,1877.0,1878.0
0.0,11112.0,5779.0,5635.0,5784.0,5788.0,1929.0,1929.0,1930.0,1878.0,1878.0,1879.0,1926.0,1926.0,1927.0,3703.0,3703.0,3706.0,1929.0,1929.0,1930.0,1878.0,1878.0,1879.0
0.0,11117.0,5602.0,5634.0,5788.0,5599.0,1867.0,1867.0,1865.0,1878.0,1878.0,1878.0,1867.0,1867.0,1868.0,3705.0,3705.0,3707.0,1867.0,1867.0,1865.0,1878.0,1878.0,1878.0
0.0,11303.0,5533.0,5629.0,5599.0,5518.0,1838.0,1838.0,1842.0,1876.0,1876.0,1877.0,1844.0,1844.0,1845.0,3767.0,3767.0,3769.0,1838.0,1838.0,1842.0,1876.0,1876.0,1877.0
0.0,11369.0,5569.0,5626.0,5518.0,5560.0,1853.0,1853.0,1854.0,1875.0,1875.0,1876.0,1856.0,1856.0,1857.0,3790.0,3790.0,3789.0,1853.0,1853.0,1854.0,1875.0,1875.0,1876.0
0.0,11318.0,5572.0,5629.0,5560.0,5581.0,1860.0,1860.0,1861.0,1876.0,1876.0,1877.0,1857.0,1857.0,1858.0,3772.0,3772.0,3774.0,1860.0,1860.0,1861.0,1876.0,1876.0,1877.0
0.0,11306.0,5734.0,5632.0,5581.0,5743.0,1914.0,1914.0,1915.0,1877.0,1877.0,1878.0,1911.0,1911.0,1912.0,3768.0,3768.0,3770.0,1914.0,1914.0,1915.0,1877.0,1877.0,1878.0
0.0,11153.0,5850.0,5640.0,5743.0,5874.0,1959.0,1959.0,1956.0,1880.0,1880.0,1880.0,1950.0,1950.0,1950.0,3717.0,3717.0,3719.0,1959.0,1959.0,1956.0,1880.0,1880.0,1880.0
0.0,11046.0,5791.0,5644.0,5874.0,5803.0,1933.0,1933.0,1937.0,1881.0,1881.0,1882.0,1930.0,1930.0,1931.0,3681.0,3681.0,3684.0,1933.0,1933.0,1937.0,1881.0,1881.0,1882.0
0.0,11129.0,5584.0,5643.0,5803.0,5581.0,1861.0,1861.0,1859.0,1881.0,1881.0,1881.0,1861.0,1861.0,1862.0,3710.0,3710.0,3709.0,1861.0,1861.0,1859.0,1881.0,1881.0,1881.0
0.0,11348.0,5643.0,5638.0,5581.0,5628.0,1875.0,1875.0,1878.0,1879.0,1879.0,1880.0,1881.0,1881.0,1881.0,3782.0,3782.0,3784.0,1875.0,1875.0,1878.0,1879.0,1879.0,1880.0
0.0,11286.0,5565.0,5638.0,5628.0,5565.0,1855.0,1855.0,1855.0,1879.0,1879.0,1880.0,1855.0,1855.0,1855.0,3762.0,3762.0,3762.0,1855.0,1855.0,1855.0,1879.0,1879.0,1880.0
0.0,11349.0,5595.0,5638.0,5565.0,5595.0,1865.0,1865.0,1865.0,1879.0,1879.0,1880.0,1865.0,1865.0,1865.0,3782.0,3782.0,3785.0,1865.0,1865.0,1865.0,1879.0,1879.0,1880.0
0.0,11319.0,5815.0,5644.0,5595.0,5833.0,1944.0,1944.0,1945.0,1881.0,1881.0,1882.0,1938.0,1938.0,1939.0,3772.0,3772.0,3775.0,1944.0,1944.0,1945.0,1881.0,1881.0,1882.0
0.0,11099.0,5890.0,5653.0,5833.0,5917.0,1972.0,1972.0,1973.0,1884.0,1884.0,1885.0,1963.0,1963.0,1964.0,3699.0,3699.0,3701.0,1972.0,1972.0,1973.0,1884.0,1884.0,1885.0
0.0,11042.0,5713.0,5655.0,5917.0,5719.0,1907.0,1907.0,1905.0,1885.0,1885.0,1885.0,1904.0,1904.0,1905.0,3680.0,3680.0,3682.0,1907.0,1907.0,1905.0,1885.0,1885.0,1885.0
0.0,11246.0,5614.0,5653.0,5719.0,5608.0,1868.0,1868.0,1872.0,1884.0,1884.0,1885.0,1871.0,1871.0,1872.0,3748.0,3748.0,3750.0,1868.0,1868.0,1872.0,1884.0,1884.0,1885.0
0.0,11351.0,5497.0,5650.0,5608.0,5488.0,1829.0,1829.0,1830.0,1883.0,1883.0,1884.0,1832.0,1832.0,1833.0,3784.0,3784.0,3783.0,1829.0,1829.0,1830.0,1883.0,1883.0,1884.0
0.0,11462.0,5602.0,5647.0,5488.0,5593.0,1864.0,1864.0,1865.0,1882.0,1882.0,1883.0,1867.0,1867.0,1868.0,3820.0,3820.0,3822.0,1864.0,1864.0,1865.0,1882.0,1882.0,1883.0
0.0,11348.0,5662.0,5650.0,5593.0,5671.0,1890.0,1890.0,1891.0,1883.0,1883.0,1884.0,1887.0,1887.0,1888.0,3782.0,3782.0,3784.0,1890.0,1890.0,1891.0,1883.0,1883.0,1884.0
0.0,11279.0,5707.0,5653.0,5671.0,5716.0,1905.0,1905.0,1906.0,1884.0,1884.0,1885.0,1902.0,1902.0,1903.0,3759.0,3759.0,3761.0,1905.0,1905.0,1906.0,1884.0,1884.0,1885.0
0.0,11243.0,5791.0,5659.0,5716.0,5809.0,1936.0,1936.0,1937.0,1886.0,1886.0,1887.0,1930.0,1930.0,1931.0,3747.0,3747.0,3749.0,1936.0,1936.0,1937.0,1886.0,1886.0,1887.0
0.0,11168.0,5782.0,5661.0,5809.0,5788.0,1930.0,1930.0,1928.0,1887.0,1887.0,1887.0,1927.0,1927.0,1928.0,3722.0,3722.0,3724.0,1930.0,1930.0,1928.0,1887.0,1887.0,1887.0
0.0,11195.0,5650.0,5656.0,5788.0,5635.0,1877.0,1877.0,1881.0,1885.0,1885.0,1886.0,1883.0,1883.0,1884.0,3731.0,3731.0,3733.0,1877.0,1877.0,1881.0,1885.0,1885.0,1886.0
0.0,11333.0,5608.0,5653.0,5635.0,5599.0,1866.0,1866.0,1867.0,1884.0,1884.0,1885.0,1869.0,1869.0,1870.0,3778.0,3778.0,3777.0,1866.0,1866.0,1867.0,1884.0,1884.0,1885.0
0.0,11360.0,5548.0,5650.0,5599.0,5539.0,1846.0,1846.0,1847.0,1883.0,1883.0,1884.0,1849.0,1849.0,1850.0,3786.0,3786.0,3788.0,1846.0,1846.0,1847.0,1883.0,1883.0,1884.0
0.0,11411.0,5670.0,5653.0,5539.0,5679.0,1893.0,1893.0,1893.0,1884.0,1884.0,1885.0,1890.0,1890.0,1890.0,3803.0,3803.0,3805.0,1893.0,1893.0,1893.0,1884.0,1884.0,1885.0
0.0,11280.0,5857.0,5662.0,5679.0,5884.0,1961.0,1961.0,1962.0,1887.0,1887.0,1888.0,1952.0,1952.0,1953.0,3759.0,3759.0,3762.0,1961.0,1961.0,1962.0,1887.0,1887.0,1888.0
0.0,11102.0,5875.0,5668.0,5884.0,5893.0,1964.0,1964.0,1965.0,1889.0,1889.0,1890.0,1958.0,1958.0,1959.0,3700.0,3700.0,3702.0,1964.0,1964.0,1965.0,1889.0,1889.0,1890.0
0.0,11111.0,5719.0,5671.0,5893.0,5728.0,1909.0,1909.0,1910.0,1890.0,1890.0,1891.0,1906.0,1906.0,1907.0,3703.0,3703.0,3705.0,1909.0,1909.0,1910.0,1890.0,1890.0,1891.0
0.0,11285.0,5632.0,5668.0,5728.0,5623.0,1874.0,1874.0,1875.0,1889.0,1889.0,1890.0,1877.0,1877.0,1878.0,3761.0,3761.0,3763.0,1874.0,1874.0,1875.0,1889.0,1889.0,1890.0
0.0,11381.0,5509.0,5665.0,5623.0,5500.0,1833.0,1833.0,1834.0,1888.0,1888.0,1889.0,1836.0,1836.0,1837.0,3793.0,3793.0,3795.0,1833.0,1833.0,1834.0,1888.0,1888.0,1889.0
0.0,11495.0,5676.0,5665.0,5500.0,5676.0,1892.0,1892.0,1892.0,1888.0,1888.0,1889.0,1892.0,1892.0,1892.0,3831.0,3831.0,3833.0,1892.0,1892.0,1892.0,1888.0,1888.0,1889.0
0.0,11319.0,5722.0,5668.0,5676.0,5731.0,1910.0,1910.0,1911.0,1889.0,1889.0,1890.0,1907.0,1907.0,1908.0,3772.0,3772.0,3775.0,1910.0,1910.0,1911.0,1889.0,1889.0,1890.0
0.0,11273.0,5788.0,5674.0,5731.0,5806.0,1935.0,1935.0,1936.0,1891.0,1891.0,1892.0,1929.0,1929.0,1930.0,3757.0,3757.0,3759.0,1935.0,1935.0,1936.0,1891.0,1891.0,1892.0
0.0,11216.0,5887.0,5680.0,5806.0,5905.0,1968.0,1968.0,1969.0,1893.0,1893.0,1894.0,1962.0,1962.0,1963.0,3738.0,3738.0,3740.0,1968.0,1968.0,1969.0,1893.0,1893.0,1894.0
0.0,11135.0,5797.0,5683.0,5905.0,5806.0,1935.0,1935.0,1936.0,1894.0,1894.0,1895.0,1932.0,1932.0,1933.0,3711.0,3711.0,3713.0,1935.0,1935.0,1936.0,1894.0,1894.0,1895.0
0.0,11243.0,5647.0,5682.0,5806.0,5644.0,1882.0,1882.0,1880.0,1894.0,1894.0,1894.0,1882.0,1882.0,1883.0,3747.0,3747.0,3749.0,1882.0,1882.0,1880.0,1894.0,1894.0,1894.0
0.0,11402.0,5560.0,5677.0,5644.0,5545.0,1847.0,1847.0,1851.0,1892.0,1892.0,1893.0,1853.0,1853.0,1854.0,3800.0,3800.0,3802.0,1847.0,1847.0,1851.0,1892.0,1892.0,1893.0
0.0,11486.0,5506.0,5674.0,5545.0,5497.0,1832.0,1832.0,1833.0,1891.0,1891.0,1892.0,1835.0,1835.0,1836.0,3829.0,3829.0,3828.0,1832.0,1832.0,1833.0,1891.0,1891.0,1892.0
0.0,11525.0,5734.0,5677.0,5497.0,5743.0,1914.0,1914.0,1915.0,1892.0,1892.0,1893.0,1911.0,1911.0,1912.0,3841.0,3841.0,3843.0,1914.0,1914.0,1915.0,1892.0,1892.0,1893.0
0.0,11288.0,5830.0,5685.0,5743.0,5854.0,1952.0,1952.0,1950.0,1895.0,1895.0,1895.0,1943.0,1943.0,1944.0,3762.0,3762.0,3764.0,1952.0,1952.0,1950.0,1895.0,1895.0,1895.0
0.0,11201.0,5857.0,5692.0,5854.0,5878.0,1958.0,1958.0,1962.0,1897.0,1897.0,1898.0,1952.0,1952.0,1953.0,3733.0,3733.0,3735.0,1958.0,1958.0,1962.0,1897.0,1897.0,1898.0
0.0,11198.0,5803.0,5695.0,5878.0,5812.0,1937.0,1937.0,1938.0,1898.0,1898.0,1899.0,1934.0,1934.0,1935.0,3733.0,3733.0,3732.0,1937.0,1937.0,1938.0,1898.0,1898.0,1899.0
0.0,11273.0,5809.0,5695.0,5812.0,5809.0,1936.0,1936.0,1937.0,1898.0,1898.0,1899.0,1936.0,1936.0,1937.0,3757.0,3757.0,3759.0,1936.0,1936.0,1937.0,1898.0,1898.0,1899.0
0.0,11276.0,5530.0,5689.0,5809.0,5512.0,1837.0,1837.0,1838.0,1896.0,1896.0,1897.0,1843.0,1843.0,1844.0,3758.0,3758.0,3760.0,1837.0,1837.0,1838.0,1896.0,1896.0,1897.0
0.0,11555.0,5614.0,5685.0,5512.0,5602.0,1868.0,1868.0,1866.0,1895.0,1895.0,1895.0,1871.0,1871.0,1872.0,3851.0,3851.0,3853.0,1868.0,1868.0,1866.0,1895.0,1895.0,1895.0
0.0,11453.0,5695.0,5686.0,5602.0,5698.0,1898.0,1898.0,1902.0,1895.0,1895.0,1896.0,1898.0,1898.0,1899.0,3817.0,3817.0,3819.0,1898.0,1898.0,1902.0,1895.0,1895.0,1896.0
0.0,11360.0,5782.0,5692.0,5698.0,5800.0,1933.0,1933.0,1934.0,1897.0,1897.0,1898.0,1927.0,1927.0,1928.0,3787.0,3787.0,3786.0,1933.0,1933.0,1934.0,1897.0,1897.0,1898.0
0.0,11276.0,5857.0,5698.0,5800.0,5875.0,1958.0,1958.0,1959.0,1899.0,1899.0,1900.0,1952.0,1952.0,1953.0,3758.0,3758.0,3760.0,1958.0,1958.0,1959.0,1899.0,1899.0,1900.0
0.0,11219.0,5719.0,5698.0,5875.0,5719.0,1906.0,1906.0,1907.0,1899.0,1899.0,1900.0,1906.0,1906.0,1907.0,3739.0,3739.0,3741.0,1906.0,1906.0,1907.0,1899.0,1899.0,1900.0
0.0,11375.0,5803.0,5698.0,5719.0,5803.0,1934.0,1934.0,1935.0,1899.0,1899.0,1900.0,1934.0,1934.0,1935.0,3791.0,3791.0,3793.0,1934.0,1934.0,1935.0,1899.0,1899.0,1900.0
0.0,11291.0,5574.0,5695.0,5803.0,5565.0,1855.0,1855.0,1855.0,1898.0,1898.0,1899.0,1858.0,1858.0,1858.0,3763.0,3763.0,3765.0,1855.0,1855.0,1855.0,1898.0,1898.0,1899.0
0.0,11520.0,5640.0,5692.0,5565.0,5631.0,1877.0,1877.0,1877.0,1897.0,1897.0,1898.0,1880.0,1880.0,1880.0,3839.0,3839.0,3842.0,1877.0,1877.0,1877.0,1897.0,1897.0,1898.0
0.0,11445.0,5740.0,5695.0,5631.0,5749.0,1916.0,1916.0,1917.0,1898.0,1898.0,1899.0,1913.0,1913.0,1914.0,3814.0,3814.0,3817.0,1916.0,1916.0,1917.0,1898.0,1898.0,1899.0
0.0,11336.0,5728.0,5698.0,5749.0,5737.0,1912.0,1912.0,1913.0,1899.0,1899.0,1900.0,1909.0,1909.0,1910.0,3778.0,3778.0,3780.0,1912.0,1912.0,1913.0,1899.0,1899.0,1900.0
0.0,11357.0,5854.0,5704.0,5737.0,5872.0,1957.0,1957.0,1958.0,1901.0,1901.0,1902.0,1951.0,1951.0,1952.0,3785.0,3785.0,3787.0,1957.0,1957.0,1958.0,1901.0,1901.0,1902.0
0.0,11240.0,5800.0,5709.0,5872.0,5815.0,1939.0,1939.0,1937.0,1903.0,1903.0,1903.0,1933.0,1933.0,1934.0,3746.0,3746.0,3748.0,1939.0,1939.0,1937.0,1903.0,1903.0,1903.0
0.0,11312.0,5778.0,5710.0,5815.0,5781.0,1926.0,1926.0,1929.0,1903.0,1903.0,1904.0,1926.0,1926.0,1926.0,3770.0,3770.0,3772.0,1926.0,1926.0,1929.0,1903.0,1903.0,1904.0
0.0,11349.0,5584.0,5704.0,5781.0,5566.0,1855.0,1855.0,1856.0,1901.0,1901.0,1902.0,1861.0,1861.0,1862.0,3783.0,3783.0,3783.0,1855.0,1855.0,1856.0,1901.0,1901.0,1902.0
0.0,11546.0,5623.0,5701.0,5566.0,5614.0,1871.0,1871.0,1872.0,1900.0,1900.0,1901.0,1874.0,1874.0,1875.0,3848.0,3848.0,3850.0,1871.0,1871.0,1872.0,1900.0,1900.0,1901.0
0.0,11489.0,5740.0,5704.0,5614.0,5749.0,1916.0,1916.0,1917.0,1901.0,1901.0,1902.0,1913.0,1913.0,1914.0,3829.0,3829.0,3831.0,1916.0,1916.0,1917.0,1901.0,1901.0,1902.0
0.0,11363.0,5866.0,5709.0,5749.0,5881.0,1961.0,1961.0,1959.0,1903.0,1903.0,1903.0,1955.0,1955.0,1956.0,3787.0,3787.0,3789.0,1961.0,1961.0,1959.0,1903.0,1903.0,1903.0
0.0,11246.0,5947.0,5716.0,5881.0,5968.0,1988.0,1988.0,1992.0,1905.0,1905.0,1906.0,1982.0,1982.0,1983.0,3748.0,3748.0,3750.0,1988.0,1988.0,1992.0,1905.0,1905.0,1906.0
0.0,11180.0,5815.0,5719.0,5968.0,5824.0,1941.0,1941.0,1942.0,1906.0,1906.0,1907.0,1938.0,1938.0,1939.0,3727.0,3727.0,3726.0,1941.0,1941.0,1942.0,1906.0,1906.0,1907.0
0.0,11333.0,5674.0,5718.0,5824.0,5671.0,1891.0,1891.0,1889.0,1906.0,1906.0,1906.0,1891.0,1891.0,1892.0,3777.0,3777.0,3779.0,1891.0,1891.0,1889.0,1906.0,1906.0,1906.0
0.0,11483.0,5644.0,5713.0,5671.0,5629.0,1875.0,1875.0,1879.0,1904.0,1904.0,1905.0,1881.0,1881.0,1882.0,3827.0,3827.0,3829.0,1875.0,1875.0,1879.0,1904.0,1904.0,1905.0
0.0,11510.0,5643.0,5710.0,5629.0,5634.0,1878.0,1878.0,1878.0,1903.0,1903.0,1904.0,1881.0,1881.0,1881.0,3837.0,3837.0,3836.0,1878.0,1878.0,1878.0,1903.0,1903.0,1904.0
0.0,11496.0,5782.0,5715.0,5634.0,5797.0,1933.0,1933.0,1931.0,1905.0,1905.0,1905.0,1927.0,1927.0,1928.0,3831.0,3831.0,3834.0,1933.0,1933.0,1931.0,1905.0,1905.0,1905.0
0.0,11348.0,5866.0,5722.0,5797.0,5887.0,1961.0,1961.0,1965.0,1907.0,1907.0,1908.0,1955.0,1955.0,1956.0,3782.0,3782.0,3784.0,1961.0,1961.0,1965.0,1907.0,1907.0,1908.0
0.0,11279.0,5854.0,5727.0,5887.0,5869.0,1957.0,1957.0,1955.0,1909.0,1909.0,1909.0,1951.0,1951.0,1952.0,3760.0,3760.0,3759.0,1957.0,1957.0,1955.0,1909.0,1909.0,1909.0
0.0,11312.0,5815.0,5730.0,5869.0,5824.0,1941.0,1941.0,1942.0,1910.0,1910.0,1910.0,1938.0,1938.0,1939.0,3770.0,3770.0,3772.0,1941.0,1941.0,1942.0,1910.0,1910.0,1910.0
0.0,11366.0,5692.0,5728.0,5824.0,5686.0,1894.0,1894.0,1898.0,1909.0,1909.0,1910.0,1897.0,1897.0,1898.0,3789.0,3789.0,3788.0,1894.0,1894.0,1898.0,1909.0,1909.0,1910.0
0.0,11498.0,5575.0,5725.0,5686.0,5566.0,1855.0,1855.0,1856.0,1908.0,1908.0,1909.0,1858.0,1858.0,1859.0,3833.0,3833.0,3832.0,1855.0,1855.0,1856.0,1908.0,1908.0,1909.0
0.0,11609.0,5563.0,5722.0,5566.0,5554.0,1851.0,1851.0,1852.0,1907.0,1907.0,1908.0,1854.0,1854.0,1855.0,3869.0,3869.0,3871.0,1851.0,1851.0,1852.0,1907.0,1907.0,1908.0
0.0,11612.0,5725.0,5722.0,5554.0,5725.0,1908.0,1908.0,1909.0,1907.0,1907.0,1908.0,1908.0,1908.0,1909.0,3870.0,3870.0,3872.0,1908.0,1908.0,1909.0,1907.0,1907.0,1908.0
0.0,11441.0,5941.0,5728.0,5725.0,5959.0,1986.0,1986.0,1987.0,1909.0,1909.0,1910.0,1980.0,1980.0,1981.0,3813.0,3813.0,3815.0,1986.0,1986.0,1987.0,1909.0,1909.0,1910.0
0.0,11225.0,5911.0,5736.0,5959.0,5935.0,1979.0,1979.0,1977.0,1912.0,1912.0,1912.0,1970.0,1970.0,1971.0,3741.0,3741.0,3743.0,1979.0,1979.0,1977.0,1912.0,1912.0,1912.0
0.0,11273.0,5662.0,5736.0,5935.0,5662.0,1887.0,1887.0,1888.0,1912.0,1912.0,1912.0,1887.0,1887.0,1888.0,3757.0,3757.0,3759.0,1887.0,1887.0,1888.0,1912.0,1912.0,1912.0
0.0,11546.0,5605.0,5731.0,5662.0,5590.0,1862.0,1862.0,1866.0,1910.0,1910.0,1911.0,1868.0,1868.0,1869.0,3849.0,3849.0,3848.0,1862.0,1862.0,1866.0,1910.0,1910.0,1911.0
0.0,11603.0,5548.0,5725.0,5590.0,5530.0,1843.0,1843.0,1844.0,1908.0,1908.0,1909.0,1849.0,1849.0,1850.0,3868.0,3868.0,3867.0,1843.0,1843.0,1844.0,1908.0,1908.0,1909.0
0.0,11645.0,5722.0,5725.0,5530.0,5722.0,1907.0,1907.0,1908.0,1908.0,1908.0,1909.0,1907.0,1907.0,1908.0,3881.0,3881.0,3883.0,1907.0,1907.0,1908.0,1908.0,1908.0,1909.0
0.0,11453.0,5704.0,5725.0,5722.0,5704.0,1901.0,1901.0,1902.0,1908.0,1908.0,1909.0,1901.0,1901.0,1902.0,3817.0,3817.0,3819.0,1901.0,1901.0,1902.0,1908.0,1908.0,1909.0
0.0,11471.0,5890.0,5734.0,5704.0,5917.0,1972.0,1972.0,1973.0,1911.0,1911.0,1912.0,1963.0,1963.0,1964.0,3823.0,3823.0,3825.0,1972.0,1972.0,1973.0,1911.0,1911.0,1912.0
0.0,11285.0,5794.0,5734.0,5917.0,5794.0,1931.0,1931.0,1932.0,1911.0,1911.0,1912.0,1931.0,1931.0,1932.0,3761.0,3761.0,3763.0,1931.0,1931.0,1932.0,1911.0,1911.0,1912.0
0.0,11408.0,5896.0,5740.0,5794.0,5914.0,1971.0,1971.0,1972.0,1913.0,1913.0,1914.0,1965.0,1965.0,1966.0,3802.0,3802.0,3804.0,1971.0,1971.0,1972.0,1913.0,1913.0,1914.0
0.0,11306.0,5698.0,5737.0,5914.0,5689.0,1896.0,1896.0,1897.0,1912.0,1912.0,1913.0,1899.0,1899.0,1900.0,3768.0,3768.0,3770.0,1896.0,1896.0,1897.0,1912.0,1912.0,1913.0
0.0,11522.0,5653.0,5733.0,5689.0,5641.0,1881.0,1881.0,1879.0,1911.0,1911.0,1911.0,1884.0,1884.0,1885.0,3840.0,3840.0,3842.0,1881.0,1881.0,1879.0,1911.0,1911.0,1911.0
0.0,11558.0,5704.0,5731.0,5641.0,5698.0,1898.0,1898.0,1902.0,1910.0,1910.0,1911.0,1901.0,1901.0,1902.0,3852.0,3852.0,3854.0,1898.0,1898.0,1902.0,1910.0,1910.0,1911.0
0.0,11495.0,5836.0,5734.0,5698.0,5845.0,1948.0,1948.0,1949.0,1911.0,1911.0,1912.0,1945.0,1945.0,1946.0,3832.0,3832.0,3831.0,1948.0,1948.0,1949.0,1911.0,1911.0,1912.0
0.0,11357.0,5809.0,5740.0,5845.0,5827.0,1942.0,1942.0,1943.0,1913.0,1913.0,1914.0,1936.0,1936.0,1937.0,3785.0,3785.0,3787.0,1942.0,1942.0,1943.0,1913.0,1913.0,1914.0
0.0,11393.0,5997.0,5749.0,5827.0,6024.0,2008.0,2008.0,2008.0,1916.0,1916.0,1917.0,1999.0,1999.0,1999.0,3797.0,3797.0,3799.0,2008.0,2008.0,2008.0,1916.0,1916.0,1917.0
0.0,11223.0,6007.0,5755.0,6024.0,6025.0,2008.0,2008.0,2009.0,1918.0,1918.0,1919.0,2002.0,2002.0,2003.0,3740.0,3740.0,3743.0,2008.0,2008.0,2009.0,1918.0,1918.0,1919.0
0.0,11240.0,5827.0,5755.0,6025.0,5827.0,1942.0,1942.0,1943.0,1918.0,1918.0,1919.0,1942.0,1942.0,1943.0,3746.0,3746.0,3748.0,1942.0,1942.0,1943.0,1918.0,1918.0,1919.0
0.0,11438.0,5578.0,5749.0,5827.0,5560.0,1853.0,1853.0,1854.0,1916.0,1916.0,1917.0,1859.0,1859.0,1860.0,3812.0,3812.0,3814.0,1853.0,1853.0,1854.0,1916.0,1916.0,1917.0
0.0,11687.0,5704.0,5746.0,5560.0,5695.0,1898.0,1898.0,1899.0,1915.0,1915.0,1916.0,1901.0,1901.0,1902.0,3895.0,3895.0,3897.0,1898.0,1898.0,1899.0,1915.0,1915.0,1916.0
0.0,11543.0,5794.0,5746.0,5695.0,5794.0,1931.0,1931.0,1932.0,1915.0,1915.0,1916.0,1931.0,1931.0,1932.0,3847.0,3847.0,3849.0,1931.0,1931.0,1932.0,1915.0,1915.0,1916.0
0.0,11444.0,5923.0,5755.0,5794.0,5950.0,1983.0,1983.0,1984.0,1918.0,1918.0,1919.0,1974.0,1974.0,1975.0,3814.0,3814.0,3816.0,1983.0,1983.0,1984.0,1918.0,1918.0,1919.0
0.0,11315.0,5997.0,5761.0,5950.0,6015.0,2005.0,2005.0,2005.0,1920.0,1920.0,1921.0,1999.0,1999.0,1999.0,3771.0,3771.0,3773.0,2005.0,2005.0,2005.0,1920.0,1920.0,1921.0
0.0,11268.0,5971.0,5767.0,6015.0,5989.0,1996.0,1996.0,1997.0,1922.0,1922.0,1923.0,1990.0,1990.0,1991.0,3755.0,3755.0,3758.0,1996.0,1996.0,1997.0,1922.0,1922.0,1923.0
0.0,11312.0,5857.0,5767.0,5989.0,5857.0,1952.0,1952.0,1953.0,1922.0,1922.0,1923.0,1952.0,1952.0,1953.0,3770.0,3770.0,3772.0,1952.0,1952.0,1953.0,1922.0,1922.0,1923.0
0.0,11444.0,5626.0,5764.0,5857.0,5617.0,1872.0,1872.0,1873.0,1921.0,1921.0,1922.0,1875.0,1875.0,1876.0,3814.0,3814.0,3816.0,1872.0,1872.0,1873.0,1921.0,1921.0,1922.0
0.0,11675.0,5698.0,5764.0,5617.0,5698.0,1899.0,1899.0,1900.0,1921.0,1921.0,1922.0,1899.0,1899.0,1900.0,3891.0,3891.0,3893.0,1899.0,1899.0,1900.0,1921.0,1921.0,1922.0
0.0,11594.0,5740.0,5761.0,5698.0,5731.0,1910.0,1910.0,1911.0,1920.0,1920.0,1921.0,1913.0,1913.0,1914.0,3864.0,3864.0,3866.0,1910.0,1910.0,1911.0,1920.0,1920.0,1921.0
0.0,11552.0,5932.0,5770.0,5731.0,5959.0,1986.0,1986.0,1987.0,1923.0,1923.0,1924.0,1977.0,1977.0,1978.0,3850.0,3850.0,3852.0,1986.0,1986.0,1987.0,1923.0,1923.0,1924.0
0.0,11351.0,5860.0,5773.0,5959.0,5869.0,1956.0,1956.0,1957.0,1924.0,1924.0,1925.0,1953.0,1953.0,1954.0,3783.0,3783.0,3785.0,1956.0,1956.0,1957.0,1924.0,1924.0,1925.0
0.0,11450.0,5848.0,5776.0,5869.0,5857.0,1952.0,1952.0,1953.0,1925.0,1925.0,1926.0,1949.0,1949.0,1950.0,3816.0,3816.0,3818.0,1952.0,1952.0,1953.0,1925.0,1925.0,1926.0
0.0,11471.0,5815.0,5776.0,5857.0,5815.0,1938.0,1938.0,1939.0,1925.0,1925.0,1926.0,1938.0,1938.0,1939.0,3823.0,3823.0,3825.0,1938.0,1938.0,1939.0,1925.0,1925.0,1926.0
0.0,11513.0,5704.0,5773.0,5815.0,5695.0,1898.0,1898.0,1899.0,1924.0,1924.0,1925.0,1901.0,1901.0,1902.0,3837.0,3837.0,3839.0,1898.0,1898.0,1899.0,1924.0,1924.0,1925.0
0.0,11624.0,5679.0,5772.0,5695.0,5676.0,1893.0,1893.0,1890.0,1924.0,1924.0,1924.0,1893.0,1893.0,1893.0,3874.0,3874.0,3876.0,1893.0,1893.0,1890.0,1924.0,1924.0,1924.0
0.0,11640.0,5808.0,5773.0,5676.0,5811.0,1936.0,1936.0,1939.0,1924.0,1924.0,1925.0,1936.0,1936.0,1936.0,3879.0,3879.0,3882.0,1936.0,1936.0,1939.0,1924.0,1924.0,1925.0
0.0,11508.0,5995.0,5779.0,5811.0,6013.0,2004.0,2004.0,2005.0,1926.0,1926.0,1927.0,1998.0,1998.0,1999.0,3836.0,3836.0,3836.0,2004.0,2004.0,2005.0,1926.0,1926.0,1927.0
0.0,11324.0,5935.0,5785.0,6013.0,5953.0,1984.0,1984.0,1985.0,1928.0,1928.0,1929.0,1978.0,1978.0,1979.0,3774.0,3774.0,3776.0,1984.0,1984.0,1985.0,1928.0,1928.0,1929.0
0.0,11402.0,5820.0,5788.0,5953.0,5829.0,1943.0,1943.0,1943.0,1929.0,1929.0,1930.0,1940.0,1940.0,1940.0,3800.0,3800.0,3802.0,1943.0,1943.0,1943.0,1929.0,1929.0,1930.0
0.0,11535.0,5839.0,5788.0,5829.0,5839.0,1946.0,1946.0,1947.0,1929.0,1929.0,1930.0,1946.0,1946.0,1947.0,3844.0,3844.0,3847.0,1946.0,1946.0,1947.0,1929.0,1929.0,1930.0
0.0,11525.0,5803.0,5785.0,5839.0,5794.0,1931.0,1931.0,1932.0,1928.0,1928.0,1929.0,1934.0,1934.0,1935.0,3841.0,3841.0,3843.0,1931.0,1931.0,1932.0,1928.0,1928.0,1929.0
0.0,11561.0,5794.0,5785.0,5794.0,5794.0,1931.0,1931.0,1932.0,1928.0,1928.0,1929.0,1931.0,1931.0,1932.0,3853.0,3853.0,3855.0,1931.0,1931.0,1932.0,1928.0,1928.0,1929.0
0.0,11561.0,5916.0,5788.0,5794.0,5925.0,1975.0,1975.0,1975.0,1929.0,1929.0,1930.0,1972.0,1972.0,1972.0,3853.0,3853.0,3855.0,1975.0,1975.0,1975.0,1929.0,1929.0,1930.0
0.0,11439.0,6127.0,5797.0,5925.0,6154.0,2051.0,2051.0,2052.0,1932.0,1932.0,1933.0,2042.0,2042.0,2043.0,3812.0,3812.0,3815.0,2051.0,2051.0,2052.0,1932.0,1932.0,1933.0
0.0,11237.0,5956.0,5803.0,6154.0,5974.0,1991.0,1991.0,1992.0,1934.0,1934.0,1935.0,1985.0,1985.0,1986.0,3745.0,3745.0,3747.0,1991.0,1991.0,1992.0,1934.0,1934.0,1935.0
0.0,11435.0,5950.0,5806.0,5974.0,5959.0,1986.0,1986.0,1987.0,1935.0,1935.0,1936.0,1983.0,1983.0,1984.0,3811.0,3811.0,3813.0,1986.0,1986.0,1987.0,1935.0,1935.0,1936.0
0.0,11459.0,5719.0,5803.0,5959.0,5710.0,1903.0,1903.0,1904.0,1934.0,1934.0,1935.0,1906.0,1906.0,1907.0,3819.0,3819.0,3821.0,1903.0,1903.0,1904.0,1934.0,1934.0,1935.0
0.0,11699.0,5629.0,5800.0,5710.0,5620.0,1873.0,1873.0,1874.0,1933.0,1933.0,1934.0,1876.0,1876.0,1877.0,3899.0,3899.0,3901.0,1873.0,1873.0,1874.0,1933.0,1933.0,1934.0
0.0,11780.0,5557.0,5794.0,5620.0,5539.0,1846.0,1846.0,1847.0,1931.0,1931.0,1932.0,1852.0,1852.0,1853.0,3926.0,3926.0,3928.0,1846.0,1846.0,1847.0,1931.0,1931.0,1932.0
0.0,11843.0,5833.0,5797.0,5539.0,5842.0,1947.0,1947.0,1948.0,1932.0,1932.0,1933.0,1944.0,1944.0,1945.0,3947.0,3947.0,3949.0,1947.0,1947.0,1948.0,1932.0,1932.0,1933.0
0.0,11549.0,5887.0,5803.0,5842.0,5905.0,1968.0,1968.0,1969.0,1934.0,1934.0,1935.0,1962.0,1962.0,1963.0,3849.0,3849.0,3851.0,1968.0,1968.0,1969.0,1934.0,1934.0,1935.0
0.0,11504.0,5946.0,5812.0,5905.0,5973.0,1991.0,1991.0,1991.0,1937.0,1937.0,1938.0,1982.0,1982.0,1982.0,3834.0,3834.0,3836.0,1991.0,1991.0,1991.0,1937.0,1937.0,1938.0
0.0,11463.0,5953.0,5815.0,5973.0,5962.0,1987.0,1987.0,1988.0,1938.0,1938.0,1939.0,1984.0,1984.0,1985.0,3820.0,3820.0,3823.0,1987.0,1987.0,1988.0,1938.0,1938.0,1939.0
0.0,11483.0,5749.0,5812.0,5962.0,5740.0,1913.0,1913.0,1914.0,1937.0,1937.0,1938.0,1916.0,1916.0,1917.0,3827.0,3827.0,3829.0,1913.0,1913.0,1914.0,1937.0,1937.0,1938.0
0.0,11696.0,5710.0,5808.0,5740.0,5698.0,1900.0,1900.0,1898.0,1936.0,1936.0,1936.0,1903.0,1903.0,1904.0,3898.0,3898.0,3900.0,1900.0,1900.0,1898.0,1936.0,1936.0,1936.0
0.0,11726.0,5749.0,5809.0,5698.0,5752.0,1916.0,1916.0,1920.0,1936.0,1936.0,1937.0,1916.0,1916.0,1917.0,3908.0,3908.0,3910.0,1916.0,1916.0,1920.0,1936.0,1936.0,1937.0
0.0,11675.0,5946.0,5815.0,5752.0,5964.0,1988.0,1988.0,1988.0,1938.0,1938.0,1939.0,1982.0,1982.0,1982.0,3892.0,3892.0,3891.0,1988.0,1988.0,1988.0,1938.0,1938.0,1939.0
0.0,11481.0,5896.0,5823.0,5964.0,5920.0,1974.0,1974.0,1972.0,1941.0,1941.0,1941.0,1965.0,1965.0,1966.0,3826.0,3826.0,3829.0,1974.0,1974.0,1972.0,1941.0,1941.0,1941.0
0.0,11549.0,5850.0,5824.0,5920.0,5853.0,1950.0,1950.0,1953.0,1941.0,1941.0,1942.0,1950.0,1950.0,1950.0,3849.0,3849.0,3851.0,1950.0,1950.0,1953.0,1941.0,1941.0,1942.0
0.0,11619.0,5917.0,5830.0,5853.0,5935.0,1978.0,1978.0,1979.0,1943.0,1943.0,1944.0,1972.0,1972.0,1973.0,3873.0,3873.0,3873.0,1978.0,1978.0,1979.0,1943.0,1943.0,1944.0
0.0,11555.0,5791.0,5827.0,5935.0,5782.0,1927.0,1927.0,1928.0,1942.0,1942.0,1943.0,1930.0,1930.0,1931.0,3851.0,3851.0,3853.0,1927.0,1927.0,1928.0,1942.0,1942.0,1943.0
0.0,11699.0,5602.0,5824.0,5782.0,5593.0,1864.0,1864.0,1865.0,1941.0,1941.0,1942.0,1867.0,1867.0,1868.0,3899.0,3899.0,3901.0,1864.0,1864.0,1865.0,1941.0,1941.0,1942.0
0.0,11879.0,5644.0,5818.0,5593.0,5626.0,1875.0,1875.0,1876.0,1939.0,1939.0,1940.0,1881.0,1881.0,1882.0,3959.0,3959.0,3961.0,1875.0,1875.0,1876.0,1939.0,1939.0,1940.0
0.0,11828.0,5830.0,5821.0,5626.0,5839.0,1946.0,1946.0,1947.0,1940.0,1940.0,1941.0,1943.0,1943.0,1944.0,3942.0,3942.0,3944.0,1946.0,1946.0,1947.0,1940.0,1940.0,1941.0
0.0,11624.0,6070.0,5830.0,5839.0,6097.0,2032.0,2032.0,2033.0,1943.0,1943.0,1944.0,2023.0,2023.0,2024.0,3874.0,3874.0,3876.0,2032.0,2032.0,2033.0,1943.0,1943.0,1944.0
0.0,11393.0,6058.0,5836.0,6097.0,6076.0,2025.0,2025.0,2026.0,1945.0,1945.0,1946.0,2019.0,2019.0,2020.0,3797.0,3797.0,3799.0,2025.0,2025.0,2026.0,1945.0,1945.0,1946.0
0.0,11432.0,5955.0,5839.0,6076.0,5964.0,1988.0,1988.0,1988.0,1946.0,1946.0,1947.0,1985.0,1985.0,1985.0,3810.0,3810.0,3812.0,1988.0,1988.0,1988.0,1946.0,1946.0,1947.0
0.0,11553.0,5872.0,5839.0,5964.0,5872.0,1957.0,1957.0,1958.0,1946.0,1946.0,1947.0,1957.0,1957.0,1958.0,3850.0,3850.0,3853.0,1957.0,1957.0,1958.0,1946.0,1946.0,1947.0
0.0,11645.0,5683.0,5833.0,5872.0,5665.0,1888.0,1888.0,1889.0,1944.0,1944.0,1945.0,1894.0,1894.0,1895.0,3881.0,3881.0,3883.0,1888.0,1888.0,1889.0,1944.0,1944.0,1945.0
0.0,11834.0,5707.0,5827.0,5665.0,5689.0,1896.0,1896.0,1897.0,1942.0,1942.0,1943.0,1902.0,1902.0,1903.0,3944.0,3944.0,3946.0,1896.0,1896.0,1897.0,1942.0,1942.0,1943.0
0.0,11792.0,5821.0,5827.0,5689.0,5821.0,1940.0,1940.0,1941.0,1942.0,1942.0,1943.0,1940.0,1940.0,1941.0,3930.0,3930.0,3932.0,1940.0,1940.0,1941.0,1942.0,1942.0,1943.0
0.0,11660.0,5890.0,5833.0,5821.0,5908.0,1969.0,1969.0,1970.0,1944.0,1944.0,1945.0,1963.0,1963.0,1964.0,3886.0,3886.0,3888.0,1969.0,1969.0,1970.0,1944.0,1944.0,1945.0
0.0,11591.0,6064.0,5841.0,5908.0,6088.0,2030.0,2030.0,2028.0,1947.0,1947.0,1947.0,2021.0,2021.0,2022.0,3863.0,3863.0,3865.0,2030.0,2030.0,2028.0,1947.0,1947.0,1947.0
0.0,11435.0,5854.0,5842.0,6088.0,5857.0,1951.0,1951.0,1955.0,1947.0,1947.0,1948.0,1951.0,1951.0,1952.0,3811.0,3811.0,3813.0,1951.0,1951.0,1955.0,1947.0,1947.0,1948.0
0.0,11669.0,5842.0,5839.0,5857.0,5833.0,1944.0,1944.0,1945.0,1946.0,1946.0,1947.0,1947.0,1947.0,1948.0,3890.0,3890.0,3889.0,1944.0,1944.0,1945.0,1946.0,1946.0,1947.0
0.0,11684.0,5700.0,5835.0,5833.0,5688.0,1897.0,1897.0,1894.0,1945.0,1945.0,1945.0,1900.0,1900.0,1900.0,3894.0,3894.0,3896.0,1897.0,1897.0,1894.0,1945.0,1945.0,1945.0
0.0,11817.0,5926.0,5833.0,5688.0,5920.0,1972.0,1972.0,1976.0,1944.0,1944.0,1945.0,1975.0,1975.0,1976.0,3938.0,3938.0,3941.0,1972.0,1972.0,1976.0,1944.0,1944.0,1945.0
0.0,11579.0,5962.0,5836.0,5920.0,5971.0,1990.0,1990.0,1991.0,1945.0,1945.0,1946.0,1987.0,1987.0,1988.0,3860.0,3860.0,3859.0,1990.0,1990.0,1991.0,1945.0,1945.0,1946.0
0.0,11537.0,5971.0,5842.0,5971.0,5989.0,1996.0,1996.0,1997.0,1947.0,1947.0,1948.0,1990.0,1990.0,1991.0,3845.0,3845.0,3847.0,1996.0,1996.0,1997.0,1947.0,1947.0,1948.0
0.0,11537.0,6043.0,5848.0,5989.0,6061.0,2020.0,2020.0,2021.0,1949.0,1949.0,1950.0,2014.0,2014.0,2015.0,3845.0,3845.0,3847.0,2020.0,2020.0,2021.0,1949.0,1949.0,1950.0
0.0,11483.0,5956.0,5854.0,6061.0,5974.0,1991.0,1991.0,1992.0,1951.0,1951.0,1952.0,1985.0,1985.0,1986.0,3827.0,3827.0,3829.0,1991.0,1991.0,1992.0,1951.0,1951.0,1952.0
0.0,11588.0,5896.0,5853.0,5974.0,5893.0,1965.0,1965.0,1963.0,1951.0,1951.0,1951.0,1965.0,1965.0,1966.0,3862.0,3862.0,3864.0,1965.0,1965.0,1963.0,1951.0,1951.0,1951.0
0.0,11666.0,5731.0,5851.0,5893.0,5725.0,1907.0,1907.0,1911.0,1950.0,1950.0,1951.0,1910.0,1910.0,1911.0,3888.0,3888.0,3890.0,1907.0,1907.0,1911.0,1950.0,1950.0,1951.0
0.0,11828.0,5716.0,5848.0,5725.0,5707.0,1902.0,1902.0,1903.0,1949.0,1949.0,1950.0,1905.0,1905.0,1906.0,3943.0,3943.0,3942.0,1902.0,1902.0,1903.0,1949.0,1949.0,1950.0
0.0,11837.0,5713.0,5845.0,5707.0,5704.0,1901.0,1901.0,1902.0,1948.0,1948.0,1949.0,1904.0,1904.0,1905.0,3945.0,3945.0,3947.0,1901.0,1901.0,1902.0,1948.0,1948.0,1949.0
0.0,11831.0,6088.0,5854.0,5704.0,6115.0,2038.0,2038.0,2039.0,1951.0,1951.0,1952.0,2029.0,2029.0,2030.0,3943.0,3943.0,3945.0,2038.0,2038.0,2039.0,1951.0,1951.0,1952.0
0.0,11447.0,6118.0,5860.0,6115.0,6136.0,2045.0,2045.0,2046.0,1953.0,1953.0,1954.0,2039.0,2039.0,2040.0,3815.0,3815.0,3817.0,2045.0,2045.0,2046.0,1953.0,1953.0,1954.0
0.0,11444.0,5950.0,5863.0,6136.0,5959.0,1986.0,1986.0,1987.0,1954.0,1954.0,1955.0,1983.0,1983.0,1984.0,3814.0,3814.0,3816.0,1986.0,1986.0,1987.0,1954.0,1954.0,1955.0
0.0,11630.0,5815.0,5860.0,5959.0,5806.0,1935.0,1935.0,1936.0,1953.0,1953.0,1954.0,1938.0,1938.0,1939.0,3876.0,3876.0,3878.0,1935.0,1935.0,1936.0,1953.0,1953.0,1954.0
0.0,11774.0,5710.0,5857.0,5806.0,5701.0,1900.0,1900.0,1901.0,1952.0,1952.0,1953.0,1903.0,1903.0,1904.0,3924.0,3924.0,3926.0,1900.0,1900.0,1901.0,1952.0,1952.0,1953.0
0.0,11870.0,5815.0,5857.0,5701.0,5815.0,1938.0,1938.0,1939.0,1952.0,1952.0,1953.0,1938.0,1938.0,1939.0,3956.0,3956.0,3958.0,1938.0,1938.0,1939.0,1952.0,1952.0,1953.0
0.0,11756.0,5887.0,5857.0,5815.0,5887.0,1962.0,1962.0,1963.0,1952.0,1952.0,1953.0,1962.0,1962.0,1963.0,3918.0,3918.0,3920.0,1962.0,1962.0,1963.0,1952.0,1952.0,1953.0
0.0,11684.0,6004.0,5860.0,5887.0,6013.0,2004.0,2004.0,2005.0,1953.0,1953.0,1954.0,2001.0,2001.0,2002.0,3894.0,3894.0,3896.0,2004.0,2004.0,2005.0,1953.0,1953.0,1954.0
0.0,11567.0,6090.0,5866.0,6013.0,6108.0,2036.0,2036.0,2036.0,1955.0,1955.0,1956.0,2030.0,2030.0,2030.0,3855.0,3855.0,3857.0,2036.0,2036.0,2036.0,1955.0,1955.0,1956.0
0.0,11490.0,5974.0,5868.0,6108.0,5980.0,1994.0,1994.0,1992.0,1956.0,1956.0,1956.0,1991.0,1991.0,1992.0,3829.0,3829.0,3832.0,1994.0,1994.0,1992.0,1956.0,1956.0,1956.0
0.0,11624.0,5863.0,5863.0,5980.0,5848.0,1948.0,1948.0,1952.0,1954.0,1954.0,1955.0,1954.0,1954.0,1955.0,3874.0,3874.0,3876.0,1948.0,1948.0,1952.0,1954.0,1954.0,1955.0
0.0,11741.0,5892.0,5862.0,5848.0,5889.0,1964.0,1964.0,1961.0,1954.0,1954.0,1954.0,1964.0,1964.0,1964.0,3914.0,3914.0,3913.0,1964.0,1964.0,1961.0,1954.0,1954.0,1954.0
0.0,11697.0,5782.0,5857.0,5889.0,5767.0,1921.0,1921.0,1925.0,1952.0,1952.0,1953.0,1927.0,1927.0,1928.0,3898.0,3898.0,3901.0,1921.0,1921.0,1925.0,1952.0,1952.0,1953.0
0.0,11804.0,6001.0,5863.0,5767.0,6019.0,2006.0,2006.0,2007.0,1954.0,1954.0,1955.0,2000.0,2000.0,2001.0,3935.0,3935.0,3934.0,2006.0,2006.0,2007.0,1954.0,1954.0,1955.0
0.0,11570.0,6118.0,5872.0,6019.0,6145.0,2048.0,2048.0,2049.0,1957.0,1957.0,1958.0,2039.0,2039.0,2040.0,3856.0,3856.0,3858.0,2048.0,2048.0,2049.0,1957.0,1957.0,1958.0
0.0,11471.0,6039.0,5881.0,6145.0,6066.0,2022.0,2022.0,2022.0,1960.0,1960.0,1961.0,2013.0,2013.0,2013.0,3823.0,3823.0,3825.0,2022.0,2022.0,2022.0,1960.0,1960.0,1961.0
0.0,11577.0,6124.0,5887.0,6066.0,6142.0,2047.0,2047.0,2048.0,1962.0,1962.0,1963.0,2041.0,2041.0,2042.0,3858.0,3858.0,3861.0,2047.0,2047.0,2048.0,1962.0,1962.0,1963.0
0.0,11519.0,5875.0,5887.0,6142.0,5875.0,1958.0,1958.0,1959.0,1962.0,1962.0,1963.0,1958.0,1958.0,1959.0,3839.0,3839.0,3841.0,1958.0,1958.0,1959.0,1962.0,1962.0,1963.0
0.0,11786.0,5797.0,5884.0,5875.0,5788.0,1929.0,1929.0,1930.0,1961.0,1961.0,1962.0,1932.0,1932.0,1933.0,3928.0,3928.0,3930.0,1929.0,1929.0,1930.0,1961.0,1961.0,1962.0
0.0,11864.0,5782.0,5881.0,5788.0,5773.0,1924.0,1924.0,1925.0,1960.0,1960.0,1961.0,1927.0,1927.0,1928.0,3954.0,3954.0,3956.0,1924.0,1924.0,1925.0,1960.0,1960.0,1961.0
0.0,11870.0,5947.0,5884.0,5773.0,5956.0,1985.0,1985.0,1986.0,1961.0,1961.0,1962.0,1982.0,1982.0,1983.0,3956.0,3956.0,3958.0,1985.0,1985.0,1986.0,1961.0,1961.0,1962.0
0.0,11696.0,5916.0,5890.0,5956.0,5934.0,1978.0,1978.0,1978.0,1963.0,1963.0,1964.0,1972.0,1972.0,1972.0,3898.0,3898.0,3900.0,1978.0,1978.0,1978.0,1963.0,1963.0,1964.0
0.0,11736.0,5989.0,5893.0,5934.0,5998.0,1999.0,1999.0,2000.0,1964.0,1964.0,1965.0,1996.0,1996.0,1997.0,3911.0,3911.0,3914.0,1999.0,1999.0,2000.0,1964.0,1964.0,1965.0
0.0,11681.0,6028.0,5896.0,5998.0,6037.0,2012.0,2012.0,2013.0,1965.0,1965.0,1966.0,2009.0,2009.0,2010.0,3893.0,3893.0,3895.0,2012.0,2012.0,2013.0,1965.0,1965.0,1966.0
0.0,11651.0,5962.0,5896.0,6037.0,5962.0,1987.0,1987.0,1988.0,1965.0,1965.0,1966.0,1987.0,1987.0,1988.0,3883.0,3883.0,3885.0,1987.0,1987.0,1988.0,1965.0,1965.0,1966.0
0.0,11726.0,5875.0,5896.0,5962.0,5875.0,1958.0,1958.0,1959.0,1965.0,1965.0,1966.0,1958.0,1958.0,1959.0,3908.0,3908.0,3910.0,1958.0,1958.0,1959.0,1965.0,1965.0,1966.0
0.0,11813.0,5785.0,5895.0,5875.0,5782.0,1928.0,1928.0,1926.0,1965.0,1965.0,1965.0,1928.0,1928.0,1929.0,3937.0,3937.0,3939.0,1928.0,1928.0,1926.0,1965.0,1965.0,1965.0
0.0,11903.0,5817.0,5896.0,5782.0,5820.0,1939.0,1939.0,1942.0,1965.0,1965.0,1966.0,1939.0,1939.0,1939.0,3967.0,3967.0,3969.0,1939.0,1939.0,1942.0,1965.0,1965.0,1966.0
0.0,11868.0,6147.0,5905.0,5820.0,6174.0,2058.0,2058.0,2058.0,1968.0,1968.0,1969.0,2049.0,2049.0,2049.0,3956.0,3956.0,3956.0,2058.0,2058.0,2058.0,1968.0,1968.0,1969.0
0.0,11541.0,6028.0,5914.0,6174.0,6055.0,2018.0,2018.0,2019.0,1971.0,1971.0,1972.0,2009.0,2009.0,2010.0,3846.0,3846.0,3849.0,2018.0,2018.0,2019.0,1971.0,1971.0,1972.0
0.0,11687.0,6028.0,5917.0,6055.0,6037.0,2012.0,2012.0,2013.0,1972.0,1972.0,1973.0,2009.0,2009.0,2010.0,3895.0,3895.0,3897.0,2012.0,2012.0,2013.0,1972.0,1972.0,1973.0
0.0,11714.0,5878.0,5914.0,6037.0,5869.0,1956.0,1956.0,1957.0,1971.0,1971.0,1972.0,1959.0,1959.0,1960.0,3904.0,3904.0,3906.0,1956.0,1956.0,1957.0,1971.0,1971.0,1972.0
0.0,11873.0,5890.0,5911.0,5869.0,5881.0,1960.0,1960.0,1961.0,1970.0,1970.0,1971.0,1963.0,1963.0,1964.0,3957.0,3957.0,3959.0,1960.0,1960.0,1961.0,1970.0,1970.0,1971.0
0.0,11852.0,5749.0,5905.0,5881.0,5731.0,1910.0,1910.0,1911.0,1968.0,1968.0,1969.0,1916.0,1916.0,1917.0,3950.0,3950.0,3952.0,1910.0,1910.0,1911.0,1968.0,1968.0,1969.0
0.0,11984.0,5821.0,5905.0,5731.0,5821.0,1940.0,1940.0,1941.0,1968.0,1968.0,1969.0,1940.0,1940.0,1941.0,3994.0,3994.0,3996.0,1940.0,1940.0,1941.0,1968.0,1968.0,1969.0
0.0,11894.0,6112.0,5914.0,5821.0,6139.0,2046.0,2046.0,2047.0,1971.0,1971.0,1972.0,2037.0,2037.0,2038.0,3964.0,3964.0,3966.0,2046.0,2046.0,2047.0,1971.0,1971.0,1972.0
0.0,11603.0,6090.0,5920.0,6139.0,6108.0,2036.0,2036.0,2036.0,1973.0,1973.0,1974.0,2030.0,2030.0,2030.0,3867.0,3867.0,3869.0,2036.0,2036.0,2036.0,1973.0,1973.0,1974.0
0.0,11652.0,5998.0,5923.0,6108.0,6007.0,2002.0,2002.0,2003.0,1974.0,1974.0,1975.0,1999.0,1999.0,2000.0,3883.0,3883.0,3886.0,2002.0,2002.0,2003.0,1974.0,1974.0,1975.0
0.0,11762.0,5934.0,5926.0,6007.0,5943.0,1981.0,1981.0,1981.0,1975.0,1975.0,1976.0,1978.0,1978.0,1978.0,3920.0,3920.0,3922.0,1981.0,1981.0,1981.0,1975.0,1975.0,1976.0
0.0,11835.0,5811.0,5920.0,5943.0,5793.0,1931.0,1931.0,1931.0,1973.0,1973.0,1974.0,1937.0,1937.0,1937.0,3944.0,3944.0,3947.0,1931.0,1931.0,1931.0,1973.0,1973.0,1974.0
0.0,11967.0,5914.0,5920.0,5793.0,5914.0,1971.0,1971.0,1972.0,1973.0,1973.0,1974.0,1971.0,1971.0,1972.0,3988.0,3988.0,3991.0,1971.0,1971.0,1972.0,1973.0,1973.0,1974.0
0.0,11846.0,5977.0,5923.0,5914.0,5986.0,1995.0,1995.0,1996.0,1974.0,1974.0,1975.0,1992.0,1992.0,1993.0,3948.0,3948.0,3950.0,1995.0,1995.0,1996.0,1974.0,1974.0,1975.0
0.0,11783.0,6022.0,5929.0,5986.0,6040.0,2013.0,2013.0,2014.0,1976.0,1976.0,1977.0,2007.0,2007.0,2008.0,3927.0,3927.0,3929.0,2013.0,2013.0,2014.0,1976.0,1976.0,1977.0
0.0,11747.0,6082.0,5932.0,6040.0,6091.0,2030.0,2030.0,2031.0,1977.0,1977.0,1978.0,2027.0,2027.0,2028.0,3915.0,3915.0,3917.0,2030.0,2030.0,2031.0,1977.0,1977.0,1978.0
0.0,11705.0,5980.0,5932.0,6091.0,5980.0,1993.0,1993.0,1994.0,1977.0,1977.0,1978.0,1993.0,1993.0,1994.0,3901.0,3901.0,3903.0,1993.0,1993.0,1994.0,1977.0,1977.0,1978.0
0.0,11816.0,5980.0,5934.0,5980.0,5986.0,1996.0,1996.0,1994.0,1978.0,1978.0,1978.0,1993.0,1993.0,1994.0,3938.0,3938.0,3940.0,1996.0,1996.0,1994.0,1978.0,1978.0,1978.0
0.0,11816.0,5719.0,5926.0,5986.0,5695.0,1897.0,1897.0,1901.0,1975.0,1975.0,1976.0,1906.0,1906.0,1907.0,3938.0,3938.0,3940.0,1897.0,1897.0,1901.0,1975.0,1975.0,1976.0
0.0,12083.0,5850.0,5926.0,5695.0,5850.0,1950.0,1950.0,1950.0,1975.0,1975.0,1976.0,1950.0,1950.0,1950.0,4028.0,4028.0,4027.0,1950.0,1950.0,1950.0,1975.0,1975.0,1976.0
0.0,11928.0,5845.0,5923.0,5850.0,5836.0,1945.0,1945.0,1946.0,1974.0,1974.0,1975.0,1948.0,1948.0,1949.0,3975.0,3975.0,3978.0,1945.0,1945.0,1946.0,1974.0,1974.0,1975.0
0.0,11933.0,6112.0,5932.0,5836.0,6139.0,2046.0,2046.0,2047.0,1977.0,1977.0,1978.0,2037.0,2037.0,2038.0,3977.0,3977.0,3979.0,2046.0,2046.0,2047.0,1977.0,1977.0,1978.0
0.0,11657.0,6085.0,5938.0,6139.0,6103.0,2034.0,2034.0,2035.0,1979.0,1979.0,1980.0,2028.0,2028.0,2029.0,3885.0,3885.0,3887.0,2034.0,2034.0,2035.0,1979.0,1979.0,1980.0
0.0,11711.0,5925.0,5943.0,6103.0,5940.0,1981.0,1981.0,1978.0,1981.0,1981.0,1981.0,1975.0,1975.0,1975.0,3903.0,3903.0,3905.0,1981.0,1981.0,1978.0,1981.0,1981.0,1981.0
0.0,11889.0,5929.0,5940.0,5940.0,5920.0,1973.0,1973.0,1974.0,1980.0,1980.0,1980.0,1976.0,1976.0,1977.0,3962.0,3962.0,3965.0,1973.0,1973.0,1974.0,1980.0,1980.0,1980.0
0.0,11900.0,5782.0,5932.0,5920.0,5758.0,1918.0,1918.0,1922.0,1977.0,1977.0,1978.0,1927.0,1927.0,1928.0,3967.0,3967.0,3966.0,1918.0,1918.0,1922.0,1977.0,1977.0,1978.0
0.0,12038.0,5887.0,5932.0,5758.0,5887.0,1962.0,1962.0,1963.0,1977.0,1977.0,1978.0,1962.0,1962.0,1963.0,4013.0,4013.0,4012.0,1962.0,1962.0,1963.0,1977.0,1977.0,1978.0
0.0,11909.0,5956.0,5935.0,5887.0,5965.0,1988.0,1988.0,1989.0,1978.0,1978.0,1979.0,1985.0,1985.0,1986.0,3969.0,3969.0,3971.0,1988.0,1988.0,1989.0,1978.0,1978.0,1979.0
0.0,11840.0,5989.0,5941.0,5965.0,6007.0,2002.0,2002.0,2003.0,1980.0,1980.0,1981.0,1996.0,1996.0,1997.0,3946.0,3946.0,3948.0,2002.0,2002.0,2003.0,1980.0,1980.0,1981.0
0.0,11816.0,6106.0,5946.0,6007.0,6121.0,2041.0,2041.0,2039.0,1982.0,1982.0,1982.0,2035.0,2035.0,2036.0,3938.0,3938.0,3940.0,2041.0,2041.0,2039.0,1982.0,1982.0,1982.0
0.0,11717.0,5992.0,5947.0,6121.0,5995.0,1997.0,1997.0,2001.0,1982.0,1982.0,1983.0,1997.0,1997.0,1998.0,3905.0,3905.0,3907.0,1997.0,1997.0,2001.0,1982.0,1982.0,1983.0
0.0,11846.0,5893.0,5946.0,5995.0,5890.0,1964.0,1964.0,1962.0,1982.0,1982.0,1982.0,1964.0,1964.0,1965.0,3949.0,3949.0,3948.0,1964.0,1964.0,1962.0,1982.0,1982.0,1982.0
0.0,11948.0,5677.0,5938.0,5890.0,5653.0,1883.0,1883.0,1887.0,1979.0,1979.0,1980.0,1892.0,1892.0,1893.0,3982.0,3982.0,3984.0,1883.0,1883.0,1887.0,1979.0,1979.0,1980.0
0.0,12161.0,5776.0,5934.0,5653.0,5764.0,1922.0,1922.0,1920.0,1978.0,1978.0,1978.0,1925.0,1925.0,1926.0,4054.0,4054.0,4053.0,1922.0,1922.0,1920.0,1978.0,1978.0,1978.0
0.0,12038.0,5998.0,5937.0,5764.0,6007.0,2002.0,2002.0,2003.0,1979.0,1979.0,1979.0,1999.0,1999.0,2000.0,4012.0,4012.0,4014.0,2002.0,2002.0,2003.0,1979.0,1979.0,1979.0
0.0,11804.0,6001.0,5938.0,6007.0,6004.0,2000.0,2000.0,2004.0,1979.0,1979.0,1980.0,2000.0,2000.0,2001.0,3935.0,3935.0,3934.0,2000.0,2000.0,2004.0,1979.0,1979.0,1980.0
0.0,11810.0,6123.0,5944.0,6004.0,6141.0,2047.0,2047.0,2047.0,1981.0,1981.0,1982.0,2041.0,2041.0,2041.0,3937.0,3937.0,3936.0,2047.0,2047.0,2047.0,1981.0,1981.0,1982.0
0.0,11691.0,5986.0,5944.0,6141.0,5986.0,1995.0,1995.0,1996.0,1981.0,1981.0,1982.0,1995.0,1995.0,1996.0,3896.0,3896.0,3899.0,1995.0,1995.0,1996.0,1981.0,1981.0,1982.0
0.0,11846.0,5965.0,5941.0,5986.0,5956.0,1985.0,1985.0,1986.0,1980.0,1980.0,1981.0,1988.0,1988.0,1989.0,3948.0,3948.0,3950.0,1985.0,1985.0,1986.0,1980.0,1980.0,1981.0
0.0,11867.0,5779.0,5937.0,5956.0,5767.0,1923.0,1923.0,1921.0,1979.0,1979.0,1979.0,1926.0,1926.0,1927.0,3955.0,3955.0,3957.0,1923.0,1923.0,1921.0,1979.0,1979.0,1979.0
0.0,12044.0,5899.0,5932.0,5767.0,5884.0,1960.0,1960.0,1964.0,1977.0,1977.0,1978.0,1966.0,1966.0,1967.0,4014.0,4014.0,4016.0,1960.0,1960.0,1964.0,1977.0,1977.0,1978.0
0.0,11912.0,6115.0,5938.0,5884.0,6133.0,2044.0,2044.0,2045.0,1979.0,1979.0,1980.0,2038.0,2038.0,2039.0,3971.0,3971.0,3970.0,2044.0,2044.0,2045.0,1979.0,1979.0,1980.0
0.0,11681.0,6058.0,5941.0,6133.0,6067.0,2022.0,2022.0,2023.0,1980.0,1980.0,1981.0,2019.0,2019.0,2020.0,3893.0,3893.0,3895.0,2022.0,2022.0,2023.0,1980.0,1980.0,1981.0
0.0,11756.0,5971.0,5946.0,6067.0,5986.0,1996.0,1996.0,1994.0,1982.0,1982.0,1982.0,1990.0,1990.0,1991.0,3918.0,3918.0,3920.0,1996.0,1996.0,1994.0,1982.0,1982.0,1982.0
0.0,11852.0,6046.0,5947.0,5986.0,6049.0,2015.0,2015.0,2019.0,1982.0,1982.0,1983.0,2015.0,2015.0,2016.0,3950.0,3950.0,3952.0,2015.0,2015.0,2019.0,1982.0,1982.0,1983.0
0.0,11792.0,5887.0,5947.0,6049.0,5887.0,1962.0,1962.0,1963.0,1982.0,1982.0,1983.0,1962.0,1962.0,1963.0,3931.0,3931.0,3930.0,1962.0,1962.0,1963.0,1982.0,1982.0,1983.0
0.0,11954.0,5830.0,5944.0,5887.0,5821.0,1940.0,1940.0,1941.0,1981.0,1981.0,1982.0,1943.0,1943.0,1944.0,3984.0,3984.0,3986.0,1940.0,1940.0,1941.0,1981.0,1981.0,1982.0
0.0,12011.0,5827.0,5941.0,5821.0,5818.0,1939.0,1939.0,1940.0,1980.0,1980.0,1981.0,1942.0,1942.0,1943.0,4003.0,4003.0,4005.0,1939.0,1939.0,1940.0,1980.0,1980.0,1981.0
0.0,12005.0,6094.0,5943.0,5818.0,6100.0,2034.0,2034.0,2032.0,1981.0,1981.0,1981.0,2031.0,2031.0,2032.0,4001.0,4001.0,4003.0,2034.0,2034.0,2032.0,1981.0,1981.0,1981.0
0.0,11729.0,6121.0,5947.0,6100.0,6133.0,2043.0,2043.0,2047.0,1982.0,1982.0,1983.0,2040.0,2040.0,2041.0,3909.0,3909.0,3911.0,2043.0,2043.0,2047.0,1982.0,1982.0,1983.0
0.0,11708.0,5995.0,5952.0,6133.0,6010.0,2004.0,2004.0,2002.0,1984.0,1984.0,1984.0,1998.0,1998.0,1999.0,3903.0,3903.0,3902.0,2004.0,2004.0,2002.0,1984.0,1984.0,1984.0
0.0,11846.0,6151.0,5959.0,6010.0,6172.0,2056.0,2056.0,2060.0,1986.0,1986.0,1987.0,2050.0,2050.0,2051.0,3948.0,3948.0,3950.0,2056.0,2056.0,2060.0,1986.0,1986.0,1987.0
0.0,11705.0,5854.0,5953.0,6172.0,5836.0,1945.0,1945.0,1946.0,1984.0,1984.0,1985.0,1951.0,1951.0,1952.0,3902.0,3902.0,3901.0,1945.0,1945.0,1946.0,1984.0,1984.0,1985.0
0.0,12023.0,5893.0,5950.0,5836.0,5884.0,1961.0,1961.0,1962.0,1983.0,1983.0,1984.0,1964.0,1964.0,1965.0,4007.0,4007.0,4009.0,1961.0,1961.0,1962.0,1983.0,1983.0,1984.0
0.0,11966.0,5845.0,5947.0,5884.0,5836.0,1945.0,1945.0,1946.0,1982.0,1982.0,1983.0,1948.0,1948.0,1949.0,3988.0,3988.0,3990.0,1945.0,1945.0,1946.0,1982.0,1982.0,1983.0
0.0,12005.0,6007.0,5949.0,5836.0,6013.0,2005.0,2005.0,2003.0,1983.0,1983.0,1983.0,2002.0,2002.0,2003.0,4001.0,4001.0,4003.0,2005.0,2005.0,2003.0,1983.0,1983.0,1983.0
0.0,11834.0,6079.0,5953.0,6013.0,6091.0,2029.0,2029.0,2033.0,1984.0,1984.0,1985.0,2026.0,2026.0,2027.0,3944.0,3944.0,3946.0,2029.0,2029.0,2033.0,1984.0,1984.0,1985.0
0.0,11768.0,6025.0,5958.0,6091.0,6040.0,2014.0,2014.0,2012.0,1986.0,1986.0,1986.0,2008.0,2008.0,2009.0,3923.0,3923.0,3922.0,2014.0,2014.0,2012.0,1986.0,1986.0,1986.0
0.0,11834.0,6115.0,5962.0,6040.0,6127.0,2041.0,2041.0,2045.0,1987.0,1987.0,1988.0,2038.0,2038.0,2039.0,3944.0,3944.0,3946.0,2041.0,2041.0,2045.0,1987.0,1987.0,1988.0
0.0,11759.0,5946.0,5959.0,6127.0,5937.0,1979.0,1979.0,1979.0,1986.0,1986.0,1987.0,1982.0,1982.0,1982.0,3920.0,3920.0,3919.0,1979.0,1979.0,1979.0,1986.0,1986.0,1987.0
0.0,11940.0,5908.0,5956.0,5937.0,5899.0,1966.0,1966.0,1967.0,1985.0,1985.0,1986.0,1969.0,1969.0,1970.0,3979.0,3979.0,3982.0,1966.0,1966.0,1967.0,1985.0,1985.0,1986.0
0.0,11969.0,5899.0,5955.0,5899.0,5896.0,1966.0,1966.0,1964.0,1985.0,1985.0,1985.0,1966.0,1966.0,1967.0,3989.0,3989.0,3991.0,1966.0,1966.0,1964.0,1985.0,1985.0,1985.0
0.0,11969.0,6091.0,5958.0,5896.0,6100.0,2033.0,2033.0,2034.0,1986.0,1986.0,1986.0,2030.0,2030.0,2031.0,3989.0,3989.0,3991.0,2033.0,2033.0,2034.0,1986.0,1986.0,1986.0
0.0,11774.0,6214.0,5965.0,6100.0,6235.0,2077.0,2077.0,2081.0,1988.0,1988.0,1989.0,2071.0,2071.0,2072.0,3925.0,3925.0,3924.0,2077.0,2077.0,2081.0,1988.0,1988.0,1989.0
0.0,11660.0,6178.0,5971.0,6235.0,6196.0,2065.0,2065.0,2066.0,1990.0,1990.0,1991.0,2059.0,2059.0,2060.0,3887.0,3887.0,3886.0,2065.0,2065.0,2066.0,1990.0,1990.0,1991.0
0.0,11717.0,6133.0,5974.0,6196.0,6142.0,2047.0,2047.0,2048.0,1991.0,1991.0,1992.0,2044.0,2044.0,2045.0,3905.0,3905.0,3907.0,2047.0,2047.0,2048.0,1991.0,1991.0,1992.0
0.0,11780.0,5905.0,5971.0,6142.0,5896.0,1965.0,1965.0,1966.0,1990.0,1990.0,1991.0,1968.0,1968.0,1969.0,3926.0,3926.0,3928.0,1965.0,1965.0,1966.0,1990.0,1990.0,1991.0
0.0,12017.0,5917.0,5968.0,5896.0,5908.0,1969.0,1969.0,1970.0,1989.0,1989.0,1990.0,1972.0,1972.0,1973.0,4005.0,4005.0,4007.0,1969.0,1969.0,1970.0,1989.0,1989.0,1990.0
0.0,11996.0,5914.0,5968.0,5908.0,5914.0,1971.0,1971.0,1972.0,1989.0,1989.0,1990.0,1971.0,1971.0,1972.0,3998.0,3998.0,4000.0,1971.0,1971.0,1972.0,1989.0,1989.0,1990.0
0.0,11990.0,6052.0,5968.0,5914.0,6052.0,2017.0,2017.0,2018.0,1989.0,1989.0,1990.0,2017.0,2017.0,2018.0,3996.0,3996.0,3998.0,2017.0,2017.0,2018.0,1989.0,1989.0,1990.0
0.0,11852.0,6103.0,5976.0,6052.0,6127.0,2043.0,2043.0,2041.0,1992.0,1992.0,1992.0,2034.0,2034.0,2035.0,3950.0,3950.0,3952.0,2043.0,2043.0,2041.0,1992.0,1992.0,1992.0
0.0,11801.0,6247.0,5983.0,6127.0,6268.0,2088.0,2088.0,2092.0,1994.0,1994.0,1995.0,2082.0,2082.0,2083.0,3933.0,3933.0,3935.0,2088.0,2088.0,2092.0,1994.0,1994.0,1995.0
0.0,11681.0,6100.0,5989.0,6268.0,6118.0,2039.0,2039.0,2040.0,1996.0,1996.0,1997.0,2033.0,2033.0,2034.0,3894.0,3894.0,3893.0,2039.0,2039.0,2040.0,1996.0,1996.0,1997.0
0.0,11849.0,6013.0,5986.0,6118.0,6004.0,2001.0,2001.0,2002.0,1995.0,1995.0,1996.0,2004.0,2004.0,2005.0,3949.0,3949.0,3951.0,2001.0,2001.0,2002.0,1995.0,1995.0,1996.0
0.0,11954.0,5899.0,5983.0,6004.0,5890.0,1963.0,1963.0,1964.0,1994.0,1994.0,1995.0,1966.0,1966.0,1967.0,3984.0,3984.0,3986.0,1963.0,1963.0,1964.0,1994.0,1994.0,1995.0
0.0,12059.0,5911.0,5983.0,5890.0,5911.0,1970.0,1970.0,1971.0,1994.0,1994.0,1995.0,1970.0,1970.0,1971.0,4019.0,4019.0,4021.0,1970.0,1970.0,1971.0,1994.0,1994.0,1995.0
0.0,12038.0,6085.0,5986.0,5911.0,6094.0,2031.0,2031.0,2032.0,1995.0,1995.0,1996.0,2028.0,2028.0,2029.0,4012.0,4012.0,4014.0,2031.0,2031.0,2032.0,1995.0,1995.0,1996.0
0.0,11864.0,6010.0,5989.0,6094.0,6019.0,2006.0,2006.0,2007.0,1996.0,1996.0,1997.0,2003.0,2003.0,2004.0,3954.0,3954.0,3956.0,2006.0,2006.0,2007.0,1996.0,1996.0,1997.0
0.0,11948.0,6265.0,5998.0,6019.0,6292.0,2097.0,2097.0,2098.0,1999.0,1999.0,2000.0,2088.0,2088.0,2089.0,3982.0,3982.0,3984.0,2097.0,2097.0,2098.0,1999.0,1999.0,2000.0
0.0,11702.0,6169.0,6001.0,6292.0,6178.0,2059.0,2059.0,2060.0,2000.0,2000.0,2001.0,2056.0,2056.0,2057.0,3900.0,3900.0,3902.0,2059.0,2059.0,2060.0,2000.0,2000.0,2001.0
0.0,11825.0,5962.0,6001.0,6178.0,5962.0,1987.0,1987.0,1988.0,2000.0,2000.0,2001.0,1987.0,1987.0,1988.0,3941.0,3941.0,3943.0,1987.0,1987.0,1988.0,2000.0,2000.0,2001.0
0.0,12041.0,5731.0,5992.0,5962.0,5704.0,1901.0,1901.0,1902.0,1997.0,1997.0,1998.0,1910.0,1910.0,1911.0,4013.0,4013.0,4015.0,1901.0,1901.0,1902.0,1997.0,1997.0,1998.0
0.0,12272.0,5971.0,5992.0,5704.0,5971.0,1990.0,1990.0,1991.0,1997.0,1997.0,1998.0,1990.0,1990.0,1991.0,4090.0,4090.0,4092.0,1990.0,1990.0,1991.0,1997.0,1997.0,1998.0
0.0,12005.0,5995.0,5995.0,5971.0,6004.0,2001.0,2001.0,2002.0,1998.0,1998.0,1999.0,1998.0,1998.0,1999.0,4001.0,4001.0,4003.0,2001.0,2001.0,2002.0,1998.0,1998.0,1999.0
0.0,11981.0,6088.0,6004.0,6004.0,6115.0,2038.0,2038.0,2039.0,2001.0,2001.0,2002.0,2029.0,2029.0,2030.0,3993.0,3993.0,3995.0,2038.0,2038.0,2039.0,2001.0,2001.0,2002.0
0.0,11897.0,6238.0,6013.0,6115.0,6265.0,2088.0,2088.0,2089.0,2004.0,2004.0,2005.0,2079.0,2079.0,2080.0,3965.0,3965.0,3967.0,2088.0,2088.0,2089.0,2004.0,2004.0,2005.0
0.0,11774.0,6118.0,6013.0,6265.0,6118.0,2039.0,2039.0,2040.0,2004.0,2004.0,2005.0,2039.0,2039.0,2040.0,3924.0,3924.0,3926.0,2039.0,2039.0,2040.0,2004.0,2004.0,2005.0
0.0,11921.0,6106.0,6016.0,6118.0,6115.0,2038.0,2038.0,2039.0,2005.0,2005.0,2006.0,2035.0,2035.0,2036.0,3973.0,3973.0,3975.0,2038.0,2038.0,2039.0,2005.0,2005.0,2006.0
0.0,11933.0,6034.0,6013.0,6115.0,6025.0,2008.0,2008.0,2009.0,2004.0,2004.0,2005.0,2011.0,2011.0,2012.0,3977.0,3977.0,3979.0,2008.0,2008.0,2009.0,2004.0,2004.0,2005.0
0.0,12014.0,5871.0,6013.0,6025.0,5871.0,1957.0,1957.0,1957.0,2004.0,2004.0,2005.0,1957.0,1957.0,1957.0,4004.0,4004.0,4006.0,1957.0,1957.0,1957.0,2004.0,2004.0,2005.0
0.0,12168.0,6013.0,6013.0,5871.0,6013.0,2004.0,2004.0,2005.0,2004.0,2004.0,2005.0,2004.0,2004.0,2005.0,4055.0,4055.0,4058.0,2004.0,2004.0,2005.0,2004.0,2004.0,2005.0
0.0,12026.0,6126.0,6019.0,6013.0,6144.0,2048.0,2048.0,2048.0,2006.0,2006.0,2007.0,2042.0,2042.0,2042.0,4008.0,4008.0,4010.0,2048.0,2048.0,2048.0,2006.0,2006.0,2007.0
0.0,11913.0,6265.0,6028.0,6144.0,6292.0,2097.0,2097.0,2098.0,2009.0,2009.0,2010.0,2088.0,2088.0,2089.0,3970.0,3970.0,3973.0,2097.0,2097.0,2098.0,2009.0,2009.0,2010.0
0.0,11792.0,6031.0,6025.0,6292.0,6022.0,2007.0,2007.0,2008.0,2008.0,2008.0,2009.0,2010.0,2010.0,2011.0,3930.0,3930.0,3932.0,2007.0,2007.0,2008.0,2008.0,2008.0,2009.0
0.0,12053.0,5905.0,6022.0,6022.0,5896.0,1965.0,1965.0,1966.0,2007.0,2007.0,2008.0,1968.0,1968.0,1969.0,4017.0,4017.0,4019.0,1965.0,1965.0,1966.0,2007.0,2007.0,2008.0
0.0,12170.0,6016.0,6022.0,5896.0,6016.0,2005.0,2005.0,2006.0,2007.0,2007.0,2008.0,2005.0,2005.0,2006.0,4056.0,4056.0,4058.0,2005.0,2005.0,2006.0,2007.0,2007.0,2008.0
0.0,12050.0,5845.0,6019.0,6016.0,5836.0,1945.0,1945.0,1946.0,2006.0,2006.0,2007.0,1948.0,1948.0,1949.0,4016.0,4016.0,4018.0,1945.0,1945.0,1946.0,2006.0,2006.0,2007.0
0.0,12221.0,5959.0,6021.0,5836.0,5965.0,1989.0,1989.0,1987.0,2007.0,2007.0,2007.0,1986.0,1986.0,1987.0,4073.0,4073.0,4075.0,1989.0,1989.0,1987.0,2007.0,2007.0,2007.0
0.0,12098.0,6148.0,6028.0,5965.0,6169.0,2055.0,2055.0,2059.0,2009.0,2009.0,2010.0,2049.0,2049.0,2050.0,4032.0,4032.0,4034.0,2055.0,2055.0,2059.0,2009.0,2009.0,2010.0
0.0,11915.0,6139.0,6034.0,6169.0,6157.0,2052.0,2052.0,2053.0,2011.0,2011.0,2012.0,2046.0,2046.0,2047.0,3972.0,3972.0,3971.0,2052.0,2052.0,2053.0,2011.0,2011.0,2012.0
0.0,11945.0,6168.0,6034.0,6157.0,6168.0,2056.0,2056.0,2056.0,2011.0,2011.0,2012.0,2056.0,2056.0,2056.0,3981.0,3981.0,3983.0,2056.0,2056.0,2056.0,2011.0,2011.0,2012.0
0.0,11934.0,5947.0,6031.0,6168.0,5938.0,1979.0,1979.0,1980.0,2010.0,2010.0,2011.0,1982.0,1982.0,1983.0,3977.0,3977.0,3980.0,1979.0,1979.0,1980.0,2010.0,2010.0,2011.0
0.0,12155.0,5896.0,6028.0,5938.0,5887.0,1962.0,1962.0,1963.0,2009.0,2009.0,2010.0,1965.0,1965.0,1966.0,4051.0,4051.0,4053.0,1962.0,1962.0,1963.0,2009.0,2009.0,2010.0
0.0,12197.0,5950.0,6025.0,5887.0,5941.0,1980.0,1980.0,1981.0,2008.0,2008.0,2009.0,1983.0,1983.0,1984.0,4065.0,4065.0,4067.0,1980.0,1980.0,1981.0,2008.0,2008.0,2009.0
0.0,12134.0,6027.0,6028.0,5941.0,6036.0,2012.0,2012.0,2012.0,2009.0,2009.0,2010.0,2009.0,2009.0,2009.0,4044.0,4044.0,4046.0,2012.0,2012.0,2012.0,2009.0,2009.0,2010.0
0.0,12048.0,6273.0,6036.0,6036.0,6297.0,2100.0,2100.0,2097.0,2012.0,2012.0,2012.0,2091.0,2091.0,2091.0,4015.0,4015.0,4018.0,2100.0,2100.0,2097.0,2012.0,2012.0,2012.0
0.0,11811.0,6232.0,6043.0,6297.0,6253.0,2083.0,2083.0,2087.0,2014.0,2014.0,2015.0,2077.0,2077.0,2078.0,3936.0,3936.0,3939.0,2083.0,2083.0,2087.0,2014.0,2014.0,2015.0
0.0,11876.0,6102.0,6046.0,6253.0,6111.0,2037.0,2037.0,2037.0,2015.0,2015.0,2016.0,2034.0,2034.0,2034.0,3959.0,3959.0,3958.0,2037.0,2037.0,2037.0,2015.0,2015.0,2016.0
0.0,12027.0,6118.0,6046.0,6111.0,6118.0,2039.0,2039.0,2040.0,2015.0,2015.0,2016.0,2039.0,2039.0,2040.0,4008.0,4008.0,4011.0,2039.0,2039.0,2040.0,2015.0,2015.0,2016.0
0.0,12020.0,5830.0,6043.0,6118.0,5821.0,1940.0,1940.0,1941.0,2014.0,2014.0,2015.0,1943.0,1943.0,1944.0,4006.0,4006.0,4008.0,1940.0,1940.0,1941.0,2014.0,2014.0,2015.0
0.0,12308.0,6025.0,6040.0,5821.0,6016.0,2005.0,2005.0,2006.0,2013.0,2013.0,2014.0,2008.0,2008.0,2009.0,4102.0,4102.0,4104.0,2005.0,2005.0,2006.0,2013.0,2013.0,2014.0
0.0,12104.0,6139.0,6043.0,6016.0,6148.0,2049.0,2049.0,2050.0,2014.0,2014.0,2015.0,2046.0,2046.0,2047.0,4034.0,4034.0,4036.0,2049.0,2049.0,2050.0,2014.0,2014.0,2015.0
0.0,11981.0,6219.0,6049.0,6148.0,6237.0,2079.0,2079.0,2079.0,2016.0,2016.0,2017.0,2073.0,2073.0,2073.0,3993.0,3993.0,3995.0,2079.0,2079.0,2079.0,2016.0,2016.0,2017.0
0.0,11910.0,6175.0,6055.0,6237.0,6193.0,2064.0,2064.0,2065.0,2018.0,2018.0,2019.0,2058.0,2058.0,2059.0,3969.0,3969.0,3972.0,2064.0,2064.0,2065.0,2018.0,2018.0,2019.0
0.0,11972.0,6202.0,6058.0,6193.0,6211.0,2070.0,2070.0,2071.0,2019.0,2019.0,2020.0,2067.0,2067.0,2068.0,3990.0,3990.0,3992.0,2070.0,2070.0,2071.0,2019.0,2019.0,2020.0
0.0,11963.0,5983.0,6052.0,6211.0,5965.0,1988.0,1988.0,1989.0,2017.0,2017.0,2018.0,1994.0,1994.0,1995.0,3987.0,3987.0,3989.0,1988.0,1988.0,1989.0,2017.0,2017.0,2018.0
0.0,12191.0,6043.0,6049.0,5965.0,6034.0,2011.0,2011.0,2012.0,2016.0,2016.0,2017.0,2014.0,2014.0,2015.0,4063.0,4063.0,4065.0,2011.0,2011.0,2012.0,2016.0,2016.0,2017.0
0.0,12113.0,5977.0,6046.0,6034.0,5968.0,1989.0,1989.0,1990.0,2015.0,2015.0,2016.0,1992.0,1992.0,1993.0,4037.0,4037.0,4039.0,1989.0,1989.0,1990.0,2015.0,2015.0,2016.0
0.0,12170.0,6073.0,6051.0,5968.0,6088.0,2030.0,2030.0,2028.0,2017.0,2017.0,2017.0,2024.0,2024.0,2025.0,4056.0,4056.0,4058.0,2030.0,2030.0,2028.0,2017.0,2017.0,2017.0
0.0,12065.0,6181.0,6055.0,6088.0,6193.0,2063.0,2063.0,2067.0,2018.0,2018.0,2019.0,2060.0,2060.0,2061.0,4021.0,4021.0,4023.0,2063.0,2063.0,2067.0,2018.0,2018.0,2019.0
0.0,11972.0,6123.0,6060.0,6193.0,6138.0,2047.0,2047.0,2044.0,2020.0,2020.0,2020.0,2041.0,2041.0,2041.0,3991.0,3991.0,3990.0,2047.0,2047.0,2044.0,2020.0,2020.0,2020.0
0.0,12042.0,6202.0,6063.0,6138.0,6211.0,2070.0,2070.0,2071.0,2021.0,2021.0,2021.0,2067.0,2067.0,2068.0,4013.0,4013.0,4016.0,2070.0,2070.0,2071.0,2021.0,2021.0,2021.0
0.0,11978.0,5932.0,6058.0,6211.0,5917.0,1971.0,1971.0,1975.0,2019.0,2019.0,2020.0,1977.0,1977.0,1978.0,3993.0,3993.0,3992.0,1971.0,1971.0,1975.0,2019.0,2019.0,2020.0
0.0,12257.0,5971.0,6055.0,5917.0,5962.0,1987.0,1987.0,1988.0,2018.0,2018.0,2019.0,1990.0,1990.0,1991.0,4086.0,4086.0,4085.0,1987.0,1987.0,1988.0,2018.0,2018.0,2019.0
0.0,12203.0,5992.0,6052.0,5962.0,5983.0,1994.0,1994.0,1995.0,2017.0,2017.0,2018.0,1997.0,1997.0,1998.0,4067.0,4067.0,4069.0,1994.0,1994.0,1995.0,2017.0,2017.0,2018.0
0.0,12173.0,6067.0,6052.0,5983.0,6067.0,2022.0,2022.0,2023.0,2017.0,2017.0,2018.0,2022.0,2022.0,2023.0,4057.0,4057.0,4059.0,2022.0,2022.0,2023.0,2017.0,2017.0,2018.0
0.0,12089.0,6079.0,6055.0,6067.0,6088.0,2029.0,2029.0,2030.0,2018.0,2018.0,2019.0,2026.0,2026.0,2027.0,4029.0,4029.0,4031.0,2029.0,2029.0,2030.0,2018.0,2018.0,2019.0
0.0,12077.0,6226.0,6061.0,6088.0,6244.0,2081.0,2081.0,2082.0,2020.0,2020.0,2021.0,2075.0,2075.0,2076.0,4025.0,4025.0,4027.0,2081.0,2081.0,2082.0,2020.0,2020.0,2021.0
0.0,11939.0,6163.0,6064.0,6244.0,6172.0,2057.0,2057.0,2058.0,2021.0,2021.0,2022.0,2054.0,2054.0,2055.0,3979.0,3979.0,3981.0,2057.0,2057.0,2058.0,2021.0,2021.0,2022.0
0.0,12020.0,6088.0,6066.0,6172.0,6094.0,2032.0,2032.0,2030.0,2022.0,2022.0,2022.0,2029.0,2029.0,2030.0,4006.0,4006.0,4008.0,2032.0,2032.0,2030.0,2022.0,2022.0,2022.0
0.0,12104.0,6064.0,6061.0,6094.0,6049.0,2015.0,2015.0,2019.0,2020.0,2020.0,2021.0,2021.0,2021.0,2022.0,4034.0,4034.0,4036.0,2015.0,2015.0,2019.0,2020.0,2020.0,2021.0
0.0,12134.0,5899.0,6055.0,6049.0,5881.0,1960.0,1960.0,1961.0,2018.0,2018.0,2019.0,1966.0,1966.0,1967.0,4045.0,4045.0,4044.0,1960.0,1960.0,1961.0,2018.0,2018.0,2019.0
0.0,12284.0,6082.0,6058.0,5881.0,6091.0,2030.0,2030.0,2031.0,2019.0,2019.0,2020.0,2027.0,2027.0,2028.0,4094.0,4094.0,4096.0,2030.0,2030.0,2031.0,2019.0,2019.0,2020.0
0.0,12083.0,6349.0,6070.0,6091.0,6385.0,2128.0,2128.0,2129.0,2023.0,2023.0,2024.0,2116.0,2116.0,2117.0,4027.0,4027.0,4029.0,2128.0,2128.0,2129.0,2023.0,2023.0,2024.0
0.0,11825.0,6214.0,6076.0,6385.0,6232.0,2077.0,2077.0,2078.0,2025.0,2025.0,2026.0,2071.0,2071.0,2072.0,3941.0,3941.0,3943.0,2077.0,2077.0,2078.0,2025.0,2025.0,2026.0
0.0,11996.0,6208.0,6079.0,6232.0,6217.0,2072.0,2072.0,2073.0,2026.0,2026.0,2027.0,2069.0,2069.0,2070.0,3998.0,3998.0,4000.0,2072.0,2072.0,2073.0,2026.0,2026.0,2027.0
0.0,12020.0,6043.0,6079.0,6217.0,6043.0,2014.0,2014.0,2015.0,2026.0,2026.0,2027.0,2014.0,2014.0,2015.0,4006.0,4006.0,4008.0,2014.0,2014.0,2015.0,2026.0,2026.0,2027.0
0.0,12194.0,5884.0,6072.0,6043.0,5863.0,1955.0,1955.0,1953.0,2024.0,2024.0,2024.0,1961.0,1961.0,1962.0,4064.0,4064.0,4066.0,1955.0,1955.0,1953.0,2024.0,2024.0,2024.0
0.0,12353.0,6067.0,6070.0,5863.0,6061.0,2019.0,2019.0,2023.0,2023.0,2023.0,2024.0,2022.0,2022.0,2023.0,4117.0,4117.0,4119.0,2019.0,2019.0,2023.0,2023.0,2023.0,2024.0
0.0,12149.0,6202.0,6073.0,6061.0,6211.0,2070.0,2070.0,2071.0,2024.0,2024.0,2025.0,2067.0,2067.0,2068.0,4050.0,4050.0,4049.0,2070.0,2070.0,2071.0,2024.0,2024.0,2025.0
0.0,12008.0,6166.0,6076.0,6211.0,6175.0,2058.0,2058.0,2059.0,2025.0,2025.0,2026.0,2055.0,2055.0,2056.0,4002.0,4002.0,4004.0,2058.0,2058.0,2059.0,2025.0,2025.0,2026.0
0.0,12053.0,6228.0,6082.0,6175.0,6246.0,2082.0,2082.0,2082.0,2027.0,2027.0,2028.0,2076.0,2076.0,2076.0,4017.0,4017.0,4019.0,2082.0,2082.0,2082.0,2027.0,2027.0,2028.0
0.0,12000.0,6328.0,6088.0,6246.0,6346.0,2115.0,2115.0,2116.0,2029.0,2029.0,2030.0,2109.0,2109.0,2110.0,3999.0,3999.0,4002.0,2115.0,2115.0,2116.0,2029.0,2029.0,2030.0
0.0,11918.0,6111.0,6088.0,6346.0,6111.0,2037.0,2037.0,2037.0,2029.0,2029.0,2030.0,2037.0,2037.0,2037.0,3972.0,3972.0,3974.0,2037.0,2037.0,2037.0,2029.0,2029.0,2030.0
0.0,12153.0,5985.0,6082.0,6111.0,5967.0,1989.0,1989.0,1989.0,2027.0,2027.0,2028.0,1995.0,1995.0,1995.0,4050.0,4050.0,4053.0,1989.0,1989.0,1989.0,2027.0,2027.0,2028.0
0.0,12279.0,5947.0,6081.0,5967.0,5944.0,1982.0,1982.0,1980.0,2027.0,2027.0,2027.0,1982.0,1982.0,1983.0,4092.0,4092.0,4095.0,1982.0,1982.0,1980.0,2027.0,2027.0,2027.0
0.0,12299.0,6172.0,6085.0,5944.0,6184.0,2060.0,2060.0,2064.0,2028.0,2028.0,2029.0,2057.0,2057.0,2058.0,4099.0,4099.0,4101.0,2060.0,2060.0,2064.0,2028.0,2028.0,2029.0
0.0,12071.0,6262.0,6091.0,6184.0,6280.0,2093.0,2093.0,2094.0,2030.0,2030.0,2031.0,2087.0,2087.0,2088.0,4024.0,4024.0,4023.0,2093.0,2093.0,2094.0,2030.0,2030.0,2031.0
0.0,11993.0,6361.0,6100.0,6280.0,6388.0,2129.0,2129.0,2130.0,2033.0,2033.0,2034.0,2120.0,2120.0,2121.0,3997.0,3997.0,3999.0,2129.0,2129.0,2130.0,2033.0,2033.0,2034.0
0.0,11912.0,6189.0,6105.0,6388.0,6204.0,2069.0,2069.0,2066.0,2035.0,2035.0,2035.0,2063.0,2063.0,2063.0,3970.0,3970.0,3972.0,2069.0,2069.0,2066.0,2035.0,2035.0,2035.0
0.0,12111.0,6151.0,6106.0,6204.0,6154.0,2050.0,2050.0,2054.0,2035.0,2035.0,2036.0,2050.0,2050.0,2051.0,4036.0,4036.0,4039.0,2050.0,2050.0,2054.0,2035.0,2035.0,2036.0
0.0,12164.0,6046.0,6103.0,6154.0,6037.0,2012.0,2012.0,2013.0,2034.0,2034.0,2035.0,2015.0,2015.0,2016.0,4055.0,4055.0,4054.0,2012.0,2012.0,2013.0,2034.0,2034.0,2035.0
0.0,12272.0,6061.0,6100.0,6037.0,6052.0,2017.0,2017.0,2018.0,2033.0,2033.0,2034.0,2020.0,2020.0,2021.0,4090.0,4090.0,4092.0,2017.0,2017.0,2018.0,2033.0,2033.0,2034.0
0.0,12248.0,6187.0,6106.0,6052.0,6205.0,2068.0,2068.0,2069.0,2035.0,2035.0,2036.0,2062.0,2062.0,2063.0,4082.0,4082.0,4084.0,2068.0,2068.0,2069.0,2035.0,2035.0,2036.0
0.0,12113.0,6361.0,6115.0,6205.0,6388.0,2129.0,2129.0,2130.0,2038.0,2038.0,2039.0,2120.0,2120.0,2121.0,4037.0,4037.0,4039.0,2129.0,2129.0,2130.0,2038.0,2038.0,2039.0
0.0,11957.0,6280.0,6121.0,6388.0,6298.0,2099.0,2099.0,2100.0,2040.0,2040.0,2041.0,2093.0,2093.0,2094.0,3985.0,3985.0,3987.0,2099.0,2099.0,2100.0,2040.0,2040.0,2041.0
0.0,12065.0,6109.0,6123.0,6298.0,6115.0,2039.0,2039.0,2037.0,2041.0,2041.0,2041.0,2036.0,2036.0,2037.0,4021.0,4021.0,4023.0,2039.0,2039.0,2037.0,2041.0,2041.0,2041.0
0.0,12254.0,6130.0,6120.0,6115.0,6121.0,2040.0,2040.0,2041.0,2040.0,2040.0,2040.0,2043.0,2043.0,2044.0,4084.0,4084.0,4086.0,2040.0,2040.0,2041.0,2040.0,2040.0,2040.0
0.0,12239.0,5980.0,6115.0,6121.0,5965.0,1987.0,1987.0,1991.0,2038.0,2038.0,2039.0,1993.0,1993.0,1994.0,4080.0,4080.0,4079.0,1987.0,1987.0,1991.0,2038.0,2038.0,2039.0
0.0,12380.0,5992.0,6112.0,5965.0,5983.0,1994.0,1994.0,1995.0,2037.0,2037.0,2038.0,1997.0,1997.0,1998.0,4127.0,4127.0,4126.0,1994.0,1994.0,1995.0,2037.0,2037.0,2038.0
0.0,12353.0,6157.0,6114.0,5983.0,6163.0,2055.0,2055.0,2053.0,2038.0,2038.0,2038.0,2052.0,2052.0,2053.0,4117.0,4117.0,4119.0,2055.0,2055.0,2053.0,2038.0,2038.0,2038.0
0.0,12179.0,6277.0,6121.0,6163.0,6298.0,2098.0,2098.0,2102.0,2040.0,2040.0,2041.0,2092.0,2092.0,2093.0,4059.0,4059.0,4061.0,2098.0,2098.0,2102.0,2040.0,2040.0,2041.0
0.0,12065.0,6271.0,6127.0,6298.0,6289.0,2096.0,2096.0,2097.0,2042.0,2042.0,2043.0,2090.0,2090.0,2091.0,4022.0,4022.0,4021.0,2096.0,2096.0,2097.0,2042.0,2042.0,2043.0
0.0,12092.0,6181.0,6127.0,6289.0,6181.0,2060.0,2060.0,2061.0,2042.0,2042.0,2043.0,2060.0,2060.0,2061.0,4030.0,4030.0,4032.0,2060.0,2060.0,2061.0,2042.0,2042.0,2043.0
0.0,12200.0,6088.0,6124.0,6181.0,6079.0,2026.0,2026.0,2027.0,2041.0,2041.0,2042.0,2029.0,2029.0,2030.0,4066.0,4066.0,4068.0,2026.0,2026.0,2027.0,2041.0,2041.0,2042.0
0.0,12293.0,5935.0,6121.0,6079.0,5926.0,1975.0,1975.0,1976.0,2040.0,2040.0,2041.0,1978.0,1978.0,1979.0,4097.0,4097.0,4099.0,1975.0,1975.0,1976.0,2040.0,2040.0,2041.0
0.0,12437.0,6040.0,6118.0,5926.0,6031.0,2010.0,2010.0,2011.0,2039.0,2039.0,2040.0,2013.0,2013.0,2014.0,4145.0,4145.0,4147.0,2010.0,2010.0,2011.0,2039.0,2039.0,2040.0
0.0,12323.0,6265.0,6124.0,6031.0,6283.0,2094.0,2094.0,2095.0,2041.0,2041.0,2042.0,2088.0,2088.0,2089.0,4107.0,4107.0,4109.0,2094.0,2094.0,2095.0,2041.0,2041.0,2042.0
0.0,12089.0,6373.0,6130.0,6283.0,6391.0,2130.0,2130.0,2131.0,2043.0,2043.0,2044.0,2124.0,2124.0,2125.0,4029.0,4029.0,4031.0,2130.0,2130.0,2131.0,2043.0,2043.0,2044.0
0.0,11999.0,6319.0,6136.0,6391.0,6337.0,2112.0,2112.0,2113.0,2045.0,2045.0,2046.0,2106.0,2106.0,2107.0,3999.0,3999.0,4001.0,2112.0,2112.0,2113.0,2045.0,2045.0,2046.0
0.0,12071.0,6277.0,6139.0,6337.0,6286.0,2095.0,2095.0,2096.0,2046.0,2046.0,2047.0,2092.0,2092.0,2093.0,4023.0,4023.0,4025.0,2095.0,2095.0,2096.0,2046.0,2046.0,2047.0
0.0,12131.0,6055.0,6136.0,6286.0,6046.0,2015.0,2015.0,2016.0,2045.0,2045.0,2046.0,2018.0,2018.0,2019.0,4043.0,4043.0,4045.0,2015.0,2015.0,2016.0,2045.0,2045.0,2046.0
0.0,12362.0,5989.0,6136.0,6046.0,5989.0,1996.0,1996.0,1997.0,2045.0,2045.0,2046.0,1996.0,1996.0,1997.0,4120.0,4120.0,4122.0,1996.0,1996.0,1997.0,2045.0,2045.0,2046.0
0.0,12419.0,6097.0,6133.0,5989.0,6088.0,2029.0,2029.0,2030.0,2044.0,2044.0,2045.0,2032.0,2032.0,2033.0,4139.0,4139.0,4141.0,2029.0,2029.0,2030.0,2044.0,2044.0,2045.0
0.0,12311.0,6121.0,6136.0,6088.0,6130.0,2043.0,2043.0,2044.0,2045.0,2045.0,2046.0,2040.0,2040.0,2041.0,4103.0,4103.0,4105.0,2043.0,2043.0,2044.0,2045.0,2045.0,2046.0
0.0,12278.0,6286.0,6142.0,6130.0,6304.0,2101.0,2101.0,2102.0,2047.0,2047.0,2048.0,2095.0,2095.0,2096.0,4092.0,4092.0,4094.0,2101.0,2101.0,2102.0,2047.0,2047.0,2048.0
0.0,12122.0,6151.0,6145.0,6304.0,6160.0,2053.0,2053.0,2054.0,2048.0,2048.0,2049.0,2050.0,2050.0,2051.0,4040.0,4040.0,4042.0,2053.0,2053.0,2054.0,2048.0,2048.0,2049.0
0.0,12275.0,6178.0,6148.0,6160.0,6187.0,2062.0,2062.0,2063.0,2049.0,2049.0,2050.0,2059.0,2059.0,2060.0,4091.0,4091.0,4093.0,2062.0,2062.0,2063.0,2049.0,2049.0,2050.0
0.0,12257.0,6049.0,6148.0,6187.0,6049.0,2016.0,2016.0,2017.0,2049.0,2049.0,2050.0,2016.0,2016.0,2017.0,4085.0,4085.0,4087.0,2016.0,2016.0,2017.0,2049.0,2049.0,2050.0
0.0,12395.0,6055.0,6145.0,6049.0,6046.0,2015.0,2015.0,2016.0,2048.0,2048.0,2049.0,2018.0,2018.0,2019.0,4131.0,4131.0,4133.0,2015.0,2015.0,2016.0,2048.0,2048.0,2049.0
0.0,12389.0,6040.0,6142.0,6046.0,6031.0,2010.0,2010.0,2011.0,2047.0,2047.0,2048.0,2013.0,2013.0,2014.0,4129.0,4129.0,4131.0,2010.0,2010.0,2011.0,2047.0,2047.0,2048.0
0.0,12395.0,6184.0,6142.0,6031.0,6184.0,2061.0,2061.0,2062.0,2047.0,2047.0,2048.0,2061.0,2061.0,2062.0,4131.0,4131.0,4133.0,2061.0,2061.0,2062.0,2047.0,2047.0,2048.0
0.0,12242.0,6286.0,6148.0,6184.0,6304.0,2101.0,2101.0,2102.0,2049.0,2049.0,2050.0,2095.0,2095.0,2096.0,4080.0,4080.0,4082.0,2101.0,2101.0,2102.0,2049.0,2049.0,2050.0
0.0,12140.0,6337.0,6157.0,6304.0,6364.0,2121.0,2121.0,2122.0,2052.0,2052.0,2053.0,2112.0,2112.0,2113.0,4046.0,4046.0,4048.0,2121.0,2121.0,2122.0,2052.0,2052.0,2053.0
0.0,12107.0,6271.0,6160.0,6364.0,6280.0,2093.0,2093.0,2094.0,2053.0,2053.0,2054.0,2090.0,2090.0,2091.0,4035.0,4035.0,4037.0,2093.0,2093.0,2094.0,2053.0,2053.0,2054.0
0.0,12200.0,6157.0,6157.0,6280.0,6148.0,2049.0,2049.0,2050.0,2052.0,2052.0,2053.0,2052.0,2052.0,2053.0,4066.0,4066.0,4068.0,2049.0,2049.0,2050.0,2052.0,2052.0,2053.0
0.0,12323.0,6121.0,6154.0,6148.0,6112.0,2037.0,2037.0,2038.0,2051.0,2051.0,2052.0,2040.0,2040.0,2041.0,4107.0,4107.0,4109.0,2037.0,2037.0,2038.0,2051.0,2051.0,2052.0
0.0,12350.0,6259.0,6154.0,6112.0,6259.0,2086.0,2086.0,2087.0,2051.0,2051.0,2052.0,2086.0,2086.0,2087.0,4116.0,4116.0,4118.0,2086.0,2086.0,2087.0,2051.0,2051.0,2052.0
0.0,12203.0,6109.0,6157.0,6259.0,6118.0,2039.0,2039.0,2040.0,2052.0,2052.0,2053.0,2036.0,2036.0,2037.0,4067.0,4067.0,4069.0,2039.0,2039.0,2040.0,2052.0,2052.0,2053.0
0.0,12353.0,6355.0,6166.0,6118.0,6382.0,2127.0,2127.0,2128.0,2055.0,2055.0,2056.0,2118.0,2118.0,2119.0,4117.0,4117.0,4119.0,2127.0,2127.0,2128.0,2055.0,2055.0,2056.0
0.0,12116.0,6439.0,6172.0,6382.0,6457.0,2152.0,2152.0,2153.0,2057.0,2057.0,2058.0,2146.0,2146.0,2147.0,4038.0,4038.0,4040.0,2152.0,2152.0,2153.0,2057.0,2057.0,2058.0
0.0,12059.0,6331.0,6175.0,6457.0,6340.0,2113.0,2113.0,2114.0,2058.0,2058.0,2059.0,2110.0,2110.0,2111.0,4019.0,4019.0,4021.0,2113.0,2113.0,2114.0,2058.0,2058.0,2059.0
0.0,12185.0,6109.0,6175.0,6340.0,6109.0,2036.0,2036.0,2037.0,2058.0,2058.0,2059.0,2036.0,2036.0,2037.0,4061.0,4061.0,4063.0,2036.0,2036.0,2037.0,2058.0,2058.0,2059.0
0.0,12416.0,6130.0,6172.0,6109.0,6121.0,2040.0,2040.0,2041.0,2057.0,2057.0,2058.0,2043.0,2043.0,2044.0,4138.0,4138.0,4140.0,2040.0,2040.0,2041.0,2057.0,2057.0,2058.0
0.0,12395.0,6153.0,6169.0,6121.0,6144.0,2048.0,2048.0,2048.0,2056.0,2056.0,2057.0,2051.0,2051.0,2051.0,4131.0,4131.0,4133.0,2048.0,2048.0,2048.0,2056.0,2056.0,2057.0
0.0,12363.0,6313.0,6172.0,6144.0,6322.0,2107.0,2107.0,2108.0,2057.0,2057.0,2058.0,2104.0,2104.0,2105.0,4120.0,4120.0,4123.0,2107.0,2107.0,2108.0,2057.0,2057.0,2058.0
0.0,12194.0,6415.0,6181.0,6322.0,6442.0,2147.0,2147.0,2148.0,2060.0,2060.0,2061.0,2138.0,2138.0,2139.0,4064.0,4064.0,4066.0,2147.0,2147.0,2148.0,2060.0,2060.0,2061.0
0.0,12101.0,6238.0,6187.0,6442.0,6256.0,2085.0,2085.0,2086.0,2062.0,2062.0,2063.0,2079.0,2079.0,2080.0,4033.0,4033.0,4035.0,2085.0,2085.0,2086.0,2062.0,2062.0,2063.0
0.0,12305.0,6331.0,6190.0,6256.0,6340.0,2113.0,2113.0,2114.0,2063.0,2063.0,2064.0,2110.0,2110.0,2111.0,4101.0,4101.0,4103.0,2113.0,2113.0,2114.0,2063.0,2063.0,2064.0
0.0,12230.0,6067.0,6187.0,6340.0,6058.0,2019.0,2019.0,2020.0,2062.0,2062.0,2063.0,2022.0,2022.0,2023.0,4076.0,4076.0,4078.0,2019.0,2019.0,2020.0,2062.0,2062.0,2063.0
0.0,12503.0,6097.0,6181.0,6058.0,6079.0,2026.0,2026.0,2027.0,2060.0,2060.0,2061.0,2032.0,2032.0,2033.0,4167.0,4167.0,4169.0,2026.0,2026.0,2027.0,2060.0,2060.0,2061.0
0.0,12464.0,6166.0,6181.0,6079.0,6166.0,2055.0,2055.0,2056.0,2060.0,2060.0,2061.0,2055.0,2055.0,2056.0,4154.0,4154.0,4156.0,2055.0,2055.0,2056.0,2060.0,2060.0,2061.0
0.0,12377.0,6196.0,6181.0,6166.0,6196.0,2065.0,2065.0,2066.0,2060.0,2060.0,2061.0,2065.0,2065.0,2066.0,4125.0,4125.0,4127.0,2065.0,2065.0,2066.0,2060.0,2060.0,2061.0
0.0,12347.0,6355.0,6187.0,6196.0,6373.0,2124.0,2124.0,2125.0,2062.0,2062.0,2063.0,2118.0,2118.0,2119.0,4115.0,4115.0,4117.0,2124.0,2124.0,2125.0,2062.0,2062.0,2063.0
0.0,12188.0,6265.0,6190.0,6373.0,6274.0,2091.0,2091.0,2092.0,2063.0,2063.0,2064.0,2088.0,2088.0,2089.0,4062.0,4062.0,4064.0,2091.0,2091.0,2092.0,2063.0,2063.0,2064.0
0.0,12296.0,6325.0,6193.0,6274.0,6334.0,2111.0,2111.0,2112.0,2064.0,2064.0,2065.0,2108.0,2108.0,2109.0,4098.0,4098.0,4100.0,2111.0,2111.0,2112.0,2064.0,2064.0,2065.0
0.0,12245.0,6193.0,6190.0,6334.0,6184.0,2061.0,2061.0,2062.0,2063.0,2063.0,2064.0,2064.0,2064.0,2065.0,4081.0,4081.0,4083.0,2061.0,2061.0,2062.0,2063.0,2063.0,2064.0
0.0,12386.0,6165.0,6187.0,6184.0,6156.0,2052.0,2052.0,2052.0,2062.0,2062.0,2063.0,2055.0,2055.0,2055.0,4128.0,4128.0,4130.0,2052.0,2052.0,2052.0,2062.0,2062.0,2063.0
0.0,12405.0,6109.0,6187.0,6156.0,6109.0,2036.0,2036.0,2037.0,2062.0,2062.0,2063.0,2036.0,2036.0,2037.0,4134.0,4134.0,4137.0,2036.0,2036.0,2037.0,2062.0,2062.0,2063.0
0.0,12452.0,6256.0,6190.0,6109.0,6265.0,2088.0,2088.0,2089.0,2063.0,2063.0,2064.0,2085.0,2085.0,2086.0,4150.0,4150.0,4152.0,2088.0,2088.0,2089.0,2063.0,2063.0,2064.0
0.0,12305.0,6322.0,6196.0,6265.0,6340.0,2113.0,2113.0,2114.0,2065.0,2065.0,2066.0,2107.0,2107.0,2108.0,4101.0,4101.0,4103.0,2113.0,2113.0,2114.0,2065.0,2065.0,2066.0
0.0,12248.0,6268.0,6202.0,6340.0,6286.0,2095.0,2095.0,2096.0,2067.0,2067.0,2068.0,2089.0,2089.0,2090.0,4082.0,4082.0,4084.0,2095.0,2095.0,2096.0,2067.0,2067.0,2068.0
0.0,12320.0,6181.0,6202.0,6286.0,6181.0,2060.0,2060.0,2061.0,2067.0,2067.0,2068.0,2060.0,2060.0,2061.0,4106.0,4106.0,4108.0,2060.0,2060.0,2061.0,2067.0,2067.0,2068.0
0.0,12425.0,6196.0,6202.0,6181.0,6196.0,2065.0,2065.0,2066.0,2067.0,2067.0,2068.0,2065.0,2065.0,2066.0,4141.0,4141.0,4143.0,2065.0,2065.0,2066.0,2067.0,2067.0,2068.0
0.0,12410.0,6118.0,6199.0,6196.0,6109.0,2036.0,2036.0,2037.0,2066.0,2066.0,2067.0,2039.0,2039.0,2040.0,4136.0,4136.0,4138.0,2036.0,2036.0,2037.0,2066.0,2066.0,2067.0
0.0,12488.0,6112.0,6196.0,6109.0,6103.0,2034.0,2034.0,2035.0,2065.0,2065.0,2066.0,2037.0,2037.0,2038.0,4162.0,4162.0,4164.0,2034.0,2034.0,2035.0,2065.0,2065.0,2066.0
0.0,12485.0,6343.0,6202.0,6103.0,6361.0,2120.0,2120.0,2121.0,2067.0,2067.0,2068.0,2114.0,2114.0,2115.0,4161.0,4161.0,4163.0,2120.0,2120.0,2121.0,2067.0,2067.0,2068.0
0.0,12245.0,6325.0,6210.0,6361.0,6349.0,2117.0,2117.0,2115.0,2070.0,2070.0,2070.0,2108.0,2108.0,2109.0,4081.0,4081.0,4083.0,2117.0,2117.0,2115.0,2070.0,2070.0,2070.0
0.0,12281.0,6210.0,6214.0,6349.0,6222.0,2073.0,2073.0,2076.0,2071.0,2071.0,2072.0,2070.0,2070.0,2070.0,4093.0,4093.0,4095.0,2073.0,2073.0,2076.0,2071.0,2071.0,2072.0
0.0,12420.0,6361.0,6214.0,6222.0,6361.0,2120.0,2120.0,2121.0,2071.0,2071.0,2072.0,2120.0,2120.0,2121.0,4140.0,4140.0,4140.0,2120.0,2120.0,2121.0,2071.0,2071.0,2072.0
0.0,12281.0,6103.0,6208.0,6361.0,6085.0,2028.0,2028.0,2029.0,2069.0,2069.0,2070.0,2034.0,2034.0,2035.0,4093.0,4093.0,4095.0,2028.0,2028.0,2029.0,2069.0,2069.0,2070.0
0.0,12539.0,6169.0,6207.0,6085.0,6166.0,2056.0,2056.0,2054.0,2069.0,2069.0,2069.0,2056.0,2056.0,2057.0,4179.0,4179.0,4181.0,2056.0,2056.0,2054.0,2069.0,2069.0,2069.0
0.0,12455.0,6153.0,6205.0,6166.0,6147.0,2048.0,2048.0,2051.0,2068.0,2068.0,2069.0,2051.0,2051.0,2051.0,4151.0,4151.0,4153.0,2048.0,2048.0,2051.0,2068.0,2068.0,2069.0
0.0,12468.0,6091.0,6205.0,6147.0,6091.0,2030.0,2030.0,2031.0,2068.0,2068.0,2069.0,2030.0,2030.0,2031.0,4156.0,4156.0,4156.0,2030.0,2030.0,2031.0,2068.0,2068.0,2069.0
0.0,12524.0,6396.0,6213.0,6091.0,6420.0,2141.0,2141.0,2138.0,2071.0,2071.0,2071.0,2132.0,2132.0,2132.0,4174.0,4174.0,4176.0,2141.0,2141.0,2138.0,2071.0,2071.0,2071.0
0.0,12219.0,6379.0,6217.0,6420.0,6391.0,2129.0,2129.0,2133.0,2072.0,2072.0,2073.0,2126.0,2126.0,2127.0,4072.0,4072.0,4075.0,2129.0,2129.0,2133.0,2072.0,2072.0,2073.0
0.0,12260.0,6256.0,6220.0,6391.0,6265.0,2088.0,2088.0,2089.0,2073.0,2073.0,2074.0,2085.0,2085.0,2086.0,4087.0,4087.0,4086.0,2088.0,2088.0,2089.0,2073.0,2073.0,2074.0
0.0,12395.0,6195.0,6220.0,6265.0,6195.0,2065.0,2065.0,2065.0,2073.0,2073.0,2074.0,2065.0,2065.0,2065.0,4131.0,4131.0,4133.0,2065.0,2065.0,2065.0,2073.0,2073.0,2074.0
0.0,12465.0,6073.0,6217.0,6195.0,6064.0,2021.0,2021.0,2022.0,2072.0,2072.0,2073.0,2024.0,2024.0,2025.0,4154.0,4154.0,4157.0,2021.0,2021.0,2022.0,2072.0,2072.0,2073.0
0.0,12587.0,6085.0,6216.0,6064.0,6082.0,2028.0,2028.0,2026.0,2072.0,2072.0,2072.0,2028.0,2028.0,2029.0,4195.0,4195.0,4197.0,2028.0,2028.0,2026.0,2072.0,2072.0,2072.0
0.0,12566.0,6196.0,6219.0,6082.0,6205.0,2068.0,2068.0,2069.0,2073.0,2073.0,2073.0,2065.0,2065.0,2066.0,4188.0,4188.0,4190.0,2068.0,2068.0,2069.0,2073.0,2073.0,2073.0
0.0,12452.0,6361.0,6223.0,6205.0,6373.0,2123.0,2123.0,2127.0,2074.0,2074.0,2075.0,2120.0,2120.0,2121.0,4151.0,4151.0,4150.0,2123.0,2123.0,2127.0,2074.0,2074.0,2075.0
0.0,12296.0,6391.0,6232.0,6373.0,6418.0,2139.0,2139.0,2140.0,2077.0,2077.0,2078.0,2130.0,2130.0,2131.0,4099.0,4099.0,4098.0,2139.0,2139.0,2140.0,2077.0,2077.0,2078.0
0.0,12278.0,6325.0,6235.0,6418.0,6334.0,2111.0,2111.0,2112.0,2078.0,2078.0,2079.0,2108.0,2108.0,2109.0,4092.0,4092.0,4094.0,2111.0,2111.0,2112.0,2078.0,2078.0,2079.0
0.0,12371.0,6274.0,6234.0,6334.0,6271.0,2091.0,2091.0,2089.0,2078.0,2078.0,2078.0,2091.0,2091.0,2092.0,4123.0,4123.0,4125.0,2091.0,2091.0,2089.0,2078.0,2078.0,2078.0
0.0,12431.0,6132.0,6229.0,6271.0,6117.0,2038.0,2038.0,2041.0,2076.0,2076.0,2077.0,2044.0,2044.0,2044.0,4143.0,4143.0,4145.0,2038.0,2038.0,2041.0,2076.0,2076.0,2077.0
0.0,12570.0,6193.0,6229.0,6117.0,6193.0,2064.0,2064.0,2065.0,2076.0,2076.0,2077.0,2064.0,2064.0,2065.0,4190.0,4190.0,4190.0,2064.0,2064.0,2065.0,2076.0,2076.0,2077.0
0.0,12494.0,6085.0,6226.0,6193.0,6076.0,2025.0,2025.0,2026.0,2075.0,2075.0,2076.0,2028.0,2028.0,2029.0,4164.0,4164.0,4166.0,2025.0,2025.0,2026.0,2075.0,2075.0,2076.0
0.0,12602.0,6367.0,6232.0,6076.0,6385.0,2128.0,2128.0,2129.0,2077.0,2077.0,2078.0,2122.0,2122.0,2123.0,4200.0,4200.0,4202.0,2128.0,2128.0,2129.0,2077.0,2077.0,2078.0
0.0,12311.0,6442.0,6235.0,6385.0,6451.0,2150.0,2150.0,2151.0,2078.0,2078.0,2079.0,2147.0,2147.0,2148.0,4103.0,4103.0,4105.0,2150.0,2150.0,2151.0,2078.0,2078.0,2079.0
0.0,12254.0,6217.0,6238.0,6451.0,6226.0,2075.0,2075.0,2076.0,2079.0,2079.0,2080.0,2072.0,2072.0,2073.0,4084.0,4084.0,4086.0,2075.0,2075.0,2076.0,2079.0,2079.0,2080.0
0.0,12488.0,6109.0,6232.0,6226.0,6091.0,2030.0,2030.0,2031.0,2077.0,2077.0,2078.0,2036.0,2036.0,2037.0,4162.0,4162.0,4164.0,2030.0,2030.0,2031.0,2077.0,2077.0,2078.0
0.0,12605.0,6154.0,6226.0,6091.0,6136.0,2045.0,2045.0,2046.0,2075.0,2075.0,2076.0,2051.0,2051.0,2052.0,4201.0,4201.0,4203.0,2045.0,2045.0,2046.0,2075.0,2075.0,2076.0
0.0,12542.0,6187.0,6223.0,6136.0,6178.0,2059.0,2059.0,2060.0,2074.0,2074.0,2075.0,2062.0,2062.0,2063.0,4180.0,4180.0,4182.0,2059.0,2059.0,2060.0,2074.0,2074.0,2075.0
0.0,12491.0,6232.0,6226.0,6178.0,6241.0,2080.0,2080.0,2081.0,2075.0,2075.0,2076.0,2077.0,2077.0,2078.0,4163.0,4163.0,4165.0,2080.0,2080.0,2081.0,2075.0,2075.0,2076.0
0.0,12437.0,6295.0,6229.0,6241.0,6304.0,2101.0,2101.0,2102.0,2076.0,2076.0,2077.0,2098.0,2098.0,2099.0,4145.0,4145.0,4147.0,2101.0,2101.0,2102.0,2076.0,2076.0,2077.0
0.0,12383.0,6346.0,6232.0,6304.0,6355.0,2118.0,2118.0,2119.0,2077.0,2077.0,2078.0,2115.0,2115.0,2116.0,4127.0,4127.0,4129.0,2118.0,2118.0,2119.0,2077.0,2077.0,2078.0
0.0,12341.0,6322.0,6234.0,6355.0,6328.0,2110.0,2110.0,2108.0,2078.0,2078.0,2078.0,2107.0,2107.0,2108.0,4113.0,4113.0,4115.0,2110.0,2110.0,2108.0,2078.0,2078.0,2078.0
0.0,12374.0,6157.0,6229.0,6328.0,6142.0,2046.0,2046.0,2050.0,2076.0,2076.0,2077.0,2052.0,2052.0,2053.0,4124.0,4124.0,4126.0,2046.0,2046.0,2050.0,2076.0,2076.0,2077.0
0.0,12545.0,6094.0,6226.0,6142.0,6085.0,2028.0,2028.0,2029.0,2075.0,2075.0,2076.0,2031.0,2031.0,2032.0,4182.0,4182.0,4181.0,2028.0,2028.0,2029.0,2075.0,2075.0,2076.0
0.0,12593.0,6244.0,6223.0,6085.0,6235.0,2078.0,2078.0,2079.0,2074.0,2074.0,2075.0,2081.0,2081.0,2082.0,4197.0,4197.0,4199.0,2078.0,2078.0,2079.0,2074.0,2074.0,2075.0
0.0,12434.0,6145.0,6226.0,6235.0,6154.0,2051.0,2051.0,2052.0,2075.0,2075.0,2076.0,2048.0,2048.0,2049.0,4144.0,4144.0,4146.0,2051.0,2051.0,2052.0,2075.0,2075.0,2076.0
0.0,12524.0,6328.0,6229.0,6154.0,6337.0,2112.0,2112.0,2113.0,2076.0,2076.0,2077.0,2109.0,2109.0,2110.0,4174.0,4174.0,4176.0,2112.0,2112.0,2113.0,2076.0,2076.0,2077.0
0.0,12350.0,6394.0,6235.0,6337.0,6412.0,2137.0,2137.0,2138.0,2078.0,2078.0,2079.0,2131.0,2131.0,2132.0,4116.0,4116.0,4118.0,2137.0,2137.0,2138.0,2078.0,2078.0,2079.0
0.0,12293.0,6382.0,6238.0,6412.0,6391.0,2130.0,2130.0,2131.0,2079.0,2079.0,2080.0,2127.0,2127.0,2128.0,4097.0,4097.0,4099.0,2130.0,2130.0,2131.0,2079.0,2079.0,2080.0
0.0,12323.0,6037.0,6232.0,6391.0,6019.0,2006.0,2006.0,2007.0,2077.0,2077.0,2078.0,2012.0,2012.0,2013.0,4107.0,4107.0,4109.0,2006.0,2006.0,2007.0,2077.0,2077.0,2078.0
0.0,12677.0,6154.0,6229.0,6019.0,6145.0,2048.0,2048.0,2049.0,2076.0,2076.0,2077.0,2051.0,2051.0,2052.0,4225.0,4225.0,4227.0,2048.0,2048.0,2049.0,2076.0,2076.0,2077.0
0.0,12542.0,6198.0,6226.0,6145.0,6189.0,2063.0,2063.0,2063.0,2075.0,2075.0,2076.0,2066.0,2066.0,2066.0,4180.0,4180.0,4182.0,2063.0,2063.0,2063.0,2075.0,2075.0,2076.0
0.0,12489.0,6211.0,6228.0,6189.0,6217.0,2073.0,2073.0,2071.0,2076.0,2076.0,2076.0,2070.0,2070.0,2071.0,4162.0,4162.0,4165.0,2073.0,2073.0,2071.0,2076.0,2076.0,2076.0
0.0,12467.0,6250.0,6229.0,6217.0,6253.0,2083.0,2083.0,2087.0,2076.0,2076.0,2077.0,2083.0,2083.0,2084.0,4155.0,4155.0,4157.0,2083.0,2083.0,2087.0,2076.0,2076.0,2077.0
0.0,12434.0,6400.0,6235.0,6253.0,6418.0,2139.0,2139.0,2140.0,2078.0,2078.0,2079.0,2133.0,2133.0,2134.0,4145.0,4145.0,4144.0,2139.0,2139.0,2140.0,2078.0,2078.0,2079.0
0.0,12287.0,6262.0,6235.0,6418.0,6262.0,2087.0,2087.0,2088.0,2078.0,2078.0,2079.0,2087.0,2087.0,2088.0,4095.0,4095.0,4097.0,2087.0,2087.0,2088.0,2078.0,2078.0,2079.0
0.0,12443.0,6274.0,6235.0,6262.0,6274.0,2091.0,2091.0,2092.0,2078.0,2078.0,2079.0,2091.0,2091.0,2092.0,4147.0,4147.0,4149.0,2091.0,2091.0,2092.0,2078.0,2078.0,2079.0
0.0,12431.0,6160.0,6232.0,6274.0,6151.0,2050.0,2050.0,2051.0,2077.0,2077.0,2078.0,2053.0,2053.0,2054.0,4143.0,4143.0,4145.0,2050.0,2050.0,2051.0,2077.0,2077.0,2078.0
0.0,12545.0,6147.0,6232.0,6151.0,6147.0,2049.0,2049.0,2049.0,2077.0,2077.0,2078.0,2049.0,2049.0,2049.0,4181.0,4181.0,4183.0,2049.0,2049.0,2049.0,2077.0,2077.0,2078.0
0.0,12549.0,6343.0,6235.0,6147.0,6352.0,2117.0,2117.0,2118.0,2078.0,2078.0,2079.0,2114.0,2114.0,2115.0,4182.0,4182.0,4185.0,2117.0,2117.0,2118.0,2078.0,2078.0,2079.0
0.0,12353.0,6379.0,6238.0,6352.0,6388.0,2129.0,2129.0,2130.0,2079.0,2079.0,2080.0,2126.0,2126.0,2127.0,4117.0,4117.0,4119.0,2129.0,2129.0,2130.0,2079.0,2079.0,2080.0
0.0,12326.0,6517.0,6247.0,6388.0,6544.0,2181.0,2181.0,2182.0,2082.0,2082.0,2083.0,2172.0,2172.0,2173.0,4108.0,4108.0,4110.0,2181.0,2181.0,2182.0,2082.0,2082.0,2083.0
0.0,12197.0,6409.0,6247.0,6544.0,6409.0,2136.0,2136.0,2137.0,2082.0,2082.0,2083.0,2136.0,2136.0,2137.0,4065.0,4065.0,4067.0,2136.0,2136.0,2137.0,2082.0,2082.0,2083.0
0.0,12332.0,6262.0,6247.0,6409.0,6262.0,2087.0,2087.0,2088.0,2082.0,2082.0,2083.0,2087.0,2087.0,2088.0,4110.0,4110.0,4112.0,2087.0,2087.0,2088.0,2082.0,2082.0,2083.0
0.0,12479.0,6133.0,6246.0,6262.0,6130.0,2044.0,2044.0,2042.0,2082.0,2082.0,2082.0,2044.0,2044.0,2045.0,4159.0,4159.0,4161.0,2044.0,2044.0,2042.0,2082.0,2082.0,2082.0
0.0,12608.0,6160.0,6241.0,6130.0,6145.0,2047.0,2047.0,2051.0,2080.0,2080.0,2081.0,2053.0,2053.0,2054.0,4202.0,4202.0,4204.0,2047.0,2047.0,2051.0,2080.0,2080.0,2081.0
0.0,12578.0,6316.0,6247.0,6145.0,6334.0,2111.0,2111.0,2112.0,2082.0,2082.0,2083.0,2105.0,2105.0,2106.0,4193.0,4193.0,4192.0,2111.0,2111.0,2112.0,2082.0,2082.0,2083.0
0.0,12407.0,6508.0,6253.0,6334.0,6526.0,2175.0,2175.0,2176.0,2084.0,2084.0,2085.0,2169.0,2169.0,2170.0,4135.0,4135.0,4137.0,2175.0,2175.0,2176.0,2084.0,2084.0,2085.0
0.0,12233.0,6466.0,6259.0,6526.0,6484.0,2161.0,2161.0,2162.0,2086.0,2086.0,2087.0,2155.0,2155.0,2156.0,4077.0,4077.0,4079.0,2161.0,2161.0,2162.0,2086.0,2086.0,2087.0
0.0,12293.0,6391.0,6265.0,6484.0,6409.0,2136.0,2136.0,2137.0,2088.0,2088.0,2089.0,2130.0,2130.0,2131.0,4097.0,4097.0,4099.0,2136.0,2136.0,2137.0,2088.0,2088.0,2089.0
0.0,12386.0,6319.0,6262.0,6409.0,6310.0,2103.0,2103.0,2104.0,2087.0,2087.0,2088.0,2106.0,2106.0,2107.0,4128.0,4128.0,4130.0,2103.0,2103.0,2104.0,2087.0,2087.0,2088.0
0.0,12476.0,6244.0,6259.0,6310.0,6235.0,2078.0,2078.0,2079.0,2086.0,2086.0,2087.0,2081.0,2081.0,2082.0,4158.0,4158.0,4160.0,2078.0,2078.0,2079.0,2086.0,2086.0,2087.0
0.0,12542.0,6391.0,6262.0,6235.0,6400.0,2133.0,2133.0,2134.0,2087.0,2087.0,2088.0,2130.0,2130.0,2131.0,4180.0,4180.0,4182.0,2133.0,2133.0,2134.0,2087.0,2087.0,2088.0
0.0,12386.0,6280.0,6265.0,6400.0,6289.0,2096.0,2096.0,2097.0,2088.0,2088.0,2089.0,2093.0,2093.0,2094.0,4128.0,4128.0,4130.0,2096.0,2096.0,2097.0,2088.0,2088.0,2089.0
0.0,12506.0,6427.0,6271.0,6289.0,6445.0,2148.0,2148.0,2149.0,2090.0,2090.0,2091.0,2142.0,2142.0,2143.0,4168.0,4168.0,4170.0,2148.0,2148.0,2149.0,2090.0,2090.0,2091.0
0.0,12368.0,6408.0,6277.0,6445.0,6426.0,2142.0,2142.0,2142.0,2092.0,2092.0,2093.0,2136.0,2136.0,2136.0,4122.0,4122.0,4124.0,2142.0,2142.0,2142.0,2092.0,2092.0,2093.0
0.0,12405.0,6373.0,6280.0,6426.0,6382.0,2127.0,2127.0,2128.0,2093.0,2093.0,2094.0,2124.0,2124.0,2125.0,4134.0,4134.0,4137.0,2127.0,2127.0,2128.0,2093.0,2093.0,2094.0
0.0,12458.0,6271.0,6280.0,6382.0,6271.0,2090.0,2090.0,2091.0,2093.0,2093.0,2094.0,2090.0,2090.0,2091.0,4152.0,4152.0,4154.0,2090.0,2090.0,2091.0,2093.0,2093.0,2094.0
0.0,12569.0,6184.0,6274.0,6271.0,6166.0,2055.0,2055.0,2056.0,2091.0,2091.0,2092.0,2061.0,2061.0,2062.0,4189.0,4189.0,4191.0,2055.0,2055.0,2056.0,2091.0,2091.0,2092.0
0.0,12656.0,6163.0,6271.0,6166.0,6154.0,2051.0,2051.0,2052.0,2090.0,2090.0,2091.0,2054.0,2054.0,2055.0,4218.0,4218.0,4220.0,2051.0,2051.0,2052.0,2090.0,2090.0,2091.0
0.0,12659.0,6364.0,6274.0,6154.0,6373.0,2124.0,2124.0,2125.0,2091.0,2091.0,2092.0,2121.0,2121.0,2122.0,4219.0,4219.0,4221.0,2124.0,2124.0,2125.0,2091.0,2091.0,2092.0
0.0,12449.0,6448.0,6280.0,6373.0,6466.0,2155.0,2155.0,2156.0,2093.0,2093.0,2094.0,2149.0,2149.0,2150.0,4149.0,4149.0,4151.0,2155.0,2155.0,2156.0,2093.0,2093.0,2094.0
0.0,12374.0,6459.0,6286.0,6466.0,6477.0,2159.0,2159.0,2159.0,2095.0,2095.0,2096.0,2153.0,2153.0,2153.0,4124.0,4124.0,4126.0,2159.0,2159.0,2159.0,2095.0,2095.0,2096.0
0.0,12381.0,6352.0,6289.0,6477.0,6361.0,2120.0,2120.0,2121.0,2096.0,2096.0,2097.0,2117.0,2117.0,2118.0,4126.0,4126.0,4129.0,2120.0,2120.0,2121.0,2096.0,2096.0,2097.0
0.0,12506.0,6262.0,6289.0,6361.0,6262.0,2087.0,2087.0,2088.0,2096.0,2096.0,2097.0,2087.0,2087.0,2088.0,4168.0,4168.0,4170.0,2087.0,2087.0,2088.0,2096.0,2096.0,2097.0
0.0,12605.0,6223.0,6283.0,6262.0,6205.0,2068.0,2068.0,2069.0,2094.0,2094.0,2095.0,2074.0,2074.0,2075.0,4201.0,4201.0,4203.0,2068.0,2068.0,2069.0,2094.0,2094.0,2095.0
0.0,12644.0,6208.0,6283.0,6205.0,6208.0,2069.0,2069.0,2070.0,2094.0,2094.0,2095.0,2069.0,2069.0,2070.0,4214.0,4214.0,4216.0,2069.0,2069.0,2070.0,2094.0,2094.0,2095.0
0.0,12641.0,6361.0,6289.0,6208.0,6379.0,2126.0,2126.0,2127.0,2096.0,2096.0,2097.0,2120.0,2120.0,2121.0,4213.0,4213.0,4215.0,2126.0,2126.0,2127.0,2096.0,2096.0,2097.0
0.0,12488.0,6469.0,6295.0,6379.0,6487.0,2162.0,2162.0,2163.0,2098.0,2098.0,2099.0,2156.0,2156.0,2157.0,4162.0,4162.0,4164.0,2162.0,2162.0,2163.0,2098.0,2098.0,2099.0
0.0,12398.0,6532.0,6301.0,6487.0,6550.0,2183.0,2183.0,2184.0,2100.0,2100.0,2101.0,2177.0,2177.0,2178.0,4132.0,4132.0,4134.0,2183.0,2183.0,2184.0,2100.0,2100.0,2101.0
0.0,12353.0,6370.0,6304.0,6550.0,6379.0,2126.0,2126.0,2127.0,2101.0,2101.0,2102.0,2123.0,2123.0,2124.0,4117.0,4117.0,4119.0,2126.0,2126.0,2127.0,2101.0,2101.0,2102.0
0.0,12533.0,6331.0,6304.0,6379.0,6331.0,2110.0,2110.0,2111.0,2101.0,2101.0,2102.0,2110.0,2110.0,2111.0,4177.0,4177.0,4179.0,2110.0,2110.0,2111.0,2101.0,2101.0,2102.0
0.0,12581.0,6199.0,6301.0,6331.0,6190.0,2063.0,2063.0,2064.0,2100.0,2100.0,2101.0,2066.0,2066.0,2067.0,4193.0,4193.0,4195.0,2063.0,2063.0,2064.0,2100.0,2100.0,2101.0
0.0,12713.0,6112.0,6298.0,6190.0,6103.0,2034.0,2034.0,2035.0,2099.0,2099.0,2100.0,2037.0,2037.0,2038.0,4237.0,4237.0,4239.0,2034.0,2034.0,2035.0,2099.0,2099.0,2100.0
0.0,12791.0,6450.0,6304.0,6103.0,6468.0,2156.0,2156.0,2156.0,2101.0,2101.0,2102.0,2150.0,2150.0,2150.0,4263.0,4263.0,4265.0,2156.0,2156.0,2156.0,2101.0,2101.0,2102.0
0.0,12444.0,6333.0,6307.0,6468.0,6342.0,2114.0,2114.0,2114.0,2102.0,2102.0,2103.0,2111.0,2111.0,2111.0,4147.0,4147.0,4150.0,2114.0,2114.0,2114.0,2102.0,2102.0,2103.0
0.0,12579.0,6438.0,6312.0,6342.0,6453.0,2152.0,2152.0,2149.0,2104.0,2104.0,2104.0,2146.0,2146.0,2146.0,4192.0,4192.0,4195.0,2152.0,2152.0,2149.0,2104.0,2104.0,2104.0
0.0,12483.0,6337.0,6316.0,6453.0,6349.0,2115.0,2115.0,2119.0,2105.0,2105.0,2106.0,2112.0,2112.0,2113.0,4160.0,4160.0,4163.0,2115.0,2115.0,2119.0,2105.0,2105.0,2106.0
0.0,12599.0,6175.0,6313.0,6349.0,6166.0,2055.0,2055.0,2056.0,2104.0,2104.0,2105.0,2058.0,2058.0,2059.0,4200.0,4200.0,4199.0,2055.0,2055.0,2056.0,2104.0,2104.0,2105.0
0.0,12773.0,6187.0,6307.0,6166.0,6169.0,2056.0,2056.0,2057.0,2102.0,2102.0,2103.0,2062.0,2062.0,2063.0,4257.0,4257.0,4259.0,2056.0,2056.0,2057.0,2102.0,2102.0,2103.0
0.0,12752.0,6166.0,6304.0,6169.0,6157.0,2052.0,2052.0,2053.0,2101.0,2101.0,2102.0,2055.0,2055.0,2056.0,4250.0,4250.0,4252.0,2052.0,2052.0,2053.0,2101.0,2101.0,2102.0
0.0,12755.0,6322.0,6310.0,6157.0,6340.0,2113.0,2113.0,2114.0,2103.0,2103.0,2104.0,2107.0,2107.0,2108.0,4251.0,4251.0,4253.0,2113.0,2113.0,2114.0,2103.0,2103.0,2104.0
0.0,12590.0,6541.0,6316.0,6340.0,6559.0,2186.0,2186.0,2187.0,2105.0,2105.0,2106.0,2180.0,2180.0,2181.0,4196.0,4196.0,4198.0,2186.0,2186.0,2187.0,2105.0,2105.0,2106.0
0.0,12389.0,6459.0,6322.0,6559.0,6477.0,2159.0,2159.0,2159.0,2107.0,2107.0,2108.0,2153.0,2153.0,2153.0,4129.0,4129.0,4131.0,2159.0,2159.0,2159.0,2107.0,2107.0,2108.0
0.0,12489.0,6361.0,6325.0,6477.0,6370.0,2123.0,2123.0,2124.0,2108.0,2108.0,2109.0,2120.0,2120.0,2121.0,4162.0,4162.0,4165.0,2123.0,2123.0,2124.0,2108.0,2108.0,2109.0
0.0,12605.0,6289.0,6325.0,6370.0,6289.0,2096.0,2096.0,2097.0,2108.0,2108.0,2109.0,2096.0,2096.0,2097.0,4201.0,4201.0,4203.0,2096.0,2096.0,2097.0,2108.0,2108.0,2109.0
0.0,12686.0,6250.0,6322.0,6289.0,6241.0,2080.0,2080.0,2081.0,2107.0,2107.0,2108.0,2083.0,2083.0,2084.0,4228.0,4228.0,4230.0,2080.0,2080.0,2081.0,2107.0,2107.0,2108.0
0.0,12725.0,6268.0,6322.0,6241.0,6268.0,2089.0,2089.0,2090.0,2107.0,2107.0,2108.0,2089.0,2089.0,2090.0,4241.0,4241.0,4243.0,2089.0,2089.0,2090.0,2107.0,2107.0,2108.0
0.0,12698.0,6337.0,6325.0,6268.0,6346.0,2115.0,2115.0,2116.0,2108.0,2108.0,2109.0,2112.0,2112.0,2113.0,4232.0,4232.0,4234.0,2115.0,2115.0,2116.0,2108.0,2108.0,2109.0
0.0,12629.0,6481.0,6331.0,6346.0,6499.0,2166.0,2166.0,2167.0,2110.0,2110.0,2111.0,2160.0,2160.0,2161.0,4209.0,4209.0,4211.0,2166.0,2166.0,2167.0,2110.0,2110.0,2111.0
0.0,12494.0,6403.0,6334.0,6499.0,6412.0,2137.0,2137.0,2138.0,2111.0,2111.0,2112.0,2134.0,2134.0,2135.0,4164.0,4164.0,4166.0,2137.0,2137.0,2138.0,2111.0,2111.0,2112.0
0.0,12590.0,6501.0,6337.0,6412.0,6510.0,2170.0,2170.0,2170.0,2112.0,2112.0,2113.0,2167.0,2167.0,2167.0,4196.0,4196.0,4198.0,2170.0,2170.0,2170.0,2112.0,2112.0,2113.0
0.0,12501.0,6298.0,6337.0,6510.0,6298.0,2099.0,2099.0,2100.0,2112.0,2112.0,2113.0,2099.0,2099.0,2100.0,4166.0,4166.0,4169.0,2099.0,2099.0,2100.0,2112.0,2112.0,2113.0
0.0,12713.0,6241.0,6331.0,6298.0,6223.0,2074.0,2074.0,2075.0,2110.0,2110.0,2111.0,2080.0,2080.0,2081.0,4237.0,4237.0,4239.0,2074.0,2074.0,2075.0,2110.0,2110.0,2111.0
0.0,12770.0,6316.0,6330.0,6223.0,6313.0,2105.0,2105.0,2103.0,2110.0,2110.0,2110.0,2105.0,2105.0,2106.0,4256.0,4256.0,4258.0,2105.0,2105.0,2103.0,2110.0,2110.0,2110.0
0.0,12677.0,6343.0,6331.0,6313.0,6346.0,2114.0,2114.0,2118.0,2110.0,2110.0,2111.0,2114.0,2114.0,2115.0,4225.0,4225.0,4227.0,2114.0,2114.0,2118.0,2110.0,2110.0,2111.0
0.0,12647.0,6535.0,6340.0,6346.0,6562.0,2187.0,2187.0,2188.0,2113.0,2113.0,2114.0,2178.0,2178.0,2179.0,4216.0,4216.0,4215.0,2187.0,2187.0,2188.0,2113.0,2113.0,2114.0
0.0,12458.0,6441.0,6343.0,6562.0,6450.0,2150.0,2150.0,2150.0,2114.0,2114.0,2115.0,2147.0,2147.0,2147.0,4152.0,4152.0,4154.0,2150.0,2150.0,2150.0,2114.0,2114.0,2115.0
0.0,12579.0,6403.0,6346.0,6450.0,6412.0,2137.0,2137.0,2138.0,2115.0,2115.0,2116.0,2134.0,2134.0,2135.0,4192.0,4192.0,4195.0,2137.0,2137.0,2138.0,2115.0,2115.0,2116.0
0.0,12626.0,6430.0,6345.0,6412.0,6427.0,2143.0,2143.0,2141.0,2115.0,2115.0,2115.0,2143.0,2143.0,2144.0,4208.0,4208.0,4210.0,2143.0,2143.0,2141.0,2115.0,2115.0,2115.0
0.0,12608.0,6352.0,6343.0,6427.0,6346.0,2114.0,2114.0,2118.0,2114.0,2114.0,2115.0,2117.0,2117.0,2118.0,4202.0,4202.0,4204.0,2114.0,2114.0,2118.0,2114.0,2114.0,2115.0
0.0,12683.0,6202.0,6339.0,6346.0,6190.0,2064.0,2064.0,2062.0,2113.0,2113.0,2113.0,2067.0,2067.0,2068.0,4228.0,4228.0,4227.0,2064.0,2064.0,2062.0,2113.0,2113.0,2113.0
0.0,12827.0,6420.0,6340.0,6190.0,6423.0,2140.0,2140.0,2143.0,2113.0,2113.0,2114.0,2140.0,2140.0,2140.0,4275.0,4275.0,4277.0,2140.0,2140.0,2143.0,2113.0,2113.0,2114.0
0.0,12597.0,6424.0,6343.0,6423.0,6433.0,2144.0,2144.0,2145.0,2114.0,2114.0,2115.0,2141.0,2141.0,2142.0,4199.0,4199.0,4199.0,2144.0,2144.0,2145.0,2114.0,2114.0,2115.0
0.0,12596.0,6499.0,6346.0,6433.0,6508.0,2169.0,2169.0,2170.0,2115.0,2115.0,2116.0,2166.0,2166.0,2167.0,4198.0,4198.0,4200.0,2169.0,2169.0,2170.0,2115.0,2115.0,2116.0
0.0,12530.0,6355.0,6348.0,6508.0,6361.0,2121.0,2121.0,2119.0,2116.0,2116.0,2116.0,2118.0,2118.0,2119.0,4176.0,4176.0,4178.0,2121.0,2121.0,2119.0,2116.0,2116.0,2116.0
0.0,12683.0,6322.0,6346.0,6361.0,6316.0,2104.0,2104.0,2108.0,2115.0,2115.0,2116.0,2107.0,2107.0,2108.0,4227.0,4227.0,4229.0,2104.0,2104.0,2108.0,2115.0,2115.0,2116.0
0.0,12722.0,6139.0,6340.0,6316.0,6121.0,2040.0,2040.0,2041.0,2113.0,2113.0,2114.0,2046.0,2046.0,2047.0,4241.0,4241.0,4240.0,2040.0,2040.0,2041.0,2113.0,2113.0,2114.0
0.0,12899.0,6190.0,6337.0,6121.0,6181.0,2060.0,2060.0,2061.0,2112.0,2112.0,2113.0,2063.0,2063.0,2064.0,4299.0,4299.0,4301.0,2060.0,2060.0,2061.0,2112.0,2112.0,2113.0
0.0,12830.0,6331.0,6337.0,6181.0,6331.0,2110.0,2110.0,2111.0,2112.0,2112.0,2113.0,2110.0,2110.0,2111.0,4276.0,4276.0,4278.0,2110.0,2110.0,2111.0,2112.0,2112.0,2113.0
0.0,12680.0,6415.0,6343.0,6331.0,6433.0,2144.0,2144.0,2145.0,2114.0,2114.0,2115.0,2138.0,2138.0,2139.0,4226.0,4226.0,4228.0,2144.0,2144.0,2145.0,2114.0,2114.0,2115.0
0.0,12596.0,6511.0,6349.0,6433.0,6529.0,2176.0,2176.0,2177.0,2116.0,2116.0,2117.0,2170.0,2170.0,2171.0,4198.0,4198.0,4200.0,2176.0,2176.0,2177.0,2116.0,2116.0,2117.0
0.0,12518.0,6522.0,6352.0,6529.0,6531.0,2177.0,2177.0,2177.0,2117.0,2117.0,2118.0,2174.0,2174.0,2174.0,4172.0,4172.0,4174.0,2177.0,2177.0,2177.0,2117.0,2117.0,2118.0
0.0,12525.0,6358.0,6351.0,6531.0,6355.0,2119.0,2119.0,2117.0,2117.0,2117.0,2117.0,2119.0,2119.0,2120.0,4174.0,4174.0,4177.0,2119.0,2119.0,2117.0,2117.0,2117.0,2117.0
0.0,12698.0,6262.0,6346.0,6355.0,6247.0,2081.0,2081.0,2085.0,2115.0,2115.0,2116.0,2087.0,2087.0,2088.0,4232.0,4232.0,4234.0,2081.0,2081.0,2085.0,2115.0,2115.0,2116.0
0.0,12791.0,6295.0,6346.0,6247.0,6295.0,2098.0,2098.0,2099.0,2115.0,2115.0,2116.0,2098.0,2098.0,2099.0,4264.0,4264.0,4263.0,2098.0,2098.0,2099.0,2115.0,2115.0,2116.0
0.0,12743.0,6529.0,6351.0,6295.0,6544.0,2182.0,2182.0,2180.0,2117.0,2117.0,2117.0,2176.0,2176.0,2177.0,4247.0,4247.0,4249.0,2182.0,2182.0,2180.0,2117.0,2117.0,2117.0
0.0,12509.0,6544.0,6358.0,6544.0,6565.0,2187.0,2187.0,2191.0,2119.0,2119.0,2120.0,2181.0,2181.0,2182.0,4169.0,4169.0,4171.0,2187.0,2187.0,2191.0,2119.0,2119.0,2120.0
0.0,12509.0,6595.0,6364.0,6565.0,6613.0,2204.0,2204.0,2205.0,2121.0,2121.0,2122.0,2198.0,2198.0,2199.0,4170.0,4170.0,4169.0,2204.0,2204.0,2205.0,2121.0,2121.0,2122.0
0.0,12479.0,6484.0,6367.0,6613.0,6493.0,2164.0,2164.0,2165.0,2122.0,2122.0,2123.0,2161.0,2161.0,2162.0,4159.0,4159.0,4161.0,2164.0,2164.0,2165.0,2122.0,2122.0,2123.0
0.0,12608.0,6379.0,6364.0,6493.0,6370.0,2123.0,2123.0,2124.0,2121.0,2121.0,2122.0,2126.0,2126.0,2127.0,4202.0,4202.0,4204.0,2123.0,2123.0,2124.0,2121.0,2121.0,2122.0
0.0,12722.0,6178.0,6358.0,6370.0,6160.0,2053.0,2053.0,2054.0,2119.0,2119.0,2120.0,2059.0,2059.0,2060.0,4240.0,4240.0,4242.0,2053.0,2053.0,2054.0,2119.0,2119.0,2120.0
0.0,12914.0,6307.0,6358.0,6160.0,6307.0,2102.0,2102.0,2103.0,2119.0,2119.0,2120.0,2102.0,2102.0,2103.0,4304.0,4304.0,4306.0,2102.0,2102.0,2103.0,2119.0,2119.0,2120.0
0.0,12767.0,6523.0,6361.0,6307.0,6532.0,2177.0,2177.0,2178.0,2120.0,2120.0,2121.0,2174.0,2174.0,2175.0,4255.0,4255.0,4257.0,2177.0,2177.0,2178.0,2120.0,2120.0,2121.0
0.0,12551.0,6463.0,6366.0,6532.0,6478.0,2160.0,2160.0,2158.0,2122.0,2122.0,2122.0,2154.0,2154.0,2155.0,4183.0,4183.0,4185.0,2160.0,2160.0,2158.0,2122.0,2122.0,2122.0
0.0,12620.0,6556.0,6373.0,6478.0,6577.0,2191.0,2191.0,2195.0,2124.0,2124.0,2125.0,2185.0,2185.0,2186.0,4206.0,4206.0,4208.0,2191.0,2191.0,2195.0,2124.0,2124.0,2125.0
0.0,12542.0,6520.0,6376.0,6577.0,6529.0,2176.0,2176.0,2177.0,2125.0,2125.0,2126.0,2173.0,2173.0,2174.0,4181.0,4181.0,4180.0,2176.0,2176.0,2177.0,2125.0,2125.0,2126.0
0.0,12599.0,6325.0,6376.0,6529.0,6325.0,2108.0,2108.0,2109.0,2125.0,2125.0,2126.0,2108.0,2108.0,2109.0,4199.0,4199.0,4201.0,2108.0,2108.0,2109.0,2125.0,2125.0,2126.0
0.0,12803.0,6307.0,6373.0,6325.0,6298.0,2099.0,2099.0,2100.0,2124.0,2124.0,2125.0,2102.0,2102.0,2103.0,4267.0,4267.0,4269.0,2099.0,2099.0,2100.0,2124.0,2124.0,2125.0
0.0,12821.0,6394.0,6373.0,6298.0,6394.0,2131.0,2131.0,2132.0,2124.0,2124.0,2125.0,2131.0,2131.0,2132.0,4273.0,4273.0,4275.0,2131.0,2131.0,2132.0,2124.0,2124.0,2125.0
0.0,12725.0,6556.0,6382.0,6394.0,6583.0,2194.0,2194.0,2195.0,2127.0,2127.0,2128.0,2185.0,2185.0,2186.0,4241.0,4241.0,4243.0,2194.0,2194.0,2195.0,2127.0,2127.0,2128.0
0.0,12563.0,6580.0,6388.0,6583.0,6598.0,2199.0,2199.0,2200.0,2129.0,2129.0,2130.0,2193.0,2193.0,2194.0,4187.0,4187.0,4189.0,2199.0,2199.0,2200.0,2129.0,2129.0,2130.0
0.0,12566.0,6544.0,6397.0,6598.0,6571.0,2190.0,2190.0,2191.0,2132.0,2132.0,2133.0,2181.0,2181.0,2182.0,4188.0,4188.0,4190.0,2190.0,2190.0,2191.0,2132.0,2132.0,2133.0
0.0,12620.0,6448.0,6399.0,6571.0,6454.0,2152.0,2152.0,2150.0,2133.0,2133.0,2133.0,2149.0,2149.0,2150.0,4206.0,4206.0,4208.0,2152.0,2152.0,2150.0,2133.0,2133.0,2133.0
0.0,12743.0,6358.0,6394.0,6454.0,6343.0,2113.0,2113.0,2117.0,2131.0,2131.0,2132.0,2119.0,2119.0,2120.0,4247.0,4247.0,4249.0,2113.0,2113.0,2117.0,2131.0,2131.0,2132.0
0.0,12839.0,6238.0,6391.0,6343.0,6229.0,2076.0,2076.0,2077.0,2130.0,2130.0,2131.0,2079.0,2079.0,2080.0,4280.0,4280.0,4279.0,2076.0,2076.0,2077.0,2130.0,2130.0,2131.0
0.0,12944.0,6304.0,6391.0,6229.0,6304.0,2101.0,2101.0,2102.0,2130.0,2130.0,2131.0,2101.0,2101.0,2102.0,4314.0,4314.0,4316.0,2101.0,2101.0,2102.0,2130.0,2130.0,2131.0
0.0,12869.0,6337.0,6391.0,6304.0,6337.0,2112.0,2112.0,2113.0,2130.0,2130.0,2131.0,2112.0,2112.0,2113.0,4289.0,4289.0,4291.0,2112.0,2112.0,2113.0,2130.0,2130.0,2131.0
0.0,12836.0,6490.0,6394.0,6337.0,6499.0,2166.0,2166.0,2167.0,2131.0,2131.0,2132.0,2163.0,2163.0,2164.0,4278.0,4278.0,4280.0,2166.0,2166.0,2167.0,2131.0,2131.0,2132.0
0.0,12683.0,6580.0,6400.0,6499.0,6598.0,2199.0,2199.0,2200.0,2133.0,2133.0,2134.0,2193.0,2193.0,2194.0,4227.0,4227.0,4229.0,2199.0,2199.0,2200.0,2133.0,2133.0,2134.0
0.0,12602.0,6556.0,6406.0,6598.0,6574.0,2191.0,2191.0,2192.0,2135.0,2135.0,2136.0,2185.0,2185.0,2186.0,4200.0,4200.0,4202.0,2191.0,2191.0,2192.0,2135.0,2135.0,2136.0
0.0,12644.0,6418.0,6403.0,6574.0,6409.0,2136.0,2136.0,2137.0,2134.0,2134.0,2135.0,2139.0,2139.0,2140.0,4214.0,4214.0,4216.0,2136.0,2136.0,2137.0,2134.0,2134.0,2135.0
0.0,12800.0,6418.0,6405.0,6409.0,6424.0,2142.0,2142.0,2140.0,2135.0,2135.0,2135.0,2139.0,2139.0,2140.0,4266.0,4266.0,4268.0,2142.0,2142.0,2140.0,2135.0,2135.0,2135.0
0.0,12791.0,6418.0,6403.0,6424.0,6412.0,2136.0,2136.0,2140.0,2134.0,2134.0,2135.0,2139.0,2139.0,2140.0,4263.0,4263.0,4265.0,2136.0,2136.0,2140.0,2134.0,2134.0,2135.0
0.0,12797.0,6445.0,6406.0,6412.0,6454.0,2151.0,2151.0,2152.0,2135.0,2135.0,2136.0,2148.0,2148.0,2149.0,4266.0,4266.0,4265.0,2151.0,2151.0,2152.0,2135.0,2135.0,2136.0
0.0,12764.0,6619.0,6412.0,6454.0,6637.0,2212.0,2212.0,2213.0,2137.0,2137.0,2138.0,2206.0,2206.0,2207.0,4254.0,4254.0,4256.0,2212.0,2212.0,2213.0,2137.0,2137.0,2138.0
0.0,12599.0,6553.0,6418.0,6637.0,6571.0,2190.0,2190.0,2191.0,2139.0,2139.0,2140.0,2184.0,2184.0,2185.0,4199.0,4199.0,4201.0,2190.0,2190.0,2191.0,2139.0,2139.0,2140.0
0.0,12683.0,6478.0,6421.0,6571.0,6487.0,2162.0,2162.0,2163.0,2140.0,2140.0,2141.0,2159.0,2159.0,2160.0,4227.0,4227.0,4229.0,2162.0,2162.0,2163.0,2140.0,2140.0,2141.0
0.0,12776.0,6399.0,6418.0,6487.0,6390.0,2130.0,2130.0,2130.0,2139.0,2139.0,2140.0,2133.0,2133.0,2133.0,4258.0,4258.0,4260.0,2130.0,2130.0,2130.0,2139.0,2139.0,2140.0
0.0,12864.0,6226.0,6414.0,6390.0,6214.0,2072.0,2072.0,2070.0,2138.0,2138.0,2138.0,2075.0,2075.0,2076.0,4287.0,4287.0,4290.0,2072.0,2072.0,2070.0,2138.0,2138.0,2138.0
0.0,13028.0,6172.0,6409.0,6214.0,6157.0,2051.0,2051.0,2055.0,2136.0,2136.0,2137.0,2057.0,2057.0,2058.0,4342.0,4342.0,4344.0,2051.0,2051.0,2055.0,2136.0,2136.0,2137.0
0.0,13070.0,6355.0,6408.0,6157.0,6352.0,2118.0,2118.0,2116.0,2136.0,2136.0,2136.0,2118.0,2118.0,2119.0,4357.0,4357.0,4356.0,2118.0,2118.0,2116.0,2136.0,2136.0,2136.0
0.0,12872.0,6577.0,6412.0,6352.0,6589.0,2195.0,2195.0,2199.0,2137.0,2137.0,2138.0,2192.0,2192.0,2193.0,4290.0,4290.0,4292.0,2195.0,2195.0,2199.0,2137.0,2137.0,2138.0
0.0,12647.0,6685.0,6421.0,6589.0,6712.0,2237.0,2237.0,2238.0,2140.0,2140.0,2141.0,2228.0,2228.0,2229.0,4216.0,4216.0,4215.0,2237.0,2237.0,2238.0,2140.0,2140.0,2141.0
0.0,12551.0,6523.0,6424.0,6712.0,6532.0,2177.0,2177.0,2178.0,2141.0,2141.0,2142.0,2174.0,2174.0,2175.0,4183.0,4183.0,4185.0,2177.0,2177.0,2178.0,2141.0,2141.0,2142.0
0.0,12740.0,6376.0,6421.0,6532.0,6367.0,2122.0,2122.0,2123.0,2140.0,2140.0,2141.0,2125.0,2125.0,2126.0,4246.0,4246.0,4248.0,2122.0,2122.0,2123.0,2140.0,2140.0,2141.0
0.0,12896.0,6406.0,6421.0,6367.0,6406.0,2135.0,2135.0,2136.0,2140.0,2140.0,2141.0,2135.0,2135.0,2136.0,4298.0,4298.0,4300.0,2135.0,2135.0,2136.0,2140.0,2140.0,2141.0
0.0,12857.0,6361.0,6421.0,6406.0,6361.0,2120.0,2120.0,2121.0,2140.0,2140.0,2141.0,2120.0,2120.0,2121.0,4285.0,4285.0,4287.0,2120.0,2120.0,2121.0,2140.0,2140.0,2141.0
0.0,12902.0,6433.0,6424.0,6361.0,6442.0,2147.0,2147.0,2148.0,2141.0,2141.0,2142.0,2144.0,2144.0,2145.0,4300.0,4300.0,4302.0,2147.0,2147.0,2148.0,2141.0,2141.0,2142.0
0.0,12830.0,6634.0,6433.0,6442.0,6661.0,2220.0,2220.0,2221.0,2144.0,2144.0,2145.0,2211.0,2211.0,2212.0,4276.0,4276.0,4278.0,2220.0,2220.0,2221.0,2144.0,2144.0,2145.0
0.0,12638.0,6661.0,6442.0,6661.0,6688.0,2229.0,2229.0,2230.0,2147.0,2147.0,2148.0,2220.0,2220.0,2221.0,4212.0,4212.0,4214.0,2229.0,2229.0,2230.0,2147.0,2147.0,2148.0
0.0,12638.0,6559.0,6445.0,6688.0,6568.0,2189.0,2189.0,2190.0,2148.0,2148.0,2149.0,2186.0,2186.0,2187.0,4212.0,4212.0,4214.0,2189.0,2189.0,2190.0,2148.0,2148.0,2149.0
0.0,12767.0,6471.0,6448.0,6568.0,6480.0,2160.0,2160.0,2160.0,2149.0,2149.0,2150.0,2157.0,2157.0,2157.0,4255.0,4255.0,4257.0,2160.0,2160.0,2160.0,2149.0,2149.0,2150.0
0.0,12864.0,6349.0,6444.0,6480.0,6337.0,2113.0,2113.0,2111.0,2148.0,2148.0,2148.0,2116.0,2116.0,2117.0,4287.0,4287.0,4290.0,2113.0,2113.0,2111.0,2148.0,2148.0,2148.0
0.0,12995.0,6387.0,6442.0,6337.0,6381.0,2126.0,2126.0,2129.0,2147.0,2147.0,2148.0,2129.0,2129.0,2129.0,4331.0,4331.0,4333.0,2126.0,2126.0,2129.0,2147.0,2147.0,2148.0
0.0,12945.0,6532.0,6445.0,6381.0,6541.0,2180.0,2180.0,2181.0,2148.0,2148.0,2149.0,2177.0,2177.0,2178.0,4315.0,4315.0,4315.0,2180.0,2180.0,2181.0,2148.0,2148.0,2149.0
0.0,12794.0,6670.0,6451.0,6541.0,6688.0,2229.0,2229.0,2230.0,2150.0,2150.0,2151.0,2223.0,2223.0,2224.0,4264.0,4264.0,4266.0,2229.0,2229.0,2230.0,2150.0,2150.0,2151.0
0.0,12665.0,6472.0,6456.0,6688.0,6487.0,2163.0,2163.0,2161.0,2152.0,2152.0,2152.0,2157.0,2157.0,2158.0,4221.0,4221.0,4223.0,2163.0,2163.0,2161.0,2152.0,2152.0,2152.0
0.0,12881.0,6610.0,6457.0,6487.0,6613.0,2203.0,2203.0,2207.0,2152.0,2152.0,2153.0,2203.0,2203.0,2204.0,4293.0,4293.0,4295.0,2203.0,2203.0,2207.0,2152.0,2152.0,2153.0
0.0,12758.0,6373.0,6454.0,6613.0,6364.0,2121.0,2121.0,2122.0,2151.0,2151.0,2152.0,2124.0,2124.0,2125.0,4253.0,4253.0,4252.0,2121.0,2121.0,2122.0,2151.0,2151.0,2152.0
0.0,12998.0,6301.0,6448.0,6364.0,6283.0,2094.0,2094.0,2095.0,2149.0,2149.0,2150.0,2100.0,2100.0,2101.0,4332.0,4332.0,4334.0,2094.0,2094.0,2095.0,2149.0,2149.0,2150.0
0.0,13061.0,6415.0,6448.0,6283.0,6415.0,2138.0,2138.0,2139.0,2149.0,2149.0,2150.0,2138.0,2138.0,2139.0,4353.0,4353.0,4355.0,2138.0,2138.0,2139.0,2149.0,2149.0,2150.0
0.0,12929.0,6505.0,6448.0,6415.0,6505.0,2168.0,2168.0,2169.0,2149.0,2149.0,2150.0,2168.0,2168.0,2169.0,4309.0,4309.0,4311.0,2168.0,2168.0,2169.0,2149.0,2149.0,2150.0
0.0,12839.0,6640.0,6457.0,6505.0,6667.0,2222.0,2222.0,2223.0,2152.0,2152.0,2153.0,2213.0,2213.0,2214.0,4279.0,4279.0,4281.0,2222.0,2222.0,2223.0,2152.0,2152.0,2153.0
0.0,12704.0,6727.0,6466.0,6667.0,6754.0,2251.0,2251.0,2252.0,2155.0,2155.0,2156.0,2242.0,2242.0,2243.0,4234.0,4234.0,4236.0,2251.0,2251.0,2252.0,2155.0,2155.0,2156.0
0.0,12644.0,6505.0,6466.0,6754.0,6505.0,2168.0,2168.0,2169.0,2155.0,2155.0,2156.0,2168.0,2168.0,2169.0,4214.0,4214.0,4216.0,2168.0,2168.0,2169.0,2155.0,2155.0,2156.0
0.0,12893.0,6315.0,6463.0,6505.0,6306.0,2102.0,2102.0,2102.0,2154.0,2154.0,2155.0,2105.0,2105.0,2105.0,4297.0,4297.0,4299.0,2102.0,2102.0,2102.0,2154.0,2154.0,2155.0
0.0,13083.0,6277.0,6457.0,6306.0,6259.0,2086.0,2086.0,2087.0,2152.0,2152.0,2153.0,2092.0,2092.0,2093.0,4360.0,4360.0,4363.0,2086.0,2086.0,2087.0,2152.0,2152.0,2153.0
0.0,13112.0,6280.0,6454.0,6259.0,6271.0,2090.0,2090.0,2091.0,2151.0,2151.0,2152.0,2093.0,2093.0,2094.0,4370.0,4370.0,4372.0,2090.0,2090.0,2091.0,2151.0,2151.0,2152.0
0.0,13091.0,6565.0,6457.0,6271.0,6574.0,2191.0,2191.0,2192.0,2152.0,2152.0,2153.0,2188.0,2188.0,2189.0,4363.0,4363.0,4365.0,2191.0,2191.0,2192.0,2152.0,2152.0,2153.0
0.0,12797.0,6799.0,6466.0,6574.0,6826.0,2275.0,2275.0,2276.0,2155.0,2155.0,2156.0,2266.0,2266.0,2267.0,4265.0,4265.0,4267.0,2275.0,2275.0,2276.0,2155.0,2155.0,2156.0
0.0,12572.0,6733.0,6475.0,6826.0,6760.0,2253.0,2253.0,2254.0,2158.0,2158.0,2159.0,2244.0,2244.0,2245.0,4190.0,4190.0,4192.0,2253.0,2253.0,2254.0,2158.0,2158.0,2159.0
0.0,12665.0,6505.0,6472.0,6760.0,6496.0,2165.0,2165.0,2166.0,2157.0,2157.0,2158.0,2168.0,2168.0,2169.0,4221.0,4221.0,4223.0,2165.0,2165.0,2166.0,2157.0,2157.0,2158.0
0.0,12920.0,6457.0,6469.0,6496.0,6448.0,2149.0,2149.0,2150.0,2156.0,2156.0,2157.0,2152.0,2152.0,2153.0,4306.0,4306.0,4308.0,2149.0,2149.0,2150.0,2156.0,2156.0,2157.0
0.0,12959.0,6303.0,6466.0,6448.0,6294.0,2098.0,2098.0,2098.0,2155.0,2155.0,2156.0,2101.0,2101.0,2101.0,4319.0,4319.0,4321.0,2098.0,2098.0,2098.0,2155.0,2155.0,2156.0
0.0,13104.0,6289.0,6463.0,6294.0,6280.0,2093.0,2093.0,2094.0,2154.0,2154.0,2155.0,2096.0,2096.0,2097.0,4367.0,4367.0,4370.0,2093.0,2093.0,2094.0,2154.0,2154.0,2155.0
0.0,13109.0,6553.0,6466.0,6280.0,6562.0,2187.0,2187.0,2188.0,2155.0,2155.0,2156.0,2184.0,2184.0,2185.0,4369.0,4369.0,4371.0,2187.0,2187.0,2188.0,2155.0,2155.0,2156.0
0.0,12836.0,6781.0,6478.0,6562.0,6817.0,2272.0,2272.0,2273.0,2159.0,2159.0,2160.0,2260.0,2260.0,2261.0,4278.0,4278.0,4280.0,2272.0,2272.0,2273.0,2159.0,2159.0,2160.0
0.0,12617.0,6532.0,6481.0,6817.0,6541.0,2180.0,2180.0,2181.0,2160.0,2160.0,2161.0,2177.0,2177.0,2178.0,4205.0,4205.0,4207.0,2180.0,2180.0,2181.0,2160.0,2160.0,2161.0
0.0,12902.0,6568.0,6486.0,6541.0,6583.0,2195.0,2195.0,2193.0,2162.0,2162.0,2162.0,2189.0,2189.0,2190.0,4300.0,4300.0,4302.0,2195.0,2195.0,2193.0,2162.0,2162.0,2162.0
0.0,12875.0,6523.0,6487.0,6583.0,6526.0,2174.0,2174.0,2178.0,2162.0,2162.0,2163.0,2174.0,2174.0,2175.0,4291.0,4291.0,4293.0,2174.0,2174.0,2178.0,2162.0,2162.0,2163.0
0.0,12935.0,6259.0,6481.0,6526.0,6241.0,2080.0,2080.0,2081.0,2160.0,2160.0,2161.0,2086.0,2086.0,2087.0,4312.0,4312.0,4311.0,2080.0,2080.0,2081.0,2160.0,2160.0,2161.0
0.0,13202.0,6472.0,6478.0,6241.0,6463.0,2154.0,2154.0,2155.0,2159.0,2159.0,2160.0,2157.0,2157.0,2158.0,4400.0,4400.0,4402.0,2154.0,2154.0,2155.0,2159.0,2159.0,2160.0
0.0,12971.0,6513.0,6481.0,6463.0,6522.0,2174.0,2174.0,2174.0,2160.0,2160.0,2161.0,2171.0,2171.0,2171.0,4323.0,4323.0,4325.0,2174.0,2174.0,2174.0,2160.0,2160.0,2161.0
0.0,12921.0,6655.0,6484.0,6522.0,6664.0,2221.0,2221.0,2222.0,2161.0,2161.0,2162.0,2218.0,2218.0,2219.0,4306.0,4306.0,4309.0,2221.0,2221.0,2222.0,2161.0,2161.0,2162.0
0.0,12788.0,6781.0,6493.0,6664.0,6808.0,2269.0,2269.0,2270.0,2164.0,2164.0,2165.0,2260.0,2260.0,2261.0,4262.0,4262.0,4264.0,2269.0,2269.0,2270.0,2164.0,2164.0,2165.0
0.0,12671.0,6502.0,6493.0,6808.0,6502.0,2167.0,2167.0,2168.0,2164.0,2164.0,2165.0,2167.0,2167.0,2168.0,4223.0,4223.0,4225.0,2167.0,2167.0,2168.0,2164.0,2164.0,2165.0
0.0,12977.0,6438.0,6490.0,6502.0,6429.0,2143.0,2143.0,2143.0,2163.0,2163.0,2164.0,2146.0,2146.0,2146.0,4325.0,4325.0,4327.0,2143.0,2143.0,2143.0,2163.0,2163.0,2164.0
0.0,13041.0,6319.0,6484.0,6429.0,6301.0,2100.0,2100.0,2101.0,2161.0,2161.0,2162.0,2106.0,2106.0,2107.0,4346.0,4346.0,4349.0,2100.0,2100.0,2101.0,2161.0,2161.0,2162.0
0.0,13151.0,6400.0,6484.0,6301.0,6400.0,2133.0,2133.0,2134.0,2161.0,2161.0,2162.0,2133.0,2133.0,2134.0,4383.0,4383.0,4385.0,2133.0,2133.0,2134.0,2161.0,2161.0,2162.0
0.0,13052.0,6436.0,6484.0,6400.0,6436.0,2145.0,2145.0,2146.0,2161.0,2161.0,2162.0,2145.0,2145.0,2146.0,4350.0,4350.0,4352.0,2145.0,2145.0,2146.0,2161.0,2161.0,2162.0
0.0,13016.0,6709.0,6493.0,6436.0,6736.0,2245.0,2245.0,2246.0,2164.0,2164.0,2165.0,2236.0,2236.0,2237.0,4338.0,4338.0,4340.0,2245.0,2245.0,2246.0,2164.0,2164.0,2165.0
0.0,12743.0,6628.0,6502.0,6736.0,6655.0,2218.0,2218.0,2219.0,2167.0,2167.0,2168.0,2209.0,2209.0,2210.0,4247.0,4247.0,4249.0,2218.0,2218.0,2219.0,2167.0,2167.0,2168.0
0.0,12851.0,6586.0,6508.0,6655.0,6604.0,2201.0,2201.0,2202.0,2169.0,2169.0,2170.0,2195.0,2195.0,2196.0,4283.0,4283.0,4285.0,2201.0,2201.0,2202.0,2169.0,2169.0,2170.0
0.0,12920.0,6442.0,6505.0,6604.0,6433.0,2144.0,2144.0,2145.0,2168.0,2168.0,2169.0,2147.0,2147.0,2148.0,4306.0,4306.0,4308.0,2144.0,2144.0,2145.0,2168.0,2168.0,2169.0
0.0,13082.0,6403.0,6499.0,6433.0,6385.0,2128.0,2128.0,2129.0,2166.0,2166.0,2167.0,2134.0,2134.0,2135.0,4360.0,4360.0,4362.0,2128.0,2128.0,2129.0,2166.0,2166.0,2167.0
0.0,13112.0,6409.0,6496.0,6385.0,6400.0,2133.0,2133.0,2134.0,2165.0,2165.0,2166.0,2136.0,2136.0,2137.0,4370.0,4370.0,4372.0,2133.0,2133.0,2134.0,2165.0,2165.0,2166.0
0.0,13088.0,6511.0,6499.0,6400.0,6520.0,2173.0,2173.0,2174.0,2166.0,2166.0,2167.0,2170.0,2170.0,2171.0,4362.0,4362.0,4364.0,2173.0,2173.0,2174.0,2166.0,2166.0,2167.0
0.0,12977.0,6592.0,6502.0,6520.0,6601.0,2200.0,2200.0,2201.0,2167.0,2167.0,2168.0,2197.0,2197.0,2198.0,4325.0,4325.0,4327.0,2200.0,2200.0,2201.0,2167.0,2167.0,2168.0
0.0,12905.0,6709.0,6510.0,6601.0,6733.0,2245.0,2245.0,2243.0,2170.0,2170.0,2170.0,2236.0,2236.0,2237.0,4301.0,4301.0,4303.0,2245.0,2245.0,2243.0,2170.0,2170.0,2170.0
0.0,12797.0,6610.0,6514.0,6733.0,6622.0,2206.0,2206.0,2210.0,2171.0,2171.0,2172.0,2203.0,2203.0,2204.0,4265.0,4265.0,4267.0,2206.0,2206.0,2210.0,2171.0,2171.0,2172.0
0.0,12920.0,6397.0,6508.0,6622.0,6379.0,2126.0,2126.0,2127.0,2169.0,2169.0,2170.0,2132.0,2132.0,2133.0,4307.0,4307.0,4306.0,2126.0,2126.0,2127.0,2169.0,2169.0,2170.0
0.0,13145.0,6352.0,6502.0,6379.0,6334.0,2111.0,2111.0,2112.0,2167.0,2167.0,2168.0,2117.0,2117.0,2118.0,4381.0,4381.0,4383.0,2111.0,2111.0,2112.0,2167.0,2167.0,2168.0
0.0,13172.0,6544.0,6502.0,6334.0,6544.0,2181.0,2181.0,2182.0,2167.0,2167.0,2168.0,2181.0,2181.0,2182.0,4390.0,4390.0,4392.0,2181.0,2181.0,2182.0,2167.0,2167.0,2168.0
0.0,12962.0,6505.0,6502.0,6544.0,6505.0,2168.0,2168.0,2169.0,2167.0,2167.0,2168.0,2168.0,2168.0,2169.0,4320.0,4320.0,4322.0,2168.0,2168.0,2169.0,2167.0,2167.0,2168.0
0.0,13001.0,6702.0,6510.0,6505.0,6726.0,2243.0,2243.0,2240.0,2170.0,2170.0,2170.0,2234.0,2234.0,2234.0,4333.0,4333.0,4335.0,2243.0,2243.0,2240.0,2170.0,2170.0,2170.0
0.0,12804.0,6811.0,6517.0,6726.0,6832.0,2276.0,2276.0,2280.0,2172.0,2172.0,2173.0,2270.0,2270.0,2271.0,4267.0,4267.0,4270.0,2276.0,2276.0,2280.0,2172.0,2172.0,2173.0
0.0,12719.0,6639.0,6520.0,6832.0,6648.0,2216.0,2216.0,2216.0,2173.0,2173.0,2174.0,2213.0,2213.0,2213.0,4240.0,4240.0,4239.0,2216.0,2216.0,2216.0,2173.0,2173.0,2174.0
0.0,12912.0,6429.0,6514.0,6648.0,6411.0,2137.0,2137.0,2137.0,2171.0,2171.0,2172.0,2143.0,2143.0,2143.0,4303.0,4303.0,4306.0,2137.0,2137.0,2137.0,2171.0,2171.0,2172.0
0.0,13131.0,6550.0,6517.0,6411.0,6559.0,2186.0,2186.0,2187.0,2172.0,2172.0,2173.0,2183.0,2183.0,2184.0,4376.0,4376.0,4379.0,2186.0,2186.0,2187.0,2172.0,2172.0,2173.0
0.0,12992.0,6520.0,6514.0,6559.0,6511.0,2170.0,2170.0,2171.0,2171.0,2171.0,2172.0,2173.0,2173.0,2174.0,4330.0,4330.0,4332.0,2170.0,2170.0,2171.0,2171.0,2171.0,2172.0
0.0,13031.0,6577.0,6519.0,6511.0,6592.0,2198.0,2198.0,2196.0,2173.0,2173.0,2173.0,2192.0,2192.0,2193.0,4343.0,4343.0,4345.0,2198.0,2198.0,2196.0,2173.0,2173.0,2173.0
0.0,12965.0,6697.0,6526.0,6592.0,6718.0,2238.0,2238.0,2242.0,2175.0,2175.0,2176.0,2232.0,2232.0,2233.0,4321.0,4321.0,4323.0,2238.0,2238.0,2242.0,2175.0,2175.0,2176.0
0.0,12860.0,6847.0,6535.0,6718.0,6874.0,2291.0,2291.0,2292.0,2178.0,2178.0,2179.0,2282.0,2282.0,2283.0,4287.0,4287.0,4286.0,2291.0,2291.0,2292.0,2178.0,2178.0,2179.0
0.0,12731.0,6574.0,6535.0,6874.0,6574.0,2191.0,2191.0,2192.0,2178.0,2178.0,2179.0,2191.0,2191.0,2192.0,4243.0,4243.0,4245.0,2191.0,2191.0,2192.0,2178.0,2178.0,2179.0
0.0,13031.0,6478.0,6532.0,6574.0,6469.0,2156.0,2156.0,2157.0,2177.0,2177.0,2178.0,2159.0,2159.0,2160.0,4343.0,4343.0,4345.0,2156.0,2156.0,2157.0,2177.0,2177.0,2178.0
0.0,13127.0,6397.0,6526.0,6469.0,6379.0,2126.0,2126.0,2127.0,2175.0,2175.0,2176.0,2132.0,2132.0,2133.0,4375.0,4375.0,4377.0,2126.0,2126.0,2127.0,2175.0,2175.0,2176.0
0.0,13199.0,6475.0,6526.0,6379.0,6475.0,2158.0,2158.0,2159.0,2175.0,2175.0,2176.0,2158.0,2158.0,2159.0,4399.0,4399.0,4401.0,2158.0,2158.0,2159.0,2175.0,2175.0,2176.0
0.0,13103.0,6490.0,6529.0,6475.0,6499.0,2166.0,2166.0,2167.0,2176.0,2176.0,2177.0,2163.0,2163.0,2164.0,4367.0,4367.0,4369.0,2166.0,2166.0,2167.0,2176.0,2176.0,2177.0
0.0,13088.0,6652.0,6537.0,6499.0,6676.0,2226.0,2226.0,2224.0,2179.0,2179.0,2179.0,2217.0,2217.0,2218.0,4362.0,4362.0,4364.0,2226.0,2226.0,2224.0,2179.0,2179.0,2179.0
0.0,12935.0,6637.0,6544.0,6676.0,6658.0,2218.0,2218.0,2222.0,2181.0,2181.0,2182.0,2212.0,2212.0,2213.0,4311.0,4311.0,4313.0,2218.0,2218.0,2222.0,2181.0,2181.0,2182.0
0.0,12974.0,6628.0,6544.0,6658.0,6628.0,2209.0,2209.0,2210.0,2181.0,2181.0,2182.0,2209.0,2209.0,2210.0,4325.0,4325.0,4324.0,2209.0,2209.0,2210.0,2181.0,2181.0,2182.0
0.0,13004.0,6472.0,6538.0,6628.0,6454.0,2151.0,2151.0,2152.0,2179.0,2179.0,2180.0,2157.0,2157.0,2158.0,4334.0,4334.0,4336.0,2151.0,2151.0,2152.0,2179.0,2179.0,2180.0
0.0,13160.0,6439.0,6532.0,6454.0,6421.0,2140.0,2140.0,2141.0,2177.0,2177.0,2178.0,2146.0,2146.0,2147.0,4386.0,4386.0,4388.0,2140.0,2140.0,2141.0,2177.0,2177.0,2178.0
0.0,13175.0,6508.0,6532.0,6421.0,6508.0,2169.0,2169.0,2170.0,2177.0,2177.0,2178.0,2169.0,2169.0,2170.0,4391.0,4391.0,4393.0,2169.0,2169.0,2170.0,2177.0,2177.0,2178.0
0.0,13088.0,6450.0,6532.0,6508.0,6450.0,2150.0,2150.0,2150.0,2177.0,2177.0,2178.0,2150.0,2150.0,2150.0,4362.0,4362.0,4364.0,2150.0,2150.0,2150.0,2177.0,2177.0,2178.0
0.0,13146.0,6736.0,6541.0,6450.0,6763.0,2254.0,2254.0,2255.0,2180.0,2180.0,2181.0,2245.0,2245.0,2246.0,4381.0,4381.0,4384.0,2254.0,2254.0,2255.0,2180.0,2180.0,2181.0
0.0,12860.0,6568.0,6547.0,6763.0,6586.0,2195.0,2195.0,2196.0,2182.0,2182.0,2183.0,2189.0,2189.0,2190.0,4286.0,4286.0,4288.0,2195.0,2195.0,2196.0,2182.0,2182.0,2183.0
0.0,13055.0,6577.0,6547.0,6586.0,6577.0,2192.0,2192.0,2193.0,2182.0,2182.0,2183.0,2192.0,2192.0,2193.0,4351.0,4351.0,4353.0,2192.0,2192.0,2193.0,2182.0,2182.0,2183.0
0.0,13064.0,6481.0,6541.0,6577.0,6463.0,2154.0,2154.0,2155.0,2180.0,2180.0,2181.0,2160.0,2160.0,2161.0,4354.0,4354.0,4356.0,2154.0,2154.0,2155.0,2180.0,2180.0,2181.0
0.0,13160.0,6394.0,6538.0,6463.0,6385.0,2128.0,2128.0,2129.0,2179.0,2179.0,2180.0,2131.0,2131.0,2132.0,4386.0,4386.0,4388.0,2128.0,2128.0,2129.0,2179.0,2179.0,2180.0
0.0,13229.0,6427.0,6535.0,6385.0,6418.0,2139.0,2139.0,2140.0,2178.0,2178.0,2179.0,2142.0,2142.0,2143.0,4409.0,4409.0,4411.0,2139.0,2139.0,2140.0,2178.0,2178.0,2179.0
0.0,13187.0,6556.0,6535.0,6418.0,6556.0,2185.0,2185.0,2186.0,2178.0,2178.0,2179.0,2185.0,2185.0,2186.0,4395.0,4395.0,4397.0,2185.0,2185.0,2186.0,2178.0,2178.0,2179.0
0.0,13049.0,6763.0,6547.0,6556.0,6799.0,2266.0,2266.0,2267.0,2182.0,2182.0,2183.0,2254.0,2254.0,2255.0,4349.0,4349.0,4351.0,2266.0,2266.0,2267.0,2182.0,2182.0,2183.0
0.0,12842.0,6826.0,6553.0,6799.0,6844.0,2281.0,2281.0,2282.0,2184.0,2184.0,2185.0,2275.0,2275.0,2276.0,4280.0,4280.0,4282.0,2281.0,2281.0,2282.0,2184.0,2184.0,2185.0
0.0,12815.0,6622.0,6556.0,6844.0,6631.0,2210.0,2210.0,2211.0,2185.0,2185.0,2186.0,2207.0,2207.0,2208.0,4271.0,4271.0,4273.0,2210.0,2210.0,2211.0,2185.0,2185.0,2186.0
0.0,13037.0,6484.0,6552.0,6631.0,6472.0,2158.0,2158.0,2156.0,2184.0,2184.0,2184.0,2161.0,2161.0,2162.0,4345.0,4345.0,4347.0,2158.0,2158.0,2156.0,2184.0,2184.0,2184.0
0.0,13184.0,6514.0,6547.0,6472.0,6499.0,2165.0,2165.0,2169.0,2182.0,2182.0,2183.0,2171.0,2171.0,2172.0,4394.0,4394.0,4396.0,2165.0,2165.0,2169.0,2182.0,2182.0,2183.0
0.0,13142.0,6564.0,6547.0,6499.0,6564.0,2188.0,2188.0,2188.0,2182.0,2182.0,2183.0,2188.0,2188.0,2188.0,4381.0,4381.0,4380.0,2188.0,2188.0,2188.0,2182.0,2182.0,2183.0
0.0,13077.0,6622.0,6550.0,6564.0,6631.0,2210.0,2210.0,2211.0,2183.0,2183.0,2184.0,2207.0,2207.0,2208.0,4358.0,4358.0,4361.0,2210.0,2210.0,2211.0,2183.0,2183.0,2184.0
0.0,13019.0,6649.0,6558.0,6631.0,6673.0,2225.0,2225.0,2223.0,2186.0,2186.0,2186.0,2216.0,2216.0,2217.0,4339.0,4339.0,4341.0,2225.0,2225.0,2223.0,2186.0,2186.0,2186.0
0.0,13001.0,6613.0,6562.0,6673.0,6625.0,2207.0,2207.0,2211.0,2187.0,2187.0,2188.0,2204.0,2204.0,2205.0,4333.0,4333.0,4335.0,2207.0,2207.0,2211.0,2187.0,2187.0,2188.0
0.0,13061.0,6628.0,6565.0,6625.0,6637.0,2212.0,2212.0,2213.0,2188.0,2188.0,2189.0,2209.0,2209.0,2210.0,4354.0,4354.0,4353.0,2212.0,2212.0,2213.0,2188.0,2188.0,2189.0
0.0,13058.0,6652.0,6565.0,6637.0,6652.0,2217.0,2217.0,2218.0,2188.0,2188.0,2189.0,2217.0,2217.0,2218.0,4352.0,4352.0,4354.0,2217.0,2217.0,2218.0,2188.0,2188.0,2189.0
0.0,13043.0,6454.0,6562.0,6652.0,6445.0,2148.0,2148.0,2149.0,2187.0,2187.0,2188.0,2151.0,2151.0,2152.0,4347.0,4347.0,4349.0,2148.0,2148.0,2149.0,2187.0,2187.0,2188.0
0.0,13241.0,6421.0,6558.0,6445.0,6409.0,2137.0,2137.0,2135.0,2186.0,2186.0,2186.0,2140.0,2140.0,2141.0,4413.0,4413.0,4415.0,2137.0,2137.0,2135.0,2186.0,2186.0,2186.0
0.0,13265.0,6565.0,6559.0,6409.0,6568.0,2188.0,2188.0,2192.0,2186.0,2186.0,2187.0,2188.0,2188.0,2189.0,4421.0,4421.0,4423.0,2188.0,2188.0,2192.0,2186.0,2186.0,2187.0
0.0,13109.0,6739.0,6567.0,6568.0,6763.0,2255.0,2255.0,2253.0,2189.0,2189.0,2189.0,2246.0,2246.0,2247.0,4370.0,4370.0,4369.0,2255.0,2255.0,2253.0,2189.0,2189.0,2189.0
0.0,12938.0,6865.0,6574.0,6763.0,6886.0,2294.0,2294.0,2298.0,2191.0,2191.0,2192.0,2288.0,2288.0,2289.0,4312.0,4312.0,4314.0,2294.0,2294.0,2298.0,2191.0,2191.0,2192.0
0.0,12836.0,6736.0,6580.0,6886.0,6754.0,2251.0,2251.0,2252.0,2193.0,2193.0,2194.0,2245.0,2245.0,2246.0,4279.0,4279.0,4278.0,2251.0,2251.0,2252.0,2193.0,2193.0,2194.0
0.0,12986.0,6448.0,6577.0,6754.0,6439.0,2146.0,2146.0,2147.0,2192.0,2192.0,2193.0,2149.0,2149.0,2150.0,4328.0,4328.0,4330.0,2146.0,2146.0,2147.0,2192.0,2192.0,2193.0
0.0,13292.0,6379.0,6571.0,6439.0,6361.0,2120.0,2120.0,2121.0,2190.0,2190.0,2191.0,2126.0,2126.0,2127.0,4430.0,4430.0,4432.0,2120.0,2120.0,2121.0,2190.0,2190.0,2191.0
0.0,13352.0,6496.0,6568.0,6361.0,6487.0,2162.0,2162.0,2163.0,2189.0,2189.0,2190.0,2165.0,2165.0,2166.0,4450.0,4450.0,4452.0,2162.0,2162.0,2163.0,2189.0,2189.0,2190.0
0.0,13217.0,6459.0,6570.0,6487.0,6465.0,2156.0,2156.0,2153.0,2190.0,2190.0,2190.0,2153.0,2153.0,2153.0,4405.0,4405.0,4407.0,2156.0,2156.0,2153.0,2190.0,2190.0,2190.0
0.0,13245.0,6643.0,6574.0,6465.0,6655.0,2217.0,2217.0,2221.0,2191.0,2191.0,2192.0,2214.0,2214.0,2215.0,4414.0,4414.0,4417.0,2217.0,2217.0,2221.0,2191.0,2191.0,2192.0
0.0,13067.0,6682.0,6577.0,6655.0,6691.0,2230.0,2230.0,2231.0,2192.0,2192.0,2193.0,2227.0,2227.0,2228.0,4356.0,4356.0,4355.0,2230.0,2230.0,2231.0,2192.0,2192.0,2193.0
0.0,13040.0,6721.0,6583.0,6691.0,6739.0,2246.0,2246.0,2247.0,2194.0,2194.0,2195.0,2240.0,2240.0,2241.0,4346.0,4346.0,4348.0,2246.0,2246.0,2247.0,2194.0,2194.0,2195.0
0.0,13010.0,6568.0,6580.0,6739.0,6559.0,2186.0,2186.0,2187.0,2193.0,2193.0,2194.0,2189.0,2189.0,2190.0,4336.0,4336.0,4338.0,2186.0,2186.0,2187.0,2193.0,2193.0,2194.0
0.0,13181.0,6475.0,6574.0,6559.0,6457.0,2152.0,2152.0,2153.0,2191.0,2191.0,2192.0,2158.0,2158.0,2159.0,4393.0,4393.0,4395.0,2152.0,2152.0,2153.0,2191.0,2191.0,2192.0
0.0,13265.0,6421.0,6568.0,6457.0,6403.0,2134.0,2134.0,2135.0,2189.0,2189.0,2190.0,2140.0,2140.0,2141.0,4421.0,4421.0,4423.0,2134.0,2134.0,2135.0,2189.0,2189.0,2190.0
0.0,13301.0,6775.0,6574.0,6403.0,6793.0,2264.0,2264.0,2265.0,2191.0,2191.0,2192.0,2258.0,2258.0,2259.0,4433.0,4433.0,4435.0,2264.0,2264.0,2265.0,2191.0,2191.0,2192.0
0.0,12929.0,6598.0,6577.0,6793.0,6607.0,2202.0,2202.0,2203.0,2192.0,2192.0,2193.0,2199.0,2199.0,2200.0,4309.0,4309.0,4311.0,2202.0,2202.0,2203.0,2192.0,2192.0,2193.0
0.0,13124.0,6718.0,6580.0,6607.0,6727.0,2242.0,2242.0,2243.0,2193.0,2193.0,2194.0,2239.0,2239.0,2240.0,4374.0,4374.0,4376.0,2242.0,2242.0,2243.0,2193.0,2193.0,2194.0
0.0,13013.0,6664.0,6583.0,6727.0,6673.0,2224.0,2224.0,2225.0,2194.0,2194.0,2195.0,2221.0,2221.0,2222.0,4337.0,4337.0,4339.0,2224.0,2224.0,2225.0,2194.0,2194.0,2195.0
0.0,13076.0,6523.0,6577.0,6673.0,6505.0,2168.0,2168.0,2169.0,2192.0,2192.0,2193.0,2174.0,2174.0,2175.0,4358.0,4358.0,4360.0,2168.0,2168.0,2169.0,2192.0,2192.0,2193.0
0.0,13226.0,6417.0,6571.0,6505.0,6399.0,2133.0,2133.0,2133.0,2190.0,2190.0,2191.0,2139.0,2139.0,2139.0,4408.0,4408.0,4410.0,2133.0,2133.0,2133.0,2190.0,2190.0,2191.0
0.0,13314.0,6529.0,6568.0,6399.0,6520.0,2173.0,2173.0,2174.0,2189.0,2189.0,2190.0,2176.0,2176.0,2177.0,4437.0,4437.0,4440.0,2173.0,2173.0,2174.0,2189.0,2189.0,2190.0
0.0,13184.0,6658.0,6574.0,6520.0,6676.0,2225.0,2225.0,2226.0,2191.0,2191.0,2192.0,2219.0,2219.0,2220.0,4394.0,4394.0,4396.0,2225.0,2225.0,2226.0,2191.0,2191.0,2192.0
0.0,13046.0,6784.0,6580.0,6676.0,6802.0,2267.0,2267.0,2268.0,2193.0,2193.0,2194.0,2261.0,2261.0,2262.0,4348.0,4348.0,4350.0,2267.0,2267.0,2268.0,2193.0,2193.0,2194.0
0.0,12938.0,6670.0,6583.0,6802.0,6679.0,2226.0,2226.0,2227.0,2194.0,2194.0,2195.0,2223.0,2223.0,2224.0,4312.0,4312.0,4314.0,2226.0,2226.0,2227.0,2194.0,2194.0,2195.0
0.0,13070.0,6652.0,6586.0,6679.0,6661.0,2220.0,2220.0,2221.0,2195.0,2195.0,2196.0,2217.0,2217.0,2218.0,4356.0,4356.0,4358.0,2220.0,2220.0,2221.0,2195.0,2195.0,2196.0
0.0,13097.0,6529.0,6585.0,6661.0,6526.0,2176.0,2176.0,2174.0,2195.0,2195.0,2195.0,2176.0,2176.0,2177.0,4365.0,4365.0,4367.0,2176.0,2176.0,2174.0,2195.0,2195.0,2195.0
0.0,13229.0,6364.0,6580.0,6526.0,6349.0,2115.0,2115.0,2119.0,2193.0,2193.0,2194.0,2121.0,2121.0,2122.0,4409.0,4409.0,4411.0,2115.0,2115.0,2119.0,2193.0,2193.0,2194.0
0.0,13391.0,6535.0,6577.0,6349.0,6526.0,2175.0,2175.0,2176.0,2192.0,2192.0,2193.0,2178.0,2178.0,2179.0,4464.0,4464.0,4463.0,2175.0,2175.0,2176.0,2192.0,2192.0,2193.0
0.0,13205.0,6613.0,6580.0,6526.0,6622.0,2207.0,2207.0,2208.0,2193.0,2193.0,2194.0,2204.0,2204.0,2205.0,4401.0,4401.0,4403.0,2207.0,2207.0,2208.0,2193.0,2193.0,2194.0
0.0,13118.0,6787.0,6586.0,6622.0,6805.0,2268.0,2268.0,2269.0,2195.0,2195.0,2196.0,2262.0,2262.0,2263.0,4372.0,4372.0,4374.0,2268.0,2268.0,2269.0,2195.0,2195.0,2196.0
0.0,12953.0,6787.0,6592.0,6805.0,6805.0,2268.0,2268.0,2269.0,2197.0,2197.0,2198.0,2262.0,2262.0,2263.0,4317.0,4317.0,4319.0,2268.0,2268.0,2269.0,2197.0,2197.0,2198.0
0.0,12971.0,6751.0,6598.0,6805.0,6769.0,2256.0,2256.0,2257.0,2199.0,2199.0,2200.0,2250.0,2250.0,2251.0,4323.0,4323.0,4325.0,2256.0,2256.0,2257.0,2199.0,2199.0,2200.0
0.0,13025.0,6586.0,6595.0,6769.0,6577.0,2192.0,2192.0,2193.0,2198.0,2198.0,2199.0,2195.0,2195.0,2196.0,4341.0,4341.0,4343.0,2192.0,2192.0,2193.0,2198.0,2198.0,2199.0
0.0,13208.0,6532.0,6595.0,6577.0,6532.0,2177.0,2177.0,2178.0,2198.0,2198.0,2199.0,2177.0,2177.0,2178.0,4402.0,4402.0,4404.0,2177.0,2177.0,2178.0,2198.0,2198.0,2199.0
0.0,13253.0,6685.0,6598.0,6532.0,6694.0,2231.0,2231.0,2232.0,2199.0,2199.0,2200.0,2228.0,2228.0,2229.0,4417.0,4417.0,4419.0,2231.0,2231.0,2232.0,2199.0,2199.0,2200.0
0.0,13100.0,6697.0,6601.0,6694.0,6706.0,2235.0,2235.0,2236.0,2200.0,2200.0,2201.0,2232.0,2232.0,2233.0,4366.0,4366.0,4368.0,2235.0,2235.0,2236.0,2200.0,2200.0,2201.0
0.0,13097.0,6736.0,6607.0,6706.0,6754.0,2251.0,2251.0,2252.0,2202.0,2202.0,2203.0,2245.0,2245.0,2246.0,4365.0,4365.0,4367.0,2251.0,2251.0,2252.0,2202.0,2202.0,2203.0
0.0,13067.0,6799.0,6615.0,6754.0,6823.0,2275.0,2275.0,2273.0,2205.0,2205.0,2205.0,2266.0,2266.0,2267.0,4355.0,4355.0,4357.0,2275.0,2275.0,2273.0,2205.0,2205.0,2205.0
0.0,13022.0,6721.0,6619.0,6823.0,6733.0,2243.0,2243.0,2247.0,2206.0,2206.0,2207.0,2240.0,2240.0,2241.0,4340.0,4340.0,4342.0,2243.0,2243.0,2247.0,2206.0,2206.0,2207.0
0.0,13124.0,6598.0,6615.0,6733.0,6586.0,2196.0,2196.0,2194.0,2205.0,2205.0,2205.0,2199.0,2199.0,2200.0,4375.0,4375.0,4374.0,2196.0,2196.0,2194.0,2205.0,2205.0,2205.0
0.0,13259.0,6601.0,6610.0,6586.0,6586.0,2194.0,2194.0,2198.0,2203.0,2203.0,2204.0,2200.0,2200.0,2201.0,4419.0,4419.0,4421.0,2194.0,2194.0,2198.0,2203.0,2203.0,2204.0
0.0,13244.0,6586.0,6610.0,6586.0,6586.0,2195.0,2195.0,2196.0,2203.0,2203.0,2204.0,2195.0,2195.0,2196.0,4415.0,4415.0,4414.0,2195.0,2195.0,2196.0,2203.0,2203.0,2204.0
0.0,13244.0,6727.0,6613.0,6586.0,6736.0,2245.0,2245.0,2246.0,2204.0,2204.0,2205.0,2242.0,2242.0,2243.0,4414.0,4414.0,4416.0,2245.0,2245.0,2246.0,2204.0,2204.0,2205.0
0.0,13103.0,6829.0,6619.0,6736.0,6847.0,2282.0,2282.0,2283.0,2206.0,2206.0,2207.0,2276.0,2276.0,2277.0,4367.0,4367.0,4369.0,2282.0,2282.0,2283.0,2206.0,2206.0,2207.0
0.0,13010.0,6730.0,6622.0,6847.0,6739.0,2246.0,2246.0,2247.0,2207.0,2207.0,2208.0,2243.0,2243.0,2244.0,4336.0,4336.0,4338.0,2246.0,2246.0,2247.0,2207.0,2207.0,2208.0
0.0,13127.0,6760.0,6625.0,6739.0,6769.0,2256.0,2256.0,2257.0,2208.0,2208.0,2209.0,2253.0,2253.0,2254.0,4375.0,4375.0,4377.0,2256.0,2256.0,2257.0,2208.0,2208.0,2209.0
0.0,13106.0,6691.0,6628.0,6769.0,6700.0,2233.0,2233.0,2234.0,2209.0,2209.0,2210.0,2230.0,2230.0,2231.0,4368.0,4368.0,4370.0,2233.0,2233.0,2234.0,2209.0,2209.0,2210.0
0.0,13184.0,6568.0,6625.0,6700.0,6559.0,2186.0,2186.0,2187.0,2208.0,2208.0,2209.0,2189.0,2189.0,2190.0,4394.0,4394.0,4396.0,2186.0,2186.0,2187.0,2208.0,2208.0,2209.0
0.0,13316.0,6490.0,6622.0,6559.0,6481.0,2160.0,2160.0,2161.0,2207.0,2207.0,2208.0,2163.0,2163.0,2164.0,4438.0,4438.0,4440.0,2160.0,2160.0,2161.0,2207.0,2207.0,2208.0
0.0,13385.0,6637.0,6622.0,6481.0,6637.0,2212.0,2212.0,2213.0,2207.0,2207.0,2208.0,2212.0,2212.0,2213.0,4461.0,4461.0,4463.0,2212.0,2212.0,2213.0,2207.0,2207.0,2208.0
0.0,13229.0,6658.0,6628.0,6637.0,6676.0,2225.0,2225.0,2226.0,2209.0,2209.0,2210.0,2219.0,2219.0,2220.0,4409.0,4409.0,4411.0,2225.0,2225.0,2226.0,2209.0,2209.0,2210.0
0.0,13208.0,6847.0,6634.0,6676.0,6865.0,2288.0,2288.0,2289.0,2211.0,2211.0,2212.0,2282.0,2282.0,2283.0,4402.0,4402.0,4404.0,2288.0,2288.0,2289.0,2211.0,2211.0,2212.0
0.0,13037.0,6787.0,6640.0,6865.0,6805.0,2268.0,2268.0,2269.0,2213.0,2213.0,2214.0,2262.0,2262.0,2263.0,4345.0,4345.0,4347.0,2268.0,2268.0,2269.0,2213.0,2213.0,2214.0
0.0,13115.0,6655.0,6637.0,6805.0,6646.0,2215.0,2215.0,2216.0,2212.0,2212.0,2213.0,2218.0,2218.0,2219.0,4371.0,4371.0,4373.0,2215.0,2215.0,2216.0,2212.0,2212.0,2213.0
0.0,13265.0,6457.0,6631.0,6646.0,6439.0,2146.0,2146.0,2147.0,2210.0,2210.0,2211.0,2152.0,2152.0,2153.0,4421.0,4421.0,4423.0,2146.0,2146.0,2147.0,2210.0,2210.0,2211.0
0.0,13454.0,6660.0,6628.0,6439.0,6651.0,2217.0,2217.0,2217.0,2209.0,2209.0,2210.0,2220.0,2220.0,2220.0,4484.0,4484.0,4486.0,2217.0,2217.0,2217.0,2209.0,2209.0,2210.0
0.0,13233.0,6763.0,6634.0,6651.0,6781.0,2260.0,2260.0,2261.0,2211.0,2211.0,2212.0,2254.0,2254.0,2255.0,4410.0,4410.0,4413.0,2260.0,2260.0,2261.0,2211.0,2211.0,2212.0
0.0,13121.0,6856.0,6643.0,6781.0,6883.0,2294.0,2294.0,2295.0,2214.0,2214.0,2215.0,2285.0,2285.0,2286.0,4373.0,4373.0,4375.0,2294.0,2294.0,2295.0,2214.0,2214.0,2215.0
0.0,13046.0,6868.0,6652.0,6883.0,6895.0,2298.0,2298.0,2299.0,2217.0,2217.0,2218.0,2289.0,2289.0,2290.0,4348.0,4348.0,4350.0,2298.0,2298.0,2299.0,2217.0,2217.0,2218.0
0.0,13061.0,6721.0,6655.0,6895.0,6730.0,2243.0,2243.0,2244.0,2218.0,2218.0,2219.0,2240.0,2240.0,2241.0,4353.0,4353.0,4355.0,2243.0,2243.0,2244.0,2218.0,2218.0,2219.0
0.0,13235.0,6637.0,6655.0,6730.0,6637.0,2212.0,2212.0,2213.0,2218.0,2218.0,2219.0,2212.0,2212.0,2213.0,4411.0,4411.0,4413.0,2212.0,2212.0,2213.0,2218.0,2218.0,2219.0
0.0,13328.0,6691.0,6655.0,6637.0,6691.0,2230.0,2230.0,2231.0,2218.0,2218.0,2219.0,2230.0,2230.0,2231.0,4442.0,4442.0,4444.0,2230.0,2230.0,2231.0,2218.0,2218.0,2219.0
0.0,13274.0,6529.0,6652.0,6691.0,6520.0,2173.0,2173.0,2174.0,2217.0,2217.0,2218.0,2176.0,2176.0,2177.0,4424.0,4424.0,4426.0,2173.0,2173.0,2174.0,2217.0,2217.0,2218.0
0.0,13436.0,6802.0,6658.0,6520.0,6820.0,2273.0,2273.0,2274.0,2219.0,2219.0,2220.0,2267.0,2267.0,2268.0,4478.0,4478.0,4480.0,2273.0,2273.0,2274.0,2219.0,2219.0,2220.0
0.0,13154.0,6658.0,6661.0,6820.0,6667.0,2222.0,2222.0,2223.0,2220.0,2220.0,2221.0,2219.0,2219.0,2220.0,4384.0,4384.0,4386.0,2222.0,2222.0,2223.0,2220.0,2220.0,2221.0
0.0,13316.0,6775.0,6667.0,6667.0,6793.0,2264.0,2264.0,2265.0,2222.0,2222.0,2223.0,2258.0,2258.0,2259.0,4438.0,4438.0,4440.0,2264.0,2264.0,2265.0,2222.0,2222.0,2223.0
0.0,13208.0,6796.0,6667.0,6793.0,6796.0,2265.0,2265.0,2266.0,2222.0,2222.0,2223.0,2265.0,2265.0,2266.0,4402.0,4402.0,4404.0,2265.0,2265.0,2266.0,2222.0,2222.0,2223.0
0.0,13205.0,6640.0,6667.0,6796.0,6640.0,2213.0,2213.0,2214.0,2222.0,2222.0,2223.0,2213.0,2213.0,2214.0,4401.0,4401.0,4403.0,2213.0,2213.0,2214.0,2222.0,2222.0,2223.0
0.0,13361.0,6619.0,6667.0,6640.0,6619.0,2206.0,2206.0,2207.0,2222.0,2222.0,2223.0,2206.0,2206.0,2207.0,4453.0,4453.0,4455.0,2206.0,2206.0,2207.0,2222.0,2222.0,2223.0
0.0,13382.0,6511.0,6664.0,6619.0,6502.0,2167.0,2167.0,2168.0,2221.0,2221.0,2222.0,2170.0,2170.0,2171.0,4460.0,4460.0,4462.0,2167.0,2167.0,2168.0,2221.0,2221.0,2222.0
0.0,13490.0,6742.0,6667.0,6502.0,6751.0,2250.0,2250.0,2251.0,2222.0,2222.0,2223.0,2247.0,2247.0,2248.0,4496.0,4496.0,4498.0,2250.0,2250.0,2251.0,2222.0,2222.0,2223.0
0.0,13250.0,6784.0,6676.0,6751.0,6811.0,2270.0,2270.0,2271.0,2225.0,2225.0,2226.0,2261.0,2261.0,2262.0,4416.0,4416.0,4418.0,2270.0,2270.0,2271.0,2225.0,2225.0,2226.0
0.0,13217.0,6877.0,6682.0,6811.0,6895.0,2298.0,2298.0,2299.0,2227.0,2227.0,2228.0,2292.0,2292.0,2293.0,4405.0,4405.0,4407.0,2298.0,2298.0,2299.0,2227.0,2227.0,2228.0
0.0,13151.0,6727.0,6682.0,6895.0,6727.0,2242.0,2242.0,2243.0,2227.0,2227.0,2228.0,2242.0,2242.0,2243.0,4383.0,4383.0,4385.0,2242.0,2242.0,2243.0,2227.0,2227.0,2228.0
0.0,13319.0,6712.0,6682.0,6727.0,6712.0,2237.0,2237.0,2238.0,2227.0,2227.0,2228.0,2237.0,2237.0,2238.0,4439.0,4439.0,4441.0,2237.0,2237.0,2238.0,2227.0,2227.0,2228.0
0.0,13334.0,6583.0,6679.0,6712.0,6574.0,2191.0,2191.0,2192.0,2226.0,2226.0,2227.0,2194.0,2194.0,2195.0,4444.0,4444.0,4446.0,2191.0,2191.0,2192.0,2226.0,2226.0,2227.0
0.0,13463.0,6553.0,6679.0,6574.0,6553.0,2184.0,2184.0,2185.0,2226.0,2226.0,2227.0,2184.0,2184.0,2185.0,4487.0,4487.0,4489.0,2184.0,2184.0,2185.0,2226.0,2226.0,2227.0
0.0,13484.0,6790.0,6682.0,6553.0,6799.0,2266.0,2266.0,2267.0,2227.0,2227.0,2228.0,2263.0,2263.0,2264.0,4494.0,4494.0,4496.0,2266.0,2266.0,2267.0,2227.0,2227.0,2228.0
0.0,13247.0,6868.0,6694.0,6799.0,6904.0,2301.0,2301.0,2302.0,2231.0,2231.0,2232.0,2289.0,2289.0,2290.0,4415.0,4415.0,4417.0,2301.0,2301.0,2302.0,2231.0,2231.0,2232.0
0.0,13178.0,6832.0,6697.0,6904.0,6841.0,2280.0,2280.0,2281.0,2232.0,2232.0,2233.0,2277.0,2277.0,2278.0,4392.0,4392.0,4394.0,2280.0,2280.0,2281.0,2232.0,2232.0,2233.0
0.0,13250.0,6742.0,6700.0,6841.0,6751.0,2250.0,2250.0,2251.0,2233.0,2233.0,2234.0,2247.0,2247.0,2248.0,4416.0,4416.0,4418.0,2250.0,2250.0,2251.0,2233.0,2233.0,2234.0
0.0,13349.0,6736.0,6700.0,6751.0,6736.0,2245.0,2245.0,2246.0,2233.0,2233.0,2234.0,2245.0,2245.0,2246.0,4449.0,4449.0,4451.0,2245.0,2245.0,2246.0,2233.0,2233.0,2234.0
0.0,13364.0,6691.0,6697.0,6736.0,6682.0,2227.0,2227.0,2228.0,2232.0,2232.0,2233.0,2230.0,2230.0,2231.0,4454.0,4454.0,4456.0,2227.0,2227.0,2228.0,2232.0,2232.0,2233.0
0.0,13409.0,6544.0,6694.0,6682.0,6535.0,2178.0,2178.0,2179.0,2231.0,2231.0,2232.0,2181.0,2181.0,2182.0,4469.0,4469.0,4471.0,2178.0,2178.0,2179.0,2231.0,2231.0,2232.0
0.0,13547.0,6763.0,6697.0,6535.0,6772.0,2257.0,2257.0,2258.0,2232.0,2232.0,2233.0,2254.0,2254.0,2255.0,4515.0,4515.0,4517.0,2257.0,2257.0,2258.0,2232.0,2232.0,2233.0
0.0,13319.0,6754.0,6703.0,6772.0,6772.0,2257.0,2257.0,2258.0,2234.0,2234.0,2235.0,2251.0,2251.0,2252.0,4439.0,4439.0,4441.0,2257.0,2257.0,2258.0,2234.0,2234.0,2235.0
0.0,13337.0,6865.0,6706.0,6772.0,6874.0,2291.0,2291.0,2292.0,2235.0,2235.0,2236.0,2288.0,2288.0,2289.0,4445.0,4445.0,4447.0,2291.0,2291.0,2292.0,2235.0,2235.0,2236.0
0.0,13244.0,6805.0,6706.0,6874.0,6805.0,2268.0,2268.0,2269.0,2235.0,2235.0,2236.0,2268.0,2268.0,2269.0,4414.0,4414.0,4416.0,2268.0,2268.0,2269.0,2235.0,2235.0,2236.0
0.0,13313.0,6595.0,6703.0,6805.0,6586.0,2195.0,2195.0,2196.0,2234.0,2234.0,2235.0,2198.0,2198.0,2199.0,4437.0,4437.0,4439.0,2195.0,2195.0,2196.0,2234.0,2234.0,2235.0
0.0,13523.0,6538.0,6700.0,6586.0,6529.0,2176.0,2176.0,2177.0,2233.0,2233.0,2234.0,2179.0,2179.0,2180.0,4507.0,4507.0,4509.0,2176.0,2176.0,2177.0,2233.0,2233.0,2234.0
0.0,13571.0,6622.0,6697.0,6529.0,6613.0,2204.0,2204.0,2205.0,2232.0,2232.0,2233.0,2207.0,2207.0,2208.0,4523.0,4523.0,4525.0,2204.0,2204.0,2205.0,2232.0,2232.0,2233.0
0.0,13478.0,6739.0,6700.0,6613.0,6748.0,2249.0,2249.0,2250.0,2233.0,2233.0,2234.0,2246.0,2246.0,2247.0,4492.0,4492.0,4494.0,2249.0,2249.0,2250.0,2233.0,2233.0,2234.0
0.0,13352.0,6901.0,6706.0,6748.0,6919.0,2306.0,2306.0,2307.0,2235.0,2235.0,2236.0,2300.0,2300.0,2301.0,4450.0,4450.0,4452.0,2306.0,2306.0,2307.0,2235.0,2235.0,2236.0
0.0,13199.0,6922.0,6712.0,6919.0,6940.0,2313.0,2313.0,2314.0,2237.0,2237.0,2238.0,2307.0,2307.0,2308.0,4399.0,4399.0,4401.0,2313.0,2313.0,2314.0,2237.0,2237.0,2238.0
0.0,13196.0,6820.0,6715.0,6940.0,6829.0,2276.0,2276.0,2277.0,2238.0,2238.0,2239.0,2273.0,2273.0,2274.0,4398.0,4398.0,4400.0,2276.0,2276.0,2277.0,2238.0,2238.0,2239.0
0.0,13316.0,6550.0,6709.0,6829.0,6532.0,2177.0,2177.0,2178.0,2236.0,2236.0,2237.0,2183.0,2183.0,2184.0,4438.0,4438.0,4440.0,2177.0,2177.0,2178.0,2236.0,2236.0,2237.0
0.0,13595.0,6586.0,6706.0,6532.0,6577.0,2192.0,2192.0,2193.0,2235.0,2235.0,2236.0,2195.0,2195.0,2196.0,4531.0,4531.0,4533.0,2192.0,2192.0,2193.0,2235.0,2235.0,2236.0
0.0,13541.0,6622.0,6703.0,6577.0,6613.0,2204.0,2204.0,2205.0,2234.0,2234.0,2235.0,2207.0,2207.0,2208.0,4513.0,4513.0,4515.0,2204.0,2204.0,2205.0,2234.0,2234.0,2235.0
0.0,13496.0,6772.0,6706.0,6613.0,6781.0,2260.0,2260.0,2261.0,2235.0,2235.0,2236.0,2257.0,2257.0,2258.0,4498.0,4498.0,4500.0,2260.0,2260.0,2261.0,2235.0,2235.0,2236.0
0.0,13337.0,6859.0,6712.0,6781.0,6877.0,2292.0,2292.0,2293.0,2237.0,2237.0,2238.0,2286.0,2286.0,2287.0,4445.0,4445.0,4447.0,2292.0,2292.0,2293.0,2237.0,2237.0,2238.0
0.0,13259.0,7003.0,6721.0,6877.0,7030.0,2343.0,2343.0,2344.0,2240.0,2240.0,2241.0,2334.0,2334.0,2335.0,4419.0,4419.0,4421.0,2343.0,2343.0,2344.0,2240.0,2240.0,2241.0
0.0,13133.0,6787.0,6724.0,7030.0,6796.0,2265.0,2265.0,2266.0,2241.0,2241.0,2242.0,2262.0,2262.0,2263.0,4377.0,4377.0,4379.0,2265.0,2265.0,2266.0,2241.0,2241.0,2242.0
0.0,13376.0,6541.0,6721.0,6796.0,6532.0,2177.0,2177.0,2178.0,2240.0,2240.0,2241.0,2180.0,2180.0,2181.0,4458.0,4458.0,4460.0,2177.0,2177.0,2178.0,2240.0,2240.0,2241.0
0.0,13631.0,6592.0,6715.0,6532.0,6574.0,2191.0,2191.0,2192.0,2238.0,2238.0,2239.0,2197.0,2197.0,2198.0,4543.0,4543.0,4545.0,2191.0,2191.0,2192.0,2238.0,2238.0,2239.0
0.0,13571.0,6562.0,6712.0,6574.0,6553.0,2184.0,2184.0,2185.0,2237.0,2237.0,2238.0,2187.0,2187.0,2188.0,4523.0,4523.0,4525.0,2184.0,2184.0,2185.0,2237.0,2237.0,2238.0
0.0,13583.0,6807.0,6715.0,6553.0,6816.0,2272.0,2272.0,2272.0,2238.0,2238.0,2239.0,2269.0,2269.0,2269.0,4527.0,4527.0,4529.0,2272.0,2272.0,2272.0,2238.0,2238.0,2239.0
0.0,13329.0,6841.0,6721.0,6816.0,6859.0,2286.0,2286.0,2287.0,2240.0,2240.0,2241.0,2280.0,2280.0,2281.0,4442.0,4442.0,4445.0,2286.0,2286.0,2287.0,2240.0,2240.0,2241.0
0.0,13304.0,6841.0,6727.0,6859.0,6859.0,2286.0,2286.0,2287.0,2242.0,2242.0,2243.0,2280.0,2280.0,2281.0,4434.0,4434.0,4436.0,2286.0,2286.0,2287.0,2242.0,2242.0,2243.0
0.0,13322.0,6763.0,6727.0,6859.0,6763.0,2254.0,2254.0,2255.0,2242.0,2242.0,2243.0,2254.0,2254.0,2255.0,4440.0,4440.0,4442.0,2254.0,2254.0,2255.0,2242.0,2242.0,2243.0
0.0,13418.0,6601.0,6721.0,6763.0,6583.0,2194.0,2194.0,2195.0,2240.0,2240.0,2241.0,2200.0,2200.0,2201.0,4472.0,4472.0,4474.0,2194.0,2194.0,2195.0,2240.0,2240.0,2241.0
0.0,13580.0,6691.0,6718.0,6583.0,6682.0,2227.0,2227.0,2228.0,2239.0,2239.0,2240.0,2230.0,2230.0,2231.0,4526.0,4526.0,4528.0,2227.0,2227.0,2228.0,2239.0,2239.0,2240.0
0.0,13472.0,6649.0,6715.0,6682.0,6640.0,2213.0,2213.0,2214.0,2238.0,2238.0,2239.0,2216.0,2216.0,2217.0,4490.0,4490.0,4492.0,2213.0,2213.0,2214.0,2238.0,2238.0,2239.0
0.0,13505.0,6757.0,6718.0,6640.0,6766.0,2255.0,2255.0,2256.0,2239.0,2239.0,2240.0,2252.0,2252.0,2253.0,4501.0,4501.0,4503.0,2255.0,2255.0,2256.0,2239.0,2239.0,2240.0
0.0,13388.0,6970.0,6724.0,6766.0,6988.0,2329.0,2329.0,2330.0,2241.0,2241.0,2242.0,2323.0,2323.0,2324.0,4462.0,4462.0,4464.0,2329.0,2329.0,2330.0,2241.0,2241.0,2242.0
0.0,13184.0,6778.0,6727.0,6988.0,6787.0,2262.0,2262.0,2263.0,2242.0,2242.0,2243.0,2259.0,2259.0,2260.0,4394.0,4394.0,4396.0,2262.0,2262.0,2263.0,2242.0,2242.0,2243.0
0.0,13394.0,6979.0,6733.0,6787.0,6997.0,2332.0,2332.0,2333.0,2244.0,2244.0,2245.0,2326.0,2326.0,2327.0,4464.0,4464.0,4466.0,2332.0,2332.0,2333.0,2244.0,2244.0,2245.0
0.0,13202.0,6739.0,6733.0,6997.0,6739.0,2246.0,2246.0,2247.0,2244.0,2244.0,2245.0,2246.0,2246.0,2247.0,4400.0,4400.0,4402.0,2246.0,2246.0,2247.0,2244.0,2244.0,2245.0
0.0,13460.0,6607.0,6730.0,6739.0,6598.0,2199.0,2199.0,2200.0,2243.0,2243.0,2244.0,2202.0,2202.0,2203.0,4486.0,4486.0,4488.0,2199.0,2199.0,2200.0,2243.0,2243.0,2244.0
0.0,13592.0,6529.0,6724.0,6598.0,6511.0,2170.0,2170.0,2171.0,2241.0,2241.0,2242.0,2176.0,2176.0,2177.0,4530.0,4530.0,4532.0,2170.0,2170.0,2171.0,2241.0,2241.0,2242.0
0.0,13661.0,6847.0,6730.0,6511.0,6865.0,2288.0,2288.0,2289.0,2243.0,2243.0,2244.0,2282.0,2282.0,2283.0,4553.0,4553.0,4555.0,2288.0,2288.0,2289.0,2243.0,2243.0,2244.0
0.0,13325.0,6904.0,6733.0,6865.0,6913.0,2304.0,2304.0,2305.0,2244.0,2244.0,2245.0,2301.0,2301.0,2302.0,4441.0,4441.0,4443.0,2304.0,2304.0,2305.0,2244.0,2244.0,2245.0
0.0,13286.0,6916.0,6742.0,6913.0,6943.0,2314.0,2314.0,2315.0,2247.0,2247.0,2248.0,2305.0,2305.0,2306.0,4428.0,4428.0,4430.0,2314.0,2314.0,2315.0,2247.0,2247.0,2248.0
0.0,13283.0,6817.0,6745.0,6943.0,6826.0,2275.0,2275.0,2276.0,2248.0,2248.0,2249.0,2272.0,2272.0,2273.0,4427.0,4427.0,4429.0,2275.0,2275.0,2276.0,2248.0,2248.0,2249.0
0.0,13409.0,6781.0,6745.0,6826.0,6781.0,2260.0,2260.0,2261.0,2248.0,2248.0,2249.0,2260.0,2260.0,2261.0,4469.0,4469.0,4471.0,2260.0,2260.0,2261.0,2248.0,2248.0,2249.0
0.0,13454.0,6643.0,6739.0,6781.0,6625.0,2208.0,2208.0,2209.0,2246.0,2246.0,2247.0,2214.0,2214.0,2215.0,4484.0,4484.0,4486.0,2208.0,2208.0,2209.0,2246.0,2246.0,2247.0
0.0,13592.0,6703.0,6739.0,6625.0,6703.0,2234.0,2234.0,2235.0,2246.0,2246.0,2247.0,2234.0,2234.0,2235.0,4530.0,4530.0,4532.0,2234.0,2234.0,2235.0,2246.0,2246.0,2247.0
0.0,13514.0,6786.0,6739.0,6703.0,6786.0,2262.0,2262.0,2262.0,2246.0,2246.0,2247.0,2262.0,2262.0,2262.0,4504.0,4504.0,4506.0,2262.0,2262.0,2262.0,2246.0,2246.0,2247.0
0.0,13431.0,6874.0,6745.0,6786.0,6892.0,2297.0,2297.0,2298.0,2248.0,2248.0,2249.0,2291.0,2291.0,2292.0,4476.0,4476.0,4479.0,2297.0,2297.0,2298.0,2248.0,2248.0,2249.0
0.0,13343.0,6838.0,6751.0,6892.0,6856.0,2285.0,2285.0,2286.0,2250.0,2250.0,2251.0,2279.0,2279.0,2280.0,4447.0,4447.0,4449.0,2285.0,2285.0,2286.0,2250.0,2250.0,2251.0
0.0,13397.0,6901.0,6754.0,6856.0,6910.0,2303.0,2303.0,2304.0,2251.0,2251.0,2252.0,2300.0,2300.0,2301.0,4465.0,4465.0,4467.0,2303.0,2303.0,2304.0,2251.0,2251.0,2252.0
0.0,13352.0,6610.0,6748.0,6910.0,6592.0,2197.0,2197.0,2198.0,2249.0,2249.0,2250.0,2203.0,2203.0,2204.0,4450.0,4450.0,4452.0,2197.0,2197.0,2198.0,2249.0,2249.0,2250.0
0.0,13652.0,6589.0,6745.0,6592.0,6580.0,2193.0,2193.0,2194.0,2248.0,2248.0,2249.0,2196.0,2196.0,2197.0,4550.0,4550.0,4552.0,2193.0,2193.0,2194.0,2248.0,2248.0,2249.0
0.0,13655.0,6700.0,6742.0,6580.0,6691.0,2230.0,2230.0,2231.0,2247.0,2247.0,2248.0,2233.0,2233.0,2234.0,4551.0,4551.0,4553.0,2230.0,2230.0,2231.0,2247.0,2247.0,2248.0
0.0,13535.0,6715.0,6742.0,6691.0,6715.0,2238.0,2238.0,2239.0,2247.0,2247.0,2248.0,2238.0,2238.0,2239.0,4511.0,4511.0,4513.0,2238.0,2238.0,2239.0,2247.0,2247.0,2248.0
0.0,13511.0,6856.0,6745.0,6715.0,6865.0,2288.0,2288.0,2289.0,2248.0,2248.0,2249.0,2285.0,2285.0,2286.0,4503.0,4503.0,4505.0,2288.0,2288.0,2289.0,2248.0,2248.0,2249.0
0.0,13370.0,7027.0,6754.0,6865.0,7054.0,2351.0,2351.0,2352.0,2251.0,2251.0,2252.0,2342.0,2342.0,2343.0,4456.0,4456.0,4458.0,2351.0,2351.0,2352.0,2251.0,2251.0,2252.0
0.0,13208.0,6823.0,6757.0,7054.0,6832.0,2277.0,2277.0,2278.0,2252.0,2252.0,2253.0,2274.0,2274.0,2275.0,4402.0,4402.0,4404.0,2277.0,2277.0,2278.0,2252.0,2252.0,2253.0
0.0,13439.0,6553.0,6751.0,6832.0,6535.0,2178.0,2178.0,2179.0,2250.0,2250.0,2251.0,2184.0,2184.0,2185.0,4479.0,4479.0,4481.0,2178.0,2178.0,2179.0,2250.0,2250.0,2251.0
0.0,13718.0,6607.0,6748.0,6535.0,6598.0,2199.0,2199.0,2200.0,2249.0,2249.0,2250.0,2202.0,2202.0,2203.0,4572.0,4572.0,4574.0,2199.0,2199.0,2200.0,2249.0,2249.0,2250.0
0.0,13646.0,6733.0,6745.0,6598.0,6724.0,2241.0,2241.0,2242.0,2248.0,2248.0,2249.0,2244.0,2244.0,2245.0,4548.0,4548.0,4550.0,2241.0,2241.0,2242.0,2248.0,2248.0,2249.0
0.0,13511.0,6871.0,6751.0,6724.0,6889.0,2296.0,2296.0,2297.0,2250.0,2250.0,2251.0,2290.0,2290.0,2291.0,4503.0,4503.0,4505.0,2296.0,2296.0,2297.0,2250.0,2250.0,2251.0
0.0,13364.0,6994.0,6760.0,6889.0,7021.0,2340.0,2340.0,2341.0,2253.0,2253.0,2254.0,2331.0,2331.0,2332.0,4454.0,4454.0,4456.0,2340.0,2340.0,2341.0,2253.0,2253.0,2254.0
0.0,13259.0,6961.0,6766.0,7021.0,6979.0,2326.0,2326.0,2327.0,2255.0,2255.0,2256.0,2320.0,2320.0,2321.0,4419.0,4419.0,4421.0,2326.0,2326.0,2327.0,2255.0,2255.0,2256.0
0.0,13319.0,6916.0,6769.0,6979.0,6925.0,2308.0,2308.0,2309.0,2256.0,2256.0,2257.0,2305.0,2305.0,2306.0,4439.0,4439.0,4441.0,2308.0,2308.0,2309.0,2256.0,2256.0,2257.0
0.0,13382.0,6805.0,6769.0,6925.0,6805.0,2268.0,2268.0,2269.0,2256.0,2256.0,2257.0,2268.0,2268.0,2269.0,4460.0,4460.0,4462.0,2268.0,2268.0,2269.0,2256.0,2256.0,2257.0
0.0,13502.0,6681.0,6763.0,6805.0,6663.0,2221.0,2221.0,2221.0,2254.0,2254.0,2255.0,2227.0,2227.0,2227.0,4500.0,4500.0,4502.0,2221.0,2221.0,2221.0,2254.0,2254.0,2255.0
0.0,13626.0,6739.0,6763.0,6663.0,6739.0,2246.0,2246.0,2247.0,2254.0,2254.0,2255.0,2246.0,2246.0,2247.0,4541.0,4541.0,4544.0,2246.0,2246.0,2247.0,2254.0,2254.0,2255.0
0.0,13550.0,6982.0,6769.0,6739.0,7000.0,2333.0,2333.0,2334.0,2256.0,2256.0,2257.0,2327.0,2327.0,2328.0,4516.0,4516.0,4518.0,2333.0,2333.0,2334.0,2256.0,2256.0,2257.0
0.0,13307.0,6874.0,6775.0,7000.0,6892.0,2297.0,2297.0,2298.0,2258.0,2258.0,2259.0,2291.0,2291.0,2292.0,4435.0,4435.0,4437.0,2297.0,2297.0,2298.0,2258.0,2258.0,2259.0
0.0,13433.0,6973.0,6781.0,6892.0,6991.0,2330.0,2330.0,2331.0,2260.0,2260.0,2261.0,2324.0,2324.0,2325.0,4477.0,4477.0,4479.0,2330.0,2330.0,2331.0,2260.0,2260.0,2261.0
0.0,13352.0,6754.0,6781.0,6991.0,6754.0,2251.0,2251.0,2252.0,2260.0,2260.0,2261.0,2251.0,2251.0,2252.0,4450.0,4450.0,4452.0,2251.0,2251.0,2252.0,2260.0,2260.0,2261.0
0.0,13589.0,6742.0,6781.0,6754.0,6742.0,2247.0,2247.0,2248.0,2260.0,2260.0,2261.0,2247.0,2247.0,2248.0,4529.0,4529.0,4531.0,2247.0,2247.0,2248.0,2260.0,2260.0,2261.0
0.0,13601.0,6772.0,6775.0,6742.0,6754.0,2251.0,2251.0,2252.0,2258.0,2258.0,2259.0,2257.0,2257.0,2258.0,4533.0,4533.0,4535.0,2251.0,2251.0,2252.0,2258.0,2258.0,2259.0
0.0,13571.0,6604.0,6772.0,6754.0,6595.0,2198.0,2198.0,2199.0,2257.0,2257.0,2258.0,2201.0,2201.0,2202.0,4523.0,4523.0,4525.0,2198.0,2198.0,2199.0,2257.0,2257.0,2258.0
0.0,13721.0,6880.0,6778.0,6595.0,6898.0,2299.0,2299.0,2300.0,2259.0,2259.0,2260.0,2293.0,2293.0,2294.0,4573.0,4573.0,4575.0,2299.0,2299.0,2300.0,2259.0,2259.0,2260.0
0.0,13436.0,6904.0,6784.0,6898.0,6922.0,2307.0,2307.0,2308.0,2261.0,2261.0,2262.0,2301.0,2301.0,2302.0,4478.0,4478.0,4480.0,2307.0,2307.0,2308.0,2261.0,2261.0,2262.0
0.0,13430.0,6958.0,6793.0,6922.0,6985.0,2328.0,2328.0,2329.0,2264.0,2264.0,2265.0,2319.0,2319.0,2320.0,4476.0,4476.0,4478.0,2328.0,2328.0,2329.0,2264.0,2264.0,2265.0
0.0,13394.0,6958.0,6796.0,6985.0,6967.0,2322.0,2322.0,2323.0,2265.0,2265.0,2266.0,2319.0,2319.0,2320.0,4464.0,4464.0,4466.0,2322.0,2322.0,2323.0,2265.0,2265.0,2266.0
0.0,13421.0,6760.0,6793.0,6967.0,6751.0,2250.0,2250.0,2251.0,2264.0,2264.0,2265.0,2253.0,2253.0,2254.0,4473.0,4473.0,4475.0,2250.0,2250.0,2251.0,2264.0,2264.0,2265.0
0.0,13628.0,6787.0,6793.0,6751.0,6787.0,2262.0,2262.0,2263.0,2264.0,2264.0,2265.0,2262.0,2262.0,2263.0,4542.0,4542.0,4544.0,2262.0,2262.0,2263.0,2264.0,2264.0,2265.0
0.0,13592.0,6681.0,6790.0,6787.0,6672.0,2224.0,2224.0,2224.0,2263.0,2263.0,2264.0,2227.0,2227.0,2227.0,4530.0,4530.0,4532.0,2224.0,2224.0,2224.0,2263.0,2263.0,2264.0
0.0,13698.0,6805.0,6796.0,6672.0,6823.0,2274.0,2274.0,2275.0,2265.0,2265.0,2266.0,2268.0,2268.0,2269.0,4565.0,4565.0,4568.0,2274.0,2274.0,2275.0,2265.0,2265.0,2266.0
0.0,13565.0,6877.0,6799.0,6823.0,6886.0,2295.0,2295.0,2296.0,2266.0,2266.0,2267.0,2292.0,2292.0,2293.0,4521.0,4521.0,4523.0,2295.0,2295.0,2296.0,2266.0,2266.0,2267.0
0.0,13511.0,6979.0,6805.0,6886.0,6997.0,2332.0,2332.0,2333.0,2268.0,2268.0,2269.0,2326.0,2326.0,2327.0,4503.0,4503.0,4505.0,2332.0,2332.0,2333.0,2268.0,2268.0,2269.0
0.0,13418.0,6868.0,6808.0,6997.0,6877.0,2292.0,2292.0,2293.0,2269.0,2269.0,2270.0,2289.0,2289.0,2290.0,4472.0,4472.0,4474.0,2292.0,2292.0,2293.0,2269.0,2269.0,2270.0
0.0,13547.0,6886.0,6805.0,6877.0,6877.0,2292.0,2292.0,2293.0,2268.0,2268.0,2269.0,2295.0,2295.0,2296.0,4515.0,4515.0,4517.0,2292.0,2292.0,2293.0,2268.0,2268.0,2269.0
0.0,13538.0,6589.0,6802.0,6877.0,6580.0,2193.0,2193.0,2194.0,2267.0,2267.0,2268.0,2196.0,2196.0,2197.0,4512.0,4512.0,4514.0,2193.0,2193.0,2194.0,2267.0,2267.0,2268.0
0.0,13826.0,6751.0,6796.0,6580.0,6733.0,2244.0,2244.0,2245.0,2265.0,2265.0,2266.0,2250.0,2250.0,2251.0,4608.0,4608.0,4610.0,2244.0,2244.0,2245.0,2265.0,2265.0,2266.0
0.0,13655.0,6862.0,6799.0,6733.0,6871.0,2290.0,2290.0,2291.0,2266.0,2266.0,2267.0,2287.0,2287.0,2288.0,4551.0,4551.0,4553.0,2290.0,2290.0,2291.0,2266.0,2266.0,2267.0
0.0,13526.0,6976.0,6807.0,6871.0,7000.0,2334.0,2334.0,2332.0,2269.0,2269.0,2269.0,2325.0,2325.0,2326.0,4508.0,4508.0,4510.0,2334.0,2334.0,2332.0,2269.0,2269.0,2269.0
0.0,13421.0,7045.0,6817.0,7000.0,7075.0,2357.0,2357.0,2361.0,2272.0,2272.0,2273.0,2348.0,2348.0,2349.0,4473.0,4473.0,4475.0,2357.0,2357.0,2361.0,2272.0,2272.0,2273.0
0.0,13376.0,6949.0,6817.0,7075.0,6949.0,2316.0,2316.0,2317.0,2272.0,2272.0,2273.0,2316.0,2316.0,2317.0,4459.0,4459.0,4458.0,2316.0,2316.0,2317.0,2272.0,2272.0,2273.0
0.0,13502.0,6763.0,6817.0,6949.0,6763.0,2254.0,2254.0,2255.0,2272.0,2272.0,2273.0,2254.0,2254.0,2255.0,4500.0,4500.0,4502.0,2254.0,2254.0,2255.0,2272.0,2272.0,2273.0
0.0,13688.0,6808.0,6814.0,6763.0,6799.0,2266.0,2266.0,2267.0,2271.0,2271.0,2272.0,2269.0,2269.0,2270.0,4562.0,4562.0,4564.0,2266.0,2266.0,2267.0,2271.0,2271.0,2272.0
0.0,13643.0,6760.0,6813.0,6799.0,6757.0,2253.0,2253.0,2251.0,2271.0,2271.0,2271.0,2253.0,2253.0,2254.0,4547.0,4547.0,4549.0,2253.0,2253.0,2251.0,2271.0,2271.0,2271.0
0.0,13682.0,6823.0,6814.0,6757.0,6826.0,2274.0,2274.0,2278.0,2271.0,2271.0,2272.0,2274.0,2274.0,2275.0,4560.0,4560.0,4562.0,2274.0,2274.0,2278.0,2271.0,2271.0,2272.0
0.0,13616.0,6901.0,6817.0,6826.0,6910.0,2303.0,2303.0,2304.0,2272.0,2272.0,2273.0,2300.0,2300.0,2301.0,4539.0,4539.0,4538.0,2303.0,2303.0,2304.0,2272.0,2272.0,2273.0
0.0,13541.0,7015.0,6823.0,6910.0,7033.0,2344.0,2344.0,2345.0,2274.0,2274.0,2275.0,2338.0,2338.0,2339.0,4513.0,4513.0,4515.0,2344.0,2344.0,2345.0,2274.0,2274.0,2275.0
0.0,13436.0,7030.0,6829.0,7033.0,7048.0,2349.0,2349.0,2350.0,2276.0,2276.0,2277.0,2343.0,2343.0,2344.0,4478.0,4478.0,4480.0,2349.0,2349.0,2350.0,2276.0,2276.0,2277.0
0.0,13439.0,6733.0,6826.0,7048.0,6724.0,2241.0,2241.0,2242.0,2275.0,2275.0,2276.0,2244.0,2244.0,2245.0,4479.0,4479.0,4481.0,2241.0,2241.0,2242.0,2275.0,2275.0,2276.0
0.0,13754.0,6733.0,6823.0,6724.0,6724.0,2241.0,2241.0,2242.0,2274.0,2274.0,2275.0,2244.0,2244.0,2245.0,4584.0,4584.0,4586.0,2241.0,2241.0,2242.0,2274.0,2274.0,2275.0
0.0,13745.0,6754.0,6822.0,6724.0,6751.0,2251.0,2251.0,2249.0,2274.0,2274.0,2274.0,2251.0,2251.0,2252.0,4581.0,4581.0,4583.0,2251.0,2251.0,2249.0,2274.0,2274.0,2274.0
0.0,13715.0,6871.0,6826.0,6751.0,6883.0,2293.0,2293.0,2297.0,2275.0,2275.0,2276.0,2290.0,2290.0,2291.0,4571.0,4571.0,4573.0,2293.0,2293.0,2297.0,2275.0,2275.0,2276.0
0.0,13595.0,6952.0,6834.0,6883.0,6976.0,2326.0,2326.0,2324.0,2278.0,2278.0,2278.0,2317.0,2317.0,2318.0,4532.0,4532.0,4531.0,2326.0,2326.0,2324.0,2278.0,2278.0,2278.0
0.0,13526.0,7018.0,6840.0,6976.0,7036.0,2345.0,2345.0,2346.0,2280.0,2280.0,2280.0,2339.0,2339.0,2340.0,4508.0,4508.0,4510.0,2345.0,2345.0,2346.0,2280.0,2280.0,2280.0
0.0,13484.0,6829.0,6841.0,7036.0,6832.0,2276.0,2276.0,2280.0,2280.0,2280.0,2281.0,2276.0,2276.0,2277.0,4495.0,4495.0,4494.0,2276.0,2276.0,2280.0,2280.0,2280.0,2281.0
0.0,13691.0,6835.0,6841.0,6832.0,6835.0,2278.0,2278.0,2279.0,2280.0,2280.0,2281.0,2278.0,2278.0,2279.0,4564.0,4564.0,4563.0,2278.0,2278.0,2279.0,2280.0,2280.0,2281.0
0.0,13688.0,6691.0,6835.0,6835.0,6673.0,2224.0,2224.0,2225.0,2278.0,2278.0,2279.0,2230.0,2230.0,2231.0,4562.0,4562.0,4564.0,2224.0,2224.0,2225.0,2278.0,2278.0,2279.0
0.0,13832.0,6661.0,6832.0,6673.0,6652.0,2217.0,2217.0,2218.0,2277.0,2277.0,2278.0,2220.0,2220.0,2221.0,4610.0,4610.0,4612.0,2217.0,2217.0,2218.0,2277.0,2277.0,2278.0
0.0,13844.0,6931.0,6838.0,6652.0,6949.0,2316.0,2316.0,2317.0,2279.0,2279.0,2280.0,2310.0,2310.0,2311.0,4614.0,4614.0,4616.0,2316.0,2316.0,2317.0,2279.0,2279.0,2280.0
0.0,13565.0,6973.0,6847.0,6949.0,7000.0,2333.0,2333.0,2334.0,2282.0,2282.0,2283.0,2324.0,2324.0,2325.0,4521.0,4521.0,4523.0,2333.0,2333.0,2334.0,2282.0,2282.0,2283.0
0.0,13541.0,6985.0,6850.0,7000.0,6994.0,2331.0,2331.0,2332.0,2283.0,2283.0,2284.0,2328.0,2328.0,2329.0,4513.0,4513.0,4515.0,2331.0,2331.0,2332.0,2283.0,2283.0,2284.0
0.0,13556.0,6898.0,6852.0,6994.0,6904.0,2302.0,2302.0,2300.0,2284.0,2284.0,2284.0,2299.0,2299.0,2300.0,4518.0,4518.0,4520.0,2302.0,2302.0,2300.0,2284.0,2284.0,2284.0
0.0,13652.0,6829.0,6847.0,6904.0,6814.0,2270.0,2270.0,2274.0,2282.0,2282.0,2283.0,2276.0,2276.0,2277.0,4550.0,4550.0,4552.0,2270.0,2270.0,2274.0,2282.0,2282.0,2283.0
0.0,13727.0,6676.0,6844.0,6814.0,6667.0,2222.0,2222.0,2223.0,2281.0,2281.0,2282.0,2225.0,2225.0,2226.0,4576.0,4576.0,4575.0,2222.0,2222.0,2223.0,2281.0,2281.0,2282.0
0.0,13865.0,6808.0,6841.0,6667.0,6799.0,2266.0,2266.0,2267.0,2280.0,2280.0,2281.0,2269.0,2269.0,2270.0,4621.0,4621.0,4623.0,2266.0,2266.0,2267.0,2280.0,2280.0,2281.0
0.0,13724.0,6871.0,6841.0,6799.0,6871.0,2290.0,2290.0,2291.0,2280.0,2280.0,2281.0,2290.0,2290.0,2291.0,4574.0,4574.0,4576.0,2290.0,2290.0,2291.0,2280.0,2280.0,2281.0
0.0,13652.0,7060.0,6850.0,6871.0,7087.0,2362.0,2362.0,2363.0,2283.0,2283.0,2284.0,2353.0,2353.0,2354.0,4550.0,4550.0,4552.0,2362.0,2362.0,2363.0,2283.0,2283.0,2284.0
0.0,13463.0,7027.0,6856.0,7087.0,7045.0,2348.0,2348.0,2349.0,2285.0,2285.0,2286.0,2342.0,2342.0,2343.0,4487.0,4487.0,4489.0,2348.0,2348.0,2349.0,2285.0,2285.0,2286.0
0.0,13523.0,7051.0,6856.0,7045.0,7051.0,2350.0,2350.0,2351.0,2285.0,2285.0,2286.0,2350.0,2350.0,2351.0,4507.0,4507.0,4509.0,2350.0,2350.0,2351.0,2285.0,2285.0,2286.0
0.0,13517.0,6844.0,6856.0,7051.0,6844.0,2281.0,2281.0,2282.0,2285.0,2285.0,2286.0,2281.0,2281.0,2282.0,4505.0,4505.0,4507.0,2281.0,2281.0,2282.0,2285.0,2285.0,2286.0
0.0,13724.0,6766.0,6853.0,6844.0,6757.0,2252.0,2252.0,2253.0,2284.0,2284.0,2285.0,2255.0,2255.0,2256.0,4574.0,4574.0,4576.0,2252.0,2252.0,2253.0,2284.0,2284.0,2285.0
0.0,13802.0,6820.0,6853.0,6757.0,6820.0,2273.0,2273.0,2274.0,2284.0,2284.0,2285.0,2273.0,2273.0,2274.0,4600.0,4600.0,4602.0,2273.0,2273.0,2274.0,2284.0,2284.0,2285.0
0.0,13739.0,6862.0,6856.0,6820.0,6871.0,2290.0,2290.0,2291.0,2285.0,2285.0,2286.0,2287.0,2287.0,2288.0,4579.0,4579.0,4581.0,2290.0,2290.0,2291.0,2285.0,2285.0,2286.0
0.0,13697.0,6997.0,6859.0,6871.0,7006.0,2335.0,2335.0,2336.0,2286.0,2286.0,2287.0,2332.0,2332.0,2333.0,4565.0,4565.0,4567.0,2335.0,2335.0,2336.0,2286.0,2286.0,2287.0
0.0,13571.0,7063.0,6868.0,7006.0,7090.0,2363.0,2363.0,2364.0,2289.0,2289.0,2290.0,2354.0,2354.0,2355.0,4523.0,4523.0,4525.0,2363.0,2363.0,2364.0,2289.0,2289.0,2290.0
0.0,13514.0,6892.0,6868.0,7090.0,6892.0,2297.0,2297.0,2298.0,2289.0,2289.0,2290.0,2297.0,2297.0,2298.0,4504.0,4504.0,4506.0,2297.0,2297.0,2298.0,2289.0,2289.0,2290.0
0.0,13712.0,6802.0,6868.0,6892.0,6802.0,2267.0,2267.0,2268.0,2289.0,2289.0,2290.0,2267.0,2267.0,2268.0,4570.0,4570.0,4572.0,2267.0,2267.0,2268.0,2289.0,2289.0,2290.0
0.0,13802.0,6778.0,6862.0,6802.0,6760.0,2253.0,2253.0,2254.0,2287.0,2287.0,2288.0,2259.0,2259.0,2260.0,4600.0,4600.0,4602.0,2253.0,2253.0,2254.0,2287.0,2287.0,2288.0
0.0,13826.0,6652.0,6856.0,6760.0,6634.0,2211.0,2211.0,2212.0,2285.0,2285.0,2286.0,2217.0,2217.0,2218.0,4608.0,4608.0,4610.0,2211.0,2211.0,2212.0,2285.0,2285.0,2286.0
0.0,13934.0,6874.0,6859.0,6634.0,6883.0,2294.0,2294.0,2295.0,2286.0,2286.0,2287.0,2291.0,2291.0,2292.0,4644.0,4644.0,4646.0,2294.0,2294.0,2295.0,2286.0,2286.0,2287.0
0.0,13694.0,6970.0,6862.0,6883.0,6979.0,2326.0,2326.0,2327.0,2287.0,2287.0,2288.0,2323.0,2323.0,2324.0,4564.0,4564.0,4566.0,2326.0,2326.0,2327.0,2287.0,2287.0,2288.0
0.0,13607.0,7027.0,6871.0,6979.0,7054.0,2351.0,2351.0,2352.0,2290.0,2290.0,2291.0,2342.0,2342.0,2343.0,4535.0,4535.0,4537.0,2351.0,2351.0,2352.0,2290.0,2290.0,2291.0
0.0,13559.0,6904.0,6871.0,7054.0,6904.0,2301.0,2301.0,2302.0,2290.0,2290.0,2291.0,2301.0,2301.0,2302.0,4519.0,4519.0,4521.0,2301.0,2301.0,2302.0,2290.0,2290.0,2291.0
0.0,13709.0,6898.0,6871.0,6904.0,6898.0,2299.0,2299.0,2300.0,2290.0,2290.0,2291.0,2299.0,2299.0,2300.0,4569.0,4569.0,4571.0,2299.0,2299.0,2300.0,2290.0,2290.0,2291.0
0.0,13715.0,6736.0,6868.0,6898.0,6727.0,2242.0,2242.0,2243.0,2289.0,2289.0,2290.0,2245.0,2245.0,2246.0,4571.0,4571.0,4573.0,2242.0,2242.0,2243.0,2289.0,2289.0,2290.0
0.0,13877.0,6811.0,6865.0,6727.0,6802.0,2267.0,2267.0,2268.0,2288.0,2288.0,2289.0,2270.0,2270.0,2271.0,4625.0,4625.0,4627.0,2267.0,2267.0,2268.0,2288.0,2288.0,2289.0
0.0,13793.0,6853.0,6865.0,6802.0,6853.0,2284.0,2284.0,2285.0,2288.0,2288.0,2289.0,2284.0,2284.0,2285.0,4597.0,4597.0,4599.0,2284.0,2284.0,2285.0,2288.0,2288.0,2289.0
0.0,13742.0,6961.0,6874.0,6853.0,6988.0,2329.0,2329.0,2330.0,2291.0,2291.0,2292.0,2320.0,2320.0,2321.0,4580.0,4580.0,4582.0,2329.0,2329.0,2330.0,2291.0,2291.0,2292.0
0.0,13634.0,7105.0,6880.0,6988.0,7123.0,2374.0,2374.0,2375.0,2293.0,2293.0,2294.0,2368.0,2368.0,2369.0,4544.0,4544.0,4546.0,2374.0,2374.0,2375.0,2293.0,2293.0,2294.0
0.0,13517.0,6940.0,6880.0,7123.0,6940.0,2313.0,2313.0,2314.0,2293.0,2293.0,2294.0,2313.0,2313.0,2314.0,4505.0,4505.0,4507.0,2313.0,2313.0,2314.0,2293.0,2293.0,2294.0
0.0,13700.0,6763.0,6877.0,6940.0,6754.0,2251.0,2251.0,2252.0,2292.0,2292.0,2293.0,2254.0,2254.0,2255.0,4566.0,4566.0,4568.0,2251.0,2251.0,2252.0,2292.0,2292.0,2293.0
0.0,13877.0,6742.0,6871.0,6754.0,6724.0,2241.0,2241.0,2242.0,2290.0,2290.0,2291.0,2247.0,2247.0,2248.0,4625.0,4625.0,4627.0,2241.0,2241.0,2242.0,2290.0,2290.0,2291.0
0.0,13889.0,6721.0,6868.0,6724.0,6712.0,2237.0,2237.0,2238.0,2289.0,2289.0,2290.0,2240.0,2240.0,2241.0,4629.0,4629.0,4631.0,2237.0,2237.0,2238.0,2289.0,2289.0,2290.0
0.0,13892.0,6808.0,6868.0,6712.0,6808.0,2269.0,2269.0,2270.0,2289.0,2289.0,2290.0,2269.0,2269.0,2270.0,4630.0,4630.0,4632.0,2269.0,2269.0,2270.0,2289.0,2289.0,2290.0
0.0,13796.0,7036.0,6871.0,6808.0,7045.0,2348.0,2348.0,2349.0,2290.0,2290.0,2291.0,2345.0,2345.0,2346.0,4598.0,4598.0,4600.0,2348.0,2348.0,2349.0,2290.0,2290.0,2291.0
0.0,13568.0,7027.0,6877.0,7045.0,7045.0,2348.0,2348.0,2349.0,2292.0,2292.0,2293.0,2342.0,2342.0,2343.0,4522.0,4522.0,4524.0,2348.0,2348.0,2349.0,2292.0,2292.0,2293.0
0.0,13586.0,7027.0,6880.0,7045.0,7036.0,2345.0,2345.0,2346.0,2293.0,2293.0,2294.0,2342.0,2342.0,2343.0,4528.0,4528.0,4530.0,2345.0,2345.0,2346.0,2293.0,2293.0,2294.0
0.0,13604.0,6910.0,6880.0,7036.0,6910.0,2303.0,2303.0,2304.0,2293.0,2293.0,2294.0,2303.0,2303.0,2304.0,4534.0,4534.0,4536.0,2303.0,2303.0,2304.0,2293.0,2293.0,2294.0
0.0,13730.0,6787.0,6877.0,6910.0,6778.0,2259.0,2259.0,2260.0,2292.0,2292.0,2293.0,2262.0,2262.0,2263.0,4576.0,4576.0,4578.0,2259.0,2259.0,2260.0,2292.0,2292.0,2293.0
0.0,13853.0,6781.0,6871.0,6778.0,6763.0,2254.0,2254.0,2255.0,2290.0,2290.0,2291.0,2260.0,2260.0,2261.0,4617.0,4617.0,4619.0,2254.0,2254.0,2255.0,2290.0,2290.0,2291.0
0.0,13850.0,7051.0,6877.0,6763.0,7069.0,2356.0,2356.0,2357.0,2292.0,2292.0,2293.0,2350.0,2350.0,2351.0,4616.0,4616.0,4618.0,2356.0,2356.0,2357.0,2292.0,2292.0,2293.0
0.0,13562.0,7051.0,6883.0,7069.0,7069.0,2356.0,2356.0,2357.0,2294.0,2294.0,2295.0,2350.0,2350.0,2351.0,4520.0,4520.0,4522.0,2356.0,2356.0,2357.0,2294.0,2294.0,2295.0
0.0,13580.0,7099.0,6892.0,7069.0,7126.0,2375.0,2375.0,2376.0,2297.0,2297.0,2298.0,2366.0,2366.0,2367.0,4526.0,4526.0,4528.0,2375.0,2375.0,2376.0,2297.0,2297.0,2298.0
0.0,13550.0,7006.0,6892.0,7126.0,7006.0,2335.0,2335.0,2336.0,2297.0,2297.0,2298.0,2335.0,2335.0,2336.0,4516.0,4516.0,4518.0,2335.0,2335.0,2336.0,2297.0,2297.0,2298.0
0.0,13670.0,6952.0,6892.0,7006.0,6952.0,2317.0,2317.0,2318.0,2297.0,2297.0,2298.0,2317.0,2317.0,2318.0,4556.0,4556.0,4558.0,2317.0,2317.0,2318.0,2297.0,2297.0,2298.0
0.0,13724.0,6667.0,6886.0,6952.0,6649.0,2216.0,2216.0,2217.0,2295.0,2295.0,2296.0,2222.0,2222.0,2223.0,4574.0,4574.0,4576.0,2216.0,2216.0,2217.0,2295.0,2295.0,2296.0
0.0,14009.0,6721.0,6886.0,6649.0,6721.0,2240.0,2240.0,2241.0,2295.0,2295.0,2296.0,2240.0,2240.0,2241.0,4669.0,4669.0,4671.0,2240.0,2240.0,2241.0,2295.0,2295.0,2296.0
0.0,13937.0,6886.0,6886.0,6721.0,6886.0,2295.0,2295.0,2296.0,2295.0,2295.0,2296.0,2295.0,2295.0,2296.0,4645.0,4645.0,4647.0,2295.0,2295.0,2296.0,2295.0,2295.0,2296.0
0.0,13772.0,6865.0,6889.0,6886.0,6874.0,2291.0,2291.0,2292.0,2296.0,2296.0,2297.0,2288.0,2288.0,2289.0,4590.0,4590.0,4592.0,2291.0,2291.0,2292.0,2296.0,2296.0,2297.0
0.0,13793.0,7114.0,6898.0,6874.0,7141.0,2380.0,2380.0,2381.0,2299.0,2299.0,2300.0,2371.0,2371.0,2372.0,4597.0,4597.0,4599.0,2380.0,2380.0,2381.0,2299.0,2299.0,2300.0
0.0,13553.0,6988.0,6898.0,7141.0,6988.0,2329.0,2329.0,2330.0,2299.0,2299.0,2300.0,2329.0,2329.0,2330.0,4517.0,4517.0,4519.0,2329.0,2329.0,2330.0,2299.0,2299.0,2300.0
0.0,13706.0,6793.0,6895.0,6988.0,6784.0,2261.0,2261.0,2262.0,2298.0,2298.0,2299.0,2264.0,2264.0,2265.0,4568.0,4568.0,4570.0,2261.0,2261.0,2262.0,2298.0,2298.0,2299.0
0.0,13901.0,6883.0,6892.0,6784.0,6874.0,2291.0,2291.0,2292.0,2297.0,2297.0,2298.0,2294.0,2294.0,2295.0,4633.0,4633.0,4635.0,2291.0,2291.0,2292.0,2297.0,2297.0,2298.0
0.0,13802.0,6859.0,6892.0,6874.0,6859.0,2286.0,2286.0,2287.0,2297.0,2297.0,2298.0,2286.0,2286.0,2287.0,4600.0,4600.0,4602.0,2286.0,2286.0,2287.0,2297.0,2297.0,2298.0
0.0,13817.0,6964.0,6895.0,6859.0,6973.0,2324.0,2324.0,2325.0,2298.0,2298.0,2299.0,2321.0,2321.0,2322.0,4605.0,4605.0,4607.0,2324.0,2324.0,2325.0,2298.0,2298.0,2299.0
0.0,13712.0,7009.0,6901.0,6973.0,7027.0,2342.0,2342.0,2343.0,2300.0,2300.0,2301.0,2336.0,2336.0,2337.0,4570.0,4570.0,4572.0,2342.0,2342.0,2343.0,2300.0,2300.0,2301.0
0.0,13676.0,6982.0,6904.0,7027.0,6991.0,2330.0,2330.0,2331.0,2301.0,2301.0,2302.0,2327.0,2327.0,2328.0,4558.0,4558.0,4560.0,2330.0,2330.0,2331.0,2301.0,2301.0,2302.0
0.0,13721.0,7054.0,6907.0,6991.0,7063.0,2354.0,2354.0,2355.0,2302.0,2302.0,2303.0,2351.0,2351.0,2352.0,4573.0,4573.0,4575.0,2354.0,2354.0,2355.0,2302.0,2302.0,2303.0
0.0,13658.0,6760.0,6904.0,7063.0,6751.0,2250.0,2250.0,2251.0,2301.0,2301.0,2302.0,2253.0,2253.0,2254.0,4552.0,4552.0,4554.0,2250.0,2250.0,2251.0,2301.0,2301.0,2302.0
0.0,13961.0,6847.0,6898.0,6751.0,6829.0,2276.0,2276.0,2277.0,2299.0,2299.0,2300.0,2282.0,2282.0,2283.0,4653.0,4653.0,4655.0,2276.0,2276.0,2277.0,2299.0,2299.0,2300.0
0.0,13865.0,6943.0,6898.0,6829.0,6943.0,2314.0,2314.0,2315.0,2299.0,2299.0,2300.0,2314.0,2314.0,2315.0,4621.0,4621.0,4623.0,2314.0,2314.0,2315.0,2299.0,2299.0,2300.0
0.0,13751.0,7015.0,6901.0,6943.0,7024.0,2341.0,2341.0,2342.0,2300.0,2300.0,2301.0,2338.0,2338.0,2339.0,4583.0,4583.0,4585.0,2341.0,2341.0,2342.0,2300.0,2300.0,2301.0
0.0,13679.0,7027.0,6904.0,7024.0,7036.0,2345.0,2345.0,2346.0,2301.0,2301.0,2302.0,2342.0,2342.0,2343.0,4559.0,4559.0,4561.0,2345.0,2345.0,2346.0,2301.0,2301.0,2302.0
0.0,13676.0,7069.0,6910.0,7036.0,7087.0,2362.0,2362.0,2363.0,2303.0,2303.0,2304.0,2356.0,2356.0,2357.0,4558.0,4558.0,4560.0,2362.0,2362.0,2363.0,2303.0,2303.0,2304.0
0.0,13643.0,7105.0,6916.0,7087.0,7123.0,2374.0,2374.0,2375.0,2305.0,2305.0,2306.0,2368.0,2368.0,2369.0,4547.0,4547.0,4549.0,2374.0,2374.0,2375.0,2305.0,2305.0,2306.0
0.0,13625.0,6856.0,6913.0,7123.0,6847.0,2282.0,2282.0,2283.0,2304.0,2304.0,2305.0,2285.0,2285.0,2286.0,4541.0,4541.0,4543.0,2282.0,2282.0,2283.0,2304.0,2304.0,2305.0
0.0,13892.0,6742.0,6907.0,6847.0,6724.0,2241.0,2241.0,2242.0,2302.0,2302.0,2303.0,2247.0,2247.0,2248.0,4630.0,4630.0,4632.0,2241.0,2241.0,2242.0,2302.0,2302.0,2303.0
0.0,13997.0,6943.0,6907.0,6724.0,6943.0,2314.0,2314.0,2315.0,2302.0,2302.0,2303.0,2314.0,2314.0,2315.0,4665.0,4665.0,4667.0,2314.0,2314.0,2315.0,2302.0,2302.0,2303.0
0.0,13778.0,7000.0,6910.0,6943.0,7009.0,2336.0,2336.0,2337.0,2303.0,2303.0,2304.0,2333.0,2333.0,2334.0,4592.0,4592.0,4594.0,2336.0,2336.0,2337.0,2303.0,2303.0,2304.0
0.0,13721.0,7030.0,6916.0,7009.0,7048.0,2349.0,2349.0,2350.0,2305.0,2305.0,2306.0,2343.0,2343.0,2344.0,4573.0,4573.0,4575.0,2349.0,2349.0,2350.0,2305.0,2305.0,2306.0
0.0,13700.0,7084.0,6925.0,7048.0,7111.0,2370.0,2370.0,2371.0,2308.0,2308.0,2309.0,2361.0,2361.0,2362.0,4566.0,4566.0,4568.0,2370.0,2370.0,2371.0,2308.0,2308.0,2309.0
0.0,13664.0,7018.0,6928.0,7111.0,7027.0,2342.0,2342.0,2343.0,2309.0,2309.0,2310.0,2339.0,2339.0,2340.0,4554.0,4554.0,4556.0,2342.0,2342.0,2343.0,2309.0,2309.0,2310.0
0.0,13757.0,6955.0,6925.0,7027.0,6946.0,2315.0,2315.0,2316.0,2308.0,2308.0,2309.0,2318.0,2318.0,2319.0,4585.0,4585.0,4587.0,2315.0,2315.0,2316.0,2308.0,2308.0,2309.0
0.0,13829.0,6799.0,6922.0,6946.0,6790.0,2263.0,2263.0,2264.0,2307.0,2307.0,2308.0,2266.0,2266.0,2267.0,4609.0,4609.0,4611.0,2263.0,2263.0,2264.0,2307.0,2307.0,2308.0
0.0,13976.0,6883.0,6922.0,6790.0,6883.0,2294.0,2294.0,2295.0,2307.0,2307.0,2308.0,2294.0,2294.0,2295.0,4658.0,4658.0,4660.0,2294.0,2294.0,2295.0,2307.0,2307.0,2308.0
0.0,13883.0,6922.0,6922.0,6883.0,6922.0,2307.0,2307.0,2308.0,2307.0,2307.0,2308.0,2307.0,2307.0,2308.0,4627.0,4627.0,4629.0,2307.0,2307.0,2308.0,2307.0,2307.0,2308.0
0.0,13844.0,6991.0,6928.0,6922.0,7009.0,2336.0,2336.0,2337.0,2309.0,2309.0,2310.0,2330.0,2330.0,2331.0,4614.0,4614.0,4616.0,2336.0,2336.0,2337.0,2309.0,2309.0,2310.0
0.0,13775.0,7180.0,6934.0,7009.0,7198.0,2399.0,2399.0,2400.0,2311.0,2311.0,2312.0,2393.0,2393.0,2394.0,4591.0,4591.0,4593.0,2399.0,2399.0,2400.0,2311.0,2311.0,2312.0
0.0,13604.0,7075.0,6937.0,7198.0,7084.0,2361.0,2361.0,2362.0,2312.0,2312.0,2313.0,2358.0,2358.0,2359.0,4534.0,4534.0,4536.0,2361.0,2361.0,2362.0,2312.0,2312.0,2313.0
0.0,13727.0,6922.0,6937.0,7084.0,6922.0,2307.0,2307.0,2308.0,2312.0,2312.0,2313.0,2307.0,2307.0,2308.0,4575.0,4575.0,4577.0,2307.0,2307.0,2308.0,2312.0,2312.0,2313.0
0.0,13889.0,6910.0,6934.0,6922.0,6901.0,2300.0,2300.0,2301.0,2311.0,2311.0,2312.0,2303.0,2303.0,2304.0,4629.0,4629.0,4631.0,2300.0,2300.0,2301.0,2311.0,2311.0,2312.0
0.0,13901.0,6943.0,6934.0,6901.0,6943.0,2314.0,2314.0,2315.0,2311.0,2311.0,2312.0,2314.0,2314.0,2315.0,4633.0,4633.0,4635.0,2314.0,2314.0,2315.0,2311.0,2311.0,2312.0
0.0,13859.0,6919.0,6937.0,6943.0,6928.0,2309.0,2309.0,2310.0,2312.0,2312.0,2313.0,2306.0,2306.0,2307.0,4619.0,4619.0,4621.0,2309.0,2309.0,2310.0,2312.0,2312.0,2313.0
0.0,13883.0,7105.0,6943.0,6928.0,7123.0,2374.0,2374.0,2375.0,2314.0,2314.0,2315.0,2368.0,2368.0,2369.0,4627.0,4627.0,4629.0,2374.0,2374.0,2375.0,2314.0,2314.0,2315.0
0.0,13706.0,7054.0,6949.0,7123.0,7072.0,2357.0,2357.0,2358.0,2316.0,2316.0,2317.0,2351.0,2351.0,2352.0,4568.0,4568.0,4570.0,2357.0,2357.0,2358.0,2316.0,2316.0,2317.0
0.0,13775.0,7087.0,6955.0,7072.0,7105.0,2368.0,2368.0,2369.0,2318.0,2318.0,2319.0,2362.0,2362.0,2363.0,4591.0,4591.0,4593.0,2368.0,2368.0,2369.0,2318.0,2318.0,2319.0
0.0,13760.0,6862.0,6952.0,7105.0,6853.0,2284.0,2284.0,2285.0,2317.0,2317.0,2318.0,2287.0,2287.0,2288.0,4586.0,4586.0,4588.0,2284.0,2284.0,2285.0,2317.0,2317.0,2318.0
0.0,14003.0,6874.0,6949.0,6853.0,6865.0,2288.0,2288.0,2289.0,2316.0,2316.0,2317.0,2291.0,2291.0,2292.0,4667.0,4667.0,4669.0,2288.0,2288.0,2289.0,2316.0,2316.0,2317.0
0.0,13982.0,6766.0,6943.0,6865.0,6748.0,2249.0,2249.0,2250.0,2314.0,2314.0,2315.0,2255.0,2255.0,2256.0,4660.0,4660.0,4662.0,2249.0,2249.0,2250.0,2314.0,2314.0,2315.0
0.0,14081.0,6964.0,6946.0,6748.0,6973.0,2324.0,2324.0,2325.0,2315.0,2315.0,2316.0,2321.0,2321.0,2322.0,4693.0,4693.0,4695.0,2324.0,2324.0,2325.0,2315.0,2315.0,2316.0
0.0,13865.0,7093.0,6952.0,6973.0,7111.0,2370.0,2370.0,2371.0,2317.0,2317.0,2318.0,2364.0,2364.0,2365.0,4621.0,4621.0,4623.0,2370.0,2370.0,2371.0,2317.0,2317.0,2318.0
0.0,13745.0,7087.0,6958.0,7111.0,7105.0,2368.0,2368.0,2369.0,2319.0,2319.0,2320.0,2362.0,2362.0,2363.0,4581.0,4581.0,4583.0,2368.0,2368.0,2369.0,2319.0,2319.0,2320.0
0.0,13769.0,7102.0,6958.0,7105.0,7102.0,2367.0,2367.0,2368.0,2319.0,2319.0,2320.0,2367.0,2367.0,2368.0,4589.0,4589.0,4591.0,2367.0,2367.0,2368.0,2319.0,2319.0,2320.0
0.0,13772.0,7027.0,6958.0,7102.0,7027.0,2342.0,2342.0,2343.0,2319.0,2319.0,2320.0,2342.0,2342.0,2343.0,4590.0,4590.0,4592.0,2342.0,2342.0,2343.0,2319.0,2319.0,2320.0
0.0,13847.0,6916.0,6955.0,7027.0,6907.0,2302.0,2302.0,2303.0,2318.0,2318.0,2319.0,2305.0,2305.0,2306.0,4615.0,4615.0,4617.0,2302.0,2302.0,2303.0,2318.0,2318.0,2319.0
0.0,13958.0,6934.0,6952.0,6907.0,6925.0,2308.0,2308.0,2309.0,2317.0,2317.0,2318.0,2311.0,2311.0,2312.0,4652.0,4652.0,4654.0,2308.0,2308.0,2309.0,2317.0,2317.0,2318.0
0.0,13931.0,7132.0,6955.0,6925.0,7141.0,2380.0,2380.0,2381.0,2318.0,2318.0,2319.0,2377.0,2377.0,2378.0,4643.0,4643.0,4645.0,2380.0,2380.0,2381.0,2318.0,2318.0,2319.0
0.0,13724.0,7090.0,6964.0,7141.0,7117.0,2372.0,2372.0,2373.0,2321.0,2321.0,2322.0,2363.0,2363.0,2364.0,4574.0,4574.0,4576.0,2372.0,2372.0,2373.0,2321.0,2321.0,2322.0
0.0,13775.0,7051.0,6970.0,7117.0,7069.0,2356.0,2356.0,2357.0,2323.0,2323.0,2324.0,2350.0,2350.0,2351.0,4591.0,4591.0,4593.0,2356.0,2356.0,2357.0,2323.0,2323.0,2324.0
0.0,13841.0,7063.0,6973.0,7069.0,7072.0,2357.0,2357.0,2358.0,2324.0,2324.0,2325.0,2354.0,2354.0,2355.0,4613.0,4613.0,4615.0,2357.0,2357.0,2358.0,2324.0,2324.0,2325.0
0.0,13847.0,6928.0,6976.0,7072.0,6937.0,2312.0,2312.0,2313.0,2325.0,2325.0,2326.0,2309.0,2309.0,2310.0,4615.0,4615.0,4617.0,2312.0,2312.0,2313.0,2325.0,2325.0,2326.0
0.0,13991.0,6898.0,6970.0,6937.0,6880.0,2293.0,2293.0,2294.0,2323.0,2323.0,2324.0,2299.0,2299.0,2300.0,4663.0,4663.0,4665.0,2293.0,2293.0,2294.0,2323.0,2323.0,2324.0
0.0,14030.0,6844.0,6967.0,6880.0,6835.0,2278.0,2278.0,2279.0,2322.0,2322.0,2323.0,2281.0,2281.0,2282.0,4676.0,4676.0,4678.0,2278.0,2278.0,2279.0,2322.0,2322.0,2323.0
0.0,14066.0,6940.0,6970.0,6835.0,6949.0,2316.0,2316.0,2317.0,2323.0,2323.0,2324.0,2313.0,2313.0,2314.0,4688.0,4688.0,4690.0,2316.0,2316.0,2317.0,2323.0,2323.0,2324.0
0.0,13961.0,7042.0,6973.0,6949.0,7051.0,2350.0,2350.0,2351.0,2324.0,2324.0,2325.0,2347.0,2347.0,2348.0,4653.0,4653.0,4655.0,2350.0,2350.0,2351.0,2324.0,2324.0,2325.0
0.0,13868.0,7171.0,6979.0,7051.0,7189.0,2396.0,2396.0,2397.0,2326.0,2326.0,2327.0,2390.0,2390.0,2391.0,4622.0,4622.0,4624.0,2396.0,2396.0,2397.0,2326.0,2326.0,2327.0
0.0,13748.0,7003.0,6982.0,7189.0,7012.0,2337.0,2337.0,2338.0,2327.0,2327.0,2328.0,2334.0,2334.0,2335.0,4582.0,4582.0,4584.0,2337.0,2337.0,2338.0,2327.0,2327.0,2328.0
0.0,13934.0,6808.0,6976.0,7012.0,6790.0,2263.0,2263.0,2264.0,2325.0,2325.0,2326.0,2269.0,2269.0,2270.0,4644.0,4644.0,4646.0,2263.0,2263.0,2264.0,2325.0,2325.0,2326.0
0.0,14138.0,6901.0,6976.0,6790.0,6901.0,2300.0,2300.0,2301.0,2325.0,2325.0,2326.0,2300.0,2300.0,2301.0,4712.0,4712.0,4714.0,2300.0,2300.0,2301.0,2325.0,2325.0,2326.0
0.0,14027.0,6994.0,6974.0,6901.0,6988.0,2328.0,2328.0,2332.0,2324.0,2324.0,2326.0,2331.0,2331.0,2332.0,4675.0,4675.0,4677.0,2328.0,2328.0,2332.0,2324.0,2324.0,2326.0
0.0,13934.0,6994.0,6979.0,6988.0,7009.0,2337.0,2337.0,2335.0,2326.0,2326.0,2327.0,2331.0,2331.0,2332.0,4644.0,4644.0,4646.0,2337.0,2337.0,2335.0,2326.0,2326.0,2327.0
0.0,13928.0,7060.0,6982.0,7009.0,7069.0,2356.0,2356.0,2357.0,2327.0,2327.0,2328.0,2353.0,2353.0,2354.0,4641.0,4641.0,4646.0,2356.0,2356.0,2357.0,2327.0,2327.0,2328.0
0.0,13877.0,7147.0,6988.0,7069.0,7165.0,2388.0,2388.0,2389.0,2329.0,2329.0,2330.0,2382.0,2382.0,2383.0,4625.0,4625.0,4627.0,2388.0,2388.0,2389.0,2329.0,2329.0,2330.0
0.0,13799.0,7108.0,6988.0,7165.0,7108.0,2369.0,2369.0,2370.0,2329.0,2329.0,2330.0,2369.0,2369.0,2370.0,4599.0,4599.0,4601.0,2369.0,2369.0,2370.0,2329.0,2329.0,2330.0
0.0,13856.0,6943.0,6988.0,7108.0,6943.0,2314.0,2314.0,2315.0,2329.0,2329.0,2330.0,2314.0,2314.0,2315.0,4618.0,4618.0,4620.0,2314.0,2314.0,2315.0,2329.0,2329.0,2330.0
0.0,14021.0,6916.0,6985.0,6943.0,6907.0,2302.0,2302.0,2303.0,2328.0,2328.0,2329.0,2305.0,2305.0,2306.0,4673.0,4673.0,4675.0,2302.0,2302.0,2303.0,2328.0,2328.0,2329.0
0.0,14048.0,6847.0,6979.0,6907.0,6829.0,2276.0,2276.0,2277.0,2326.0,2326.0,2327.0,2282.0,2282.0,2283.0,4682.0,4682.0,4684.0,2276.0,2276.0,2277.0,2326.0,2326.0,2327.0
0.0,14108.0,7036.0,6982.0,6829.0,7045.0,2348.0,2348.0,2349.0,2327.0,2327.0,2328.0,2345.0,2345.0,2346.0,4702.0,4702.0,4704.0,2348.0,2348.0,2349.0,2327.0,2327.0,2328.0
0.0,13901.0,7150.0,6991.0,7045.0,7177.0,2392.0,2392.0,2393.0,2330.0,2330.0,2331.0,2383.0,2383.0,2384.0,4633.0,4633.0,4635.0,2392.0,2392.0,2393.0,2330.0,2330.0,2331.0
0.0,13796.0,7249.0,6997.0,7177.0,7267.0,2422.0,2422.0,2423.0,2332.0,2332.0,2333.0,2416.0,2416.0,2417.0,4598.0,4598.0,4600.0,2422.0,2422.0,2423.0,2332.0,2332.0,2333.0
0.0,13724.0,7150.0,7000.0,7267.0,7159.0,2386.0,2386.0,2387.0,2333.0,2333.0,2334.0,2383.0,2383.0,2384.0,4574.0,4574.0,4576.0,2386.0,2386.0,2387.0,2333.0,2333.0,2334.0
0.0,13841.0,6907.0,6997.0,7159.0,6898.0,2299.0,2299.0,2300.0,2332.0,2332.0,2333.0,2302.0,2302.0,2303.0,4613.0,4613.0,4615.0,2299.0,2299.0,2300.0,2332.0,2332.0,2333.0
0.0,14093.0,7012.0,6997.0,6898.0,7012.0,2337.0,2337.0,2338.0,2332.0,2332.0,2333.0,2337.0,2337.0,2338.0,4697.0,4697.0,4699.0,2337.0,2337.0,2338.0,2332.0,2332.0,2333.0
0.0,13979.0,6862.0,6994.0,7012.0,6853.0,2284.0,2284.0,2285.0,2331.0,2331.0,2332.0,2287.0,2287.0,2288.0,4659.0,4659.0,4661.0,2284.0,2284.0,2285.0,2331.0,2331.0,2332.0
0.0,14129.0,7126.0,6997.0,6853.0,7135.0,2378.0,2378.0,2379.0,2332.0,2332.0,2333.0,2375.0,2375.0,2376.0,4709.0,4709.0,4711.0,2378.0,2378.0,2379.0,2332.0,2332.0,2333.0
0.0,13856.0,7105.0,7003.0,7135.0,7123.0,2374.0,2374.0,2375.0,2334.0,2334.0,2335.0,2368.0,2368.0,2369.0,4618.0,4618.0,4620.0,2374.0,2374.0,2375.0,2334.0,2334.0,2335.0
0.0,13886.0,7219.0,7009.0,7123.0,7237.0,2412.0,2412.0,2413.0,2336.0,2336.0,2337.0,2406.0,2406.0,2407.0,4628.0,4628.0,4630.0,2412.0,2412.0,2413.0,2336.0,2336.0,2337.0
0.0,13790.0,6970.0,7009.0,7237.0,6970.0,2323.0,2323.0,2324.0,2336.0,2336.0,2337.0,2323.0,2323.0,2324.0,4596.0,4596.0,4598.0,2323.0,2323.0,2324.0,2336.0,2336.0,2337.0
0.0,14057.0,6919.0,7009.0,6970.0,6919.0,2306.0,2306.0,2307.0,2336.0,2336.0,2337.0,2306.0,2306.0,2307.0,4685.0,4685.0,4687.0,2306.0,2306.0,2307.0,2336.0,2336.0,2337.0
0.0,14108.0,7042.0,7006.0,6919.0,7033.0,2344.0,2344.0,2345.0,2335.0,2335.0,2336.0,2347.0,2347.0,2348.0,4702.0,4702.0,4704.0,2344.0,2344.0,2345.0,2335.0,2335.0,2336.0
0.0,13985.0,6955.0,7003.0,7033.0,6946.0,2315.0,2315.0,2316.0,2334.0,2334.0,2335.0,2318.0,2318.0,2319.0,4661.0,4661.0,4663.0,2315.0,2315.0,2316.0,2334.0,2334.0,2335.0
0.0,14063.0,7045.0,7006.0,6946.0,7054.0,2351.0,2351.0,2352.0,2335.0,2335.0,2336.0,2348.0,2348.0,2349.0,4687.0,4687.0,4689.0,2351.0,2351.0,2352.0,2335.0,2335.0,2336.0
0.0,13964.0,7171.0,7009.0,7054.0,7180.0,2393.0,2393.0,2394.0,2336.0,2336.0,2337.0,2390.0,2390.0,2391.0,4654.0,4654.0,4656.0,2393.0,2393.0,2394.0,2336.0,2336.0,2337.0
0.0,13847.0,7084.0,7012.0,7180.0,7093.0,2364.0,2364.0,2365.0,2337.0,2337.0,2338.0,2361.0,2361.0,2362.0,4615.0,4615.0,4617.0,2364.0,2364.0,2365.0,2337.0,2337.0,2338.0
0.0,13943.0,7099.0,7015.0,7093.0,7108.0,2369.0,2369.0,2370.0,2338.0,2338.0,2339.0,2366.0,2366.0,2367.0,4647.0,4647.0,4649.0,2369.0,2369.0,2370.0,2338.0,2338.0,2339.0
0.0,13937.0,7102.0,7015.0,7108.0,7102.0,2367.0,2367.0,2368.0,2338.0,2338.0,2339.0,2367.0,2367.0,2368.0,4645.0,4645.0,4647.0,2367.0,2367.0,2368.0,2338.0,2338.0,2339.0
0.0,13943.0,6925.0,7015.0,7102.0,6925.0,2308.0,2308.0,2309.0,2338.0,2338.0,2339.0,2308.0,2308.0,2309.0,4647.0,4647.0,4649.0,2308.0,2308.0,2309.0,2338.0,2338.0,2339.0
0.0,14120.0,6976.0,7012.0,6925.0,6967.0,2322.0,2322.0,2323.0,2337.0,2337.0,2338.0,2325.0,2325.0,2326.0,4706.0,4706.0,4708.0,2322.0,2322.0,2323.0,2337.0,2337.0,2338.0
0.0,14069.0,7018.0,7015.0,6967.0,7027.0,2342.0,2342.0,2343.0,2338.0,2338.0,2339.0,2339.0,2339.0,2340.0,4689.0,4689.0,4691.0,2342.0,2342.0,2343.0,2338.0,2338.0,2339.0
0.0,14018.0,7162.0,7021.0,7027.0,7180.0,2393.0,2393.0,2394.0,2340.0,2340.0,2341.0,2387.0,2387.0,2388.0,4672.0,4672.0,4674.0,2393.0,2393.0,2394.0,2340.0,2340.0,2341.0
0.0,13883.0,7123.0,7027.0,7180.0,7141.0,2380.0,2380.0,2381.0,2342.0,2342.0,2343.0,2374.0,2374.0,2375.0,4627.0,4627.0,4629.0,2380.0,2380.0,2381.0,2342.0,2342.0,2343.0
0.0,13940.0,7222.0,7033.0,7141.0,7240.0,2413.0,2413.0,2414.0,2344.0,2344.0,2345.0,2407.0,2407.0,2408.0,4646.0,4646.0,4648.0,2413.0,2413.0,2414.0,2344.0,2344.0,2345.0
0.0,13859.0,6979.0,7030.0,7240.0,6970.0,2323.0,2323.0,2324.0,2343.0,2343.0,2344.0,2326.0,2326.0,2327.0,4619.0,4619.0,4621.0,2323.0,2323.0,2324.0,2343.0,2343.0,2344.0
0.0,14120.0,7018.0,7030.0,6970.0,7018.0,2339.0,2339.0,2340.0,2343.0,2343.0,2344.0,2339.0,2339.0,2340.0,4706.0,4706.0,4708.0,2339.0,2339.0,2340.0,2343.0,2343.0,2344.0
0.0,14072.0,6976.0,7027.0,7018.0,6967.0,2322.0,2322.0,2323.0,2342.0,2342.0,2343.0,2325.0,2325.0,2326.0,4690.0,4690.0,4692.0,2322.0,2322.0,2323.0,2342.0,2342.0,2343.0
0.0,14114.0,7021.0,7027.0,6967.0,7021.0,2340.0,2340.0,2341.0,2342.0,2342.0,2343.0,2340.0,2340.0,2341.0,4704.0,4704.0,4706.0,2340.0,2340.0,2341.0,2342.0,2342.0,2343.0
0.0,14060.0,7126.0,7030.0,7021.0,7135.0,2378.0,2378.0,2379.0,2343.0,2343.0,2344.0,2375.0,2375.0,2376.0,4686.0,4686.0,4688.0,2378.0,2378.0,2379.0,2343.0,2343.0,2344.0
0.0,13955.0,7255.0,7036.0,7135.0,7273.0,2424.0,2424.0,2425.0,2345.0,2345.0,2346.0,2418.0,2418.0,2419.0,4651.0,4651.0,4653.0,2424.0,2424.0,2425.0,2345.0,2345.0,2346.0
0.0,13835.0,7177.0,7036.0,7273.0,7177.0,2392.0,2392.0,2393.0,2345.0,2345.0,2346.0,2392.0,2392.0,2393.0,4611.0,4611.0,4613.0,2392.0,2392.0,2393.0,2345.0,2345.0,2346.0
0.0,13931.0,6898.0,7033.0,7177.0,6889.0,2296.0,2296.0,2297.0,2344.0,2344.0,2345.0,2299.0,2299.0,2300.0,4643.0,4643.0,4645.0,2296.0,2296.0,2297.0,2344.0,2344.0,2345.0
0.0,14210.0,7012.0,7033.0,6889.0,7012.0,2337.0,2337.0,2338.0,2344.0,2344.0,2345.0,2337.0,2337.0,2338.0,4736.0,4736.0,4738.0,2337.0,2337.0,2338.0,2344.0,2344.0,2345.0
0.0,14087.0,7051.0,7033.0,7012.0,7051.0,2350.0,2350.0,2351.0,2344.0,2344.0,2345.0,2350.0,2350.0,2351.0,4695.0,4695.0,4697.0,2350.0,2350.0,2351.0,2344.0,2344.0,2345.0
0.0,14048.0,7057.0,7036.0,7051.0,7066.0,2355.0,2355.0,2356.0,2345.0,2345.0,2346.0,2352.0,2352.0,2353.0,4682.0,4682.0,4684.0,2355.0,2355.0,2356.0,2345.0,2345.0,2346.0
0.0,14042.0,7183.0,7039.0,7066.0,7192.0,2397.0,2397.0,2398.0,2346.0,2346.0,2347.0,2394.0,2394.0,2395.0,4680.0,4680.0,4682.0,2397.0,2397.0,2398.0,2346.0,2346.0,2347.0
0.0,13925.0,7171.0,7048.0,7192.0,7198.0,2399.0,2399.0,2400.0,2349.0,2349.0,2350.0,2390.0,2390.0,2391.0,4641.0,4641.0,4643.0,2399.0,2399.0,2400.0,2349.0,2349.0,2350.0
0.0,13946.0,7048.0,7048.0,7198.0,7048.0,2349.0,2349.0,2350.0,2349.0,2349.0,2350.0,2349.0,2349.0,2350.0,4648.0,4648.0,4650.0,2349.0,2349.0,2350.0,2349.0,2349.0,2350.0
0.0,14096.0,7045.0,7048.0,7048.0,7045.0,2348.0,2348.0,2349.0,2349.0,2349.0,2350.0,2348.0,2348.0,2349.0,4698.0,4698.0,4700.0,2348.0,2348.0,2349.0,2349.0,2349.0,2350.0
0.0,14099.0,6973.0,7045.0,7045.0,6964.0,2321.0,2321.0,2322.0,2348.0,2348.0,2349.0,2324.0,2324.0,2325.0,4699.0,4699.0,4701.0,2321.0,2321.0,2322.0,2348.0,2348.0,2349.0
0.0,14171.0,6988.0,7045.0,6964.0,6988.0,2329.0,2329.0,2330.0,2348.0,2348.0,2349.0,2329.0,2329.0,2330.0,4723.0,4723.0,4725.0,2329.0,2329.0,2330.0,2348.0,2348.0,2349.0
0.0,14147.0,7093.0,7051.0,6988.0,7111.0,2370.0,2370.0,2371.0,2350.0,2350.0,2351.0,2364.0,2364.0,2365.0,4715.0,4715.0,4717.0,2370.0,2370.0,2371.0,2350.0,2350.0,2351.0
0.0,14042.0,7174.0,7054.0,7111.0,7183.0,2394.0,2394.0,2395.0,2351.0,2351.0,2352.0,2391.0,2391.0,2392.0,4680.0,4680.0,4682.0,2394.0,2394.0,2395.0,2351.0,2351.0,2352.0
0.0,13979.0,7258.0,7060.0,7183.0,7276.0,2425.0,2425.0,2426.0,2353.0,2353.0,2354.0,2419.0,2419.0,2420.0,4659.0,4659.0,4661.0,2425.0,2425.0,2426.0,2353.0,2353.0,2354.0
0.0,13904.0,7060.0,7063.0,7276.0,7069.0,2356.0,2356.0,2357.0,2354.0,2354.0,2355.0,2353.0,2353.0,2354.0,4634.0,4634.0,4636.0,2356.0,2356.0,2357.0,2354.0,2354.0,2355.0
0.0,14120.0,7084.0,7063.0,7069.0,7084.0,2361.0,2361.0,2362.0,2354.0,2354.0,2355.0,2361.0,2361.0,2362.0,4706.0,4706.0,4708.0,2361.0,2361.0,2362.0,2354.0,2354.0,2355.0
0.0,14105.0,7072.0,7060.0,7084.0,7063.0,2354.0,2354.0,2355.0,2353.0,2353.0,2354.0,2357.0,2357.0,2358.0,4701.0,4701.0,4703.0,2354.0,2354.0,2355.0,2353.0,2353.0,2354.0
0.0,14117.0,7054.0,7060.0,7063.0,7054.0,2351.0,2351.0,2352.0,2353.0,2353.0,2354.0,2351.0,2351.0,2352.0,4705.0,4705.0,4707.0,2351.0,2351.0,2352.0,2353.0,2353.0,2354.0
0.0,14126.0,7060.0,7063.0,7054.0,7069.0,2356.0,2356.0,2357.0,2354.0,2354.0,2355.0,2353.0,2353.0,2354.0,4708.0,4708.0,4710.0,2356.0,2356.0,2357.0,2354.0,2354.0,2355.0
0.0,14120.0,7222.0,7069.0,7069.0,7240.0,2413.0,2413.0,2414.0,2356.0,2356.0,2357.0,2407.0,2407.0,2408.0,4706.0,4706.0,4708.0,2413.0,2413.0,2414.0,2356.0,2356.0,2357.0
0.0,13967.0,7234.0,7075.0,7240.0,7252.0,2417.0,2417.0,2418.0,2358.0,2358.0,2359.0,2411.0,2411.0,2412.0,4655.0,4655.0,4657.0,2417.0,2417.0,2418.0,2358.0,2358.0,2359.0
0.0,13973.0,7150.0,7078.0,7252.0,7159.0,2386.0,2386.0,2387.0,2359.0,2359.0,2360.0,2383.0,2383.0,2384.0,4657.0,4657.0,4659.0,2386.0,2386.0,2387.0,2359.0,2359.0,2360.0
0.0,14075.0,7051.0,7075.0,7159.0,7042.0,2347.0,2347.0,2348.0,2358.0,2358.0,2359.0,2350.0,2350.0,2351.0,4691.0,4691.0,4693.0,2347.0,2347.0,2348.0,2358.0,2358.0,2359.0
0.0,14183.0,7024.0,7072.0,7042.0,7015.0,2338.0,2338.0,2339.0,2357.0,2357.0,2358.0,2341.0,2341.0,2342.0,4727.0,4727.0,4729.0,2338.0,2338.0,2339.0,2357.0,2357.0,2358.0
0.0,14201.0,6967.0,7069.0,7015.0,6958.0,2319.0,2319.0,2320.0,2356.0,2356.0,2357.0,2322.0,2322.0,2323.0,4733.0,4733.0,4735.0,2319.0,2319.0,2320.0,2356.0,2356.0,2357.0
0.0,14249.0,7060.0,7072.0,6958.0,7069.0,2356.0,2356.0,2357.0,2357.0,2357.0,2358.0,2353.0,2353.0,2354.0,4749.0,4749.0,4751.0,2356.0,2356.0,2357.0,2357.0,2357.0,2358.0
0.0,14147.0,7267.0,7075.0,7069.0,7276.0,2425.0,2425.0,2426.0,2358.0,2358.0,2359.0,2422.0,2422.0,2423.0,4715.0,4715.0,4717.0,2425.0,2425.0,2426.0,2358.0,2358.0,2359.0
0.0,13949.0,7462.0,7087.0,7276.0,7498.0,2499.0,2499.0,2500.0,2362.0,2362.0,2363.0,2487.0,2487.0,2488.0,4649.0,4649.0,4651.0,2499.0,2499.0,2500.0,2362.0,2362.0,2363.0
0.0,13763.0,7147.0,7087.0,7498.0,7147.0,2382.0,2382.0,2383.0,2362.0,2362.0,2363.0,2382.0,2382.0,2383.0,4587.0,4587.0,4589.0,2382.0,2382.0,2383.0,2362.0,2362.0,2363.0
0.0,14114.0,7090.0,7087.0,7147.0,7090.0,2363.0,2363.0,2364.0,2362.0,2362.0,2363.0,2363.0,2363.0,2364.0,4704.0,4704.0,4706.0,2363.0,2363.0,2364.0,2362.0,2362.0,2363.0
0.0,14171.0,7099.0,7084.0,7090.0,7090.0,2363.0,2363.0,2364.0,2361.0,2361.0,2362.0,2366.0,2366.0,2367.0,4723.0,4723.0,4725.0,2363.0,2363.0,2364.0,2361.0,2361.0,2362.0
0.0,14162.0,6973.0,7084.0,7090.0,6973.0,2324.0,2324.0,2325.0,2361.0,2361.0,2362.0,2324.0,2324.0,2325.0,4720.0,4720.0,4722.0,2324.0,2324.0,2325.0,2361.0,2361.0,2362.0
0.0,14279.0,7105.0,7090.0,6973.0,7123.0,2374.0,2374.0,2375.0,2363.0,2363.0,2364.0,2368.0,2368.0,2369.0,4759.0,4759.0,4761.0,2374.0,2374.0,2375.0,2363.0,2363.0,2364.0
0.0,14147.0,7195.0,7093.0,7123.0,7204.0,2401.0,2401.0,2402.0,2364.0,2364.0,2365.0,2398.0,2398.0,2399.0,4715.0,4715.0,4717.0,2401.0,2401.0,2402.0,2364.0,2364.0,2365.0
0.0,14075.0,7186.0,7096.0,7204.0,7195.0,2398.0,2398.0,2399.0,2365.0,2365.0,2366.0,2395.0,2395.0,2396.0,4691.0,4691.0,4693.0,2398.0,2398.0,2399.0,2365.0,2365.0,2366.0
0.0,14093.0,7138.0,7099.0,7195.0,7147.0,2382.0,2382.0,2383.0,2366.0,2366.0,2367.0,2379.0,2379.0,2380.0,4697.0,4697.0,4699.0,2382.0,2382.0,2383.0,2366.0,2366.0,2367.0
0.0,14150.0,7072.0,7096.0,7147.0,7063.0,2354.0,2354.0,2355.0,2365.0,2365.0,2366.0,2357.0,2357.0,2358.0,4716.0,4716.0,4718.0,2354.0,2354.0,2355.0,2365.0,2365.0,2366.0
0.0,14225.0,6880.0,7093.0,7063.0,6871.0,2290.0,2290.0,2291.0,2364.0,2364.0,2365.0,2293.0,2293.0,2294.0,4741.0,4741.0,4743.0,2290.0,2290.0,2291.0,2364.0,2364.0,2365.0
0.0,14408.0,7048.0,7090.0,6871.0,7039.0,2346.0,2346.0,2347.0,2363.0,2363.0,2364.0,2349.0,2349.0,2350.0,4802.0,4802.0,4804.0,2346.0,2346.0,2347.0,2363.0,2363.0,2364.0
0.0,14231.0,7195.0,7093.0,7039.0,7204.0,2401.0,2401.0,2402.0,2364.0,2364.0,2365.0,2398.0,2398.0,2399.0,4743.0,4743.0,4745.0,2401.0,2401.0,2402.0,2364.0,2364.0,2365.0
0.0,14075.0,7279.0,7099.0,7204.0,7297.0,2432.0,2432.0,2433.0,2366.0,2366.0,2367.0,2426.0,2426.0,2427.0,4691.0,4691.0,4693.0,2432.0,2432.0,2433.0,2366.0,2366.0,2367.0
0.0,14000.0,7303.0,7105.0,7297.0,7321.0,2440.0,2440.0,2441.0,2368.0,2368.0,2369.0,2434.0,2434.0,2435.0,4666.0,4666.0,4668.0,2440.0,2440.0,2441.0,2368.0,2368.0,2369.0
0.0,13994.0,7192.0,7108.0,7321.0,7201.0,2400.0,2400.0,2401.0,2369.0,2369.0,2370.0,2397.0,2397.0,2398.0,4664.0,4664.0,4666.0,2400.0,2400.0,2401.0,2369.0,2369.0,2370.0
0.0,14123.0,6808.0,7102.0,7201.0,6790.0,2263.0,2263.0,2264.0,2367.0,2367.0,2368.0,2269.0,2269.0,2270.0,4707.0,4707.0,4709.0,2263.0,2263.0,2264.0,2367.0,2367.0,2368.0
0.0,14516.0,6913.0,7099.0,6790.0,6904.0,2301.0,2301.0,2302.0,2366.0,2366.0,2367.0,2304.0,2304.0,2305.0,4838.0,4838.0,4840.0,2301.0,2301.0,2302.0,2366.0,2366.0,2367.0
0.0,14393.0,7060.0,7096.0,6904.0,7051.0,2350.0,2350.0,2351.0,2365.0,2365.0,2366.0,2353.0,2353.0,2354.0,4797.0,4797.0,4799.0,2350.0,2350.0,2351.0,2365.0,2365.0,2366.0
0.0,14237.0,7195.0,7099.0,7051.0,7204.0,2401.0,2401.0,2402.0,2366.0,2366.0,2367.0,2398.0,2398.0,2399.0,4745.0,4745.0,4747.0,2401.0,2401.0,2402.0,2366.0,2366.0,2367.0
0.0,14093.0,7213.0,7102.0,7204.0,7222.0,2407.0,2407.0,2408.0,2367.0,2367.0,2368.0,2404.0,2404.0,2405.0,4697.0,4697.0,4699.0,2407.0,2407.0,2408.0,2367.0,2367.0,2368.0
0.0,14084.0,7273.0,7108.0,7222.0,7291.0,2430.0,2430.0,2431.0,2369.0,2369.0,2370.0,2424.0,2424.0,2425.0,4694.0,4694.0,4696.0,2430.0,2430.0,2431.0,2369.0,2369.0,2370.0
0.0,14033.0,7237.0,7114.0,7291.0,7255.0,2418.0,2418.0,2419.0,2371.0,2371.0,2372.0,2412.0,2412.0,2413.0,4677.0,4677.0,4679.0,2418.0,2418.0,2419.0,2371.0,2371.0,2372.0
0.0,14087.0,7078.0,7111.0,7255.0,7069.0,2356.0,2356.0,2357.0,2370.0,2370.0,2371.0,2359.0,2359.0,2360.0,4695.0,4695.0,4697.0,2356.0,2356.0,2357.0,2370.0,2370.0,2371.0
0.0,14264.0,6901.0,7105.0,7069.0,6883.0,2294.0,2294.0,2295.0,2368.0,2368.0,2369.0,2300.0,2300.0,2301.0,4754.0,4754.0,4756.0,2294.0,2294.0,2295.0,2368.0,2368.0,2369.0
0.0,14432.0,7057.0,7102.0,6883.0,7048.0,2349.0,2349.0,2350.0,2367.0,2367.0,2368.0,2352.0,2352.0,2353.0,4810.0,4810.0,4812.0,2349.0,2349.0,2350.0,2367.0,2367.0,2368.0
0.0,14258.0,7120.0,7108.0,7048.0,7138.0,2379.0,2379.0,2380.0,2369.0,2369.0,2370.0,2373.0,2373.0,2374.0,4752.0,4752.0,4754.0,2379.0,2379.0,2380.0,2369.0,2369.0,2370.0
0.0,14186.0,7288.0,7114.0,7138.0,7306.0,2435.0,2435.0,2436.0,2371.0,2371.0,2372.0,2429.0,2429.0,2430.0,4728.0,4728.0,4730.0,2435.0,2435.0,2436.0,2371.0,2371.0,2372.0
0.0,14036.0,7420.0,7120.0,7306.0,7438.0,2479.0,2479.0,2480.0,2373.0,2373.0,2374.0,2473.0,2473.0,2474.0,4678.0,4678.0,4680.0,2479.0,2479.0,2480.0,2373.0,2373.0,2374.0
0.0,13922.0,7237.0,7123.0,7438.0,7246.0,2415.0,2415.0,2416.0,2374.0,2374.0,2375.0,2412.0,2412.0,2413.0,4640.0,4640.0,4642.0,2415.0,2415.0,2416.0,2374.0,2374.0,2375.0
0.0,14123.0,7081.0,7120.0,7246.0,7072.0,2357.0,2357.0,2358.0,2373.0,2373.0,2374.0,2360.0,2360.0,2361.0,4707.0,4707.0,4709.0,2357.0,2357.0,2358.0,2373.0,2373.0,2374.0
0.0,14288.0,7069.0,7120.0,7072.0,7069.0,2356.0,2356.0,2357.0,2373.0,2373.0,2374.0,2356.0,2356.0,2357.0,4762.0,4762.0,4764.0,2356.0,2356.0,2357.0,2373.0,2373.0,2374.0
0.0,14291.0,6925.0,7117.0,7069.0,6916.0,2305.0,2305.0,2306.0,2372.0,2372.0,2373.0,2308.0,2308.0,2309.0,4763.0,4763.0,4765.0,2305.0,2305.0,2306.0,2372.0,2372.0,2373.0
0.0,14435.0,7156.0,7120.0,6916.0,7165.0,2388.0,2388.0,2389.0,2373.0,2373.0,2374.0,2385.0,2385.0,2386.0,4811.0,4811.0,4813.0,2388.0,2388.0,2389.0,2373.0,2373.0,2374.0
0.0,14195.0,7384.0,7126.0,7165.0,7402.0,2467.0,2467.0,2468.0,2375.0,2375.0,2376.0,2461.0,2461.0,2462.0,4731.0,4731.0,4733.0,2467.0,2467.0,2468.0,2375.0,2375.0,2376.0
0.0,13976.0,7268.0,7132.0,7402.0,7286.0,2428.0,2428.0,2430.0,2377.0,2377.0,2378.0,2422.0,2422.0,2424.0,4658.0,4658.0,4660.0,2428.0,2428.0,2430.0,2377.0,2377.0,2378.0
0.0,14110.0,7309.0,7135.0,7286.0,7318.0,2439.0,2439.0,2440.0,2378.0,2378.0,2379.0,2436.0,2436.0,2437.0,4703.0,4703.0,4704.0,2439.0,2439.0,2440.0,2378.0,2378.0,2379.0
0.0,14087.0,7144.0,7135.0,7318.0,7144.0,2381.0,2381.0,2382.0,2378.0,2378.0,2379.0,2381.0,2381.0,2382.0,4695.0,4695.0,4697.0,2381.0,2381.0,2382.0,2378.0,2378.0,2379.0
0.0,14261.0,7120.0,7132.0,7144.0,7111.0,2370.0,2370.0,2371.0,2377.0,2377.0,2378.0,2373.0,2373.0,2374.0,4753.0,4753.0,4755.0,2370.0,2370.0,2371.0,2377.0,2377.0,2378.0
0.0,14285.0,7033.0,7132.0,7111.0,7033.0,2344.0,2344.0,2345.0,2377.0,2377.0,2378.0,2344.0,2344.0,2345.0,4761.0,4761.0,4763.0,2344.0,2344.0,2345.0,2377.0,2377.0,2378.0
0.0,14363.0,7147.0,7135.0,7033.0,7156.0,2385.0,2385.0,2386.0,2378.0,2378.0,2379.0,2382.0,2382.0,2383.0,4787.0,4787.0,4789.0,2385.0,2385.0,2386.0,2378.0,2378.0,2379.0
0.0,14249.0,7159.0,7135.0,7156.0,7159.0,2386.0,2386.0,2387.0,2378.0,2378.0,2379.0,2386.0,2386.0,2387.0,4749.0,4749.0,4751.0,2386.0,2386.0,2387.0,2378.0,2378.0,2379.0
0.0,14246.0,7369.0,7141.0,7159.0,7387.0,2462.0,2462.0,2463.0,2380.0,2380.0,2381.0,2456.0,2456.0,2457.0,4748.0,4748.0,4750.0,2462.0,2462.0,2463.0,2380.0,2380.0,2381.0
0.0,14036.0,7210.0,7144.0,7387.0,7219.0,2406.0,2406.0,2407.0,2381.0,2381.0,2382.0,2403.0,2403.0,2404.0,4678.0,4678.0,4680.0,2406.0,2406.0,2407.0,2381.0,2381.0,2382.0
0.0,14213.0,7162.0,7144.0,7219.0,7162.0,2387.0,2387.0,2388.0,2381.0,2381.0,2382.0,2387.0,2387.0,2388.0,4737.0,4737.0,4739.0,2387.0,2387.0,2388.0,2381.0,2381.0,2382.0
0.0,14270.0,7105.0,7141.0,7162.0,7096.0,2365.0,2365.0,2366.0,2380.0,2380.0,2381.0,2368.0,2368.0,2369.0,4756.0,4756.0,4758.0,2365.0,2365.0,2366.0,2380.0,2380.0,2381.0
0.0,14327.0,7027.0,7138.0,7096.0,7018.0,2339.0,2339.0,2340.0,2379.0,2379.0,2380.0,2342.0,2342.0,2343.0,4775.0,4775.0,4777.0,2339.0,2339.0,2340.0,2379.0,2379.0,2380.0
0.0,14396.0,7273.0,7144.0,7018.0,7291.0,2430.0,2430.0,2431.0,2381.0,2381.0,2382.0,2424.0,2424.0,2425.0,4798.0,4798.0,4800.0,2430.0,2430.0,2431.0,2381.0,2381.0,2382.0
0.0,14141.0,7321.0,7148.0,7291.0,7333.0,2443.0,2443.0,2447.0,2382.0,2382.0,2384.0,2440.0,2440.0,2441.0,4713.0,4713.0,4715.0,2443.0,2443.0,2447.0,2382.0,2382.0,2384.0
0.0,14111.0,7363.0,7156.0,7333.0,7387.0,2463.0,2463.0,2461.0,2385.0,2385.0,2386.0,2454.0,2454.0,2455.0,4703.0,4703.0,4705.0,2463.0,2463.0,2461.0,2385.0,2385.0,2386.0
0.0,14081.0,7186.0,7159.0,7387.0,7195.0,2398.0,2398.0,2399.0,2386.0,2386.0,2387.0,2395.0,2395.0,2396.0,4692.0,4692.0,4697.0,2398.0,2398.0,2399.0,2386.0,2386.0,2387.0
0.0,14282.0,7114.0,7156.0,7195.0,7105.0,2368.0,2368.0,2369.0,2385.0,2385.0,2386.0,2371.0,2371.0,2372.0,4760.0,4760.0,4762.0,2368.0,2368.0,2369.0,2385.0,2385.0,2386.0
0.0,14363.0,7198.0,7150.0,7105.0,7180.0,2393.0,2393.0,2394.0,2383.0,2383.0,2384.0,2399.0,2399.0,2400.0,4787.0,4787.0,4789.0,2393.0,2393.0,2394.0,2383.0,2383.0,2384.0
0.0,14270.0,7042.0,7148.0,7180.0,7036.0,2344.0,2344.0,2348.0,2382.0,2382.0,2384.0,2347.0,2347.0,2348.0,4756.0,4756.0,4758.0,2344.0,2344.0,2348.0,2382.0,2382.0,2384.0
0.0,14408.0,7210.0,7150.0,7036.0,7216.0,2406.0,2406.0,2404.0,2383.0,2383.0,2384.0,2403.0,2403.0,2404.0,4802.0,4802.0,4804.0,2406.0,2406.0,2404.0,2383.0,2383.0,2384.0
0.0,14234.0,7321.0,7156.0,7216.0,7339.0,2446.0,2446.0,2447.0,2385.0,2385.0,2386.0,2440.0,2440.0,2441.0,4743.0,4743.0,4748.0,2446.0,2446.0,2447.0,2385.0,2385.0,2386.0
0.0,14129.0,7411.0,7162.0,7339.0,7429.0,2476.0,2476.0,2477.0,2387.0,2387.0,2388.0,2470.0,2470.0,2471.0,4709.0,4709.0,4711.0,2476.0,2476.0,2477.0,2387.0,2387.0,2388.0
0.0,14057.0,7201.0,7165.0,7429.0,7210.0,2403.0,2403.0,2404.0,2388.0,2388.0,2389.0,2400.0,2400.0,2401.0,4685.0,4685.0,4687.0,2403.0,2403.0,2404.0,2388.0,2388.0,2389.0
0.0,14285.0,7204.0,7165.0,7210.0,7204.0,2401.0,2401.0,2402.0,2388.0,2388.0,2389.0,2401.0,2401.0,2402.0,4761.0,4761.0,4763.0,2401.0,2401.0,2402.0,2388.0,2388.0,2389.0
0.0,14291.0,7015.0,7162.0,7204.0,7006.0,2335.0,2335.0,2336.0,2387.0,2387.0,2388.0,2338.0,2338.0,2339.0,4763.0,4763.0,4765.0,2335.0,2335.0,2336.0,2387.0,2387.0,2388.0
0.0,14480.0,7165.0,7162.0,7006.0,7165.0,2388.0,2388.0,2389.0,2387.0,2387.0,2388.0,2388.0,2388.0,2389.0,4826.0,4826.0,4828.0,2388.0,2388.0,2389.0,2387.0,2387.0,2388.0
0.0,14321.0,7111.0,7162.0,7165.0,7111.0,2370.0,2370.0,2371.0,2387.0,2387.0,2388.0,2370.0,2370.0,2371.0,4773.0,4773.0,4775.0,2370.0,2370.0,2371.0,2387.0,2387.0,2388.0
0.0,14375.0,7255.0,7171.0,7111.0,7282.0,2427.0,2427.0,2428.0,2390.0,2390.0,2391.0,2418.0,2418.0,2419.0,4791.0,4791.0,4793.0,2427.0,2427.0,2428.0,2390.0,2390.0,2391.0
0.0,14231.0,7385.0,7177.0,7282.0,7403.0,2467.0,2467.0,2469.0,2392.0,2392.0,2393.0,2461.0,2461.0,2463.0,4743.0,4743.0,4745.0,2467.0,2467.0,2469.0,2392.0,2392.0,2393.0
0.0,14128.0,7177.0,7177.0,7403.0,7177.0,2392.0,2392.0,2393.0,2392.0,2392.0,2393.0,2392.0,2392.0,2393.0,4709.0,4709.0,4710.0,2392.0,2392.0,2393.0,2392.0,2392.0,2393.0
0.0,14354.0,7147.0,7174.0,7177.0,7138.0,2379.0,2379.0,2380.0,2391.0,2391.0,2392.0,2382.0,2382.0,2383.0,4784.0,4784.0,4786.0,2379.0,2379.0,2380.0,2391.0,2391.0,2392.0
0.0,14384.0,7171.0,7171.0,7138.0,7162.0,2387.0,2387.0,2388.0,2390.0,2390.0,2391.0,2390.0,2390.0,2391.0,4794.0,4794.0,4796.0,2387.0,2387.0,2388.0,2390.0,2390.0,2391.0
0.0,14351.0,7117.0,7171.0,7162.0,7117.0,2372.0,2372.0,2373.0,2390.0,2390.0,2391.0,2372.0,2372.0,2373.0,4783.0,4783.0,4785.0,2372.0,2372.0,2373.0,2390.0,2390.0,2391.0
0.0,14396.0,7135.0,7177.0,7117.0,7153.0,2384.0,2384.0,2385.0,2392.0,2392.0,2393.0,2378.0,2378.0,2379.0,4798.0,4798.0,4800.0,2384.0,2384.0,2385.0,2392.0,2392.0,2393.0
0.0,14378.0,7285.0,7183.0,7153.0,7303.0,2434.0,2434.0,2435.0,2394.0,2394.0,2395.0,2428.0,2428.0,2429.0,4792.0,4792.0,4794.0,2434.0,2434.0,2435.0,2394.0,2394.0,2395.0
0.0,14246.0,7387.0,7189.0,7303.0,7405.0,2468.0,2468.0,2469.0,2396.0,2396.0,2397.0,2462.0,2462.0,2463.0,4748.0,4748.0,4750.0,2468.0,2468.0,2469.0,2396.0,2396.0,2397.0
0.0,14162.0,7258.0,7192.0,7405.0,7267.0,2422.0,2422.0,2423.0,2397.0,2397.0,2398.0,2419.0,2419.0,2420.0,4720.0,4720.0,4722.0,2422.0,2422.0,2423.0,2397.0,2397.0,2398.0
0.0,14309.0,7273.0,7192.0,7267.0,7273.0,2424.0,2424.0,2425.0,2397.0,2397.0,2398.0,2424.0,2424.0,2425.0,4769.0,4769.0,4771.0,2424.0,2424.0,2425.0,2397.0,2397.0,2398.0
0.0,14303.0,7222.0,7192.0,7273.0,7222.0,2407.0,2407.0,2408.0,2397.0,2397.0,2398.0,2407.0,2407.0,2408.0,4767.0,4767.0,4769.0,2407.0,2407.0,2408.0,2397.0,2397.0,2398.0
0.0,14354.0,7072.0,7189.0,7222.0,7063.0,2354.0,2354.0,2355.0,2396.0,2396.0,2397.0,2357.0,2357.0,2358.0,4784.0,4784.0,4786.0,2354.0,2354.0,2355.0,2396.0,2396.0,2397.0
0.0,14504.0,7243.0,7192.0,7063.0,7252.0,2417.0,2417.0,2418.0,2397.0,2397.0,2398.0,2414.0,2414.0,2415.0,4834.0,4834.0,4836.0,2417.0,2417.0,2418.0,2397.0,2397.0,2398.0
0.0,14324.0,7333.0,7201.0,7252.0,7360.0,2453.0,2453.0,2454.0,2400.0,2400.0,2401.0,2444.0,2444.0,2445.0,4774.0,4774.0,4776.0,2453.0,2453.0,2454.0,2400.0,2400.0,2401.0
0.0,14243.0,7399.0,7207.0,7360.0,7417.0,2472.0,2472.0,2473.0,2402.0,2402.0,2403.0,2466.0,2466.0,2467.0,4747.0,4747.0,4749.0,2472.0,2472.0,2473.0,2402.0,2402.0,2403.0
0.0,14204.0,7228.0,7207.0,7417.0,7228.0,2409.0,2409.0,2410.0,2402.0,2402.0,2403.0,2409.0,2409.0,2410.0,4734.0,4734.0,4736.0,2409.0,2409.0,2410.0,2402.0,2402.0,2403.0
0.0,14393.0,7120.0,7204.0,7228.0,7111.0,2370.0,2370.0,2371.0,2401.0,2401.0,2402.0,2373.0,2373.0,2374.0,4797.0,4797.0,4799.0,2370.0,2370.0,2371.0,2401.0,2401.0,2402.0
0.0,14501.0,7036.0,7198.0,7111.0,7018.0,2339.0,2339.0,2340.0,2399.0,2399.0,2400.0,2345.0,2345.0,2346.0,4833.0,4833.0,4835.0,2339.0,2339.0,2340.0,2399.0,2399.0,2400.0
0.0,14576.0,7000.0,7192.0,7018.0,6982.0,2327.0,2327.0,2328.0,2397.0,2397.0,2398.0,2333.0,2333.0,2334.0,4858.0,4858.0,4860.0,2327.0,2327.0,2328.0,2397.0,2397.0,2398.0
0.0,14594.0,7231.0,7195.0,6982.0,7240.0,2413.0,2413.0,2414.0,2398.0,2398.0,2399.0,2410.0,2410.0,2411.0,4864.0,4864.0,4866.0,2413.0,2413.0,2414.0,2398.0,2398.0,2399.0
0.0,14345.0,7462.0,7204.0,7240.0,7489.0,2496.0,2496.0,2497.0,2401.0,2401.0,2402.0,2487.0,2487.0,2488.0,4781.0,4781.0,4783.0,2496.0,2496.0,2497.0,2401.0,2401.0,2402.0
0.0,14123.0,7375.0,7213.0,7489.0,7402.0,2467.0,2467.0,2468.0,2404.0,2404.0,2405.0,2458.0,2458.0,2459.0,4707.0,4707.0,4709.0,2467.0,2467.0,2468.0,2404.0,2404.0,2405.0
0.0,14237.0,7315.0,7216.0,7402.0,7324.0,2441.0,2441.0,2442.0,2405.0,2405.0,2406.0,2438.0,2438.0,2439.0,4745.0,4745.0,4747.0,2441.0,2441.0,2442.0,2405.0,2405.0,2406.0
0.0,14324.0,7123.0,7210.0,7324.0,7105.0,2368.0,2368.0,2369.0,2403.0,2403.0,2404.0,2374.0,2374.0,2375.0,4774.0,4774.0,4776.0,2368.0,2368.0,2369.0,2403.0,2403.0,2404.0
0.0,14525.0,6991.0,7204.0,7105.0,6973.0,2324.0,2324.0,2325.0,2401.0,2401.0,2402.0,2330.0,2330.0,2331.0,4841.0,4841.0,4843.0,2324.0,2324.0,2325.0,2401.0,2401.0,2402.0
0.0,14639.0,7147.0,7201.0,6973.0,7138.0,2379.0,2379.0,2380.0,2400.0,2400.0,2401.0,2382.0,2382.0,2383.0,4879.0,4879.0,4881.0,2379.0,2379.0,2380.0,2400.0,2400.0,2401.0
0.0,14465.0,7243.0,7204.0,7138.0,7252.0,2417.0,2417.0,2418.0,2401.0,2401.0,2402.0,2414.0,2414.0,2415.0,4821.0,4821.0,4823.0,2417.0,2417.0,2418.0,2401.0,2401.0,2402.0
0.0,14360.0,7322.0,7207.0,7252.0,7331.0,2443.0,2443.0,2445.0,2402.0,2402.0,2403.0,2440.0,2440.0,2442.0,4786.0,4786.0,4788.0,2443.0,2443.0,2445.0,2402.0,2402.0,2403.0
0.0,14290.0,7402.0,7216.0,7331.0,7429.0,2476.0,2476.0,2477.0,2405.0,2405.0,2406.0,2467.0,2467.0,2468.0,4763.0,4763.0,4764.0,2476.0,2476.0,2477.0,2405.0,2405.0,2406.0
0.0,14219.0,7297.0,7219.0,7429.0,7306.0,2435.0,2435.0,2436.0,2406.0,2406.0,2407.0,2432.0,2432.0,2433.0,4739.0,4739.0,4741.0,2435.0,2435.0,2436.0,2406.0,2406.0,2407.0
0.0,14351.0,7114.0,7216.0,7306.0,7105.0,2368.0,2368.0,2369.0,2405.0,2405.0,2406.0,2371.0,2371.0,2372.0,4783.0,4783.0,4785.0,2368.0,2368.0,2369.0,2405.0,2405.0,2406.0
0.0,14543.0,7153.0,7213.0,7105.0,7144.0,2381.0,2381.0,2382.0,2404.0,2404.0,2405.0,2384.0,2384.0,2385.0,4847.0,4847.0,4849.0,2381.0,2381.0,2382.0,2404.0,2404.0,2405.0
0.0,14495.0,7090.0,7210.0,7144.0,7081.0,2360.0,2360.0,2361.0,2403.0,2403.0,2404.0,2363.0,2363.0,2364.0,4831.0,4831.0,4833.0,2360.0,2360.0,2361.0,2403.0,2403.0,2404.0
0.0,14549.0,7159.0,7210.0,7081.0,7159.0,2386.0,2386.0,2387.0,2403.0,2403.0,2404.0,2386.0,2386.0,2387.0,4849.0,4849.0,4851.0,2386.0,2386.0,2387.0,2403.0,2403.0,2404.0
0.0,14471.0,7399.0,7216.0,7159.0,7417.0,2472.0,2472.0,2473.0,2405.0,2405.0,2406.0,2466.0,2466.0,2467.0,4823.0,4823.0,4825.0,2472.0,2472.0,2473.0,2405.0,2405.0,2406.0
0.0,14231.0,7486.0,7225.0,7417.0,7513.0,2504.0,2504.0,2505.0,2408.0,2408.0,2409.0,2495.0,2495.0,2496.0,4743.0,4743.0,4745.0,2504.0,2504.0,2505.0,2408.0,2408.0,2409.0
0.0,14162.0,7180.0,7222.0,7513.0,7171.0,2390.0,2390.0,2391.0,2407.0,2407.0,2408.0,2393.0,2393.0,2394.0,4720.0,4720.0,4722.0,2390.0,2390.0,2391.0,2407.0,2407.0,2408.0
0.0,14495.0,7315.0,7222.0,7171.0,7315.0,2438.0,2438.0,2439.0,2407.0,2407.0,2408.0,2438.0,2438.0,2439.0,4831.0,4831.0,4833.0,2438.0,2438.0,2439.0,2407.0,2407.0,2408.0
0.0,14351.0,6985.0,7216.0,7315.0,6967.0,2322.0,2322.0,2323.0,2405.0,2405.0,2406.0,2328.0,2328.0,2329.0,4783.0,4783.0,4785.0,2322.0,2322.0,2323.0,2405.0,2405.0,2406.0
0.0,14681.0,7225.0,7216.0,6967.0,7225.0,2408.0,2408.0,2409.0,2405.0,2405.0,2406.0,2408.0,2408.0,2409.0,4893.0,4893.0,4895.0,2408.0,2408.0,2409.0,2405.0,2405.0,2406.0
0.0,14423.0,7222.0,7219.0,7225.0,7231.0,2410.0,2410.0,2411.0,2406.0,2406.0,2407.0,2407.0,2407.0,2408.0,4807.0,4807.0,4809.0,2410.0,2410.0,2411.0,2406.0,2406.0,2407.0
0.0,14426.0,7366.0,7222.0,7231.0,7375.0,2458.0,2458.0,2459.0,2407.0,2407.0,2408.0,2455.0,2455.0,2456.0,4808.0,4808.0,4810.0,2458.0,2458.0,2459.0,2407.0,2407.0,2408.0
0.0,14291.0,7385.0,7228.0,7375.0,7403.0,2467.0,2467.0,2469.0,2409.0,2409.0,2410.0,2461.0,2461.0,2463.0,4763.0,4763.0,4765.0,2467.0,2467.0,2469.0,2409.0,2409.0,2410.0
0.0,14281.0,7306.0,7231.0,7403.0,7315.0,2438.0,2438.0,2439.0,2410.0,2410.0,2411.0,2435.0,2435.0,2436.0,4760.0,4760.0,4761.0,2438.0,2438.0,2439.0,2410.0,2410.0,2411.0
0.0,14378.0,7174.0,7228.0,7315.0,7165.0,2388.0,2388.0,2389.0,2409.0,2409.0,2410.0,2391.0,2391.0,2392.0,4792.0,4792.0,4794.0,2388.0,2388.0,2389.0,2409.0,2409.0,2410.0
0.0,14519.0,7084.0,7222.0,7165.0,7066.0,2355.0,2355.0,2356.0,2407.0,2407.0,2408.0,2361.0,2361.0,2362.0,4839.0,4839.0,4841.0,2355.0,2355.0,2356.0,2407.0,2407.0,2408.0
0.0,14600.0,7120.0,7219.0,7066.0,7111.0,2370.0,2370.0,2371.0,2406.0,2406.0,2407.0,2373.0,2373.0,2374.0,4866.0,4866.0,4868.0,2370.0,2370.0,2371.0,2406.0,2406.0,2407.0
0.0,14546.0,7226.0,7219.0,7111.0,7226.0,2408.0,2408.0,2410.0,2406.0,2406.0,2407.0,2408.0,2408.0,2410.0,4848.0,4848.0,4850.0,2408.0,2408.0,2410.0,2406.0,2406.0,2407.0
0.0,14431.0,7247.0,7225.0,7226.0,7265.0,2421.0,2421.0,2423.0,2408.0,2408.0,2409.0,2415.0,2415.0,2417.0,4810.0,4810.0,4811.0,2421.0,2421.0,2423.0,2408.0,2408.0,2409.0
0.0,14410.0,7414.0,7228.0,7265.0,7423.0,2474.0,2474.0,2475.0,2409.0,2409.0,2410.0,2471.0,2471.0,2472.0,4803.0,4803.0,4804.0,2474.0,2474.0,2475.0,2409.0,2409.0,2410.0
0.0,14261.0,7280.0,7232.0,7423.0,7292.0,2429.0,2429.0,2434.0,2410.0,2410.0,2412.0,2426.0,2426.0,2428.0,4753.0,4753.0,4755.0,2429.0,2429.0,2434.0,2410.0,2410.0,2412.0
0.0,14404.0,7135.0,7231.0,7292.0,7132.0,2378.0,2378.0,2376.0,2410.0,2410.0,2411.0,2378.0,2378.0,2379.0,4801.0,4801.0,4802.0,2378.0,2378.0,2376.0,2410.0,2410.0,2411.0
0.0,14561.0,7288.0,7228.0,7132.0,7279.0,2426.0,2426.0,2427.0,2409.0,2409.0,2410.0,2429.0,2429.0,2430.0,4852.0,4852.0,4857.0,2426.0,2426.0,2427.0,2409.0,2409.0,2410.0
0.0,14405.0,7090.0,7226.0,7279.0,7084.0,2360.0,2360.0,2364.0,2408.0,2408.0,2410.0,2363.0,2363.0,2364.0,4801.0,4801.0,4803.0,2360.0,2360.0,2364.0,2408.0,2408.0,2410.0
0.0,14594.0,7360.0,7231.0,7084.0,7375.0,2459.0,2459.0,2457.0,2410.0,2410.0,2411.0,2453.0,2453.0,2454.0,4864.0,4864.0,4866.0,2459.0,2459.0,2457.0,2410.0,2410.0,2411.0
0.0,14318.0,7216.0,7231.0,7375.0,7216.0,2405.0,2405.0,2406.0,2410.0,2410.0,2411.0,2405.0,2405.0,2406.0,4771.0,4771.0,4776.0,2405.0,2405.0,2406.0,2410.0,2410.0,2411.0
0.0,14477.0,7459.0,7237.0,7216.0,7477.0,2492.0,2492.0,2493.0,2412.0,2412.0,2413.0,2486.0,2486.0,2487.0,4825.0,4825.0,4827.0,2492.0,2492.0,2493.0,2412.0,2412.0,2413.0
0.0,14234.0,7246.0,7240.0,7477.0,7255.0,2418.0,2418.0,2419.0,2413.0,2413.0,2414.0,2415.0,2415.0,2416.0,4744.0,4744.0,4746.0,2418.0,2418.0,2419.0,2413.0,2413.0,2414.0
0.0,14465.0,7219.0,7240.0,7255.0,7219.0,2406.0,2406.0,2407.0,2413.0,2413.0,2414.0,2406.0,2406.0,2407.0,4821.0,4821.0,4823.0,2406.0,2406.0,2407.0,2413.0,2413.0,2414.0
0.0,14501.0,7039.0,7231.0,7219.0,7012.0,2337.0,2337.0,2338.0,2410.0,2410.0,2411.0,2346.0,2346.0,2347.0,4833.0,4833.0,4835.0,2337.0,2337.0,2338.0,2410.0,2410.0,2411.0
0.0,14681.0,7231.0,7231.0,7012.0,7231.0,2410.0,2410.0,2411.0,2410.0,2410.0,2411.0,2410.0,2410.0,2411.0,4893.0,4893.0,4895.0,2410.0,2410.0,2411.0,2410.0,2410.0,2411.0
0.0,14462.0,7210.0,7231.0,7231.0,7210.0,2403.0,2403.0,2404.0,2410.0,2410.0,2411.0,2403.0,2403.0,2404.0,4820.0,4820.0,4822.0,2403.0,2403.0,2404.0,2410.0,2410.0,2411.0
0.0,14483.0,7396.0,7234.0,7210.0,7405.0,2468.0,2468.0,2469.0,2411.0,2411.0,2412.0,2465.0,2465.0,2466.0,4827.0,4827.0,4829.0,2468.0,2468.0,2469.0,2411.0,2411.0,2412.0
0.0,14297.0,7552.0,7243.0,7405.0,7579.0,2526.0,2526.0,2527.0,2414.0,2414.0,2415.0,2517.0,2517.0,2518.0,4765.0,4765.0,4767.0,2526.0,2526.0,2527.0,2414.0,2414.0,2415.0
0.0,14150.0,7357.0,7246.0,7579.0,7366.0,2455.0,2455.0,2456.0,2415.0,2415.0,2416.0,2452.0,2452.0,2453.0,4716.0,4716.0,4718.0,2455.0,2455.0,2456.0,2415.0,2415.0,2416.0
0.0,14372.0,7357.0,7246.0,7366.0,7357.0,2452.0,2452.0,2453.0,2415.0,2415.0,2416.0,2452.0,2452.0,2453.0,4790.0,4790.0,4792.0,2452.0,2452.0,2453.0,2415.0,2415.0,2416.0
0.0,14381.0,7141.0,7240.0,7357.0,7123.0,2374.0,2374.0,2375.0,2413.0,2413.0,2414.0,2380.0,2380.0,2381.0,4793.0,4793.0,4795.0,2374.0,2374.0,2375.0,2413.0,2413.0,2414.0
0.0,14597.0,7213.0,7240.0,7123.0,7213.0,2404.0,2404.0,2405.0,2413.0,2413.0,2414.0,2404.0,2404.0,2405.0,4865.0,4865.0,4867.0,2404.0,2404.0,2405.0,2413.0,2413.0,2414.0
0.0,14507.0,7270.0,7243.0,7213.0,7279.0,2426.0,2426.0,2427.0,2414.0,2414.0,2415.0,2423.0,2423.0,2424.0,4835.0,4835.0,4837.0,2426.0,2426.0,2427.0,2414.0,2414.0,2415.0
0.0,14450.0,7270.0,7249.0,7279.0,7288.0,2429.0,2429.0,2430.0,2416.0,2416.0,2417.0,2423.0,2423.0,2424.0,4816.0,4816.0,4818.0,2429.0,2429.0,2430.0,2416.0,2416.0,2417.0
0.0,14459.0,7348.0,7255.0,7288.0,7366.0,2455.0,2455.0,2456.0,2418.0,2418.0,2419.0,2449.0,2449.0,2450.0,4819.0,4819.0,4821.0,2455.0,2455.0,2456.0,2418.0,2418.0,2419.0
0.0,14399.0,7372.0,7258.0,7366.0,7381.0,2460.0,2460.0,2461.0,2419.0,2419.0,2420.0,2457.0,2457.0,2458.0,4799.0,4799.0,4801.0,2460.0,2460.0,2461.0,2419.0,2419.0,2420.0
0.0,14393.0,7267.0,7253.0,7381.0,7252.0,2416.0,2416.0,2420.0,2417.0,2417.0,2419.0,2422.0,2422.0,2423.0,4797.0,4797.0,4799.0,2416.0,2416.0,2420.0,2417.0,2417.0,2419.0
0.0,14507.0,7210.0,7250.0,7252.0,7201.0,2400.0,2400.0,2401.0,2416.0,2416.0,2418.0,2403.0,2403.0,2404.0,4835.0,4835.0,4837.0,2400.0,2400.0,2401.0,2416.0,2416.0,2418.0
0.0,14549.0,7159.0,7246.0,7201.0,7147.0,2383.0,2383.0,2381.0,2415.0,2415.0,2416.0,2386.0,2386.0,2387.0,4848.0,4848.0,4853.0,2383.0,2383.0,2381.0,2415.0,2415.0,2416.0
0.0,14591.0,7228.0,7249.0,7147.0,7237.0,2412.0,2412.0,2413.0,2416.0,2416.0,2417.0,2409.0,2409.0,2410.0,4862.0,4862.0,4867.0,2412.0,2412.0,2413.0,2416.0,2416.0,2417.0
0.0,14510.0,7450.0,7258.0,7237.0,7477.0,2492.0,2492.0,2493.0,2419.0,2419.0,2420.0,2483.0,2483.0,2484.0,4836.0,4836.0,4838.0,2492.0,2492.0,2493.0,2419.0,2419.0,2420.0
0.0,14297.0,7357.0,7261.0,7477.0,7366.0,2455.0,2455.0,2456.0,2420.0,2420.0,2421.0,2452.0,2452.0,2453.0,4765.0,4765.0,4767.0,2455.0,2455.0,2456.0,2420.0,2420.0,2421.0
0.0,14417.0,7360.0,7264.0,7366.0,7369.0,2456.0,2456.0,2457.0,2421.0,2421.0,2422.0,2453.0,2453.0,2454.0,4805.0,4805.0,4807.0,2456.0,2456.0,2457.0,2421.0,2421.0,2422.0
0.0,14423.0,7246.0,7264.0,7369.0,7246.0,2415.0,2415.0,2416.0,2421.0,2421.0,2422.0,2415.0,2415.0,2416.0,4807.0,4807.0,4809.0,2415.0,2415.0,2416.0,2421.0,2421.0,2422.0
0.0,14546.0,7240.0,7261.0,7246.0,7231.0,2410.0,2410.0,2411.0,2420.0,2420.0,2421.0,2413.0,2413.0,2414.0,4848.0,4848.0,4850.0,2410.0,2410.0,2411.0,2420.0,2420.0,2421.0
0.0,14552.0,7315.0,7261.0,7231.0,7315.0,2438.0,2438.0,2439.0,2420.0,2420.0,2421.0,2438.0,2438.0,2439.0,4850.0,4850.0,4852.0,2438.0,2438.0,2439.0,2420.0,2420.0,2421.0
0.0,14468.0,7273.0,7264.0,7315.0,7282.0,2427.0,2427.0,2428.0,2421.0,2421.0,2422.0,2424.0,2424.0,2425.0,4822.0,4822.0,4824.0,2427.0,2427.0,2428.0,2421.0,2421.0,2422.0
0.0,14510.0,7426.0,7268.0,7282.0,7438.0,2478.0,2478.0,2482.0,2422.0,2422.0,2424.0,2475.0,2475.0,2476.0,4836.0,4836.0,4838.0,2478.0,2478.0,2482.0,2422.0,2422.0,2424.0
0.0,14366.0,7558.0,7277.0,7438.0,7585.0,2528.0,2528.0,2529.0,2425.0,2425.0,2427.0,2519.0,2519.0,2520.0,4788.0,4788.0,4790.0,2528.0,2528.0,2529.0,2425.0,2425.0,2427.0
0.0,14246.0,7333.0,7282.0,7585.0,7348.0,2450.0,2450.0,2448.0,2427.0,2427.0,2428.0,2444.0,2444.0,2445.0,4747.0,4747.0,4752.0,2450.0,2450.0,2448.0,2427.0,2427.0,2428.0
0.0,14498.0,7108.0,7276.0,7348.0,7090.0,2363.0,2363.0,2364.0,2425.0,2425.0,2426.0,2369.0,2369.0,2370.0,4831.0,4831.0,4836.0,2363.0,2363.0,2364.0,2425.0,2425.0,2426.0
0.0,14738.0,7234.0,7270.0,7090.0,7216.0,2405.0,2405.0,2406.0,2423.0,2423.0,2424.0,2411.0,2411.0,2412.0,4912.0,4912.0,4914.0,2405.0,2405.0,2406.0,2423.0,2423.0,2424.0
0.0,14594.0,7099.0,7270.0,7216.0,7099.0,2366.0,2366.0,2367.0,2423.0,2423.0,2424.0,2366.0,2366.0,2367.0,4864.0,4864.0,4866.0,2366.0,2366.0,2367.0,2423.0,2423.0,2424.0
0.0,14711.0,7258.0,7267.0,7099.0,7249.0,2416.0,2416.0,2417.0,2422.0,2422.0,2423.0,2419.0,2419.0,2420.0,4903.0,4903.0,4905.0,2416.0,2416.0,2417.0,2422.0,2422.0,2423.0
0.0,14552.0,7522.0,7279.0,7249.0,7558.0,2519.0,2519.0,2520.0,2426.0,2426.0,2427.0,2507.0,2507.0,2508.0,4850.0,4850.0,4852.0,2519.0,2519.0,2520.0,2426.0,2426.0,2427.0
0.0,14279.0,7456.0,7282.0,7558.0,7465.0,2488.0,2488.0,2489.0,2427.0,2427.0,2428.0,2485.0,2485.0,2486.0,4759.0,4759.0,4761.0,2488.0,2488.0,2489.0,2427.0,2427.0,2428.0
0.0,14381.0,7426.0,7286.0,7465.0,7438.0,2478.0,2478.0,2482.0,2428.0,2428.0,2430.0,2475.0,2475.0,2476.0,4793.0,4793.0,4795.0,2478.0,2478.0,2482.0,2428.0,2428.0,2430.0
0.0,14420.0,7360.0,7286.0,7438.0,7360.0,2453.0,2453.0,2454.0,2428.0,2428.0,2430.0,2453.0,2453.0,2454.0,4806.0,4806.0,4808.0,2453.0,2453.0,2454.0,2428.0,2428.0,2430.0
0.0,14498.0,7336.0,7285.0,7360.0,7333.0,2445.0,2445.0,2443.0,2428.0,2428.0,2429.0,2445.0,2445.0,2446.0,4831.0,4831.0,4836.0,2445.0,2445.0,2443.0,2428.0,2428.0,2429.0
0.0,14522.0,7255.0,7285.0,7333.0,7255.0,2418.0,2418.0,2419.0,2428.0,2428.0,2429.0,2418.0,2418.0,2419.0,4839.0,4839.0,4844.0,2418.0,2418.0,2419.0,2428.0,2428.0,2429.0
0.0,14600.0,7312.0,7288.0,7255.0,7321.0,2440.0,2440.0,2441.0,2429.0,2429.0,2430.0,2437.0,2437.0,2438.0,4866.0,4866.0,4868.0,2440.0,2440.0,2441.0,2429.0,2429.0,2430.0
0.0,14543.0,7441.0,7294.0,7321.0,7459.0,2486.0,2486.0,2487.0,2431.0,2431.0,2432.0,2480.0,2480.0,2481.0,4847.0,4847.0,4849.0,2486.0,2486.0,2487.0,2431.0,2431.0,2432.0
0.0,14423.0,7528.0,7303.0,7459.0,7555.0,2518.0,2518.0,2519.0,2434.0,2434.0,2435.0,2509.0,2509.0,2510.0,4807.0,4807.0,4809.0,2518.0,2518.0,2519.0,2434.0,2434.0,2435.0
0.0,14354.0,7435.0,7306.0,7555.0,7444.0,2481.0,2481.0,2482.0,2435.0,2435.0,2436.0,2478.0,2478.0,2479.0,4784.0,4784.0,4786.0,2481.0,2481.0,2482.0,2435.0,2435.0,2436.0
0.0,14474.0,7213.0,7306.0,7444.0,7213.0,2404.0,2404.0,2405.0,2435.0,2435.0,2436.0,2404.0,2404.0,2405.0,4824.0,4824.0,4826.0,2404.0,2404.0,2405.0,2435.0,2435.0,2436.0
0.0,14705.0,7240.0,7303.0,7213.0,7231.0,2410.0,2410.0,2411.0,2434.0,2434.0,2435.0,2413.0,2413.0,2414.0,4901.0,4901.0,4903.0,2410.0,2410.0,2411.0,2434.0,2434.0,2435.0
0.0,14678.0,7219.0,7300.0,7231.0,7210.0,2403.0,2403.0,2404.0,2433.0,2433.0,2434.0,2406.0,2406.0,2407.0,4892.0,4892.0,4894.0,2403.0,2403.0,2404.0,2433.0,2433.0,2434.0
0.0,14690.0,7366.0,7306.0,7210.0,7384.0,2461.0,2461.0,2462.0,2435.0,2435.0,2436.0,2455.0,2455.0,2456.0,4896.0,4896.0,4898.0,2461.0,2461.0,2462.0,2435.0,2435.0,2436.0
0.0,14534.0,7531.0,7309.0,7384.0,7540.0,2513.0,2513.0,2514.0,2436.0,2436.0,2437.0,2510.0,2510.0,2511.0,4844.0,4844.0,4846.0,2513.0,2513.0,2514.0,2436.0,2436.0,2437.0
0.0,14387.0,7528.0,7318.0,7540.0,7555.0,2518.0,2518.0,2519.0,2439.0,2439.0,2440.0,2509.0,2509.0,2510.0,4795.0,4795.0,4797.0,2518.0,2518.0,2519.0,2439.0,2439.0,2440.0
0.0,14399.0,7480.0,7321.0,7555.0,7489.0,2496.0,2496.0,2497.0,2440.0,2440.0,2441.0,2493.0,2493.0,2494.0,4799.0,4799.0,4801.0,2496.0,2496.0,2497.0,2440.0,2440.0,2441.0
0.0,14474.0,7234.0,7321.0,7489.0,7234.0,2411.0,2411.0,2412.0,2440.0,2440.0,2441.0,2411.0,2411.0,2412.0,4824.0,4824.0,4826.0,2411.0,2411.0,2412.0,2440.0,2440.0,2441.0
0.0,14729.0,7231.0,7315.0,7234.0,7213.0,2404.0,2404.0,2405.0,2438.0,2438.0,2439.0,2410.0,2410.0,2411.0,4909.0,4909.0,4911.0,2404.0,2404.0,2405.0,2438.0,2438.0,2439.0
0.0,14732.0,7369.0,7318.0,7213.0,7378.0,2459.0,2459.0,2460.0,2439.0,2439.0,2440.0,2456.0,2456.0,2457.0,4910.0,4910.0,4912.0,2459.0,2459.0,2460.0,2439.0,2439.0,2440.0
0.0,14576.0,7303.0,7321.0,7378.0,7312.0,2437.0,2437.0,2438.0,2440.0,2440.0,2441.0,2434.0,2434.0,2435.0,4858.0,4858.0,4860.0,2437.0,2437.0,2438.0,2440.0,2440.0,2441.0
0.0,14651.0,7417.0,7327.0,7312.0,7435.0,2478.0,2478.0,2479.0,2442.0,2442.0,2443.0,2472.0,2472.0,2473.0,4883.0,4883.0,4885.0,2478.0,2478.0,2479.0,2442.0,2442.0,2443.0
0.0,14546.0,7624.0,7336.0,7435.0,7651.0,2550.0,2550.0,2551.0,2445.0,2445.0,2446.0,2541.0,2541.0,2542.0,4848.0,4848.0,4850.0,2550.0,2550.0,2551.0,2445.0,2445.0,2446.0
0.0,14357.0,7543.0,7342.0,7651.0,7561.0,2520.0,2520.0,2521.0,2447.0,2447.0,2448.0,2514.0,2514.0,2515.0,4785.0,4785.0,4787.0,2520.0,2520.0,2521.0,2447.0,2447.0,2448.0
0.0,14465.0,7396.0,7342.0,7561.0,7396.0,2465.0,2465.0,2466.0,2447.0,2447.0,2448.0,2465.0,2465.0,2466.0,4821.0,4821.0,4823.0,2465.0,2465.0,2466.0,2447.0,2447.0,2448.0
0.0,14630.0,7312.0,7336.0,7396.0,7294.0,2431.0,2431.0,2432.0,2445.0,2445.0,2446.0,2437.0,2437.0,2438.0,4876.0,4876.0,4878.0,2431.0,2431.0,2432.0,2445.0,2445.0,2446.0
0.0,14714.0,7273.0,7336.0,7294.0,7273.0,2424.0,2424.0,2425.0,2445.0,2445.0,2446.0,2424.0,2424.0,2425.0,4904.0,4904.0,4906.0,2424.0,2424.0,2425.0,2445.0,2445.0,2446.0
0.0,14735.0,7261.0,7333.0,7273.0,7252.0,2417.0,2417.0,2418.0,2444.0,2444.0,2445.0,2420.0,2420.0,2421.0,4911.0,4911.0,4913.0,2417.0,2417.0,2418.0,2444.0,2444.0,2445.0
0.0,14747.0,7474.0,7339.0,7252.0,7492.0,2497.0,2497.0,2498.0,2446.0,2446.0,2447.0,2491.0,2491.0,2492.0,4915.0,4915.0,4917.0,2497.0,2497.0,2498.0,2446.0,2446.0,2447.0
0.0,14525.0,7624.0,7348.0,7492.0,7651.0,2550.0,2550.0,2551.0,2449.0,2449.0,2450.0,2541.0,2541.0,2542.0,4841.0,4841.0,4843.0,2550.0,2550.0,2551.0,2449.0,2449.0,2450.0
0.0,14393.0,7333.0,7348.0,7651.0,7333.0,2444.0,2444.0,2445.0,2449.0,2449.0,2450.0,2444.0,2444.0,2445.0,4797.0,4797.0,4799.0,2444.0,2444.0,2445.0,2449.0,2449.0,2450.0
0.0,14711.0,7189.0,7348.0,7333.0,7189.0,2396.0,2396.0,2397.0,2449.0,2449.0,2450.0,2396.0,2396.0,2397.0,4903.0,4903.0,4905.0,2396.0,2396.0,2397.0,2449.0,2449.0,2450.0
0.0,14855.0,7144.0,7345.0,7189.0,7135.0,2378.0,2378.0,2379.0,2448.0,2448.0,2449.0,2381.0,2381.0,2382.0,4951.0,4951.0,4953.0,2378.0,2378.0,2379.0,2448.0,2448.0,2449.0
0.0,14900.0,7339.0,7342.0,7135.0,7330.0,2443.0,2443.0,2444.0,2447.0,2447.0,2448.0,2446.0,2446.0,2447.0,4966.0,4966.0,4968.0,2443.0,2443.0,2444.0,2447.0,2447.0,2448.0
0.0,14696.0,7387.0,7345.0,7330.0,7396.0,2465.0,2465.0,2466.0,2448.0,2448.0,2449.0,2462.0,2462.0,2463.0,4898.0,4898.0,4900.0,2465.0,2465.0,2466.0,2448.0,2448.0,2449.0
0.0,14639.0,7429.0,7350.0,7396.0,7444.0,2482.0,2482.0,2480.0,2450.0,2450.0,2450.0,2476.0,2476.0,2477.0,4879.0,4879.0,4881.0,2482.0,2482.0,2480.0,2450.0,2450.0,2450.0
0.0,14606.0,7477.0,7357.0,7444.0,7498.0,2498.0,2498.0,2502.0,2452.0,2452.0,2453.0,2492.0,2492.0,2493.0,4868.0,4868.0,4870.0,2498.0,2498.0,2502.0,2452.0,2452.0,2453.0
0.0,14573.0,7435.0,7360.0,7498.0,7444.0,2481.0,2481.0,2482.0,2453.0,2453.0,2454.0,2478.0,2478.0,2479.0,4858.0,4858.0,4857.0,2481.0,2481.0,2482.0,2453.0,2453.0,2454.0
0.0,14636.0,7327.0,7357.0,7444.0,7318.0,2439.0,2439.0,2440.0,2452.0,2452.0,2453.0,2442.0,2442.0,2443.0,4878.0,4878.0,4880.0,2439.0,2439.0,2440.0,2452.0,2452.0,2453.0
0.0,14753.0,7174.0,7354.0,7318.0,7165.0,2388.0,2388.0,2389.0,2451.0,2451.0,2452.0,2391.0,2391.0,2392.0,4917.0,4917.0,4919.0,2388.0,2388.0,2389.0,2451.0,2451.0,2452.0
0.0,14897.0,7339.0,7354.0,7165.0,7339.0,2446.0,2446.0,2447.0,2451.0,2451.0,2452.0,2446.0,2446.0,2447.0,4965.0,4965.0,4967.0,2446.0,2446.0,2447.0,2451.0,2451.0,2452.0
0.0,14723.0,7438.0,7357.0,7339.0,7447.0,2482.0,2482.0,2483.0,2452.0,2452.0,2453.0,2479.0,2479.0,2480.0,4907.0,4907.0,4909.0,2482.0,2482.0,2483.0,2452.0,2452.0,2453.0
0.0,14624.0,7540.0,7363.0,7447.0,7558.0,2519.0,2519.0,2520.0,2454.0,2454.0,2455.0,2513.0,2513.0,2514.0,4874.0,4874.0,4876.0,2519.0,2519.0,2520.0,2454.0,2454.0,2455.0
0.0,14531.0,7630.0,7369.0,7558.0,7648.0,2549.0,2549.0,2550.0,2456.0,2456.0,2457.0,2543.0,2543.0,2544.0,4843.0,4843.0,4845.0,2549.0,2549.0,2550.0,2456.0,2456.0,2457.0
0.0,14459.0,7339.0,7369.0,7648.0,7339.0,2446.0,2446.0,2447.0,2456.0,2456.0,2457.0,2446.0,2446.0,2447.0,4819.0,4819.0,4821.0,2446.0,2446.0,2447.0,2456.0,2456.0,2457.0
0.0,14768.0,7447.0,7370.0,7339.0,7450.0,2482.0,2482.0,2486.0,2456.0,2456.0,2458.0,2482.0,2482.0,2483.0,4922.0,4922.0,4924.0,2482.0,2482.0,2486.0,2456.0,2456.0,2458.0
0.0,14660.0,7345.0,7366.0,7450.0,7333.0,2445.0,2445.0,2443.0,2455.0,2455.0,2456.0,2448.0,2448.0,2449.0,4886.0,4886.0,4888.0,2445.0,2445.0,2443.0,2455.0,2455.0,2456.0
0.0,14765.0,7282.0,7366.0,7333.0,7282.0,2427.0,2427.0,2428.0,2455.0,2455.0,2456.0,2427.0,2427.0,2428.0,4920.0,4920.0,4925.0,2427.0,2427.0,2428.0,2455.0,2455.0,2456.0
0.0,14816.0,7369.0,7369.0,7282.0,7378.0,2459.0,2459.0,2460.0,2456.0,2456.0,2457.0,2456.0,2456.0,2457.0,4938.0,4938.0,4940.0,2459.0,2459.0,2460.0,2456.0,2456.0,2457.0
0.0,14729.0,7510.0,7375.0,7378.0,7528.0,2509.0,2509.0,2510.0,2458.0,2458.0,2459.0,2503.0,2503.0,2504.0,4909.0,4909.0,4911.0,2509.0,2509.0,2510.0,2458.0,2458.0,2459.0
0.0,14597.0,7504.0,7384.0,7528.0,7531.0,2510.0,2510.0,2511.0,2461.0,2461.0,2462.0,2501.0,2501.0,2502.0,4865.0,4865.0,4867.0,2510.0,2510.0,2511.0,2461.0,2461.0,2462.0
0.0,14621.0,7459.0,7387.0,7531.0,7468.0,2489.0,2489.0,2490.0,2462.0,2462.0,2463.0,2486.0,2486.0,2487.0,4873.0,4873.0,4875.0,2489.0,2489.0,2490.0,2462.0,2462.0,2463.0
0.0,14693.0,7375.0,7384.0,7468.0,7366.0,2455.0,2455.0,2456.0,2461.0,2461.0,2462.0,2458.0,2458.0,2459.0,4897.0,4897.0,4899.0,2455.0,2455.0,2456.0,2461.0,2461.0,2462.0
0.0,14786.0,7156.0,7378.0,7366.0,7138.0,2379.0,2379.0,2380.0,2459.0,2459.0,2460.0,2385.0,2385.0,2386.0,4928.0,4928.0,4930.0,2379.0,2379.0,2380.0,2459.0,2459.0,2460.0
0.0,14996.0,7207.0,7375.0,7138.0,7198.0,2399.0,2399.0,2400.0,2458.0,2458.0,2459.0,2402.0,2402.0,2403.0,4998.0,4998.0,5000.0,2399.0,2399.0,2400.0,2458.0,2458.0,2459.0
0.0,14927.0,7441.0,7375.0,7198.0,7441.0,2480.0,2480.0,2481.0,2458.0,2458.0,2459.0,2480.0,2480.0,2481.0,4975.0,4975.0,4977.0,2480.0,2480.0,2481.0,2458.0,2458.0,2459.0
0.0,14684.0,7465.0,7378.0,7441.0,7474.0,2491.0,2491.0,2492.0,2459.0,2459.0,2460.0,2488.0,2488.0,2489.0,4894.0,4894.0,4896.0,2491.0,2491.0,2492.0,2459.0,2459.0,2460.0
0.0,14660.0,7363.0,7381.0,7474.0,7372.0,2457.0,2457.0,2458.0,2460.0,2460.0,2461.0,2454.0,2454.0,2455.0,4886.0,4886.0,4888.0,2457.0,2457.0,2458.0,2460.0,2460.0,2461.0
0.0,14771.0,7354.0,7381.0,7372.0,7354.0,2451.0,2451.0,2452.0,2460.0,2460.0,2461.0,2451.0,2451.0,2452.0,4923.0,4923.0,4925.0,2451.0,2451.0,2452.0,2460.0,2460.0,2461.0
0.0,14789.0,7285.0,7378.0,7354.0,7276.0,2425.0,2425.0,2426.0,2459.0,2459.0,2460.0,2428.0,2428.0,2429.0,4929.0,4929.0,4931.0,2425.0,2425.0,2426.0,2459.0,2459.0,2460.0
0.0,14858.0,7294.0,7375.0,7276.0,7285.0,2428.0,2428.0,2429.0,2458.0,2458.0,2459.0,2431.0,2431.0,2432.0,4952.0,4952.0,4954.0,2428.0,2428.0,2429.0,2458.0,2458.0,2459.0
0.0,14840.0,7216.0,7369.0,7285.0,7198.0,2399.0,2399.0,2400.0,2456.0,2456.0,2457.0,2405.0,2405.0,2406.0,4946.0,4946.0,4948.0,2399.0,2399.0,2400.0,2456.0,2456.0,2457.0
0.0,14909.0,7405.0,7374.0,7198.0,7420.0,2474.0,2474.0,2472.0,2458.0,2458.0,2458.0,2468.0,2468.0,2469.0,4969.0,4969.0,4971.0,2474.0,2474.0,2472.0,2458.0,2458.0,2458.0
0.0,14702.0,7540.0,7378.0,7420.0,7552.0,2516.0,2516.0,2520.0,2459.0,2459.0,2460.0,2513.0,2513.0,2514.0,4900.0,4900.0,4902.0,2516.0,2516.0,2520.0,2459.0,2459.0,2460.0
0.0,14582.0,7520.0,7384.0,7552.0,7538.0,2512.0,2512.0,2514.0,2461.0,2461.0,2462.0,2506.0,2506.0,2508.0,4861.0,4861.0,4860.0,2512.0,2512.0,2514.0,2461.0,2461.0,2462.0
0.0,14614.0,7402.0,7387.0,7538.0,7411.0,2470.0,2470.0,2471.0,2462.0,2462.0,2463.0,2467.0,2467.0,2468.0,4871.0,4871.0,4872.0,2470.0,2470.0,2471.0,2462.0,2462.0,2463.0
0.0,14750.0,7226.0,7381.0,7411.0,7208.0,2402.0,2402.0,2404.0,2460.0,2460.0,2461.0,2408.0,2408.0,2410.0,4916.0,4916.0,4918.0,2402.0,2402.0,2404.0,2460.0,2460.0,2461.0
0.0,14935.0,7243.0,7375.0,7208.0,7225.0,2408.0,2408.0,2409.0,2458.0,2458.0,2459.0,2414.0,2414.0,2415.0,4978.0,4978.0,4979.0,2408.0,2408.0,2409.0,2458.0,2458.0,2459.0
0.0,14900.0,7243.0,7369.0,7225.0,7225.0,2408.0,2408.0,2409.0,2456.0,2456.0,2457.0,2414.0,2414.0,2415.0,4966.0,4966.0,4968.0,2408.0,2408.0,2409.0,2456.0,2456.0,2457.0
0.0,14882.0,7474.0,7375.0,7225.0,7492.0,2497.0,2497.0,2498.0,2458.0,2458.0,2459.0,2491.0,2491.0,2492.0,4960.0,4960.0,4962.0,2497.0,2497.0,2498.0,2458.0,2458.0,2459.0
0.0,14633.0,7636.0,7381.0,7492.0,7654.0,2551.0,2551.0,2552.0,2460.0,2460.0,2461.0,2545.0,2545.0,2546.0,4877.0,4877.0,4879.0,2551.0,2551.0,2552.0,2460.0,2460.0,2461.0
0.0,14489.0,7582.0,7387.0,7654.0,7600.0,2533.0,2533.0,2534.0,2462.0,2462.0,2463.0,2527.0,2527.0,2528.0,4829.0,4829.0,4831.0,2533.0,2533.0,2534.0,2462.0,2462.0,2463.0
0.0,14561.0,7483.0,7390.0,7600.0,7492.0,2497.0,2497.0,2498.0,2463.0,2463.0,2464.0,2494.0,2494.0,2495.0,4853.0,4853.0,4855.0,2497.0,2497.0,2498.0,2463.0,2463.0,2464.0
0.0,14678.0,7390.0,7390.0,7492.0,7390.0,2463.0,2463.0,2464.0,2463.0,2463.0,2464.0,2463.0,2463.0,2464.0,4892.0,4892.0,4894.0,2463.0,2463.0,2464.0,2463.0,2463.0,2464.0
0.0,14780.0,7285.0,7384.0,7390.0,7267.0,2422.0,2422.0,2423.0,2461.0,2461.0,2462.0,2428.0,2428.0,2429.0,4926.0,4926.0,4928.0,2422.0,2422.0,2423.0,2461.0,2461.0,2462.0
0.0,14885.0,7195.0,7375.0,7267.0,7168.0,2389.0,2389.0,2390.0,2458.0,2458.0,2459.0,2398.0,2398.0,2399.0,4961.0,4961.0,4963.0,2389.0,2389.0,2390.0,2458.0,2458.0,2459.0
0.0,14957.0,7432.0,7378.0,7168.0,7441.0,2480.0,2480.0,2481.0,2459.0,2459.0,2460.0,2477.0,2477.0,2478.0,4985.0,4985.0,4987.0,2480.0,2480.0,2481.0,2459.0,2459.0,2460.0
0.0,14693.0,7504.0,7381.0,7441.0,7513.0,2504.0,2504.0,2505.0,2460.0,2460.0,2461.0,2501.0,2501.0,2502.0,4897.0,4897.0,4899.0,2504.0,2504.0,2505.0,2460.0,2460.0,2461.0
0.0,14630.0,7480.0,7384.0,7513.0,7489.0,2496.0,2496.0,2497.0,2461.0,2461.0,2462.0,2493.0,2493.0,2494.0,4876.0,4876.0,4878.0,2496.0,2496.0,2497.0,2461.0,2461.0,2462.0
0.0,14663.0,7582.0,7390.0,7489.0,7600.0,2533.0,2533.0,2534.0,2463.0,2463.0,2464.0,2527.0,2527.0,2528.0,4887.0,4887.0,4889.0,2533.0,2533.0,2534.0,2463.0,2463.0,2464.0
0.0,14570.0,7381.0,7390.0,7600.0,7381.0,2460.0,2460.0,2461.0,2463.0,2463.0,2464.0,2460.0,2460.0,2461.0,4856.0,4856.0,4858.0,2460.0,2460.0,2461.0,2463.0,2463.0,2464.0
0.0,14789.0,7267.0,7381.0,7381.0,7240.0,2413.0,2413.0,2414.0,2460.0,2460.0,2461.0,2422.0,2422.0,2423.0,4929.0,4929.0,4931.0,2413.0,2413.0,2414.0,2460.0,2460.0,2461.0
0.0,14903.0,7387.0,7384.0,7240.0,7396.0,2465.0,2465.0,2466.0,2461.0,2461.0,2462.0,2462.0,2462.0,2463.0,4967.0,4967.0,4969.0,2465.0,2465.0,2466.0,2461.0,2461.0,2462.0
0.0,14756.0,7339.0,7387.0,7396.0,7348.0,2449.0,2449.0,2450.0,2462.0,2462.0,2463.0,2446.0,2446.0,2447.0,4918.0,4918.0,4920.0,2449.0,2449.0,2450.0,2462.0,2462.0,2463.0
0.0,14813.0,7576.0,7393.0,7348.0,7594.0,2531.0,2531.0,2532.0,2464.0,2464.0,2465.0,2525.0,2525.0,2526.0,4937.0,4937.0,4939.0,2531.0,2531.0,2532.0,2464.0,2464.0,2465.0
0.0,14585.0,7606.0,7399.0,7594.0,7624.0,2541.0,2541.0,2542.0,2466.0,2466.0,2467.0,2535.0,2535.0,2536.0,4861.0,4861.0,4863.0,2541.0,2541.0,2542.0,2466.0,2466.0,2467.0
0.0,14573.0,7447.0,7400.0,7624.0,7450.0,2482.0,2482.0,2486.0,2466.0,2466.0,2468.0,2482.0,2482.0,2483.0,4857.0,4857.0,4859.0,2482.0,2482.0,2486.0,2466.0,2466.0,2468.0
0.0,14750.0,7447.0,7402.0,7450.0,7453.0,2485.0,2485.0,2483.0,2467.0,2467.0,2468.0,2482.0,2482.0,2483.0,4916.0,4916.0,4918.0,2485.0,2485.0,2483.0,2467.0,2467.0,2468.0
0.0,14753.0,7531.0,7402.0,7453.0,7531.0,2510.0,2510.0,2511.0,2467.0,2467.0,2468.0,2510.0,2510.0,2511.0,4916.0,4916.0,4921.0,2510.0,2510.0,2511.0,2467.0,2467.0,2468.0
0.0,14675.0,7519.0,7403.0,7531.0,7522.0,2506.0,2506.0,2510.0,2467.0,2467.0,2469.0,2506.0,2506.0,2507.0,4891.0,4891.0,4893.0,2506.0,2506.0,2510.0,2467.0,2467.0,2469.0
0.0,14687.0,7444.0,7405.0,7522.0,7450.0,2484.0,2484.0,2482.0,2468.0,2468.0,2469.0,2481.0,2481.0,2482.0,4895.0,4895.0,4897.0,2484.0,2484.0,2482.0,2468.0,2468.0,2469.0
0.0,14765.0,7477.0,7411.0,7450.0,7495.0,2498.0,2498.0,2499.0,2470.0,2470.0,2471.0,2492.0,2492.0,2493.0,4920.0,4920.0,4925.0,2498.0,2498.0,2499.0,2470.0,2470.0,2471.0
0.0,14738.0,7408.0,7414.0,7495.0,7417.0,2472.0,2472.0,2473.0,2471.0,2471.0,2472.0,2469.0,2469.0,2470.0,4912.0,4912.0,4914.0,2472.0,2472.0,2473.0,2471.0,2471.0,2472.0
0.0,14825.0,7495.0,7414.0,7417.0,7495.0,2498.0,2498.0,2499.0,2471.0,2471.0,2472.0,2498.0,2498.0,2499.0,4941.0,4941.0,4943.0,2498.0,2498.0,2499.0,2471.0,2471.0,2472.0
0.0,14747.0,7285.0,7408.0,7495.0,7267.0,2422.0,2422.0,2423.0,2469.0,2469.0,2470.0,2428.0,2428.0,2429.0,4915.0,4915.0,4917.0,2422.0,2422.0,2423.0,2469.0,2469.0,2470.0
0.0,14957.0,7285.0,7402.0,7267.0,7267.0,2422.0,2422.0,2423.0,2467.0,2467.0,2468.0,2428.0,2428.0,2429.0,4985.0,4985.0,4987.0,2422.0,2422.0,2423.0,2467.0,2467.0,2468.0
0.0,14939.0,7435.0,7405.0,7267.0,7444.0,2481.0,2481.0,2482.0,2468.0,2468.0,2469.0,2478.0,2478.0,2479.0,4979.0,4979.0,4981.0,2481.0,2481.0,2482.0,2468.0,2468.0,2469.0
0.0,14771.0,7441.0,7405.0,7444.0,7441.0,2480.0,2480.0,2481.0,2468.0,2468.0,2469.0,2480.0,2480.0,2481.0,4923.0,4923.0,4925.0,2480.0,2480.0,2481.0,2468.0,2468.0,2469.0
0.0,14774.0,7525.0,7408.0,7441.0,7534.0,2511.0,2511.0,2512.0,2469.0,2469.0,2470.0,2508.0,2508.0,2509.0,4924.0,4924.0,4926.0,2511.0,2511.0,2512.0,2469.0,2469.0,2470.0
0.0,14690.0,7492.0,7411.0,7534.0,7501.0,2500.0,2500.0,2501.0,2470.0,2470.0,2471.0,2497.0,2497.0,2498.0,4896.0,4896.0,4898.0,2500.0,2500.0,2501.0,2470.0,2470.0,2471.0
0.0,14732.0,7696.0,7417.0,7501.0,7714.0,2571.0,2571.0,2572.0,2472.0,2472.0,2473.0,2565.0,2565.0,2566.0,4910.0,4910.0,4912.0,2571.0,2571.0,2572.0,2472.0,2472.0,2473.0
0.0,14537.0,7450.0,7417.0,7714.0,7450.0,2483.0,2483.0,2484.0,2472.0,2472.0,2473.0,2483.0,2483.0,2484.0,4845.0,4845.0,4847.0,2483.0,2483.0,2484.0,2472.0,2472.0,2473.0
0.0,14801.0,7393.0,7414.0,7450.0,7384.0,2461.0,2461.0,2462.0,2471.0,2471.0,2472.0,2464.0,2464.0,2465.0,4933.0,4933.0,4935.0,2461.0,2461.0,2462.0,2471.0,2471.0,2472.0
0.0,14858.0,7222.0,7411.0,7384.0,7213.0,2404.0,2404.0,2405.0,2470.0,2470.0,2471.0,2407.0,2407.0,2408.0,4952.0,4952.0,4954.0,2404.0,2404.0,2405.0,2470.0,2470.0,2471.0
0.0,15020.0,7567.0,7414.0,7213.0,7576.0,2525.0,2525.0,2526.0,2471.0,2471.0,2472.0,2522.0,2522.0,2523.0,5006.0,5006.0,5008.0,2525.0,2525.0,2526.0,2471.0,2471.0,2472.0
0.0,14666.0,7516.0,7420.0,7576.0,7534.0,2511.0,2511.0,2512.0,2473.0,2473.0,2474.0,2505.0,2505.0,2506.0,4888.0,4888.0,4890.0,2511.0,2511.0,2512.0,2473.0,2473.0,2474.0
0.0,14726.0,7615.0,7429.0,7534.0,7642.0,2547.0,2547.0,2548.0,2476.0,2476.0,2477.0,2538.0,2538.0,2539.0,4908.0,4908.0,4910.0,2547.0,2547.0,2548.0,2476.0,2476.0,2477.0
0.0,14645.0,7510.0,7429.0,7642.0,7510.0,2503.0,2503.0,2504.0,2476.0,2476.0,2477.0,2503.0,2503.0,2504.0,4881.0,4881.0,4883.0,2503.0,2503.0,2504.0,2476.0,2476.0,2477.0
0.0,14777.0,7534.0,7432.0,7510.0,7543.0,2514.0,2514.0,2515.0,2477.0,2477.0,2478.0,2511.0,2511.0,2512.0,4925.0,4925.0,4927.0,2514.0,2514.0,2515.0,2477.0,2477.0,2478.0
0.0,14753.0,7327.0,7430.0,7543.0,7321.0,2439.0,2439.0,2443.0,2476.0,2476.0,2478.0,2442.0,2442.0,2443.0,4917.0,4917.0,4919.0,2439.0,2439.0,2443.0,2476.0,2476.0,2478.0
0.0,14969.0,7396.0,7432.0,7321.0,7402.0,2468.0,2468.0,2466.0,2477.0,2477.0,2478.0,2465.0,2465.0,2466.0,4989.0,4989.0,4991.0,2468.0,2468.0,2466.0,2477.0,2477.0,2478.0
0.0,14894.0,7429.0,7435.0,7402.0,7438.0,2479.0,2479.0,2480.0,2478.0,2478.0,2479.0,2476.0,2476.0,2477.0,4963.0,4963.0,4968.0,2479.0,2479.0,2480.0,2478.0,2478.0,2479.0
0.0,14867.0,7570.0,7438.0,7438.0,7579.0,2526.0,2526.0,2527.0,2479.0,2479.0,2480.0,2523.0,2523.0,2524.0,4955.0,4955.0,4957.0,2526.0,2526.0,2527.0,2479.0,2479.0,2480.0
0.0,14735.0,7480.0,7444.0,7579.0,7498.0,2499.0,2499.0,2500.0,2481.0,2481.0,2482.0,2493.0,2493.0,2494.0,4911.0,4911.0,4913.0,2499.0,2499.0,2500.0,2481.0,2481.0,2482.0
0.0,14834.0,7541.0,7447.0,7498.0,7550.0,2516.0,2516.0,2518.0,2482.0,2482.0,2483.0,2513.0,2513.0,2515.0,4944.0,4944.0,4946.0,2516.0,2516.0,2518.0,2482.0,2482.0,2483.0
0.0,14791.0,7462.0,7447.0,7550.0,7462.0,2487.0,2487.0,2488.0,2482.0,2482.0,2483.0,2487.0,2487.0,2488.0,4930.0,4930.0,4931.0,2487.0,2487.0,2488.0,2482.0,2482.0,2483.0
0.0,14879.0,7375.0,7444.0,7462.0,7366.0,2455.0,2455.0,2456.0,2481.0,2481.0,2482.0,2458.0,2458.0,2459.0,4959.0,4959.0,4961.0,2455.0,2455.0,2456.0,2481.0,2481.0,2482.0
0.0,14966.0,7289.0,7441.0,7366.0,7280.0,2426.0,2426.0,2428.0,2480.0,2480.0,2481.0,2429.0,2429.0,2431.0,4988.0,4988.0,4990.0,2426.0,2426.0,2428.0,2480.0,2480.0,2481.0
0.0,15043.0,7522.0,7447.0,7280.0,7540.0,2513.0,2513.0,2514.0,2482.0,2482.0,2483.0,2507.0,2507.0,2508.0,5014.0,5014.0,5015.0,2513.0,2513.0,2514.0,2482.0,2482.0,2483.0
0.0,14801.0,7573.0,7453.0,7540.0,7591.0,2530.0,2530.0,2531.0,2484.0,2484.0,2485.0,2524.0,2524.0,2525.0,4933.0,4933.0,4935.0,2530.0,2530.0,2531.0,2484.0,2484.0,2485.0
0.0,14768.0,7567.0,7459.0,7591.0,7585.0,2528.0,2528.0,2529.0,2486.0,2486.0,2487.0,2522.0,2522.0,2523.0,4922.0,4922.0,4924.0,2528.0,2528.0,2529.0,2486.0,2486.0,2487.0
0.0,14792.0,7552.0,7460.0,7585.0,7555.0,2517.0,2517.0,2521.0,2486.0,2486.0,2488.0,2517.0,2517.0,2518.0,4930.0,4930.0,4932.0,2517.0,2517.0,2521.0,2486.0,2486.0,2488.0
0.0,14825.0,7444.0,7456.0,7555.0,7432.0,2478.0,2478.0,2476.0,2485.0,2485.0,2486.0,2481.0,2481.0,2482.0,4941.0,4941.0,4943.0,2478.0,2478.0,2476.0,2485.0,2485.0,2486.0
0.0,14936.0,7351.0,7453.0,7432.0,7342.0,2447.0,2447.0,2448.0,2484.0,2484.0,2485.0,2450.0,2450.0,2451.0,4977.0,4977.0,4982.0,2447.0,2447.0,2448.0,2484.0,2484.0,2485.0
0.0,15017.0,7357.0,7450.0,7342.0,7348.0,2449.0,2449.0,2450.0,2483.0,2483.0,2484.0,2452.0,2452.0,2453.0,5005.0,5005.0,5007.0,2449.0,2449.0,2450.0,2483.0,2483.0,2484.0
0.0,15002.0,7531.0,7453.0,7348.0,7540.0,2513.0,2513.0,2514.0,2484.0,2484.0,2485.0,2510.0,2510.0,2511.0,5000.0,5000.0,5002.0,2513.0,2513.0,2514.0,2484.0,2484.0,2485.0
0.0,14819.0,7585.0,7459.0,7540.0,7603.0,2534.0,2534.0,2535.0,2486.0,2486.0,2487.0,2528.0,2528.0,2529.0,4939.0,4939.0,4941.0,2534.0,2534.0,2535.0,2486.0,2486.0,2487.0
0.0,14774.0,7615.0,7466.0,7603.0,7636.0,2544.0,2544.0,2548.0,2488.0,2488.0,2490.0,2538.0,2538.0,2539.0,4924.0,4924.0,4926.0,2544.0,2544.0,2548.0,2488.0,2488.0,2490.0
0.0,14762.0,7588.0,7468.0,7636.0,7594.0,2532.0,2532.0,2530.0,2489.0,2489.0,2490.0,2529.0,2529.0,2530.0,4920.0,4920.0,4922.0,2532.0,2532.0,2530.0,2489.0,2489.0,2490.0
0.0,14810.0,7519.0,7471.0,7594.0,7528.0,2509.0,2509.0,2510.0,2490.0,2490.0,2491.0,2506.0,2506.0,2507.0,4935.0,4935.0,4940.0,2509.0,2509.0,2510.0,2490.0,2490.0,2491.0
0.0,14885.0,7414.0,7468.0,7528.0,7405.0,2468.0,2468.0,2469.0,2489.0,2489.0,2490.0,2471.0,2471.0,2472.0,4961.0,4961.0,4963.0,2468.0,2468.0,2469.0,2489.0,2489.0,2490.0
0.0,14999.0,7357.0,7465.0,7405.0,7348.0,2449.0,2449.0,2450.0,2488.0,2488.0,2489.0,2452.0,2452.0,2453.0,4999.0,4999.0,5001.0,2449.0,2449.0,2450.0,2488.0,2488.0,2489.0
0.0,15047.0,7627.0,7468.0,7348.0,7636.0,2545.0,2545.0,2546.0,2489.0,2489.0,2490.0,2542.0,2542.0,2543.0,5015.0,5015.0,5017.0,2545.0,2545.0,2546.0,2489.0,2489.0,2490.0
0.0,14768.0,7567.0,7474.0,7636.0,7585.0,2528.0,2528.0,2529.0,2491.0,2491.0,2492.0,2522.0,2522.0,2523.0,4922.0,4922.0,4924.0,2528.0,2528.0,2529.0,2491.0,2491.0,2492.0
0.0,14837.0,7807.0,7483.0,7585.0,7834.0,2611.0,2611.0,2612.0,2494.0,2494.0,2495.0,2602.0,2602.0,2603.0,4945.0,4945.0,4947.0,2611.0,2611.0,2612.0,2494.0,2494.0,2495.0
0.0,14615.0,7510.0,7486.0,7834.0,7519.0,2506.0,2506.0,2507.0,2495.0,2495.0,2496.0,2503.0,2503.0,2504.0,4871.0,4871.0,4873.0,2506.0,2506.0,2507.0,2495.0,2495.0,2496.0
0.0,14939.0,7426.0,7483.0,7519.0,7417.0,2472.0,2472.0,2473.0,2494.0,2494.0,2495.0,2475.0,2475.0,2476.0,4979.0,4979.0,4981.0,2472.0,2472.0,2473.0,2494.0,2494.0,2495.0
0.0,15032.0,7402.0,7480.0,7417.0,7393.0,2464.0,2464.0,2465.0,2493.0,2493.0,2494.0,2467.0,2467.0,2468.0,5010.0,5010.0,5012.0,2464.0,2464.0,2465.0,2493.0,2493.0,2494.0
0.0,15047.0,7525.0,7480.0,7393.0,7525.0,2508.0,2508.0,2509.0,2493.0,2493.0,2494.0,2508.0,2508.0,2509.0,5015.0,5015.0,5017.0,2508.0,2508.0,2509.0,2493.0,2493.0,2494.0
0.0,14915.0,7543.0,7483.0,7525.0,7552.0,2517.0,2517.0,2518.0,2494.0,2494.0,2495.0,2514.0,2514.0,2515.0,4971.0,4971.0,4973.0,2517.0,2517.0,2518.0,2494.0,2494.0,2495.0
0.0,14897.0,7630.0,7484.0,7552.0,7633.0,2543.0,2543.0,2547.0,2494.0,2494.0,2496.0,2543.0,2543.0,2544.0,4965.0,4965.0,4967.0,2543.0,2543.0,2547.0,2494.0,2494.0,2496.0
0.0,14819.0,7651.0,7486.0,7633.0,7657.0,2553.0,2553.0,2551.0,2495.0,2495.0,2496.0,2550.0,2550.0,2551.0,4939.0,4939.0,4941.0,2553.0,2553.0,2551.0,2495.0,2495.0,2496.0
0.0,14801.0,7585.0,7489.0,7657.0,7594.0,2531.0,2531.0,2532.0,2496.0,2496.0,2497.0,2528.0,2528.0,2529.0,4932.0,4932.0,4937.0,2531.0,2531.0,2532.0,2496.0,2496.0,2497.0
0.0,14873.0,7348.0,7486.0,7594.0,7339.0,2446.0,2446.0,2447.0,2495.0,2495.0,2496.0,2449.0,2449.0,2450.0,4957.0,4957.0,4959.0,2446.0,2446.0,2447.0,2495.0,2495.0,2496.0
0.0,15119.0,7348.0,7486.0,7339.0,7348.0,2449.0,2449.0,2450.0,2495.0,2495.0,2496.0,2449.0,2449.0,2450.0,5039.0,5039.0,5041.0,2449.0,2449.0,2450.0,2495.0,2495.0,2496.0
0.0,15110.0,7411.0,7484.0,7348.0,7405.0,2467.0,2467.0,2471.0,2494.0,2494.0,2496.0,2470.0,2470.0,2471.0,5036.0,5036.0,5038.0,2467.0,2467.0,2471.0,2494.0,2494.0,2496.0
0.0,15047.0,7516.0,7489.0,7405.0,7531.0,2511.0,2511.0,2509.0,2496.0,2496.0,2497.0,2505.0,2505.0,2506.0,5015.0,5015.0,5017.0,2511.0,2511.0,2509.0,2496.0,2496.0,2497.0
0.0,14936.0,7657.0,7495.0,7531.0,7675.0,2558.0,2558.0,2559.0,2498.0,2498.0,2499.0,2552.0,2552.0,2553.0,4977.0,4977.0,4982.0,2558.0,2558.0,2559.0,2498.0,2498.0,2499.0
0.0,14810.0,7675.0,7501.0,7675.0,7693.0,2564.0,2564.0,2565.0,2500.0,2500.0,2501.0,2558.0,2558.0,2559.0,4936.0,4936.0,4938.0,2564.0,2564.0,2565.0,2500.0,2500.0,2501.0
0.0,14810.0,7591.0,7504.0,7693.0,7600.0,2533.0,2533.0,2534.0,2501.0,2501.0,2502.0,2530.0,2530.0,2531.0,4936.0,4936.0,4938.0,2533.0,2533.0,2534.0,2501.0,2501.0,2502.0
0.0,14912.0,7420.0,7501.0,7600.0,7411.0,2470.0,2470.0,2471.0,2500.0,2500.0,2501.0,2473.0,2473.0,2474.0,4970.0,4970.0,4972.0,2470.0,2470.0,2471.0,2500.0,2500.0,2501.0
0.0,15092.0,7426.0,7501.0,7411.0,7426.0,2475.0,2475.0,2476.0,2500.0,2500.0,2501.0,2475.0,2475.0,2476.0,5030.0,5030.0,5032.0,2475.0,2475.0,2476.0,2500.0,2500.0,2501.0
0.0,15077.0,7285.0,7492.0,7426.0,7258.0,2419.0,2419.0,2420.0,2497.0,2497.0,2498.0,2428.0,2428.0,2429.0,5025.0,5025.0,5027.0,2419.0,2419.0,2420.0,2497.0,2497.0,2498.0
0.0,15218.0,7432.0,7492.0,7258.0,7432.0,2477.0,2477.0,2478.0,2497.0,2497.0,2498.0,2477.0,2477.0,2478.0,5072.0,5072.0,5074.0,2477.0,2477.0,2478.0,2497.0,2497.0,2498.0
0.0,15044.0,7558.0,7495.0,7432.0,7567.0,2522.0,2522.0,2523.0,2498.0,2498.0,2499.0,2519.0,2519.0,2520.0,5014.0,5014.0,5016.0,2522.0,2522.0,2523.0,2498.0,2498.0,2499.0
0.0,14918.0,7525.0,7501.0,7567.0,7543.0,2514.0,2514.0,2515.0,2500.0,2500.0,2501.0,2508.0,2508.0,2509.0,4972.0,4972.0,4974.0,2514.0,2514.0,2515.0,2500.0,2500.0,2501.0
0.0,14960.0,7693.0,7504.0,7543.0,7702.0,2567.0,2567.0,2568.0,2501.0,2501.0,2502.0,2564.0,2564.0,2565.0,4986.0,4986.0,4988.0,2567.0,2567.0,2568.0,2501.0,2501.0,2502.0
0.0,14810.0,7246.0,7498.0,7702.0,7228.0,2409.0,2409.0,2410.0,2499.0,2499.0,2500.0,2415.0,2415.0,2416.0,4936.0,4936.0,4938.0,2409.0,2409.0,2410.0,2499.0,2499.0,2500.0
0.0,15266.0,7495.0,7495.0,7228.0,7486.0,2495.0,2495.0,2496.0,2498.0,2498.0,2499.0,2498.0,2498.0,2499.0,5088.0,5088.0,5090.0,2495.0,2495.0,2496.0,2498.0,2498.0,2499.0
0.0,14999.0,7387.0,7495.0,7486.0,7387.0,2462.0,2462.0,2463.0,2498.0,2498.0,2499.0,2462.0,2462.0,2463.0,4999.0,4999.0,5001.0,2462.0,2462.0,2463.0,2498.0,2498.0,2499.0
0.0,15098.0,7561.0,7495.0,7387.0,7561.0,2520.0,2520.0,2521.0,2498.0,2498.0,2499.0,2520.0,2520.0,2521.0,5032.0,5032.0,5034.0,2520.0,2520.0,2521.0,2498.0,2498.0,2499.0
0.0,14924.0,7702.0,7501.0,7561.0,7720.0,2573.0,2573.0,2574.0,2500.0,2500.0,2501.0,2567.0,2567.0,2568.0,4974.0,4974.0,4976.0,2573.0,2573.0,2574.0,2500.0,2500.0,2501.0
0.0,14783.0,7702.0,7507.0,7720.0,7720.0,2573.0,2573.0,2574.0,2502.0,2502.0,2503.0,2567.0,2567.0,2568.0,4927.0,4927.0,4929.0,2573.0,2573.0,2574.0,2502.0,2502.0,2503.0
0.0,14801.0,7603.0,7510.0,7720.0,7612.0,2537.0,2537.0,2538.0,2503.0,2503.0,2504.0,2534.0,2534.0,2535.0,4933.0,4933.0,4935.0,2537.0,2537.0,2538.0,2503.0,2503.0,2504.0
0.0,14918.0,7477.0,7510.0,7612.0,7477.0,2492.0,2492.0,2493.0,2503.0,2503.0,2504.0,2492.0,2492.0,2493.0,4972.0,4972.0,4974.0,2492.0,2492.0,2493.0,2503.0,2503.0,2504.0
0.0,15053.0,7357.0,7507.0,7477.0,7348.0,2449.0,2449.0,2450.0,2502.0,2502.0,2503.0,2452.0,2452.0,2453.0,5017.0,5017.0,5019.0,2449.0,2449.0,2450.0,2502.0,2502.0,2503.0
0.0,15173.0,7555.0,7507.0,7348.0,7555.0,2518.0,2518.0,2519.0,2502.0,2502.0,2503.0,2518.0,2518.0,2519.0,5057.0,5057.0,5059.0,2518.0,2518.0,2519.0,2502.0,2502.0,2503.0
0.0,14966.0,7499.0,7507.0,7555.0,7499.0,2499.0,2499.0,2501.0,2502.0,2502.0,2503.0,2499.0,2499.0,2501.0,4988.0,4988.0,4990.0,2499.0,2499.0,2501.0,2502.0,2502.0,2503.0
0.0,15022.0,7669.0,7513.0,7499.0,7687.0,2562.0,2562.0,2563.0,2504.0,2504.0,2505.0,2556.0,2556.0,2557.0,5007.0,5007.0,5008.0,2562.0,2562.0,2563.0,2504.0,2504.0,2505.0
0.0,14852.0,7783.0,7522.0,7687.0,7810.0,2603.0,2603.0,2604.0,2507.0,2507.0,2508.0,2594.0,2594.0,2595.0,4950.0,4950.0,4952.0,2603.0,2603.0,2604.0,2507.0,2507.0,2508.0
0.0,14756.0,7765.0,7528.0,7810.0,7783.0,2594.0,2594.0,2595.0,2509.0,2509.0,2510.0,2588.0,2588.0,2589.0,4918.0,4918.0,4920.0,2594.0,2594.0,2595.0,2509.0,2509.0,2510.0
0.0,14801.0,7501.0,7525.0,7783.0,7492.0,2497.0,2497.0,2498.0,2508.0,2508.0,2509.0,2500.0,2500.0,2501.0,4933.0,4933.0,4935.0,2497.0,2497.0,2498.0,2508.0,2508.0,2509.0
0.0,15083.0,7429.0,7522.0,7492.0,7420.0,2473.0,2473.0,2474.0,2507.0,2507.0,2508.0,2476.0,2476.0,2477.0,5027.0,5027.0,5029.0,2473.0,2473.0,2474.0,2507.0,2507.0,2508.0
0.0,15146.0,7450.0,7522.0,7420.0,7450.0,2483.0,2483.0,2484.0,2507.0,2507.0,2508.0,2483.0,2483.0,2484.0,5048.0,5048.0,5050.0,2483.0,2483.0,2484.0,2507.0,2507.0,2508.0
0.0,15116.0,7519.0,7522.0,7450.0,7519.0,2506.0,2506.0,2507.0,2507.0,2507.0,2508.0,2506.0,2506.0,2507.0,5038.0,5038.0,5040.0,2506.0,2506.0,2507.0,2507.0,2507.0,2508.0
0.0,15047.0,7831.0,7531.0,7519.0,7858.0,2619.0,2619.0,2620.0,2510.0,2510.0,2511.0,2610.0,2610.0,2611.0,5015.0,5015.0,5017.0,2619.0,2619.0,2620.0,2510.0,2510.0,2511.0
0.0,14735.0,7837.0,7540.0,7858.0,7864.0,2621.0,2621.0,2622.0,2513.0,2513.0,2514.0,2612.0,2612.0,2613.0,4911.0,4911.0,4913.0,2621.0,2621.0,2622.0,2513.0,2513.0,2514.0
0.0,14756.0,7528.0,7540.0,7864.0,7528.0,2509.0,2509.0,2510.0,2513.0,2513.0,2514.0,2509.0,2509.0,2510.0,4918.0,4918.0,4920.0,2509.0,2509.0,2510.0,2513.0,2513.0,2514.0
0.0,15092.0,7582.0,7540.0,7528.0,7582.0,2527.0,2527.0,2528.0,2513.0,2513.0,2514.0,2527.0,2527.0,2528.0,5030.0,5030.0,5032.0,2527.0,2527.0,2528.0,2513.0,2513.0,2514.0
0.0,15038.0,7432.0,7537.0,7582.0,7423.0,2474.0,2474.0,2475.0,2512.0,2512.0,2513.0,2477.0,2477.0,2478.0,5012.0,5012.0,5014.0,2474.0,2474.0,2475.0,2512.0,2512.0,2513.0
0.0,15188.0,7528.0,7537.0,7423.0,7528.0,2509.0,2509.0,2510.0,2512.0,2512.0,2513.0,2509.0,2509.0,2510.0,5062.0,5062.0,5064.0,2509.0,2509.0,2510.0,2512.0,2512.0,2513.0
0.0,15083.0,7528.0,7537.0,7528.0,7528.0,2509.0,2509.0,2510.0,2512.0,2512.0,2513.0,2509.0,2509.0,2510.0,5027.0,5027.0,5029.0,2509.0,2509.0,2510.0,2512.0,2512.0,2513.0
0.0,15083.0,7717.0,7543.0,7528.0,7735.0,2578.0,2578.0,2579.0,2514.0,2514.0,2515.0,2572.0,2572.0,2573.0,5027.0,5027.0,5029.0,2578.0,2578.0,2579.0,2514.0,2514.0,2515.0
0.0,14894.0,7651.0,7549.0,7735.0,7669.0,2556.0,2556.0,2557.0,2516.0,2516.0,2517.0,2550.0,2550.0,2551.0,4964.0,4964.0,4966.0,2556.0,2556.0,2557.0,2516.0,2516.0,2517.0
0.0,14978.0,7822.0,7552.0,7669.0,7831.0,2610.0,2610.0,2611.0,2517.0,2517.0,2518.0,2607.0,2607.0,2608.0,4992.0,4992.0,4994.0,2610.0,2610.0,2611.0,2517.0,2517.0,2518.0
0.0,14825.0,7465.0,7549.0,7831.0,7456.0,2485.0,2485.0,2486.0,2516.0,2516.0,2517.0,2488.0,2488.0,2489.0,4941.0,4941.0,4943.0,2485.0,2485.0,2486.0,2516.0,2516.0,2517.0
0.0,15191.0,7429.0,7543.0,7456.0,7411.0,2470.0,2470.0,2471.0,2514.0,2514.0,2515.0,2476.0,2476.0,2477.0,5063.0,5063.0,5065.0,2470.0,2470.0,2471.0,2514.0,2514.0,2515.0
0.0,15218.0,7528.0,7543.0,7411.0,7528.0,2509.0,2509.0,2510.0,2514.0,2514.0,2515.0,2509.0,2509.0,2510.0,5072.0,5072.0,5074.0,2509.0,2509.0,2510.0,2514.0,2514.0,2515.0
0.0,15101.0,7672.0,7549.0,7528.0,7690.0,2563.0,2563.0,2564.0,2516.0,2516.0,2517.0,2557.0,2557.0,2558.0,5033.0,5033.0,5035.0,2563.0,2563.0,2564.0,2516.0,2516.0,2517.0
0.0,14957.0,7849.0,7555.0,7690.0,7867.0,2622.0,2622.0,2623.0,2518.0,2518.0,2519.0,2616.0,2616.0,2617.0,4985.0,4985.0,4987.0,2622.0,2622.0,2623.0,2518.0,2518.0,2519.0
0.0,14798.0,7816.0,7561.0,7867.0,7834.0,2611.0,2611.0,2612.0,2520.0,2520.0,2521.0,2605.0,2605.0,2606.0,4932.0,4932.0,4934.0,2611.0,2611.0,2612.0,2520.0,2520.0,2521.0
0.0,14849.0,7651.0,7564.0,7834.0,7660.0,2553.0,2553.0,2554.0,2521.0,2521.0,2522.0,2550.0,2550.0,2551.0,4949.0,4949.0,4951.0,2553.0,2553.0,2554.0,2521.0,2521.0,2522.0
0.0,15032.0,7567.0,7564.0,7660.0,7567.0,2522.0,2522.0,2523.0,2521.0,2521.0,2522.0,2522.0,2522.0,2523.0,5010.0,5010.0,5012.0,2522.0,2522.0,2523.0,2521.0,2521.0,2522.0
0.0,15125.0,7372.0,7558.0,7567.0,7354.0,2451.0,2451.0,2452.0,2519.0,2519.0,2520.0,2457.0,2457.0,2458.0,5041.0,5041.0,5043.0,2451.0,2451.0,2452.0,2519.0,2519.0,2520.0
0.0,15320.0,7399.0,7555.0,7354.0,7390.0,2463.0,2463.0,2464.0,2518.0,2518.0,2519.0,2466.0,2466.0,2467.0,5106.0,5106.0,5108.0,2463.0,2463.0,2464.0,2518.0,2518.0,2519.0
0.0,15275.0,7648.0,7558.0,7390.0,7657.0,2552.0,2552.0,2553.0,2519.0,2519.0,2520.0,2549.0,2549.0,2550.0,5091.0,5091.0,5093.0,2552.0,2552.0,2553.0,2519.0,2519.0,2520.0
0.0,15017.0,7705.0,7567.0,7657.0,7732.0,2577.0,2577.0,2578.0,2522.0,2522.0,2523.0,2568.0,2568.0,2569.0,5005.0,5005.0,5007.0,2577.0,2577.0,2578.0,2522.0,2522.0,2523.0
0.0,14969.0,7651.0,7570.0,7732.0,7660.0,2553.0,2553.0,2554.0,2523.0,2523.0,2524.0,2550.0,2550.0,2551.0,4989.0,4989.0,4991.0,2553.0,2553.0,2554.0,2523.0,2523.0,2524.0
0.0,15050.0,7621.0,7573.0,7660.0,7630.0,2543.0,2543.0,2544.0,2524.0,2524.0,2525.0,2540.0,2540.0,2541.0,5016.0,5016.0,5018.0,2543.0,2543.0,2544.0,2524.0,2524.0,2525.0
0.0,15089.0,7546.0,7570.0,7630.0,7537.0,2512.0,2512.0,2513.0,2523.0,2523.0,2524.0,2515.0,2515.0,2516.0,5029.0,5029.0,5031.0,2512.0,2512.0,2513.0,2523.0,2523.0,2524.0
0.0,15173.0,7417.0,7567.0,7537.0,7408.0,2469.0,2469.0,2470.0,2522.0,2522.0,2523.0,2472.0,2472.0,2473.0,5057.0,5057.0,5059.0,2469.0,2469.0,2470.0,2522.0,2522.0,2523.0
0.0,15293.0,7471.0,7564.0,7408.0,7462.0,2487.0,2487.0,2488.0,2521.0,2521.0,2522.0,2490.0,2490.0,2491.0,5097.0,5097.0,5099.0,2487.0,2487.0,2488.0,2521.0,2521.0,2522.0
0.0,15230.0,7531.0,7567.0,7462.0,7540.0,2513.0,2513.0,2514.0,2522.0,2522.0,2523.0,2510.0,2510.0,2511.0,5076.0,5076.0,5078.0,2513.0,2513.0,2514.0,2522.0,2522.0,2523.0
0.0,15161.0,7609.0,7570.0,7540.0,7618.0,2539.0,2539.0,2540.0,2523.0,2523.0,2524.0,2536.0,2536.0,2537.0,5053.0,5053.0,5055.0,2539.0,2539.0,2540.0,2523.0,2523.0,2524.0
0.0,15092.0,7720.0,7579.0,7618.0,7747.0,2582.0,2582.0,2583.0,2526.0,2526.0,2527.0,2573.0,2573.0,2574.0,5030.0,5030.0,5032.0,2582.0,2582.0,2583.0,2526.0,2526.0,2527.0
0.0,14990.0,7630.0,7582.0,7747.0,7639.0,2546.0,2546.0,2547.0,2527.0,2527.0,2528.0,2543.0,2543.0,2544.0,4996.0,4996.0,4998.0,2546.0,2546.0,2547.0,2527.0,2527.0,2528.0
0.0,15107.0,7615.0,7582.0,7639.0,7615.0,2538.0,2538.0,2539.0,2527.0,2527.0,2528.0,2538.0,2538.0,2539.0,5035.0,5035.0,5037.0,2538.0,2538.0,2539.0,2527.0,2527.0,2528.0
0.0,15131.0,7318.0,7579.0,7615.0,7309.0,2436.0,2436.0,2437.0,2526.0,2526.0,2527.0,2439.0,2439.0,2440.0,5043.0,5043.0,5045.0,2436.0,2436.0,2437.0,2526.0,2526.0,2527.0
0.0,15428.0,7498.0,7576.0,7309.0,7489.0,2496.0,2496.0,2497.0,2525.0,2525.0,2526.0,2499.0,2499.0,2500.0,5142.0,5142.0,5144.0,2496.0,2496.0,2497.0,2525.0,2525.0,2526.0
0.0,15239.0,7630.0,7582.0,7489.0,7648.0,2549.0,2549.0,2550.0,2527.0,2527.0,2528.0,2543.0,2543.0,2544.0,5079.0,5079.0,5081.0,2549.0,2549.0,2550.0,2527.0,2527.0,2528.0
0.0,15098.0,7693.0,7585.0,7648.0,7702.0,2567.0,2567.0,2568.0,2528.0,2528.0,2529.0,2564.0,2564.0,2565.0,5032.0,5032.0,5034.0,2567.0,2567.0,2568.0,2528.0,2528.0,2529.0
0.0,15053.0,7789.0,7594.0,7702.0,7816.0,2605.0,2605.0,2606.0,2531.0,2531.0,2532.0,2596.0,2596.0,2597.0,5017.0,5017.0,5019.0,2605.0,2605.0,2606.0,2531.0,2531.0,2532.0
0.0,14966.0,7657.0,7594.0,7816.0,7657.0,2552.0,2552.0,2553.0,2531.0,2531.0,2532.0,2552.0,2552.0,2553.0,4988.0,4988.0,4990.0,2552.0,2552.0,2553.0,2531.0,2531.0,2532.0
0.0,15125.0,7534.0,7591.0,7657.0,7525.0,2508.0,2508.0,2509.0,2530.0,2530.0,2531.0,2511.0,2511.0,2512.0,5041.0,5041.0,5043.0,2508.0,2508.0,2509.0,2530.0,2530.0,2531.0
0.0,15248.0,7501.0,7588.0,7525.0,7492.0,2497.0,2497.0,2498.0,2529.0,2529.0,2530.0,2500.0,2500.0,2501.0,5082.0,5082.0,5084.0,2497.0,2497.0,2498.0,2529.0,2529.0,2530.0
0.0,15272.0,7507.0,7586.0,7492.0,7501.0,2499.0,2499.0,2503.0,2528.0,2528.0,2530.0,2502.0,2502.0,2503.0,5090.0,5090.0,5092.0,2499.0,2499.0,2503.0,2528.0,2528.0,2530.0
0.0,15257.0,7660.0,7591.0,7501.0,7675.0,2559.0,2559.0,2557.0,2530.0,2530.0,2531.0,2553.0,2553.0,2554.0,5085.0,5085.0,5087.0,2559.0,2559.0,2557.0,2530.0,2530.0,2531.0
0.0,15098.0,7901.0,7600.0,7675.0,7928.0,2642.0,2642.0,2644.0,2533.0,2533.0,2534.0,2633.0,2633.0,2635.0,5031.0,5031.0,5036.0,2642.0,2642.0,2644.0,2533.0,2533.0,2534.0
0.0,14872.0,7852.0,7606.0,7928.0,7870.0,2623.0,2623.0,2624.0,2535.0,2535.0,2536.0,2617.0,2617.0,2618.0,4957.0,4957.0,4958.0,2623.0,2623.0,2624.0,2535.0,2535.0,2536.0
0.0,14948.0,7591.0,7609.0,7870.0,7600.0,2533.0,2533.0,2534.0,2536.0,2536.0,2537.0,2530.0,2530.0,2531.0,4982.0,4982.0,4984.0,2533.0,2533.0,2534.0,2536.0,2536.0,2537.0
0.0,15227.0,7603.0,7606.0,7600.0,7594.0,2531.0,2531.0,2532.0,2535.0,2535.0,2536.0,2534.0,2534.0,2535.0,5075.0,5075.0,5077.0,2531.0,2531.0,2532.0,2535.0,2535.0,2536.0
0.0,15224.0,7537.0,7603.0,7594.0,7528.0,2509.0,2509.0,2510.0,2534.0,2534.0,2535.0,2512.0,2512.0,2513.0,5074.0,5074.0,5076.0,2509.0,2509.0,2510.0,2534.0,2534.0,2535.0
0.0,15281.0,7546.0,7597.0,7528.0,7528.0,2509.0,2509.0,2510.0,2532.0,2532.0,2533.0,2515.0,2515.0,2516.0,5093.0,5093.0,5095.0,2509.0,2509.0,2510.0,2532.0,2532.0,2533.0
0.0,15263.0,7648.0,7600.0,7528.0,7657.0,2552.0,2552.0,2553.0,2533.0,2533.0,2534.0,2549.0,2549.0,2550.0,5087.0,5087.0,5089.0,2552.0,2552.0,2553.0,2533.0,2533.0,2534.0
0.0,15143.0,7747.0,7606.0,7657.0,7765.0,2588.0,2588.0,2589.0,2535.0,2535.0,2536.0,2582.0,2582.0,2583.0,5047.0,5047.0,5049.0,2588.0,2588.0,2589.0,2535.0,2535.0,2536.0
0.0,15053.0,7780.0,7612.0,7765.0,7798.0,2599.0,2599.0,2600.0,2537.0,2537.0,2538.0,2593.0,2593.0,2594.0,5017.0,5017.0,5019.0,2599.0,2599.0,2600.0,2537.0,2537.0,2538.0
0.0,15038.0,7768.0,7618.0,7798.0,7786.0,2595.0,2595.0,2596.0,2539.0,2539.0,2540.0,2589.0,2589.0,2590.0,5012.0,5012.0,5014.0,2595.0,2595.0,2596.0,2539.0,2539.0,2540.0
0.0,15068.0,7639.0,7615.0,7786.0,7630.0,2543.0,2543.0,2544.0,2538.0,2538.0,2539.0,2546.0,2546.0,2547.0,5022.0,5022.0,5024.0,2543.0,2543.0,2544.0,2538.0,2538.0,2539.0
0.0,15215.0,7495.0,7609.0,7630.0,7477.0,2492.0,2492.0,2493.0,2536.0,2536.0,2537.0,2498.0,2498.0,2499.0,5071.0,5071.0,5073.0,2492.0,2492.0,2493.0,2536.0,2536.0,2537.0
0.0,15350.0,7444.0,7606.0,7477.0,7435.0,2478.0,2478.0,2479.0,2535.0,2535.0,2536.0,2481.0,2481.0,2482.0,5116.0,5116.0,5118.0,2478.0,2478.0,2479.0,2535.0,2535.0,2536.0
0.0,15383.0,7705.0,7609.0,7435.0,7714.0,2571.0,2571.0,2572.0,2536.0,2536.0,2537.0,2568.0,2568.0,2569.0,5127.0,5127.0,5129.0,2571.0,2571.0,2572.0,2536.0,2536.0,2537.0
0.0,15113.0,7762.0,7615.0,7714.0,7780.0,2593.0,2593.0,2594.0,2538.0,2538.0,2539.0,2587.0,2587.0,2588.0,5037.0,5037.0,5039.0,2593.0,2593.0,2594.0,2538.0,2538.0,2539.0
0.0,15065.0,7723.0,7618.0,7780.0,7732.0,2577.0,2577.0,2578.0,2539.0,2539.0,2540.0,2574.0,2574.0,2575.0,5021.0,5021.0,5023.0,2577.0,2577.0,2578.0,2539.0,2539.0,2540.0
0.0,15122.0,7780.0,7624.0,7732.0,7798.0,2599.0,2599.0,2600.0,2541.0,2541.0,2542.0,2593.0,2593.0,2594.0,5040.0,5040.0,5042.0,2599.0,2599.0,2600.0,2541.0,2541.0,2542.0
0.0,15074.0,7603.0,7621.0,7798.0,7594.0,2531.0,2531.0,2532.0,2540.0,2540.0,2541.0,2534.0,2534.0,2535.0,5024.0,5024.0,5026.0,2531.0,2531.0,2532.0,2540.0,2540.0,2541.0
0.0,15269.0,7540.0,7618.0,7594.0,7531.0,2510.0,2510.0,2511.0,2539.0,2539.0,2540.0,2513.0,2513.0,2514.0,5089.0,5089.0,5091.0,2510.0,2510.0,2511.0,2539.0,2539.0,2540.0
0.0,15323.0,7738.0,7618.0,7531.0,7738.0,2579.0,2579.0,2580.0,2539.0,2539.0,2540.0,2579.0,2579.0,2580.0,5107.0,5107.0,5109.0,2579.0,2579.0,2580.0,2539.0,2539.0,2540.0
0.0,15116.0,7636.0,7621.0,7738.0,7645.0,2548.0,2548.0,2549.0,2540.0,2540.0,2541.0,2545.0,2545.0,2546.0,5038.0,5038.0,5040.0,2548.0,2548.0,2549.0,2540.0,2540.0,2541.0
0.0,15218.0,7777.0,7627.0,7645.0,7795.0,2598.0,2598.0,2599.0,2542.0,2542.0,2543.0,2592.0,2592.0,2593.0,5072.0,5072.0,5074.0,2598.0,2598.0,2599.0,2542.0,2542.0,2543.0
0.0,15086.0,7840.0,7633.0,7795.0,7858.0,2619.0,2619.0,2620.0,2544.0,2544.0,2545.0,2613.0,2613.0,2614.0,5028.0,5028.0,5030.0,2619.0,2619.0,2620.0,2544.0,2544.0,2545.0
0.0,15041.0,7709.0,7633.0,7858.0,7709.0,2569.0,2569.0,2571.0,2544.0,2544.0,2545.0,2569.0,2569.0,2571.0,5013.0,5013.0,5015.0,2569.0,2569.0,2571.0,2544.0,2544.0,2545.0
0.0,15190.0,7600.0,7630.0,7709.0,7591.0,2530.0,2530.0,2531.0,2543.0,2543.0,2544.0,2533.0,2533.0,2534.0,5063.0,5063.0,5064.0,2530.0,2530.0,2531.0,2543.0,2543.0,2544.0
0.0,15299.0,7615.0,7624.0,7591.0,7597.0,2532.0,2532.0,2533.0,2541.0,2541.0,2542.0,2538.0,2538.0,2539.0,5099.0,5099.0,5101.0,2532.0,2532.0,2533.0,2541.0,2541.0,2542.0
0.0,15275.0,7648.0,7624.0,7597.0,7648.0,2549.0,2549.0,2550.0,2541.0,2541.0,2542.0,2549.0,2549.0,2550.0,5091.0,5091.0,5093.0,2549.0,2549.0,2550.0,2541.0,2541.0,2542.0
0.0,15224.0,7771.0,7630.0,7648.0,7789.0,2596.0,2596.0,2597.0,2543.0,2543.0,2544.0,2590.0,2590.0,2591.0,5074.0,5074.0,5076.0,2596.0,2596.0,2597.0,2543.0,2543.0,2544.0
0.0,15101.0,7735.0,7636.0,7789.0,7753.0,2584.0,2584.0,2585.0,2545.0,2545.0,2546.0,2578.0,2578.0,2579.0,5033.0,5033.0,5035.0,2584.0,2584.0,2585.0,2545.0,2545.0,2546.0
0.0,15155.0,7810.0,7645.0,7753.0,7837.0,2612.0,2612.0,2613.0,2548.0,2548.0,2549.0,2603.0,2603.0,2604.0,5051.0,5051.0,5053.0,2612.0,2612.0,2613.0,2548.0,2548.0,2549.0
0.0,15098.0,7798.0,7648.0,7837.0,7807.0,2602.0,2602.0,2603.0,2549.0,2549.0,2550.0,2599.0,2599.0,2600.0,5032.0,5032.0,5034.0,2602.0,2602.0,2603.0,2549.0,2549.0,2550.0
0.0,15137.0,7555.0,7645.0,7807.0,7546.0,2515.0,2515.0,2516.0,2548.0,2548.0,2549.0,2518.0,2518.0,2519.0,5045.0,5045.0,5047.0,2515.0,2515.0,2516.0,2548.0,2548.0,2549.0
0.0,15389.0,7609.0,7642.0,7546.0,7600.0,2533.0,2533.0,2534.0,2547.0,2547.0,2548.0,2536.0,2536.0,2537.0,5129.0,5129.0,5131.0,2533.0,2533.0,2534.0,2547.0,2547.0,2548.0
0.0,15326.0,7456.0,7639.0,7600.0,7447.0,2482.0,2482.0,2483.0,2546.0,2546.0,2547.0,2485.0,2485.0,2486.0,5108.0,5108.0,5110.0,2482.0,2482.0,2483.0,2546.0,2546.0,2547.0
0.0,15470.0,7768.0,7645.0,7447.0,7786.0,2595.0,2595.0,2596.0,2548.0,2548.0,2549.0,2589.0,2589.0,2590.0,5156.0,5156.0,5158.0,2595.0,2595.0,2596.0,2548.0,2548.0,2549.0
0.0,15149.0,7684.0,7651.0,7786.0,7702.0,2567.0,2567.0,2568.0,2550.0,2550.0,2551.0,2561.0,2561.0,2562.0,5049.0,5049.0,5051.0,2567.0,2567.0,2568.0,2550.0,2550.0,2551.0
0.0,15251.0,7819.0,7657.0,7702.0,7837.0,2612.0,2612.0,2613.0,2552.0,2552.0,2553.0,2606.0,2606.0,2607.0,5083.0,5083.0,5085.0,2612.0,2612.0,2613.0,2552.0,2552.0,2553.0
0.0,15134.0,7751.0,7660.0,7837.0,7760.0,2586.0,2586.0,2588.0,2553.0,2553.0,2554.0,2583.0,2583.0,2585.0,5044.0,5044.0,5046.0,2586.0,2586.0,2588.0,2553.0,2553.0,2554.0
0.0,15220.0,7717.0,7663.0,7760.0,7726.0,2575.0,2575.0,2576.0,2554.0,2554.0,2555.0,2572.0,2572.0,2573.0,5073.0,5073.0,5074.0,2575.0,2575.0,2576.0,2554.0,2554.0,2555.0
0.0,15263.0,7591.0,7660.0,7726.0,7582.0,2527.0,2527.0,2528.0,2553.0,2553.0,2554.0,2530.0,2530.0,2531.0,5087.0,5087.0,5089.0,2527.0,2527.0,2528.0,2553.0,2553.0,2554.0
0.0,15398.0,7540.0,7657.0,7582.0,7531.0,2510.0,2510.0,2511.0,2552.0,2552.0,2553.0,2513.0,2513.0,2514.0,5132.0,5132.0,5134.0,2510.0,2510.0,2511.0,2552.0,2552.0,2553.0
0.0,15440.0,7637.0,7660.0,7531.0,7646.0,2548.0,2548.0,2550.0,2553.0,2553.0,2554.0,2545.0,2545.0,2547.0,5146.0,5146.0,5148.0,2548.0,2548.0,2550.0,2553.0,2553.0,2554.0
0.0,15334.0,7684.0,7666.0,7646.0,7702.0,2567.0,2567.0,2568.0,2555.0,2555.0,2556.0,2561.0,2561.0,2562.0,5111.0,5111.0,5112.0,2567.0,2567.0,2568.0,2555.0,2555.0,2556.0
0.0,15296.0,7924.0,7675.0,7702.0,7951.0,2650.0,2650.0,2651.0,2558.0,2558.0,2559.0,2641.0,2641.0,2642.0,5098.0,5098.0,5100.0,2650.0,2650.0,2651.0,2558.0,2558.0,2559.0
0.0,15074.0,7810.0,7678.0,7951.0,7819.0,2606.0,2606.0,2607.0,2559.0,2559.0,2560.0,2603.0,2603.0,2604.0,5024.0,5024.0,5026.0,2606.0,2606.0,2607.0,2559.0,2559.0,2560.0
0.0,15215.0,7603.0,7675.0,7819.0,7594.0,2531.0,2531.0,2532.0,2558.0,2558.0,2559.0,2534.0,2534.0,2535.0,5071.0,5071.0,5073.0,2531.0,2531.0,2532.0,2558.0,2558.0,2559.0
0.0,15431.0,7648.0,7672.0,7594.0,7639.0,2546.0,2546.0,2547.0,2557.0,2557.0,2558.0,2549.0,2549.0,2550.0,5143.0,5143.0,5145.0,2546.0,2546.0,2547.0,2557.0,2557.0,2558.0
0.0,15377.0,7651.0,7672.0,7639.0,7651.0,2550.0,2550.0,2551.0,2557.0,2557.0,2558.0,2550.0,2550.0,2551.0,5125.0,5125.0,5127.0,2550.0,2550.0,2551.0,2557.0,2557.0,2558.0
0.0,15365.0,7705.0,7675.0,7651.0,7714.0,2571.0,2571.0,2572.0,2558.0,2558.0,2559.0,2568.0,2568.0,2569.0,5121.0,5121.0,5123.0,2571.0,2571.0,2572.0,2558.0,2558.0,2559.0
0.0,15311.0,7891.0,7684.0,7714.0,7918.0,2639.0,2639.0,2640.0,2561.0,2561.0,2562.0,2630.0,2630.0,2631.0,5103.0,5103.0,5105.0,2639.0,2639.0,2640.0,2561.0,2561.0,2562.0
0.0,15134.0,7915.0,7691.0,7918.0,7936.0,2644.0,2644.0,2648.0,2563.0,2563.0,2565.0,2638.0,2638.0,2639.0,5044.0,5044.0,5046.0,2644.0,2644.0,2648.0,2563.0,2563.0,2565.0
0.0,15137.0,7649.0,7690.0,7936.0,7646.0,2549.0,2549.0,2548.0,2563.0,2563.0,2564.0,2549.0,2549.0,2551.0,5045.0,5045.0,5047.0,2549.0,2549.0,2548.0,2563.0,2563.0,2564.0
0.0,15424.0,7637.0,7687.0,7646.0,7628.0,2542.0,2542.0,2544.0,2562.0,2562.0,2563.0,2545.0,2545.0,2547.0,5140.0,5140.0,5144.0,2542.0,2542.0,2544.0,2562.0,2562.0,2563.0
0.0,15433.0,7549.0,7681.0,7628.0,7531.0,2510.0,2510.0,2511.0,2560.0,2560.0,2561.0,2516.0,2516.0,2517.0,5144.0,5144.0,5145.0,2510.0,2510.0,2511.0,2560.0,2560.0,2561.0
0.0,15512.0,7618.0,7681.0,7531.0,7618.0,2539.0,2539.0,2540.0,2560.0,2560.0,2561.0,2539.0,2539.0,2540.0,5170.0,5170.0,5172.0,2539.0,2539.0,2540.0,2560.0,2560.0,2561.0
0.0,15425.0,7700.0,7684.0,7618.0,7709.0,2569.0,2569.0,2571.0,2561.0,2561.0,2562.0,2566.0,2566.0,2568.0,5141.0,5141.0,5143.0,2569.0,2569.0,2571.0,2561.0,2561.0,2562.0
0.0,15343.0,7846.0,7690.0,7709.0,7864.0,2621.0,2621.0,2622.0,2563.0,2563.0,2564.0,2615.0,2615.0,2616.0,5114.0,5114.0,5115.0,2621.0,2621.0,2622.0,2563.0,2563.0,2564.0
0.0,15206.0,7780.0,7693.0,7864.0,7789.0,2596.0,2596.0,2597.0,2564.0,2564.0,2565.0,2593.0,2593.0,2594.0,5068.0,5068.0,5070.0,2596.0,2596.0,2597.0,2564.0,2564.0,2565.0
0.0,15290.0,7876.0,7699.0,7789.0,7894.0,2631.0,2631.0,2632.0,2566.0,2566.0,2567.0,2625.0,2625.0,2626.0,5096.0,5096.0,5098.0,2631.0,2631.0,2632.0,2566.0,2566.0,2567.0
0.0,15203.0,7615.0,7696.0,7894.0,7606.0,2535.0,2535.0,2536.0,2565.0,2565.0,2566.0,2538.0,2538.0,2539.0,5067.0,5067.0,5069.0,2535.0,2535.0,2536.0,2565.0,2565.0,2566.0
0.0,15482.0,7417.0,7687.0,7606.0,7390.0,2463.0,2463.0,2464.0,2562.0,2562.0,2563.0,2472.0,2472.0,2473.0,5160.0,5160.0,5162.0,2463.0,2463.0,2464.0,2562.0,2562.0,2563.0
0.0,15671.0,7660.0,7687.0,7390.0,7660.0,2553.0,2553.0,2554.0,2562.0,2562.0,2563.0,2553.0,2553.0,2554.0,5223.0,5223.0,5225.0,2553.0,2553.0,2554.0,2562.0,2562.0,2563.0
0.0,15401.0,7729.0,7687.0,7660.0,7729.0,2576.0,2576.0,2577.0,2562.0,2562.0,2563.0,2576.0,2576.0,2577.0,5133.0,5133.0,5135.0,2576.0,2576.0,2577.0,2562.0,2562.0,2563.0
0.0,15332.0,7804.0,7693.0,7729.0,7822.0,2607.0,2607.0,2608.0,2564.0,2564.0,2565.0,2601.0,2601.0,2602.0,5110.0,5110.0,5112.0,2607.0,2607.0,2608.0,2564.0,2564.0,2565.0
0.0,15257.0,7798.0,7700.0,7822.0,7819.0,2605.0,2605.0,2609.0,2566.0,2566.0,2568.0,2599.0,2599.0,2600.0,5085.0,5085.0,5087.0,2605.0,2605.0,2609.0,2566.0,2566.0,2568.0
0.0,15281.0,7702.0,7700.0,7819.0,7702.0,2567.0,2567.0,2568.0,2566.0,2566.0,2568.0,2567.0,2567.0,2568.0,5093.0,5093.0,5095.0,2567.0,2567.0,2568.0,2566.0,2566.0,2568.0
0.0,15398.0,7600.0,7697.0,7702.0,7591.0,2530.0,2530.0,2531.0,2565.0,2565.0,2567.0,2533.0,2533.0,2534.0,5131.0,5131.0,5136.0,2530.0,2530.0,2531.0,2565.0,2565.0,2567.0
0.0,15500.0,7537.0,7693.0,7591.0,7525.0,2509.0,2509.0,2507.0,2564.0,2564.0,2565.0,2512.0,2512.0,2513.0,5165.0,5165.0,5170.0,2509.0,2509.0,2507.0,2564.0,2564.0,2565.0
0.0,15554.0,7625.0,7690.0,7525.0,7616.0,2538.0,2538.0,2540.0,2563.0,2563.0,2564.0,2541.0,2541.0,2543.0,5183.0,5183.0,5188.0,2538.0,2538.0,2540.0,2563.0,2563.0,2564.0
0.0,15454.0,7660.0,7693.0,7616.0,7669.0,2556.0,2556.0,2557.0,2564.0,2564.0,2565.0,2553.0,2553.0,2554.0,5151.0,5151.0,5152.0,2556.0,2556.0,2557.0,2564.0,2564.0,2565.0
0.0,15410.0,7963.0,7699.0,7669.0,7981.0,2660.0,2660.0,2661.0,2566.0,2566.0,2567.0,2654.0,2654.0,2655.0,5136.0,5136.0,5138.0,2660.0,2660.0,2661.0,2566.0,2566.0,2567.0
0.0,15116.0,7867.0,7702.0,7981.0,7876.0,2625.0,2625.0,2626.0,2567.0,2567.0,2568.0,2622.0,2622.0,2623.0,5038.0,5038.0,5040.0,2625.0,2625.0,2626.0,2567.0,2567.0,2568.0
0.0,15230.0,7984.0,7708.0,7876.0,8002.0,2667.0,2667.0,2668.0,2569.0,2569.0,2570.0,2661.0,2661.0,2662.0,5076.0,5076.0,5078.0,2667.0,2667.0,2668.0,2569.0,2569.0,2570.0
0.0,15122.0,7667.0,7708.0,8002.0,7667.0,2555.0,2555.0,2557.0,2569.0,2569.0,2570.0,2555.0,2555.0,2557.0,5040.0,5040.0,5042.0,2555.0,2555.0,2557.0,2569.0,2569.0,2570.0
0.0,15457.0,7705.0,7705.0,7667.0,7696.0,2565.0,2565.0,2566.0,2568.0,2568.0,2569.0,2568.0,2568.0,2569.0,5152.0,5152.0,5153.0,2565.0,2565.0,2566.0,2568.0,2568.0,2569.0
0.0,15419.0,7553.0,7702.0,7696.0,7544.0,2514.0,2514.0,2516.0,2567.0,2567.0,2568.0,2517.0,2517.0,2519.0,5139.0,5139.0,5141.0,2514.0,2514.0,2516.0,2567.0,2567.0,2568.0
0.0,15562.0,7645.0,7702.0,7544.0,7645.0,2548.0,2548.0,2549.0,2567.0,2567.0,2568.0,2548.0,2548.0,2549.0,5187.0,5187.0,5188.0,2548.0,2548.0,2549.0,2567.0,2567.0,2568.0
0.0,15461.0,7981.0,7709.0,7645.0,8002.0,2666.0,2666.0,2670.0,2569.0,2569.0,2571.0,2660.0,2660.0,2661.0,5153.0,5153.0,5155.0,2666.0,2666.0,2670.0,2569.0,2569.0,2571.0
0.0,15125.0,7882.0,7714.0,8002.0,7897.0,2633.0,2633.0,2631.0,2571.0,2571.0,2572.0,2627.0,2627.0,2628.0,5041.0,5041.0,5043.0,2633.0,2633.0,2631.0,2571.0,2571.0,2572.0
0.0,15245.0,7792.0,7714.0,7897.0,7792.0,2597.0,2597.0,2598.0,2571.0,2571.0,2572.0,2597.0,2597.0,2598.0,5080.0,5080.0,5085.0,2597.0,2597.0,2598.0,2571.0,2571.0,2572.0
0.0,15350.0,7642.0,7712.0,7792.0,7636.0,2544.0,2544.0,2548.0,2570.0,2570.0,2572.0,2547.0,2547.0,2548.0,5116.0,5116.0,5118.0,2544.0,2544.0,2548.0,2570.0,2570.0,2572.0
0.0,15500.0,7660.0,7709.0,7636.0,7651.0,2550.0,2550.0,2551.0,2569.0,2569.0,2571.0,2553.0,2553.0,2554.0,5166.0,5166.0,5168.0,2550.0,2550.0,2551.0,2569.0,2569.0,2571.0
0.0,15476.0,7570.0,7705.0,7651.0,7558.0,2520.0,2520.0,2518.0,2568.0,2568.0,2569.0,2523.0,2523.0,2524.0,5157.0,5157.0,5162.0,2520.0,2520.0,2518.0,2568.0,2568.0,2569.0
0.0,15557.0,7741.0,7708.0,7558.0,7750.0,2583.0,2583.0,2584.0,2569.0,2569.0,2570.0,2580.0,2580.0,2581.0,5184.0,5184.0,5189.0,2583.0,2583.0,2584.0,2569.0,2569.0,2570.0
0.0,15374.0,7852.0,7714.0,7750.0,7870.0,2623.0,2623.0,2624.0,2571.0,2571.0,2572.0,2617.0,2617.0,2618.0,5124.0,5124.0,5126.0,2623.0,2623.0,2624.0,2571.0,2571.0,2572.0
0.0,15272.0,7954.0,7723.0,7870.0,7981.0,2660.0,2660.0,2661.0,2574.0,2574.0,2575.0,2651.0,2651.0,2652.0,5090.0,5090.0,5092.0,2660.0,2660.0,2661.0,2574.0,2574.0,2575.0
0.0,15188.0,7747.0,7723.0,7981.0,7747.0,2582.0,2582.0,2583.0,2574.0,2574.0,2575.0,2582.0,2582.0,2583.0,5062.0,5062.0,5064.0,2582.0,2582.0,2583.0,2574.0,2574.0,2575.0
0.0,15422.0,7678.0,7723.0,7747.0,7678.0,2559.0,2559.0,2560.0,2574.0,2574.0,2575.0,2559.0,2559.0,2560.0,5140.0,5140.0,5142.0,2559.0,2559.0,2560.0,2574.0,2574.0,2575.0
0.0,15491.0,7573.0,7717.0,7678.0,7555.0,2518.0,2518.0,2519.0,2572.0,2572.0,2573.0,2524.0,2524.0,2525.0,5163.0,5163.0,5165.0,2518.0,2518.0,2519.0,2572.0,2572.0,2573.0
0.0,15596.0,7612.0,7714.0,7555.0,7603.0,2534.0,2534.0,2535.0,2571.0,2571.0,2572.0,2537.0,2537.0,2538.0,5198.0,5198.0,5200.0,2534.0,2534.0,2535.0,2571.0,2571.0,2572.0
0.0,15539.0,7705.0,7714.0,7603.0,7705.0,2568.0,2568.0,2569.0,2571.0,2571.0,2572.0,2568.0,2568.0,2569.0,5179.0,5179.0,5181.0,2568.0,2568.0,2569.0,2571.0,2571.0,2572.0
0.0,15437.0,7726.0,7717.0,7705.0,7735.0,2578.0,2578.0,2579.0,2572.0,2572.0,2573.0,2575.0,2575.0,2576.0,5145.0,5145.0,5147.0,2578.0,2578.0,2579.0,2572.0,2572.0,2573.0
0.0,15416.0,7855.0,7723.0,7735.0,7873.0,2624.0,2624.0,2625.0,2574.0,2574.0,2575.0,2618.0,2618.0,2619.0,5138.0,5138.0,5140.0,2624.0,2624.0,2625.0,2574.0,2574.0,2575.0
0.0,15296.0,7690.0,7724.0,7873.0,7693.0,2563.0,2563.0,2567.0,2574.0,2574.0,2576.0,2563.0,2563.0,2564.0,5098.0,5098.0,5100.0,2563.0,2563.0,2567.0,2574.0,2574.0,2576.0
0.0,15479.0,7699.0,7726.0,7693.0,7705.0,2569.0,2569.0,2567.0,2575.0,2575.0,2576.0,2566.0,2566.0,2567.0,5159.0,5159.0,5161.0,2569.0,2569.0,2567.0,2575.0,2575.0,2576.0
0.0,15473.0,7597.0,7718.0,7705.0,7573.0,2523.0,2523.0,2527.0,2572.0,2572.0,2574.0,2532.0,2532.0,2533.0,5156.0,5156.0,5161.0,2523.0,2523.0,2527.0,2572.0,2572.0,2574.0
0.0,15581.0,7633.0,7714.0,7573.0,7621.0,2541.0,2541.0,2539.0,2571.0,2571.0,2572.0,2544.0,2544.0,2545.0,5193.0,5193.0,5195.0,2541.0,2541.0,2539.0,2571.0,2571.0,2572.0
0.0,15521.0,7819.0,7720.0,7621.0,7837.0,2612.0,2612.0,2613.0,2573.0,2573.0,2574.0,2606.0,2606.0,2607.0,5172.0,5172.0,5177.0,2612.0,2612.0,2613.0,2573.0,2573.0,2574.0
0.0,15323.0,7828.0,7723.0,7837.0,7837.0,2612.0,2612.0,2613.0,2574.0,2574.0,2575.0,2609.0,2609.0,2610.0,5107.0,5107.0,5109.0,2612.0,2612.0,2613.0,2574.0,2574.0,2575.0
0.0,15332.0,7940.0,7729.0,7837.0,7958.0,2652.0,2652.0,2654.0,2576.0,2576.0,2577.0,2646.0,2646.0,2648.0,5110.0,5110.0,5112.0,2652.0,2652.0,2654.0,2576.0,2576.0,2577.0
1.0,0.0,288.0,288.0,0.0,864.0,288.0,288.0,288.0,96.0,96.0,96.0,96.0,96.0,96.0,0.0,0.0,0.0,288.0,288.0,288.0,96.0,96.0,96.0
1.0,0.0,357.0,324.0,0.0,972.0,324.0,324.0,324.0,108.0,108.0,108.0,119.0,119.0,119.0,0.0,0.0,0.0,324.0,324.0,324.0,108.0,108.0,108.0
1.0,0.0,399.0,348.0,1836.0,252.0,84.0,84.0,84.0,116.0,116.0,116.0,133.0,133.0,133.0,0.0,0.0,0.0,84.0,84.0,84.0,116.0,116.0,116.0
1.0,792.0,348.0,348.0,252.0,348.0,116.0,116.0,116.0,116.0,116.0,116.0,116.0,116.0,116.0,264.0,264.0,264.0,116.0,116.0,116.0,116.0,116.0,116.0
1.0,696.0,294.0,336.0,348.0,258.0,86.0,86.0,86.0,112.0,112.0,112.0,98.0,98.0,98.0,232.0,232.0,232.0,86.0,86.0,86.0,112.0,112.0,112.0
1.0,750.0,207.0,315.0,258.0,144.0,48.0,48.0,48.0,105.0,105.0,105.0,69.0,69.0,69.0,250.0,250.0,250.0,48.0,48.0,48.0,105.0,105.0,105.0
1.0,801.0,276.0,309.0,144.0,258.0,86.0,86.0,86.0,103.0,103.0,103.0,92.0,92.0,92.0,267.0,267.0,267.0,86.0,86.0,86.0,103.0,103.0,103.0
1.0,669.0,315.0,312.0,258.0,324.0,108.0,108.0,108.0,104.0,104.0,104.0,105.0,105.0,105.0,223.0,223.0,223.0,108.0,108.0,108.0,104.0,104.0,104.0
1.0,612.0,354.0,315.0,324.0,363.0,121.0,121.0,121.0,105.0,105.0,105.0,118.0,118.0,118.0,204.0,204.0,204.0,121.0,121.0,121.0,105.0,105.0,105.0
1.0,582.0,324.0,315.0,363.0,324.0,108.0,108.0,108.0,105.0,105.0,105.0,108.0,108.0,108.0,194.0,194.0,194.0,108.0,108.0,108.0,105.0,105.0,105.0
1.0,621.0,369.0,321.0,324.0,387.0,129.0,129.0,129.0,107.0,107.0,107.0,123.0,123.0,123.0,207.0,207.0,207.0,129.0,129.0,129.0,107.0,107.0,107.0
1.0,576.0,270.0,318.0,387.0,261.0,87.0,87.0,87.0,106.0,106.0,106.0,90.0,90.0,90.0,192.0,192.0,192.0,87.0,87.0,87.0,106.0,106.0,106.0
1.0,693.0,231.0,309.0,261.0,204.0,68.0,68.0,68.0,103.0,103.0,103.0,77.0,77.0,77.0,231.0,231.0,231.0,68.0,68.0,68.0,103.0,103.0,103.0
1.0,723.0,231.0,306.0,204.0,222.0,74.0,74.0,74.0,102.0,102.0,102.0,77.0,77.0,77.0,241.0,241.0,241.0,74.0,74.0,74.0,102.0,102.0,102.0
1.0,696.0,333.0,306.0,222.0,333.0,111.0,111.0,111.0,102.0,102.0,102.0,111.0,111.0,111.0,232.0,232.0,232.0,111.0,111.0,111.0,102.0,102.0,102.0
1.0,585.0,300.0,306.0,333.0,300.0,100.0,100.0,100.0,102.0,102.0,102.0,100.0,100.0,100.0,195.0,195.0,195.0,100.0,100.0,100.0,102.0,102.0,102.0
1.0,618.0,384.0,312.0,300.0,402.0,134.0,134.0,134.0,104.0,104.0,104.0,128.0,128.0,128.0,206.0,206.0,206.0,134.0,134.0,134.0,104.0,104.0,104.0
1.0,534.0,333.0,312.0,402.0,333.0,111.0,111.0,111.0,104.0,104.0,104.0,111.0,111.0,111.0,178.0,178.0,178.0,111.0,111.0,111.0,104.0,104.0,104.0
1.0,603.0,288.0,312.0,333.0,288.0,96.0,96.0,96.0,104.0,104.0,104.0,96.0,96.0,96.0,201.0,201.0,201.0,96.0,96.0,96.0,104.0,104.0,104.0
1.0,648.0,228.0,306.0,288.0,210.0,70.0,70.0,70.0,102.0,102.0,102.0,76.0,76.0,76.0,216.0,216.0,216.0,70.0,70.0,70.0,102.0,102.0,102.0
1.0,708.0,267.0,306.0,210.0,267.0,89.0,89.0,89.0,102.0,102.0,102.0,89.0,89.0,89.0,236.0,236.0,236.0,89.0,89.0,89.0,102.0,102.0,102.0
1.0,651.0,285.0,303.0,267.0,276.0,92.0,92.0,92.0,101.0,101.0,101.0,95.0,95.0,95.0,217.0,217.0,217.0,92.0,92.0,92.0,101.0,101.0,101.0
1.0,633.0,372.0,306.0,276.0,381.0,127.0,127.0,127.0,102.0,102.0,102.0,124.0,124.0,124.0,211.0,211.0,211.0,127.0,127.0,127.0,102.0,102.0,102.0
1.0,537.0,339.0,309.0,381.0,348.0,116.0,116.0,116.0,103.0,103.0,103.0,113.0,113.0,113.0,179.0,179.0,179.0,116.0,116.0,116.0,103.0,103.0,103.0
1.0,579.0,375.0,312.0,348.0,384.0,128.0,128.0,128.0,104.0,104.0,104.0,125.0,125.0,125.0,193.0,193.0,193.0,128.0,128.0,128.0,104.0,104.0,104.0
1.0,552.0,270.0,309.0,384.0,261.0,87.0,87.0,87.0,103.0,103.0,103.0,90.0,90.0,90.0,184.0,184.0,184.0,87.0,87.0,87.0,103.0,103.0,103.0
1.0,666.0,258.0,306.0,261.0,249.0,83.0,83.0,83.0,102.0,102.0,102.0,86.0,86.0,86.0,222.0,222.0,222.0,83.0,83.0,83.0,102.0,102.0,102.0
1.0,669.0,303.0,306.0,249.0,303.0,101.0,101.0,101.0,102.0,102.0,102.0,101.0,101.0,101.0,223.0,223.0,223.0,101.0,101.0,101.0,102.0,102.0,102.0
1.0,615.0,309.0,306.0,303.0,309.0,103.0,103.0,103.0,102.0,102.0,102.0,103.0,103.0,103.0,205.0,205.0,205.0,103.0,103.0,103.0,102.0,102.0,102.0
1.0,609.0,357.0,309.0,309.0,366.0,122.0,122.0,122.0,103.0,103.0,103.0,119.0,119.0,119.0,203.0,203.0,203.0,122.0,122.0,122.0,103.0,103.0,103.0
1.0,561.0,381.0,312.0,366.0,390.0,130.0,130.0,130.0,104.0,104.0,104.0,127.0,127.0,127.0,187.0,187.0,187.0,130.0,130.0,130.0,104.0,104.0,104.0
1.0,546.0,345.0,312.0,390.0,345.0,115.0,115.0,115.0,104.0,104.0,104.0,115.0,115.0,115.0,182.0,182.0,182.0,115.0,115.0,115.0,104.0,104.0,104.0
1.0,591.0,309.0,312.0,345.0,309.0,103.0,103.0,103.0,104.0,104.0,104.0,103.0,103.0,103.0,197.0,197.0,197.0,103.0,103.0,103.0,104.0,104.0,104.0
1.0,627.0,297.0,312.0,309.0,297.0,99.0,99.0,99.0,104.0,104.0,104.0,99.0,99.0,99.0,209.0,209.0,209.0,99.0,99.0,99.0,104.0,104.0,104.0
1.0,639.0,240.0,309.0,297.0,231.0,77.0,77.0,77.0,103.0,103.0,103.0,80.0,80.0,80.0,213.0,213.0,213.0,77.0,77.0,77.0,103.0,103.0,103.0
1.0,696.0,363.0,312.0,231.0,372.0,124.0,124.0,124.0,104.0,104.0,104.0,121.0,121.0,121.0,232.0,232.0,232.0,124.0,124.0,124.0,104.0,104.0,104.0
1.0,564.0,348.0,312.0,372.0,348.0,116.0,116.0,116.0,104.0,104.0,104.0,116.0,116.0,116.0,188.0,188.0,188.0,116.0,116.0,116.0,104.0,104.0,104.0
1.0,588.0,366.0,312.0,348.0,366.0,122.0,122.0,122.0,104.0,104.0,104.0,122.0,122.0,122.0,196.0,196.0,196.0,122.0,122.0,122.0,104.0,104.0,104.0
1.0,570.0,327.0,315.0,366.0,336.0,112.0,112.0,112.0,105.0,105.0,105.0,109.0,109.0,109.0,190.0,190.0,190.0,112.0,112.0,112.0,105.0,105.0,105.0
1.0,609.0,357.0,315.0,336.0,357.0,119.0,119.0,119.0,105.0,105.0,105.0,119.0,119.0,119.0,203.0,203.0,203.0,119.0,119.0,119.0,105.0,105.0,105.0
1.0,588.0,267.0,315.0,357.0,267.0,89.0,89.0,89.0,105.0,105.0,105.0,89.0,89.0,89.0,196.0,196.0,196.0,89.0,89.0,89.0,105.0,105.0,105.0
1.0,678.0,285.0,312.0,267.0,276.0,92.0,92.0,92.0,104.0,104.0,104.0,95.0,95.0,95.0,226.0,226.0,226.0,92.0,92.0,92.0,104.0,104.0,104.0
1.0,660.0,297.0,312.0,276.0,297.0,99.0,99.0,99.0,104.0,104.0,104.0,99.0,99.0,99.0,220.0,220.0,220.0,99.0,99.0,99.0,104.0,104.0,104.0
1.0,639.0,357.0,315.0,297.0,366.0,122.0,122.0,122.0,105.0,105.0,105.0,119.0,119.0,119.0,213.0,213.0,213.0,122.0,122.0,122.0,105.0,105.0,105.0
1.0,579.0,390.0,315.0,366.0,390.0,130.0,130.0,130.0,105.0,105.0,105.0,130.0,130.0,130.0,193.0,193.0,193.0,130.0,130.0,130.0,105.0,105.0,105.0
1.0,555.0,348.0,315.0,390.0,348.0,116.0,116.0,116.0,105.0,105.0,105.0,116.0,116.0,116.0,185.0,185.0,185.0,116.0,116.0,116.0,105.0,105.0,105.0
1.0,597.0,279.0,315.0,348.0,279.0,93.0,93.0,93.0,105.0,105.0,105.0,93.0,93.0,93.0,199.0,199.0,199.0,93.0,93.0,93.0,105.0,105.0,105.0
1.0,666.0,285.0,315.0,279.0,285.0,95.0,95.0,95.0,105.0,105.0,105.0,95.0,95.0,95.0,222.0,222.0,222.0,95.0,95.0,95.0,105.0,105.0,105.0
1.0,660.0,261.0,315.0,285.0,261.0,87.0,87.0,87.0,105.0,105.0,105.0,87.0,87.0,87.0,220.0,220.0,220.0,87.0,87.0,87.0,105.0,105.0,105.0
1.0,684.0,318.0,315.0,261.0,318.0,106.0,106.0,106.0,105.0,105.0,105.0,106.0,106.0,106.0,228.0,228.0,228.0,106.0,106.0,106.0,105.0,105.0,105.0
1.0,627.0,408.0,315.0,318.0,408.0,136.0,136.0,136.0,105.0,105.0,105.0,136.0,136.0,136.0,209.0,209.0,209.0,136.0,136.0,136.0,105.0,105.0,105.0
1.0,537.0,444.0,318.0,408.0,453.0,151.0,151.0,151.0,106.0,106.0,106.0,148.0,148.0,148.0,179.0,179.0,179.0,151.0,151.0,151.0,106.0,106.0,106.0
1.0,501.0,420.0,321.0,453.0,429.0,143.0,143.0,143.0,107.0,107.0,107.0,140.0,140.0,140.0,167.0,167.0,167.0,143.0,143.0,143.0,107.0,107.0,107.0
1.0,534.0,303.0,318.0,429.0,294.0,98.0,98.0,98.0,106.0,106.0,106.0,101.0,101.0,101.0,178.0,178.0,178.0,98.0,98.0,98.0,106.0,106.0,106.0
1.0,660.0,279.0,318.0,294.0,279.0,93.0,93.0,93.0,106.0,106.0,106.0,93.0,93.0,93.0,220.0,220.0,220.0,93.0,93.0,93.0,106.0,106.0,106.0
1.0,675.0,330.0,318.0,279.0,330.0,110.0,110.0,110.0,106.0,106.0,106.0,110.0,110.0,110.0,225.0,225.0,225.0,110.0,110.0,110.0,106.0,106.0,106.0
1.0,624.0,324.0,318.0,330.0,324.0,108.0,108.0,108.0,106.0,106.0,106.0,108.0,108.0,108.0,208.0,208.0,208.0,108.0,108.0,108.0,106.0,106.0,106.0
1.0,630.0,339.0,321.0,324.0,348.0,116.0,116.0,116.0,107.0,107.0,107.0,113.0,113.0,113.0,210.0,210.0,210.0,116.0,116.0,116.0,107.0,107.0,107.0
1.0,615.0,450.0,324.0,348.0,459.0,153.0,153.0,153.0,108.0,108.0,108.0,150.0,150.0,150.0,205.0,205.0,205.0,153.0,153.0,153.0,108.0,108.0,108.0
1.0,513.0,348.0,324.0,459.0,348.0,116.0,116.0,116.0,108.0,108.0,108.0,116.0,116.0,116.0,171.0,171.0,171.0,116.0,116.0,116.0,108.0,108.0,108.0
1.0,624.0,366.0,324.0,348.0,366.0,122.0,122.0,122.0,108.0,108.0,108.0,122.0,122.0,122.0,208.0,208.0,208.0,122.0,122.0,122.0,108.0,108.0,108.0
1.0,606.0,210.0,321.0,366.0,201.0,67.0,67.0,67.0,107.0,107.0,107.0,70.0,70.0,70.0,202.0,202.0,202.0,67.0,67.0,67.0,107.0,107.0,107.0
1.0,762.0,243.0,321.0,201.0,243.0,81.0,81.0,81.0,107.0,107.0,107.0,81.0,81.0,81.0,254.0,254.0,254.0,81.0,81.0,81.0,107.0,107.0,107.0
1.0,720.0,342.0,321.0,243.0,342.0,114.0,114.0,114.0,107.0,107.0,107.0,114.0,114.0,114.0,240.0,240.0,240.0,114.0,114.0,114.0,107.0,107.0,107.0
1.0,621.0,351.0,324.0,342.0,360.0,120.0,120.0,120.0,108.0,108.0,108.0,117.0,117.0,117.0,207.0,207.0,207.0,120.0,120.0,120.0,108.0,108.0,108.0
1.0,612.0,351.0,327.0,360.0,360.0,120.0,120.0,120.0,109.0,109.0,109.0,117.0,117.0,117.0,204.0,204.0,204.0,120.0,120.0,120.0,109.0,109.0,109.0
1.0,621.0,396.0,327.0,360.0,396.0,132.0,132.0,132.0,109.0,109.0,109.0,132.0,132.0,132.0,207.0,207.0,207.0,132.0,132.0,132.0,109.0,109.0,109.0
1.0,585.0,270.0,327.0,396.0,270.0,90.0,90.0,90.0,109.0,109.0,109.0,90.0,90.0,90.0,195.0,195.0,195.0,90.0,90.0,90.0,109.0,109.0,109.0
1.0,711.0,237.0,324.0,270.0,228.0,76.0,76.0,76.0,108.0,108.0,108.0,79.0,79.0,79.0,237.0,237.0,237.0,76.0,76.0,76.0,108.0,108.0,108.0
1.0,744.0,333.0,324.0,228.0,333.0,111.0,111.0,111.0,108.0,108.0,108.0,111.0,111.0,111.0,248.0,248.0,248.0,111.0,111.0,111.0,108.0,108.0,108.0
1.0,639.0,327.0,324.0,333.0,327.0,109.0,109.0,109.0,108.0,108.0,108.0,109.0,109.0,109.0,213.0,213.0,213.0,109.0,109.0,109.0,108.0,108.0,108.0
1.0,645.0,432.0,327.0,327.0,441.0,147.0,147.0,147.0,109.0,109.0,109.0,144.0,144.0,144.0,215.0,215.0,215.0,147.0,147.0,147.0,109.0,109.0,109.0
1.0,540.0,393.0,330.0,441.0,402.0,134.0,134.0,134.0,110.0,110.0,110.0,131.0,131.0,131.0,180.0,180.0,180.0,134.0,134.0,134.0,110.0,110.0,110.0
1.0,588.0,348.0,333.0,402.0,357.0,119.0,119.0,119.0,111.0,111.0,111.0,116.0,116.0,116.0,196.0,196.0,196.0,119.0,119.0,119.0,111.0,111.0,111.0
1.0,642.0,288.0,330.0,357.0,279.0,93.0,93.0,93.0,110.0,110.0,110.0,96.0,96.0,96.0,214.0,214.0,214.0,93.0,93.0,93.0,110.0,110.0,110.0
1.0,711.0,267.0,330.0,279.0,267.0,89.0,89.0,89.0,110.0,110.0,110.0,89.0,89.0,89.0,237.0,237.0,237.0,89.0,89.0,89.0,110.0,110.0,110.0
1.0,723.0,297.0,327.0,267.0,288.0,96.0,96.0,96.0,109.0,109.0,109.0,99.0,99.0,99.0,241.0,241.0,241.0,96.0,96.0,96.0,109.0,109.0,109.0
1.0,693.0,303.0,327.0,288.0,303.0,101.0,101.0,101.0,109.0,109.0,109.0,101.0,101.0,101.0,231.0,231.0,231.0,101.0,101.0,101.0,109.0,109.0,109.0
1.0,678.0,402.0,330.0,303.0,411.0,137.0,137.0,137.0,110.0,110.0,110.0,134.0,134.0,134.0,226.0,226.0,226.0,137.0,137.0,137.0,110.0,110.0,110.0
1.0,579.0,390.0,333.0,411.0,399.0,133.0,133.0,133.0,111.0,111.0,111.0,130.0,130.0,130.0,193.0,193.0,193.0,133.0,133.0,133.0,111.0,111.0,111.0
1.0,600.0,345.0,333.0,399.0,345.0,115.0,115.0,115.0,111.0,111.0,111.0,115.0,115.0,115.0,200.0,200.0,200.0,115.0,115.0,115.0,111.0,111.0,111.0
1.0,654.0,333.0,333.0,345.0,333.0,111.0,111.0,111.0,111.0,111.0,111.0,111.0,111.0,111.0,218.0,218.0,218.0,111.0,111.0,111.0,111.0,111.0,111.0
1.0,666.0,303.0,330.0,333.0,294.0,98.0,98.0,98.0,110.0,110.0,110.0,101.0,101.0,101.0,222.0,222.0,222.0,98.0,98.0,98.0,110.0,110.0,110.0
1.0,696.0,378.0,333.0,294.0,387.0,129.0,129.0,129.0,111.0,111.0,111.0,126.0,126.0,126.0,232.0,232.0,232.0,129.0,129.0,129.0,111.0,111.0,111.0
1.0,612.0,342.0,333.0,387.0,342.0,114.0,114.0,114.0,111.0,111.0,111.0,114.0,114.0,114.0,204.0,204.0,204.0,114.0,114.0,114.0,111.0,111.0,111.0
1.0,657.0,414.0,336.0,342.0,423.0,141.0,141.0,141.0,112.0,112.0,112.0,138.0,138.0,138.0,219.0,219.0,219.0,141.0,141.0,141.0,112.0,112.0,112.0
1.0,585.0,396.0,336.0,423.0,396.0,132.0,132.0,132.0,112.0,112.0,112.0,132.0,132.0,132.0,195.0,195.0,195.0,132.0,132.0,132.0,112.0,112.0,112.0
1.0,612.0,324.0,336.0,396.0,324.0,108.0,108.0,108.0,112.0,112.0,112.0,108.0,108.0,108.0,204.0,204.0,204.0,108.0,108.0,108.0,112.0,112.0,112.0
1.0,684.0,276.0,336.0,324.0,276.0,92.0,92.0,92.0,112.0,112.0,112.0,92.0,92.0,92.0,228.0,228.0,228.0,92.0,92.0,92.0,112.0,112.0,112.0
1.0,732.0,312.0,333.0,276.0,303.0,101.0,101.0,101.0,111.0,111.0,111.0,104.0,104.0,104.0,244.0,244.0,244.0,101.0,101.0,101.0,111.0,111.0,111.0
1.0,696.0,297.0,333.0,303.0,297.0,99.0,99.0,99.0,111.0,111.0,111.0,99.0,99.0,99.0,232.0,232.0,232.0,99.0,99.0,99.0,111.0,111.0,111.0
1.0,702.0,399.0,336.0,297.0,408.0,136.0,136.0,136.0,112.0,112.0,112.0,133.0,133.0,133.0,234.0,234.0,234.0,136.0,136.0,136.0,112.0,112.0,112.0
1.0,600.0,438.0,339.0,408.0,447.0,149.0,149.0,149.0,113.0,113.0,113.0,146.0,146.0,146.0,200.0,200.0,200.0,149.0,149.0,149.0,113.0,113.0,113.0
1.0,570.0,393.0,339.0,447.0,393.0,131.0,131.0,131.0,113.0,113.0,113.0,131.0,131.0,131.0,190.0,190.0,190.0,131.0,131.0,131.0,113.0,113.0,113.0
1.0,624.0,402.0,342.0,393.0,411.0,137.0,137.0,137.0,114.0,114.0,114.0,134.0,134.0,134.0,208.0,208.0,208.0,137.0,137.0,137.0,114.0,114.0,114.0
1.0,615.0,366.0,342.0,411.0,366.0,122.0,122.0,122.0,114.0,114.0,114.0,122.0,122.0,122.0,205.0,205.0,205.0,122.0,122.0,122.0,114.0,114.0,114.0
1.0,660.0,318.0,342.0,366.0,318.0,106.0,106.0,106.0,114.0,114.0,114.0,106.0,106.0,106.0,220.0,220.0,220.0,106.0,106.0,106.0,114.0,114.0,114.0
1.0,708.0,282.0,339.0,318.0,273.0,91.0,91.0,91.0,113.0,113.0,113.0,94.0,94.0,94.0,236.0,236.0,236.0,91.0,91.0,91.0,113.0,113.0,113.0
1.0,744.0,360.0,342.0,273.0,369.0,123.0,123.0,123.0,114.0,114.0,114.0,120.0,120.0,120.0,248.0,248.0,248.0,123.0,123.0,123.0,114.0,114.0,114.0
1.0,657.0,399.0,342.0,369.0,399.0,133.0,133.0,133.0,114.0,114.0,114.0,133.0,133.0,133.0,219.0,219.0,219.0,133.0,133.0,133.0,114.0,114.0,114.0
1.0,627.0,465.0,348.0,399.0,483.0,161.0,161.0,161.0,116.0,116.0,116.0,155.0,155.0,155.0,209.0,209.0,209.0,161.0,161.0,161.0,116.0,116.0,116.0
1.0,561.0,366.0,348.0,483.0,366.0,122.0,122.0,122.0,116.0,116.0,116.0,122.0,122.0,122.0,187.0,187.0,187.0,122.0,122.0,122.0,116.0,116.0,116.0
1.0,678.0,318.0,345.0,366.0,309.0,103.0,103.0,103.0,115.0,115.0,115.0,106.0,106.0,106.0,226.0,226.0,226.0,103.0,103.0,103.0,115.0,115.0,115.0
1.0,726.0,294.0,342.0,309.0,285.0,95.0,95.0,95.0,114.0,114.0,114.0,98.0,98.0,98.0,242.0,242.0,242.0,95.0,95.0,95.0,114.0,114.0,114.0
1.0,741.0,360.0,342.0,285.0,360.0,120.0,120.0,120.0,114.0,114.0,114.0,120.0,120.0,120.0,247.0,247.0,247.0,120.0,120.0,120.0,114.0,114.0,114.0
1.0,666.0,336.0,342.0,360.0,336.0,112.0,112.0,112.0,114.0,114.0,114.0,112.0,112.0,112.0,222.0,222.0,222.0,112.0,112.0,112.0,114.0,114.0,114.0
1.0,690.0,354.0,345.0,336.0,363.0,121.0,121.0,121.0,115.0,115.0,115.0,118.0,118.0,118.0,230.0,230.0,230.0,121.0,121.0,121.0,115.0,115.0,115.0
1.0,672.0,402.0,345.0,363.0,402.0,134.0,134.0,134.0,115.0,115.0,115.0,134.0,134.0,134.0,224.0,224.0,224.0,134.0,134.0,134.0,115.0,115.0,115.0
1.0,633.0,375.0,348.0,402.0,384.0,128.0,128.0,128.0,116.0,116.0,116.0,125.0,125.0,125.0,211.0,211.0,211.0,128.0,128.0,128.0,116.0,116.0,116.0
1.0,660.0,405.0,348.0,384.0,405.0,135.0,135.0,135.0,116.0,116.0,116.0,135.0,135.0,135.0,220.0,220.0,220.0,135.0,135.0,135.0,116.0,116.0,116.0
1.0,639.0,330.0,345.0,405.0,321.0,107.0,107.0,107.0,115.0,115.0,115.0,110.0,110.0,110.0,213.0,213.0,213.0,107.0,107.0,107.0,115.0,115.0,115.0
1.0,714.0,315.0,345.0,321.0,315.0,105.0,105.0,105.0,115.0,115.0,115.0,105.0,105.0,105.0,238.0,238.0,238.0,105.0,105.0,105.0,115.0,115.0,115.0
1.0,720.0,393.0,345.0,315.0,393.0,131.0,131.0,131.0,115.0,115.0,115.0,131.0,131.0,131.0,240.0,240.0,240.0,131.0,131.0,131.0,115.0,115.0,115.0
1.0,642.0,438.0,351.0,393.0,456.0,152.0,152.0,152.0,117.0,117.0,117.0,146.0,146.0,146.0,214.0,214.0,214.0,152.0,152.0,152.0,117.0,117.0,117.0
1.0,597.0,444.0,354.0,456.0,453.0,151.0,151.0,151.0,118.0,118.0,118.0,148.0,148.0,148.0,199.0,199.0,199.0,151.0,151.0,151.0,118.0,118.0,118.0
1.0,609.0,423.0,354.0,453.0,423.0,141.0,141.0,141.0,118.0,118.0,118.0,141.0,141.0,141.0,203.0,203.0,203.0,141.0,141.0,141.0,118.0,118.0,118.0
1.0,639.0,339.0,354.0,423.0,339.0,113.0,113.0,113.0,118.0,118.0,118.0,113.0,113.0,113.0,213.0,213.0,213.0,113.0,113.0,113.0,118.0,118.0,118.0
1.0,723.0,270.0,354.0,339.0,270.0,90.0,90.0,90.0,118.0,118.0,118.0,90.0,90.0,90.0,241.0,241.0,241.0,90.0,90.0,90.0,118.0,118.0,118.0
1.0,792.0,336.0,351.0,270.0,327.0,109.0,109.0,109.0,117.0,117.0,117.0,112.0,112.0,112.0,264.0,264.0,264.0,109.0,109.0,109.0,117.0,117.0,117.0
1.0,726.0,348.0,354.0,327.0,357.0,119.0,119.0,119.0,118.0,118.0,118.0,116.0,116.0,116.0,242.0,242.0,242.0,119.0,119.0,119.0,118.0,118.0,118.0
1.0,705.0,414.0,357.0,357.0,423.0,141.0,141.0,141.0,119.0,119.0,119.0,138.0,138.0,138.0,235.0,235.0,235.0,141.0,141.0,141.0,119.0,119.0,119.0
1.0,648.0,429.0,360.0,423.0,438.0,146.0,146.0,146.0,120.0,120.0,120.0,143.0,143.0,143.0,216.0,216.0,216.0,146.0,146.0,146.0,120.0,120.0,120.0
1.0,642.0,408.0,360.0,438.0,408.0,136.0,136.0,136.0,120.0,120.0,120.0,136.0,136.0,136.0,214.0,214.0,214.0,136.0,136.0,136.0,120.0,120.0,120.0
1.0,672.0,423.0,360.0,408.0,423.0,141.0,141.0,141.0,120.0,120.0,120.0,141.0,141.0,141.0,224.0,224.0,224.0,141.0,141.0,141.0,120.0,120.0,120.0
1.0,657.0,312.0,360.0,423.0,312.0,104.0,104.0,104.0,120.0,120.0,120.0,104.0,104.0,104.0,219.0,219.0,219.0,104.0,104.0,104.0,120.0,120.0,120.0
1.0,768.0,336.0,360.0,312.0,336.0,112.0,112.0,112.0,120.0,120.0,120.0,112.0,112.0,112.0,256.0,256.0,256.0,112.0,112.0,112.0,120.0,120.0,120.0
1.0,744.0,363.0,360.0,336.0,363.0,121.0,121.0,121.0,120.0,120.0,120.0,121.0,121.0,121.0,248.0,248.0,248.0,121.0,121.0,121.0,120.0,120.0,120.0
1.0,717.0,423.0,363.0,363.0,432.0,144.0,144.0,144.0,121.0,121.0,121.0,141.0,141.0,141.0,239.0,239.0,239.0,144.0,144.0,144.0,121.0,121.0,121.0
1.0,657.0,450.0,366.0,432.0,459.0,153.0,153.0,153.0,122.0,122.0,122.0,150.0,150.0,150.0,219.0,219.0,219.0,153.0,153.0,153.0,122.0,122.0,122.0
1.0,639.0,423.0,369.0,459.0,432.0,144.0,144.0,144.0,123.0,123.0,123.0,141.0,141.0,141.0,213.0,213.0,213.0,144.0,144.0,144.0,123.0,123.0,123.0
1.0,675.0,321.0,366.0,432.0,312.0,104.0,104.0,104.0,122.0,122.0,122.0,107.0,107.0,107.0,225.0,225.0,225.0,104.0,104.0,104.0,122.0,122.0,122.0
1.0,786.0,303.0,366.0,312.0,303.0,101.0,101.0,101.0,122.0,122.0,122.0,101.0,101.0,101.0,262.0,262.0,262.0,101.0,101.0,101.0,122.0,122.0,122.0
1.0,795.0,360.0,366.0,303.0,360.0,120.0,120.0,120.0,122.0,122.0,122.0,120.0,120.0,120.0,265.0,265.0,265.0,120.0,120.0,120.0,122.0,122.0,122.0
1.0,738.0,402.0,366.0,360.0,402.0,134.0,134.0,134.0,122.0,122.0,122.0,134.0,134.0,134.0,246.0,246.0,246.0,134.0,134.0,134.0,122.0,122.0,122.0
1.0,696.0,429.0,369.0,402.0,438.0,146.0,146.0,146.0,123.0,123.0,123.0,143.0,143.0,143.0,232.0,232.0,232.0,146.0,146.0,146.0,123.0,123.0,123.0
1.0,669.0,453.0,372.0,438.0,462.0,154.0,154.0,154.0,124.0,124.0,124.0,151.0,151.0,151.0,223.0,223.0,223.0,154.0,154.0,154.0,124.0,124.0,124.0
1.0,654.0,429.0,372.0,462.0,429.0,143.0,143.0,143.0,124.0,124.0,124.0,143.0,143.0,143.0,218.0,218.0,218.0,143.0,143.0,143.0,124.0,124.0,124.0
1.0,687.0,399.0,372.0,429.0,399.0,133.0,133.0,133.0,124.0,124.0,124.0,133.0,133.0,133.0,229.0,229.0,229.0,133.0,133.0,133.0,124.0,124.0,124.0
1.0,717.0,291.0,369.0,399.0,282.0,94.0,94.0,94.0,123.0,123.0,123.0,97.0,97.0,97.0,239.0,239.0,239.0,94.0,94.0,94.0,123.0,123.0,123.0
1.0,825.0,330.0,369.0,282.0,330.0,110.0,110.0,110.0,123.0,123.0,123.0,110.0,110.0,110.0,275.0,275.0,275.0,110.0,110.0,110.0,123.0,123.0,123.0
1.0,777.0,411.0,372.0,330.0,420.0,140.0,140.0,140.0,124.0,124.0,124.0,137.0,137.0,137.0,259.0,259.0,259.0,140.0,140.0,140.0,124.0,124.0,124.0
1.0,696.0,441.0,375.0,420.0,450.0,150.0,150.0,150.0,125.0,125.0,125.0,147.0,147.0,147.0,232.0,232.0,232.0,150.0,150.0,150.0,125.0,125.0,125.0
1.0,675.0,420.0,378.0,450.0,429.0,143.0,143.0,143.0,126.0,126.0,126.0,140.0,140.0,140.0,225.0,225.0,225.0,143.0,143.0,143.0,126.0,126.0,126.0
1.0,705.0,384.0,378.0,429.0,384.0,128.0,128.0,128.0,126.0,126.0,126.0,128.0,128.0,128.0,235.0,235.0,235.0,128.0,128.0,128.0,126.0,126.0,126.0
1.0,750.0,330.0,375.0,384.0,321.0,107.0,107.0,107.0,125.0,125.0,125.0,110.0,110.0,110.0,250.0,250.0,250.0,107.0,107.0,107.0,125.0,125.0,125.0
1.0,804.0,315.0,375.0,321.0,315.0,105.0,105.0,105.0,125.0,125.0,125.0,105.0,105.0,105.0,268.0,268.0,268.0,105.0,105.0,105.0,125.0,125.0,125.0
1.0,810.0,309.0,372.0,315.0,300.0,100.0,100.0,100.0,124.0,124.0,124.0,103.0,103.0,103.0,270.0,270.0,270.0,100.0,100.0,100.0,124.0,124.0,124.0
1.0,816.0,408.0,372.0,300.0,408.0,136.0,136.0,136.0,124.0,124.0,124.0,136.0,136.0,136.0,272.0,272.0,272.0,136.0,136.0,136.0,124.0,124.0,124.0
1.0,708.0,402.0,375.0,408.0,411.0,137.0,137.0,137.0,125.0,125.0,125.0,134.0,134.0,134.0,236.0,236.0,236.0,137.0,137.0,137.0,125.0,125.0,125.0
1.0,714.0,474.0,378.0,411.0,483.0,161.0,161.0,161.0,126.0,126.0,126.0,158.0,158.0,158.0,238.0,238.0,238.0,161.0,161.0,161.0,126.0,126.0,126.0
1.0,651.0,420.0,378.0,483.0,420.0,140.0,140.0,140.0,126.0,126.0,126.0,140.0,140.0,140.0,217.0,217.0,217.0,140.0,140.0,140.0,126.0,126.0,126.0
1.0,714.0,381.0,378.0,420.0,381.0,127.0,127.0,127.0,126.0,126.0,126.0,127.0,127.0,127.0,238.0,238.0,238.0,127.0,127.0,127.0,126.0,126.0,126.0
1.0,753.0,315.0,375.0,381.0,306.0,102.0,102.0,102.0,125.0,125.0,125.0,105.0,105.0,105.0,251.0,251.0,251.0,102.0,102.0,102.0,125.0,125.0,125.0
1.0,819.0,342.0,375.0,306.0,342.0,114.0,114.0,114.0,125.0,125.0,125.0,114.0,114.0,114.0,273.0,273.0,273.0,114.0,114.0,114.0,125.0,125.0,125.0
1.0,783.0,423.0,378.0,342.0,432.0,144.0,144.0,144.0,126.0,126.0,126.0,141.0,141.0,141.0,261.0,261.0,261.0,144.0,144.0,144.0,126.0,126.0,126.0
1.0,702.0,435.0,381.0,432.0,444.0,148.0,148.0,148.0,127.0,127.0,127.0,145.0,145.0,145.0,234.0,234.0,234.0,148.0,148.0,148.0,127.0,127.0,127.0
1.0,699.0,438.0,381.0,444.0,438.0,146.0,146.0,146.0,127.0,127.0,127.0,146.0,146.0,146.0,233.0,233.0,233.0,146.0,146.0,146.0,127.0,127.0,127.0
1.0,705.0,378.0,384.0,438.0,387.0,129.0,129.0,129.0,128.0,128.0,128.0,126.0,126.0,126.0,235.0,235.0,235.0,129.0,129.0,129.0,128.0,128.0,128.0
1.0,765.0,339.0,381.0,387.0,330.0,110.0,110.0,110.0,127.0,127.0,127.0,113.0,113.0,113.0,255.0,255.0,255.0,110.0,110.0,110.0,127.0,127.0,127.0
1.0,813.0,342.0,381.0,330.0,342.0,114.0,114.0,114.0,127.0,127.0,127.0,114.0,114.0,114.0,271.0,271.0,271.0,114.0,114.0,114.0,127.0,127.0,127.0
1.0,801.0,300.0,381.0,342.0,300.0,100.0,100.0,100.0,127.0,127.0,127.0,100.0,100.0,100.0,267.0,267.0,267.0,100.0,100.0,100.0,127.0,127.0,127.0
1.0,843.0,387.0,378.0,300.0,378.0,126.0,126.0,126.0,126.0,126.0,126.0,129.0,129.0,129.0,281.0,281.0,281.0,126.0,126.0,126.0,126.0,126.0,126.0
1.0,756.0,375.0,381.0,378.0,384.0,128.0,128.0,128.0,127.0,127.0,127.0,125.0,125.0,125.0,252.0,252.0,252.0,128.0,128.0,128.0,127.0,127.0,127.0
1.0,759.0,483.0,384.0,384.0,492.0,164.0,164.0,164.0,128.0,128.0,128.0,161.0,161.0,161.0,253.0,253.0,253.0,164.0,164.0,164.0,128.0,128.0,128.0
1.0,660.0,468.0,384.0,492.0,468.0,156.0,156.0,156.0,128.0,128.0,128.0,156.0,156.0,156.0,220.0,220.0,220.0,156.0,156.0,156.0,128.0,128.0,128.0
1.0,684.0,339.0,384.0,468.0,339.0,113.0,113.0,113.0,128.0,128.0,128.0,113.0,113.0,113.0,228.0,228.0,228.0,113.0,113.0,113.0,128.0,128.0,128.0
1.0,813.0,357.0,381.0,339.0,348.0,116.0,116.0,116.0,127.0,127.0,127.0,119.0,119.0,119.0,271.0,271.0,271.0,116.0,116.0,116.0,127.0,127.0,127.0
1.0,795.0,282.0,378.0,348.0,273.0,91.0,91.0,91.0,126.0,126.0,126.0,94.0,94.0,94.0,265.0,265.0,265.0,91.0,91.0,91.0,126.0,126.0,126.0
1.0,861.0,408.0,381.0,273.0,417.0,139.0,139.0,139.0,127.0,127.0,127.0,136.0,136.0,136.0,287.0,287.0,287.0,139.0,139.0,139.0,127.0,127.0,127.0
1.0,726.0,444.0,384.0,417.0,453.0,151.0,151.0,151.0,128.0,128.0,128.0,148.0,148.0,148.0,242.0,242.0,242.0,151.0,151.0,151.0,128.0,128.0,128.0
1.0,699.0,498.0,387.0,453.0,507.0,169.0,169.0,169.0,129.0,129.0,129.0,166.0,166.0,166.0,233.0,233.0,233.0,169.0,169.0,169.0,129.0,129.0,129.0
1.0,654.0,408.0,387.0,507.0,408.0,136.0,136.0,136.0,129.0,129.0,129.0,136.0,136.0,136.0,218.0,218.0,218.0,136.0,136.0,136.0,129.0,129.0,129.0
1.0,753.0,378.0,387.0,408.0,378.0,126.0,126.0,126.0,129.0,129.0,129.0,126.0,126.0,126.0,251.0,251.0,251.0,126.0,126.0,126.0,129.0,129.0,129.0
1.0,783.0,363.0,387.0,378.0,363.0,121.0,121.0,121.0,129.0,129.0,129.0,121.0,121.0,121.0,261.0,261.0,261.0,121.0,121.0,121.0,129.0,129.0,129.0
1.0,798.0,369.0,384.0,363.0,360.0,120.0,120.0,120.0,128.0,128.0,128.0,123.0,123.0,123.0,266.0,266.0,266.0,120.0,120.0,120.0,128.0,128.0,128.0
1.0,792.0,381.0,384.0,360.0,381.0,127.0,127.0,127.0,128.0,128.0,128.0,127.0,127.0,127.0,264.0,264.0,264.0,127.0,127.0,127.0,128.0,128.0,128.0
1.0,771.0,480.0,387.0,381.0,489.0,163.0,163.0,163.0,129.0,129.0,129.0,160.0,160.0,160.0,257.0,257.0,257.0,163.0,163.0,163.0,129.0,129.0,129.0
1.0,672.0,435.0,390.0,489.0,444.0,148.0,148.0,148.0,130.0,130.0,130.0,145.0,145.0,145.0,224.0,224.0,224.0,148.0,148.0,148.0,130.0,130.0,130.0
1.0,726.0,480.0,390.0,444.0,480.0,160.0,160.0,160.0,130.0,130.0,130.0,160.0,160.0,160.0,242.0,242.0,242.0,160.0,160.0,160.0,130.0,130.0,130.0
1.0,690.0,378.0,390.0,480.0,378.0,126.0,126.0,126.0,130.0,130.0,130.0,126.0,126.0,126.0,230.0,230.0,230.0,126.0,126.0,126.0,130.0,130.0,130.0
1.0,792.0,330.0,387.0,378.0,321.0,107.0,107.0,107.0,129.0,129.0,129.0,110.0,110.0,110.0,264.0,264.0,264.0,107.0,107.0,107.0,129.0,129.0,129.0
1.0,840.0,330.0,387.0,321.0,330.0,110.0,110.0,110.0,129.0,129.0,129.0,110.0,110.0,110.0,280.0,280.0,280.0,110.0,110.0,110.0,129.0,129.0,129.0
1.0,831.0,441.0,390.0,330.0,450.0,150.0,150.0,150.0,130.0,130.0,130.0,147.0,147.0,147.0,277.0,277.0,277.0,150.0,150.0,150.0,130.0,130.0,130.0
1.0,720.0,471.0,393.0,450.0,480.0,160.0,160.0,160.0,131.0,131.0,131.0,157.0,157.0,157.0,240.0,240.0,240.0,160.0,160.0,160.0,131.0,131.0,131.0
1.0,699.0,462.0,393.0,480.0,462.0,154.0,154.0,154.0,131.0,131.0,131.0,154.0,154.0,154.0,233.0,233.0,233.0,154.0,154.0,154.0,131.0,131.0,131.0
1.0,717.0,420.0,393.0,462.0,420.0,140.0,140.0,140.0,131.0,131.0,131.0,140.0,140.0,140.0,239.0,239.0,239.0,140.0,140.0,140.0,131.0,131.0,131.0
1.0,759.0,384.0,393.0,420.0,384.0,128.0,128.0,128.0,131.0,131.0,131.0,128.0,128.0,128.0,253.0,253.0,253.0,128.0,128.0,128.0,131.0,131.0,131.0
1.0,795.0,360.0,393.0,384.0,360.0,120.0,120.0,120.0,131.0,131.0,131.0,120.0,120.0,120.0,265.0,265.0,265.0,120.0,120.0,120.0,131.0,131.0,131.0
1.0,819.0,375.0,390.0,360.0,366.0,122.0,122.0,122.0,130.0,130.0,130.0,125.0,125.0,125.0,273.0,273.0,273.0,122.0,122.0,122.0,130.0,130.0,130.0
1.0,804.0,405.0,390.0,366.0,405.0,135.0,135.0,135.0,130.0,130.0,130.0,135.0,135.0,135.0,268.0,268.0,268.0,135.0,135.0,135.0,130.0,130.0,130.0
1.0,765.0,462.0,393.0,405.0,471.0,157.0,157.0,157.0,131.0,131.0,131.0,154.0,154.0,154.0,255.0,255.0,255.0,157.0,157.0,157.0,131.0,131.0,131.0
1.0,708.0,501.0,396.0,471.0,510.0,170.0,170.0,170.0,132.0,132.0,132.0,167.0,167.0,167.0,236.0,236.0,236.0,170.0,170.0,170.0,132.0,132.0,132.0
1.0,678.0,417.0,396.0,510.0,417.0,139.0,139.0,139.0,132.0,132.0,132.0,139.0,139.0,139.0,226.0,226.0,226.0,139.0,139.0,139.0,132.0,132.0,132.0
1.0,771.0,396.0,396.0,417.0,396.0,132.0,132.0,132.0,132.0,132.0,132.0,132.0,132.0,132.0,257.0,257.0,257.0,132.0,132.0,132.0,132.0,132.0,132.0
1.0,792.0,351.0,396.0,396.0,351.0,117.0,117.0,117.0,132.0,132.0,132.0,117.0,117.0,117.0,264.0,264.0,264.0,117.0,117.0,117.0,132.0,132.0,132.0
1.0,837.0,372.0,396.0,351.0,372.0,124.0,124.0,124.0,132.0,132.0,132.0,124.0,124.0,124.0,279.0,279.0,279.0,124.0,124.0,124.0,132.0,132.0,132.0
1.0,816.0,402.0,396.0,372.0,402.0,134.0,134.0,134.0,132.0,132.0,132.0,134.0,134.0,134.0,272.0,272.0,272.0,134.0,134.0,134.0,132.0,132.0,132.0
1.0,786.0,468.0,399.0,402.0,477.0,159.0,159.0,159.0,133.0,133.0,133.0,156.0,156.0,156.0,262.0,262.0,262.0,159.0,159.0,159.0,133.0,133.0,133.0
1.0,720.0,495.0,402.0,477.0,504.0,168.0,168.0,168.0,134.0,134.0,134.0,165.0,165.0,165.0,240.0,240.0,240.0,168.0,168.0,168.0,134.0,134.0,134.0
1.0,702.0,474.0,405.0,504.0,483.0,161.0,161.0,161.0,135.0,135.0,135.0,158.0,158.0,158.0,234.0,234.0,234.0,161.0,161.0,161.0,135.0,135.0,135.0
1.0,732.0,387.0,405.0,483.0,387.0,129.0,129.0,129.0,135.0,135.0,135.0,129.0,129.0,129.0,244.0,244.0,244.0,129.0,129.0,129.0,135.0,135.0,135.0
1.0,828.0,345.0,402.0,387.0,336.0,112.0,112.0,112.0,134.0,134.0,134.0,115.0,115.0,115.0,276.0,276.0,276.0,112.0,112.0,112.0,134.0,134.0,134.0
1.0,870.0,342.0,399.0,336.0,333.0,111.0,111.0,111.0,133.0,133.0,133.0,114.0,114.0,114.0,290.0,290.0,290.0,111.0,111.0,111.0,133.0,133.0,133.0
1.0,864.0,465.0,402.0,333.0,474.0,158.0,158.0,158.0,134.0,134.0,134.0,155.0,155.0,155.0,288.0,288.0,288.0,158.0,158.0,158.0,134.0,134.0,134.0
1.0,732.0,486.0,405.0,474.0,495.0,165.0,165.0,165.0,135.0,135.0,135.0,162.0,162.0,162.0,244.0,244.0,244.0,165.0,165.0,165.0,135.0,135.0,135.0
1.0,720.0,447.0,408.0,495.0,456.0,152.0,152.0,152.0,136.0,136.0,136.0,149.0,149.0,149.0,240.0,240.0,240.0,152.0,152.0,152.0,136.0,136.0,136.0
1.0,768.0,426.0,408.0,456.0,426.0,142.0,142.0,142.0,136.0,136.0,136.0,142.0,142.0,142.0,256.0,256.0,256.0,142.0,142.0,142.0,136.0,136.0,136.0
1.0,798.0,423.0,408.0,426.0,423.0,141.0,141.0,141.0,136.0,136.0,136.0,141.0,141.0,141.0,266.0,266.0,266.0,141.0,141.0,141.0,136.0,136.0,136.0
1.0,801.0,393.0,405.0,423.0,384.0,128.0,128.0,128.0,135.0,135.0,135.0,131.0,131.0,131.0,267.0,267.0,267.0,128.0,128.0,128.0,135.0,135.0,135.0
1.0,831.0,420.0,408.0,384.0,429.0,143.0,143.0,143.0,136.0,136.0,136.0,140.0,140.0,140.0,277.0,277.0,277.0,143.0,143.0,143.0,136.0,136.0,136.0
1.0,795.0,471.0,408.0,429.0,471.0,157.0,157.0,157.0,136.0,136.0,136.0,157.0,157.0,157.0,265.0,265.0,265.0,157.0,157.0,157.0,136.0,136.0,136.0
1.0,753.0,540.0,414.0,471.0,558.0,186.0,186.0,186.0,138.0,138.0,138.0,180.0,180.0,180.0,251.0,251.0,251.0,186.0,186.0,186.0,138.0,138.0,138.0
1.0,684.0,516.0,417.0,558.0,525.0,175.0,175.0,175.0,139.0,139.0,139.0,172.0,172.0,172.0,228.0,228.0,228.0,175.0,175.0,175.0,139.0,139.0,139.0
1.0,726.0,435.0,417.0,525.0,435.0,145.0,145.0,145.0,139.0,139.0,139.0,145.0,145.0,145.0,242.0,242.0,242.0,145.0,145.0,145.0,139.0,139.0,139.0
1.0,816.0,378.0,417.0,435.0,378.0,126.0,126.0,126.0,139.0,139.0,139.0,126.0,126.0,126.0,272.0,272.0,272.0,126.0,126.0,126.0,139.0,139.0,139.0
1.0,873.0,405.0,417.0,378.0,405.0,135.0,135.0,135.0,139.0,139.0,139.0,135.0,135.0,135.0,291.0,291.0,291.0,135.0,135.0,135.0,139.0,139.0,139.0
1.0,846.0,405.0,414.0,405.0,396.0,132.0,132.0,132.0,138.0,138.0,138.0,135.0,135.0,135.0,282.0,282.0,282.0,132.0,132.0,132.0,138.0,138.0,138.0
1.0,846.0,429.0,417.0,396.0,438.0,146.0,146.0,146.0,139.0,139.0,139.0,143.0,143.0,143.0,282.0,282.0,282.0,146.0,146.0,146.0,139.0,139.0,139.0
1.0,813.0,450.0,420.0,438.0,459.0,153.0,153.0,153.0,140.0,140.0,140.0,150.0,150.0,150.0,271.0,271.0,271.0,153.0,153.0,153.0,140.0,140.0,140.0
1.0,801.0,546.0,423.0,459.0,555.0,185.0,185.0,185.0,141.0,141.0,141.0,182.0,182.0,182.0,267.0,267.0,267.0,185.0,185.0,185.0,141.0,141.0,141.0
1.0,714.0,426.0,423.0,555.0,426.0,142.0,142.0,142.0,141.0,141.0,141.0,142.0,142.0,142.0,238.0,238.0,238.0,142.0,142.0,142.0,141.0,141.0,141.0
1.0,843.0,450.0,423.0,426.0,450.0,150.0,150.0,150.0,141.0,141.0,141.0,150.0,150.0,150.0,281.0,281.0,281.0,150.0,150.0,150.0,141.0,141.0,141.0
1.0,819.0,417.0,423.0,450.0,417.0,139.0,139.0,139.0,141.0,141.0,141.0,139.0,139.0,139.0,273.0,273.0,273.0,139.0,139.0,139.0,141.0,141.0,141.0
1.0,852.0,345.0,423.0,417.0,345.0,115.0,115.0,115.0,141.0,141.0,141.0,115.0,115.0,115.0,284.0,284.0,284.0,115.0,115.0,115.0,141.0,141.0,141.0
1.0,924.0,501.0,423.0,345.0,501.0,167.0,167.0,167.0,141.0,141.0,141.0,167.0,167.0,167.0,308.0,308.0,308.0,167.0,167.0,167.0,141.0,141.0,141.0
1.0,768.0,492.0,426.0,501.0,501.0,167.0,167.0,167.0,142.0,142.0,142.0,164.0,164.0,164.0,256.0,256.0,256.0,167.0,167.0,167.0,142.0,142.0,142.0
1.0,777.0,489.0,429.0,501.0,498.0,166.0,166.0,166.0,143.0,143.0,143.0,163.0,163.0,163.0,259.0,259.0,259.0,166.0,166.0,166.0,143.0,143.0,143.0
1.0,789.0,420.0,429.0,498.0,420.0,140.0,140.0,140.0,143.0,143.0,143.0,140.0,140.0,140.0,263.0,263.0,263.0,140.0,140.0,140.0,143.0,143.0,143.0
1.0,867.0,420.0,429.0,420.0,420.0,140.0,140.0,140.0,143.0,143.0,143.0,140.0,140.0,140.0,289.0,289.0,289.0,140.0,140.0,140.0,143.0,143.0,143.0
1.0,867.0,393.0,429.0,420.0,393.0,131.0,131.0,131.0,143.0,143.0,143.0,131.0,131.0,131.0,289.0,289.0,289.0,131.0,131.0,131.0,143.0,143.0,143.0
1.0,894.0,387.0,426.0,393.0,378.0,126.0,126.0,126.0,142.0,142.0,142.0,129.0,129.0,129.0,298.0,298.0,298.0,126.0,126.0,126.0,142.0,142.0,142.0
1.0,900.0,420.0,426.0,378.0,420.0,140.0,140.0,140.0,142.0,142.0,142.0,140.0,140.0,140.0,300.0,300.0,300.0,140.0,140.0,140.0,142.0,142.0,142.0
1.0,858.0,501.0,429.0,420.0,510.0,170.0,170.0,170.0,143.0,143.0,143.0,167.0,167.0,167.0,286.0,286.0,286.0,170.0,170.0,170.0,143.0,143.0,143.0
1.0,777.0,498.0,432.0,510.0,507.0,169.0,169.0,169.0,144.0,144.0,144.0,166.0,166.0,166.0,259.0,259.0,259.0,169.0,169.0,169.0,144.0,144.0,144.0
1.0,789.0,474.0,435.0,507.0,483.0,161.0,161.0,161.0,145.0,145.0,145.0,158.0,158.0,158.0,263.0,263.0,263.0,161.0,161.0,161.0,145.0,145.0,145.0
1.0,822.0,381.0,432.0,483.0,372.0,124.0,124.0,124.0,144.0,144.0,144.0,127.0,127.0,127.0,274.0,274.0,274.0,124.0,124.0,124.0,144.0,144.0,144.0
1.0,924.0,393.0,432.0,372.0,393.0,131.0,131.0,131.0,144.0,144.0,144.0,131.0,131.0,131.0,308.0,308.0,308.0,131.0,131.0,131.0,144.0,144.0,144.0
1.0,903.0,420.0,432.0,393.0,420.0,140.0,140.0,140.0,144.0,144.0,144.0,140.0,140.0,140.0,301.0,301.0,301.0,140.0,140.0,140.0,144.0,144.0,144.0
1.0,876.0,417.0,432.0,420.0,417.0,139.0,139.0,139.0,144.0,144.0,144.0,139.0,139.0,139.0,292.0,292.0,292.0,139.0,139.0,139.0,144.0,144.0,144.0
1.0,879.0,498.0,435.0,417.0,507.0,169.0,169.0,169.0,145.0,145.0,145.0,166.0,166.0,166.0,293.0,293.0,293.0,169.0,169.0,169.0,145.0,145.0,145.0
1.0,798.0,513.0,438.0,507.0,522.0,174.0,174.0,174.0,146.0,146.0,146.0,171.0,171.0,171.0,266.0,266.0,266.0,174.0,174.0,174.0,146.0,146.0,146.0
1.0,792.0,537.0,438.0,522.0,537.0,179.0,179.0,179.0,146.0,146.0,146.0,179.0,179.0,179.0,264.0,264.0,264.0,179.0,179.0,179.0,146.0,146.0,146.0
1.0,777.0,426.0,438.0,537.0,426.0,142.0,142.0,142.0,146.0,146.0,146.0,142.0,142.0,142.0,259.0,259.0,259.0,142.0,142.0,142.0,146.0,146.0,146.0
1.0,888.0,384.0,435.0,426.0,375.0,125.0,125.0,125.0,145.0,145.0,145.0,128.0,128.0,128.0,296.0,296.0,296.0,125.0,125.0,125.0,145.0,145.0,145.0
1.0,930.0,342.0,435.0,375.0,342.0,114.0,114.0,114.0,145.0,145.0,145.0,114.0,114.0,114.0,310.0,310.0,310.0,114.0,114.0,114.0,145.0,145.0,145.0
1.0,963.0,507.0,438.0,342.0,516.0,172.0,172.0,172.0,146.0,146.0,146.0,169.0,169.0,169.0,321.0,321.0,321.0,172.0,172.0,172.0,146.0,146.0,146.0
1.0,798.0,498.0,441.0,516.0,507.0,169.0,169.0,169.0,147.0,147.0,147.0,166.0,166.0,166.0,266.0,266.0,266.0,169.0,169.0,169.0,147.0,147.0,147.0
1.0,816.0,471.0,441.0,507.0,471.0,157.0,157.0,157.0,147.0,147.0,147.0,157.0,157.0,157.0,272.0,272.0,272.0,157.0,157.0,157.0,147.0,147.0,147.0
1.0,852.0,546.0,444.0,471.0,555.0,185.0,185.0,185.0,148.0,148.0,148.0,182.0,182.0,182.0,284.0,284.0,284.0,185.0,185.0,185.0,148.0,148.0,148.0
1.0,777.0,423.0,444.0,555.0,423.0,141.0,141.0,141.0,148.0,148.0,148.0,141.0,141.0,141.0,259.0,259.0,259.0,141.0,141.0,141.0,148.0,148.0,148.0
1.0,909.0,390.0,441.0,423.0,381.0,127.0,127.0,127.0,147.0,147.0,147.0,130.0,130.0,130.0,303.0,303.0,303.0,127.0,127.0,127.0,147.0,147.0,147.0
1.0,942.0,345.0,438.0,381.0,336.0,112.0,112.0,112.0,146.0,146.0,146.0,115.0,115.0,115.0,314.0,314.0,314.0,112.0,112.0,112.0,146.0,146.0,146.0
1.0,978.0,495.0,441.0,336.0,504.0,168.0,168.0,168.0,147.0,147.0,147.0,165.0,165.0,165.0,326.0,326.0,326.0,168.0,168.0,168.0,147.0,147.0,147.0
1.0,819.0,513.0,444.0,504.0,522.0,174.0,174.0,174.0,148.0,148.0,148.0,171.0,171.0,171.0,273.0,273.0,273.0,174.0,174.0,174.0,148.0,148.0,148.0
1.0,810.0,531.0,447.0,522.0,540.0,180.0,180.0,180.0,149.0,149.0,149.0,177.0,177.0,177.0,270.0,270.0,270.0,180.0,180.0,180.0,149.0,149.0,149.0
1.0,801.0,477.0,447.0,540.0,477.0,159.0,159.0,159.0,149.0,149.0,149.0,159.0,159.0,159.0,267.0,267.0,267.0,159.0,159.0,159.0,149.0,149.0,149.0
1.0,864.0,447.0,447.0,477.0,447.0,149.0,149.0,149.0,149.0,149.0,149.0,149.0,149.0,149.0,288.0,288.0,288.0,149.0,149.0,149.0,149.0,149.0,149.0
1.0,894.0,417.0,447.0,447.0,417.0,139.0,139.0,139.0,149.0,149.0,149.0,139.0,139.0,139.0,298.0,298.0,298.0,139.0,139.0,139.0,149.0,149.0,149.0
1.0,924.0,357.0,447.0,417.0,357.0,119.0,119.0,119.0,149.0,149.0,149.0,119.0,119.0,119.0,308.0,308.0,308.0,119.0,119.0,119.0,149.0,149.0,149.0
1.0,984.0,444.0,447.0,357.0,444.0,148.0,148.0,148.0,149.0,149.0,149.0,148.0,148.0,148.0,328.0,328.0,328.0,148.0,148.0,148.0,149.0,149.0,149.0
1.0,897.0,525.0,450.0,444.0,534.0,178.0,178.0,178.0,150.0,150.0,150.0,175.0,175.0,175.0,299.0,299.0,299.0,178.0,178.0,178.0,150.0,150.0,150.0
1.0,816.0,489.0,450.0,534.0,489.0,163.0,163.0,163.0,150.0,150.0,150.0,163.0,163.0,163.0,272.0,272.0,272.0,163.0,163.0,163.0,150.0,150.0,150.0
1.0,861.0,525.0,450.0,489.0,525.0,175.0,175.0,175.0,150.0,150.0,150.0,175.0,175.0,175.0,287.0,287.0,287.0,175.0,175.0,175.0,150.0,150.0,150.0
1.0,825.0,483.0,450.0,525.0,483.0,161.0,161.0,161.0,150.0,150.0,150.0,161.0,161.0,161.0,275.0,275.0,275.0,161.0,161.0,161.0,150.0,150.0,150.0
1.0,867.0,396.0,447.0,483.0,387.0,129.0,129.0,129.0,149.0,149.0,149.0,132.0,132.0,132.0,289.0,289.0,289.0,129.0,129.0,129.0,149.0,149.0,149.0
1.0,954.0,387.0,447.0,387.0,387.0,129.0,129.0,129.0,149.0,149.0,149.0,129.0,129.0,129.0,318.0,318.0,318.0,129.0,129.0,129.0,149.0,149.0,149.0
1.0,954.0,417.0,447.0,387.0,417.0,139.0,139.0,139.0,149.0,149.0,149.0,139.0,139.0,139.0,318.0,318.0,318.0,139.0,139.0,139.0,149.0,149.0,149.0
1.0,924.0,498.0,450.0,417.0,507.0,169.0,169.0,169.0,150.0,150.0,150.0,166.0,166.0,166.0,308.0,308.0,308.0,169.0,169.0,169.0,150.0,150.0,150.0
1.0,843.0,570.0,453.0,507.0,579.0,193.0,193.0,193.0,151.0,151.0,151.0,190.0,190.0,190.0,281.0,281.0,281.0,193.0,193.0,193.0,151.0,151.0,151.0
1.0,780.0,549.0,456.0,579.0,558.0,186.0,186.0,186.0,152.0,152.0,152.0,183.0,183.0,183.0,260.0,260.0,260.0,186.0,186.0,186.0,152.0,152.0,152.0
1.0,810.0,435.0,453.0,558.0,426.0,142.0,142.0,142.0,151.0,151.0,151.0,145.0,145.0,145.0,270.0,270.0,270.0,142.0,142.0,142.0,151.0,151.0,151.0
1.0,933.0,348.0,450.0,426.0,339.0,113.0,113.0,113.0,150.0,150.0,150.0,116.0,116.0,116.0,311.0,311.0,311.0,113.0,113.0,113.0,150.0,150.0,150.0
1.0,1011.0,426.0,450.0,339.0,426.0,142.0,142.0,142.0,150.0,150.0,150.0,142.0,142.0,142.0,337.0,337.0,337.0,142.0,142.0,142.0,150.0,150.0,150.0
1.0,924.0,480.0,450.0,426.0,480.0,160.0,160.0,160.0,150.0,150.0,150.0,160.0,160.0,160.0,308.0,308.0,308.0,160.0,160.0,160.0,150.0,150.0,150.0
1.0,870.0,471.0,453.0,480.0,480.0,160.0,160.0,160.0,151.0,151.0,151.0,157.0,157.0,157.0,290.0,290.0,290.0,160.0,160.0,160.0,151.0,151.0,151.0
1.0,879.0,492.0,456.0,480.0,501.0,167.0,167.0,167.0,152.0,152.0,152.0,164.0,164.0,164.0,293.0,293.0,293.0,167.0,167.0,167.0,152.0,152.0,152.0
1.0,867.0,492.0,456.0,501.0,492.0,164.0,164.0,164.0,152.0,152.0,152.0,164.0,164.0,164.0,289.0,289.0,289.0,164.0,164.0,164.0,152.0,152.0,152.0
1.0,876.0,426.0,453.0,492.0,417.0,139.0,139.0,139.0,151.0,151.0,151.0,142.0,142.0,142.0,292.0,292.0,292.0,139.0,139.0,139.0,151.0,151.0,151.0
1.0,942.0,396.0,453.0,417.0,396.0,132.0,132.0,132.0,151.0,151.0,151.0,132.0,132.0,132.0,314.0,314.0,314.0,132.0,132.0,132.0,151.0,151.0,151.0
1.0,963.0,408.0,450.0,396.0,399.0,133.0,133.0,133.0,150.0,150.0,150.0,136.0,136.0,136.0,321.0,321.0,321.0,133.0,133.0,133.0,150.0,150.0,150.0
1.0,951.0,480.0,453.0,399.0,489.0,163.0,163.0,163.0,151.0,151.0,151.0,160.0,160.0,160.0,317.0,317.0,317.0,163.0,163.0,163.0,151.0,151.0,151.0
1.0,870.0,480.0,453.0,489.0,480.0,160.0,160.0,160.0,151.0,151.0,151.0,160.0,160.0,160.0,290.0,290.0,290.0,160.0,160.0,160.0,151.0,151.0,151.0
1.0,879.0,552.0,456.0,480.0,561.0,187.0,187.0,187.0,152.0,152.0,152.0,184.0,184.0,184.0,293.0,293.0,293.0,187.0,187.0,187.0,152.0,152.0,152.0
1.0,807.0,468.0,459.0,561.0,477.0,159.0,159.0,159.0,153.0,153.0,153.0,156.0,156.0,156.0,269.0,269.0,269.0,159.0,159.0,159.0,153.0,153.0,153.0
1.0,900.0,435.0,456.0,477.0,426.0,142.0,142.0,142.0,152.0,152.0,152.0,145.0,145.0,145.0,300.0,300.0,300.0,142.0,142.0,142.0,152.0,152.0,152.0
1.0,942.0,363.0,456.0,426.0,363.0,121.0,121.0,121.0,152.0,152.0,152.0,121.0,121.0,121.0,314.0,314.0,314.0,121.0,121.0,121.0,152.0,152.0,152.0
1.0,1005.0,426.0,453.0,363.0,417.0,139.0,139.0,139.0,151.0,151.0,151.0,142.0,142.0,142.0,335.0,335.0,335.0,139.0,139.0,139.0,151.0,151.0,151.0
1.0,942.0,471.0,456.0,417.0,480.0,160.0,160.0,160.0,152.0,152.0,152.0,157.0,157.0,157.0,314.0,314.0,314.0,160.0,160.0,160.0,152.0,152.0,152.0
1.0,888.0,513.0,459.0,480.0,522.0,174.0,174.0,174.0,153.0,153.0,153.0,171.0,171.0,171.0,296.0,296.0,296.0,174.0,174.0,174.0,153.0,153.0,153.0
1.0,855.0,540.0,459.0,522.0,540.0,180.0,180.0,180.0,153.0,153.0,153.0,180.0,180.0,180.0,285.0,285.0,285.0,180.0,180.0,180.0,153.0,153.0,153.0
1.0,837.0,477.0,462.0,540.0,486.0,162.0,162.0,162.0,154.0,154.0,154.0,159.0,159.0,159.0,279.0,279.0,279.0,162.0,162.0,162.0,154.0,154.0,154.0
1.0,900.0,393.0,459.0,486.0,384.0,128.0,128.0,128.0,153.0,153.0,153.0,131.0,131.0,131.0,300.0,300.0,300.0,128.0,128.0,128.0,153.0,153.0,153.0
1.0,993.0,411.0,456.0,384.0,402.0,134.0,134.0,134.0,152.0,152.0,152.0,137.0,137.0,137.0,331.0,331.0,331.0,134.0,134.0,134.0,152.0,152.0,152.0
1.0,966.0,411.0,456.0,402.0,411.0,137.0,137.0,137.0,152.0,152.0,152.0,137.0,137.0,137.0,322.0,322.0,322.0,137.0,137.0,137.0,152.0,152.0,152.0
1.0,957.0,513.0,456.0,411.0,513.0,171.0,171.0,171.0,152.0,152.0,152.0,171.0,171.0,171.0,319.0,319.0,319.0,171.0,171.0,171.0,152.0,152.0,152.0
1.0,855.0,576.0,459.0,513.0,585.0,195.0,195.0,195.0,153.0,153.0,153.0,192.0,192.0,192.0,285.0,285.0,285.0,195.0,195.0,195.0,153.0,153.0,153.0
1.0,792.0,552.0,465.0,585.0,570.0,190.0,190.0,190.0,155.0,155.0,155.0,184.0,184.0,184.0,264.0,264.0,264.0,190.0,190.0,190.0,155.0,155.0,155.0
1.0,825.0,513.0,465.0,570.0,513.0,171.0,171.0,171.0,155.0,155.0,155.0,171.0,171.0,171.0,275.0,275.0,275.0,171.0,171.0,171.0,155.0,155.0,155.0
1.0,882.0,402.0,462.0,513.0,393.0,131.0,131.0,131.0,154.0,154.0,154.0,134.0,134.0,134.0,294.0,294.0,294.0,131.0,131.0,131.0,154.0,154.0,154.0
1.0,993.0,399.0,462.0,393.0,399.0,133.0,133.0,133.0,154.0,154.0,154.0,133.0,133.0,133.0,331.0,331.0,331.0,133.0,133.0,133.0,154.0,154.0,154.0
1.0,987.0,465.0,459.0,399.0,456.0,152.0,152.0,152.0,153.0,153.0,153.0,155.0,155.0,155.0,329.0,329.0,329.0,152.0,152.0,152.0,153.0,153.0,153.0
1.0,921.0,483.0,462.0,456.0,492.0,164.0,164.0,164.0,154.0,154.0,154.0,161.0,161.0,161.0,307.0,307.0,307.0,164.0,164.0,164.0,154.0,154.0,154.0
1.0,894.0,555.0,465.0,492.0,564.0,188.0,188.0,188.0,155.0,155.0,155.0,185.0,185.0,185.0,298.0,298.0,298.0,188.0,188.0,188.0,155.0,155.0,155.0
1.0,831.0,567.0,468.0,564.0,576.0,192.0,192.0,192.0,156.0,156.0,156.0,189.0,189.0,189.0,277.0,277.0,277.0,192.0,192.0,192.0,156.0,156.0,156.0
1.0,828.0,525.0,468.0,576.0,525.0,175.0,175.0,175.0,156.0,156.0,156.0,175.0,175.0,175.0,276.0,276.0,276.0,175.0,175.0,175.0,156.0,156.0,156.0
1.0,879.0,408.0,468.0,525.0,408.0,136.0,136.0,136.0,156.0,156.0,156.0,136.0,136.0,136.0,293.0,293.0,293.0,136.0,136.0,136.0,156.0,156.0,156.0
1.0,996.0,426.0,465.0,408.0,417.0,139.0,139.0,139.0,155.0,155.0,155.0,142.0,142.0,142.0,332.0,332.0,332.0,139.0,139.0,139.0,155.0,155.0,155.0
1.0,978.0,408.0,462.0,417.0,399.0,133.0,133.0,133.0,154.0,154.0,154.0,136.0,136.0,136.0,326.0,326.0,326.0,133.0,133.0,133.0,154.0,154.0,154.0
1.0,987.0,465.0,465.0,399.0,474.0,158.0,158.0,158.0,155.0,155.0,155.0,155.0,155.0,155.0,329.0,329.0,329.0,158.0,158.0,158.0,155.0,155.0,155.0
1.0,921.0,483.0,465.0,474.0,483.0,161.0,161.0,161.0,155.0,155.0,155.0,161.0,161.0,161.0,307.0,307.0,307.0,161.0,161.0,161.0,155.0,155.0,155.0
1.0,912.0,573.0,468.0,483.0,582.0,194.0,194.0,194.0,156.0,156.0,156.0,191.0,191.0,191.0,304.0,304.0,304.0,194.0,194.0,194.0,156.0,156.0,156.0
1.0,822.0,516.0,471.0,582.0,525.0,175.0,175.0,175.0,157.0,157.0,157.0,172.0,172.0,172.0,274.0,274.0,274.0,175.0,175.0,175.0,157.0,157.0,157.0
1.0,888.0,450.0,468.0,525.0,441.0,147.0,147.0,147.0,156.0,156.0,156.0,150.0,150.0,150.0,296.0,296.0,296.0,147.0,147.0,147.0,156.0,156.0,156.0
1.0,963.0,405.0,468.0,441.0,405.0,135.0,135.0,135.0,156.0,156.0,156.0,135.0,135.0,135.0,321.0,321.0,321.0,135.0,135.0,135.0,156.0,156.0,156.0
1.0,999.0,444.0,465.0,405.0,435.0,145.0,145.0,145.0,155.0,155.0,155.0,148.0,148.0,148.0,333.0,333.0,333.0,145.0,145.0,145.0,155.0,155.0,155.0
1.0,960.0,492.0,465.0,435.0,492.0,164.0,164.0,164.0,155.0,155.0,155.0,164.0,164.0,164.0,320.0,320.0,320.0,164.0,164.0,164.0,155.0,155.0,155.0
1.0,903.0,528.0,468.0,492.0,537.0,179.0,179.0,179.0,156.0,156.0,156.0,176.0,176.0,176.0,301.0,301.0,301.0,179.0,179.0,179.0,156.0,156.0,156.0
1.0,867.0,534.0,471.0,537.0,543.0,181.0,181.0,181.0,157.0,157.0,157.0,178.0,178.0,178.0,289.0,289.0,289.0,181.0,181.0,181.0,157.0,157.0,157.0
1.0,870.0,486.0,474.0,543.0,495.0,165.0,165.0,165.0,158.0,158.0,158.0,162.0,162.0,162.0,290.0,290.0,290.0,165.0,165.0,165.0,158.0,158.0,158.0
1.0,927.0,435.0,471.0,495.0,426.0,142.0,142.0,142.0,157.0,157.0,157.0,145.0,145.0,145.0,309.0,309.0,309.0,142.0,142.0,142.0,157.0,157.0,157.0
1.0,987.0,462.0,468.0,426.0,453.0,151.0,151.0,151.0,156.0,156.0,156.0,154.0,154.0,154.0,329.0,329.0,329.0,151.0,151.0,151.0,156.0,156.0,156.0
1.0,951.0,492.0,468.0,453.0,492.0,164.0,164.0,164.0,156.0,156.0,156.0,164.0,164.0,164.0,317.0,317.0,317.0,164.0,164.0,164.0,156.0,156.0,156.0
1.0,912.0,501.0,471.0,492.0,510.0,170.0,170.0,170.0,157.0,157.0,157.0,167.0,167.0,167.0,304.0,304.0,304.0,170.0,170.0,170.0,157.0,157.0,157.0
1.0,903.0,573.0,474.0,510.0,582.0,194.0,194.0,194.0,158.0,158.0,158.0,191.0,191.0,191.0,301.0,301.0,301.0,194.0,194.0,194.0,158.0,158.0,158.0
1.0,840.0,558.0,477.0,582.0,567.0,189.0,189.0,189.0,159.0,159.0,159.0,186.0,186.0,186.0,280.0,280.0,280.0,189.0,189.0,189.0,159.0,159.0,159.0
1.0,864.0,534.0,477.0,567.0,534.0,178.0,178.0,178.0,159.0,159.0,159.0,178.0,178.0,178.0,288.0,288.0,288.0,178.0,178.0,178.0,159.0,159.0,159.0
1.0,897.0,426.0,477.0,534.0,426.0,142.0,142.0,142.0,159.0,159.0,159.0,142.0,142.0,142.0,299.0,299.0,299.0,142.0,142.0,142.0,159.0,159.0,159.0
1.0,1005.0,423.0,474.0,426.0,414.0,138.0,138.0,138.0,158.0,158.0,158.0,141.0,141.0,141.0,335.0,335.0,335.0,138.0,138.0,138.0,158.0,158.0,158.0
1.0,1008.0,477.0,474.0,414.0,477.0,159.0,159.0,159.0,158.0,158.0,158.0,159.0,159.0,159.0,336.0,336.0,336.0,159.0,159.0,159.0,158.0,158.0,158.0
1.0,945.0,456.0,477.0,477.0,465.0,155.0,155.0,155.0,159.0,159.0,159.0,152.0,152.0,152.0,315.0,315.0,315.0,155.0,155.0,155.0,159.0,159.0,159.0
1.0,966.0,561.0,480.0,465.0,570.0,190.0,190.0,190.0,160.0,160.0,160.0,187.0,187.0,187.0,322.0,322.0,322.0,190.0,190.0,190.0,160.0,160.0,160.0
1.0,870.0,558.0,483.0,570.0,567.0,189.0,189.0,189.0,161.0,161.0,161.0,186.0,186.0,186.0,290.0,290.0,290.0,189.0,189.0,189.0,161.0,161.0,161.0
1.0,882.0,486.0,483.0,567.0,486.0,162.0,162.0,162.0,161.0,161.0,161.0,162.0,162.0,162.0,294.0,294.0,294.0,162.0,162.0,162.0,161.0,161.0,161.0
1.0,963.0,522.0,483.0,486.0,522.0,174.0,174.0,174.0,161.0,161.0,161.0,174.0,174.0,174.0,321.0,321.0,321.0,174.0,174.0,174.0,161.0,161.0,161.0
1.0,927.0,429.0,480.0,522.0,420.0,140.0,140.0,140.0,160.0,160.0,160.0,143.0,143.0,143.0,309.0,309.0,309.0,140.0,140.0,140.0,160.0,160.0,160.0
1.0,1020.0,483.0,480.0,420.0,483.0,161.0,161.0,161.0,160.0,160.0,160.0,161.0,161.0,161.0,340.0,340.0,340.0,161.0,161.0,161.0,160.0,160.0,160.0
1.0,957.0,489.0,480.0,483.0,489.0,163.0,163.0,163.0,160.0,160.0,160.0,163.0,163.0,163.0,319.0,319.0,319.0,163.0,163.0,163.0,160.0,160.0,160.0
1.0,951.0,531.0,486.0,489.0,549.0,183.0,183.0,183.0,162.0,162.0,162.0,177.0,177.0,177.0,317.0,317.0,317.0,183.0,183.0,183.0,162.0,162.0,162.0
1.0,909.0,543.0,486.0,549.0,543.0,181.0,181.0,181.0,162.0,162.0,162.0,181.0,181.0,181.0,303.0,303.0,303.0,181.0,181.0,181.0,162.0,162.0,162.0
1.0,915.0,516.0,489.0,543.0,525.0,175.0,175.0,175.0,163.0,163.0,163.0,172.0,172.0,172.0,305.0,305.0,305.0,175.0,175.0,175.0,163.0,163.0,163.0
1.0,942.0,474.0,486.0,525.0,465.0,155.0,155.0,155.0,162.0,162.0,162.0,158.0,158.0,158.0,314.0,314.0,314.0,155.0,155.0,155.0,162.0,162.0,162.0
1.0,993.0,483.0,486.0,465.0,483.0,161.0,161.0,161.0,162.0,162.0,162.0,161.0,161.0,161.0,331.0,331.0,331.0,161.0,161.0,161.0,162.0,162.0,162.0
1.0,975.0,426.0,486.0,483.0,426.0,142.0,142.0,142.0,162.0,162.0,162.0,142.0,142.0,142.0,325.0,325.0,325.0,142.0,142.0,142.0,162.0,162.0,162.0
1.0,1032.0,519.0,486.0,426.0,519.0,173.0,173.0,173.0,162.0,162.0,162.0,173.0,173.0,173.0,344.0,344.0,344.0,173.0,173.0,173.0,162.0,162.0,162.0
1.0,939.0,543.0,489.0,519.0,552.0,184.0,184.0,184.0,163.0,163.0,163.0,181.0,181.0,181.0,313.0,313.0,313.0,184.0,184.0,184.0,163.0,163.0,163.0
1.0,915.0,495.0,492.0,552.0,504.0,168.0,168.0,168.0,164.0,164.0,164.0,165.0,165.0,165.0,305.0,305.0,305.0,168.0,168.0,168.0,164.0,164.0,164.0
1.0,972.0,534.0,492.0,504.0,534.0,178.0,178.0,178.0,164.0,164.0,164.0,178.0,178.0,178.0,324.0,324.0,324.0,178.0,178.0,178.0,164.0,164.0,164.0
1.0,942.0,438.0,489.0,534.0,429.0,143.0,143.0,143.0,163.0,163.0,163.0,146.0,146.0,146.0,314.0,314.0,314.0,143.0,143.0,143.0,163.0,163.0,163.0
1.0,1038.0,456.0,486.0,429.0,447.0,149.0,149.0,149.0,162.0,162.0,162.0,152.0,152.0,152.0,346.0,346.0,346.0,149.0,149.0,149.0,162.0,162.0,162.0
1.0,1011.0,501.0,486.0,447.0,501.0,167.0,167.0,167.0,162.0,162.0,162.0,167.0,167.0,167.0,337.0,337.0,337.0,167.0,167.0,167.0,162.0,162.0,162.0
1.0,957.0,534.0,489.0,501.0,543.0,181.0,181.0,181.0,163.0,163.0,163.0,178.0,178.0,178.0,319.0,319.0,319.0,181.0,181.0,181.0,163.0,163.0,163.0
1.0,924.0,558.0,492.0,543.0,567.0,189.0,189.0,189.0,164.0,164.0,164.0,186.0,186.0,186.0,308.0,308.0,308.0,189.0,189.0,189.0,164.0,164.0,164.0
1.0,909.0,612.0,495.0,567.0,621.0,207.0,207.0,207.0,165.0,165.0,165.0,204.0,204.0,204.0,303.0,303.0,303.0,207.0,207.0,207.0,165.0,165.0,165.0
1.0,864.0,510.0,495.0,621.0,510.0,170.0,170.0,170.0,165.0,165.0,165.0,170.0,170.0,170.0,288.0,288.0,288.0,170.0,170.0,170.0,165.0,165.0,165.0
1.0,975.0,474.0,495.0,510.0,474.0,158.0,158.0,158.0,165.0,165.0,165.0,158.0,158.0,158.0,325.0,325.0,325.0,158.0,158.0,158.0,165.0,165.0,165.0
1.0,1011.0,429.0,492.0,474.0,420.0,140.0,140.0,140.0,164.0,164.0,164.0,143.0,143.0,143.0,337.0,337.0,337.0,140.0,140.0,140.0,164.0,164.0,164.0
1.0,1056.0,471.0,492.0,420.0,471.0,157.0,157.0,157.0,164.0,164.0,164.0,157.0,157.0,157.0,352.0,352.0,352.0,157.0,157.0,157.0,164.0,164.0,164.0
1.0,1005.0,510.0,492.0,471.0,510.0,170.0,170.0,170.0,164.0,164.0,164.0,170.0,170.0,170.0,335.0,335.0,335.0,170.0,170.0,170.0,164.0,164.0,164.0
1.0,966.0,561.0,495.0,510.0,570.0,190.0,190.0,190.0,165.0,165.0,165.0,187.0,187.0,187.0,322.0,322.0,322.0,190.0,190.0,190.0,165.0,165.0,165.0
1.0,915.0,516.0,498.0,570.0,525.0,175.0,175.0,175.0,166.0,166.0,166.0,172.0,172.0,172.0,305.0,305.0,305.0,175.0,175.0,175.0,166.0,166.0,166.0
1.0,969.0,531.0,498.0,525.0,531.0,177.0,177.0,177.0,166.0,166.0,166.0,177.0,177.0,177.0,323.0,323.0,323.0,177.0,177.0,177.0,166.0,166.0,166.0
1.0,963.0,489.0,498.0,531.0,489.0,163.0,163.0,163.0,166.0,166.0,166.0,163.0,163.0,163.0,321.0,321.0,321.0,163.0,163.0,163.0,166.0,166.0,166.0
1.0,1005.0,462.0,498.0,489.0,462.0,154.0,154.0,154.0,166.0,166.0,166.0,154.0,154.0,154.0,335.0,335.0,335.0,154.0,154.0,154.0,166.0,166.0,166.0
1.0,1032.0,456.0,495.0,462.0,447.0,149.0,149.0,149.0,165.0,165.0,165.0,152.0,152.0,152.0,344.0,344.0,344.0,149.0,149.0,149.0,165.0,165.0,165.0
1.0,1038.0,519.0,498.0,447.0,528.0,176.0,176.0,176.0,166.0,166.0,166.0,173.0,173.0,173.0,346.0,346.0,346.0,176.0,176.0,176.0,166.0,166.0,166.0
1.0,966.0,570.0,501.0,528.0,579.0,193.0,193.0,193.0,167.0,167.0,167.0,190.0,190.0,190.0,322.0,322.0,322.0,193.0,193.0,193.0,167.0,167.0,167.0
1.0,924.0,564.0,504.0,579.0,573.0,191.0,191.0,191.0,168.0,168.0,168.0,188.0,188.0,188.0,308.0,308.0,308.0,191.0,191.0,191.0,168.0,168.0,168.0
1.0,939.0,561.0,504.0,573.0,561.0,187.0,187.0,187.0,168.0,168.0,168.0,187.0,187.0,187.0,313.0,313.0,313.0,187.0,187.0,187.0,168.0,168.0,168.0
1.0,951.0,510.0,504.0,561.0,510.0,170.0,170.0,170.0,168.0,168.0,168.0,170.0,170.0,170.0,317.0,317.0,317.0,170.0,170.0,170.0,168.0,168.0,168.0
1.0,1002.0,477.0,501.0,510.0,468.0,156.0,156.0,156.0,167.0,167.0,167.0,159.0,159.0,159.0,334.0,334.0,334.0,156.0,156.0,156.0,167.0,167.0,167.0
1.0,1035.0,450.0,501.0,468.0,450.0,150.0,150.0,150.0,167.0,167.0,167.0,150.0,150.0,150.0,345.0,345.0,345.0,150.0,150.0,150.0,167.0,167.0,167.0
1.0,1053.0,495.0,504.0,450.0,504.0,168.0,168.0,168.0,168.0,168.0,168.0,165.0,165.0,165.0,351.0,351.0,351.0,168.0,168.0,168.0,168.0,168.0,168.0
1.0,1008.0,606.0,507.0,504.0,615.0,205.0,205.0,205.0,169.0,169.0,169.0,202.0,202.0,202.0,336.0,336.0,336.0,205.0,205.0,205.0,169.0,169.0,169.0
1.0,906.0,546.0,507.0,615.0,546.0,182.0,182.0,182.0,169.0,169.0,169.0,182.0,182.0,182.0,302.0,302.0,302.0,182.0,182.0,182.0,169.0,169.0,169.0
1.0,975.0,501.0,507.0,546.0,501.0,167.0,167.0,167.0,169.0,169.0,169.0,167.0,167.0,167.0,325.0,325.0,325.0,167.0,167.0,167.0,169.0,169.0,169.0
1.0,1020.0,501.0,504.0,501.0,492.0,164.0,164.0,164.0,168.0,168.0,168.0,167.0,167.0,167.0,340.0,340.0,340.0,164.0,164.0,164.0,168.0,168.0,168.0
1.0,1020.0,432.0,504.0,492.0,432.0,144.0,144.0,144.0,168.0,168.0,168.0,144.0,144.0,144.0,340.0,340.0,340.0,144.0,144.0,144.0,168.0,168.0,168.0
1.0,1080.0,489.0,501.0,432.0,480.0,160.0,160.0,160.0,167.0,167.0,167.0,163.0,163.0,163.0,360.0,360.0,360.0,160.0,160.0,160.0,167.0,167.0,167.0
1.0,1023.0,525.0,504.0,480.0,534.0,178.0,178.0,178.0,168.0,168.0,168.0,175.0,175.0,175.0,341.0,341.0,341.0,178.0,178.0,178.0,168.0,168.0,168.0
1.0,978.0,534.0,507.0,534.0,543.0,181.0,181.0,181.0,169.0,169.0,169.0,178.0,178.0,178.0,326.0,326.0,326.0,181.0,181.0,181.0,169.0,169.0,169.0
1.0,978.0,558.0,507.0,543.0,558.0,186.0,186.0,186.0,169.0,169.0,169.0,186.0,186.0,186.0,326.0,326.0,326.0,186.0,186.0,186.0,169.0,169.0,169.0
1.0,963.0,546.0,510.0,558.0,555.0,185.0,185.0,185.0,170.0,170.0,170.0,182.0,182.0,182.0,321.0,321.0,321.0,185.0,185.0,185.0,170.0,170.0,170.0
1.0,975.0,546.0,510.0,555.0,546.0,182.0,182.0,182.0,170.0,170.0,170.0,182.0,182.0,182.0,325.0,325.0,325.0,182.0,182.0,182.0,170.0,170.0,170.0
1.0,984.0,477.0,507.0,546.0,468.0,156.0,156.0,156.0,169.0,169.0,169.0,159.0,159.0,159.0,328.0,328.0,328.0,156.0,156.0,156.0,169.0,169.0,169.0
1.0,1053.0,459.0,507.0,468.0,459.0,153.0,153.0,153.0,169.0,169.0,169.0,153.0,153.0,153.0,351.0,351.0,351.0,153.0,153.0,153.0,169.0,169.0,169.0
1.0,1062.0,534.0,507.0,459.0,534.0,178.0,178.0,178.0,169.0,169.0,169.0,178.0,178.0,178.0,354.0,354.0,354.0,178.0,178.0,178.0,169.0,169.0,169.0
1.0,987.0,543.0,510.0,534.0,552.0,184.0,184.0,184.0,170.0,170.0,170.0,181.0,181.0,181.0,329.0,329.0,329.0,184.0,184.0,184.0,170.0,170.0,170.0
1.0,978.0,642.0,513.0,552.0,651.0,217.0,217.0,217.0,171.0,171.0,171.0,214.0,214.0,214.0,326.0,326.0,326.0,217.0,217.0,217.0,171.0,171.0,171.0
1.0,888.0,558.0,513.0,651.0,558.0,186.0,186.0,186.0,171.0,171.0,171.0,186.0,186.0,186.0,296.0,296.0,296.0,186.0,186.0,186.0,171.0,171.0,171.0
1.0,981.0,528.0,513.0,558.0,528.0,176.0,176.0,176.0,171.0,171.0,171.0,176.0,176.0,176.0,327.0,327.0,327.0,176.0,176.0,176.0,171.0,171.0,171.0
1.0,1011.0,522.0,513.0,528.0,522.0,174.0,174.0,174.0,171.0,171.0,171.0,174.0,174.0,174.0,337.0,337.0,337.0,174.0,174.0,174.0,171.0,171.0,171.0
1.0,1017.0,447.0,513.0,522.0,447.0,149.0,149.0,149.0,171.0,171.0,171.0,149.0,149.0,149.0,339.0,339.0,339.0,149.0,149.0,149.0,171.0,171.0,171.0
1.0,1092.0,525.0,513.0,447.0,525.0,175.0,175.0,175.0,171.0,171.0,171.0,175.0,175.0,175.0,364.0,364.0,364.0,175.0,175.0,175.0,171.0,171.0,171.0
1.0,1014.0,546.0,513.0,525.0,546.0,182.0,182.0,182.0,171.0,171.0,171.0,182.0,182.0,182.0,338.0,338.0,338.0,182.0,182.0,182.0,171.0,171.0,171.0
1.0,993.0,612.0,519.0,546.0,630.0,210.0,210.0,210.0,173.0,173.0,173.0,204.0,204.0,204.0,331.0,331.0,331.0,210.0,210.0,210.0,173.0,173.0,173.0
1.0,927.0,549.0,519.0,630.0,549.0,183.0,183.0,183.0,173.0,173.0,173.0,183.0,183.0,183.0,309.0,309.0,309.0,183.0,183.0,183.0,173.0,173.0,173.0
1.0,1008.0,504.0,519.0,549.0,504.0,168.0,168.0,168.0,173.0,173.0,173.0,168.0,168.0,168.0,336.0,336.0,336.0,168.0,168.0,168.0,173.0,173.0,173.0
1.0,1053.0,471.0,516.0,504.0,462.0,154.0,154.0,154.0,172.0,172.0,172.0,157.0,157.0,157.0,351.0,351.0,351.0,154.0,154.0,154.0,172.0,172.0,172.0
1.0,1086.0,423.0,516.0,462.0,423.0,141.0,141.0,141.0,172.0,172.0,172.0,141.0,141.0,141.0,362.0,362.0,362.0,141.0,141.0,141.0,172.0,172.0,172.0
1.0,1125.0,525.0,516.0,423.0,525.0,175.0,175.0,175.0,172.0,172.0,172.0,175.0,175.0,175.0,375.0,375.0,375.0,175.0,175.0,175.0,172.0,172.0,172.0
1.0,1023.0,561.0,519.0,525.0,570.0,190.0,190.0,190.0,173.0,173.0,173.0,187.0,187.0,187.0,341.0,341.0,341.0,190.0,190.0,190.0,173.0,173.0,173.0
1.0,987.0,651.0,522.0,570.0,660.0,220.0,220.0,220.0,174.0,174.0,174.0,217.0,217.0,217.0,329.0,329.0,329.0,220.0,220.0,220.0,174.0,174.0,174.0
1.0,906.0,588.0,522.0,660.0,588.0,196.0,196.0,196.0,174.0,174.0,174.0,196.0,196.0,196.0,302.0,302.0,302.0,196.0,196.0,196.0,174.0,174.0,174.0
1.0,978.0,456.0,522.0,588.0,456.0,152.0,152.0,152.0,174.0,174.0,174.0,152.0,152.0,152.0,326.0,326.0,326.0,152.0,152.0,152.0,174.0,174.0,174.0
1.0,1110.0,507.0,519.0,456.0,498.0,166.0,166.0,166.0,173.0,173.0,173.0,169.0,169.0,169.0,370.0,370.0,370.0,166.0,166.0,166.0,173.0,173.0,173.0
1.0,1059.0,504.0,519.0,498.0,504.0,168.0,168.0,168.0,173.0,173.0,173.0,168.0,168.0,168.0,353.0,353.0,353.0,168.0,168.0,168.0,173.0,173.0,173.0
1.0,1053.0,582.0,522.0,504.0,591.0,197.0,197.0,197.0,174.0,174.0,174.0,194.0,194.0,194.0,351.0,351.0,351.0,197.0,197.0,197.0,174.0,174.0,174.0
1.0,975.0,669.0,525.0,591.0,678.0,226.0,226.0,226.0,175.0,175.0,175.0,223.0,223.0,223.0,325.0,325.0,325.0,226.0,226.0,226.0,175.0,175.0,175.0
1.0,897.0,630.0,528.0,678.0,639.0,213.0,213.0,213.0,176.0,176.0,176.0,210.0,210.0,210.0,299.0,299.0,299.0,213.0,213.0,213.0,176.0,176.0,176.0
1.0,945.0,579.0,531.0,639.0,588.0,196.0,196.0,196.0,177.0,177.0,177.0,193.0,193.0,193.0,315.0,315.0,315.0,196.0,196.0,196.0,177.0,177.0,177.0
1.0,1005.0,528.0,528.0,588.0,519.0,173.0,173.0,173.0,176.0,176.0,176.0,176.0,176.0,176.0,335.0,335.0,335.0,173.0,173.0,173.0,176.0,176.0,176.0
1.0,1065.0,459.0,528.0,519.0,459.0,153.0,153.0,153.0,176.0,176.0,176.0,153.0,153.0,153.0,355.0,355.0,355.0,153.0,153.0,153.0,176.0,176.0,176.0
1.0,1125.0,495.0,528.0,459.0,495.0,165.0,165.0,165.0,176.0,176.0,176.0,165.0,165.0,165.0,375.0,375.0,375.0,165.0,165.0,165.0,176.0,176.0,176.0
1.0,1089.0,534.0,528.0,495.0,534.0,178.0,178.0,178.0,176.0,176.0,176.0,178.0,178.0,178.0,363.0,363.0,363.0,178.0,178.0,178.0,176.0,176.0,176.0
1.0,1050.0,540.0,528.0,534.0,540.0,180.0,180.0,180.0,176.0,176.0,176.0,180.0,180.0,180.0,350.0,350.0,350.0,180.0,180.0,180.0,176.0,176.0,176.0
1.0,1044.0,633.0,534.0,540.0,651.0,217.0,217.0,217.0,178.0,178.0,178.0,211.0,211.0,211.0,348.0,348.0,348.0,217.0,217.0,217.0,178.0,178.0,178.0
1.0,951.0,570.0,534.0,651.0,570.0,190.0,190.0,190.0,178.0,178.0,178.0,190.0,190.0,190.0,317.0,317.0,317.0,190.0,190.0,190.0,178.0,178.0,178.0
1.0,1032.0,546.0,534.0,570.0,546.0,182.0,182.0,182.0,178.0,178.0,178.0,182.0,182.0,182.0,344.0,344.0,344.0,182.0,182.0,182.0,178.0,178.0,178.0
1.0,1056.0,459.0,531.0,546.0,450.0,150.0,150.0,150.0,177.0,177.0,177.0,153.0,153.0,153.0,352.0,352.0,352.0,150.0,150.0,150.0,177.0,177.0,177.0
1.0,1143.0,483.0,531.0,450.0,483.0,161.0,161.0,161.0,177.0,177.0,177.0,161.0,161.0,161.0,381.0,381.0,381.0,161.0,161.0,161.0,177.0,177.0,177.0
1.0,1110.0,591.0,531.0,483.0,591.0,197.0,197.0,197.0,177.0,177.0,177.0,197.0,197.0,197.0,370.0,370.0,370.0,197.0,197.0,197.0,177.0,177.0,177.0
1.0,1002.0,576.0,534.0,591.0,585.0,195.0,195.0,195.0,178.0,178.0,178.0,192.0,192.0,192.0,334.0,334.0,334.0,195.0,195.0,195.0,178.0,178.0,178.0
1.0,1017.0,573.0,537.0,585.0,582.0,194.0,194.0,194.0,179.0,179.0,179.0,191.0,191.0,191.0,339.0,339.0,339.0,194.0,194.0,194.0,179.0,179.0,179.0
1.0,1029.0,648.0,540.0,582.0,657.0,219.0,219.0,219.0,180.0,180.0,180.0,216.0,216.0,216.0,343.0,343.0,343.0,219.0,219.0,219.0,180.0,180.0,180.0
1.0,963.0,468.0,537.0,657.0,459.0,153.0,153.0,153.0,179.0,179.0,179.0,156.0,156.0,156.0,321.0,321.0,321.0,153.0,153.0,153.0,179.0,179.0,179.0
1.0,1152.0,507.0,534.0,459.0,498.0,166.0,166.0,166.0,178.0,178.0,178.0,169.0,169.0,169.0,384.0,384.0,384.0,166.0,166.0,166.0,178.0,178.0,178.0
1.0,1104.0,483.0,534.0,498.0,483.0,161.0,161.0,161.0,178.0,178.0,178.0,161.0,161.0,161.0,368.0,368.0,368.0,161.0,161.0,161.0,178.0,178.0,178.0
1.0,1119.0,603.0,537.0,483.0,612.0,204.0,204.0,204.0,179.0,179.0,179.0,201.0,201.0,201.0,373.0,373.0,373.0,204.0,204.0,204.0,179.0,179.0,179.0
1.0,999.0,585.0,540.0,612.0,594.0,198.0,198.0,198.0,180.0,180.0,180.0,195.0,195.0,195.0,333.0,333.0,333.0,198.0,198.0,198.0,180.0,180.0,180.0
1.0,1026.0,651.0,543.0,594.0,660.0,220.0,220.0,220.0,181.0,181.0,181.0,217.0,217.0,217.0,342.0,342.0,342.0,220.0,220.0,220.0,181.0,181.0,181.0
1.0,969.0,573.0,543.0,660.0,573.0,191.0,191.0,191.0,181.0,181.0,181.0,191.0,191.0,191.0,323.0,323.0,323.0,191.0,191.0,191.0,181.0,181.0,181.0
1.0,1056.0,549.0,543.0,573.0,549.0,183.0,183.0,183.0,181.0,181.0,181.0,183.0,183.0,183.0,352.0,352.0,352.0,183.0,183.0,183.0,181.0,181.0,181.0
1.0,1080.0,519.0,543.0,549.0,519.0,173.0,173.0,173.0,181.0,181.0,181.0,173.0,173.0,173.0,360.0,360.0,360.0,173.0,173.0,173.0,181.0,181.0,181.0
1.0,1110.0,519.0,543.0,519.0,519.0,173.0,173.0,173.0,181.0,181.0,181.0,173.0,173.0,173.0,370.0,370.0,370.0,173.0,173.0,173.0,181.0,181.0,181.0
1.0,1110.0,546.0,543.0,519.0,546.0,182.0,182.0,182.0,181.0,181.0,181.0,182.0,182.0,182.0,370.0,370.0,370.0,182.0,182.0,182.0,181.0,181.0,181.0
1.0,1083.0,594.0,546.0,546.0,603.0,201.0,201.0,201.0,182.0,182.0,182.0,198.0,198.0,198.0,361.0,361.0,361.0,201.0,201.0,201.0,182.0,182.0,182.0
1.0,1035.0,615.0,549.0,603.0,624.0,208.0,208.0,208.0,183.0,183.0,183.0,205.0,205.0,205.0,345.0,345.0,345.0,208.0,208.0,208.0,183.0,183.0,183.0
1.0,1023.0,612.0,549.0,624.0,612.0,204.0,204.0,204.0,183.0,183.0,183.0,204.0,204.0,204.0,341.0,341.0,341.0,204.0,204.0,204.0,183.0,183.0,183.0
1.0,1035.0,555.0,549.0,612.0,555.0,185.0,185.0,185.0,183.0,183.0,183.0,185.0,185.0,185.0,345.0,345.0,345.0,185.0,185.0,185.0,183.0,183.0,183.0
1.0,1092.0,519.0,546.0,555.0,510.0,170.0,170.0,170.0,182.0,182.0,182.0,173.0,173.0,173.0,364.0,364.0,364.0,170.0,170.0,170.0,182.0,182.0,182.0
1.0,1128.0,486.0,546.0,510.0,486.0,162.0,162.0,162.0,182.0,182.0,182.0,162.0,162.0,162.0,376.0,376.0,376.0,162.0,162.0,162.0,182.0,182.0,182.0
1.0,1152.0,585.0,546.0,486.0,585.0,195.0,195.0,195.0,182.0,182.0,182.0,195.0,195.0,195.0,384.0,384.0,384.0,195.0,195.0,195.0,182.0,182.0,182.0
1.0,1053.0,600.0,549.0,585.0,609.0,203.0,203.0,203.0,183.0,183.0,183.0,200.0,200.0,200.0,351.0,351.0,351.0,203.0,203.0,203.0,183.0,183.0,183.0
1.0,1038.0,624.0,552.0,609.0,633.0,211.0,211.0,211.0,184.0,184.0,184.0,208.0,208.0,208.0,346.0,346.0,346.0,211.0,211.0,211.0,184.0,184.0,184.0
1.0,1023.0,612.0,555.0,633.0,621.0,207.0,207.0,207.0,185.0,185.0,185.0,204.0,204.0,204.0,341.0,341.0,341.0,207.0,207.0,207.0,185.0,185.0,185.0
1.0,1044.0,534.0,555.0,621.0,534.0,178.0,178.0,178.0,185.0,185.0,185.0,178.0,178.0,178.0,348.0,348.0,348.0,178.0,178.0,178.0,185.0,185.0,185.0
1.0,1131.0,477.0,552.0,534.0,468.0,156.0,156.0,156.0,184.0,184.0,184.0,159.0,159.0,159.0,377.0,377.0,377.0,156.0,156.0,156.0,184.0,184.0,184.0
1.0,1188.0,492.0,549.0,468.0,483.0,161.0,161.0,161.0,183.0,183.0,183.0,164.0,164.0,164.0,396.0,396.0,396.0,161.0,161.0,161.0,183.0,183.0,183.0
1.0,1164.0,579.0,552.0,483.0,588.0,196.0,196.0,196.0,184.0,184.0,184.0,193.0,193.0,193.0,388.0,388.0,388.0,196.0,196.0,196.0,184.0,184.0,184.0
1.0,1068.0,609.0,555.0,588.0,618.0,206.0,206.0,206.0,185.0,185.0,185.0,203.0,203.0,203.0,356.0,356.0,356.0,206.0,206.0,206.0,185.0,185.0,185.0
1.0,1047.0,624.0,558.0,618.0,633.0,211.0,211.0,211.0,186.0,186.0,186.0,208.0,208.0,208.0,349.0,349.0,349.0,211.0,211.0,211.0,186.0,186.0,186.0
1.0,1041.0,615.0,561.0,633.0,624.0,208.0,208.0,208.0,187.0,187.0,187.0,205.0,205.0,205.0,347.0,347.0,347.0,208.0,208.0,208.0,187.0,187.0,187.0
1.0,1059.0,543.0,558.0,624.0,534.0,178.0,178.0,178.0,186.0,186.0,186.0,181.0,181.0,181.0,353.0,353.0,353.0,178.0,178.0,178.0,186.0,186.0,186.0
1.0,1140.0,465.0,555.0,534.0,456.0,152.0,152.0,152.0,185.0,185.0,185.0,155.0,155.0,155.0,380.0,380.0,380.0,152.0,152.0,152.0,185.0,185.0,185.0
1.0,1209.0,486.0,555.0,456.0,486.0,162.0,162.0,162.0,185.0,185.0,185.0,162.0,162.0,162.0,403.0,403.0,403.0,162.0,162.0,162.0,185.0,185.0,185.0
1.0,1179.0,609.0,558.0,486.0,618.0,206.0,206.0,206.0,186.0,186.0,186.0,203.0,203.0,203.0,393.0,393.0,393.0,206.0,206.0,206.0,186.0,186.0,186.0
1.0,1056.0,618.0,558.0,618.0,618.0,206.0,206.0,206.0,186.0,186.0,186.0,206.0,206.0,206.0,352.0,352.0,352.0,206.0,206.0,206.0,186.0,186.0,186.0
1.0,1056.0,636.0,561.0,618.0,645.0,215.0,215.0,215.0,187.0,187.0,187.0,212.0,212.0,212.0,352.0,352.0,352.0,215.0,215.0,215.0,187.0,187.0,187.0
1.0,1038.0,606.0,561.0,645.0,606.0,202.0,202.0,202.0,187.0,187.0,187.0,202.0,202.0,202.0,346.0,346.0,346.0,202.0,202.0,202.0,187.0,187.0,187.0
1.0,1077.0,561.0,561.0,606.0,561.0,187.0,187.0,187.0,187.0,187.0,187.0,187.0,187.0,187.0,359.0,359.0,359.0,187.0,187.0,187.0,187.0,187.0,187.0
1.0,1122.0,549.0,558.0,561.0,540.0,180.0,180.0,180.0,186.0,186.0,186.0,183.0,183.0,183.0,374.0,374.0,374.0,180.0,180.0,180.0,186.0,186.0,186.0
1.0,1134.0,564.0,558.0,540.0,564.0,188.0,188.0,188.0,186.0,186.0,186.0,188.0,188.0,188.0,378.0,378.0,378.0,188.0,188.0,188.0,186.0,186.0,186.0
1.0,1110.0,567.0,558.0,564.0,567.0,189.0,189.0,189.0,186.0,186.0,186.0,189.0,189.0,189.0,370.0,370.0,370.0,189.0,189.0,189.0,186.0,186.0,186.0
1.0,1107.0,627.0,561.0,567.0,636.0,212.0,212.0,212.0,187.0,187.0,187.0,209.0,209.0,209.0,369.0,369.0,369.0,212.0,212.0,212.0,187.0,187.0,187.0
1.0,1047.0,639.0,564.0,636.0,648.0,216.0,216.0,216.0,188.0,188.0,188.0,213.0,213.0,213.0,349.0,349.0,349.0,216.0,216.0,216.0,188.0,188.0,188.0
1.0,1044.0,648.0,567.0,648.0,657.0,219.0,219.0,219.0,189.0,189.0,189.0,216.0,216.0,216.0,348.0,348.0,348.0,219.0,219.0,219.0,189.0,189.0,189.0
1.0,1044.0,570.0,567.0,657.0,570.0,190.0,190.0,190.0,189.0,189.0,189.0,190.0,190.0,190.0,348.0,348.0,348.0,190.0,190.0,190.0,189.0,189.0,189.0
1.0,1131.0,510.0,564.0,570.0,501.0,167.0,167.0,167.0,188.0,188.0,188.0,170.0,170.0,170.0,377.0,377.0,377.0,167.0,167.0,167.0,188.0,188.0,188.0
1.0,1191.0,492.0,564.0,501.0,492.0,164.0,164.0,164.0,188.0,188.0,188.0,164.0,164.0,164.0,397.0,397.0,397.0,164.0,164.0,164.0,188.0,188.0,188.0
1.0,1200.0,591.0,564.0,492.0,591.0,197.0,197.0,197.0,188.0,188.0,188.0,197.0,197.0,197.0,400.0,400.0,400.0,197.0,197.0,197.0,188.0,188.0,188.0
1.0,1101.0,597.0,567.0,591.0,606.0,202.0,202.0,202.0,189.0,189.0,189.0,199.0,199.0,199.0,367.0,367.0,367.0,202.0,202.0,202.0,189.0,189.0,189.0
1.0,1095.0,612.0,570.0,606.0,621.0,207.0,207.0,207.0,190.0,190.0,190.0,204.0,204.0,204.0,365.0,365.0,365.0,207.0,207.0,207.0,190.0,190.0,190.0
1.0,1089.0,579.0,570.0,621.0,579.0,193.0,193.0,193.0,190.0,190.0,190.0,193.0,193.0,193.0,363.0,363.0,363.0,193.0,193.0,193.0,190.0,190.0,190.0
1.0,1131.0,576.0,570.0,579.0,576.0,192.0,192.0,192.0,190.0,190.0,190.0,192.0,192.0,192.0,377.0,377.0,377.0,192.0,192.0,192.0,190.0,190.0,190.0
1.0,1134.0,531.0,567.0,576.0,522.0,174.0,174.0,174.0,189.0,189.0,189.0,177.0,177.0,177.0,378.0,378.0,378.0,174.0,174.0,174.0,189.0,189.0,189.0
1.0,1179.0,477.0,564.0,522.0,468.0,156.0,156.0,156.0,188.0,188.0,188.0,159.0,159.0,159.0,393.0,393.0,393.0,156.0,156.0,156.0,188.0,188.0,188.0
1.0,1224.0,618.0,567.0,468.0,627.0,209.0,209.0,209.0,189.0,189.0,189.0,206.0,206.0,206.0,408.0,408.0,408.0,209.0,209.0,209.0,189.0,189.0,189.0
1.0,1074.0,597.0,570.0,627.0,606.0,202.0,202.0,202.0,190.0,190.0,190.0,199.0,199.0,199.0,358.0,358.0,358.0,202.0,202.0,202.0,190.0,190.0,190.0
1.0,1104.0,633.0,573.0,606.0,642.0,214.0,214.0,214.0,191.0,191.0,191.0,211.0,211.0,211.0,368.0,368.0,368.0,214.0,214.0,214.0,191.0,191.0,191.0
1.0,1077.0,603.0,573.0,642.0,603.0,201.0,201.0,201.0,191.0,191.0,191.0,201.0,201.0,201.0,359.0,359.0,359.0,201.0,201.0,201.0,191.0,191.0,191.0
1.0,1116.0,549.0,573.0,603.0,549.0,183.0,183.0,183.0,191.0,191.0,191.0,183.0,183.0,183.0,372.0,372.0,372.0,183.0,183.0,183.0,191.0,191.0,191.0
1.0,1170.0,507.0,570.0,549.0,498.0,166.0,166.0,166.0,190.0,190.0,190.0,169.0,169.0,169.0,390.0,390.0,390.0,166.0,166.0,166.0,190.0,190.0,190.0
1.0,1212.0,516.0,567.0,498.0,507.0,169.0,169.0,169.0,189.0,189.0,189.0,172.0,172.0,172.0,404.0,404.0,404.0,169.0,169.0,169.0,189.0,189.0,189.0
1.0,1194.0,606.0,570.0,507.0,615.0,205.0,205.0,205.0,190.0,190.0,190.0,202.0,202.0,202.0,398.0,398.0,398.0,205.0,205.0,205.0,190.0,190.0,190.0
1.0,1095.0,594.0,570.0,615.0,594.0,198.0,198.0,198.0,190.0,190.0,190.0,198.0,198.0,198.0,365.0,365.0,365.0,198.0,198.0,198.0,190.0,190.0,190.0
1.0,1116.0,627.0,573.0,594.0,636.0,212.0,212.0,212.0,191.0,191.0,191.0,209.0,209.0,209.0,372.0,372.0,372.0,212.0,212.0,212.0,191.0,191.0,191.0
1.0,1083.0,624.0,573.0,636.0,624.0,208.0,208.0,208.0,191.0,191.0,191.0,208.0,208.0,208.0,361.0,361.0,361.0,208.0,208.0,208.0,191.0,191.0,191.0
1.0,1095.0,585.0,573.0,624.0,585.0,195.0,195.0,195.0,191.0,191.0,191.0,195.0,195.0,195.0,365.0,365.0,365.0,195.0,195.0,195.0,191.0,191.0,191.0
1.0,1134.0,501.0,573.0,585.0,501.0,167.0,167.0,167.0,191.0,191.0,191.0,167.0,167.0,167.0,378.0,378.0,378.0,167.0,167.0,167.0,191.0,191.0,191.0
1.0,1218.0,525.0,570.0,501.0,516.0,172.0,172.0,172.0,190.0,190.0,190.0,175.0,175.0,175.0,406.0,406.0,406.0,172.0,172.0,172.0,190.0,190.0,190.0
1.0,1194.0,552.0,570.0,516.0,552.0,184.0,184.0,184.0,190.0,190.0,190.0,184.0,184.0,184.0,398.0,398.0,398.0,184.0,184.0,184.0,190.0,190.0,190.0
1.0,1158.0,636.0,573.0,552.0,645.0,215.0,215.0,215.0,191.0,191.0,191.0,212.0,212.0,212.0,386.0,386.0,386.0,215.0,215.0,215.0,191.0,191.0,191.0
1.0,1074.0,639.0,576.0,645.0,648.0,216.0,216.0,216.0,192.0,192.0,192.0,213.0,213.0,213.0,358.0,358.0,358.0,216.0,216.0,216.0,192.0,192.0,192.0
1.0,1080.0,609.0,576.0,648.0,609.0,203.0,203.0,203.0,192.0,192.0,192.0,203.0,203.0,203.0,360.0,360.0,360.0,203.0,203.0,203.0,192.0,192.0,192.0
1.0,1119.0,624.0,576.0,609.0,624.0,208.0,208.0,208.0,192.0,192.0,192.0,208.0,208.0,208.0,373.0,373.0,373.0,208.0,208.0,208.0,192.0,192.0,192.0
1.0,1104.0,573.0,576.0,624.0,573.0,191.0,191.0,191.0,192.0,192.0,192.0,191.0,191.0,191.0,368.0,368.0,368.0,191.0,191.0,191.0,192.0,192.0,192.0
1.0,1155.0,543.0,573.0,573.0,534.0,178.0,178.0,178.0,191.0,191.0,191.0,181.0,181.0,181.0,385.0,385.0,385.0,178.0,178.0,178.0,191.0,191.0,191.0
1.0,1185.0,603.0,576.0,534.0,612.0,204.0,204.0,204.0,192.0,192.0,192.0,201.0,201.0,201.0,395.0,395.0,395.0,204.0,204.0,204.0,192.0,192.0,192.0
1.0,1116.0,642.0,579.0,612.0,651.0,217.0,217.0,217.0,193.0,193.0,193.0,214.0,214.0,214.0,372.0,372.0,372.0,217.0,217.0,217.0,193.0,193.0,193.0
1.0,1086.0,615.0,582.0,651.0,624.0,208.0,208.0,208.0,194.0,194.0,194.0,205.0,205.0,205.0,362.0,362.0,362.0,208.0,208.0,208.0,194.0,194.0,194.0
1.0,1122.0,642.0,582.0,624.0,642.0,214.0,214.0,214.0,194.0,194.0,194.0,214.0,214.0,214.0,374.0,374.0,374.0,214.0,214.0,214.0,194.0,194.0,194.0
1.0,1104.0,588.0,582.0,642.0,588.0,196.0,196.0,196.0,194.0,194.0,194.0,196.0,196.0,196.0,368.0,368.0,368.0,196.0,196.0,196.0,194.0,194.0,194.0
1.0,1158.0,594.0,582.0,588.0,594.0,198.0,198.0,198.0,194.0,194.0,194.0,198.0,198.0,198.0,386.0,386.0,386.0,198.0,198.0,198.0,194.0,194.0,194.0
1.0,1152.0,570.0,579.0,594.0,561.0,187.0,187.0,187.0,193.0,193.0,193.0,190.0,190.0,190.0,384.0,384.0,384.0,187.0,187.0,187.0,193.0,193.0,193.0
1.0,1176.0,603.0,582.0,561.0,612.0,204.0,204.0,204.0,194.0,194.0,194.0,201.0,201.0,201.0,392.0,392.0,392.0,204.0,204.0,204.0,194.0,194.0,194.0
1.0,1134.0,681.0,585.0,612.0,690.0,230.0,230.0,230.0,195.0,195.0,195.0,227.0,227.0,227.0,378.0,378.0,378.0,230.0,230.0,230.0,195.0,195.0,195.0
1.0,1065.0,651.0,588.0,690.0,660.0,220.0,220.0,220.0,196.0,196.0,196.0,217.0,217.0,217.0,355.0,355.0,355.0,220.0,220.0,220.0,196.0,196.0,196.0
1.0,1104.0,684.0,591.0,660.0,693.0,231.0,231.0,231.0,197.0,197.0,197.0,228.0,228.0,228.0,368.0,368.0,368.0,231.0,231.0,231.0,197.0,197.0,197.0
1.0,1080.0,504.0,588.0,693.0,495.0,165.0,165.0,165.0,196.0,196.0,196.0,168.0,168.0,168.0,360.0,360.0,360.0,165.0,165.0,165.0,196.0,196.0,196.0
1.0,1269.0,504.0,585.0,495.0,495.0,165.0,165.0,165.0,195.0,195.0,195.0,168.0,168.0,168.0,423.0,423.0,423.0,165.0,165.0,165.0,195.0,195.0,195.0
1.0,1260.0,561.0,585.0,495.0,561.0,187.0,187.0,187.0,195.0,195.0,195.0,187.0,187.0,187.0,420.0,420.0,420.0,187.0,187.0,187.0,195.0,195.0,195.0
1.0,1194.0,594.0,585.0,561.0,594.0,198.0,198.0,198.0,195.0,195.0,195.0,198.0,198.0,198.0,398.0,398.0,398.0,198.0,198.0,198.0,195.0,195.0,195.0
1.0,1161.0,582.0,585.0,594.0,582.0,194.0,194.0,194.0,195.0,195.0,195.0,194.0,194.0,194.0,387.0,387.0,387.0,194.0,194.0,194.0,195.0,195.0,195.0
1.0,1173.0,648.0,588.0,582.0,657.0,219.0,219.0,219.0,196.0,196.0,196.0,216.0,216.0,216.0,391.0,391.0,391.0,219.0,219.0,219.0,196.0,196.0,196.0
1.0,1107.0,597.0,588.0,657.0,597.0,199.0,199.0,199.0,196.0,196.0,196.0,199.0,199.0,199.0,369.0,369.0,369.0,199.0,199.0,199.0,196.0,196.0,196.0
1.0,1167.0,588.0,588.0,597.0,588.0,196.0,196.0,196.0,196.0,196.0,196.0,196.0,196.0,196.0,389.0,389.0,389.0,196.0,196.0,196.0,196.0,196.0,196.0
1.0,1176.0,600.0,585.0,588.0,591.0,197.0,197.0,197.0,195.0,195.0,195.0,200.0,200.0,200.0,392.0,392.0,392.0,197.0,197.0,197.0,195.0,195.0,195.0
1.0,1164.0,582.0,585.0,591.0,582.0,194.0,194.0,194.0,195.0,195.0,195.0,194.0,194.0,194.0,388.0,388.0,388.0,194.0,194.0,194.0,195.0,195.0,195.0
1.0,1173.0,609.0,585.0,582.0,609.0,203.0,203.0,203.0,195.0,195.0,195.0,203.0,203.0,203.0,391.0,391.0,391.0,203.0,203.0,203.0,195.0,195.0,195.0
1.0,1146.0,624.0,588.0,609.0,633.0,211.0,211.0,211.0,196.0,196.0,196.0,208.0,208.0,208.0,382.0,382.0,382.0,211.0,211.0,211.0,196.0,196.0,196.0
1.0,1131.0,666.0,591.0,633.0,675.0,225.0,225.0,225.0,197.0,197.0,197.0,222.0,222.0,222.0,377.0,377.0,377.0,225.0,225.0,225.0,197.0,197.0,197.0
1.0,1098.0,609.0,591.0,675.0,609.0,203.0,203.0,203.0,197.0,197.0,197.0,203.0,203.0,203.0,366.0,366.0,366.0,203.0,203.0,203.0,197.0,197.0,197.0
1.0,1164.0,573.0,591.0,609.0,573.0,191.0,191.0,191.0,197.0,197.0,197.0,191.0,191.0,191.0,388.0,388.0,388.0,191.0,191.0,191.0,197.0,197.0,197.0
1.0,1200.0,552.0,591.0,573.0,552.0,184.0,184.0,184.0,197.0,197.0,197.0,184.0,184.0,184.0,400.0,400.0,400.0,184.0,184.0,184.0,197.0,197.0,197.0
1.0,1221.0,516.0,588.0,552.0,507.0,169.0,169.0,169.0,196.0,196.0,196.0,172.0,172.0,172.0,407.0,407.0,407.0,169.0,169.0,169.0,196.0,196.0,196.0
1.0,1257.0,609.0,591.0,507.0,618.0,206.0,206.0,206.0,197.0,197.0,197.0,203.0,203.0,203.0,419.0,419.0,419.0,206.0,206.0,206.0,197.0,197.0,197.0
1.0,1155.0,681.0,594.0,618.0,690.0,230.0,230.0,230.0,198.0,198.0,198.0,227.0,227.0,227.0,385.0,385.0,385.0,230.0,230.0,230.0,198.0,198.0,198.0
1.0,1092.0,699.0,597.0,690.0,708.0,236.0,236.0,236.0,199.0,199.0,199.0,233.0,233.0,233.0,364.0,364.0,364.0,236.0,236.0,236.0,199.0,199.0,199.0
1.0,1083.0,675.0,597.0,708.0,675.0,225.0,225.0,225.0,199.0,199.0,199.0,225.0,225.0,225.0,361.0,361.0,361.0,225.0,225.0,225.0,199.0,199.0,199.0
1.0,1116.0,573.0,597.0,675.0,573.0,191.0,191.0,191.0,199.0,199.0,199.0,191.0,191.0,191.0,372.0,372.0,372.0,191.0,191.0,191.0,199.0,199.0,199.0
1.0,1218.0,543.0,597.0,573.0,543.0,181.0,181.0,181.0,199.0,199.0,199.0,181.0,181.0,181.0,406.0,406.0,406.0,181.0,181.0,181.0,199.0,199.0,199.0
1.0,1248.0,567.0,594.0,543.0,558.0,186.0,186.0,186.0,198.0,198.0,198.0,189.0,189.0,189.0,416.0,416.0,416.0,186.0,186.0,186.0,198.0,198.0,198.0
1.0,1224.0,606.0,597.0,558.0,615.0,205.0,205.0,205.0,199.0,199.0,199.0,202.0,202.0,202.0,408.0,408.0,408.0,205.0,205.0,205.0,199.0,199.0,199.0
1.0,1176.0,654.0,600.0,615.0,663.0,221.0,221.0,221.0,200.0,200.0,200.0,218.0,218.0,218.0,392.0,392.0,392.0,221.0,221.0,221.0,200.0,200.0,200.0
1.0,1137.0,660.0,603.0,663.0,669.0,223.0,223.0,223.0,201.0,201.0,201.0,220.0,220.0,220.0,379.0,379.0,379.0,223.0,223.0,223.0,201.0,201.0,201.0
1.0,1140.0,639.0,603.0,669.0,639.0,213.0,213.0,213.0,201.0,201.0,201.0,213.0,213.0,213.0,380.0,380.0,380.0,213.0,213.0,213.0,201.0,201.0,201.0
1.0,1170.0,585.0,603.0,639.0,585.0,195.0,195.0,195.0,201.0,201.0,201.0,195.0,195.0,195.0,390.0,390.0,390.0,195.0,195.0,195.0,201.0,201.0,201.0
1.0,1224.0,597.0,603.0,585.0,597.0,199.0,199.0,199.0,201.0,201.0,201.0,199.0,199.0,199.0,408.0,408.0,408.0,199.0,199.0,199.0,201.0,201.0,201.0
1.0,1212.0,588.0,600.0,597.0,579.0,193.0,193.0,193.0,200.0,200.0,200.0,196.0,196.0,196.0,404.0,404.0,404.0,193.0,193.0,193.0,200.0,200.0,200.0
1.0,1221.0,615.0,600.0,579.0,615.0,205.0,205.0,205.0,200.0,200.0,200.0,205.0,205.0,205.0,407.0,407.0,407.0,205.0,205.0,205.0,200.0,200.0,200.0
1.0,1185.0,702.0,606.0,615.0,720.0,240.0,240.0,240.0,202.0,202.0,202.0,234.0,234.0,234.0,395.0,395.0,395.0,240.0,240.0,240.0,202.0,202.0,202.0
1.0,1098.0,663.0,609.0,720.0,672.0,224.0,224.0,224.0,203.0,203.0,203.0,221.0,221.0,221.0,366.0,366.0,366.0,224.0,224.0,224.0,203.0,203.0,203.0
1.0,1155.0,618.0,609.0,672.0,618.0,206.0,206.0,206.0,203.0,203.0,203.0,206.0,206.0,206.0,385.0,385.0,385.0,206.0,206.0,206.0,203.0,203.0,203.0
1.0,1209.0,615.0,609.0,618.0,615.0,205.0,205.0,205.0,203.0,203.0,203.0,205.0,205.0,205.0,403.0,403.0,403.0,205.0,205.0,205.0,203.0,203.0,203.0
1.0,1212.0,582.0,609.0,615.0,582.0,194.0,194.0,194.0,203.0,203.0,203.0,194.0,194.0,194.0,404.0,404.0,404.0,194.0,194.0,194.0,203.0,203.0,203.0
1.0,1245.0,612.0,609.0,582.0,612.0,204.0,204.0,204.0,203.0,203.0,203.0,204.0,204.0,204.0,415.0,415.0,415.0,204.0,204.0,204.0,203.0,203.0,203.0
1.0,1215.0,579.0,606.0,612.0,570.0,190.0,190.0,190.0,202.0,202.0,202.0,193.0,193.0,193.0,405.0,405.0,405.0,190.0,190.0,190.0,202.0,202.0,202.0
1.0,1248.0,672.0,609.0,570.0,681.0,227.0,227.0,227.0,203.0,203.0,203.0,224.0,224.0,224.0,416.0,416.0,416.0,227.0,227.0,227.0,203.0,203.0,203.0
1.0,1146.0,675.0,612.0,681.0,684.0,228.0,228.0,228.0,204.0,204.0,204.0,225.0,225.0,225.0,382.0,382.0,382.0,228.0,228.0,228.0,204.0,204.0,204.0
1.0,1152.0,669.0,612.0,684.0,669.0,223.0,223.0,223.0,204.0,204.0,204.0,223.0,223.0,223.0,384.0,384.0,384.0,223.0,223.0,223.0,204.0,204.0,204.0
1.0,1167.0,585.0,612.0,669.0,585.0,195.0,195.0,195.0,204.0,204.0,204.0,195.0,195.0,195.0,389.0,389.0,389.0,195.0,195.0,195.0,204.0,204.0,204.0
1.0,1251.0,609.0,612.0,585.0,609.0,203.0,203.0,203.0,204.0,204.0,204.0,203.0,203.0,203.0,417.0,417.0,417.0,203.0,203.0,203.0,204.0,204.0,204.0
1.0,1227.0,576.0,609.0,609.0,567.0,189.0,189.0,189.0,203.0,203.0,203.0,192.0,192.0,192.0,409.0,409.0,409.0,189.0,189.0,189.0,203.0,203.0,203.0
1.0,1260.0,606.0,612.0,567.0,615.0,205.0,205.0,205.0,204.0,204.0,204.0,202.0,202.0,202.0,420.0,420.0,420.0,205.0,205.0,205.0,204.0,204.0,204.0
1.0,1221.0,684.0,612.0,615.0,684.0,228.0,228.0,228.0,204.0,204.0,204.0,228.0,228.0,228.0,407.0,407.0,407.0,228.0,228.0,228.0,204.0,204.0,204.0
1.0,1152.0,690.0,615.0,684.0,699.0,233.0,233.0,233.0,205.0,205.0,205.0,230.0,230.0,230.0,384.0,384.0,384.0,233.0,233.0,233.0,205.0,205.0,205.0
1.0,1146.0,597.0,615.0,699.0,597.0,199.0,199.0,199.0,205.0,205.0,205.0,199.0,199.0,199.0,382.0,382.0,382.0,199.0,199.0,199.0,205.0,205.0,205.0
1.0,1248.0,612.0,612.0,597.0,603.0,201.0,201.0,201.0,204.0,204.0,204.0,204.0,204.0,204.0,416.0,416.0,416.0,201.0,201.0,201.0,204.0,204.0,204.0
1.0,1233.0,573.0,612.0,603.0,573.0,191.0,191.0,191.0,204.0,204.0,204.0,191.0,191.0,191.0,411.0,411.0,411.0,191.0,191.0,191.0,204.0,204.0,204.0
1.0,1263.0,543.0,609.0,573.0,534.0,178.0,178.0,178.0,203.0,203.0,203.0,181.0,181.0,181.0,421.0,421.0,421.0,178.0,178.0,178.0,203.0,203.0,203.0
1.0,1293.0,615.0,612.0,534.0,624.0,208.0,208.0,208.0,204.0,204.0,204.0,205.0,205.0,205.0,431.0,431.0,431.0,208.0,208.0,208.0,204.0,204.0,204.0
1.0,1212.0,642.0,615.0,624.0,651.0,217.0,217.0,217.0,205.0,205.0,205.0,214.0,214.0,214.0,404.0,404.0,404.0,217.0,217.0,217.0,205.0,205.0,205.0
1.0,1194.0,693.0,615.0,651.0,693.0,231.0,231.0,231.0,205.0,205.0,205.0,231.0,231.0,231.0,398.0,398.0,398.0,231.0,231.0,231.0,205.0,205.0,205.0
1.0,1152.0,672.0,618.0,693.0,681.0,227.0,227.0,227.0,206.0,206.0,206.0,224.0,224.0,224.0,384.0,384.0,384.0,227.0,227.0,227.0,206.0,206.0,206.0
1.0,1173.0,573.0,618.0,681.0,573.0,191.0,191.0,191.0,206.0,206.0,206.0,191.0,191.0,191.0,391.0,391.0,391.0,191.0,191.0,191.0,206.0,206.0,206.0
1.0,1281.0,534.0,615.0,573.0,525.0,175.0,175.0,175.0,205.0,205.0,205.0,178.0,178.0,178.0,427.0,427.0,427.0,175.0,175.0,175.0,205.0,205.0,205.0
1.0,1320.0,564.0,615.0,525.0,564.0,188.0,188.0,188.0,205.0,205.0,205.0,188.0,188.0,188.0,440.0,440.0,440.0,188.0,188.0,188.0,205.0,205.0,205.0
1.0,1281.0,702.0,618.0,564.0,711.0,237.0,237.0,237.0,206.0,206.0,206.0,234.0,234.0,234.0,427.0,427.0,427.0,237.0,237.0,237.0,206.0,206.0,206.0
1.0,1143.0,702.0,618.0,711.0,702.0,234.0,234.0,234.0,206.0,206.0,206.0,234.0,234.0,234.0,381.0,381.0,381.0,234.0,234.0,234.0,206.0,206.0,206.0
1.0,1152.0,720.0,621.0,702.0,729.0,243.0,243.0,243.0,207.0,207.0,207.0,240.0,240.0,240.0,384.0,384.0,384.0,243.0,243.0,243.0,207.0,207.0,207.0
1.0,1134.0,654.0,621.0,729.0,654.0,218.0,218.0,218.0,207.0,207.0,207.0,218.0,218.0,218.0,378.0,378.0,378.0,218.0,218.0,218.0,207.0,207.0,207.0
1.0,1209.0,603.0,621.0,654.0,603.0,201.0,201.0,201.0,207.0,207.0,207.0,201.0,201.0,201.0,403.0,403.0,403.0,201.0,201.0,201.0,207.0,207.0,207.0
1.0,1260.0,543.0,621.0,603.0,543.0,181.0,181.0,181.0,207.0,207.0,207.0,181.0,181.0,181.0,420.0,420.0,420.0,181.0,181.0,181.0,207.0,207.0,207.0
1.0,1320.0,612.0,621.0,543.0,612.0,204.0,204.0,204.0,207.0,207.0,207.0,204.0,204.0,204.0,440.0,440.0,440.0,204.0,204.0,204.0,207.0,207.0,207.0
1.0,1251.0,675.0,621.0,612.0,675.0,225.0,225.0,225.0,207.0,207.0,207.0,225.0,225.0,225.0,417.0,417.0,417.0,225.0,225.0,225.0,207.0,207.0,207.0
1.0,1188.0,702.0,624.0,675.0,711.0,237.0,237.0,237.0,208.0,208.0,208.0,234.0,234.0,234.0,396.0,396.0,396.0,237.0,237.0,237.0,208.0,208.0,208.0
1.0,1161.0,660.0,627.0,711.0,669.0,223.0,223.0,223.0,209.0,209.0,209.0,220.0,220.0,220.0,387.0,387.0,387.0,223.0,223.0,223.0,209.0,209.0,209.0
1.0,1212.0,690.0,630.0,669.0,699.0,233.0,233.0,233.0,210.0,210.0,210.0,230.0,230.0,230.0,404.0,404.0,404.0,233.0,233.0,233.0,210.0,210.0,210.0
1.0,1191.0,603.0,627.0,699.0,594.0,198.0,198.0,198.0,209.0,209.0,209.0,201.0,201.0,201.0,397.0,397.0,397.0,198.0,198.0,198.0,209.0,209.0,209.0
1.0,1287.0,564.0,624.0,594.0,555.0,185.0,185.0,185.0,208.0,208.0,208.0,188.0,188.0,188.0,429.0,429.0,429.0,185.0,185.0,185.0,208.0,208.0,208.0
1.0,1317.0,615.0,624.0,555.0,615.0,205.0,205.0,205.0,208.0,208.0,208.0,205.0,205.0,205.0,439.0,439.0,439.0,205.0,205.0,205.0,208.0,208.0,208.0
1.0,1257.0,648.0,624.0,615.0,648.0,216.0,216.0,216.0,208.0,208.0,208.0,216.0,216.0,216.0,419.0,419.0,419.0,216.0,216.0,216.0,208.0,208.0,208.0
1.0,1224.0,717.0,627.0,648.0,726.0,242.0,242.0,242.0,209.0,209.0,209.0,239.0,239.0,239.0,408.0,408.0,408.0,242.0,242.0,242.0,209.0,209.0,209.0
1.0,1155.0,699.0,630.0,726.0,708.0,236.0,236.0,236.0,210.0,210.0,210.0,233.0,233.0,233.0,385.0,385.0,385.0,236.0,236.0,236.0,210.0,210.0,210.0
1.0,1182.0,699.0,633.0,708.0,708.0,236.0,236.0,236.0,211.0,211.0,211.0,233.0,233.0,233.0,394.0,394.0,394.0,236.0,236.0,236.0,211.0,211.0,211.0
1.0,1191.0,645.0,633.0,708.0,645.0,215.0,215.0,215.0,211.0,211.0,211.0,215.0,215.0,215.0,397.0,397.0,397.0,215.0,215.0,215.0,211.0,211.0,211.0
1.0,1254.0,591.0,630.0,645.0,582.0,194.0,194.0,194.0,210.0,210.0,210.0,197.0,197.0,197.0,418.0,418.0,418.0,194.0,194.0,194.0,210.0,210.0,210.0
1.0,1308.0,600.0,630.0,582.0,600.0,200.0,200.0,200.0,210.0,210.0,210.0,200.0,200.0,200.0,436.0,436.0,436.0,200.0,200.0,200.0,210.0,210.0,210.0
1.0,1290.0,624.0,630.0,600.0,624.0,208.0,208.0,208.0,210.0,210.0,210.0,208.0,208.0,208.0,430.0,430.0,430.0,208.0,208.0,208.0,210.0,210.0,210.0
1.0,1266.0,720.0,633.0,624.0,729.0,243.0,243.0,243.0,211.0,211.0,211.0,240.0,240.0,240.0,422.0,422.0,422.0,243.0,243.0,243.0,211.0,211.0,211.0
1.0,1170.0,660.0,636.0,729.0,669.0,223.0,223.0,223.0,212.0,212.0,212.0,220.0,220.0,220.0,390.0,390.0,390.0,223.0,223.0,223.0,212.0,212.0,212.0
1.0,1239.0,726.0,636.0,669.0,726.0,242.0,242.0,242.0,212.0,212.0,212.0,242.0,242.0,242.0,413.0,413.0,413.0,242.0,242.0,242.0,212.0,212.0,212.0
1.0,1182.0,585.0,636.0,726.0,585.0,195.0,195.0,195.0,212.0,212.0,212.0,195.0,195.0,195.0,394.0,394.0,394.0,195.0,195.0,195.0,212.0,212.0,212.0
1.0,1323.0,651.0,636.0,585.0,651.0,217.0,217.0,217.0,212.0,212.0,212.0,217.0,217.0,217.0,441.0,441.0,441.0,217.0,217.0,217.0,212.0,212.0,212.0
1.0,1257.0,555.0,633.0,651.0,546.0,182.0,182.0,182.0,211.0,211.0,211.0,185.0,185.0,185.0,419.0,419.0,419.0,182.0,182.0,182.0,211.0,211.0,211.0
1.0,1353.0,675.0,636.0,546.0,684.0,228.0,228.0,228.0,212.0,212.0,212.0,225.0,225.0,225.0,451.0,451.0,451.0,228.0,228.0,228.0,212.0,212.0,212.0
1.0,1224.0,711.0,636.0,684.0,711.0,237.0,237.0,237.0,212.0,212.0,212.0,237.0,237.0,237.0,408.0,408.0,408.0,237.0,237.0,237.0,212.0,212.0,212.0
1.0,1197.0,732.0,639.0,711.0,741.0,247.0,247.0,247.0,213.0,213.0,213.0,244.0,244.0,244.0,399.0,399.0,399.0,247.0,247.0,247.0,213.0,213.0,213.0
1.0,1176.0,678.0,642.0,741.0,687.0,229.0,229.0,229.0,214.0,214.0,214.0,226.0,226.0,226.0,392.0,392.0,392.0,229.0,229.0,229.0,214.0,214.0,214.0
1.0,1239.0,639.0,642.0,687.0,639.0,213.0,213.0,213.0,214.0,214.0,214.0,213.0,213.0,213.0,413.0,413.0,413.0,213.0,213.0,213.0,214.0,214.0,214.0
1.0,1287.0,549.0,639.0,639.0,540.0,180.0,180.0,180.0,213.0,213.0,213.0,183.0,183.0,183.0,429.0,429.0,429.0,180.0,180.0,180.0,213.0,213.0,213.0
1.0,1377.0,555.0,636.0,540.0,546.0,182.0,182.0,182.0,212.0,212.0,212.0,185.0,185.0,185.0,459.0,459.0,459.0,182.0,182.0,182.0,212.0,212.0,212.0
1.0,1362.0,699.0,639.0,546.0,708.0,236.0,236.0,236.0,213.0,213.0,213.0,233.0,233.0,233.0,454.0,454.0,454.0,236.0,236.0,236.0,213.0,213.0,213.0
1.0,1209.0,681.0,639.0,708.0,681.0,227.0,227.0,227.0,213.0,213.0,213.0,227.0,227.0,227.0,403.0,403.0,403.0,227.0,227.0,227.0,213.0,213.0,213.0
1.0,1236.0,711.0,642.0,681.0,720.0,240.0,240.0,240.0,214.0,214.0,214.0,237.0,237.0,237.0,412.0,412.0,412.0,240.0,240.0,240.0,214.0,214.0,214.0
1.0,1206.0,672.0,642.0,720.0,672.0,224.0,224.0,224.0,214.0,214.0,214.0,224.0,224.0,224.0,402.0,402.0,402.0,224.0,224.0,224.0,214.0,214.0,214.0
1.0,1254.0,663.0,642.0,672.0,663.0,221.0,221.0,221.0,214.0,214.0,214.0,221.0,221.0,221.0,418.0,418.0,418.0,221.0,221.0,221.0,214.0,214.0,214.0
1.0,1263.0,582.0,642.0,663.0,582.0,194.0,194.0,194.0,214.0,214.0,214.0,194.0,194.0,194.0,421.0,421.0,421.0,194.0,194.0,194.0,214.0,214.0,214.0
1.0,1344.0,642.0,642.0,582.0,642.0,214.0,214.0,214.0,214.0,214.0,214.0,214.0,214.0,214.0,448.0,448.0,448.0,214.0,214.0,214.0,214.0,214.0,214.0
1.0,1284.0,660.0,642.0,642.0,660.0,220.0,220.0,220.0,214.0,214.0,214.0,220.0,220.0,220.0,428.0,428.0,428.0,220.0,220.0,220.0,214.0,214.0,214.0
1.0,1266.0,741.0,645.0,660.0,750.0,250.0,250.0,250.0,215.0,215.0,215.0,247.0,247.0,247.0,422.0,422.0,422.0,250.0,250.0,250.0,215.0,215.0,215.0
1.0,1185.0,738.0,651.0,750.0,756.0,252.0,252.0,252.0,217.0,217.0,217.0,246.0,246.0,246.0,395.0,395.0,395.0,252.0,252.0,252.0,217.0,217.0,217.0
1.0,1197.0,726.0,651.0,756.0,726.0,242.0,242.0,242.0,217.0,217.0,217.0,242.0,242.0,242.0,399.0,399.0,399.0,242.0,242.0,242.0,217.0,217.0,217.0
1.0,1227.0,639.0,651.0,726.0,639.0,213.0,213.0,213.0,217.0,217.0,217.0,213.0,213.0,213.0,409.0,409.0,409.0,213.0,213.0,213.0,217.0,217.0,217.0
1.0,1314.0,555.0,648.0,639.0,546.0,182.0,182.0,182.0,216.0,216.0,216.0,185.0,185.0,185.0,438.0,438.0,438.0,182.0,182.0,182.0,216.0,216.0,216.0
1.0,1398.0,594.0,648.0,546.0,594.0,198.0,198.0,198.0,216.0,216.0,216.0,198.0,198.0,198.0,466.0,466.0,466.0,198.0,198.0,198.0,216.0,216.0,216.0
1.0,1350.0,690.0,651.0,594.0,699.0,233.0,233.0,233.0,217.0,217.0,217.0,230.0,230.0,230.0,450.0,450.0,450.0,233.0,233.0,233.0,217.0,217.0,217.0
1.0,1254.0,705.0,654.0,699.0,714.0,238.0,238.0,238.0,218.0,218.0,218.0,235.0,235.0,235.0,418.0,418.0,418.0,238.0,238.0,238.0,218.0,218.0,218.0
1.0,1248.0,672.0,654.0,714.0,672.0,224.0,224.0,224.0,218.0,218.0,218.0,224.0,224.0,224.0,416.0,416.0,416.0,224.0,224.0,224.0,218.0,218.0,218.0
1.0,1290.0,693.0,654.0,672.0,693.0,231.0,231.0,231.0,218.0,218.0,218.0,231.0,231.0,231.0,430.0,430.0,430.0,231.0,231.0,231.0,218.0,218.0,218.0
1.0,1269.0,651.0,654.0,693.0,651.0,217.0,217.0,217.0,218.0,218.0,218.0,217.0,217.0,217.0,423.0,423.0,423.0,217.0,217.0,217.0,218.0,218.0,218.0
1.0,1311.0,633.0,651.0,651.0,624.0,208.0,208.0,208.0,217.0,217.0,217.0,211.0,211.0,211.0,437.0,437.0,437.0,208.0,208.0,208.0,217.0,217.0,217.0
1.0,1329.0,576.0,651.0,624.0,576.0,192.0,192.0,192.0,217.0,217.0,217.0,192.0,192.0,192.0,443.0,443.0,443.0,192.0,192.0,192.0,217.0,217.0,217.0
1.0,1377.0,615.0,651.0,576.0,615.0,205.0,205.0,205.0,217.0,217.0,217.0,205.0,205.0,205.0,459.0,459.0,459.0,205.0,205.0,205.0,217.0,217.0,217.0
1.0,1338.0,738.0,654.0,615.0,747.0,249.0,249.0,249.0,218.0,218.0,218.0,246.0,246.0,246.0,446.0,446.0,446.0,249.0,249.0,249.0,218.0,218.0,218.0
1.0,1215.0,813.0,660.0,747.0,831.0,277.0,277.0,277.0,220.0,220.0,220.0,271.0,271.0,271.0,405.0,405.0,405.0,277.0,277.0,277.0,220.0,220.0,220.0
1.0,1149.0,687.0,660.0,831.0,687.0,229.0,229.0,229.0,220.0,220.0,220.0,229.0,229.0,229.0,383.0,383.0,383.0,229.0,229.0,229.0,220.0,220.0,220.0
1.0,1293.0,690.0,660.0,687.0,690.0,230.0,230.0,230.0,220.0,220.0,220.0,230.0,230.0,230.0,431.0,431.0,431.0,230.0,230.0,230.0,220.0,220.0,220.0
1.0,1290.0,669.0,660.0,690.0,669.0,223.0,223.0,223.0,220.0,220.0,220.0,223.0,223.0,223.0,430.0,430.0,430.0,223.0,223.0,223.0,220.0,220.0,220.0
1.0,1311.0,612.0,657.0,669.0,603.0,201.0,201.0,201.0,219.0,219.0,219.0,204.0,204.0,204.0,437.0,437.0,437.0,201.0,201.0,201.0,219.0,219.0,219.0
1.0,1368.0,702.0,660.0,603.0,711.0,237.0,237.0,237.0,220.0,220.0,220.0,234.0,234.0,234.0,456.0,456.0,456.0,237.0,237.0,237.0,220.0,220.0,220.0
1.0,1269.0,690.0,663.0,711.0,699.0,233.0,233.0,233.0,221.0,221.0,221.0,230.0,230.0,230.0,423.0,423.0,423.0,233.0,233.0,233.0,221.0,221.0,221.0
1.0,1290.0,753.0,663.0,699.0,753.0,251.0,251.0,251.0,221.0,221.0,221.0,251.0,251.0,251.0,430.0,430.0,430.0,251.0,251.0,251.0,221.0,221.0,221.0
1.0,1236.0,657.0,666.0,753.0,666.0,222.0,222.0,222.0,222.0,222.0,222.0,219.0,219.0,219.0,412.0,412.0,412.0,222.0,222.0,222.0,222.0,222.0,222.0
1.0,1332.0,657.0,663.0,666.0,648.0,216.0,216.0,216.0,221.0,221.0,221.0,219.0,219.0,219.0,444.0,444.0,444.0,216.0,216.0,216.0,221.0,221.0,221.0
1.0,1341.0,606.0,663.0,648.0,606.0,202.0,202.0,202.0,221.0,221.0,221.0,202.0,202.0,202.0,447.0,447.0,447.0,202.0,202.0,202.0,221.0,221.0,221.0
1.0,1383.0,588.0,660.0,606.0,579.0,193.0,193.0,193.0,220.0,220.0,220.0,196.0,196.0,196.0,461.0,461.0,461.0,193.0,193.0,193.0,220.0,220.0,220.0
1.0,1401.0,636.0,660.0,579.0,636.0,212.0,212.0,212.0,220.0,220.0,220.0,212.0,212.0,212.0,467.0,467.0,467.0,212.0,212.0,212.0,220.0,220.0,220.0
1.0,1344.0,705.0,663.0,636.0,714.0,238.0,238.0,238.0,221.0,221.0,221.0,235.0,235.0,235.0,448.0,448.0,448.0,238.0,238.0,238.0,221.0,221.0,221.0
1.0,1275.0,789.0,666.0,714.0,798.0,266.0,266.0,266.0,222.0,222.0,222.0,263.0,263.0,263.0,425.0,425.0,425.0,266.0,266.0,266.0,222.0,222.0,222.0
1.0,1200.0,705.0,666.0,798.0,705.0,235.0,235.0,235.0,222.0,222.0,222.0,235.0,235.0,235.0,400.0,400.0,400.0,235.0,235.0,235.0,222.0,222.0,222.0
1.0,1293.0,660.0,666.0,705.0,660.0,220.0,220.0,220.0,222.0,222.0,222.0,220.0,220.0,220.0,431.0,431.0,431.0,220.0,220.0,220.0,222.0,222.0,222.0
1.0,1338.0,684.0,666.0,660.0,684.0,228.0,228.0,228.0,222.0,222.0,222.0,228.0,228.0,228.0,446.0,446.0,446.0,228.0,228.0,228.0,222.0,222.0,222.0
1.0,1314.0,612.0,663.0,684.0,603.0,201.0,201.0,201.0,221.0,221.0,221.0,204.0,204.0,204.0,438.0,438.0,438.0,201.0,201.0,201.0,221.0,221.0,221.0
1.0,1386.0,687.0,666.0,603.0,696.0,232.0,232.0,232.0,222.0,222.0,222.0,229.0,229.0,229.0,462.0,462.0,462.0,232.0,232.0,232.0,222.0,222.0,222.0
1.0,1302.0,762.0,669.0,696.0,771.0,257.0,257.0,257.0,223.0,223.0,223.0,254.0,254.0,254.0,434.0,434.0,434.0,257.0,257.0,257.0,223.0,223.0,223.0
1.0,1236.0,723.0,672.0,771.0,732.0,244.0,244.0,244.0,224.0,224.0,224.0,241.0,241.0,241.0,412.0,412.0,412.0,244.0,244.0,244.0,224.0,224.0,224.0
1.0,1284.0,723.0,672.0,732.0,723.0,241.0,241.0,241.0,224.0,224.0,224.0,241.0,241.0,241.0,428.0,428.0,428.0,241.0,241.0,241.0,224.0,224.0,224.0
1.0,1293.0,603.0,669.0,723.0,594.0,198.0,198.0,198.0,223.0,223.0,223.0,201.0,201.0,201.0,431.0,431.0,431.0,198.0,198.0,198.0,223.0,223.0,223.0
1.0,1413.0,630.0,669.0,594.0,630.0,210.0,210.0,210.0,223.0,223.0,223.0,210.0,210.0,210.0,471.0,471.0,471.0,210.0,210.0,210.0,223.0,223.0,223.0
1.0,1377.0,678.0,669.0,630.0,678.0,226.0,226.0,226.0,223.0,223.0,223.0,226.0,226.0,226.0,459.0,459.0,459.0,226.0,226.0,226.0,223.0,223.0,223.0
1.0,1329.0,633.0,669.0,678.0,633.0,211.0,211.0,211.0,223.0,223.0,223.0,211.0,211.0,211.0,443.0,443.0,443.0,211.0,211.0,211.0,223.0,223.0,223.0
1.0,1374.0,762.0,672.0,633.0,771.0,257.0,257.0,257.0,224.0,224.0,224.0,254.0,254.0,254.0,458.0,458.0,458.0,257.0,257.0,257.0,224.0,224.0,224.0
1.0,1245.0,723.0,675.0,771.0,732.0,244.0,244.0,244.0,225.0,225.0,225.0,241.0,241.0,241.0,415.0,415.0,415.0,244.0,244.0,244.0,225.0,225.0,225.0
1.0,1293.0,756.0,675.0,732.0,756.0,252.0,252.0,252.0,225.0,225.0,225.0,252.0,252.0,252.0,431.0,431.0,431.0,252.0,252.0,252.0,225.0,225.0,225.0
1.0,1269.0,717.0,678.0,756.0,726.0,242.0,242.0,242.0,226.0,226.0,226.0,239.0,239.0,239.0,423.0,423.0,423.0,242.0,242.0,242.0,226.0,226.0,226.0
1.0,1308.0,651.0,675.0,726.0,642.0,214.0,214.0,214.0,225.0,225.0,225.0,217.0,217.0,217.0,436.0,436.0,436.0,214.0,214.0,214.0,225.0,225.0,225.0
1.0,1383.0,630.0,675.0,642.0,630.0,210.0,210.0,210.0,225.0,225.0,225.0,210.0,210.0,210.0,461.0,461.0,461.0,210.0,210.0,210.0,225.0,225.0,225.0
1.0,1395.0,750.0,678.0,630.0,759.0,253.0,253.0,253.0,226.0,226.0,226.0,250.0,250.0,250.0,465.0,465.0,465.0,253.0,253.0,253.0,226.0,226.0,226.0
1.0,1275.0,768.0,681.0,759.0,777.0,259.0,259.0,259.0,227.0,227.0,227.0,256.0,256.0,256.0,425.0,425.0,425.0,259.0,259.0,259.0,227.0,227.0,227.0
1.0,1266.0,783.0,684.0,777.0,792.0,264.0,264.0,264.0,228.0,228.0,228.0,261.0,261.0,261.0,422.0,422.0,422.0,264.0,264.0,264.0,228.0,228.0,228.0
1.0,1260.0,735.0,684.0,792.0,735.0,245.0,245.0,245.0,228.0,228.0,228.0,245.0,245.0,245.0,420.0,420.0,420.0,245.0,245.0,245.0,228.0,228.0,228.0
1.0,1317.0,717.0,684.0,735.0,717.0,239.0,239.0,239.0,228.0,228.0,228.0,239.0,239.0,239.0,439.0,439.0,439.0,239.0,239.0,239.0,228.0,228.0,228.0
1.0,1335.0,594.0,681.0,717.0,585.0,195.0,195.0,195.0,227.0,227.0,227.0,198.0,198.0,198.0,445.0,445.0,445.0,195.0,195.0,195.0,227.0,227.0,227.0
1.0,1458.0,654.0,681.0,585.0,654.0,218.0,218.0,218.0,227.0,227.0,227.0,218.0,218.0,218.0,486.0,486.0,486.0,218.0,218.0,218.0,227.0,227.0,227.0
1.0,1389.0,690.0,681.0,654.0,690.0,230.0,230.0,230.0,227.0,227.0,227.0,230.0,230.0,230.0,463.0,463.0,463.0,230.0,230.0,230.0,227.0,227.0,227.0
1.0,1353.0,720.0,684.0,690.0,729.0,243.0,243.0,243.0,228.0,228.0,228.0,240.0,240.0,240.0,451.0,451.0,451.0,243.0,243.0,243.0,228.0,228.0,228.0
1.0,1323.0,738.0,687.0,729.0,747.0,249.0,249.0,249.0,229.0,229.0,229.0,246.0,246.0,246.0,441.0,441.0,441.0,249.0,249.0,249.0,229.0,229.0,229.0
1.0,1314.0,714.0,687.0,747.0,714.0,238.0,238.0,238.0,229.0,229.0,229.0,238.0,238.0,238.0,438.0,438.0,438.0,238.0,238.0,238.0,229.0,229.0,229.0
1.0,1347.0,669.0,687.0,714.0,669.0,223.0,223.0,223.0,229.0,229.0,229.0,223.0,223.0,223.0,449.0,449.0,449.0,223.0,223.0,223.0,229.0,229.0,229.0
1.0,1392.0,618.0,687.0,669.0,618.0,206.0,206.0,206.0,229.0,229.0,229.0,206.0,206.0,206.0,464.0,464.0,464.0,206.0,206.0,206.0,229.0,229.0,229.0
1.0,1443.0,651.0,684.0,618.0,642.0,214.0,214.0,214.0,228.0,228.0,228.0,217.0,217.0,217.0,481.0,481.0,481.0,214.0,214.0,214.0,228.0,228.0,228.0
1.0,1410.0,735.0,687.0,642.0,744.0,248.0,248.0,248.0,229.0,229.0,229.0,245.0,245.0,245.0,470.0,470.0,470.0,248.0,248.0,248.0,229.0,229.0,229.0
1.0,1317.0,771.0,690.0,744.0,780.0,260.0,260.0,260.0,230.0,230.0,230.0,257.0,257.0,257.0,439.0,439.0,439.0,260.0,260.0,260.0,230.0,230.0,230.0
1.0,1290.0,747.0,693.0,780.0,756.0,252.0,252.0,252.0,231.0,231.0,231.0,249.0,249.0,249.0,430.0,430.0,430.0,252.0,252.0,252.0,231.0,231.0,231.0
1.0,1323.0,717.0,693.0,756.0,717.0,239.0,239.0,239.0,231.0,231.0,231.0,239.0,239.0,239.0,441.0,441.0,441.0,239.0,239.0,239.0,231.0,231.0,231.0
1.0,1362.0,705.0,693.0,717.0,705.0,235.0,235.0,235.0,231.0,231.0,231.0,235.0,235.0,235.0,454.0,454.0,454.0,235.0,235.0,235.0,231.0,231.0,231.0
1.0,1374.0,669.0,690.0,705.0,660.0,220.0,220.0,220.0,230.0,230.0,230.0,223.0,223.0,223.0,458.0,458.0,458.0,220.0,220.0,220.0,230.0,230.0,230.0
1.0,1410.0,687.0,690.0,660.0,687.0,229.0,229.0,229.0,230.0,230.0,230.0,229.0,229.0,229.0,470.0,470.0,470.0,229.0,229.0,229.0,230.0,230.0,230.0
1.0,1383.0,687.0,690.0,687.0,687.0,229.0,229.0,229.0,230.0,230.0,230.0,229.0,229.0,229.0,461.0,461.0,461.0,229.0,229.0,229.0,230.0,230.0,230.0
1.0,1383.0,744.0,693.0,687.0,753.0,251.0,251.0,251.0,231.0,231.0,231.0,248.0,248.0,248.0,461.0,461.0,461.0,251.0,251.0,251.0,231.0,231.0,231.0
1.0,1326.0,774.0,696.0,753.0,783.0,261.0,261.0,261.0,232.0,232.0,232.0,258.0,258.0,258.0,442.0,442.0,442.0,261.0,261.0,261.0,232.0,232.0,232.0
1.0,1305.0,771.0,696.0,783.0,771.0,257.0,257.0,257.0,232.0,232.0,232.0,257.0,257.0,257.0,435.0,435.0,435.0,257.0,257.0,257.0,232.0,232.0,232.0
1.0,1317.0,639.0,696.0,771.0,639.0,213.0,213.0,213.0,232.0,232.0,232.0,213.0,213.0,213.0,439.0,439.0,439.0,213.0,213.0,213.0,232.0,232.0,232.0
1.0,1449.0,663.0,693.0,639.0,654.0,218.0,218.0,218.0,231.0,231.0,231.0,221.0,221.0,221.0,483.0,483.0,483.0,218.0,218.0,218.0,231.0,231.0,231.0
1.0,1425.0,711.0,696.0,654.0,720.0,240.0,240.0,240.0,232.0,232.0,232.0,237.0,237.0,237.0,475.0,475.0,475.0,240.0,240.0,240.0,232.0,232.0,232.0
1.0,1368.0,726.0,696.0,720.0,726.0,242.0,242.0,242.0,232.0,232.0,232.0,242.0,242.0,242.0,456.0,456.0,456.0,242.0,242.0,242.0,232.0,232.0,232.0
1.0,1362.0,744.0,699.0,726.0,753.0,251.0,251.0,251.0,233.0,233.0,233.0,248.0,248.0,248.0,454.0,454.0,454.0,251.0,251.0,251.0,233.0,233.0,233.0
1.0,1344.0,744.0,702.0,753.0,753.0,251.0,251.0,251.0,234.0,234.0,234.0,248.0,248.0,248.0,448.0,448.0,448.0,251.0,251.0,251.0,234.0,234.0,234.0
1.0,1353.0,801.0,705.0,753.0,810.0,270.0,270.0,270.0,235.0,235.0,235.0,267.0,267.0,267.0,451.0,451.0,451.0,270.0,270.0,270.0,235.0,235.0,235.0
1.0,1305.0,654.0,705.0,810.0,654.0,218.0,218.0,218.0,235.0,235.0,235.0,218.0,218.0,218.0,435.0,435.0,435.0,218.0,218.0,218.0,235.0,235.0,235.0
1.0,1461.0,651.0,702.0,654.0,642.0,214.0,214.0,214.0,234.0,234.0,234.0,217.0,217.0,217.0,487.0,487.0,487.0,214.0,214.0,214.0,234.0,234.0,234.0
1.0,1464.0,624.0,699.0,642.0,615.0,205.0,205.0,205.0,233.0,233.0,233.0,208.0,208.0,208.0,488.0,488.0,488.0,205.0,205.0,205.0,233.0,233.0,233.0
1.0,1482.0,723.0,702.0,615.0,732.0,244.0,244.0,244.0,234.0,234.0,234.0,241.0,241.0,241.0,494.0,494.0,494.0,244.0,244.0,244.0,234.0,234.0,234.0
1.0,1374.0,771.0,702.0,732.0,771.0,257.0,257.0,257.0,234.0,234.0,234.0,257.0,257.0,257.0,458.0,458.0,458.0,257.0,257.0,257.0,234.0,234.0,234.0
1.0,1335.0,801.0,708.0,771.0,819.0,273.0,273.0,273.0,236.0,236.0,236.0,267.0,267.0,267.0,445.0,445.0,445.0,273.0,273.0,273.0,236.0,236.0,236.0
1.0,1305.0,762.0,708.0,819.0,762.0,254.0,254.0,254.0,236.0,236.0,236.0,254.0,254.0,254.0,435.0,435.0,435.0,254.0,254.0,254.0,236.0,236.0,236.0
1.0,1362.0,684.0,705.0,762.0,675.0,225.0,225.0,225.0,235.0,235.0,235.0,228.0,228.0,228.0,454.0,454.0,454.0,225.0,225.0,225.0,235.0,235.0,235.0
1.0,1440.0,678.0,705.0,675.0,678.0,226.0,226.0,226.0,235.0,235.0,235.0,226.0,226.0,226.0,480.0,480.0,480.0,226.0,226.0,226.0,235.0,235.0,235.0
1.0,1437.0,684.0,705.0,678.0,684.0,228.0,228.0,228.0,235.0,235.0,235.0,228.0,228.0,228.0,479.0,479.0,479.0,228.0,228.0,228.0,235.0,235.0,235.0
1.0,1431.0,717.0,708.0,684.0,726.0,242.0,242.0,242.0,236.0,236.0,236.0,239.0,239.0,239.0,477.0,477.0,477.0,242.0,242.0,242.0,236.0,236.0,236.0
1.0,1398.0,774.0,711.0,726.0,783.0,261.0,261.0,261.0,237.0,237.0,237.0,258.0,258.0,258.0,466.0,466.0,466.0,261.0,261.0,261.0,237.0,237.0,237.0
1.0,1350.0,780.0,711.0,783.0,780.0,260.0,260.0,260.0,237.0,237.0,237.0,260.0,260.0,260.0,450.0,450.0,450.0,260.0,260.0,260.0,237.0,237.0,237.0
1.0,1353.0,759.0,714.0,780.0,768.0,256.0,256.0,256.0,238.0,238.0,238.0,253.0,253.0,253.0,451.0,451.0,451.0,256.0,256.0,256.0,238.0,238.0,238.0
1.0,1374.0,630.0,711.0,768.0,621.0,207.0,207.0,207.0,237.0,237.0,237.0,210.0,210.0,210.0,458.0,458.0,458.0,207.0,207.0,207.0,237.0,237.0,237.0
1.0,1512.0,654.0,711.0,621.0,654.0,218.0,218.0,218.0,237.0,237.0,237.0,218.0,218.0,218.0,504.0,504.0,504.0,218.0,218.0,218.0,237.0,237.0,237.0
1.0,1479.0,687.0,708.0,654.0,678.0,226.0,226.0,226.0,236.0,236.0,236.0,229.0,229.0,229.0,493.0,493.0,493.0,226.0,226.0,226.0,236.0,236.0,236.0
1.0,1446.0,705.0,708.0,678.0,705.0,235.0,235.0,235.0,236.0,236.0,236.0,235.0,235.0,235.0,482.0,482.0,482.0,235.0,235.0,235.0,236.0,236.0,236.0
1.0,1419.0,774.0,711.0,705.0,783.0,261.0,261.0,261.0,237.0,237.0,237.0,258.0,258.0,258.0,473.0,473.0,473.0,261.0,261.0,261.0,237.0,237.0,237.0
1.0,1350.0,822.0,714.0,783.0,831.0,277.0,277.0,277.0,238.0,238.0,238.0,274.0,274.0,274.0,450.0,450.0,450.0,277.0,277.0,277.0,238.0,238.0,238.0
1.0,1311.0,783.0,714.0,831.0,783.0,261.0,261.0,261.0,238.0,238.0,238.0,261.0,261.0,261.0,437.0,437.0,437.0,261.0,261.0,261.0,238.0,238.0,238.0
1.0,1359.0,651.0,714.0,783.0,651.0,217.0,217.0,217.0,238.0,238.0,238.0,217.0,217.0,217.0,453.0,453.0,453.0,217.0,217.0,217.0,238.0,238.0,238.0
1.0,1491.0,711.0,711.0,651.0,702.0,234.0,234.0,234.0,237.0,237.0,237.0,237.0,237.0,237.0,497.0,497.0,497.0,234.0,234.0,234.0,237.0,237.0,237.0
1.0,1431.0,720.0,711.0,702.0,720.0,240.0,240.0,240.0,237.0,237.0,237.0,240.0,240.0,240.0,477.0,477.0,477.0,240.0,240.0,240.0,237.0,237.0,237.0
1.0,1413.0,711.0,711.0,720.0,711.0,237.0,237.0,237.0,237.0,237.0,237.0,237.0,237.0,237.0,471.0,471.0,471.0,237.0,237.0,237.0,237.0,237.0,237.0
1.0,1422.0,792.0,714.0,711.0,801.0,267.0,267.0,267.0,238.0,238.0,238.0,264.0,264.0,264.0,474.0,474.0,474.0,267.0,267.0,267.0,238.0,238.0,238.0
1.0,1341.0,828.0,720.0,801.0,846.0,282.0,282.0,282.0,240.0,240.0,240.0,276.0,276.0,276.0,447.0,447.0,447.0,282.0,282.0,282.0,240.0,240.0,240.0
1.0,1314.0,738.0,720.0,846.0,738.0,246.0,246.0,246.0,240.0,240.0,240.0,246.0,246.0,246.0,438.0,438.0,438.0,246.0,246.0,246.0,240.0,240.0,240.0
1.0,1422.0,681.0,720.0,738.0,681.0,227.0,227.0,227.0,240.0,240.0,240.0,227.0,227.0,227.0,474.0,474.0,474.0,227.0,227.0,227.0,240.0,240.0,240.0
1.0,1479.0,651.0,717.0,681.0,642.0,214.0,214.0,214.0,239.0,239.0,239.0,217.0,217.0,217.0,493.0,493.0,493.0,214.0,214.0,214.0,239.0,239.0,239.0
1.0,1509.0,693.0,717.0,642.0,693.0,231.0,231.0,231.0,239.0,239.0,239.0,231.0,231.0,231.0,503.0,503.0,503.0,231.0,231.0,231.0,239.0,239.0,239.0
1.0,1458.0,762.0,717.0,693.0,762.0,254.0,254.0,254.0,239.0,239.0,239.0,254.0,254.0,254.0,486.0,486.0,486.0,254.0,254.0,254.0,239.0,239.0,239.0
1.0,1389.0,762.0,720.0,762.0,771.0,257.0,257.0,257.0,240.0,240.0,240.0,254.0,254.0,254.0,463.0,463.0,463.0,257.0,257.0,257.0,240.0,240.0,240.0
1.0,1389.0,762.0,723.0,771.0,771.0,257.0,257.0,257.0,241.0,241.0,241.0,254.0,254.0,254.0,463.0,463.0,463.0,257.0,257.0,257.0,241.0,241.0,241.0
1.0,1398.0,780.0,723.0,771.0,780.0,260.0,260.0,260.0,241.0,241.0,241.0,260.0,260.0,260.0,466.0,466.0,466.0,260.0,260.0,260.0,241.0,241.0,241.0
1.0,1389.0,747.0,723.0,780.0,747.0,249.0,249.0,249.0,241.0,241.0,241.0,249.0,249.0,249.0,463.0,463.0,463.0,249.0,249.0,249.0,241.0,241.0,241.0
1.0,1422.0,660.0,723.0,747.0,660.0,220.0,220.0,220.0,241.0,241.0,241.0,220.0,220.0,220.0,474.0,474.0,474.0,220.0,220.0,220.0,241.0,241.0,241.0
1.0,1509.0,681.0,720.0,660.0,672.0,224.0,224.0,224.0,240.0,240.0,240.0,227.0,227.0,227.0,503.0,503.0,503.0,224.0,224.0,224.0,240.0,240.0,240.0
1.0,1488.0,732.0,723.0,672.0,741.0,247.0,247.0,247.0,241.0,241.0,241.0,244.0,244.0,244.0,496.0,496.0,496.0,247.0,247.0,247.0,241.0,241.0,241.0
1.0,1428.0,771.0,723.0,741.0,771.0,257.0,257.0,257.0,241.0,241.0,241.0,257.0,257.0,257.0,476.0,476.0,476.0,257.0,257.0,257.0,241.0,241.0,241.0
1.0,1398.0,828.0,726.0,771.0,837.0,279.0,279.0,279.0,242.0,242.0,242.0,276.0,276.0,276.0,466.0,466.0,466.0,279.0,279.0,279.0,242.0,242.0,242.0
1.0,1341.0,816.0,729.0,837.0,825.0,275.0,275.0,275.0,243.0,243.0,243.0,272.0,272.0,272.0,447.0,447.0,447.0,275.0,275.0,275.0,243.0,243.0,243.0
1.0,1362.0,657.0,726.0,825.0,648.0,216.0,216.0,216.0,242.0,242.0,242.0,219.0,219.0,219.0,454.0,454.0,454.0,216.0,216.0,216.0,242.0,242.0,242.0
1.0,1530.0,729.0,726.0,648.0,729.0,243.0,243.0,243.0,242.0,242.0,242.0,243.0,243.0,243.0,510.0,510.0,510.0,243.0,243.0,243.0,242.0,242.0,242.0
1.0,1449.0,669.0,726.0,729.0,669.0,223.0,223.0,223.0,242.0,242.0,242.0,223.0,223.0,223.0,483.0,483.0,483.0,223.0,223.0,223.0,242.0,242.0,242.0
1.0,1509.0,678.0,726.0,669.0,678.0,226.0,226.0,226.0,242.0,242.0,242.0,226.0,226.0,226.0,503.0,503.0,503.0,226.0,226.0,226.0,242.0,242.0,242.0
1.0,1500.0,804.0,729.0,678.0,813.0,271.0,271.0,271.0,243.0,243.0,243.0,268.0,268.0,268.0,500.0,500.0,500.0,271.0,271.0,271.0,243.0,243.0,243.0
1.0,1374.0,777.0,729.0,813.0,777.0,259.0,259.0,259.0,243.0,243.0,243.0,259.0,259.0,259.0,458.0,458.0,458.0,259.0,259.0,259.0,243.0,243.0,243.0
1.0,1410.0,792.0,732.0,777.0,801.0,267.0,267.0,267.0,244.0,244.0,244.0,264.0,264.0,264.0,470.0,470.0,470.0,267.0,267.0,267.0,244.0,244.0,244.0
1.0,1395.0,729.0,729.0,801.0,720.0,240.0,240.0,240.0,243.0,243.0,243.0,243.0,243.0,243.0,465.0,465.0,465.0,240.0,240.0,240.0,243.0,243.0,243.0
1.0,1467.0,675.0,729.0,720.0,675.0,225.0,225.0,225.0,243.0,243.0,243.0,225.0,225.0,225.0,489.0,489.0,489.0,225.0,225.0,225.0,243.0,243.0,243.0
1.0,1512.0,678.0,726.0,675.0,669.0,223.0,223.0,223.0,242.0,242.0,242.0,226.0,226.0,226.0,504.0,504.0,504.0,223.0,223.0,223.0,242.0,242.0,242.0
1.0,1509.0,741.0,729.0,669.0,750.0,250.0,250.0,250.0,243.0,243.0,243.0,247.0,247.0,247.0,503.0,503.0,503.0,250.0,250.0,250.0,243.0,243.0,243.0
1.0,1437.0,801.0,732.0,750.0,810.0,270.0,270.0,270.0,244.0,244.0,244.0,267.0,267.0,267.0,479.0,479.0,479.0,270.0,270.0,270.0,244.0,244.0,244.0
1.0,1386.0,882.0,735.0,810.0,891.0,297.0,297.0,297.0,245.0,245.0,245.0,294.0,294.0,294.0,462.0,462.0,462.0,297.0,297.0,297.0,245.0,245.0,245.0
1.0,1314.0,747.0,738.0,891.0,756.0,252.0,252.0,252.0,246.0,246.0,246.0,249.0,249.0,249.0,438.0,438.0,438.0,252.0,252.0,252.0,246.0,246.0,246.0
1.0,1458.0,747.0,735.0,756.0,738.0,246.0,246.0,246.0,245.0,245.0,245.0,249.0,249.0,249.0,486.0,486.0,486.0,246.0,246.0,246.0,245.0,245.0,245.0
1.0,1467.0,669.0,735.0,738.0,669.0,223.0,223.0,223.0,245.0,245.0,245.0,223.0,223.0,223.0,489.0,489.0,489.0,223.0,223.0,223.0,245.0,245.0,245.0
1.0,1536.0,672.0,732.0,669.0,663.0,221.0,221.0,221.0,244.0,244.0,244.0,224.0,224.0,224.0,512.0,512.0,512.0,221.0,221.0,221.0,244.0,244.0,244.0
1.0,1533.0,726.0,732.0,663.0,726.0,242.0,242.0,242.0,244.0,244.0,244.0,242.0,242.0,242.0,511.0,511.0,511.0,242.0,242.0,242.0,244.0,244.0,244.0
1.0,1470.0,828.0,735.0,726.0,837.0,279.0,279.0,279.0,245.0,245.0,245.0,276.0,276.0,276.0,490.0,490.0,490.0,279.0,279.0,279.0,245.0,245.0,245.0
1.0,1368.0,777.0,738.0,837.0,786.0,262.0,262.0,262.0,246.0,246.0,246.0,259.0,259.0,259.0,456.0,456.0,456.0,262.0,262.0,262.0,246.0,246.0,246.0
1.0,1428.0,792.0,738.0,786.0,792.0,264.0,264.0,264.0,246.0,246.0,246.0,264.0,264.0,264.0,476.0,476.0,476.0,264.0,264.0,264.0,246.0,246.0,246.0
1.0,1422.0,741.0,738.0,792.0,741.0,247.0,247.0,247.0,246.0,246.0,246.0,247.0,247.0,247.0,474.0,474.0,474.0,247.0,247.0,247.0,246.0,246.0,246.0
1.0,1473.0,699.0,738.0,741.0,699.0,233.0,233.0,233.0,246.0,246.0,246.0,233.0,233.0,233.0,491.0,491.0,491.0,233.0,233.0,233.0,246.0,246.0,246.0
1.0,1515.0,711.0,735.0,699.0,702.0,234.0,234.0,234.0,245.0,245.0,245.0,237.0,237.0,237.0,505.0,505.0,505.0,234.0,234.0,234.0,245.0,245.0,245.0
1.0,1503.0,819.0,738.0,702.0,828.0,276.0,276.0,276.0,246.0,246.0,246.0,273.0,273.0,273.0,501.0,501.0,501.0,276.0,276.0,276.0,246.0,246.0,246.0
1.0,1386.0,780.0,741.0,828.0,789.0,263.0,263.0,263.0,247.0,247.0,247.0,260.0,260.0,260.0,462.0,462.0,462.0,263.0,263.0,263.0,247.0,247.0,247.0
1.0,1434.0,807.0,744.0,789.0,816.0,272.0,272.0,272.0,248.0,248.0,248.0,269.0,269.0,269.0,478.0,478.0,478.0,272.0,272.0,272.0,248.0,248.0,248.0
1.0,1416.0,810.0,747.0,816.0,819.0,273.0,273.0,273.0,249.0,249.0,249.0,270.0,270.0,270.0,472.0,472.0,472.0,273.0,273.0,273.0,249.0,249.0,249.0
1.0,1422.0,720.0,744.0,819.0,711.0,237.0,237.0,237.0,248.0,248.0,248.0,240.0,240.0,240.0,474.0,474.0,474.0,237.0,237.0,237.0,248.0,248.0,248.0
1.0,1521.0,687.0,741.0,711.0,678.0,226.0,226.0,226.0,247.0,247.0,247.0,229.0,229.0,229.0,507.0,507.0,507.0,226.0,226.0,226.0,247.0,247.0,247.0
1.0,1545.0,765.0,741.0,678.0,765.0,255.0,255.0,255.0,247.0,247.0,247.0,255.0,255.0,255.0,515.0,515.0,515.0,255.0,255.0,255.0,247.0,247.0,247.0
1.0,1458.0,747.0,744.0,765.0,756.0,252.0,252.0,252.0,248.0,248.0,248.0,249.0,249.0,249.0,486.0,486.0,486.0,252.0,252.0,252.0,248.0,248.0,248.0
1.0,1476.0,852.0,747.0,756.0,861.0,287.0,287.0,287.0,249.0,249.0,249.0,284.0,284.0,284.0,492.0,492.0,492.0,287.0,287.0,287.0,249.0,249.0,249.0
1.0,1380.0,810.0,747.0,861.0,810.0,270.0,270.0,270.0,249.0,249.0,249.0,270.0,270.0,270.0,460.0,460.0,460.0,270.0,270.0,270.0,249.0,249.0,249.0
1.0,1431.0,768.0,750.0,810.0,777.0,259.0,259.0,259.0,250.0,250.0,250.0,256.0,256.0,256.0,477.0,477.0,477.0,259.0,259.0,259.0,250.0,250.0,250.0
1.0,1473.0,681.0,747.0,777.0,672.0,224.0,224.0,224.0,249.0,249.0,249.0,227.0,227.0,227.0,491.0,491.0,491.0,224.0,224.0,224.0,249.0,249.0,249.0
1.0,1569.0,690.0,744.0,672.0,681.0,227.0,227.0,227.0,248.0,248.0,248.0,230.0,230.0,230.0,523.0,523.0,523.0,227.0,227.0,227.0,248.0,248.0,248.0
1.0,1551.0,726.0,744.0,681.0,726.0,242.0,242.0,242.0,248.0,248.0,248.0,242.0,242.0,242.0,517.0,517.0,517.0,242.0,242.0,242.0,248.0,248.0,248.0
1.0,1506.0,801.0,747.0,726.0,810.0,270.0,270.0,270.0,249.0,249.0,249.0,267.0,267.0,267.0,502.0,502.0,502.0,270.0,270.0,270.0,249.0,249.0,249.0
1.0,1431.0,825.0,750.0,810.0,834.0,278.0,278.0,278.0,250.0,250.0,250.0,275.0,275.0,275.0,477.0,477.0,477.0,278.0,278.0,278.0,250.0,250.0,250.0
1.0,1416.0,783.0,753.0,834.0,792.0,264.0,264.0,264.0,251.0,251.0,251.0,261.0,261.0,261.0,472.0,472.0,472.0,264.0,264.0,264.0,251.0,251.0,251.0
1.0,1467.0,798.0,753.0,792.0,798.0,266.0,266.0,266.0,251.0,251.0,251.0,266.0,266.0,266.0,489.0,489.0,489.0,266.0,266.0,266.0,251.0,251.0,251.0
1.0,1461.0,741.0,753.0,798.0,741.0,247.0,247.0,247.0,251.0,251.0,251.0,247.0,247.0,247.0,487.0,487.0,487.0,247.0,247.0,247.0,251.0,251.0,251.0
1.0,1518.0,726.0,750.0,741.0,717.0,239.0,239.0,239.0,250.0,250.0,250.0,242.0,242.0,242.0,506.0,506.0,506.0,239.0,239.0,239.0,250.0,250.0,250.0
1.0,1533.0,741.0,750.0,717.0,741.0,247.0,247.0,247.0,250.0,250.0,250.0,247.0,247.0,247.0,511.0,511.0,511.0,247.0,247.0,247.0,250.0,250.0,250.0
1.0,1509.0,753.0,750.0,741.0,753.0,251.0,251.0,251.0,250.0,250.0,250.0,251.0,251.0,251.0,503.0,503.0,503.0,251.0,251.0,251.0,250.0,250.0,250.0
1.0,1497.0,789.0,753.0,753.0,798.0,266.0,266.0,266.0,251.0,251.0,251.0,263.0,263.0,263.0,499.0,499.0,499.0,266.0,266.0,266.0,251.0,251.0,251.0
1.0,1461.0,795.0,756.0,798.0,804.0,268.0,268.0,268.0,252.0,252.0,252.0,265.0,265.0,265.0,487.0,487.0,487.0,268.0,268.0,268.0,252.0,252.0,252.0
1.0,1464.0,828.0,756.0,804.0,828.0,276.0,276.0,276.0,252.0,252.0,252.0,276.0,276.0,276.0,488.0,488.0,488.0,276.0,276.0,276.0,252.0,252.0,252.0
1.0,1440.0,735.0,756.0,828.0,735.0,245.0,245.0,245.0,252.0,252.0,252.0,245.0,245.0,245.0,480.0,480.0,480.0,245.0,245.0,245.0,252.0,252.0,252.0
1.0,1533.0,717.0,753.0,735.0,708.0,236.0,236.0,236.0,251.0,251.0,251.0,239.0,239.0,239.0,511.0,511.0,511.0,236.0,236.0,236.0,251.0,251.0,251.0
1.0,1551.0,735.0,753.0,708.0,735.0,245.0,245.0,245.0,251.0,251.0,251.0,245.0,245.0,245.0,517.0,517.0,517.0,245.0,245.0,245.0,251.0,251.0,251.0
1.0,1524.0,777.0,756.0,735.0,786.0,262.0,262.0,262.0,252.0,252.0,252.0,259.0,259.0,259.0,508.0,508.0,508.0,262.0,262.0,262.0,252.0,252.0,252.0
1.0,1482.0,831.0,756.0,786.0,831.0,277.0,277.0,277.0,252.0,252.0,252.0,277.0,277.0,277.0,494.0,494.0,494.0,277.0,277.0,277.0,252.0,252.0,252.0
1.0,1437.0,882.0,762.0,831.0,900.0,300.0,300.0,300.0,254.0,254.0,254.0,294.0,294.0,294.0,479.0,479.0,479.0,300.0,300.0,300.0,254.0,254.0,254.0
1.0,1386.0,795.0,762.0,900.0,795.0,265.0,265.0,265.0,254.0,254.0,254.0,265.0,265.0,265.0,462.0,462.0,462.0,265.0,265.0,265.0,254.0,254.0,254.0
1.0,1491.0,753.0,762.0,795.0,753.0,251.0,251.0,251.0,254.0,254.0,254.0,251.0,251.0,251.0,497.0,497.0,497.0,251.0,251.0,251.0,254.0,254.0,254.0
1.0,1533.0,693.0,762.0,753.0,693.0,231.0,231.0,231.0,254.0,254.0,254.0,231.0,231.0,231.0,511.0,511.0,511.0,231.0,231.0,231.0,254.0,254.0,254.0
1.0,1593.0,681.0,759.0,693.0,672.0,224.0,224.0,224.0,253.0,253.0,253.0,227.0,227.0,227.0,531.0,531.0,531.0,224.0,224.0,224.0,253.0,253.0,253.0
1.0,1605.0,810.0,759.0,672.0,810.0,270.0,270.0,270.0,253.0,253.0,253.0,270.0,270.0,270.0,535.0,535.0,535.0,270.0,270.0,270.0,253.0,253.0,253.0
1.0,1467.0,888.0,765.0,810.0,906.0,302.0,302.0,302.0,255.0,255.0,255.0,296.0,296.0,296.0,489.0,489.0,489.0,302.0,302.0,302.0,255.0,255.0,255.0
1.0,1389.0,834.0,768.0,906.0,843.0,281.0,281.0,281.0,256.0,256.0,256.0,278.0,278.0,278.0,463.0,463.0,463.0,281.0,281.0,281.0,256.0,256.0,256.0
1.0,1461.0,843.0,768.0,843.0,843.0,281.0,281.0,281.0,256.0,256.0,256.0,281.0,281.0,281.0,487.0,487.0,487.0,281.0,281.0,281.0,256.0,256.0,256.0
1.0,1461.0,777.0,768.0,843.0,777.0,259.0,259.0,259.0,256.0,256.0,256.0,259.0,259.0,259.0,487.0,487.0,487.0,259.0,259.0,259.0,256.0,256.0,256.0
1.0,1527.0,708.0,765.0,777.0,699.0,233.0,233.0,233.0,255.0,255.0,255.0,236.0,236.0,236.0,509.0,509.0,509.0,233.0,233.0,233.0,255.0,255.0,255.0
1.0,1596.0,813.0,768.0,699.0,822.0,274.0,274.0,274.0,256.0,256.0,256.0,271.0,271.0,271.0,532.0,532.0,532.0,274.0,274.0,274.0,256.0,256.0,256.0
1.0,1482.0,768.0,768.0,822.0,768.0,256.0,256.0,256.0,256.0,256.0,256.0,256.0,256.0,256.0,494.0,494.0,494.0,256.0,256.0,256.0,256.0,256.0,256.0
1.0,1536.0,834.0,771.0,768.0,843.0,281.0,281.0,281.0,257.0,257.0,257.0,278.0,278.0,278.0,512.0,512.0,512.0,281.0,281.0,281.0,257.0,257.0,257.0
1.0,1470.0,846.0,774.0,843.0,855.0,285.0,285.0,285.0,258.0,258.0,258.0,282.0,282.0,282.0,490.0,490.0,490.0,285.0,285.0,285.0,258.0,258.0,258.0
1.0,1467.0,798.0,774.0,855.0,798.0,266.0,266.0,266.0,258.0,258.0,258.0,266.0,266.0,266.0,489.0,489.0,489.0,266.0,266.0,266.0,258.0,258.0,258.0
1.0,1524.0,744.0,774.0,798.0,744.0,248.0,248.0,248.0,258.0,258.0,258.0,248.0,248.0,248.0,508.0,508.0,508.0,248.0,248.0,248.0,258.0,258.0,258.0
1.0,1578.0,717.0,771.0,744.0,708.0,236.0,236.0,236.0,257.0,257.0,257.0,239.0,239.0,239.0,526.0,526.0,526.0,236.0,236.0,236.0,257.0,257.0,257.0
1.0,1605.0,684.0,771.0,708.0,684.0,228.0,228.0,228.0,257.0,257.0,257.0,228.0,228.0,228.0,535.0,535.0,535.0,228.0,228.0,228.0,257.0,257.0,257.0
1.0,1629.0,768.0,771.0,684.0,768.0,256.0,256.0,256.0,257.0,257.0,257.0,256.0,256.0,256.0,543.0,543.0,543.0,256.0,256.0,256.0,257.0,257.0,257.0
1.0,1545.0,819.0,774.0,768.0,828.0,276.0,276.0,276.0,258.0,258.0,258.0,273.0,273.0,273.0,515.0,515.0,515.0,276.0,276.0,276.0,258.0,258.0,258.0
1.0,1494.0,849.0,777.0,828.0,858.0,286.0,286.0,286.0,259.0,259.0,259.0,283.0,283.0,283.0,498.0,498.0,498.0,286.0,286.0,286.0,259.0,259.0,259.0
1.0,1473.0,795.0,774.0,858.0,786.0,262.0,262.0,262.0,258.0,258.0,258.0,265.0,265.0,265.0,491.0,491.0,491.0,262.0,262.0,262.0,258.0,258.0,258.0
1.0,1536.0,741.0,774.0,786.0,741.0,247.0,247.0,247.0,258.0,258.0,258.0,247.0,247.0,247.0,512.0,512.0,512.0,247.0,247.0,247.0,258.0,258.0,258.0
1.0,1581.0,744.0,774.0,741.0,744.0,248.0,248.0,248.0,258.0,258.0,258.0,248.0,248.0,248.0,527.0,527.0,527.0,248.0,248.0,248.0,258.0,258.0,258.0
1.0,1578.0,732.0,771.0,744.0,723.0,241.0,241.0,241.0,257.0,257.0,257.0,244.0,244.0,244.0,526.0,526.0,526.0,241.0,241.0,241.0,257.0,257.0,257.0
1.0,1590.0,741.0,771.0,723.0,741.0,247.0,247.0,247.0,257.0,257.0,257.0,247.0,247.0,247.0,530.0,530.0,530.0,247.0,247.0,247.0,257.0,257.0,257.0
1.0,1572.0,804.0,774.0,741.0,813.0,271.0,271.0,271.0,258.0,258.0,258.0,268.0,268.0,268.0,524.0,524.0,524.0,271.0,271.0,271.0,258.0,258.0,258.0
1.0,1509.0,810.0,774.0,813.0,810.0,270.0,270.0,270.0,258.0,258.0,258.0,270.0,270.0,270.0,503.0,503.0,503.0,270.0,270.0,270.0,258.0,258.0,258.0
1.0,1512.0,765.0,777.0,810.0,774.0,258.0,258.0,258.0,259.0,259.0,259.0,255.0,255.0,255.0,504.0,504.0,504.0,258.0,258.0,258.0,259.0,259.0,259.0
1.0,1557.0,807.0,774.0,774.0,798.0,266.0,266.0,266.0,258.0,258.0,258.0,269.0,269.0,269.0,519.0,519.0,519.0,266.0,266.0,266.0,258.0,258.0,258.0
1.0,1524.0,684.0,771.0,798.0,675.0,225.0,225.0,225.0,257.0,257.0,257.0,228.0,228.0,228.0,508.0,508.0,508.0,225.0,225.0,225.0,257.0,257.0,257.0
1.0,1638.0,759.0,771.0,675.0,759.0,253.0,253.0,253.0,257.0,257.0,257.0,253.0,253.0,253.0,546.0,546.0,546.0,253.0,253.0,253.0,257.0,257.0,257.0
1.0,1554.0,765.0,774.0,759.0,774.0,258.0,258.0,258.0,258.0,258.0,258.0,255.0,255.0,255.0,518.0,518.0,518.0,258.0,258.0,258.0,258.0,258.0,258.0
1.0,1548.0,834.0,777.0,774.0,843.0,281.0,281.0,281.0,259.0,259.0,259.0,278.0,278.0,278.0,516.0,516.0,516.0,281.0,281.0,281.0,259.0,259.0,259.0
1.0,1488.0,819.0,777.0,843.0,819.0,273.0,273.0,273.0,259.0,259.0,259.0,273.0,273.0,273.0,496.0,496.0,496.0,273.0,273.0,273.0,259.0,259.0,259.0
1.0,1512.0,822.0,780.0,819.0,831.0,277.0,277.0,277.0,260.0,260.0,260.0,274.0,274.0,274.0,504.0,504.0,504.0,277.0,277.0,277.0,260.0,260.0,260.0
1.0,1509.0,750.0,777.0,831.0,741.0,247.0,247.0,247.0,259.0,259.0,259.0,250.0,250.0,250.0,503.0,503.0,503.0,247.0,247.0,247.0,259.0,259.0,259.0
1.0,1590.0,744.0,777.0,741.0,744.0,248.0,248.0,248.0,259.0,259.0,259.0,248.0,248.0,248.0,530.0,530.0,530.0,248.0,248.0,248.0,259.0,259.0,259.0
1.0,1587.0,732.0,774.0,744.0,723.0,241.0,241.0,241.0,258.0,258.0,258.0,244.0,244.0,244.0,529.0,529.0,529.0,241.0,241.0,241.0,258.0,258.0,258.0
1.0,1599.0,825.0,777.0,723.0,834.0,278.0,278.0,278.0,259.0,259.0,259.0,275.0,275.0,275.0,533.0,533.0,533.0,278.0,278.0,278.0,259.0,259.0,259.0
1.0,1497.0,867.0,780.0,834.0,876.0,292.0,292.0,292.0,260.0,260.0,260.0,289.0,289.0,289.0,499.0,499.0,499.0,292.0,292.0,292.0,260.0,260.0,260.0
1.0,1464.0,891.0,783.0,876.0,900.0,300.0,300.0,300.0,261.0,261.0,261.0,297.0,297.0,297.0,488.0,488.0,488.0,300.0,300.0,300.0,261.0,261.0,261.0
1.0,1449.0,867.0,786.0,900.0,876.0,292.0,292.0,292.0,262.0,262.0,262.0,289.0,289.0,289.0,483.0,483.0,483.0,292.0,292.0,292.0,262.0,262.0,262.0
1.0,1482.0,780.0,786.0,876.0,780.0,260.0,260.0,260.0,262.0,262.0,262.0,260.0,260.0,260.0,494.0,494.0,494.0,260.0,260.0,260.0,262.0,262.0,262.0
1.0,1578.0,717.0,783.0,780.0,708.0,236.0,236.0,236.0,261.0,261.0,261.0,239.0,239.0,239.0,526.0,526.0,526.0,236.0,236.0,236.0,261.0,261.0,261.0
1.0,1641.0,741.0,780.0,708.0,732.0,244.0,244.0,244.0,260.0,260.0,260.0,247.0,247.0,247.0,547.0,547.0,547.0,244.0,244.0,244.0,260.0,260.0,260.0
1.0,1608.0,741.0,783.0,732.0,750.0,250.0,250.0,250.0,261.0,261.0,261.0,247.0,247.0,247.0,536.0,536.0,536.0,250.0,250.0,250.0,261.0,261.0,261.0
1.0,1599.0,849.0,783.0,750.0,849.0,283.0,283.0,283.0,261.0,261.0,261.0,283.0,283.0,283.0,533.0,533.0,533.0,283.0,283.0,283.0,261.0,261.0,261.0
1.0,1500.0,876.0,786.0,849.0,885.0,295.0,295.0,295.0,262.0,262.0,262.0,292.0,292.0,292.0,500.0,500.0,500.0,295.0,295.0,295.0,262.0,262.0,262.0
1.0,1473.0,783.0,786.0,885.0,783.0,261.0,261.0,261.0,262.0,262.0,262.0,261.0,261.0,261.0,491.0,491.0,491.0,261.0,261.0,261.0,262.0,262.0,262.0
1.0,1575.0,744.0,786.0,783.0,744.0,248.0,248.0,248.0,262.0,262.0,262.0,248.0,248.0,248.0,525.0,525.0,525.0,248.0,248.0,248.0,262.0,262.0,262.0
1.0,1614.0,750.0,783.0,744.0,741.0,247.0,247.0,247.0,261.0,261.0,261.0,250.0,250.0,250.0,538.0,538.0,538.0,247.0,247.0,247.0,261.0,261.0,261.0
1.0,1608.0,750.0,783.0,741.0,750.0,250.0,250.0,250.0,261.0,261.0,261.0,250.0,250.0,250.0,536.0,536.0,536.0,250.0,250.0,250.0,261.0,261.0,261.0
1.0,1599.0,774.0,783.0,750.0,774.0,258.0,258.0,258.0,261.0,261.0,261.0,258.0,258.0,258.0,533.0,533.0,533.0,258.0,258.0,258.0,261.0,261.0,261.0
1.0,1575.0,849.0,786.0,774.0,858.0,286.0,286.0,286.0,262.0,262.0,262.0,283.0,283.0,283.0,525.0,525.0,525.0,286.0,286.0,286.0,262.0,262.0,262.0
1.0,1500.0,876.0,789.0,858.0,885.0,295.0,295.0,295.0,263.0,263.0,263.0,292.0,292.0,292.0,500.0,500.0,500.0,295.0,295.0,295.0,263.0,263.0,263.0
1.0,1482.0,849.0,789.0,885.0,849.0,283.0,283.0,283.0,263.0,263.0,263.0,283.0,283.0,283.0,494.0,494.0,494.0,283.0,283.0,283.0,263.0,263.0,263.0
1.0,1518.0,756.0,786.0,849.0,747.0,249.0,249.0,249.0,262.0,262.0,262.0,252.0,252.0,252.0,506.0,506.0,506.0,249.0,249.0,249.0,262.0,262.0,262.0
1.0,1611.0,738.0,786.0,747.0,738.0,246.0,246.0,246.0,262.0,262.0,262.0,246.0,246.0,246.0,537.0,537.0,537.0,246.0,246.0,246.0,262.0,262.0,262.0
1.0,1620.0,714.0,783.0,738.0,705.0,235.0,235.0,235.0,261.0,261.0,261.0,238.0,238.0,238.0,540.0,540.0,540.0,235.0,235.0,235.0,261.0,261.0,261.0
1.0,1644.0,795.0,783.0,705.0,795.0,265.0,265.0,265.0,261.0,261.0,261.0,265.0,265.0,265.0,548.0,548.0,548.0,265.0,265.0,265.0,261.0,261.0,261.0
1.0,1554.0,852.0,786.0,795.0,861.0,287.0,287.0,287.0,262.0,262.0,262.0,284.0,284.0,284.0,518.0,518.0,518.0,287.0,287.0,287.0,262.0,262.0,262.0
1.0,1497.0,873.0,786.0,861.0,873.0,291.0,291.0,291.0,262.0,262.0,262.0,291.0,291.0,291.0,499.0,499.0,499.0,291.0,291.0,291.0,262.0,262.0,262.0
1.0,1485.0,834.0,789.0,873.0,843.0,281.0,281.0,281.0,263.0,263.0,263.0,278.0,278.0,278.0,495.0,495.0,495.0,281.0,281.0,281.0,263.0,263.0,263.0
1.0,1524.0,783.0,786.0,843.0,774.0,258.0,258.0,258.0,262.0,262.0,262.0,261.0,261.0,261.0,508.0,508.0,508.0,258.0,258.0,258.0,262.0,262.0,262.0
1.0,1584.0,723.0,786.0,774.0,723.0,241.0,241.0,241.0,262.0,262.0,262.0,241.0,241.0,241.0,528.0,528.0,528.0,241.0,241.0,241.0,262.0,262.0,262.0
1.0,1635.0,795.0,786.0,723.0,795.0,265.0,265.0,265.0,262.0,262.0,262.0,265.0,265.0,265.0,545.0,545.0,545.0,265.0,265.0,265.0,262.0,262.0,262.0
1.0,1563.0,801.0,786.0,795.0,801.0,267.0,267.0,267.0,262.0,262.0,262.0,267.0,267.0,267.0,521.0,521.0,521.0,267.0,267.0,267.0,262.0,262.0,262.0
1.0,1557.0,882.0,789.0,801.0,891.0,297.0,297.0,297.0,263.0,263.0,263.0,294.0,294.0,294.0,519.0,519.0,519.0,297.0,297.0,297.0,263.0,263.0,263.0
1.0,1476.0,840.0,792.0,891.0,849.0,283.0,283.0,283.0,264.0,264.0,264.0,280.0,280.0,280.0,492.0,492.0,492.0,283.0,283.0,283.0,264.0,264.0,264.0
1.0,1527.0,840.0,795.0,849.0,849.0,283.0,283.0,283.0,265.0,265.0,265.0,280.0,280.0,280.0,509.0,509.0,509.0,283.0,283.0,283.0,265.0,265.0,265.0
1.0,1536.0,738.0,792.0,849.0,729.0,243.0,243.0,243.0,264.0,264.0,264.0,246.0,246.0,246.0,512.0,512.0,512.0,243.0,243.0,243.0,264.0,264.0,264.0
1.0,1647.0,777.0,792.0,729.0,777.0,259.0,259.0,259.0,264.0,264.0,264.0,259.0,259.0,259.0,549.0,549.0,549.0,259.0,259.0,259.0,264.0,264.0,264.0
1.0,1599.0,768.0,789.0,777.0,759.0,253.0,253.0,253.0,263.0,263.0,263.0,256.0,256.0,256.0,533.0,533.0,533.0,253.0,253.0,253.0,263.0,263.0,263.0
1.0,1608.0,783.0,792.0,759.0,792.0,264.0,264.0,264.0,264.0,264.0,264.0,261.0,261.0,261.0,536.0,536.0,536.0,264.0,264.0,264.0,264.0,264.0,264.0
1.0,1584.0,873.0,792.0,792.0,873.0,291.0,291.0,291.0,264.0,264.0,264.0,291.0,291.0,291.0,528.0,528.0,528.0,291.0,291.0,291.0,264.0,264.0,264.0
1.0,1503.0,804.0,795.0,873.0,813.0,271.0,271.0,271.0,265.0,265.0,265.0,268.0,268.0,268.0,501.0,501.0,501.0,271.0,271.0,271.0,265.0,265.0,265.0
1.0,1572.0,831.0,798.0,813.0,840.0,280.0,280.0,280.0,266.0,266.0,266.0,277.0,277.0,277.0,524.0,524.0,524.0,280.0,280.0,280.0,266.0,266.0,266.0
1.0,1554.0,753.0,795.0,840.0,744.0,248.0,248.0,248.0,265.0,265.0,265.0,251.0,251.0,251.0,518.0,518.0,518.0,248.0,248.0,248.0,265.0,265.0,265.0
1.0,1641.0,759.0,795.0,744.0,759.0,253.0,253.0,253.0,265.0,265.0,265.0,253.0,253.0,253.0,547.0,547.0,547.0,253.0,253.0,253.0,265.0,265.0,265.0
1.0,1626.0,759.0,795.0,759.0,759.0,253.0,253.0,253.0,265.0,265.0,265.0,253.0,253.0,253.0,542.0,542.0,542.0,253.0,253.0,253.0,265.0,265.0,265.0
1.0,1626.0,765.0,795.0,759.0,765.0,255.0,255.0,255.0,265.0,265.0,265.0,255.0,255.0,255.0,542.0,542.0,542.0,255.0,255.0,255.0,265.0,265.0,265.0
1.0,1620.0,861.0,798.0,765.0,870.0,290.0,290.0,290.0,266.0,266.0,266.0,287.0,287.0,287.0,540.0,540.0,540.0,290.0,290.0,290.0,266.0,266.0,266.0
1.0,1524.0,861.0,798.0,870.0,861.0,287.0,287.0,287.0,266.0,266.0,266.0,287.0,287.0,287.0,508.0,508.0,508.0,287.0,287.0,287.0,266.0,266.0,266.0
1.0,1533.0,864.0,801.0,861.0,873.0,291.0,291.0,291.0,267.0,267.0,267.0,288.0,288.0,288.0,511.0,511.0,511.0,291.0,291.0,291.0,267.0,267.0,267.0
1.0,1530.0,792.0,801.0,873.0,792.0,264.0,264.0,264.0,267.0,267.0,267.0,264.0,264.0,264.0,510.0,510.0,510.0,264.0,264.0,264.0,267.0,267.0,267.0
1.0,1611.0,747.0,798.0,792.0,738.0,246.0,246.0,246.0,266.0,266.0,266.0,249.0,249.0,249.0,537.0,537.0,537.0,246.0,246.0,246.0,266.0,266.0,266.0
1.0,1656.0,744.0,798.0,738.0,744.0,248.0,248.0,248.0,266.0,266.0,266.0,248.0,248.0,248.0,552.0,552.0,552.0,248.0,248.0,248.0,266.0,266.0,266.0
1.0,1650.0,822.0,798.0,744.0,822.0,274.0,274.0,274.0,266.0,266.0,266.0,274.0,274.0,274.0,550.0,550.0,550.0,274.0,274.0,274.0,266.0,266.0,266.0
1.0,1572.0,873.0,801.0,822.0,882.0,294.0,294.0,294.0,267.0,267.0,267.0,291.0,291.0,291.0,524.0,524.0,524.0,294.0,294.0,294.0,267.0,267.0,267.0
1.0,1521.0,924.0,804.0,882.0,933.0,311.0,311.0,311.0,268.0,268.0,268.0,308.0,308.0,308.0,507.0,507.0,507.0,311.0,311.0,311.0,268.0,268.0,268.0
1.0,1479.0,885.0,807.0,933.0,894.0,298.0,298.0,298.0,269.0,269.0,269.0,295.0,295.0,295.0,493.0,493.0,493.0,298.0,298.0,298.0,269.0,269.0,269.0
1.0,1527.0,876.0,807.0,894.0,876.0,292.0,292.0,292.0,269.0,269.0,269.0,292.0,292.0,292.0,509.0,509.0,509.0,292.0,292.0,292.0,269.0,269.0,269.0
1.0,1545.0,801.0,804.0,876.0,792.0,264.0,264.0,264.0,268.0,268.0,268.0,267.0,267.0,267.0,515.0,515.0,515.0,264.0,264.0,264.0,268.0,268.0,268.0
1.0,1620.0,783.0,804.0,792.0,783.0,261.0,261.0,261.0,268.0,268.0,268.0,261.0,261.0,261.0,540.0,540.0,540.0,261.0,261.0,261.0,268.0,268.0,268.0
1.0,1629.0,807.0,804.0,783.0,807.0,269.0,269.0,269.0,268.0,268.0,268.0,269.0,269.0,269.0,543.0,543.0,543.0,269.0,269.0,269.0,268.0,268.0,268.0
1.0,1605.0,867.0,807.0,807.0,876.0,292.0,292.0,292.0,269.0,269.0,269.0,289.0,289.0,289.0,535.0,535.0,535.0,292.0,292.0,292.0,269.0,269.0,269.0
1.0,1545.0,912.0,810.0,876.0,921.0,307.0,307.0,307.0,270.0,270.0,270.0,304.0,304.0,304.0,515.0,515.0,515.0,307.0,307.0,307.0,270.0,270.0,270.0
1.0,1509.0,852.0,813.0,921.0,861.0,287.0,287.0,287.0,271.0,271.0,271.0,284.0,284.0,284.0,503.0,503.0,503.0,287.0,287.0,287.0,271.0,271.0,271.0
1.0,1578.0,795.0,810.0,861.0,786.0,262.0,262.0,262.0,270.0,270.0,270.0,265.0,265.0,265.0,526.0,526.0,526.0,262.0,262.0,262.0,270.0,270.0,270.0
1.0,1644.0,759.0,807.0,786.0,750.0,250.0,250.0,250.0,269.0,269.0,269.0,253.0,253.0,253.0,548.0,548.0,548.0,250.0,250.0,250.0,269.0,269.0,269.0
1.0,1671.0,843.0,810.0,750.0,852.0,284.0,284.0,284.0,270.0,270.0,270.0,281.0,281.0,281.0,557.0,557.0,557.0,284.0,284.0,284.0,270.0,270.0,270.0
1.0,1578.0,858.0,813.0,852.0,867.0,289.0,289.0,289.0,271.0,271.0,271.0,286.0,286.0,286.0,526.0,526.0,526.0,289.0,289.0,289.0,271.0,271.0,271.0
1.0,1572.0,918.0,816.0,867.0,927.0,309.0,309.0,309.0,272.0,272.0,272.0,306.0,306.0,306.0,524.0,524.0,524.0,309.0,309.0,309.0,272.0,272.0,272.0
1.0,1521.0,879.0,816.0,927.0,879.0,293.0,293.0,293.0,272.0,272.0,272.0,293.0,293.0,293.0,507.0,507.0,507.0,293.0,293.0,293.0,272.0,272.0,272.0
1.0,1569.0,861.0,819.0,879.0,870.0,290.0,290.0,290.0,273.0,273.0,273.0,287.0,287.0,287.0,523.0,523.0,523.0,290.0,290.0,290.0,273.0,273.0,273.0
1.0,1587.0,807.0,819.0,870.0,807.0,269.0,269.0,269.0,273.0,273.0,273.0,269.0,269.0,269.0,529.0,529.0,529.0,269.0,269.0,269.0,273.0,273.0,273.0
1.0,1650.0,780.0,816.0,807.0,771.0,257.0,257.0,257.0,272.0,272.0,272.0,260.0,260.0,260.0,550.0,550.0,550.0,257.0,257.0,257.0,272.0,272.0,272.0
1.0,1677.0,831.0,816.0,771.0,831.0,277.0,277.0,277.0,272.0,272.0,272.0,277.0,277.0,277.0,559.0,559.0,559.0,277.0,277.0,277.0,272.0,272.0,272.0
1.0,1617.0,846.0,819.0,831.0,855.0,285.0,285.0,285.0,273.0,273.0,273.0,282.0,282.0,282.0,539.0,539.0,539.0,285.0,285.0,285.0,273.0,273.0,273.0
1.0,1602.0,927.0,822.0,855.0,936.0,312.0,312.0,312.0,274.0,274.0,274.0,309.0,309.0,309.0,534.0,534.0,534.0,312.0,312.0,312.0,274.0,274.0,274.0
1.0,1530.0,930.0,825.0,936.0,939.0,313.0,313.0,313.0,275.0,275.0,275.0,310.0,310.0,310.0,510.0,510.0,510.0,313.0,313.0,313.0,275.0,275.0,275.0
1.0,1536.0,816.0,825.0,939.0,816.0,272.0,272.0,272.0,275.0,275.0,275.0,272.0,272.0,272.0,512.0,512.0,512.0,272.0,272.0,272.0,275.0,275.0,275.0
1.0,1659.0,798.0,825.0,816.0,798.0,266.0,266.0,266.0,275.0,275.0,275.0,266.0,266.0,266.0,553.0,553.0,553.0,266.0,266.0,266.0,275.0,275.0,275.0
1.0,1677.0,777.0,822.0,798.0,768.0,256.0,256.0,256.0,274.0,274.0,274.0,259.0,259.0,259.0,559.0,559.0,559.0,256.0,256.0,256.0,274.0,274.0,274.0
1.0,1698.0,831.0,822.0,768.0,831.0,277.0,277.0,277.0,274.0,274.0,274.0,277.0,277.0,277.0,566.0,566.0,566.0,277.0,277.0,277.0,274.0,274.0,274.0
1.0,1635.0,852.0,825.0,831.0,861.0,287.0,287.0,287.0,275.0,275.0,275.0,284.0,284.0,284.0,545.0,545.0,545.0,287.0,287.0,287.0,275.0,275.0,275.0
1.0,1614.0,897.0,828.0,861.0,906.0,302.0,302.0,302.0,276.0,276.0,276.0,299.0,299.0,299.0,538.0,538.0,538.0,302.0,302.0,302.0,276.0,276.0,276.0
1.0,1578.0,879.0,828.0,906.0,879.0,293.0,293.0,293.0,276.0,276.0,276.0,293.0,293.0,293.0,526.0,526.0,526.0,293.0,293.0,293.0,276.0,276.0,276.0
1.0,1605.0,861.0,831.0,879.0,870.0,290.0,290.0,290.0,277.0,277.0,277.0,287.0,287.0,287.0,535.0,535.0,535.0,290.0,290.0,290.0,277.0,277.0,277.0
1.0,1623.0,846.0,831.0,870.0,846.0,282.0,282.0,282.0,277.0,277.0,277.0,282.0,282.0,282.0,541.0,541.0,541.0,282.0,282.0,282.0,277.0,277.0,277.0
1.0,1647.0,768.0,828.0,846.0,759.0,253.0,253.0,253.0,276.0,276.0,276.0,256.0,256.0,256.0,549.0,549.0,549.0,253.0,253.0,253.0,276.0,276.0,276.0
1.0,1725.0,762.0,828.0,759.0,762.0,254.0,254.0,254.0,276.0,276.0,276.0,254.0,254.0,254.0,575.0,575.0,575.0,254.0,254.0,254.0,276.0,276.0,276.0
1.0,1722.0,849.0,828.0,762.0,849.0,283.0,283.0,283.0,276.0,276.0,276.0,283.0,283.0,283.0,574.0,574.0,574.0,283.0,283.0,283.0,276.0,276.0,276.0
1.0,1635.0,867.0,831.0,849.0,876.0,292.0,292.0,292.0,277.0,277.0,277.0,289.0,289.0,289.0,545.0,545.0,545.0,292.0,292.0,292.0,277.0,277.0,277.0
1.0,1617.0,861.0,834.0,876.0,870.0,290.0,290.0,290.0,278.0,278.0,278.0,287.0,287.0,287.0,539.0,539.0,539.0,290.0,290.0,290.0,278.0,278.0,278.0
1.0,1632.0,909.0,834.0,870.0,909.0,303.0,303.0,303.0,278.0,278.0,278.0,303.0,303.0,303.0,544.0,544.0,544.0,303.0,303.0,303.0,278.0,278.0,278.0
1.0,1593.0,789.0,834.0,909.0,789.0,263.0,263.0,263.0,278.0,278.0,278.0,263.0,263.0,263.0,531.0,531.0,531.0,263.0,263.0,263.0,278.0,278.0,278.0
1.0,1713.0,807.0,834.0,789.0,807.0,269.0,269.0,269.0,278.0,278.0,278.0,269.0,269.0,269.0,571.0,571.0,571.0,269.0,269.0,269.0,278.0,278.0,278.0
1.0,1695.0,798.0,834.0,807.0,798.0,266.0,266.0,266.0,278.0,278.0,278.0,266.0,266.0,266.0,565.0,565.0,565.0,266.0,266.0,266.0,278.0,278.0,278.0
1.0,1704.0,807.0,834.0,798.0,807.0,269.0,269.0,269.0,278.0,278.0,278.0,269.0,269.0,269.0,568.0,568.0,568.0,269.0,269.0,269.0,278.0,278.0,278.0
1.0,1695.0,900.0,837.0,807.0,909.0,303.0,303.0,303.0,279.0,279.0,279.0,300.0,300.0,300.0,565.0,565.0,565.0,303.0,303.0,303.0,279.0,279.0,279.0
1.0,1602.0,858.0,840.0,909.0,867.0,289.0,289.0,289.0,280.0,280.0,280.0,286.0,286.0,286.0,534.0,534.0,534.0,289.0,289.0,289.0,280.0,280.0,280.0
1.0,1653.0,891.0,840.0,867.0,891.0,297.0,297.0,297.0,280.0,280.0,280.0,297.0,297.0,297.0,551.0,551.0,551.0,297.0,297.0,297.0,280.0,280.0,280.0
1.0,1629.0,831.0,840.0,891.0,831.0,277.0,277.0,277.0,280.0,280.0,280.0,277.0,277.0,277.0,543.0,543.0,543.0,277.0,277.0,277.0,280.0,280.0,280.0
1.0,1689.0,795.0,840.0,831.0,795.0,265.0,265.0,265.0,280.0,280.0,280.0,265.0,265.0,265.0,563.0,563.0,563.0,265.0,265.0,265.0,280.0,280.0,280.0
1.0,1725.0,801.0,837.0,795.0,792.0,264.0,264.0,264.0,279.0,279.0,279.0,267.0,267.0,267.0,575.0,575.0,575.0,264.0,264.0,264.0,279.0,279.0,279.0
1.0,1719.0,834.0,840.0,792.0,843.0,281.0,281.0,281.0,280.0,280.0,280.0,278.0,278.0,278.0,573.0,573.0,573.0,281.0,281.0,281.0,280.0,280.0,280.0
1.0,1677.0,921.0,843.0,843.0,930.0,310.0,310.0,310.0,281.0,281.0,281.0,307.0,307.0,307.0,559.0,559.0,559.0,310.0,310.0,310.0,281.0,281.0,281.0
1.0,1599.0,942.0,846.0,930.0,951.0,317.0,317.0,317.0,282.0,282.0,282.0,314.0,314.0,314.0,533.0,533.0,533.0,317.0,317.0,317.0,282.0,282.0,282.0
1.0,1587.0,888.0,846.0,951.0,888.0,296.0,296.0,296.0,282.0,282.0,282.0,296.0,296.0,296.0,529.0,529.0,529.0,296.0,296.0,296.0,282.0,282.0,282.0
1.0,1650.0,783.0,846.0,888.0,783.0,261.0,261.0,261.0,282.0,282.0,282.0,261.0,261.0,261.0,550.0,550.0,550.0,261.0,261.0,261.0,282.0,282.0,282.0
1.0,1755.0,771.0,843.0,783.0,762.0,254.0,254.0,254.0,281.0,281.0,281.0,257.0,257.0,257.0,585.0,585.0,585.0,254.0,254.0,254.0,281.0,281.0,281.0
1.0,1767.0,876.0,843.0,762.0,876.0,292.0,292.0,292.0,281.0,281.0,281.0,292.0,292.0,292.0,589.0,589.0,589.0,292.0,292.0,292.0,281.0,281.0,281.0
1.0,1653.0,876.0,843.0,876.0,876.0,292.0,292.0,292.0,281.0,281.0,281.0,292.0,292.0,292.0,551.0,551.0,551.0,292.0,292.0,292.0,281.0,281.0,281.0
1.0,1653.0,909.0,843.0,876.0,909.0,303.0,303.0,303.0,281.0,281.0,281.0,303.0,303.0,303.0,551.0,551.0,551.0,303.0,303.0,303.0,281.0,281.0,281.0
1.0,1620.0,903.0,846.0,909.0,912.0,304.0,304.0,304.0,282.0,282.0,282.0,301.0,301.0,301.0,540.0,540.0,540.0,304.0,304.0,304.0,282.0,282.0,282.0
1.0,1626.0,882.0,849.0,912.0,891.0,297.0,297.0,297.0,283.0,283.0,283.0,294.0,294.0,294.0,542.0,542.0,542.0,297.0,297.0,297.0,283.0,283.0,283.0
1.0,1656.0,855.0,849.0,891.0,855.0,285.0,285.0,285.0,283.0,283.0,283.0,285.0,285.0,285.0,552.0,552.0,552.0,285.0,285.0,285.0,283.0,283.0,283.0
1.0,1692.0,765.0,846.0,855.0,756.0,252.0,252.0,252.0,282.0,282.0,282.0,255.0,255.0,255.0,564.0,564.0,564.0,252.0,252.0,252.0,282.0,282.0,282.0
1.0,1782.0,786.0,843.0,756.0,777.0,259.0,259.0,259.0,281.0,281.0,281.0,262.0,262.0,262.0,594.0,594.0,594.0,259.0,259.0,259.0,281.0,281.0,281.0
1.0,1752.0,861.0,846.0,777.0,870.0,290.0,290.0,290.0,282.0,282.0,282.0,287.0,287.0,287.0,584.0,584.0,584.0,290.0,290.0,290.0,282.0,282.0,282.0
1.0,1668.0,885.0,846.0,870.0,885.0,295.0,295.0,295.0,282.0,282.0,282.0,295.0,295.0,295.0,556.0,556.0,556.0,295.0,295.0,295.0,282.0,282.0,282.0
1.0,1653.0,924.0,849.0,885.0,933.0,311.0,311.0,311.0,283.0,283.0,283.0,308.0,308.0,308.0,551.0,551.0,551.0,311.0,311.0,311.0,283.0,283.0,283.0
1.0,1614.0,918.0,849.0,933.0,918.0,306.0,306.0,306.0,283.0,283.0,283.0,306.0,306.0,306.0,538.0,538.0,538.0,306.0,306.0,306.0,283.0,283.0,283.0
1.0,1629.0,852.0,849.0,918.0,852.0,284.0,284.0,284.0,283.0,283.0,283.0,284.0,284.0,284.0,543.0,543.0,543.0,284.0,284.0,284.0,283.0,283.0,283.0
1.0,1695.0,744.0,846.0,852.0,735.0,245.0,245.0,245.0,282.0,282.0,282.0,248.0,248.0,248.0,565.0,565.0,565.0,245.0,245.0,245.0,282.0,282.0,282.0
1.0,1803.0,819.0,846.0,735.0,819.0,273.0,273.0,273.0,282.0,282.0,282.0,273.0,273.0,273.0,601.0,601.0,601.0,273.0,273.0,273.0,282.0,282.0,282.0
1.0,1719.0,882.0,846.0,819.0,882.0,294.0,294.0,294.0,282.0,282.0,282.0,294.0,294.0,294.0,573.0,573.0,573.0,294.0,294.0,294.0,282.0,282.0,282.0
1.0,1656.0,918.0,849.0,882.0,927.0,309.0,309.0,309.0,283.0,283.0,283.0,306.0,306.0,306.0,552.0,552.0,552.0,309.0,309.0,309.0,283.0,283.0,283.0
1.0,1620.0,897.0,852.0,927.0,906.0,302.0,302.0,302.0,284.0,284.0,284.0,299.0,299.0,299.0,540.0,540.0,540.0,302.0,302.0,302.0,284.0,284.0,284.0
1.0,1650.0,951.0,852.0,906.0,951.0,317.0,317.0,317.0,284.0,284.0,284.0,317.0,317.0,317.0,550.0,550.0,550.0,317.0,317.0,317.0,284.0,284.0,284.0
1.0,1605.0,855.0,852.0,951.0,855.0,285.0,285.0,285.0,284.0,284.0,284.0,285.0,285.0,285.0,535.0,535.0,535.0,285.0,285.0,285.0,284.0,284.0,284.0
1.0,1701.0,828.0,849.0,855.0,819.0,273.0,273.0,273.0,283.0,283.0,283.0,276.0,276.0,276.0,567.0,567.0,567.0,273.0,273.0,273.0,283.0,283.0,283.0
1.0,1728.0,831.0,849.0,819.0,831.0,277.0,277.0,277.0,283.0,283.0,283.0,277.0,277.0,277.0,576.0,576.0,576.0,277.0,277.0,277.0,283.0,283.0,283.0
1.0,1716.0,906.0,852.0,831.0,915.0,305.0,305.0,305.0,284.0,284.0,284.0,302.0,302.0,302.0,572.0,572.0,572.0,305.0,305.0,305.0,284.0,284.0,284.0
1.0,1641.0,900.0,855.0,915.0,909.0,303.0,303.0,303.0,285.0,285.0,285.0,300.0,300.0,300.0,547.0,547.0,547.0,303.0,303.0,303.0,285.0,285.0,285.0
1.0,1656.0,942.0,855.0,909.0,942.0,314.0,314.0,314.0,285.0,285.0,285.0,314.0,314.0,314.0,552.0,552.0,552.0,314.0,314.0,314.0,285.0,285.0,285.0
1.0,1623.0,903.0,858.0,942.0,912.0,304.0,304.0,304.0,286.0,286.0,286.0,301.0,301.0,301.0,541.0,541.0,541.0,304.0,304.0,304.0,286.0,286.0,286.0
1.0,1662.0,858.0,858.0,912.0,858.0,286.0,286.0,286.0,286.0,286.0,286.0,286.0,286.0,286.0,554.0,554.0,554.0,286.0,286.0,286.0,286.0,286.0,286.0
1.0,1716.0,813.0,855.0,858.0,804.0,268.0,268.0,268.0,285.0,285.0,285.0,271.0,271.0,271.0,572.0,572.0,572.0,268.0,268.0,268.0,285.0,285.0,285.0
1.0,1761.0,831.0,855.0,804.0,831.0,277.0,277.0,277.0,285.0,285.0,285.0,277.0,277.0,277.0,587.0,587.0,587.0,277.0,277.0,277.0,285.0,285.0,285.0
1.0,1734.0,927.0,855.0,831.0,927.0,309.0,309.0,309.0,285.0,285.0,285.0,309.0,309.0,309.0,578.0,578.0,578.0,309.0,309.0,309.0,285.0,285.0,285.0
1.0,1638.0,912.0,858.0,927.0,921.0,307.0,307.0,307.0,286.0,286.0,286.0,304.0,304.0,304.0,546.0,546.0,546.0,307.0,307.0,307.0,286.0,286.0,286.0
1.0,1653.0,927.0,861.0,921.0,936.0,312.0,312.0,312.0,287.0,287.0,287.0,309.0,309.0,309.0,551.0,551.0,551.0,312.0,312.0,312.0,287.0,287.0,287.0
1.0,1647.0,918.0,864.0,936.0,927.0,309.0,309.0,309.0,288.0,288.0,288.0,306.0,306.0,306.0,549.0,549.0,549.0,309.0,309.0,309.0,288.0,288.0,288.0
1.0,1665.0,858.0,864.0,927.0,858.0,286.0,286.0,286.0,288.0,288.0,288.0,286.0,286.0,286.0,555.0,555.0,555.0,286.0,286.0,286.0,288.0,288.0,288.0
1.0,1734.0,852.0,864.0,858.0,852.0,284.0,284.0,284.0,288.0,288.0,288.0,284.0,284.0,284.0,578.0,578.0,578.0,284.0,284.0,284.0,288.0,288.0,288.0
1.0,1740.0,801.0,861.0,852.0,792.0,264.0,264.0,264.0,287.0,287.0,287.0,267.0,267.0,267.0,580.0,580.0,580.0,264.0,264.0,264.0,287.0,287.0,287.0
1.0,1791.0,885.0,864.0,792.0,894.0,298.0,298.0,298.0,288.0,288.0,288.0,295.0,295.0,295.0,597.0,597.0,597.0,298.0,298.0,298.0,288.0,288.0,288.0
1.0,1698.0,918.0,864.0,894.0,918.0,306.0,306.0,306.0,288.0,288.0,288.0,306.0,306.0,306.0,566.0,566.0,566.0,306.0,306.0,306.0,288.0,288.0,288.0
1.0,1674.0,912.0,867.0,918.0,921.0,307.0,307.0,307.0,289.0,289.0,289.0,304.0,304.0,304.0,558.0,558.0,558.0,307.0,307.0,307.0,289.0,289.0,289.0
1.0,1680.0,897.0,870.0,921.0,906.0,302.0,302.0,302.0,290.0,290.0,290.0,299.0,299.0,299.0,560.0,560.0,560.0,302.0,302.0,302.0,290.0,290.0,290.0
1.0,1704.0,897.0,870.0,906.0,897.0,299.0,299.0,299.0,290.0,290.0,290.0,299.0,299.0,299.0,568.0,568.0,568.0,299.0,299.0,299.0,290.0,290.0,290.0
1.0,1713.0,792.0,867.0,897.0,783.0,261.0,261.0,261.0,289.0,289.0,289.0,264.0,264.0,264.0,571.0,571.0,571.0,261.0,261.0,261.0,289.0,289.0,289.0
1.0,1818.0,840.0,867.0,783.0,840.0,280.0,280.0,280.0,289.0,289.0,289.0,280.0,280.0,280.0,606.0,606.0,606.0,280.0,280.0,280.0,289.0,289.0,289.0
1.0,1761.0,867.0,867.0,840.0,867.0,289.0,289.0,289.0,289.0,289.0,289.0,289.0,289.0,289.0,587.0,587.0,587.0,289.0,289.0,289.0,289.0,289.0,289.0
1.0,1734.0,897.0,870.0,867.0,906.0,302.0,302.0,302.0,290.0,290.0,290.0,299.0,299.0,299.0,578.0,578.0,578.0,302.0,302.0,302.0,290.0,290.0,290.0
1.0,1704.0,852.0,870.0,906.0,852.0,284.0,284.0,284.0,290.0,290.0,290.0,284.0,284.0,284.0,568.0,568.0,568.0,284.0,284.0,284.0,290.0,290.0,290.0
1.0,1758.0,861.0,870.0,852.0,861.0,287.0,287.0,287.0,290.0,290.0,290.0,287.0,287.0,287.0,586.0,586.0,586.0,287.0,287.0,287.0,290.0,290.0,290.0
1.0,1749.0,852.0,870.0,861.0,852.0,284.0,284.0,284.0,290.0,290.0,290.0,284.0,284.0,284.0,583.0,583.0,583.0,284.0,284.0,284.0,290.0,290.0,290.0
1.0,1758.0,828.0,867.0,852.0,819.0,273.0,273.0,273.0,289.0,289.0,289.0,276.0,276.0,276.0,586.0,586.0,586.0,273.0,273.0,273.0,289.0,289.0,289.0
1.0,1782.0,834.0,867.0,819.0,834.0,278.0,278.0,278.0,289.0,289.0,289.0,278.0,278.0,278.0,594.0,594.0,594.0,278.0,278.0,278.0,289.0,289.0,289.0
1.0,1767.0,924.0,870.0,834.0,933.0,311.0,311.0,311.0,290.0,290.0,290.0,308.0,308.0,308.0,589.0,589.0,589.0,311.0,311.0,311.0,290.0,290.0,290.0
1.0,1677.0,915.0,873.0,933.0,924.0,308.0,308.0,308.0,291.0,291.0,291.0,305.0,305.0,305.0,559.0,559.0,559.0,308.0,308.0,308.0,291.0,291.0,291.0
1.0,1695.0,993.0,873.0,924.0,993.0,331.0,331.0,331.0,291.0,291.0,291.0,331.0,331.0,331.0,565.0,565.0,565.0,331.0,331.0,331.0,291.0,291.0,291.0
1.0,1626.0,891.0,873.0,993.0,891.0,297.0,297.0,297.0,291.0,291.0,291.0,297.0,297.0,297.0,542.0,542.0,542.0,297.0,297.0,297.0,291.0,291.0,291.0
1.0,1728.0,852.0,873.0,891.0,852.0,284.0,284.0,284.0,291.0,291.0,291.0,284.0,284.0,284.0,576.0,576.0,576.0,284.0,284.0,284.0,291.0,291.0,291.0
1.0,1767.0,852.0,873.0,852.0,852.0,284.0,284.0,284.0,291.0,291.0,291.0,284.0,284.0,284.0,589.0,589.0,589.0,284.0,284.0,284.0,291.0,291.0,291.0
1.0,1767.0,873.0,873.0,852.0,873.0,291.0,291.0,291.0,291.0,291.0,291.0,291.0,291.0,291.0,589.0,589.0,589.0,291.0,291.0,291.0,291.0,291.0,291.0
1.0,1746.0,894.0,873.0,873.0,894.0,298.0,298.0,298.0,291.0,291.0,291.0,298.0,298.0,298.0,582.0,582.0,582.0,298.0,298.0,298.0,291.0,291.0,291.0
1.0,1725.0,945.0,876.0,894.0,954.0,318.0,318.0,318.0,292.0,292.0,292.0,315.0,315.0,315.0,575.0,575.0,575.0,318.0,318.0,318.0,292.0,292.0,292.0
1.0,1674.0,882.0,879.0,954.0,891.0,297.0,297.0,297.0,293.0,293.0,293.0,294.0,294.0,294.0,558.0,558.0,558.0,297.0,297.0,297.0,293.0,293.0,293.0
1.0,1746.0,948.0,879.0,891.0,948.0,316.0,316.0,316.0,293.0,293.0,293.0,316.0,316.0,316.0,582.0,582.0,582.0,316.0,316.0,316.0,293.0,293.0,293.0
1.0,1689.0,894.0,879.0,948.0,894.0,298.0,298.0,298.0,293.0,293.0,293.0,298.0,298.0,298.0,563.0,563.0,563.0,298.0,298.0,298.0,293.0,293.0,293.0
1.0,1743.0,807.0,879.0,894.0,807.0,269.0,269.0,269.0,293.0,293.0,293.0,269.0,269.0,269.0,581.0,581.0,581.0,269.0,269.0,269.0,293.0,293.0,293.0
1.0,1830.0,798.0,876.0,807.0,789.0,263.0,263.0,263.0,292.0,292.0,292.0,266.0,266.0,266.0,610.0,610.0,610.0,263.0,263.0,263.0,292.0,292.0,292.0
1.0,1839.0,903.0,876.0,789.0,903.0,301.0,301.0,301.0,292.0,292.0,292.0,301.0,301.0,301.0,613.0,613.0,613.0,301.0,301.0,301.0,292.0,292.0,292.0
1.0,1725.0,930.0,879.0,903.0,939.0,313.0,313.0,313.0,293.0,293.0,293.0,310.0,310.0,310.0,575.0,575.0,575.0,313.0,313.0,313.0,293.0,293.0,293.0
1.0,1698.0,912.0,882.0,939.0,921.0,307.0,307.0,307.0,294.0,294.0,294.0,304.0,304.0,304.0,566.0,566.0,566.0,307.0,307.0,307.0,294.0,294.0,294.0
1.0,1725.0,939.0,882.0,921.0,939.0,313.0,313.0,313.0,294.0,294.0,294.0,313.0,313.0,313.0,575.0,575.0,575.0,313.0,313.0,313.0,294.0,294.0,294.0
1.0,1707.0,843.0,882.0,939.0,843.0,281.0,281.0,281.0,294.0,294.0,294.0,281.0,281.0,281.0,569.0,569.0,569.0,281.0,281.0,281.0,294.0,294.0,294.0
1.0,1803.0,846.0,882.0,843.0,846.0,282.0,282.0,282.0,294.0,294.0,294.0,282.0,282.0,282.0,601.0,601.0,601.0,282.0,282.0,282.0,294.0,294.0,294.0
1.0,1800.0,831.0,879.0,846.0,822.0,274.0,274.0,274.0,293.0,293.0,293.0,277.0,277.0,277.0,600.0,600.0,600.0,274.0,274.0,274.0,293.0,293.0,293.0
1.0,1815.0,903.0,879.0,822.0,903.0,301.0,301.0,301.0,293.0,293.0,293.0,301.0,301.0,301.0,605.0,605.0,605.0,301.0,301.0,301.0,293.0,293.0,293.0
1.0,1734.0,969.0,882.0,903.0,978.0,326.0,326.0,326.0,294.0,294.0,294.0,323.0,323.0,323.0,578.0,578.0,578.0,326.0,326.0,326.0,294.0,294.0,294.0
1.0,1668.0,960.0,885.0,978.0,969.0,323.0,323.0,323.0,295.0,295.0,295.0,320.0,320.0,320.0,556.0,556.0,556.0,323.0,323.0,323.0,295.0,295.0,295.0
1.0,1686.0,900.0,885.0,969.0,900.0,300.0,300.0,300.0,295.0,295.0,295.0,300.0,300.0,300.0,562.0,562.0,562.0,300.0,300.0,300.0,295.0,295.0,295.0
1.0,1755.0,864.0,882.0,900.0,855.0,285.0,285.0,285.0,294.0,294.0,294.0,288.0,288.0,288.0,585.0,585.0,585.0,285.0,285.0,285.0,294.0,294.0,294.0
1.0,1791.0,879.0,882.0,855.0,879.0,293.0,293.0,293.0,294.0,294.0,294.0,293.0,293.0,293.0,597.0,597.0,597.0,293.0,293.0,293.0,294.0,294.0,294.0
1.0,1767.0,855.0,882.0,879.0,855.0,285.0,285.0,285.0,294.0,294.0,294.0,285.0,285.0,285.0,589.0,589.0,589.0,285.0,285.0,285.0,294.0,294.0,294.0
1.0,1791.0,909.0,882.0,855.0,909.0,303.0,303.0,303.0,294.0,294.0,294.0,303.0,303.0,303.0,597.0,597.0,597.0,303.0,303.0,303.0,294.0,294.0,294.0
1.0,1737.0,951.0,885.0,909.0,960.0,320.0,320.0,320.0,295.0,295.0,295.0,317.0,317.0,317.0,579.0,579.0,579.0,320.0,320.0,320.0,295.0,295.0,295.0
1.0,1695.0,924.0,888.0,960.0,933.0,311.0,311.0,311.0,296.0,296.0,296.0,308.0,308.0,308.0,565.0,565.0,565.0,311.0,311.0,311.0,296.0,296.0,296.0
1.0,1731.0,948.0,888.0,933.0,948.0,316.0,316.0,316.0,296.0,296.0,296.0,316.0,316.0,316.0,577.0,577.0,577.0,316.0,316.0,316.0,296.0,296.0,296.0
1.0,1716.0,858.0,885.0,948.0,849.0,283.0,283.0,283.0,295.0,295.0,295.0,286.0,286.0,286.0,572.0,572.0,572.0,283.0,283.0,283.0,295.0,295.0,295.0
1.0,1806.0,858.0,885.0,849.0,858.0,286.0,286.0,286.0,295.0,295.0,295.0,286.0,286.0,286.0,602.0,602.0,602.0,286.0,286.0,286.0,295.0,295.0,295.0
1.0,1797.0,852.0,885.0,858.0,852.0,284.0,284.0,284.0,295.0,295.0,295.0,284.0,284.0,284.0,599.0,599.0,599.0,284.0,284.0,284.0,295.0,295.0,295.0
1.0,1803.0,930.0,885.0,852.0,930.0,310.0,310.0,310.0,295.0,295.0,295.0,310.0,310.0,310.0,601.0,601.0,601.0,310.0,310.0,310.0,295.0,295.0,295.0
1.0,1725.0,951.0,888.0,930.0,960.0,320.0,320.0,320.0,296.0,296.0,296.0,317.0,317.0,317.0,575.0,575.0,575.0,320.0,320.0,320.0,296.0,296.0,296.0
1.0,1704.0,987.0,891.0,960.0,996.0,332.0,332.0,332.0,297.0,297.0,297.0,329.0,329.0,329.0,568.0,568.0,568.0,332.0,332.0,332.0,297.0,297.0,297.0
1.0,1677.0,972.0,891.0,996.0,972.0,324.0,324.0,324.0,297.0,297.0,297.0,324.0,324.0,324.0,559.0,559.0,559.0,324.0,324.0,324.0,297.0,297.0,297.0
1.0,1701.0,852.0,891.0,972.0,852.0,284.0,284.0,284.0,297.0,297.0,297.0,284.0,284.0,284.0,567.0,567.0,567.0,284.0,284.0,284.0,297.0,297.0,297.0
1.0,1821.0,858.0,891.0,852.0,858.0,286.0,286.0,286.0,297.0,297.0,297.0,286.0,286.0,286.0,607.0,607.0,607.0,286.0,286.0,286.0,297.0,297.0,297.0
1.0,1815.0,870.0,888.0,858.0,861.0,287.0,287.0,287.0,296.0,296.0,296.0,290.0,290.0,290.0,605.0,605.0,605.0,287.0,287.0,287.0,296.0,296.0,296.0
1.0,1803.0,906.0,888.0,861.0,906.0,302.0,302.0,302.0,296.0,296.0,296.0,302.0,302.0,302.0,601.0,601.0,601.0,302.0,302.0,302.0,296.0,296.0,296.0
1.0,1758.0,951.0,894.0,906.0,969.0,323.0,323.0,323.0,298.0,298.0,298.0,317.0,317.0,317.0,586.0,586.0,586.0,323.0,323.0,323.0,298.0,298.0,298.0
1.0,1713.0,999.0,897.0,969.0,1008.0,336.0,336.0,336.0,299.0,299.0,299.0,333.0,333.0,333.0,571.0,571.0,571.0,336.0,336.0,336.0,299.0,299.0,299.0
1.0,1683.0,906.0,897.0,1008.0,906.0,302.0,302.0,302.0,299.0,299.0,299.0,302.0,302.0,302.0,561.0,561.0,561.0,302.0,302.0,302.0,299.0,299.0,299.0
1.0,1785.0,921.0,897.0,906.0,921.0,307.0,307.0,307.0,299.0,299.0,299.0,307.0,307.0,307.0,595.0,595.0,595.0,307.0,307.0,307.0,299.0,299.0,299.0
1.0,1770.0,870.0,897.0,921.0,870.0,290.0,290.0,290.0,299.0,299.0,299.0,290.0,290.0,290.0,590.0,590.0,590.0,290.0,290.0,290.0,299.0,299.0,299.0
1.0,1821.0,864.0,897.0,870.0,864.0,288.0,288.0,288.0,299.0,299.0,299.0,288.0,288.0,288.0,607.0,607.0,607.0,288.0,288.0,288.0,299.0,299.0,299.0
1.0,1827.0,948.0,900.0,864.0,957.0,319.0,319.0,319.0,300.0,300.0,300.0,316.0,316.0,316.0,609.0,609.0,609.0,319.0,319.0,319.0,300.0,300.0,300.0
1.0,1743.0,966.0,903.0,957.0,975.0,325.0,325.0,325.0,301.0,301.0,301.0,322.0,322.0,322.0,581.0,581.0,581.0,325.0,325.0,325.0,301.0,301.0,301.0
1.0,1734.0,942.0,903.0,975.0,942.0,314.0,314.0,314.0,301.0,301.0,301.0,314.0,314.0,314.0,578.0,578.0,578.0,314.0,314.0,314.0,301.0,301.0,301.0
1.0,1767.0,963.0,906.0,942.0,972.0,324.0,324.0,324.0,302.0,302.0,302.0,321.0,321.0,321.0,589.0,589.0,589.0,324.0,324.0,324.0,302.0,302.0,302.0
1.0,1746.0,861.0,903.0,972.0,852.0,284.0,284.0,284.0,301.0,301.0,301.0,287.0,287.0,287.0,582.0,582.0,582.0,284.0,284.0,284.0,301.0,301.0,301.0
1.0,1857.0,813.0,900.0,852.0,804.0,268.0,268.0,268.0,300.0,300.0,300.0,271.0,271.0,271.0,619.0,619.0,619.0,268.0,268.0,268.0,300.0,300.0,300.0
1.0,1896.0,795.0,897.0,804.0,786.0,262.0,262.0,262.0,299.0,299.0,299.0,265.0,265.0,265.0,632.0,632.0,632.0,262.0,262.0,262.0,299.0,299.0,299.0
1.0,1905.0,888.0,900.0,786.0,897.0,299.0,299.0,299.0,300.0,300.0,300.0,296.0,296.0,296.0,635.0,635.0,635.0,299.0,299.0,299.0,300.0,300.0,300.0
1.0,1803.0,966.0,900.0,897.0,966.0,322.0,322.0,322.0,300.0,300.0,300.0,322.0,322.0,322.0,601.0,601.0,601.0,322.0,322.0,322.0,300.0,300.0,300.0
1.0,1734.0,1011.0,903.0,966.0,1020.0,340.0,340.0,340.0,301.0,301.0,301.0,337.0,337.0,337.0,578.0,578.0,578.0,340.0,340.0,340.0,301.0,301.0,301.0
1.0,1689.0,942.0,906.0,1020.0,951.0,317.0,317.0,317.0,302.0,302.0,302.0,314.0,314.0,314.0,563.0,563.0,563.0,317.0,317.0,317.0,302.0,302.0,302.0
1.0,1767.0,942.0,906.0,951.0,942.0,314.0,314.0,314.0,302.0,302.0,302.0,314.0,314.0,314.0,589.0,589.0,589.0,314.0,314.0,314.0,302.0,302.0,302.0
1.0,1776.0,849.0,903.0,942.0,840.0,280.0,280.0,280.0,301.0,301.0,301.0,283.0,283.0,283.0,592.0,592.0,592.0,280.0,280.0,280.0,301.0,301.0,301.0
1.0,1869.0,858.0,903.0,840.0,858.0,286.0,286.0,286.0,301.0,301.0,301.0,286.0,286.0,286.0,623.0,623.0,623.0,286.0,286.0,286.0,301.0,301.0,301.0
1.0,1851.0,894.0,903.0,858.0,894.0,298.0,298.0,298.0,301.0,301.0,301.0,298.0,298.0,298.0,617.0,617.0,617.0,298.0,298.0,298.0,301.0,301.0,301.0
1.0,1815.0,984.0,906.0,894.0,993.0,331.0,331.0,331.0,302.0,302.0,302.0,328.0,328.0,328.0,605.0,605.0,605.0,331.0,331.0,331.0,302.0,302.0,302.0
1.0,1725.0,972.0,909.0,993.0,981.0,327.0,327.0,327.0,303.0,303.0,303.0,324.0,324.0,324.0,575.0,575.0,575.0,327.0,327.0,327.0,303.0,303.0,303.0
1.0,1746.0,1020.0,912.0,981.0,1029.0,343.0,343.0,343.0,304.0,304.0,304.0,340.0,340.0,340.0,582.0,582.0,582.0,343.0,343.0,343.0,304.0,304.0,304.0
1.0,1707.0,939.0,912.0,1029.0,939.0,313.0,313.0,313.0,304.0,304.0,304.0,313.0,313.0,313.0,569.0,569.0,569.0,313.0,313.0,313.0,304.0,304.0,304.0
1.0,1797.0,864.0,909.0,939.0,855.0,285.0,285.0,285.0,303.0,303.0,303.0,288.0,288.0,288.0,599.0,599.0,599.0,285.0,285.0,285.0,303.0,303.0,303.0
1.0,1872.0,846.0,909.0,855.0,846.0,282.0,282.0,282.0,303.0,303.0,303.0,282.0,282.0,282.0,624.0,624.0,624.0,282.0,282.0,282.0,303.0,303.0,303.0
1.0,1881.0,933.0,909.0,846.0,933.0,311.0,311.0,311.0,303.0,303.0,303.0,311.0,311.0,311.0,627.0,627.0,627.0,311.0,311.0,311.0,303.0,303.0,303.0
1.0,1794.0,975.0,912.0,933.0,984.0,328.0,328.0,328.0,304.0,304.0,304.0,325.0,325.0,325.0,598.0,598.0,598.0,328.0,328.0,328.0,304.0,304.0,304.0
1.0,1752.0,960.0,915.0,984.0,969.0,323.0,323.0,323.0,305.0,305.0,305.0,320.0,320.0,320.0,584.0,584.0,584.0,323.0,323.0,323.0,305.0,305.0,305.0
1.0,1776.0,969.0,918.0,969.0,978.0,326.0,326.0,326.0,306.0,306.0,306.0,323.0,323.0,323.0,592.0,592.0,592.0,326.0,326.0,326.0,306.0,306.0,306.0
1.0,1776.0,921.0,915.0,978.0,912.0,304.0,304.0,304.0,305.0,305.0,305.0,307.0,307.0,307.0,592.0,592.0,592.0,304.0,304.0,304.0,305.0,305.0,305.0
1.0,1833.0,912.0,915.0,912.0,912.0,304.0,304.0,304.0,305.0,305.0,305.0,304.0,304.0,304.0,611.0,611.0,611.0,304.0,304.0,304.0,305.0,305.0,305.0
1.0,1833.0,894.0,915.0,912.0,894.0,298.0,298.0,298.0,305.0,305.0,305.0,298.0,298.0,298.0,611.0,611.0,611.0,298.0,298.0,298.0,305.0,305.0,305.0
1.0,1851.0,930.0,915.0,894.0,930.0,310.0,310.0,310.0,305.0,305.0,305.0,310.0,310.0,310.0,617.0,617.0,617.0,310.0,310.0,310.0,305.0,305.0,305.0
1.0,1815.0,1074.0,921.0,930.0,1092.0,364.0,364.0,364.0,307.0,307.0,307.0,358.0,358.0,358.0,605.0,605.0,605.0,364.0,364.0,364.0,307.0,307.0,307.0
1.0,1671.0,945.0,921.0,1092.0,945.0,315.0,315.0,315.0,307.0,307.0,307.0,315.0,315.0,315.0,557.0,557.0,557.0,315.0,315.0,315.0,307.0,307.0,307.0
1.0,1818.0,966.0,924.0,945.0,975.0,325.0,325.0,325.0,308.0,308.0,308.0,322.0,322.0,322.0,606.0,606.0,606.0,325.0,325.0,325.0,308.0,308.0,308.0
1.0,1797.0,909.0,921.0,975.0,900.0,300.0,300.0,300.0,307.0,307.0,307.0,303.0,303.0,303.0,599.0,599.0,599.0,300.0,300.0,300.0,307.0,307.0,307.0
1.0,1863.0,924.0,921.0,900.0,924.0,308.0,308.0,308.0,307.0,307.0,307.0,308.0,308.0,308.0,621.0,621.0,621.0,308.0,308.0,308.0,307.0,307.0,307.0
1.0,1839.0,885.0,921.0,924.0,885.0,295.0,295.0,295.0,307.0,307.0,307.0,295.0,295.0,295.0,613.0,613.0,613.0,295.0,295.0,295.0,307.0,307.0,307.0
1.0,1878.0,945.0,921.0,885.0,945.0,315.0,315.0,315.0,307.0,307.0,307.0,315.0,315.0,315.0,626.0,626.0,626.0,315.0,315.0,315.0,307.0,307.0,307.0
1.0,1818.0,981.0,924.0,945.0,990.0,330.0,330.0,330.0,308.0,308.0,308.0,327.0,327.0,327.0,606.0,606.0,606.0,330.0,330.0,330.0,308.0,308.0,308.0
1.0,1782.0,996.0,927.0,990.0,1005.0,335.0,335.0,335.0,309.0,309.0,309.0,332.0,332.0,332.0,594.0,594.0,594.0,335.0,335.0,335.0,309.0,309.0,309.0
1.0,1776.0,942.0,927.0,1005.0,942.0,314.0,314.0,314.0,309.0,309.0,309.0,314.0,314.0,314.0,592.0,592.0,592.0,314.0,314.0,314.0,309.0,309.0,309.0
1.0,1839.0,891.0,927.0,942.0,891.0,297.0,297.0,297.0,309.0,309.0,309.0,297.0,297.0,297.0,613.0,613.0,613.0,297.0,297.0,297.0,309.0,309.0,309.0
1.0,1890.0,849.0,924.0,891.0,840.0,280.0,280.0,280.0,308.0,308.0,308.0,283.0,283.0,283.0,630.0,630.0,630.0,280.0,280.0,280.0,308.0,308.0,308.0
1.0,1932.0,870.0,921.0,840.0,861.0,287.0,287.0,287.0,307.0,307.0,307.0,290.0,290.0,290.0,644.0,644.0,644.0,287.0,287.0,287.0,307.0,307.0,307.0
1.0,1902.0,936.0,924.0,861.0,945.0,315.0,315.0,315.0,308.0,308.0,308.0,312.0,312.0,312.0,634.0,634.0,634.0,315.0,315.0,315.0,308.0,308.0,308.0
1.0,1827.0,963.0,924.0,945.0,963.0,321.0,321.0,321.0,308.0,308.0,308.0,321.0,321.0,321.0,609.0,609.0,609.0,321.0,321.0,321.0,308.0,308.0,308.0
1.0,1809.0,1026.0,927.0,963.0,1035.0,345.0,345.0,345.0,309.0,309.0,309.0,342.0,342.0,342.0,603.0,603.0,603.0,345.0,345.0,345.0,309.0,309.0,309.0
1.0,1746.0,990.0,930.0,1035.0,999.0,333.0,333.0,333.0,310.0,310.0,310.0,330.0,330.0,330.0,582.0,582.0,582.0,333.0,333.0,333.0,310.0,310.0,310.0
1.0,1791.0,927.0,930.0,999.0,927.0,309.0,309.0,309.0,310.0,310.0,310.0,309.0,309.0,309.0,597.0,597.0,597.0,309.0,309.0,309.0,310.0,310.0,310.0
1.0,1863.0,945.0,930.0,927.0,945.0,315.0,315.0,315.0,310.0,310.0,310.0,315.0,315.0,315.0,621.0,621.0,621.0,315.0,315.0,315.0,310.0,310.0,310.0
1.0,1845.0,933.0,930.0,945.0,933.0,311.0,311.0,311.0,310.0,310.0,310.0,311.0,311.0,311.0,615.0,615.0,615.0,311.0,311.0,311.0,310.0,310.0,310.0
1.0,1857.0,960.0,930.0,933.0,960.0,320.0,320.0,320.0,310.0,310.0,310.0,320.0,320.0,320.0,619.0,619.0,619.0,320.0,320.0,320.0,310.0,310.0,310.0
1.0,1830.0,975.0,933.0,960.0,984.0,328.0,328.0,328.0,311.0,311.0,311.0,325.0,325.0,325.0,610.0,610.0,610.0,328.0,328.0,328.0,311.0,311.0,311.0
1.0,1815.0,969.0,933.0,984.0,969.0,323.0,323.0,323.0,311.0,311.0,311.0,323.0,323.0,323.0,605.0,605.0,605.0,323.0,323.0,323.0,311.0,311.0,311.0
1.0,1830.0,909.0,933.0,969.0,909.0,303.0,303.0,303.0,311.0,311.0,311.0,303.0,303.0,303.0,610.0,610.0,610.0,303.0,303.0,303.0,311.0,311.0,311.0
1.0,1890.0,960.0,933.0,909.0,960.0,320.0,320.0,320.0,311.0,311.0,311.0,320.0,320.0,320.0,630.0,630.0,630.0,320.0,320.0,320.0,311.0,311.0,311.0
1.0,1839.0,897.0,933.0,960.0,897.0,299.0,299.0,299.0,311.0,311.0,311.0,299.0,299.0,299.0,613.0,613.0,613.0,299.0,299.0,299.0,311.0,311.0,311.0
1.0,1902.0,930.0,930.0,897.0,921.0,307.0,307.0,307.0,310.0,310.0,310.0,310.0,310.0,310.0,634.0,634.0,634.0,307.0,307.0,307.0,310.0,310.0,310.0
1.0,1869.0,963.0,933.0,921.0,972.0,324.0,324.0,324.0,311.0,311.0,311.0,321.0,321.0,321.0,623.0,623.0,623.0,324.0,324.0,324.0,311.0,311.0,311.0
1.0,1827.0,984.0,936.0,972.0,993.0,331.0,331.0,331.0,312.0,312.0,312.0,328.0,328.0,328.0,609.0,609.0,609.0,331.0,331.0,331.0,312.0,312.0,312.0
1.0,1815.0,993.0,942.0,993.0,1011.0,337.0,337.0,337.0,314.0,314.0,314.0,331.0,331.0,331.0,605.0,605.0,605.0,337.0,337.0,337.0,314.0,314.0,314.0
1.0,1815.0,936.0,942.0,1011.0,936.0,312.0,312.0,312.0,314.0,314.0,314.0,312.0,312.0,312.0,605.0,605.0,605.0,312.0,312.0,312.0,314.0,314.0,314.0
1.0,1890.0,942.0,942.0,936.0,942.0,314.0,314.0,314.0,314.0,314.0,314.0,314.0,314.0,314.0,630.0,630.0,630.0,314.0,314.0,314.0,314.0,314.0,314.0
1.0,1884.0,909.0,939.0,942.0,900.0,300.0,300.0,300.0,313.0,313.0,313.0,303.0,303.0,303.0,628.0,628.0,628.0,300.0,300.0,300.0,313.0,313.0,313.0
1.0,1917.0,948.0,939.0,900.0,948.0,316.0,316.0,316.0,313.0,313.0,313.0,316.0,316.0,316.0,639.0,639.0,639.0,316.0,316.0,316.0,313.0,313.0,313.0
1.0,1869.0,912.0,939.0,948.0,912.0,304.0,304.0,304.0,313.0,313.0,313.0,304.0,304.0,304.0,623.0,623.0,623.0,304.0,304.0,304.0,313.0,313.0,313.0
1.0,1905.0,1026.0,942.0,912.0,1035.0,345.0,345.0,345.0,314.0,314.0,314.0,342.0,342.0,342.0,635.0,635.0,635.0,345.0,345.0,345.0,314.0,314.0,314.0
1.0,1791.0,1044.0,945.0,1035.0,1053.0,351.0,351.0,351.0,315.0,315.0,315.0,348.0,348.0,348.0,597.0,597.0,597.0,351.0,351.0,351.0,315.0,315.0,315.0
1.0,1782.0,990.0,948.0,1053.0,999.0,333.0,333.0,333.0,316.0,316.0,316.0,330.0,330.0,330.0,594.0,594.0,594.0,333.0,333.0,333.0,316.0,316.0,316.0
1.0,1845.0,897.0,945.0,999.0,888.0,296.0,296.0,296.0,315.0,315.0,315.0,299.0,299.0,299.0,615.0,615.0,615.0,296.0,296.0,296.0,315.0,315.0,315.0
1.0,1947.0,930.0,945.0,888.0,930.0,310.0,310.0,310.0,315.0,315.0,315.0,310.0,310.0,310.0,649.0,649.0,649.0,310.0,310.0,310.0,315.0,315.0,315.0
1.0,1905.0,891.0,942.0,930.0,882.0,294.0,294.0,294.0,314.0,314.0,314.0,297.0,297.0,297.0,635.0,635.0,635.0,294.0,294.0,294.0,314.0,314.0,314.0
1.0,1944.0,873.0,942.0,882.0,873.0,291.0,291.0,291.0,314.0,314.0,314.0,291.0,291.0,291.0,648.0,648.0,648.0,291.0,291.0,291.0,314.0,314.0,314.0
1.0,1953.0,1047.0,945.0,873.0,1056.0,352.0,352.0,352.0,315.0,315.0,315.0,349.0,349.0,349.0,651.0,651.0,651.0,352.0,352.0,352.0,315.0,315.0,315.0
1.0,1779.0,996.0,948.0,1056.0,1005.0,335.0,335.0,335.0,316.0,316.0,316.0,332.0,332.0,332.0,593.0,593.0,593.0,335.0,335.0,335.0,316.0,316.0,316.0
1.0,1839.0,966.0,948.0,1005.0,966.0,322.0,322.0,322.0,316.0,316.0,316.0,322.0,322.0,322.0,613.0,613.0,613.0,322.0,322.0,322.0,316.0,316.0,316.0
1.0,1878.0,957.0,948.0,966.0,957.0,319.0,319.0,319.0,316.0,316.0,316.0,319.0,319.0,319.0,626.0,626.0,626.0,319.0,319.0,319.0,316.0,316.0,316.0
1.0,1887.0,885.0,945.0,957.0,876.0,292.0,292.0,292.0,315.0,315.0,315.0,295.0,295.0,295.0,629.0,629.0,629.0,292.0,292.0,292.0,315.0,315.0,315.0
1.0,1959.0,954.0,945.0,876.0,954.0,318.0,318.0,318.0,315.0,315.0,315.0,318.0,318.0,318.0,653.0,653.0,653.0,318.0,318.0,318.0,315.0,315.0,315.0
1.0,1881.0,1017.0,948.0,954.0,1026.0,342.0,342.0,342.0,316.0,316.0,316.0,339.0,339.0,339.0,627.0,627.0,627.0,342.0,342.0,342.0,316.0,316.0,316.0
1.0,1818.0,996.0,951.0,1026.0,1005.0,335.0,335.0,335.0,317.0,317.0,317.0,332.0,332.0,332.0,606.0,606.0,606.0,335.0,335.0,335.0,317.0,317.0,317.0
1.0,1848.0,1026.0,951.0,1005.0,1026.0,342.0,342.0,342.0,317.0,317.0,317.0,342.0,342.0,342.0,616.0,616.0,616.0,342.0,342.0,342.0,317.0,317.0,317.0
1.0,1827.0,1029.0,954.0,1026.0,1038.0,346.0,346.0,346.0,318.0,318.0,318.0,343.0,343.0,343.0,609.0,609.0,609.0,346.0,346.0,346.0,318.0,318.0,318.0
1.0,1824.0,912.0,951.0,1038.0,903.0,301.0,301.0,301.0,317.0,317.0,317.0,304.0,304.0,304.0,608.0,608.0,608.0,301.0,301.0,301.0,317.0,317.0,317.0
1.0,1950.0,927.0,951.0,903.0,927.0,309.0,309.0,309.0,317.0,317.0,317.0,309.0,309.0,309.0,650.0,650.0,650.0,309.0,309.0,309.0,317.0,317.0,317.0
1.0,1926.0,999.0,951.0,927.0,999.0,333.0,333.0,333.0,317.0,317.0,317.0,333.0,333.0,333.0,642.0,642.0,642.0,333.0,333.0,333.0,317.0,317.0,317.0
1.0,1854.0,957.0,951.0,999.0,957.0,319.0,319.0,319.0,317.0,317.0,317.0,319.0,319.0,319.0,618.0,618.0,618.0,319.0,319.0,319.0,317.0,317.0,317.0
1.0,1896.0,963.0,954.0,957.0,972.0,324.0,324.0,324.0,318.0,318.0,318.0,321.0,321.0,321.0,632.0,632.0,632.0,324.0,324.0,324.0,318.0,318.0,318.0
1.0,1890.0,1014.0,954.0,972.0,1014.0,338.0,338.0,338.0,318.0,318.0,318.0,338.0,338.0,338.0,630.0,630.0,630.0,338.0,338.0,338.0,318.0,318.0,318.0
1.0,1848.0,996.0,957.0,1014.0,1005.0,335.0,335.0,335.0,319.0,319.0,319.0,332.0,332.0,332.0,616.0,616.0,616.0,335.0,335.0,335.0,319.0,319.0,319.0
1.0,1866.0,897.0,954.0,1005.0,888.0,296.0,296.0,296.0,318.0,318.0,318.0,299.0,299.0,299.0,622.0,622.0,622.0,296.0,296.0,296.0,318.0,318.0,318.0
1.0,1974.0,915.0,954.0,888.0,915.0,305.0,305.0,305.0,318.0,318.0,318.0,305.0,305.0,305.0,658.0,658.0,658.0,305.0,305.0,305.0,318.0,318.0,318.0
1.0,1947.0,945.0,954.0,915.0,945.0,315.0,315.0,315.0,318.0,318.0,318.0,315.0,315.0,315.0,649.0,649.0,649.0,315.0,315.0,315.0,318.0,318.0,318.0
1.0,1917.0,981.0,954.0,945.0,981.0,327.0,327.0,327.0,318.0,318.0,318.0,327.0,327.0,327.0,639.0,639.0,639.0,327.0,327.0,327.0,318.0,318.0,318.0
1.0,1881.0,948.0,957.0,981.0,957.0,319.0,319.0,319.0,319.0,319.0,319.0,316.0,316.0,316.0,627.0,627.0,627.0,319.0,319.0,319.0,319.0,319.0,319.0
1.0,1914.0,1011.0,960.0,957.0,1020.0,340.0,340.0,340.0,320.0,320.0,320.0,337.0,337.0,337.0,638.0,638.0,638.0,340.0,340.0,340.0,320.0,320.0,320.0
1.0,1860.0,1026.0,960.0,1020.0,1026.0,342.0,342.0,342.0,320.0,320.0,320.0,342.0,342.0,342.0,620.0,620.0,620.0,342.0,342.0,342.0,320.0,320.0,320.0
1.0,1854.0,906.0,960.0,1026.0,906.0,302.0,302.0,302.0,320.0,320.0,320.0,302.0,302.0,302.0,618.0,618.0,618.0,302.0,302.0,302.0,320.0,320.0,320.0
1.0,1974.0,900.0,957.0,906.0,891.0,297.0,297.0,297.0,319.0,319.0,319.0,300.0,300.0,300.0,658.0,658.0,658.0,297.0,297.0,297.0,319.0,319.0,319.0
1.0,1980.0,930.0,957.0,891.0,930.0,310.0,310.0,310.0,319.0,319.0,319.0,310.0,310.0,310.0,660.0,660.0,660.0,310.0,310.0,310.0,319.0,319.0,319.0
1.0,1941.0,909.0,957.0,930.0,909.0,303.0,303.0,303.0,319.0,319.0,319.0,303.0,303.0,303.0,647.0,647.0,647.0,303.0,303.0,303.0,319.0,319.0,319.0
1.0,1962.0,987.0,957.0,909.0,987.0,329.0,329.0,329.0,319.0,319.0,319.0,329.0,329.0,329.0,654.0,654.0,654.0,329.0,329.0,329.0,319.0,319.0,319.0
1.0,1884.0,1038.0,960.0,987.0,1047.0,349.0,349.0,349.0,320.0,320.0,320.0,346.0,346.0,346.0,628.0,628.0,628.0,349.0,349.0,349.0,320.0,320.0,320.0
1.0,1833.0,1005.0,960.0,1047.0,1005.0,335.0,335.0,335.0,320.0,320.0,320.0,335.0,335.0,335.0,611.0,611.0,611.0,335.0,335.0,335.0,320.0,320.0,320.0
1.0,1875.0,876.0,957.0,1005.0,867.0,289.0,289.0,289.0,319.0,319.0,319.0,292.0,292.0,292.0,625.0,625.0,625.0,289.0,289.0,289.0,319.0,319.0,319.0
1.0,2004.0,936.0,957.0,867.0,936.0,312.0,312.0,312.0,319.0,319.0,319.0,312.0,312.0,312.0,668.0,668.0,668.0,312.0,312.0,312.0,319.0,319.0,319.0
1.0,1935.0,942.0,957.0,936.0,942.0,314.0,314.0,314.0,319.0,319.0,319.0,314.0,314.0,314.0,645.0,645.0,645.0,314.0,314.0,314.0,319.0,319.0,319.0
1.0,1929.0,975.0,957.0,942.0,975.0,325.0,325.0,325.0,319.0,319.0,319.0,325.0,325.0,325.0,643.0,643.0,643.0,325.0,325.0,325.0,319.0,319.0,319.0
1.0,1896.0,996.0,960.0,975.0,1005.0,335.0,335.0,335.0,320.0,320.0,320.0,332.0,332.0,332.0,632.0,632.0,632.0,335.0,335.0,335.0,320.0,320.0,320.0
1.0,1875.0,1038.0,963.0,1005.0,1047.0,349.0,349.0,349.0,321.0,321.0,321.0,346.0,346.0,346.0,625.0,625.0,625.0,349.0,349.0,349.0,321.0,321.0,321.0
1.0,1842.0,978.0,963.0,1047.0,978.0,326.0,326.0,326.0,321.0,321.0,321.0,326.0,326.0,326.0,614.0,614.0,614.0,326.0,326.0,326.0,321.0,321.0,321.0
1.0,1911.0,933.0,963.0,978.0,933.0,311.0,311.0,311.0,321.0,321.0,321.0,311.0,311.0,311.0,637.0,637.0,637.0,311.0,311.0,311.0,321.0,321.0,321.0
1.0,1956.0,906.0,960.0,933.0,897.0,299.0,299.0,299.0,320.0,320.0,320.0,302.0,302.0,302.0,652.0,652.0,652.0,299.0,299.0,299.0,320.0,320.0,320.0
1.0,1983.0,921.0,960.0,897.0,921.0,307.0,307.0,307.0,320.0,320.0,320.0,307.0,307.0,307.0,661.0,661.0,661.0,307.0,307.0,307.0,320.0,320.0,320.0
1.0,1959.0,990.0,960.0,921.0,990.0,330.0,330.0,330.0,320.0,320.0,320.0,330.0,330.0,330.0,653.0,653.0,653.0,330.0,330.0,330.0,320.0,320.0,320.0
1.0,1890.0,1026.0,963.0,990.0,1035.0,345.0,345.0,345.0,321.0,321.0,321.0,342.0,342.0,342.0,630.0,630.0,630.0,345.0,345.0,345.0,321.0,321.0,321.0
1.0,1854.0,1047.0,966.0,1035.0,1056.0,352.0,352.0,352.0,322.0,322.0,322.0,349.0,349.0,349.0,618.0,618.0,618.0,352.0,352.0,352.0,322.0,322.0,322.0
1.0,1842.0,1008.0,966.0,1056.0,1008.0,336.0,336.0,336.0,322.0,322.0,322.0,336.0,336.0,336.0,614.0,614.0,614.0,336.0,336.0,336.0,322.0,322.0,322.0
1.0,1890.0,951.0,966.0,1008.0,951.0,317.0,317.0,317.0,322.0,322.0,322.0,317.0,317.0,317.0,630.0,630.0,630.0,317.0,317.0,317.0,322.0,322.0,322.0
1.0,1947.0,948.0,963.0,951.0,939.0,313.0,313.0,313.0,321.0,321.0,321.0,316.0,316.0,316.0,649.0,649.0,649.0,313.0,313.0,313.0,321.0,321.0,321.0
1.0,1950.0,951.0,963.0,939.0,951.0,317.0,317.0,317.0,321.0,321.0,321.0,317.0,317.0,317.0,650.0,650.0,650.0,317.0,317.0,317.0,321.0,321.0,321.0
1.0,1938.0,972.0,963.0,951.0,972.0,324.0,324.0,324.0,321.0,321.0,321.0,324.0,324.0,324.0,646.0,646.0,646.0,324.0,324.0,324.0,321.0,321.0,321.0
1.0,1917.0,1008.0,966.0,972.0,1017.0,339.0,339.0,339.0,322.0,322.0,322.0,336.0,336.0,336.0,639.0,639.0,639.0,339.0,339.0,339.0,322.0,322.0,322.0
1.0,1881.0,1044.0,969.0,1017.0,1053.0,351.0,351.0,351.0,323.0,323.0,323.0,348.0,348.0,348.0,627.0,627.0,627.0,351.0,351.0,351.0,323.0,323.0,323.0
1.0,1854.0,975.0,969.0,1053.0,975.0,325.0,325.0,325.0,323.0,323.0,323.0,325.0,325.0,325.0,618.0,618.0,618.0,325.0,325.0,325.0,323.0,323.0,323.0
1.0,1932.0,933.0,969.0,975.0,933.0,311.0,311.0,311.0,323.0,323.0,323.0,311.0,311.0,311.0,644.0,644.0,644.0,311.0,311.0,311.0,323.0,323.0,323.0
1.0,1974.0,963.0,969.0,933.0,963.0,321.0,321.0,321.0,323.0,323.0,323.0,321.0,321.0,321.0,658.0,658.0,658.0,321.0,321.0,321.0,323.0,323.0,323.0
1.0,1944.0,957.0,966.0,963.0,948.0,316.0,316.0,316.0,322.0,322.0,322.0,319.0,319.0,319.0,648.0,648.0,648.0,316.0,316.0,316.0,322.0,322.0,322.0
1.0,1950.0,972.0,969.0,948.0,981.0,327.0,327.0,327.0,323.0,323.0,323.0,324.0,324.0,324.0,650.0,650.0,650.0,327.0,327.0,327.0,323.0,323.0,323.0
1.0,1926.0,1038.0,972.0,981.0,1047.0,349.0,349.0,349.0,324.0,324.0,324.0,346.0,346.0,346.0,642.0,642.0,642.0,349.0,349.0,349.0,324.0,324.0,324.0
1.0,1869.0,1071.0,972.0,1047.0,1071.0,357.0,357.0,357.0,324.0,324.0,324.0,357.0,357.0,357.0,623.0,623.0,623.0,357.0,357.0,357.0,324.0,324.0,324.0
1.0,1845.0,1071.0,975.0,1071.0,1080.0,360.0,360.0,360.0,325.0,325.0,325.0,357.0,357.0,357.0,615.0,615.0,615.0,360.0,360.0,360.0,325.0,325.0,325.0
1.0,1845.0,981.0,975.0,1080.0,981.0,327.0,327.0,327.0,325.0,325.0,325.0,327.0,327.0,327.0,615.0,615.0,615.0,327.0,327.0,327.0,325.0,325.0,325.0
1.0,1944.0,930.0,972.0,981.0,921.0,307.0,307.0,307.0,324.0,324.0,324.0,310.0,310.0,310.0,648.0,648.0,648.0,307.0,307.0,307.0,324.0,324.0,324.0
1.0,1995.0,981.0,972.0,921.0,981.0,327.0,327.0,327.0,324.0,324.0,324.0,327.0,327.0,327.0,665.0,665.0,665.0,327.0,327.0,327.0,324.0,324.0,324.0
1.0,1935.0,996.0,972.0,981.0,996.0,332.0,332.0,332.0,324.0,324.0,324.0,332.0,332.0,332.0,645.0,645.0,645.0,332.0,332.0,332.0,324.0,324.0,324.0
1.0,1920.0,1044.0,975.0,996.0,1053.0,351.0,351.0,351.0,325.0,325.0,325.0,348.0,348.0,348.0,640.0,640.0,640.0,351.0,351.0,351.0,325.0,325.0,325.0
1.0,1872.0,1071.0,975.0,1053.0,1071.0,357.0,357.0,357.0,325.0,325.0,325.0,357.0,357.0,357.0,624.0,624.0,624.0,357.0,357.0,357.0,325.0,325.0,325.0
1.0,1854.0,1110.0,978.0,1071.0,1119.0,373.0,373.0,373.0,326.0,326.0,326.0,370.0,370.0,370.0,618.0,618.0,618.0,373.0,373.0,373.0,326.0,326.0,326.0
1.0,1815.0,933.0,978.0,1119.0,933.0,311.0,311.0,311.0,326.0,326.0,326.0,311.0,311.0,311.0,605.0,605.0,605.0,311.0,311.0,311.0,326.0,326.0,326.0
1.0,2001.0,951.0,978.0,933.0,951.0,317.0,317.0,317.0,326.0,326.0,326.0,317.0,317.0,317.0,667.0,667.0,667.0,317.0,317.0,317.0,326.0,326.0,326.0
1.0,1983.0,987.0,978.0,951.0,987.0,329.0,329.0,329.0,326.0,326.0,326.0,329.0,329.0,329.0,661.0,661.0,661.0,329.0,329.0,329.0,326.0,326.0,326.0
1.0,1947.0,1023.0,978.0,987.0,1023.0,341.0,341.0,341.0,326.0,326.0,326.0,341.0,341.0,341.0,649.0,649.0,649.0,341.0,341.0,341.0,326.0,326.0,326.0
1.0,1911.0,1020.0,981.0,1023.0,1029.0,343.0,343.0,343.0,327.0,327.0,327.0,340.0,340.0,340.0,637.0,637.0,637.0,343.0,343.0,343.0,327.0,327.0,327.0
1.0,1914.0,1035.0,984.0,1029.0,1044.0,348.0,348.0,348.0,328.0,328.0,328.0,345.0,345.0,345.0,638.0,638.0,638.0,348.0,348.0,348.0,328.0,328.0,328.0
1.0,1908.0,1059.0,984.0,1044.0,1059.0,353.0,353.0,353.0,328.0,328.0,328.0,353.0,353.0,353.0,636.0,636.0,636.0,353.0,353.0,353.0,328.0,328.0,328.0
1.0,1893.0,978.0,984.0,1059.0,978.0,326.0,326.0,326.0,328.0,328.0,328.0,326.0,326.0,326.0,631.0,631.0,631.0,326.0,326.0,326.0,328.0,328.0,328.0
1.0,1974.0,954.0,984.0,978.0,954.0,318.0,318.0,318.0,328.0,328.0,328.0,318.0,318.0,318.0,658.0,658.0,658.0,318.0,318.0,318.0,328.0,328.0,328.0
1.0,1998.0,972.0,984.0,954.0,972.0,324.0,324.0,324.0,328.0,328.0,328.0,324.0,324.0,324.0,666.0,666.0,666.0,324.0,324.0,324.0,328.0,328.0,328.0
1.0,1980.0,1026.0,984.0,972.0,1026.0,342.0,342.0,342.0,328.0,328.0,328.0,342.0,342.0,342.0,660.0,660.0,660.0,342.0,342.0,342.0,328.0,328.0,328.0
1.0,1926.0,1059.0,990.0,1026.0,1077.0,359.0,359.0,359.0,330.0,330.0,330.0,353.0,353.0,353.0,642.0,642.0,642.0,359.0,359.0,359.0,330.0,330.0,330.0
1.0,1893.0,1077.0,990.0,1077.0,1077.0,359.0,359.0,359.0,330.0,330.0,330.0,359.0,359.0,359.0,631.0,631.0,631.0,359.0,359.0,359.0,330.0,330.0,330.0
1.0,1893.0,1035.0,993.0,1077.0,1044.0,348.0,348.0,348.0,331.0,331.0,331.0,345.0,345.0,345.0,631.0,631.0,631.0,348.0,348.0,348.0,331.0,331.0,331.0
1.0,1935.0,954.0,993.0,1044.0,954.0,318.0,318.0,318.0,331.0,331.0,331.0,318.0,318.0,318.0,645.0,645.0,645.0,318.0,318.0,318.0,331.0,331.0,331.0
1.0,2025.0,972.0,993.0,954.0,972.0,324.0,324.0,324.0,331.0,331.0,331.0,324.0,324.0,324.0,675.0,675.0,675.0,324.0,324.0,324.0,331.0,331.0,331.0
1.0,2007.0,984.0,990.0,972.0,975.0,325.0,325.0,325.0,330.0,330.0,330.0,328.0,328.0,328.0,669.0,669.0,669.0,325.0,325.0,325.0,330.0,330.0,330.0
1.0,1995.0,1002.0,993.0,975.0,1011.0,337.0,337.0,337.0,331.0,331.0,331.0,334.0,334.0,334.0,665.0,665.0,665.0,337.0,337.0,337.0,331.0,331.0,331.0
1.0,1968.0,1014.0,996.0,1011.0,1023.0,341.0,341.0,341.0,332.0,332.0,332.0,338.0,338.0,338.0,656.0,656.0,656.0,341.0,341.0,341.0,332.0,332.0,332.0
1.0,1965.0,1062.0,999.0,1023.0,1071.0,357.0,357.0,357.0,333.0,333.0,333.0,354.0,354.0,354.0,655.0,655.0,655.0,357.0,357.0,357.0,333.0,333.0,333.0
1.0,1926.0,1038.0,999.0,1071.0,1038.0,346.0,346.0,346.0,333.0,333.0,333.0,346.0,346.0,346.0,642.0,642.0,642.0,346.0,346.0,346.0,333.0,333.0,333.0
1.0,1959.0,996.0,999.0,1038.0,996.0,332.0,332.0,332.0,333.0,333.0,333.0,332.0,332.0,332.0,653.0,653.0,653.0,332.0,332.0,332.0,333.0,333.0,333.0
1.0,2001.0,975.0,999.0,996.0,975.0,325.0,325.0,325.0,333.0,333.0,333.0,325.0,325.0,325.0,667.0,667.0,667.0,325.0,325.0,325.0,333.0,333.0,333.0
1.0,2022.0,972.0,999.0,975.0,972.0,324.0,324.0,324.0,333.0,333.0,333.0,324.0,324.0,324.0,674.0,674.0,674.0,324.0,324.0,324.0,333.0,333.0,333.0
1.0,2025.0,1008.0,999.0,972.0,1008.0,336.0,336.0,336.0,333.0,333.0,333.0,336.0,336.0,336.0,675.0,675.0,675.0,336.0,336.0,336.0,333.0,333.0,333.0
1.0,1989.0,1059.0,1002.0,1008.0,1068.0,356.0,356.0,356.0,334.0,334.0,334.0,353.0,353.0,353.0,663.0,663.0,663.0,356.0,356.0,356.0,334.0,334.0,334.0
1.0,1938.0,1098.0,1005.0,1068.0,1107.0,369.0,369.0,369.0,335.0,335.0,335.0,366.0,366.0,366.0,646.0,646.0,646.0,369.0,369.0,369.0,335.0,335.0,335.0
1.0,1908.0,1017.0,1005.0,1107.0,1017.0,339.0,339.0,339.0,335.0,335.0,335.0,339.0,339.0,339.0,636.0,636.0,636.0,339.0,339.0,339.0,335.0,335.0,335.0
1.0,1998.0,1002.0,1005.0,1017.0,1002.0,334.0,334.0,334.0,335.0,335.0,335.0,334.0,334.0,334.0,666.0,666.0,666.0,334.0,334.0,334.0,335.0,335.0,335.0
1.0,2013.0,996.0,1005.0,1002.0,996.0,332.0,332.0,332.0,335.0,335.0,335.0,332.0,332.0,332.0,671.0,671.0,671.0,332.0,332.0,332.0,335.0,335.0,335.0
1.0,2019.0,906.0,1002.0,996.0,897.0,299.0,299.0,299.0,334.0,334.0,334.0,302.0,302.0,302.0,673.0,673.0,673.0,299.0,299.0,299.0,334.0,334.0,334.0
1.0,2109.0,1062.0,1005.0,897.0,1071.0,357.0,357.0,357.0,335.0,335.0,335.0,354.0,354.0,354.0,703.0,703.0,703.0,357.0,357.0,357.0,335.0,335.0,335.0
1.0,1944.0,1113.0,1008.0,1071.0,1122.0,374.0,374.0,374.0,336.0,336.0,336.0,371.0,371.0,371.0,648.0,648.0,648.0,374.0,374.0,374.0,336.0,336.0,336.0
1.0,1902.0,1083.0,1011.0,1122.0,1092.0,364.0,364.0,364.0,337.0,337.0,337.0,361.0,361.0,361.0,634.0,634.0,634.0,364.0,364.0,364.0,337.0,337.0,337.0
1.0,1941.0,1089.0,1014.0,1092.0,1098.0,366.0,366.0,366.0,338.0,338.0,338.0,363.0,363.0,363.0,647.0,647.0,647.0,366.0,366.0,366.0,338.0,338.0,338.0
1.0,1944.0,972.0,1011.0,1098.0,963.0,321.0,321.0,321.0,337.0,337.0,337.0,324.0,324.0,324.0,648.0,648.0,648.0,321.0,321.0,321.0,337.0,337.0,337.0
1.0,2070.0,948.0,1011.0,963.0,948.0,316.0,316.0,316.0,337.0,337.0,337.0,316.0,316.0,316.0,690.0,690.0,690.0,316.0,316.0,316.0,337.0,337.0,337.0
1.0,2085.0,939.0,1008.0,948.0,930.0,310.0,310.0,310.0,336.0,336.0,336.0,313.0,313.0,313.0,695.0,695.0,695.0,310.0,310.0,310.0,336.0,336.0,336.0
1.0,2094.0,1047.0,1011.0,930.0,1056.0,352.0,352.0,352.0,337.0,337.0,337.0,349.0,349.0,349.0,698.0,698.0,698.0,352.0,352.0,352.0,337.0,337.0,337.0
1.0,1977.0,1083.0,1014.0,1056.0,1092.0,364.0,364.0,364.0,338.0,338.0,338.0,361.0,361.0,361.0,659.0,659.0,659.0,364.0,364.0,364.0,338.0,338.0,338.0
1.0,1950.0,1089.0,1017.0,1092.0,1098.0,366.0,366.0,366.0,339.0,339.0,339.0,363.0,363.0,363.0,650.0,650.0,650.0,366.0,366.0,366.0,339.0,339.0,339.0
1.0,1953.0,1020.0,1017.0,1098.0,1020.0,340.0,340.0,340.0,339.0,339.0,339.0,340.0,340.0,340.0,651.0,651.0,651.0,340.0,340.0,340.0,339.0,339.0,339.0
1.0,2031.0,969.0,1017.0,1020.0,969.0,323.0,323.0,323.0,339.0,339.0,339.0,323.0,323.0,323.0,677.0,677.0,677.0,323.0,323.0,323.0,339.0,339.0,339.0
1.0,2082.0,948.0,1014.0,969.0,939.0,313.0,313.0,313.0,338.0,338.0,338.0,316.0,316.0,316.0,694.0,694.0,694.0,313.0,313.0,313.0,338.0,338.0,338.0
1.0,2103.0,957.0,1011.0,939.0,948.0,316.0,316.0,316.0,337.0,337.0,337.0,319.0,319.0,319.0,701.0,701.0,701.0,316.0,316.0,316.0,337.0,337.0,337.0
1.0,2085.0,1047.0,1014.0,948.0,1056.0,352.0,352.0,352.0,338.0,338.0,338.0,349.0,349.0,349.0,695.0,695.0,695.0,352.0,352.0,352.0,338.0,338.0,338.0
1.0,1986.0,1038.0,1014.0,1056.0,1038.0,346.0,346.0,346.0,338.0,338.0,338.0,346.0,346.0,346.0,662.0,662.0,662.0,346.0,346.0,346.0,338.0,338.0,338.0
1.0,2004.0,1074.0,1017.0,1038.0,1083.0,361.0,361.0,361.0,339.0,339.0,339.0,358.0,358.0,358.0,668.0,668.0,668.0,361.0,361.0,361.0,339.0,339.0,339.0
1.0,1968.0,1086.0,1017.0,1083.0,1086.0,362.0,362.0,362.0,339.0,339.0,339.0,362.0,362.0,362.0,656.0,656.0,656.0,362.0,362.0,362.0,339.0,339.0,339.0
1.0,1965.0,1035.0,1017.0,1086.0,1035.0,345.0,345.0,345.0,339.0,339.0,339.0,345.0,345.0,345.0,655.0,655.0,655.0,345.0,345.0,345.0,339.0,339.0,339.0
1.0,2016.0,984.0,1017.0,1035.0,984.0,328.0,328.0,328.0,339.0,339.0,339.0,328.0,328.0,328.0,672.0,672.0,672.0,328.0,328.0,328.0,339.0,339.0,339.0
1.0,2067.0,981.0,1014.0,984.0,972.0,324.0,324.0,324.0,338.0,338.0,338.0,327.0,327.0,327.0,689.0,689.0,689.0,324.0,324.0,324.0,338.0,338.0,338.0
1.0,2070.0,1020.0,1017.0,972.0,1029.0,343.0,343.0,343.0,339.0,339.0,339.0,340.0,340.0,340.0,690.0,690.0,690.0,343.0,343.0,343.0,339.0,339.0,339.0
1.0,2022.0,1104.0,1020.0,1029.0,1113.0,371.0,371.0,371.0,340.0,340.0,340.0,368.0,368.0,368.0,674.0,674.0,674.0,371.0,371.0,371.0,340.0,340.0,340.0
1.0,1947.0,1110.0,1020.0,1113.0,1110.0,370.0,370.0,370.0,340.0,340.0,340.0,370.0,370.0,370.0,649.0,649.0,649.0,370.0,370.0,370.0,340.0,340.0,340.0
1.0,1950.0,999.0,1020.0,1110.0,999.0,333.0,333.0,333.0,340.0,340.0,340.0,333.0,333.0,333.0,650.0,650.0,650.0,333.0,333.0,333.0,340.0,340.0,340.0
1.0,2061.0,990.0,1020.0,999.0,990.0,330.0,330.0,330.0,340.0,340.0,340.0,330.0,330.0,330.0,687.0,687.0,687.0,330.0,330.0,330.0,340.0,340.0,340.0
1.0,2070.0,969.0,1020.0,990.0,969.0,323.0,323.0,323.0,340.0,340.0,340.0,323.0,323.0,323.0,690.0,690.0,690.0,323.0,323.0,323.0,340.0,340.0,340.0
1.0,2091.0,999.0,1017.0,969.0,990.0,330.0,330.0,330.0,339.0,339.0,339.0,333.0,333.0,333.0,697.0,697.0,697.0,330.0,330.0,330.0,339.0,339.0,339.0
1.0,2061.0,1050.0,1020.0,990.0,1059.0,353.0,353.0,353.0,340.0,340.0,340.0,350.0,350.0,350.0,687.0,687.0,687.0,353.0,353.0,353.0,340.0,340.0,340.0
1.0,2001.0,1074.0,1020.0,1059.0,1074.0,358.0,358.0,358.0,340.0,340.0,340.0,358.0,358.0,358.0,667.0,667.0,667.0,358.0,358.0,358.0,340.0,340.0,340.0
1.0,1986.0,1080.0,1023.0,1074.0,1089.0,363.0,363.0,363.0,341.0,341.0,341.0,360.0,360.0,360.0,662.0,662.0,662.0,363.0,363.0,363.0,341.0,341.0,341.0
1.0,1980.0,1050.0,1023.0,1089.0,1050.0,350.0,350.0,350.0,341.0,341.0,341.0,350.0,350.0,350.0,660.0,660.0,660.0,350.0,350.0,350.0,341.0,341.0,341.0
1.0,2019.0,1023.0,1023.0,1050.0,1023.0,341.0,341.0,341.0,341.0,341.0,341.0,341.0,341.0,341.0,673.0,673.0,673.0,341.0,341.0,341.0,341.0,341.0,341.0
1.0,2046.0,990.0,1020.0,1023.0,981.0,327.0,327.0,327.0,340.0,340.0,340.0,330.0,330.0,330.0,682.0,682.0,682.0,327.0,327.0,327.0,340.0,340.0,340.0
1.0,2079.0,1008.0,1020.0,981.0,1008.0,336.0,336.0,336.0,340.0,340.0,340.0,336.0,336.0,336.0,693.0,693.0,693.0,336.0,336.0,336.0,340.0,340.0,340.0
1.0,2052.0,1026.0,1023.0,1008.0,1035.0,345.0,345.0,345.0,341.0,341.0,341.0,342.0,342.0,342.0,684.0,684.0,684.0,345.0,345.0,345.0,341.0,341.0,341.0
1.0,2034.0,1077.0,1023.0,1035.0,1077.0,359.0,359.0,359.0,341.0,341.0,341.0,359.0,359.0,359.0,678.0,678.0,678.0,359.0,359.0,359.0,341.0,341.0,341.0
1.0,1992.0,1053.0,1026.0,1077.0,1062.0,354.0,354.0,354.0,342.0,342.0,342.0,351.0,351.0,351.0,664.0,664.0,664.0,354.0,354.0,354.0,342.0,342.0,342.0
1.0,2016.0,1098.0,1026.0,1062.0,1098.0,366.0,366.0,366.0,342.0,342.0,342.0,366.0,366.0,366.0,672.0,672.0,672.0,366.0,366.0,366.0,342.0,342.0,342.0
1.0,1980.0,960.0,1026.0,1098.0,960.0,320.0,320.0,320.0,342.0,342.0,342.0,320.0,320.0,320.0,660.0,660.0,660.0,320.0,320.0,320.0,342.0,342.0,342.0
1.0,2118.0,963.0,1026.0,960.0,963.0,321.0,321.0,321.0,342.0,342.0,342.0,321.0,321.0,321.0,706.0,706.0,706.0,321.0,321.0,321.0,342.0,342.0,342.0
1.0,2115.0,981.0,1023.0,963.0,972.0,324.0,324.0,324.0,341.0,341.0,341.0,327.0,327.0,327.0,705.0,705.0,705.0,324.0,324.0,324.0,341.0,341.0,341.0
1.0,2097.0,999.0,1023.0,972.0,999.0,333.0,333.0,333.0,341.0,341.0,341.0,333.0,333.0,333.0,699.0,699.0,699.0,333.0,333.0,333.0,341.0,341.0,341.0
1.0,2070.0,1089.0,1026.0,999.0,1098.0,366.0,366.0,366.0,342.0,342.0,342.0,363.0,363.0,363.0,690.0,690.0,690.0,366.0,366.0,366.0,342.0,342.0,342.0
1.0,1980.0,1143.0,1029.0,1098.0,1152.0,384.0,384.0,384.0,343.0,343.0,343.0,381.0,381.0,381.0,660.0,660.0,660.0,384.0,384.0,384.0,343.0,343.0,343.0
1.0,1935.0,1092.0,1032.0,1152.0,1101.0,367.0,367.0,367.0,344.0,344.0,344.0,364.0,364.0,364.0,645.0,645.0,645.0,367.0,367.0,367.0,344.0,344.0,344.0
1.0,1995.0,1002.0,1029.0,1101.0,993.0,331.0,331.0,331.0,343.0,343.0,343.0,334.0,334.0,334.0,665.0,665.0,665.0,331.0,331.0,331.0,343.0,343.0,343.0
1.0,2094.0,1008.0,1029.0,993.0,1008.0,336.0,336.0,336.0,343.0,343.0,343.0,336.0,336.0,336.0,698.0,698.0,698.0,336.0,336.0,336.0,343.0,343.0,343.0
1.0,2079.0,1050.0,1029.0,1008.0,1050.0,350.0,350.0,350.0,343.0,343.0,343.0,350.0,350.0,350.0,693.0,693.0,693.0,350.0,350.0,350.0,343.0,343.0,343.0
1.0,2037.0,1044.0,1029.0,1050.0,1044.0,348.0,348.0,348.0,343.0,343.0,343.0,348.0,348.0,348.0,679.0,679.0,679.0,348.0,348.0,348.0,343.0,343.0,343.0
1.0,2043.0,1104.0,1032.0,1044.0,1113.0,371.0,371.0,371.0,344.0,344.0,344.0,368.0,368.0,368.0,681.0,681.0,681.0,371.0,371.0,371.0,344.0,344.0,344.0
1.0,1983.0,1068.0,1035.0,1113.0,1077.0,359.0,359.0,359.0,345.0,345.0,345.0,356.0,356.0,356.0,661.0,661.0,661.0,359.0,359.0,359.0,345.0,345.0,345.0
1.0,2028.0,1077.0,1035.0,1077.0,1077.0,359.0,359.0,359.0,345.0,345.0,345.0,359.0,359.0,359.0,676.0,676.0,676.0,359.0,359.0,359.0,345.0,345.0,345.0
1.0,2028.0,1026.0,1032.0,1077.0,1017.0,339.0,339.0,339.0,344.0,344.0,344.0,342.0,342.0,342.0,676.0,676.0,676.0,339.0,339.0,339.0,344.0,344.0,344.0
1.0,2079.0,993.0,1032.0,1017.0,993.0,331.0,331.0,331.0,344.0,344.0,344.0,331.0,331.0,331.0,693.0,693.0,693.0,331.0,331.0,331.0,344.0,344.0,344.0
1.0,2103.0,990.0,1029.0,993.0,981.0,327.0,327.0,327.0,343.0,343.0,343.0,330.0,330.0,330.0,701.0,701.0,701.0,327.0,327.0,327.0,343.0,343.0,343.0
1.0,2106.0,1050.0,1032.0,981.0,1059.0,353.0,353.0,353.0,344.0,344.0,344.0,350.0,350.0,350.0,702.0,702.0,702.0,353.0,353.0,353.0,344.0,344.0,344.0
1.0,2037.0,1110.0,1035.0,1059.0,1119.0,373.0,373.0,373.0,345.0,345.0,345.0,370.0,370.0,370.0,679.0,679.0,679.0,373.0,373.0,373.0,345.0,345.0,345.0
1.0,1986.0,1113.0,1038.0,1119.0,1122.0,374.0,374.0,374.0,346.0,346.0,346.0,371.0,371.0,371.0,662.0,662.0,662.0,374.0,374.0,374.0,346.0,346.0,346.0
1.0,1992.0,1083.0,1038.0,1122.0,1083.0,361.0,361.0,361.0,346.0,346.0,346.0,361.0,361.0,361.0,664.0,664.0,664.0,361.0,361.0,361.0,346.0,346.0,346.0
1.0,2031.0,1035.0,1038.0,1083.0,1035.0,345.0,345.0,345.0,346.0,346.0,346.0,345.0,345.0,345.0,677.0,677.0,677.0,345.0,345.0,345.0,346.0,346.0,346.0
1.0,2079.0,996.0,1035.0,1035.0,987.0,329.0,329.0,329.0,345.0,345.0,345.0,332.0,332.0,332.0,693.0,693.0,693.0,329.0,329.0,329.0,345.0,345.0,345.0
1.0,2118.0,999.0,1035.0,987.0,999.0,333.0,333.0,333.0,345.0,345.0,345.0,333.0,333.0,333.0,706.0,706.0,706.0,333.0,333.0,333.0,345.0,345.0,345.0
1.0,2106.0,1044.0,1035.0,999.0,1044.0,348.0,348.0,348.0,345.0,345.0,345.0,348.0,348.0,348.0,702.0,702.0,702.0,348.0,348.0,348.0,345.0,345.0,345.0
1.0,2061.0,1137.0,1041.0,1044.0,1155.0,385.0,385.0,385.0,347.0,347.0,347.0,379.0,379.0,379.0,687.0,687.0,687.0,385.0,385.0,385.0,347.0,347.0,347.0
1.0,1968.0,1110.0,1044.0,1155.0,1119.0,373.0,373.0,373.0,348.0,348.0,348.0,370.0,370.0,370.0,656.0,656.0,656.0,373.0,373.0,373.0,348.0,348.0,348.0
1.0,2013.0,1080.0,1044.0,1119.0,1080.0,360.0,360.0,360.0,348.0,348.0,348.0,360.0,360.0,360.0,671.0,671.0,671.0,360.0,360.0,360.0,348.0,348.0,348.0
1.0,2052.0,1062.0,1044.0,1080.0,1062.0,354.0,354.0,354.0,348.0,348.0,348.0,354.0,354.0,354.0,684.0,684.0,684.0,354.0,354.0,354.0,348.0,348.0,348.0
1.0,2070.0,1020.0,1044.0,1062.0,1020.0,340.0,340.0,340.0,348.0,348.0,348.0,340.0,340.0,340.0,690.0,690.0,690.0,340.0,340.0,340.0,348.0,348.0,348.0
1.0,2112.0,1011.0,1041.0,1020.0,1002.0,334.0,334.0,334.0,347.0,347.0,347.0,337.0,337.0,337.0,704.0,704.0,704.0,334.0,334.0,334.0,347.0,347.0,347.0
1.0,2121.0,1062.0,1041.0,1002.0,1062.0,354.0,354.0,354.0,347.0,347.0,347.0,354.0,354.0,354.0,707.0,707.0,707.0,354.0,354.0,354.0,347.0,347.0,347.0
1.0,2061.0,1116.0,1044.0,1062.0,1125.0,375.0,375.0,375.0,348.0,348.0,348.0,372.0,372.0,372.0,687.0,687.0,687.0,375.0,375.0,375.0,348.0,348.0,348.0
1.0,2007.0,1170.0,1047.0,1125.0,1179.0,393.0,393.0,393.0,349.0,349.0,349.0,390.0,390.0,390.0,669.0,669.0,669.0,393.0,393.0,393.0,349.0,349.0,349.0
1.0,1962.0,1062.0,1050.0,1179.0,1071.0,357.0,357.0,357.0,350.0,350.0,350.0,354.0,354.0,354.0,654.0,654.0,654.0,357.0,357.0,357.0,350.0,350.0,350.0
1.0,2079.0,1050.0,1047.0,1071.0,1041.0,347.0,347.0,347.0,349.0,349.0,349.0,350.0,350.0,350.0,693.0,693.0,693.0,347.0,347.0,347.0,349.0,349.0,349.0
1.0,2100.0,978.0,1044.0,1041.0,969.0,323.0,323.0,323.0,348.0,348.0,348.0,326.0,326.0,326.0,700.0,700.0,700.0,323.0,323.0,323.0,348.0,348.0,348.0
1.0,2163.0,996.0,1044.0,969.0,996.0,332.0,332.0,332.0,348.0,348.0,348.0,332.0,332.0,332.0,721.0,721.0,721.0,332.0,332.0,332.0,348.0,348.0,348.0
1.0,2136.0,1074.0,1047.0,996.0,1083.0,361.0,361.0,361.0,349.0,349.0,349.0,358.0,358.0,358.0,712.0,712.0,712.0,361.0,361.0,361.0,349.0,349.0,349.0
1.0,2058.0,1116.0,1050.0,1083.0,1125.0,375.0,375.0,375.0,350.0,350.0,350.0,372.0,372.0,372.0,686.0,686.0,686.0,375.0,375.0,375.0,350.0,350.0,350.0
1.0,2025.0,1107.0,1053.0,1125.0,1116.0,372.0,372.0,372.0,351.0,351.0,351.0,369.0,369.0,369.0,675.0,675.0,675.0,372.0,372.0,372.0,351.0,351.0,351.0
1.0,2043.0,1083.0,1053.0,1116.0,1083.0,361.0,361.0,361.0,351.0,351.0,351.0,361.0,361.0,361.0,681.0,681.0,681.0,361.0,361.0,361.0,351.0,351.0,351.0
1.0,2076.0,996.0,1050.0,1083.0,987.0,329.0,329.0,329.0,350.0,350.0,350.0,332.0,332.0,332.0,692.0,692.0,692.0,329.0,329.0,329.0,350.0,350.0,350.0
1.0,2163.0,1011.0,1050.0,987.0,1011.0,337.0,337.0,337.0,350.0,350.0,350.0,337.0,337.0,337.0,721.0,721.0,721.0,337.0,337.0,337.0,350.0,350.0,350.0
1.0,2139.0,1014.0,1050.0,1011.0,1014.0,338.0,338.0,338.0,350.0,350.0,350.0,338.0,338.0,338.0,713.0,713.0,713.0,338.0,338.0,338.0,350.0,350.0,350.0
1.0,2136.0,1071.0,1050.0,1014.0,1071.0,357.0,357.0,357.0,350.0,350.0,350.0,357.0,357.0,357.0,712.0,712.0,712.0,357.0,357.0,357.0,350.0,350.0,350.0
1.0,2079.0,1125.0,1053.0,1071.0,1134.0,378.0,378.0,378.0,351.0,351.0,351.0,375.0,375.0,375.0,693.0,693.0,693.0,378.0,378.0,378.0,351.0,351.0,351.0
1.0,2025.0,1089.0,1053.0,1134.0,1089.0,363.0,363.0,363.0,351.0,351.0,351.0,363.0,363.0,363.0,675.0,675.0,675.0,363.0,363.0,363.0,351.0,351.0,351.0
1.0,2070.0,1107.0,1056.0,1089.0,1116.0,372.0,372.0,372.0,352.0,352.0,352.0,369.0,369.0,369.0,690.0,690.0,690.0,372.0,372.0,372.0,352.0,352.0,352.0
1.0,2052.0,1092.0,1056.0,1116.0,1092.0,364.0,364.0,364.0,352.0,352.0,352.0,364.0,364.0,364.0,684.0,684.0,684.0,364.0,364.0,364.0,352.0,352.0,352.0
1.0,2076.0,1005.0,1056.0,1092.0,1005.0,335.0,335.0,335.0,352.0,352.0,352.0,335.0,335.0,335.0,692.0,692.0,692.0,335.0,335.0,335.0,352.0,352.0,352.0
1.0,2163.0,1011.0,1053.0,1005.0,1002.0,334.0,334.0,334.0,351.0,351.0,351.0,337.0,337.0,337.0,721.0,721.0,721.0,334.0,334.0,334.0,351.0,351.0,351.0
1.0,2157.0,1035.0,1056.0,1002.0,1044.0,348.0,348.0,348.0,352.0,352.0,352.0,345.0,345.0,345.0,719.0,719.0,719.0,348.0,348.0,348.0,352.0,352.0,352.0
1.0,2124.0,1131.0,1059.0,1044.0,1140.0,380.0,380.0,380.0,353.0,353.0,353.0,377.0,377.0,377.0,708.0,708.0,708.0,380.0,380.0,380.0,353.0,353.0,353.0
1.0,2037.0,1131.0,1062.0,1140.0,1140.0,380.0,380.0,380.0,354.0,354.0,354.0,377.0,377.0,377.0,679.0,679.0,679.0,380.0,380.0,380.0,354.0,354.0,354.0
1.0,2046.0,1101.0,1062.0,1140.0,1101.0,367.0,367.0,367.0,354.0,354.0,354.0,367.0,367.0,367.0,682.0,682.0,682.0,367.0,367.0,367.0,354.0,354.0,354.0
1.0,2085.0,1038.0,1062.0,1101.0,1038.0,346.0,346.0,346.0,354.0,354.0,354.0,346.0,346.0,346.0,695.0,695.0,695.0,346.0,346.0,346.0,354.0,354.0,354.0
1.0,2148.0,1032.0,1059.0,1038.0,1023.0,341.0,341.0,341.0,353.0,353.0,353.0,344.0,344.0,344.0,716.0,716.0,716.0,341.0,341.0,341.0,353.0,353.0,353.0
1.0,2154.0,1020.0,1059.0,1023.0,1020.0,340.0,340.0,340.0,353.0,353.0,353.0,340.0,340.0,340.0,718.0,718.0,718.0,340.0,340.0,340.0,353.0,353.0,353.0
1.0,2157.0,1050.0,1059.0,1020.0,1050.0,350.0,350.0,350.0,353.0,353.0,353.0,350.0,350.0,350.0,719.0,719.0,719.0,350.0,350.0,350.0,353.0,353.0,353.0
1.0,2127.0,1113.0,1062.0,1050.0,1122.0,374.0,374.0,374.0,354.0,354.0,354.0,371.0,371.0,371.0,709.0,709.0,709.0,374.0,374.0,374.0,354.0,354.0,354.0
1.0,2064.0,1110.0,1062.0,1122.0,1110.0,370.0,370.0,370.0,354.0,354.0,354.0,370.0,370.0,370.0,688.0,688.0,688.0,370.0,370.0,370.0,354.0,354.0,354.0
1.0,2076.0,1101.0,1065.0,1110.0,1110.0,370.0,370.0,370.0,355.0,355.0,355.0,367.0,367.0,367.0,692.0,692.0,692.0,370.0,370.0,370.0,355.0,355.0,355.0
1.0,2085.0,1044.0,1062.0,1110.0,1035.0,345.0,345.0,345.0,354.0,354.0,354.0,348.0,348.0,348.0,695.0,695.0,695.0,345.0,345.0,345.0,354.0,354.0,354.0
1.0,2151.0,1020.0,1062.0,1035.0,1020.0,340.0,340.0,340.0,354.0,354.0,354.0,340.0,340.0,340.0,717.0,717.0,717.0,340.0,340.0,340.0,354.0,354.0,354.0
1.0,2166.0,1047.0,1062.0,1020.0,1047.0,349.0,349.0,349.0,354.0,354.0,354.0,349.0,349.0,349.0,722.0,722.0,722.0,349.0,349.0,349.0,354.0,354.0,354.0
1.0,2139.0,1065.0,1062.0,1047.0,1065.0,355.0,355.0,355.0,354.0,354.0,354.0,355.0,355.0,355.0,713.0,713.0,713.0,355.0,355.0,355.0,354.0,354.0,354.0
1.0,2121.0,1140.0,1065.0,1065.0,1149.0,383.0,383.0,383.0,355.0,355.0,355.0,380.0,380.0,380.0,707.0,707.0,707.0,383.0,383.0,383.0,355.0,355.0,355.0
1.0,2046.0,1113.0,1068.0,1149.0,1122.0,374.0,374.0,374.0,356.0,356.0,356.0,371.0,371.0,371.0,682.0,682.0,682.0,374.0,374.0,374.0,356.0,356.0,356.0
1.0,2082.0,1104.0,1068.0,1122.0,1104.0,368.0,368.0,368.0,356.0,356.0,356.0,368.0,368.0,368.0,694.0,694.0,694.0,368.0,368.0,368.0,356.0,356.0,356.0
1.0,2100.0,1113.0,1068.0,1104.0,1113.0,371.0,371.0,371.0,356.0,356.0,356.0,371.0,371.0,371.0,700.0,700.0,700.0,371.0,371.0,371.0,356.0,356.0,356.0
1.0,2091.0,1041.0,1068.0,1113.0,1041.0,347.0,347.0,347.0,356.0,356.0,356.0,347.0,347.0,347.0,697.0,697.0,697.0,347.0,347.0,347.0,356.0,356.0,356.0
1.0,2163.0,1083.0,1068.0,1041.0,1083.0,361.0,361.0,361.0,356.0,356.0,356.0,361.0,361.0,361.0,721.0,721.0,721.0,361.0,361.0,361.0,356.0,356.0,356.0
1.0,2121.0,1107.0,1068.0,1083.0,1107.0,369.0,369.0,369.0,356.0,356.0,356.0,369.0,369.0,369.0,707.0,707.0,707.0,369.0,369.0,369.0,356.0,356.0,356.0
1.0,2097.0,1197.0,1071.0,1107.0,1206.0,402.0,402.0,402.0,357.0,357.0,357.0,399.0,399.0,399.0,699.0,699.0,699.0,402.0,402.0,402.0,357.0,357.0,357.0
1.0,2007.0,1146.0,1074.0,1206.0,1155.0,385.0,385.0,385.0,358.0,358.0,358.0,382.0,382.0,382.0,669.0,669.0,669.0,385.0,385.0,385.0,358.0,358.0,358.0
1.0,2067.0,1110.0,1077.0,1155.0,1119.0,373.0,373.0,373.0,359.0,359.0,359.0,370.0,370.0,370.0,689.0,689.0,689.0,373.0,373.0,373.0,359.0,359.0,359.0
1.0,2112.0,1128.0,1077.0,1119.0,1128.0,376.0,376.0,376.0,359.0,359.0,359.0,376.0,376.0,376.0,704.0,704.0,704.0,376.0,376.0,376.0,359.0,359.0,359.0
1.0,2103.0,990.0,1074.0,1128.0,981.0,327.0,327.0,327.0,358.0,358.0,358.0,330.0,330.0,330.0,701.0,701.0,701.0,327.0,327.0,327.0,358.0,358.0,358.0
1.0,2241.0,1056.0,1074.0,981.0,1056.0,352.0,352.0,352.0,358.0,358.0,358.0,352.0,352.0,352.0,747.0,747.0,747.0,352.0,352.0,352.0,358.0,358.0,358.0
1.0,2166.0,1122.0,1074.0,1056.0,1122.0,374.0,374.0,374.0,358.0,358.0,358.0,374.0,374.0,374.0,722.0,722.0,722.0,374.0,374.0,374.0,358.0,358.0,358.0
1.0,2100.0,1092.0,1074.0,1122.0,1092.0,364.0,364.0,364.0,358.0,358.0,358.0,364.0,364.0,364.0,700.0,700.0,700.0,364.0,364.0,364.0,358.0,358.0,358.0
1.0,2130.0,1176.0,1080.0,1092.0,1194.0,398.0,398.0,398.0,360.0,360.0,360.0,392.0,392.0,392.0,710.0,710.0,710.0,398.0,398.0,398.0,360.0,360.0,360.0
1.0,2046.0,1155.0,1080.0,1194.0,1155.0,385.0,385.0,385.0,360.0,360.0,360.0,385.0,385.0,385.0,682.0,682.0,682.0,385.0,385.0,385.0,360.0,360.0,360.0
1.0,2085.0,1080.0,1080.0,1155.0,1080.0,360.0,360.0,360.0,360.0,360.0,360.0,360.0,360.0,360.0,695.0,695.0,695.0,360.0,360.0,360.0,360.0,360.0,360.0
1.0,2160.0,987.0,1077.0,1080.0,978.0,326.0,326.0,326.0,359.0,359.0,359.0,329.0,329.0,329.0,720.0,720.0,720.0,326.0,326.0,326.0,359.0,359.0,359.0
1.0,2253.0,1095.0,1077.0,978.0,1095.0,365.0,365.0,365.0,359.0,359.0,359.0,365.0,365.0,365.0,751.0,751.0,751.0,365.0,365.0,365.0,359.0,359.0,359.0
1.0,2136.0,1077.0,1077.0,1095.0,1077.0,359.0,359.0,359.0,359.0,359.0,359.0,359.0,359.0,359.0,712.0,712.0,712.0,359.0,359.0,359.0,359.0,359.0,359.0
1.0,2154.0,1134.0,1080.0,1077.0,1143.0,381.0,381.0,381.0,360.0,360.0,360.0,378.0,378.0,378.0,718.0,718.0,718.0,381.0,381.0,381.0,360.0,360.0,360.0
1.0,2097.0,1149.0,1083.0,1143.0,1158.0,386.0,386.0,386.0,361.0,361.0,361.0,383.0,383.0,383.0,699.0,699.0,699.0,386.0,386.0,386.0,361.0,361.0,361.0
1.0,2091.0,1077.0,1083.0,1158.0,1077.0,359.0,359.0,359.0,361.0,361.0,361.0,359.0,359.0,359.0,697.0,697.0,697.0,359.0,359.0,359.0,361.0,361.0,361.0
1.0,2172.0,1059.0,1083.0,1077.0,1059.0,353.0,353.0,353.0,361.0,361.0,361.0,353.0,353.0,353.0,724.0,724.0,724.0,353.0,353.0,353.0,361.0,361.0,361.0
1.0,2190.0,1002.0,1080.0,1059.0,993.0,331.0,331.0,331.0,360.0,360.0,360.0,334.0,334.0,334.0,730.0,730.0,730.0,331.0,331.0,331.0,360.0,360.0,360.0
1.0,2247.0,1020.0,1080.0,993.0,1020.0,340.0,340.0,340.0,360.0,360.0,360.0,340.0,340.0,340.0,749.0,749.0,749.0,340.0,340.0,340.0,360.0,360.0,360.0
1.0,2220.0,1149.0,1083.0,1020.0,1158.0,386.0,386.0,386.0,361.0,361.0,361.0,383.0,383.0,383.0,740.0,740.0,740.0,386.0,386.0,386.0,361.0,361.0,361.0
1.0,2091.0,1110.0,1083.0,1158.0,1110.0,370.0,370.0,370.0,361.0,361.0,361.0,370.0,370.0,370.0,697.0,697.0,697.0,370.0,370.0,370.0,361.0,361.0,361.0
1.0,2139.0,1173.0,1086.0,1110.0,1182.0,394.0,394.0,394.0,362.0,362.0,362.0,391.0,391.0,391.0,713.0,713.0,713.0,394.0,394.0,394.0,362.0,362.0,362.0
1.0,2076.0,1107.0,1089.0,1182.0,1116.0,372.0,372.0,372.0,363.0,363.0,363.0,369.0,369.0,369.0,692.0,692.0,692.0,372.0,372.0,372.0,363.0,363.0,363.0
1.0,2151.0,1113.0,1086.0,1116.0,1104.0,368.0,368.0,368.0,362.0,362.0,362.0,371.0,371.0,371.0,717.0,717.0,717.0,368.0,368.0,368.0,362.0,362.0,362.0
1.0,2154.0,1056.0,1086.0,1104.0,1056.0,352.0,352.0,352.0,362.0,362.0,362.0,352.0,352.0,352.0,718.0,718.0,718.0,352.0,352.0,352.0,362.0,362.0,362.0
1.0,2202.0,1068.0,1086.0,1056.0,1068.0,356.0,356.0,356.0,362.0,362.0,362.0,356.0,356.0,356.0,734.0,734.0,734.0,356.0,356.0,356.0,362.0,362.0,362.0
1.0,2190.0,1050.0,1086.0,1068.0,1050.0,350.0,350.0,350.0,362.0,362.0,362.0,350.0,350.0,350.0,730.0,730.0,730.0,350.0,350.0,350.0,362.0,362.0,362.0
1.0,2208.0,1155.0,1089.0,1050.0,1164.0,388.0,388.0,388.0,363.0,363.0,363.0,385.0,385.0,385.0,736.0,736.0,736.0,388.0,388.0,388.0,363.0,363.0,363.0
1.0,2103.0,1182.0,1092.0,1164.0,1191.0,397.0,397.0,397.0,364.0,364.0,364.0,394.0,394.0,394.0,701.0,701.0,701.0,397.0,397.0,397.0,364.0,364.0,364.0
1.0,2085.0,1137.0,1092.0,1191.0,1137.0,379.0,379.0,379.0,364.0,364.0,364.0,379.0,379.0,379.0,695.0,695.0,695.0,379.0,379.0,379.0,364.0,364.0,364.0
1.0,2139.0,1107.0,1092.0,1137.0,1107.0,369.0,369.0,369.0,364.0,364.0,364.0,369.0,369.0,369.0,713.0,713.0,713.0,369.0,369.0,369.0,364.0,364.0,364.0
1.0,2169.0,1014.0,1092.0,1107.0,1014.0,338.0,338.0,338.0,364.0,364.0,364.0,338.0,338.0,338.0,723.0,723.0,723.0,338.0,338.0,338.0,364.0,364.0,364.0
1.0,2262.0,1095.0,1092.0,1014.0,1095.0,365.0,365.0,365.0,364.0,364.0,364.0,365.0,365.0,365.0,754.0,754.0,754.0,365.0,365.0,365.0,364.0,364.0,364.0
1.0,2181.0,1071.0,1092.0,1095.0,1071.0,357.0,357.0,357.0,364.0,364.0,364.0,357.0,357.0,357.0,727.0,727.0,727.0,357.0,357.0,357.0,364.0,364.0,364.0
1.0,2205.0,1134.0,1092.0,1071.0,1134.0,378.0,378.0,378.0,364.0,364.0,364.0,378.0,378.0,378.0,735.0,735.0,735.0,378.0,378.0,378.0,364.0,364.0,364.0
1.0,2142.0,1209.0,1098.0,1134.0,1227.0,409.0,409.0,409.0,366.0,366.0,366.0,403.0,403.0,403.0,714.0,714.0,714.0,409.0,409.0,409.0,366.0,366.0,366.0
1.0,2067.0,1191.0,1098.0,1227.0,1191.0,397.0,397.0,397.0,366.0,366.0,366.0,397.0,397.0,397.0,689.0,689.0,689.0,397.0,397.0,397.0,366.0,366.0,366.0
1.0,2103.0,1092.0,1098.0,1191.0,1092.0,364.0,364.0,364.0,366.0,366.0,366.0,364.0,364.0,364.0,701.0,701.0,701.0,364.0,364.0,364.0,366.0,366.0,366.0
1.0,2202.0,1077.0,1098.0,1092.0,1077.0,359.0,359.0,359.0,366.0,366.0,366.0,359.0,359.0,359.0,734.0,734.0,734.0,359.0,359.0,359.0,366.0,366.0,366.0
1.0,2217.0,1080.0,1098.0,1077.0,1080.0,360.0,360.0,360.0,366.0,366.0,366.0,360.0,360.0,360.0,739.0,739.0,739.0,360.0,360.0,360.0,366.0,366.0,366.0
1.0,2214.0,1110.0,1098.0,1080.0,1110.0,370.0,370.0,370.0,366.0,366.0,366.0,370.0,370.0,370.0,738.0,738.0,738.0,370.0,370.0,370.0,366.0,366.0,366.0
1.0,2184.0,1113.0,1101.0,1110.0,1122.0,374.0,374.0,374.0,367.0,367.0,367.0,371.0,371.0,371.0,728.0,728.0,728.0,374.0,374.0,374.0,367.0,367.0,367.0
1.0,2181.0,1194.0,1104.0,1122.0,1203.0,401.0,401.0,401.0,368.0,368.0,368.0,398.0,398.0,398.0,727.0,727.0,727.0,401.0,401.0,401.0,368.0,368.0,368.0
1.0,2109.0,1173.0,1107.0,1203.0,1182.0,394.0,394.0,394.0,369.0,369.0,369.0,391.0,391.0,391.0,703.0,703.0,703.0,394.0,394.0,394.0,369.0,369.0,369.0
1.0,2139.0,1065.0,1104.0,1182.0,1056.0,352.0,352.0,352.0,368.0,368.0,368.0,355.0,355.0,355.0,713.0,713.0,713.0,352.0,352.0,352.0,368.0,368.0,368.0
1.0,2256.0,1038.0,1104.0,1056.0,1038.0,346.0,346.0,346.0,368.0,368.0,368.0,346.0,346.0,346.0,752.0,752.0,752.0,346.0,346.0,346.0,368.0,368.0,368.0
1.0,2274.0,1095.0,1104.0,1038.0,1095.0,365.0,365.0,365.0,368.0,368.0,368.0,365.0,365.0,365.0,758.0,758.0,758.0,365.0,365.0,365.0,368.0,368.0,368.0
1.0,2217.0,1125.0,1104.0,1095.0,1125.0,375.0,375.0,375.0,368.0,368.0,368.0,375.0,375.0,375.0,739.0,739.0,739.0,375.0,375.0,375.0,368.0,368.0,368.0
1.0,2187.0,1131.0,1104.0,1125.0,1131.0,377.0,377.0,377.0,368.0,368.0,368.0,377.0,377.0,377.0,729.0,729.0,729.0,377.0,377.0,377.0,368.0,368.0,368.0
1.0,2181.0,1173.0,1107.0,1131.0,1182.0,394.0,394.0,394.0,369.0,369.0,369.0,391.0,391.0,391.0,727.0,727.0,727.0,394.0,394.0,394.0,369.0,369.0,369.0
1.0,2139.0,1143.0,1107.0,1182.0,1143.0,381.0,381.0,381.0,369.0,369.0,369.0,381.0,381.0,381.0,713.0,713.0,713.0,381.0,381.0,381.0,369.0,369.0,369.0
1.0,2178.0,1104.0,1107.0,1143.0,1104.0,368.0,368.0,368.0,369.0,369.0,369.0,368.0,368.0,368.0,726.0,726.0,726.0,368.0,368.0,368.0,369.0,369.0,369.0
1.0,2217.0,1065.0,1104.0,1104.0,1056.0,352.0,352.0,352.0,368.0,368.0,368.0,355.0,355.0,355.0,739.0,739.0,739.0,352.0,352.0,352.0,368.0,368.0,368.0
1.0,2256.0,1083.0,1104.0,1056.0,1083.0,361.0,361.0,361.0,368.0,368.0,368.0,361.0,361.0,361.0,752.0,752.0,752.0,361.0,361.0,361.0,368.0,368.0,368.0
1.0,2229.0,1116.0,1104.0,1083.0,1116.0,372.0,372.0,372.0,368.0,368.0,368.0,372.0,372.0,372.0,743.0,743.0,743.0,372.0,372.0,372.0,368.0,368.0,368.0
1.0,2196.0,1122.0,1107.0,1116.0,1131.0,377.0,377.0,377.0,369.0,369.0,369.0,374.0,374.0,374.0,732.0,732.0,732.0,377.0,377.0,377.0,369.0,369.0,369.0
1.0,2190.0,1161.0,1107.0,1131.0,1161.0,387.0,387.0,387.0,369.0,369.0,369.0,387.0,387.0,387.0,730.0,730.0,730.0,387.0,387.0,387.0,369.0,369.0,369.0
1.0,2160.0,1152.0,1107.0,1161.0,1152.0,384.0,384.0,384.0,369.0,369.0,369.0,384.0,384.0,384.0,720.0,720.0,720.0,384.0,384.0,384.0,369.0,369.0,369.0
1.0,2169.0,1116.0,1110.0,1152.0,1125.0,375.0,375.0,375.0,370.0,370.0,370.0,372.0,372.0,372.0,723.0,723.0,723.0,375.0,375.0,375.0,370.0,370.0,370.0
1.0,2205.0,1101.0,1107.0,1125.0,1092.0,364.0,364.0,364.0,369.0,369.0,369.0,367.0,367.0,367.0,735.0,735.0,735.0,364.0,364.0,364.0,369.0,369.0,369.0
1.0,2229.0,1050.0,1104.0,1092.0,1041.0,347.0,347.0,347.0,368.0,368.0,368.0,350.0,350.0,350.0,743.0,743.0,743.0,347.0,347.0,347.0,368.0,368.0,368.0
1.0,2271.0,1146.0,1107.0,1041.0,1155.0,385.0,385.0,385.0,369.0,369.0,369.0,382.0,382.0,382.0,757.0,757.0,757.0,385.0,385.0,385.0,369.0,369.0,369.0
1.0,2166.0,1110.0,1110.0,1155.0,1119.0,373.0,373.0,373.0,370.0,370.0,370.0,370.0,370.0,370.0,722.0,722.0,722.0,373.0,373.0,373.0,370.0,370.0,370.0
1.0,2211.0,1206.0,1110.0,1119.0,1206.0,402.0,402.0,402.0,370.0,370.0,370.0,402.0,402.0,402.0,737.0,737.0,737.0,402.0,402.0,402.0,370.0,370.0,370.0
1.0,2124.0,1137.0,1113.0,1206.0,1146.0,382.0,382.0,382.0,371.0,371.0,371.0,379.0,379.0,379.0,708.0,708.0,708.0,382.0,382.0,382.0,371.0,371.0,371.0
1.0,2193.0,1107.0,1113.0,1146.0,1107.0,369.0,369.0,369.0,371.0,371.0,371.0,369.0,369.0,369.0,731.0,731.0,731.0,369.0,369.0,369.0,371.0,371.0,371.0
1.0,2232.0,1038.0,1110.0,1107.0,1029.0,343.0,343.0,343.0,370.0,370.0,370.0,346.0,346.0,346.0,744.0,744.0,744.0,343.0,343.0,343.0,370.0,370.0,370.0
1.0,2301.0,1095.0,1110.0,1029.0,1095.0,365.0,365.0,365.0,370.0,370.0,370.0,365.0,365.0,365.0,767.0,767.0,767.0,365.0,365.0,365.0,370.0,370.0,370.0
1.0,2235.0,1155.0,1113.0,1095.0,1164.0,388.0,388.0,388.0,371.0,371.0,371.0,385.0,385.0,385.0,745.0,745.0,745.0,388.0,388.0,388.0,371.0,371.0,371.0
1.0,2175.0,1206.0,1116.0,1164.0,1215.0,405.0,405.0,405.0,372.0,372.0,372.0,402.0,402.0,402.0,725.0,725.0,725.0,405.0,405.0,405.0,372.0,372.0,372.0
1.0,2133.0,1164.0,1119.0,1215.0,1173.0,391.0,391.0,391.0,373.0,373.0,373.0,388.0,388.0,388.0,711.0,711.0,711.0,391.0,391.0,391.0,373.0,373.0,373.0
1.0,2184.0,1167.0,1119.0,1173.0,1167.0,389.0,389.0,389.0,373.0,373.0,373.0,389.0,389.0,389.0,728.0,728.0,728.0,389.0,389.0,389.0,373.0,373.0,373.0
1.0,2190.0,1155.0,1119.0,1167.0,1155.0,385.0,385.0,385.0,373.0,373.0,373.0,385.0,385.0,385.0,730.0,730.0,730.0,385.0,385.0,385.0,373.0,373.0,373.0
1.0,2202.0,1140.0,1119.0,1155.0,1140.0,380.0,380.0,380.0,373.0,373.0,373.0,380.0,380.0,380.0,734.0,734.0,734.0,380.0,380.0,380.0,373.0,373.0,373.0
1.0,2217.0,1101.0,1119.0,1140.0,1101.0,367.0,367.0,367.0,373.0,373.0,373.0,367.0,367.0,367.0,739.0,739.0,739.0,367.0,367.0,367.0,373.0,373.0,373.0
1.0,2256.0,1131.0,1119.0,1101.0,1131.0,377.0,377.0,377.0,373.0,373.0,373.0,377.0,377.0,377.0,752.0,752.0,752.0,377.0,377.0,377.0,373.0,373.0,373.0
1.0,2226.0,1188.0,1122.0,1131.0,1197.0,399.0,399.0,399.0,374.0,374.0,374.0,396.0,396.0,396.0,742.0,742.0,742.0,399.0,399.0,399.0,374.0,374.0,374.0
1.0,2169.0,1218.0,1125.0,1197.0,1227.0,409.0,409.0,409.0,375.0,375.0,375.0,406.0,406.0,406.0,723.0,723.0,723.0,409.0,409.0,409.0,375.0,375.0,375.0
1.0,2148.0,1170.0,1128.0,1227.0,1179.0,393.0,393.0,393.0,376.0,376.0,376.0,390.0,390.0,390.0,716.0,716.0,716.0,393.0,393.0,393.0,376.0,376.0,376.0
1.0,2205.0,1110.0,1125.0,1179.0,1101.0,367.0,367.0,367.0,375.0,375.0,375.0,370.0,370.0,370.0,735.0,735.0,735.0,367.0,367.0,367.0,375.0,375.0,375.0
1.0,2274.0,1098.0,1125.0,1101.0,1098.0,366.0,366.0,366.0,375.0,375.0,375.0,366.0,366.0,366.0,758.0,758.0,758.0,366.0,366.0,366.0,375.0,375.0,375.0
1.0,2277.0,1125.0,1125.0,1098.0,1125.0,375.0,375.0,375.0,375.0,375.0,375.0,375.0,375.0,375.0,759.0,759.0,759.0,375.0,375.0,375.0,375.0,375.0,375.0
1.0,2250.0,1161.0,1125.0,1125.0,1161.0,387.0,387.0,387.0,375.0,375.0,375.0,387.0,387.0,387.0,750.0,750.0,750.0,387.0,387.0,387.0,375.0,375.0,375.0
1.0,2214.0,1218.0,1128.0,1161.0,1227.0,409.0,409.0,409.0,376.0,376.0,376.0,406.0,406.0,406.0,738.0,738.0,738.0,409.0,409.0,409.0,376.0,376.0,376.0
1.0,2157.0,1185.0,1131.0,1227.0,1194.0,398.0,398.0,398.0,377.0,377.0,377.0,395.0,395.0,395.0,719.0,719.0,719.0,398.0,398.0,398.0,377.0,377.0,377.0
1.0,2199.0,1188.0,1134.0,1194.0,1197.0,399.0,399.0,399.0,378.0,378.0,378.0,396.0,396.0,396.0,733.0,733.0,733.0,399.0,399.0,399.0,378.0,378.0,378.0
1.0,2205.0,1122.0,1134.0,1197.0,1122.0,374.0,374.0,374.0,378.0,378.0,378.0,374.0,374.0,374.0,735.0,735.0,735.0,374.0,374.0,374.0,378.0,378.0,378.0
1.0,2280.0,1080.0,1131.0,1122.0,1071.0,357.0,357.0,357.0,377.0,377.0,377.0,360.0,360.0,360.0,760.0,760.0,760.0,357.0,357.0,357.0,377.0,377.0,377.0
1.0,2322.0,1122.0,1128.0,1071.0,1113.0,371.0,371.0,371.0,376.0,376.0,376.0,374.0,374.0,374.0,774.0,774.0,774.0,371.0,371.0,371.0,376.0,376.0,376.0
1.0,2271.0,1092.0,1128.0,1113.0,1092.0,364.0,364.0,364.0,376.0,376.0,376.0,364.0,364.0,364.0,757.0,757.0,757.0,364.0,364.0,364.0,376.0,376.0,376.0
1.0,2292.0,1212.0,1131.0,1092.0,1221.0,407.0,407.0,407.0,377.0,377.0,377.0,404.0,404.0,404.0,764.0,764.0,764.0,407.0,407.0,407.0,377.0,377.0,377.0
1.0,2172.0,1203.0,1134.0,1221.0,1212.0,404.0,404.0,404.0,378.0,378.0,378.0,401.0,401.0,401.0,724.0,724.0,724.0,404.0,404.0,404.0,378.0,378.0,378.0
1.0,2190.0,1152.0,1134.0,1212.0,1152.0,384.0,384.0,384.0,378.0,378.0,378.0,384.0,384.0,384.0,730.0,730.0,730.0,384.0,384.0,384.0,378.0,378.0,378.0
1.0,2250.0,1176.0,1137.0,1152.0,1185.0,395.0,395.0,395.0,379.0,379.0,379.0,392.0,392.0,392.0,750.0,750.0,750.0,395.0,395.0,395.0,379.0,379.0,379.0
1.0,2226.0,1113.0,1134.0,1185.0,1104.0,368.0,368.0,368.0,378.0,378.0,378.0,371.0,371.0,371.0,742.0,742.0,742.0,368.0,368.0,368.0,378.0,378.0,378.0
1.0,2298.0,1101.0,1134.0,1104.0,1101.0,367.0,367.0,367.0,378.0,378.0,378.0,367.0,367.0,367.0,766.0,766.0,766.0,367.0,367.0,367.0,378.0,378.0,378.0
1.0,2301.0,1188.0,1137.0,1101.0,1197.0,399.0,399.0,399.0,379.0,379.0,379.0,396.0,396.0,396.0,767.0,767.0,767.0,399.0,399.0,399.0,379.0,379.0,379.0
1.0,2214.0,1203.0,1140.0,1197.0,1212.0,404.0,404.0,404.0,380.0,380.0,380.0,401.0,401.0,401.0,738.0,738.0,738.0,404.0,404.0,404.0,380.0,380.0,380.0
1.0,2208.0,1272.0,1143.0,1212.0,1281.0,427.0,427.0,427.0,381.0,381.0,381.0,424.0,424.0,424.0,736.0,736.0,736.0,427.0,427.0,427.0,381.0,381.0,381.0
1.0,2148.0,1146.0,1143.0,1281.0,1146.0,382.0,382.0,382.0,381.0,381.0,381.0,382.0,382.0,382.0,716.0,716.0,716.0,382.0,382.0,382.0,381.0,381.0,381.0
1.0,2283.0,1173.0,1143.0,1146.0,1173.0,391.0,391.0,391.0,381.0,381.0,381.0,391.0,391.0,391.0,761.0,761.0,761.0,391.0,391.0,391.0,381.0,381.0,381.0
1.0,2256.0,1044.0,1140.0,1173.0,1035.0,345.0,345.0,345.0,380.0,380.0,380.0,348.0,348.0,348.0,752.0,752.0,752.0,345.0,345.0,345.0,380.0,380.0,380.0
1.0,2385.0,1137.0,1140.0,1035.0,1137.0,379.0,379.0,379.0,380.0,380.0,380.0,379.0,379.0,379.0,795.0,795.0,795.0,379.0,379.0,379.0,380.0,380.0,380.0
1.0,2283.0,1128.0,1140.0,1137.0,1128.0,376.0,376.0,376.0,380.0,380.0,380.0,376.0,376.0,376.0,761.0,761.0,761.0,376.0,376.0,376.0,380.0,380.0,380.0
1.0,2292.0,1197.0,1143.0,1128.0,1206.0,402.0,402.0,402.0,381.0,381.0,381.0,399.0,399.0,399.0,764.0,764.0,764.0,402.0,402.0,402.0,381.0,381.0,381.0
1.0,2223.0,1206.0,1146.0,1206.0,1215.0,405.0,405.0,405.0,382.0,382.0,382.0,402.0,402.0,402.0,741.0,741.0,741.0,405.0,405.0,405.0,382.0,382.0,382.0
1.0,2223.0,1200.0,1149.0,1215.0,1209.0,403.0,403.0,403.0,383.0,383.0,383.0,400.0,400.0,400.0,741.0,741.0,741.0,403.0,403.0,403.0,383.0,383.0,383.0
1.0,2238.0,1131.0,1149.0,1209.0,1131.0,377.0,377.0,377.0,383.0,383.0,383.0,377.0,377.0,377.0,746.0,746.0,746.0,377.0,377.0,377.0,383.0,383.0,383.0
1.0,2316.0,1065.0,1146.0,1131.0,1056.0,352.0,352.0,352.0,382.0,382.0,382.0,355.0,355.0,355.0,772.0,772.0,772.0,352.0,352.0,352.0,382.0,382.0,382.0
1.0,2382.0,1110.0,1146.0,1056.0,1110.0,370.0,370.0,370.0,382.0,382.0,382.0,370.0,370.0,370.0,794.0,794.0,794.0,370.0,370.0,370.0,382.0,382.0,382.0
1.0,2328.0,1188.0,1146.0,1110.0,1188.0,396.0,396.0,396.0,382.0,382.0,382.0,396.0,396.0,396.0,776.0,776.0,776.0,396.0,396.0,396.0,382.0,382.0,382.0
1.0,2250.0,1185.0,1149.0,1188.0,1194.0,398.0,398.0,398.0,383.0,383.0,383.0,395.0,395.0,395.0,750.0,750.0,750.0,398.0,398.0,398.0,383.0,383.0,383.0
1.0,2253.0,1182.0,1152.0,1194.0,1191.0,397.0,397.0,397.0,384.0,384.0,384.0,394.0,394.0,394.0,751.0,751.0,751.0,397.0,397.0,397.0,384.0,384.0,384.0
1.0,2265.0,1161.0,1152.0,1191.0,1161.0,387.0,387.0,387.0,384.0,384.0,384.0,387.0,387.0,387.0,755.0,755.0,755.0,387.0,387.0,387.0,384.0,384.0,384.0
1.0,2295.0,1125.0,1152.0,1161.0,1125.0,375.0,375.0,375.0,384.0,384.0,384.0,375.0,375.0,375.0,765.0,765.0,765.0,375.0,375.0,375.0,384.0,384.0,384.0
1.0,2331.0,1107.0,1149.0,1125.0,1098.0,366.0,366.0,366.0,383.0,383.0,383.0,369.0,369.0,369.0,777.0,777.0,777.0,366.0,366.0,366.0,383.0,383.0,383.0
1.0,2349.0,1083.0,1149.0,1098.0,1083.0,361.0,361.0,361.0,383.0,383.0,383.0,361.0,361.0,361.0,783.0,783.0,783.0,361.0,361.0,361.0,383.0,383.0,383.0
1.0,2364.0,1164.0,1149.0,1083.0,1164.0,388.0,388.0,388.0,383.0,383.0,383.0,388.0,388.0,388.0,788.0,788.0,788.0,388.0,388.0,388.0,383.0,383.0,383.0
1.0,2283.0,1194.0,1152.0,1164.0,1203.0,401.0,401.0,401.0,384.0,384.0,384.0,398.0,398.0,398.0,761.0,761.0,761.0,401.0,401.0,401.0,384.0,384.0,384.0
1.0,2253.0,1239.0,1155.0,1203.0,1248.0,416.0,416.0,416.0,385.0,385.0,385.0,413.0,413.0,413.0,751.0,751.0,751.0,416.0,416.0,416.0,385.0,385.0,385.0
1.0,2217.0,1209.0,1155.0,1248.0,1209.0,403.0,403.0,403.0,385.0,385.0,385.0,403.0,403.0,403.0,739.0,739.0,739.0,403.0,403.0,403.0,385.0,385.0,385.0
1.0,2256.0,1173.0,1155.0,1209.0,1173.0,391.0,391.0,391.0,385.0,385.0,385.0,391.0,391.0,391.0,752.0,752.0,752.0,391.0,391.0,391.0,385.0,385.0,385.0
1.0,2292.0,1125.0,1155.0,1173.0,1125.0,375.0,375.0,375.0,385.0,385.0,385.0,375.0,375.0,375.0,764.0,764.0,764.0,375.0,375.0,375.0,385.0,385.0,385.0
1.0,2340.0,1098.0,1155.0,1125.0,1098.0,366.0,366.0,366.0,385.0,385.0,385.0,366.0,366.0,366.0,780.0,780.0,780.0,366.0,366.0,366.0,385.0,385.0,385.0
1.0,2367.0,1185.0,1155.0,1098.0,1185.0,395.0,395.0,395.0,385.0,385.0,385.0,395.0,395.0,395.0,789.0,789.0,789.0,395.0,395.0,395.0,385.0,385.0,385.0
1.0,2280.0,1221.0,1155.0,1185.0,1221.0,407.0,407.0,407.0,385.0,385.0,385.0,407.0,407.0,407.0,760.0,760.0,760.0,407.0,407.0,407.0,385.0,385.0,385.0
1.0,2244.0,1191.0,1158.0,1221.0,1200.0,400.0,400.0,400.0,386.0,386.0,386.0,397.0,397.0,397.0,748.0,748.0,748.0,400.0,400.0,400.0,386.0,386.0,386.0
1.0,2274.0,1170.0,1158.0,1200.0,1170.0,390.0,390.0,390.0,386.0,386.0,386.0,390.0,390.0,390.0,758.0,758.0,758.0,390.0,390.0,390.0,386.0,386.0,386.0
1.0,2304.0,1131.0,1158.0,1170.0,1131.0,377.0,377.0,377.0,386.0,386.0,386.0,377.0,377.0,377.0,768.0,768.0,768.0,377.0,377.0,377.0,386.0,386.0,386.0
1.0,2343.0,1143.0,1155.0,1131.0,1134.0,378.0,378.0,378.0,385.0,385.0,385.0,381.0,381.0,381.0,781.0,781.0,781.0,378.0,378.0,378.0,385.0,385.0,385.0
1.0,2331.0,1188.0,1155.0,1134.0,1188.0,396.0,396.0,396.0,385.0,385.0,385.0,396.0,396.0,396.0,777.0,777.0,777.0,396.0,396.0,396.0,385.0,385.0,385.0
1.0,2277.0,1143.0,1158.0,1188.0,1152.0,384.0,384.0,384.0,386.0,386.0,386.0,381.0,381.0,381.0,759.0,759.0,759.0,384.0,384.0,384.0,386.0,386.0,386.0
1.0,2322.0,1185.0,1158.0,1152.0,1185.0,395.0,395.0,395.0,386.0,386.0,386.0,395.0,395.0,395.0,774.0,774.0,774.0,395.0,395.0,395.0,386.0,386.0,386.0
1.0,2289.0,1221.0,1161.0,1185.0,1230.0,410.0,410.0,410.0,387.0,387.0,387.0,407.0,407.0,407.0,763.0,763.0,763.0,410.0,410.0,410.0,387.0,387.0,387.0
1.0,2253.0,1179.0,1161.0,1230.0,1179.0,393.0,393.0,393.0,387.0,387.0,387.0,393.0,393.0,393.0,751.0,751.0,751.0,393.0,393.0,393.0,387.0,387.0,387.0
1.0,2304.0,1098.0,1158.0,1179.0,1089.0,363.0,363.0,363.0,386.0,386.0,386.0,366.0,366.0,366.0,768.0,768.0,768.0,363.0,363.0,363.0,386.0,386.0,386.0
1.0,2385.0,1095.0,1158.0,1089.0,1095.0,365.0,365.0,365.0,386.0,386.0,386.0,365.0,365.0,365.0,795.0,795.0,795.0,365.0,365.0,365.0,386.0,386.0,386.0
1.0,2379.0,1155.0,1155.0,1095.0,1146.0,382.0,382.0,382.0,385.0,385.0,385.0,385.0,385.0,385.0,793.0,793.0,793.0,382.0,382.0,382.0,385.0,385.0,385.0
1.0,2319.0,1170.0,1158.0,1146.0,1179.0,393.0,393.0,393.0,386.0,386.0,386.0,390.0,390.0,390.0,773.0,773.0,773.0,393.0,393.0,393.0,386.0,386.0,386.0
1.0,2295.0,1200.0,1158.0,1179.0,1200.0,400.0,400.0,400.0,386.0,386.0,386.0,400.0,400.0,400.0,765.0,765.0,765.0,400.0,400.0,400.0,386.0,386.0,386.0
1.0,2274.0,1188.0,1161.0,1200.0,1197.0,399.0,399.0,399.0,387.0,387.0,387.0,396.0,396.0,396.0,758.0,758.0,758.0,399.0,399.0,399.0,387.0,387.0,387.0
1.0,2286.0,1158.0,1161.0,1197.0,1158.0,386.0,386.0,386.0,387.0,387.0,387.0,386.0,386.0,386.0,762.0,762.0,762.0,386.0,386.0,386.0,387.0,387.0,387.0
1.0,2325.0,1119.0,1161.0,1158.0,1119.0,373.0,373.0,373.0,387.0,387.0,387.0,373.0,373.0,373.0,775.0,775.0,775.0,373.0,373.0,373.0,387.0,387.0,387.0
1.0,2364.0,1065.0,1158.0,1119.0,1056.0,352.0,352.0,352.0,386.0,386.0,386.0,355.0,355.0,355.0,788.0,788.0,788.0,352.0,352.0,352.0,386.0,386.0,386.0
1.0,2418.0,1155.0,1158.0,1056.0,1155.0,385.0,385.0,385.0,386.0,386.0,386.0,385.0,385.0,385.0,806.0,806.0,806.0,385.0,385.0,385.0,386.0,386.0,386.0
1.0,2319.0,1143.0,1158.0,1155.0,1143.0,381.0,381.0,381.0,386.0,386.0,386.0,381.0,381.0,381.0,773.0,773.0,773.0,381.0,381.0,381.0,386.0,386.0,386.0
1.0,2331.0,1254.0,1158.0,1143.0,1254.0,418.0,418.0,418.0,386.0,386.0,386.0,418.0,418.0,418.0,777.0,777.0,777.0,418.0,418.0,418.0,386.0,386.0,386.0
1.0,2220.0,1248.0,1161.0,1254.0,1257.0,419.0,419.0,419.0,387.0,387.0,387.0,416.0,416.0,416.0,740.0,740.0,740.0,419.0,419.0,419.0,387.0,387.0,387.0
1.0,2226.0,1179.0,1161.0,1257.0,1179.0,393.0,393.0,393.0,387.0,387.0,387.0,393.0,393.0,393.0,742.0,742.0,742.0,393.0,393.0,393.0,387.0,387.0,387.0
1.0,2304.0,1152.0,1161.0,1179.0,1152.0,384.0,384.0,384.0,387.0,387.0,387.0,384.0,384.0,384.0,768.0,768.0,768.0,384.0,384.0,384.0,387.0,387.0,387.0
1.0,2331.0,1101.0,1158.0,1152.0,1092.0,364.0,364.0,364.0,386.0,386.0,386.0,367.0,367.0,367.0,777.0,777.0,777.0,364.0,364.0,364.0,386.0,386.0,386.0
1.0,2382.0,1071.0,1155.0,1092.0,1062.0,354.0,354.0,354.0,385.0,385.0,385.0,357.0,357.0,357.0,794.0,794.0,794.0,354.0,354.0,354.0,385.0,385.0,385.0
1.0,2403.0,1185.0,1158.0,1062.0,1194.0,398.0,398.0,398.0,386.0,386.0,386.0,395.0,395.0,395.0,801.0,801.0,801.0,398.0,398.0,398.0,386.0,386.0,386.0
1.0,2280.0,1158.0,1158.0,1194.0,1158.0,386.0,386.0,386.0,386.0,386.0,386.0,386.0,386.0,386.0,760.0,760.0,760.0,386.0,386.0,386.0,386.0,386.0,386.0
1.0,2316.0,1257.0,1161.0,1158.0,1266.0,422.0,422.0,422.0,387.0,387.0,387.0,419.0,419.0,419.0,772.0,772.0,772.0,422.0,422.0,422.0,387.0,387.0,387.0
1.0,2217.0,1251.0,1164.0,1266.0,1260.0,420.0,420.0,420.0,388.0,388.0,388.0,417.0,417.0,417.0,739.0,739.0,739.0,420.0,420.0,420.0,388.0,388.0,388.0
1.0,2232.0,1146.0,1164.0,1260.0,1146.0,382.0,382.0,382.0,388.0,388.0,388.0,382.0,382.0,382.0,744.0,744.0,744.0,382.0,382.0,382.0,388.0,388.0,388.0
1.0,2346.0,1119.0,1161.0,1146.0,1110.0,370.0,370.0,370.0,387.0,387.0,387.0,373.0,373.0,373.0,782.0,782.0,782.0,370.0,370.0,370.0,387.0,387.0,387.0
1.0,2373.0,1137.0,1161.0,1110.0,1137.0,379.0,379.0,379.0,387.0,387.0,387.0,379.0,379.0,379.0,791.0,791.0,791.0,379.0,379.0,379.0,387.0,387.0,387.0
1.0,2346.0,1152.0,1161.0,1137.0,1152.0,384.0,384.0,384.0,387.0,387.0,387.0,384.0,384.0,384.0,782.0,782.0,782.0,384.0,384.0,384.0,387.0,387.0,387.0
1.0,2331.0,1296.0,1164.0,1152.0,1305.0,435.0,435.0,435.0,388.0,388.0,388.0,432.0,432.0,432.0,777.0,777.0,777.0,435.0,435.0,435.0,388.0,388.0,388.0
1.0,2187.0,1191.0,1167.0,1305.0,1200.0,400.0,400.0,400.0,389.0,389.0,389.0,397.0,397.0,397.0,729.0,729.0,729.0,400.0,400.0,400.0,389.0,389.0,389.0
1.0,2301.0,1200.0,1167.0,1200.0,1200.0,400.0,400.0,400.0,389.0,389.0,389.0,400.0,400.0,400.0,767.0,767.0,767.0,400.0,400.0,400.0,389.0,389.0,389.0
1.0,2301.0,1191.0,1167.0,1200.0,1191.0,397.0,397.0,397.0,389.0,389.0,389.0,397.0,397.0,397.0,767.0,767.0,767.0,397.0,397.0,397.0,389.0,389.0,389.0
1.0,2310.0,1143.0,1167.0,1191.0,1143.0,381.0,381.0,381.0,389.0,389.0,389.0,381.0,381.0,381.0,770.0,770.0,770.0,381.0,381.0,381.0,389.0,389.0,389.0
1.0,2358.0,1137.0,1164.0,1143.0,1128.0,376.0,376.0,376.0,388.0,388.0,388.0,379.0,379.0,379.0,786.0,786.0,786.0,376.0,376.0,376.0,388.0,388.0,388.0
1.0,2364.0,1164.0,1167.0,1128.0,1173.0,391.0,391.0,391.0,389.0,389.0,389.0,388.0,388.0,388.0,788.0,788.0,788.0,391.0,391.0,391.0,389.0,389.0,389.0
1.0,2328.0,1185.0,1167.0,1173.0,1185.0,395.0,395.0,395.0,389.0,389.0,389.0,395.0,395.0,395.0,776.0,776.0,776.0,395.0,395.0,395.0,389.0,389.0,389.0
1.0,2316.0,1266.0,1170.0,1185.0,1275.0,425.0,425.0,425.0,390.0,390.0,390.0,422.0,422.0,422.0,772.0,772.0,772.0,425.0,425.0,425.0,390.0,390.0,390.0
1.0,2235.0,1224.0,1173.0,1275.0,1233.0,411.0,411.0,411.0,391.0,391.0,391.0,408.0,408.0,408.0,745.0,745.0,745.0,411.0,411.0,411.0,391.0,391.0,391.0
1.0,2286.0,1170.0,1173.0,1233.0,1170.0,390.0,390.0,390.0,391.0,391.0,391.0,390.0,390.0,390.0,762.0,762.0,762.0,390.0,390.0,390.0,391.0,391.0,391.0
1.0,2349.0,1161.0,1170.0,1170.0,1152.0,384.0,384.0,384.0,390.0,390.0,390.0,387.0,387.0,387.0,783.0,783.0,783.0,384.0,384.0,384.0,390.0,390.0,390.0
1.0,2358.0,1128.0,1170.0,1152.0,1128.0,376.0,376.0,376.0,390.0,390.0,390.0,376.0,376.0,376.0,786.0,786.0,786.0,376.0,376.0,376.0,390.0,390.0,390.0
1.0,2382.0,1185.0,1170.0,1128.0,1185.0,395.0,395.0,395.0,390.0,390.0,390.0,395.0,395.0,395.0,794.0,794.0,794.0,395.0,395.0,395.0,390.0,390.0,390.0
1.0,2325.0,1179.0,1170.0,1185.0,1179.0,393.0,393.0,393.0,390.0,390.0,390.0,393.0,393.0,393.0,775.0,775.0,775.0,393.0,393.0,393.0,390.0,390.0,390.0
1.0,2331.0,1311.0,1173.0,1179.0,1320.0,440.0,440.0,440.0,391.0,391.0,391.0,437.0,437.0,437.0,777.0,777.0,777.0,440.0,440.0,440.0,391.0,391.0,391.0
1.0,2199.0,1227.0,1176.0,1320.0,1236.0,412.0,412.0,412.0,392.0,392.0,392.0,409.0,409.0,409.0,733.0,733.0,733.0,412.0,412.0,412.0,392.0,392.0,392.0
1.0,2292.0,1191.0,1173.0,1236.0,1182.0,394.0,394.0,394.0,391.0,391.0,391.0,397.0,397.0,397.0,764.0,764.0,764.0,394.0,394.0,394.0,391.0,391.0,391.0
1.0,2337.0,1167.0,1173.0,1182.0,1167.0,389.0,389.0,389.0,391.0,391.0,391.0,389.0,389.0,389.0,779.0,779.0,779.0,389.0,389.0,389.0,391.0,391.0,391.0
1.0,2352.0,1179.0,1173.0,1167.0,1179.0,393.0,393.0,393.0,391.0,391.0,391.0,393.0,393.0,393.0,784.0,784.0,784.0,393.0,393.0,393.0,391.0,391.0,391.0
1.0,2340.0,1227.0,1176.0,1179.0,1236.0,412.0,412.0,412.0,392.0,392.0,392.0,409.0,409.0,409.0,780.0,780.0,780.0,412.0,412.0,412.0,392.0,392.0,392.0
1.0,2292.0,1239.0,1179.0,1236.0,1248.0,416.0,416.0,416.0,393.0,393.0,393.0,413.0,413.0,413.0,764.0,764.0,764.0,416.0,416.0,416.0,393.0,393.0,393.0
1.0,2289.0,1266.0,1179.0,1248.0,1266.0,422.0,422.0,422.0,393.0,393.0,393.0,422.0,422.0,422.0,763.0,763.0,763.0,422.0,422.0,422.0,393.0,393.0,393.0
1.0,2271.0,1233.0,1182.0,1266.0,1242.0,414.0,414.0,414.0,394.0,394.0,394.0,411.0,411.0,411.0,757.0,757.0,757.0,414.0,414.0,414.0,394.0,394.0,394.0
1.0,2304.0,1158.0,1179.0,1242.0,1149.0,383.0,383.0,383.0,393.0,393.0,393.0,386.0,386.0,386.0,768.0,768.0,768.0,383.0,383.0,383.0,393.0,393.0,393.0
1.0,2388.0,1128.0,1179.0,1149.0,1128.0,376.0,376.0,376.0,393.0,393.0,393.0,376.0,376.0,376.0,796.0,796.0,796.0,376.0,376.0,376.0,393.0,393.0,393.0
1.0,2409.0,1143.0,1179.0,1128.0,1143.0,381.0,381.0,381.0,393.0,393.0,393.0,381.0,381.0,381.0,803.0,803.0,803.0,381.0,381.0,381.0,393.0,393.0,393.0
1.0,2394.0,1242.0,1182.0,1143.0,1251.0,417.0,417.0,417.0,394.0,394.0,394.0,414.0,414.0,414.0,798.0,798.0,798.0,417.0,417.0,417.0,394.0,394.0,394.0
1.0,2295.0,1305.0,1185.0,1251.0,1314.0,438.0,438.0,438.0,395.0,395.0,395.0,435.0,435.0,435.0,765.0,765.0,765.0,438.0,438.0,438.0,395.0,395.0,395.0
1.0,2241.0,1251.0,1185.0,1314.0,1251.0,417.0,417.0,417.0,395.0,395.0,395.0,417.0,417.0,417.0,747.0,747.0,747.0,417.0,417.0,417.0,395.0,395.0,395.0
1.0,2304.0,1248.0,1188.0,1251.0,1257.0,419.0,419.0,419.0,396.0,396.0,396.0,416.0,416.0,416.0,768.0,768.0,768.0,419.0,419.0,419.0,396.0,396.0,396.0
1.0,2307.0,1143.0,1188.0,1257.0,1143.0,381.0,381.0,381.0,396.0,396.0,396.0,381.0,381.0,381.0,769.0,769.0,769.0,381.0,381.0,381.0,396.0,396.0,396.0
1.0,2421.0,1134.0,1185.0,1143.0,1125.0,375.0,375.0,375.0,395.0,395.0,395.0,378.0,378.0,378.0,807.0,807.0,807.0,375.0,375.0,375.0,395.0,395.0,395.0
1.0,2430.0,1215.0,1188.0,1125.0,1224.0,408.0,408.0,408.0,396.0,396.0,396.0,405.0,405.0,405.0,810.0,810.0,810.0,408.0,408.0,408.0,396.0,396.0,396.0
1.0,2340.0,1203.0,1188.0,1224.0,1203.0,401.0,401.0,401.0,396.0,396.0,396.0,401.0,401.0,401.0,780.0,780.0,780.0,401.0,401.0,401.0,396.0,396.0,396.0
1.0,2361.0,1230.0,1191.0,1203.0,1239.0,413.0,413.0,413.0,397.0,397.0,397.0,410.0,410.0,410.0,787.0,787.0,787.0,413.0,413.0,413.0,397.0,397.0,397.0
1.0,2334.0,1281.0,1194.0,1239.0,1290.0,430.0,430.0,430.0,398.0,398.0,398.0,427.0,427.0,427.0,778.0,778.0,778.0,430.0,430.0,430.0,398.0,398.0,398.0
1.0,2292.0,1263.0,1197.0,1290.0,1272.0,424.0,424.0,424.0,399.0,399.0,399.0,421.0,421.0,421.0,764.0,764.0,764.0,424.0,424.0,424.0,399.0,399.0,399.0
1.0,2319.0,1209.0,1197.0,1272.0,1209.0,403.0,403.0,403.0,399.0,399.0,399.0,403.0,403.0,403.0,773.0,773.0,773.0,403.0,403.0,403.0,399.0,399.0,399.0
1.0,2382.0,1173.0,1194.0,1209.0,1164.0,388.0,388.0,388.0,398.0,398.0,398.0,391.0,391.0,391.0,794.0,794.0,794.0,388.0,388.0,388.0,398.0,398.0,398.0
1.0,2418.0,1149.0,1194.0,1164.0,1149.0,383.0,383.0,383.0,398.0,398.0,398.0,383.0,383.0,383.0,806.0,806.0,806.0,383.0,383.0,383.0,398.0,398.0,398.0
1.0,2433.0,1197.0,1194.0,1149.0,1197.0,399.0,399.0,399.0,398.0,398.0,398.0,399.0,399.0,399.0,811.0,811.0,811.0,399.0,399.0,399.0,398.0,398.0,398.0
1.0,2385.0,1296.0,1197.0,1197.0,1305.0,435.0,435.0,435.0,399.0,399.0,399.0,432.0,432.0,432.0,795.0,795.0,795.0,435.0,435.0,435.0,399.0,399.0,399.0
1.0,2286.0,1314.0,1203.0,1305.0,1332.0,444.0,444.0,444.0,401.0,401.0,401.0,438.0,438.0,438.0,762.0,762.0,762.0,444.0,444.0,444.0,401.0,401.0,401.0
1.0,2277.0,1287.0,1206.0,1332.0,1296.0,432.0,432.0,432.0,402.0,402.0,402.0,429.0,429.0,429.0,759.0,759.0,759.0,432.0,432.0,432.0,402.0,402.0,402.0
1.0,2322.0,1191.0,1206.0,1296.0,1191.0,397.0,397.0,397.0,402.0,402.0,402.0,397.0,397.0,397.0,774.0,774.0,774.0,397.0,397.0,397.0,402.0,402.0,402.0
1.0,2427.0,1197.0,1203.0,1191.0,1188.0,396.0,396.0,396.0,401.0,401.0,401.0,399.0,399.0,399.0,809.0,809.0,809.0,396.0,396.0,396.0,401.0,401.0,401.0
1.0,2421.0,1158.0,1203.0,1188.0,1158.0,386.0,386.0,386.0,401.0,401.0,401.0,386.0,386.0,386.0,807.0,807.0,807.0,386.0,386.0,386.0,401.0,401.0,401.0
1.0,2451.0,1236.0,1203.0,1158.0,1236.0,412.0,412.0,412.0,401.0,401.0,401.0,412.0,412.0,412.0,817.0,817.0,817.0,412.0,412.0,412.0,401.0,401.0,401.0
1.0,2373.0,1248.0,1206.0,1236.0,1257.0,419.0,419.0,419.0,402.0,402.0,402.0,416.0,416.0,416.0,791.0,791.0,791.0,419.0,419.0,419.0,402.0,402.0,402.0
1.0,2361.0,1293.0,1209.0,1257.0,1302.0,434.0,434.0,434.0,403.0,403.0,403.0,431.0,431.0,431.0,787.0,787.0,787.0,434.0,434.0,434.0,403.0,403.0,403.0
1.0,2325.0,1176.0,1209.0,1302.0,1176.0,392.0,392.0,392.0,403.0,403.0,403.0,392.0,392.0,392.0,775.0,775.0,775.0,392.0,392.0,392.0,403.0,403.0,403.0
1.0,2451.0,1215.0,1209.0,1176.0,1215.0,405.0,405.0,405.0,403.0,403.0,403.0,405.0,405.0,405.0,817.0,817.0,817.0,405.0,405.0,405.0,403.0,403.0,403.0
1.0,2412.0,1203.0,1209.0,1215.0,1203.0,401.0,401.0,401.0,403.0,403.0,403.0,401.0,401.0,401.0,804.0,804.0,804.0,401.0,401.0,401.0,403.0,403.0,403.0
1.0,2424.0,1212.0,1209.0,1203.0,1212.0,404.0,404.0,404.0,403.0,403.0,403.0,404.0,404.0,404.0,808.0,808.0,808.0,404.0,404.0,404.0,403.0,403.0,403.0
1.0,2415.0,1209.0,1209.0,1212.0,1209.0,403.0,403.0,403.0,403.0,403.0,403.0,403.0,403.0,403.0,805.0,805.0,805.0,403.0,403.0,403.0,403.0,403.0,403.0
1.0,2418.0,1221.0,1212.0,1209.0,1230.0,410.0,410.0,410.0,404.0,404.0,404.0,407.0,407.0,407.0,806.0,806.0,806.0,410.0,410.0,410.0,404.0,404.0,404.0
1.0,2406.0,1248.0,1212.0,1230.0,1248.0,416.0,416.0,416.0,404.0,404.0,404.0,416.0,416.0,416.0,802.0,802.0,802.0,416.0,416.0,416.0,404.0,404.0,404.0
1.0,2388.0,1227.0,1215.0,1248.0,1236.0,412.0,412.0,412.0,405.0,405.0,405.0,409.0,409.0,409.0,796.0,796.0,796.0,412.0,412.0,412.0,405.0,405.0,405.0
1.0,2409.0,1179.0,1215.0,1236.0,1179.0,393.0,393.0,393.0,405.0,405.0,405.0,393.0,393.0,393.0,803.0,803.0,803.0,393.0,393.0,393.0,405.0,405.0,405.0
1.0,2466.0,1131.0,1212.0,1179.0,1122.0,374.0,374.0,374.0,404.0,404.0,404.0,377.0,377.0,377.0,822.0,822.0,822.0,374.0,374.0,374.0,404.0,404.0,404.0
1.0,2514.0,1182.0,1212.0,1122.0,1182.0,394.0,394.0,394.0,404.0,404.0,404.0,394.0,394.0,394.0,838.0,838.0,838.0,394.0,394.0,394.0,404.0,404.0,404.0
1.0,2454.0,1236.0,1212.0,1182.0,1236.0,412.0,412.0,412.0,404.0,404.0,404.0,412.0,412.0,412.0,818.0,818.0,818.0,412.0,412.0,412.0,404.0,404.0,404.0
1.0,2400.0,1269.0,1215.0,1236.0,1278.0,426.0,426.0,426.0,405.0,405.0,405.0,423.0,423.0,423.0,800.0,800.0,800.0,426.0,426.0,426.0,405.0,405.0,405.0
1.0,2367.0,1245.0,1215.0,1278.0,1245.0,415.0,415.0,415.0,405.0,405.0,405.0,415.0,415.0,415.0,789.0,789.0,789.0,415.0,415.0,415.0,405.0,405.0,405.0
1.0,2400.0,1236.0,1218.0,1245.0,1245.0,415.0,415.0,415.0,406.0,406.0,406.0,412.0,412.0,412.0,800.0,800.0,800.0,415.0,415.0,415.0,406.0,406.0,406.0
1.0,2409.0,1212.0,1218.0,1245.0,1212.0,404.0,404.0,404.0,406.0,406.0,406.0,404.0,404.0,404.0,803.0,803.0,803.0,404.0,404.0,404.0,406.0,406.0,406.0
1.0,2442.0,1104.0,1215.0,1212.0,1095.0,365.0,365.0,365.0,405.0,405.0,405.0,368.0,368.0,368.0,814.0,814.0,814.0,365.0,365.0,365.0,405.0,405.0,405.0
1.0,2550.0,1167.0,1212.0,1095.0,1158.0,386.0,386.0,386.0,404.0,404.0,404.0,389.0,389.0,389.0,850.0,850.0,850.0,386.0,386.0,386.0,404.0,404.0,404.0
1.0,2478.0,1239.0,1215.0,1158.0,1248.0,416.0,416.0,416.0,405.0,405.0,405.0,413.0,413.0,413.0,826.0,826.0,826.0,416.0,416.0,416.0,405.0,405.0,405.0
1.0,2397.0,1302.0,1215.0,1248.0,1302.0,434.0,434.0,434.0,405.0,405.0,405.0,434.0,434.0,434.0,799.0,799.0,799.0,434.0,434.0,434.0,405.0,405.0,405.0
1.0,2343.0,1287.0,1218.0,1302.0,1296.0,432.0,432.0,432.0,406.0,406.0,406.0,429.0,429.0,429.0,781.0,781.0,781.0,432.0,432.0,432.0,406.0,406.0,406.0
1.0,2358.0,1257.0,1218.0,1296.0,1257.0,419.0,419.0,419.0,406.0,406.0,406.0,419.0,419.0,419.0,786.0,786.0,786.0,419.0,419.0,419.0,406.0,406.0,406.0
1.0,2397.0,1158.0,1218.0,1257.0,1158.0,386.0,386.0,386.0,406.0,406.0,406.0,386.0,386.0,386.0,799.0,799.0,799.0,386.0,386.0,386.0,406.0,406.0,406.0
1.0,2496.0,1179.0,1215.0,1158.0,1170.0,390.0,390.0,390.0,405.0,405.0,405.0,393.0,393.0,393.0,832.0,832.0,832.0,390.0,390.0,390.0,405.0,405.0,405.0
1.0,2475.0,1194.0,1215.0,1170.0,1194.0,398.0,398.0,398.0,405.0,405.0,405.0,398.0,398.0,398.0,825.0,825.0,825.0,398.0,398.0,398.0,405.0,405.0,405.0
1.0,2451.0,1239.0,1218.0,1194.0,1248.0,416.0,416.0,416.0,406.0,406.0,406.0,413.0,413.0,413.0,817.0,817.0,817.0,416.0,416.0,416.0,406.0,406.0,406.0
1.0,2406.0,1254.0,1218.0,1248.0,1254.0,418.0,418.0,418.0,406.0,406.0,406.0,418.0,418.0,418.0,802.0,802.0,802.0,418.0,418.0,418.0,406.0,406.0,406.0
1.0,2400.0,1338.0,1224.0,1254.0,1356.0,452.0,452.0,452.0,408.0,408.0,408.0,446.0,446.0,446.0,800.0,800.0,800.0,452.0,452.0,452.0,408.0,408.0,408.0
1.0,2316.0,1212.0,1221.0,1356.0,1203.0,401.0,401.0,401.0,407.0,407.0,407.0,404.0,404.0,404.0,772.0,772.0,772.0,401.0,401.0,401.0,407.0,407.0,407.0
1.0,2460.0,1176.0,1221.0,1203.0,1176.0,392.0,392.0,392.0,407.0,407.0,407.0,392.0,392.0,392.0,820.0,820.0,820.0,392.0,392.0,392.0,407.0,407.0,407.0
1.0,2487.0,1158.0,1218.0,1176.0,1149.0,383.0,383.0,383.0,406.0,406.0,406.0,386.0,386.0,386.0,829.0,829.0,829.0,383.0,383.0,383.0,406.0,406.0,406.0
1.0,2505.0,1182.0,1218.0,1149.0,1182.0,394.0,394.0,394.0,406.0,406.0,406.0,394.0,394.0,394.0,835.0,835.0,835.0,394.0,394.0,394.0,406.0,406.0,406.0
1.0,2472.0,1200.0,1218.0,1182.0,1200.0,400.0,400.0,400.0,406.0,406.0,406.0,400.0,400.0,400.0,824.0,824.0,824.0,400.0,400.0,400.0,406.0,406.0,406.0
1.0,2454.0,1278.0,1221.0,1200.0,1287.0,429.0,429.0,429.0,407.0,407.0,407.0,426.0,426.0,426.0,818.0,818.0,818.0,429.0,429.0,429.0,407.0,407.0,407.0
1.0,2376.0,1332.0,1224.0,1287.0,1341.0,447.0,447.0,447.0,408.0,408.0,408.0,444.0,444.0,444.0,792.0,792.0,792.0,447.0,447.0,447.0,408.0,408.0,408.0
1.0,2331.0,1323.0,1224.0,1341.0,1323.0,441.0,441.0,441.0,408.0,408.0,408.0,441.0,441.0,441.0,777.0,777.0,777.0,441.0,441.0,441.0,408.0,408.0,408.0
1.0,2349.0,1242.0,1224.0,1323.0,1242.0,414.0,414.0,414.0,408.0,408.0,408.0,414.0,414.0,414.0,783.0,783.0,783.0,414.0,414.0,414.0,408.0,408.0,408.0
1.0,2430.0,1137.0,1224.0,1242.0,1137.0,379.0,379.0,379.0,408.0,408.0,408.0,379.0,379.0,379.0,810.0,810.0,810.0,379.0,379.0,379.0,408.0,408.0,408.0
1.0,2535.0,1158.0,1221.0,1137.0,1149.0,383.0,383.0,383.0,407.0,407.0,407.0,386.0,386.0,386.0,845.0,845.0,845.0,383.0,383.0,383.0,407.0,407.0,407.0
1.0,2514.0,1233.0,1221.0,1149.0,1233.0,411.0,411.0,411.0,407.0,407.0,407.0,411.0,411.0,411.0,838.0,838.0,838.0,411.0,411.0,411.0,407.0,407.0,407.0
1.0,2430.0,1230.0,1221.0,1233.0,1230.0,410.0,410.0,410.0,407.0,407.0,407.0,410.0,410.0,410.0,810.0,810.0,810.0,410.0,410.0,410.0,407.0,407.0,407.0
1.0,2433.0,1251.0,1224.0,1230.0,1260.0,420.0,420.0,420.0,408.0,408.0,408.0,417.0,417.0,417.0,811.0,811.0,811.0,420.0,420.0,420.0,408.0,408.0,408.0
1.0,2412.0,1200.0,1224.0,1260.0,1200.0,400.0,400.0,400.0,408.0,408.0,408.0,400.0,400.0,400.0,804.0,804.0,804.0,400.0,400.0,400.0,408.0,408.0,408.0
1.0,2472.0,1221.0,1224.0,1200.0,1221.0,407.0,407.0,407.0,408.0,408.0,408.0,407.0,407.0,407.0,824.0,824.0,824.0,407.0,407.0,407.0,408.0,408.0,408.0
1.0,2451.0,1179.0,1221.0,1221.0,1170.0,390.0,390.0,390.0,407.0,407.0,407.0,393.0,393.0,393.0,817.0,817.0,817.0,390.0,390.0,390.0,407.0,407.0,407.0
1.0,2493.0,1179.0,1218.0,1170.0,1170.0,390.0,390.0,390.0,406.0,406.0,406.0,393.0,393.0,393.0,831.0,831.0,831.0,390.0,390.0,390.0,406.0,406.0,406.0
1.0,2484.0,1233.0,1218.0,1170.0,1233.0,411.0,411.0,411.0,406.0,406.0,406.0,411.0,411.0,411.0,828.0,828.0,828.0,411.0,411.0,411.0,406.0,406.0,406.0
1.0,2421.0,1272.0,1221.0,1233.0,1281.0,427.0,427.0,427.0,407.0,407.0,407.0,424.0,424.0,424.0,807.0,807.0,807.0,427.0,427.0,427.0,407.0,407.0,407.0
1.0,2382.0,1311.0,1224.0,1281.0,1320.0,440.0,440.0,440.0,408.0,408.0,408.0,437.0,437.0,437.0,794.0,794.0,794.0,440.0,440.0,440.0,408.0,408.0,408.0
1.0,2352.0,1236.0,1224.0,1320.0,1236.0,412.0,412.0,412.0,408.0,408.0,408.0,412.0,412.0,412.0,784.0,784.0,784.0,412.0,412.0,412.0,408.0,408.0,408.0
1.0,2436.0,1194.0,1221.0,1236.0,1185.0,395.0,395.0,395.0,407.0,407.0,407.0,398.0,398.0,398.0,812.0,812.0,812.0,395.0,395.0,395.0,407.0,407.0,407.0
1.0,2478.0,1167.0,1221.0,1185.0,1167.0,389.0,389.0,389.0,407.0,407.0,407.0,389.0,389.0,389.0,826.0,826.0,826.0,389.0,389.0,389.0,407.0,407.0,407.0
1.0,2496.0,1197.0,1221.0,1167.0,1197.0,399.0,399.0,399.0,407.0,407.0,407.0,399.0,399.0,399.0,832.0,832.0,832.0,399.0,399.0,399.0,407.0,407.0,407.0
1.0,2466.0,1296.0,1221.0,1197.0,1296.0,432.0,432.0,432.0,407.0,407.0,407.0,432.0,432.0,432.0,822.0,822.0,822.0,432.0,432.0,432.0,407.0,407.0,407.0
1.0,2367.0,1311.0,1224.0,1296.0,1320.0,440.0,440.0,440.0,408.0,408.0,408.0,437.0,437.0,437.0,789.0,789.0,789.0,440.0,440.0,440.0,408.0,408.0,408.0
1.0,2352.0,1263.0,1224.0,1320.0,1263.0,421.0,421.0,421.0,408.0,408.0,408.0,421.0,421.0,421.0,784.0,784.0,784.0,421.0,421.0,421.0,408.0,408.0,408.0
1.0,2409.0,1200.0,1224.0,1263.0,1200.0,400.0,400.0,400.0,408.0,408.0,408.0,400.0,400.0,400.0,803.0,803.0,803.0,400.0,400.0,400.0,408.0,408.0,408.0
1.0,2472.0,1242.0,1224.0,1200.0,1242.0,414.0,414.0,414.0,408.0,408.0,408.0,414.0,414.0,414.0,824.0,824.0,824.0,414.0,414.0,414.0,408.0,408.0,408.0
1.0,2430.0,1191.0,1224.0,1242.0,1191.0,397.0,397.0,397.0,408.0,408.0,408.0,397.0,397.0,397.0,810.0,810.0,810.0,397.0,397.0,397.0,408.0,408.0,408.0
1.0,2481.0,1176.0,1224.0,1191.0,1176.0,392.0,392.0,392.0,408.0,408.0,408.0,392.0,392.0,392.0,827.0,827.0,827.0,392.0,392.0,392.0,408.0,408.0,408.0
1.0,2496.0,1233.0,1224.0,1176.0,1233.0,411.0,411.0,411.0,408.0,408.0,408.0,411.0,411.0,411.0,832.0,832.0,832.0,411.0,411.0,411.0,408.0,408.0,408.0
1.0,2439.0,1248.0,1227.0,1233.0,1257.0,419.0,419.0,419.0,409.0,409.0,409.0,416.0,416.0,416.0,813.0,813.0,813.0,419.0,419.0,419.0,409.0,409.0,409.0
1.0,2424.0,1302.0,1227.0,1257.0,1302.0,434.0,434.0,434.0,409.0,409.0,409.0,434.0,434.0,434.0,808.0,808.0,808.0,434.0,434.0,434.0,409.0,409.0,409.0
1.0,2379.0,1260.0,1230.0,1302.0,1269.0,423.0,423.0,423.0,410.0,410.0,410.0,420.0,420.0,420.0,793.0,793.0,793.0,423.0,423.0,423.0,410.0,410.0,410.0
1.0,2421.0,1272.0,1230.0,1269.0,1272.0,424.0,424.0,424.0,410.0,410.0,410.0,424.0,424.0,424.0,807.0,807.0,807.0,424.0,424.0,424.0,410.0,410.0,410.0
1.0,2418.0,1197.0,1227.0,1272.0,1188.0,396.0,396.0,396.0,409.0,409.0,409.0,399.0,399.0,399.0,806.0,806.0,806.0,396.0,396.0,396.0,409.0,409.0,409.0
1.0,2493.0,1230.0,1227.0,1188.0,1230.0,410.0,410.0,410.0,409.0,409.0,409.0,410.0,410.0,410.0,831.0,831.0,831.0,410.0,410.0,410.0,409.0,409.0,409.0
1.0,2451.0,1248.0,1230.0,1230.0,1257.0,419.0,419.0,419.0,410.0,410.0,410.0,416.0,416.0,416.0,817.0,817.0,817.0,419.0,419.0,419.0,410.0,410.0,410.0
1.0,2433.0,1323.0,1233.0,1257.0,1332.0,444.0,444.0,444.0,411.0,411.0,411.0,441.0,441.0,441.0,811.0,811.0,811.0,444.0,444.0,444.0,411.0,411.0,411.0
1.0,2367.0,1293.0,1236.0,1332.0,1302.0,434.0,434.0,434.0,412.0,412.0,412.0,431.0,431.0,431.0,789.0,789.0,789.0,434.0,434.0,434.0,412.0,412.0,412.0
1.0,2406.0,1293.0,1236.0,1302.0,1293.0,431.0,431.0,431.0,412.0,412.0,412.0,431.0,431.0,431.0,802.0,802.0,802.0,431.0,431.0,431.0,412.0,412.0,412.0
1.0,2415.0,1233.0,1236.0,1293.0,1233.0,411.0,411.0,411.0,412.0,412.0,412.0,411.0,411.0,411.0,805.0,805.0,805.0,411.0,411.0,411.0,412.0,412.0,412.0
1.0,2475.0,1170.0,1233.0,1233.0,1161.0,387.0,387.0,387.0,411.0,411.0,411.0,390.0,390.0,390.0,825.0,825.0,825.0,387.0,387.0,387.0,411.0,411.0,411.0
1.0,2538.0,1200.0,1233.0,1161.0,1200.0,400.0,400.0,400.0,411.0,411.0,411.0,400.0,400.0,400.0,846.0,846.0,846.0,400.0,400.0,400.0,411.0,411.0,411.0
1.0,2499.0,1284.0,1233.0,1200.0,1284.0,428.0,428.0,428.0,411.0,411.0,411.0,428.0,428.0,428.0,833.0,833.0,833.0,428.0,428.0,428.0,411.0,411.0,411.0
1.0,2415.0,1257.0,1236.0,1284.0,1266.0,422.0,422.0,422.0,412.0,412.0,412.0,419.0,419.0,419.0,805.0,805.0,805.0,422.0,422.0,422.0,412.0,412.0,412.0
1.0,2442.0,1284.0,1236.0,1266.0,1284.0,428.0,428.0,428.0,412.0,412.0,412.0,428.0,428.0,428.0,814.0,814.0,814.0,428.0,428.0,428.0,412.0,412.0,412.0
1.0,2424.0,1329.0,1239.0,1284.0,1338.0,446.0,446.0,446.0,413.0,413.0,413.0,443.0,443.0,443.0,808.0,808.0,808.0,446.0,446.0,446.0,413.0,413.0,413.0
1.0,2379.0,1257.0,1239.0,1338.0,1257.0,419.0,419.0,419.0,413.0,413.0,413.0,419.0,419.0,419.0,793.0,793.0,793.0,419.0,419.0,419.0,413.0,413.0,413.0
1.0,2460.0,1197.0,1236.0,1257.0,1188.0,396.0,396.0,396.0,412.0,412.0,412.0,399.0,399.0,399.0,820.0,820.0,820.0,396.0,396.0,396.0,412.0,412.0,412.0
1.0,2520.0,1236.0,1236.0,1188.0,1236.0,412.0,412.0,412.0,412.0,412.0,412.0,412.0,412.0,412.0,840.0,840.0,840.0,412.0,412.0,412.0,412.0,412.0,412.0
1.0,2472.0,1272.0,1239.0,1236.0,1281.0,427.0,427.0,427.0,413.0,413.0,413.0,424.0,424.0,424.0,824.0,824.0,824.0,427.0,427.0,427.0,413.0,413.0,413.0
1.0,2436.0,1332.0,1242.0,1281.0,1341.0,447.0,447.0,447.0,414.0,414.0,414.0,444.0,444.0,444.0,812.0,812.0,812.0,447.0,447.0,447.0,414.0,414.0,414.0
1.0,2385.0,1335.0,1245.0,1341.0,1344.0,448.0,448.0,448.0,415.0,415.0,415.0,445.0,445.0,445.0,795.0,795.0,795.0,448.0,448.0,448.0,415.0,415.0,415.0
1.0,2391.0,1269.0,1245.0,1344.0,1269.0,423.0,423.0,423.0,415.0,415.0,415.0,423.0,423.0,423.0,797.0,797.0,797.0,423.0,423.0,423.0,415.0,415.0,415.0
1.0,2466.0,1266.0,1245.0,1269.0,1266.0,422.0,422.0,422.0,415.0,415.0,415.0,422.0,422.0,422.0,822.0,822.0,822.0,422.0,422.0,422.0,415.0,415.0,415.0
1.0,2469.0,1191.0,1242.0,1266.0,1182.0,394.0,394.0,394.0,414.0,414.0,414.0,397.0,397.0,397.0,823.0,823.0,823.0,394.0,394.0,394.0,414.0,414.0,414.0
1.0,2544.0,1245.0,1242.0,1182.0,1245.0,415.0,415.0,415.0,414.0,414.0,414.0,415.0,415.0,415.0,848.0,848.0,848.0,415.0,415.0,415.0,414.0,414.0,414.0
1.0,2481.0,1278.0,1242.0,1245.0,1278.0,426.0,426.0,426.0,414.0,414.0,414.0,426.0,426.0,426.0,827.0,827.0,827.0,426.0,426.0,426.0,414.0,414.0,414.0
1.0,2448.0,1377.0,1248.0,1278.0,1395.0,465.0,465.0,465.0,416.0,416.0,416.0,459.0,459.0,459.0,816.0,816.0,816.0,465.0,465.0,465.0,416.0,416.0,416.0
1.0,2349.0,1341.0,1251.0,1395.0,1350.0,450.0,450.0,450.0,417.0,417.0,417.0,447.0,447.0,447.0,783.0,783.0,783.0,450.0,450.0,450.0,417.0,417.0,417.0
1.0,2403.0,1305.0,1251.0,1350.0,1305.0,435.0,435.0,435.0,417.0,417.0,417.0,435.0,435.0,435.0,801.0,801.0,801.0,435.0,435.0,435.0,417.0,417.0,417.0
1.0,2448.0,1302.0,1254.0,1305.0,1311.0,437.0,437.0,437.0,418.0,418.0,418.0,434.0,434.0,434.0,816.0,816.0,816.0,437.0,437.0,437.0,418.0,418.0,418.0
1.0,2451.0,1218.0,1254.0,1311.0,1218.0,406.0,406.0,406.0,418.0,418.0,418.0,406.0,406.0,406.0,817.0,817.0,817.0,406.0,406.0,406.0,418.0,418.0,418.0
1.0,2544.0,1212.0,1254.0,1218.0,1212.0,404.0,404.0,404.0,418.0,418.0,418.0,404.0,404.0,404.0,848.0,848.0,848.0,404.0,404.0,404.0,418.0,418.0,418.0
1.0,2550.0,1257.0,1254.0,1212.0,1257.0,419.0,419.0,419.0,418.0,418.0,418.0,419.0,419.0,419.0,850.0,850.0,850.0,419.0,419.0,419.0,418.0,418.0,418.0
1.0,2505.0,1335.0,1257.0,1257.0,1344.0,448.0,448.0,448.0,419.0,419.0,419.0,445.0,445.0,445.0,835.0,835.0,835.0,448.0,448.0,448.0,419.0,419.0,419.0
1.0,2427.0,1350.0,1260.0,1344.0,1359.0,453.0,453.0,453.0,420.0,420.0,420.0,450.0,450.0,450.0,809.0,809.0,809.0,453.0,453.0,453.0,420.0,420.0,420.0
1.0,2421.0,1338.0,1263.0,1359.0,1347.0,449.0,449.0,449.0,421.0,421.0,421.0,446.0,446.0,446.0,807.0,807.0,807.0,449.0,449.0,449.0,421.0,421.0,421.0
1.0,2442.0,1257.0,1263.0,1347.0,1257.0,419.0,419.0,419.0,421.0,421.0,421.0,419.0,419.0,419.0,814.0,814.0,814.0,419.0,419.0,419.0,421.0,421.0,421.0
1.0,2532.0,1200.0,1260.0,1257.0,1191.0,397.0,397.0,397.0,420.0,420.0,420.0,400.0,400.0,400.0,844.0,844.0,844.0,397.0,397.0,397.0,420.0,420.0,420.0
1.0,2589.0,1230.0,1260.0,1191.0,1230.0,410.0,410.0,410.0,420.0,420.0,420.0,410.0,410.0,410.0,863.0,863.0,863.0,410.0,410.0,410.0,420.0,420.0,420.0
1.0,2550.0,1275.0,1260.0,1230.0,1275.0,425.0,425.0,425.0,420.0,420.0,420.0,425.0,425.0,425.0,850.0,850.0,850.0,425.0,425.0,425.0,420.0,420.0,420.0
1.0,2505.0,1311.0,1263.0,1275.0,1320.0,440.0,440.0,440.0,421.0,421.0,421.0,437.0,437.0,437.0,835.0,835.0,835.0,440.0,440.0,440.0,421.0,421.0,421.0
1.0,2469.0,1335.0,1266.0,1320.0,1344.0,448.0,448.0,448.0,422.0,422.0,422.0,445.0,445.0,445.0,823.0,823.0,823.0,448.0,448.0,448.0,422.0,422.0,422.0
1.0,2454.0,1311.0,1266.0,1344.0,1311.0,437.0,437.0,437.0,422.0,422.0,422.0,437.0,437.0,437.0,818.0,818.0,818.0,437.0,437.0,437.0,422.0,422.0,422.0
1.0,2487.0,1272.0,1266.0,1311.0,1272.0,424.0,424.0,424.0,422.0,422.0,422.0,424.0,424.0,424.0,829.0,829.0,829.0,424.0,424.0,424.0,422.0,422.0,422.0
1.0,2526.0,1215.0,1266.0,1272.0,1215.0,405.0,405.0,405.0,422.0,422.0,422.0,405.0,405.0,405.0,842.0,842.0,842.0,405.0,405.0,405.0,422.0,422.0,422.0
1.0,2583.0,1266.0,1266.0,1215.0,1266.0,422.0,422.0,422.0,422.0,422.0,422.0,422.0,422.0,422.0,861.0,861.0,861.0,422.0,422.0,422.0,422.0,422.0,422.0
1.0,2532.0,1254.0,1266.0,1266.0,1254.0,418.0,418.0,418.0,422.0,422.0,422.0,418.0,418.0,418.0,844.0,844.0,844.0,418.0,418.0,418.0,422.0,422.0,422.0
1.0,2544.0,1323.0,1269.0,1254.0,1332.0,444.0,444.0,444.0,423.0,423.0,423.0,441.0,441.0,441.0,848.0,848.0,848.0,444.0,444.0,444.0,423.0,423.0,423.0
1.0,2475.0,1317.0,1272.0,1332.0,1326.0,442.0,442.0,442.0,424.0,424.0,424.0,439.0,439.0,439.0,825.0,825.0,825.0,442.0,442.0,442.0,424.0,424.0,424.0
1.0,2490.0,1290.0,1272.0,1326.0,1290.0,430.0,430.0,430.0,424.0,424.0,424.0,430.0,430.0,430.0,830.0,830.0,830.0,430.0,430.0,430.0,424.0,424.0,424.0
1.0,2526.0,1278.0,1272.0,1290.0,1278.0,426.0,426.0,426.0,424.0,424.0,424.0,426.0,426.0,426.0,842.0,842.0,842.0,426.0,426.0,426.0,424.0,424.0,424.0
1.0,2538.0,1236.0,1272.0,1278.0,1236.0,412.0,412.0,412.0,424.0,424.0,424.0,412.0,412.0,412.0,846.0,846.0,846.0,412.0,412.0,412.0,424.0,424.0,424.0
1.0,2580.0,1197.0,1272.0,1236.0,1197.0,399.0,399.0,399.0,424.0,424.0,424.0,399.0,399.0,399.0,860.0,860.0,860.0,399.0,399.0,399.0,424.0,424.0,424.0
1.0,2619.0,1323.0,1272.0,1197.0,1323.0,441.0,441.0,441.0,424.0,424.0,424.0,441.0,441.0,441.0,873.0,873.0,873.0,441.0,441.0,441.0,424.0,424.0,424.0
1.0,2493.0,1350.0,1275.0,1323.0,1359.0,453.0,453.0,453.0,425.0,425.0,425.0,450.0,450.0,450.0,831.0,831.0,831.0,453.0,453.0,453.0,425.0,425.0,425.0
1.0,2466.0,1362.0,1278.0,1359.0,1371.0,457.0,457.0,457.0,426.0,426.0,426.0,454.0,454.0,454.0,822.0,822.0,822.0,457.0,457.0,457.0,426.0,426.0,426.0
1.0,2463.0,1296.0,1278.0,1371.0,1296.0,432.0,432.0,432.0,426.0,426.0,426.0,432.0,432.0,432.0,821.0,821.0,821.0,432.0,432.0,432.0,426.0,426.0,426.0
1.0,2538.0,1194.0,1275.0,1296.0,1185.0,395.0,395.0,395.0,425.0,425.0,425.0,398.0,398.0,398.0,846.0,846.0,846.0,395.0,395.0,395.0,425.0,425.0,425.0
1.0,2640.0,1230.0,1275.0,1185.0,1230.0,410.0,410.0,410.0,425.0,425.0,425.0,410.0,410.0,410.0,880.0,880.0,880.0,410.0,410.0,410.0,425.0,425.0,425.0
1.0,2595.0,1230.0,1272.0,1230.0,1221.0,407.0,407.0,407.0,424.0,424.0,424.0,410.0,410.0,410.0,865.0,865.0,865.0,407.0,407.0,407.0,424.0,424.0,424.0
1.0,2595.0,1299.0,1275.0,1221.0,1308.0,436.0,436.0,436.0,425.0,425.0,425.0,433.0,433.0,433.0,865.0,865.0,865.0,436.0,436.0,436.0,425.0,425.0,425.0
1.0,2517.0,1359.0,1278.0,1308.0,1368.0,456.0,456.0,456.0,426.0,426.0,426.0,453.0,453.0,453.0,839.0,839.0,839.0,456.0,456.0,456.0,426.0,426.0,426.0
1.0,2466.0,1347.0,1281.0,1368.0,1356.0,452.0,452.0,452.0,427.0,427.0,427.0,449.0,449.0,449.0,822.0,822.0,822.0,452.0,452.0,452.0,427.0,427.0,427.0
1.0,2487.0,1317.0,1281.0,1356.0,1317.0,439.0,439.0,439.0,427.0,427.0,427.0,439.0,439.0,439.0,829.0,829.0,829.0,439.0,439.0,439.0,427.0,427.0,427.0
1.0,2526.0,1269.0,1281.0,1317.0,1269.0,423.0,423.0,423.0,427.0,427.0,427.0,423.0,423.0,423.0,842.0,842.0,842.0,423.0,423.0,423.0,427.0,427.0,427.0
1.0,2574.0,1248.0,1281.0,1269.0,1248.0,416.0,416.0,416.0,427.0,427.0,427.0,416.0,416.0,416.0,858.0,858.0,858.0,416.0,416.0,416.0,427.0,427.0,427.0
1.0,2595.0,1245.0,1281.0,1248.0,1245.0,415.0,415.0,415.0,427.0,427.0,427.0,415.0,415.0,415.0,865.0,865.0,865.0,415.0,415.0,415.0,427.0,427.0,427.0
1.0,2598.0,1305.0,1281.0,1245.0,1305.0,435.0,435.0,435.0,427.0,427.0,427.0,435.0,435.0,435.0,866.0,866.0,866.0,435.0,435.0,435.0,427.0,427.0,427.0
1.0,2538.0,1311.0,1284.0,1305.0,1320.0,440.0,440.0,440.0,428.0,428.0,428.0,437.0,437.0,437.0,846.0,846.0,846.0,440.0,440.0,440.0,428.0,428.0,428.0
1.0,2532.0,1329.0,1284.0,1320.0,1329.0,443.0,443.0,443.0,428.0,428.0,428.0,443.0,443.0,443.0,844.0,844.0,844.0,443.0,443.0,443.0,428.0,428.0,428.0
1.0,2523.0,1359.0,1287.0,1329.0,1368.0,456.0,456.0,456.0,429.0,429.0,429.0,453.0,453.0,453.0,841.0,841.0,841.0,456.0,456.0,456.0,429.0,429.0,429.0
1.0,2493.0,1257.0,1284.0,1368.0,1248.0,416.0,416.0,416.0,428.0,428.0,428.0,419.0,419.0,419.0,831.0,831.0,831.0,416.0,416.0,416.0,428.0,428.0,428.0
1.0,2604.0,1257.0,1284.0,1248.0,1257.0,419.0,419.0,419.0,428.0,428.0,428.0,419.0,419.0,419.0,868.0,868.0,868.0,419.0,419.0,419.0,428.0,428.0,428.0
1.0,2595.0,1254.0,1284.0,1257.0,1254.0,418.0,418.0,418.0,428.0,428.0,428.0,418.0,418.0,418.0,865.0,865.0,865.0,418.0,418.0,418.0,428.0,428.0,428.0
1.0,2598.0,1281.0,1284.0,1254.0,1281.0,427.0,427.0,427.0,428.0,428.0,428.0,427.0,427.0,427.0,866.0,866.0,866.0,427.0,427.0,427.0,428.0,428.0,428.0
1.0,2571.0,1341.0,1287.0,1281.0,1350.0,450.0,450.0,450.0,429.0,429.0,429.0,447.0,447.0,447.0,857.0,857.0,857.0,450.0,450.0,450.0,429.0,429.0,429.0
1.0,2511.0,1380.0,1290.0,1350.0,1389.0,463.0,463.0,463.0,430.0,430.0,430.0,460.0,460.0,460.0,837.0,837.0,837.0,463.0,463.0,463.0,430.0,430.0,430.0
1.0,2481.0,1368.0,1290.0,1389.0,1368.0,456.0,456.0,456.0,430.0,430.0,430.0,456.0,456.0,456.0,827.0,827.0,827.0,456.0,456.0,456.0,430.0,430.0,430.0
1.0,2502.0,1251.0,1287.0,1368.0,1242.0,414.0,414.0,414.0,429.0,429.0,429.0,417.0,417.0,417.0,834.0,834.0,834.0,414.0,414.0,414.0,429.0,429.0,429.0
1.0,2619.0,1269.0,1287.0,1242.0,1269.0,423.0,423.0,423.0,429.0,429.0,429.0,423.0,423.0,423.0,873.0,873.0,873.0,423.0,423.0,423.0,429.0,429.0,429.0
1.0,2592.0,1251.0,1287.0,1269.0,1251.0,417.0,417.0,417.0,429.0,429.0,429.0,417.0,417.0,417.0,864.0,864.0,864.0,417.0,417.0,417.0,429.0,429.0,429.0
1.0,2610.0,1320.0,1287.0,1251.0,1320.0,440.0,440.0,440.0,429.0,429.0,429.0,440.0,440.0,440.0,870.0,870.0,870.0,440.0,440.0,440.0,429.0,429.0,429.0
1.0,2541.0,1356.0,1290.0,1320.0,1365.0,455.0,455.0,455.0,430.0,430.0,430.0,452.0,452.0,452.0,847.0,847.0,847.0,455.0,455.0,455.0,430.0,430.0,430.0
1.0,2505.0,1380.0,1293.0,1365.0,1389.0,463.0,463.0,463.0,431.0,431.0,431.0,460.0,460.0,460.0,835.0,835.0,835.0,463.0,463.0,463.0,431.0,431.0,431.0
1.0,2490.0,1317.0,1293.0,1389.0,1317.0,439.0,439.0,439.0,431.0,431.0,431.0,439.0,439.0,439.0,830.0,830.0,830.0,439.0,439.0,439.0,431.0,431.0,431.0
1.0,2562.0,1206.0,1290.0,1317.0,1197.0,399.0,399.0,399.0,430.0,430.0,430.0,402.0,402.0,402.0,854.0,854.0,854.0,399.0,399.0,399.0,430.0,430.0,430.0
1.0,2673.0,1254.0,1290.0,1197.0,1254.0,418.0,418.0,418.0,430.0,430.0,430.0,418.0,418.0,418.0,891.0,891.0,891.0,418.0,418.0,418.0,430.0,430.0,430.0
1.0,2616.0,1287.0,1287.0,1254.0,1278.0,426.0,426.0,426.0,429.0,429.0,429.0,429.0,429.0,429.0,872.0,872.0,872.0,426.0,426.0,426.0,429.0,429.0,429.0
1.0,2583.0,1287.0,1287.0,1278.0,1287.0,429.0,429.0,429.0,429.0,429.0,429.0,429.0,429.0,429.0,861.0,861.0,861.0,429.0,429.0,429.0,429.0,429.0,429.0
1.0,2574.0,1350.0,1290.0,1287.0,1359.0,453.0,453.0,453.0,430.0,430.0,430.0,450.0,450.0,450.0,858.0,858.0,858.0,453.0,453.0,453.0,430.0,430.0,430.0
1.0,2511.0,1392.0,1293.0,1359.0,1401.0,467.0,467.0,467.0,431.0,431.0,431.0,464.0,464.0,464.0,837.0,837.0,837.0,467.0,467.0,467.0,431.0,431.0,431.0
1.0,2478.0,1332.0,1296.0,1401.0,1341.0,447.0,447.0,447.0,432.0,432.0,432.0,444.0,444.0,444.0,826.0,826.0,826.0,447.0,447.0,447.0,432.0,432.0,432.0
1.0,2547.0,1290.0,1296.0,1341.0,1290.0,430.0,430.0,430.0,432.0,432.0,432.0,430.0,430.0,430.0,849.0,849.0,849.0,430.0,430.0,430.0,432.0,432.0,432.0
1.0,2598.0,1236.0,1293.0,1290.0,1227.0,409.0,409.0,409.0,431.0,431.0,431.0,412.0,412.0,412.0,866.0,866.0,866.0,409.0,409.0,409.0,431.0,431.0,431.0
1.0,2652.0,1251.0,1293.0,1227.0,1251.0,417.0,417.0,417.0,431.0,431.0,431.0,417.0,417.0,417.0,884.0,884.0,884.0,417.0,417.0,417.0,431.0,431.0,431.0
1.0,2628.0,1371.0,1293.0,1251.0,1371.0,457.0,457.0,457.0,431.0,431.0,431.0,457.0,457.0,457.0,876.0,876.0,876.0,457.0,457.0,457.0,431.0,431.0,431.0
1.0,2508.0,1371.0,1296.0,1371.0,1380.0,460.0,460.0,460.0,432.0,432.0,432.0,457.0,457.0,457.0,836.0,836.0,836.0,460.0,460.0,460.0,432.0,432.0,432.0
1.0,2508.0,1341.0,1299.0,1380.0,1350.0,450.0,450.0,450.0,433.0,433.0,433.0,447.0,447.0,447.0,836.0,836.0,836.0,450.0,450.0,450.0,433.0,433.0,433.0
1.0,2547.0,1392.0,1302.0,1350.0,1401.0,467.0,467.0,467.0,434.0,434.0,434.0,464.0,464.0,464.0,849.0,849.0,849.0,467.0,467.0,467.0,434.0,434.0,434.0
1.0,2505.0,1281.0,1299.0,1401.0,1272.0,424.0,424.0,424.0,433.0,433.0,433.0,427.0,427.0,427.0,835.0,835.0,835.0,424.0,424.0,424.0,433.0,433.0,433.0
1.0,2625.0,1302.0,1299.0,1272.0,1302.0,434.0,434.0,434.0,433.0,433.0,433.0,434.0,434.0,434.0,875.0,875.0,875.0,434.0,434.0,434.0,433.0,433.0,433.0
1.0,2595.0,1239.0,1299.0,1302.0,1239.0,413.0,413.0,413.0,433.0,433.0,433.0,413.0,413.0,413.0,865.0,865.0,865.0,413.0,413.0,413.0,433.0,433.0,433.0
1.0,2658.0,1332.0,1299.0,1239.0,1332.0,444.0,444.0,444.0,433.0,433.0,433.0,444.0,444.0,444.0,886.0,886.0,886.0,444.0,444.0,444.0,433.0,433.0,433.0
1.0,2565.0,1395.0,1302.0,1332.0,1404.0,468.0,468.0,468.0,434.0,434.0,434.0,465.0,465.0,465.0,855.0,855.0,855.0,468.0,468.0,468.0,434.0,434.0,434.0
1.0,2502.0,1386.0,1308.0,1404.0,1404.0,468.0,468.0,468.0,436.0,436.0,436.0,462.0,462.0,462.0,834.0,834.0,834.0,468.0,468.0,468.0,436.0,436.0,436.0
1.0,2520.0,1380.0,1308.0,1404.0,1380.0,460.0,460.0,460.0,436.0,436.0,436.0,460.0,460.0,460.0,840.0,840.0,840.0,460.0,460.0,460.0,436.0,436.0,436.0
1.0,2544.0,1284.0,1308.0,1380.0,1284.0,428.0,428.0,428.0,436.0,436.0,436.0,428.0,428.0,428.0,848.0,848.0,848.0,428.0,428.0,428.0,436.0,436.0,436.0
1.0,2640.0,1272.0,1305.0,1284.0,1263.0,421.0,421.0,421.0,435.0,435.0,435.0,424.0,424.0,424.0,880.0,880.0,880.0,421.0,421.0,421.0,435.0,435.0,435.0
1.0,2652.0,1260.0,1305.0,1263.0,1260.0,420.0,420.0,420.0,435.0,435.0,435.0,420.0,420.0,420.0,884.0,884.0,884.0,420.0,420.0,420.0,435.0,435.0,435.0
1.0,2655.0,1356.0,1308.0,1260.0,1365.0,455.0,455.0,455.0,436.0,436.0,436.0,452.0,452.0,452.0,885.0,885.0,885.0,455.0,455.0,455.0,436.0,436.0,436.0
1.0,2559.0,1335.0,1308.0,1365.0,1335.0,445.0,445.0,445.0,436.0,436.0,436.0,445.0,445.0,445.0,853.0,853.0,853.0,445.0,445.0,445.0,436.0,436.0,436.0
1.0,2589.0,1368.0,1311.0,1335.0,1377.0,459.0,459.0,459.0,437.0,437.0,437.0,456.0,456.0,456.0,863.0,863.0,863.0,459.0,459.0,459.0,437.0,437.0,437.0
1.0,2556.0,1299.0,1311.0,1377.0,1299.0,433.0,433.0,433.0,437.0,437.0,437.0,433.0,433.0,433.0,852.0,852.0,852.0,433.0,433.0,433.0,437.0,437.0,437.0
1.0,2634.0,1269.0,1311.0,1299.0,1269.0,423.0,423.0,423.0,437.0,437.0,437.0,423.0,423.0,423.0,878.0,878.0,878.0,423.0,423.0,423.0,437.0,437.0,437.0
1.0,2664.0,1278.0,1308.0,1269.0,1269.0,423.0,423.0,423.0,436.0,436.0,436.0,426.0,426.0,426.0,888.0,888.0,888.0,423.0,423.0,423.0,436.0,436.0,436.0
1.0,2655.0,1284.0,1308.0,1269.0,1284.0,428.0,428.0,428.0,436.0,436.0,436.0,428.0,428.0,428.0,885.0,885.0,885.0,428.0,428.0,428.0,436.0,436.0,436.0
1.0,2640.0,1311.0,1308.0,1284.0,1311.0,437.0,437.0,437.0,436.0,436.0,436.0,437.0,437.0,437.0,880.0,880.0,880.0,437.0,437.0,437.0,436.0,436.0,436.0
1.0,2613.0,1407.0,1311.0,1311.0,1416.0,472.0,472.0,472.0,437.0,437.0,437.0,469.0,469.0,469.0,871.0,871.0,871.0,472.0,472.0,472.0,437.0,437.0,437.0
1.0,2517.0,1353.0,1314.0,1416.0,1362.0,454.0,454.0,454.0,438.0,438.0,438.0,451.0,451.0,451.0,839.0,839.0,839.0,454.0,454.0,454.0,438.0,438.0,438.0
1.0,2580.0,1311.0,1314.0,1362.0,1311.0,437.0,437.0,437.0,438.0,438.0,438.0,437.0,437.0,437.0,860.0,860.0,860.0,437.0,437.0,437.0,438.0,438.0,438.0
1.0,2631.0,1320.0,1314.0,1311.0,1320.0,440.0,440.0,440.0,438.0,438.0,438.0,440.0,440.0,440.0,877.0,877.0,877.0,440.0,440.0,440.0,438.0,438.0,438.0
1.0,2622.0,1317.0,1314.0,1320.0,1317.0,439.0,439.0,439.0,438.0,438.0,438.0,439.0,439.0,439.0,874.0,874.0,874.0,439.0,439.0,439.0,438.0,438.0,438.0
1.0,2625.0,1320.0,1314.0,1317.0,1320.0,440.0,440.0,440.0,438.0,438.0,438.0,440.0,440.0,440.0,875.0,875.0,875.0,440.0,440.0,440.0,438.0,438.0,438.0
1.0,2622.0,1368.0,1317.0,1320.0,1377.0,459.0,459.0,459.0,439.0,439.0,439.0,456.0,456.0,456.0,874.0,874.0,874.0,459.0,459.0,459.0,439.0,439.0,439.0
1.0,2574.0,1371.0,1317.0,1377.0,1371.0,457.0,457.0,457.0,439.0,439.0,439.0,457.0,457.0,457.0,858.0,858.0,858.0,457.0,457.0,457.0,439.0,439.0,439.0
1.0,2580.0,1416.0,1320.0,1371.0,1425.0,475.0,475.0,475.0,440.0,440.0,440.0,472.0,472.0,472.0,860.0,860.0,860.0,475.0,475.0,475.0,440.0,440.0,440.0
1.0,2535.0,1356.0,1323.0,1425.0,1365.0,455.0,455.0,455.0,441.0,441.0,441.0,452.0,452.0,452.0,845.0,845.0,845.0,455.0,455.0,455.0,441.0,441.0,441.0
1.0,2604.0,1296.0,1320.0,1365.0,1287.0,429.0,429.0,429.0,440.0,440.0,440.0,432.0,432.0,432.0,868.0,868.0,868.0,429.0,429.0,429.0,440.0,440.0,440.0
1.0,2673.0,1299.0,1320.0,1287.0,1299.0,433.0,433.0,433.0,440.0,440.0,440.0,433.0,433.0,433.0,891.0,891.0,891.0,433.0,433.0,433.0,440.0,440.0,440.0
1.0,2661.0,1299.0,1320.0,1299.0,1299.0,433.0,433.0,433.0,440.0,440.0,440.0,433.0,433.0,433.0,887.0,887.0,887.0,433.0,433.0,433.0,440.0,440.0,440.0
1.0,2661.0,1350.0,1320.0,1299.0,1350.0,450.0,450.0,450.0,440.0,440.0,440.0,450.0,450.0,450.0,887.0,887.0,887.0,450.0,450.0,450.0,440.0,440.0,440.0
1.0,2610.0,1404.0,1323.0,1350.0,1413.0,471.0,471.0,471.0,441.0,441.0,441.0,468.0,468.0,468.0,870.0,870.0,870.0,471.0,471.0,471.0,441.0,441.0,441.0
1.0,2556.0,1347.0,1326.0,1413.0,1356.0,452.0,452.0,452.0,442.0,442.0,442.0,449.0,449.0,449.0,852.0,852.0,852.0,452.0,452.0,452.0,442.0,442.0,442.0
1.0,2622.0,1350.0,1326.0,1356.0,1350.0,450.0,450.0,450.0,442.0,442.0,442.0,450.0,450.0,450.0,874.0,874.0,874.0,450.0,450.0,450.0,442.0,442.0,442.0
1.0,2628.0,1308.0,1326.0,1350.0,1308.0,436.0,436.0,436.0,442.0,442.0,442.0,436.0,436.0,436.0,876.0,876.0,876.0,436.0,436.0,436.0,442.0,442.0,442.0
1.0,2670.0,1302.0,1323.0,1308.0,1293.0,431.0,431.0,431.0,441.0,441.0,441.0,434.0,434.0,434.0,890.0,890.0,890.0,431.0,431.0,431.0,441.0,441.0,441.0
1.0,2676.0,1296.0,1323.0,1293.0,1296.0,432.0,432.0,432.0,441.0,441.0,441.0,432.0,432.0,432.0,892.0,892.0,892.0,432.0,432.0,432.0,441.0,441.0,441.0
1.0,2673.0,1326.0,1326.0,1296.0,1335.0,445.0,445.0,445.0,442.0,442.0,442.0,442.0,442.0,442.0,891.0,891.0,891.0,445.0,445.0,445.0,442.0,442.0,442.0
1.0,2643.0,1380.0,1326.0,1335.0,1380.0,460.0,460.0,460.0,442.0,442.0,442.0,460.0,460.0,460.0,881.0,881.0,881.0,460.0,460.0,460.0,442.0,442.0,442.0
1.0,2598.0,1368.0,1329.0,1380.0,1377.0,459.0,459.0,459.0,443.0,443.0,443.0,456.0,456.0,456.0,866.0,866.0,866.0,459.0,459.0,459.0,443.0,443.0,443.0
1.0,2610.0,1362.0,1329.0,1377.0,1362.0,454.0,454.0,454.0,443.0,443.0,443.0,454.0,454.0,454.0,870.0,870.0,870.0,454.0,454.0,454.0,443.0,443.0,443.0
1.0,2625.0,1284.0,1329.0,1362.0,1284.0,428.0,428.0,428.0,443.0,443.0,443.0,428.0,428.0,428.0,875.0,875.0,875.0,428.0,428.0,428.0,443.0,443.0,443.0
1.0,2703.0,1311.0,1329.0,1284.0,1311.0,437.0,437.0,437.0,443.0,443.0,443.0,437.0,437.0,437.0,901.0,901.0,901.0,437.0,437.0,437.0,443.0,443.0,443.0
1.0,2676.0,1335.0,1329.0,1311.0,1335.0,445.0,445.0,445.0,443.0,443.0,443.0,445.0,445.0,445.0,892.0,892.0,892.0,445.0,445.0,445.0,443.0,443.0,443.0
1.0,2652.0,1311.0,1329.0,1335.0,1311.0,437.0,437.0,437.0,443.0,443.0,443.0,437.0,437.0,437.0,884.0,884.0,884.0,437.0,437.0,437.0,443.0,443.0,443.0
1.0,2676.0,1422.0,1332.0,1311.0,1431.0,477.0,477.0,477.0,444.0,444.0,444.0,474.0,474.0,474.0,892.0,892.0,892.0,477.0,477.0,477.0,444.0,444.0,444.0
1.0,2565.0,1422.0,1335.0,1431.0,1431.0,477.0,477.0,477.0,445.0,445.0,445.0,474.0,474.0,474.0,855.0,855.0,855.0,477.0,477.0,477.0,445.0,445.0,445.0
1.0,2574.0,1308.0,1335.0,1431.0,1308.0,436.0,436.0,436.0,445.0,445.0,445.0,436.0,436.0,436.0,858.0,858.0,858.0,436.0,436.0,436.0,445.0,445.0,445.0
1.0,2697.0,1335.0,1332.0,1308.0,1326.0,442.0,442.0,442.0,444.0,444.0,444.0,445.0,445.0,445.0,899.0,899.0,899.0,442.0,442.0,442.0,444.0,444.0,444.0
1.0,2670.0,1374.0,1335.0,1326.0,1383.0,461.0,461.0,461.0,445.0,445.0,445.0,458.0,458.0,458.0,890.0,890.0,890.0,461.0,461.0,461.0,445.0,445.0,445.0
1.0,2622.0,1302.0,1332.0,1383.0,1293.0,431.0,431.0,431.0,444.0,444.0,444.0,434.0,434.0,434.0,874.0,874.0,874.0,431.0,431.0,431.0,444.0,444.0,444.0
1.0,2703.0,1380.0,1335.0,1293.0,1389.0,463.0,463.0,463.0,445.0,445.0,445.0,460.0,460.0,460.0,901.0,901.0,901.0,463.0,463.0,463.0,445.0,445.0,445.0
1.0,2616.0,1401.0,1335.0,1389.0,1401.0,467.0,467.0,467.0,445.0,445.0,445.0,467.0,467.0,467.0,872.0,872.0,872.0,467.0,467.0,467.0,445.0,445.0,445.0
1.0,2604.0,1425.0,1338.0,1401.0,1434.0,478.0,478.0,478.0,446.0,446.0,446.0,475.0,475.0,475.0,868.0,868.0,868.0,478.0,478.0,478.0,446.0,446.0,446.0
1.0,2580.0,1335.0,1338.0,1434.0,1335.0,445.0,445.0,445.0,446.0,446.0,446.0,445.0,445.0,445.0,860.0,860.0,860.0,445.0,445.0,445.0,446.0,446.0,446.0
1.0,2679.0,1380.0,1338.0,1335.0,1380.0,460.0,460.0,460.0,446.0,446.0,446.0,460.0,460.0,460.0,893.0,893.0,893.0,460.0,460.0,460.0,446.0,446.0,446.0
1.0,2634.0,1272.0,1338.0,1380.0,1272.0,424.0,424.0,424.0,446.0,446.0,446.0,424.0,424.0,424.0,878.0,878.0,878.0,424.0,424.0,424.0,446.0,446.0,446.0
1.0,2742.0,1320.0,1335.0,1272.0,1311.0,437.0,437.0,437.0,445.0,445.0,445.0,440.0,440.0,440.0,914.0,914.0,914.0,437.0,437.0,437.0,445.0,445.0,445.0
1.0,2694.0,1341.0,1338.0,1311.0,1350.0,450.0,450.0,450.0,446.0,446.0,446.0,447.0,447.0,447.0,898.0,898.0,898.0,450.0,450.0,450.0,446.0,446.0,446.0
1.0,2664.0,1368.0,1338.0,1350.0,1368.0,456.0,456.0,456.0,446.0,446.0,446.0,456.0,456.0,456.0,888.0,888.0,888.0,456.0,456.0,456.0,446.0,446.0,446.0
1.0,2646.0,1422.0,1341.0,1368.0,1431.0,477.0,477.0,477.0,447.0,447.0,447.0,474.0,474.0,474.0,882.0,882.0,882.0,477.0,477.0,477.0,447.0,447.0,447.0
1.0,2592.0,1374.0,1341.0,1431.0,1374.0,458.0,458.0,458.0,447.0,447.0,447.0,458.0,458.0,458.0,864.0,864.0,864.0,458.0,458.0,458.0,447.0,447.0,447.0
1.0,2649.0,1266.0,1341.0,1374.0,1266.0,422.0,422.0,422.0,447.0,447.0,447.0,422.0,422.0,422.0,883.0,883.0,883.0,422.0,422.0,422.0,447.0,447.0,447.0
1.0,2757.0,1245.0,1338.0,1266.0,1236.0,412.0,412.0,412.0,446.0,446.0,446.0,415.0,415.0,415.0,919.0,919.0,919.0,412.0,412.0,412.0,446.0,446.0,446.0
1.0,2778.0,1281.0,1338.0,1236.0,1281.0,427.0,427.0,427.0,446.0,446.0,446.0,427.0,427.0,427.0,926.0,926.0,926.0,427.0,427.0,427.0,446.0,446.0,446.0
1.0,2733.0,1317.0,1338.0,1281.0,1317.0,439.0,439.0,439.0,446.0,446.0,446.0,439.0,439.0,439.0,911.0,911.0,911.0,439.0,439.0,439.0,446.0,446.0,446.0
1.0,2697.0,1422.0,1341.0,1317.0,1431.0,477.0,477.0,477.0,447.0,447.0,447.0,474.0,474.0,474.0,899.0,899.0,899.0,477.0,477.0,477.0,447.0,447.0,447.0
1.0,2592.0,1368.0,1344.0,1431.0,1377.0,459.0,459.0,459.0,448.0,448.0,448.0,456.0,456.0,456.0,864.0,864.0,864.0,459.0,459.0,459.0,448.0,448.0,448.0
1.0,2655.0,1311.0,1344.0,1377.0,1311.0,437.0,437.0,437.0,448.0,448.0,448.0,437.0,437.0,437.0,885.0,885.0,885.0,437.0,437.0,437.0,448.0,448.0,448.0
1.0,2721.0,1326.0,1341.0,1311.0,1317.0,439.0,439.0,439.0,447.0,447.0,447.0,442.0,442.0,442.0,907.0,907.0,907.0,439.0,439.0,439.0,447.0,447.0,447.0
1.0,2706.0,1296.0,1341.0,1317.0,1296.0,432.0,432.0,432.0,447.0,447.0,447.0,432.0,432.0,432.0,902.0,902.0,902.0,432.0,432.0,432.0,447.0,447.0,447.0
1.0,2727.0,1311.0,1341.0,1296.0,1311.0,437.0,437.0,437.0,447.0,447.0,447.0,437.0,437.0,437.0,909.0,909.0,909.0,437.0,437.0,437.0,447.0,447.0,447.0
1.0,2712.0,1359.0,1341.0,1311.0,1359.0,453.0,453.0,453.0,447.0,447.0,447.0,453.0,453.0,453.0,904.0,904.0,904.0,453.0,453.0,453.0,447.0,447.0,447.0
1.0,2664.0,1392.0,1344.0,1359.0,1401.0,467.0,467.0,467.0,448.0,448.0,448.0,464.0,464.0,464.0,888.0,888.0,888.0,467.0,467.0,467.0,448.0,448.0,448.0
1.0,2631.0,1455.0,1347.0,1401.0,1464.0,488.0,488.0,488.0,449.0,449.0,449.0,485.0,485.0,485.0,877.0,877.0,877.0,488.0,488.0,488.0,449.0,449.0,449.0
1.0,2577.0,1341.0,1344.0,1464.0,1332.0,444.0,444.0,444.0,448.0,448.0,448.0,447.0,447.0,447.0,859.0,859.0,859.0,444.0,444.0,444.0,448.0,448.0,448.0
1.0,2700.0,1287.0,1344.0,1332.0,1287.0,429.0,429.0,429.0,448.0,448.0,448.0,429.0,429.0,429.0,900.0,900.0,900.0,429.0,429.0,429.0,448.0,448.0,448.0
1.0,2745.0,1281.0,1341.0,1287.0,1272.0,424.0,424.0,424.0,447.0,447.0,447.0,427.0,427.0,427.0,915.0,915.0,915.0,424.0,424.0,424.0,447.0,447.0,447.0
1.0,2751.0,1326.0,1341.0,1272.0,1326.0,442.0,442.0,442.0,447.0,447.0,447.0,442.0,442.0,442.0,917.0,917.0,917.0,442.0,442.0,442.0,447.0,447.0,447.0
1.0,2697.0,1383.0,1341.0,1326.0,1383.0,461.0,461.0,461.0,447.0,447.0,447.0,461.0,461.0,461.0,899.0,899.0,899.0,461.0,461.0,461.0,447.0,447.0,447.0
1.0,2640.0,1332.0,1344.0,1383.0,1341.0,447.0,447.0,447.0,448.0,448.0,448.0,444.0,444.0,444.0,880.0,880.0,880.0,447.0,447.0,447.0,448.0,448.0,448.0
1.0,2691.0,1398.0,1344.0,1341.0,1398.0,466.0,466.0,466.0,448.0,448.0,448.0,466.0,466.0,466.0,897.0,897.0,897.0,466.0,466.0,466.0,448.0,448.0,448.0
1.0,2634.0,1353.0,1344.0,1398.0,1353.0,451.0,451.0,451.0,448.0,448.0,448.0,451.0,451.0,451.0,878.0,878.0,878.0,451.0,451.0,451.0,448.0,448.0,448.0
1.0,2679.0,1350.0,1344.0,1353.0,1350.0,450.0,450.0,450.0,448.0,448.0,448.0,450.0,450.0,450.0,893.0,893.0,893.0,450.0,450.0,450.0,448.0,448.0,448.0
1.0,2682.0,1302.0,1344.0,1350.0,1302.0,434.0,434.0,434.0,448.0,448.0,448.0,434.0,434.0,434.0,894.0,894.0,894.0,434.0,434.0,434.0,448.0,448.0,448.0
1.0,2730.0,1365.0,1344.0,1302.0,1365.0,455.0,455.0,455.0,448.0,448.0,448.0,455.0,455.0,455.0,910.0,910.0,910.0,455.0,455.0,455.0,448.0,448.0,448.0
1.0,2667.0,1368.0,1344.0,1365.0,1368.0,456.0,456.0,456.0,448.0,448.0,448.0,456.0,456.0,456.0,889.0,889.0,889.0,456.0,456.0,456.0,448.0,448.0,448.0
1.0,2664.0,1446.0,1347.0,1368.0,1455.0,485.0,485.0,485.0,449.0,449.0,449.0,482.0,482.0,482.0,888.0,888.0,888.0,485.0,485.0,485.0,449.0,449.0,449.0
1.0,2586.0,1437.0,1350.0,1455.0,1446.0,482.0,482.0,482.0,450.0,450.0,450.0,479.0,479.0,479.0,862.0,862.0,862.0,482.0,482.0,482.0,450.0,450.0,450.0
1.0,2604.0,1383.0,1350.0,1446.0,1383.0,461.0,461.0,461.0,450.0,450.0,450.0,461.0,461.0,461.0,868.0,868.0,868.0,461.0,461.0,461.0,450.0,450.0,450.0
1.0,2667.0,1353.0,1350.0,1383.0,1353.0,451.0,451.0,451.0,450.0,450.0,450.0,451.0,451.0,451.0,889.0,889.0,889.0,451.0,451.0,451.0,450.0,450.0,450.0
1.0,2697.0,1263.0,1347.0,1353.0,1254.0,418.0,418.0,418.0,449.0,449.0,449.0,421.0,421.0,421.0,899.0,899.0,899.0,418.0,418.0,418.0,449.0,449.0,449.0
1.0,2787.0,1296.0,1347.0,1254.0,1296.0,432.0,432.0,432.0,449.0,449.0,449.0,432.0,432.0,432.0,929.0,929.0,929.0,432.0,432.0,432.0,449.0,449.0,449.0
1.0,2745.0,1383.0,1350.0,1296.0,1392.0,464.0,464.0,464.0,450.0,450.0,450.0,461.0,461.0,461.0,915.0,915.0,915.0,464.0,464.0,464.0,450.0,450.0,450.0
1.0,2658.0,1377.0,1350.0,1392.0,1377.0,459.0,459.0,459.0,450.0,450.0,450.0,459.0,459.0,459.0,886.0,886.0,886.0,459.0,459.0,459.0,450.0,450.0,450.0
1.0,2673.0,1380.0,1350.0,1377.0,1380.0,460.0,460.0,460.0,450.0,450.0,450.0,460.0,460.0,460.0,891.0,891.0,891.0,460.0,460.0,460.0,450.0,450.0,450.0
1.0,2670.0,1380.0,1353.0,1380.0,1389.0,463.0,463.0,463.0,451.0,451.0,451.0,460.0,460.0,460.0,890.0,890.0,890.0,463.0,463.0,463.0,451.0,451.0,451.0
1.0,2670.0,1329.0,1350.0,1389.0,1320.0,440.0,440.0,440.0,450.0,450.0,450.0,443.0,443.0,443.0,890.0,890.0,890.0,440.0,440.0,440.0,450.0,450.0,450.0
1.0,2730.0,1353.0,1350.0,1320.0,1353.0,451.0,451.0,451.0,450.0,450.0,450.0,451.0,451.0,451.0,910.0,910.0,910.0,451.0,451.0,451.0,450.0,450.0,450.0
1.0,2697.0,1347.0,1350.0,1353.0,1347.0,449.0,449.0,449.0,450.0,450.0,450.0,449.0,449.0,449.0,899.0,899.0,899.0,449.0,449.0,449.0,450.0,450.0,450.0
1.0,2703.0,1404.0,1350.0,1347.0,1404.0,468.0,468.0,468.0,450.0,450.0,450.0,468.0,468.0,468.0,901.0,901.0,901.0,468.0,468.0,468.0,450.0,450.0,450.0
1.0,2646.0,1455.0,1353.0,1404.0,1464.0,488.0,488.0,488.0,451.0,451.0,451.0,485.0,485.0,485.0,882.0,882.0,882.0,488.0,488.0,488.0,451.0,451.0,451.0
1.0,2595.0,1452.0,1356.0,1464.0,1461.0,487.0,487.0,487.0,452.0,452.0,452.0,484.0,484.0,484.0,865.0,865.0,865.0,487.0,487.0,487.0,452.0,452.0,452.0
1.0,2607.0,1383.0,1356.0,1461.0,1383.0,461.0,461.0,461.0,452.0,452.0,452.0,461.0,461.0,461.0,869.0,869.0,869.0,461.0,461.0,461.0,452.0,452.0,452.0
1.0,2685.0,1392.0,1356.0,1383.0,1392.0,464.0,464.0,464.0,452.0,452.0,452.0,464.0,464.0,464.0,895.0,895.0,895.0,464.0,464.0,464.0,452.0,452.0,452.0
1.0,2676.0,1335.0,1353.0,1392.0,1326.0,442.0,442.0,442.0,451.0,451.0,451.0,445.0,445.0,445.0,892.0,892.0,892.0,442.0,442.0,442.0,451.0,451.0,451.0
1.0,2733.0,1356.0,1353.0,1326.0,1356.0,452.0,452.0,452.0,451.0,451.0,451.0,452.0,452.0,452.0,911.0,911.0,911.0,452.0,452.0,452.0,451.0,451.0,451.0
1.0,2703.0,1422.0,1356.0,1356.0,1431.0,477.0,477.0,477.0,452.0,452.0,452.0,474.0,474.0,474.0,901.0,901.0,901.0,477.0,477.0,477.0,452.0,452.0,452.0
1.0,2637.0,1413.0,1359.0,1431.0,1422.0,474.0,474.0,474.0,453.0,453.0,453.0,471.0,471.0,471.0,879.0,879.0,879.0,474.0,474.0,474.0,453.0,453.0,453.0
1.0,2655.0,1419.0,1359.0,1422.0,1419.0,473.0,473.0,473.0,453.0,453.0,453.0,473.0,473.0,473.0,885.0,885.0,885.0,473.0,473.0,473.0,453.0,453.0,453.0
1.0,2658.0,1392.0,1362.0,1419.0,1401.0,467.0,467.0,467.0,454.0,454.0,454.0,464.0,464.0,464.0,886.0,886.0,886.0,467.0,467.0,467.0,454.0,454.0,454.0
1.0,2685.0,1380.0,1362.0,1401.0,1380.0,460.0,460.0,460.0,454.0,454.0,454.0,460.0,460.0,460.0,895.0,895.0,895.0,460.0,460.0,460.0,454.0,454.0,454.0
1.0,2706.0,1329.0,1359.0,1380.0,1320.0,440.0,440.0,440.0,453.0,453.0,453.0,443.0,443.0,443.0,902.0,902.0,902.0,440.0,440.0,440.0,453.0,453.0,453.0
1.0,2757.0,1341.0,1359.0,1320.0,1341.0,447.0,447.0,447.0,453.0,453.0,453.0,447.0,447.0,447.0,919.0,919.0,919.0,447.0,447.0,447.0,453.0,453.0,453.0
1.0,2736.0,1419.0,1362.0,1341.0,1428.0,476.0,476.0,476.0,454.0,454.0,454.0,473.0,473.0,473.0,912.0,912.0,912.0,476.0,476.0,476.0,454.0,454.0,454.0
1.0,2658.0,1413.0,1365.0,1428.0,1422.0,474.0,474.0,474.0,455.0,455.0,455.0,471.0,471.0,471.0,886.0,886.0,886.0,474.0,474.0,474.0,455.0,455.0,455.0
1.0,2673.0,1449.0,1368.0,1422.0,1458.0,486.0,486.0,486.0,456.0,456.0,456.0,483.0,483.0,483.0,891.0,891.0,891.0,486.0,486.0,486.0,456.0,456.0,456.0
1.0,2646.0,1362.0,1368.0,1458.0,1362.0,454.0,454.0,454.0,456.0,456.0,456.0,454.0,454.0,454.0,882.0,882.0,882.0,454.0,454.0,454.0,456.0,456.0,456.0
1.0,2742.0,1398.0,1368.0,1362.0,1398.0,466.0,466.0,466.0,456.0,456.0,456.0,466.0,466.0,466.0,914.0,914.0,914.0,466.0,466.0,466.0,456.0,456.0,456.0
1.0,2706.0,1311.0,1368.0,1398.0,1311.0,437.0,437.0,437.0,456.0,456.0,456.0,437.0,437.0,437.0,902.0,902.0,902.0,437.0,437.0,437.0,456.0,456.0,456.0
1.0,2793.0,1365.0,1368.0,1311.0,1365.0,455.0,455.0,455.0,456.0,456.0,456.0,455.0,455.0,455.0,931.0,931.0,931.0,455.0,455.0,455.0,456.0,456.0,456.0
1.0,2739.0,1386.0,1368.0,1365.0,1386.0,462.0,462.0,462.0,456.0,456.0,456.0,462.0,462.0,462.0,913.0,913.0,913.0,462.0,462.0,462.0,456.0,456.0,456.0
1.0,2718.0,1425.0,1371.0,1386.0,1434.0,478.0,478.0,478.0,457.0,457.0,457.0,475.0,475.0,475.0,906.0,906.0,906.0,478.0,478.0,478.0,457.0,457.0,457.0
1.0,2679.0,1452.0,1374.0,1434.0,1461.0,487.0,487.0,487.0,458.0,458.0,458.0,484.0,484.0,484.0,893.0,893.0,893.0,487.0,487.0,487.0,458.0,458.0,458.0
1.0,2661.0,1464.0,1377.0,1461.0,1473.0,491.0,491.0,491.0,459.0,459.0,459.0,488.0,488.0,488.0,887.0,887.0,887.0,491.0,491.0,491.0,459.0,459.0,459.0
1.0,2658.0,1275.0,1374.0,1473.0,1266.0,422.0,422.0,422.0,458.0,458.0,458.0,425.0,425.0,425.0,886.0,886.0,886.0,422.0,422.0,422.0,458.0,458.0,458.0
1.0,2856.0,1335.0,1371.0,1266.0,1326.0,442.0,442.0,442.0,457.0,457.0,457.0,445.0,445.0,445.0,952.0,952.0,952.0,442.0,442.0,442.0,457.0,457.0,457.0
1.0,2787.0,1389.0,1374.0,1326.0,1398.0,466.0,466.0,466.0,458.0,458.0,458.0,463.0,463.0,463.0,929.0,929.0,929.0,466.0,466.0,466.0,458.0,458.0,458.0
1.0,2724.0,1377.0,1374.0,1398.0,1377.0,459.0,459.0,459.0,458.0,458.0,458.0,459.0,459.0,459.0,908.0,908.0,908.0,459.0,459.0,459.0,458.0,458.0,458.0
1.0,2745.0,1452.0,1377.0,1377.0,1461.0,487.0,487.0,487.0,459.0,459.0,459.0,484.0,484.0,484.0,915.0,915.0,915.0,487.0,487.0,487.0,459.0,459.0,459.0
1.0,2670.0,1389.0,1380.0,1461.0,1398.0,466.0,466.0,466.0,460.0,460.0,460.0,463.0,463.0,463.0,890.0,890.0,890.0,466.0,466.0,466.0,460.0,460.0,460.0
1.0,2742.0,1404.0,1380.0,1398.0,1404.0,468.0,468.0,468.0,460.0,460.0,460.0,468.0,468.0,468.0,914.0,914.0,914.0,468.0,468.0,468.0,460.0,460.0,460.0
1.0,2736.0,1326.0,1380.0,1404.0,1326.0,442.0,442.0,442.0,460.0,460.0,460.0,442.0,442.0,442.0,912.0,912.0,912.0,442.0,442.0,442.0,460.0,460.0,460.0
1.0,2814.0,1338.0,1377.0,1326.0,1329.0,443.0,443.0,443.0,459.0,459.0,459.0,446.0,446.0,446.0,938.0,938.0,938.0,443.0,443.0,443.0,459.0,459.0,459.0
1.0,2802.0,1350.0,1377.0,1329.0,1350.0,450.0,450.0,450.0,459.0,459.0,459.0,450.0,450.0,450.0,934.0,934.0,934.0,450.0,450.0,450.0,459.0,459.0,459.0
1.0,2781.0,1395.0,1380.0,1350.0,1404.0,468.0,468.0,468.0,460.0,460.0,460.0,465.0,465.0,465.0,927.0,927.0,927.0,468.0,468.0,468.0,460.0,460.0,460.0
1.0,2736.0,1452.0,1383.0,1404.0,1461.0,487.0,487.0,487.0,461.0,461.0,461.0,484.0,484.0,484.0,912.0,912.0,912.0,487.0,487.0,487.0,461.0,461.0,461.0
1.0,2688.0,1449.0,1383.0,1461.0,1449.0,483.0,483.0,483.0,461.0,461.0,461.0,483.0,483.0,483.0,896.0,896.0,896.0,483.0,483.0,483.0,461.0,461.0,461.0
1.0,2700.0,1428.0,1386.0,1449.0,1437.0,479.0,479.0,479.0,462.0,462.0,462.0,476.0,476.0,476.0,900.0,900.0,900.0,479.0,479.0,479.0,462.0,462.0,462.0
1.0,2721.0,1356.0,1383.0,1437.0,1347.0,449.0,449.0,449.0,461.0,461.0,461.0,452.0,452.0,452.0,907.0,907.0,907.0,449.0,449.0,449.0,461.0,461.0,461.0
1.0,2802.0,1305.0,1380.0,1347.0,1296.0,432.0,432.0,432.0,460.0,460.0,460.0,435.0,435.0,435.0,934.0,934.0,934.0,432.0,432.0,432.0,460.0,460.0,460.0
1.0,2844.0,1395.0,1380.0,1296.0,1395.0,465.0,465.0,465.0,460.0,460.0,460.0,465.0,465.0,465.0,948.0,948.0,948.0,465.0,465.0,465.0,460.0,460.0,460.0
1.0,2745.0,1347.0,1380.0,1395.0,1347.0,449.0,449.0,449.0,460.0,460.0,460.0,449.0,449.0,449.0,915.0,915.0,915.0,449.0,449.0,449.0,460.0,460.0,460.0
1.0,2793.0,1431.0,1383.0,1347.0,1440.0,480.0,480.0,480.0,461.0,461.0,461.0,477.0,477.0,477.0,931.0,931.0,931.0,480.0,480.0,480.0,461.0,461.0,461.0
1.0,2709.0,1503.0,1389.0,1440.0,1521.0,507.0,507.0,507.0,463.0,463.0,463.0,501.0,501.0,501.0,903.0,903.0,903.0,507.0,507.0,507.0,463.0,463.0,463.0
1.0,2646.0,1422.0,1389.0,1521.0,1422.0,474.0,474.0,474.0,463.0,463.0,463.0,474.0,474.0,474.0,882.0,882.0,882.0,474.0,474.0,474.0,463.0,463.0,463.0
1.0,2745.0,1326.0,1386.0,1422.0,1317.0,439.0,439.0,439.0,462.0,462.0,462.0,442.0,442.0,442.0,915.0,915.0,915.0,439.0,439.0,439.0,462.0,462.0,462.0
1.0,2841.0,1320.0,1386.0,1317.0,1320.0,440.0,440.0,440.0,462.0,462.0,462.0,440.0,440.0,440.0,947.0,947.0,947.0,440.0,440.0,440.0,462.0,462.0,462.0
1.0,2838.0,1326.0,1386.0,1320.0,1326.0,442.0,442.0,442.0,462.0,462.0,462.0,442.0,442.0,442.0,946.0,946.0,946.0,442.0,442.0,442.0,462.0,462.0,462.0
1.0,2832.0,1365.0,1386.0,1326.0,1365.0,455.0,455.0,455.0,462.0,462.0,462.0,455.0,455.0,455.0,944.0,944.0,944.0,455.0,455.0,455.0,462.0,462.0,462.0
1.0,2793.0,1524.0,1389.0,1365.0,1533.0,511.0,511.0,511.0,463.0,463.0,463.0,508.0,508.0,508.0,931.0,931.0,931.0,511.0,511.0,511.0,463.0,463.0,463.0
1.0,2634.0,1461.0,1392.0,1533.0,1470.0,490.0,490.0,490.0,464.0,464.0,464.0,487.0,487.0,487.0,878.0,878.0,878.0,490.0,490.0,490.0,464.0,464.0,464.0
1.0,2706.0,1425.0,1392.0,1470.0,1425.0,475.0,475.0,475.0,464.0,464.0,464.0,475.0,475.0,475.0,902.0,902.0,902.0,475.0,475.0,475.0,464.0,464.0,464.0
1.0,2751.0,1416.0,1392.0,1425.0,1416.0,472.0,472.0,472.0,464.0,464.0,464.0,472.0,472.0,472.0,917.0,917.0,917.0,472.0,472.0,472.0,464.0,464.0,464.0
1.0,2760.0,1302.0,1389.0,1416.0,1293.0,431.0,431.0,431.0,463.0,463.0,463.0,434.0,434.0,434.0,920.0,920.0,920.0,431.0,431.0,431.0,463.0,463.0,463.0
1.0,2874.0,1404.0,1389.0,1293.0,1404.0,468.0,468.0,468.0,463.0,463.0,463.0,468.0,468.0,468.0,958.0,958.0,958.0,468.0,468.0,468.0,463.0,463.0,463.0
1.0,2763.0,1437.0,1389.0,1404.0,1437.0,479.0,479.0,479.0,463.0,463.0,463.0,479.0,479.0,479.0,921.0,921.0,921.0,479.0,479.0,479.0,463.0,463.0,463.0
1.0,2730.0,1416.0,1392.0,1437.0,1425.0,475.0,475.0,475.0,464.0,464.0,464.0,472.0,472.0,472.0,910.0,910.0,910.0,475.0,475.0,475.0,464.0,464.0,464.0
1.0,2751.0,1503.0,1395.0,1425.0,1512.0,504.0,504.0,504.0,465.0,465.0,465.0,501.0,501.0,501.0,917.0,917.0,917.0,504.0,504.0,504.0,465.0,465.0,465.0
1.0,2673.0,1422.0,1395.0,1512.0,1422.0,474.0,474.0,474.0,465.0,465.0,465.0,474.0,474.0,474.0,891.0,891.0,891.0,474.0,474.0,474.0,465.0,465.0,465.0
1.0,2763.0,1377.0,1392.0,1422.0,1368.0,456.0,456.0,456.0,464.0,464.0,464.0,459.0,459.0,459.0,921.0,921.0,921.0,456.0,456.0,456.0,464.0,464.0,464.0
1.0,2808.0,1332.0,1392.0,1368.0,1332.0,444.0,444.0,444.0,464.0,464.0,464.0,444.0,444.0,444.0,936.0,936.0,936.0,444.0,444.0,444.0,464.0,464.0,464.0
1.0,2844.0,1323.0,1389.0,1332.0,1314.0,438.0,438.0,438.0,463.0,463.0,463.0,441.0,441.0,441.0,948.0,948.0,948.0,438.0,438.0,438.0,463.0,463.0,463.0
1.0,2853.0,1374.0,1389.0,1314.0,1374.0,458.0,458.0,458.0,463.0,463.0,463.0,458.0,458.0,458.0,951.0,951.0,951.0,458.0,458.0,458.0,463.0,463.0,463.0
1.0,2793.0,1461.0,1392.0,1374.0,1470.0,490.0,490.0,490.0,464.0,464.0,464.0,487.0,487.0,487.0,931.0,931.0,931.0,490.0,490.0,490.0,464.0,464.0,464.0
1.0,2706.0,1443.0,1395.0,1470.0,1452.0,484.0,484.0,484.0,465.0,465.0,465.0,481.0,481.0,481.0,902.0,902.0,902.0,484.0,484.0,484.0,465.0,465.0,465.0
1.0,2733.0,1413.0,1395.0,1452.0,1413.0,471.0,471.0,471.0,465.0,465.0,465.0,471.0,471.0,471.0,911.0,911.0,911.0,471.0,471.0,471.0,465.0,465.0,465.0
1.0,2772.0,1368.0,1395.0,1413.0,1368.0,456.0,456.0,456.0,465.0,465.0,465.0,456.0,456.0,456.0,924.0,924.0,924.0,456.0,456.0,456.0,465.0,465.0,465.0
1.0,2817.0,1335.0,1392.0,1368.0,1326.0,442.0,442.0,442.0,464.0,464.0,464.0,445.0,445.0,445.0,939.0,939.0,939.0,442.0,442.0,442.0,464.0,464.0,464.0
1.0,2850.0,1317.0,1392.0,1326.0,1317.0,439.0,439.0,439.0,464.0,464.0,464.0,439.0,439.0,439.0,950.0,950.0,950.0,439.0,439.0,439.0,464.0,464.0,464.0
1.0,2859.0,1389.0,1389.0,1317.0,1380.0,460.0,460.0,460.0,463.0,463.0,463.0,463.0,463.0,463.0,953.0,953.0,953.0,460.0,460.0,460.0,463.0,463.0,463.0
1.0,2787.0,1491.0,1395.0,1380.0,1509.0,503.0,503.0,503.0,465.0,465.0,465.0,497.0,497.0,497.0,929.0,929.0,929.0,503.0,503.0,503.0,465.0,465.0,465.0
1.0,2676.0,1503.0,1398.0,1509.0,1512.0,504.0,504.0,504.0,466.0,466.0,466.0,501.0,501.0,501.0,892.0,892.0,892.0,504.0,504.0,504.0,466.0,466.0,466.0
1.0,2682.0,1416.0,1398.0,1512.0,1416.0,472.0,472.0,472.0,466.0,466.0,466.0,472.0,472.0,472.0,894.0,894.0,894.0,472.0,472.0,472.0,466.0,466.0,466.0
1.0,2778.0,1401.0,1398.0,1416.0,1401.0,467.0,467.0,467.0,466.0,466.0,466.0,467.0,467.0,467.0,926.0,926.0,926.0,467.0,467.0,467.0,466.0,466.0,466.0
1.0,2793.0,1386.0,1395.0,1401.0,1377.0,459.0,459.0,459.0,465.0,465.0,465.0,462.0,462.0,462.0,931.0,931.0,931.0,459.0,459.0,459.0,465.0,465.0,465.0
1.0,2808.0,1425.0,1395.0,1377.0,1425.0,475.0,475.0,475.0,465.0,465.0,465.0,475.0,475.0,475.0,936.0,936.0,936.0,475.0,475.0,475.0,465.0,465.0,465.0
1.0,2760.0,1461.0,1398.0,1425.0,1470.0,490.0,490.0,490.0,466.0,466.0,466.0,487.0,487.0,487.0,920.0,920.0,920.0,490.0,490.0,490.0,466.0,466.0,466.0
1.0,2724.0,1458.0,1401.0,1470.0,1467.0,489.0,489.0,489.0,467.0,467.0,467.0,486.0,486.0,486.0,908.0,908.0,908.0,489.0,489.0,489.0,467.0,467.0,467.0
1.0,2736.0,1428.0,1401.0,1467.0,1428.0,476.0,476.0,476.0,467.0,467.0,467.0,476.0,476.0,476.0,912.0,912.0,912.0,476.0,476.0,476.0,467.0,467.0,467.0
1.0,2775.0,1497.0,1404.0,1428.0,1506.0,502.0,502.0,502.0,468.0,468.0,468.0,499.0,499.0,499.0,925.0,925.0,925.0,502.0,502.0,502.0,468.0,468.0,468.0
1.0,2706.0,1314.0,1401.0,1506.0,1305.0,435.0,435.0,435.0,467.0,467.0,467.0,438.0,438.0,438.0,902.0,902.0,902.0,435.0,435.0,435.0,467.0,467.0,467.0
1.0,2898.0,1416.0,1401.0,1305.0,1416.0,472.0,472.0,472.0,467.0,467.0,467.0,472.0,472.0,472.0,966.0,966.0,966.0,472.0,472.0,472.0,467.0,467.0,467.0
1.0,2787.0,1428.0,1401.0,1416.0,1428.0,476.0,476.0,476.0,467.0,467.0,467.0,476.0,476.0,476.0,929.0,929.0,929.0,476.0,476.0,476.0,467.0,467.0,467.0
1.0,2775.0,1479.0,1404.0,1428.0,1488.0,496.0,496.0,496.0,468.0,468.0,468.0,493.0,493.0,493.0,925.0,925.0,925.0,496.0,496.0,496.0,468.0,468.0,468.0
1.0,2724.0,1512.0,1407.0,1488.0,1521.0,507.0,507.0,507.0,469.0,469.0,469.0,504.0,504.0,504.0,908.0,908.0,908.0,507.0,507.0,507.0,469.0,469.0,469.0
1.0,2700.0,1476.0,1410.0,1521.0,1485.0,495.0,495.0,495.0,470.0,470.0,470.0,492.0,492.0,492.0,900.0,900.0,900.0,495.0,495.0,495.0,470.0,470.0,470.0
1.0,2745.0,1425.0,1410.0,1485.0,1425.0,475.0,475.0,475.0,470.0,470.0,470.0,475.0,475.0,475.0,915.0,915.0,915.0,475.0,475.0,475.0,470.0,470.0,470.0
1.0,2805.0,1398.0,1410.0,1425.0,1398.0,466.0,466.0,466.0,470.0,470.0,470.0,466.0,466.0,466.0,935.0,935.0,935.0,466.0,466.0,466.0,470.0,470.0,470.0
1.0,2832.0,1356.0,1407.0,1398.0,1347.0,449.0,449.0,449.0,469.0,469.0,469.0,452.0,452.0,452.0,944.0,944.0,944.0,449.0,449.0,449.0,469.0,469.0,469.0
1.0,2874.0,1398.0,1407.0,1347.0,1398.0,466.0,466.0,466.0,469.0,469.0,469.0,466.0,466.0,466.0,958.0,958.0,958.0,466.0,466.0,466.0,469.0,469.0,469.0
1.0,2823.0,1434.0,1410.0,1398.0,1443.0,481.0,481.0,481.0,470.0,470.0,470.0,478.0,478.0,478.0,941.0,941.0,941.0,481.0,481.0,481.0,470.0,470.0,470.0
1.0,2787.0,1419.0,1410.0,1443.0,1419.0,473.0,473.0,473.0,470.0,470.0,470.0,473.0,473.0,473.0,929.0,929.0,929.0,473.0,473.0,473.0,470.0,470.0,470.0
1.0,2811.0,1509.0,1413.0,1419.0,1518.0,506.0,506.0,506.0,471.0,471.0,471.0,503.0,503.0,503.0,937.0,937.0,937.0,506.0,506.0,506.0,471.0,471.0,471.0
1.0,2721.0,1401.0,1416.0,1518.0,1410.0,470.0,470.0,470.0,472.0,472.0,472.0,467.0,467.0,467.0,907.0,907.0,907.0,470.0,470.0,470.0,472.0,472.0,472.0
1.0,2838.0,1401.0,1413.0,1410.0,1392.0,464.0,464.0,464.0,471.0,471.0,471.0,467.0,467.0,467.0,946.0,946.0,946.0,464.0,464.0,464.0,471.0,471.0,471.0
1.0,2847.0,1365.0,1410.0,1392.0,1356.0,452.0,452.0,452.0,470.0,470.0,470.0,455.0,455.0,455.0,949.0,949.0,949.0,452.0,452.0,452.0,470.0,470.0,470.0
1.0,2874.0,1359.0,1410.0,1356.0,1359.0,453.0,453.0,453.0,470.0,470.0,470.0,453.0,453.0,453.0,958.0,958.0,958.0,453.0,453.0,453.0,470.0,470.0,470.0
1.0,2871.0,1458.0,1413.0,1359.0,1467.0,489.0,489.0,489.0,471.0,471.0,471.0,486.0,486.0,486.0,957.0,957.0,957.0,489.0,489.0,489.0,471.0,471.0,471.0
1.0,2772.0,1509.0,1416.0,1467.0,1518.0,506.0,506.0,506.0,472.0,472.0,472.0,503.0,503.0,503.0,924.0,924.0,924.0,506.0,506.0,506.0,472.0,472.0,472.0
1.0,2730.0,1488.0,1419.0,1518.0,1497.0,499.0,499.0,499.0,473.0,473.0,473.0,496.0,496.0,496.0,910.0,910.0,910.0,499.0,499.0,499.0,473.0,473.0,473.0
1.0,2760.0,1488.0,1422.0,1497.0,1497.0,499.0,499.0,499.0,474.0,474.0,474.0,496.0,496.0,496.0,920.0,920.0,920.0,499.0,499.0,499.0,474.0,474.0,474.0
1.0,2769.0,1383.0,1419.0,1497.0,1374.0,458.0,458.0,458.0,473.0,473.0,473.0,461.0,461.0,461.0,923.0,923.0,923.0,458.0,458.0,458.0,473.0,473.0,473.0
1.0,2883.0,1410.0,1419.0,1374.0,1410.0,470.0,470.0,470.0,473.0,473.0,473.0,470.0,470.0,470.0,961.0,961.0,961.0,470.0,470.0,470.0,473.0,473.0,473.0
1.0,2847.0,1323.0,1416.0,1410.0,1314.0,438.0,438.0,438.0,472.0,472.0,472.0,441.0,441.0,441.0,949.0,949.0,949.0,438.0,438.0,438.0,472.0,472.0,472.0
1.0,2934.0,1419.0,1416.0,1314.0,1419.0,473.0,473.0,473.0,472.0,472.0,472.0,473.0,473.0,473.0,978.0,978.0,978.0,473.0,473.0,473.0,472.0,472.0,472.0
1.0,2829.0,1497.0,1419.0,1419.0,1506.0,502.0,502.0,502.0,473.0,473.0,473.0,499.0,499.0,499.0,943.0,943.0,943.0,502.0,502.0,502.0,473.0,473.0,473.0
1.0,2751.0,1539.0,1422.0,1506.0,1548.0,516.0,516.0,516.0,474.0,474.0,474.0,513.0,513.0,513.0,917.0,917.0,917.0,516.0,516.0,516.0,474.0,474.0,474.0
1.0,2718.0,1428.0,1422.0,1548.0,1428.0,476.0,476.0,476.0,474.0,474.0,474.0,476.0,476.0,476.0,906.0,906.0,906.0,476.0,476.0,476.0,474.0,474.0,474.0
1.0,2838.0,1413.0,1422.0,1428.0,1413.0,471.0,471.0,471.0,474.0,474.0,474.0,471.0,471.0,471.0,946.0,946.0,946.0,471.0,471.0,471.0,474.0,474.0,474.0
1.0,2853.0,1437.0,1422.0,1413.0,1437.0,479.0,479.0,479.0,474.0,474.0,474.0,479.0,479.0,479.0,951.0,951.0,951.0,479.0,479.0,479.0,474.0,474.0,474.0
1.0,2829.0,1416.0,1422.0,1437.0,1416.0,472.0,472.0,472.0,474.0,474.0,474.0,472.0,472.0,472.0,943.0,943.0,943.0,472.0,472.0,472.0,474.0,474.0,474.0
1.0,2850.0,1440.0,1422.0,1416.0,1440.0,480.0,480.0,480.0,474.0,474.0,474.0,480.0,480.0,480.0,950.0,950.0,950.0,480.0,480.0,480.0,474.0,474.0,474.0
1.0,2826.0,1503.0,1425.0,1440.0,1512.0,504.0,504.0,504.0,475.0,475.0,475.0,501.0,501.0,501.0,942.0,942.0,942.0,504.0,504.0,504.0,475.0,475.0,475.0
1.0,2763.0,1488.0,1428.0,1512.0,1497.0,499.0,499.0,499.0,476.0,476.0,476.0,496.0,496.0,496.0,921.0,921.0,921.0,499.0,499.0,499.0,476.0,476.0,476.0
1.0,2787.0,1485.0,1431.0,1497.0,1494.0,498.0,498.0,498.0,477.0,477.0,477.0,495.0,495.0,495.0,929.0,929.0,929.0,498.0,498.0,498.0,477.0,477.0,477.0
1.0,2799.0,1428.0,1431.0,1494.0,1428.0,476.0,476.0,476.0,477.0,477.0,477.0,476.0,476.0,476.0,933.0,933.0,933.0,476.0,476.0,476.0,477.0,477.0,477.0
1.0,2865.0,1338.0,1428.0,1428.0,1329.0,443.0,443.0,443.0,476.0,476.0,476.0,446.0,446.0,446.0,955.0,955.0,955.0,443.0,443.0,443.0,476.0,476.0,476.0
1.0,2955.0,1419.0,1428.0,1329.0,1419.0,473.0,473.0,473.0,476.0,476.0,476.0,473.0,473.0,473.0,985.0,985.0,985.0,473.0,473.0,473.0,476.0,476.0,476.0
1.0,2865.0,1458.0,1431.0,1419.0,1467.0,489.0,489.0,489.0,477.0,477.0,477.0,486.0,486.0,486.0,955.0,955.0,955.0,489.0,489.0,489.0,477.0,477.0,477.0
1.0,2826.0,1479.0,1434.0,1467.0,1488.0,496.0,496.0,496.0,478.0,478.0,478.0,493.0,493.0,493.0,942.0,942.0,942.0,496.0,496.0,496.0,478.0,478.0,478.0
1.0,2814.0,1473.0,1437.0,1488.0,1482.0,494.0,494.0,494.0,479.0,479.0,479.0,491.0,491.0,491.0,938.0,938.0,938.0,494.0,494.0,494.0,479.0,479.0,479.0
1.0,2829.0,1485.0,1437.0,1482.0,1485.0,495.0,495.0,495.0,479.0,479.0,479.0,495.0,495.0,495.0,943.0,943.0,943.0,495.0,495.0,495.0,479.0,479.0,479.0
1.0,2826.0,1431.0,1437.0,1485.0,1431.0,477.0,477.0,477.0,479.0,479.0,479.0,477.0,477.0,477.0,942.0,942.0,942.0,477.0,477.0,477.0,479.0,479.0,479.0
1.0,2880.0,1419.0,1434.0,1431.0,1410.0,470.0,470.0,470.0,478.0,478.0,478.0,473.0,473.0,473.0,960.0,960.0,960.0,470.0,470.0,470.0,478.0,478.0,478.0
1.0,2892.0,1359.0,1434.0,1410.0,1359.0,453.0,453.0,453.0,478.0,478.0,478.0,453.0,453.0,453.0,964.0,964.0,964.0,453.0,453.0,453.0,478.0,478.0,478.0
1.0,2943.0,1386.0,1434.0,1359.0,1386.0,462.0,462.0,462.0,478.0,478.0,478.0,462.0,462.0,462.0,981.0,981.0,981.0,462.0,462.0,462.0,478.0,478.0,478.0
1.0,2916.0,1443.0,1434.0,1386.0,1443.0,481.0,481.0,481.0,478.0,478.0,478.0,481.0,481.0,481.0,972.0,972.0,972.0,481.0,481.0,481.0,478.0,478.0,478.0
1.0,2859.0,1470.0,1434.0,1443.0,1470.0,490.0,490.0,490.0,478.0,478.0,478.0,490.0,490.0,490.0,953.0,953.0,953.0,490.0,490.0,490.0,478.0,478.0,478.0
1.0,2832.0,1536.0,1437.0,1470.0,1545.0,515.0,515.0,515.0,479.0,479.0,479.0,512.0,512.0,512.0,944.0,944.0,944.0,515.0,515.0,515.0,479.0,479.0,479.0
1.0,2766.0,1377.0,1434.0,1545.0,1368.0,456.0,456.0,456.0,478.0,478.0,478.0,459.0,459.0,459.0,922.0,922.0,922.0,456.0,456.0,456.0,478.0,478.0,478.0
1.0,2934.0,1392.0,1434.0,1368.0,1392.0,464.0,464.0,464.0,478.0,478.0,478.0,464.0,464.0,464.0,978.0,978.0,978.0,464.0,464.0,464.0,478.0,478.0,478.0
1.0,2910.0,1410.0,1434.0,1392.0,1410.0,470.0,470.0,470.0,478.0,478.0,478.0,470.0,470.0,470.0,970.0,970.0,970.0,470.0,470.0,470.0,478.0,478.0,478.0
1.0,2892.0,1488.0,1437.0,1410.0,1497.0,499.0,499.0,499.0,479.0,479.0,479.0,496.0,496.0,496.0,964.0,964.0,964.0,499.0,499.0,499.0,479.0,479.0,479.0
1.0,2814.0,1488.0,1437.0,1497.0,1488.0,496.0,496.0,496.0,479.0,479.0,479.0,496.0,496.0,496.0,938.0,938.0,938.0,496.0,496.0,496.0,479.0,479.0,479.0
1.0,2823.0,1485.0,1440.0,1488.0,1494.0,498.0,498.0,498.0,480.0,480.0,480.0,495.0,495.0,495.0,941.0,941.0,941.0,498.0,498.0,498.0,480.0,480.0,480.0
1.0,2826.0,1539.0,1440.0,1494.0,1539.0,513.0,513.0,513.0,480.0,480.0,480.0,513.0,513.0,513.0,942.0,942.0,942.0,513.0,513.0,513.0,480.0,480.0,480.0
1.0,2781.0,1449.0,1440.0,1539.0,1449.0,483.0,483.0,483.0,480.0,480.0,480.0,483.0,483.0,483.0,927.0,927.0,927.0,483.0,483.0,483.0,480.0,480.0,480.0
1.0,2871.0,1383.0,1437.0,1449.0,1374.0,458.0,458.0,458.0,479.0,479.0,479.0,461.0,461.0,461.0,957.0,957.0,957.0,458.0,458.0,458.0,479.0,479.0,479.0
1.0,2937.0,1425.0,1437.0,1374.0,1425.0,475.0,475.0,475.0,479.0,479.0,479.0,475.0,475.0,475.0,979.0,979.0,979.0,475.0,475.0,475.0,479.0,479.0,479.0
1.0,2886.0,1431.0,1437.0,1425.0,1431.0,477.0,477.0,477.0,479.0,479.0,479.0,477.0,477.0,477.0,962.0,962.0,962.0,477.0,477.0,477.0,479.0,479.0,479.0
1.0,2880.0,1506.0,1440.0,1431.0,1515.0,505.0,505.0,505.0,480.0,480.0,480.0,502.0,502.0,502.0,960.0,960.0,960.0,505.0,505.0,505.0,480.0,480.0,480.0
1.0,2805.0,1512.0,1443.0,1515.0,1521.0,507.0,507.0,507.0,481.0,481.0,481.0,504.0,504.0,504.0,935.0,935.0,935.0,507.0,507.0,507.0,481.0,481.0,481.0
1.0,2808.0,1425.0,1443.0,1521.0,1425.0,475.0,475.0,475.0,481.0,481.0,481.0,475.0,475.0,475.0,936.0,936.0,936.0,475.0,475.0,475.0,481.0,481.0,481.0
1.0,2904.0,1479.0,1443.0,1425.0,1479.0,493.0,493.0,493.0,481.0,481.0,481.0,493.0,493.0,493.0,968.0,968.0,968.0,493.0,493.0,493.0,481.0,481.0,481.0
1.0,2850.0,1371.0,1440.0,1479.0,1362.0,454.0,454.0,454.0,480.0,480.0,480.0,457.0,457.0,457.0,950.0,950.0,950.0,454.0,454.0,454.0,480.0,480.0,480.0
1.0,2958.0,1371.0,1440.0,1362.0,1371.0,457.0,457.0,457.0,480.0,480.0,480.0,457.0,457.0,457.0,986.0,986.0,986.0,457.0,457.0,457.0,480.0,480.0,480.0
1.0,2949.0,1476.0,1443.0,1371.0,1485.0,495.0,495.0,495.0,481.0,481.0,481.0,492.0,492.0,492.0,983.0,983.0,983.0,495.0,495.0,495.0,481.0,481.0,481.0
1.0,2844.0,1518.0,1446.0,1485.0,1527.0,509.0,509.0,509.0,482.0,482.0,482.0,506.0,506.0,506.0,948.0,948.0,948.0,509.0,509.0,509.0,482.0,482.0,482.0
1.0,2811.0,1467.0,1446.0,1527.0,1467.0,489.0,489.0,489.0,482.0,482.0,482.0,489.0,489.0,489.0,937.0,937.0,937.0,489.0,489.0,489.0,482.0,482.0,482.0
1.0,2871.0,1467.0,1446.0,1467.0,1467.0,489.0,489.0,489.0,482.0,482.0,482.0,489.0,489.0,489.0,957.0,957.0,957.0,489.0,489.0,489.0,482.0,482.0,482.0
1.0,2871.0,1509.0,1446.0,1467.0,1509.0,503.0,503.0,503.0,482.0,482.0,482.0,503.0,503.0,503.0,957.0,957.0,957.0,503.0,503.0,503.0,482.0,482.0,482.0
1.0,2829.0,1431.0,1446.0,1509.0,1431.0,477.0,477.0,477.0,482.0,482.0,482.0,477.0,477.0,477.0,943.0,943.0,943.0,477.0,477.0,477.0,482.0,482.0,482.0
1.0,2907.0,1392.0,1443.0,1431.0,1383.0,461.0,461.0,461.0,481.0,481.0,481.0,464.0,464.0,464.0,969.0,969.0,969.0,461.0,461.0,461.0,481.0,481.0,481.0
1.0,2946.0,1473.0,1446.0,1383.0,1482.0,494.0,494.0,494.0,482.0,482.0,482.0,491.0,491.0,491.0,982.0,982.0,982.0,494.0,494.0,494.0,482.0,482.0,482.0
1.0,2856.0,1479.0,1446.0,1482.0,1479.0,493.0,493.0,493.0,482.0,482.0,482.0,493.0,493.0,493.0,952.0,952.0,952.0,493.0,493.0,493.0,482.0,482.0,482.0
1.0,2859.0,1542.0,1452.0,1479.0,1560.0,520.0,520.0,520.0,484.0,484.0,484.0,514.0,514.0,514.0,953.0,953.0,953.0,520.0,520.0,520.0,484.0,484.0,484.0
1.0,2796.0,1524.0,1452.0,1560.0,1524.0,508.0,508.0,508.0,484.0,484.0,484.0,508.0,508.0,508.0,932.0,932.0,932.0,508.0,508.0,508.0,484.0,484.0,484.0
1.0,2832.0,1458.0,1452.0,1524.0,1458.0,486.0,486.0,486.0,484.0,484.0,484.0,486.0,486.0,486.0,944.0,944.0,944.0,486.0,486.0,486.0,484.0,484.0,484.0
1.0,2898.0,1398.0,1449.0,1458.0,1389.0,463.0,463.0,463.0,483.0,483.0,483.0,466.0,466.0,466.0,966.0,966.0,966.0,463.0,463.0,463.0,483.0,483.0,483.0
1.0,2958.0,1398.0,1449.0,1389.0,1398.0,466.0,466.0,466.0,483.0,483.0,483.0,466.0,466.0,466.0,986.0,986.0,986.0,466.0,466.0,466.0,483.0,483.0,483.0
1.0,2949.0,1458.0,1449.0,1398.0,1458.0,486.0,486.0,486.0,483.0,483.0,483.0,486.0,486.0,486.0,983.0,983.0,983.0,486.0,486.0,486.0,483.0,483.0,483.0
1.0,2889.0,1473.0,1452.0,1458.0,1482.0,494.0,494.0,494.0,484.0,484.0,484.0,491.0,491.0,491.0,963.0,963.0,963.0,494.0,494.0,494.0,484.0,484.0,484.0
1.0,2874.0,1515.0,1452.0,1482.0,1515.0,505.0,505.0,505.0,484.0,484.0,484.0,505.0,505.0,505.0,958.0,958.0,958.0,505.0,505.0,505.0,484.0,484.0,484.0
1.0,2841.0,1473.0,1452.0,1515.0,1473.0,491.0,491.0,491.0,484.0,484.0,484.0,491.0,491.0,491.0,947.0,947.0,947.0,491.0,491.0,491.0,484.0,484.0,484.0
1.0,2883.0,1488.0,1452.0,1473.0,1488.0,496.0,496.0,496.0,484.0,484.0,484.0,496.0,496.0,496.0,961.0,961.0,961.0,496.0,496.0,496.0,484.0,484.0,484.0
1.0,2868.0,1413.0,1452.0,1488.0,1413.0,471.0,471.0,471.0,484.0,484.0,484.0,471.0,471.0,471.0,956.0,956.0,956.0,471.0,471.0,471.0,484.0,484.0,484.0
1.0,2943.0,1464.0,1452.0,1413.0,1464.0,488.0,488.0,488.0,484.0,484.0,484.0,488.0,488.0,488.0,981.0,981.0,981.0,488.0,488.0,488.0,484.0,484.0,484.0
1.0,2892.0,1491.0,1452.0,1464.0,1491.0,497.0,497.0,497.0,484.0,484.0,484.0,497.0,497.0,497.0,964.0,964.0,964.0,497.0,497.0,497.0,484.0,484.0,484.0
1.0,2865.0,1494.0,1455.0,1491.0,1503.0,501.0,501.0,501.0,485.0,485.0,485.0,498.0,498.0,498.0,955.0,955.0,955.0,501.0,501.0,501.0,485.0,485.0,485.0
1.0,2862.0,1506.0,1458.0,1503.0,1515.0,505.0,505.0,505.0,486.0,486.0,486.0,502.0,502.0,502.0,954.0,954.0,954.0,505.0,505.0,505.0,486.0,486.0,486.0
1.0,2859.0,1488.0,1458.0,1515.0,1488.0,496.0,496.0,496.0,486.0,486.0,486.0,496.0,496.0,496.0,953.0,953.0,953.0,496.0,496.0,496.0,486.0,486.0,486.0
1.0,2886.0,1446.0,1458.0,1488.0,1446.0,482.0,482.0,482.0,486.0,486.0,486.0,482.0,482.0,482.0,962.0,962.0,962.0,482.0,482.0,482.0,486.0,486.0,486.0
1.0,2928.0,1416.0,1455.0,1446.0,1407.0,469.0,469.0,469.0,485.0,485.0,485.0,472.0,472.0,472.0,976.0,976.0,976.0,469.0,469.0,469.0,485.0,485.0,485.0
1.0,2958.0,1488.0,1455.0,1407.0,1488.0,496.0,496.0,496.0,485.0,485.0,485.0,496.0,496.0,496.0,986.0,986.0,986.0,496.0,496.0,496.0,485.0,485.0,485.0
1.0,2877.0,1452.0,1458.0,1488.0,1461.0,487.0,487.0,487.0,486.0,486.0,486.0,484.0,484.0,484.0,959.0,959.0,959.0,487.0,487.0,487.0,486.0,486.0,486.0
1.0,2913.0,1566.0,1458.0,1461.0,1566.0,522.0,522.0,522.0,486.0,486.0,486.0,522.0,522.0,522.0,971.0,971.0,971.0,522.0,522.0,522.0,486.0,486.0,486.0
1.0,2808.0,1539.0,1464.0,1566.0,1557.0,519.0,519.0,519.0,488.0,488.0,488.0,513.0,513.0,513.0,936.0,936.0,936.0,519.0,519.0,519.0,488.0,488.0,488.0
1.0,2835.0,1488.0,1464.0,1557.0,1488.0,496.0,496.0,496.0,488.0,488.0,488.0,496.0,496.0,496.0,945.0,945.0,945.0,496.0,496.0,496.0,488.0,488.0,488.0
1.0,2904.0,1503.0,1467.0,1488.0,1512.0,504.0,504.0,504.0,489.0,489.0,489.0,501.0,501.0,501.0,968.0,968.0,968.0,504.0,504.0,504.0,489.0,489.0,489.0
1.0,2889.0,1395.0,1464.0,1512.0,1386.0,462.0,462.0,462.0,488.0,488.0,488.0,465.0,465.0,465.0,963.0,963.0,963.0,462.0,462.0,462.0,488.0,488.0,488.0
1.0,3006.0,1440.0,1464.0,1386.0,1440.0,480.0,480.0,480.0,488.0,488.0,488.0,480.0,480.0,480.0,1002.0,1002.0,1002.0,480.0,480.0,480.0,488.0,488.0,488.0
1.0,2952.0,1476.0,1464.0,1440.0,1476.0,492.0,492.0,492.0,488.0,488.0,488.0,492.0,492.0,492.0,984.0,984.0,984.0,492.0,492.0,492.0,488.0,488.0,488.0
1.0,2916.0,1512.0,1467.0,1476.0,1521.0,507.0,507.0,507.0,489.0,489.0,489.0,504.0,504.0,504.0,972.0,972.0,972.0,507.0,507.0,507.0,489.0,489.0,489.0
1.0,2880.0,1542.0,1470.0,1521.0,1551.0,517.0,517.0,517.0,490.0,490.0,490.0,514.0,514.0,514.0,960.0,960.0,960.0,517.0,517.0,517.0,490.0,490.0,490.0
1.0,2859.0,1494.0,1470.0,1551.0,1494.0,498.0,498.0,498.0,490.0,490.0,490.0,498.0,498.0,498.0,953.0,953.0,953.0,498.0,498.0,498.0,490.0,490.0,490.0
1.0,2916.0,1452.0,1470.0,1494.0,1452.0,484.0,484.0,484.0,490.0,490.0,490.0,484.0,484.0,484.0,972.0,972.0,972.0,484.0,484.0,484.0,490.0,490.0,490.0
1.0,2958.0,1446.0,1467.0,1452.0,1437.0,479.0,479.0,479.0,489.0,489.0,489.0,482.0,482.0,482.0,986.0,986.0,986.0,479.0,479.0,479.0,489.0,489.0,489.0
1.0,2964.0,1437.0,1467.0,1437.0,1437.0,479.0,479.0,479.0,489.0,489.0,489.0,479.0,479.0,479.0,988.0,988.0,988.0,479.0,479.0,479.0,489.0,489.0,489.0
1.0,2964.0,1506.0,1467.0,1437.0,1506.0,502.0,502.0,502.0,489.0,489.0,489.0,502.0,502.0,502.0,988.0,988.0,988.0,502.0,502.0,502.0,489.0,489.0,489.0
1.0,2895.0,1491.0,1470.0,1506.0,1500.0,500.0,500.0,500.0,490.0,490.0,490.0,497.0,497.0,497.0,965.0,965.0,965.0,500.0,500.0,500.0,490.0,490.0,490.0
1.0,2910.0,1587.0,1473.0,1500.0,1596.0,532.0,532.0,532.0,491.0,491.0,491.0,529.0,529.0,529.0,970.0,970.0,970.0,532.0,532.0,532.0,491.0,491.0,491.0
1.0,2823.0,1506.0,1473.0,1596.0,1506.0,502.0,502.0,502.0,491.0,491.0,491.0,502.0,502.0,502.0,941.0,941.0,941.0,502.0,502.0,502.0,491.0,491.0,491.0
1.0,2913.0,1494.0,1473.0,1506.0,1494.0,498.0,498.0,498.0,491.0,491.0,491.0,498.0,498.0,498.0,971.0,971.0,971.0,498.0,498.0,498.0,491.0,491.0,491.0
1.0,2925.0,1407.0,1473.0,1494.0,1407.0,469.0,469.0,469.0,491.0,491.0,491.0,469.0,469.0,469.0,975.0,975.0,975.0,469.0,469.0,469.0,491.0,491.0,491.0
1.0,3012.0,1473.0,1473.0,1407.0,1473.0,491.0,491.0,491.0,491.0,491.0,491.0,491.0,491.0,491.0,1004.0,1004.0,1004.0,491.0,491.0,491.0,491.0,491.0,491.0
1.0,2946.0,1482.0,1473.0,1473.0,1482.0,494.0,494.0,494.0,491.0,491.0,491.0,494.0,494.0,494.0,982.0,982.0,982.0,494.0,494.0,494.0,491.0,491.0,491.0
1.0,2937.0,1551.0,1476.0,1482.0,1560.0,520.0,520.0,520.0,492.0,492.0,492.0,517.0,517.0,517.0,979.0,979.0,979.0,520.0,520.0,520.0,492.0,492.0,492.0
1.0,2868.0,1551.0,1479.0,1560.0,1560.0,520.0,520.0,520.0,493.0,493.0,493.0,517.0,517.0,517.0,956.0,956.0,956.0,520.0,520.0,520.0,493.0,493.0,493.0
1.0,2877.0,1530.0,1482.0,1560.0,1539.0,513.0,513.0,513.0,494.0,494.0,494.0,510.0,510.0,510.0,959.0,959.0,959.0,513.0,513.0,513.0,494.0,494.0,494.0
1.0,2907.0,1500.0,1479.0,1539.0,1491.0,497.0,497.0,497.0,493.0,493.0,493.0,500.0,500.0,500.0,969.0,969.0,969.0,497.0,497.0,497.0,493.0,493.0,493.0
1.0,2946.0,1458.0,1479.0,1491.0,1458.0,486.0,486.0,486.0,493.0,493.0,493.0,486.0,486.0,486.0,982.0,982.0,982.0,486.0,486.0,486.0,493.0,493.0,493.0
1.0,2979.0,1431.0,1479.0,1458.0,1431.0,477.0,477.0,477.0,493.0,493.0,493.0,477.0,477.0,477.0,993.0,993.0,993.0,477.0,477.0,477.0,493.0,493.0,493.0
1.0,3006.0,1503.0,1479.0,1431.0,1503.0,501.0,501.0,501.0,493.0,493.0,493.0,501.0,501.0,501.0,1002.0,1002.0,1002.0,501.0,501.0,501.0,493.0,493.0,493.0
1.0,2934.0,1521.0,1482.0,1503.0,1530.0,510.0,510.0,510.0,494.0,494.0,494.0,507.0,507.0,507.0,978.0,978.0,978.0,510.0,510.0,510.0,494.0,494.0,494.0
1.0,2916.0,1578.0,1485.0,1530.0,1587.0,529.0,529.0,529.0,495.0,495.0,495.0,526.0,526.0,526.0,972.0,972.0,972.0,529.0,529.0,529.0,495.0,495.0,495.0
1.0,2868.0,1479.0,1485.0,1587.0,1479.0,493.0,493.0,493.0,495.0,495.0,495.0,493.0,493.0,493.0,956.0,956.0,956.0,493.0,493.0,493.0,495.0,495.0,495.0
1.0,2976.0,1428.0,1485.0,1479.0,1428.0,476.0,476.0,476.0,495.0,495.0,495.0,476.0,476.0,476.0,992.0,992.0,992.0,476.0,476.0,476.0,495.0,495.0,495.0
1.0,3027.0,1434.0,1482.0,1428.0,1425.0,475.0,475.0,475.0,494.0,494.0,494.0,478.0,478.0,478.0,1009.0,1009.0,1009.0,475.0,475.0,475.0,494.0,494.0,494.0
1.0,3021.0,1431.0,1479.0,1425.0,1422.0,474.0,474.0,474.0,493.0,493.0,493.0,477.0,477.0,477.0,1007.0,1007.0,1007.0,474.0,474.0,474.0,493.0,493.0,493.0
1.0,3015.0,1527.0,1482.0,1422.0,1536.0,512.0,512.0,512.0,494.0,494.0,494.0,509.0,509.0,509.0,1005.0,1005.0,1005.0,512.0,512.0,512.0,494.0,494.0,494.0
1.0,2910.0,1548.0,1485.0,1536.0,1557.0,519.0,519.0,519.0,495.0,495.0,495.0,516.0,516.0,516.0,970.0,970.0,970.0,519.0,519.0,519.0,495.0,495.0,495.0
1.0,2898.0,1593.0,1488.0,1557.0,1602.0,534.0,534.0,534.0,496.0,496.0,496.0,531.0,531.0,531.0,966.0,966.0,966.0,534.0,534.0,534.0,496.0,496.0,496.0
1.0,2862.0,1527.0,1488.0,1602.0,1527.0,509.0,509.0,509.0,496.0,496.0,496.0,509.0,509.0,509.0,954.0,954.0,954.0,509.0,509.0,509.0,496.0,496.0,496.0
1.0,2937.0,1473.0,1488.0,1527.0,1473.0,491.0,491.0,491.0,496.0,496.0,496.0,491.0,491.0,491.0,979.0,979.0,979.0,491.0,491.0,491.0,496.0,496.0,496.0
1.0,2991.0,1389.0,1488.0,1473.0,1389.0,463.0,463.0,463.0,496.0,496.0,496.0,463.0,463.0,463.0,997.0,997.0,997.0,463.0,463.0,463.0,496.0,496.0,496.0
1.0,3075.0,1419.0,1485.0,1389.0,1410.0,470.0,470.0,470.0,495.0,495.0,495.0,473.0,473.0,473.0,1025.0,1025.0,1025.0,470.0,470.0,470.0,495.0,495.0,495.0
1.0,3045.0,1515.0,1485.0,1410.0,1515.0,505.0,505.0,505.0,495.0,495.0,495.0,505.0,505.0,505.0,1015.0,1015.0,1015.0,505.0,505.0,505.0,495.0,495.0,495.0
1.0,2940.0,1524.0,1488.0,1515.0,1533.0,511.0,511.0,511.0,496.0,496.0,496.0,508.0,508.0,508.0,980.0,980.0,980.0,511.0,511.0,511.0,496.0,496.0,496.0
1.0,2931.0,1557.0,1491.0,1533.0,1566.0,522.0,522.0,522.0,497.0,497.0,497.0,519.0,519.0,519.0,977.0,977.0,977.0,522.0,522.0,522.0,497.0,497.0,497.0
1.0,2907.0,1509.0,1491.0,1566.0,1509.0,503.0,503.0,503.0,497.0,497.0,497.0,503.0,503.0,503.0,969.0,969.0,969.0,503.0,503.0,503.0,497.0,497.0,497.0
1.0,2964.0,1485.0,1491.0,1509.0,1485.0,495.0,495.0,495.0,497.0,497.0,497.0,495.0,495.0,495.0,988.0,988.0,988.0,495.0,495.0,495.0,497.0,497.0,497.0
1.0,2988.0,1437.0,1488.0,1485.0,1428.0,476.0,476.0,476.0,496.0,496.0,496.0,479.0,479.0,479.0,996.0,996.0,996.0,476.0,476.0,476.0,496.0,496.0,496.0
1.0,3036.0,1401.0,1488.0,1428.0,1401.0,467.0,467.0,467.0,496.0,496.0,496.0,467.0,467.0,467.0,1012.0,1012.0,1012.0,467.0,467.0,467.0,496.0,496.0,496.0
1.0,3063.0,1509.0,1488.0,1401.0,1509.0,503.0,503.0,503.0,496.0,496.0,496.0,503.0,503.0,503.0,1021.0,1021.0,1021.0,503.0,503.0,503.0,496.0,496.0,496.0
1.0,2955.0,1548.0,1491.0,1509.0,1557.0,519.0,519.0,519.0,497.0,497.0,497.0,516.0,516.0,516.0,985.0,985.0,985.0,519.0,519.0,519.0,497.0,497.0,497.0
1.0,2916.0,1566.0,1494.0,1557.0,1575.0,525.0,525.0,525.0,498.0,498.0,498.0,522.0,522.0,522.0,972.0,972.0,972.0,525.0,525.0,525.0,498.0,498.0,498.0
1.0,2907.0,1524.0,1494.0,1575.0,1524.0,508.0,508.0,508.0,498.0,498.0,498.0,508.0,508.0,508.0,969.0,969.0,969.0,508.0,508.0,508.0,498.0,498.0,498.0
1.0,2958.0,1503.0,1494.0,1524.0,1503.0,501.0,501.0,501.0,498.0,498.0,498.0,501.0,501.0,501.0,986.0,986.0,986.0,501.0,501.0,501.0,498.0,498.0,498.0
1.0,2979.0,1455.0,1491.0,1503.0,1446.0,482.0,482.0,482.0,497.0,497.0,497.0,485.0,485.0,485.0,993.0,993.0,993.0,482.0,482.0,482.0,497.0,497.0,497.0
1.0,3027.0,1458.0,1491.0,1446.0,1458.0,486.0,486.0,486.0,497.0,497.0,497.0,486.0,486.0,486.0,1009.0,1009.0,1009.0,486.0,486.0,486.0,497.0,497.0,497.0
1.0,3015.0,1452.0,1488.0,1458.0,1443.0,481.0,481.0,481.0,496.0,496.0,496.0,484.0,484.0,484.0,1005.0,1005.0,1005.0,481.0,481.0,481.0,496.0,496.0,496.0
1.0,3021.0,1554.0,1494.0,1443.0,1572.0,524.0,524.0,524.0,498.0,498.0,498.0,518.0,518.0,518.0,1007.0,1007.0,1007.0,524.0,524.0,524.0,498.0,498.0,498.0
1.0,2910.0,1602.0,1497.0,1572.0,1611.0,537.0,537.0,537.0,499.0,499.0,499.0,534.0,534.0,534.0,970.0,970.0,970.0,537.0,537.0,537.0,499.0,499.0,499.0
1.0,2880.0,1527.0,1497.0,1611.0,1527.0,509.0,509.0,509.0,499.0,499.0,499.0,509.0,509.0,509.0,960.0,960.0,960.0,509.0,509.0,509.0,499.0,499.0,499.0
1.0,2964.0,1470.0,1497.0,1527.0,1470.0,490.0,490.0,490.0,499.0,499.0,499.0,490.0,490.0,490.0,988.0,988.0,988.0,490.0,490.0,490.0,499.0,499.0,499.0
1.0,3021.0,1470.0,1494.0,1470.0,1461.0,487.0,487.0,487.0,498.0,498.0,498.0,490.0,490.0,490.0,1007.0,1007.0,1007.0,487.0,487.0,487.0,498.0,498.0,498.0
1.0,3021.0,1530.0,1494.0,1461.0,1530.0,510.0,510.0,510.0,498.0,498.0,498.0,510.0,510.0,510.0,1007.0,1007.0,1007.0,510.0,510.0,510.0,498.0,498.0,498.0
1.0,2952.0,1524.0,1497.0,1530.0,1533.0,511.0,511.0,511.0,499.0,499.0,499.0,508.0,508.0,508.0,984.0,984.0,984.0,511.0,511.0,511.0,499.0,499.0,499.0
1.0,2958.0,1530.0,1497.0,1533.0,1530.0,510.0,510.0,510.0,499.0,499.0,499.0,510.0,510.0,510.0,986.0,986.0,986.0,510.0,510.0,510.0,499.0,499.0,499.0
1.0,2961.0,1584.0,1500.0,1530.0,1593.0,531.0,531.0,531.0,500.0,500.0,500.0,528.0,528.0,528.0,987.0,987.0,987.0,531.0,531.0,531.0,500.0,500.0,500.0
1.0,2907.0,1539.0,1503.0,1593.0,1548.0,516.0,516.0,516.0,501.0,501.0,501.0,513.0,513.0,513.0,969.0,969.0,969.0,516.0,516.0,516.0,501.0,501.0,501.0
1.0,2961.0,1452.0,1500.0,1548.0,1443.0,481.0,481.0,481.0,500.0,500.0,500.0,484.0,484.0,484.0,987.0,987.0,987.0,481.0,481.0,481.0,500.0,500.0,500.0
1.0,3057.0,1479.0,1500.0,1443.0,1479.0,493.0,493.0,493.0,500.0,500.0,500.0,493.0,493.0,493.0,1019.0,1019.0,1019.0,493.0,493.0,493.0,500.0,500.0,500.0
1.0,3021.0,1491.0,1500.0,1479.0,1491.0,497.0,497.0,497.0,500.0,500.0,500.0,497.0,497.0,497.0,1007.0,1007.0,1007.0,497.0,497.0,497.0,500.0,500.0,500.0
1.0,3009.0,1521.0,1500.0,1491.0,1521.0,507.0,507.0,507.0,500.0,500.0,500.0,507.0,507.0,507.0,1003.0,1003.0,1003.0,507.0,507.0,507.0,500.0,500.0,500.0
1.0,2979.0,1587.0,1503.0,1521.0,1596.0,532.0,532.0,532.0,501.0,501.0,501.0,529.0,529.0,529.0,993.0,993.0,993.0,532.0,532.0,532.0,501.0,501.0,501.0
1.0,2913.0,1623.0,1506.0,1596.0,1632.0,544.0,544.0,544.0,502.0,502.0,502.0,541.0,541.0,541.0,971.0,971.0,971.0,544.0,544.0,544.0,502.0,502.0,502.0
1.0,2886.0,1569.0,1506.0,1632.0,1569.0,523.0,523.0,523.0,502.0,502.0,502.0,523.0,523.0,523.0,962.0,962.0,962.0,523.0,523.0,523.0,502.0,502.0,502.0
1.0,2949.0,1485.0,1506.0,1569.0,1485.0,495.0,495.0,495.0,502.0,502.0,502.0,495.0,495.0,495.0,983.0,983.0,983.0,495.0,495.0,495.0,502.0,502.0,502.0
1.0,3033.0,1440.0,1503.0,1485.0,1431.0,477.0,477.0,477.0,501.0,501.0,501.0,480.0,480.0,480.0,1011.0,1011.0,1011.0,477.0,477.0,477.0,501.0,501.0,501.0
1.0,3078.0,1476.0,1503.0,1431.0,1476.0,492.0,492.0,492.0,501.0,501.0,501.0,492.0,492.0,492.0,1026.0,1026.0,1026.0,492.0,492.0,492.0,501.0,501.0,501.0
1.0,3033.0,1506.0,1503.0,1476.0,1506.0,502.0,502.0,502.0,501.0,501.0,501.0,502.0,502.0,502.0,1011.0,1011.0,1011.0,502.0,502.0,502.0,501.0,501.0,501.0
1.0,3003.0,1572.0,1506.0,1506.0,1581.0,527.0,527.0,527.0,502.0,502.0,502.0,524.0,524.0,524.0,1001.0,1001.0,1001.0,527.0,527.0,527.0,502.0,502.0,502.0
1.0,2937.0,1584.0,1509.0,1581.0,1593.0,531.0,531.0,531.0,503.0,503.0,503.0,528.0,528.0,528.0,979.0,979.0,979.0,531.0,531.0,531.0,503.0,503.0,503.0
1.0,2934.0,1515.0,1509.0,1593.0,1515.0,505.0,505.0,505.0,503.0,503.0,503.0,505.0,505.0,505.0,978.0,978.0,978.0,505.0,505.0,505.0,503.0,503.0,503.0
1.0,3012.0,1491.0,1506.0,1515.0,1482.0,494.0,494.0,494.0,502.0,502.0,502.0,497.0,497.0,497.0,1004.0,1004.0,1004.0,494.0,494.0,494.0,502.0,502.0,502.0
1.0,3036.0,1491.0,1506.0,1482.0,1491.0,497.0,497.0,497.0,502.0,502.0,502.0,497.0,497.0,497.0,1012.0,1012.0,1012.0,497.0,497.0,497.0,502.0,502.0,502.0
1.0,3027.0,1536.0,1506.0,1491.0,1536.0,512.0,512.0,512.0,502.0,502.0,502.0,512.0,512.0,512.0,1009.0,1009.0,1009.0,512.0,512.0,512.0,502.0,502.0,502.0
1.0,2982.0,1512.0,1509.0,1536.0,1521.0,507.0,507.0,507.0,503.0,503.0,503.0,504.0,504.0,504.0,994.0,994.0,994.0,507.0,507.0,507.0,503.0,503.0,503.0
1.0,3006.0,1509.0,1509.0,1521.0,1509.0,503.0,503.0,503.0,503.0,503.0,503.0,503.0,503.0,503.0,1002.0,1002.0,1002.0,503.0,503.0,503.0,503.0,503.0,503.0
1.0,3018.0,1572.0,1512.0,1509.0,1581.0,527.0,527.0,527.0,504.0,504.0,504.0,524.0,524.0,524.0,1006.0,1006.0,1006.0,527.0,527.0,527.0,504.0,504.0,504.0
1.0,2955.0,1539.0,1512.0,1581.0,1539.0,513.0,513.0,513.0,504.0,504.0,504.0,513.0,513.0,513.0,985.0,985.0,985.0,513.0,513.0,513.0,504.0,504.0,504.0
1.0,2997.0,1572.0,1512.0,1539.0,1572.0,524.0,524.0,524.0,504.0,504.0,504.0,524.0,524.0,524.0,999.0,999.0,999.0,524.0,524.0,524.0,504.0,504.0,504.0
1.0,2964.0,1491.0,1512.0,1572.0,1491.0,497.0,497.0,497.0,504.0,504.0,504.0,497.0,497.0,497.0,988.0,988.0,988.0,497.0,497.0,497.0,504.0,504.0,504.0
1.0,3045.0,1572.0,1512.0,1491.0,1572.0,524.0,524.0,524.0,504.0,504.0,504.0,524.0,524.0,524.0,1015.0,1015.0,1015.0,524.0,524.0,524.0,504.0,504.0,504.0
1.0,2964.0,1527.0,1512.0,1572.0,1527.0,509.0,509.0,509.0,504.0,504.0,504.0,509.0,509.0,509.0,988.0,988.0,988.0,509.0,509.0,509.0,504.0,504.0,504.0
1.0,3009.0,1626.0,1518.0,1527.0,1644.0,548.0,548.0,548.0,506.0,506.0,506.0,542.0,542.0,542.0,1003.0,1003.0,1003.0,548.0,548.0,548.0,506.0,506.0,506.0
1.0,2910.0,1566.0,1521.0,1644.0,1575.0,525.0,525.0,525.0,507.0,507.0,507.0,522.0,522.0,522.0,970.0,970.0,970.0,525.0,525.0,525.0,507.0,507.0,507.0
1.0,2988.0,1527.0,1521.0,1575.0,1527.0,509.0,509.0,509.0,507.0,507.0,507.0,509.0,509.0,509.0,996.0,996.0,996.0,509.0,509.0,509.0,507.0,507.0,507.0
1.0,3036.0,1548.0,1521.0,1527.0,1548.0,516.0,516.0,516.0,507.0,507.0,507.0,516.0,516.0,516.0,1012.0,1012.0,1012.0,516.0,516.0,516.0,507.0,507.0,507.0
1.0,3015.0,1488.0,1521.0,1548.0,1488.0,496.0,496.0,496.0,507.0,507.0,507.0,496.0,496.0,496.0,1005.0,1005.0,1005.0,496.0,496.0,496.0,507.0,507.0,507.0
1.0,3075.0,1476.0,1518.0,1488.0,1467.0,489.0,489.0,489.0,506.0,506.0,506.0,492.0,492.0,492.0,1025.0,1025.0,1025.0,489.0,489.0,489.0,506.0,506.0,506.0
1.0,3087.0,1485.0,1518.0,1467.0,1485.0,495.0,495.0,495.0,506.0,506.0,506.0,495.0,495.0,495.0,1029.0,1029.0,1029.0,495.0,495.0,495.0,506.0,506.0,506.0
1.0,3069.0,1608.0,1524.0,1485.0,1626.0,542.0,542.0,542.0,508.0,508.0,508.0,536.0,536.0,536.0,1023.0,1023.0,1023.0,542.0,542.0,542.0,508.0,508.0,508.0
1.0,2946.0,1596.0,1527.0,1626.0,1605.0,535.0,535.0,535.0,509.0,509.0,509.0,532.0,532.0,532.0,982.0,982.0,982.0,535.0,535.0,535.0,509.0,509.0,509.0
1.0,2976.0,1524.0,1527.0,1605.0,1524.0,508.0,508.0,508.0,509.0,509.0,509.0,508.0,508.0,508.0,992.0,992.0,992.0,508.0,508.0,508.0,509.0,509.0,509.0
1.0,3057.0,1530.0,1527.0,1524.0,1530.0,510.0,510.0,510.0,509.0,509.0,509.0,510.0,510.0,510.0,1019.0,1019.0,1019.0,510.0,510.0,510.0,509.0,509.0,509.0
1.0,3051.0,1461.0,1524.0,1530.0,1452.0,484.0,484.0,484.0,508.0,508.0,508.0,487.0,487.0,487.0,1017.0,1017.0,1017.0,484.0,484.0,484.0,508.0,508.0,508.0
1.0,3120.0,1452.0,1524.0,1452.0,1452.0,484.0,484.0,484.0,508.0,508.0,508.0,484.0,484.0,484.0,1040.0,1040.0,1040.0,484.0,484.0,484.0,508.0,508.0,508.0
1.0,3120.0,1530.0,1524.0,1452.0,1530.0,510.0,510.0,510.0,508.0,508.0,508.0,510.0,510.0,510.0,1040.0,1040.0,1040.0,510.0,510.0,510.0,508.0,508.0,508.0
1.0,3042.0,1560.0,1527.0,1530.0,1569.0,523.0,523.0,523.0,509.0,509.0,509.0,520.0,520.0,520.0,1014.0,1014.0,1014.0,523.0,523.0,523.0,509.0,509.0,509.0
1.0,3012.0,1629.0,1530.0,1569.0,1638.0,546.0,546.0,546.0,510.0,510.0,510.0,543.0,543.0,543.0,1004.0,1004.0,1004.0,546.0,546.0,546.0,510.0,510.0,510.0
1.0,2952.0,1533.0,1530.0,1638.0,1533.0,511.0,511.0,511.0,510.0,510.0,510.0,511.0,511.0,511.0,984.0,984.0,984.0,511.0,511.0,511.0,510.0,510.0,510.0
1.0,3057.0,1548.0,1530.0,1533.0,1548.0,516.0,516.0,516.0,510.0,510.0,510.0,516.0,516.0,516.0,1019.0,1019.0,1019.0,516.0,516.0,516.0,510.0,510.0,510.0
1.0,3042.0,1482.0,1527.0,1548.0,1473.0,491.0,491.0,491.0,509.0,509.0,509.0,494.0,494.0,494.0,1014.0,1014.0,1014.0,491.0,491.0,491.0,509.0,509.0,509.0
1.0,3108.0,1476.0,1527.0,1473.0,1476.0,492.0,492.0,492.0,509.0,509.0,509.0,492.0,492.0,492.0,1036.0,1036.0,1036.0,492.0,492.0,492.0,509.0,509.0,509.0
1.0,3105.0,1587.0,1530.0,1476.0,1596.0,532.0,532.0,532.0,510.0,510.0,510.0,529.0,529.0,529.0,1035.0,1035.0,1035.0,532.0,532.0,532.0,510.0,510.0,510.0
1.0,2994.0,1572.0,1530.0,1596.0,1572.0,524.0,524.0,524.0,510.0,510.0,510.0,524.0,524.0,524.0,998.0,998.0,998.0,524.0,524.0,524.0,510.0,510.0,510.0
1.0,3018.0,1596.0,1533.0,1572.0,1605.0,535.0,535.0,535.0,511.0,511.0,511.0,532.0,532.0,532.0,1006.0,1006.0,1006.0,535.0,535.0,535.0,511.0,511.0,511.0
1.0,2994.0,1560.0,1533.0,1605.0,1560.0,520.0,520.0,520.0,511.0,511.0,511.0,520.0,520.0,520.0,998.0,998.0,998.0,520.0,520.0,520.0,511.0,511.0,511.0
1.0,3039.0,1503.0,1533.0,1560.0,1503.0,501.0,501.0,501.0,511.0,511.0,511.0,501.0,501.0,501.0,1013.0,1013.0,1013.0,501.0,501.0,501.0,511.0,511.0,511.0
1.0,3096.0,1467.0,1530.0,1503.0,1458.0,486.0,486.0,486.0,510.0,510.0,510.0,489.0,489.0,489.0,1032.0,1032.0,1032.0,486.0,486.0,486.0,510.0,510.0,510.0
1.0,3132.0,1479.0,1530.0,1458.0,1479.0,493.0,493.0,493.0,510.0,510.0,510.0,493.0,493.0,493.0,1044.0,1044.0,1044.0,493.0,493.0,493.0,510.0,510.0,510.0
1.0,3111.0,1566.0,1530.0,1479.0,1566.0,522.0,522.0,522.0,510.0,510.0,510.0,522.0,522.0,522.0,1037.0,1037.0,1037.0,522.0,522.0,522.0,510.0,510.0,510.0
1.0,3024.0,1605.0,1533.0,1566.0,1614.0,538.0,538.0,538.0,511.0,511.0,511.0,535.0,535.0,535.0,1008.0,1008.0,1008.0,538.0,538.0,538.0,511.0,511.0,511.0
1.0,2985.0,1596.0,1536.0,1614.0,1605.0,535.0,535.0,535.0,512.0,512.0,512.0,532.0,532.0,532.0,995.0,995.0,995.0,535.0,535.0,535.0,512.0,512.0,512.0
1.0,3003.0,1539.0,1536.0,1605.0,1539.0,513.0,513.0,513.0,512.0,512.0,512.0,513.0,513.0,513.0,1001.0,1001.0,1001.0,513.0,513.0,513.0,512.0,512.0,512.0
1.0,3069.0,1536.0,1536.0,1539.0,1536.0,512.0,512.0,512.0,512.0,512.0,512.0,512.0,512.0,512.0,1023.0,1023.0,1023.0,512.0,512.0,512.0,512.0,512.0,512.0
1.0,3072.0,1503.0,1533.0,1536.0,1494.0,498.0,498.0,498.0,511.0,511.0,511.0,501.0,501.0,501.0,1024.0,1024.0,1024.0,498.0,498.0,498.0,511.0,511.0,511.0
1.0,3105.0,1518.0,1533.0,1494.0,1518.0,506.0,506.0,506.0,511.0,511.0,511.0,506.0,506.0,506.0,1035.0,1035.0,1035.0,506.0,506.0,506.0,511.0,511.0,511.0
1.0,3081.0,1575.0,1533.0,1518.0,1575.0,525.0,525.0,525.0,511.0,511.0,511.0,525.0,525.0,525.0,1027.0,1027.0,1027.0,525.0,525.0,525.0,511.0,511.0,511.0
1.0,3024.0,1581.0,1536.0,1575.0,1590.0,530.0,530.0,530.0,512.0,512.0,512.0,527.0,527.0,527.0,1008.0,1008.0,1008.0,530.0,530.0,530.0,512.0,512.0,512.0
1.0,3018.0,1647.0,1539.0,1590.0,1656.0,552.0,552.0,552.0,513.0,513.0,513.0,549.0,549.0,549.0,1006.0,1006.0,1006.0,552.0,552.0,552.0,513.0,513.0,513.0
1.0,2961.0,1593.0,1542.0,1656.0,1602.0,534.0,534.0,534.0,514.0,514.0,514.0,531.0,531.0,531.0,987.0,987.0,987.0,534.0,534.0,534.0,514.0,514.0,514.0
1.0,3024.0,1554.0,1542.0,1602.0,1554.0,518.0,518.0,518.0,514.0,514.0,514.0,518.0,518.0,518.0,1008.0,1008.0,1008.0,518.0,518.0,518.0,514.0,514.0,514.0
1.0,3072.0,1557.0,1542.0,1554.0,1557.0,519.0,519.0,519.0,514.0,514.0,514.0,519.0,519.0,519.0,1024.0,1024.0,1024.0,519.0,519.0,519.0,514.0,514.0,514.0
1.0,3069.0,1500.0,1539.0,1557.0,1491.0,497.0,497.0,497.0,513.0,513.0,513.0,500.0,500.0,500.0,1023.0,1023.0,1023.0,497.0,497.0,497.0,513.0,513.0,513.0
1.0,3126.0,1506.0,1542.0,1491.0,1515.0,505.0,505.0,505.0,514.0,514.0,514.0,502.0,502.0,502.0,1042.0,1042.0,1042.0,505.0,505.0,505.0,514.0,514.0,514.0
1.0,3111.0,1602.0,1542.0,1515.0,1602.0,534.0,534.0,534.0,514.0,514.0,514.0,534.0,534.0,534.0,1037.0,1037.0,1037.0,534.0,534.0,534.0,514.0,514.0,514.0
1.0,3024.0,1611.0,1545.0,1602.0,1620.0,540.0,540.0,540.0,515.0,515.0,515.0,537.0,537.0,537.0,1008.0,1008.0,1008.0,540.0,540.0,540.0,515.0,515.0,515.0
1.0,3015.0,1593.0,1545.0,1620.0,1593.0,531.0,531.0,531.0,515.0,515.0,515.0,531.0,531.0,531.0,1005.0,1005.0,1005.0,531.0,531.0,531.0,515.0,515.0,515.0
1.0,3042.0,1512.0,1545.0,1593.0,1512.0,504.0,504.0,504.0,515.0,515.0,515.0,504.0,504.0,504.0,1014.0,1014.0,1014.0,504.0,504.0,504.0,515.0,515.0,515.0
1.0,3123.0,1491.0,1545.0,1512.0,1491.0,497.0,497.0,497.0,515.0,515.0,515.0,497.0,497.0,497.0,1041.0,1041.0,1041.0,497.0,497.0,497.0,515.0,515.0,515.0
1.0,3144.0,1479.0,1542.0,1491.0,1470.0,490.0,490.0,490.0,514.0,514.0,514.0,493.0,493.0,493.0,1048.0,1048.0,1048.0,490.0,490.0,490.0,514.0,514.0,514.0
1.0,3156.0,1563.0,1542.0,1470.0,1563.0,521.0,521.0,521.0,514.0,514.0,514.0,521.0,521.0,521.0,1052.0,1052.0,1052.0,521.0,521.0,521.0,514.0,514.0,514.0
1.0,3063.0,1611.0,1545.0,1563.0,1620.0,540.0,540.0,540.0,515.0,515.0,515.0,537.0,537.0,537.0,1021.0,1021.0,1021.0,540.0,540.0,540.0,515.0,515.0,515.0
1.0,3015.0,1623.0,1545.0,1620.0,1623.0,541.0,541.0,541.0,515.0,515.0,515.0,541.0,541.0,541.0,1005.0,1005.0,1005.0,541.0,541.0,541.0,515.0,515.0,515.0
1.0,3012.0,1530.0,1545.0,1623.0,1530.0,510.0,510.0,510.0,515.0,515.0,515.0,510.0,510.0,510.0,1004.0,1004.0,1004.0,510.0,510.0,510.0,515.0,515.0,515.0
1.0,3105.0,1590.0,1545.0,1530.0,1590.0,530.0,530.0,530.0,515.0,515.0,515.0,530.0,530.0,530.0,1035.0,1035.0,1035.0,530.0,530.0,530.0,515.0,515.0,515.0
1.0,3045.0,1554.0,1545.0,1590.0,1554.0,518.0,518.0,518.0,515.0,515.0,515.0,518.0,518.0,518.0,1015.0,1015.0,1015.0,518.0,518.0,518.0,515.0,515.0,515.0
1.0,3081.0,1515.0,1545.0,1554.0,1515.0,505.0,505.0,505.0,515.0,515.0,515.0,505.0,505.0,505.0,1027.0,1027.0,1027.0,505.0,505.0,505.0,515.0,515.0,515.0
1.0,3120.0,1584.0,1545.0,1515.0,1584.0,528.0,528.0,528.0,515.0,515.0,515.0,528.0,528.0,528.0,1040.0,1040.0,1040.0,528.0,528.0,528.0,515.0,515.0,515.0
1.0,3051.0,1629.0,1548.0,1584.0,1638.0,546.0,546.0,546.0,516.0,516.0,516.0,543.0,543.0,543.0,1017.0,1017.0,1017.0,546.0,546.0,546.0,516.0,516.0,516.0
1.0,3006.0,1638.0,1551.0,1638.0,1647.0,549.0,549.0,549.0,517.0,517.0,517.0,546.0,546.0,546.0,1002.0,1002.0,1002.0,549.0,549.0,549.0,517.0,517.0,517.0
1.0,3006.0,1632.0,1554.0,1647.0,1641.0,547.0,547.0,547.0,518.0,518.0,518.0,544.0,544.0,544.0,1002.0,1002.0,1002.0,547.0,547.0,547.0,518.0,518.0,518.0
1.0,3021.0,1515.0,1554.0,1641.0,1515.0,505.0,505.0,505.0,518.0,518.0,518.0,505.0,505.0,505.0,1007.0,1007.0,1007.0,505.0,505.0,505.0,518.0,518.0,518.0
1.0,3147.0,1515.0,1551.0,1515.0,1506.0,502.0,502.0,502.0,517.0,517.0,517.0,505.0,505.0,505.0,1049.0,1049.0,1049.0,502.0,502.0,502.0,517.0,517.0,517.0
1.0,3147.0,1536.0,1551.0,1506.0,1536.0,512.0,512.0,512.0,517.0,517.0,517.0,512.0,512.0,512.0,1049.0,1049.0,1049.0,512.0,512.0,512.0,517.0,517.0,517.0
1.0,3117.0,1575.0,1551.0,1536.0,1575.0,525.0,525.0,525.0,517.0,517.0,517.0,525.0,525.0,525.0,1039.0,1039.0,1039.0,525.0,525.0,525.0,517.0,517.0,517.0
1.0,3078.0,1599.0,1554.0,1575.0,1608.0,536.0,536.0,536.0,518.0,518.0,518.0,533.0,533.0,533.0,1026.0,1026.0,1026.0,536.0,536.0,536.0,518.0,518.0,518.0
1.0,3054.0,1641.0,1557.0,1608.0,1650.0,550.0,550.0,550.0,519.0,519.0,519.0,547.0,547.0,547.0,1018.0,1018.0,1018.0,550.0,550.0,550.0,519.0,519.0,519.0
1.0,3021.0,1626.0,1560.0,1650.0,1635.0,545.0,545.0,545.0,520.0,520.0,520.0,542.0,542.0,542.0,1007.0,1007.0,1007.0,545.0,545.0,545.0,520.0,520.0,520.0
1.0,3045.0,1590.0,1560.0,1635.0,1590.0,530.0,530.0,530.0,520.0,520.0,520.0,530.0,530.0,530.0,1015.0,1015.0,1015.0,530.0,530.0,530.0,520.0,520.0,520.0
1.0,3090.0,1557.0,1560.0,1590.0,1557.0,519.0,519.0,519.0,520.0,520.0,520.0,519.0,519.0,519.0,1030.0,1030.0,1030.0,519.0,519.0,519.0,520.0,520.0,520.0
1.0,3123.0,1524.0,1560.0,1557.0,1524.0,508.0,508.0,508.0,520.0,520.0,520.0,508.0,508.0,508.0,1041.0,1041.0,1041.0,508.0,508.0,508.0,520.0,520.0,520.0
1.0,3156.0,1593.0,1560.0,1524.0,1593.0,531.0,531.0,531.0,520.0,520.0,520.0,531.0,531.0,531.0,1052.0,1052.0,1052.0,531.0,531.0,531.0,520.0,520.0,520.0
1.0,3087.0,1656.0,1563.0,1593.0,1665.0,555.0,555.0,555.0,521.0,521.0,521.0,552.0,552.0,552.0,1029.0,1029.0,1029.0,555.0,555.0,555.0,521.0,521.0,521.0
1.0,3024.0,1605.0,1566.0,1665.0,1614.0,538.0,538.0,538.0,522.0,522.0,522.0,535.0,535.0,535.0,1008.0,1008.0,1008.0,538.0,538.0,538.0,522.0,522.0,522.0
1.0,3084.0,1635.0,1566.0,1614.0,1635.0,545.0,545.0,545.0,522.0,522.0,522.0,545.0,545.0,545.0,1028.0,1028.0,1028.0,545.0,545.0,545.0,522.0,522.0,522.0
1.0,3063.0,1545.0,1566.0,1635.0,1545.0,515.0,515.0,515.0,522.0,522.0,522.0,515.0,515.0,515.0,1021.0,1021.0,1021.0,515.0,515.0,515.0,522.0,522.0,522.0
1.0,3153.0,1479.0,1563.0,1545.0,1470.0,490.0,490.0,490.0,521.0,521.0,521.0,493.0,493.0,493.0,1051.0,1051.0,1051.0,490.0,490.0,490.0,521.0,521.0,521.0
1.0,3219.0,1542.0,1563.0,1470.0,1542.0,514.0,514.0,514.0,521.0,521.0,521.0,514.0,514.0,514.0,1073.0,1073.0,1073.0,514.0,514.0,514.0,521.0,521.0,521.0
1.0,3147.0,1620.0,1566.0,1542.0,1629.0,543.0,543.0,543.0,522.0,522.0,522.0,540.0,540.0,540.0,1049.0,1049.0,1049.0,543.0,543.0,543.0,522.0,522.0,522.0
1.0,3069.0,1641.0,1569.0,1629.0,1650.0,550.0,550.0,550.0,523.0,523.0,523.0,547.0,547.0,547.0,1023.0,1023.0,1023.0,550.0,550.0,550.0,523.0,523.0,523.0
1.0,3057.0,1653.0,1572.0,1650.0,1662.0,554.0,554.0,554.0,524.0,524.0,524.0,551.0,551.0,551.0,1019.0,1019.0,1019.0,554.0,554.0,554.0,524.0,524.0,524.0
1.0,3054.0,1602.0,1572.0,1662.0,1602.0,534.0,534.0,534.0,524.0,524.0,524.0,534.0,534.0,534.0,1018.0,1018.0,1018.0,534.0,534.0,534.0,524.0,524.0,524.0
1.0,3114.0,1593.0,1572.0,1602.0,1593.0,531.0,531.0,531.0,524.0,524.0,524.0,531.0,531.0,531.0,1038.0,1038.0,1038.0,531.0,531.0,531.0,524.0,524.0,524.0
1.0,3123.0,1470.0,1572.0,1593.0,1470.0,490.0,490.0,490.0,524.0,524.0,524.0,490.0,490.0,490.0,1041.0,1041.0,1041.0,490.0,490.0,490.0,524.0,524.0,524.0
1.0,3246.0,1524.0,1569.0,1470.0,1515.0,505.0,505.0,505.0,523.0,523.0,523.0,508.0,508.0,508.0,1082.0,1082.0,1082.0,505.0,505.0,505.0,523.0,523.0,523.0
1.0,3192.0,1578.0,1572.0,1515.0,1587.0,529.0,529.0,529.0,524.0,524.0,524.0,526.0,526.0,526.0,1064.0,1064.0,1064.0,529.0,529.0,529.0,524.0,524.0,524.0
1.0,3129.0,1566.0,1572.0,1587.0,1566.0,522.0,522.0,522.0,524.0,524.0,524.0,522.0,522.0,522.0,1043.0,1043.0,1043.0,522.0,522.0,522.0,524.0,524.0,524.0
1.0,3150.0,1638.0,1575.0,1566.0,1647.0,549.0,549.0,549.0,525.0,525.0,525.0,546.0,546.0,546.0,1050.0,1050.0,1050.0,549.0,549.0,549.0,525.0,525.0,525.0
1.0,3078.0,1593.0,1575.0,1647.0,1593.0,531.0,531.0,531.0,525.0,525.0,525.0,531.0,531.0,531.0,1026.0,1026.0,1026.0,531.0,531.0,531.0,525.0,525.0,525.0
1.0,3132.0,1512.0,1575.0,1593.0,1512.0,504.0,504.0,504.0,525.0,525.0,525.0,504.0,504.0,504.0,1044.0,1044.0,1044.0,504.0,504.0,504.0,525.0,525.0,525.0
1.0,3213.0,1572.0,1572.0,1512.0,1563.0,521.0,521.0,521.0,524.0,524.0,524.0,524.0,524.0,524.0,1071.0,1071.0,1071.0,521.0,521.0,521.0,524.0,524.0,524.0
1.0,3153.0,1536.0,1572.0,1563.0,1536.0,512.0,512.0,512.0,524.0,524.0,524.0,512.0,512.0,512.0,1051.0,1051.0,1051.0,512.0,512.0,512.0,524.0,524.0,524.0
1.0,3180.0,1566.0,1572.0,1536.0,1566.0,522.0,522.0,522.0,524.0,524.0,524.0,522.0,522.0,522.0,1060.0,1060.0,1060.0,522.0,522.0,522.0,524.0,524.0,524.0
1.0,3150.0,1674.0,1575.0,1566.0,1683.0,561.0,561.0,561.0,525.0,525.0,525.0,558.0,558.0,558.0,1050.0,1050.0,1050.0,561.0,561.0,561.0,525.0,525.0,525.0
1.0,3042.0,1686.0,1578.0,1683.0,1695.0,565.0,565.0,565.0,526.0,526.0,526.0,562.0,562.0,562.0,1014.0,1014.0,1014.0,565.0,565.0,565.0,526.0,526.0,526.0
1.0,3039.0,1617.0,1578.0,1695.0,1617.0,539.0,539.0,539.0,526.0,526.0,526.0,539.0,539.0,539.0,1013.0,1013.0,1013.0,539.0,539.0,539.0,526.0,526.0,526.0
1.0,3117.0,1548.0,1578.0,1617.0,1548.0,516.0,516.0,516.0,526.0,526.0,526.0,516.0,516.0,516.0,1039.0,1039.0,1039.0,516.0,516.0,516.0,526.0,526.0,526.0
1.0,3186.0,1536.0,1578.0,1548.0,1536.0,512.0,512.0,512.0,526.0,526.0,526.0,512.0,512.0,512.0,1062.0,1062.0,1062.0,512.0,512.0,512.0,526.0,526.0,526.0
1.0,3198.0,1530.0,1575.0,1536.0,1521.0,507.0,507.0,507.0,525.0,525.0,525.0,510.0,510.0,510.0,1066.0,1066.0,1066.0,507.0,507.0,507.0,525.0,525.0,525.0
1.0,3204.0,1560.0,1578.0,1521.0,1569.0,523.0,523.0,523.0,526.0,526.0,526.0,520.0,520.0,520.0,1068.0,1068.0,1068.0,523.0,523.0,523.0,526.0,526.0,526.0
1.0,3165.0,1635.0,1578.0,1569.0,1635.0,545.0,545.0,545.0,526.0,526.0,526.0,545.0,545.0,545.0,1055.0,1055.0,1055.0,545.0,545.0,545.0,526.0,526.0,526.0
1.0,3099.0,1659.0,1584.0,1635.0,1677.0,559.0,559.0,559.0,528.0,528.0,528.0,553.0,553.0,553.0,1033.0,1033.0,1033.0,559.0,559.0,559.0,528.0,528.0,528.0
1.0,3075.0,1590.0,1584.0,1677.0,1590.0,530.0,530.0,530.0,528.0,528.0,528.0,530.0,530.0,530.0,1025.0,1025.0,1025.0,530.0,530.0,530.0,528.0,528.0,528.0
1.0,3162.0,1536.0,1581.0,1590.0,1527.0,509.0,509.0,509.0,527.0,527.0,527.0,512.0,512.0,512.0,1054.0,1054.0,1054.0,509.0,509.0,509.0,527.0,527.0,527.0
1.0,3216.0,1542.0,1581.0,1527.0,1542.0,514.0,514.0,514.0,527.0,527.0,527.0,514.0,514.0,514.0,1072.0,1072.0,1072.0,514.0,514.0,514.0,527.0,527.0,527.0
1.0,3201.0,1566.0,1581.0,1542.0,1566.0,522.0,522.0,522.0,527.0,527.0,527.0,522.0,522.0,522.0,1067.0,1067.0,1067.0,522.0,522.0,522.0,527.0,527.0,527.0
1.0,3177.0,1614.0,1581.0,1566.0,1614.0,538.0,538.0,538.0,527.0,527.0,527.0,538.0,538.0,538.0,1059.0,1059.0,1059.0,538.0,538.0,538.0,527.0,527.0,527.0
1.0,3129.0,1692.0,1584.0,1614.0,1701.0,567.0,567.0,567.0,528.0,528.0,528.0,564.0,564.0,564.0,1043.0,1043.0,1043.0,567.0,567.0,567.0,528.0,528.0,528.0
1.0,3051.0,1599.0,1587.0,1701.0,1608.0,536.0,536.0,536.0,529.0,529.0,529.0,533.0,533.0,533.0,1017.0,1017.0,1017.0,536.0,536.0,536.0,529.0,529.0,529.0
1.0,3153.0,1668.0,1587.0,1608.0,1668.0,556.0,556.0,556.0,529.0,529.0,529.0,556.0,556.0,556.0,1051.0,1051.0,1051.0,556.0,556.0,556.0,529.0,529.0,529.0
1.0,3093.0,1533.0,1587.0,1668.0,1533.0,511.0,511.0,511.0,529.0,529.0,529.0,511.0,511.0,511.0,1031.0,1031.0,1031.0,511.0,511.0,511.0,529.0,529.0,529.0
1.0,3228.0,1488.0,1584.0,1533.0,1479.0,493.0,493.0,493.0,528.0,528.0,528.0,496.0,496.0,496.0,1076.0,1076.0,1076.0,493.0,493.0,493.0,528.0,528.0,528.0
1.0,3273.0,1530.0,1581.0,1479.0,1521.0,507.0,507.0,507.0,527.0,527.0,527.0,510.0,510.0,510.0,1091.0,1091.0,1091.0,507.0,507.0,507.0,527.0,527.0,527.0
1.0,3222.0,1608.0,1584.0,1521.0,1617.0,539.0,539.0,539.0,528.0,528.0,528.0,536.0,536.0,536.0,1074.0,1074.0,1074.0,539.0,539.0,539.0,528.0,528.0,528.0
1.0,3135.0,1650.0,1584.0,1617.0,1650.0,550.0,550.0,550.0,528.0,528.0,528.0,550.0,550.0,550.0,1045.0,1045.0,1045.0,550.0,550.0,550.0,528.0,528.0,528.0
1.0,3102.0,1662.0,1587.0,1650.0,1671.0,557.0,557.0,557.0,529.0,529.0,529.0,554.0,554.0,554.0,1034.0,1034.0,1034.0,557.0,557.0,557.0,529.0,529.0,529.0
1.0,3090.0,1608.0,1587.0,1671.0,1608.0,536.0,536.0,536.0,529.0,529.0,529.0,536.0,536.0,536.0,1030.0,1030.0,1030.0,536.0,536.0,536.0,529.0,529.0,529.0
1.0,3153.0,1533.0,1587.0,1608.0,1533.0,511.0,511.0,511.0,529.0,529.0,529.0,511.0,511.0,511.0,1051.0,1051.0,1051.0,511.0,511.0,511.0,529.0,529.0,529.0
1.0,3228.0,1563.0,1584.0,1533.0,1554.0,518.0,518.0,518.0,528.0,528.0,528.0,521.0,521.0,521.0,1076.0,1076.0,1076.0,518.0,518.0,518.0,528.0,528.0,528.0
1.0,3198.0,1539.0,1584.0,1554.0,1539.0,513.0,513.0,513.0,528.0,528.0,528.0,513.0,513.0,513.0,1066.0,1066.0,1066.0,513.0,513.0,513.0,528.0,528.0,528.0
1.0,3213.0,1638.0,1584.0,1539.0,1638.0,546.0,546.0,546.0,528.0,528.0,528.0,546.0,546.0,546.0,1071.0,1071.0,1071.0,546.0,546.0,546.0,528.0,528.0,528.0
1.0,3114.0,1704.0,1587.0,1638.0,1713.0,571.0,571.0,571.0,529.0,529.0,529.0,568.0,568.0,568.0,1038.0,1038.0,1038.0,571.0,571.0,571.0,529.0,529.0,529.0
1.0,3048.0,1728.0,1590.0,1713.0,1737.0,579.0,579.0,579.0,530.0,530.0,530.0,576.0,576.0,576.0,1016.0,1016.0,1016.0,579.0,579.0,579.0,530.0,530.0,530.0
1.0,3033.0,1668.0,1593.0,1737.0,1677.0,559.0,559.0,559.0,531.0,531.0,531.0,556.0,556.0,556.0,1011.0,1011.0,1011.0,559.0,559.0,559.0,531.0,531.0,531.0
1.0,3102.0,1572.0,1590.0,1677.0,1563.0,521.0,521.0,521.0,530.0,530.0,530.0,524.0,524.0,524.0,1034.0,1034.0,1034.0,521.0,521.0,521.0,530.0,530.0,530.0
1.0,3207.0,1554.0,1590.0,1563.0,1554.0,518.0,518.0,518.0,530.0,530.0,530.0,518.0,518.0,518.0,1069.0,1069.0,1069.0,518.0,518.0,518.0,530.0,530.0,530.0
1.0,3216.0,1620.0,1590.0,1554.0,1620.0,540.0,540.0,540.0,530.0,530.0,530.0,540.0,540.0,540.0,1072.0,1072.0,1072.0,540.0,540.0,540.0,530.0,530.0,530.0
1.0,3150.0,1545.0,1590.0,1620.0,1545.0,515.0,515.0,515.0,530.0,530.0,530.0,515.0,515.0,515.0,1050.0,1050.0,1050.0,515.0,515.0,515.0,530.0,530.0,530.0
1.0,3225.0,1689.0,1593.0,1545.0,1698.0,566.0,566.0,566.0,531.0,531.0,531.0,563.0,563.0,563.0,1075.0,1075.0,1075.0,566.0,566.0,566.0,531.0,531.0,531.0
1.0,3081.0,1605.0,1596.0,1698.0,1614.0,538.0,538.0,538.0,532.0,532.0,532.0,535.0,535.0,535.0,1027.0,1027.0,1027.0,538.0,538.0,538.0,532.0,532.0,532.0
1.0,3174.0,1635.0,1596.0,1614.0,1635.0,545.0,545.0,545.0,532.0,532.0,532.0,545.0,545.0,545.0,1058.0,1058.0,1058.0,545.0,545.0,545.0,532.0,532.0,532.0
1.0,3153.0,1605.0,1596.0,1635.0,1605.0,535.0,535.0,535.0,532.0,532.0,532.0,535.0,535.0,535.0,1051.0,1051.0,1051.0,535.0,535.0,535.0,532.0,532.0,532.0
1.0,3183.0,1548.0,1593.0,1605.0,1539.0,513.0,513.0,513.0,531.0,531.0,531.0,516.0,516.0,516.0,1061.0,1061.0,1061.0,513.0,513.0,513.0,531.0,531.0,531.0
1.0,3240.0,1551.0,1593.0,1539.0,1551.0,517.0,517.0,517.0,531.0,531.0,531.0,517.0,517.0,517.0,1080.0,1080.0,1080.0,517.0,517.0,517.0,531.0,531.0,531.0
1.0,3228.0,1674.0,1593.0,1551.0,1674.0,558.0,558.0,558.0,531.0,531.0,531.0,558.0,558.0,558.0,1076.0,1076.0,1076.0,558.0,558.0,558.0,531.0,531.0,531.0
1.0,3105.0,1620.0,1596.0,1674.0,1629.0,543.0,543.0,543.0,532.0,532.0,532.0,540.0,540.0,540.0,1035.0,1035.0,1035.0,543.0,543.0,543.0,532.0,532.0,532.0
1.0,3159.0,1644.0,1599.0,1629.0,1653.0,551.0,551.0,551.0,533.0,533.0,533.0,548.0,548.0,548.0,1053.0,1053.0,1053.0,551.0,551.0,551.0,533.0,533.0,533.0
1.0,3144.0,1614.0,1599.0,1653.0,1614.0,538.0,538.0,538.0,533.0,533.0,533.0,538.0,538.0,538.0,1048.0,1048.0,1048.0,538.0,538.0,538.0,533.0,533.0,533.0
1.0,3183.0,1578.0,1599.0,1614.0,1578.0,526.0,526.0,526.0,533.0,533.0,533.0,526.0,526.0,526.0,1061.0,1061.0,1061.0,526.0,526.0,526.0,533.0,533.0,533.0
1.0,3219.0,1560.0,1599.0,1578.0,1560.0,520.0,520.0,520.0,533.0,533.0,533.0,520.0,520.0,520.0,1073.0,1073.0,1073.0,520.0,520.0,520.0,533.0,533.0,533.0
1.0,3237.0,1575.0,1599.0,1560.0,1575.0,525.0,525.0,525.0,533.0,533.0,533.0,525.0,525.0,525.0,1079.0,1079.0,1079.0,525.0,525.0,525.0,533.0,533.0,533.0
1.0,3222.0,1638.0,1599.0,1575.0,1638.0,546.0,546.0,546.0,533.0,533.0,533.0,546.0,546.0,546.0,1074.0,1074.0,1074.0,546.0,546.0,546.0,533.0,533.0,533.0
1.0,3159.0,1713.0,1602.0,1638.0,1722.0,574.0,574.0,574.0,534.0,534.0,534.0,571.0,571.0,571.0,1053.0,1053.0,1053.0,574.0,574.0,574.0,534.0,534.0,534.0
1.0,3084.0,1686.0,1605.0,1722.0,1695.0,565.0,565.0,565.0,535.0,535.0,535.0,562.0,562.0,562.0,1028.0,1028.0,1028.0,565.0,565.0,565.0,535.0,535.0,535.0
1.0,3120.0,1614.0,1608.0,1695.0,1623.0,541.0,541.0,541.0,536.0,536.0,536.0,538.0,538.0,538.0,1040.0,1040.0,1040.0,541.0,541.0,541.0,536.0,536.0,536.0
1.0,3201.0,1599.0,1605.0,1623.0,1590.0,530.0,530.0,530.0,535.0,535.0,535.0,533.0,533.0,533.0,1067.0,1067.0,1067.0,530.0,530.0,530.0,535.0,535.0,535.0
1.0,3225.0,1530.0,1602.0,1590.0,1521.0,507.0,507.0,507.0,534.0,534.0,534.0,510.0,510.0,510.0,1075.0,1075.0,1075.0,507.0,507.0,507.0,534.0,534.0,534.0
1.0,3285.0,1545.0,1602.0,1521.0,1545.0,515.0,515.0,515.0,534.0,534.0,534.0,515.0,515.0,515.0,1095.0,1095.0,1095.0,515.0,515.0,515.0,534.0,534.0,534.0
1.0,3261.0,1617.0,1602.0,1545.0,1617.0,539.0,539.0,539.0,534.0,534.0,534.0,539.0,539.0,539.0,1087.0,1087.0,1087.0,539.0,539.0,539.0,534.0,534.0,534.0
1.0,3189.0,1698.0,1605.0,1617.0,1707.0,569.0,569.0,569.0,535.0,535.0,535.0,566.0,566.0,566.0,1063.0,1063.0,1063.0,569.0,569.0,569.0,535.0,535.0,535.0
1.0,3108.0,1674.0,1608.0,1707.0,1683.0,561.0,561.0,561.0,536.0,536.0,536.0,558.0,558.0,558.0,1036.0,1036.0,1036.0,561.0,561.0,561.0,536.0,536.0,536.0
1.0,3141.0,1680.0,1611.0,1683.0,1689.0,563.0,563.0,563.0,537.0,537.0,537.0,560.0,560.0,560.0,1047.0,1047.0,1047.0,563.0,563.0,563.0,537.0,537.0,537.0
1.0,3144.0,1605.0,1611.0,1689.0,1605.0,535.0,535.0,535.0,537.0,537.0,537.0,535.0,535.0,535.0,1048.0,1048.0,1048.0,535.0,535.0,535.0,537.0,537.0,537.0
1.0,3228.0,1542.0,1608.0,1605.0,1533.0,511.0,511.0,511.0,536.0,536.0,536.0,514.0,514.0,514.0,1076.0,1076.0,1076.0,511.0,511.0,511.0,536.0,536.0,536.0
1.0,3291.0,1557.0,1608.0,1533.0,1557.0,519.0,519.0,519.0,536.0,536.0,536.0,519.0,519.0,519.0,1097.0,1097.0,1097.0,519.0,519.0,519.0,536.0,536.0,536.0
1.0,3267.0,1557.0,1608.0,1557.0,1557.0,519.0,519.0,519.0,536.0,536.0,536.0,519.0,519.0,519.0,1089.0,1089.0,1089.0,519.0,519.0,519.0,536.0,536.0,536.0
1.0,3267.0,1653.0,1608.0,1557.0,1653.0,551.0,551.0,551.0,536.0,536.0,536.0,551.0,551.0,551.0,1089.0,1089.0,1089.0,551.0,551.0,551.0,536.0,536.0,536.0
1.0,3171.0,1692.0,1611.0,1653.0,1701.0,567.0,567.0,567.0,537.0,537.0,537.0,564.0,564.0,564.0,1057.0,1057.0,1057.0,567.0,567.0,567.0,537.0,537.0,537.0
1.0,3132.0,1614.0,1611.0,1701.0,1614.0,538.0,538.0,538.0,537.0,537.0,537.0,538.0,538.0,538.0,1044.0,1044.0,1044.0,538.0,538.0,538.0,537.0,537.0,537.0
1.0,3219.0,1620.0,1611.0,1614.0,1620.0,540.0,540.0,540.0,537.0,537.0,537.0,540.0,540.0,540.0,1073.0,1073.0,1073.0,540.0,540.0,540.0,537.0,537.0,537.0
1.0,3213.0,1527.0,1608.0,1620.0,1518.0,506.0,506.0,506.0,536.0,536.0,536.0,509.0,509.0,509.0,1071.0,1071.0,1071.0,506.0,506.0,506.0,536.0,536.0,536.0
1.0,3306.0,1524.0,1605.0,1518.0,1515.0,505.0,505.0,505.0,535.0,535.0,535.0,508.0,508.0,508.0,1102.0,1102.0,1102.0,505.0,505.0,505.0,535.0,535.0,535.0
1.0,3300.0,1662.0,1608.0,1515.0,1671.0,557.0,557.0,557.0,536.0,536.0,536.0,554.0,554.0,554.0,1100.0,1100.0,1100.0,557.0,557.0,557.0,536.0,536.0,536.0
1.0,3153.0,1638.0,1611.0,1671.0,1647.0,549.0,549.0,549.0,537.0,537.0,537.0,546.0,546.0,546.0,1051.0,1051.0,1051.0,549.0,549.0,549.0,537.0,537.0,537.0
1.0,3186.0,1722.0,1614.0,1647.0,1731.0,577.0,577.0,577.0,538.0,538.0,538.0,574.0,574.0,574.0,1062.0,1062.0,1062.0,577.0,577.0,577.0,538.0,538.0,538.0
1.0,3111.0,1677.0,1617.0,1731.0,1686.0,562.0,562.0,562.0,539.0,539.0,539.0,559.0,559.0,559.0,1037.0,1037.0,1037.0,562.0,562.0,562.0,539.0,539.0,539.0
1.0,3165.0,1578.0,1614.0,1686.0,1569.0,523.0,523.0,523.0,538.0,538.0,538.0,526.0,526.0,526.0,1055.0,1055.0,1055.0,523.0,523.0,523.0,538.0,538.0,538.0
1.0,3273.0,1578.0,1614.0,1569.0,1578.0,526.0,526.0,526.0,538.0,538.0,538.0,526.0,526.0,526.0,1091.0,1091.0,1091.0,526.0,526.0,526.0,538.0,538.0,538.0
1.0,3264.0,1581.0,1614.0,1578.0,1581.0,527.0,527.0,527.0,538.0,538.0,538.0,527.0,527.0,527.0,1088.0,1088.0,1088.0,527.0,527.0,527.0,538.0,538.0,538.0
1.0,3261.0,1671.0,1617.0,1581.0,1680.0,560.0,560.0,560.0,539.0,539.0,539.0,557.0,557.0,557.0,1087.0,1087.0,1087.0,560.0,560.0,560.0,539.0,539.0,539.0
1.0,3171.0,1659.0,1617.0,1680.0,1659.0,553.0,553.0,553.0,539.0,539.0,539.0,553.0,553.0,553.0,1057.0,1057.0,1057.0,553.0,553.0,553.0,539.0,539.0,539.0
1.0,3192.0,1656.0,1620.0,1659.0,1665.0,555.0,555.0,555.0,540.0,540.0,540.0,552.0,552.0,552.0,1064.0,1064.0,1064.0,555.0,555.0,555.0,540.0,540.0,540.0
1.0,3195.0,1584.0,1620.0,1665.0,1584.0,528.0,528.0,528.0,540.0,540.0,540.0,528.0,528.0,528.0,1065.0,1065.0,1065.0,528.0,528.0,528.0,540.0,540.0,540.0
1.0,3276.0,1584.0,1617.0,1584.0,1575.0,525.0,525.0,525.0,539.0,539.0,539.0,528.0,528.0,528.0,1092.0,1092.0,1092.0,525.0,525.0,525.0,539.0,539.0,539.0
1.0,3276.0,1554.0,1614.0,1575.0,1545.0,515.0,515.0,515.0,538.0,538.0,538.0,518.0,518.0,518.0,1092.0,1092.0,1092.0,515.0,515.0,515.0,538.0,538.0,538.0
1.0,3297.0,1569.0,1611.0,1545.0,1560.0,520.0,520.0,520.0,537.0,537.0,537.0,523.0,523.0,523.0,1099.0,1099.0,1099.0,520.0,520.0,520.0,537.0,537.0,537.0
1.0,3273.0,1581.0,1611.0,1560.0,1581.0,527.0,527.0,527.0,537.0,537.0,537.0,527.0,527.0,527.0,1091.0,1091.0,1091.0,527.0,527.0,527.0,537.0,537.0,537.0
1.0,3252.0,1653.0,1614.0,1581.0,1662.0,554.0,554.0,554.0,538.0,538.0,538.0,551.0,551.0,551.0,1084.0,1084.0,1084.0,554.0,554.0,554.0,538.0,538.0,538.0
1.0,3180.0,1701.0,1614.0,1662.0,1701.0,567.0,567.0,567.0,538.0,538.0,538.0,567.0,567.0,567.0,1060.0,1060.0,1060.0,567.0,567.0,567.0,538.0,538.0,538.0
1.0,3141.0,1716.0,1617.0,1701.0,1725.0,575.0,575.0,575.0,539.0,539.0,539.0,572.0,572.0,572.0,1047.0,1047.0,1047.0,575.0,575.0,575.0,539.0,539.0,539.0
1.0,3126.0,1647.0,1617.0,1725.0,1647.0,549.0,549.0,549.0,539.0,539.0,539.0,549.0,549.0,549.0,1042.0,1042.0,1042.0,549.0,549.0,549.0,539.0,539.0,539.0
1.0,3204.0,1545.0,1617.0,1647.0,1545.0,515.0,515.0,515.0,539.0,539.0,539.0,515.0,515.0,515.0,1068.0,1068.0,1068.0,515.0,515.0,515.0,539.0,539.0,539.0
1.0,3306.0,1596.0,1614.0,1545.0,1587.0,529.0,529.0,529.0,538.0,538.0,538.0,532.0,532.0,532.0,1102.0,1102.0,1102.0,529.0,529.0,529.0,538.0,538.0,538.0
1.0,3255.0,1638.0,1617.0,1587.0,1647.0,549.0,549.0,549.0,539.0,539.0,539.0,546.0,546.0,546.0,1085.0,1085.0,1085.0,549.0,549.0,549.0,539.0,539.0,539.0
1.0,3204.0,1647.0,1617.0,1647.0,1647.0,549.0,549.0,549.0,539.0,539.0,539.0,549.0,549.0,549.0,1068.0,1068.0,1068.0,549.0,549.0,549.0,539.0,539.0,539.0
1.0,3204.0,1704.0,1620.0,1647.0,1713.0,571.0,571.0,571.0,540.0,540.0,540.0,568.0,568.0,568.0,1068.0,1068.0,1068.0,571.0,571.0,571.0,540.0,540.0,540.0
1.0,3147.0,1689.0,1620.0,1713.0,1689.0,563.0,563.0,563.0,540.0,540.0,540.0,563.0,563.0,563.0,1049.0,1049.0,1049.0,563.0,563.0,563.0,540.0,540.0,540.0
1.0,3171.0,1617.0,1620.0,1689.0,1617.0,539.0,539.0,539.0,540.0,540.0,540.0,539.0,539.0,539.0,1057.0,1057.0,1057.0,539.0,539.0,539.0,540.0,540.0,540.0
1.0,3243.0,1551.0,1620.0,1617.0,1551.0,517.0,517.0,517.0,540.0,540.0,540.0,517.0,517.0,517.0,1081.0,1081.0,1081.0,517.0,517.0,517.0,540.0,540.0,540.0
1.0,3309.0,1611.0,1620.0,1551.0,1611.0,537.0,537.0,537.0,540.0,540.0,540.0,537.0,537.0,537.0,1103.0,1103.0,1103.0,537.0,537.0,537.0,540.0,540.0,540.0
1.0,3249.0,1620.0,1620.0,1611.0,1620.0,540.0,540.0,540.0,540.0,540.0,540.0,540.0,540.0,540.0,1083.0,1083.0,1083.0,540.0,540.0,540.0,540.0,540.0,540.0
1.0,3240.0,1668.0,1623.0,1620.0,1677.0,559.0,559.0,559.0,541.0,541.0,541.0,556.0,556.0,556.0,1080.0,1080.0,1080.0,559.0,559.0,559.0,541.0,541.0,541.0
1.0,3192.0,1761.0,1626.0,1677.0,1770.0,590.0,590.0,590.0,542.0,542.0,542.0,587.0,587.0,587.0,1064.0,1064.0,1064.0,590.0,590.0,590.0,542.0,542.0,542.0
1.0,3108.0,1728.0,1629.0,1770.0,1737.0,579.0,579.0,579.0,543.0,543.0,543.0,576.0,576.0,576.0,1036.0,1036.0,1036.0,579.0,579.0,579.0,543.0,543.0,543.0
1.0,3150.0,1584.0,1626.0,1737.0,1575.0,525.0,525.0,525.0,542.0,542.0,542.0,528.0,528.0,528.0,1050.0,1050.0,1050.0,525.0,525.0,525.0,542.0,542.0,542.0
1.0,3303.0,1566.0,1623.0,1575.0,1557.0,519.0,519.0,519.0,541.0,541.0,541.0,522.0,522.0,522.0,1101.0,1101.0,1101.0,519.0,519.0,519.0,541.0,541.0,541.0
1.0,3312.0,1626.0,1623.0,1557.0,1626.0,542.0,542.0,542.0,541.0,541.0,541.0,542.0,542.0,542.0,1104.0,1104.0,1104.0,542.0,542.0,542.0,541.0,541.0,541.0
1.0,3243.0,1692.0,1626.0,1626.0,1701.0,567.0,567.0,567.0,542.0,542.0,542.0,564.0,564.0,564.0,1081.0,1081.0,1081.0,567.0,567.0,567.0,542.0,542.0,542.0
1.0,3177.0,1674.0,1629.0,1701.0,1683.0,561.0,561.0,561.0,543.0,543.0,543.0,558.0,558.0,558.0,1059.0,1059.0,1059.0,561.0,561.0,561.0,543.0,543.0,543.0
1.0,3204.0,1689.0,1629.0,1683.0,1689.0,563.0,563.0,563.0,543.0,543.0,543.0,563.0,563.0,563.0,1068.0,1068.0,1068.0,563.0,563.0,563.0,543.0,543.0,543.0
1.0,3198.0,1704.0,1632.0,1689.0,1713.0,571.0,571.0,571.0,544.0,544.0,544.0,568.0,568.0,568.0,1066.0,1066.0,1066.0,571.0,571.0,571.0,544.0,544.0,544.0
1.0,3183.0,1611.0,1629.0,1713.0,1602.0,534.0,534.0,534.0,543.0,543.0,543.0,537.0,537.0,537.0,1061.0,1061.0,1061.0,534.0,534.0,534.0,543.0,543.0,543.0
1.0,3285.0,1524.0,1626.0,1602.0,1515.0,505.0,505.0,505.0,542.0,542.0,542.0,508.0,508.0,508.0,1095.0,1095.0,1095.0,505.0,505.0,505.0,542.0,542.0,542.0
1.0,3363.0,1611.0,1626.0,1515.0,1611.0,537.0,537.0,537.0,542.0,542.0,542.0,537.0,537.0,537.0,1121.0,1121.0,1121.0,537.0,537.0,537.0,542.0,542.0,542.0
1.0,3267.0,1680.0,1629.0,1611.0,1689.0,563.0,563.0,563.0,543.0,543.0,543.0,560.0,560.0,560.0,1089.0,1089.0,1089.0,563.0,563.0,563.0,543.0,543.0,543.0
1.0,3198.0,1680.0,1629.0,1689.0,1680.0,560.0,560.0,560.0,543.0,543.0,543.0,560.0,560.0,560.0,1066.0,1066.0,1066.0,560.0,560.0,560.0,543.0,543.0,543.0
1.0,3207.0,1749.0,1635.0,1680.0,1767.0,589.0,589.0,589.0,545.0,545.0,545.0,583.0,583.0,583.0,1069.0,1069.0,1069.0,589.0,589.0,589.0,545.0,545.0,545.0
1.0,3138.0,1680.0,1635.0,1767.0,1680.0,560.0,560.0,560.0,545.0,545.0,545.0,560.0,560.0,560.0,1046.0,1046.0,1046.0,560.0,560.0,560.0,545.0,545.0,545.0
1.0,3225.0,1662.0,1635.0,1680.0,1662.0,554.0,554.0,554.0,545.0,545.0,545.0,554.0,554.0,554.0,1075.0,1075.0,1075.0,554.0,554.0,554.0,545.0,545.0,545.0
1.0,3243.0,1590.0,1635.0,1662.0,1590.0,530.0,530.0,530.0,545.0,545.0,545.0,530.0,530.0,530.0,1081.0,1081.0,1081.0,530.0,530.0,530.0,545.0,545.0,545.0
1.0,3315.0,1611.0,1635.0,1590.0,1611.0,537.0,537.0,537.0,545.0,545.0,545.0,537.0,537.0,537.0,1105.0,1105.0,1105.0,537.0,537.0,537.0,545.0,545.0,545.0
1.0,3294.0,1647.0,1635.0,1611.0,1647.0,549.0,549.0,549.0,545.0,545.0,545.0,549.0,549.0,549.0,1098.0,1098.0,1098.0,549.0,549.0,549.0,545.0,545.0,545.0
1.0,3258.0,1755.0,1638.0,1647.0,1764.0,588.0,588.0,588.0,546.0,546.0,546.0,585.0,585.0,585.0,1086.0,1086.0,1086.0,588.0,588.0,588.0,546.0,546.0,546.0
1.0,3150.0,1698.0,1644.0,1764.0,1716.0,572.0,572.0,572.0,548.0,548.0,548.0,566.0,566.0,566.0,1050.0,1050.0,1050.0,572.0,572.0,572.0,548.0,548.0,548.0
1.0,3216.0,1656.0,1644.0,1716.0,1656.0,552.0,552.0,552.0,548.0,548.0,548.0,552.0,552.0,552.0,1072.0,1072.0,1072.0,552.0,552.0,552.0,548.0,548.0,548.0
1.0,3276.0,1656.0,1644.0,1656.0,1656.0,552.0,552.0,552.0,548.0,548.0,548.0,552.0,552.0,552.0,1092.0,1092.0,1092.0,552.0,552.0,552.0,548.0,548.0,548.0
1.0,3276.0,1530.0,1638.0,1656.0,1512.0,504.0,504.0,504.0,546.0,546.0,546.0,510.0,510.0,510.0,1092.0,1092.0,1092.0,504.0,504.0,504.0,546.0,546.0,546.0
1.0,3402.0,1626.0,1638.0,1512.0,1626.0,542.0,542.0,542.0,546.0,546.0,546.0,542.0,542.0,542.0,1134.0,1134.0,1134.0,542.0,542.0,542.0,546.0,546.0,546.0
1.0,3288.0,1659.0,1641.0,1626.0,1668.0,556.0,556.0,556.0,547.0,547.0,547.0,553.0,553.0,553.0,1096.0,1096.0,1096.0,556.0,556.0,556.0,547.0,547.0,547.0
1.0,3255.0,1695.0,1641.0,1668.0,1695.0,565.0,565.0,565.0,547.0,547.0,547.0,565.0,565.0,565.0,1085.0,1085.0,1085.0,565.0,565.0,565.0,547.0,547.0,547.0
1.0,3228.0,1692.0,1644.0,1695.0,1701.0,567.0,567.0,567.0,548.0,548.0,548.0,564.0,564.0,564.0,1076.0,1076.0,1076.0,567.0,567.0,567.0,548.0,548.0,548.0
1.0,3231.0,1665.0,1644.0,1701.0,1665.0,555.0,555.0,555.0,548.0,548.0,548.0,555.0,555.0,555.0,1077.0,1077.0,1077.0,555.0,555.0,555.0,548.0,548.0,548.0
1.0,3267.0,1668.0,1644.0,1665.0,1668.0,556.0,556.0,556.0,548.0,548.0,548.0,556.0,556.0,556.0,1089.0,1089.0,1089.0,556.0,556.0,556.0,548.0,548.0,548.0
1.0,3264.0,1617.0,1644.0,1668.0,1617.0,539.0,539.0,539.0,548.0,548.0,548.0,539.0,539.0,539.0,1088.0,1088.0,1088.0,539.0,539.0,539.0,548.0,548.0,548.0
1.0,3315.0,1614.0,1644.0,1617.0,1614.0,538.0,538.0,538.0,548.0,548.0,548.0,538.0,538.0,538.0,1105.0,1105.0,1105.0,538.0,538.0,538.0,548.0,548.0,548.0
1.0,3318.0,1641.0,1644.0,1614.0,1641.0,547.0,547.0,547.0,548.0,548.0,548.0,547.0,547.0,547.0,1106.0,1106.0,1106.0,547.0,547.0,547.0,548.0,548.0,548.0
1.0,3291.0,1728.0,1650.0,1641.0,1746.0,582.0,582.0,582.0,550.0,550.0,550.0,576.0,576.0,576.0,1097.0,1097.0,1097.0,582.0,582.0,582.0,550.0,550.0,550.0
1.0,3204.0,1758.0,1653.0,1746.0,1767.0,589.0,589.0,589.0,551.0,551.0,551.0,586.0,586.0,586.0,1068.0,1068.0,1068.0,589.0,589.0,589.0,551.0,551.0,551.0
1.0,3192.0,1650.0,1653.0,1767.0,1650.0,550.0,550.0,550.0,551.0,551.0,551.0,550.0,550.0,550.0,1064.0,1064.0,1064.0,550.0,550.0,550.0,551.0,551.0,551.0
1.0,3309.0,1605.0,1653.0,1650.0,1605.0,535.0,535.0,535.0,551.0,551.0,551.0,535.0,535.0,535.0,1103.0,1103.0,1103.0,535.0,535.0,535.0,551.0,551.0,551.0
1.0,3354.0,1680.0,1653.0,1605.0,1680.0,560.0,560.0,560.0,551.0,551.0,551.0,560.0,560.0,560.0,1118.0,1118.0,1118.0,560.0,560.0,560.0,551.0,551.0,551.0
1.0,3279.0,1677.0,1650.0,1680.0,1668.0,556.0,556.0,556.0,550.0,550.0,550.0,559.0,559.0,559.0,1093.0,1093.0,1093.0,556.0,556.0,556.0,550.0,550.0,550.0
1.0,3282.0,1635.0,1650.0,1668.0,1635.0,545.0,545.0,545.0,550.0,550.0,550.0,545.0,545.0,545.0,1094.0,1094.0,1094.0,545.0,545.0,545.0,550.0,550.0,550.0
1.0,3315.0,1680.0,1653.0,1635.0,1689.0,563.0,563.0,563.0,551.0,551.0,551.0,560.0,560.0,560.0,1105.0,1105.0,1105.0,563.0,563.0,563.0,551.0,551.0,551.0
1.0,3270.0,1740.0,1656.0,1689.0,1749.0,583.0,583.0,583.0,552.0,552.0,552.0,580.0,580.0,580.0,1090.0,1090.0,1090.0,583.0,583.0,583.0,552.0,552.0,552.0
1.0,3219.0,1701.0,1659.0,1749.0,1710.0,570.0,570.0,570.0,553.0,553.0,553.0,567.0,567.0,567.0,1073.0,1073.0,1073.0,570.0,570.0,570.0,553.0,553.0,553.0
1.0,3267.0,1611.0,1656.0,1710.0,1602.0,534.0,534.0,534.0,552.0,552.0,552.0,537.0,537.0,537.0,1089.0,1089.0,1089.0,534.0,534.0,534.0,552.0,552.0,552.0
1.0,3366.0,1644.0,1656.0,1602.0,1644.0,548.0,548.0,548.0,552.0,552.0,552.0,548.0,548.0,548.0,1122.0,1122.0,1122.0,548.0,548.0,548.0,552.0,552.0,552.0
1.0,3324.0,1608.0,1653.0,1644.0,1599.0,533.0,533.0,533.0,551.0,551.0,551.0,536.0,536.0,536.0,1108.0,1108.0,1108.0,533.0,533.0,533.0,551.0,551.0,551.0
1.0,3360.0,1686.0,1656.0,1599.0,1695.0,565.0,565.0,565.0,552.0,552.0,552.0,562.0,562.0,562.0,1120.0,1120.0,1120.0,565.0,565.0,565.0,552.0,552.0,552.0
1.0,3273.0,1710.0,1659.0,1695.0,1719.0,573.0,573.0,573.0,553.0,553.0,553.0,570.0,570.0,570.0,1091.0,1091.0,1091.0,573.0,573.0,573.0,553.0,553.0,553.0
1.0,3258.0,1734.0,1662.0,1719.0,1743.0,581.0,581.0,581.0,554.0,554.0,554.0,578.0,578.0,578.0,1086.0,1086.0,1086.0,581.0,581.0,581.0,554.0,554.0,554.0
1.0,3243.0,1722.0,1662.0,1743.0,1722.0,574.0,574.0,574.0,554.0,554.0,554.0,574.0,574.0,574.0,1081.0,1081.0,1081.0,574.0,574.0,574.0,554.0,554.0,554.0
1.0,3264.0,1686.0,1662.0,1722.0,1686.0,562.0,562.0,562.0,554.0,554.0,554.0,562.0,562.0,562.0,1088.0,1088.0,1088.0,562.0,562.0,562.0,554.0,554.0,554.0
1.0,3300.0,1593.0,1659.0,1686.0,1584.0,528.0,528.0,528.0,553.0,553.0,553.0,531.0,531.0,531.0,1100.0,1100.0,1100.0,528.0,528.0,528.0,553.0,553.0,553.0
1.0,3393.0,1617.0,1659.0,1584.0,1617.0,539.0,539.0,539.0,553.0,553.0,553.0,539.0,539.0,539.0,1131.0,1131.0,1131.0,539.0,539.0,539.0,553.0,553.0,553.0
1.0,3360.0,1710.0,1659.0,1617.0,1710.0,570.0,570.0,570.0,553.0,553.0,553.0,570.0,570.0,570.0,1120.0,1120.0,1120.0,570.0,570.0,570.0,553.0,553.0,553.0
1.0,3267.0,1731.0,1665.0,1710.0,1749.0,583.0,583.0,583.0,555.0,555.0,555.0,577.0,577.0,577.0,1089.0,1089.0,1089.0,583.0,583.0,583.0,555.0,555.0,555.0
1.0,3246.0,1701.0,1665.0,1749.0,1701.0,567.0,567.0,567.0,555.0,555.0,555.0,567.0,567.0,567.0,1082.0,1082.0,1082.0,567.0,567.0,567.0,555.0,555.0,555.0
1.0,3294.0,1692.0,1665.0,1701.0,1692.0,564.0,564.0,564.0,555.0,555.0,555.0,564.0,564.0,564.0,1098.0,1098.0,1098.0,564.0,564.0,564.0,555.0,555.0,555.0
1.0,3303.0,1653.0,1665.0,1692.0,1653.0,551.0,551.0,551.0,555.0,555.0,555.0,551.0,551.0,551.0,1101.0,1101.0,1101.0,551.0,551.0,551.0,555.0,555.0,555.0
1.0,3342.0,1650.0,1665.0,1653.0,1650.0,550.0,550.0,550.0,555.0,555.0,555.0,550.0,550.0,550.0,1114.0,1114.0,1114.0,550.0,550.0,550.0,555.0,555.0,555.0
1.0,3345.0,1620.0,1662.0,1650.0,1611.0,537.0,537.0,537.0,554.0,554.0,554.0,540.0,540.0,540.0,1115.0,1115.0,1115.0,537.0,537.0,537.0,554.0,554.0,554.0
1.0,3375.0,1689.0,1665.0,1611.0,1698.0,566.0,566.0,566.0,555.0,555.0,555.0,563.0,563.0,563.0,1125.0,1125.0,1125.0,566.0,566.0,566.0,555.0,555.0,555.0
1.0,3297.0,1734.0,1668.0,1698.0,1743.0,581.0,581.0,581.0,556.0,556.0,556.0,578.0,578.0,578.0,1099.0,1099.0,1099.0,581.0,581.0,581.0,556.0,556.0,556.0
1.0,3261.0,1737.0,1671.0,1743.0,1746.0,582.0,582.0,582.0,557.0,557.0,557.0,579.0,579.0,579.0,1087.0,1087.0,1087.0,582.0,582.0,582.0,557.0,557.0,557.0
1.0,3267.0,1710.0,1671.0,1746.0,1710.0,570.0,570.0,570.0,557.0,557.0,557.0,570.0,570.0,570.0,1089.0,1089.0,1089.0,570.0,570.0,570.0,557.0,557.0,557.0
1.0,3303.0,1665.0,1671.0,1710.0,1665.0,555.0,555.0,555.0,557.0,557.0,557.0,555.0,555.0,555.0,1101.0,1101.0,1101.0,555.0,555.0,555.0,557.0,557.0,557.0
1.0,3348.0,1656.0,1668.0,1665.0,1647.0,549.0,549.0,549.0,556.0,556.0,556.0,552.0,552.0,552.0,1116.0,1116.0,1116.0,549.0,549.0,549.0,556.0,556.0,556.0
1.0,3357.0,1626.0,1668.0,1647.0,1626.0,542.0,542.0,542.0,556.0,556.0,556.0,542.0,542.0,542.0,1119.0,1119.0,1119.0,542.0,542.0,542.0,556.0,556.0,556.0
1.0,3378.0,1716.0,1668.0,1626.0,1716.0,572.0,572.0,572.0,556.0,556.0,556.0,572.0,572.0,572.0,1126.0,1126.0,1126.0,572.0,572.0,572.0,556.0,556.0,556.0
1.0,3288.0,1689.0,1671.0,1716.0,1698.0,566.0,566.0,566.0,557.0,557.0,557.0,563.0,563.0,563.0,1096.0,1096.0,1096.0,566.0,566.0,566.0,557.0,557.0,557.0
1.0,3315.0,1758.0,1674.0,1698.0,1767.0,589.0,589.0,589.0,558.0,558.0,558.0,586.0,586.0,586.0,1105.0,1105.0,1105.0,589.0,589.0,589.0,558.0,558.0,558.0
1.0,3255.0,1716.0,1674.0,1767.0,1716.0,572.0,572.0,572.0,558.0,558.0,558.0,572.0,572.0,572.0,1085.0,1085.0,1085.0,572.0,572.0,572.0,558.0,558.0,558.0
1.0,3306.0,1623.0,1671.0,1716.0,1614.0,538.0,538.0,538.0,557.0,557.0,557.0,541.0,541.0,541.0,1102.0,1102.0,1102.0,538.0,538.0,538.0,557.0,557.0,557.0
1.0,3399.0,1662.0,1671.0,1614.0,1662.0,554.0,554.0,554.0,557.0,557.0,557.0,554.0,554.0,554.0,1133.0,1133.0,1133.0,554.0,554.0,554.0,557.0,557.0,557.0
1.0,3351.0,1653.0,1671.0,1662.0,1653.0,551.0,551.0,551.0,557.0,557.0,557.0,551.0,551.0,551.0,1117.0,1117.0,1117.0,551.0,551.0,551.0,557.0,557.0,557.0
1.0,3360.0,1662.0,1671.0,1653.0,1662.0,554.0,554.0,554.0,557.0,557.0,557.0,554.0,554.0,554.0,1120.0,1120.0,1120.0,554.0,554.0,554.0,557.0,557.0,557.0
1.0,3351.0,1728.0,1674.0,1662.0,1737.0,579.0,579.0,579.0,558.0,558.0,558.0,576.0,576.0,576.0,1117.0,1117.0,1117.0,579.0,579.0,579.0,558.0,558.0,558.0
1.0,3285.0,1716.0,1677.0,1737.0,1725.0,575.0,575.0,575.0,559.0,559.0,559.0,572.0,572.0,572.0,1095.0,1095.0,1095.0,575.0,575.0,575.0,559.0,559.0,559.0
1.0,3306.0,1686.0,1677.0,1725.0,1686.0,562.0,562.0,562.0,559.0,559.0,559.0,562.0,562.0,562.0,1102.0,1102.0,1102.0,562.0,562.0,562.0,559.0,559.0,559.0
1.0,3345.0,1695.0,1677.0,1686.0,1695.0,565.0,565.0,565.0,559.0,559.0,559.0,565.0,565.0,565.0,1115.0,1115.0,1115.0,565.0,565.0,565.0,559.0,559.0,559.0
1.0,3336.0,1647.0,1677.0,1695.0,1647.0,549.0,549.0,549.0,559.0,559.0,559.0,549.0,549.0,549.0,1112.0,1112.0,1112.0,549.0,549.0,549.0,559.0,559.0,559.0
1.0,3384.0,1635.0,1677.0,1647.0,1635.0,545.0,545.0,545.0,559.0,559.0,559.0,545.0,545.0,545.0,1128.0,1128.0,1128.0,545.0,545.0,545.0,559.0,559.0,559.0
1.0,3396.0,1707.0,1677.0,1635.0,1707.0,569.0,569.0,569.0,559.0,559.0,559.0,569.0,569.0,569.0,1132.0,1132.0,1132.0,569.0,569.0,569.0,559.0,559.0,559.0
1.0,3324.0,1740.0,1680.0,1707.0,1749.0,583.0,583.0,583.0,560.0,560.0,560.0,580.0,580.0,580.0,1108.0,1108.0,1108.0,583.0,583.0,583.0,560.0,560.0,560.0
1.0,3291.0,1695.0,1680.0,1749.0,1695.0,565.0,565.0,565.0,560.0,560.0,560.0,565.0,565.0,565.0,1097.0,1097.0,1097.0,565.0,565.0,565.0,560.0,560.0,560.0
1.0,3345.0,1719.0,1683.0,1695.0,1728.0,576.0,576.0,576.0,561.0,561.0,561.0,573.0,573.0,573.0,1115.0,1115.0,1115.0,576.0,576.0,576.0,561.0,561.0,561.0
1.0,3321.0,1647.0,1680.0,1728.0,1638.0,546.0,546.0,546.0,560.0,560.0,560.0,549.0,549.0,549.0,1107.0,1107.0,1107.0,546.0,546.0,546.0,560.0,560.0,560.0
1.0,3402.0,1704.0,1680.0,1638.0,1704.0,568.0,568.0,568.0,560.0,560.0,560.0,568.0,568.0,568.0,1134.0,1134.0,1134.0,568.0,568.0,568.0,560.0,560.0,560.0
1.0,3336.0,1683.0,1680.0,1704.0,1683.0,561.0,561.0,561.0,560.0,560.0,560.0,561.0,561.0,561.0,1112.0,1112.0,1112.0,561.0,561.0,561.0,560.0,560.0,560.0
1.0,3357.0,1692.0,1683.0,1683.0,1701.0,567.0,567.0,567.0,561.0,561.0,561.0,564.0,564.0,564.0,1119.0,1119.0,1119.0,567.0,567.0,567.0,561.0,561.0,561.0
1.0,3348.0,1737.0,1683.0,1701.0,1737.0,579.0,579.0,579.0,561.0,561.0,561.0,579.0,579.0,579.0,1116.0,1116.0,1116.0,579.0,579.0,579.0,561.0,561.0,561.0
1.0,3312.0,1701.0,1683.0,1737.0,1701.0,567.0,567.0,567.0,561.0,561.0,561.0,567.0,567.0,567.0,1104.0,1104.0,1104.0,567.0,567.0,567.0,561.0,561.0,561.0
1.0,3348.0,1704.0,1686.0,1701.0,1713.0,571.0,571.0,571.0,562.0,562.0,562.0,568.0,568.0,568.0,1116.0,1116.0,1116.0,571.0,571.0,571.0,562.0,562.0,562.0
1.0,3345.0,1728.0,1686.0,1713.0,1728.0,576.0,576.0,576.0,562.0,562.0,562.0,576.0,576.0,576.0,1115.0,1115.0,1115.0,576.0,576.0,576.0,562.0,562.0,562.0
1.0,3330.0,1638.0,1683.0,1728.0,1629.0,543.0,543.0,543.0,561.0,561.0,561.0,546.0,546.0,546.0,1110.0,1110.0,1110.0,543.0,543.0,543.0,561.0,561.0,561.0
1.0,3420.0,1623.0,1683.0,1629.0,1623.0,541.0,541.0,541.0,561.0,561.0,561.0,541.0,541.0,541.0,1140.0,1140.0,1140.0,541.0,541.0,541.0,561.0,561.0,561.0
1.0,3426.0,1716.0,1686.0,1623.0,1725.0,575.0,575.0,575.0,562.0,562.0,562.0,572.0,572.0,572.0,1142.0,1142.0,1142.0,575.0,575.0,575.0,562.0,562.0,562.0
1.0,3333.0,1731.0,1686.0,1725.0,1731.0,577.0,577.0,577.0,562.0,562.0,562.0,577.0,577.0,577.0,1111.0,1111.0,1111.0,577.0,577.0,577.0,562.0,562.0,562.0
1.0,3327.0,1773.0,1689.0,1731.0,1782.0,594.0,594.0,594.0,563.0,563.0,563.0,591.0,591.0,591.0,1109.0,1109.0,1109.0,594.0,594.0,594.0,563.0,563.0,563.0
1.0,3285.0,1773.0,1692.0,1782.0,1782.0,594.0,594.0,594.0,564.0,564.0,564.0,591.0,591.0,591.0,1095.0,1095.0,1095.0,594.0,594.0,594.0,564.0,564.0,564.0
1.0,3294.0,1677.0,1689.0,1782.0,1668.0,556.0,556.0,556.0,563.0,563.0,563.0,559.0,559.0,559.0,1098.0,1098.0,1098.0,556.0,556.0,556.0,563.0,563.0,563.0
1.0,3399.0,1644.0,1689.0,1668.0,1644.0,548.0,548.0,548.0,563.0,563.0,563.0,548.0,548.0,548.0,1133.0,1133.0,1133.0,548.0,548.0,548.0,563.0,563.0,563.0
1.0,3423.0,1665.0,1689.0,1644.0,1665.0,555.0,555.0,555.0,563.0,563.0,563.0,555.0,555.0,555.0,1141.0,1141.0,1141.0,555.0,555.0,555.0,563.0,563.0,563.0
1.0,3402.0,1698.0,1689.0,1665.0,1698.0,566.0,566.0,566.0,563.0,563.0,563.0,566.0,566.0,566.0,1134.0,1134.0,1134.0,566.0,566.0,566.0,563.0,563.0,563.0
1.0,3369.0,1836.0,1692.0,1698.0,1845.0,615.0,615.0,615.0,564.0,564.0,564.0,612.0,612.0,612.0,1123.0,1123.0,1123.0,615.0,615.0,615.0,564.0,564.0,564.0
1.0,3231.0,1740.0,1695.0,1845.0,1749.0,583.0,583.0,583.0,565.0,565.0,565.0,580.0,580.0,580.0,1077.0,1077.0,1077.0,583.0,583.0,583.0,565.0,565.0,565.0
1.0,3336.0,1734.0,1695.0,1749.0,1734.0,578.0,578.0,578.0,565.0,565.0,565.0,578.0,578.0,578.0,1112.0,1112.0,1112.0,578.0,578.0,578.0,565.0,565.0,565.0
1.0,3351.0,1689.0,1695.0,1734.0,1689.0,563.0,563.0,563.0,565.0,565.0,565.0,563.0,563.0,563.0,1117.0,1117.0,1117.0,563.0,563.0,563.0,565.0,565.0,565.0
1.0,3396.0,1701.0,1695.0,1689.0,1701.0,567.0,567.0,567.0,565.0,565.0,565.0,567.0,567.0,567.0,1132.0,1132.0,1132.0,567.0,567.0,567.0,565.0,565.0,565.0
1.0,3384.0,1581.0,1692.0,1701.0,1572.0,524.0,524.0,524.0,564.0,564.0,564.0,527.0,527.0,527.0,1128.0,1128.0,1128.0,524.0,524.0,524.0,564.0,564.0,564.0
1.0,3504.0,1722.0,1695.0,1572.0,1731.0,577.0,577.0,577.0,565.0,565.0,565.0,574.0,574.0,574.0,1168.0,1168.0,1168.0,577.0,577.0,577.0,565.0,565.0,565.0
1.0,3354.0,1749.0,1695.0,1731.0,1749.0,583.0,583.0,583.0,565.0,565.0,565.0,583.0,583.0,583.0,1118.0,1118.0,1118.0,583.0,583.0,583.0,565.0,565.0,565.0
1.0,3336.0,1740.0,1698.0,1749.0,1749.0,583.0,583.0,583.0,566.0,566.0,566.0,580.0,580.0,580.0,1112.0,1112.0,1112.0,583.0,583.0,583.0,566.0,566.0,566.0
1.0,3345.0,1770.0,1698.0,1749.0,1770.0,590.0,590.0,590.0,566.0,566.0,566.0,590.0,590.0,590.0,1115.0,1115.0,1115.0,590.0,590.0,590.0,566.0,566.0,566.0
1.0,3324.0,1650.0,1698.0,1770.0,1650.0,550.0,550.0,550.0,566.0,566.0,566.0,550.0,550.0,550.0,1108.0,1108.0,1108.0,550.0,550.0,550.0,566.0,566.0,566.0
1.0,3444.0,1677.0,1698.0,1650.0,1677.0,559.0,559.0,559.0,566.0,566.0,566.0,559.0,559.0,559.0,1148.0,1148.0,1148.0,559.0,559.0,559.0,566.0,566.0,566.0
1.0,3417.0,1701.0,1698.0,1677.0,1701.0,567.0,567.0,567.0,566.0,566.0,566.0,567.0,567.0,567.0,1139.0,1139.0,1139.0,567.0,567.0,567.0,566.0,566.0,566.0
1.0,3393.0,1737.0,1698.0,1701.0,1737.0,579.0,579.0,579.0,566.0,566.0,566.0,579.0,579.0,579.0,1131.0,1131.0,1131.0,579.0,579.0,579.0,566.0,566.0,566.0
1.0,3357.0,1773.0,1701.0,1737.0,1782.0,594.0,594.0,594.0,567.0,567.0,567.0,591.0,591.0,591.0,1119.0,1119.0,1119.0,594.0,594.0,594.0,567.0,567.0,567.0
1.0,3321.0,1743.0,1701.0,1782.0,1743.0,581.0,581.0,581.0,567.0,567.0,567.0,581.0,581.0,581.0,1107.0,1107.0,1107.0,581.0,581.0,581.0,567.0,567.0,567.0
1.0,3360.0,1749.0,1704.0,1743.0,1758.0,586.0,586.0,586.0,568.0,568.0,568.0,583.0,583.0,583.0,1120.0,1120.0,1120.0,586.0,586.0,586.0,568.0,568.0,568.0
1.0,3354.0,1665.0,1704.0,1758.0,1665.0,555.0,555.0,555.0,568.0,568.0,568.0,555.0,555.0,555.0,1118.0,1118.0,1118.0,555.0,555.0,555.0,568.0,568.0,568.0
1.0,3447.0,1629.0,1701.0,1665.0,1620.0,540.0,540.0,540.0,567.0,567.0,567.0,543.0,543.0,543.0,1149.0,1149.0,1149.0,540.0,540.0,540.0,567.0,567.0,567.0
1.0,3483.0,1689.0,1701.0,1620.0,1689.0,563.0,563.0,563.0,567.0,567.0,567.0,563.0,563.0,563.0,1161.0,1161.0,1161.0,563.0,563.0,563.0,567.0,567.0,567.0
1.0,3414.0,1785.0,1704.0,1689.0,1794.0,598.0,598.0,598.0,568.0,568.0,568.0,595.0,595.0,595.0,1138.0,1138.0,1138.0,598.0,598.0,598.0,568.0,568.0,568.0
1.0,3318.0,1788.0,1704.0,1794.0,1788.0,596.0,596.0,596.0,568.0,568.0,568.0,596.0,596.0,596.0,1106.0,1106.0,1106.0,596.0,596.0,596.0,568.0,568.0,568.0
1.0,3324.0,1830.0,1710.0,1788.0,1848.0,616.0,616.0,616.0,570.0,570.0,570.0,610.0,610.0,610.0,1108.0,1108.0,1108.0,616.0,616.0,616.0,570.0,570.0,570.0
1.0,3282.0,1785.0,1710.0,1848.0,1785.0,595.0,595.0,595.0,570.0,570.0,570.0,595.0,595.0,595.0,1094.0,1094.0,1094.0,595.0,595.0,595.0,570.0,570.0,570.0
1.0,3345.0,1662.0,1710.0,1785.0,1662.0,554.0,554.0,554.0,570.0,570.0,570.0,554.0,554.0,554.0,1115.0,1115.0,1115.0,554.0,554.0,554.0,570.0,570.0,570.0
1.0,3468.0,1689.0,1710.0,1662.0,1689.0,563.0,563.0,563.0,570.0,570.0,570.0,563.0,563.0,563.0,1156.0,1156.0,1156.0,563.0,563.0,563.0,570.0,570.0,570.0
1.0,3441.0,1671.0,1710.0,1689.0,1671.0,557.0,557.0,557.0,570.0,570.0,570.0,557.0,557.0,557.0,1147.0,1147.0,1147.0,557.0,557.0,557.0,570.0,570.0,570.0
1.0,3459.0,1716.0,1710.0,1671.0,1716.0,572.0,572.0,572.0,570.0,570.0,570.0,572.0,572.0,572.0,1153.0,1153.0,1153.0,572.0,572.0,572.0,570.0,570.0,570.0
1.0,3414.0,1776.0,1713.0,1716.0,1785.0,595.0,595.0,595.0,571.0,571.0,571.0,592.0,592.0,592.0,1138.0,1138.0,1138.0,595.0,595.0,595.0,571.0,571.0,571.0
1.0,3354.0,1779.0,1713.0,1785.0,1779.0,593.0,593.0,593.0,571.0,571.0,571.0,593.0,593.0,593.0,1118.0,1118.0,1118.0,593.0,593.0,593.0,571.0,571.0,571.0
1.0,3360.0,1725.0,1716.0,1779.0,1734.0,578.0,578.0,578.0,572.0,572.0,572.0,575.0,575.0,575.0,1120.0,1120.0,1120.0,578.0,578.0,578.0,572.0,572.0,572.0
1.0,3414.0,1716.0,1713.0,1734.0,1707.0,569.0,569.0,569.0,571.0,571.0,571.0,572.0,572.0,572.0,1138.0,1138.0,1138.0,569.0,569.0,569.0,571.0,571.0,571.0
1.0,3432.0,1611.0,1713.0,1707.0,1611.0,537.0,537.0,537.0,571.0,571.0,571.0,537.0,537.0,537.0,1144.0,1144.0,1144.0,537.0,537.0,537.0,571.0,571.0,571.0
1.0,3528.0,1704.0,1713.0,1611.0,1704.0,568.0,568.0,568.0,571.0,571.0,571.0,568.0,568.0,568.0,1176.0,1176.0,1176.0,568.0,568.0,568.0,571.0,571.0,571.0
1.0,3435.0,1692.0,1713.0,1704.0,1692.0,564.0,564.0,564.0,571.0,571.0,571.0,564.0,564.0,564.0,1145.0,1145.0,1145.0,564.0,564.0,564.0,571.0,571.0,571.0
1.0,3447.0,1725.0,1713.0,1692.0,1725.0,575.0,575.0,575.0,571.0,571.0,571.0,575.0,575.0,575.0,1149.0,1149.0,1149.0,575.0,575.0,575.0,571.0,571.0,571.0
1.0,3414.0,1773.0,1716.0,1725.0,1782.0,594.0,594.0,594.0,572.0,572.0,572.0,591.0,591.0,591.0,1138.0,1138.0,1138.0,594.0,594.0,594.0,572.0,572.0,572.0
1.0,3366.0,1785.0,1716.0,1782.0,1785.0,595.0,595.0,595.0,572.0,572.0,572.0,595.0,595.0,595.0,1122.0,1122.0,1122.0,595.0,595.0,595.0,572.0,572.0,572.0
1.0,3363.0,1722.0,1716.0,1785.0,1722.0,574.0,574.0,574.0,572.0,572.0,572.0,574.0,574.0,574.0,1121.0,1121.0,1121.0,574.0,574.0,574.0,572.0,572.0,572.0
1.0,3426.0,1656.0,1716.0,1722.0,1656.0,552.0,552.0,552.0,572.0,572.0,572.0,552.0,552.0,552.0,1142.0,1142.0,1142.0,552.0,552.0,552.0,572.0,572.0,572.0
1.0,3492.0,1680.0,1716.0,1656.0,1680.0,560.0,560.0,560.0,572.0,572.0,572.0,560.0,560.0,560.0,1164.0,1164.0,1164.0,560.0,560.0,560.0,572.0,572.0,572.0
1.0,3468.0,1722.0,1716.0,1680.0,1722.0,574.0,574.0,574.0,572.0,572.0,572.0,574.0,574.0,574.0,1156.0,1156.0,1156.0,574.0,574.0,574.0,572.0,572.0,572.0
1.0,3426.0,1824.0,1719.0,1722.0,1833.0,611.0,611.0,611.0,573.0,573.0,573.0,608.0,608.0,608.0,1142.0,1142.0,1142.0,611.0,611.0,611.0,573.0,573.0,573.0
1.0,3324.0,1797.0,1722.0,1833.0,1806.0,602.0,602.0,602.0,574.0,574.0,574.0,599.0,599.0,599.0,1108.0,1108.0,1108.0,602.0,602.0,602.0,574.0,574.0,574.0
1.0,3360.0,1815.0,1725.0,1806.0,1824.0,608.0,608.0,608.0,575.0,575.0,575.0,605.0,605.0,605.0,1120.0,1120.0,1120.0,608.0,608.0,608.0,575.0,575.0,575.0
1.0,3351.0,1725.0,1725.0,1824.0,1725.0,575.0,575.0,575.0,575.0,575.0,575.0,575.0,575.0,575.0,1117.0,1117.0,1117.0,575.0,575.0,575.0,575.0,575.0,575.0
1.0,3450.0,1668.0,1722.0,1725.0,1659.0,553.0,553.0,553.0,574.0,574.0,574.0,556.0,556.0,556.0,1150.0,1150.0,1150.0,553.0,553.0,553.0,574.0,574.0,574.0
1.0,3507.0,1659.0,1719.0,1659.0,1650.0,550.0,550.0,550.0,573.0,573.0,573.0,553.0,553.0,553.0,1169.0,1169.0,1169.0,550.0,550.0,550.0,573.0,573.0,573.0
1.0,3507.0,1764.0,1722.0,1650.0,1773.0,591.0,591.0,591.0,574.0,574.0,574.0,588.0,588.0,588.0,1169.0,1169.0,1169.0,591.0,591.0,591.0,574.0,574.0,574.0
1.0,3393.0,1797.0,1725.0,1773.0,1806.0,602.0,602.0,602.0,575.0,575.0,575.0,599.0,599.0,599.0,1131.0,1131.0,1131.0,602.0,602.0,602.0,575.0,575.0,575.0
1.0,3369.0,1821.0,1728.0,1806.0,1830.0,610.0,610.0,610.0,576.0,576.0,576.0,607.0,607.0,607.0,1123.0,1123.0,1123.0,610.0,610.0,610.0,576.0,576.0,576.0
1.0,3354.0,1815.0,1731.0,1830.0,1824.0,608.0,608.0,608.0,577.0,577.0,577.0,605.0,605.0,605.0,1118.0,1118.0,1118.0,608.0,608.0,608.0,577.0,577.0,577.0
1.0,3369.0,1680.0,1728.0,1824.0,1671.0,557.0,557.0,557.0,576.0,576.0,576.0,560.0,560.0,560.0,1123.0,1123.0,1123.0,557.0,557.0,557.0,576.0,576.0,576.0
1.0,3513.0,1689.0,1725.0,1671.0,1680.0,560.0,560.0,560.0,575.0,575.0,575.0,563.0,563.0,563.0,1171.0,1171.0,1171.0,560.0,560.0,560.0,575.0,575.0,575.0
1.0,3495.0,1668.0,1725.0,1680.0,1668.0,556.0,556.0,556.0,575.0,575.0,575.0,556.0,556.0,556.0,1165.0,1165.0,1165.0,556.0,556.0,556.0,575.0,575.0,575.0
1.0,3507.0,1737.0,1725.0,1668.0,1737.0,579.0,579.0,579.0,575.0,575.0,575.0,579.0,579.0,579.0,1169.0,1169.0,1169.0,579.0,579.0,579.0,575.0,575.0,575.0
1.0,3438.0,1803.0,1728.0,1737.0,1812.0,604.0,604.0,604.0,576.0,576.0,576.0,601.0,601.0,601.0,1146.0,1146.0,1146.0,604.0,604.0,604.0,576.0,576.0,576.0
1.0,3372.0,1803.0,1731.0,1812.0,1812.0,604.0,604.0,604.0,577.0,577.0,577.0,601.0,601.0,601.0,1124.0,1124.0,1124.0,604.0,604.0,604.0,577.0,577.0,577.0
1.0,3381.0,1770.0,1734.0,1812.0,1779.0,593.0,593.0,593.0,578.0,578.0,578.0,590.0,590.0,590.0,1127.0,1127.0,1127.0,593.0,593.0,593.0,578.0,578.0,578.0
1.0,3423.0,1695.0,1731.0,1779.0,1686.0,562.0,562.0,562.0,577.0,577.0,577.0,565.0,565.0,565.0,1141.0,1141.0,1141.0,562.0,562.0,562.0,577.0,577.0,577.0
1.0,3507.0,1710.0,1731.0,1686.0,1710.0,570.0,570.0,570.0,577.0,577.0,577.0,570.0,570.0,570.0,1169.0,1169.0,1169.0,570.0,570.0,570.0,577.0,577.0,577.0
1.0,3483.0,1665.0,1728.0,1710.0,1656.0,552.0,552.0,552.0,576.0,576.0,576.0,555.0,555.0,555.0,1161.0,1161.0,1161.0,552.0,552.0,552.0,576.0,576.0,576.0
1.0,3528.0,1737.0,1731.0,1656.0,1746.0,582.0,582.0,582.0,577.0,577.0,577.0,579.0,579.0,579.0,1176.0,1176.0,1176.0,582.0,582.0,582.0,577.0,577.0,577.0
1.0,3447.0,1800.0,1734.0,1746.0,1809.0,603.0,603.0,603.0,578.0,578.0,578.0,600.0,600.0,600.0,1149.0,1149.0,1149.0,603.0,603.0,603.0,578.0,578.0,578.0
1.0,3393.0,1776.0,1734.0,1809.0,1776.0,592.0,592.0,592.0,578.0,578.0,578.0,592.0,592.0,592.0,1131.0,1131.0,1131.0,592.0,592.0,592.0,578.0,578.0,578.0
1.0,3426.0,1797.0,1737.0,1776.0,1806.0,602.0,602.0,602.0,579.0,579.0,579.0,599.0,599.0,599.0,1142.0,1142.0,1142.0,602.0,602.0,602.0,579.0,579.0,579.0
1.0,3405.0,1761.0,1734.0,1806.0,1752.0,584.0,584.0,584.0,578.0,578.0,578.0,587.0,587.0,587.0,1135.0,1135.0,1135.0,584.0,584.0,584.0,578.0,578.0,578.0
1.0,3450.0,1587.0,1731.0,1752.0,1578.0,526.0,526.0,526.0,577.0,577.0,577.0,529.0,529.0,529.0,1150.0,1150.0,1150.0,526.0,526.0,526.0,577.0,577.0,577.0
1.0,3615.0,1659.0,1731.0,1578.0,1659.0,553.0,553.0,553.0,577.0,577.0,577.0,553.0,553.0,553.0,1205.0,1205.0,1205.0,553.0,553.0,553.0,577.0,577.0,577.0
1.0,3534.0,1728.0,1731.0,1659.0,1728.0,576.0,576.0,576.0,577.0,577.0,577.0,576.0,576.0,576.0,1178.0,1178.0,1178.0,576.0,576.0,576.0,577.0,577.0,577.0
1.0,3465.0,1758.0,1734.0,1728.0,1767.0,589.0,589.0,589.0,578.0,578.0,578.0,586.0,586.0,586.0,1155.0,1155.0,1155.0,589.0,589.0,589.0,578.0,578.0,578.0
1.0,3435.0,1854.0,1737.0,1767.0,1863.0,621.0,621.0,621.0,579.0,579.0,579.0,618.0,618.0,618.0,1145.0,1145.0,1145.0,621.0,621.0,621.0,579.0,579.0,579.0
1.0,3348.0,1782.0,1737.0,1863.0,1782.0,594.0,594.0,594.0,579.0,579.0,579.0,594.0,594.0,594.0,1116.0,1116.0,1116.0,594.0,594.0,594.0,579.0,579.0,579.0
1.0,3429.0,1728.0,1737.0,1782.0,1728.0,576.0,576.0,576.0,579.0,579.0,579.0,576.0,576.0,576.0,1143.0,1143.0,1143.0,576.0,576.0,576.0,579.0,579.0,579.0
1.0,3483.0,1704.0,1734.0,1728.0,1695.0,565.0,565.0,565.0,578.0,578.0,578.0,568.0,568.0,568.0,1161.0,1161.0,1161.0,565.0,565.0,565.0,578.0,578.0,578.0
1.0,3507.0,1740.0,1734.0,1695.0,1740.0,580.0,580.0,580.0,578.0,578.0,578.0,580.0,580.0,580.0,1169.0,1169.0,1169.0,580.0,580.0,580.0,578.0,578.0,578.0
1.0,3462.0,1746.0,1734.0,1740.0,1746.0,582.0,582.0,582.0,578.0,578.0,578.0,582.0,582.0,582.0,1154.0,1154.0,1154.0,582.0,582.0,582.0,578.0,578.0,578.0
1.0,3456.0,1824.0,1737.0,1746.0,1833.0,611.0,611.0,611.0,579.0,579.0,579.0,608.0,608.0,608.0,1152.0,1152.0,1152.0,611.0,611.0,611.0,579.0,579.0,579.0
1.0,3378.0,1791.0,1740.0,1833.0,1800.0,600.0,600.0,600.0,580.0,580.0,580.0,597.0,597.0,597.0,1126.0,1126.0,1126.0,600.0,600.0,600.0,580.0,580.0,580.0
1.0,3420.0,1788.0,1740.0,1800.0,1788.0,596.0,596.0,596.0,580.0,580.0,580.0,596.0,596.0,596.0,1140.0,1140.0,1140.0,596.0,596.0,596.0,580.0,580.0,580.0
1.0,3432.0,1737.0,1740.0,1788.0,1737.0,579.0,579.0,579.0,580.0,580.0,580.0,579.0,579.0,579.0,1144.0,1144.0,1144.0,579.0,579.0,579.0,580.0,580.0,580.0
1.0,3483.0,1713.0,1740.0,1737.0,1713.0,571.0,571.0,571.0,580.0,580.0,580.0,571.0,571.0,571.0,1161.0,1161.0,1161.0,571.0,571.0,571.0,580.0,580.0,580.0
1.0,3507.0,1719.0,1740.0,1713.0,1719.0,573.0,573.0,573.0,580.0,580.0,580.0,573.0,573.0,573.0,1169.0,1169.0,1169.0,573.0,573.0,573.0,580.0,580.0,580.0
1.0,3501.0,1776.0,1740.0,1719.0,1776.0,592.0,592.0,592.0,580.0,580.0,580.0,592.0,592.0,592.0,1167.0,1167.0,1167.0,592.0,592.0,592.0,580.0,580.0,580.0
1.0,3444.0,1764.0,1743.0,1776.0,1773.0,591.0,591.0,591.0,581.0,581.0,581.0,588.0,588.0,588.0,1148.0,1148.0,1148.0,591.0,591.0,591.0,581.0,581.0,581.0
1.0,3456.0,1767.0,1743.0,1773.0,1767.0,589.0,589.0,589.0,581.0,581.0,581.0,589.0,589.0,589.0,1152.0,1152.0,1152.0,589.0,589.0,589.0,581.0,581.0,581.0
1.0,3462.0,1818.0,1746.0,1767.0,1827.0,609.0,609.0,609.0,582.0,582.0,582.0,606.0,606.0,606.0,1154.0,1154.0,1154.0,609.0,609.0,609.0,582.0,582.0,582.0
1.0,3411.0,1755.0,1746.0,1827.0,1755.0,585.0,585.0,585.0,582.0,582.0,582.0,585.0,585.0,585.0,1137.0,1137.0,1137.0,585.0,585.0,585.0,582.0,582.0,582.0
1.0,3483.0,1683.0,1746.0,1755.0,1683.0,561.0,561.0,561.0,582.0,582.0,582.0,561.0,561.0,561.0,1161.0,1161.0,1161.0,561.0,561.0,561.0,582.0,582.0,582.0
1.0,3555.0,1716.0,1743.0,1683.0,1707.0,569.0,569.0,569.0,581.0,581.0,581.0,572.0,572.0,572.0,1185.0,1185.0,1185.0,569.0,569.0,569.0,581.0,581.0,581.0
1.0,3522.0,1833.0,1746.0,1707.0,1842.0,614.0,614.0,614.0,582.0,582.0,582.0,611.0,611.0,611.0,1174.0,1174.0,1174.0,614.0,614.0,614.0,582.0,582.0,582.0
1.0,3396.0,1806.0,1749.0,1842.0,1815.0,605.0,605.0,605.0,583.0,583.0,583.0,602.0,602.0,602.0,1132.0,1132.0,1132.0,605.0,605.0,605.0,583.0,583.0,583.0
1.0,3432.0,1791.0,1752.0,1815.0,1800.0,600.0,600.0,600.0,584.0,584.0,584.0,597.0,597.0,597.0,1144.0,1144.0,1144.0,600.0,600.0,600.0,584.0,584.0,584.0
1.0,3456.0,1800.0,1752.0,1800.0,1800.0,600.0,600.0,600.0,584.0,584.0,584.0,600.0,600.0,600.0,1152.0,1152.0,1152.0,600.0,600.0,600.0,584.0,584.0,584.0
1.0,3456.0,1755.0,1752.0,1800.0,1755.0,585.0,585.0,585.0,584.0,584.0,584.0,585.0,585.0,585.0,1152.0,1152.0,1152.0,585.0,585.0,585.0,584.0,584.0,584.0
1.0,3501.0,1653.0,1749.0,1755.0,1644.0,548.0,548.0,548.0,583.0,583.0,583.0,551.0,551.0,551.0,1167.0,1167.0,1167.0,548.0,548.0,548.0,583.0,583.0,583.0
1.0,3603.0,1716.0,1746.0,1644.0,1707.0,569.0,569.0,569.0,582.0,582.0,582.0,572.0,572.0,572.0,1201.0,1201.0,1201.0,569.0,569.0,569.0,582.0,582.0,582.0
1.0,3531.0,1764.0,1746.0,1707.0,1764.0,588.0,588.0,588.0,582.0,582.0,582.0,588.0,588.0,588.0,1177.0,1177.0,1177.0,588.0,588.0,588.0,582.0,582.0,582.0
1.0,3474.0,1848.0,1752.0,1764.0,1866.0,622.0,622.0,622.0,584.0,584.0,584.0,616.0,616.0,616.0,1158.0,1158.0,1158.0,622.0,622.0,622.0,584.0,584.0,584.0
1.0,3390.0,1854.0,1755.0,1866.0,1863.0,621.0,621.0,621.0,585.0,585.0,585.0,618.0,618.0,618.0,1130.0,1130.0,1130.0,621.0,621.0,621.0,585.0,585.0,585.0
1.0,3402.0,1800.0,1755.0,1863.0,1800.0,600.0,600.0,600.0,585.0,585.0,585.0,600.0,600.0,600.0,1134.0,1134.0,1134.0,600.0,600.0,600.0,585.0,585.0,585.0
1.0,3465.0,1764.0,1755.0,1800.0,1764.0,588.0,588.0,588.0,585.0,585.0,585.0,588.0,588.0,588.0,1155.0,1155.0,1155.0,588.0,588.0,588.0,585.0,585.0,585.0
1.0,3501.0,1722.0,1752.0,1764.0,1713.0,571.0,571.0,571.0,584.0,584.0,584.0,574.0,574.0,574.0,1167.0,1167.0,1167.0,571.0,571.0,571.0,584.0,584.0,584.0
1.0,3543.0,1719.0,1752.0,1713.0,1719.0,573.0,573.0,573.0,584.0,584.0,584.0,573.0,573.0,573.0,1181.0,1181.0,1181.0,573.0,573.0,573.0,584.0,584.0,584.0
1.0,3537.0,1737.0,1752.0,1719.0,1737.0,579.0,579.0,579.0,584.0,584.0,584.0,579.0,579.0,579.0,1179.0,1179.0,1179.0,579.0,579.0,579.0,584.0,584.0,584.0
1.0,3519.0,1776.0,1755.0,1737.0,1785.0,595.0,595.0,595.0,585.0,585.0,585.0,592.0,592.0,592.0,1173.0,1173.0,1173.0,595.0,595.0,595.0,585.0,585.0,585.0
1.0,3480.0,1866.0,1758.0,1785.0,1875.0,625.0,625.0,625.0,586.0,586.0,586.0,622.0,622.0,622.0,1160.0,1160.0,1160.0,625.0,625.0,625.0,586.0,586.0,586.0
1.0,3399.0,1818.0,1758.0,1875.0,1818.0,606.0,606.0,606.0,586.0,586.0,586.0,606.0,606.0,606.0,1133.0,1133.0,1133.0,606.0,606.0,606.0,586.0,586.0,586.0
1.0,3456.0,1749.0,1758.0,1818.0,1749.0,583.0,583.0,583.0,586.0,586.0,586.0,583.0,583.0,583.0,1152.0,1152.0,1152.0,583.0,583.0,583.0,586.0,586.0,586.0
1.0,3525.0,1719.0,1758.0,1749.0,1719.0,573.0,573.0,573.0,586.0,586.0,586.0,573.0,573.0,573.0,1175.0,1175.0,1175.0,573.0,573.0,573.0,586.0,586.0,586.0
1.0,3555.0,1725.0,1755.0,1719.0,1716.0,572.0,572.0,572.0,585.0,585.0,585.0,575.0,575.0,575.0,1185.0,1185.0,1185.0,572.0,572.0,572.0,585.0,585.0,585.0
1.0,3549.0,1788.0,1758.0,1716.0,1797.0,599.0,599.0,599.0,586.0,586.0,586.0,596.0,596.0,596.0,1183.0,1183.0,1183.0,599.0,599.0,599.0,586.0,586.0,586.0
1.0,3477.0,1767.0,1758.0,1797.0,1767.0,589.0,589.0,589.0,586.0,586.0,586.0,589.0,589.0,589.0,1159.0,1159.0,1159.0,589.0,589.0,589.0,586.0,586.0,586.0
1.0,3507.0,1815.0,1761.0,1767.0,1824.0,608.0,608.0,608.0,587.0,587.0,587.0,605.0,605.0,605.0,1169.0,1169.0,1169.0,608.0,608.0,608.0,587.0,587.0,587.0
1.0,3459.0,1839.0,1764.0,1824.0,1848.0,616.0,616.0,616.0,588.0,588.0,588.0,613.0,613.0,613.0,1153.0,1153.0,1153.0,616.0,616.0,616.0,588.0,588.0,588.0
1.0,3444.0,1752.0,1761.0,1848.0,1743.0,581.0,581.0,581.0,587.0,587.0,587.0,584.0,584.0,584.0,1148.0,1148.0,1148.0,581.0,581.0,581.0,587.0,587.0,587.0
1.0,3540.0,1707.0,1761.0,1743.0,1707.0,569.0,569.0,569.0,587.0,587.0,587.0,569.0,569.0,569.0,1180.0,1180.0,1180.0,569.0,569.0,569.0,587.0,587.0,587.0
1.0,3576.0,1764.0,1761.0,1707.0,1764.0,588.0,588.0,588.0,587.0,587.0,587.0,588.0,588.0,588.0,1192.0,1192.0,1192.0,588.0,588.0,588.0,587.0,587.0,587.0
1.0,3519.0,1791.0,1761.0,1764.0,1791.0,597.0,597.0,597.0,587.0,587.0,587.0,597.0,597.0,597.0,1173.0,1173.0,1173.0,597.0,597.0,597.0,587.0,587.0,587.0
1.0,3492.0,1848.0,1767.0,1791.0,1866.0,622.0,622.0,622.0,589.0,589.0,589.0,616.0,616.0,616.0,1164.0,1164.0,1164.0,622.0,622.0,622.0,589.0,589.0,589.0
1.0,3435.0,1914.0,1770.0,1866.0,1923.0,641.0,641.0,641.0,590.0,590.0,590.0,638.0,638.0,638.0,1145.0,1145.0,1145.0,641.0,641.0,641.0,590.0,590.0,590.0
1.0,3387.0,1809.0,1773.0,1923.0,1818.0,606.0,606.0,606.0,591.0,591.0,591.0,603.0,603.0,603.0,1129.0,1129.0,1129.0,606.0,606.0,606.0,591.0,591.0,591.0
1.0,3501.0,1719.0,1773.0,1818.0,1719.0,573.0,573.0,573.0,591.0,591.0,591.0,573.0,573.0,573.0,1167.0,1167.0,1167.0,573.0,573.0,573.0,591.0,591.0,591.0
1.0,3600.0,1686.0,1770.0,1719.0,1677.0,559.0,559.0,559.0,590.0,590.0,590.0,562.0,562.0,562.0,1200.0,1200.0,1200.0,559.0,559.0,559.0,590.0,590.0,590.0
1.0,3633.0,1704.0,1767.0,1677.0,1695.0,565.0,565.0,565.0,589.0,589.0,589.0,568.0,568.0,568.0,1211.0,1211.0,1211.0,565.0,565.0,565.0,589.0,589.0,589.0
1.0,3606.0,1779.0,1767.0,1695.0,1779.0,593.0,593.0,593.0,589.0,589.0,589.0,593.0,593.0,593.0,1202.0,1202.0,1202.0,593.0,593.0,593.0,589.0,589.0,589.0
1.0,3522.0,1779.0,1770.0,1779.0,1788.0,596.0,596.0,596.0,590.0,590.0,590.0,593.0,593.0,593.0,1174.0,1174.0,1174.0,596.0,596.0,596.0,590.0,590.0,590.0
1.0,3522.0,1842.0,1770.0,1788.0,1842.0,614.0,614.0,614.0,590.0,590.0,590.0,614.0,614.0,614.0,1174.0,1174.0,1174.0,614.0,614.0,614.0,590.0,590.0,590.0
1.0,3468.0,1761.0,1773.0,1842.0,1770.0,590.0,590.0,590.0,591.0,591.0,591.0,587.0,587.0,587.0,1156.0,1156.0,1156.0,590.0,590.0,590.0,591.0,591.0,591.0
1.0,3549.0,1686.0,1770.0,1770.0,1677.0,559.0,559.0,559.0,590.0,590.0,590.0,562.0,562.0,562.0,1183.0,1183.0,1183.0,559.0,559.0,559.0,590.0,590.0,590.0
1.0,3633.0,1689.0,1767.0,1677.0,1680.0,560.0,560.0,560.0,589.0,589.0,589.0,563.0,563.0,563.0,1211.0,1211.0,1211.0,560.0,560.0,560.0,589.0,589.0,589.0
1.0,3621.0,1731.0,1767.0,1680.0,1731.0,577.0,577.0,577.0,589.0,589.0,589.0,577.0,577.0,577.0,1207.0,1207.0,1207.0,577.0,577.0,577.0,589.0,589.0,589.0
1.0,3570.0,1827.0,1767.0,1731.0,1827.0,609.0,609.0,609.0,589.0,589.0,589.0,609.0,609.0,609.0,1190.0,1190.0,1190.0,609.0,609.0,609.0,589.0,589.0,589.0
1.0,3474.0,1818.0,1770.0,1827.0,1827.0,609.0,609.0,609.0,590.0,590.0,590.0,606.0,606.0,606.0,1158.0,1158.0,1158.0,609.0,609.0,609.0,590.0,590.0,590.0
1.0,3483.0,1836.0,1773.0,1827.0,1845.0,615.0,615.0,615.0,591.0,591.0,591.0,612.0,612.0,612.0,1161.0,1161.0,1161.0,615.0,615.0,615.0,591.0,591.0,591.0
1.0,3474.0,1812.0,1773.0,1845.0,1812.0,604.0,604.0,604.0,591.0,591.0,591.0,604.0,604.0,604.0,1158.0,1158.0,1158.0,604.0,604.0,604.0,591.0,591.0,591.0
1.0,3507.0,1791.0,1773.0,1812.0,1791.0,597.0,597.0,597.0,591.0,591.0,591.0,597.0,597.0,597.0,1169.0,1169.0,1169.0,597.0,597.0,597.0,591.0,591.0,591.0
1.0,3528.0,1701.0,1773.0,1791.0,1701.0,567.0,567.0,567.0,591.0,591.0,591.0,567.0,567.0,567.0,1176.0,1176.0,1176.0,567.0,567.0,567.0,591.0,591.0,591.0
1.0,3618.0,1776.0,1770.0,1701.0,1767.0,589.0,589.0,589.0,590.0,590.0,590.0,592.0,592.0,592.0,1206.0,1206.0,1206.0,589.0,589.0,589.0,590.0,590.0,590.0
1.0,3543.0,1785.0,1773.0,1767.0,1794.0,598.0,598.0,598.0,591.0,591.0,591.0,595.0,595.0,595.0,1181.0,1181.0,1181.0,598.0,598.0,598.0,591.0,591.0,591.0
1.0,3525.0,1884.0,1776.0,1794.0,1893.0,631.0,631.0,631.0,592.0,592.0,592.0,628.0,628.0,628.0,1175.0,1175.0,1175.0,631.0,631.0,631.0,592.0,592.0,592.0
1.0,3435.0,1827.0,1779.0,1893.0,1836.0,612.0,612.0,612.0,593.0,593.0,593.0,609.0,609.0,609.0,1145.0,1145.0,1145.0,612.0,612.0,612.0,593.0,593.0,593.0
1.0,3501.0,1857.0,1779.0,1836.0,1857.0,619.0,619.0,619.0,593.0,593.0,593.0,619.0,619.0,619.0,1167.0,1167.0,1167.0,619.0,619.0,619.0,593.0,593.0,593.0
1.0,3480.0,1728.0,1776.0,1857.0,1719.0,573.0,573.0,573.0,592.0,592.0,592.0,576.0,576.0,576.0,1160.0,1160.0,1160.0,573.0,573.0,573.0,592.0,592.0,592.0
1.0,3609.0,1713.0,1776.0,1719.0,1713.0,571.0,571.0,571.0,592.0,592.0,592.0,571.0,571.0,571.0,1203.0,1203.0,1203.0,571.0,571.0,571.0,592.0,592.0,592.0
1.0,3615.0,1731.0,1773.0,1713.0,1722.0,574.0,574.0,574.0,591.0,591.0,591.0,577.0,577.0,577.0,1205.0,1205.0,1205.0,574.0,574.0,574.0,591.0,591.0,591.0
1.0,3597.0,1824.0,1776.0,1722.0,1833.0,611.0,611.0,611.0,592.0,592.0,592.0,608.0,608.0,608.0,1199.0,1199.0,1199.0,611.0,611.0,611.0,592.0,592.0,592.0
1.0,3495.0,1848.0,1779.0,1833.0,1857.0,619.0,619.0,619.0,593.0,593.0,593.0,616.0,616.0,616.0,1165.0,1165.0,1165.0,619.0,619.0,619.0,593.0,593.0,593.0
1.0,3480.0,1818.0,1782.0,1857.0,1827.0,609.0,609.0,609.0,594.0,594.0,594.0,606.0,606.0,606.0,1160.0,1160.0,1160.0,609.0,609.0,609.0,594.0,594.0,594.0
1.0,3519.0,1845.0,1782.0,1827.0,1845.0,615.0,615.0,615.0,594.0,594.0,594.0,615.0,615.0,615.0,1173.0,1173.0,1173.0,615.0,615.0,615.0,594.0,594.0,594.0
1.0,3501.0,1758.0,1782.0,1845.0,1758.0,586.0,586.0,586.0,594.0,594.0,594.0,586.0,586.0,586.0,1167.0,1167.0,1167.0,586.0,586.0,586.0,594.0,594.0,594.0
1.0,3588.0,1746.0,1779.0,1758.0,1737.0,579.0,579.0,579.0,593.0,593.0,593.0,582.0,582.0,582.0,1196.0,1196.0,1196.0,579.0,579.0,579.0,593.0,593.0,593.0
1.0,3600.0,1785.0,1779.0,1737.0,1785.0,595.0,595.0,595.0,593.0,593.0,593.0,595.0,595.0,595.0,1200.0,1200.0,1200.0,595.0,595.0,595.0,593.0,593.0,593.0
1.0,3552.0,1782.0,1779.0,1785.0,1782.0,594.0,594.0,594.0,593.0,593.0,593.0,594.0,594.0,594.0,1184.0,1184.0,1184.0,594.0,594.0,594.0,593.0,593.0,593.0
1.0,3555.0,1836.0,1782.0,1782.0,1845.0,615.0,615.0,615.0,594.0,594.0,594.0,612.0,612.0,612.0,1185.0,1185.0,1185.0,615.0,615.0,615.0,594.0,594.0,594.0
1.0,3501.0,1836.0,1782.0,1845.0,1836.0,612.0,612.0,612.0,594.0,594.0,594.0,612.0,612.0,612.0,1167.0,1167.0,1167.0,612.0,612.0,612.0,594.0,594.0,594.0
1.0,3510.0,1761.0,1785.0,1836.0,1770.0,590.0,590.0,590.0,595.0,595.0,595.0,587.0,587.0,587.0,1170.0,1170.0,1170.0,590.0,590.0,590.0,595.0,595.0,595.0
1.0,3585.0,1836.0,1785.0,1770.0,1836.0,612.0,612.0,612.0,595.0,595.0,595.0,612.0,612.0,612.0,1195.0,1195.0,1195.0,612.0,612.0,612.0,595.0,595.0,595.0
1.0,3519.0,1713.0,1782.0,1836.0,1704.0,568.0,568.0,568.0,594.0,594.0,594.0,571.0,571.0,571.0,1173.0,1173.0,1173.0,568.0,568.0,568.0,594.0,594.0,594.0
1.0,3642.0,1716.0,1779.0,1704.0,1707.0,569.0,569.0,569.0,593.0,593.0,593.0,572.0,572.0,572.0,1214.0,1214.0,1214.0,569.0,569.0,569.0,593.0,593.0,593.0
1.0,3630.0,1794.0,1782.0,1707.0,1803.0,601.0,601.0,601.0,594.0,594.0,594.0,598.0,598.0,598.0,1210.0,1210.0,1210.0,601.0,601.0,601.0,594.0,594.0,594.0
1.0,3543.0,1821.0,1782.0,1803.0,1821.0,607.0,607.0,607.0,594.0,594.0,594.0,607.0,607.0,607.0,1181.0,1181.0,1181.0,607.0,607.0,607.0,594.0,594.0,594.0
1.0,3525.0,1851.0,1785.0,1821.0,1860.0,620.0,620.0,620.0,595.0,595.0,595.0,617.0,617.0,617.0,1175.0,1175.0,1175.0,620.0,620.0,620.0,595.0,595.0,595.0
1.0,3495.0,1845.0,1785.0,1860.0,1845.0,615.0,615.0,615.0,595.0,595.0,595.0,615.0,615.0,615.0,1165.0,1165.0,1165.0,615.0,615.0,615.0,595.0,595.0,595.0
1.0,3510.0,1746.0,1785.0,1845.0,1746.0,582.0,582.0,582.0,595.0,595.0,595.0,582.0,582.0,582.0,1170.0,1170.0,1170.0,582.0,582.0,582.0,595.0,595.0,595.0
1.0,3609.0,1746.0,1785.0,1746.0,1746.0,582.0,582.0,582.0,595.0,595.0,595.0,582.0,582.0,582.0,1203.0,1203.0,1203.0,582.0,582.0,582.0,595.0,595.0,595.0
1.0,3609.0,1785.0,1782.0,1746.0,1776.0,592.0,592.0,592.0,594.0,594.0,594.0,595.0,595.0,595.0,1203.0,1203.0,1203.0,592.0,592.0,592.0,594.0,594.0,594.0
1.0,3570.0,1791.0,1785.0,1776.0,1800.0,600.0,600.0,600.0,595.0,595.0,595.0,597.0,597.0,597.0,1190.0,1190.0,1190.0,600.0,600.0,600.0,595.0,595.0,595.0
1.0,3555.0,1839.0,1788.0,1800.0,1848.0,616.0,616.0,616.0,596.0,596.0,596.0,613.0,613.0,613.0,1185.0,1185.0,1185.0,616.0,616.0,616.0,596.0,596.0,596.0
1.0,3516.0,1848.0,1788.0,1848.0,1848.0,616.0,616.0,616.0,596.0,596.0,596.0,616.0,616.0,616.0,1172.0,1172.0,1172.0,616.0,616.0,616.0,596.0,596.0,596.0
1.0,3516.0,1860.0,1791.0,1848.0,1869.0,623.0,623.0,623.0,597.0,597.0,597.0,620.0,620.0,620.0,1172.0,1172.0,1172.0,623.0,623.0,623.0,597.0,597.0,597.0
1.0,3504.0,1773.0,1788.0,1869.0,1764.0,588.0,588.0,588.0,596.0,596.0,596.0,591.0,591.0,591.0,1168.0,1168.0,1168.0,588.0,588.0,588.0,596.0,596.0,596.0
1.0,3600.0,1749.0,1785.0,1764.0,1740.0,580.0,580.0,580.0,595.0,595.0,595.0,583.0,583.0,583.0,1200.0,1200.0,1200.0,580.0,580.0,580.0,595.0,595.0,595.0
1.0,3615.0,1713.0,1782.0,1740.0,1704.0,568.0,568.0,568.0,594.0,594.0,594.0,571.0,571.0,571.0,1205.0,1205.0,1205.0,568.0,568.0,568.0,594.0,594.0,594.0
1.0,3642.0,1803.0,1785.0,1704.0,1812.0,604.0,604.0,604.0,595.0,595.0,595.0,601.0,601.0,601.0,1214.0,1214.0,1214.0,604.0,604.0,604.0,595.0,595.0,595.0
1.0,3543.0,1842.0,1788.0,1812.0,1851.0,617.0,617.0,617.0,596.0,596.0,596.0,614.0,614.0,614.0,1181.0,1181.0,1181.0,617.0,617.0,617.0,596.0,596.0,596.0
1.0,3513.0,1854.0,1791.0,1851.0,1863.0,621.0,621.0,621.0,597.0,597.0,597.0,618.0,618.0,618.0,1171.0,1171.0,1171.0,621.0,621.0,621.0,597.0,597.0,597.0
1.0,3510.0,1854.0,1791.0,1863.0,1854.0,618.0,618.0,618.0,597.0,597.0,597.0,618.0,618.0,618.0,1170.0,1170.0,1170.0,618.0,618.0,618.0,597.0,597.0,597.0
1.0,3519.0,1800.0,1794.0,1854.0,1809.0,603.0,603.0,603.0,598.0,598.0,598.0,600.0,600.0,600.0,1173.0,1173.0,1173.0,603.0,603.0,603.0,598.0,598.0,598.0
1.0,3573.0,1737.0,1791.0,1809.0,1728.0,576.0,576.0,576.0,597.0,597.0,597.0,579.0,579.0,579.0,1191.0,1191.0,1191.0,576.0,576.0,576.0,597.0,597.0,597.0
1.0,3645.0,1842.0,1791.0,1728.0,1842.0,614.0,614.0,614.0,597.0,597.0,597.0,614.0,614.0,614.0,1215.0,1215.0,1215.0,614.0,614.0,614.0,597.0,597.0,597.0
1.0,3531.0,1878.0,1797.0,1842.0,1896.0,632.0,632.0,632.0,599.0,599.0,599.0,626.0,626.0,626.0,1177.0,1177.0,1177.0,632.0,632.0,632.0,599.0,599.0,599.0
1.0,3495.0,1830.0,1800.0,1896.0,1839.0,613.0,613.0,613.0,600.0,600.0,600.0,610.0,610.0,610.0,1165.0,1165.0,1165.0,613.0,613.0,613.0,600.0,600.0,600.0
1.0,3561.0,1890.0,1803.0,1839.0,1899.0,633.0,633.0,633.0,601.0,601.0,601.0,630.0,630.0,630.0,1187.0,1187.0,1187.0,633.0,633.0,633.0,601.0,601.0,601.0
1.0,3510.0,1845.0,1803.0,1899.0,1845.0,615.0,615.0,615.0,601.0,601.0,601.0,615.0,615.0,615.0,1170.0,1170.0,1170.0,615.0,615.0,615.0,601.0,601.0,601.0
1.0,3564.0,1749.0,1800.0,1845.0,1740.0,580.0,580.0,580.0,600.0,600.0,600.0,583.0,583.0,583.0,1188.0,1188.0,1188.0,580.0,580.0,580.0,600.0,600.0,600.0
1.0,3660.0,1725.0,1797.0,1740.0,1716.0,572.0,572.0,572.0,599.0,599.0,599.0,575.0,575.0,575.0,1220.0,1220.0,1220.0,572.0,572.0,572.0,599.0,599.0,599.0
1.0,3675.0,1773.0,1797.0,1716.0,1773.0,591.0,591.0,591.0,599.0,599.0,599.0,591.0,591.0,591.0,1225.0,1225.0,1225.0,591.0,591.0,591.0,599.0,599.0,599.0
1.0,3618.0,1788.0,1797.0,1773.0,1788.0,596.0,596.0,596.0,599.0,599.0,599.0,596.0,596.0,596.0,1206.0,1206.0,1206.0,596.0,596.0,596.0,599.0,599.0,599.0
1.0,3603.0,1869.0,1800.0,1788.0,1878.0,626.0,626.0,626.0,600.0,600.0,600.0,623.0,623.0,623.0,1201.0,1201.0,1201.0,626.0,626.0,626.0,600.0,600.0,600.0
1.0,3522.0,1908.0,1803.0,1878.0,1917.0,639.0,639.0,639.0,601.0,601.0,601.0,636.0,636.0,636.0,1174.0,1174.0,1174.0,639.0,639.0,639.0,601.0,601.0,601.0
1.0,3492.0,1812.0,1803.0,1917.0,1812.0,604.0,604.0,604.0,601.0,601.0,601.0,604.0,604.0,604.0,1164.0,1164.0,1164.0,604.0,604.0,604.0,601.0,601.0,601.0
1.0,3597.0,1791.0,1803.0,1812.0,1791.0,597.0,597.0,597.0,601.0,601.0,601.0,597.0,597.0,597.0,1199.0,1199.0,1199.0,597.0,597.0,597.0,601.0,601.0,601.0
1.0,3618.0,1761.0,1800.0,1791.0,1752.0,584.0,584.0,584.0,600.0,600.0,600.0,587.0,587.0,587.0,1206.0,1206.0,1206.0,584.0,584.0,584.0,600.0,600.0,600.0
1.0,3648.0,1749.0,1800.0,1752.0,1749.0,583.0,583.0,583.0,600.0,600.0,600.0,583.0,583.0,583.0,1216.0,1216.0,1216.0,583.0,583.0,583.0,600.0,600.0,600.0
1.0,3651.0,1824.0,1800.0,1749.0,1824.0,608.0,608.0,608.0,600.0,600.0,600.0,608.0,608.0,608.0,1217.0,1217.0,1217.0,608.0,608.0,608.0,600.0,600.0,600.0
1.0,3576.0,1872.0,1803.0,1824.0,1881.0,627.0,627.0,627.0,601.0,601.0,601.0,624.0,624.0,624.0,1192.0,1192.0,1192.0,627.0,627.0,627.0,601.0,601.0,601.0
1.0,3528.0,1926.0,1806.0,1881.0,1935.0,645.0,645.0,645.0,602.0,602.0,602.0,642.0,642.0,642.0,1176.0,1176.0,1176.0,645.0,645.0,645.0,602.0,602.0,602.0
1.0,3483.0,1824.0,1806.0,1935.0,1824.0,608.0,608.0,608.0,602.0,602.0,602.0,608.0,608.0,608.0,1161.0,1161.0,1161.0,608.0,608.0,608.0,602.0,602.0,602.0
1.0,3594.0,1842.0,1806.0,1824.0,1842.0,614.0,614.0,614.0,602.0,602.0,602.0,614.0,614.0,614.0,1198.0,1198.0,1198.0,614.0,614.0,614.0,602.0,602.0,602.0
1.0,3576.0,1758.0,1806.0,1842.0,1758.0,586.0,586.0,586.0,602.0,602.0,602.0,586.0,586.0,586.0,1192.0,1192.0,1192.0,586.0,586.0,586.0,602.0,602.0,602.0
1.0,3660.0,1728.0,1803.0,1758.0,1719.0,573.0,573.0,573.0,601.0,601.0,601.0,576.0,576.0,576.0,1220.0,1220.0,1220.0,573.0,573.0,573.0,601.0,601.0,601.0
1.0,3690.0,1788.0,1806.0,1719.0,1797.0,599.0,599.0,599.0,602.0,602.0,602.0,596.0,596.0,596.0,1230.0,1230.0,1230.0,599.0,599.0,599.0,602.0,602.0,602.0
1.0,3621.0,1947.0,1809.0,1797.0,1956.0,652.0,652.0,652.0,603.0,603.0,603.0,649.0,649.0,649.0,1207.0,1207.0,1207.0,652.0,652.0,652.0,603.0,603.0,603.0
1.0,3471.0,1821.0,1809.0,1956.0,1821.0,607.0,607.0,607.0,603.0,603.0,603.0,607.0,607.0,607.0,1157.0,1157.0,1157.0,607.0,607.0,607.0,603.0,603.0,603.0
1.0,3606.0,1866.0,1812.0,1821.0,1875.0,625.0,625.0,625.0,604.0,604.0,604.0,622.0,622.0,622.0,1202.0,1202.0,1202.0,625.0,625.0,625.0,604.0,604.0,604.0
1.0,3561.0,1818.0,1809.0,1875.0,1809.0,603.0,603.0,603.0,603.0,603.0,603.0,606.0,606.0,606.0,1187.0,1187.0,1187.0,603.0,603.0,603.0,603.0,603.0,603.0
1.0,3618.0,1809.0,1809.0,1809.0,1809.0,603.0,603.0,603.0,603.0,603.0,603.0,603.0,603.0,603.0,1206.0,1206.0,1206.0,603.0,603.0,603.0,603.0,603.0,603.0
1.0,3618.0,1767.0,1809.0,1809.0,1767.0,589.0,589.0,589.0,603.0,603.0,603.0,589.0,589.0,589.0,1206.0,1206.0,1206.0,589.0,589.0,589.0,603.0,603.0,603.0
1.0,3660.0,1857.0,1809.0,1767.0,1857.0,619.0,619.0,619.0,603.0,603.0,603.0,619.0,619.0,619.0,1220.0,1220.0,1220.0,619.0,619.0,619.0,603.0,603.0,603.0
1.0,3570.0,1848.0,1812.0,1857.0,1857.0,619.0,619.0,619.0,604.0,604.0,604.0,616.0,616.0,616.0,1190.0,1190.0,1190.0,619.0,619.0,619.0,604.0,604.0,604.0
1.0,3579.0,1863.0,1815.0,1857.0,1872.0,624.0,624.0,624.0,605.0,605.0,605.0,621.0,621.0,621.0,1193.0,1193.0,1193.0,624.0,624.0,624.0,605.0,605.0,605.0
1.0,3573.0,1923.0,1818.0,1872.0,1932.0,644.0,644.0,644.0,606.0,606.0,606.0,641.0,641.0,641.0,1191.0,1191.0,1191.0,644.0,644.0,644.0,606.0,606.0,606.0
1.0,3522.0,1827.0,1818.0,1932.0,1827.0,609.0,609.0,609.0,606.0,606.0,606.0,609.0,609.0,609.0,1174.0,1174.0,1174.0,609.0,609.0,609.0,606.0,606.0,606.0
1.0,3627.0,1815.0,1818.0,1827.0,1815.0,605.0,605.0,605.0,606.0,606.0,606.0,605.0,605.0,605.0,1209.0,1209.0,1209.0,605.0,605.0,605.0,606.0,606.0,606.0
1.0,3639.0,1806.0,1818.0,1815.0,1806.0,602.0,602.0,602.0,606.0,606.0,606.0,602.0,602.0,602.0,1213.0,1213.0,1213.0,602.0,602.0,602.0,606.0,606.0,606.0
1.0,3648.0,1875.0,1818.0,1806.0,1875.0,625.0,625.0,625.0,606.0,606.0,606.0,625.0,625.0,625.0,1216.0,1216.0,1216.0,625.0,625.0,625.0,606.0,606.0,606.0
1.0,3579.0,1899.0,1821.0,1875.0,1908.0,636.0,636.0,636.0,607.0,607.0,607.0,633.0,633.0,633.0,1193.0,1193.0,1193.0,636.0,636.0,636.0,607.0,607.0,607.0
1.0,3555.0,1902.0,1824.0,1908.0,1911.0,637.0,637.0,637.0,608.0,608.0,608.0,634.0,634.0,634.0,1185.0,1185.0,1185.0,637.0,637.0,637.0,608.0,608.0,608.0
1.0,3561.0,1974.0,1827.0,1911.0,1983.0,661.0,661.0,661.0,609.0,609.0,609.0,658.0,658.0,658.0,1187.0,1187.0,1187.0,661.0,661.0,661.0,609.0,609.0,609.0
1.0,3498.0,1773.0,1827.0,1983.0,1773.0,591.0,591.0,591.0,609.0,609.0,609.0,591.0,591.0,591.0,1166.0,1166.0,1166.0,591.0,591.0,591.0,609.0,609.0,609.0
1.0,3708.0,1803.0,1827.0,1773.0,1803.0,601.0,601.0,601.0,609.0,609.0,609.0,601.0,601.0,601.0,1236.0,1236.0,1236.0,601.0,601.0,601.0,609.0,609.0,609.0
1.0,3678.0,1806.0,1824.0,1803.0,1797.0,599.0,599.0,599.0,608.0,608.0,608.0,602.0,602.0,602.0,1226.0,1226.0,1226.0,599.0,599.0,599.0,608.0,608.0,608.0
1.0,3675.0,1851.0,1827.0,1797.0,1860.0,620.0,620.0,620.0,609.0,609.0,609.0,617.0,617.0,617.0,1225.0,1225.0,1225.0,620.0,620.0,620.0,609.0,609.0,609.0
1.0,3621.0,1860.0,1830.0,1860.0,1869.0,623.0,623.0,623.0,610.0,610.0,610.0,620.0,620.0,620.0,1207.0,1207.0,1207.0,623.0,623.0,623.0,610.0,610.0,610.0
1.0,3621.0,1947.0,1833.0,1869.0,1956.0,652.0,652.0,652.0,611.0,611.0,611.0,649.0,649.0,649.0,1207.0,1207.0,1207.0,652.0,652.0,652.0,611.0,611.0,611.0
1.0,3543.0,1884.0,1836.0,1956.0,1893.0,631.0,631.0,631.0,612.0,612.0,612.0,628.0,628.0,628.0,1181.0,1181.0,1181.0,631.0,631.0,631.0,612.0,612.0,612.0
1.0,3615.0,1803.0,1833.0,1893.0,1794.0,598.0,598.0,598.0,611.0,611.0,611.0,601.0,601.0,601.0,1205.0,1205.0,1205.0,598.0,598.0,598.0,611.0,611.0,611.0
1.0,3705.0,1824.0,1833.0,1794.0,1824.0,608.0,608.0,608.0,611.0,611.0,611.0,608.0,608.0,608.0,1235.0,1235.0,1235.0,608.0,608.0,608.0,611.0,611.0,611.0
1.0,3675.0,1764.0,1833.0,1824.0,1764.0,588.0,588.0,588.0,611.0,611.0,611.0,588.0,588.0,588.0,1225.0,1225.0,1225.0,588.0,588.0,588.0,611.0,611.0,611.0
1.0,3735.0,1896.0,1833.0,1764.0,1896.0,632.0,632.0,632.0,611.0,611.0,611.0,632.0,632.0,632.0,1245.0,1245.0,1245.0,632.0,632.0,632.0,611.0,611.0,611.0
1.0,3603.0,1935.0,1836.0,1896.0,1944.0,648.0,648.0,648.0,612.0,612.0,612.0,645.0,645.0,645.0,1201.0,1201.0,1201.0,648.0,648.0,648.0,612.0,612.0,612.0
1.0,3564.0,1917.0,1839.0,1944.0,1926.0,642.0,642.0,642.0,613.0,613.0,613.0,639.0,639.0,639.0,1188.0,1188.0,1188.0,642.0,642.0,642.0,613.0,613.0,613.0
1.0,3591.0,1866.0,1839.0,1926.0,1866.0,622.0,622.0,622.0,613.0,613.0,613.0,622.0,622.0,622.0,1197.0,1197.0,1197.0,622.0,622.0,622.0,613.0,613.0,613.0
1.0,3651.0,1836.0,1839.0,1866.0,1836.0,612.0,612.0,612.0,613.0,613.0,613.0,612.0,612.0,612.0,1217.0,1217.0,1217.0,612.0,612.0,612.0,613.0,613.0,613.0
1.0,3681.0,1809.0,1836.0,1836.0,1800.0,600.0,600.0,600.0,612.0,612.0,612.0,603.0,603.0,603.0,1227.0,1227.0,1227.0,600.0,600.0,600.0,612.0,612.0,612.0
1.0,3708.0,1785.0,1836.0,1800.0,1785.0,595.0,595.0,595.0,612.0,612.0,612.0,595.0,595.0,595.0,1236.0,1236.0,1236.0,595.0,595.0,595.0,612.0,612.0,612.0
1.0,3723.0,1875.0,1839.0,1785.0,1884.0,628.0,628.0,628.0,613.0,613.0,613.0,625.0,625.0,625.0,1241.0,1241.0,1241.0,628.0,628.0,628.0,613.0,613.0,613.0
1.0,3633.0,1917.0,1842.0,1884.0,1926.0,642.0,642.0,642.0,614.0,614.0,614.0,639.0,639.0,639.0,1211.0,1211.0,1211.0,642.0,642.0,642.0,614.0,614.0,614.0
1.0,3600.0,1911.0,1845.0,1926.0,1920.0,640.0,640.0,640.0,615.0,615.0,615.0,637.0,637.0,637.0,1200.0,1200.0,1200.0,640.0,640.0,640.0,615.0,615.0,615.0
1.0,3615.0,1881.0,1845.0,1920.0,1881.0,627.0,627.0,627.0,615.0,615.0,615.0,627.0,627.0,627.0,1205.0,1205.0,1205.0,627.0,627.0,627.0,615.0,615.0,615.0
1.0,3654.0,1845.0,1845.0,1881.0,1845.0,615.0,615.0,615.0,615.0,615.0,615.0,615.0,615.0,615.0,1218.0,1218.0,1218.0,615.0,615.0,615.0,615.0,615.0,615.0
1.0,3690.0,1764.0,1842.0,1845.0,1755.0,585.0,585.0,585.0,614.0,614.0,614.0,588.0,588.0,588.0,1230.0,1230.0,1230.0,585.0,585.0,585.0,614.0,614.0,614.0
1.0,3771.0,1788.0,1842.0,1755.0,1788.0,596.0,596.0,596.0,614.0,614.0,614.0,596.0,596.0,596.0,1257.0,1257.0,1257.0,596.0,596.0,596.0,614.0,614.0,614.0
1.0,3738.0,1857.0,1845.0,1788.0,1866.0,622.0,622.0,622.0,615.0,615.0,615.0,619.0,619.0,619.0,1246.0,1246.0,1246.0,622.0,622.0,622.0,615.0,615.0,615.0
1.0,3669.0,1893.0,1848.0,1866.0,1902.0,634.0,634.0,634.0,616.0,616.0,616.0,631.0,631.0,631.0,1223.0,1223.0,1223.0,634.0,634.0,634.0,616.0,616.0,616.0
1.0,3642.0,1851.0,1848.0,1902.0,1851.0,617.0,617.0,617.0,616.0,616.0,616.0,617.0,617.0,617.0,1214.0,1214.0,1214.0,617.0,617.0,617.0,616.0,616.0,616.0
1.0,3693.0,1854.0,1848.0,1851.0,1854.0,618.0,618.0,618.0,616.0,616.0,616.0,618.0,618.0,618.0,1231.0,1231.0,1231.0,618.0,618.0,618.0,616.0,616.0,616.0
1.0,3690.0,1821.0,1848.0,1854.0,1821.0,607.0,607.0,607.0,616.0,616.0,616.0,607.0,607.0,607.0,1230.0,1230.0,1230.0,607.0,607.0,607.0,616.0,616.0,616.0
1.0,3723.0,1815.0,1845.0,1821.0,1806.0,602.0,602.0,602.0,615.0,615.0,615.0,605.0,605.0,605.0,1241.0,1241.0,1241.0,602.0,602.0,602.0,615.0,615.0,615.0
1.0,3729.0,1800.0,1845.0,1806.0,1800.0,600.0,600.0,600.0,615.0,615.0,615.0,600.0,600.0,600.0,1243.0,1243.0,1243.0,600.0,600.0,600.0,615.0,615.0,615.0
1.0,3735.0,1827.0,1845.0,1800.0,1827.0,609.0,609.0,609.0,615.0,615.0,615.0,609.0,609.0,609.0,1245.0,1245.0,1245.0,609.0,609.0,609.0,615.0,615.0,615.0
1.0,3708.0,1923.0,1848.0,1827.0,1932.0,644.0,644.0,644.0,616.0,616.0,616.0,641.0,641.0,641.0,1236.0,1236.0,1236.0,644.0,644.0,644.0,616.0,616.0,616.0
1.0,3612.0,1884.0,1851.0,1932.0,1893.0,631.0,631.0,631.0,617.0,617.0,617.0,628.0,628.0,628.0,1204.0,1204.0,1204.0,631.0,631.0,631.0,617.0,617.0,617.0
1.0,3660.0,1866.0,1854.0,1893.0,1875.0,625.0,625.0,625.0,618.0,618.0,618.0,622.0,622.0,622.0,1220.0,1220.0,1220.0,625.0,625.0,625.0,618.0,618.0,618.0
1.0,3687.0,1800.0,1851.0,1875.0,1791.0,597.0,597.0,597.0,617.0,617.0,617.0,600.0,600.0,600.0,1229.0,1229.0,1229.0,597.0,597.0,597.0,617.0,617.0,617.0
1.0,3762.0,1803.0,1851.0,1791.0,1803.0,601.0,601.0,601.0,617.0,617.0,617.0,601.0,601.0,601.0,1254.0,1254.0,1254.0,601.0,601.0,601.0,617.0,617.0,617.0
1.0,3750.0,1860.0,1851.0,1803.0,1860.0,620.0,620.0,620.0,617.0,617.0,617.0,620.0,620.0,620.0,1250.0,1250.0,1250.0,620.0,620.0,620.0,617.0,617.0,617.0
1.0,3693.0,1893.0,1851.0,1860.0,1893.0,631.0,631.0,631.0,617.0,617.0,617.0,631.0,631.0,631.0,1231.0,1231.0,1231.0,631.0,631.0,631.0,617.0,617.0,617.0
1.0,3660.0,1884.0,1851.0,1893.0,1884.0,628.0,628.0,628.0,617.0,617.0,617.0,628.0,628.0,628.0,1220.0,1220.0,1220.0,628.0,628.0,628.0,617.0,617.0,617.0
1.0,3669.0,1914.0,1854.0,1884.0,1923.0,641.0,641.0,641.0,618.0,618.0,618.0,638.0,638.0,638.0,1223.0,1223.0,1223.0,641.0,641.0,641.0,618.0,618.0,618.0
1.0,3639.0,1926.0,1857.0,1923.0,1935.0,645.0,645.0,645.0,619.0,619.0,619.0,642.0,642.0,642.0,1213.0,1213.0,1213.0,645.0,645.0,645.0,619.0,619.0,619.0
1.0,3636.0,1848.0,1857.0,1935.0,1848.0,616.0,616.0,616.0,619.0,619.0,619.0,616.0,616.0,616.0,1212.0,1212.0,1212.0,616.0,616.0,616.0,619.0,619.0,619.0
1.0,3723.0,1806.0,1854.0,1848.0,1797.0,599.0,599.0,599.0,618.0,618.0,618.0,602.0,602.0,602.0,1241.0,1241.0,1241.0,599.0,599.0,599.0,618.0,618.0,618.0
1.0,3765.0,1845.0,1854.0,1797.0,1845.0,615.0,615.0,615.0,618.0,618.0,618.0,615.0,615.0,615.0,1255.0,1255.0,1255.0,615.0,615.0,615.0,618.0,618.0,618.0
1.0,3717.0,1860.0,1854.0,1845.0,1860.0,620.0,620.0,620.0,618.0,618.0,618.0,620.0,620.0,620.0,1239.0,1239.0,1239.0,620.0,620.0,620.0,618.0,618.0,618.0
1.0,3702.0,1965.0,1857.0,1860.0,1974.0,658.0,658.0,658.0,619.0,619.0,619.0,655.0,655.0,655.0,1234.0,1234.0,1234.0,658.0,658.0,658.0,619.0,619.0,619.0
1.0,3597.0,1923.0,1860.0,1974.0,1932.0,644.0,644.0,644.0,620.0,620.0,620.0,641.0,641.0,641.0,1199.0,1199.0,1199.0,644.0,644.0,644.0,620.0,620.0,620.0
1.0,3648.0,1896.0,1860.0,1932.0,1896.0,632.0,632.0,632.0,620.0,620.0,620.0,632.0,632.0,632.0,1216.0,1216.0,1216.0,632.0,632.0,632.0,620.0,620.0,620.0
1.0,3684.0,1842.0,1860.0,1896.0,1842.0,614.0,614.0,614.0,620.0,620.0,620.0,614.0,614.0,614.0,1228.0,1228.0,1228.0,614.0,614.0,614.0,620.0,620.0,620.0
1.0,3738.0,1818.0,1857.0,1842.0,1809.0,603.0,603.0,603.0,619.0,619.0,619.0,606.0,606.0,606.0,1246.0,1246.0,1246.0,603.0,603.0,603.0,619.0,619.0,619.0
1.0,3762.0,1818.0,1854.0,1809.0,1809.0,603.0,603.0,603.0,618.0,618.0,618.0,606.0,606.0,606.0,1254.0,1254.0,1254.0,603.0,603.0,603.0,618.0,618.0,618.0
1.0,3753.0,1863.0,1857.0,1809.0,1872.0,624.0,624.0,624.0,619.0,619.0,619.0,621.0,621.0,621.0,1251.0,1251.0,1251.0,624.0,624.0,624.0,619.0,619.0,619.0
1.0,3699.0,1893.0,1857.0,1872.0,1893.0,631.0,631.0,631.0,619.0,619.0,619.0,631.0,631.0,631.0,1233.0,1233.0,1233.0,631.0,631.0,631.0,619.0,619.0,619.0
1.0,3678.0,1941.0,1860.0,1893.0,1950.0,650.0,650.0,650.0,620.0,620.0,620.0,647.0,647.0,647.0,1226.0,1226.0,1226.0,650.0,650.0,650.0,620.0,620.0,620.0
1.0,3630.0,1842.0,1860.0,1950.0,1842.0,614.0,614.0,614.0,620.0,620.0,620.0,614.0,614.0,614.0,1210.0,1210.0,1210.0,614.0,614.0,614.0,620.0,620.0,620.0
1.0,3738.0,1833.0,1860.0,1842.0,1833.0,611.0,611.0,611.0,620.0,620.0,620.0,611.0,611.0,611.0,1246.0,1246.0,1246.0,611.0,611.0,611.0,620.0,620.0,620.0
1.0,3747.0,1833.0,1857.0,1833.0,1824.0,608.0,608.0,608.0,619.0,619.0,619.0,611.0,611.0,611.0,1249.0,1249.0,1249.0,608.0,608.0,608.0,619.0,619.0,619.0
1.0,3747.0,1821.0,1857.0,1824.0,1821.0,607.0,607.0,607.0,619.0,619.0,619.0,607.0,607.0,607.0,1249.0,1249.0,1249.0,607.0,607.0,607.0,619.0,619.0,619.0
1.0,3750.0,1884.0,1857.0,1821.0,1884.0,628.0,628.0,628.0,619.0,619.0,619.0,628.0,628.0,628.0,1250.0,1250.0,1250.0,628.0,628.0,628.0,619.0,619.0,619.0
1.0,3687.0,1911.0,1860.0,1884.0,1920.0,640.0,640.0,640.0,620.0,620.0,620.0,637.0,637.0,637.0,1229.0,1229.0,1229.0,640.0,640.0,640.0,620.0,620.0,620.0
1.0,3660.0,2004.0,1863.0,1920.0,2013.0,671.0,671.0,671.0,621.0,621.0,621.0,668.0,668.0,668.0,1220.0,1220.0,1220.0,671.0,671.0,671.0,621.0,621.0,621.0
1.0,3576.0,1947.0,1866.0,2013.0,1956.0,652.0,652.0,652.0,622.0,622.0,622.0,649.0,649.0,649.0,1192.0,1192.0,1192.0,652.0,652.0,652.0,622.0,622.0,622.0
1.0,3642.0,1893.0,1863.0,1956.0,1884.0,628.0,628.0,628.0,621.0,621.0,621.0,631.0,631.0,631.0,1214.0,1214.0,1214.0,628.0,628.0,628.0,621.0,621.0,621.0
1.0,3705.0,1806.0,1863.0,1884.0,1806.0,602.0,602.0,602.0,621.0,621.0,621.0,602.0,602.0,602.0,1235.0,1235.0,1235.0,602.0,602.0,602.0,621.0,621.0,621.0
1.0,3783.0,1887.0,1863.0,1806.0,1887.0,629.0,629.0,629.0,621.0,621.0,621.0,629.0,629.0,629.0,1261.0,1261.0,1261.0,629.0,629.0,629.0,621.0,621.0,621.0
1.0,3702.0,1860.0,1863.0,1887.0,1860.0,620.0,620.0,620.0,621.0,621.0,621.0,620.0,620.0,620.0,1234.0,1234.0,1234.0,620.0,620.0,620.0,621.0,621.0,621.0
1.0,3729.0,1968.0,1866.0,1860.0,1977.0,659.0,659.0,659.0,622.0,622.0,622.0,656.0,656.0,656.0,1243.0,1243.0,1243.0,659.0,659.0,659.0,622.0,622.0,622.0
1.0,3621.0,1938.0,1869.0,1977.0,1947.0,649.0,649.0,649.0,623.0,623.0,623.0,646.0,646.0,646.0,1207.0,1207.0,1207.0,649.0,649.0,649.0,623.0,623.0,623.0
1.0,3660.0,2007.0,1872.0,1947.0,2016.0,672.0,672.0,672.0,624.0,624.0,624.0,669.0,669.0,669.0,1220.0,1220.0,1220.0,672.0,672.0,672.0,624.0,624.0,624.0
1.0,3600.0,1824.0,1869.0,2016.0,1815.0,605.0,605.0,605.0,623.0,623.0,623.0,608.0,608.0,608.0,1200.0,1200.0,1200.0,605.0,605.0,605.0,623.0,623.0,623.0
1.0,3792.0,1797.0,1869.0,1815.0,1797.0,599.0,599.0,599.0,623.0,623.0,623.0,599.0,599.0,599.0,1264.0,1264.0,1264.0,599.0,599.0,599.0,623.0,623.0,623.0
1.0,3810.0,1818.0,1866.0,1797.0,1809.0,603.0,603.0,603.0,622.0,622.0,622.0,606.0,606.0,606.0,1270.0,1270.0,1270.0,603.0,603.0,603.0,622.0,622.0,622.0
1.0,3789.0,1878.0,1866.0,1809.0,1878.0,626.0,626.0,626.0,622.0,622.0,622.0,626.0,626.0,626.0,1263.0,1263.0,1263.0,626.0,626.0,626.0,622.0,622.0,622.0
1.0,3720.0,1941.0,1872.0,1878.0,1959.0,653.0,653.0,653.0,624.0,624.0,624.0,647.0,647.0,647.0,1240.0,1240.0,1240.0,653.0,653.0,653.0,624.0,624.0,624.0
1.0,3657.0,1899.0,1872.0,1959.0,1899.0,633.0,633.0,633.0,624.0,624.0,624.0,633.0,633.0,633.0,1219.0,1219.0,1219.0,633.0,633.0,633.0,624.0,624.0,624.0
1.0,3717.0,1884.0,1872.0,1899.0,1884.0,628.0,628.0,628.0,624.0,624.0,624.0,628.0,628.0,628.0,1239.0,1239.0,1239.0,628.0,628.0,628.0,624.0,624.0,624.0
1.0,3732.0,1857.0,1872.0,1884.0,1857.0,619.0,619.0,619.0,624.0,624.0,624.0,619.0,619.0,619.0,1244.0,1244.0,1244.0,619.0,619.0,619.0,624.0,624.0,624.0
1.0,3759.0,1872.0,1872.0,1857.0,1872.0,624.0,624.0,624.0,624.0,624.0,624.0,624.0,624.0,624.0,1253.0,1253.0,1253.0,624.0,624.0,624.0,624.0,624.0,624.0
1.0,3744.0,1806.0,1872.0,1872.0,1806.0,602.0,602.0,602.0,624.0,624.0,624.0,602.0,602.0,602.0,1248.0,1248.0,1248.0,602.0,602.0,602.0,624.0,624.0,624.0
1.0,3810.0,1899.0,1872.0,1806.0,1899.0,633.0,633.0,633.0,624.0,624.0,624.0,633.0,633.0,633.0,1270.0,1270.0,1270.0,633.0,633.0,633.0,624.0,624.0,624.0
1.0,3717.0,1944.0,1875.0,1899.0,1953.0,651.0,651.0,651.0,625.0,625.0,625.0,648.0,648.0,648.0,1239.0,1239.0,1239.0,651.0,651.0,651.0,625.0,625.0,625.0
1.0,3672.0,1986.0,1881.0,1953.0,2004.0,668.0,668.0,668.0,627.0,627.0,627.0,662.0,662.0,662.0,1224.0,1224.0,1224.0,668.0,668.0,668.0,627.0,627.0,627.0
1.0,3639.0,1935.0,1881.0,2004.0,1935.0,645.0,645.0,645.0,627.0,627.0,627.0,645.0,645.0,645.0,1213.0,1213.0,1213.0,645.0,645.0,645.0,627.0,627.0,627.0
1.0,3708.0,1872.0,1881.0,1935.0,1872.0,624.0,624.0,624.0,627.0,627.0,627.0,624.0,624.0,624.0,1236.0,1236.0,1236.0,624.0,624.0,624.0,627.0,627.0,627.0
1.0,3771.0,1848.0,1881.0,1872.0,1848.0,616.0,616.0,616.0,627.0,627.0,627.0,616.0,616.0,616.0,1257.0,1257.0,1257.0,616.0,616.0,616.0,627.0,627.0,627.0
1.0,3795.0,1842.0,1878.0,1848.0,1833.0,611.0,611.0,611.0,626.0,626.0,626.0,614.0,614.0,614.0,1265.0,1265.0,1265.0,611.0,611.0,611.0,626.0,626.0,626.0
1.0,3801.0,1878.0,1881.0,1833.0,1887.0,629.0,629.0,629.0,627.0,627.0,627.0,626.0,626.0,626.0,1267.0,1267.0,1267.0,629.0,629.0,629.0,627.0,627.0,627.0
1.0,3756.0,1971.0,1884.0,1887.0,1980.0,660.0,660.0,660.0,628.0,628.0,628.0,657.0,657.0,657.0,1252.0,1252.0,1252.0,660.0,660.0,660.0,628.0,628.0,628.0
1.0,3672.0,1911.0,1884.0,1980.0,1911.0,637.0,637.0,637.0,628.0,628.0,628.0,637.0,637.0,637.0,1224.0,1224.0,1224.0,637.0,637.0,637.0,628.0,628.0,628.0
1.0,3741.0,1947.0,1887.0,1911.0,1956.0,652.0,652.0,652.0,629.0,629.0,629.0,649.0,649.0,649.0,1247.0,1247.0,1247.0,652.0,652.0,652.0,629.0,629.0,629.0
1.0,3705.0,1851.0,1887.0,1956.0,1851.0,617.0,617.0,617.0,629.0,629.0,629.0,617.0,617.0,617.0,1235.0,1235.0,1235.0,617.0,617.0,617.0,629.0,629.0,629.0
1.0,3810.0,1905.0,1884.0,1851.0,1896.0,632.0,632.0,632.0,628.0,628.0,628.0,635.0,635.0,635.0,1270.0,1270.0,1270.0,632.0,632.0,632.0,628.0,628.0,628.0
1.0,3756.0,1839.0,1884.0,1896.0,1839.0,613.0,613.0,613.0,628.0,628.0,628.0,613.0,613.0,613.0,1252.0,1252.0,1252.0,613.0,613.0,613.0,628.0,628.0,628.0
1.0,3813.0,1953.0,1887.0,1839.0,1962.0,654.0,654.0,654.0,629.0,629.0,629.0,651.0,651.0,651.0,1271.0,1271.0,1271.0,654.0,654.0,654.0,629.0,629.0,629.0
1.0,3699.0,1959.0,1890.0,1962.0,1968.0,656.0,656.0,656.0,630.0,630.0,630.0,653.0,653.0,653.0,1233.0,1233.0,1233.0,656.0,656.0,656.0,630.0,630.0,630.0
1.0,3702.0,1959.0,1890.0,1968.0,1959.0,653.0,653.0,653.0,630.0,630.0,630.0,653.0,653.0,653.0,1234.0,1234.0,1234.0,653.0,653.0,653.0,630.0,630.0,630.0
1.0,3711.0,1977.0,1893.0,1959.0,1986.0,662.0,662.0,662.0,631.0,631.0,631.0,659.0,659.0,659.0,1237.0,1237.0,1237.0,662.0,662.0,662.0,631.0,631.0,631.0
1.0,3693.0,1905.0,1893.0,1986.0,1905.0,635.0,635.0,635.0,631.0,631.0,631.0,635.0,635.0,635.0,1231.0,1231.0,1231.0,635.0,635.0,635.0,631.0,631.0,631.0
1.0,3774.0,1824.0,1890.0,1905.0,1815.0,605.0,605.0,605.0,630.0,630.0,630.0,608.0,608.0,608.0,1258.0,1258.0,1258.0,605.0,605.0,605.0,630.0,630.0,630.0
1.0,3855.0,1839.0,1890.0,1815.0,1839.0,613.0,613.0,613.0,630.0,630.0,630.0,613.0,613.0,613.0,1285.0,1285.0,1285.0,613.0,613.0,613.0,630.0,630.0,630.0
1.0,3831.0,1911.0,1890.0,1839.0,1911.0,637.0,637.0,637.0,630.0,630.0,630.0,637.0,637.0,637.0,1277.0,1277.0,1277.0,637.0,637.0,637.0,630.0,630.0,630.0
1.0,3759.0,1962.0,1893.0,1911.0,1971.0,657.0,657.0,657.0,631.0,631.0,631.0,654.0,654.0,654.0,1253.0,1253.0,1253.0,657.0,657.0,657.0,631.0,631.0,631.0
1.0,3708.0,1944.0,1896.0,1971.0,1953.0,651.0,651.0,651.0,632.0,632.0,632.0,648.0,648.0,648.0,1236.0,1236.0,1236.0,651.0,651.0,651.0,632.0,632.0,632.0
1.0,3735.0,1935.0,1896.0,1953.0,1935.0,645.0,645.0,645.0,632.0,632.0,632.0,645.0,645.0,645.0,1245.0,1245.0,1245.0,645.0,645.0,645.0,632.0,632.0,632.0
1.0,3753.0,1941.0,1899.0,1935.0,1950.0,650.0,650.0,650.0,633.0,633.0,633.0,647.0,647.0,647.0,1251.0,1251.0,1251.0,650.0,650.0,650.0,633.0,633.0,633.0
1.0,3747.0,1809.0,1896.0,1950.0,1800.0,600.0,600.0,600.0,632.0,632.0,632.0,603.0,603.0,603.0,1249.0,1249.0,1249.0,600.0,600.0,600.0,632.0,632.0,632.0
1.0,3888.0,1833.0,1896.0,1800.0,1833.0,611.0,611.0,611.0,632.0,632.0,632.0,611.0,611.0,611.0,1296.0,1296.0,1296.0,611.0,611.0,611.0,632.0,632.0,632.0
1.0,3855.0,1896.0,1896.0,1833.0,1896.0,632.0,632.0,632.0,632.0,632.0,632.0,632.0,632.0,632.0,1285.0,1285.0,1285.0,632.0,632.0,632.0,632.0,632.0,632.0
1.0,3792.0,1947.0,1899.0,1896.0,1956.0,652.0,652.0,652.0,633.0,633.0,633.0,649.0,649.0,649.0,1264.0,1264.0,1264.0,652.0,652.0,652.0,633.0,633.0,633.0
1.0,3741.0,1968.0,1902.0,1956.0,1977.0,659.0,659.0,659.0,634.0,634.0,634.0,656.0,656.0,656.0,1247.0,1247.0,1247.0,659.0,659.0,659.0,634.0,634.0,634.0
1.0,3729.0,1929.0,1902.0,1977.0,1929.0,643.0,643.0,643.0,634.0,634.0,634.0,643.0,643.0,643.0,1243.0,1243.0,1243.0,643.0,643.0,643.0,634.0,634.0,634.0
1.0,3777.0,1926.0,1902.0,1929.0,1926.0,642.0,642.0,642.0,634.0,634.0,634.0,642.0,642.0,642.0,1259.0,1259.0,1259.0,642.0,642.0,642.0,634.0,634.0,634.0
1.0,3780.0,1875.0,1899.0,1926.0,1866.0,622.0,622.0,622.0,633.0,633.0,633.0,625.0,625.0,625.0,1260.0,1260.0,1260.0,622.0,622.0,622.0,633.0,633.0,633.0
1.0,3831.0,1884.0,1899.0,1866.0,1884.0,628.0,628.0,628.0,633.0,633.0,633.0,628.0,628.0,628.0,1277.0,1277.0,1277.0,628.0,628.0,628.0,633.0,633.0,633.0
1.0,3813.0,1962.0,1899.0,1884.0,1962.0,654.0,654.0,654.0,633.0,633.0,633.0,654.0,654.0,654.0,1271.0,1271.0,1271.0,654.0,654.0,654.0,633.0,633.0,633.0
1.0,3735.0,1953.0,1902.0,1962.0,1962.0,654.0,654.0,654.0,634.0,634.0,634.0,651.0,651.0,651.0,1245.0,1245.0,1245.0,654.0,654.0,654.0,634.0,634.0,634.0
1.0,3744.0,1932.0,1905.0,1962.0,1941.0,647.0,647.0,647.0,635.0,635.0,635.0,644.0,644.0,644.0,1248.0,1248.0,1248.0,647.0,647.0,647.0,635.0,635.0,635.0
1.0,3774.0,1932.0,1905.0,1941.0,1932.0,644.0,644.0,644.0,635.0,635.0,635.0,644.0,644.0,644.0,1258.0,1258.0,1258.0,644.0,644.0,644.0,635.0,635.0,635.0
1.0,3783.0,1827.0,1902.0,1932.0,1818.0,606.0,606.0,606.0,634.0,634.0,634.0,609.0,609.0,609.0,1261.0,1261.0,1261.0,606.0,606.0,606.0,634.0,634.0,634.0
1.0,3888.0,1848.0,1902.0,1818.0,1848.0,616.0,616.0,616.0,634.0,634.0,634.0,616.0,616.0,616.0,1296.0,1296.0,1296.0,616.0,616.0,616.0,634.0,634.0,634.0
1.0,3858.0,1902.0,1899.0,1848.0,1893.0,631.0,631.0,631.0,633.0,633.0,633.0,634.0,634.0,634.0,1286.0,1286.0,1286.0,631.0,631.0,631.0,633.0,633.0,633.0
1.0,3804.0,1935.0,1902.0,1893.0,1944.0,648.0,648.0,648.0,634.0,634.0,634.0,645.0,645.0,645.0,1268.0,1268.0,1268.0,648.0,648.0,648.0,634.0,634.0,634.0
1.0,3762.0,1920.0,1902.0,1944.0,1920.0,640.0,640.0,640.0,634.0,634.0,634.0,640.0,640.0,640.0,1254.0,1254.0,1254.0,640.0,640.0,640.0,634.0,634.0,634.0
1.0,3786.0,1902.0,1905.0,1920.0,1911.0,637.0,637.0,637.0,635.0,635.0,635.0,634.0,634.0,634.0,1262.0,1262.0,1262.0,637.0,637.0,637.0,635.0,635.0,635.0
1.0,3804.0,1890.0,1905.0,1911.0,1890.0,630.0,630.0,630.0,635.0,635.0,635.0,630.0,630.0,630.0,1268.0,1268.0,1268.0,630.0,630.0,630.0,635.0,635.0,635.0
1.0,3825.0,1902.0,1905.0,1890.0,1902.0,634.0,634.0,634.0,635.0,635.0,635.0,634.0,634.0,634.0,1275.0,1275.0,1275.0,634.0,634.0,634.0,635.0,635.0,635.0
1.0,3813.0,1869.0,1905.0,1902.0,1869.0,623.0,623.0,623.0,635.0,635.0,635.0,623.0,623.0,623.0,1271.0,1271.0,1271.0,623.0,623.0,623.0,635.0,635.0,635.0
1.0,3846.0,1815.0,1902.0,1869.0,1806.0,602.0,602.0,602.0,634.0,634.0,634.0,605.0,605.0,605.0,1282.0,1282.0,1282.0,602.0,602.0,602.0,634.0,634.0,634.0
1.0,3900.0,1953.0,1905.0,1806.0,1962.0,654.0,654.0,654.0,635.0,635.0,635.0,651.0,651.0,651.0,1300.0,1300.0,1300.0,654.0,654.0,654.0,635.0,635.0,635.0
1.0,3753.0,1977.0,1905.0,1962.0,1977.0,659.0,659.0,659.0,635.0,635.0,635.0,659.0,659.0,659.0,1251.0,1251.0,1251.0,659.0,659.0,659.0,635.0,635.0,635.0
1.0,3738.0,1935.0,1908.0,1977.0,1944.0,648.0,648.0,648.0,636.0,636.0,636.0,645.0,645.0,645.0,1246.0,1246.0,1246.0,648.0,648.0,648.0,636.0,636.0,636.0
1.0,3780.0,1944.0,1911.0,1944.0,1953.0,651.0,651.0,651.0,637.0,637.0,637.0,648.0,648.0,648.0,1260.0,1260.0,1260.0,651.0,651.0,651.0,637.0,637.0,637.0
1.0,3780.0,1857.0,1908.0,1953.0,1848.0,616.0,616.0,616.0,636.0,636.0,636.0,619.0,619.0,619.0,1260.0,1260.0,1260.0,616.0,616.0,616.0,636.0,636.0,636.0
1.0,3876.0,1818.0,1905.0,1848.0,1809.0,603.0,603.0,603.0,635.0,635.0,635.0,606.0,606.0,606.0,1292.0,1292.0,1292.0,603.0,603.0,603.0,635.0,635.0,635.0
1.0,3906.0,1935.0,1905.0,1809.0,1935.0,645.0,645.0,645.0,635.0,635.0,635.0,645.0,645.0,645.0,1302.0,1302.0,1302.0,645.0,645.0,645.0,635.0,635.0,635.0
1.0,3780.0,1947.0,1905.0,1935.0,1947.0,649.0,649.0,649.0,635.0,635.0,635.0,649.0,649.0,649.0,1260.0,1260.0,1260.0,649.0,649.0,649.0,635.0,635.0,635.0
1.0,3768.0,1932.0,1908.0,1947.0,1941.0,647.0,647.0,647.0,636.0,636.0,636.0,644.0,644.0,644.0,1256.0,1256.0,1256.0,647.0,647.0,647.0,636.0,636.0,636.0
1.0,3783.0,1929.0,1908.0,1941.0,1929.0,643.0,643.0,643.0,636.0,636.0,636.0,643.0,643.0,643.0,1261.0,1261.0,1261.0,643.0,643.0,643.0,636.0,636.0,636.0
1.0,3795.0,1992.0,1911.0,1929.0,2001.0,667.0,667.0,667.0,637.0,637.0,637.0,664.0,664.0,664.0,1265.0,1265.0,1265.0,667.0,667.0,667.0,637.0,637.0,637.0
1.0,3732.0,1914.0,1911.0,2001.0,1914.0,638.0,638.0,638.0,637.0,637.0,637.0,638.0,638.0,638.0,1244.0,1244.0,1244.0,638.0,638.0,638.0,637.0,637.0,637.0
1.0,3819.0,1833.0,1908.0,1914.0,1824.0,608.0,608.0,608.0,636.0,636.0,636.0,611.0,611.0,611.0,1273.0,1273.0,1273.0,608.0,608.0,608.0,636.0,636.0,636.0
1.0,3900.0,1884.0,1908.0,1824.0,1884.0,628.0,628.0,628.0,636.0,636.0,636.0,628.0,628.0,628.0,1300.0,1300.0,1300.0,628.0,628.0,628.0,636.0,636.0,636.0
1.0,3840.0,1929.0,1908.0,1884.0,1929.0,643.0,643.0,643.0,636.0,636.0,636.0,643.0,643.0,643.0,1280.0,1280.0,1280.0,643.0,643.0,643.0,636.0,636.0,636.0
1.0,3795.0,1968.0,1911.0,1929.0,1977.0,659.0,659.0,659.0,637.0,637.0,637.0,656.0,656.0,656.0,1265.0,1265.0,1265.0,659.0,659.0,659.0,637.0,637.0,637.0
1.0,3756.0,1986.0,1914.0,1977.0,1995.0,665.0,665.0,665.0,638.0,638.0,638.0,662.0,662.0,662.0,1252.0,1252.0,1252.0,665.0,665.0,665.0,638.0,638.0,638.0
1.0,3747.0,1953.0,1914.0,1995.0,1953.0,651.0,651.0,651.0,638.0,638.0,638.0,651.0,651.0,651.0,1249.0,1249.0,1249.0,651.0,651.0,651.0,638.0,638.0,638.0
1.0,3789.0,1875.0,1911.0,1953.0,1866.0,622.0,622.0,622.0,637.0,637.0,637.0,625.0,625.0,625.0,1263.0,1263.0,1263.0,622.0,622.0,622.0,637.0,637.0,637.0
1.0,3867.0,1842.0,1911.0,1866.0,1842.0,614.0,614.0,614.0,637.0,637.0,637.0,614.0,614.0,614.0,1289.0,1289.0,1289.0,614.0,614.0,614.0,637.0,637.0,637.0
1.0,3891.0,1878.0,1908.0,1842.0,1869.0,623.0,623.0,623.0,636.0,636.0,636.0,626.0,626.0,626.0,1297.0,1297.0,1297.0,623.0,623.0,623.0,636.0,636.0,636.0
1.0,3855.0,1884.0,1908.0,1869.0,1884.0,628.0,628.0,628.0,636.0,636.0,636.0,628.0,628.0,628.0,1285.0,1285.0,1285.0,628.0,628.0,628.0,636.0,636.0,636.0
1.0,3840.0,1953.0,1911.0,1884.0,1962.0,654.0,654.0,654.0,637.0,637.0,637.0,651.0,651.0,651.0,1280.0,1280.0,1280.0,654.0,654.0,654.0,637.0,637.0,637.0
1.0,3771.0,1953.0,1911.0,1962.0,1953.0,651.0,651.0,651.0,637.0,637.0,637.0,651.0,651.0,651.0,1257.0,1257.0,1257.0,651.0,651.0,651.0,637.0,637.0,637.0
1.0,3780.0,1986.0,1914.0,1953.0,1995.0,665.0,665.0,665.0,638.0,638.0,638.0,662.0,662.0,662.0,1260.0,1260.0,1260.0,665.0,665.0,665.0,638.0,638.0,638.0
1.0,3747.0,1869.0,1911.0,1995.0,1860.0,620.0,620.0,620.0,637.0,637.0,637.0,623.0,623.0,623.0,1249.0,1249.0,1249.0,620.0,620.0,620.0,637.0,637.0,637.0
1.0,3873.0,1893.0,1911.0,1860.0,1893.0,631.0,631.0,631.0,637.0,637.0,637.0,631.0,631.0,631.0,1291.0,1291.0,1291.0,631.0,631.0,631.0,637.0,637.0,637.0
1.0,3840.0,1899.0,1911.0,1893.0,1899.0,633.0,633.0,633.0,637.0,637.0,637.0,633.0,633.0,633.0,1280.0,1280.0,1280.0,633.0,633.0,633.0,637.0,637.0,637.0
1.0,3834.0,1956.0,1911.0,1899.0,1956.0,652.0,652.0,652.0,637.0,637.0,637.0,652.0,652.0,652.0,1278.0,1278.0,1278.0,652.0,652.0,652.0,637.0,637.0,637.0
1.0,3777.0,2019.0,1914.0,1956.0,2028.0,676.0,676.0,676.0,638.0,638.0,638.0,673.0,673.0,673.0,1259.0,1259.0,1259.0,676.0,676.0,676.0,638.0,638.0,638.0
1.0,3714.0,1950.0,1917.0,2028.0,1959.0,653.0,653.0,653.0,639.0,639.0,639.0,650.0,650.0,650.0,1238.0,1238.0,1238.0,653.0,653.0,653.0,639.0,639.0,639.0
1.0,3792.0,1983.0,1917.0,1959.0,1983.0,661.0,661.0,661.0,639.0,639.0,639.0,661.0,661.0,661.0,1264.0,1264.0,1264.0,661.0,661.0,661.0,639.0,639.0,639.0
1.0,3768.0,1941.0,1917.0,1983.0,1941.0,647.0,647.0,647.0,639.0,639.0,639.0,647.0,647.0,647.0,1256.0,1256.0,1256.0,647.0,647.0,647.0,639.0,639.0,639.0
1.0,3810.0,1869.0,1917.0,1941.0,1869.0,623.0,623.0,623.0,639.0,639.0,639.0,623.0,623.0,623.0,1270.0,1270.0,1270.0,623.0,623.0,623.0,639.0,639.0,639.0
1.0,3882.0,1902.0,1917.0,1869.0,1902.0,634.0,634.0,634.0,639.0,639.0,639.0,634.0,634.0,634.0,1294.0,1294.0,1294.0,634.0,634.0,634.0,639.0,639.0,639.0
1.0,3849.0,1956.0,1917.0,1902.0,1956.0,652.0,652.0,652.0,639.0,639.0,639.0,652.0,652.0,652.0,1283.0,1283.0,1283.0,652.0,652.0,652.0,639.0,639.0,639.0
1.0,3795.0,1965.0,1917.0,1956.0,1965.0,655.0,655.0,655.0,639.0,639.0,639.0,655.0,655.0,655.0,1265.0,1265.0,1265.0,655.0,655.0,655.0,639.0,639.0,639.0
1.0,3786.0,1998.0,1920.0,1965.0,2007.0,669.0,669.0,669.0,640.0,640.0,640.0,666.0,666.0,666.0,1262.0,1262.0,1262.0,669.0,669.0,669.0,640.0,640.0,640.0
1.0,3753.0,1968.0,1920.0,2007.0,1968.0,656.0,656.0,656.0,640.0,640.0,640.0,656.0,656.0,656.0,1251.0,1251.0,1251.0,656.0,656.0,656.0,640.0,640.0,640.0
1.0,3792.0,1914.0,1920.0,1968.0,1914.0,638.0,638.0,638.0,640.0,640.0,640.0,638.0,638.0,638.0,1264.0,1264.0,1264.0,638.0,638.0,638.0,640.0,640.0,640.0
1.0,3846.0,1947.0,1920.0,1914.0,1947.0,649.0,649.0,649.0,640.0,640.0,640.0,649.0,649.0,649.0,1282.0,1282.0,1282.0,649.0,649.0,649.0,640.0,640.0,640.0
1.0,3813.0,1899.0,1920.0,1947.0,1899.0,633.0,633.0,633.0,640.0,640.0,640.0,633.0,633.0,633.0,1271.0,1271.0,1271.0,633.0,633.0,633.0,640.0,640.0,640.0
1.0,3861.0,1956.0,1923.0,1899.0,1965.0,655.0,655.0,655.0,641.0,641.0,641.0,652.0,652.0,652.0,1287.0,1287.0,1287.0,655.0,655.0,655.0,641.0,641.0,641.0
1.0,3804.0,1965.0,1923.0,1965.0,1965.0,655.0,655.0,655.0,641.0,641.0,641.0,655.0,655.0,655.0,1268.0,1268.0,1268.0,655.0,655.0,655.0,641.0,641.0,641.0
1.0,3804.0,1992.0,1926.0,1965.0,2001.0,667.0,667.0,667.0,642.0,642.0,642.0,664.0,664.0,664.0,1268.0,1268.0,1268.0,667.0,667.0,667.0,642.0,642.0,642.0
1.0,3777.0,1974.0,1926.0,2001.0,1974.0,658.0,658.0,658.0,642.0,642.0,642.0,658.0,658.0,658.0,1259.0,1259.0,1259.0,658.0,658.0,658.0,642.0,642.0,642.0
1.0,3804.0,1911.0,1926.0,1974.0,1911.0,637.0,637.0,637.0,642.0,642.0,642.0,637.0,637.0,637.0,1268.0,1268.0,1268.0,637.0,637.0,637.0,642.0,642.0,642.0
1.0,3867.0,1926.0,1926.0,1911.0,1926.0,642.0,642.0,642.0,642.0,642.0,642.0,642.0,642.0,642.0,1289.0,1289.0,1289.0,642.0,642.0,642.0,642.0,642.0,642.0
1.0,3852.0,1902.0,1926.0,1926.0,1902.0,634.0,634.0,634.0,642.0,642.0,642.0,634.0,634.0,634.0,1284.0,1284.0,1284.0,634.0,634.0,634.0,642.0,642.0,642.0
1.0,3876.0,1956.0,1929.0,1902.0,1965.0,655.0,655.0,655.0,643.0,643.0,643.0,652.0,652.0,652.0,1292.0,1292.0,1292.0,655.0,655.0,655.0,643.0,643.0,643.0
1.0,3822.0,1962.0,1929.0,1965.0,1962.0,654.0,654.0,654.0,643.0,643.0,643.0,654.0,654.0,654.0,1274.0,1274.0,1274.0,654.0,654.0,654.0,643.0,643.0,643.0
1.0,3825.0,2010.0,1932.0,1962.0,2019.0,673.0,673.0,673.0,644.0,644.0,644.0,670.0,670.0,670.0,1275.0,1275.0,1275.0,673.0,673.0,673.0,644.0,644.0,644.0
1.0,3777.0,1926.0,1932.0,2019.0,1926.0,642.0,642.0,642.0,644.0,644.0,644.0,642.0,642.0,642.0,1259.0,1259.0,1259.0,642.0,642.0,642.0,644.0,644.0,644.0
1.0,3870.0,1971.0,1932.0,1926.0,1971.0,657.0,657.0,657.0,644.0,644.0,644.0,657.0,657.0,657.0,1290.0,1290.0,1290.0,657.0,657.0,657.0,644.0,644.0,644.0
1.0,3825.0,1860.0,1932.0,1971.0,1860.0,620.0,620.0,620.0,644.0,644.0,644.0,620.0,620.0,620.0,1275.0,1275.0,1275.0,620.0,620.0,620.0,644.0,644.0,644.0
1.0,3936.0,1947.0,1932.0,1860.0,1947.0,649.0,649.0,649.0,644.0,644.0,644.0,649.0,649.0,649.0,1312.0,1312.0,1312.0,649.0,649.0,649.0,644.0,644.0,644.0
1.0,3849.0,1926.0,1932.0,1947.0,1926.0,642.0,642.0,642.0,644.0,644.0,644.0,642.0,642.0,642.0,1283.0,1283.0,1283.0,642.0,642.0,642.0,644.0,644.0,644.0
1.0,3870.0,1995.0,1935.0,1926.0,2004.0,668.0,668.0,668.0,645.0,645.0,645.0,665.0,665.0,665.0,1290.0,1290.0,1290.0,668.0,668.0,668.0,645.0,645.0,645.0
1.0,3801.0,1992.0,1938.0,2004.0,2001.0,667.0,667.0,667.0,646.0,646.0,646.0,664.0,664.0,664.0,1267.0,1267.0,1267.0,667.0,667.0,667.0,646.0,646.0,646.0
1.0,3813.0,1959.0,1938.0,2001.0,1959.0,653.0,653.0,653.0,646.0,646.0,646.0,653.0,653.0,653.0,1271.0,1271.0,1271.0,653.0,653.0,653.0,646.0,646.0,646.0
1.0,3855.0,1923.0,1938.0,1959.0,1923.0,641.0,641.0,641.0,646.0,646.0,646.0,641.0,641.0,641.0,1285.0,1285.0,1285.0,641.0,641.0,641.0,646.0,646.0,646.0
1.0,3891.0,1935.0,1938.0,1923.0,1935.0,645.0,645.0,645.0,646.0,646.0,646.0,645.0,645.0,645.0,1297.0,1297.0,1297.0,645.0,645.0,645.0,646.0,646.0,646.0
1.0,3879.0,1905.0,1935.0,1935.0,1896.0,632.0,632.0,632.0,645.0,645.0,645.0,635.0,635.0,635.0,1293.0,1293.0,1293.0,632.0,632.0,632.0,645.0,645.0,645.0
1.0,3909.0,2004.0,1938.0,1896.0,2013.0,671.0,671.0,671.0,646.0,646.0,646.0,668.0,668.0,668.0,1303.0,1303.0,1303.0,671.0,671.0,671.0,646.0,646.0,646.0
1.0,3801.0,2001.0,1941.0,2013.0,2010.0,670.0,670.0,670.0,647.0,647.0,647.0,667.0,667.0,667.0,1267.0,1267.0,1267.0,670.0,670.0,670.0,647.0,647.0,647.0
1.0,3813.0,1995.0,1944.0,2010.0,2004.0,668.0,668.0,668.0,648.0,648.0,648.0,665.0,665.0,665.0,1271.0,1271.0,1271.0,668.0,668.0,668.0,648.0,648.0,648.0
1.0,3828.0,2049.0,1944.0,2004.0,2049.0,683.0,683.0,683.0,648.0,648.0,648.0,683.0,683.0,683.0,1276.0,1276.0,1276.0,683.0,683.0,683.0,648.0,648.0,648.0
1.0,3783.0,1959.0,1944.0,2049.0,1959.0,653.0,653.0,653.0,648.0,648.0,648.0,653.0,653.0,653.0,1261.0,1261.0,1261.0,653.0,653.0,653.0,648.0,648.0,648.0
1.0,3873.0,1932.0,1944.0,1959.0,1932.0,644.0,644.0,644.0,648.0,648.0,648.0,644.0,644.0,644.0,1291.0,1291.0,1291.0,644.0,644.0,644.0,648.0,648.0,648.0
1.0,3900.0,1953.0,1944.0,1932.0,1953.0,651.0,651.0,651.0,648.0,648.0,648.0,651.0,651.0,651.0,1300.0,1300.0,1300.0,651.0,651.0,651.0,648.0,648.0,648.0
1.0,3879.0,1917.0,1944.0,1953.0,1917.0,639.0,639.0,639.0,648.0,648.0,648.0,639.0,639.0,639.0,1293.0,1293.0,1293.0,639.0,639.0,639.0,648.0,648.0,648.0
1.0,3915.0,1998.0,1947.0,1917.0,2007.0,669.0,669.0,669.0,649.0,649.0,649.0,666.0,666.0,666.0,1305.0,1305.0,1305.0,669.0,669.0,669.0,649.0,649.0,649.0
1.0,3834.0,2007.0,1950.0,2007.0,2016.0,672.0,672.0,672.0,650.0,650.0,650.0,669.0,669.0,669.0,1278.0,1278.0,1278.0,672.0,672.0,672.0,650.0,650.0,650.0
1.0,3834.0,2016.0,1953.0,2016.0,2025.0,675.0,675.0,675.0,651.0,651.0,651.0,672.0,672.0,672.0,1278.0,1278.0,1278.0,675.0,675.0,675.0,651.0,651.0,651.0
1.0,3834.0,1944.0,1953.0,2025.0,1944.0,648.0,648.0,648.0,651.0,651.0,651.0,648.0,648.0,648.0,1278.0,1278.0,1278.0,648.0,648.0,648.0,651.0,651.0,651.0
1.0,3915.0,1899.0,1953.0,1944.0,1899.0,633.0,633.0,633.0,651.0,651.0,651.0,633.0,633.0,633.0,1305.0,1305.0,1305.0,633.0,633.0,633.0,651.0,651.0,651.0
1.0,3960.0,1938.0,1950.0,1899.0,1929.0,643.0,643.0,643.0,650.0,650.0,650.0,646.0,646.0,646.0,1320.0,1320.0,1320.0,643.0,643.0,643.0,650.0,650.0,650.0
1.0,3921.0,1947.0,1953.0,1929.0,1956.0,652.0,652.0,652.0,651.0,651.0,651.0,649.0,649.0,649.0,1307.0,1307.0,1307.0,652.0,652.0,652.0,651.0,651.0,651.0
1.0,3903.0,1983.0,1953.0,1956.0,1983.0,661.0,661.0,661.0,651.0,651.0,651.0,661.0,661.0,661.0,1301.0,1301.0,1301.0,661.0,661.0,661.0,651.0,651.0,651.0
1.0,3876.0,1971.0,1956.0,1983.0,1980.0,660.0,660.0,660.0,652.0,652.0,652.0,657.0,657.0,657.0,1292.0,1292.0,1292.0,660.0,660.0,660.0,652.0,652.0,652.0
1.0,3888.0,1953.0,1956.0,1980.0,1953.0,651.0,651.0,651.0,652.0,652.0,652.0,651.0,651.0,651.0,1296.0,1296.0,1296.0,651.0,651.0,651.0,652.0,652.0,652.0
1.0,3915.0,1968.0,1953.0,1953.0,1959.0,653.0,653.0,653.0,651.0,651.0,651.0,656.0,656.0,656.0,1305.0,1305.0,1305.0,653.0,653.0,653.0,651.0,651.0,651.0
1.0,3900.0,1941.0,1953.0,1959.0,1941.0,647.0,647.0,647.0,651.0,651.0,651.0,647.0,647.0,647.0,1300.0,1300.0,1300.0,647.0,647.0,647.0,651.0,651.0,651.0
1.0,3918.0,1911.0,1953.0,1941.0,1911.0,637.0,637.0,637.0,651.0,651.0,651.0,637.0,637.0,637.0,1306.0,1306.0,1306.0,637.0,637.0,637.0,651.0,651.0,651.0
1.0,3948.0,1935.0,1953.0,1911.0,1935.0,645.0,645.0,645.0,651.0,651.0,651.0,645.0,645.0,645.0,1316.0,1316.0,1316.0,645.0,645.0,645.0,651.0,651.0,651.0
1.0,3924.0,2037.0,1956.0,1935.0,2046.0,682.0,682.0,682.0,652.0,652.0,652.0,679.0,679.0,679.0,1308.0,1308.0,1308.0,682.0,682.0,682.0,652.0,652.0,652.0
1.0,3822.0,2007.0,1959.0,2046.0,2016.0,672.0,672.0,672.0,653.0,653.0,653.0,669.0,669.0,669.0,1274.0,1274.0,1274.0,672.0,672.0,672.0,653.0,653.0,653.0
1.0,3861.0,2037.0,1959.0,2016.0,2037.0,679.0,679.0,679.0,653.0,653.0,653.0,679.0,679.0,679.0,1287.0,1287.0,1287.0,679.0,679.0,679.0,653.0,653.0,653.0
1.0,3840.0,1926.0,1959.0,2037.0,1926.0,642.0,642.0,642.0,653.0,653.0,653.0,642.0,642.0,642.0,1280.0,1280.0,1280.0,642.0,642.0,642.0,653.0,653.0,653.0
1.0,3951.0,1917.0,1956.0,1926.0,1908.0,636.0,636.0,636.0,652.0,652.0,652.0,639.0,639.0,639.0,1317.0,1317.0,1317.0,636.0,636.0,636.0,652.0,652.0,652.0
1.0,3960.0,1902.0,1956.0,1908.0,1902.0,634.0,634.0,634.0,652.0,652.0,652.0,634.0,634.0,634.0,1320.0,1320.0,1320.0,634.0,634.0,634.0,652.0,652.0,652.0
1.0,3966.0,1938.0,1956.0,1902.0,1938.0,646.0,646.0,646.0,652.0,652.0,652.0,646.0,646.0,646.0,1322.0,1322.0,1322.0,646.0,646.0,646.0,652.0,652.0,652.0
1.0,3930.0,2016.0,1959.0,1938.0,2025.0,675.0,675.0,675.0,653.0,653.0,653.0,672.0,672.0,672.0,1310.0,1310.0,1310.0,675.0,675.0,675.0,653.0,653.0,653.0
1.0,3852.0,2019.0,1959.0,2025.0,2019.0,673.0,673.0,673.0,653.0,653.0,653.0,673.0,673.0,673.0,1284.0,1284.0,1284.0,673.0,673.0,673.0,653.0,653.0,653.0
1.0,3858.0,1986.0,1959.0,2019.0,1986.0,662.0,662.0,662.0,653.0,653.0,653.0,662.0,662.0,662.0,1286.0,1286.0,1286.0,662.0,662.0,662.0,653.0,653.0,653.0
1.0,3891.0,1956.0,1959.0,1986.0,1956.0,652.0,652.0,652.0,653.0,653.0,653.0,652.0,652.0,652.0,1297.0,1297.0,1297.0,652.0,652.0,652.0,653.0,653.0,653.0
1.0,3921.0,1929.0,1959.0,1956.0,1929.0,643.0,643.0,643.0,653.0,653.0,653.0,643.0,643.0,643.0,1307.0,1307.0,1307.0,643.0,643.0,643.0,653.0,653.0,653.0
1.0,3948.0,1947.0,1959.0,1929.0,1947.0,649.0,649.0,649.0,653.0,653.0,653.0,649.0,649.0,649.0,1316.0,1316.0,1316.0,649.0,649.0,649.0,653.0,653.0,653.0
1.0,3930.0,1956.0,1959.0,1947.0,1956.0,652.0,652.0,652.0,653.0,653.0,653.0,652.0,652.0,652.0,1310.0,1310.0,1310.0,652.0,652.0,652.0,653.0,653.0,653.0
1.0,3921.0,2016.0,1962.0,1956.0,2025.0,675.0,675.0,675.0,654.0,654.0,654.0,672.0,672.0,672.0,1307.0,1307.0,1307.0,675.0,675.0,675.0,654.0,654.0,654.0
1.0,3861.0,2031.0,1965.0,2025.0,2040.0,680.0,680.0,680.0,655.0,655.0,655.0,677.0,677.0,677.0,1287.0,1287.0,1287.0,680.0,680.0,680.0,655.0,655.0,655.0
1.0,3855.0,1980.0,1965.0,2040.0,1980.0,660.0,660.0,660.0,655.0,655.0,655.0,660.0,660.0,660.0,1285.0,1285.0,1285.0,660.0,660.0,660.0,655.0,655.0,655.0
1.0,3915.0,1932.0,1962.0,1980.0,1923.0,641.0,641.0,641.0,654.0,654.0,654.0,644.0,644.0,644.0,1305.0,1305.0,1305.0,641.0,641.0,641.0,654.0,654.0,654.0
1.0,3963.0,1968.0,1962.0,1923.0,1968.0,656.0,656.0,656.0,654.0,654.0,654.0,656.0,656.0,656.0,1321.0,1321.0,1321.0,656.0,656.0,656.0,654.0,654.0,654.0
1.0,3918.0,1929.0,1962.0,1968.0,1929.0,643.0,643.0,643.0,654.0,654.0,654.0,643.0,643.0,643.0,1306.0,1306.0,1306.0,643.0,643.0,643.0,654.0,654.0,654.0
1.0,3957.0,2007.0,1962.0,1929.0,2007.0,669.0,669.0,669.0,654.0,654.0,654.0,669.0,669.0,669.0,1319.0,1319.0,1319.0,669.0,669.0,669.0,654.0,654.0,654.0
1.0,3879.0,2013.0,1965.0,2007.0,2022.0,674.0,674.0,674.0,655.0,655.0,655.0,671.0,671.0,671.0,1293.0,1293.0,1293.0,674.0,674.0,674.0,655.0,655.0,655.0
1.0,3873.0,2058.0,1968.0,2022.0,2067.0,689.0,689.0,689.0,656.0,656.0,656.0,686.0,686.0,686.0,1291.0,1291.0,1291.0,689.0,689.0,689.0,656.0,656.0,656.0
1.0,3837.0,1977.0,1968.0,2067.0,1977.0,659.0,659.0,659.0,656.0,656.0,656.0,659.0,659.0,659.0,1279.0,1279.0,1279.0,659.0,659.0,659.0,656.0,656.0,656.0
1.0,3927.0,1911.0,1968.0,1977.0,1911.0,637.0,637.0,637.0,656.0,656.0,656.0,637.0,637.0,637.0,1309.0,1309.0,1309.0,637.0,637.0,637.0,656.0,656.0,656.0
1.0,3993.0,1920.0,1968.0,1911.0,1920.0,640.0,640.0,640.0,656.0,656.0,656.0,640.0,640.0,640.0,1331.0,1331.0,1331.0,640.0,640.0,640.0,656.0,656.0,656.0
1.0,3984.0,1935.0,1965.0,1920.0,1926.0,642.0,642.0,642.0,655.0,655.0,655.0,645.0,645.0,645.0,1328.0,1328.0,1328.0,642.0,642.0,642.0,655.0,655.0,655.0
1.0,3969.0,1971.0,1968.0,1926.0,1980.0,660.0,660.0,660.0,656.0,656.0,656.0,657.0,657.0,657.0,1323.0,1323.0,1323.0,660.0,660.0,660.0,656.0,656.0,656.0
1.0,3924.0,2034.0,1968.0,1980.0,2034.0,678.0,678.0,678.0,656.0,656.0,656.0,678.0,678.0,678.0,1308.0,1308.0,1308.0,678.0,678.0,678.0,656.0,656.0,656.0
1.0,3870.0,2052.0,1971.0,2034.0,2061.0,687.0,687.0,687.0,657.0,657.0,657.0,684.0,684.0,684.0,1290.0,1290.0,1290.0,687.0,687.0,687.0,657.0,657.0,657.0
1.0,3852.0,1977.0,1971.0,2061.0,1977.0,659.0,659.0,659.0,657.0,657.0,657.0,659.0,659.0,659.0,1284.0,1284.0,1284.0,659.0,659.0,659.0,657.0,657.0,657.0
1.0,3936.0,1980.0,1971.0,1977.0,1980.0,660.0,660.0,660.0,657.0,657.0,657.0,660.0,660.0,660.0,1312.0,1312.0,1312.0,660.0,660.0,660.0,657.0,657.0,657.0
1.0,3933.0,1896.0,1968.0,1980.0,1887.0,629.0,629.0,629.0,656.0,656.0,656.0,632.0,632.0,632.0,1311.0,1311.0,1311.0,629.0,629.0,629.0,656.0,656.0,656.0
1.0,4017.0,1932.0,1968.0,1887.0,1932.0,644.0,644.0,644.0,656.0,656.0,656.0,644.0,644.0,644.0,1339.0,1339.0,1339.0,644.0,644.0,644.0,656.0,656.0,656.0
1.0,3972.0,2007.0,1968.0,1932.0,2007.0,669.0,669.0,669.0,656.0,656.0,656.0,669.0,669.0,669.0,1324.0,1324.0,1324.0,669.0,669.0,669.0,656.0,656.0,656.0
1.0,3897.0,2031.0,1968.0,2007.0,2031.0,677.0,677.0,677.0,656.0,656.0,656.0,677.0,677.0,677.0,1299.0,1299.0,1299.0,677.0,677.0,677.0,656.0,656.0,656.0
1.0,3873.0,2046.0,1971.0,2031.0,2055.0,685.0,685.0,685.0,657.0,657.0,657.0,682.0,682.0,682.0,1291.0,1291.0,1291.0,685.0,685.0,685.0,657.0,657.0,657.0
1.0,3858.0,2025.0,1974.0,2055.0,2034.0,678.0,678.0,678.0,658.0,658.0,658.0,675.0,675.0,675.0,1286.0,1286.0,1286.0,678.0,678.0,678.0,658.0,658.0,658.0
1.0,3888.0,1956.0,1974.0,2034.0,1956.0,652.0,652.0,652.0,658.0,658.0,658.0,652.0,652.0,652.0,1296.0,1296.0,1296.0,652.0,652.0,652.0,658.0,658.0,658.0
1.0,3966.0,1917.0,1971.0,1956.0,1908.0,636.0,636.0,636.0,657.0,657.0,657.0,639.0,639.0,639.0,1322.0,1322.0,1322.0,636.0,636.0,636.0,657.0,657.0,657.0
1.0,4005.0,1965.0,1971.0,1908.0,1965.0,655.0,655.0,655.0,657.0,657.0,657.0,655.0,655.0,655.0,1335.0,1335.0,1335.0,655.0,655.0,655.0,657.0,657.0,657.0
1.0,3948.0,1989.0,1971.0,1965.0,1989.0,663.0,663.0,663.0,657.0,657.0,657.0,663.0,663.0,663.0,1316.0,1316.0,1316.0,663.0,663.0,663.0,657.0,657.0,657.0
1.0,3924.0,2046.0,1974.0,1989.0,2055.0,685.0,685.0,685.0,658.0,658.0,658.0,682.0,682.0,682.0,1308.0,1308.0,1308.0,685.0,685.0,685.0,658.0,658.0,658.0
1.0,3867.0,2061.0,1977.0,2055.0,2070.0,690.0,690.0,690.0,659.0,659.0,659.0,687.0,687.0,687.0,1289.0,1289.0,1289.0,690.0,690.0,690.0,659.0,659.0,659.0
1.0,3861.0,2001.0,1977.0,2070.0,2001.0,667.0,667.0,667.0,659.0,659.0,659.0,667.0,667.0,667.0,1287.0,1287.0,1287.0,667.0,667.0,667.0,659.0,659.0,659.0
1.0,3930.0,2001.0,1977.0,2001.0,2001.0,667.0,667.0,667.0,659.0,659.0,659.0,667.0,667.0,667.0,1310.0,1310.0,1310.0,667.0,667.0,667.0,659.0,659.0,659.0
1.0,3930.0,1908.0,1977.0,2001.0,1908.0,636.0,636.0,636.0,659.0,659.0,659.0,636.0,636.0,636.0,1310.0,1310.0,1310.0,636.0,636.0,636.0,659.0,659.0,659.0
1.0,4023.0,1941.0,1977.0,1908.0,1941.0,647.0,647.0,647.0,659.0,659.0,659.0,647.0,647.0,647.0,1341.0,1341.0,1341.0,647.0,647.0,647.0,659.0,659.0,659.0
1.0,3990.0,1962.0,1977.0,1941.0,1962.0,654.0,654.0,654.0,659.0,659.0,659.0,654.0,654.0,654.0,1330.0,1330.0,1330.0,654.0,654.0,654.0,659.0,659.0,659.0
1.0,3969.0,2079.0,1977.0,1962.0,2079.0,693.0,693.0,693.0,659.0,659.0,659.0,693.0,693.0,693.0,1323.0,1323.0,1323.0,693.0,693.0,693.0,659.0,659.0,659.0
1.0,3852.0,2049.0,1980.0,2079.0,2058.0,686.0,686.0,686.0,660.0,660.0,660.0,683.0,683.0,683.0,1284.0,1284.0,1284.0,686.0,686.0,686.0,660.0,660.0,660.0
1.0,3882.0,2064.0,1983.0,2058.0,2073.0,691.0,691.0,691.0,661.0,661.0,661.0,688.0,688.0,688.0,1294.0,1294.0,1294.0,691.0,691.0,691.0,661.0,661.0,661.0
1.0,3876.0,1983.0,1983.0,2073.0,1983.0,661.0,661.0,661.0,661.0,661.0,661.0,661.0,661.0,661.0,1292.0,1292.0,1292.0,661.0,661.0,661.0,661.0,661.0,661.0
1.0,3966.0,1947.0,1980.0,1983.0,1938.0,646.0,646.0,646.0,660.0,660.0,660.0,649.0,649.0,649.0,1322.0,1322.0,1322.0,646.0,646.0,646.0,660.0,660.0,660.0
1.0,4002.0,1983.0,1980.0,1938.0,1983.0,661.0,661.0,661.0,660.0,660.0,660.0,661.0,661.0,661.0,1334.0,1334.0,1334.0,661.0,661.0,661.0,660.0,660.0,660.0
1.0,3957.0,1989.0,1980.0,1983.0,1989.0,663.0,663.0,663.0,660.0,660.0,660.0,663.0,663.0,663.0,1319.0,1319.0,1319.0,663.0,663.0,663.0,660.0,660.0,660.0
1.0,3951.0,2079.0,1986.0,1989.0,2097.0,699.0,699.0,699.0,662.0,662.0,662.0,693.0,693.0,693.0,1317.0,1317.0,1317.0,699.0,699.0,699.0,662.0,662.0,662.0
1.0,3861.0,2049.0,1986.0,2097.0,2049.0,683.0,683.0,683.0,662.0,662.0,662.0,683.0,683.0,683.0,1287.0,1287.0,1287.0,683.0,683.0,683.0,662.0,662.0,662.0
1.0,3909.0,2064.0,1989.0,2049.0,2073.0,691.0,691.0,691.0,663.0,663.0,663.0,688.0,688.0,688.0,1303.0,1303.0,1303.0,691.0,691.0,691.0,663.0,663.0,663.0
1.0,3894.0,2019.0,1989.0,2073.0,2019.0,673.0,673.0,673.0,663.0,663.0,663.0,673.0,673.0,673.0,1298.0,1298.0,1298.0,673.0,673.0,673.0,663.0,663.0,663.0
1.0,3948.0,1956.0,1989.0,2019.0,1956.0,652.0,652.0,652.0,663.0,663.0,663.0,652.0,652.0,652.0,1316.0,1316.0,1316.0,652.0,652.0,652.0,663.0,663.0,663.0
1.0,4011.0,1920.0,1986.0,1956.0,1911.0,637.0,637.0,637.0,662.0,662.0,662.0,640.0,640.0,640.0,1337.0,1337.0,1337.0,637.0,637.0,637.0,662.0,662.0,662.0
1.0,4047.0,2007.0,1989.0,1911.0,2016.0,672.0,672.0,672.0,663.0,663.0,663.0,669.0,669.0,669.0,1349.0,1349.0,1349.0,672.0,672.0,672.0,663.0,663.0,663.0
1.0,3951.0,2061.0,1992.0,2016.0,2070.0,690.0,690.0,690.0,664.0,664.0,664.0,687.0,687.0,687.0,1317.0,1317.0,1317.0,690.0,690.0,690.0,664.0,664.0,664.0
1.0,3906.0,2067.0,1992.0,2070.0,2067.0,689.0,689.0,689.0,664.0,664.0,664.0,689.0,689.0,689.0,1302.0,1302.0,1302.0,689.0,689.0,689.0,664.0,664.0,664.0
1.0,3909.0,2043.0,1995.0,2067.0,2052.0,684.0,684.0,684.0,665.0,665.0,665.0,681.0,681.0,681.0,1303.0,1303.0,1303.0,684.0,684.0,684.0,665.0,665.0,665.0
1.0,3933.0,1953.0,1995.0,2052.0,1953.0,651.0,651.0,651.0,665.0,665.0,665.0,651.0,651.0,651.0,1311.0,1311.0,1311.0,651.0,651.0,651.0,665.0,665.0,665.0
1.0,4032.0,1947.0,1992.0,1953.0,1938.0,646.0,646.0,646.0,664.0,664.0,664.0,649.0,649.0,649.0,1344.0,1344.0,1344.0,646.0,646.0,646.0,664.0,664.0,664.0
1.0,4038.0,1986.0,1992.0,1938.0,1986.0,662.0,662.0,662.0,664.0,664.0,664.0,662.0,662.0,662.0,1346.0,1346.0,1346.0,662.0,662.0,662.0,664.0,664.0,664.0
1.0,3990.0,2025.0,1995.0,1986.0,2034.0,678.0,678.0,678.0,665.0,665.0,665.0,675.0,675.0,675.0,1330.0,1330.0,1330.0,678.0,678.0,678.0,665.0,665.0,665.0
1.0,3951.0,2052.0,1995.0,2034.0,2052.0,684.0,684.0,684.0,665.0,665.0,665.0,684.0,684.0,684.0,1317.0,1317.0,1317.0,684.0,684.0,684.0,665.0,665.0,665.0
1.0,3933.0,2082.0,1998.0,2052.0,2091.0,697.0,697.0,697.0,666.0,666.0,666.0,694.0,694.0,694.0,1311.0,1311.0,1311.0,697.0,697.0,697.0,666.0,666.0,666.0
1.0,3903.0,1992.0,1998.0,2091.0,1992.0,664.0,664.0,664.0,666.0,666.0,666.0,664.0,664.0,664.0,1301.0,1301.0,1301.0,664.0,664.0,664.0,666.0,666.0,666.0
1.0,4002.0,2007.0,1998.0,1992.0,2007.0,669.0,669.0,669.0,666.0,666.0,666.0,669.0,669.0,669.0,1334.0,1334.0,1334.0,669.0,669.0,669.0,666.0,666.0,666.0
1.0,3987.0,1941.0,1995.0,2007.0,1932.0,644.0,644.0,644.0,665.0,665.0,665.0,647.0,647.0,647.0,1329.0,1329.0,1329.0,644.0,644.0,644.0,665.0,665.0,665.0
1.0,4053.0,1995.0,1995.0,1932.0,1995.0,665.0,665.0,665.0,665.0,665.0,665.0,665.0,665.0,665.0,1351.0,1351.0,1351.0,665.0,665.0,665.0,665.0,665.0,665.0
1.0,3990.0,2001.0,1998.0,1995.0,2010.0,670.0,670.0,670.0,666.0,666.0,666.0,667.0,667.0,667.0,1330.0,1330.0,1330.0,670.0,670.0,670.0,666.0,666.0,666.0
1.0,3984.0,2016.0,2001.0,2010.0,2025.0,675.0,675.0,675.0,667.0,667.0,667.0,672.0,672.0,672.0,1328.0,1328.0,1328.0,675.0,675.0,675.0,667.0,667.0,667.0
1.0,3978.0,2055.0,2001.0,2025.0,2055.0,685.0,685.0,685.0,667.0,667.0,667.0,685.0,685.0,685.0,1326.0,1326.0,1326.0,685.0,685.0,685.0,667.0,667.0,667.0
1.0,3948.0,2013.0,2004.0,2055.0,2022.0,674.0,674.0,674.0,668.0,668.0,668.0,671.0,671.0,671.0,1316.0,1316.0,1316.0,674.0,674.0,674.0,668.0,668.0,668.0
1.0,3990.0,1992.0,2001.0,2022.0,1983.0,661.0,661.0,661.0,667.0,667.0,667.0,664.0,664.0,664.0,1330.0,1330.0,1330.0,661.0,661.0,661.0,667.0,667.0,667.0
1.0,4020.0,1908.0,1998.0,1983.0,1899.0,633.0,633.0,633.0,666.0,666.0,666.0,636.0,636.0,636.0,1340.0,1340.0,1340.0,633.0,633.0,633.0,666.0,666.0,666.0
1.0,4095.0,1977.0,1998.0,1899.0,1977.0,659.0,659.0,659.0,666.0,666.0,666.0,659.0,659.0,659.0,1365.0,1365.0,1365.0,659.0,659.0,659.0,666.0,666.0,666.0
1.0,4017.0,1995.0,2001.0,1977.0,2004.0,668.0,668.0,668.0,667.0,667.0,667.0,665.0,665.0,665.0,1339.0,1339.0,1339.0,668.0,668.0,668.0,667.0,667.0,667.0
1.0,3999.0,2124.0,2004.0,2004.0,2133.0,711.0,711.0,711.0,668.0,668.0,668.0,708.0,708.0,708.0,1333.0,1333.0,1333.0,711.0,711.0,711.0,668.0,668.0,668.0
1.0,3879.0,2082.0,2007.0,2133.0,2091.0,697.0,697.0,697.0,669.0,669.0,669.0,694.0,694.0,694.0,1293.0,1293.0,1293.0,697.0,697.0,697.0,669.0,669.0,669.0
1.0,3930.0,2061.0,2007.0,2091.0,2061.0,687.0,687.0,687.0,669.0,669.0,669.0,687.0,687.0,687.0,1310.0,1310.0,1310.0,687.0,687.0,687.0,669.0,669.0,669.0
1.0,3960.0,1938.0,2007.0,2061.0,1938.0,646.0,646.0,646.0,669.0,669.0,669.0,646.0,646.0,646.0,1320.0,1320.0,1320.0,646.0,646.0,646.0,669.0,669.0,669.0
1.0,4083.0,1974.0,2004.0,1938.0,1965.0,655.0,655.0,655.0,668.0,668.0,668.0,658.0,658.0,658.0,1361.0,1361.0,1361.0,655.0,655.0,655.0,668.0,668.0,668.0
1.0,4047.0,1935.0,2004.0,1965.0,1935.0,645.0,645.0,645.0,668.0,668.0,668.0,645.0,645.0,645.0,1349.0,1349.0,1349.0,645.0,645.0,645.0,668.0,668.0,668.0
1.0,4077.0,2028.0,2004.0,1935.0,2028.0,676.0,676.0,676.0,668.0,668.0,668.0,676.0,676.0,676.0,1359.0,1359.0,1359.0,676.0,676.0,676.0,668.0,668.0,668.0
1.0,3984.0,2097.0,2007.0,2028.0,2106.0,702.0,702.0,702.0,669.0,669.0,669.0,699.0,699.0,699.0,1328.0,1328.0,1328.0,702.0,702.0,702.0,669.0,669.0,669.0
1.0,3915.0,2070.0,2010.0,2106.0,2079.0,693.0,693.0,693.0,670.0,670.0,670.0,690.0,690.0,690.0,1305.0,1305.0,1305.0,693.0,693.0,693.0,670.0,670.0,670.0
1.0,3951.0,2049.0,2010.0,2079.0,2049.0,683.0,683.0,683.0,670.0,670.0,670.0,683.0,683.0,683.0,1317.0,1317.0,1317.0,683.0,683.0,683.0,670.0,670.0,670.0
1.0,3981.0,2013.0,2010.0,2049.0,2013.0,671.0,671.0,671.0,670.0,670.0,670.0,671.0,671.0,671.0,1327.0,1327.0,1327.0,671.0,671.0,671.0,670.0,670.0,670.0
1.0,4017.0,2007.0,2010.0,2013.0,2007.0,669.0,669.0,669.0,670.0,670.0,670.0,669.0,669.0,669.0,1339.0,1339.0,1339.0,669.0,669.0,669.0,670.0,670.0,670.0
1.0,4023.0,1983.0,2010.0,2007.0,1983.0,661.0,661.0,661.0,670.0,670.0,670.0,661.0,661.0,661.0,1341.0,1341.0,1341.0,661.0,661.0,661.0,670.0,670.0,670.0
1.0,4047.0,2079.0,2010.0,1983.0,2079.0,693.0,693.0,693.0,670.0,670.0,670.0,693.0,693.0,693.0,1349.0,1349.0,1349.0,693.0,693.0,693.0,670.0,670.0,670.0
1.0,3951.0,2055.0,2013.0,2079.0,2064.0,688.0,688.0,688.0,671.0,671.0,671.0,685.0,685.0,685.0,1317.0,1317.0,1317.0,688.0,688.0,688.0,671.0,671.0,671.0
1.0,3975.0,2112.0,2016.0,2064.0,2121.0,707.0,707.0,707.0,672.0,672.0,672.0,704.0,704.0,704.0,1325.0,1325.0,1325.0,707.0,707.0,707.0,672.0,672.0,672.0
1.0,3927.0,2043.0,2019.0,2121.0,2052.0,684.0,684.0,684.0,673.0,673.0,673.0,681.0,681.0,681.0,1309.0,1309.0,1309.0,684.0,684.0,684.0,673.0,673.0,673.0
1.0,4005.0,2004.0,2016.0,2052.0,1995.0,665.0,665.0,665.0,672.0,672.0,672.0,668.0,668.0,668.0,1335.0,1335.0,1335.0,665.0,665.0,665.0,672.0,672.0,672.0
1.0,4053.0,1974.0,2016.0,1995.0,1974.0,658.0,658.0,658.0,672.0,672.0,672.0,658.0,658.0,658.0,1351.0,1351.0,1351.0,658.0,658.0,658.0,672.0,672.0,672.0
1.0,4074.0,1932.0,2013.0,1974.0,1923.0,641.0,641.0,641.0,671.0,671.0,671.0,644.0,644.0,644.0,1358.0,1358.0,1358.0,641.0,641.0,641.0,671.0,671.0,671.0
1.0,4116.0,2013.0,2013.0,1923.0,2013.0,671.0,671.0,671.0,671.0,671.0,671.0,671.0,671.0,671.0,1372.0,1372.0,1372.0,671.0,671.0,671.0,671.0,671.0,671.0
1.0,4026.0,2046.0,2016.0,2013.0,2055.0,685.0,685.0,685.0,672.0,672.0,672.0,682.0,682.0,682.0,1342.0,1342.0,1342.0,685.0,685.0,685.0,672.0,672.0,672.0
1.0,3993.0,2091.0,2016.0,2055.0,2091.0,697.0,697.0,697.0,672.0,672.0,672.0,697.0,697.0,697.0,1331.0,1331.0,1331.0,697.0,697.0,697.0,672.0,672.0,672.0
1.0,3957.0,2016.0,2019.0,2091.0,2025.0,675.0,675.0,675.0,673.0,673.0,673.0,672.0,672.0,672.0,1319.0,1319.0,1319.0,675.0,675.0,675.0,673.0,673.0,673.0
1.0,4032.0,1980.0,2016.0,2025.0,1971.0,657.0,657.0,657.0,672.0,672.0,672.0,660.0,660.0,660.0,1344.0,1344.0,1344.0,657.0,657.0,657.0,672.0,672.0,672.0
1.0,4077.0,1986.0,2016.0,1971.0,1986.0,662.0,662.0,662.0,672.0,672.0,672.0,662.0,662.0,662.0,1359.0,1359.0,1359.0,662.0,662.0,662.0,672.0,672.0,672.0
1.0,4062.0,1959.0,2013.0,1986.0,1950.0,650.0,650.0,650.0,671.0,671.0,671.0,653.0,653.0,653.0,1354.0,1354.0,1354.0,650.0,650.0,650.0,671.0,671.0,671.0
1.0,4089.0,2076.0,2013.0,1950.0,2076.0,692.0,692.0,692.0,671.0,671.0,671.0,692.0,692.0,692.0,1363.0,1363.0,1363.0,692.0,692.0,692.0,671.0,671.0,671.0
1.0,3963.0,2091.0,2016.0,2076.0,2100.0,700.0,700.0,700.0,672.0,672.0,672.0,697.0,697.0,697.0,1321.0,1321.0,1321.0,700.0,700.0,700.0,672.0,672.0,672.0
1.0,3948.0,2112.0,2019.0,2100.0,2121.0,707.0,707.0,707.0,673.0,673.0,673.0,704.0,704.0,704.0,1316.0,1316.0,1316.0,707.0,707.0,707.0,673.0,673.0,673.0
1.0,3936.0,2073.0,2022.0,2121.0,2082.0,694.0,694.0,694.0,674.0,674.0,674.0,691.0,691.0,691.0,1312.0,1312.0,1312.0,694.0,694.0,694.0,674.0,674.0,674.0
1.0,3984.0,1989.0,2019.0,2082.0,1980.0,660.0,660.0,660.0,673.0,673.0,673.0,663.0,663.0,663.0,1328.0,1328.0,1328.0,660.0,660.0,660.0,673.0,673.0,673.0
1.0,4077.0,1935.0,2016.0,1980.0,1926.0,642.0,642.0,642.0,672.0,672.0,672.0,645.0,645.0,645.0,1359.0,1359.0,1359.0,642.0,642.0,642.0,672.0,672.0,672.0
1.0,4122.0,1980.0,2016.0,1926.0,1980.0,660.0,660.0,660.0,672.0,672.0,672.0,660.0,660.0,660.0,1374.0,1374.0,1374.0,660.0,660.0,660.0,672.0,672.0,672.0
1.0,4068.0,2082.0,2019.0,1980.0,2091.0,697.0,697.0,697.0,673.0,673.0,673.0,694.0,694.0,694.0,1356.0,1356.0,1356.0,697.0,697.0,697.0,673.0,673.0,673.0
1.0,3966.0,2100.0,2022.0,2091.0,2109.0,703.0,703.0,703.0,674.0,674.0,674.0,700.0,700.0,700.0,1322.0,1322.0,1322.0,703.0,703.0,703.0,674.0,674.0,674.0
1.0,3957.0,2079.0,2022.0,2109.0,2079.0,693.0,693.0,693.0,674.0,674.0,674.0,693.0,693.0,693.0,1319.0,1319.0,1319.0,693.0,693.0,693.0,674.0,674.0,674.0
1.0,3987.0,2088.0,2025.0,2079.0,2097.0,699.0,699.0,699.0,675.0,675.0,675.0,696.0,696.0,696.0,1329.0,1329.0,1329.0,699.0,699.0,699.0,675.0,675.0,675.0
1.0,3978.0,2028.0,2025.0,2097.0,2028.0,676.0,676.0,676.0,675.0,675.0,675.0,676.0,676.0,676.0,1326.0,1326.0,1326.0,676.0,676.0,676.0,675.0,675.0,675.0
1.0,4047.0,1989.0,2022.0,2028.0,1980.0,660.0,660.0,660.0,674.0,674.0,674.0,663.0,663.0,663.0,1349.0,1349.0,1349.0,660.0,660.0,660.0,674.0,674.0,674.0
1.0,4086.0,2004.0,2022.0,1980.0,2004.0,668.0,668.0,668.0,674.0,674.0,674.0,668.0,668.0,668.0,1362.0,1362.0,1362.0,668.0,668.0,668.0,674.0,674.0,674.0
1.0,4062.0,2049.0,2022.0,2004.0,2049.0,683.0,683.0,683.0,674.0,674.0,674.0,683.0,683.0,683.0,1354.0,1354.0,1354.0,683.0,683.0,683.0,674.0,674.0,674.0
1.0,4017.0,2091.0,2025.0,2049.0,2100.0,700.0,700.0,700.0,675.0,675.0,675.0,697.0,697.0,697.0,1339.0,1339.0,1339.0,700.0,700.0,700.0,675.0,675.0,675.0
1.0,3975.0,2094.0,2028.0,2100.0,2103.0,701.0,701.0,701.0,676.0,676.0,676.0,698.0,698.0,698.0,1325.0,1325.0,1325.0,701.0,701.0,701.0,676.0,676.0,676.0
1.0,3981.0,2082.0,2031.0,2103.0,2091.0,697.0,697.0,697.0,677.0,677.0,677.0,694.0,694.0,694.0,1327.0,1327.0,1327.0,697.0,697.0,697.0,677.0,677.0,677.0
1.0,4002.0,2037.0,2031.0,2091.0,2037.0,679.0,679.0,679.0,677.0,677.0,677.0,679.0,679.0,679.0,1334.0,1334.0,1334.0,679.0,679.0,679.0,677.0,677.0,677.0
1.0,4056.0,1998.0,2028.0,2037.0,1989.0,663.0,663.0,663.0,676.0,676.0,676.0,666.0,666.0,666.0,1352.0,1352.0,1352.0,663.0,663.0,663.0,676.0,676.0,676.0
1.0,4095.0,2007.0,2028.0,1989.0,2007.0,669.0,669.0,669.0,676.0,676.0,676.0,669.0,669.0,669.0,1365.0,1365.0,1365.0,669.0,669.0,669.0,676.0,676.0,676.0
1.0,4077.0,2070.0,2031.0,2007.0,2079.0,693.0,693.0,693.0,677.0,677.0,677.0,690.0,690.0,690.0,1359.0,1359.0,1359.0,693.0,693.0,693.0,677.0,677.0,677.0
1.0,4014.0,2082.0,2034.0,2079.0,2091.0,697.0,697.0,697.0,678.0,678.0,678.0,694.0,694.0,694.0,1338.0,1338.0,1338.0,697.0,697.0,697.0,678.0,678.0,678.0
1.0,4011.0,2106.0,2037.0,2091.0,2115.0,705.0,705.0,705.0,679.0,679.0,679.0,702.0,702.0,702.0,1337.0,1337.0,1337.0,705.0,705.0,705.0,679.0,679.0,679.0
1.0,3996.0,2091.0,2037.0,2115.0,2091.0,697.0,697.0,697.0,679.0,679.0,679.0,697.0,697.0,697.0,1332.0,1332.0,1332.0,697.0,697.0,697.0,679.0,679.0,679.0
1.0,4020.0,2097.0,2037.0,2091.0,2097.0,699.0,699.0,699.0,679.0,679.0,679.0,699.0,699.0,699.0,1340.0,1340.0,1340.0,699.0,699.0,699.0,679.0,679.0,679.0
1.0,4014.0,1998.0,2037.0,2097.0,1998.0,666.0,666.0,666.0,679.0,679.0,679.0,666.0,666.0,666.0,1338.0,1338.0,1338.0,666.0,666.0,666.0,679.0,679.0,679.0
1.0,4113.0,1962.0,2034.0,1998.0,1953.0,651.0,651.0,651.0,678.0,678.0,678.0,654.0,654.0,654.0,1371.0,1371.0,1371.0,651.0,651.0,651.0,678.0,678.0,678.0
1.0,4149.0,2034.0,2037.0,1953.0,2043.0,681.0,681.0,681.0,679.0,679.0,679.0,678.0,678.0,678.0,1383.0,1383.0,1383.0,681.0,681.0,681.0,679.0,679.0,679.0
1.0,4068.0,2139.0,2040.0,2043.0,2148.0,716.0,716.0,716.0,680.0,680.0,680.0,713.0,713.0,713.0,1356.0,1356.0,1356.0,716.0,716.0,716.0,680.0,680.0,680.0
1.0,3972.0,2088.0,2043.0,2148.0,2097.0,699.0,699.0,699.0,681.0,681.0,681.0,696.0,696.0,696.0,1324.0,1324.0,1324.0,699.0,699.0,699.0,681.0,681.0,681.0
1.0,4032.0,2049.0,2043.0,2097.0,2049.0,683.0,683.0,683.0,681.0,681.0,681.0,683.0,683.0,683.0,1344.0,1344.0,1344.0,683.0,683.0,683.0,681.0,681.0,681.0
1.0,4080.0,2019.0,2040.0,2049.0,2010.0,670.0,670.0,670.0,680.0,680.0,680.0,673.0,673.0,673.0,1360.0,1360.0,1360.0,670.0,670.0,670.0,680.0,680.0,680.0
1.0,4110.0,1977.0,2040.0,2010.0,1977.0,659.0,659.0,659.0,680.0,680.0,680.0,659.0,659.0,659.0,1370.0,1370.0,1370.0,659.0,659.0,659.0,680.0,680.0,680.0
1.0,4143.0,1992.0,2037.0,1977.0,1983.0,661.0,661.0,661.0,679.0,679.0,679.0,664.0,664.0,664.0,1381.0,1381.0,1381.0,661.0,661.0,661.0,679.0,679.0,679.0
1.0,4128.0,2001.0,2037.0,1983.0,2001.0,667.0,667.0,667.0,679.0,679.0,679.0,667.0,667.0,667.0,1376.0,1376.0,1376.0,667.0,667.0,667.0,679.0,679.0,679.0
1.0,4110.0,2079.0,2040.0,2001.0,2088.0,696.0,696.0,696.0,680.0,680.0,680.0,693.0,693.0,693.0,1370.0,1370.0,1370.0,696.0,696.0,696.0,680.0,680.0,680.0
1.0,4032.0,2082.0,2040.0,2088.0,2082.0,694.0,694.0,694.0,680.0,680.0,680.0,694.0,694.0,694.0,1344.0,1344.0,1344.0,694.0,694.0,694.0,680.0,680.0,680.0
1.0,4038.0,2115.0,2043.0,2082.0,2124.0,708.0,708.0,708.0,681.0,681.0,681.0,705.0,705.0,705.0,1346.0,1346.0,1346.0,708.0,708.0,708.0,681.0,681.0,681.0
1.0,4005.0,2028.0,2040.0,2124.0,2019.0,673.0,673.0,673.0,680.0,680.0,680.0,676.0,676.0,676.0,1335.0,1335.0,1335.0,673.0,673.0,673.0,680.0,680.0,680.0
1.0,4101.0,2004.0,2040.0,2019.0,2004.0,668.0,668.0,668.0,680.0,680.0,680.0,668.0,668.0,668.0,1367.0,1367.0,1367.0,668.0,668.0,668.0,680.0,680.0,680.0
1.0,4116.0,2025.0,2040.0,2004.0,2025.0,675.0,675.0,675.0,680.0,680.0,680.0,675.0,675.0,675.0,1372.0,1372.0,1372.0,675.0,675.0,675.0,680.0,680.0,680.0
1.0,4095.0,1971.0,2037.0,2025.0,1962.0,654.0,654.0,654.0,679.0,679.0,679.0,657.0,657.0,657.0,1365.0,1365.0,1365.0,654.0,654.0,654.0,679.0,679.0,679.0
1.0,4149.0,2112.0,2040.0,1962.0,2121.0,707.0,707.0,707.0,680.0,680.0,680.0,704.0,704.0,704.0,1383.0,1383.0,1383.0,707.0,707.0,707.0,680.0,680.0,680.0
1.0,3999.0,2103.0,2043.0,2121.0,2112.0,704.0,704.0,704.0,681.0,681.0,681.0,701.0,701.0,701.0,1333.0,1333.0,1333.0,704.0,704.0,704.0,681.0,681.0,681.0
1.0,4017.0,2118.0,2046.0,2112.0,2127.0,709.0,709.0,709.0,682.0,682.0,682.0,706.0,706.0,706.0,1339.0,1339.0,1339.0,709.0,709.0,709.0,682.0,682.0,682.0
1.0,4011.0,2043.0,2046.0,2127.0,2043.0,681.0,681.0,681.0,682.0,682.0,682.0,681.0,681.0,681.0,1337.0,1337.0,1337.0,681.0,681.0,681.0,682.0,682.0,682.0
1.0,4095.0,1986.0,2043.0,2043.0,1977.0,659.0,659.0,659.0,681.0,681.0,681.0,662.0,662.0,662.0,1365.0,1365.0,1365.0,659.0,659.0,659.0,681.0,681.0,681.0
1.0,4152.0,2016.0,2043.0,1977.0,2016.0,672.0,672.0,672.0,681.0,681.0,681.0,672.0,672.0,672.0,1384.0,1384.0,1384.0,672.0,672.0,672.0,681.0,681.0,681.0
1.0,4113.0,2040.0,2046.0,2016.0,2049.0,683.0,683.0,683.0,682.0,682.0,682.0,680.0,680.0,680.0,1371.0,1371.0,1371.0,683.0,683.0,683.0,682.0,682.0,682.0
1.0,4089.0,2082.0,2046.0,2049.0,2082.0,694.0,694.0,694.0,682.0,682.0,682.0,694.0,694.0,694.0,1363.0,1363.0,1363.0,694.0,694.0,694.0,682.0,682.0,682.0
1.0,4056.0,2154.0,2052.0,2082.0,2172.0,724.0,724.0,724.0,684.0,684.0,684.0,718.0,718.0,718.0,1352.0,1352.0,1352.0,724.0,724.0,724.0,684.0,684.0,684.0
1.0,3984.0,2088.0,2052.0,2172.0,2088.0,696.0,696.0,696.0,684.0,684.0,684.0,696.0,696.0,696.0,1328.0,1328.0,1328.0,696.0,696.0,696.0,684.0,684.0,684.0
1.0,4068.0,1998.0,2049.0,2088.0,1989.0,663.0,663.0,663.0,683.0,683.0,683.0,666.0,666.0,666.0,1356.0,1356.0,1356.0,663.0,663.0,663.0,683.0,683.0,683.0
1.0,4158.0,1986.0,2046.0,1989.0,1977.0,659.0,659.0,659.0,682.0,682.0,682.0,662.0,662.0,662.0,1386.0,1386.0,1386.0,659.0,659.0,659.0,682.0,682.0,682.0
1.0,4161.0,2055.0,2046.0,1977.0,2055.0,685.0,685.0,685.0,682.0,682.0,682.0,685.0,685.0,685.0,1387.0,1387.0,1387.0,685.0,685.0,685.0,682.0,682.0,682.0
1.0,4083.0,2055.0,2049.0,2055.0,2064.0,688.0,688.0,688.0,683.0,683.0,683.0,685.0,685.0,685.0,1361.0,1361.0,1361.0,688.0,688.0,688.0,683.0,683.0,683.0
1.0,4083.0,2100.0,2052.0,2064.0,2109.0,703.0,703.0,703.0,684.0,684.0,684.0,700.0,700.0,700.0,1361.0,1361.0,1361.0,703.0,703.0,703.0,684.0,684.0,684.0
1.0,4047.0,2157.0,2055.0,2109.0,2166.0,722.0,722.0,722.0,685.0,685.0,685.0,719.0,719.0,719.0,1349.0,1349.0,1349.0,722.0,722.0,722.0,685.0,685.0,685.0
1.0,3999.0,2118.0,2055.0,2166.0,2118.0,706.0,706.0,706.0,685.0,685.0,685.0,706.0,706.0,706.0,1333.0,1333.0,1333.0,706.0,706.0,706.0,685.0,685.0,685.0
1.0,4047.0,2034.0,2055.0,2118.0,2034.0,678.0,678.0,678.0,685.0,685.0,685.0,678.0,678.0,678.0,1349.0,1349.0,1349.0,678.0,678.0,678.0,685.0,685.0,685.0
1.0,4131.0,2016.0,2052.0,2034.0,2007.0,669.0,669.0,669.0,684.0,684.0,684.0,672.0,672.0,672.0,1377.0,1377.0,1377.0,669.0,669.0,669.0,684.0,684.0,684.0
1.0,4149.0,2007.0,2052.0,2007.0,2007.0,669.0,669.0,669.0,684.0,684.0,684.0,669.0,669.0,669.0,1383.0,1383.0,1383.0,669.0,669.0,669.0,684.0,684.0,684.0
1.0,4149.0,2067.0,2052.0,2007.0,2067.0,689.0,689.0,689.0,684.0,684.0,684.0,689.0,689.0,689.0,1383.0,1383.0,1383.0,689.0,689.0,689.0,684.0,684.0,684.0
1.0,4089.0,2127.0,2055.0,2067.0,2136.0,712.0,712.0,712.0,685.0,685.0,685.0,709.0,709.0,709.0,1363.0,1363.0,1363.0,712.0,712.0,712.0,685.0,685.0,685.0
1.0,4029.0,2145.0,2058.0,2136.0,2154.0,718.0,718.0,718.0,686.0,686.0,686.0,715.0,715.0,715.0,1343.0,1343.0,1343.0,718.0,718.0,718.0,686.0,686.0,686.0
1.0,4020.0,2088.0,2058.0,2154.0,2088.0,696.0,696.0,696.0,686.0,686.0,686.0,696.0,696.0,696.0,1340.0,1340.0,1340.0,696.0,696.0,696.0,686.0,686.0,686.0
1.0,4086.0,2031.0,2058.0,2088.0,2031.0,677.0,677.0,677.0,686.0,686.0,686.0,677.0,677.0,677.0,1362.0,1362.0,1362.0,677.0,677.0,677.0,686.0,686.0,686.0
1.0,4143.0,1959.0,2055.0,2031.0,1950.0,650.0,650.0,650.0,685.0,685.0,685.0,653.0,653.0,653.0,1381.0,1381.0,1381.0,650.0,650.0,650.0,685.0,685.0,685.0
1.0,4215.0,2070.0,2055.0,1950.0,2070.0,690.0,690.0,690.0,685.0,685.0,685.0,690.0,690.0,690.0,1405.0,1405.0,1405.0,690.0,690.0,690.0,685.0,685.0,685.0
1.0,4095.0,2082.0,2055.0,2070.0,2082.0,694.0,694.0,694.0,685.0,685.0,685.0,694.0,694.0,694.0,1365.0,1365.0,1365.0,694.0,694.0,694.0,685.0,685.0,685.0
1.0,4083.0,2106.0,2058.0,2082.0,2115.0,705.0,705.0,705.0,686.0,686.0,686.0,702.0,702.0,702.0,1361.0,1361.0,1361.0,705.0,705.0,705.0,686.0,686.0,686.0
1.0,4059.0,2148.0,2061.0,2115.0,2157.0,719.0,719.0,719.0,687.0,687.0,687.0,716.0,716.0,716.0,1353.0,1353.0,1353.0,719.0,719.0,719.0,687.0,687.0,687.0
1.0,4026.0,2127.0,2061.0,2157.0,2127.0,709.0,709.0,709.0,687.0,687.0,687.0,709.0,709.0,709.0,1342.0,1342.0,1342.0,709.0,709.0,709.0,687.0,687.0,687.0
1.0,4056.0,2118.0,2061.0,2127.0,2118.0,706.0,706.0,706.0,687.0,687.0,687.0,706.0,706.0,706.0,1352.0,1352.0,1352.0,706.0,706.0,706.0,687.0,687.0,687.0
1.0,4065.0,2055.0,2061.0,2118.0,2055.0,685.0,685.0,685.0,687.0,687.0,687.0,685.0,685.0,685.0,1355.0,1355.0,1355.0,685.0,685.0,685.0,687.0,687.0,687.0
1.0,4128.0,2031.0,2058.0,2055.0,2022.0,674.0,674.0,674.0,686.0,686.0,686.0,677.0,677.0,677.0,1376.0,1376.0,1376.0,674.0,674.0,674.0,686.0,686.0,686.0
1.0,4152.0,2094.0,2058.0,2022.0,2094.0,698.0,698.0,698.0,686.0,686.0,686.0,698.0,698.0,698.0,1384.0,1384.0,1384.0,698.0,698.0,698.0,686.0,686.0,686.0
1.0,4080.0,2133.0,2061.0,2094.0,2142.0,714.0,714.0,714.0,687.0,687.0,687.0,711.0,711.0,711.0,1360.0,1360.0,1360.0,714.0,714.0,714.0,687.0,687.0,687.0
1.0,4041.0,2172.0,2067.0,2142.0,2190.0,730.0,730.0,730.0,689.0,689.0,689.0,724.0,724.0,724.0,1347.0,1347.0,1347.0,730.0,730.0,730.0,689.0,689.0,689.0
1.0,4011.0,2082.0,2067.0,2190.0,2082.0,694.0,694.0,694.0,689.0,689.0,689.0,694.0,694.0,694.0,1337.0,1337.0,1337.0,694.0,694.0,694.0,689.0,689.0,689.0
1.0,4119.0,2028.0,2064.0,2082.0,2019.0,673.0,673.0,673.0,688.0,688.0,688.0,676.0,676.0,676.0,1373.0,1373.0,1373.0,673.0,673.0,673.0,688.0,688.0,688.0
1.0,4173.0,2064.0,2064.0,2019.0,2064.0,688.0,688.0,688.0,688.0,688.0,688.0,688.0,688.0,688.0,1391.0,1391.0,1391.0,688.0,688.0,688.0,688.0,688.0,688.0
1.0,4128.0,1989.0,2064.0,2064.0,1989.0,663.0,663.0,663.0,688.0,688.0,688.0,663.0,663.0,663.0,1376.0,1376.0,1376.0,663.0,663.0,663.0,688.0,688.0,688.0
1.0,4203.0,2064.0,2064.0,1989.0,2064.0,688.0,688.0,688.0,688.0,688.0,688.0,688.0,688.0,688.0,1401.0,1401.0,1401.0,688.0,688.0,688.0,688.0,688.0,688.0
1.0,4128.0,2196.0,2067.0,2064.0,2205.0,735.0,735.0,735.0,689.0,689.0,689.0,732.0,732.0,732.0,1376.0,1376.0,1376.0,735.0,735.0,735.0,689.0,689.0,689.0
1.0,3996.0,2196.0,2073.0,2205.0,2214.0,738.0,738.0,738.0,691.0,691.0,691.0,732.0,732.0,732.0,1332.0,1332.0,1332.0,738.0,738.0,738.0,691.0,691.0,691.0
1.0,4005.0,2124.0,2073.0,2214.0,2124.0,708.0,708.0,708.0,691.0,691.0,691.0,708.0,708.0,708.0,1335.0,1335.0,1335.0,708.0,708.0,708.0,691.0,691.0,691.0
1.0,4095.0,2076.0,2073.0,2124.0,2076.0,692.0,692.0,692.0,691.0,691.0,691.0,692.0,692.0,692.0,1365.0,1365.0,1365.0,692.0,692.0,692.0,691.0,691.0,691.0
1.0,4143.0,2019.0,2073.0,2076.0,2019.0,673.0,673.0,673.0,691.0,691.0,691.0,673.0,673.0,673.0,1381.0,1381.0,1381.0,673.0,673.0,673.0,691.0,691.0,691.0
1.0,4200.0,2058.0,2073.0,2019.0,2058.0,686.0,686.0,686.0,691.0,691.0,691.0,686.0,686.0,686.0,1400.0,1400.0,1400.0,686.0,686.0,686.0,691.0,691.0,691.0
1.0,4161.0,2088.0,2073.0,2058.0,2088.0,696.0,696.0,696.0,691.0,691.0,691.0,696.0,696.0,696.0,1387.0,1387.0,1387.0,696.0,696.0,696.0,691.0,691.0,691.0
1.0,4131.0,2115.0,2076.0,2088.0,2124.0,708.0,708.0,708.0,692.0,692.0,692.0,705.0,705.0,705.0,1377.0,1377.0,1377.0,708.0,708.0,708.0,692.0,692.0,692.0
1.0,4104.0,2169.0,2079.0,2124.0,2178.0,726.0,726.0,726.0,693.0,693.0,693.0,723.0,723.0,723.0,1368.0,1368.0,1368.0,726.0,726.0,726.0,693.0,693.0,693.0
1.0,4059.0,2097.0,2082.0,2178.0,2106.0,702.0,702.0,702.0,694.0,694.0,694.0,699.0,699.0,699.0,1353.0,1353.0,1353.0,702.0,702.0,702.0,694.0,694.0,694.0
1.0,4140.0,2166.0,2082.0,2106.0,2166.0,722.0,722.0,722.0,694.0,694.0,694.0,722.0,722.0,722.0,1380.0,1380.0,1380.0,722.0,722.0,722.0,694.0,694.0,694.0
1.0,4080.0,1980.0,2079.0,2166.0,1971.0,657.0,657.0,657.0,693.0,693.0,693.0,660.0,660.0,660.0,1360.0,1360.0,1360.0,657.0,657.0,657.0,693.0,693.0,693.0
1.0,4266.0,2010.0,2076.0,1971.0,2001.0,667.0,667.0,667.0,692.0,692.0,692.0,670.0,670.0,670.0,1422.0,1422.0,1422.0,667.0,667.0,667.0,692.0,692.0,692.0
1.0,4227.0,2097.0,2079.0,2001.0,2106.0,702.0,702.0,702.0,693.0,693.0,693.0,699.0,699.0,699.0,1409.0,1409.0,1409.0,702.0,702.0,702.0,693.0,693.0,693.0
1.0,4131.0,2148.0,2082.0,2106.0,2157.0,719.0,719.0,719.0,694.0,694.0,694.0,716.0,716.0,716.0,1377.0,1377.0,1377.0,719.0,719.0,719.0,694.0,694.0,694.0
1.0,4089.0,2100.0,2082.0,2157.0,2100.0,700.0,700.0,700.0,694.0,694.0,694.0,700.0,700.0,700.0,1363.0,1363.0,1363.0,700.0,700.0,700.0,694.0,694.0,694.0
1.0,4146.0,2121.0,2085.0,2100.0,2130.0,710.0,710.0,710.0,695.0,695.0,695.0,707.0,707.0,707.0,1382.0,1382.0,1382.0,710.0,710.0,710.0,695.0,695.0,695.0
1.0,4125.0,2082.0,2085.0,2130.0,2082.0,694.0,694.0,694.0,695.0,695.0,695.0,694.0,694.0,694.0,1375.0,1375.0,1375.0,694.0,694.0,694.0,695.0,695.0,695.0
1.0,4173.0,2004.0,2082.0,2082.0,1995.0,665.0,665.0,665.0,694.0,694.0,694.0,668.0,668.0,668.0,1391.0,1391.0,1391.0,665.0,665.0,665.0,694.0,694.0,694.0
1.0,4251.0,2040.0,2082.0,1995.0,2040.0,680.0,680.0,680.0,694.0,694.0,694.0,680.0,680.0,680.0,1417.0,1417.0,1417.0,680.0,680.0,680.0,694.0,694.0,694.0
1.0,4206.0,2073.0,2082.0,2040.0,2073.0,691.0,691.0,691.0,694.0,694.0,694.0,691.0,691.0,691.0,1402.0,1402.0,1402.0,691.0,691.0,691.0,694.0,694.0,694.0
1.0,4173.0,2181.0,2085.0,2073.0,2190.0,730.0,730.0,730.0,695.0,695.0,695.0,727.0,727.0,727.0,1391.0,1391.0,1391.0,730.0,730.0,730.0,695.0,695.0,695.0
1.0,4065.0,2193.0,2088.0,2190.0,2202.0,734.0,734.0,734.0,696.0,696.0,696.0,731.0,731.0,731.0,1355.0,1355.0,1355.0,734.0,734.0,734.0,696.0,696.0,696.0
1.0,4062.0,2058.0,2088.0,2202.0,2058.0,686.0,686.0,686.0,696.0,696.0,696.0,686.0,686.0,686.0,1354.0,1354.0,1354.0,686.0,686.0,686.0,696.0,696.0,696.0
1.0,4206.0,2049.0,2088.0,2058.0,2049.0,683.0,683.0,683.0,696.0,696.0,696.0,683.0,683.0,683.0,1402.0,1402.0,1402.0,683.0,683.0,683.0,696.0,696.0,696.0
1.0,4215.0,2016.0,2085.0,2049.0,2007.0,669.0,669.0,669.0,695.0,695.0,695.0,672.0,672.0,672.0,1405.0,1405.0,1405.0,669.0,669.0,669.0,695.0,695.0,695.0
1.0,4248.0,1992.0,2082.0,2007.0,1983.0,661.0,661.0,661.0,694.0,694.0,694.0,664.0,664.0,664.0,1416.0,1416.0,1416.0,661.0,661.0,661.0,694.0,694.0,694.0
1.0,4263.0,2115.0,2085.0,1983.0,2124.0,708.0,708.0,708.0,695.0,695.0,695.0,705.0,705.0,705.0,1421.0,1421.0,1421.0,708.0,708.0,708.0,695.0,695.0,695.0
1.0,4131.0,2139.0,2085.0,2124.0,2139.0,713.0,713.0,713.0,695.0,695.0,695.0,713.0,713.0,713.0,1377.0,1377.0,1377.0,713.0,713.0,713.0,695.0,695.0,695.0
1.0,4116.0,2160.0,2088.0,2139.0,2169.0,723.0,723.0,723.0,696.0,696.0,696.0,720.0,720.0,720.0,1372.0,1372.0,1372.0,723.0,723.0,723.0,696.0,696.0,696.0
1.0,4095.0,2124.0,2091.0,2169.0,2133.0,711.0,711.0,711.0,697.0,697.0,697.0,708.0,708.0,708.0,1365.0,1365.0,1365.0,711.0,711.0,711.0,697.0,697.0,697.0
1.0,4140.0,2094.0,2091.0,2133.0,2094.0,698.0,698.0,698.0,697.0,697.0,697.0,698.0,698.0,698.0,1380.0,1380.0,1380.0,698.0,698.0,698.0,697.0,697.0,697.0
1.0,4179.0,2049.0,2088.0,2094.0,2040.0,680.0,680.0,680.0,696.0,696.0,696.0,683.0,683.0,683.0,1393.0,1393.0,1393.0,680.0,680.0,680.0,696.0,696.0,696.0
1.0,4224.0,2064.0,2088.0,2040.0,2064.0,688.0,688.0,688.0,696.0,696.0,696.0,688.0,688.0,688.0,1408.0,1408.0,1408.0,688.0,688.0,688.0,696.0,696.0,696.0
1.0,4200.0,2064.0,2088.0,2064.0,2064.0,688.0,688.0,688.0,696.0,696.0,696.0,688.0,688.0,688.0,1400.0,1400.0,1400.0,688.0,688.0,688.0,696.0,696.0,696.0
1.0,4200.0,2163.0,2091.0,2064.0,2172.0,724.0,724.0,724.0,697.0,697.0,697.0,721.0,721.0,721.0,1400.0,1400.0,1400.0,724.0,724.0,724.0,697.0,697.0,697.0
1.0,4101.0,2139.0,2094.0,2172.0,2148.0,716.0,716.0,716.0,698.0,698.0,698.0,713.0,713.0,713.0,1367.0,1367.0,1367.0,716.0,716.0,716.0,698.0,698.0,698.0
1.0,4134.0,2169.0,2094.0,2148.0,2169.0,723.0,723.0,723.0,698.0,698.0,698.0,723.0,723.0,723.0,1378.0,1378.0,1378.0,723.0,723.0,723.0,698.0,698.0,698.0
1.0,4113.0,2052.0,2094.0,2169.0,2052.0,684.0,684.0,684.0,698.0,698.0,698.0,684.0,684.0,684.0,1371.0,1371.0,1371.0,684.0,684.0,684.0,698.0,698.0,698.0
1.0,4230.0,2067.0,2091.0,2052.0,2058.0,686.0,686.0,686.0,697.0,697.0,697.0,689.0,689.0,689.0,1410.0,1410.0,1410.0,686.0,686.0,686.0,697.0,697.0,697.0
1.0,4215.0,2058.0,2091.0,2058.0,2058.0,686.0,686.0,686.0,697.0,697.0,697.0,686.0,686.0,686.0,1405.0,1405.0,1405.0,686.0,686.0,686.0,697.0,697.0,697.0
1.0,4215.0,2079.0,2091.0,2058.0,2079.0,693.0,693.0,693.0,697.0,697.0,697.0,693.0,693.0,693.0,1405.0,1405.0,1405.0,693.0,693.0,693.0,697.0,697.0,697.0
1.0,4194.0,2208.0,2094.0,2079.0,2217.0,739.0,739.0,739.0,698.0,698.0,698.0,736.0,736.0,736.0,1398.0,1398.0,1398.0,739.0,739.0,739.0,698.0,698.0,698.0
1.0,4065.0,2193.0,2097.0,2217.0,2202.0,734.0,734.0,734.0,699.0,699.0,699.0,731.0,731.0,731.0,1355.0,1355.0,1355.0,734.0,734.0,734.0,699.0,699.0,699.0
1.0,4089.0,2118.0,2097.0,2202.0,2118.0,706.0,706.0,706.0,699.0,699.0,699.0,706.0,706.0,706.0,1363.0,1363.0,1363.0,706.0,706.0,706.0,699.0,699.0,699.0
1.0,4173.0,2046.0,2094.0,2118.0,2037.0,679.0,679.0,679.0,698.0,698.0,698.0,682.0,682.0,682.0,1391.0,1391.0,1391.0,679.0,679.0,679.0,698.0,698.0,698.0
1.0,4245.0,2040.0,2094.0,2037.0,2040.0,680.0,680.0,680.0,698.0,698.0,698.0,680.0,680.0,680.0,1415.0,1415.0,1415.0,680.0,680.0,680.0,698.0,698.0,698.0
1.0,4242.0,2076.0,2094.0,2040.0,2076.0,692.0,692.0,692.0,698.0,698.0,698.0,692.0,692.0,692.0,1414.0,1414.0,1414.0,692.0,692.0,692.0,698.0,698.0,698.0
1.0,4206.0,2103.0,2094.0,2076.0,2103.0,701.0,701.0,701.0,698.0,698.0,698.0,701.0,701.0,701.0,1402.0,1402.0,1402.0,701.0,701.0,701.0,698.0,698.0,698.0
1.0,4179.0,2169.0,2097.0,2103.0,2178.0,726.0,726.0,726.0,699.0,699.0,699.0,723.0,723.0,723.0,1393.0,1393.0,1393.0,726.0,726.0,726.0,699.0,699.0,699.0
1.0,4113.0,2169.0,2100.0,2178.0,2178.0,726.0,726.0,726.0,700.0,700.0,700.0,723.0,723.0,723.0,1371.0,1371.0,1371.0,726.0,726.0,726.0,700.0,700.0,700.0
1.0,4122.0,2139.0,2100.0,2178.0,2139.0,713.0,713.0,713.0,700.0,700.0,700.0,713.0,713.0,713.0,1374.0,1374.0,1374.0,713.0,713.0,713.0,700.0,700.0,700.0
1.0,4161.0,2073.0,2100.0,2139.0,2073.0,691.0,691.0,691.0,700.0,700.0,700.0,691.0,691.0,691.0,1387.0,1387.0,1387.0,691.0,691.0,691.0,700.0,700.0,700.0
1.0,4227.0,2031.0,2094.0,2073.0,2013.0,671.0,671.0,671.0,698.0,698.0,698.0,677.0,677.0,677.0,1409.0,1409.0,1409.0,671.0,671.0,671.0,698.0,698.0,698.0
1.0,4269.0,2085.0,2094.0,2013.0,2085.0,695.0,695.0,695.0,698.0,698.0,698.0,695.0,695.0,695.0,1423.0,1423.0,1423.0,695.0,695.0,695.0,698.0,698.0,698.0
1.0,4197.0,2160.0,2097.0,2085.0,2169.0,723.0,723.0,723.0,699.0,699.0,699.0,720.0,720.0,720.0,1399.0,1399.0,1399.0,723.0,723.0,723.0,699.0,699.0,699.0
1.0,4122.0,2169.0,2100.0,2169.0,2178.0,726.0,726.0,726.0,700.0,700.0,700.0,723.0,723.0,723.0,1374.0,1374.0,1374.0,726.0,726.0,726.0,700.0,700.0,700.0
1.0,4122.0,2175.0,2100.0,2178.0,2175.0,725.0,725.0,725.0,700.0,700.0,700.0,725.0,725.0,725.0,1374.0,1374.0,1374.0,725.0,725.0,725.0,700.0,700.0,700.0
1.0,4125.0,2124.0,2103.0,2175.0,2133.0,711.0,711.0,711.0,701.0,701.0,701.0,708.0,708.0,708.0,1375.0,1375.0,1375.0,711.0,711.0,711.0,701.0,701.0,701.0
1.0,4176.0,2109.0,2103.0,2133.0,2109.0,703.0,703.0,703.0,701.0,701.0,701.0,703.0,703.0,703.0,1392.0,1392.0,1392.0,703.0,703.0,703.0,701.0,701.0,701.0
1.0,4200.0,2025.0,2100.0,2109.0,2016.0,672.0,672.0,672.0,700.0,700.0,700.0,675.0,675.0,675.0,1400.0,1400.0,1400.0,672.0,672.0,672.0,700.0,700.0,700.0
1.0,4284.0,2070.0,2100.0,2016.0,2070.0,690.0,690.0,690.0,700.0,700.0,700.0,690.0,690.0,690.0,1428.0,1428.0,1428.0,690.0,690.0,690.0,700.0,700.0,700.0
1.0,4230.0,2157.0,2097.0,2070.0,2148.0,716.0,716.0,716.0,699.0,699.0,699.0,719.0,719.0,719.0,1410.0,1410.0,1410.0,716.0,716.0,716.0,699.0,699.0,699.0
1.0,4143.0,2160.0,2103.0,2148.0,2178.0,726.0,726.0,726.0,701.0,701.0,701.0,720.0,720.0,720.0,1381.0,1381.0,1381.0,726.0,726.0,726.0,701.0,701.0,701.0
1.0,4131.0,2166.0,2106.0,2178.0,2175.0,725.0,725.0,725.0,702.0,702.0,702.0,722.0,722.0,722.0,1377.0,1377.0,1377.0,725.0,725.0,725.0,702.0,702.0,702.0
1.0,4143.0,2163.0,2106.0,2175.0,2163.0,721.0,721.0,721.0,702.0,702.0,702.0,721.0,721.0,721.0,1381.0,1381.0,1381.0,721.0,721.0,721.0,702.0,702.0,702.0
1.0,4155.0,2124.0,2106.0,2163.0,2124.0,708.0,708.0,708.0,702.0,702.0,702.0,708.0,708.0,708.0,1385.0,1385.0,1385.0,708.0,708.0,708.0,702.0,702.0,702.0
1.0,4194.0,2061.0,2106.0,2124.0,2061.0,687.0,687.0,687.0,702.0,702.0,702.0,687.0,687.0,687.0,1398.0,1398.0,1398.0,687.0,687.0,687.0,702.0,702.0,702.0
1.0,4257.0,2148.0,2106.0,2061.0,2148.0,716.0,716.0,716.0,702.0,702.0,702.0,716.0,716.0,716.0,1419.0,1419.0,1419.0,716.0,716.0,716.0,702.0,702.0,702.0
1.0,4170.0,2166.0,2106.0,2148.0,2166.0,722.0,722.0,722.0,702.0,702.0,702.0,722.0,722.0,722.0,1390.0,1390.0,1390.0,722.0,722.0,722.0,702.0,702.0,702.0
1.0,4152.0,2208.0,2112.0,2166.0,2226.0,742.0,742.0,742.0,704.0,704.0,704.0,736.0,736.0,736.0,1384.0,1384.0,1384.0,742.0,742.0,742.0,704.0,704.0,704.0
1.0,4110.0,2154.0,2112.0,2226.0,2154.0,718.0,718.0,718.0,704.0,704.0,704.0,718.0,718.0,718.0,1370.0,1370.0,1370.0,718.0,718.0,718.0,704.0,704.0,704.0
1.0,4182.0,2172.0,2115.0,2154.0,2181.0,727.0,727.0,727.0,705.0,705.0,705.0,724.0,724.0,724.0,1394.0,1394.0,1394.0,727.0,727.0,727.0,705.0,705.0,705.0
1.0,4164.0,2058.0,2112.0,2181.0,2049.0,683.0,683.0,683.0,704.0,704.0,704.0,686.0,686.0,686.0,1388.0,1388.0,1388.0,683.0,683.0,683.0,704.0,704.0,704.0
1.0,4287.0,2061.0,2109.0,2049.0,2052.0,684.0,684.0,684.0,703.0,703.0,703.0,687.0,687.0,687.0,1429.0,1429.0,1429.0,684.0,684.0,684.0,703.0,703.0,703.0
1.0,4275.0,2082.0,2112.0,2052.0,2091.0,697.0,697.0,697.0,704.0,704.0,704.0,694.0,694.0,694.0,1425.0,1425.0,1425.0,697.0,697.0,697.0,704.0,704.0,704.0
1.0,4245.0,2142.0,2112.0,2091.0,2142.0,714.0,714.0,714.0,704.0,704.0,704.0,714.0,714.0,714.0,1415.0,1415.0,1415.0,714.0,714.0,714.0,704.0,704.0,704.0
1.0,4194.0,2253.0,2118.0,2142.0,2271.0,757.0,757.0,757.0,706.0,706.0,706.0,751.0,751.0,751.0,1398.0,1398.0,1398.0,757.0,757.0,757.0,706.0,706.0,706.0
1.0,4083.0,2172.0,2121.0,2271.0,2181.0,727.0,727.0,727.0,707.0,707.0,707.0,724.0,724.0,724.0,1361.0,1361.0,1361.0,727.0,727.0,727.0,707.0,707.0,707.0
1.0,4182.0,2190.0,2121.0,2181.0,2190.0,730.0,730.0,730.0,707.0,707.0,707.0,730.0,730.0,730.0,1394.0,1394.0,1394.0,730.0,730.0,730.0,707.0,707.0,707.0
1.0,4173.0,2043.0,2121.0,2190.0,2043.0,681.0,681.0,681.0,707.0,707.0,707.0,681.0,681.0,681.0,1391.0,1391.0,1391.0,681.0,681.0,681.0,707.0,707.0,707.0
1.0,4320.0,2073.0,2118.0,2043.0,2064.0,688.0,688.0,688.0,706.0,706.0,706.0,691.0,691.0,691.0,1440.0,1440.0,1440.0,688.0,688.0,688.0,706.0,706.0,706.0
1.0,4290.0,2058.0,2118.0,2064.0,2058.0,686.0,686.0,686.0,706.0,706.0,706.0,686.0,686.0,686.0,1430.0,1430.0,1430.0,686.0,686.0,686.0,706.0,706.0,706.0
1.0,4296.0,2157.0,2118.0,2058.0,2157.0,719.0,719.0,719.0,706.0,706.0,706.0,719.0,719.0,719.0,1432.0,1432.0,1432.0,719.0,719.0,719.0,706.0,706.0,706.0
1.0,4197.0,2169.0,2121.0,2157.0,2178.0,726.0,726.0,726.0,707.0,707.0,707.0,723.0,723.0,723.0,1399.0,1399.0,1399.0,726.0,726.0,726.0,707.0,707.0,707.0
1.0,4185.0,2163.0,2124.0,2178.0,2172.0,724.0,724.0,724.0,708.0,708.0,708.0,721.0,721.0,721.0,1395.0,1395.0,1395.0,724.0,724.0,724.0,708.0,708.0,708.0
1.0,4200.0,2193.0,2124.0,2172.0,2193.0,731.0,731.0,731.0,708.0,708.0,708.0,731.0,731.0,731.0,1400.0,1400.0,1400.0,731.0,731.0,731.0,708.0,708.0,708.0
1.0,4179.0,2103.0,2124.0,2193.0,2103.0,701.0,701.0,701.0,708.0,708.0,708.0,701.0,701.0,701.0,1393.0,1393.0,1393.0,701.0,701.0,701.0,708.0,708.0,708.0
1.0,4269.0,2097.0,2124.0,2103.0,2097.0,699.0,699.0,699.0,708.0,708.0,708.0,699.0,699.0,699.0,1423.0,1423.0,1423.0,699.0,699.0,699.0,708.0,708.0,708.0
1.0,4275.0,2127.0,2121.0,2097.0,2118.0,706.0,706.0,706.0,707.0,707.0,707.0,709.0,709.0,709.0,1425.0,1425.0,1425.0,706.0,706.0,706.0,707.0,707.0,707.0
1.0,4245.0,2157.0,2124.0,2118.0,2166.0,722.0,722.0,722.0,708.0,708.0,708.0,719.0,719.0,719.0,1415.0,1415.0,1415.0,722.0,722.0,722.0,708.0,708.0,708.0
1.0,4206.0,2148.0,2127.0,2166.0,2157.0,719.0,719.0,719.0,709.0,709.0,709.0,716.0,716.0,716.0,1402.0,1402.0,1402.0,719.0,719.0,719.0,709.0,709.0,709.0
1.0,4224.0,2121.0,2127.0,2157.0,2121.0,707.0,707.0,707.0,709.0,709.0,709.0,707.0,707.0,707.0,1408.0,1408.0,1408.0,707.0,707.0,707.0,709.0,709.0,709.0
1.0,4260.0,2184.0,2130.0,2121.0,2193.0,731.0,731.0,731.0,710.0,710.0,710.0,728.0,728.0,728.0,1420.0,1420.0,1420.0,731.0,731.0,731.0,710.0,710.0,710.0
1.0,4197.0,2130.0,2127.0,2193.0,2121.0,707.0,707.0,707.0,709.0,709.0,709.0,710.0,710.0,710.0,1399.0,1399.0,1399.0,707.0,707.0,707.0,709.0,709.0,709.0
1.0,4260.0,2064.0,2124.0,2121.0,2055.0,685.0,685.0,685.0,708.0,708.0,708.0,688.0,688.0,688.0,1420.0,1420.0,1420.0,685.0,685.0,685.0,708.0,708.0,708.0
1.0,4317.0,2082.0,2124.0,2055.0,2082.0,694.0,694.0,694.0,708.0,708.0,708.0,694.0,694.0,694.0,1439.0,1439.0,1439.0,694.0,694.0,694.0,708.0,708.0,708.0
1.0,4290.0,2133.0,2127.0,2082.0,2142.0,714.0,714.0,714.0,709.0,709.0,709.0,711.0,711.0,711.0,1430.0,1430.0,1430.0,714.0,714.0,714.0,709.0,709.0,709.0
1.0,4239.0,2166.0,2130.0,2142.0,2175.0,725.0,725.0,725.0,710.0,710.0,710.0,722.0,722.0,722.0,1413.0,1413.0,1413.0,725.0,725.0,725.0,710.0,710.0,710.0
1.0,4215.0,2205.0,2130.0,2175.0,2205.0,735.0,735.0,735.0,710.0,710.0,710.0,735.0,735.0,735.0,1405.0,1405.0,1405.0,735.0,735.0,735.0,710.0,710.0,710.0
1.0,4185.0,2184.0,2133.0,2205.0,2193.0,731.0,731.0,731.0,711.0,711.0,711.0,728.0,728.0,728.0,1395.0,1395.0,1395.0,731.0,731.0,731.0,711.0,711.0,711.0
1.0,4206.0,2076.0,2130.0,2193.0,2067.0,689.0,689.0,689.0,710.0,710.0,710.0,692.0,692.0,692.0,1402.0,1402.0,1402.0,689.0,689.0,689.0,710.0,710.0,710.0
1.0,4323.0,2025.0,2127.0,2067.0,2016.0,672.0,672.0,672.0,709.0,709.0,709.0,675.0,675.0,675.0,1441.0,1441.0,1441.0,672.0,672.0,672.0,709.0,709.0,709.0
1.0,4365.0,2100.0,2127.0,2016.0,2100.0,700.0,700.0,700.0,709.0,709.0,709.0,700.0,700.0,700.0,1455.0,1455.0,1455.0,700.0,700.0,700.0,709.0,709.0,709.0
1.0,4281.0,2130.0,2127.0,2100.0,2130.0,710.0,710.0,710.0,709.0,709.0,709.0,710.0,710.0,710.0,1427.0,1427.0,1427.0,710.0,710.0,710.0,709.0,709.0,709.0
1.0,4251.0,2241.0,2133.0,2130.0,2259.0,753.0,753.0,753.0,711.0,711.0,711.0,747.0,747.0,747.0,1417.0,1417.0,1417.0,753.0,753.0,753.0,711.0,711.0,711.0
1.0,4140.0,2175.0,2133.0,2259.0,2175.0,725.0,725.0,725.0,711.0,711.0,711.0,725.0,725.0,725.0,1380.0,1380.0,1380.0,725.0,725.0,725.0,711.0,711.0,711.0
1.0,4224.0,2208.0,2136.0,2175.0,2217.0,739.0,739.0,739.0,712.0,712.0,712.0,736.0,736.0,736.0,1408.0,1408.0,1408.0,739.0,739.0,739.0,712.0,712.0,712.0
1.0,4191.0,2064.0,2133.0,2217.0,2055.0,685.0,685.0,685.0,711.0,711.0,711.0,688.0,688.0,688.0,1397.0,1397.0,1397.0,685.0,685.0,685.0,711.0,711.0,711.0
1.0,4344.0,2079.0,2130.0,2055.0,2070.0,690.0,690.0,690.0,710.0,710.0,710.0,693.0,693.0,693.0,1448.0,1448.0,1448.0,690.0,690.0,690.0,710.0,710.0,710.0
1.0,4320.0,2133.0,2130.0,2070.0,2133.0,711.0,711.0,711.0,710.0,710.0,710.0,711.0,711.0,711.0,1440.0,1440.0,1440.0,711.0,711.0,711.0,710.0,710.0,710.0
1.0,4257.0,2166.0,2133.0,2133.0,2175.0,725.0,725.0,725.0,711.0,711.0,711.0,722.0,722.0,722.0,1419.0,1419.0,1419.0,725.0,725.0,725.0,711.0,711.0,711.0
1.0,4224.0,2205.0,2136.0,2175.0,2214.0,738.0,738.0,738.0,712.0,712.0,712.0,735.0,735.0,735.0,1408.0,1408.0,1408.0,738.0,738.0,738.0,712.0,712.0,712.0
1.0,4194.0,2217.0,2139.0,2214.0,2226.0,742.0,742.0,742.0,713.0,713.0,713.0,739.0,739.0,739.0,1398.0,1398.0,1398.0,742.0,742.0,742.0,713.0,713.0,713.0
1.0,4191.0,2133.0,2139.0,2226.0,2133.0,711.0,711.0,711.0,713.0,713.0,713.0,711.0,711.0,711.0,1397.0,1397.0,1397.0,711.0,711.0,711.0,713.0,713.0,713.0
1.0,4284.0,2124.0,2139.0,2133.0,2124.0,708.0,708.0,708.0,713.0,713.0,713.0,708.0,708.0,708.0,1428.0,1428.0,1428.0,708.0,708.0,708.0,713.0,713.0,713.0
1.0,4293.0,2130.0,2136.0,2124.0,2121.0,707.0,707.0,707.0,712.0,712.0,712.0,710.0,710.0,710.0,1431.0,1431.0,1431.0,707.0,707.0,707.0,712.0,712.0,712.0
1.0,4287.0,2124.0,2136.0,2121.0,2124.0,708.0,708.0,708.0,712.0,712.0,712.0,708.0,708.0,708.0,1429.0,1429.0,1429.0,708.0,708.0,708.0,712.0,712.0,712.0
1.0,4284.0,2154.0,2136.0,2124.0,2154.0,718.0,718.0,718.0,712.0,712.0,712.0,718.0,718.0,718.0,1428.0,1428.0,1428.0,718.0,718.0,718.0,712.0,712.0,712.0
1.0,4254.0,2217.0,2139.0,2154.0,2226.0,742.0,742.0,742.0,713.0,713.0,713.0,739.0,739.0,739.0,1418.0,1418.0,1418.0,742.0,742.0,742.0,713.0,713.0,713.0
1.0,4191.0,2190.0,2142.0,2226.0,2199.0,733.0,733.0,733.0,714.0,714.0,714.0,730.0,730.0,730.0,1397.0,1397.0,1397.0,733.0,733.0,733.0,714.0,714.0,714.0
1.0,4227.0,2151.0,2139.0,2199.0,2142.0,714.0,714.0,714.0,713.0,713.0,713.0,717.0,717.0,717.0,1409.0,1409.0,1409.0,714.0,714.0,714.0,713.0,713.0,713.0
1.0,4275.0,2136.0,2139.0,2142.0,2136.0,712.0,712.0,712.0,713.0,713.0,713.0,712.0,712.0,712.0,1425.0,1425.0,1425.0,712.0,712.0,712.0,713.0,713.0,713.0
1.0,4281.0,2109.0,2139.0,2136.0,2109.0,703.0,703.0,703.0,713.0,713.0,713.0,703.0,703.0,703.0,1427.0,1427.0,1427.0,703.0,703.0,703.0,713.0,713.0,713.0
1.0,4308.0,2052.0,2136.0,2109.0,2043.0,681.0,681.0,681.0,712.0,712.0,712.0,684.0,684.0,684.0,1436.0,1436.0,1436.0,681.0,681.0,681.0,712.0,712.0,712.0
1.0,4365.0,2151.0,2136.0,2043.0,2151.0,717.0,717.0,717.0,712.0,712.0,712.0,717.0,717.0,717.0,1455.0,1455.0,1455.0,717.0,717.0,717.0,712.0,712.0,712.0
1.0,4257.0,2217.0,2139.0,2151.0,2226.0,742.0,742.0,742.0,713.0,713.0,713.0,739.0,739.0,739.0,1419.0,1419.0,1419.0,742.0,742.0,742.0,713.0,713.0,713.0
1.0,4191.0,2253.0,2145.0,2226.0,2271.0,757.0,757.0,757.0,715.0,715.0,715.0,751.0,751.0,751.0,1397.0,1397.0,1397.0,757.0,757.0,757.0,715.0,715.0,715.0
1.0,4164.0,2223.0,2145.0,2271.0,2223.0,741.0,741.0,741.0,715.0,715.0,715.0,741.0,741.0,741.0,1388.0,1388.0,1388.0,741.0,741.0,741.0,715.0,715.0,715.0
1.0,4212.0,2136.0,2142.0,2223.0,2127.0,709.0,709.0,709.0,714.0,714.0,714.0,712.0,712.0,712.0,1404.0,1404.0,1404.0,709.0,709.0,709.0,714.0,714.0,714.0
1.0,4299.0,2106.0,2142.0,2127.0,2106.0,702.0,702.0,702.0,714.0,714.0,714.0,702.0,702.0,702.0,1433.0,1433.0,1433.0,702.0,702.0,702.0,714.0,714.0,714.0
1.0,4320.0,2163.0,2142.0,2106.0,2163.0,721.0,721.0,721.0,714.0,714.0,714.0,721.0,721.0,721.0,1440.0,1440.0,1440.0,721.0,721.0,721.0,714.0,714.0,714.0
1.0,4263.0,2130.0,2142.0,2163.0,2130.0,710.0,710.0,710.0,714.0,714.0,714.0,710.0,710.0,710.0,1421.0,1421.0,1421.0,710.0,710.0,710.0,714.0,714.0,714.0
1.0,4296.0,2211.0,2145.0,2130.0,2220.0,740.0,740.0,740.0,715.0,715.0,715.0,737.0,737.0,737.0,1432.0,1432.0,1432.0,740.0,740.0,740.0,715.0,715.0,715.0
1.0,4215.0,2235.0,2148.0,2220.0,2244.0,748.0,748.0,748.0,716.0,716.0,716.0,745.0,745.0,745.0,1405.0,1405.0,1405.0,748.0,748.0,748.0,716.0,716.0,716.0
1.0,4200.0,2160.0,2148.0,2244.0,2160.0,720.0,720.0,720.0,716.0,716.0,716.0,720.0,720.0,720.0,1400.0,1400.0,1400.0,720.0,720.0,720.0,716.0,716.0,716.0
1.0,4284.0,2130.0,2148.0,2160.0,2130.0,710.0,710.0,710.0,716.0,716.0,716.0,710.0,710.0,710.0,1428.0,1428.0,1428.0,710.0,710.0,710.0,716.0,716.0,716.0
1.0,4314.0,2055.0,2145.0,2130.0,2046.0,682.0,682.0,682.0,715.0,715.0,715.0,685.0,685.0,685.0,1438.0,1438.0,1438.0,682.0,682.0,682.0,715.0,715.0,715.0
1.0,4389.0,2127.0,2145.0,2046.0,2127.0,709.0,709.0,709.0,715.0,715.0,715.0,709.0,709.0,709.0,1463.0,1463.0,1463.0,709.0,709.0,709.0,715.0,715.0,715.0
1.0,4308.0,2181.0,2145.0,2127.0,2181.0,727.0,727.0,727.0,715.0,715.0,715.0,727.0,727.0,727.0,1436.0,1436.0,1436.0,727.0,727.0,727.0,715.0,715.0,715.0
1.0,4254.0,2223.0,2148.0,2181.0,2232.0,744.0,744.0,744.0,716.0,716.0,716.0,741.0,741.0,741.0,1418.0,1418.0,1418.0,744.0,744.0,744.0,716.0,716.0,716.0
1.0,4212.0,2193.0,2151.0,2232.0,2202.0,734.0,734.0,734.0,717.0,717.0,717.0,731.0,731.0,731.0,1404.0,1404.0,1404.0,734.0,734.0,734.0,717.0,717.0,717.0
1.0,4251.0,2181.0,2151.0,2202.0,2181.0,727.0,727.0,727.0,717.0,717.0,717.0,727.0,727.0,727.0,1417.0,1417.0,1417.0,727.0,727.0,727.0,717.0,717.0,717.0
1.0,4272.0,2076.0,2148.0,2181.0,2067.0,689.0,689.0,689.0,716.0,716.0,716.0,692.0,692.0,692.0,1424.0,1424.0,1424.0,689.0,689.0,689.0,716.0,716.0,716.0
1.0,4377.0,2073.0,2148.0,2067.0,2073.0,691.0,691.0,691.0,716.0,716.0,716.0,691.0,691.0,691.0,1459.0,1459.0,1459.0,691.0,691.0,691.0,716.0,716.0,716.0
1.0,4371.0,2136.0,2148.0,2073.0,2136.0,712.0,712.0,712.0,716.0,716.0,716.0,712.0,712.0,712.0,1457.0,1457.0,1457.0,712.0,712.0,712.0,716.0,716.0,716.0
1.0,4308.0,2181.0,2148.0,2136.0,2181.0,727.0,727.0,727.0,716.0,716.0,716.0,727.0,727.0,727.0,1436.0,1436.0,1436.0,727.0,727.0,727.0,716.0,716.0,716.0
1.0,4263.0,2271.0,2151.0,2181.0,2280.0,760.0,760.0,760.0,717.0,717.0,717.0,757.0,757.0,757.0,1421.0,1421.0,1421.0,760.0,760.0,760.0,717.0,717.0,717.0
1.0,4173.0,2283.0,2157.0,2280.0,2301.0,767.0,767.0,767.0,719.0,719.0,719.0,761.0,761.0,761.0,1391.0,1391.0,1391.0,767.0,767.0,767.0,719.0,719.0,719.0
1.0,4170.0,2256.0,2160.0,2301.0,2265.0,755.0,755.0,755.0,720.0,720.0,720.0,752.0,752.0,752.0,1390.0,1390.0,1390.0,755.0,755.0,755.0,720.0,720.0,720.0
1.0,4215.0,2157.0,2157.0,2265.0,2148.0,716.0,716.0,716.0,719.0,719.0,719.0,719.0,719.0,719.0,1405.0,1405.0,1405.0,716.0,716.0,716.0,719.0,719.0,719.0
1.0,4323.0,2109.0,2157.0,2148.0,2109.0,703.0,703.0,703.0,719.0,719.0,719.0,703.0,703.0,703.0,1441.0,1441.0,1441.0,703.0,703.0,703.0,719.0,719.0,719.0
1.0,4362.0,2127.0,2154.0,2109.0,2118.0,706.0,706.0,706.0,718.0,718.0,718.0,709.0,709.0,709.0,1454.0,1454.0,1454.0,706.0,706.0,706.0,718.0,718.0,718.0
1.0,4344.0,2160.0,2157.0,2118.0,2169.0,723.0,723.0,723.0,719.0,719.0,719.0,720.0,720.0,720.0,1448.0,1448.0,1448.0,723.0,723.0,723.0,719.0,719.0,719.0
1.0,4302.0,2268.0,2163.0,2169.0,2286.0,762.0,762.0,762.0,721.0,721.0,721.0,756.0,756.0,756.0,1434.0,1434.0,1434.0,762.0,762.0,762.0,721.0,721.0,721.0
1.0,4203.0,2259.0,2166.0,2286.0,2268.0,756.0,756.0,756.0,722.0,722.0,722.0,753.0,753.0,753.0,1401.0,1401.0,1401.0,756.0,756.0,756.0,722.0,722.0,722.0
1.0,4230.0,2205.0,2166.0,2268.0,2205.0,735.0,735.0,735.0,722.0,722.0,722.0,735.0,735.0,735.0,1410.0,1410.0,1410.0,735.0,735.0,735.0,722.0,722.0,722.0
1.0,4293.0,2202.0,2166.0,2205.0,2202.0,734.0,734.0,734.0,722.0,722.0,722.0,734.0,734.0,734.0,1431.0,1431.0,1431.0,734.0,734.0,734.0,722.0,722.0,722.0
1.0,4296.0,2121.0,2163.0,2202.0,2112.0,704.0,704.0,704.0,721.0,721.0,721.0,707.0,707.0,707.0,1432.0,1432.0,1432.0,704.0,704.0,704.0,721.0,721.0,721.0
1.0,4377.0,2160.0,2163.0,2112.0,2160.0,720.0,720.0,720.0,721.0,721.0,721.0,720.0,720.0,720.0,1459.0,1459.0,1459.0,720.0,720.0,720.0,721.0,721.0,721.0
1.0,4329.0,2193.0,2166.0,2160.0,2202.0,734.0,734.0,734.0,722.0,722.0,722.0,731.0,731.0,731.0,1443.0,1443.0,1443.0,734.0,734.0,734.0,722.0,722.0,722.0
1.0,4296.0,2151.0,2166.0,2202.0,2151.0,717.0,717.0,717.0,722.0,722.0,722.0,717.0,717.0,717.0,1432.0,1432.0,1432.0,717.0,717.0,717.0,722.0,722.0,722.0
1.0,4347.0,2259.0,2169.0,2151.0,2268.0,756.0,756.0,756.0,723.0,723.0,723.0,753.0,753.0,753.0,1449.0,1449.0,1449.0,756.0,756.0,756.0,723.0,723.0,723.0
1.0,4239.0,2244.0,2172.0,2268.0,2253.0,751.0,751.0,751.0,724.0,724.0,724.0,748.0,748.0,748.0,1413.0,1413.0,1413.0,751.0,751.0,751.0,724.0,724.0,724.0
1.0,4263.0,2127.0,2169.0,2253.0,2118.0,706.0,706.0,706.0,723.0,723.0,723.0,709.0,709.0,709.0,1421.0,1421.0,1421.0,706.0,706.0,706.0,723.0,723.0,723.0
1.0,4389.0,2172.0,2169.0,2118.0,2172.0,724.0,724.0,724.0,723.0,723.0,723.0,724.0,724.0,724.0,1463.0,1463.0,1463.0,724.0,724.0,724.0,723.0,723.0,723.0
1.0,4335.0,2112.0,2169.0,2172.0,2112.0,704.0,704.0,704.0,723.0,723.0,723.0,704.0,704.0,704.0,1445.0,1445.0,1445.0,704.0,704.0,704.0,723.0,723.0,723.0
1.0,4395.0,2229.0,2172.0,2112.0,2238.0,746.0,746.0,746.0,724.0,724.0,724.0,743.0,743.0,743.0,1465.0,1465.0,1465.0,746.0,746.0,746.0,724.0,724.0,724.0
1.0,4278.0,2220.0,2172.0,2238.0,2220.0,740.0,740.0,740.0,724.0,724.0,724.0,740.0,740.0,740.0,1426.0,1426.0,1426.0,740.0,740.0,740.0,724.0,724.0,724.0
1.0,4296.0,2205.0,2175.0,2220.0,2214.0,738.0,738.0,738.0,725.0,725.0,725.0,735.0,735.0,735.0,1432.0,1432.0,1432.0,738.0,738.0,738.0,725.0,725.0,725.0
1.0,4311.0,2214.0,2175.0,2214.0,2214.0,738.0,738.0,738.0,725.0,725.0,725.0,738.0,738.0,738.0,1437.0,1437.0,1437.0,738.0,738.0,738.0,725.0,725.0,725.0
1.0,4311.0,2142.0,2175.0,2214.0,2142.0,714.0,714.0,714.0,725.0,725.0,725.0,714.0,714.0,714.0,1437.0,1437.0,1437.0,714.0,714.0,714.0,725.0,725.0,725.0
1.0,4383.0,2109.0,2172.0,2142.0,2100.0,700.0,700.0,700.0,724.0,724.0,724.0,703.0,703.0,703.0,1461.0,1461.0,1461.0,700.0,700.0,700.0,724.0,724.0,724.0
1.0,4416.0,2088.0,2172.0,2100.0,2088.0,696.0,696.0,696.0,724.0,724.0,724.0,696.0,696.0,696.0,1472.0,1472.0,1472.0,696.0,696.0,696.0,724.0,724.0,724.0
1.0,4428.0,2163.0,2172.0,2088.0,2163.0,721.0,721.0,721.0,724.0,724.0,724.0,721.0,721.0,721.0,1476.0,1476.0,1476.0,721.0,721.0,721.0,724.0,724.0,724.0
1.0,4353.0,2217.0,2172.0,2163.0,2217.0,739.0,739.0,739.0,724.0,724.0,724.0,739.0,739.0,739.0,1451.0,1451.0,1451.0,739.0,739.0,739.0,724.0,724.0,724.0
1.0,4299.0,2268.0,2178.0,2217.0,2286.0,762.0,762.0,762.0,726.0,726.0,726.0,756.0,756.0,756.0,1433.0,1433.0,1433.0,762.0,762.0,762.0,726.0,726.0,726.0
1.0,4248.0,2217.0,2178.0,2286.0,2217.0,739.0,739.0,739.0,726.0,726.0,726.0,739.0,739.0,739.0,1416.0,1416.0,1416.0,739.0,739.0,739.0,726.0,726.0,726.0
1.0,4317.0,2160.0,2178.0,2217.0,2160.0,720.0,720.0,720.0,726.0,726.0,726.0,720.0,720.0,720.0,1439.0,1439.0,1439.0,720.0,720.0,720.0,726.0,726.0,726.0
1.0,4374.0,2184.0,2175.0,2160.0,2175.0,725.0,725.0,725.0,725.0,725.0,725.0,728.0,728.0,728.0,1458.0,1458.0,1458.0,725.0,725.0,725.0,725.0,725.0,725.0
1.0,4350.0,2211.0,2175.0,2175.0,2211.0,737.0,737.0,737.0,725.0,725.0,725.0,737.0,737.0,737.0,1450.0,1450.0,1450.0,737.0,737.0,737.0,725.0,725.0,725.0
1.0,4314.0,2184.0,2178.0,2211.0,2193.0,731.0,731.0,731.0,726.0,726.0,726.0,728.0,728.0,728.0,1438.0,1438.0,1438.0,731.0,731.0,731.0,726.0,726.0,726.0
1.0,4341.0,2241.0,2181.0,2193.0,2250.0,750.0,750.0,750.0,727.0,727.0,727.0,747.0,747.0,747.0,1447.0,1447.0,1447.0,750.0,750.0,750.0,727.0,727.0,727.0
1.0,4293.0,2202.0,2181.0,2250.0,2202.0,734.0,734.0,734.0,727.0,727.0,727.0,734.0,734.0,734.0,1431.0,1431.0,1431.0,734.0,734.0,734.0,727.0,727.0,727.0
1.0,4341.0,2223.0,2181.0,2202.0,2223.0,741.0,741.0,741.0,727.0,727.0,727.0,741.0,741.0,741.0,1447.0,1447.0,1447.0,741.0,741.0,741.0,727.0,727.0,727.0
1.0,4320.0,2193.0,2181.0,2223.0,2193.0,731.0,731.0,731.0,727.0,727.0,727.0,731.0,731.0,731.0,1440.0,1440.0,1440.0,731.0,731.0,731.0,727.0,727.0,727.0
1.0,4350.0,2172.0,2181.0,2193.0,2172.0,724.0,724.0,724.0,727.0,727.0,727.0,724.0,724.0,724.0,1450.0,1450.0,1450.0,724.0,724.0,724.0,727.0,727.0,727.0
1.0,4371.0,2106.0,2181.0,2172.0,2106.0,702.0,702.0,702.0,727.0,727.0,727.0,702.0,702.0,702.0,1457.0,1457.0,1457.0,702.0,702.0,702.0,727.0,727.0,727.0
1.0,4437.0,2163.0,2181.0,2106.0,2163.0,721.0,721.0,721.0,727.0,727.0,727.0,721.0,721.0,721.0,1479.0,1479.0,1479.0,721.0,721.0,721.0,727.0,727.0,727.0
1.0,4380.0,2205.0,2184.0,2163.0,2214.0,738.0,738.0,738.0,728.0,728.0,728.0,735.0,735.0,735.0,1460.0,1460.0,1460.0,738.0,738.0,738.0,728.0,728.0,728.0
1.0,4338.0,2301.0,2187.0,2214.0,2310.0,770.0,770.0,770.0,729.0,729.0,729.0,767.0,767.0,767.0,1446.0,1446.0,1446.0,770.0,770.0,770.0,729.0,729.0,729.0
1.0,4251.0,2235.0,2187.0,2310.0,2235.0,745.0,745.0,745.0,729.0,729.0,729.0,745.0,745.0,745.0,1417.0,1417.0,1417.0,745.0,745.0,745.0,729.0,729.0,729.0
1.0,4326.0,2166.0,2187.0,2235.0,2166.0,722.0,722.0,722.0,729.0,729.0,729.0,722.0,722.0,722.0,1442.0,1442.0,1442.0,722.0,722.0,722.0,729.0,729.0,729.0
1.0,4395.0,2136.0,2184.0,2166.0,2127.0,709.0,709.0,709.0,728.0,728.0,728.0,712.0,712.0,712.0,1465.0,1465.0,1465.0,709.0,709.0,709.0,728.0,728.0,728.0
1.0,4425.0,2163.0,2184.0,2127.0,2163.0,721.0,721.0,721.0,728.0,728.0,728.0,721.0,721.0,721.0,1475.0,1475.0,1475.0,721.0,721.0,721.0,728.0,728.0,728.0
1.0,4389.0,2196.0,2187.0,2163.0,2205.0,735.0,735.0,735.0,729.0,729.0,729.0,732.0,732.0,732.0,1463.0,1463.0,1463.0,735.0,735.0,735.0,729.0,729.0,729.0
1.0,4356.0,2253.0,2190.0,2205.0,2262.0,754.0,754.0,754.0,730.0,730.0,730.0,751.0,751.0,751.0,1452.0,1452.0,1452.0,754.0,754.0,754.0,730.0,730.0,730.0
1.0,4308.0,2295.0,2193.0,2262.0,2304.0,768.0,768.0,768.0,731.0,731.0,731.0,765.0,765.0,765.0,1436.0,1436.0,1436.0,768.0,768.0,768.0,731.0,731.0,731.0
1.0,4275.0,2274.0,2196.0,2304.0,2283.0,761.0,761.0,761.0,732.0,732.0,732.0,758.0,758.0,758.0,1425.0,1425.0,1425.0,761.0,761.0,761.0,732.0,732.0,732.0
1.0,4305.0,2157.0,2193.0,2283.0,2148.0,716.0,716.0,716.0,731.0,731.0,731.0,719.0,719.0,719.0,1435.0,1435.0,1435.0,716.0,716.0,716.0,731.0,731.0,731.0
1.0,4431.0,2154.0,2190.0,2148.0,2145.0,715.0,715.0,715.0,730.0,730.0,730.0,718.0,718.0,718.0,1477.0,1477.0,1477.0,715.0,715.0,715.0,730.0,730.0,730.0
1.0,4425.0,2193.0,2190.0,2145.0,2193.0,731.0,731.0,731.0,730.0,730.0,730.0,731.0,731.0,731.0,1475.0,1475.0,1475.0,731.0,731.0,731.0,730.0,730.0,730.0
1.0,4377.0,2202.0,2190.0,2193.0,2202.0,734.0,734.0,734.0,730.0,730.0,730.0,734.0,734.0,734.0,1459.0,1459.0,1459.0,734.0,734.0,734.0,730.0,730.0,730.0
1.0,4368.0,2244.0,2193.0,2202.0,2253.0,751.0,751.0,751.0,731.0,731.0,731.0,748.0,748.0,748.0,1456.0,1456.0,1456.0,751.0,751.0,751.0,731.0,731.0,731.0
1.0,4326.0,2253.0,2196.0,2253.0,2262.0,754.0,754.0,754.0,732.0,732.0,732.0,751.0,751.0,751.0,1442.0,1442.0,1442.0,754.0,754.0,754.0,732.0,732.0,732.0
1.0,4326.0,2250.0,2196.0,2262.0,2250.0,750.0,750.0,750.0,732.0,732.0,732.0,750.0,750.0,750.0,1442.0,1442.0,1442.0,750.0,750.0,750.0,732.0,732.0,732.0
1.0,4338.0,2199.0,2196.0,2250.0,2199.0,733.0,733.0,733.0,732.0,732.0,732.0,733.0,733.0,733.0,1446.0,1446.0,1446.0,733.0,733.0,733.0,732.0,732.0,732.0
1.0,4389.0,2175.0,2193.0,2199.0,2166.0,722.0,722.0,722.0,731.0,731.0,731.0,725.0,725.0,725.0,1463.0,1463.0,1463.0,722.0,722.0,722.0,731.0,731.0,731.0
1.0,4413.0,2175.0,2193.0,2166.0,2175.0,725.0,725.0,725.0,731.0,731.0,731.0,725.0,725.0,725.0,1471.0,1471.0,1471.0,725.0,725.0,725.0,731.0,731.0,731.0
1.0,4404.0,2148.0,2193.0,2175.0,2148.0,716.0,716.0,716.0,731.0,731.0,731.0,716.0,716.0,716.0,1468.0,1468.0,1468.0,716.0,716.0,716.0,731.0,731.0,731.0
1.0,4431.0,2196.0,2193.0,2148.0,2196.0,732.0,732.0,732.0,731.0,731.0,731.0,732.0,732.0,732.0,1477.0,1477.0,1477.0,732.0,732.0,732.0,731.0,731.0,731.0
1.0,4383.0,2274.0,2196.0,2196.0,2283.0,761.0,761.0,761.0,732.0,732.0,732.0,758.0,758.0,758.0,1461.0,1461.0,1461.0,761.0,761.0,761.0,732.0,732.0,732.0
1.0,4305.0,2223.0,2196.0,2283.0,2223.0,741.0,741.0,741.0,732.0,732.0,732.0,741.0,741.0,741.0,1435.0,1435.0,1435.0,741.0,741.0,741.0,732.0,732.0,732.0
1.0,4365.0,2169.0,2196.0,2223.0,2169.0,723.0,723.0,723.0,732.0,732.0,732.0,723.0,723.0,723.0,1455.0,1455.0,1455.0,723.0,723.0,723.0,732.0,732.0,732.0
1.0,4419.0,2157.0,2196.0,2169.0,2157.0,719.0,719.0,719.0,732.0,732.0,732.0,719.0,719.0,719.0,1473.0,1473.0,1473.0,719.0,719.0,719.0,732.0,732.0,732.0
1.0,4431.0,2151.0,2193.0,2157.0,2142.0,714.0,714.0,714.0,731.0,731.0,731.0,717.0,717.0,717.0,1477.0,1477.0,1477.0,714.0,714.0,714.0,731.0,731.0,731.0
1.0,4437.0,2253.0,2196.0,2142.0,2262.0,754.0,754.0,754.0,732.0,732.0,732.0,751.0,751.0,751.0,1479.0,1479.0,1479.0,754.0,754.0,754.0,732.0,732.0,732.0
1.0,4326.0,2247.0,2196.0,2262.0,2247.0,749.0,749.0,749.0,732.0,732.0,732.0,749.0,749.0,749.0,1442.0,1442.0,1442.0,749.0,749.0,749.0,732.0,732.0,732.0
1.0,4341.0,2247.0,2199.0,2247.0,2256.0,752.0,752.0,752.0,733.0,733.0,733.0,749.0,749.0,749.0,1447.0,1447.0,1447.0,752.0,752.0,752.0,733.0,733.0,733.0
1.0,4341.0,2211.0,2199.0,2256.0,2211.0,737.0,737.0,737.0,733.0,733.0,733.0,737.0,737.0,737.0,1447.0,1447.0,1447.0,737.0,737.0,737.0,733.0,733.0,733.0
1.0,4386.0,2124.0,2199.0,2211.0,2124.0,708.0,708.0,708.0,733.0,733.0,733.0,708.0,708.0,708.0,1462.0,1462.0,1462.0,708.0,708.0,708.0,733.0,733.0,733.0
1.0,4473.0,2166.0,2196.0,2124.0,2157.0,719.0,719.0,719.0,732.0,732.0,732.0,722.0,722.0,722.0,1491.0,1491.0,1491.0,719.0,719.0,719.0,732.0,732.0,732.0
1.0,4431.0,2208.0,2196.0,2157.0,2208.0,736.0,736.0,736.0,732.0,732.0,732.0,736.0,736.0,736.0,1477.0,1477.0,1477.0,736.0,736.0,736.0,732.0,732.0,732.0
1.0,4380.0,2172.0,2199.0,2208.0,2181.0,727.0,727.0,727.0,733.0,733.0,733.0,724.0,724.0,724.0,1460.0,1460.0,1460.0,727.0,727.0,727.0,733.0,733.0,733.0
1.0,4416.0,2220.0,2199.0,2181.0,2220.0,740.0,740.0,740.0,733.0,733.0,733.0,740.0,740.0,740.0,1472.0,1472.0,1472.0,740.0,740.0,740.0,733.0,733.0,733.0
1.0,4377.0,2265.0,2202.0,2220.0,2274.0,758.0,758.0,758.0,734.0,734.0,734.0,755.0,755.0,755.0,1459.0,1459.0,1459.0,758.0,758.0,758.0,734.0,734.0,734.0
1.0,4332.0,2277.0,2205.0,2274.0,2286.0,762.0,762.0,762.0,735.0,735.0,735.0,759.0,759.0,759.0,1444.0,1444.0,1444.0,762.0,762.0,762.0,735.0,735.0,735.0
1.0,4329.0,2250.0,2205.0,2286.0,2250.0,750.0,750.0,750.0,735.0,735.0,735.0,750.0,750.0,750.0,1443.0,1443.0,1443.0,750.0,750.0,750.0,735.0,735.0,735.0
1.0,4365.0,2214.0,2205.0,2250.0,2214.0,738.0,738.0,738.0,735.0,735.0,735.0,738.0,738.0,738.0,1455.0,1455.0,1455.0,738.0,738.0,738.0,735.0,735.0,735.0
1.0,4401.0,2154.0,2205.0,2214.0,2154.0,718.0,718.0,718.0,735.0,735.0,735.0,718.0,718.0,718.0,1467.0,1467.0,1467.0,718.0,718.0,718.0,735.0,735.0,735.0
1.0,4461.0,2184.0,2205.0,2154.0,2184.0,728.0,728.0,728.0,735.0,735.0,735.0,728.0,728.0,728.0,1487.0,1487.0,1487.0,728.0,728.0,728.0,735.0,735.0,735.0
1.0,4431.0,2292.0,2205.0,2184.0,2292.0,764.0,764.0,764.0,735.0,735.0,735.0,764.0,764.0,764.0,1477.0,1477.0,1477.0,764.0,764.0,764.0,735.0,735.0,735.0
1.0,4323.0,2319.0,2208.0,2292.0,2328.0,776.0,776.0,776.0,736.0,736.0,736.0,773.0,773.0,773.0,1441.0,1441.0,1441.0,776.0,776.0,776.0,736.0,736.0,736.0
1.0,4296.0,2247.0,2208.0,2328.0,2247.0,749.0,749.0,749.0,736.0,736.0,736.0,749.0,749.0,749.0,1432.0,1432.0,1432.0,749.0,749.0,749.0,736.0,736.0,736.0
1.0,4377.0,2217.0,2208.0,2247.0,2217.0,739.0,739.0,739.0,736.0,736.0,736.0,739.0,739.0,739.0,1459.0,1459.0,1459.0,739.0,739.0,739.0,736.0,736.0,736.0
1.0,4407.0,2163.0,2208.0,2217.0,2163.0,721.0,721.0,721.0,736.0,736.0,736.0,721.0,721.0,721.0,1469.0,1469.0,1469.0,721.0,721.0,721.0,736.0,736.0,736.0
1.0,4461.0,2241.0,2208.0,2163.0,2241.0,747.0,747.0,747.0,736.0,736.0,736.0,747.0,747.0,747.0,1487.0,1487.0,1487.0,747.0,747.0,747.0,736.0,736.0,736.0
1.0,4383.0,2250.0,2211.0,2241.0,2259.0,753.0,753.0,753.0,737.0,737.0,737.0,750.0,750.0,750.0,1461.0,1461.0,1461.0,753.0,753.0,753.0,737.0,737.0,737.0
1.0,4374.0,2286.0,2211.0,2259.0,2286.0,762.0,762.0,762.0,737.0,737.0,737.0,762.0,762.0,762.0,1458.0,1458.0,1458.0,762.0,762.0,762.0,737.0,737.0,737.0
1.0,4347.0,2310.0,2217.0,2286.0,2328.0,776.0,776.0,776.0,739.0,739.0,739.0,770.0,770.0,770.0,1449.0,1449.0,1449.0,776.0,776.0,776.0,739.0,739.0,739.0
1.0,4323.0,2247.0,2217.0,2328.0,2247.0,749.0,749.0,749.0,739.0,739.0,739.0,749.0,749.0,749.0,1441.0,1441.0,1441.0,749.0,749.0,749.0,739.0,739.0,739.0
1.0,4404.0,2196.0,2217.0,2247.0,2196.0,732.0,732.0,732.0,739.0,739.0,739.0,732.0,732.0,732.0,1468.0,1468.0,1468.0,732.0,732.0,732.0,739.0,739.0,739.0
1.0,4455.0,2151.0,2214.0,2196.0,2142.0,714.0,714.0,714.0,738.0,738.0,738.0,717.0,717.0,717.0,1485.0,1485.0,1485.0,714.0,714.0,714.0,738.0,738.0,738.0
1.0,4500.0,2154.0,2214.0,2142.0,2154.0,718.0,718.0,718.0,738.0,738.0,738.0,718.0,718.0,718.0,1500.0,1500.0,1500.0,718.0,718.0,718.0,738.0,738.0,738.0
1.0,4488.0,2259.0,2214.0,2154.0,2259.0,753.0,753.0,753.0,738.0,738.0,738.0,753.0,753.0,753.0,1496.0,1496.0,1496.0,753.0,753.0,753.0,738.0,738.0,738.0
1.0,4383.0,2268.0,2217.0,2259.0,2277.0,759.0,759.0,759.0,739.0,739.0,739.0,756.0,756.0,756.0,1461.0,1461.0,1461.0,759.0,759.0,759.0,739.0,739.0,739.0
1.0,4374.0,2283.0,2220.0,2277.0,2292.0,764.0,764.0,764.0,740.0,740.0,740.0,761.0,761.0,761.0,1458.0,1458.0,1458.0,764.0,764.0,764.0,740.0,740.0,740.0
1.0,4368.0,2238.0,2220.0,2292.0,2238.0,746.0,746.0,746.0,740.0,740.0,740.0,746.0,746.0,746.0,1456.0,1456.0,1456.0,746.0,746.0,746.0,740.0,740.0,740.0
1.0,4422.0,2208.0,2220.0,2238.0,2208.0,736.0,736.0,736.0,740.0,740.0,740.0,736.0,736.0,736.0,1474.0,1474.0,1474.0,736.0,736.0,736.0,740.0,740.0,740.0
1.0,4452.0,2205.0,2217.0,2208.0,2196.0,732.0,732.0,732.0,739.0,739.0,739.0,735.0,735.0,735.0,1484.0,1484.0,1484.0,732.0,732.0,732.0,739.0,739.0,739.0
1.0,4455.0,2211.0,2217.0,2196.0,2211.0,737.0,737.0,737.0,739.0,739.0,739.0,737.0,737.0,737.0,1485.0,1485.0,1485.0,737.0,737.0,737.0,739.0,739.0,739.0
1.0,4440.0,2220.0,2217.0,2211.0,2220.0,740.0,740.0,740.0,739.0,739.0,739.0,740.0,740.0,740.0,1480.0,1480.0,1480.0,740.0,740.0,740.0,739.0,739.0,739.0
1.0,4431.0,2304.0,2220.0,2220.0,2313.0,771.0,771.0,771.0,740.0,740.0,740.0,768.0,768.0,768.0,1477.0,1477.0,1477.0,771.0,771.0,771.0,740.0,740.0,740.0
1.0,4347.0,2307.0,2223.0,2313.0,2316.0,772.0,772.0,772.0,741.0,741.0,741.0,769.0,769.0,769.0,1449.0,1449.0,1449.0,772.0,772.0,772.0,741.0,741.0,741.0
1.0,4353.0,2286.0,2223.0,2316.0,2286.0,762.0,762.0,762.0,741.0,741.0,741.0,762.0,762.0,762.0,1451.0,1451.0,1451.0,762.0,762.0,762.0,741.0,741.0,741.0
1.0,4383.0,2202.0,2223.0,2286.0,2202.0,734.0,734.0,734.0,741.0,741.0,741.0,734.0,734.0,734.0,1461.0,1461.0,1461.0,734.0,734.0,734.0,741.0,741.0,741.0
1.0,4467.0,2214.0,2223.0,2202.0,2214.0,738.0,738.0,738.0,741.0,741.0,741.0,738.0,738.0,738.0,1489.0,1489.0,1489.0,738.0,738.0,738.0,741.0,741.0,741.0
1.0,4455.0,2190.0,2223.0,2214.0,2190.0,730.0,730.0,730.0,741.0,741.0,741.0,730.0,730.0,730.0,1485.0,1485.0,1485.0,730.0,730.0,730.0,741.0,741.0,741.0
1.0,4479.0,2184.0,2220.0,2190.0,2175.0,725.0,725.0,725.0,740.0,740.0,740.0,728.0,728.0,728.0,1493.0,1493.0,1493.0,725.0,725.0,725.0,740.0,740.0,740.0
1.0,4485.0,2253.0,2223.0,2175.0,2262.0,754.0,754.0,754.0,741.0,741.0,741.0,751.0,751.0,751.0,1495.0,1495.0,1495.0,754.0,754.0,754.0,741.0,741.0,741.0
1.0,4407.0,2232.0,2223.0,2262.0,2232.0,744.0,744.0,744.0,741.0,741.0,741.0,744.0,744.0,744.0,1469.0,1469.0,1469.0,744.0,744.0,744.0,741.0,741.0,741.0
1.0,4437.0,2310.0,2226.0,2232.0,2319.0,773.0,773.0,773.0,742.0,742.0,742.0,770.0,770.0,770.0,1479.0,1479.0,1479.0,773.0,773.0,773.0,742.0,742.0,742.0
1.0,4359.0,2220.0,2229.0,2319.0,2229.0,743.0,743.0,743.0,743.0,743.0,743.0,740.0,740.0,740.0,1453.0,1453.0,1453.0,743.0,743.0,743.0,743.0,743.0,743.0
1.0,4458.0,2184.0,2226.0,2229.0,2175.0,725.0,725.0,725.0,742.0,742.0,742.0,728.0,728.0,728.0,1486.0,1486.0,1486.0,725.0,725.0,725.0,742.0,742.0,742.0
1.0,4503.0,2238.0,2226.0,2175.0,2238.0,746.0,746.0,746.0,742.0,742.0,742.0,746.0,746.0,746.0,1501.0,1501.0,1501.0,746.0,746.0,746.0,742.0,742.0,742.0
1.0,4440.0,2247.0,2229.0,2238.0,2256.0,752.0,752.0,752.0,743.0,743.0,743.0,749.0,749.0,749.0,1480.0,1480.0,1480.0,752.0,752.0,752.0,743.0,743.0,743.0
1.0,4431.0,2268.0,2229.0,2256.0,2268.0,756.0,756.0,756.0,743.0,743.0,743.0,756.0,756.0,756.0,1477.0,1477.0,1477.0,756.0,756.0,756.0,743.0,743.0,743.0
1.0,4419.0,2292.0,2232.0,2268.0,2301.0,767.0,767.0,767.0,744.0,744.0,744.0,764.0,764.0,764.0,1473.0,1473.0,1473.0,767.0,767.0,767.0,744.0,744.0,744.0
1.0,4395.0,2289.0,2232.0,2301.0,2289.0,763.0,763.0,763.0,744.0,744.0,744.0,763.0,763.0,763.0,1465.0,1465.0,1465.0,763.0,763.0,763.0,744.0,744.0,744.0
1.0,4407.0,2268.0,2235.0,2289.0,2277.0,759.0,759.0,759.0,745.0,745.0,745.0,756.0,756.0,756.0,1469.0,1469.0,1469.0,759.0,759.0,759.0,745.0,745.0,745.0
1.0,4428.0,2199.0,2232.0,2277.0,2190.0,730.0,730.0,730.0,744.0,744.0,744.0,733.0,733.0,733.0,1476.0,1476.0,1476.0,730.0,730.0,730.0,744.0,744.0,744.0
1.0,4506.0,2154.0,2232.0,2190.0,2154.0,718.0,718.0,718.0,744.0,744.0,744.0,718.0,718.0,718.0,1502.0,1502.0,1502.0,718.0,718.0,718.0,744.0,744.0,744.0
1.0,4542.0,2271.0,2235.0,2154.0,2280.0,760.0,760.0,760.0,745.0,745.0,745.0,757.0,757.0,757.0,1514.0,1514.0,1514.0,760.0,760.0,760.0,745.0,745.0,745.0
1.0,4425.0,2274.0,2235.0,2280.0,2274.0,758.0,758.0,758.0,745.0,745.0,745.0,758.0,758.0,758.0,1475.0,1475.0,1475.0,758.0,758.0,758.0,745.0,745.0,745.0
1.0,4431.0,2277.0,2238.0,2274.0,2286.0,762.0,762.0,762.0,746.0,746.0,746.0,759.0,759.0,759.0,1477.0,1477.0,1477.0,762.0,762.0,762.0,746.0,746.0,746.0
1.0,4428.0,2289.0,2241.0,2286.0,2298.0,766.0,766.0,766.0,747.0,747.0,747.0,763.0,763.0,763.0,1476.0,1476.0,1476.0,766.0,766.0,766.0,747.0,747.0,747.0
1.0,4425.0,2169.0,2238.0,2298.0,2160.0,720.0,720.0,720.0,746.0,746.0,746.0,723.0,723.0,723.0,1475.0,1475.0,1475.0,720.0,720.0,720.0,746.0,746.0,746.0
1.0,4554.0,2193.0,2238.0,2160.0,2193.0,731.0,731.0,731.0,746.0,746.0,746.0,731.0,731.0,731.0,1518.0,1518.0,1518.0,731.0,731.0,731.0,746.0,746.0,746.0
1.0,4521.0,2211.0,2235.0,2193.0,2202.0,734.0,734.0,734.0,745.0,745.0,745.0,737.0,737.0,737.0,1507.0,1507.0,1507.0,734.0,734.0,734.0,745.0,745.0,745.0
1.0,4503.0,2247.0,2235.0,2202.0,2247.0,749.0,749.0,749.0,745.0,745.0,745.0,749.0,749.0,749.0,1501.0,1501.0,1501.0,749.0,749.0,749.0,745.0,745.0,745.0
1.0,4458.0,2280.0,2238.0,2247.0,2289.0,763.0,763.0,763.0,746.0,746.0,746.0,760.0,760.0,760.0,1486.0,1486.0,1486.0,763.0,763.0,763.0,746.0,746.0,746.0
1.0,4425.0,2253.0,2238.0,2289.0,2253.0,751.0,751.0,751.0,746.0,746.0,746.0,751.0,751.0,751.0,1475.0,1475.0,1475.0,751.0,751.0,751.0,746.0,746.0,746.0
1.0,4461.0,2265.0,2241.0,2253.0,2274.0,758.0,758.0,758.0,747.0,747.0,747.0,755.0,755.0,755.0,1487.0,1487.0,1487.0,758.0,758.0,758.0,747.0,747.0,747.0
1.0,4449.0,2196.0,2238.0,2274.0,2187.0,729.0,729.0,729.0,746.0,746.0,746.0,732.0,732.0,732.0,1483.0,1483.0,1483.0,729.0,729.0,729.0,746.0,746.0,746.0
1.0,4527.0,2235.0,2238.0,2187.0,2235.0,745.0,745.0,745.0,746.0,746.0,746.0,745.0,745.0,745.0,1509.0,1509.0,1509.0,745.0,745.0,745.0,746.0,746.0,746.0
1.0,4479.0,2178.0,2235.0,2235.0,2169.0,723.0,723.0,723.0,745.0,745.0,745.0,726.0,726.0,726.0,1493.0,1493.0,1493.0,723.0,723.0,723.0,745.0,745.0,745.0
1.0,4536.0,2265.0,2238.0,2169.0,2274.0,758.0,758.0,758.0,746.0,746.0,746.0,755.0,755.0,755.0,1512.0,1512.0,1512.0,758.0,758.0,758.0,746.0,746.0,746.0
1.0,4440.0,2277.0,2238.0,2274.0,2277.0,759.0,759.0,759.0,746.0,746.0,746.0,759.0,759.0,759.0,1480.0,1480.0,1480.0,759.0,759.0,759.0,746.0,746.0,746.0
1.0,4437.0,2283.0,2241.0,2277.0,2292.0,764.0,764.0,764.0,747.0,747.0,747.0,761.0,761.0,761.0,1479.0,1479.0,1479.0,764.0,764.0,764.0,747.0,747.0,747.0
1.0,4431.0,2268.0,2241.0,2292.0,2268.0,756.0,756.0,756.0,747.0,747.0,747.0,756.0,756.0,756.0,1477.0,1477.0,1477.0,756.0,756.0,756.0,747.0,747.0,747.0
1.0,4455.0,2229.0,2238.0,2268.0,2220.0,740.0,740.0,740.0,746.0,746.0,746.0,743.0,743.0,743.0,1485.0,1485.0,1485.0,740.0,740.0,740.0,746.0,746.0,746.0
1.0,4494.0,2208.0,2238.0,2220.0,2208.0,736.0,736.0,736.0,746.0,746.0,746.0,736.0,736.0,736.0,1498.0,1498.0,1498.0,736.0,736.0,736.0,746.0,746.0,746.0
1.0,4506.0,2199.0,2238.0,2208.0,2199.0,733.0,733.0,733.0,746.0,746.0,746.0,733.0,733.0,733.0,1502.0,1502.0,1502.0,733.0,733.0,733.0,746.0,746.0,746.0
1.0,4515.0,2310.0,2238.0,2199.0,2310.0,770.0,770.0,770.0,746.0,746.0,746.0,770.0,770.0,770.0,1505.0,1505.0,1505.0,770.0,770.0,770.0,746.0,746.0,746.0
1.0,4404.0,2295.0,2241.0,2310.0,2304.0,768.0,768.0,768.0,747.0,747.0,747.0,765.0,765.0,765.0,1468.0,1468.0,1468.0,768.0,768.0,768.0,747.0,747.0,747.0
1.0,4419.0,2301.0,2244.0,2304.0,2310.0,770.0,770.0,770.0,748.0,748.0,748.0,767.0,767.0,767.0,1473.0,1473.0,1473.0,770.0,770.0,770.0,748.0,748.0,748.0
1.0,4422.0,2223.0,2244.0,2310.0,2223.0,741.0,741.0,741.0,748.0,748.0,748.0,741.0,741.0,741.0,1474.0,1474.0,1474.0,741.0,741.0,741.0,748.0,748.0,748.0
1.0,4509.0,2223.0,2244.0,2223.0,2223.0,741.0,741.0,741.0,748.0,748.0,748.0,741.0,741.0,741.0,1503.0,1503.0,1503.0,741.0,741.0,741.0,748.0,748.0,748.0
1.0,4509.0,2241.0,2241.0,2223.0,2232.0,744.0,744.0,744.0,747.0,747.0,747.0,747.0,747.0,747.0,1503.0,1503.0,1503.0,744.0,744.0,744.0,747.0,747.0,747.0
1.0,4491.0,2214.0,2241.0,2232.0,2214.0,738.0,738.0,738.0,747.0,747.0,747.0,738.0,738.0,738.0,1497.0,1497.0,1497.0,738.0,738.0,738.0,747.0,747.0,747.0
1.0,4509.0,2247.0,2241.0,2214.0,2247.0,749.0,749.0,749.0,747.0,747.0,747.0,749.0,749.0,749.0,1503.0,1503.0,1503.0,749.0,749.0,749.0,747.0,747.0,747.0
1.0,4476.0,2313.0,2244.0,2247.0,2322.0,774.0,774.0,774.0,748.0,748.0,748.0,771.0,771.0,771.0,1492.0,1492.0,1492.0,774.0,774.0,774.0,748.0,748.0,748.0
1.0,4410.0,2310.0,2247.0,2322.0,2319.0,773.0,773.0,773.0,749.0,749.0,749.0,770.0,770.0,770.0,1470.0,1470.0,1470.0,773.0,773.0,773.0,749.0,749.0,749.0
1.0,4422.0,2325.0,2247.0,2319.0,2325.0,775.0,775.0,775.0,749.0,749.0,749.0,775.0,775.0,775.0,1474.0,1474.0,1474.0,775.0,775.0,775.0,749.0,749.0,749.0
1.0,4416.0,2250.0,2247.0,2325.0,2250.0,750.0,750.0,750.0,749.0,749.0,749.0,750.0,750.0,750.0,1472.0,1472.0,1472.0,750.0,750.0,750.0,749.0,749.0,749.0
1.0,4491.0,2196.0,2244.0,2250.0,2187.0,729.0,729.0,729.0,748.0,748.0,748.0,732.0,732.0,732.0,1497.0,1497.0,1497.0,729.0,729.0,729.0,748.0,748.0,748.0
1.0,4545.0,2220.0,2244.0,2187.0,2220.0,740.0,740.0,740.0,748.0,748.0,748.0,740.0,740.0,740.0,1515.0,1515.0,1515.0,740.0,740.0,740.0,748.0,748.0,748.0
1.0,4512.0,2235.0,2244.0,2220.0,2235.0,745.0,745.0,745.0,748.0,748.0,748.0,745.0,745.0,745.0,1504.0,1504.0,1504.0,745.0,745.0,745.0,748.0,748.0,748.0
1.0,4497.0,2340.0,2247.0,2235.0,2349.0,783.0,783.0,783.0,749.0,749.0,749.0,780.0,780.0,780.0,1499.0,1499.0,1499.0,783.0,783.0,783.0,749.0,749.0,749.0
1.0,4392.0,2367.0,2250.0,2349.0,2376.0,792.0,792.0,792.0,750.0,750.0,750.0,789.0,789.0,789.0,1464.0,1464.0,1464.0,792.0,792.0,792.0,750.0,750.0,750.0
1.0,4374.0,2313.0,2253.0,2376.0,2322.0,774.0,774.0,774.0,751.0,751.0,751.0,771.0,771.0,771.0,1458.0,1458.0,1458.0,774.0,774.0,774.0,751.0,751.0,751.0
1.0,4437.0,2286.0,2253.0,2322.0,2286.0,762.0,762.0,762.0,751.0,751.0,751.0,762.0,762.0,762.0,1479.0,1479.0,1479.0,762.0,762.0,762.0,751.0,751.0,751.0
1.0,4473.0,2181.0,2253.0,2286.0,2181.0,727.0,727.0,727.0,751.0,751.0,751.0,727.0,727.0,727.0,1491.0,1491.0,1491.0,727.0,727.0,727.0,751.0,751.0,751.0
1.0,4578.0,2178.0,2250.0,2181.0,2169.0,723.0,723.0,723.0,750.0,750.0,750.0,726.0,726.0,726.0,1526.0,1526.0,1526.0,723.0,723.0,723.0,750.0,750.0,750.0
1.0,4581.0,2238.0,2250.0,2169.0,2238.0,746.0,746.0,746.0,750.0,750.0,750.0,746.0,746.0,746.0,1527.0,1527.0,1527.0,746.0,746.0,746.0,750.0,750.0,750.0
1.0,4512.0,2307.0,2253.0,2238.0,2316.0,772.0,772.0,772.0,751.0,751.0,751.0,769.0,769.0,769.0,1504.0,1504.0,1504.0,772.0,772.0,772.0,751.0,751.0,751.0
1.0,4443.0,2358.0,2256.0,2316.0,2367.0,789.0,789.0,789.0,752.0,752.0,752.0,786.0,786.0,786.0,1481.0,1481.0,1481.0,789.0,789.0,789.0,752.0,752.0,752.0
1.0,4401.0,2358.0,2256.0,2367.0,2358.0,786.0,786.0,786.0,752.0,752.0,752.0,786.0,786.0,786.0,1467.0,1467.0,1467.0,786.0,786.0,786.0,752.0,752.0,752.0
1.0,4410.0,2193.0,2256.0,2358.0,2193.0,731.0,731.0,731.0,752.0,752.0,752.0,731.0,731.0,731.0,1470.0,1470.0,1470.0,731.0,731.0,731.0,752.0,752.0,752.0
1.0,4575.0,2163.0,2253.0,2193.0,2154.0,718.0,718.0,718.0,751.0,751.0,751.0,721.0,721.0,721.0,1525.0,1525.0,1525.0,718.0,718.0,718.0,751.0,751.0,751.0
1.0,4605.0,2274.0,2253.0,2154.0,2274.0,758.0,758.0,758.0,751.0,751.0,751.0,758.0,758.0,758.0,1535.0,1535.0,1535.0,758.0,758.0,758.0,751.0,751.0,751.0
1.0,4485.0,2241.0,2253.0,2274.0,2241.0,747.0,747.0,747.0,751.0,751.0,751.0,747.0,747.0,747.0,1495.0,1495.0,1495.0,747.0,747.0,747.0,751.0,751.0,751.0
1.0,4518.0,2322.0,2256.0,2241.0,2331.0,777.0,777.0,777.0,752.0,752.0,752.0,774.0,774.0,774.0,1506.0,1506.0,1506.0,777.0,777.0,777.0,752.0,752.0,752.0
1.0,4437.0,2340.0,2259.0,2331.0,2349.0,783.0,783.0,783.0,753.0,753.0,753.0,780.0,780.0,780.0,1479.0,1479.0,1479.0,783.0,783.0,783.0,753.0,753.0,753.0
1.0,4428.0,2295.0,2259.0,2349.0,2295.0,765.0,765.0,765.0,753.0,753.0,753.0,765.0,765.0,765.0,1476.0,1476.0,1476.0,765.0,765.0,765.0,753.0,753.0,753.0
1.0,4482.0,2337.0,2259.0,2295.0,2337.0,779.0,779.0,779.0,753.0,753.0,753.0,779.0,779.0,779.0,1494.0,1494.0,1494.0,779.0,779.0,779.0,753.0,753.0,753.0
1.0,4440.0,2193.0,2259.0,2337.0,2193.0,731.0,731.0,731.0,753.0,753.0,753.0,731.0,731.0,731.0,1480.0,1480.0,1480.0,731.0,731.0,731.0,753.0,753.0,753.0
1.0,4584.0,2247.0,2256.0,2193.0,2238.0,746.0,746.0,746.0,752.0,752.0,752.0,749.0,749.0,749.0,1528.0,1528.0,1528.0,746.0,746.0,746.0,752.0,752.0,752.0
1.0,4530.0,2256.0,2259.0,2238.0,2265.0,755.0,755.0,755.0,753.0,753.0,753.0,752.0,752.0,752.0,1510.0,1510.0,1510.0,755.0,755.0,755.0,753.0,753.0,753.0
1.0,4512.0,2367.0,2262.0,2265.0,2376.0,792.0,792.0,792.0,754.0,754.0,754.0,789.0,789.0,789.0,1504.0,1504.0,1504.0,792.0,792.0,792.0,754.0,754.0,754.0
1.0,4410.0,2322.0,2265.0,2376.0,2331.0,777.0,777.0,777.0,755.0,755.0,755.0,774.0,774.0,774.0,1470.0,1470.0,1470.0,777.0,777.0,777.0,755.0,755.0,755.0
1.0,4464.0,2343.0,2268.0,2331.0,2352.0,784.0,784.0,784.0,756.0,756.0,756.0,781.0,781.0,781.0,1488.0,1488.0,1488.0,784.0,784.0,784.0,756.0,756.0,756.0
1.0,4452.0,2247.0,2265.0,2352.0,2238.0,746.0,746.0,746.0,755.0,755.0,755.0,749.0,749.0,749.0,1484.0,1484.0,1484.0,746.0,746.0,746.0,755.0,755.0,755.0
1.0,4557.0,2205.0,2265.0,2238.0,2205.0,735.0,735.0,735.0,755.0,755.0,755.0,735.0,735.0,735.0,1519.0,1519.0,1519.0,735.0,735.0,735.0,755.0,755.0,755.0
1.0,4590.0,2202.0,2265.0,2205.0,2202.0,734.0,734.0,734.0,755.0,755.0,755.0,734.0,734.0,734.0,1530.0,1530.0,1530.0,734.0,734.0,734.0,755.0,755.0,755.0
1.0,4593.0,2280.0,2265.0,2202.0,2280.0,760.0,760.0,760.0,755.0,755.0,755.0,760.0,760.0,760.0,1531.0,1531.0,1531.0,760.0,760.0,760.0,755.0,755.0,755.0
1.0,4515.0,2361.0,2268.0,2280.0,2370.0,790.0,790.0,790.0,756.0,756.0,756.0,787.0,787.0,787.0,1505.0,1505.0,1505.0,790.0,790.0,790.0,756.0,756.0,756.0
1.0,4434.0,2385.0,2271.0,2370.0,2394.0,798.0,798.0,798.0,757.0,757.0,757.0,795.0,795.0,795.0,1478.0,1478.0,1478.0,798.0,798.0,798.0,757.0,757.0,757.0
1.0,4419.0,2304.0,2274.0,2394.0,2313.0,771.0,771.0,771.0,758.0,758.0,758.0,768.0,768.0,768.0,1473.0,1473.0,1473.0,771.0,771.0,771.0,758.0,758.0,758.0
1.0,4509.0,2295.0,2274.0,2313.0,2295.0,765.0,765.0,765.0,758.0,758.0,758.0,765.0,765.0,765.0,1503.0,1503.0,1503.0,765.0,765.0,765.0,758.0,758.0,758.0
1.0,4527.0,2229.0,2271.0,2295.0,2220.0,740.0,740.0,740.0,757.0,757.0,757.0,743.0,743.0,743.0,1509.0,1509.0,1509.0,740.0,740.0,740.0,757.0,757.0,757.0
1.0,4593.0,2178.0,2271.0,2220.0,2178.0,726.0,726.0,726.0,757.0,757.0,757.0,726.0,726.0,726.0,1531.0,1531.0,1531.0,726.0,726.0,726.0,757.0,757.0,757.0
1.0,4635.0,2295.0,2271.0,2178.0,2295.0,765.0,765.0,765.0,757.0,757.0,757.0,765.0,765.0,765.0,1545.0,1545.0,1545.0,765.0,765.0,765.0,757.0,757.0,757.0
1.0,4518.0,2340.0,2274.0,2295.0,2349.0,783.0,783.0,783.0,758.0,758.0,758.0,780.0,780.0,780.0,1506.0,1506.0,1506.0,783.0,783.0,783.0,758.0,758.0,758.0
1.0,4473.0,2364.0,2277.0,2349.0,2373.0,791.0,791.0,791.0,759.0,759.0,759.0,788.0,788.0,788.0,1491.0,1491.0,1491.0,791.0,791.0,791.0,759.0,759.0,759.0
1.0,4458.0,2310.0,2277.0,2373.0,2310.0,770.0,770.0,770.0,759.0,759.0,759.0,770.0,770.0,770.0,1486.0,1486.0,1486.0,770.0,770.0,770.0,759.0,759.0,759.0
1.0,4521.0,2301.0,2277.0,2310.0,2301.0,767.0,767.0,767.0,759.0,759.0,759.0,767.0,767.0,767.0,1507.0,1507.0,1507.0,767.0,767.0,767.0,759.0,759.0,759.0
1.0,4530.0,2262.0,2277.0,2301.0,2262.0,754.0,754.0,754.0,759.0,759.0,759.0,754.0,754.0,754.0,1510.0,1510.0,1510.0,754.0,754.0,754.0,759.0,759.0,759.0
1.0,4569.0,2295.0,2277.0,2262.0,2295.0,765.0,765.0,765.0,759.0,759.0,759.0,765.0,765.0,765.0,1523.0,1523.0,1523.0,765.0,765.0,765.0,759.0,759.0,759.0
1.0,4536.0,2304.0,2280.0,2295.0,2313.0,771.0,771.0,771.0,760.0,760.0,760.0,768.0,768.0,768.0,1512.0,1512.0,1512.0,771.0,771.0,771.0,760.0,760.0,760.0
1.0,4527.0,2337.0,2280.0,2313.0,2337.0,779.0,779.0,779.0,760.0,760.0,760.0,779.0,779.0,779.0,1509.0,1509.0,1509.0,779.0,779.0,779.0,760.0,760.0,760.0
1.0,4503.0,2298.0,2283.0,2337.0,2307.0,769.0,769.0,769.0,761.0,761.0,761.0,766.0,766.0,766.0,1501.0,1501.0,1501.0,769.0,769.0,769.0,761.0,761.0,761.0
1.0,4542.0,2310.0,2283.0,2307.0,2310.0,770.0,770.0,770.0,761.0,761.0,761.0,770.0,770.0,770.0,1514.0,1514.0,1514.0,770.0,770.0,770.0,761.0,761.0,761.0
1.0,4539.0,2262.0,2283.0,2310.0,2262.0,754.0,754.0,754.0,761.0,761.0,761.0,754.0,754.0,754.0,1513.0,1513.0,1513.0,754.0,754.0,754.0,761.0,761.0,761.0
1.0,4587.0,2274.0,2283.0,2262.0,2274.0,758.0,758.0,758.0,761.0,761.0,761.0,758.0,758.0,758.0,1529.0,1529.0,1529.0,758.0,758.0,758.0,761.0,761.0,761.0
1.0,4575.0,2265.0,2280.0,2274.0,2256.0,752.0,752.0,752.0,760.0,760.0,760.0,755.0,755.0,755.0,1525.0,1525.0,1525.0,752.0,752.0,752.0,760.0,760.0,760.0
1.0,4584.0,2310.0,2283.0,2256.0,2319.0,773.0,773.0,773.0,761.0,761.0,761.0,770.0,770.0,770.0,1528.0,1528.0,1528.0,773.0,773.0,773.0,761.0,761.0,761.0
1.0,4530.0,2352.0,2286.0,2319.0,2361.0,787.0,787.0,787.0,762.0,762.0,762.0,784.0,784.0,784.0,1510.0,1510.0,1510.0,787.0,787.0,787.0,762.0,762.0,762.0
1.0,4497.0,2319.0,2286.0,2361.0,2319.0,773.0,773.0,773.0,762.0,762.0,762.0,773.0,773.0,773.0,1499.0,1499.0,1499.0,773.0,773.0,773.0,762.0,762.0,762.0
1.0,4539.0,2370.0,2289.0,2319.0,2379.0,793.0,793.0,793.0,763.0,763.0,763.0,790.0,790.0,790.0,1513.0,1513.0,1513.0,793.0,793.0,793.0,763.0,763.0,763.0
1.0,4488.0,2277.0,2289.0,2379.0,2277.0,759.0,759.0,759.0,763.0,763.0,763.0,759.0,759.0,759.0,1496.0,1496.0,1496.0,759.0,759.0,759.0,763.0,763.0,763.0
1.0,4590.0,2202.0,2286.0,2277.0,2193.0,731.0,731.0,731.0,762.0,762.0,762.0,734.0,734.0,734.0,1530.0,1530.0,1530.0,731.0,731.0,731.0,762.0,762.0,762.0
1.0,4665.0,2250.0,2283.0,2193.0,2241.0,747.0,747.0,747.0,761.0,761.0,761.0,750.0,750.0,750.0,1555.0,1555.0,1555.0,747.0,747.0,747.0,761.0,761.0,761.0
1.0,4608.0,2325.0,2286.0,2241.0,2334.0,778.0,778.0,778.0,762.0,762.0,762.0,775.0,775.0,775.0,1536.0,1536.0,1536.0,778.0,778.0,778.0,762.0,762.0,762.0
1.0,4524.0,2310.0,2286.0,2334.0,2310.0,770.0,770.0,770.0,762.0,762.0,762.0,770.0,770.0,770.0,1508.0,1508.0,1508.0,770.0,770.0,770.0,762.0,762.0,762.0
1.0,4548.0,2382.0,2292.0,2310.0,2400.0,800.0,800.0,800.0,764.0,764.0,764.0,794.0,794.0,794.0,1516.0,1516.0,1516.0,800.0,800.0,800.0,764.0,764.0,764.0
1.0,4476.0,2334.0,2292.0,2400.0,2334.0,778.0,778.0,778.0,764.0,764.0,764.0,778.0,778.0,778.0,1492.0,1492.0,1492.0,778.0,778.0,778.0,764.0,764.0,764.0
1.0,4542.0,2352.0,2295.0,2334.0,2361.0,787.0,787.0,787.0,765.0,765.0,765.0,784.0,784.0,784.0,1514.0,1514.0,1514.0,787.0,787.0,787.0,765.0,765.0,765.0
1.0,4524.0,2304.0,2292.0,2361.0,2295.0,765.0,765.0,765.0,764.0,764.0,764.0,768.0,768.0,768.0,1508.0,1508.0,1508.0,765.0,765.0,765.0,764.0,764.0,764.0
1.0,4581.0,2283.0,2292.0,2295.0,2283.0,761.0,761.0,761.0,764.0,764.0,764.0,761.0,761.0,761.0,1527.0,1527.0,1527.0,761.0,761.0,761.0,764.0,764.0,764.0
1.0,4593.0,2298.0,2295.0,2283.0,2307.0,769.0,769.0,769.0,765.0,765.0,765.0,766.0,766.0,766.0,1531.0,1531.0,1531.0,769.0,769.0,769.0,765.0,765.0,765.0
1.0,4578.0,2292.0,2295.0,2307.0,2292.0,764.0,764.0,764.0,765.0,765.0,765.0,764.0,764.0,764.0,1526.0,1526.0,1526.0,764.0,764.0,764.0,765.0,765.0,765.0
1.0,4593.0,2370.0,2298.0,2292.0,2379.0,793.0,793.0,793.0,766.0,766.0,766.0,790.0,790.0,790.0,1531.0,1531.0,1531.0,793.0,793.0,793.0,766.0,766.0,766.0
1.0,4515.0,2271.0,2298.0,2379.0,2271.0,757.0,757.0,757.0,766.0,766.0,766.0,757.0,757.0,757.0,1505.0,1505.0,1505.0,757.0,757.0,757.0,766.0,766.0,766.0
1.0,4623.0,2289.0,2298.0,2271.0,2289.0,763.0,763.0,763.0,766.0,766.0,766.0,763.0,763.0,763.0,1541.0,1541.0,1541.0,763.0,763.0,763.0,766.0,766.0,766.0
1.0,4605.0,2271.0,2298.0,2289.0,2271.0,757.0,757.0,757.0,766.0,766.0,766.0,757.0,757.0,757.0,1535.0,1535.0,1535.0,757.0,757.0,757.0,766.0,766.0,766.0
1.0,4623.0,2307.0,2298.0,2271.0,2307.0,769.0,769.0,769.0,766.0,766.0,766.0,769.0,769.0,769.0,1541.0,1541.0,1541.0,769.0,769.0,769.0,766.0,766.0,766.0
1.0,4587.0,2262.0,2295.0,2307.0,2253.0,751.0,751.0,751.0,765.0,765.0,765.0,754.0,754.0,754.0,1529.0,1529.0,1529.0,751.0,751.0,751.0,765.0,765.0,765.0
1.0,4632.0,2397.0,2298.0,2253.0,2406.0,802.0,802.0,802.0,766.0,766.0,766.0,799.0,799.0,799.0,1544.0,1544.0,1544.0,802.0,802.0,802.0,766.0,766.0,766.0
1.0,4488.0,2361.0,2301.0,2406.0,2370.0,790.0,790.0,790.0,767.0,767.0,767.0,787.0,787.0,787.0,1496.0,1496.0,1496.0,790.0,790.0,790.0,767.0,767.0,767.0
1.0,4533.0,2343.0,2304.0,2370.0,2352.0,784.0,784.0,784.0,768.0,768.0,768.0,781.0,781.0,781.0,1511.0,1511.0,1511.0,784.0,784.0,784.0,768.0,768.0,768.0
1.0,4560.0,2280.0,2301.0,2352.0,2271.0,757.0,757.0,757.0,767.0,767.0,767.0,760.0,760.0,760.0,1520.0,1520.0,1520.0,757.0,757.0,757.0,767.0,767.0,767.0
1.0,4632.0,2241.0,2301.0,2271.0,2241.0,747.0,747.0,747.0,767.0,767.0,767.0,747.0,747.0,747.0,1544.0,1544.0,1544.0,747.0,747.0,747.0,767.0,767.0,767.0
1.0,4662.0,2262.0,2298.0,2241.0,2253.0,751.0,751.0,751.0,766.0,766.0,766.0,754.0,754.0,754.0,1554.0,1554.0,1554.0,751.0,751.0,751.0,766.0,766.0,766.0
1.0,4641.0,2328.0,2301.0,2253.0,2337.0,779.0,779.0,779.0,767.0,767.0,767.0,776.0,776.0,776.0,1547.0,1547.0,1547.0,779.0,779.0,779.0,767.0,767.0,767.0
1.0,4566.0,2382.0,2304.0,2337.0,2391.0,797.0,797.0,797.0,768.0,768.0,768.0,794.0,794.0,794.0,1522.0,1522.0,1522.0,797.0,797.0,797.0,768.0,768.0,768.0
1.0,4521.0,2349.0,2307.0,2391.0,2358.0,786.0,786.0,786.0,769.0,769.0,769.0,783.0,783.0,783.0,1507.0,1507.0,1507.0,786.0,786.0,786.0,769.0,769.0,769.0
1.0,4563.0,2397.0,2307.0,2358.0,2397.0,799.0,799.0,799.0,769.0,769.0,769.0,799.0,799.0,799.0,1521.0,1521.0,1521.0,799.0,799.0,799.0,769.0,769.0,769.0
1.0,4524.0,2304.0,2307.0,2397.0,2304.0,768.0,768.0,768.0,769.0,769.0,769.0,768.0,768.0,768.0,1508.0,1508.0,1508.0,768.0,768.0,768.0,769.0,769.0,769.0
1.0,4617.0,2313.0,2307.0,2304.0,2313.0,771.0,771.0,771.0,769.0,769.0,769.0,771.0,771.0,771.0,1539.0,1539.0,1539.0,771.0,771.0,771.0,769.0,769.0,769.0
1.0,4608.0,2298.0,2307.0,2313.0,2298.0,766.0,766.0,766.0,769.0,769.0,769.0,766.0,766.0,766.0,1536.0,1536.0,1536.0,766.0,766.0,766.0,769.0,769.0,769.0
1.0,4623.0,2361.0,2307.0,2298.0,2361.0,787.0,787.0,787.0,769.0,769.0,769.0,787.0,787.0,787.0,1541.0,1541.0,1541.0,787.0,787.0,787.0,769.0,769.0,769.0
1.0,4560.0,2304.0,2310.0,2361.0,2313.0,771.0,771.0,771.0,770.0,770.0,770.0,768.0,768.0,768.0,1520.0,1520.0,1520.0,771.0,771.0,771.0,770.0,770.0,770.0
1.0,4617.0,2349.0,2313.0,2313.0,2358.0,786.0,786.0,786.0,771.0,771.0,771.0,783.0,783.0,783.0,1539.0,1539.0,1539.0,786.0,786.0,786.0,771.0,771.0,771.0
1.0,4581.0,2361.0,2313.0,2358.0,2361.0,787.0,787.0,787.0,771.0,771.0,771.0,787.0,787.0,787.0,1527.0,1527.0,1527.0,787.0,787.0,787.0,771.0,771.0,771.0
1.0,4578.0,2304.0,2313.0,2361.0,2304.0,768.0,768.0,768.0,771.0,771.0,771.0,768.0,768.0,768.0,1526.0,1526.0,1526.0,768.0,768.0,768.0,771.0,771.0,771.0
1.0,4635.0,2223.0,2310.0,2304.0,2214.0,738.0,738.0,738.0,770.0,770.0,770.0,741.0,741.0,741.0,1545.0,1545.0,1545.0,738.0,738.0,738.0,770.0,770.0,770.0
1.0,4716.0,2277.0,2310.0,2214.0,2277.0,759.0,759.0,759.0,770.0,770.0,770.0,759.0,759.0,759.0,1572.0,1572.0,1572.0,759.0,759.0,759.0,770.0,770.0,770.0
1.0,4653.0,2313.0,2310.0,2277.0,2313.0,771.0,771.0,771.0,770.0,770.0,770.0,771.0,771.0,771.0,1551.0,1551.0,1551.0,771.0,771.0,771.0,770.0,770.0,770.0
1.0,4617.0,2370.0,2310.0,2313.0,2370.0,790.0,790.0,790.0,770.0,770.0,770.0,790.0,790.0,790.0,1539.0,1539.0,1539.0,790.0,790.0,790.0,770.0,770.0,770.0
1.0,4560.0,2412.0,2313.0,2370.0,2421.0,807.0,807.0,807.0,771.0,771.0,771.0,804.0,804.0,804.0,1520.0,1520.0,1520.0,807.0,807.0,807.0,771.0,771.0,771.0
1.0,4518.0,2373.0,2316.0,2421.0,2382.0,794.0,794.0,794.0,772.0,772.0,772.0,791.0,791.0,791.0,1506.0,1506.0,1506.0,794.0,794.0,794.0,772.0,772.0,772.0
1.0,4566.0,2277.0,2313.0,2382.0,2268.0,756.0,756.0,756.0,771.0,771.0,771.0,759.0,759.0,759.0,1522.0,1522.0,1522.0,756.0,756.0,756.0,771.0,771.0,771.0
1.0,4671.0,2259.0,2313.0,2268.0,2259.0,753.0,753.0,753.0,771.0,771.0,771.0,753.0,753.0,753.0,1557.0,1557.0,1557.0,753.0,753.0,753.0,771.0,771.0,771.0
1.0,4680.0,2343.0,2313.0,2259.0,2343.0,781.0,781.0,781.0,771.0,771.0,771.0,781.0,781.0,781.0,1560.0,1560.0,1560.0,781.0,781.0,781.0,771.0,771.0,771.0
1.0,4596.0,2340.0,2316.0,2343.0,2349.0,783.0,783.0,783.0,772.0,772.0,772.0,780.0,780.0,780.0,1532.0,1532.0,1532.0,783.0,783.0,783.0,772.0,772.0,772.0
1.0,4599.0,2355.0,2316.0,2349.0,2355.0,785.0,785.0,785.0,772.0,772.0,772.0,785.0,785.0,785.0,1533.0,1533.0,1533.0,785.0,785.0,785.0,772.0,772.0,772.0
1.0,4593.0,2319.0,2319.0,2355.0,2328.0,776.0,776.0,776.0,773.0,773.0,773.0,773.0,773.0,773.0,1531.0,1531.0,1531.0,776.0,776.0,776.0,773.0,773.0,773.0
1.0,4629.0,2334.0,2319.0,2328.0,2334.0,778.0,778.0,778.0,773.0,773.0,773.0,778.0,778.0,778.0,1543.0,1543.0,1543.0,778.0,778.0,778.0,773.0,773.0,773.0
1.0,4623.0,2295.0,2316.0,2334.0,2286.0,762.0,762.0,762.0,772.0,772.0,772.0,765.0,765.0,765.0,1541.0,1541.0,1541.0,762.0,762.0,762.0,772.0,772.0,772.0
1.0,4662.0,2253.0,2316.0,2286.0,2253.0,751.0,751.0,751.0,772.0,772.0,772.0,751.0,751.0,751.0,1554.0,1554.0,1554.0,751.0,751.0,751.0,772.0,772.0,772.0
1.0,4695.0,2280.0,2313.0,2253.0,2271.0,757.0,757.0,757.0,771.0,771.0,771.0,760.0,760.0,760.0,1565.0,1565.0,1565.0,757.0,757.0,757.0,771.0,771.0,771.0
1.0,4668.0,2331.0,2316.0,2271.0,2340.0,780.0,780.0,780.0,772.0,772.0,772.0,777.0,777.0,777.0,1556.0,1556.0,1556.0,780.0,780.0,780.0,772.0,772.0,772.0
1.0,4608.0,2382.0,2319.0,2340.0,2391.0,797.0,797.0,797.0,773.0,773.0,773.0,794.0,794.0,794.0,1536.0,1536.0,1536.0,797.0,797.0,797.0,773.0,773.0,773.0
1.0,4566.0,2385.0,2322.0,2391.0,2394.0,798.0,798.0,798.0,774.0,774.0,774.0,795.0,795.0,795.0,1522.0,1522.0,1522.0,798.0,798.0,798.0,774.0,774.0,774.0
1.0,4572.0,2376.0,2322.0,2394.0,2376.0,792.0,792.0,792.0,774.0,774.0,774.0,792.0,792.0,792.0,1524.0,1524.0,1524.0,792.0,792.0,792.0,774.0,774.0,774.0
1.0,4590.0,2271.0,2322.0,2376.0,2271.0,757.0,757.0,757.0,774.0,774.0,774.0,757.0,757.0,757.0,1530.0,1530.0,1530.0,757.0,757.0,757.0,774.0,774.0,774.0
1.0,4695.0,2217.0,2319.0,2271.0,2208.0,736.0,736.0,736.0,773.0,773.0,773.0,739.0,739.0,739.0,1565.0,1565.0,1565.0,736.0,736.0,736.0,773.0,773.0,773.0
1.0,4749.0,2262.0,2316.0,2208.0,2253.0,751.0,751.0,751.0,772.0,772.0,772.0,754.0,754.0,754.0,1583.0,1583.0,1583.0,751.0,751.0,751.0,772.0,772.0,772.0
1.0,4695.0,2367.0,2316.0,2253.0,2367.0,789.0,789.0,789.0,772.0,772.0,772.0,789.0,789.0,789.0,1565.0,1565.0,1565.0,789.0,789.0,789.0,772.0,772.0,772.0
1.0,4581.0,2433.0,2319.0,2367.0,2442.0,814.0,814.0,814.0,773.0,773.0,773.0,811.0,811.0,811.0,1527.0,1527.0,1527.0,814.0,814.0,814.0,773.0,773.0,773.0
1.0,4515.0,2430.0,2322.0,2442.0,2439.0,813.0,813.0,813.0,774.0,774.0,774.0,810.0,810.0,810.0,1505.0,1505.0,1505.0,813.0,813.0,813.0,774.0,774.0,774.0
1.0,4527.0,2301.0,2322.0,2439.0,2301.0,767.0,767.0,767.0,774.0,774.0,774.0,767.0,767.0,767.0,1509.0,1509.0,1509.0,767.0,767.0,767.0,774.0,774.0,774.0
1.0,4665.0,2337.0,2322.0,2301.0,2337.0,779.0,779.0,779.0,774.0,774.0,774.0,779.0,779.0,779.0,1555.0,1555.0,1555.0,779.0,779.0,779.0,774.0,774.0,774.0
1.0,4629.0,2310.0,2322.0,2337.0,2310.0,770.0,770.0,770.0,774.0,774.0,774.0,770.0,770.0,770.0,1543.0,1543.0,1543.0,770.0,770.0,770.0,774.0,774.0,774.0
1.0,4656.0,2289.0,2322.0,2310.0,2289.0,763.0,763.0,763.0,774.0,774.0,774.0,763.0,763.0,763.0,1552.0,1552.0,1552.0,763.0,763.0,763.0,774.0,774.0,774.0
1.0,4677.0,2346.0,2325.0,2289.0,2355.0,785.0,785.0,785.0,775.0,775.0,775.0,782.0,782.0,782.0,1559.0,1559.0,1559.0,785.0,785.0,785.0,775.0,775.0,775.0
1.0,4620.0,2397.0,2325.0,2355.0,2397.0,799.0,799.0,799.0,775.0,775.0,775.0,799.0,799.0,799.0,1540.0,1540.0,1540.0,799.0,799.0,799.0,775.0,775.0,775.0
1.0,4578.0,2436.0,2328.0,2397.0,2445.0,815.0,815.0,815.0,776.0,776.0,776.0,812.0,812.0,812.0,1526.0,1526.0,1526.0,815.0,815.0,815.0,776.0,776.0,776.0
1.0,4539.0,2319.0,2331.0,2445.0,2328.0,776.0,776.0,776.0,777.0,777.0,777.0,773.0,773.0,773.0,1513.0,1513.0,1513.0,776.0,776.0,776.0,777.0,777.0,777.0
1.0,4665.0,2316.0,2328.0,2328.0,2307.0,769.0,769.0,769.0,776.0,776.0,776.0,772.0,772.0,772.0,1555.0,1555.0,1555.0,769.0,769.0,769.0,776.0,776.0,776.0
1.0,4677.0,2259.0,2325.0,2307.0,2250.0,750.0,750.0,750.0,775.0,775.0,775.0,753.0,753.0,753.0,1559.0,1559.0,1559.0,750.0,750.0,750.0,775.0,775.0,775.0
1.0,4725.0,2274.0,2325.0,2250.0,2274.0,758.0,758.0,758.0,775.0,775.0,775.0,758.0,758.0,758.0,1575.0,1575.0,1575.0,758.0,758.0,758.0,775.0,775.0,775.0
1.0,4701.0,2346.0,2325.0,2274.0,2346.0,782.0,782.0,782.0,775.0,775.0,775.0,782.0,782.0,782.0,1567.0,1567.0,1567.0,782.0,782.0,782.0,775.0,775.0,775.0
1.0,4629.0,2415.0,2328.0,2346.0,2424.0,808.0,808.0,808.0,776.0,776.0,776.0,805.0,805.0,805.0,1543.0,1543.0,1543.0,808.0,808.0,808.0,776.0,776.0,776.0
1.0,4560.0,2460.0,2334.0,2424.0,2478.0,826.0,826.0,826.0,778.0,778.0,778.0,820.0,820.0,820.0,1520.0,1520.0,1520.0,826.0,826.0,826.0,778.0,778.0,778.0
1.0,4524.0,2379.0,2334.0,2478.0,2379.0,793.0,793.0,793.0,778.0,778.0,778.0,793.0,793.0,793.0,1508.0,1508.0,1508.0,793.0,793.0,793.0,778.0,778.0,778.0
1.0,4623.0,2334.0,2334.0,2379.0,2334.0,778.0,778.0,778.0,778.0,778.0,778.0,778.0,778.0,778.0,1541.0,1541.0,1541.0,778.0,778.0,778.0,778.0,778.0,778.0
1.0,4668.0,2295.0,2331.0,2334.0,2286.0,762.0,762.0,762.0,777.0,777.0,777.0,765.0,765.0,765.0,1556.0,1556.0,1556.0,762.0,762.0,762.0,777.0,777.0,777.0
1.0,4707.0,2283.0,2331.0,2286.0,2283.0,761.0,761.0,761.0,777.0,777.0,777.0,761.0,761.0,761.0,1569.0,1569.0,1569.0,761.0,761.0,761.0,777.0,777.0,777.0
1.0,4710.0,2346.0,2331.0,2283.0,2346.0,782.0,782.0,782.0,777.0,777.0,777.0,782.0,782.0,782.0,1570.0,1570.0,1570.0,782.0,782.0,782.0,777.0,777.0,777.0
1.0,4647.0,2394.0,2334.0,2346.0,2403.0,801.0,801.0,801.0,778.0,778.0,778.0,798.0,798.0,798.0,1549.0,1549.0,1549.0,801.0,801.0,801.0,778.0,778.0,778.0
1.0,4599.0,2421.0,2334.0,2403.0,2421.0,807.0,807.0,807.0,778.0,778.0,778.0,807.0,807.0,807.0,1533.0,1533.0,1533.0,807.0,807.0,807.0,778.0,778.0,778.0
1.0,4581.0,2388.0,2334.0,2421.0,2388.0,796.0,796.0,796.0,778.0,778.0,778.0,796.0,796.0,796.0,1527.0,1527.0,1527.0,796.0,796.0,796.0,778.0,778.0,778.0
1.0,4614.0,2316.0,2337.0,2388.0,2325.0,775.0,775.0,775.0,779.0,779.0,779.0,772.0,772.0,772.0,1538.0,1538.0,1538.0,775.0,775.0,775.0,779.0,779.0,779.0
1.0,4686.0,2286.0,2334.0,2325.0,2277.0,759.0,759.0,759.0,778.0,778.0,778.0,762.0,762.0,762.0,1562.0,1562.0,1562.0,759.0,759.0,759.0,778.0,778.0,778.0
1.0,4725.0,2274.0,2334.0,2277.0,2274.0,758.0,758.0,758.0,778.0,778.0,778.0,758.0,758.0,758.0,1575.0,1575.0,1575.0,758.0,758.0,758.0,778.0,778.0,778.0
1.0,4728.0,2358.0,2334.0,2274.0,2358.0,786.0,786.0,786.0,778.0,778.0,778.0,786.0,786.0,786.0,1576.0,1576.0,1576.0,786.0,786.0,786.0,778.0,778.0,778.0
1.0,4644.0,2409.0,2337.0,2358.0,2418.0,806.0,806.0,806.0,779.0,779.0,779.0,803.0,803.0,803.0,1548.0,1548.0,1548.0,806.0,806.0,806.0,779.0,779.0,779.0
1.0,4593.0,2454.0,2340.0,2418.0,2463.0,821.0,821.0,821.0,780.0,780.0,780.0,818.0,818.0,818.0,1531.0,1531.0,1531.0,821.0,821.0,821.0,780.0,780.0,780.0
1.0,4557.0,2382.0,2343.0,2463.0,2391.0,797.0,797.0,797.0,781.0,781.0,781.0,794.0,794.0,794.0,1519.0,1519.0,1519.0,797.0,797.0,797.0,781.0,781.0,781.0
1.0,4638.0,2304.0,2340.0,2391.0,2295.0,765.0,765.0,765.0,780.0,780.0,780.0,768.0,768.0,768.0,1546.0,1546.0,1546.0,765.0,765.0,765.0,780.0,780.0,780.0
1.0,4725.0,2307.0,2340.0,2295.0,2307.0,769.0,769.0,769.0,780.0,780.0,780.0,769.0,769.0,769.0,1575.0,1575.0,1575.0,769.0,769.0,769.0,780.0,780.0,780.0
1.0,4713.0,2265.0,2337.0,2307.0,2256.0,752.0,752.0,752.0,779.0,779.0,779.0,755.0,755.0,755.0,1571.0,1571.0,1571.0,752.0,752.0,752.0,779.0,779.0,779.0
1.0,4755.0,2397.0,2340.0,2256.0,2406.0,802.0,802.0,802.0,780.0,780.0,780.0,799.0,799.0,799.0,1585.0,1585.0,1585.0,802.0,802.0,802.0,780.0,780.0,780.0
1.0,4614.0,2457.0,2343.0,2406.0,2466.0,822.0,822.0,822.0,781.0,781.0,781.0,819.0,819.0,819.0,1538.0,1538.0,1538.0,822.0,822.0,822.0,781.0,781.0,781.0
1.0,4563.0,2469.0,2346.0,2466.0,2478.0,826.0,826.0,826.0,782.0,782.0,782.0,823.0,823.0,823.0,1521.0,1521.0,1521.0,826.0,826.0,826.0,782.0,782.0,782.0
1.0,4560.0,2373.0,2346.0,2478.0,2373.0,791.0,791.0,791.0,782.0,782.0,782.0,791.0,791.0,791.0,1520.0,1520.0,1520.0,791.0,791.0,791.0,782.0,782.0,782.0
1.0,4665.0,2310.0,2346.0,2373.0,2310.0,770.0,770.0,770.0,782.0,782.0,782.0,770.0,770.0,770.0,1555.0,1555.0,1555.0,770.0,770.0,770.0,782.0,782.0,782.0
1.0,4728.0,2352.0,2346.0,2310.0,2352.0,784.0,784.0,784.0,782.0,782.0,782.0,784.0,784.0,784.0,1576.0,1576.0,1576.0,784.0,784.0,784.0,782.0,782.0,782.0
1.0,4686.0,2394.0,2346.0,2352.0,2394.0,798.0,798.0,798.0,782.0,782.0,782.0,798.0,798.0,798.0,1562.0,1562.0,1562.0,798.0,798.0,798.0,782.0,782.0,782.0
1.0,4644.0,2376.0,2349.0,2394.0,2385.0,795.0,795.0,795.0,783.0,783.0,783.0,792.0,792.0,792.0,1548.0,1548.0,1548.0,795.0,795.0,795.0,783.0,783.0,783.0
1.0,4662.0,2400.0,2352.0,2385.0,2409.0,803.0,803.0,803.0,784.0,784.0,784.0,800.0,800.0,800.0,1554.0,1554.0,1554.0,803.0,803.0,803.0,784.0,784.0,784.0
1.0,4647.0,2454.0,2355.0,2409.0,2463.0,821.0,821.0,821.0,785.0,785.0,785.0,818.0,818.0,818.0,1549.0,1549.0,1549.0,821.0,821.0,821.0,785.0,785.0,785.0
1.0,4602.0,2400.0,2355.0,2463.0,2400.0,800.0,800.0,800.0,785.0,785.0,785.0,800.0,800.0,800.0,1534.0,1534.0,1534.0,800.0,800.0,800.0,785.0,785.0,785.0
1.0,4665.0,2316.0,2355.0,2400.0,2316.0,772.0,772.0,772.0,785.0,785.0,785.0,772.0,772.0,772.0,1555.0,1555.0,1555.0,772.0,772.0,772.0,785.0,785.0,785.0
1.0,4749.0,2331.0,2355.0,2316.0,2331.0,777.0,777.0,777.0,785.0,785.0,785.0,777.0,777.0,777.0,1583.0,1583.0,1583.0,777.0,777.0,777.0,785.0,785.0,785.0
1.0,4734.0,2310.0,2352.0,2331.0,2301.0,767.0,767.0,767.0,784.0,784.0,784.0,770.0,770.0,770.0,1578.0,1578.0,1578.0,767.0,767.0,767.0,784.0,784.0,784.0
1.0,4755.0,2388.0,2355.0,2301.0,2397.0,799.0,799.0,799.0,785.0,785.0,785.0,796.0,796.0,796.0,1585.0,1585.0,1585.0,799.0,799.0,799.0,785.0,785.0,785.0
1.0,4668.0,2421.0,2358.0,2397.0,2430.0,810.0,810.0,810.0,786.0,786.0,786.0,807.0,807.0,807.0,1556.0,1556.0,1556.0,810.0,810.0,810.0,786.0,786.0,786.0
1.0,4644.0,2469.0,2361.0,2430.0,2478.0,826.0,826.0,826.0,787.0,787.0,787.0,823.0,823.0,823.0,1548.0,1548.0,1548.0,826.0,826.0,826.0,787.0,787.0,787.0
1.0,4605.0,2385.0,2364.0,2478.0,2394.0,798.0,798.0,798.0,788.0,788.0,788.0,795.0,795.0,795.0,1535.0,1535.0,1535.0,798.0,798.0,798.0,788.0,788.0,788.0
1.0,4698.0,2367.0,2361.0,2394.0,2358.0,786.0,786.0,786.0,787.0,787.0,787.0,789.0,789.0,789.0,1566.0,1566.0,1566.0,786.0,786.0,786.0,787.0,787.0,787.0
1.0,4725.0,2328.0,2361.0,2358.0,2328.0,776.0,776.0,776.0,787.0,787.0,787.0,776.0,776.0,776.0,1575.0,1575.0,1575.0,776.0,776.0,776.0,787.0,787.0,787.0
1.0,4755.0,2358.0,2361.0,2328.0,2358.0,786.0,786.0,786.0,787.0,787.0,787.0,786.0,786.0,786.0,1585.0,1585.0,1585.0,786.0,786.0,786.0,787.0,787.0,787.0
1.0,4725.0,2352.0,2361.0,2358.0,2352.0,784.0,784.0,784.0,787.0,787.0,787.0,784.0,784.0,784.0,1575.0,1575.0,1575.0,784.0,784.0,784.0,787.0,787.0,787.0
1.0,4731.0,2400.0,2364.0,2352.0,2409.0,803.0,803.0,803.0,788.0,788.0,788.0,800.0,800.0,800.0,1577.0,1577.0,1577.0,803.0,803.0,803.0,788.0,788.0,788.0
1.0,4683.0,2418.0,2364.0,2409.0,2418.0,806.0,806.0,806.0,788.0,788.0,788.0,806.0,806.0,806.0,1561.0,1561.0,1561.0,806.0,806.0,806.0,788.0,788.0,788.0
1.0,4674.0,2436.0,2367.0,2418.0,2445.0,815.0,815.0,815.0,789.0,789.0,789.0,812.0,812.0,812.0,1558.0,1558.0,1558.0,815.0,815.0,815.0,789.0,789.0,789.0
1.0,4656.0,2328.0,2367.0,2445.0,2328.0,776.0,776.0,776.0,789.0,789.0,789.0,776.0,776.0,776.0,1552.0,1552.0,1552.0,776.0,776.0,776.0,789.0,789.0,789.0
1.0,4773.0,2361.0,2364.0,2328.0,2352.0,784.0,784.0,784.0,788.0,788.0,788.0,787.0,787.0,787.0,1591.0,1591.0,1591.0,784.0,784.0,784.0,788.0,788.0,788.0
1.0,4740.0,2361.0,2364.0,2352.0,2361.0,787.0,787.0,787.0,788.0,788.0,788.0,787.0,787.0,787.0,1580.0,1580.0,1580.0,787.0,787.0,787.0,788.0,788.0,788.0
1.0,4731.0,2397.0,2367.0,2361.0,2406.0,802.0,802.0,802.0,789.0,789.0,789.0,799.0,799.0,799.0,1577.0,1577.0,1577.0,802.0,802.0,802.0,789.0,789.0,789.0
1.0,4695.0,2415.0,2370.0,2406.0,2424.0,808.0,808.0,808.0,790.0,790.0,790.0,805.0,805.0,805.0,1565.0,1565.0,1565.0,808.0,808.0,808.0,790.0,790.0,790.0
1.0,4686.0,2451.0,2373.0,2424.0,2460.0,820.0,820.0,820.0,791.0,791.0,791.0,817.0,817.0,817.0,1562.0,1562.0,1562.0,820.0,820.0,820.0,791.0,791.0,791.0
1.0,4659.0,2418.0,2373.0,2460.0,2418.0,806.0,806.0,806.0,791.0,791.0,791.0,806.0,806.0,806.0,1553.0,1553.0,1553.0,806.0,806.0,806.0,791.0,791.0,791.0
1.0,4701.0,2367.0,2373.0,2418.0,2367.0,789.0,789.0,789.0,791.0,791.0,791.0,789.0,789.0,789.0,1567.0,1567.0,1567.0,789.0,789.0,789.0,791.0,791.0,791.0
1.0,4752.0,2286.0,2370.0,2367.0,2277.0,759.0,759.0,759.0,790.0,790.0,790.0,762.0,762.0,762.0,1584.0,1584.0,1584.0,759.0,759.0,759.0,790.0,790.0,790.0
1.0,4833.0,2370.0,2370.0,2277.0,2370.0,790.0,790.0,790.0,790.0,790.0,790.0,790.0,790.0,790.0,1611.0,1611.0,1611.0,790.0,790.0,790.0,790.0,790.0,790.0
1.0,4740.0,2334.0,2370.0,2370.0,2334.0,778.0,778.0,778.0,790.0,790.0,790.0,778.0,778.0,778.0,1580.0,1580.0,1580.0,778.0,778.0,778.0,790.0,790.0,790.0
1.0,4776.0,2412.0,2373.0,2334.0,2421.0,807.0,807.0,807.0,791.0,791.0,791.0,804.0,804.0,804.0,1592.0,1592.0,1592.0,807.0,807.0,807.0,791.0,791.0,791.0
1.0,4698.0,2469.0,2376.0,2421.0,2478.0,826.0,826.0,826.0,792.0,792.0,792.0,823.0,823.0,823.0,1566.0,1566.0,1566.0,826.0,826.0,826.0,792.0,792.0,792.0
1.0,4650.0,2424.0,2376.0,2478.0,2424.0,808.0,808.0,808.0,792.0,792.0,792.0,808.0,808.0,808.0,1550.0,1550.0,1550.0,808.0,808.0,808.0,792.0,792.0,792.0
1.0,4704.0,2343.0,2376.0,2424.0,2343.0,781.0,781.0,781.0,792.0,792.0,792.0,781.0,781.0,781.0,1568.0,1568.0,1568.0,781.0,781.0,781.0,792.0,792.0,792.0
1.0,4785.0,2319.0,2373.0,2343.0,2310.0,770.0,770.0,770.0,791.0,791.0,791.0,773.0,773.0,773.0,1595.0,1595.0,1595.0,770.0,770.0,770.0,791.0,791.0,791.0
1.0,4809.0,2334.0,2373.0,2310.0,2334.0,778.0,778.0,778.0,791.0,791.0,791.0,778.0,778.0,778.0,1603.0,1603.0,1603.0,778.0,778.0,778.0,791.0,791.0,791.0
1.0,4785.0,2373.0,2373.0,2334.0,2373.0,791.0,791.0,791.0,791.0,791.0,791.0,791.0,791.0,791.0,1595.0,1595.0,1595.0,791.0,791.0,791.0,791.0,791.0,791.0
1.0,4746.0,2382.0,2376.0,2373.0,2391.0,797.0,797.0,797.0,792.0,792.0,792.0,794.0,794.0,794.0,1582.0,1582.0,1582.0,797.0,797.0,797.0,792.0,792.0,792.0
1.0,4737.0,2439.0,2379.0,2391.0,2448.0,816.0,816.0,816.0,793.0,793.0,793.0,813.0,813.0,813.0,1579.0,1579.0,1579.0,816.0,816.0,816.0,793.0,793.0,793.0
1.0,4689.0,2406.0,2379.0,2448.0,2406.0,802.0,802.0,802.0,793.0,793.0,793.0,802.0,802.0,802.0,1563.0,1563.0,1563.0,802.0,802.0,802.0,793.0,793.0,793.0
1.0,4731.0,2349.0,2379.0,2406.0,2349.0,783.0,783.0,783.0,793.0,793.0,793.0,783.0,783.0,783.0,1577.0,1577.0,1577.0,783.0,783.0,783.0,793.0,793.0,793.0
1.0,4788.0,2316.0,2376.0,2349.0,2307.0,769.0,769.0,769.0,792.0,792.0,792.0,772.0,772.0,772.0,1596.0,1596.0,1596.0,769.0,769.0,769.0,792.0,792.0,792.0
1.0,4821.0,2379.0,2376.0,2307.0,2379.0,793.0,793.0,793.0,792.0,792.0,792.0,793.0,793.0,793.0,1607.0,1607.0,1607.0,793.0,793.0,793.0,792.0,792.0,792.0
1.0,4749.0,2427.0,2379.0,2379.0,2436.0,812.0,812.0,812.0,793.0,793.0,793.0,809.0,809.0,809.0,1583.0,1583.0,1583.0,812.0,812.0,812.0,793.0,793.0,793.0
1.0,4701.0,2466.0,2382.0,2436.0,2475.0,825.0,825.0,825.0,794.0,794.0,794.0,822.0,822.0,822.0,1567.0,1567.0,1567.0,825.0,825.0,825.0,794.0,794.0,794.0
1.0,4671.0,2517.0,2388.0,2475.0,2535.0,845.0,845.0,845.0,796.0,796.0,796.0,839.0,839.0,839.0,1557.0,1557.0,1557.0,845.0,845.0,845.0,796.0,796.0,796.0
1.0,4629.0,2385.0,2385.0,2535.0,2376.0,792.0,792.0,792.0,795.0,795.0,795.0,795.0,795.0,795.0,1543.0,1543.0,1543.0,792.0,792.0,792.0,795.0,795.0,795.0
1.0,4779.0,2334.0,2385.0,2376.0,2334.0,778.0,778.0,778.0,795.0,795.0,795.0,778.0,778.0,778.0,1593.0,1593.0,1593.0,778.0,778.0,778.0,795.0,795.0,795.0
1.0,4821.0,2355.0,2382.0,2334.0,2346.0,782.0,782.0,782.0,794.0,794.0,794.0,785.0,785.0,785.0,1607.0,1607.0,1607.0,782.0,782.0,782.0,794.0,794.0,794.0
1.0,4800.0,2343.0,2382.0,2346.0,2343.0,781.0,781.0,781.0,794.0,794.0,794.0,781.0,781.0,781.0,1600.0,1600.0,1600.0,781.0,781.0,781.0,794.0,794.0,794.0
1.0,4803.0,2415.0,2382.0,2343.0,2415.0,805.0,805.0,805.0,794.0,794.0,794.0,805.0,805.0,805.0,1601.0,1601.0,1601.0,805.0,805.0,805.0,794.0,794.0,794.0
1.0,4731.0,2445.0,2385.0,2415.0,2454.0,818.0,818.0,818.0,795.0,795.0,795.0,815.0,815.0,815.0,1577.0,1577.0,1577.0,818.0,818.0,818.0,795.0,795.0,795.0
1.0,4701.0,2481.0,2388.0,2454.0,2490.0,830.0,830.0,830.0,796.0,796.0,796.0,827.0,827.0,827.0,1567.0,1567.0,1567.0,830.0,830.0,830.0,796.0,796.0,796.0
1.0,4674.0,2445.0,2388.0,2490.0,2445.0,815.0,815.0,815.0,796.0,796.0,796.0,815.0,815.0,815.0,1558.0,1558.0,1558.0,815.0,815.0,815.0,796.0,796.0,796.0
1.0,4719.0,2331.0,2388.0,2445.0,2331.0,777.0,777.0,777.0,796.0,796.0,796.0,777.0,777.0,777.0,1573.0,1573.0,1573.0,777.0,777.0,777.0,796.0,796.0,796.0
1.0,4833.0,2307.0,2385.0,2331.0,2298.0,766.0,766.0,766.0,795.0,795.0,795.0,769.0,769.0,769.0,1611.0,1611.0,1611.0,766.0,766.0,766.0,795.0,795.0,795.0
1.0,4857.0,2364.0,2382.0,2298.0,2355.0,785.0,785.0,785.0,794.0,794.0,794.0,788.0,788.0,788.0,1619.0,1619.0,1619.0,785.0,785.0,785.0,794.0,794.0,794.0
1.0,4791.0,2373.0,2385.0,2355.0,2382.0,794.0,794.0,794.0,795.0,795.0,795.0,791.0,791.0,791.0,1597.0,1597.0,1597.0,794.0,794.0,794.0,795.0,795.0,795.0
1.0,4773.0,2457.0,2388.0,2382.0,2466.0,822.0,822.0,822.0,796.0,796.0,796.0,819.0,819.0,819.0,1591.0,1591.0,1591.0,822.0,822.0,822.0,796.0,796.0,796.0
1.0,4698.0,2460.0,2391.0,2466.0,2469.0,823.0,823.0,823.0,797.0,797.0,797.0,820.0,820.0,820.0,1566.0,1566.0,1566.0,823.0,823.0,823.0,797.0,797.0,797.0
1.0,4704.0,2454.0,2391.0,2469.0,2454.0,818.0,818.0,818.0,797.0,797.0,797.0,818.0,818.0,818.0,1568.0,1568.0,1568.0,818.0,818.0,818.0,797.0,797.0,797.0
1.0,4719.0,2352.0,2391.0,2454.0,2352.0,784.0,784.0,784.0,797.0,797.0,797.0,784.0,784.0,784.0,1573.0,1573.0,1573.0,784.0,784.0,784.0,797.0,797.0,797.0
1.0,4821.0,2361.0,2388.0,2352.0,2352.0,784.0,784.0,784.0,796.0,796.0,796.0,787.0,787.0,787.0,1607.0,1607.0,1607.0,784.0,784.0,784.0,796.0,796.0,796.0
1.0,4812.0,2355.0,2388.0,2352.0,2355.0,785.0,785.0,785.0,796.0,796.0,796.0,785.0,785.0,785.0,1604.0,1604.0,1604.0,785.0,785.0,785.0,796.0,796.0,796.0
1.0,4809.0,2382.0,2388.0,2355.0,2382.0,794.0,794.0,794.0,796.0,796.0,796.0,794.0,794.0,794.0,1603.0,1603.0,1603.0,794.0,794.0,794.0,796.0,796.0,796.0
1.0,4782.0,2424.0,2388.0,2382.0,2424.0,808.0,808.0,808.0,796.0,796.0,796.0,808.0,808.0,808.0,1594.0,1594.0,1594.0,808.0,808.0,808.0,796.0,796.0,796.0
1.0,4740.0,2517.0,2391.0,2424.0,2526.0,842.0,842.0,842.0,797.0,797.0,797.0,839.0,839.0,839.0,1580.0,1580.0,1580.0,842.0,842.0,842.0,797.0,797.0,797.0
1.0,4647.0,2397.0,2394.0,2526.0,2406.0,802.0,802.0,802.0,798.0,798.0,798.0,799.0,799.0,799.0,1549.0,1549.0,1549.0,802.0,802.0,802.0,798.0,798.0,798.0
1.0,4776.0,2397.0,2394.0,2406.0,2397.0,799.0,799.0,799.0,798.0,798.0,798.0,799.0,799.0,799.0,1592.0,1592.0,1592.0,799.0,799.0,799.0,798.0,798.0,798.0
1.0,4785.0,2355.0,2391.0,2397.0,2346.0,782.0,782.0,782.0,797.0,797.0,797.0,785.0,785.0,785.0,1595.0,1595.0,1595.0,782.0,782.0,782.0,797.0,797.0,797.0
1.0,4827.0,2334.0,2391.0,2346.0,2334.0,778.0,778.0,778.0,797.0,797.0,797.0,778.0,778.0,778.0,1609.0,1609.0,1609.0,778.0,778.0,778.0,797.0,797.0,797.0
1.0,4839.0,2397.0,2391.0,2334.0,2397.0,799.0,799.0,799.0,797.0,797.0,797.0,799.0,799.0,799.0,1613.0,1613.0,1613.0,799.0,799.0,799.0,797.0,797.0,797.0
1.0,4776.0,2454.0,2394.0,2397.0,2463.0,821.0,821.0,821.0,798.0,798.0,798.0,818.0,818.0,818.0,1592.0,1592.0,1592.0,821.0,821.0,821.0,798.0,798.0,798.0
1.0,4719.0,2415.0,2394.0,2463.0,2415.0,805.0,805.0,805.0,798.0,798.0,798.0,805.0,805.0,805.0,1573.0,1573.0,1573.0,805.0,805.0,805.0,798.0,798.0,798.0
1.0,4767.0,2460.0,2394.0,2415.0,2460.0,820.0,820.0,820.0,798.0,798.0,798.0,820.0,820.0,820.0,1589.0,1589.0,1589.0,820.0,820.0,820.0,798.0,798.0,798.0
1.0,4722.0,2376.0,2394.0,2460.0,2376.0,792.0,792.0,792.0,798.0,798.0,798.0,792.0,792.0,792.0,1574.0,1574.0,1574.0,792.0,792.0,792.0,798.0,798.0,798.0
1.0,4806.0,2358.0,2394.0,2376.0,2358.0,786.0,786.0,786.0,798.0,798.0,798.0,786.0,786.0,786.0,1602.0,1602.0,1602.0,786.0,786.0,786.0,798.0,798.0,798.0
1.0,4824.0,2376.0,2391.0,2358.0,2367.0,789.0,789.0,789.0,797.0,797.0,797.0,792.0,792.0,792.0,1608.0,1608.0,1608.0,789.0,789.0,789.0,797.0,797.0,797.0
1.0,4806.0,2424.0,2394.0,2367.0,2433.0,811.0,811.0,811.0,798.0,798.0,798.0,808.0,808.0,808.0,1602.0,1602.0,1602.0,811.0,811.0,811.0,798.0,798.0,798.0
1.0,4749.0,2502.0,2397.0,2433.0,2511.0,837.0,837.0,837.0,799.0,799.0,799.0,834.0,834.0,834.0,1583.0,1583.0,1583.0,837.0,837.0,837.0,799.0,799.0,799.0
1.0,4680.0,2463.0,2400.0,2511.0,2472.0,824.0,824.0,824.0,800.0,800.0,800.0,821.0,821.0,821.0,1560.0,1560.0,1560.0,824.0,824.0,824.0,800.0,800.0,800.0
1.0,4728.0,2457.0,2400.0,2472.0,2457.0,819.0,819.0,819.0,800.0,800.0,800.0,819.0,819.0,819.0,1576.0,1576.0,1576.0,819.0,819.0,819.0,800.0,800.0,800.0
1.0,4743.0,2367.0,2400.0,2457.0,2367.0,789.0,789.0,789.0,800.0,800.0,800.0,789.0,789.0,789.0,1581.0,1581.0,1581.0,789.0,789.0,789.0,800.0,800.0,800.0
1.0,4833.0,2307.0,2397.0,2367.0,2298.0,766.0,766.0,766.0,799.0,799.0,799.0,769.0,769.0,769.0,1611.0,1611.0,1611.0,766.0,766.0,766.0,799.0,799.0,799.0
1.0,4893.0,2388.0,2397.0,2298.0,2388.0,796.0,796.0,796.0,799.0,799.0,799.0,796.0,796.0,796.0,1631.0,1631.0,1631.0,796.0,796.0,796.0,799.0,799.0,799.0
1.0,4803.0,2415.0,2397.0,2388.0,2415.0,805.0,805.0,805.0,799.0,799.0,799.0,805.0,805.0,805.0,1601.0,1601.0,1601.0,805.0,805.0,805.0,799.0,799.0,799.0
1.0,4776.0,2454.0,2400.0,2415.0,2463.0,821.0,821.0,821.0,800.0,800.0,800.0,818.0,818.0,818.0,1592.0,1592.0,1592.0,821.0,821.0,821.0,800.0,800.0,800.0
1.0,4737.0,2436.0,2403.0,2463.0,2445.0,815.0,815.0,815.0,801.0,801.0,801.0,812.0,812.0,812.0,1579.0,1579.0,1579.0,815.0,815.0,815.0,801.0,801.0,801.0
1.0,4764.0,2421.0,2403.0,2445.0,2421.0,807.0,807.0,807.0,801.0,801.0,801.0,807.0,807.0,807.0,1588.0,1588.0,1588.0,807.0,807.0,807.0,801.0,801.0,801.0
1.0,4788.0,2385.0,2403.0,2421.0,2385.0,795.0,795.0,795.0,801.0,801.0,801.0,795.0,795.0,795.0,1596.0,1596.0,1596.0,795.0,795.0,795.0,801.0,801.0,801.0
1.0,4824.0,2373.0,2403.0,2385.0,2373.0,791.0,791.0,791.0,801.0,801.0,801.0,791.0,791.0,791.0,1608.0,1608.0,1608.0,791.0,791.0,791.0,801.0,801.0,801.0
1.0,4836.0,2355.0,2400.0,2373.0,2346.0,782.0,782.0,782.0,800.0,800.0,800.0,785.0,785.0,785.0,1612.0,1612.0,1612.0,782.0,782.0,782.0,800.0,800.0,800.0
1.0,4854.0,2406.0,2403.0,2346.0,2415.0,805.0,805.0,805.0,801.0,801.0,801.0,802.0,802.0,802.0,1618.0,1618.0,1618.0,805.0,805.0,805.0,801.0,801.0,801.0
1.0,4794.0,2484.0,2406.0,2415.0,2493.0,831.0,831.0,831.0,802.0,802.0,802.0,828.0,828.0,828.0,1598.0,1598.0,1598.0,831.0,831.0,831.0,802.0,802.0,802.0
1.0,4725.0,2475.0,2406.0,2493.0,2475.0,825.0,825.0,825.0,802.0,802.0,802.0,825.0,825.0,825.0,1575.0,1575.0,1575.0,825.0,825.0,825.0,802.0,802.0,802.0
1.0,4743.0,2421.0,2406.0,2475.0,2421.0,807.0,807.0,807.0,802.0,802.0,802.0,807.0,807.0,807.0,1581.0,1581.0,1581.0,807.0,807.0,807.0,802.0,802.0,802.0
1.0,4797.0,2397.0,2406.0,2421.0,2397.0,799.0,799.0,799.0,802.0,802.0,802.0,799.0,799.0,799.0,1599.0,1599.0,1599.0,799.0,799.0,799.0,802.0,802.0,802.0
1.0,4821.0,2334.0,2403.0,2397.0,2325.0,775.0,775.0,775.0,801.0,801.0,801.0,778.0,778.0,778.0,1607.0,1607.0,1607.0,775.0,775.0,775.0,801.0,801.0,801.0
1.0,4884.0,2340.0,2400.0,2325.0,2331.0,777.0,777.0,777.0,800.0,800.0,800.0,780.0,780.0,780.0,1628.0,1628.0,1628.0,777.0,777.0,777.0,800.0,800.0,800.0
1.0,4869.0,2421.0,2403.0,2331.0,2430.0,810.0,810.0,810.0,801.0,801.0,801.0,807.0,807.0,807.0,1623.0,1623.0,1623.0,810.0,810.0,810.0,801.0,801.0,801.0
1.0,4779.0,2490.0,2406.0,2430.0,2499.0,833.0,833.0,833.0,802.0,802.0,802.0,830.0,830.0,830.0,1593.0,1593.0,1593.0,833.0,833.0,833.0,802.0,802.0,802.0
1.0,4719.0,2478.0,2409.0,2499.0,2487.0,829.0,829.0,829.0,803.0,803.0,803.0,826.0,826.0,826.0,1573.0,1573.0,1573.0,829.0,829.0,829.0,803.0,803.0,803.0
1.0,4740.0,2529.0,2412.0,2487.0,2538.0,846.0,846.0,846.0,804.0,804.0,804.0,843.0,843.0,843.0,1580.0,1580.0,1580.0,846.0,846.0,846.0,804.0,804.0,804.0
1.0,4698.0,2412.0,2409.0,2538.0,2403.0,801.0,801.0,801.0,803.0,803.0,803.0,804.0,804.0,804.0,1566.0,1566.0,1566.0,801.0,801.0,801.0,803.0,803.0,803.0
1.0,4824.0,2343.0,2406.0,2403.0,2334.0,778.0,778.0,778.0,802.0,802.0,802.0,781.0,781.0,781.0,1608.0,1608.0,1608.0,778.0,778.0,778.0,802.0,802.0,802.0
1.0,4884.0,2400.0,2406.0,2334.0,2400.0,800.0,800.0,800.0,802.0,802.0,802.0,800.0,800.0,800.0,1628.0,1628.0,1628.0,800.0,800.0,800.0,802.0,802.0,802.0
1.0,4818.0,2430.0,2409.0,2400.0,2439.0,813.0,813.0,813.0,803.0,803.0,803.0,810.0,810.0,810.0,1606.0,1606.0,1606.0,813.0,813.0,813.0,803.0,803.0,803.0
1.0,4788.0,2466.0,2412.0,2439.0,2475.0,825.0,825.0,825.0,804.0,804.0,804.0,822.0,822.0,822.0,1596.0,1596.0,1596.0,825.0,825.0,825.0,804.0,804.0,804.0
1.0,4761.0,2472.0,2412.0,2475.0,2472.0,824.0,824.0,824.0,804.0,804.0,804.0,824.0,824.0,824.0,1587.0,1587.0,1587.0,824.0,824.0,824.0,804.0,804.0,804.0
1.0,4764.0,2478.0,2415.0,2472.0,2487.0,829.0,829.0,829.0,805.0,805.0,805.0,826.0,826.0,826.0,1588.0,1588.0,1588.0,829.0,829.0,829.0,805.0,805.0,805.0
1.0,4758.0,2400.0,2415.0,2487.0,2400.0,800.0,800.0,800.0,805.0,805.0,805.0,800.0,800.0,800.0,1586.0,1586.0,1586.0,800.0,800.0,800.0,805.0,805.0,805.0
1.0,4845.0,2373.0,2412.0,2400.0,2364.0,788.0,788.0,788.0,804.0,804.0,804.0,791.0,791.0,791.0,1615.0,1615.0,1615.0,788.0,788.0,788.0,804.0,804.0,804.0
1.0,4872.0,2388.0,2412.0,2364.0,2388.0,796.0,796.0,796.0,804.0,804.0,804.0,796.0,796.0,796.0,1624.0,1624.0,1624.0,796.0,796.0,796.0,804.0,804.0,804.0
1.0,4848.0,2388.0,2412.0,2388.0,2388.0,796.0,796.0,796.0,804.0,804.0,804.0,796.0,796.0,796.0,1616.0,1616.0,1616.0,796.0,796.0,796.0,804.0,804.0,804.0
1.0,4848.0,2457.0,2415.0,2388.0,2466.0,822.0,822.0,822.0,805.0,805.0,805.0,819.0,819.0,819.0,1616.0,1616.0,1616.0,822.0,822.0,822.0,805.0,805.0,805.0
1.0,4779.0,2508.0,2418.0,2466.0,2517.0,839.0,839.0,839.0,806.0,806.0,806.0,836.0,836.0,836.0,1593.0,1593.0,1593.0,839.0,839.0,839.0,806.0,806.0,806.0
1.0,4737.0,2481.0,2418.0,2517.0,2481.0,827.0,827.0,827.0,806.0,806.0,806.0,827.0,827.0,827.0,1579.0,1579.0,1579.0,827.0,827.0,827.0,806.0,806.0,806.0
1.0,4773.0,2394.0,2418.0,2481.0,2394.0,798.0,798.0,798.0,806.0,806.0,806.0,798.0,798.0,798.0,1591.0,1591.0,1591.0,798.0,798.0,798.0,806.0,806.0,806.0
1.0,4860.0,2418.0,2415.0,2394.0,2409.0,803.0,803.0,803.0,805.0,805.0,805.0,806.0,806.0,806.0,1620.0,1620.0,1620.0,803.0,803.0,803.0,805.0,805.0,805.0
1.0,4836.0,2385.0,2415.0,2409.0,2385.0,795.0,795.0,795.0,805.0,805.0,805.0,795.0,795.0,795.0,1612.0,1612.0,1612.0,795.0,795.0,795.0,805.0,805.0,805.0
1.0,4860.0,2397.0,2415.0,2385.0,2397.0,799.0,799.0,799.0,805.0,805.0,805.0,799.0,799.0,799.0,1620.0,1620.0,1620.0,799.0,799.0,799.0,805.0,805.0,805.0
1.0,4848.0,2493.0,2418.0,2397.0,2502.0,834.0,834.0,834.0,806.0,806.0,806.0,831.0,831.0,831.0,1616.0,1616.0,1616.0,834.0,834.0,834.0,806.0,806.0,806.0
1.0,4752.0,2523.0,2421.0,2502.0,2532.0,844.0,844.0,844.0,807.0,807.0,807.0,841.0,841.0,841.0,1584.0,1584.0,1584.0,844.0,844.0,844.0,807.0,807.0,807.0
1.0,4731.0,2448.0,2424.0,2532.0,2457.0,819.0,819.0,819.0,808.0,808.0,808.0,816.0,816.0,816.0,1577.0,1577.0,1577.0,819.0,819.0,819.0,808.0,808.0,808.0
1.0,4815.0,2406.0,2421.0,2457.0,2397.0,799.0,799.0,799.0,807.0,807.0,807.0,802.0,802.0,802.0,1605.0,1605.0,1605.0,799.0,799.0,799.0,807.0,807.0,807.0
1.0,4866.0,2355.0,2421.0,2397.0,2355.0,785.0,785.0,785.0,807.0,807.0,807.0,785.0,785.0,785.0,1622.0,1622.0,1622.0,785.0,785.0,785.0,807.0,807.0,807.0
1.0,4908.0,2400.0,2421.0,2355.0,2400.0,800.0,800.0,800.0,807.0,807.0,807.0,800.0,800.0,800.0,1636.0,1636.0,1636.0,800.0,800.0,800.0,807.0,807.0,807.0
1.0,4863.0,2427.0,2421.0,2400.0,2427.0,809.0,809.0,809.0,807.0,807.0,807.0,809.0,809.0,809.0,1621.0,1621.0,1621.0,809.0,809.0,809.0,807.0,807.0,807.0
1.0,4836.0,2445.0,2424.0,2427.0,2454.0,818.0,818.0,818.0,808.0,808.0,808.0,815.0,815.0,815.0,1612.0,1612.0,1612.0,818.0,818.0,818.0,808.0,808.0,808.0
1.0,4818.0,2481.0,2424.0,2454.0,2481.0,827.0,827.0,827.0,808.0,808.0,808.0,827.0,827.0,827.0,1606.0,1606.0,1606.0,827.0,827.0,827.0,808.0,808.0,808.0
1.0,4791.0,2478.0,2427.0,2481.0,2487.0,829.0,829.0,829.0,809.0,809.0,809.0,826.0,826.0,826.0,1597.0,1597.0,1597.0,829.0,829.0,829.0,809.0,809.0,809.0
1.0,4794.0,2421.0,2424.0,2487.0,2412.0,804.0,804.0,804.0,808.0,808.0,808.0,807.0,807.0,807.0,1598.0,1598.0,1598.0,804.0,804.0,804.0,808.0,808.0,808.0
1.0,4860.0,2403.0,2424.0,2412.0,2403.0,801.0,801.0,801.0,808.0,808.0,808.0,801.0,801.0,801.0,1620.0,1620.0,1620.0,801.0,801.0,801.0,808.0,808.0,808.0
1.0,4869.0,2376.0,2421.0,2403.0,2367.0,789.0,789.0,789.0,807.0,807.0,807.0,792.0,792.0,792.0,1623.0,1623.0,1623.0,789.0,789.0,789.0,807.0,807.0,807.0
1.0,4896.0,2430.0,2424.0,2367.0,2439.0,813.0,813.0,813.0,808.0,808.0,808.0,810.0,810.0,810.0,1632.0,1632.0,1632.0,813.0,813.0,813.0,808.0,808.0,808.0
1.0,4833.0,2511.0,2427.0,2439.0,2520.0,840.0,840.0,840.0,809.0,809.0,809.0,837.0,837.0,837.0,1611.0,1611.0,1611.0,840.0,840.0,840.0,809.0,809.0,809.0
1.0,4761.0,2517.0,2430.0,2520.0,2526.0,842.0,842.0,842.0,810.0,810.0,810.0,839.0,839.0,839.0,1587.0,1587.0,1587.0,842.0,842.0,842.0,810.0,810.0,810.0
1.0,4764.0,2451.0,2430.0,2526.0,2451.0,817.0,817.0,817.0,810.0,810.0,810.0,817.0,817.0,817.0,1588.0,1588.0,1588.0,817.0,817.0,817.0,810.0,810.0,810.0
1.0,4839.0,2412.0,2430.0,2451.0,2412.0,804.0,804.0,804.0,810.0,810.0,810.0,804.0,804.0,804.0,1613.0,1613.0,1613.0,804.0,804.0,804.0,810.0,810.0,810.0
1.0,4878.0,2361.0,2427.0,2412.0,2352.0,784.0,784.0,784.0,809.0,809.0,809.0,787.0,787.0,787.0,1626.0,1626.0,1626.0,784.0,784.0,784.0,809.0,809.0,809.0
1.0,4929.0,2433.0,2427.0,2352.0,2433.0,811.0,811.0,811.0,809.0,809.0,809.0,811.0,811.0,811.0,1643.0,1643.0,1643.0,811.0,811.0,811.0,809.0,809.0,809.0
1.0,4848.0,2451.0,2430.0,2433.0,2460.0,820.0,820.0,820.0,810.0,810.0,810.0,817.0,817.0,817.0,1616.0,1616.0,1616.0,820.0,820.0,820.0,810.0,810.0,810.0
1.0,4830.0,2481.0,2430.0,2460.0,2481.0,827.0,827.0,827.0,810.0,810.0,810.0,827.0,827.0,827.0,1610.0,1610.0,1610.0,827.0,827.0,827.0,810.0,810.0,810.0
1.0,4809.0,2523.0,2433.0,2481.0,2532.0,844.0,844.0,844.0,811.0,811.0,811.0,841.0,841.0,841.0,1603.0,1603.0,1603.0,844.0,844.0,844.0,811.0,811.0,811.0
1.0,4767.0,2484.0,2436.0,2532.0,2493.0,831.0,831.0,831.0,812.0,812.0,812.0,828.0,828.0,828.0,1589.0,1589.0,1589.0,831.0,831.0,831.0,812.0,812.0,812.0
1.0,4815.0,2421.0,2436.0,2493.0,2421.0,807.0,807.0,807.0,812.0,812.0,812.0,807.0,807.0,807.0,1605.0,1605.0,1605.0,807.0,807.0,807.0,812.0,812.0,812.0
1.0,4887.0,2382.0,2433.0,2421.0,2373.0,791.0,791.0,791.0,811.0,811.0,811.0,794.0,794.0,794.0,1629.0,1629.0,1629.0,791.0,791.0,791.0,811.0,811.0,811.0
1.0,4926.0,2361.0,2433.0,2373.0,2361.0,787.0,787.0,787.0,811.0,811.0,811.0,787.0,787.0,787.0,1642.0,1642.0,1642.0,787.0,787.0,787.0,811.0,811.0,811.0
1.0,4938.0,2457.0,2433.0,2361.0,2457.0,819.0,819.0,819.0,811.0,811.0,811.0,819.0,819.0,819.0,1646.0,1646.0,1646.0,819.0,819.0,819.0,811.0,811.0,811.0
1.0,4842.0,2499.0,2436.0,2457.0,2508.0,836.0,836.0,836.0,812.0,812.0,812.0,833.0,833.0,833.0,1614.0,1614.0,1614.0,836.0,836.0,836.0,812.0,812.0,812.0
1.0,4800.0,2511.0,2439.0,2508.0,2520.0,840.0,840.0,840.0,813.0,813.0,813.0,837.0,837.0,837.0,1600.0,1600.0,1600.0,840.0,840.0,840.0,813.0,813.0,813.0
1.0,4797.0,2487.0,2442.0,2520.0,2496.0,832.0,832.0,832.0,814.0,814.0,814.0,829.0,829.0,829.0,1599.0,1599.0,1599.0,832.0,832.0,832.0,814.0,814.0,814.0
1.0,4830.0,2490.0,2442.0,2496.0,2490.0,830.0,830.0,830.0,814.0,814.0,814.0,830.0,830.0,830.0,1610.0,1610.0,1610.0,830.0,830.0,830.0,814.0,814.0,814.0
1.0,4836.0,2370.0,2439.0,2490.0,2361.0,787.0,787.0,787.0,813.0,813.0,813.0,790.0,790.0,790.0,1612.0,1612.0,1612.0,787.0,787.0,787.0,813.0,813.0,813.0
1.0,4956.0,2406.0,2436.0,2361.0,2397.0,799.0,799.0,799.0,812.0,812.0,812.0,802.0,802.0,802.0,1652.0,1652.0,1652.0,799.0,799.0,799.0,812.0,812.0,812.0
1.0,4911.0,2442.0,2436.0,2397.0,2442.0,814.0,814.0,814.0,812.0,812.0,812.0,814.0,814.0,814.0,1637.0,1637.0,1637.0,814.0,814.0,814.0,812.0,812.0,812.0
1.0,4866.0,2478.0,2439.0,2442.0,2487.0,829.0,829.0,829.0,813.0,813.0,813.0,826.0,826.0,826.0,1622.0,1622.0,1622.0,829.0,829.0,829.0,813.0,813.0,813.0
1.0,4830.0,2511.0,2442.0,2487.0,2520.0,840.0,840.0,840.0,814.0,814.0,814.0,837.0,837.0,837.0,1610.0,1610.0,1610.0,840.0,840.0,840.0,814.0,814.0,814.0
1.0,4806.0,2451.0,2442.0,2520.0,2451.0,817.0,817.0,817.0,814.0,814.0,814.0,817.0,817.0,817.0,1602.0,1602.0,1602.0,817.0,817.0,817.0,814.0,814.0,814.0
1.0,4875.0,2487.0,2442.0,2451.0,2487.0,829.0,829.0,829.0,814.0,814.0,814.0,829.0,829.0,829.0,1625.0,1625.0,1625.0,829.0,829.0,829.0,814.0,814.0,814.0
1.0,4839.0,2388.0,2442.0,2487.0,2388.0,796.0,796.0,796.0,814.0,814.0,814.0,796.0,796.0,796.0,1613.0,1613.0,1613.0,796.0,796.0,796.0,814.0,814.0,814.0
1.0,4938.0,2418.0,2439.0,2388.0,2409.0,803.0,803.0,803.0,813.0,813.0,813.0,806.0,806.0,806.0,1646.0,1646.0,1646.0,803.0,803.0,803.0,813.0,813.0,813.0
1.0,4908.0,2460.0,2442.0,2409.0,2469.0,823.0,823.0,823.0,814.0,814.0,814.0,820.0,820.0,820.0,1636.0,1636.0,1636.0,823.0,823.0,823.0,814.0,814.0,814.0
1.0,4857.0,2454.0,2442.0,2469.0,2454.0,818.0,818.0,818.0,814.0,814.0,814.0,818.0,818.0,818.0,1619.0,1619.0,1619.0,818.0,818.0,818.0,814.0,814.0,814.0
1.0,4872.0,2508.0,2445.0,2454.0,2517.0,839.0,839.0,839.0,815.0,815.0,815.0,836.0,836.0,836.0,1624.0,1624.0,1624.0,839.0,839.0,839.0,815.0,815.0,815.0
1.0,4818.0,2484.0,2445.0,2517.0,2484.0,828.0,828.0,828.0,815.0,815.0,815.0,828.0,828.0,828.0,1606.0,1606.0,1606.0,828.0,828.0,828.0,815.0,815.0,815.0
1.0,4851.0,2475.0,2448.0,2484.0,2484.0,828.0,828.0,828.0,816.0,816.0,816.0,825.0,825.0,825.0,1617.0,1617.0,1617.0,828.0,828.0,828.0,816.0,816.0,816.0
1.0,4860.0,2394.0,2445.0,2484.0,2385.0,795.0,795.0,795.0,815.0,815.0,815.0,798.0,798.0,798.0,1620.0,1620.0,1620.0,795.0,795.0,795.0,815.0,815.0,815.0
1.0,4950.0,2409.0,2442.0,2385.0,2400.0,800.0,800.0,800.0,814.0,814.0,814.0,803.0,803.0,803.0,1650.0,1650.0,1650.0,800.0,800.0,800.0,814.0,814.0,814.0
1.0,4926.0,2460.0,2445.0,2400.0,2469.0,823.0,823.0,823.0,815.0,815.0,815.0,820.0,820.0,820.0,1642.0,1642.0,1642.0,823.0,823.0,823.0,815.0,815.0,815.0
1.0,4866.0,2514.0,2445.0,2469.0,2514.0,838.0,838.0,838.0,815.0,815.0,815.0,838.0,838.0,838.0,1622.0,1622.0,1622.0,838.0,838.0,838.0,815.0,815.0,815.0
1.0,4821.0,2550.0,2448.0,2514.0,2559.0,853.0,853.0,853.0,816.0,816.0,816.0,850.0,850.0,850.0,1607.0,1607.0,1607.0,853.0,853.0,853.0,816.0,816.0,816.0
1.0,4785.0,2493.0,2451.0,2559.0,2502.0,834.0,834.0,834.0,817.0,817.0,817.0,831.0,831.0,831.0,1595.0,1595.0,1595.0,834.0,834.0,834.0,817.0,817.0,817.0
1.0,4851.0,2430.0,2451.0,2502.0,2430.0,810.0,810.0,810.0,817.0,817.0,817.0,810.0,810.0,810.0,1617.0,1617.0,1617.0,810.0,810.0,810.0,817.0,817.0,817.0
1.0,4923.0,2418.0,2448.0,2430.0,2409.0,803.0,803.0,803.0,816.0,816.0,816.0,806.0,806.0,806.0,1641.0,1641.0,1641.0,803.0,803.0,803.0,816.0,816.0,816.0
1.0,4935.0,2418.0,2448.0,2409.0,2418.0,806.0,806.0,806.0,816.0,816.0,816.0,806.0,806.0,806.0,1645.0,1645.0,1645.0,806.0,806.0,806.0,816.0,816.0,816.0
1.0,4926.0,2478.0,2448.0,2418.0,2478.0,826.0,826.0,826.0,816.0,816.0,816.0,826.0,826.0,826.0,1642.0,1642.0,1642.0,826.0,826.0,826.0,816.0,816.0,816.0
1.0,4866.0,2514.0,2451.0,2478.0,2523.0,841.0,841.0,841.0,817.0,817.0,817.0,838.0,838.0,838.0,1622.0,1622.0,1622.0,841.0,841.0,841.0,817.0,817.0,817.0
1.0,4830.0,2508.0,2454.0,2523.0,2517.0,839.0,839.0,839.0,818.0,818.0,818.0,836.0,836.0,836.0,1610.0,1610.0,1610.0,839.0,839.0,839.0,818.0,818.0,818.0
1.0,4845.0,2493.0,2454.0,2517.0,2493.0,831.0,831.0,831.0,818.0,818.0,818.0,831.0,831.0,831.0,1615.0,1615.0,1615.0,831.0,831.0,831.0,818.0,818.0,818.0
1.0,4869.0,2439.0,2454.0,2493.0,2439.0,813.0,813.0,813.0,818.0,818.0,818.0,813.0,813.0,813.0,1623.0,1623.0,1623.0,813.0,813.0,813.0,818.0,818.0,818.0
1.0,4923.0,2388.0,2454.0,2439.0,2388.0,796.0,796.0,796.0,818.0,818.0,818.0,796.0,796.0,796.0,1641.0,1641.0,1641.0,796.0,796.0,796.0,818.0,818.0,818.0
1.0,4974.0,2385.0,2451.0,2388.0,2376.0,792.0,792.0,792.0,817.0,817.0,817.0,795.0,795.0,795.0,1658.0,1658.0,1658.0,792.0,792.0,792.0,817.0,817.0,817.0
1.0,4977.0,2454.0,2451.0,2376.0,2454.0,818.0,818.0,818.0,817.0,817.0,817.0,818.0,818.0,818.0,1659.0,1659.0,1659.0,818.0,818.0,818.0,817.0,817.0,817.0
1.0,4899.0,2547.0,2454.0,2454.0,2556.0,852.0,852.0,852.0,818.0,818.0,818.0,849.0,849.0,849.0,1633.0,1633.0,1633.0,852.0,852.0,852.0,818.0,818.0,818.0
1.0,4806.0,2532.0,2457.0,2556.0,2541.0,847.0,847.0,847.0,819.0,819.0,819.0,844.0,844.0,844.0,1602.0,1602.0,1602.0,847.0,847.0,847.0,819.0,819.0,819.0
1.0,4830.0,2427.0,2457.0,2541.0,2427.0,809.0,809.0,809.0,819.0,819.0,819.0,809.0,809.0,809.0,1610.0,1610.0,1610.0,809.0,809.0,809.0,819.0,819.0,819.0
1.0,4944.0,2403.0,2457.0,2427.0,2403.0,801.0,801.0,801.0,819.0,819.0,819.0,801.0,801.0,801.0,1648.0,1648.0,1648.0,801.0,801.0,801.0,819.0,819.0,819.0
1.0,4968.0,2379.0,2454.0,2403.0,2370.0,790.0,790.0,790.0,818.0,818.0,818.0,793.0,793.0,793.0,1656.0,1656.0,1656.0,790.0,790.0,790.0,818.0,818.0,818.0
1.0,4992.0,2454.0,2454.0,2370.0,2454.0,818.0,818.0,818.0,818.0,818.0,818.0,818.0,818.0,818.0,1664.0,1664.0,1664.0,818.0,818.0,818.0,818.0,818.0,818.0
1.0,4908.0,2445.0,2454.0,2454.0,2445.0,815.0,815.0,815.0,818.0,818.0,818.0,815.0,815.0,815.0,1636.0,1636.0,1636.0,815.0,815.0,815.0,818.0,818.0,818.0
1.0,4917.0,2526.0,2457.0,2445.0,2535.0,845.0,845.0,845.0,819.0,819.0,819.0,842.0,842.0,842.0,1639.0,1639.0,1639.0,845.0,845.0,845.0,819.0,819.0,819.0
1.0,4836.0,2484.0,2457.0,2535.0,2484.0,828.0,828.0,828.0,819.0,819.0,819.0,828.0,828.0,828.0,1612.0,1612.0,1612.0,828.0,828.0,828.0,819.0,819.0,819.0
1.0,4887.0,2526.0,2460.0,2484.0,2535.0,845.0,845.0,845.0,820.0,820.0,820.0,842.0,842.0,842.0,1629.0,1629.0,1629.0,845.0,845.0,845.0,820.0,820.0,820.0
1.0,4845.0,2442.0,2460.0,2535.0,2442.0,814.0,814.0,814.0,820.0,820.0,820.0,814.0,814.0,814.0,1615.0,1615.0,1615.0,814.0,814.0,814.0,820.0,820.0,820.0
1.0,4938.0,2424.0,2457.0,2442.0,2415.0,805.0,805.0,805.0,819.0,819.0,819.0,808.0,808.0,808.0,1646.0,1646.0,1646.0,805.0,805.0,805.0,819.0,819.0,819.0
1.0,4956.0,2445.0,2457.0,2415.0,2445.0,815.0,815.0,815.0,819.0,819.0,819.0,815.0,815.0,815.0,1652.0,1652.0,1652.0,815.0,815.0,815.0,819.0,819.0,819.0
1.0,4926.0,2502.0,2457.0,2445.0,2502.0,834.0,834.0,834.0,819.0,819.0,819.0,834.0,834.0,834.0,1642.0,1642.0,1642.0,834.0,834.0,834.0,819.0,819.0,819.0
1.0,4869.0,2490.0,2460.0,2502.0,2499.0,833.0,833.0,833.0,820.0,820.0,820.0,830.0,830.0,830.0,1623.0,1623.0,1623.0,833.0,833.0,833.0,820.0,820.0,820.0
1.0,4881.0,2571.0,2463.0,2499.0,2580.0,860.0,860.0,860.0,821.0,821.0,821.0,857.0,857.0,857.0,1627.0,1627.0,1627.0,860.0,860.0,860.0,821.0,821.0,821.0
1.0,4809.0,2574.0,2466.0,2580.0,2583.0,861.0,861.0,861.0,822.0,822.0,822.0,858.0,858.0,858.0,1603.0,1603.0,1603.0,861.0,861.0,861.0,822.0,822.0,822.0
1.0,4815.0,2499.0,2466.0,2583.0,2499.0,833.0,833.0,833.0,822.0,822.0,822.0,833.0,833.0,833.0,1605.0,1605.0,1605.0,833.0,833.0,833.0,822.0,822.0,822.0
1.0,4899.0,2391.0,2463.0,2499.0,2382.0,794.0,794.0,794.0,821.0,821.0,821.0,797.0,797.0,797.0,1633.0,1633.0,1633.0,794.0,794.0,794.0,821.0,821.0,821.0
1.0,5007.0,2445.0,2463.0,2382.0,2445.0,815.0,815.0,815.0,821.0,821.0,821.0,815.0,815.0,815.0,1669.0,1669.0,1669.0,815.0,815.0,815.0,821.0,821.0,821.0
1.0,4944.0,2484.0,2463.0,2445.0,2484.0,828.0,828.0,828.0,821.0,821.0,821.0,828.0,828.0,828.0,1648.0,1648.0,1648.0,828.0,828.0,828.0,821.0,821.0,821.0
1.0,4905.0,2538.0,2466.0,2484.0,2547.0,849.0,849.0,849.0,822.0,822.0,822.0,846.0,846.0,846.0,1635.0,1635.0,1635.0,849.0,849.0,849.0,822.0,822.0,822.0
1.0,4851.0,2571.0,2469.0,2547.0,2580.0,860.0,860.0,860.0,823.0,823.0,823.0,857.0,857.0,857.0,1617.0,1617.0,1617.0,860.0,860.0,860.0,823.0,823.0,823.0
1.0,4827.0,2559.0,2472.0,2580.0,2568.0,856.0,856.0,856.0,824.0,824.0,824.0,853.0,853.0,853.0,1609.0,1609.0,1609.0,856.0,856.0,856.0,824.0,824.0,824.0
1.0,4848.0,2511.0,2472.0,2568.0,2511.0,837.0,837.0,837.0,824.0,824.0,824.0,837.0,837.0,837.0,1616.0,1616.0,1616.0,837.0,837.0,837.0,824.0,824.0,824.0
1.0,4905.0,2412.0,2469.0,2511.0,2403.0,801.0,801.0,801.0,823.0,823.0,823.0,804.0,804.0,804.0,1635.0,1635.0,1635.0,801.0,801.0,801.0,823.0,823.0,823.0
1.0,5004.0,2442.0,2469.0,2403.0,2442.0,814.0,814.0,814.0,823.0,823.0,823.0,814.0,814.0,814.0,1668.0,1668.0,1668.0,814.0,814.0,814.0,823.0,823.0,823.0
1.0,4965.0,2460.0,2469.0,2442.0,2460.0,820.0,820.0,820.0,823.0,823.0,823.0,820.0,820.0,820.0,1655.0,1655.0,1655.0,820.0,820.0,820.0,823.0,823.0,823.0
1.0,4947.0,2541.0,2472.0,2460.0,2550.0,850.0,850.0,850.0,824.0,824.0,824.0,847.0,847.0,847.0,1649.0,1649.0,1649.0,850.0,850.0,850.0,824.0,824.0,824.0
1.0,4866.0,2511.0,2475.0,2550.0,2520.0,840.0,840.0,840.0,825.0,825.0,825.0,837.0,837.0,837.0,1622.0,1622.0,1622.0,840.0,840.0,840.0,825.0,825.0,825.0
1.0,4905.0,2505.0,2475.0,2520.0,2505.0,835.0,835.0,835.0,825.0,825.0,825.0,835.0,835.0,835.0,1635.0,1635.0,1635.0,835.0,835.0,835.0,825.0,825.0,825.0
1.0,4920.0,2493.0,2475.0,2505.0,2493.0,831.0,831.0,831.0,825.0,825.0,825.0,831.0,831.0,831.0,1640.0,1640.0,1640.0,831.0,831.0,831.0,825.0,825.0,825.0
1.0,4932.0,2445.0,2475.0,2493.0,2445.0,815.0,815.0,815.0,825.0,825.0,825.0,815.0,815.0,815.0,1644.0,1644.0,1644.0,815.0,815.0,815.0,825.0,825.0,825.0
1.0,4980.0,2433.0,2475.0,2445.0,2433.0,811.0,811.0,811.0,825.0,825.0,825.0,811.0,811.0,811.0,1660.0,1660.0,1660.0,811.0,811.0,811.0,825.0,825.0,825.0
1.0,4992.0,2490.0,2475.0,2433.0,2490.0,830.0,830.0,830.0,825.0,825.0,825.0,830.0,830.0,830.0,1664.0,1664.0,1664.0,830.0,830.0,830.0,825.0,825.0,825.0
1.0,4935.0,2568.0,2478.0,2490.0,2577.0,859.0,859.0,859.0,826.0,826.0,826.0,856.0,856.0,856.0,1645.0,1645.0,1645.0,859.0,859.0,859.0,826.0,826.0,826.0
1.0,4857.0,2544.0,2481.0,2577.0,2553.0,851.0,851.0,851.0,827.0,827.0,827.0,848.0,848.0,848.0,1619.0,1619.0,1619.0,851.0,851.0,851.0,827.0,827.0,827.0
1.0,4890.0,2493.0,2481.0,2553.0,2493.0,831.0,831.0,831.0,827.0,827.0,827.0,831.0,831.0,831.0,1630.0,1630.0,1630.0,831.0,831.0,831.0,827.0,827.0,827.0
1.0,4950.0,2502.0,2481.0,2493.0,2502.0,834.0,834.0,834.0,827.0,827.0,827.0,834.0,834.0,834.0,1650.0,1650.0,1650.0,834.0,834.0,834.0,827.0,827.0,827.0
1.0,4941.0,2487.0,2478.0,2502.0,2478.0,826.0,826.0,826.0,826.0,826.0,826.0,829.0,829.0,829.0,1647.0,1647.0,1647.0,826.0,826.0,826.0,826.0,826.0,826.0
1.0,4956.0,2484.0,2478.0,2478.0,2484.0,828.0,828.0,828.0,826.0,826.0,826.0,828.0,828.0,828.0,1652.0,1652.0,1652.0,828.0,828.0,828.0,826.0,826.0,826.0
1.0,4950.0,2535.0,2481.0,2484.0,2544.0,848.0,848.0,848.0,827.0,827.0,827.0,845.0,845.0,845.0,1650.0,1650.0,1650.0,848.0,848.0,848.0,827.0,827.0,827.0
1.0,4899.0,2625.0,2484.0,2544.0,2634.0,878.0,878.0,878.0,828.0,828.0,828.0,875.0,875.0,875.0,1633.0,1633.0,1633.0,878.0,878.0,878.0,828.0,828.0,828.0
1.0,4818.0,2553.0,2487.0,2634.0,2562.0,854.0,854.0,854.0,829.0,829.0,829.0,851.0,851.0,851.0,1606.0,1606.0,1606.0,854.0,854.0,854.0,829.0,829.0,829.0
1.0,4899.0,2550.0,2490.0,2562.0,2559.0,853.0,853.0,853.0,830.0,830.0,830.0,850.0,850.0,850.0,1633.0,1633.0,1633.0,853.0,853.0,853.0,830.0,830.0,830.0
1.0,4911.0,2451.0,2487.0,2559.0,2442.0,814.0,814.0,814.0,829.0,829.0,829.0,817.0,817.0,817.0,1637.0,1637.0,1637.0,814.0,814.0,814.0,829.0,829.0,829.0
1.0,5019.0,2412.0,2487.0,2442.0,2412.0,804.0,804.0,804.0,829.0,829.0,829.0,804.0,804.0,804.0,1673.0,1673.0,1673.0,804.0,804.0,804.0,829.0,829.0,829.0
1.0,5049.0,2382.0,2484.0,2412.0,2373.0,791.0,791.0,791.0,828.0,828.0,828.0,794.0,794.0,794.0,1683.0,1683.0,1683.0,791.0,791.0,791.0,828.0,828.0,828.0
1.0,5079.0,2499.0,2484.0,2373.0,2499.0,833.0,833.0,833.0,828.0,828.0,828.0,833.0,833.0,833.0,1693.0,1693.0,1693.0,833.0,833.0,833.0,828.0,828.0,828.0
1.0,4953.0,2523.0,2487.0,2499.0,2532.0,844.0,844.0,844.0,829.0,829.0,829.0,841.0,841.0,841.0,1651.0,1651.0,1651.0,844.0,844.0,844.0,829.0,829.0,829.0
1.0,4929.0,2547.0,2490.0,2532.0,2556.0,852.0,852.0,852.0,830.0,830.0,830.0,849.0,849.0,849.0,1643.0,1643.0,1643.0,852.0,852.0,852.0,830.0,830.0,830.0
1.0,4914.0,2550.0,2493.0,2556.0,2559.0,853.0,853.0,853.0,831.0,831.0,831.0,850.0,850.0,850.0,1638.0,1638.0,1638.0,853.0,853.0,853.0,831.0,831.0,831.0
1.0,4920.0,2463.0,2490.0,2559.0,2454.0,818.0,818.0,818.0,830.0,830.0,830.0,821.0,821.0,821.0,1640.0,1640.0,1640.0,818.0,818.0,818.0,830.0,830.0,830.0
1.0,5016.0,2448.0,2490.0,2454.0,2448.0,816.0,816.0,816.0,830.0,830.0,830.0,816.0,816.0,816.0,1672.0,1672.0,1672.0,816.0,816.0,816.0,830.0,830.0,830.0
1.0,5022.0,2463.0,2490.0,2448.0,2463.0,821.0,821.0,821.0,830.0,830.0,830.0,821.0,821.0,821.0,1674.0,1674.0,1674.0,821.0,821.0,821.0,830.0,830.0,830.0
1.0,5007.0,2547.0,2493.0,2463.0,2556.0,852.0,852.0,852.0,831.0,831.0,831.0,849.0,849.0,849.0,1669.0,1669.0,1669.0,852.0,852.0,852.0,831.0,831.0,831.0
1.0,4923.0,2526.0,2496.0,2556.0,2535.0,845.0,845.0,845.0,832.0,832.0,832.0,842.0,842.0,842.0,1641.0,1641.0,1641.0,845.0,845.0,845.0,832.0,832.0,832.0
1.0,4953.0,2508.0,2496.0,2535.0,2508.0,836.0,836.0,836.0,832.0,832.0,832.0,836.0,836.0,836.0,1651.0,1651.0,1651.0,836.0,836.0,836.0,832.0,832.0,832.0
1.0,4980.0,2535.0,2499.0,2508.0,2544.0,848.0,848.0,848.0,833.0,833.0,833.0,845.0,845.0,845.0,1660.0,1660.0,1660.0,848.0,848.0,848.0,833.0,833.0,833.0
1.0,4953.0,2481.0,2496.0,2544.0,2472.0,824.0,824.0,824.0,832.0,832.0,832.0,827.0,827.0,827.0,1651.0,1651.0,1651.0,824.0,824.0,824.0,832.0,832.0,832.0
1.0,5016.0,2400.0,2496.0,2472.0,2400.0,800.0,800.0,800.0,832.0,832.0,832.0,800.0,800.0,800.0,1672.0,1672.0,1672.0,800.0,800.0,800.0,832.0,832.0,832.0
1.0,5088.0,2418.0,2493.0,2400.0,2409.0,803.0,803.0,803.0,831.0,831.0,831.0,806.0,806.0,806.0,1696.0,1696.0,1696.0,803.0,803.0,803.0,831.0,831.0,831.0
1.0,5070.0,2499.0,2496.0,2409.0,2508.0,836.0,836.0,836.0,832.0,832.0,832.0,833.0,833.0,833.0,1690.0,1690.0,1690.0,836.0,836.0,836.0,832.0,832.0,832.0
1.0,4980.0,2601.0,2499.0,2508.0,2610.0,870.0,870.0,870.0,833.0,833.0,833.0,867.0,867.0,867.0,1660.0,1660.0,1660.0,870.0,870.0,870.0,833.0,833.0,833.0
1.0,4887.0,2595.0,2502.0,2610.0,2604.0,868.0,868.0,868.0,834.0,834.0,834.0,865.0,865.0,865.0,1629.0,1629.0,1629.0,868.0,868.0,868.0,834.0,834.0,834.0
1.0,4902.0,2553.0,2502.0,2604.0,2553.0,851.0,851.0,851.0,834.0,834.0,834.0,851.0,851.0,851.0,1634.0,1634.0,1634.0,851.0,851.0,851.0,834.0,834.0,834.0
1.0,4953.0,2517.0,2502.0,2553.0,2517.0,839.0,839.0,839.0,834.0,834.0,834.0,839.0,839.0,839.0,1651.0,1651.0,1651.0,839.0,839.0,839.0,834.0,834.0,834.0
1.0,4989.0,2436.0,2499.0,2517.0,2427.0,809.0,809.0,809.0,833.0,833.0,833.0,812.0,812.0,812.0,1663.0,1663.0,1663.0,809.0,809.0,809.0,833.0,833.0,833.0
1.0,5070.0,2445.0,2496.0,2427.0,2436.0,812.0,812.0,812.0,832.0,832.0,832.0,815.0,815.0,815.0,1690.0,1690.0,1690.0,812.0,812.0,812.0,832.0,832.0,832.0
1.0,5052.0,2496.0,2496.0,2436.0,2496.0,832.0,832.0,832.0,832.0,832.0,832.0,832.0,832.0,832.0,1684.0,1684.0,1684.0,832.0,832.0,832.0,832.0,832.0,832.0
1.0,4992.0,2526.0,2499.0,2496.0,2535.0,845.0,845.0,845.0,833.0,833.0,833.0,842.0,842.0,842.0,1664.0,1664.0,1664.0,845.0,845.0,845.0,833.0,833.0,833.0
1.0,4962.0,2598.0,2502.0,2535.0,2607.0,869.0,869.0,869.0,834.0,834.0,834.0,866.0,866.0,866.0,1654.0,1654.0,1654.0,869.0,869.0,869.0,834.0,834.0,834.0
1.0,4899.0,2508.0,2502.0,2607.0,2508.0,836.0,836.0,836.0,834.0,834.0,834.0,836.0,836.0,836.0,1633.0,1633.0,1633.0,836.0,836.0,836.0,834.0,834.0,834.0
1.0,4998.0,2505.0,2502.0,2508.0,2505.0,835.0,835.0,835.0,834.0,834.0,834.0,835.0,835.0,835.0,1666.0,1666.0,1666.0,835.0,835.0,835.0,834.0,834.0,834.0
1.0,5001.0,2442.0,2499.0,2505.0,2433.0,811.0,811.0,811.0,833.0,833.0,833.0,814.0,814.0,814.0,1667.0,1667.0,1667.0,811.0,811.0,811.0,833.0,833.0,833.0
1.0,5064.0,2538.0,2499.0,2433.0,2538.0,846.0,846.0,846.0,833.0,833.0,833.0,846.0,846.0,846.0,1688.0,1688.0,1688.0,846.0,846.0,846.0,833.0,833.0,833.0
1.0,4959.0,2556.0,2502.0,2538.0,2565.0,855.0,855.0,855.0,834.0,834.0,834.0,852.0,852.0,852.0,1653.0,1653.0,1653.0,855.0,855.0,855.0,834.0,834.0,834.0
1.0,4941.0,2559.0,2505.0,2565.0,2568.0,856.0,856.0,856.0,835.0,835.0,835.0,853.0,853.0,853.0,1647.0,1647.0,1647.0,856.0,856.0,856.0,835.0,835.0,835.0
1.0,4947.0,2589.0,2505.0,2568.0,2589.0,863.0,863.0,863.0,835.0,835.0,835.0,863.0,863.0,863.0,1649.0,1649.0,1649.0,863.0,863.0,863.0,835.0,835.0,835.0
1.0,4926.0,2553.0,2508.0,2589.0,2562.0,854.0,854.0,854.0,836.0,836.0,836.0,851.0,851.0,851.0,1642.0,1642.0,1642.0,854.0,854.0,854.0,836.0,836.0,836.0
1.0,4962.0,2526.0,2508.0,2562.0,2526.0,842.0,842.0,842.0,836.0,836.0,836.0,842.0,842.0,842.0,1654.0,1654.0,1654.0,842.0,842.0,842.0,836.0,836.0,836.0
1.0,4998.0,2457.0,2508.0,2526.0,2457.0,819.0,819.0,819.0,836.0,836.0,836.0,819.0,819.0,819.0,1666.0,1666.0,1666.0,819.0,819.0,819.0,836.0,836.0,836.0
1.0,5067.0,2451.0,2505.0,2457.0,2442.0,814.0,814.0,814.0,835.0,835.0,835.0,817.0,817.0,817.0,1689.0,1689.0,1689.0,814.0,814.0,814.0,835.0,835.0,835.0
1.0,5073.0,2448.0,2505.0,2442.0,2448.0,816.0,816.0,816.0,835.0,835.0,835.0,816.0,816.0,816.0,1691.0,1691.0,1691.0,816.0,816.0,816.0,835.0,835.0,835.0
1.0,5067.0,2610.0,2508.0,2448.0,2619.0,873.0,873.0,873.0,836.0,836.0,836.0,870.0,870.0,870.0,1689.0,1689.0,1689.0,873.0,873.0,873.0,836.0,836.0,836.0
1.0,4905.0,2622.0,2511.0,2619.0,2631.0,877.0,877.0,877.0,837.0,837.0,837.0,874.0,874.0,874.0,1635.0,1635.0,1635.0,877.0,877.0,877.0,837.0,837.0,837.0
1.0,4902.0,2550.0,2514.0,2631.0,2559.0,853.0,853.0,853.0,838.0,838.0,838.0,850.0,850.0,850.0,1634.0,1634.0,1634.0,853.0,853.0,853.0,838.0,838.0,838.0
1.0,4983.0,2493.0,2511.0,2559.0,2484.0,828.0,828.0,828.0,837.0,837.0,837.0,831.0,831.0,831.0,1661.0,1661.0,1661.0,828.0,828.0,828.0,837.0,837.0,837.0
1.0,5049.0,2448.0,2511.0,2484.0,2448.0,816.0,816.0,816.0,837.0,837.0,837.0,816.0,816.0,816.0,1683.0,1683.0,1683.0,816.0,816.0,816.0,837.0,837.0,837.0
1.0,5085.0,2493.0,2511.0,2448.0,2493.0,831.0,831.0,831.0,837.0,837.0,837.0,831.0,831.0,831.0,1695.0,1695.0,1695.0,831.0,831.0,831.0,837.0,837.0,837.0
1.0,5040.0,2523.0,2511.0,2493.0,2523.0,841.0,841.0,841.0,837.0,837.0,837.0,841.0,841.0,841.0,1680.0,1680.0,1680.0,841.0,841.0,841.0,837.0,837.0,837.0
1.0,5010.0,2574.0,2511.0,2523.0,2574.0,858.0,858.0,858.0,837.0,837.0,837.0,858.0,858.0,858.0,1670.0,1670.0,1670.0,858.0,858.0,858.0,837.0,837.0,837.0
1.0,4959.0,2610.0,2514.0,2574.0,2619.0,873.0,873.0,873.0,838.0,838.0,838.0,870.0,870.0,870.0,1653.0,1653.0,1653.0,873.0,873.0,873.0,838.0,838.0,838.0
1.0,4923.0,2559.0,2514.0,2619.0,2559.0,853.0,853.0,853.0,838.0,838.0,838.0,853.0,853.0,853.0,1641.0,1641.0,1641.0,853.0,853.0,853.0,838.0,838.0,838.0
1.0,4983.0,2511.0,2511.0,2559.0,2502.0,834.0,834.0,834.0,837.0,837.0,837.0,837.0,837.0,837.0,1661.0,1661.0,1661.0,834.0,834.0,834.0,837.0,837.0,837.0
1.0,5031.0,2526.0,2511.0,2502.0,2526.0,842.0,842.0,842.0,837.0,837.0,837.0,842.0,842.0,842.0,1677.0,1677.0,1677.0,842.0,842.0,842.0,837.0,837.0,837.0
1.0,5007.0,2478.0,2511.0,2526.0,2478.0,826.0,826.0,826.0,837.0,837.0,837.0,826.0,826.0,826.0,1669.0,1669.0,1669.0,826.0,826.0,826.0,837.0,837.0,837.0
1.0,5055.0,2571.0,2514.0,2478.0,2580.0,860.0,860.0,860.0,838.0,838.0,838.0,857.0,857.0,857.0,1685.0,1685.0,1685.0,860.0,860.0,860.0,838.0,838.0,838.0
1.0,4962.0,2622.0,2517.0,2580.0,2631.0,877.0,877.0,877.0,839.0,839.0,839.0,874.0,874.0,874.0,1654.0,1654.0,1654.0,877.0,877.0,877.0,839.0,839.0,839.0
1.0,4920.0,2589.0,2520.0,2631.0,2598.0,866.0,866.0,866.0,840.0,840.0,840.0,863.0,863.0,863.0,1640.0,1640.0,1640.0,866.0,866.0,866.0,840.0,840.0,840.0
1.0,4962.0,2625.0,2523.0,2598.0,2634.0,878.0,878.0,878.0,841.0,841.0,841.0,875.0,875.0,875.0,1654.0,1654.0,1654.0,878.0,878.0,878.0,841.0,841.0,841.0
1.0,4935.0,2517.0,2523.0,2634.0,2517.0,839.0,839.0,839.0,841.0,841.0,841.0,839.0,839.0,839.0,1645.0,1645.0,1645.0,839.0,839.0,839.0,841.0,841.0,841.0
1.0,5052.0,2484.0,2523.0,2517.0,2484.0,828.0,828.0,828.0,841.0,841.0,841.0,828.0,828.0,828.0,1684.0,1684.0,1684.0,828.0,828.0,828.0,841.0,841.0,841.0
1.0,5085.0,2478.0,2520.0,2484.0,2469.0,823.0,823.0,823.0,840.0,840.0,840.0,826.0,826.0,826.0,1695.0,1695.0,1695.0,823.0,823.0,823.0,840.0,840.0,840.0
1.0,5091.0,2550.0,2523.0,2469.0,2559.0,853.0,853.0,853.0,841.0,841.0,841.0,850.0,850.0,850.0,1697.0,1697.0,1697.0,853.0,853.0,853.0,841.0,841.0,841.0
1.0,5010.0,2535.0,2523.0,2559.0,2535.0,845.0,845.0,845.0,841.0,841.0,841.0,845.0,845.0,845.0,1670.0,1670.0,1670.0,845.0,845.0,845.0,841.0,841.0,841.0
1.0,5034.0,2568.0,2526.0,2535.0,2577.0,859.0,859.0,859.0,842.0,842.0,842.0,856.0,856.0,856.0,1678.0,1678.0,1678.0,859.0,859.0,859.0,842.0,842.0,842.0
1.0,5001.0,2583.0,2526.0,2577.0,2583.0,861.0,861.0,861.0,842.0,842.0,842.0,861.0,861.0,861.0,1667.0,1667.0,1667.0,861.0,861.0,861.0,842.0,842.0,842.0
1.0,4995.0,2556.0,2526.0,2583.0,2556.0,852.0,852.0,852.0,842.0,842.0,842.0,852.0,852.0,852.0,1665.0,1665.0,1665.0,852.0,852.0,852.0,842.0,842.0,842.0
1.0,5022.0,2517.0,2526.0,2556.0,2517.0,839.0,839.0,839.0,842.0,842.0,842.0,839.0,839.0,839.0,1674.0,1674.0,1674.0,839.0,839.0,839.0,842.0,842.0,842.0
1.0,5061.0,2478.0,2526.0,2517.0,2478.0,826.0,826.0,826.0,842.0,842.0,842.0,826.0,826.0,826.0,1687.0,1687.0,1687.0,826.0,826.0,826.0,842.0,842.0,842.0
1.0,5100.0,2493.0,2526.0,2478.0,2493.0,831.0,831.0,831.0,842.0,842.0,842.0,831.0,831.0,831.0,1700.0,1700.0,1700.0,831.0,831.0,831.0,842.0,842.0,842.0
1.0,5085.0,2634.0,2532.0,2493.0,2652.0,884.0,884.0,884.0,844.0,844.0,844.0,878.0,878.0,878.0,1695.0,1695.0,1695.0,884.0,884.0,884.0,844.0,844.0,844.0
1.0,4944.0,2583.0,2535.0,2652.0,2592.0,864.0,864.0,864.0,845.0,845.0,845.0,861.0,861.0,861.0,1648.0,1648.0,1648.0,864.0,864.0,864.0,845.0,845.0,845.0
1.0,5013.0,2583.0,2535.0,2592.0,2583.0,861.0,861.0,861.0,845.0,845.0,845.0,861.0,861.0,861.0,1671.0,1671.0,1671.0,861.0,861.0,861.0,845.0,845.0,845.0
1.0,5022.0,2520.0,2535.0,2583.0,2520.0,840.0,840.0,840.0,845.0,845.0,845.0,840.0,840.0,840.0,1674.0,1674.0,1674.0,840.0,840.0,840.0,845.0,845.0,845.0
1.0,5085.0,2526.0,2532.0,2520.0,2517.0,839.0,839.0,839.0,844.0,844.0,844.0,842.0,842.0,842.0,1695.0,1695.0,1695.0,839.0,839.0,839.0,844.0,844.0,844.0
1.0,5079.0,2463.0,2532.0,2517.0,2463.0,821.0,821.0,821.0,844.0,844.0,844.0,821.0,821.0,821.0,1693.0,1693.0,1693.0,821.0,821.0,821.0,844.0,844.0,844.0
1.0,5133.0,2493.0,2532.0,2463.0,2493.0,831.0,831.0,831.0,844.0,844.0,844.0,831.0,831.0,831.0,1711.0,1711.0,1711.0,831.0,831.0,831.0,844.0,844.0,844.0
1.0,5103.0,2619.0,2535.0,2493.0,2628.0,876.0,876.0,876.0,845.0,845.0,845.0,873.0,873.0,873.0,1701.0,1701.0,1701.0,876.0,876.0,876.0,845.0,845.0,845.0
1.0,4977.0,2610.0,2538.0,2628.0,2619.0,873.0,873.0,873.0,846.0,846.0,846.0,870.0,870.0,870.0,1659.0,1659.0,1659.0,873.0,873.0,873.0,846.0,846.0,846.0
1.0,4995.0,2571.0,2538.0,2619.0,2571.0,857.0,857.0,857.0,846.0,846.0,846.0,857.0,857.0,857.0,1665.0,1665.0,1665.0,857.0,857.0,857.0,846.0,846.0,846.0
1.0,5043.0,2544.0,2538.0,2571.0,2544.0,848.0,848.0,848.0,846.0,846.0,846.0,848.0,848.0,848.0,1681.0,1681.0,1681.0,848.0,848.0,848.0,846.0,846.0,846.0
1.0,5070.0,2490.0,2538.0,2544.0,2490.0,830.0,830.0,830.0,846.0,846.0,846.0,830.0,830.0,830.0,1690.0,1690.0,1690.0,830.0,830.0,830.0,846.0,846.0,846.0
1.0,5124.0,2535.0,2538.0,2490.0,2535.0,845.0,845.0,845.0,846.0,846.0,846.0,845.0,845.0,845.0,1708.0,1708.0,1708.0,845.0,845.0,845.0,846.0,846.0,846.0
1.0,5079.0,2562.0,2538.0,2535.0,2562.0,854.0,854.0,854.0,846.0,846.0,846.0,854.0,854.0,854.0,1693.0,1693.0,1693.0,854.0,854.0,854.0,846.0,846.0,846.0
1.0,5052.0,2580.0,2541.0,2562.0,2589.0,863.0,863.0,863.0,847.0,847.0,847.0,860.0,860.0,860.0,1684.0,1684.0,1684.0,863.0,863.0,863.0,847.0,847.0,847.0
1.0,5034.0,2607.0,2544.0,2589.0,2616.0,872.0,872.0,872.0,848.0,848.0,848.0,869.0,869.0,869.0,1678.0,1678.0,1678.0,872.0,872.0,872.0,848.0,848.0,848.0
1.0,5016.0,2562.0,2544.0,2616.0,2562.0,854.0,854.0,854.0,848.0,848.0,848.0,854.0,854.0,854.0,1672.0,1672.0,1672.0,854.0,854.0,854.0,848.0,848.0,848.0
1.0,5070.0,2562.0,2544.0,2562.0,2562.0,854.0,854.0,854.0,848.0,848.0,848.0,854.0,854.0,854.0,1690.0,1690.0,1690.0,854.0,854.0,854.0,848.0,848.0,848.0
1.0,5070.0,2451.0,2541.0,2562.0,2442.0,814.0,814.0,814.0,847.0,847.0,847.0,817.0,817.0,817.0,1690.0,1690.0,1690.0,814.0,814.0,814.0,847.0,847.0,847.0
1.0,5181.0,2508.0,2538.0,2442.0,2499.0,833.0,833.0,833.0,846.0,846.0,846.0,836.0,836.0,836.0,1727.0,1727.0,1727.0,833.0,833.0,833.0,846.0,846.0,846.0
1.0,5115.0,2505.0,2538.0,2499.0,2505.0,835.0,835.0,835.0,846.0,846.0,846.0,835.0,835.0,835.0,1705.0,1705.0,1705.0,835.0,835.0,835.0,846.0,846.0,846.0
1.0,5109.0,2619.0,2541.0,2505.0,2628.0,876.0,876.0,876.0,847.0,847.0,847.0,873.0,873.0,873.0,1703.0,1703.0,1703.0,876.0,876.0,876.0,847.0,847.0,847.0
1.0,4995.0,2607.0,2544.0,2628.0,2616.0,872.0,872.0,872.0,848.0,848.0,848.0,869.0,869.0,869.0,1665.0,1665.0,1665.0,872.0,872.0,872.0,848.0,848.0,848.0
1.0,5016.0,2538.0,2547.0,2616.0,2547.0,849.0,849.0,849.0,849.0,849.0,849.0,846.0,846.0,846.0,1672.0,1672.0,1672.0,849.0,849.0,849.0,849.0,849.0,849.0
1.0,5094.0,2541.0,2544.0,2547.0,2532.0,844.0,844.0,844.0,848.0,848.0,848.0,847.0,847.0,847.0,1698.0,1698.0,1698.0,844.0,844.0,844.0,848.0,848.0,848.0
1.0,5100.0,2478.0,2544.0,2532.0,2478.0,826.0,826.0,826.0,848.0,848.0,848.0,826.0,826.0,826.0,1700.0,1700.0,1700.0,826.0,826.0,826.0,848.0,848.0,848.0
1.0,5154.0,2523.0,2541.0,2478.0,2514.0,838.0,838.0,838.0,847.0,847.0,847.0,841.0,841.0,841.0,1718.0,1718.0,1718.0,838.0,838.0,838.0,847.0,847.0,847.0
1.0,5109.0,2553.0,2544.0,2514.0,2562.0,854.0,854.0,854.0,848.0,848.0,848.0,851.0,851.0,851.0,1703.0,1703.0,1703.0,854.0,854.0,854.0,848.0,848.0,848.0
1.0,5070.0,2568.0,2547.0,2562.0,2577.0,859.0,859.0,859.0,849.0,849.0,849.0,856.0,856.0,856.0,1690.0,1690.0,1690.0,859.0,859.0,859.0,849.0,849.0,849.0
1.0,5064.0,2616.0,2547.0,2577.0,2616.0,872.0,872.0,872.0,849.0,849.0,849.0,872.0,872.0,872.0,1688.0,1688.0,1688.0,872.0,872.0,872.0,849.0,849.0,849.0
1.0,5025.0,2568.0,2550.0,2616.0,2577.0,859.0,859.0,859.0,850.0,850.0,850.0,856.0,856.0,856.0,1675.0,1675.0,1675.0,859.0,859.0,859.0,850.0,850.0,850.0
1.0,5073.0,2526.0,2547.0,2577.0,2517.0,839.0,839.0,839.0,849.0,849.0,849.0,842.0,842.0,842.0,1691.0,1691.0,1691.0,839.0,839.0,839.0,849.0,849.0,849.0
1.0,5124.0,2433.0,2544.0,2517.0,2424.0,808.0,808.0,808.0,848.0,848.0,848.0,811.0,811.0,811.0,1708.0,1708.0,1708.0,808.0,808.0,808.0,848.0,848.0,848.0
1.0,5208.0,2475.0,2544.0,2424.0,2475.0,825.0,825.0,825.0,848.0,848.0,848.0,825.0,825.0,825.0,1736.0,1736.0,1736.0,825.0,825.0,825.0,848.0,848.0,848.0
1.0,5157.0,2571.0,2544.0,2475.0,2571.0,857.0,857.0,857.0,848.0,848.0,848.0,857.0,857.0,857.0,1719.0,1719.0,1719.0,857.0,857.0,857.0,848.0,848.0,848.0
1.0,5061.0,2571.0,2544.0,2571.0,2571.0,857.0,857.0,857.0,848.0,848.0,848.0,857.0,857.0,857.0,1687.0,1687.0,1687.0,857.0,857.0,857.0,848.0,848.0,848.0
1.0,5061.0,2625.0,2547.0,2571.0,2634.0,878.0,878.0,878.0,849.0,849.0,849.0,875.0,875.0,875.0,1687.0,1687.0,1687.0,878.0,878.0,878.0,849.0,849.0,849.0
1.0,5007.0,2565.0,2547.0,2634.0,2565.0,855.0,855.0,855.0,849.0,849.0,849.0,855.0,855.0,855.0,1669.0,1669.0,1669.0,855.0,855.0,855.0,849.0,849.0,849.0
1.0,5076.0,2556.0,2547.0,2565.0,2556.0,852.0,852.0,852.0,849.0,849.0,849.0,852.0,852.0,852.0,1692.0,1692.0,1692.0,852.0,852.0,852.0,849.0,849.0,849.0
1.0,5085.0,2475.0,2544.0,2556.0,2466.0,822.0,822.0,822.0,848.0,848.0,848.0,825.0,825.0,825.0,1695.0,1695.0,1695.0,822.0,822.0,822.0,848.0,848.0,848.0
1.0,5166.0,2529.0,2541.0,2466.0,2520.0,840.0,840.0,840.0,847.0,847.0,847.0,843.0,843.0,843.0,1722.0,1722.0,1722.0,840.0,840.0,840.0,847.0,847.0,847.0
1.0,5103.0,2622.0,2544.0,2520.0,2631.0,877.0,877.0,877.0,848.0,848.0,848.0,874.0,874.0,874.0,1701.0,1701.0,1701.0,877.0,877.0,877.0,848.0,848.0,848.0
1.0,5001.0,2595.0,2547.0,2631.0,2604.0,868.0,868.0,868.0,849.0,849.0,849.0,865.0,865.0,865.0,1667.0,1667.0,1667.0,868.0,868.0,868.0,849.0,849.0,849.0
1.0,5037.0,2559.0,2547.0,2604.0,2559.0,853.0,853.0,853.0,849.0,849.0,849.0,853.0,853.0,853.0,1679.0,1679.0,1679.0,853.0,853.0,853.0,849.0,849.0,849.0
1.0,5082.0,2592.0,2550.0,2559.0,2601.0,867.0,867.0,867.0,850.0,850.0,850.0,864.0,864.0,864.0,1694.0,1694.0,1694.0,867.0,867.0,867.0,850.0,850.0,850.0
1.0,5049.0,2523.0,2550.0,2601.0,2523.0,841.0,841.0,841.0,850.0,850.0,850.0,841.0,841.0,841.0,1683.0,1683.0,1683.0,841.0,841.0,841.0,850.0,850.0,850.0
1.0,5127.0,2499.0,2547.0,2523.0,2490.0,830.0,830.0,830.0,849.0,849.0,849.0,833.0,833.0,833.0,1709.0,1709.0,1709.0,830.0,830.0,830.0,849.0,849.0,849.0
1.0,5151.0,2496.0,2547.0,2490.0,2496.0,832.0,832.0,832.0,849.0,849.0,849.0,832.0,832.0,832.0,1717.0,1717.0,1717.0,832.0,832.0,832.0,849.0,849.0,849.0
1.0,5145.0,2613.0,2547.0,2496.0,2613.0,871.0,871.0,871.0,849.0,849.0,849.0,871.0,871.0,871.0,1715.0,1715.0,1715.0,871.0,871.0,871.0,849.0,849.0,849.0
1.0,5028.0,2625.0,2550.0,2613.0,2634.0,878.0,878.0,878.0,850.0,850.0,850.0,875.0,875.0,875.0,1676.0,1676.0,1676.0,878.0,878.0,878.0,850.0,850.0,850.0
1.0,5016.0,2568.0,2550.0,2634.0,2568.0,856.0,856.0,856.0,850.0,850.0,850.0,856.0,856.0,856.0,1672.0,1672.0,1672.0,856.0,856.0,856.0,850.0,850.0,850.0
1.0,5082.0,2637.0,2553.0,2568.0,2646.0,882.0,882.0,882.0,851.0,851.0,851.0,879.0,879.0,879.0,1694.0,1694.0,1694.0,882.0,882.0,882.0,851.0,851.0,851.0
1.0,5013.0,2508.0,2550.0,2646.0,2499.0,833.0,833.0,833.0,850.0,850.0,850.0,836.0,836.0,836.0,1671.0,1671.0,1671.0,833.0,833.0,833.0,850.0,850.0,850.0
1.0,5151.0,2526.0,2550.0,2499.0,2526.0,842.0,842.0,842.0,850.0,850.0,850.0,842.0,842.0,842.0,1717.0,1717.0,1717.0,842.0,842.0,842.0,850.0,850.0,850.0
1.0,5124.0,2505.0,2547.0,2526.0,2496.0,832.0,832.0,832.0,849.0,849.0,849.0,835.0,835.0,835.0,1708.0,1708.0,1708.0,832.0,832.0,832.0,849.0,849.0,849.0
1.0,5145.0,2574.0,2550.0,2496.0,2583.0,861.0,861.0,861.0,850.0,850.0,850.0,858.0,858.0,858.0,1715.0,1715.0,1715.0,861.0,861.0,861.0,850.0,850.0,850.0
1.0,5067.0,2607.0,2550.0,2583.0,2607.0,869.0,869.0,869.0,850.0,850.0,850.0,869.0,869.0,869.0,1689.0,1689.0,1689.0,869.0,869.0,869.0,850.0,850.0,850.0
1.0,5043.0,2583.0,2553.0,2607.0,2592.0,864.0,864.0,864.0,851.0,851.0,851.0,861.0,861.0,861.0,1681.0,1681.0,1681.0,864.0,864.0,864.0,851.0,851.0,851.0
1.0,5067.0,2619.0,2556.0,2592.0,2628.0,876.0,876.0,876.0,852.0,852.0,852.0,873.0,873.0,873.0,1689.0,1689.0,1689.0,876.0,876.0,876.0,852.0,852.0,852.0
1.0,5040.0,2547.0,2553.0,2628.0,2538.0,846.0,846.0,846.0,851.0,851.0,851.0,849.0,849.0,849.0,1680.0,1680.0,1680.0,846.0,846.0,846.0,851.0,851.0,851.0
1.0,5121.0,2532.0,2553.0,2538.0,2532.0,844.0,844.0,844.0,851.0,851.0,851.0,844.0,844.0,844.0,1707.0,1707.0,1707.0,844.0,844.0,844.0,851.0,851.0,851.0
1.0,5127.0,2529.0,2553.0,2532.0,2529.0,843.0,843.0,843.0,851.0,851.0,851.0,843.0,843.0,843.0,1709.0,1709.0,1709.0,843.0,843.0,843.0,851.0,851.0,851.0
1.0,5130.0,2610.0,2553.0,2529.0,2610.0,870.0,870.0,870.0,851.0,851.0,851.0,870.0,870.0,870.0,1710.0,1710.0,1710.0,870.0,870.0,870.0,851.0,851.0,851.0
1.0,5049.0,2664.0,2556.0,2610.0,2673.0,891.0,891.0,891.0,852.0,852.0,852.0,888.0,888.0,888.0,1683.0,1683.0,1683.0,891.0,891.0,891.0,852.0,852.0,852.0
1.0,4995.0,2649.0,2559.0,2673.0,2658.0,886.0,886.0,886.0,853.0,853.0,853.0,883.0,883.0,883.0,1665.0,1665.0,1665.0,886.0,886.0,886.0,853.0,853.0,853.0
1.0,5019.0,2628.0,2559.0,2658.0,2628.0,876.0,876.0,876.0,853.0,853.0,853.0,876.0,876.0,876.0,1673.0,1673.0,1673.0,876.0,876.0,876.0,853.0,853.0,853.0
1.0,5049.0,2532.0,2559.0,2628.0,2532.0,844.0,844.0,844.0,853.0,853.0,853.0,844.0,844.0,844.0,1683.0,1683.0,1683.0,844.0,844.0,844.0,853.0,853.0,853.0
1.0,5145.0,2535.0,2559.0,2532.0,2535.0,845.0,845.0,845.0,853.0,853.0,853.0,845.0,845.0,845.0,1715.0,1715.0,1715.0,845.0,845.0,845.0,853.0,853.0,853.0
1.0,5142.0,2535.0,2556.0,2535.0,2526.0,842.0,842.0,842.0,852.0,852.0,852.0,845.0,845.0,845.0,1714.0,1714.0,1714.0,842.0,842.0,842.0,852.0,852.0,852.0
1.0,5142.0,2592.0,2559.0,2526.0,2601.0,867.0,867.0,867.0,853.0,853.0,853.0,864.0,864.0,864.0,1714.0,1714.0,1714.0,867.0,867.0,867.0,853.0,853.0,853.0
1.0,5076.0,2616.0,2562.0,2601.0,2625.0,875.0,875.0,875.0,854.0,854.0,854.0,872.0,872.0,872.0,1692.0,1692.0,1692.0,875.0,875.0,875.0,854.0,854.0,854.0
1.0,5061.0,2676.0,2565.0,2625.0,2685.0,895.0,895.0,895.0,855.0,855.0,855.0,892.0,892.0,892.0,1687.0,1687.0,1687.0,895.0,895.0,895.0,855.0,855.0,855.0
1.0,5010.0,2613.0,2565.0,2685.0,2613.0,871.0,871.0,871.0,855.0,855.0,855.0,871.0,871.0,871.0,1670.0,1670.0,1670.0,871.0,871.0,871.0,855.0,855.0,855.0
1.0,5082.0,2577.0,2565.0,2613.0,2577.0,859.0,859.0,859.0,855.0,855.0,855.0,859.0,859.0,859.0,1694.0,1694.0,1694.0,859.0,859.0,859.0,855.0,855.0,855.0
1.0,5118.0,2529.0,2565.0,2577.0,2529.0,843.0,843.0,843.0,855.0,855.0,855.0,843.0,843.0,843.0,1706.0,1706.0,1706.0,843.0,843.0,843.0,855.0,855.0,855.0
1.0,5166.0,2532.0,2565.0,2529.0,2532.0,844.0,844.0,844.0,855.0,855.0,855.0,844.0,844.0,844.0,1722.0,1722.0,1722.0,844.0,844.0,844.0,855.0,855.0,855.0
1.0,5163.0,2607.0,2565.0,2532.0,2607.0,869.0,869.0,869.0,855.0,855.0,855.0,869.0,869.0,869.0,1721.0,1721.0,1721.0,869.0,869.0,869.0,855.0,855.0,855.0
1.0,5088.0,2577.0,2568.0,2607.0,2586.0,862.0,862.0,862.0,856.0,856.0,856.0,859.0,859.0,859.0,1696.0,1696.0,1696.0,862.0,862.0,862.0,856.0,856.0,856.0
1.0,5118.0,2685.0,2571.0,2586.0,2694.0,898.0,898.0,898.0,857.0,857.0,857.0,895.0,895.0,895.0,1706.0,1706.0,1706.0,898.0,898.0,898.0,857.0,857.0,857.0
1.0,5019.0,2643.0,2571.0,2694.0,2643.0,881.0,881.0,881.0,857.0,857.0,857.0,881.0,881.0,881.0,1673.0,1673.0,1673.0,881.0,881.0,881.0,857.0,857.0,857.0
1.0,5070.0,2556.0,2571.0,2643.0,2556.0,852.0,852.0,852.0,857.0,857.0,857.0,852.0,852.0,852.0,1690.0,1690.0,1690.0,852.0,852.0,852.0,857.0,857.0,857.0
1.0,5157.0,2457.0,2568.0,2556.0,2448.0,816.0,816.0,816.0,856.0,856.0,856.0,819.0,819.0,819.0,1719.0,1719.0,1719.0,816.0,816.0,816.0,856.0,856.0,856.0
1.0,5256.0,2559.0,2568.0,2448.0,2559.0,853.0,853.0,853.0,856.0,856.0,856.0,853.0,853.0,853.0,1752.0,1752.0,1752.0,853.0,853.0,853.0,856.0,856.0,856.0
1.0,5145.0,2571.0,2568.0,2559.0,2571.0,857.0,857.0,857.0,856.0,856.0,856.0,857.0,857.0,857.0,1715.0,1715.0,1715.0,857.0,857.0,857.0,856.0,856.0,856.0
1.0,5133.0,2610.0,2574.0,2571.0,2628.0,876.0,876.0,876.0,858.0,858.0,858.0,870.0,870.0,870.0,1711.0,1711.0,1711.0,876.0,876.0,876.0,858.0,858.0,858.0
1.0,5094.0,2673.0,2577.0,2628.0,2682.0,894.0,894.0,894.0,859.0,859.0,859.0,891.0,891.0,891.0,1698.0,1698.0,1698.0,894.0,894.0,894.0,859.0,859.0,859.0
1.0,5049.0,2622.0,2577.0,2682.0,2622.0,874.0,874.0,874.0,859.0,859.0,859.0,874.0,874.0,874.0,1683.0,1683.0,1683.0,874.0,874.0,874.0,859.0,859.0,859.0
1.0,5109.0,2616.0,2577.0,2622.0,2616.0,872.0,872.0,872.0,859.0,859.0,859.0,872.0,872.0,872.0,1703.0,1703.0,1703.0,872.0,872.0,872.0,859.0,859.0,859.0
1.0,5115.0,2586.0,2577.0,2616.0,2586.0,862.0,862.0,862.0,859.0,859.0,859.0,862.0,862.0,862.0,1705.0,1705.0,1705.0,862.0,862.0,862.0,859.0,859.0,859.0
1.0,5145.0,2517.0,2577.0,2586.0,2517.0,839.0,839.0,839.0,859.0,859.0,859.0,839.0,839.0,839.0,1715.0,1715.0,1715.0,839.0,839.0,839.0,859.0,859.0,859.0
1.0,5214.0,2577.0,2577.0,2517.0,2577.0,859.0,859.0,859.0,859.0,859.0,859.0,859.0,859.0,859.0,1738.0,1738.0,1738.0,859.0,859.0,859.0,859.0,859.0,859.0
1.0,5154.0,2625.0,2580.0,2577.0,2634.0,878.0,878.0,878.0,860.0,860.0,860.0,875.0,875.0,875.0,1718.0,1718.0,1718.0,878.0,878.0,878.0,860.0,860.0,860.0
1.0,5106.0,2685.0,2583.0,2634.0,2694.0,898.0,898.0,898.0,861.0,861.0,861.0,895.0,895.0,895.0,1702.0,1702.0,1702.0,898.0,898.0,898.0,861.0,861.0,861.0
1.0,5055.0,2583.0,2583.0,2694.0,2583.0,861.0,861.0,861.0,861.0,861.0,861.0,861.0,861.0,861.0,1685.0,1685.0,1685.0,861.0,861.0,861.0,861.0,861.0,861.0
1.0,5166.0,2532.0,2580.0,2583.0,2523.0,841.0,841.0,841.0,860.0,860.0,860.0,844.0,844.0,844.0,1722.0,1722.0,1722.0,841.0,841.0,841.0,860.0,860.0,860.0
1.0,5217.0,2580.0,2580.0,2523.0,2580.0,860.0,860.0,860.0,860.0,860.0,860.0,860.0,860.0,860.0,1739.0,1739.0,1739.0,860.0,860.0,860.0,860.0,860.0,860.0
1.0,5160.0,2505.0,2580.0,2580.0,2505.0,835.0,835.0,835.0,860.0,860.0,860.0,835.0,835.0,835.0,1720.0,1720.0,1720.0,835.0,835.0,835.0,860.0,860.0,860.0
1.0,5235.0,2553.0,2580.0,2505.0,2553.0,851.0,851.0,851.0,860.0,860.0,860.0,851.0,851.0,851.0,1745.0,1745.0,1745.0,851.0,851.0,851.0,860.0,860.0,860.0
1.0,5187.0,2634.0,2583.0,2553.0,2643.0,881.0,881.0,881.0,861.0,861.0,861.0,878.0,878.0,878.0,1729.0,1729.0,1729.0,881.0,881.0,881.0,861.0,861.0,861.0
1.0,5106.0,2631.0,2586.0,2643.0,2640.0,880.0,880.0,880.0,862.0,862.0,862.0,877.0,877.0,877.0,1702.0,1702.0,1702.0,880.0,880.0,880.0,862.0,862.0,862.0
1.0,5118.0,2643.0,2586.0,2640.0,2643.0,881.0,881.0,881.0,862.0,862.0,862.0,881.0,881.0,881.0,1706.0,1706.0,1706.0,881.0,881.0,881.0,862.0,862.0,862.0
1.0,5115.0,2550.0,2586.0,2643.0,2550.0,850.0,850.0,850.0,862.0,862.0,862.0,850.0,850.0,850.0,1705.0,1705.0,1705.0,850.0,850.0,850.0,862.0,862.0,862.0
1.0,5208.0,2526.0,2583.0,2550.0,2517.0,839.0,839.0,839.0,861.0,861.0,861.0,842.0,842.0,842.0,1736.0,1736.0,1736.0,839.0,839.0,839.0,861.0,861.0,861.0
1.0,5232.0,2550.0,2583.0,2517.0,2550.0,850.0,850.0,850.0,861.0,861.0,861.0,850.0,850.0,850.0,1744.0,1744.0,1744.0,850.0,850.0,850.0,861.0,861.0,861.0
1.0,5199.0,2583.0,2583.0,2550.0,2583.0,861.0,861.0,861.0,861.0,861.0,861.0,861.0,861.0,861.0,1733.0,1733.0,1733.0,861.0,861.0,861.0,861.0,861.0,861.0
1.0,5166.0,2688.0,2586.0,2583.0,2697.0,899.0,899.0,899.0,862.0,862.0,862.0,896.0,896.0,896.0,1722.0,1722.0,1722.0,899.0,899.0,899.0,862.0,862.0,862.0
1.0,5061.0,2670.0,2589.0,2697.0,2679.0,893.0,893.0,893.0,863.0,863.0,863.0,890.0,890.0,890.0,1687.0,1687.0,1687.0,893.0,893.0,893.0,863.0,863.0,863.0
1.0,5088.0,2616.0,2592.0,2679.0,2625.0,875.0,875.0,875.0,864.0,864.0,864.0,872.0,872.0,872.0,1696.0,1696.0,1696.0,875.0,875.0,875.0,864.0,864.0,864.0
1.0,5151.0,2622.0,2592.0,2625.0,2622.0,874.0,874.0,874.0,864.0,864.0,864.0,874.0,874.0,874.0,1717.0,1717.0,1717.0,874.0,874.0,874.0,864.0,864.0,864.0
1.0,5154.0,2499.0,2589.0,2622.0,2490.0,830.0,830.0,830.0,863.0,863.0,863.0,833.0,833.0,833.0,1718.0,1718.0,1718.0,830.0,830.0,830.0,863.0,863.0,863.0
1.0,5277.0,2583.0,2589.0,2490.0,2583.0,861.0,861.0,861.0,863.0,863.0,863.0,861.0,861.0,861.0,1759.0,1759.0,1759.0,861.0,861.0,861.0,863.0,863.0,863.0
1.0,5184.0,2631.0,2589.0,2583.0,2631.0,877.0,877.0,877.0,863.0,863.0,863.0,877.0,877.0,877.0,1728.0,1728.0,1728.0,877.0,877.0,877.0,863.0,863.0,863.0
1.0,5136.0,2664.0,2592.0,2631.0,2673.0,891.0,891.0,891.0,864.0,864.0,864.0,888.0,888.0,888.0,1712.0,1712.0,1712.0,891.0,891.0,891.0,864.0,864.0,864.0
1.0,5103.0,2646.0,2595.0,2673.0,2655.0,885.0,885.0,885.0,865.0,865.0,865.0,882.0,882.0,882.0,1701.0,1701.0,1701.0,885.0,885.0,885.0,865.0,865.0,865.0
1.0,5130.0,2658.0,2595.0,2655.0,2658.0,886.0,886.0,886.0,865.0,865.0,865.0,886.0,886.0,886.0,1710.0,1710.0,1710.0,886.0,886.0,886.0,865.0,865.0,865.0
1.0,5127.0,2565.0,2595.0,2658.0,2565.0,855.0,855.0,855.0,865.0,865.0,865.0,855.0,855.0,855.0,1709.0,1709.0,1709.0,855.0,855.0,855.0,865.0,865.0,865.0
1.0,5220.0,2589.0,2592.0,2565.0,2580.0,860.0,860.0,860.0,864.0,864.0,864.0,863.0,863.0,863.0,1740.0,1740.0,1740.0,860.0,860.0,860.0,864.0,864.0,864.0
1.0,5196.0,2562.0,2592.0,2580.0,2562.0,854.0,854.0,854.0,864.0,864.0,864.0,854.0,854.0,854.0,1732.0,1732.0,1732.0,854.0,854.0,854.0,864.0,864.0,864.0
1.0,5214.0,2604.0,2592.0,2562.0,2604.0,868.0,868.0,868.0,864.0,864.0,864.0,868.0,868.0,868.0,1738.0,1738.0,1738.0,868.0,868.0,868.0,864.0,864.0,864.0
1.0,5172.0,2649.0,2595.0,2604.0,2658.0,886.0,886.0,886.0,865.0,865.0,865.0,883.0,883.0,883.0,1724.0,1724.0,1724.0,886.0,886.0,886.0,865.0,865.0,865.0
1.0,5127.0,2625.0,2598.0,2658.0,2634.0,878.0,878.0,878.0,866.0,866.0,866.0,875.0,875.0,875.0,1709.0,1709.0,1709.0,878.0,878.0,878.0,866.0,866.0,866.0
1.0,5160.0,2658.0,2598.0,2634.0,2658.0,886.0,886.0,886.0,866.0,866.0,866.0,886.0,886.0,886.0,1720.0,1720.0,1720.0,886.0,886.0,886.0,866.0,866.0,866.0
1.0,5136.0,2541.0,2598.0,2658.0,2541.0,847.0,847.0,847.0,866.0,866.0,866.0,847.0,847.0,847.0,1712.0,1712.0,1712.0,847.0,847.0,847.0,866.0,866.0,866.0
1.0,5253.0,2559.0,2595.0,2541.0,2550.0,850.0,850.0,850.0,865.0,865.0,865.0,853.0,853.0,853.0,1751.0,1751.0,1751.0,850.0,850.0,850.0,865.0,865.0,865.0
1.0,5235.0,2568.0,2595.0,2550.0,2568.0,856.0,856.0,856.0,865.0,865.0,865.0,856.0,856.0,856.0,1745.0,1745.0,1745.0,856.0,856.0,856.0,865.0,865.0,865.0
1.0,5217.0,2601.0,2595.0,2568.0,2601.0,867.0,867.0,867.0,865.0,865.0,865.0,867.0,867.0,867.0,1739.0,1739.0,1739.0,867.0,867.0,867.0,865.0,865.0,865.0
1.0,5184.0,2604.0,2595.0,2601.0,2604.0,868.0,868.0,868.0,865.0,865.0,865.0,868.0,868.0,868.0,1728.0,1728.0,1728.0,868.0,868.0,868.0,865.0,865.0,865.0
1.0,5181.0,2670.0,2598.0,2604.0,2679.0,893.0,893.0,893.0,866.0,866.0,866.0,890.0,890.0,890.0,1727.0,1727.0,1727.0,893.0,893.0,893.0,866.0,866.0,866.0
1.0,5115.0,2640.0,2598.0,2679.0,2640.0,880.0,880.0,880.0,866.0,866.0,866.0,880.0,880.0,880.0,1705.0,1705.0,1705.0,880.0,880.0,880.0,866.0,866.0,866.0
1.0,5154.0,2610.0,2598.0,2640.0,2610.0,870.0,870.0,870.0,866.0,866.0,866.0,870.0,870.0,870.0,1718.0,1718.0,1718.0,870.0,870.0,870.0,866.0,866.0,866.0
1.0,5184.0,2598.0,2598.0,2610.0,2598.0,866.0,866.0,866.0,866.0,866.0,866.0,866.0,866.0,866.0,1728.0,1728.0,1728.0,866.0,866.0,866.0,866.0,866.0,866.0
1.0,5196.0,2529.0,2595.0,2598.0,2520.0,840.0,840.0,840.0,865.0,865.0,865.0,843.0,843.0,843.0,1732.0,1732.0,1732.0,840.0,840.0,840.0,865.0,865.0,865.0
1.0,5265.0,2607.0,2598.0,2520.0,2616.0,872.0,872.0,872.0,866.0,866.0,866.0,869.0,869.0,869.0,1755.0,1755.0,1755.0,872.0,872.0,872.0,866.0,866.0,866.0
1.0,5178.0,2721.0,2601.0,2616.0,2730.0,910.0,910.0,910.0,867.0,867.0,867.0,907.0,907.0,907.0,1726.0,1726.0,1726.0,910.0,910.0,910.0,867.0,867.0,867.0
1.0,5073.0,2664.0,2604.0,2730.0,2673.0,891.0,891.0,891.0,868.0,868.0,868.0,888.0,888.0,888.0,1691.0,1691.0,1691.0,891.0,891.0,891.0,868.0,868.0,868.0
1.0,5139.0,2661.0,2604.0,2673.0,2661.0,887.0,887.0,887.0,868.0,868.0,868.0,887.0,887.0,887.0,1713.0,1713.0,1713.0,887.0,887.0,887.0,868.0,868.0,868.0
1.0,5151.0,2589.0,2604.0,2661.0,2589.0,863.0,863.0,863.0,868.0,868.0,868.0,863.0,863.0,863.0,1717.0,1717.0,1717.0,863.0,863.0,863.0,868.0,868.0,868.0
1.0,5223.0,2523.0,2601.0,2589.0,2514.0,838.0,838.0,838.0,867.0,867.0,867.0,841.0,841.0,841.0,1741.0,1741.0,1741.0,838.0,838.0,838.0,867.0,867.0,867.0
1.0,5289.0,2601.0,2601.0,2514.0,2601.0,867.0,867.0,867.0,867.0,867.0,867.0,867.0,867.0,867.0,1763.0,1763.0,1763.0,867.0,867.0,867.0,867.0,867.0,867.0
1.0,5202.0,2658.0,2604.0,2601.0,2667.0,889.0,889.0,889.0,868.0,868.0,868.0,886.0,886.0,886.0,1734.0,1734.0,1734.0,889.0,889.0,889.0,868.0,868.0,868.0
1.0,5145.0,2643.0,2604.0,2667.0,2643.0,881.0,881.0,881.0,868.0,868.0,868.0,881.0,881.0,881.0,1715.0,1715.0,1715.0,881.0,881.0,881.0,868.0,868.0,868.0
1.0,5169.0,2670.0,2607.0,2643.0,2679.0,893.0,893.0,893.0,869.0,869.0,869.0,890.0,890.0,890.0,1723.0,1723.0,1723.0,893.0,893.0,893.0,869.0,869.0,869.0
1.0,5142.0,2712.0,2610.0,2679.0,2721.0,907.0,907.0,907.0,870.0,870.0,870.0,904.0,904.0,904.0,1714.0,1714.0,1714.0,907.0,907.0,907.0,870.0,870.0,870.0
1.0,5109.0,2619.0,2610.0,2721.0,2619.0,873.0,873.0,873.0,870.0,870.0,870.0,873.0,873.0,873.0,1703.0,1703.0,1703.0,873.0,873.0,873.0,870.0,870.0,870.0
1.0,5211.0,2565.0,2607.0,2619.0,2556.0,852.0,852.0,852.0,869.0,869.0,869.0,855.0,855.0,855.0,1737.0,1737.0,1737.0,852.0,852.0,852.0,869.0,869.0,869.0
1.0,5265.0,2550.0,2607.0,2556.0,2550.0,850.0,850.0,850.0,869.0,869.0,869.0,850.0,850.0,850.0,1755.0,1755.0,1755.0,850.0,850.0,850.0,869.0,869.0,869.0
1.0,5271.0,2646.0,2607.0,2550.0,2646.0,882.0,882.0,882.0,869.0,869.0,869.0,882.0,882.0,882.0,1757.0,1757.0,1757.0,882.0,882.0,882.0,869.0,869.0,869.0
1.0,5175.0,2685.0,2610.0,2646.0,2694.0,898.0,898.0,898.0,870.0,870.0,870.0,895.0,895.0,895.0,1725.0,1725.0,1725.0,898.0,898.0,898.0,870.0,870.0,870.0
1.0,5136.0,2727.0,2616.0,2694.0,2745.0,915.0,915.0,915.0,872.0,872.0,872.0,909.0,909.0,909.0,1712.0,1712.0,1712.0,915.0,915.0,915.0,872.0,872.0,872.0
1.0,5103.0,2652.0,2616.0,2745.0,2652.0,884.0,884.0,884.0,872.0,872.0,872.0,884.0,884.0,884.0,1701.0,1701.0,1701.0,884.0,884.0,884.0,872.0,872.0,872.0
1.0,5196.0,2637.0,2616.0,2652.0,2637.0,879.0,879.0,879.0,872.0,872.0,872.0,879.0,879.0,879.0,1732.0,1732.0,1732.0,879.0,879.0,879.0,872.0,872.0,872.0
1.0,5211.0,2592.0,2616.0,2637.0,2592.0,864.0,864.0,864.0,872.0,872.0,872.0,864.0,864.0,864.0,1737.0,1737.0,1737.0,864.0,864.0,864.0,872.0,872.0,872.0
1.0,5256.0,2598.0,2616.0,2592.0,2598.0,866.0,866.0,866.0,872.0,872.0,872.0,866.0,866.0,866.0,1752.0,1752.0,1752.0,866.0,866.0,866.0,872.0,872.0,872.0
1.0,5250.0,2652.0,2616.0,2598.0,2652.0,884.0,884.0,884.0,872.0,872.0,872.0,884.0,884.0,884.0,1750.0,1750.0,1750.0,884.0,884.0,884.0,872.0,872.0,872.0
1.0,5196.0,2727.0,2622.0,2652.0,2745.0,915.0,915.0,915.0,874.0,874.0,874.0,909.0,909.0,909.0,1732.0,1732.0,1732.0,915.0,915.0,915.0,874.0,874.0,874.0
1.0,5121.0,2691.0,2622.0,2745.0,2691.0,897.0,897.0,897.0,874.0,874.0,874.0,897.0,897.0,897.0,1707.0,1707.0,1707.0,897.0,897.0,897.0,874.0,874.0,874.0
1.0,5175.0,2619.0,2625.0,2691.0,2628.0,876.0,876.0,876.0,875.0,875.0,875.0,873.0,873.0,873.0,1725.0,1725.0,1725.0,876.0,876.0,876.0,875.0,875.0,875.0
1.0,5247.0,2628.0,2622.0,2628.0,2619.0,873.0,873.0,873.0,874.0,874.0,874.0,876.0,876.0,876.0,1749.0,1749.0,1749.0,873.0,873.0,873.0,874.0,874.0,874.0
1.0,5247.0,2562.0,2622.0,2619.0,2562.0,854.0,854.0,854.0,874.0,874.0,874.0,854.0,854.0,854.0,1749.0,1749.0,1749.0,854.0,854.0,854.0,874.0,874.0,874.0
1.0,5304.0,2568.0,2619.0,2562.0,2559.0,853.0,853.0,853.0,873.0,873.0,873.0,856.0,856.0,856.0,1768.0,1768.0,1768.0,853.0,853.0,853.0,873.0,873.0,873.0
1.0,5298.0,2640.0,2619.0,2559.0,2640.0,880.0,880.0,880.0,873.0,873.0,873.0,880.0,880.0,880.0,1766.0,1766.0,1766.0,880.0,880.0,880.0,873.0,873.0,873.0
1.0,5217.0,2691.0,2625.0,2640.0,2709.0,903.0,903.0,903.0,875.0,875.0,875.0,897.0,897.0,897.0,1739.0,1739.0,1739.0,903.0,903.0,903.0,875.0,875.0,875.0
1.0,5166.0,2688.0,2625.0,2709.0,2688.0,896.0,896.0,896.0,875.0,875.0,875.0,896.0,896.0,896.0,1722.0,1722.0,1722.0,896.0,896.0,896.0,875.0,875.0,875.0
1.0,5187.0,2649.0,2625.0,2688.0,2649.0,883.0,883.0,883.0,875.0,875.0,875.0,883.0,883.0,883.0,1729.0,1729.0,1729.0,883.0,883.0,883.0,875.0,875.0,875.0
1.0,5226.0,2610.0,2625.0,2649.0,2610.0,870.0,870.0,870.0,875.0,875.0,875.0,870.0,870.0,870.0,1742.0,1742.0,1742.0,870.0,870.0,870.0,875.0,875.0,875.0
1.0,5265.0,2544.0,2622.0,2610.0,2535.0,845.0,845.0,845.0,874.0,874.0,874.0,848.0,848.0,848.0,1755.0,1755.0,1755.0,845.0,845.0,845.0,874.0,874.0,874.0
1.0,5331.0,2589.0,2622.0,2535.0,2589.0,863.0,863.0,863.0,874.0,874.0,874.0,863.0,863.0,863.0,1777.0,1777.0,1777.0,863.0,863.0,863.0,874.0,874.0,874.0
1.0,5277.0,2685.0,2625.0,2589.0,2694.0,898.0,898.0,898.0,875.0,875.0,875.0,895.0,895.0,895.0,1759.0,1759.0,1759.0,898.0,898.0,898.0,875.0,875.0,875.0
1.0,5181.0,2730.0,2628.0,2694.0,2739.0,913.0,913.0,913.0,876.0,876.0,876.0,910.0,910.0,910.0,1727.0,1727.0,1727.0,913.0,913.0,913.0,876.0,876.0,876.0
1.0,5145.0,2709.0,2631.0,2739.0,2718.0,906.0,906.0,906.0,877.0,877.0,877.0,903.0,903.0,903.0,1715.0,1715.0,1715.0,906.0,906.0,906.0,877.0,877.0,877.0
1.0,5175.0,2691.0,2631.0,2718.0,2691.0,897.0,897.0,897.0,877.0,877.0,877.0,897.0,897.0,897.0,1725.0,1725.0,1725.0,897.0,897.0,897.0,877.0,877.0,877.0
1.0,5202.0,2595.0,2631.0,2691.0,2595.0,865.0,865.0,865.0,877.0,877.0,877.0,865.0,865.0,865.0,1734.0,1734.0,1734.0,865.0,865.0,865.0,877.0,877.0,877.0
1.0,5298.0,2565.0,2628.0,2595.0,2556.0,852.0,852.0,852.0,876.0,876.0,876.0,855.0,855.0,855.0,1766.0,1766.0,1766.0,852.0,852.0,852.0,876.0,876.0,876.0
1.0,5328.0,2613.0,2628.0,2556.0,2613.0,871.0,871.0,871.0,876.0,876.0,876.0,871.0,871.0,871.0,1776.0,1776.0,1776.0,871.0,871.0,871.0,876.0,876.0,876.0
1.0,5271.0,2625.0,2631.0,2613.0,2634.0,878.0,878.0,878.0,877.0,877.0,877.0,875.0,875.0,875.0,1757.0,1757.0,1757.0,878.0,878.0,878.0,877.0,877.0,877.0
1.0,5259.0,2694.0,2634.0,2634.0,2703.0,901.0,901.0,901.0,878.0,878.0,878.0,898.0,898.0,898.0,1753.0,1753.0,1753.0,901.0,901.0,901.0,878.0,878.0,878.0
1.0,5199.0,2637.0,2634.0,2703.0,2637.0,879.0,879.0,879.0,878.0,878.0,878.0,879.0,879.0,879.0,1733.0,1733.0,1733.0,879.0,879.0,879.0,878.0,878.0,878.0
1.0,5265.0,2649.0,2634.0,2637.0,2649.0,883.0,883.0,883.0,878.0,878.0,878.0,883.0,883.0,883.0,1755.0,1755.0,1755.0,883.0,883.0,883.0,878.0,878.0,878.0
1.0,5253.0,2592.0,2634.0,2649.0,2592.0,864.0,864.0,864.0,878.0,878.0,878.0,864.0,864.0,864.0,1751.0,1751.0,1751.0,864.0,864.0,864.0,878.0,878.0,878.0
1.0,5310.0,2595.0,2634.0,2592.0,2595.0,865.0,865.0,865.0,878.0,878.0,878.0,865.0,865.0,865.0,1770.0,1770.0,1770.0,865.0,865.0,865.0,878.0,878.0,878.0
1.0,5307.0,2589.0,2631.0,2595.0,2580.0,860.0,860.0,860.0,877.0,877.0,877.0,863.0,863.0,863.0,1769.0,1769.0,1769.0,860.0,860.0,860.0,877.0,877.0,877.0
1.0,5313.0,2652.0,2634.0,2580.0,2661.0,887.0,887.0,887.0,878.0,878.0,878.0,884.0,884.0,884.0,1771.0,1771.0,1771.0,887.0,887.0,887.0,878.0,878.0,878.0
1.0,5241.0,2694.0,2634.0,2661.0,2694.0,898.0,898.0,898.0,878.0,878.0,878.0,898.0,898.0,898.0,1747.0,1747.0,1747.0,898.0,898.0,898.0,878.0,878.0,878.0
1.0,5208.0,2715.0,2640.0,2694.0,2733.0,911.0,911.0,911.0,880.0,880.0,880.0,905.0,905.0,905.0,1736.0,1736.0,1736.0,911.0,911.0,911.0,880.0,880.0,880.0
1.0,5187.0,2688.0,2640.0,2733.0,2688.0,896.0,896.0,896.0,880.0,880.0,880.0,896.0,896.0,896.0,1729.0,1729.0,1729.0,896.0,896.0,896.0,880.0,880.0,880.0
1.0,5232.0,2640.0,2640.0,2688.0,2640.0,880.0,880.0,880.0,880.0,880.0,880.0,880.0,880.0,880.0,1744.0,1744.0,1744.0,880.0,880.0,880.0,880.0,880.0,880.0
1.0,5280.0,2622.0,2637.0,2640.0,2613.0,871.0,871.0,871.0,879.0,879.0,879.0,874.0,874.0,874.0,1760.0,1760.0,1760.0,871.0,871.0,871.0,879.0,879.0,879.0
1.0,5298.0,2682.0,2637.0,2613.0,2682.0,894.0,894.0,894.0,879.0,879.0,879.0,894.0,894.0,894.0,1766.0,1766.0,1766.0,894.0,894.0,894.0,879.0,879.0,879.0
1.0,5229.0,2619.0,2640.0,2682.0,2628.0,876.0,876.0,876.0,880.0,880.0,880.0,873.0,873.0,873.0,1743.0,1743.0,1743.0,876.0,876.0,876.0,880.0,880.0,880.0
1.0,5292.0,2724.0,2643.0,2628.0,2733.0,911.0,911.0,911.0,881.0,881.0,881.0,908.0,908.0,908.0,1764.0,1764.0,1764.0,911.0,911.0,911.0,881.0,881.0,881.0
1.0,5196.0,2760.0,2646.0,2733.0,2769.0,923.0,923.0,923.0,882.0,882.0,882.0,920.0,920.0,920.0,1732.0,1732.0,1732.0,923.0,923.0,923.0,882.0,882.0,882.0
1.0,5169.0,2712.0,2646.0,2769.0,2712.0,904.0,904.0,904.0,882.0,882.0,882.0,904.0,904.0,904.0,1723.0,1723.0,1723.0,904.0,904.0,904.0,882.0,882.0,882.0
1.0,5226.0,2619.0,2646.0,2712.0,2619.0,873.0,873.0,873.0,882.0,882.0,882.0,873.0,873.0,873.0,1742.0,1742.0,1742.0,873.0,873.0,873.0,882.0,882.0,882.0
1.0,5319.0,2628.0,2646.0,2619.0,2628.0,876.0,876.0,876.0,882.0,882.0,882.0,876.0,876.0,876.0,1773.0,1773.0,1773.0,876.0,876.0,876.0,882.0,882.0,882.0
1.0,5310.0,2637.0,2643.0,2628.0,2628.0,876.0,876.0,876.0,881.0,881.0,881.0,879.0,879.0,879.0,1770.0,1770.0,1770.0,876.0,876.0,876.0,881.0,881.0,881.0
1.0,5301.0,2706.0,2646.0,2628.0,2715.0,905.0,905.0,905.0,882.0,882.0,882.0,902.0,902.0,902.0,1767.0,1767.0,1767.0,905.0,905.0,905.0,882.0,882.0,882.0
1.0,5223.0,2751.0,2649.0,2715.0,2760.0,920.0,920.0,920.0,883.0,883.0,883.0,917.0,917.0,917.0,1741.0,1741.0,1741.0,920.0,920.0,920.0,883.0,883.0,883.0
1.0,5187.0,2673.0,2652.0,2760.0,2682.0,894.0,894.0,894.0,884.0,884.0,884.0,891.0,891.0,891.0,1729.0,1729.0,1729.0,894.0,894.0,894.0,884.0,884.0,884.0
1.0,5274.0,2712.0,2652.0,2682.0,2712.0,904.0,904.0,904.0,884.0,884.0,884.0,904.0,904.0,904.0,1758.0,1758.0,1758.0,904.0,904.0,904.0,884.0,884.0,884.0
1.0,5244.0,2601.0,2652.0,2712.0,2601.0,867.0,867.0,867.0,884.0,884.0,884.0,867.0,867.0,867.0,1748.0,1748.0,1748.0,867.0,867.0,867.0,884.0,884.0,884.0
1.0,5355.0,2613.0,2649.0,2601.0,2604.0,868.0,868.0,868.0,883.0,883.0,883.0,871.0,871.0,871.0,1785.0,1785.0,1785.0,868.0,868.0,868.0,883.0,883.0,883.0
1.0,5343.0,2643.0,2649.0,2604.0,2643.0,881.0,881.0,881.0,883.0,883.0,883.0,881.0,881.0,881.0,1781.0,1781.0,1781.0,881.0,881.0,881.0,883.0,883.0,883.0
1.0,5304.0,2655.0,2649.0,2643.0,2655.0,885.0,885.0,885.0,883.0,883.0,883.0,885.0,885.0,885.0,1768.0,1768.0,1768.0,885.0,885.0,885.0,883.0,883.0,883.0
1.0,5292.0,2724.0,2652.0,2655.0,2733.0,911.0,911.0,911.0,884.0,884.0,884.0,908.0,908.0,908.0,1764.0,1764.0,1764.0,911.0,911.0,911.0,884.0,884.0,884.0
1.0,5223.0,2685.0,2652.0,2733.0,2685.0,895.0,895.0,895.0,884.0,884.0,884.0,895.0,895.0,895.0,1741.0,1741.0,1741.0,895.0,895.0,895.0,884.0,884.0,884.0
1.0,5271.0,2712.0,2655.0,2685.0,2721.0,907.0,907.0,907.0,885.0,885.0,885.0,904.0,904.0,904.0,1757.0,1757.0,1757.0,907.0,907.0,907.0,885.0,885.0,885.0
1.0,5244.0,2655.0,2652.0,2721.0,2646.0,882.0,882.0,882.0,884.0,884.0,884.0,885.0,885.0,885.0,1748.0,1748.0,1748.0,882.0,882.0,882.0,884.0,884.0,884.0
1.0,5310.0,2643.0,2652.0,2646.0,2643.0,881.0,881.0,881.0,884.0,884.0,884.0,881.0,881.0,881.0,1770.0,1770.0,1770.0,881.0,881.0,881.0,884.0,884.0,884.0
1.0,5313.0,2619.0,2652.0,2643.0,2619.0,873.0,873.0,873.0,884.0,884.0,884.0,873.0,873.0,873.0,1771.0,1771.0,1771.0,873.0,873.0,873.0,884.0,884.0,884.0
1.0,5337.0,2682.0,2652.0,2619.0,2682.0,894.0,894.0,894.0,884.0,884.0,884.0,894.0,894.0,894.0,1779.0,1779.0,1779.0,894.0,894.0,894.0,884.0,884.0,884.0
1.0,5274.0,2709.0,2655.0,2682.0,2718.0,906.0,906.0,906.0,885.0,885.0,885.0,903.0,903.0,903.0,1758.0,1758.0,1758.0,906.0,906.0,906.0,885.0,885.0,885.0
1.0,5247.0,2685.0,2658.0,2718.0,2694.0,898.0,898.0,898.0,886.0,886.0,886.0,895.0,895.0,895.0,1749.0,1749.0,1749.0,898.0,898.0,898.0,886.0,886.0,886.0
1.0,5280.0,2649.0,2658.0,2694.0,2649.0,883.0,883.0,883.0,886.0,886.0,886.0,883.0,883.0,883.0,1760.0,1760.0,1760.0,883.0,883.0,883.0,886.0,886.0,886.0
1.0,5325.0,2655.0,2658.0,2649.0,2655.0,885.0,885.0,885.0,886.0,886.0,886.0,885.0,885.0,885.0,1775.0,1775.0,1775.0,885.0,885.0,885.0,886.0,886.0,886.0
1.0,5319.0,2622.0,2658.0,2655.0,2622.0,874.0,874.0,874.0,886.0,886.0,886.0,874.0,874.0,874.0,1773.0,1773.0,1773.0,874.0,874.0,874.0,886.0,886.0,886.0
1.0,5352.0,2619.0,2655.0,2622.0,2610.0,870.0,870.0,870.0,885.0,885.0,885.0,873.0,873.0,873.0,1784.0,1784.0,1784.0,870.0,870.0,870.0,885.0,885.0,885.0
1.0,5355.0,2718.0,2658.0,2610.0,2727.0,909.0,909.0,909.0,886.0,886.0,886.0,906.0,906.0,906.0,1785.0,1785.0,1785.0,909.0,909.0,909.0,886.0,886.0,886.0
1.0,5247.0,2712.0,2661.0,2727.0,2721.0,907.0,907.0,907.0,887.0,887.0,887.0,904.0,904.0,904.0,1749.0,1749.0,1749.0,907.0,907.0,907.0,887.0,887.0,887.0
1.0,5262.0,2661.0,2664.0,2721.0,2670.0,890.0,890.0,890.0,888.0,888.0,888.0,887.0,887.0,887.0,1754.0,1754.0,1754.0,890.0,890.0,890.0,888.0,888.0,888.0
1.0,5322.0,2727.0,2664.0,2670.0,2727.0,909.0,909.0,909.0,888.0,888.0,888.0,909.0,909.0,909.0,1774.0,1774.0,1774.0,909.0,909.0,909.0,888.0,888.0,888.0
1.0,5265.0,2616.0,2661.0,2727.0,2607.0,869.0,869.0,869.0,887.0,887.0,887.0,872.0,872.0,872.0,1755.0,1755.0,1755.0,869.0,869.0,869.0,887.0,887.0,887.0
1.0,5376.0,2643.0,2661.0,2607.0,2643.0,881.0,881.0,881.0,887.0,887.0,887.0,881.0,881.0,881.0,1792.0,1792.0,1792.0,881.0,881.0,881.0,887.0,887.0,887.0
1.0,5340.0,2637.0,2658.0,2643.0,2628.0,876.0,876.0,876.0,886.0,886.0,886.0,879.0,879.0,879.0,1780.0,1780.0,1780.0,876.0,876.0,876.0,886.0,886.0,886.0
1.0,5346.0,2610.0,2658.0,2628.0,2610.0,870.0,870.0,870.0,886.0,886.0,886.0,870.0,870.0,870.0,1782.0,1782.0,1782.0,870.0,870.0,870.0,886.0,886.0,886.0
1.0,5364.0,2742.0,2664.0,2610.0,2760.0,920.0,920.0,920.0,888.0,888.0,888.0,914.0,914.0,914.0,1788.0,1788.0,1788.0,920.0,920.0,920.0,888.0,888.0,888.0
1.0,5232.0,2733.0,2664.0,2760.0,2733.0,911.0,911.0,911.0,888.0,888.0,888.0,911.0,911.0,911.0,1744.0,1744.0,1744.0,911.0,911.0,911.0,888.0,888.0,888.0
1.0,5259.0,2682.0,2667.0,2733.0,2691.0,897.0,897.0,897.0,889.0,889.0,889.0,894.0,894.0,894.0,1753.0,1753.0,1753.0,897.0,897.0,897.0,889.0,889.0,889.0
1.0,5310.0,2655.0,2664.0,2691.0,2646.0,882.0,882.0,882.0,888.0,888.0,888.0,885.0,885.0,885.0,1770.0,1770.0,1770.0,882.0,882.0,882.0,888.0,888.0,888.0
1.0,5346.0,2604.0,2664.0,2646.0,2604.0,868.0,868.0,868.0,888.0,888.0,888.0,868.0,868.0,868.0,1782.0,1782.0,1782.0,868.0,868.0,868.0,888.0,888.0,888.0
1.0,5388.0,2607.0,2664.0,2604.0,2607.0,869.0,869.0,869.0,888.0,888.0,888.0,869.0,869.0,869.0,1796.0,1796.0,1796.0,869.0,869.0,869.0,888.0,888.0,888.0
1.0,5385.0,2655.0,2664.0,2607.0,2655.0,885.0,885.0,885.0,888.0,888.0,888.0,885.0,885.0,885.0,1795.0,1795.0,1795.0,885.0,885.0,885.0,888.0,888.0,888.0
1.0,5337.0,2727.0,2667.0,2655.0,2736.0,912.0,912.0,912.0,889.0,889.0,889.0,909.0,909.0,909.0,1779.0,1779.0,1779.0,912.0,912.0,912.0,889.0,889.0,889.0
1.0,5265.0,2739.0,2670.0,2736.0,2748.0,916.0,916.0,916.0,890.0,890.0,890.0,913.0,913.0,913.0,1755.0,1755.0,1755.0,916.0,916.0,916.0,890.0,890.0,890.0
1.0,5262.0,2712.0,2673.0,2748.0,2721.0,907.0,907.0,907.0,891.0,891.0,891.0,904.0,904.0,904.0,1754.0,1754.0,1754.0,907.0,907.0,907.0,891.0,891.0,891.0
1.0,5298.0,2688.0,2673.0,2721.0,2688.0,896.0,896.0,896.0,891.0,891.0,891.0,896.0,896.0,896.0,1766.0,1766.0,1766.0,896.0,896.0,896.0,891.0,891.0,891.0
1.0,5331.0,2628.0,2670.0,2688.0,2619.0,873.0,873.0,873.0,890.0,890.0,890.0,876.0,876.0,876.0,1777.0,1777.0,1777.0,873.0,873.0,873.0,890.0,890.0,890.0
1.0,5391.0,2655.0,2670.0,2619.0,2655.0,885.0,885.0,885.0,890.0,890.0,890.0,885.0,885.0,885.0,1797.0,1797.0,1797.0,885.0,885.0,885.0,890.0,890.0,890.0
1.0,5355.0,2607.0,2670.0,2655.0,2607.0,869.0,869.0,869.0,890.0,890.0,890.0,869.0,869.0,869.0,1785.0,1785.0,1785.0,869.0,869.0,869.0,890.0,890.0,890.0
1.0,5403.0,2730.0,2670.0,2607.0,2730.0,910.0,910.0,910.0,890.0,890.0,890.0,910.0,910.0,910.0,1801.0,1801.0,1801.0,910.0,910.0,910.0,890.0,890.0,890.0
1.0,5280.0,2760.0,2673.0,2730.0,2769.0,923.0,923.0,923.0,891.0,891.0,891.0,920.0,920.0,920.0,1760.0,1760.0,1760.0,923.0,923.0,923.0,891.0,891.0,891.0
1.0,5250.0,2664.0,2673.0,2769.0,2664.0,888.0,888.0,888.0,891.0,891.0,891.0,888.0,888.0,888.0,1750.0,1750.0,1750.0,888.0,888.0,888.0,891.0,891.0,891.0
1.0,5355.0,2619.0,2670.0,2664.0,2610.0,870.0,870.0,870.0,890.0,890.0,890.0,873.0,873.0,873.0,1785.0,1785.0,1785.0,870.0,870.0,870.0,890.0,890.0,890.0
1.0,5400.0,2637.0,2670.0,2610.0,2637.0,879.0,879.0,879.0,890.0,890.0,890.0,879.0,879.0,879.0,1800.0,1800.0,1800.0,879.0,879.0,879.0,890.0,890.0,890.0
1.0,5373.0,2652.0,2667.0,2637.0,2643.0,881.0,881.0,881.0,889.0,889.0,889.0,884.0,884.0,884.0,1791.0,1791.0,1791.0,881.0,881.0,881.0,889.0,889.0,889.0
1.0,5358.0,2670.0,2670.0,2643.0,2679.0,893.0,893.0,893.0,890.0,890.0,890.0,890.0,890.0,890.0,1786.0,1786.0,1786.0,893.0,893.0,893.0,890.0,890.0,890.0
1.0,5331.0,2697.0,2670.0,2679.0,2697.0,899.0,899.0,899.0,890.0,890.0,890.0,899.0,899.0,899.0,1777.0,1777.0,1777.0,899.0,899.0,899.0,890.0,890.0,890.0
1.0,5313.0,2721.0,2673.0,2697.0,2730.0,910.0,910.0,910.0,891.0,891.0,891.0,907.0,907.0,907.0,1771.0,1771.0,1771.0,910.0,910.0,910.0,891.0,891.0,891.0
1.0,5289.0,2709.0,2673.0,2730.0,2709.0,903.0,903.0,903.0,891.0,891.0,891.0,903.0,903.0,903.0,1763.0,1763.0,1763.0,903.0,903.0,903.0,891.0,891.0,891.0
1.0,5310.0,2640.0,2670.0,2709.0,2631.0,877.0,877.0,877.0,890.0,890.0,890.0,880.0,880.0,880.0,1770.0,1770.0,1770.0,877.0,877.0,877.0,890.0,890.0,890.0
1.0,5379.0,2613.0,2667.0,2631.0,2604.0,868.0,868.0,868.0,889.0,889.0,889.0,871.0,871.0,871.0,1793.0,1793.0,1793.0,868.0,868.0,868.0,889.0,889.0,889.0
1.0,5397.0,2676.0,2667.0,2604.0,2676.0,892.0,892.0,892.0,889.0,889.0,889.0,892.0,892.0,892.0,1799.0,1799.0,1799.0,892.0,892.0,892.0,889.0,889.0,889.0
1.0,5325.0,2634.0,2667.0,2676.0,2634.0,878.0,878.0,878.0,889.0,889.0,889.0,878.0,878.0,878.0,1775.0,1775.0,1775.0,878.0,878.0,878.0,889.0,889.0,889.0
1.0,5367.0,2712.0,2670.0,2634.0,2721.0,907.0,907.0,907.0,890.0,890.0,890.0,904.0,904.0,904.0,1789.0,1789.0,1789.0,907.0,907.0,907.0,890.0,890.0,890.0
1.0,5289.0,2739.0,2673.0,2721.0,2748.0,916.0,916.0,916.0,891.0,891.0,891.0,913.0,913.0,913.0,1763.0,1763.0,1763.0,916.0,916.0,916.0,891.0,891.0,891.0
1.0,5271.0,2736.0,2673.0,2748.0,2736.0,912.0,912.0,912.0,891.0,891.0,891.0,912.0,912.0,912.0,1757.0,1757.0,1757.0,912.0,912.0,912.0,891.0,891.0,891.0
1.0,5283.0,2586.0,2670.0,2736.0,2577.0,859.0,859.0,859.0,890.0,890.0,890.0,862.0,862.0,862.0,1761.0,1761.0,1761.0,859.0,859.0,859.0,890.0,890.0,890.0
1.0,5433.0,2637.0,2670.0,2577.0,2637.0,879.0,879.0,879.0,890.0,890.0,890.0,879.0,879.0,879.0,1811.0,1811.0,1811.0,879.0,879.0,879.0,890.0,890.0,890.0
1.0,5373.0,2655.0,2670.0,2637.0,2655.0,885.0,885.0,885.0,890.0,890.0,890.0,885.0,885.0,885.0,1791.0,1791.0,1791.0,885.0,885.0,885.0,890.0,890.0,890.0
1.0,5355.0,2661.0,2670.0,2655.0,2661.0,887.0,887.0,887.0,890.0,890.0,890.0,887.0,887.0,887.0,1785.0,1785.0,1785.0,887.0,887.0,887.0,890.0,890.0,890.0
1.0,5349.0,2679.0,2670.0,2661.0,2679.0,893.0,893.0,893.0,890.0,890.0,890.0,893.0,893.0,893.0,1783.0,1783.0,1783.0,893.0,893.0,893.0,890.0,890.0,890.0
1.0,5331.0,2742.0,2673.0,2679.0,2751.0,917.0,917.0,917.0,891.0,891.0,891.0,914.0,914.0,914.0,1777.0,1777.0,1777.0,917.0,917.0,917.0,891.0,891.0,891.0
1.0,5268.0,2685.0,2673.0,2751.0,2685.0,895.0,895.0,895.0,891.0,891.0,891.0,895.0,895.0,895.0,1756.0,1756.0,1756.0,895.0,895.0,895.0,891.0,891.0,891.0
1.0,5334.0,2688.0,2673.0,2685.0,2688.0,896.0,896.0,896.0,891.0,891.0,891.0,896.0,896.0,896.0,1778.0,1778.0,1778.0,896.0,896.0,896.0,891.0,891.0,891.0
1.0,5331.0,2640.0,2670.0,2688.0,2631.0,877.0,877.0,877.0,890.0,890.0,890.0,880.0,880.0,880.0,1777.0,1777.0,1777.0,877.0,877.0,877.0,890.0,890.0,890.0
1.0,5379.0,2634.0,2670.0,2631.0,2634.0,878.0,878.0,878.0,890.0,890.0,890.0,878.0,878.0,878.0,1793.0,1793.0,1793.0,878.0,878.0,878.0,890.0,890.0,890.0
1.0,5376.0,2718.0,2673.0,2634.0,2727.0,909.0,909.0,909.0,891.0,891.0,891.0,906.0,906.0,906.0,1792.0,1792.0,1792.0,909.0,909.0,909.0,891.0,891.0,891.0
1.0,5292.0,2733.0,2673.0,2727.0,2733.0,911.0,911.0,911.0,891.0,891.0,891.0,911.0,911.0,911.0,1764.0,1764.0,1764.0,911.0,911.0,911.0,891.0,891.0,891.0
1.0,5286.0,2793.0,2676.0,2733.0,2802.0,934.0,934.0,934.0,892.0,892.0,892.0,931.0,931.0,931.0,1762.0,1762.0,1762.0,934.0,934.0,934.0,892.0,892.0,892.0
1.0,5226.0,2748.0,2679.0,2802.0,2757.0,919.0,919.0,919.0,893.0,893.0,893.0,916.0,916.0,916.0,1742.0,1742.0,1742.0,919.0,919.0,919.0,893.0,893.0,893.0
1.0,5280.0,2682.0,2676.0,2757.0,2673.0,891.0,891.0,891.0,892.0,892.0,892.0,894.0,894.0,894.0,1760.0,1760.0,1760.0,891.0,891.0,891.0,892.0,892.0,892.0
1.0,5355.0,2628.0,2676.0,2673.0,2628.0,876.0,876.0,876.0,892.0,892.0,892.0,876.0,876.0,876.0,1785.0,1785.0,1785.0,876.0,876.0,876.0,892.0,892.0,892.0
1.0,5400.0,2640.0,2676.0,2628.0,2640.0,880.0,880.0,880.0,892.0,892.0,892.0,880.0,880.0,880.0,1800.0,1800.0,1800.0,880.0,880.0,880.0,892.0,892.0,892.0
1.0,5388.0,2706.0,2676.0,2640.0,2706.0,902.0,902.0,902.0,892.0,892.0,892.0,902.0,902.0,902.0,1796.0,1796.0,1796.0,902.0,902.0,902.0,892.0,892.0,892.0
1.0,5322.0,2790.0,2679.0,2706.0,2799.0,933.0,933.0,933.0,893.0,893.0,893.0,930.0,930.0,930.0,1774.0,1774.0,1774.0,933.0,933.0,933.0,893.0,893.0,893.0
1.0,5238.0,2772.0,2682.0,2799.0,2781.0,927.0,927.0,927.0,894.0,894.0,894.0,924.0,924.0,924.0,1746.0,1746.0,1746.0,927.0,927.0,927.0,894.0,894.0,894.0
1.0,5265.0,2739.0,2685.0,2781.0,2748.0,916.0,916.0,916.0,895.0,895.0,895.0,913.0,913.0,913.0,1755.0,1755.0,1755.0,916.0,916.0,916.0,895.0,895.0,895.0
1.0,5307.0,2709.0,2685.0,2748.0,2709.0,903.0,903.0,903.0,895.0,895.0,895.0,903.0,903.0,903.0,1769.0,1769.0,1769.0,903.0,903.0,903.0,895.0,895.0,895.0
1.0,5346.0,2676.0,2682.0,2709.0,2667.0,889.0,889.0,889.0,894.0,894.0,894.0,892.0,892.0,892.0,1782.0,1782.0,1782.0,889.0,889.0,889.0,894.0,894.0,894.0
1.0,5379.0,2739.0,2685.0,2667.0,2748.0,916.0,916.0,916.0,895.0,895.0,895.0,913.0,913.0,913.0,1793.0,1793.0,1793.0,916.0,916.0,916.0,895.0,895.0,895.0
1.0,5307.0,2691.0,2685.0,2748.0,2691.0,897.0,897.0,897.0,895.0,895.0,895.0,897.0,897.0,897.0,1769.0,1769.0,1769.0,897.0,897.0,897.0,895.0,895.0,895.0
1.0,5364.0,2754.0,2688.0,2691.0,2763.0,921.0,921.0,921.0,896.0,896.0,896.0,918.0,918.0,918.0,1788.0,1788.0,1788.0,921.0,921.0,921.0,896.0,896.0,896.0
1.0,5301.0,2745.0,2691.0,2763.0,2754.0,918.0,918.0,918.0,897.0,897.0,897.0,915.0,915.0,915.0,1767.0,1767.0,1767.0,918.0,918.0,918.0,897.0,897.0,897.0
1.0,5319.0,2730.0,2691.0,2754.0,2730.0,910.0,910.0,910.0,897.0,897.0,897.0,910.0,910.0,910.0,1773.0,1773.0,1773.0,910.0,910.0,910.0,897.0,897.0,897.0
1.0,5343.0,2688.0,2691.0,2730.0,2688.0,896.0,896.0,896.0,897.0,897.0,897.0,896.0,896.0,896.0,1781.0,1781.0,1781.0,896.0,896.0,896.0,897.0,897.0,897.0
1.0,5385.0,2649.0,2688.0,2688.0,2640.0,880.0,880.0,880.0,896.0,896.0,896.0,883.0,883.0,883.0,1795.0,1795.0,1795.0,880.0,880.0,880.0,896.0,896.0,896.0
1.0,5424.0,2640.0,2688.0,2640.0,2640.0,880.0,880.0,880.0,896.0,896.0,896.0,880.0,880.0,880.0,1808.0,1808.0,1808.0,880.0,880.0,880.0,896.0,896.0,896.0
1.0,5424.0,2727.0,2688.0,2640.0,2727.0,909.0,909.0,909.0,896.0,896.0,896.0,909.0,909.0,909.0,1808.0,1808.0,1808.0,909.0,909.0,909.0,896.0,896.0,896.0
1.0,5337.0,2763.0,2691.0,2727.0,2772.0,924.0,924.0,924.0,897.0,897.0,897.0,921.0,921.0,921.0,1779.0,1779.0,1779.0,924.0,924.0,924.0,897.0,897.0,897.0
1.0,5301.0,2769.0,2694.0,2772.0,2778.0,926.0,926.0,926.0,898.0,898.0,898.0,923.0,923.0,923.0,1767.0,1767.0,1767.0,926.0,926.0,926.0,898.0,898.0,898.0
1.0,5304.0,2724.0,2697.0,2778.0,2733.0,911.0,911.0,911.0,899.0,899.0,899.0,908.0,908.0,908.0,1768.0,1768.0,1768.0,911.0,911.0,911.0,899.0,899.0,899.0
1.0,5358.0,2682.0,2694.0,2733.0,2673.0,891.0,891.0,891.0,898.0,898.0,898.0,894.0,894.0,894.0,1786.0,1786.0,1786.0,891.0,891.0,891.0,898.0,898.0,898.0
1.0,5409.0,2667.0,2694.0,2673.0,2667.0,889.0,889.0,889.0,898.0,898.0,898.0,889.0,889.0,889.0,1803.0,1803.0,1803.0,889.0,889.0,889.0,898.0,898.0,898.0
1.0,5415.0,2661.0,2694.0,2667.0,2661.0,887.0,887.0,887.0,898.0,898.0,898.0,887.0,887.0,887.0,1805.0,1805.0,1805.0,887.0,887.0,887.0,898.0,898.0,898.0
1.0,5421.0,2727.0,2694.0,2661.0,2727.0,909.0,909.0,909.0,898.0,898.0,898.0,909.0,909.0,909.0,1807.0,1807.0,1807.0,909.0,909.0,909.0,898.0,898.0,898.0
1.0,5355.0,2772.0,2697.0,2727.0,2781.0,927.0,927.0,927.0,899.0,899.0,899.0,924.0,924.0,924.0,1785.0,1785.0,1785.0,927.0,927.0,927.0,899.0,899.0,899.0
1.0,5310.0,2799.0,2700.0,2781.0,2808.0,936.0,936.0,936.0,900.0,900.0,900.0,933.0,933.0,933.0,1770.0,1770.0,1770.0,936.0,936.0,936.0,900.0,900.0,900.0
1.0,5292.0,2730.0,2700.0,2808.0,2730.0,910.0,910.0,910.0,900.0,900.0,900.0,910.0,910.0,910.0,1764.0,1764.0,1764.0,910.0,910.0,910.0,900.0,900.0,900.0
1.0,5370.0,2712.0,2703.0,2730.0,2721.0,907.0,907.0,907.0,901.0,901.0,901.0,904.0,904.0,904.0,1790.0,1790.0,1790.0,907.0,907.0,907.0,901.0,901.0,901.0
1.0,5388.0,2658.0,2700.0,2721.0,2649.0,883.0,883.0,883.0,900.0,900.0,900.0,886.0,886.0,886.0,1796.0,1796.0,1796.0,883.0,883.0,883.0,900.0,900.0,900.0
1.0,5451.0,2619.0,2700.0,2649.0,2619.0,873.0,873.0,873.0,900.0,900.0,900.0,873.0,873.0,873.0,1817.0,1817.0,1817.0,873.0,873.0,873.0,900.0,900.0,900.0
1.0,5481.0,2763.0,2700.0,2619.0,2763.0,921.0,921.0,921.0,900.0,900.0,900.0,921.0,921.0,921.0,1827.0,1827.0,1827.0,921.0,921.0,921.0,900.0,900.0,900.0
1.0,5337.0,2715.0,2703.0,2763.0,2724.0,908.0,908.0,908.0,901.0,901.0,901.0,905.0,905.0,905.0,1779.0,1779.0,1779.0,908.0,908.0,908.0,901.0,901.0,901.0
1.0,5385.0,2760.0,2706.0,2724.0,2769.0,923.0,923.0,923.0,902.0,902.0,902.0,920.0,920.0,920.0,1795.0,1795.0,1795.0,923.0,923.0,923.0,902.0,902.0,902.0
1.0,5349.0,2715.0,2706.0,2769.0,2715.0,905.0,905.0,905.0,902.0,902.0,902.0,905.0,905.0,905.0,1783.0,1783.0,1783.0,905.0,905.0,905.0,902.0,902.0,902.0
1.0,5403.0,2646.0,2706.0,2715.0,2646.0,882.0,882.0,882.0,902.0,902.0,902.0,882.0,882.0,882.0,1801.0,1801.0,1801.0,882.0,882.0,882.0,902.0,902.0,902.0
1.0,5472.0,2652.0,2703.0,2646.0,2643.0,881.0,881.0,881.0,901.0,901.0,901.0,884.0,884.0,884.0,1824.0,1824.0,1824.0,881.0,881.0,881.0,901.0,901.0,901.0
1.0,5466.0,2643.0,2703.0,2643.0,2643.0,881.0,881.0,881.0,901.0,901.0,901.0,881.0,881.0,881.0,1822.0,1822.0,1822.0,881.0,881.0,881.0,901.0,901.0,901.0
1.0,5466.0,2709.0,2703.0,2643.0,2709.0,903.0,903.0,903.0,901.0,901.0,901.0,903.0,903.0,903.0,1822.0,1822.0,1822.0,903.0,903.0,903.0,901.0,901.0,901.0
1.0,5400.0,2805.0,2706.0,2709.0,2814.0,938.0,938.0,938.0,902.0,902.0,902.0,935.0,935.0,935.0,1800.0,1800.0,1800.0,938.0,938.0,938.0,902.0,902.0,902.0
1.0,5304.0,2769.0,2709.0,2814.0,2778.0,926.0,926.0,926.0,903.0,903.0,903.0,923.0,923.0,923.0,1768.0,1768.0,1768.0,926.0,926.0,926.0,903.0,903.0,903.0
1.0,5349.0,2727.0,2712.0,2778.0,2736.0,912.0,912.0,912.0,904.0,904.0,904.0,909.0,909.0,909.0,1783.0,1783.0,1783.0,912.0,912.0,912.0,904.0,904.0,904.0
1.0,5400.0,2694.0,2712.0,2736.0,2694.0,898.0,898.0,898.0,904.0,904.0,904.0,898.0,898.0,898.0,1800.0,1800.0,1800.0,898.0,898.0,898.0,904.0,904.0,904.0
1.0,5442.0,2679.0,2709.0,2694.0,2670.0,890.0,890.0,890.0,903.0,903.0,903.0,893.0,893.0,893.0,1814.0,1814.0,1814.0,890.0,890.0,890.0,903.0,903.0,903.0
1.0,5457.0,2685.0,2709.0,2670.0,2685.0,895.0,895.0,895.0,903.0,903.0,903.0,895.0,895.0,895.0,1819.0,1819.0,1819.0,895.0,895.0,895.0,903.0,903.0,903.0
1.0,5442.0,2715.0,2709.0,2685.0,2715.0,905.0,905.0,905.0,903.0,903.0,903.0,905.0,905.0,905.0,1814.0,1814.0,1814.0,905.0,905.0,905.0,903.0,903.0,903.0
1.0,5412.0,2778.0,2712.0,2715.0,2787.0,929.0,929.0,929.0,904.0,904.0,904.0,926.0,926.0,926.0,1804.0,1804.0,1804.0,929.0,929.0,929.0,904.0,904.0,904.0
1.0,5349.0,2745.0,2715.0,2787.0,2754.0,918.0,918.0,918.0,905.0,905.0,905.0,915.0,915.0,915.0,1783.0,1783.0,1783.0,918.0,918.0,918.0,905.0,905.0,905.0
1.0,5391.0,2787.0,2715.0,2754.0,2787.0,929.0,929.0,929.0,905.0,905.0,905.0,929.0,929.0,929.0,1797.0,1797.0,1797.0,929.0,929.0,929.0,905.0,905.0,905.0
1.0,5358.0,2700.0,2715.0,2787.0,2700.0,900.0,900.0,900.0,905.0,905.0,905.0,900.0,900.0,900.0,1786.0,1786.0,1786.0,900.0,900.0,900.0,905.0,905.0,905.0
1.0,5445.0,2676.0,2712.0,2700.0,2667.0,889.0,889.0,889.0,904.0,904.0,904.0,892.0,892.0,892.0,1815.0,1815.0,1815.0,889.0,889.0,889.0,904.0,904.0,904.0
1.0,5469.0,2706.0,2712.0,2667.0,2706.0,902.0,902.0,902.0,904.0,904.0,904.0,902.0,902.0,902.0,1823.0,1823.0,1823.0,902.0,902.0,902.0,904.0,904.0,904.0
1.0,5430.0,2718.0,2712.0,2706.0,2718.0,906.0,906.0,906.0,904.0,904.0,904.0,906.0,906.0,906.0,1810.0,1810.0,1810.0,906.0,906.0,906.0,904.0,904.0,904.0
1.0,5418.0,2802.0,2718.0,2718.0,2820.0,940.0,940.0,940.0,906.0,906.0,906.0,934.0,934.0,934.0,1806.0,1806.0,1806.0,940.0,940.0,940.0,906.0,906.0,906.0
1.0,5334.0,2760.0,2718.0,2820.0,2760.0,920.0,920.0,920.0,906.0,906.0,906.0,920.0,920.0,920.0,1778.0,1778.0,1778.0,920.0,920.0,920.0,906.0,906.0,906.0
1.0,5394.0,2745.0,2721.0,2760.0,2754.0,918.0,918.0,918.0,907.0,907.0,907.0,915.0,915.0,915.0,1798.0,1798.0,1798.0,918.0,918.0,918.0,907.0,907.0,907.0
1.0,5409.0,2757.0,2718.0,2754.0,2748.0,916.0,916.0,916.0,906.0,906.0,906.0,919.0,919.0,919.0,1803.0,1803.0,1803.0,916.0,916.0,916.0,906.0,906.0,906.0
1.0,5406.0,2724.0,2718.0,2748.0,2724.0,908.0,908.0,908.0,906.0,906.0,906.0,908.0,908.0,908.0,1802.0,1802.0,1802.0,908.0,908.0,908.0,906.0,906.0,906.0
1.0,5430.0,2658.0,2718.0,2724.0,2658.0,886.0,886.0,886.0,906.0,906.0,906.0,886.0,886.0,886.0,1810.0,1810.0,1810.0,886.0,886.0,886.0,906.0,906.0,906.0
1.0,5496.0,2751.0,2718.0,2658.0,2751.0,917.0,917.0,917.0,906.0,906.0,906.0,917.0,917.0,917.0,1832.0,1832.0,1832.0,917.0,917.0,917.0,906.0,906.0,906.0
1.0,5403.0,2754.0,2718.0,2751.0,2754.0,918.0,918.0,918.0,906.0,906.0,906.0,918.0,918.0,918.0,1801.0,1801.0,1801.0,918.0,918.0,918.0,906.0,906.0,906.0
1.0,5400.0,2787.0,2721.0,2754.0,2796.0,932.0,932.0,932.0,907.0,907.0,907.0,929.0,929.0,929.0,1800.0,1800.0,1800.0,932.0,932.0,932.0,907.0,907.0,907.0
1.0,5367.0,2724.0,2721.0,2796.0,2724.0,908.0,908.0,908.0,907.0,907.0,907.0,908.0,908.0,908.0,1789.0,1789.0,1789.0,908.0,908.0,908.0,907.0,907.0,907.0
1.0,5439.0,2709.0,2721.0,2724.0,2709.0,903.0,903.0,903.0,907.0,907.0,907.0,903.0,903.0,903.0,1813.0,1813.0,1813.0,903.0,903.0,903.0,907.0,907.0,907.0
1.0,5454.0,2631.0,2718.0,2709.0,2622.0,874.0,874.0,874.0,906.0,906.0,906.0,877.0,877.0,877.0,1818.0,1818.0,1818.0,874.0,874.0,874.0,906.0,906.0,906.0
1.0,5532.0,2652.0,2715.0,2622.0,2643.0,881.0,881.0,881.0,905.0,905.0,905.0,884.0,884.0,884.0,1844.0,1844.0,1844.0,881.0,881.0,881.0,905.0,905.0,905.0
1.0,5502.0,2715.0,2715.0,2643.0,2715.0,905.0,905.0,905.0,905.0,905.0,905.0,905.0,905.0,905.0,1834.0,1834.0,1834.0,905.0,905.0,905.0,905.0,905.0,905.0
1.0,5430.0,2748.0,2718.0,2715.0,2757.0,919.0,919.0,919.0,906.0,906.0,906.0,916.0,916.0,916.0,1810.0,1810.0,1810.0,919.0,919.0,919.0,906.0,906.0,906.0
1.0,5397.0,2790.0,2721.0,2757.0,2799.0,933.0,933.0,933.0,907.0,907.0,907.0,930.0,930.0,930.0,1799.0,1799.0,1799.0,933.0,933.0,933.0,907.0,907.0,907.0
1.0,5364.0,2796.0,2724.0,2799.0,2805.0,935.0,935.0,935.0,908.0,908.0,908.0,932.0,932.0,932.0,1788.0,1788.0,1788.0,935.0,935.0,935.0,908.0,908.0,908.0
1.0,5367.0,2724.0,2721.0,2805.0,2715.0,905.0,905.0,905.0,907.0,907.0,907.0,908.0,908.0,908.0,1789.0,1789.0,1789.0,905.0,905.0,905.0,907.0,907.0,907.0
1.0,5448.0,2682.0,2721.0,2715.0,2682.0,894.0,894.0,894.0,907.0,907.0,907.0,894.0,894.0,894.0,1816.0,1816.0,1816.0,894.0,894.0,894.0,907.0,907.0,907.0
1.0,5481.0,2697.0,2721.0,2682.0,2697.0,899.0,899.0,899.0,907.0,907.0,907.0,899.0,899.0,899.0,1827.0,1827.0,1827.0,899.0,899.0,899.0,907.0,907.0,907.0
1.0,5466.0,2799.0,2721.0,2697.0,2799.0,933.0,933.0,933.0,907.0,907.0,907.0,933.0,933.0,933.0,1822.0,1822.0,1822.0,933.0,933.0,933.0,907.0,907.0,907.0
1.0,5364.0,2805.0,2724.0,2799.0,2814.0,938.0,938.0,938.0,908.0,908.0,908.0,935.0,935.0,935.0,1788.0,1788.0,1788.0,938.0,938.0,938.0,908.0,908.0,908.0
1.0,5358.0,2826.0,2727.0,2814.0,2835.0,945.0,945.0,945.0,909.0,909.0,909.0,942.0,942.0,942.0,1786.0,1786.0,1786.0,945.0,945.0,945.0,909.0,909.0,909.0
1.0,5346.0,2778.0,2730.0,2835.0,2787.0,929.0,929.0,929.0,910.0,910.0,910.0,926.0,926.0,926.0,1782.0,1782.0,1782.0,929.0,929.0,929.0,910.0,910.0,910.0
1.0,5403.0,2733.0,2727.0,2787.0,2724.0,908.0,908.0,908.0,909.0,909.0,909.0,911.0,911.0,911.0,1801.0,1801.0,1801.0,908.0,908.0,908.0,909.0,909.0,909.0
1.0,5457.0,2649.0,2724.0,2724.0,2640.0,880.0,880.0,880.0,908.0,908.0,908.0,883.0,883.0,883.0,1819.0,1819.0,1819.0,880.0,880.0,880.0,908.0,908.0,908.0
1.0,5532.0,2703.0,2724.0,2640.0,2703.0,901.0,901.0,901.0,908.0,908.0,908.0,901.0,901.0,901.0,1844.0,1844.0,1844.0,901.0,901.0,901.0,908.0,908.0,908.0
1.0,5469.0,2796.0,2727.0,2703.0,2805.0,935.0,935.0,935.0,909.0,909.0,909.0,932.0,932.0,932.0,1823.0,1823.0,1823.0,935.0,935.0,935.0,909.0,909.0,909.0
1.0,5376.0,2769.0,2727.0,2805.0,2769.0,923.0,923.0,923.0,909.0,909.0,909.0,923.0,923.0,923.0,1792.0,1792.0,1792.0,923.0,923.0,923.0,909.0,909.0,909.0
1.0,5412.0,2808.0,2733.0,2769.0,2826.0,942.0,942.0,942.0,911.0,911.0,911.0,936.0,936.0,936.0,1804.0,1804.0,1804.0,942.0,942.0,942.0,911.0,911.0,911.0
1.0,5373.0,2796.0,2733.0,2826.0,2796.0,932.0,932.0,932.0,911.0,911.0,911.0,932.0,932.0,932.0,1791.0,1791.0,1791.0,932.0,932.0,932.0,911.0,911.0,911.0
1.0,5403.0,2712.0,2733.0,2796.0,2712.0,904.0,904.0,904.0,911.0,911.0,911.0,904.0,904.0,904.0,1801.0,1801.0,1801.0,904.0,904.0,904.0,911.0,911.0,911.0
1.0,5487.0,2703.0,2730.0,2712.0,2694.0,898.0,898.0,898.0,910.0,910.0,910.0,901.0,901.0,901.0,1829.0,1829.0,1829.0,898.0,898.0,898.0,910.0,910.0,910.0
1.0,5496.0,2739.0,2733.0,2694.0,2748.0,916.0,916.0,916.0,911.0,911.0,911.0,913.0,913.0,913.0,1832.0,1832.0,1832.0,916.0,916.0,916.0,911.0,911.0,911.0
1.0,5451.0,2811.0,2736.0,2748.0,2820.0,940.0,940.0,940.0,912.0,912.0,912.0,937.0,937.0,937.0,1817.0,1817.0,1817.0,940.0,940.0,940.0,912.0,912.0,912.0
1.0,5388.0,2820.0,2739.0,2820.0,2829.0,943.0,943.0,943.0,913.0,913.0,913.0,940.0,940.0,940.0,1796.0,1796.0,1796.0,943.0,943.0,943.0,913.0,913.0,913.0
1.0,5388.0,2805.0,2742.0,2829.0,2814.0,938.0,938.0,938.0,914.0,914.0,914.0,935.0,935.0,935.0,1796.0,1796.0,1796.0,938.0,938.0,938.0,914.0,914.0,914.0
1.0,5412.0,2763.0,2742.0,2814.0,2763.0,921.0,921.0,921.0,914.0,914.0,914.0,921.0,921.0,921.0,1804.0,1804.0,1804.0,921.0,921.0,921.0,914.0,914.0,914.0
1.0,5463.0,2724.0,2742.0,2763.0,2724.0,908.0,908.0,908.0,914.0,914.0,914.0,908.0,908.0,908.0,1821.0,1821.0,1821.0,908.0,908.0,908.0,914.0,914.0,914.0
1.0,5502.0,2673.0,2739.0,2724.0,2664.0,888.0,888.0,888.0,913.0,913.0,913.0,891.0,891.0,891.0,1834.0,1834.0,1834.0,888.0,888.0,888.0,913.0,913.0,913.0
1.0,5553.0,2700.0,2739.0,2664.0,2700.0,900.0,900.0,900.0,913.0,913.0,913.0,900.0,900.0,900.0,1851.0,1851.0,1851.0,900.0,900.0,900.0,913.0,913.0,913.0
1.0,5517.0,2715.0,2739.0,2700.0,2715.0,905.0,905.0,905.0,913.0,913.0,913.0,905.0,905.0,905.0,1839.0,1839.0,1839.0,905.0,905.0,905.0,913.0,913.0,913.0
1.0,5502.0,2781.0,2742.0,2715.0,2790.0,930.0,930.0,930.0,914.0,914.0,914.0,927.0,927.0,927.0,1834.0,1834.0,1834.0,930.0,930.0,930.0,914.0,914.0,914.0
1.0,5436.0,2820.0,2742.0,2790.0,2820.0,940.0,940.0,940.0,914.0,914.0,914.0,940.0,940.0,940.0,1812.0,1812.0,1812.0,940.0,940.0,940.0,914.0,914.0,914.0
1.0,5406.0,2811.0,2745.0,2820.0,2820.0,940.0,940.0,940.0,915.0,915.0,915.0,937.0,937.0,937.0,1802.0,1802.0,1802.0,940.0,940.0,940.0,915.0,915.0,915.0
1.0,5415.0,2751.0,2745.0,2820.0,2751.0,917.0,917.0,917.0,915.0,915.0,915.0,917.0,917.0,917.0,1805.0,1805.0,1805.0,917.0,917.0,917.0,915.0,915.0,915.0
1.0,5484.0,2751.0,2745.0,2751.0,2751.0,917.0,917.0,917.0,915.0,915.0,915.0,917.0,917.0,917.0,1828.0,1828.0,1828.0,917.0,917.0,917.0,915.0,915.0,915.0
1.0,5484.0,2751.0,2745.0,2751.0,2751.0,917.0,917.0,917.0,915.0,915.0,915.0,917.0,917.0,917.0,1828.0,1828.0,1828.0,917.0,917.0,917.0,915.0,915.0,915.0
1.0,5484.0,2763.0,2745.0,2751.0,2763.0,921.0,921.0,921.0,915.0,915.0,915.0,921.0,921.0,921.0,1828.0,1828.0,1828.0,921.0,921.0,921.0,915.0,915.0,915.0
1.0,5472.0,2838.0,2748.0,2763.0,2847.0,949.0,949.0,949.0,916.0,916.0,916.0,946.0,946.0,946.0,1824.0,1824.0,1824.0,949.0,949.0,949.0,916.0,916.0,916.0
1.0,5397.0,2808.0,2751.0,2847.0,2817.0,939.0,939.0,939.0,917.0,917.0,917.0,936.0,936.0,936.0,1799.0,1799.0,1799.0,939.0,939.0,939.0,917.0,917.0,917.0
1.0,5436.0,2778.0,2751.0,2817.0,2778.0,926.0,926.0,926.0,917.0,917.0,917.0,926.0,926.0,926.0,1812.0,1812.0,1812.0,926.0,926.0,926.0,917.0,917.0,917.0
1.0,5475.0,2742.0,2751.0,2778.0,2742.0,914.0,914.0,914.0,917.0,917.0,917.0,914.0,914.0,914.0,1825.0,1825.0,1825.0,914.0,914.0,914.0,917.0,917.0,917.0
1.0,5511.0,2667.0,2748.0,2742.0,2658.0,886.0,886.0,886.0,916.0,916.0,916.0,889.0,889.0,889.0,1837.0,1837.0,1837.0,886.0,886.0,886.0,916.0,916.0,916.0
1.0,5586.0,2646.0,2748.0,2658.0,2646.0,882.0,882.0,882.0,916.0,916.0,916.0,882.0,882.0,882.0,1862.0,1862.0,1862.0,882.0,882.0,882.0,916.0,916.0,916.0
1.0,5598.0,2724.0,2745.0,2646.0,2715.0,905.0,905.0,905.0,915.0,915.0,915.0,908.0,908.0,908.0,1866.0,1866.0,1866.0,905.0,905.0,905.0,915.0,915.0,915.0
1.0,5520.0,2817.0,2748.0,2715.0,2826.0,942.0,942.0,942.0,916.0,916.0,916.0,939.0,939.0,939.0,1840.0,1840.0,1840.0,942.0,942.0,942.0,916.0,916.0,916.0
1.0,5418.0,2865.0,2751.0,2826.0,2874.0,958.0,958.0,958.0,917.0,917.0,917.0,955.0,955.0,955.0,1806.0,1806.0,1806.0,958.0,958.0,958.0,917.0,917.0,917.0
1.0,5379.0,2796.0,2754.0,2874.0,2805.0,935.0,935.0,935.0,918.0,918.0,918.0,932.0,932.0,932.0,1793.0,1793.0,1793.0,935.0,935.0,935.0,918.0,918.0,918.0
1.0,5457.0,2733.0,2751.0,2805.0,2724.0,908.0,908.0,908.0,917.0,917.0,917.0,911.0,911.0,911.0,1819.0,1819.0,1819.0,908.0,908.0,908.0,917.0,917.0,917.0
1.0,5529.0,2745.0,2751.0,2724.0,2745.0,915.0,915.0,915.0,917.0,917.0,917.0,915.0,915.0,915.0,1843.0,1843.0,1843.0,915.0,915.0,915.0,917.0,917.0,917.0
1.0,5508.0,2727.0,2751.0,2745.0,2727.0,909.0,909.0,909.0,917.0,917.0,917.0,909.0,909.0,909.0,1836.0,1836.0,1836.0,909.0,909.0,909.0,917.0,917.0,917.0
1.0,5526.0,2757.0,2754.0,2727.0,2766.0,922.0,922.0,922.0,918.0,918.0,918.0,919.0,919.0,919.0,1842.0,1842.0,1842.0,922.0,922.0,922.0,918.0,918.0,918.0
1.0,5496.0,2844.0,2757.0,2766.0,2853.0,951.0,951.0,951.0,919.0,919.0,919.0,948.0,948.0,948.0,1832.0,1832.0,1832.0,951.0,951.0,951.0,919.0,919.0,919.0
1.0,5418.0,2856.0,2760.0,2853.0,2865.0,955.0,955.0,955.0,920.0,920.0,920.0,952.0,952.0,952.0,1806.0,1806.0,1806.0,955.0,955.0,955.0,920.0,920.0,920.0
1.0,5415.0,2811.0,2763.0,2865.0,2820.0,940.0,940.0,940.0,921.0,921.0,921.0,937.0,937.0,937.0,1805.0,1805.0,1805.0,940.0,940.0,940.0,921.0,921.0,921.0
1.0,5469.0,2772.0,2763.0,2820.0,2772.0,924.0,924.0,924.0,921.0,921.0,921.0,924.0,924.0,924.0,1823.0,1823.0,1823.0,924.0,924.0,924.0,921.0,921.0,921.0
1.0,5517.0,2721.0,2763.0,2772.0,2721.0,907.0,907.0,907.0,921.0,921.0,921.0,907.0,907.0,907.0,1839.0,1839.0,1839.0,907.0,907.0,907.0,921.0,921.0,921.0
1.0,5568.0,2736.0,2760.0,2721.0,2727.0,909.0,909.0,909.0,920.0,920.0,920.0,912.0,912.0,912.0,1856.0,1856.0,1856.0,909.0,909.0,909.0,920.0,920.0,920.0
1.0,5553.0,2799.0,2763.0,2727.0,2808.0,936.0,936.0,936.0,921.0,921.0,921.0,933.0,933.0,933.0,1851.0,1851.0,1851.0,936.0,936.0,936.0,921.0,921.0,921.0
1.0,5481.0,2859.0,2766.0,2808.0,2868.0,956.0,956.0,956.0,922.0,922.0,922.0,953.0,953.0,953.0,1827.0,1827.0,1827.0,956.0,956.0,956.0,922.0,922.0,922.0
1.0,5430.0,2775.0,2766.0,2868.0,2775.0,925.0,925.0,925.0,922.0,922.0,922.0,925.0,925.0,925.0,1810.0,1810.0,1810.0,925.0,925.0,925.0,922.0,922.0,922.0
1.0,5523.0,2832.0,2766.0,2775.0,2832.0,944.0,944.0,944.0,922.0,922.0,922.0,944.0,944.0,944.0,1841.0,1841.0,1841.0,944.0,944.0,944.0,922.0,922.0,922.0
1.0,5466.0,2733.0,2766.0,2832.0,2733.0,911.0,911.0,911.0,922.0,922.0,922.0,911.0,911.0,911.0,1822.0,1822.0,1822.0,911.0,911.0,911.0,922.0,922.0,922.0
1.0,5565.0,2700.0,2763.0,2733.0,2691.0,897.0,897.0,897.0,921.0,921.0,921.0,900.0,900.0,900.0,1855.0,1855.0,1855.0,897.0,897.0,897.0,921.0,921.0,921.0
1.0,5598.0,2748.0,2763.0,2691.0,2748.0,916.0,916.0,916.0,921.0,921.0,921.0,916.0,916.0,916.0,1866.0,1866.0,1866.0,916.0,916.0,916.0,921.0,921.0,921.0
1.0,5541.0,2787.0,2763.0,2748.0,2787.0,929.0,929.0,929.0,921.0,921.0,921.0,929.0,929.0,929.0,1847.0,1847.0,1847.0,929.0,929.0,929.0,921.0,921.0,921.0
1.0,5502.0,2847.0,2769.0,2787.0,2865.0,955.0,955.0,955.0,923.0,923.0,923.0,949.0,949.0,949.0,1834.0,1834.0,1834.0,955.0,955.0,955.0,923.0,923.0,923.0
1.0,5442.0,2883.0,2772.0,2865.0,2892.0,964.0,964.0,964.0,924.0,924.0,924.0,961.0,961.0,961.0,1814.0,1814.0,1814.0,964.0,964.0,964.0,924.0,924.0,924.0
1.0,5424.0,2787.0,2772.0,2892.0,2787.0,929.0,929.0,929.0,924.0,924.0,924.0,929.0,929.0,929.0,1808.0,1808.0,1808.0,929.0,929.0,929.0,924.0,924.0,924.0
1.0,5529.0,2706.0,2769.0,2787.0,2697.0,899.0,899.0,899.0,923.0,923.0,923.0,902.0,902.0,902.0,1843.0,1843.0,1843.0,899.0,899.0,899.0,923.0,923.0,923.0
1.0,5610.0,2691.0,2769.0,2697.0,2691.0,897.0,897.0,897.0,923.0,923.0,923.0,897.0,897.0,897.0,1870.0,1870.0,1870.0,897.0,897.0,897.0,923.0,923.0,923.0
1.0,5616.0,2691.0,2766.0,2691.0,2682.0,894.0,894.0,894.0,922.0,922.0,922.0,897.0,897.0,897.0,1872.0,1872.0,1872.0,894.0,894.0,894.0,922.0,922.0,922.0
1.0,5616.0,2814.0,2769.0,2682.0,2823.0,941.0,941.0,941.0,923.0,923.0,923.0,938.0,938.0,938.0,1872.0,1872.0,1872.0,941.0,941.0,941.0,923.0,923.0,923.0
1.0,5484.0,2913.0,2772.0,2823.0,2922.0,974.0,974.0,974.0,924.0,924.0,924.0,971.0,971.0,971.0,1828.0,1828.0,1828.0,974.0,974.0,974.0,924.0,924.0,924.0
1.0,5394.0,2886.0,2775.0,2922.0,2895.0,965.0,965.0,965.0,925.0,925.0,925.0,962.0,962.0,962.0,1798.0,1798.0,1798.0,965.0,965.0,965.0,925.0,925.0,925.0
1.0,5430.0,2787.0,2775.0,2895.0,2787.0,929.0,929.0,929.0,925.0,925.0,925.0,929.0,929.0,929.0,1810.0,1810.0,1810.0,929.0,929.0,929.0,925.0,925.0,925.0
1.0,5538.0,2766.0,2772.0,2787.0,2757.0,919.0,919.0,919.0,924.0,924.0,924.0,922.0,922.0,922.0,1846.0,1846.0,1846.0,919.0,919.0,919.0,924.0,924.0,924.0
1.0,5559.0,2700.0,2772.0,2757.0,2700.0,900.0,900.0,900.0,924.0,924.0,924.0,900.0,900.0,900.0,1853.0,1853.0,1853.0,900.0,900.0,900.0,924.0,924.0,924.0
1.0,5616.0,2697.0,2769.0,2700.0,2688.0,896.0,896.0,896.0,923.0,923.0,923.0,899.0,899.0,899.0,1872.0,1872.0,1872.0,896.0,896.0,896.0,923.0,923.0,923.0
1.0,5619.0,2808.0,2772.0,2688.0,2817.0,939.0,939.0,939.0,924.0,924.0,924.0,936.0,936.0,936.0,1873.0,1873.0,1873.0,939.0,939.0,939.0,924.0,924.0,924.0
1.0,5499.0,2907.0,2775.0,2817.0,2916.0,972.0,972.0,972.0,925.0,925.0,925.0,969.0,969.0,969.0,1833.0,1833.0,1833.0,972.0,972.0,972.0,925.0,925.0,925.0
1.0,5409.0,2799.0,2778.0,2916.0,2808.0,936.0,936.0,936.0,926.0,926.0,926.0,933.0,933.0,933.0,1803.0,1803.0,1803.0,936.0,936.0,936.0,926.0,926.0,926.0
1.0,5526.0,2814.0,2781.0,2808.0,2823.0,941.0,941.0,941.0,927.0,927.0,927.0,938.0,938.0,938.0,1842.0,1842.0,1842.0,941.0,941.0,941.0,927.0,927.0,927.0
1.0,5520.0,2796.0,2781.0,2823.0,2796.0,932.0,932.0,932.0,927.0,927.0,927.0,932.0,932.0,932.0,1840.0,1840.0,1840.0,932.0,932.0,932.0,927.0,927.0,927.0
1.0,5547.0,2682.0,2778.0,2796.0,2673.0,891.0,891.0,891.0,926.0,926.0,926.0,894.0,894.0,894.0,1849.0,1849.0,1849.0,891.0,891.0,891.0,926.0,926.0,926.0
1.0,5661.0,2775.0,2778.0,2673.0,2775.0,925.0,925.0,925.0,926.0,926.0,926.0,925.0,925.0,925.0,1887.0,1887.0,1887.0,925.0,925.0,925.0,926.0,926.0,926.0
1.0,5559.0,2790.0,2778.0,2775.0,2790.0,930.0,930.0,930.0,926.0,926.0,926.0,930.0,930.0,930.0,1853.0,1853.0,1853.0,930.0,930.0,930.0,926.0,926.0,926.0
1.0,5544.0,2853.0,2778.0,2790.0,2853.0,951.0,951.0,951.0,926.0,926.0,926.0,951.0,951.0,951.0,1848.0,1848.0,1848.0,951.0,951.0,951.0,926.0,926.0,926.0
1.0,5481.0,2907.0,2781.0,2853.0,2916.0,972.0,972.0,972.0,927.0,927.0,927.0,969.0,969.0,969.0,1827.0,1827.0,1827.0,972.0,972.0,972.0,927.0,927.0,927.0
1.0,5427.0,2787.0,2784.0,2916.0,2796.0,932.0,932.0,932.0,928.0,928.0,928.0,929.0,929.0,929.0,1809.0,1809.0,1809.0,932.0,932.0,932.0,928.0,928.0,928.0
1.0,5556.0,2760.0,2781.0,2796.0,2751.0,917.0,917.0,917.0,927.0,927.0,927.0,920.0,920.0,920.0,1852.0,1852.0,1852.0,917.0,917.0,917.0,927.0,927.0,927.0
1.0,5592.0,2709.0,2778.0,2751.0,2700.0,900.0,900.0,900.0,926.0,926.0,926.0,903.0,903.0,903.0,1864.0,1864.0,1864.0,900.0,900.0,900.0,926.0,926.0,926.0
1.0,5634.0,2742.0,2778.0,2700.0,2742.0,914.0,914.0,914.0,926.0,926.0,926.0,914.0,914.0,914.0,1878.0,1878.0,1878.0,914.0,914.0,914.0,926.0,926.0,926.0
1.0,5592.0,2757.0,2778.0,2742.0,2757.0,919.0,919.0,919.0,926.0,926.0,926.0,919.0,919.0,919.0,1864.0,1864.0,1864.0,919.0,919.0,919.0,926.0,926.0,926.0
1.0,5577.0,2874.0,2784.0,2757.0,2892.0,964.0,964.0,964.0,928.0,928.0,928.0,958.0,958.0,958.0,1859.0,1859.0,1859.0,964.0,964.0,964.0,928.0,928.0,928.0
1.0,5460.0,2841.0,2787.0,2892.0,2850.0,950.0,950.0,950.0,929.0,929.0,929.0,947.0,947.0,947.0,1820.0,1820.0,1820.0,950.0,950.0,950.0,929.0,929.0,929.0
1.0,5511.0,2823.0,2790.0,2850.0,2832.0,944.0,944.0,944.0,930.0,930.0,930.0,941.0,941.0,941.0,1837.0,1837.0,1837.0,944.0,944.0,944.0,930.0,930.0,930.0
1.0,5538.0,2760.0,2787.0,2832.0,2751.0,917.0,917.0,917.0,929.0,929.0,929.0,920.0,920.0,920.0,1846.0,1846.0,1846.0,917.0,917.0,917.0,929.0,929.0,929.0
1.0,5610.0,2745.0,2784.0,2751.0,2736.0,912.0,912.0,912.0,928.0,928.0,928.0,915.0,915.0,915.0,1870.0,1870.0,1870.0,912.0,912.0,912.0,928.0,928.0,928.0
1.0,5616.0,2748.0,2784.0,2736.0,2748.0,916.0,916.0,916.0,928.0,928.0,928.0,916.0,916.0,916.0,1872.0,1872.0,1872.0,916.0,916.0,916.0,928.0,928.0,928.0
1.0,5604.0,2790.0,2784.0,2748.0,2790.0,930.0,930.0,930.0,928.0,928.0,928.0,930.0,930.0,930.0,1868.0,1868.0,1868.0,930.0,930.0,930.0,928.0,928.0,928.0
1.0,5562.0,2826.0,2787.0,2790.0,2835.0,945.0,945.0,945.0,929.0,929.0,929.0,942.0,942.0,942.0,1854.0,1854.0,1854.0,945.0,945.0,945.0,929.0,929.0,929.0
1.0,5526.0,2874.0,2790.0,2835.0,2883.0,961.0,961.0,961.0,930.0,930.0,930.0,958.0,958.0,958.0,1842.0,1842.0,1842.0,961.0,961.0,961.0,930.0,930.0,930.0
1.0,5487.0,2832.0,2790.0,2883.0,2832.0,944.0,944.0,944.0,930.0,930.0,930.0,944.0,944.0,944.0,1829.0,1829.0,1829.0,944.0,944.0,944.0,930.0,930.0,930.0
1.0,5538.0,2742.0,2790.0,2832.0,2742.0,914.0,914.0,914.0,930.0,930.0,930.0,914.0,914.0,914.0,1846.0,1846.0,1846.0,914.0,914.0,914.0,930.0,930.0,930.0
1.0,5628.0,2724.0,2787.0,2742.0,2715.0,905.0,905.0,905.0,929.0,929.0,929.0,908.0,908.0,908.0,1876.0,1876.0,1876.0,905.0,905.0,905.0,929.0,929.0,929.0
1.0,5646.0,2805.0,2787.0,2715.0,2805.0,935.0,935.0,935.0,929.0,929.0,929.0,935.0,935.0,935.0,1882.0,1882.0,1882.0,935.0,935.0,935.0,929.0,929.0,929.0
1.0,5556.0,2787.0,2787.0,2805.0,2787.0,929.0,929.0,929.0,929.0,929.0,929.0,929.0,929.0,929.0,1852.0,1852.0,1852.0,929.0,929.0,929.0,929.0,929.0,929.0
1.0,5574.0,2871.0,2790.0,2787.0,2880.0,960.0,960.0,960.0,930.0,930.0,930.0,957.0,957.0,957.0,1858.0,1858.0,1858.0,960.0,960.0,960.0,930.0,930.0,930.0
1.0,5490.0,2919.0,2793.0,2880.0,2928.0,976.0,976.0,976.0,931.0,931.0,931.0,973.0,973.0,973.0,1830.0,1830.0,1830.0,976.0,976.0,976.0,931.0,931.0,931.0
1.0,5451.0,2844.0,2793.0,2928.0,2844.0,948.0,948.0,948.0,931.0,931.0,931.0,948.0,948.0,948.0,1817.0,1817.0,1817.0,948.0,948.0,948.0,931.0,931.0,931.0
1.0,5535.0,2754.0,2793.0,2844.0,2754.0,918.0,918.0,918.0,931.0,931.0,931.0,918.0,918.0,918.0,1845.0,1845.0,1845.0,918.0,918.0,918.0,931.0,931.0,931.0
1.0,5625.0,2808.0,2793.0,2754.0,2808.0,936.0,936.0,936.0,931.0,931.0,931.0,936.0,936.0,936.0,1875.0,1875.0,1875.0,936.0,936.0,936.0,931.0,931.0,931.0
1.0,5571.0,2793.0,2793.0,2808.0,2793.0,931.0,931.0,931.0,931.0,931.0,931.0,931.0,931.0,931.0,1857.0,1857.0,1857.0,931.0,931.0,931.0,931.0,931.0,931.0
1.0,5586.0,2820.0,2793.0,2793.0,2820.0,940.0,940.0,940.0,931.0,931.0,931.0,940.0,940.0,940.0,1862.0,1862.0,1862.0,940.0,940.0,940.0,931.0,931.0,931.0
1.0,5559.0,2871.0,2796.0,2820.0,2880.0,960.0,960.0,960.0,932.0,932.0,932.0,957.0,957.0,957.0,1853.0,1853.0,1853.0,960.0,960.0,960.0,932.0,932.0,932.0
1.0,5508.0,2934.0,2802.0,2880.0,2952.0,984.0,984.0,984.0,934.0,934.0,934.0,978.0,978.0,978.0,1836.0,1836.0,1836.0,984.0,984.0,984.0,934.0,934.0,934.0
1.0,5454.0,2817.0,2802.0,2952.0,2817.0,939.0,939.0,939.0,934.0,934.0,934.0,939.0,939.0,939.0,1818.0,1818.0,1818.0,939.0,939.0,939.0,934.0,934.0,934.0
1.0,5589.0,2775.0,2799.0,2817.0,2766.0,922.0,922.0,922.0,933.0,933.0,933.0,925.0,925.0,925.0,1863.0,1863.0,1863.0,922.0,922.0,922.0,933.0,933.0,933.0
1.0,5631.0,2742.0,2796.0,2766.0,2733.0,911.0,911.0,911.0,932.0,932.0,932.0,914.0,914.0,914.0,1877.0,1877.0,1877.0,911.0,911.0,911.0,932.0,932.0,932.0
1.0,5655.0,2775.0,2796.0,2733.0,2775.0,925.0,925.0,925.0,932.0,932.0,932.0,925.0,925.0,925.0,1885.0,1885.0,1885.0,925.0,925.0,925.0,932.0,932.0,932.0
1.0,5613.0,2781.0,2799.0,2775.0,2790.0,930.0,930.0,930.0,933.0,933.0,933.0,927.0,927.0,927.0,1871.0,1871.0,1871.0,930.0,930.0,930.0,933.0,933.0,933.0
1.0,5607.0,2850.0,2802.0,2790.0,2859.0,953.0,953.0,953.0,934.0,934.0,934.0,950.0,950.0,950.0,1869.0,1869.0,1869.0,953.0,953.0,953.0,934.0,934.0,934.0
1.0,5547.0,2844.0,2805.0,2859.0,2853.0,951.0,951.0,951.0,935.0,935.0,935.0,948.0,948.0,948.0,1849.0,1849.0,1849.0,951.0,951.0,951.0,935.0,935.0,935.0
1.0,5562.0,2841.0,2805.0,2853.0,2841.0,947.0,947.0,947.0,935.0,935.0,935.0,947.0,947.0,947.0,1854.0,1854.0,1854.0,947.0,947.0,947.0,935.0,935.0,935.0
1.0,5574.0,2775.0,2802.0,2841.0,2766.0,922.0,922.0,922.0,934.0,934.0,934.0,925.0,925.0,925.0,1858.0,1858.0,1858.0,922.0,922.0,922.0,934.0,934.0,934.0
1.0,5640.0,2760.0,2799.0,2766.0,2751.0,917.0,917.0,917.0,933.0,933.0,933.0,920.0,920.0,920.0,1880.0,1880.0,1880.0,917.0,917.0,917.0,933.0,933.0,933.0
1.0,5646.0,2790.0,2799.0,2751.0,2790.0,930.0,930.0,930.0,933.0,933.0,933.0,930.0,930.0,930.0,1882.0,1882.0,1882.0,930.0,930.0,930.0,933.0,933.0,933.0
1.0,5607.0,2763.0,2799.0,2790.0,2763.0,921.0,921.0,921.0,933.0,933.0,933.0,921.0,921.0,921.0,1869.0,1869.0,1869.0,921.0,921.0,921.0,933.0,933.0,933.0
1.0,5634.0,2886.0,2802.0,2763.0,2895.0,965.0,965.0,965.0,934.0,934.0,934.0,962.0,962.0,962.0,1878.0,1878.0,1878.0,965.0,965.0,965.0,934.0,934.0,934.0
1.0,5511.0,2814.0,2805.0,2895.0,2823.0,941.0,941.0,941.0,935.0,935.0,935.0,938.0,938.0,938.0,1837.0,1837.0,1837.0,941.0,941.0,941.0,935.0,935.0,935.0
1.0,5592.0,2817.0,2805.0,2823.0,2817.0,939.0,939.0,939.0,935.0,935.0,935.0,939.0,939.0,939.0,1864.0,1864.0,1864.0,939.0,939.0,939.0,935.0,935.0,935.0
1.0,5598.0,2778.0,2802.0,2817.0,2769.0,923.0,923.0,923.0,934.0,934.0,934.0,926.0,926.0,926.0,1866.0,1866.0,1866.0,923.0,923.0,923.0,934.0,934.0,934.0
1.0,5637.0,2742.0,2802.0,2769.0,2742.0,914.0,914.0,914.0,934.0,934.0,934.0,914.0,914.0,914.0,1879.0,1879.0,1879.0,914.0,914.0,914.0,934.0,934.0,934.0
1.0,5664.0,2754.0,2802.0,2742.0,2754.0,918.0,918.0,918.0,934.0,934.0,934.0,918.0,918.0,918.0,1888.0,1888.0,1888.0,918.0,918.0,918.0,934.0,934.0,934.0
1.0,5652.0,2808.0,2802.0,2754.0,2808.0,936.0,936.0,936.0,934.0,934.0,934.0,936.0,936.0,936.0,1884.0,1884.0,1884.0,936.0,936.0,936.0,934.0,934.0,934.0
1.0,5598.0,2898.0,2805.0,2808.0,2907.0,969.0,969.0,969.0,935.0,935.0,935.0,966.0,966.0,966.0,1866.0,1866.0,1866.0,969.0,969.0,969.0,935.0,935.0,935.0
1.0,5508.0,2925.0,2808.0,2907.0,2934.0,978.0,978.0,978.0,936.0,936.0,936.0,975.0,975.0,975.0,1836.0,1836.0,1836.0,978.0,978.0,978.0,936.0,936.0,936.0
1.0,5490.0,2838.0,2808.0,2934.0,2838.0,946.0,946.0,946.0,936.0,936.0,936.0,946.0,946.0,946.0,1830.0,1830.0,1830.0,946.0,946.0,946.0,936.0,936.0,936.0
1.0,5586.0,2778.0,2808.0,2838.0,2778.0,926.0,926.0,926.0,936.0,936.0,936.0,926.0,926.0,926.0,1862.0,1862.0,1862.0,926.0,926.0,926.0,936.0,936.0,936.0
1.0,5646.0,2793.0,2805.0,2778.0,2784.0,928.0,928.0,928.0,935.0,935.0,935.0,931.0,931.0,931.0,1882.0,1882.0,1882.0,928.0,928.0,928.0,935.0,935.0,935.0
1.0,5631.0,2814.0,2805.0,2784.0,2814.0,938.0,938.0,938.0,935.0,935.0,935.0,938.0,938.0,938.0,1877.0,1877.0,1877.0,938.0,938.0,938.0,935.0,935.0,935.0
1.0,5601.0,2838.0,2808.0,2814.0,2847.0,949.0,949.0,949.0,936.0,936.0,936.0,946.0,946.0,946.0,1867.0,1867.0,1867.0,949.0,949.0,949.0,936.0,936.0,936.0
1.0,5577.0,2850.0,2811.0,2847.0,2859.0,953.0,953.0,953.0,937.0,937.0,937.0,950.0,950.0,950.0,1859.0,1859.0,1859.0,953.0,953.0,953.0,937.0,937.0,937.0
1.0,5574.0,2835.0,2811.0,2859.0,2835.0,945.0,945.0,945.0,937.0,937.0,937.0,945.0,945.0,945.0,1858.0,1858.0,1858.0,945.0,945.0,945.0,937.0,937.0,937.0
1.0,5598.0,2841.0,2814.0,2835.0,2850.0,950.0,950.0,950.0,938.0,938.0,938.0,947.0,947.0,947.0,1866.0,1866.0,1866.0,950.0,950.0,950.0,938.0,938.0,938.0
1.0,5592.0,2850.0,2814.0,2850.0,2850.0,950.0,950.0,950.0,938.0,938.0,938.0,950.0,950.0,950.0,1864.0,1864.0,1864.0,950.0,950.0,950.0,938.0,938.0,938.0
1.0,5592.0,2766.0,2811.0,2850.0,2757.0,919.0,919.0,919.0,937.0,937.0,937.0,922.0,922.0,922.0,1864.0,1864.0,1864.0,919.0,919.0,919.0,937.0,937.0,937.0
1.0,5676.0,2751.0,2811.0,2757.0,2751.0,917.0,917.0,917.0,937.0,937.0,937.0,917.0,917.0,917.0,1892.0,1892.0,1892.0,917.0,917.0,917.0,937.0,937.0,937.0
1.0,5682.0,2814.0,2811.0,2751.0,2814.0,938.0,938.0,938.0,937.0,937.0,937.0,938.0,938.0,938.0,1894.0,1894.0,1894.0,938.0,938.0,938.0,937.0,937.0,937.0
1.0,5619.0,2889.0,2814.0,2814.0,2898.0,966.0,966.0,966.0,938.0,938.0,938.0,963.0,963.0,963.0,1873.0,1873.0,1873.0,966.0,966.0,966.0,938.0,938.0,938.0
1.0,5544.0,2943.0,2817.0,2898.0,2952.0,984.0,984.0,984.0,939.0,939.0,939.0,981.0,981.0,981.0,1848.0,1848.0,1848.0,984.0,984.0,984.0,939.0,939.0,939.0
1.0,5499.0,2886.0,2820.0,2952.0,2895.0,965.0,965.0,965.0,940.0,940.0,940.0,962.0,962.0,962.0,1833.0,1833.0,1833.0,965.0,965.0,965.0,940.0,940.0,940.0
1.0,5565.0,2763.0,2820.0,2895.0,2763.0,921.0,921.0,921.0,940.0,940.0,940.0,921.0,921.0,921.0,1855.0,1855.0,1855.0,921.0,921.0,921.0,940.0,940.0,940.0
1.0,5697.0,2733.0,2817.0,2763.0,2724.0,908.0,908.0,908.0,939.0,939.0,939.0,911.0,911.0,911.0,1899.0,1899.0,1899.0,908.0,908.0,908.0,939.0,939.0,939.0
1.0,5727.0,2784.0,2814.0,2724.0,2775.0,925.0,925.0,925.0,938.0,938.0,938.0,928.0,928.0,928.0,1909.0,1909.0,1909.0,925.0,925.0,925.0,938.0,938.0,938.0
1.0,5667.0,2769.0,2814.0,2775.0,2769.0,923.0,923.0,923.0,938.0,938.0,938.0,923.0,923.0,923.0,1889.0,1889.0,1889.0,923.0,923.0,923.0,938.0,938.0,938.0
1.0,5673.0,2847.0,2817.0,2769.0,2856.0,952.0,952.0,952.0,939.0,939.0,939.0,949.0,949.0,949.0,1891.0,1891.0,1891.0,952.0,952.0,952.0,939.0,939.0,939.0
1.0,5595.0,2865.0,2820.0,2856.0,2874.0,958.0,958.0,958.0,940.0,940.0,940.0,955.0,955.0,955.0,1865.0,1865.0,1865.0,958.0,958.0,958.0,940.0,940.0,940.0
1.0,5586.0,2880.0,2820.0,2874.0,2880.0,960.0,960.0,960.0,940.0,940.0,940.0,960.0,960.0,960.0,1862.0,1862.0,1862.0,960.0,960.0,960.0,940.0,940.0,940.0
1.0,5580.0,2814.0,2820.0,2880.0,2814.0,938.0,938.0,938.0,940.0,940.0,940.0,938.0,938.0,938.0,1860.0,1860.0,1860.0,938.0,938.0,938.0,940.0,940.0,940.0
1.0,5646.0,2775.0,2817.0,2814.0,2766.0,922.0,922.0,922.0,939.0,939.0,939.0,925.0,925.0,925.0,1882.0,1882.0,1882.0,922.0,922.0,922.0,939.0,939.0,939.0
1.0,5685.0,2751.0,2814.0,2766.0,2742.0,914.0,914.0,914.0,938.0,938.0,938.0,917.0,917.0,917.0,1895.0,1895.0,1895.0,914.0,914.0,914.0,938.0,938.0,938.0
1.0,5700.0,2904.0,2817.0,2742.0,2913.0,971.0,971.0,971.0,939.0,939.0,939.0,968.0,968.0,968.0,1900.0,1900.0,1900.0,971.0,971.0,971.0,939.0,939.0,939.0
1.0,5538.0,2829.0,2817.0,2913.0,2829.0,943.0,943.0,943.0,939.0,939.0,939.0,943.0,943.0,943.0,1846.0,1846.0,1846.0,943.0,943.0,943.0,939.0,939.0,939.0
1.0,5622.0,2880.0,2820.0,2829.0,2889.0,963.0,963.0,963.0,940.0,940.0,940.0,960.0,960.0,960.0,1874.0,1874.0,1874.0,963.0,963.0,963.0,940.0,940.0,940.0
1.0,5571.0,2856.0,2820.0,2889.0,2856.0,952.0,952.0,952.0,940.0,940.0,940.0,952.0,952.0,952.0,1857.0,1857.0,1857.0,952.0,952.0,952.0,940.0,940.0,940.0
1.0,5604.0,2796.0,2820.0,2856.0,2796.0,932.0,932.0,932.0,940.0,940.0,940.0,932.0,932.0,932.0,1868.0,1868.0,1868.0,932.0,932.0,932.0,940.0,940.0,940.0
1.0,5664.0,2751.0,2817.0,2796.0,2742.0,914.0,914.0,914.0,939.0,939.0,939.0,917.0,917.0,917.0,1888.0,1888.0,1888.0,914.0,914.0,914.0,939.0,939.0,939.0
1.0,5709.0,2799.0,2814.0,2742.0,2790.0,930.0,930.0,930.0,938.0,938.0,938.0,933.0,933.0,933.0,1903.0,1903.0,1903.0,930.0,930.0,930.0,938.0,938.0,938.0
1.0,5652.0,2853.0,2817.0,2790.0,2862.0,954.0,954.0,954.0,939.0,939.0,939.0,951.0,951.0,951.0,1884.0,1884.0,1884.0,954.0,954.0,954.0,939.0,939.0,939.0
1.0,5589.0,2907.0,2820.0,2862.0,2916.0,972.0,972.0,972.0,940.0,940.0,940.0,969.0,969.0,969.0,1863.0,1863.0,1863.0,972.0,972.0,972.0,940.0,940.0,940.0
1.0,5544.0,2859.0,2823.0,2916.0,2868.0,956.0,956.0,956.0,941.0,941.0,941.0,953.0,953.0,953.0,1848.0,1848.0,1848.0,956.0,956.0,956.0,941.0,941.0,941.0
1.0,5601.0,2850.0,2823.0,2868.0,2850.0,950.0,950.0,950.0,941.0,941.0,941.0,950.0,950.0,950.0,1867.0,1867.0,1867.0,950.0,950.0,950.0,941.0,941.0,941.0
1.0,5619.0,2799.0,2823.0,2850.0,2799.0,933.0,933.0,933.0,941.0,941.0,941.0,933.0,933.0,933.0,1873.0,1873.0,1873.0,933.0,933.0,933.0,941.0,941.0,941.0
1.0,5670.0,2727.0,2820.0,2799.0,2718.0,906.0,906.0,906.0,940.0,940.0,940.0,909.0,909.0,909.0,1890.0,1890.0,1890.0,906.0,906.0,906.0,940.0,940.0,940.0
1.0,5742.0,2802.0,2820.0,2718.0,2802.0,934.0,934.0,934.0,940.0,940.0,940.0,934.0,934.0,934.0,1914.0,1914.0,1914.0,934.0,934.0,934.0,940.0,940.0,940.0
1.0,5658.0,2835.0,2820.0,2802.0,2835.0,945.0,945.0,945.0,940.0,940.0,940.0,945.0,945.0,945.0,1886.0,1886.0,1886.0,945.0,945.0,945.0,940.0,940.0,940.0
1.0,5625.0,2910.0,2823.0,2835.0,2919.0,973.0,973.0,973.0,941.0,941.0,941.0,970.0,970.0,970.0,1875.0,1875.0,1875.0,973.0,973.0,973.0,941.0,941.0,941.0
1.0,5550.0,2910.0,2826.0,2919.0,2919.0,973.0,973.0,973.0,942.0,942.0,942.0,970.0,970.0,970.0,1850.0,1850.0,1850.0,973.0,973.0,973.0,942.0,942.0,942.0
1.0,5559.0,2892.0,2829.0,2919.0,2901.0,967.0,967.0,967.0,943.0,943.0,943.0,964.0,964.0,964.0,1853.0,1853.0,1853.0,967.0,967.0,967.0,943.0,943.0,943.0
1.0,5586.0,2823.0,2826.0,2901.0,2814.0,938.0,938.0,938.0,942.0,942.0,942.0,941.0,941.0,941.0,1862.0,1862.0,1862.0,938.0,938.0,938.0,942.0,942.0,942.0
1.0,5664.0,2799.0,2826.0,2814.0,2799.0,933.0,933.0,933.0,942.0,942.0,942.0,933.0,933.0,933.0,1888.0,1888.0,1888.0,933.0,933.0,933.0,942.0,942.0,942.0
1.0,5679.0,2865.0,2826.0,2799.0,2865.0,955.0,955.0,955.0,942.0,942.0,942.0,955.0,955.0,955.0,1893.0,1893.0,1893.0,955.0,955.0,955.0,942.0,942.0,942.0
1.0,5613.0,2871.0,2829.0,2865.0,2880.0,960.0,960.0,960.0,943.0,943.0,943.0,957.0,957.0,957.0,1871.0,1871.0,1871.0,960.0,960.0,960.0,943.0,943.0,943.0
1.0,5607.0,2886.0,2832.0,2880.0,2895.0,965.0,965.0,965.0,944.0,944.0,944.0,962.0,962.0,962.0,1869.0,1869.0,1869.0,965.0,965.0,965.0,944.0,944.0,944.0
1.0,5601.0,2913.0,2835.0,2895.0,2922.0,974.0,974.0,974.0,945.0,945.0,945.0,971.0,971.0,971.0,1867.0,1867.0,1867.0,974.0,974.0,974.0,945.0,945.0,945.0
1.0,5583.0,2880.0,2835.0,2922.0,2880.0,960.0,960.0,960.0,945.0,945.0,945.0,960.0,960.0,960.0,1861.0,1861.0,1861.0,960.0,960.0,960.0,945.0,945.0,945.0
1.0,5625.0,2829.0,2835.0,2880.0,2829.0,943.0,943.0,943.0,945.0,945.0,945.0,943.0,943.0,943.0,1875.0,1875.0,1875.0,943.0,943.0,943.0,945.0,945.0,945.0
1.0,5676.0,2829.0,2832.0,2829.0,2820.0,940.0,940.0,940.0,944.0,944.0,944.0,943.0,943.0,943.0,1892.0,1892.0,1892.0,940.0,940.0,940.0,944.0,944.0,944.0
1.0,5676.0,2823.0,2832.0,2820.0,2823.0,941.0,941.0,941.0,944.0,944.0,944.0,941.0,941.0,941.0,1892.0,1892.0,1892.0,941.0,941.0,941.0,944.0,944.0,944.0
1.0,5673.0,2883.0,2835.0,2823.0,2892.0,964.0,964.0,964.0,945.0,945.0,945.0,961.0,961.0,961.0,1891.0,1891.0,1891.0,964.0,964.0,964.0,945.0,945.0,945.0
1.0,5613.0,2925.0,2838.0,2892.0,2934.0,978.0,978.0,978.0,946.0,946.0,946.0,975.0,975.0,975.0,1871.0,1871.0,1871.0,978.0,978.0,978.0,946.0,946.0,946.0
1.0,5580.0,2883.0,2838.0,2934.0,2883.0,961.0,961.0,961.0,946.0,946.0,946.0,961.0,961.0,961.0,1860.0,1860.0,1860.0,961.0,961.0,961.0,946.0,946.0,946.0
1.0,5631.0,2898.0,2841.0,2883.0,2907.0,969.0,969.0,969.0,947.0,947.0,947.0,966.0,966.0,966.0,1877.0,1877.0,1877.0,969.0,969.0,969.0,947.0,947.0,947.0
1.0,5616.0,2868.0,2841.0,2907.0,2868.0,956.0,956.0,956.0,947.0,947.0,947.0,956.0,956.0,956.0,1872.0,1872.0,1872.0,956.0,956.0,956.0,947.0,947.0,947.0
1.0,5655.0,2814.0,2841.0,2868.0,2814.0,938.0,938.0,938.0,947.0,947.0,947.0,938.0,938.0,938.0,1885.0,1885.0,1885.0,938.0,938.0,938.0,947.0,947.0,947.0
1.0,5709.0,2781.0,2838.0,2814.0,2772.0,924.0,924.0,924.0,946.0,946.0,946.0,927.0,927.0,927.0,1903.0,1903.0,1903.0,924.0,924.0,924.0,946.0,946.0,946.0
1.0,5742.0,2844.0,2838.0,2772.0,2844.0,948.0,948.0,948.0,946.0,946.0,946.0,948.0,948.0,948.0,1914.0,1914.0,1914.0,948.0,948.0,948.0,946.0,946.0,946.0
1.0,5670.0,2853.0,2841.0,2844.0,2862.0,954.0,954.0,954.0,947.0,947.0,947.0,951.0,951.0,951.0,1890.0,1890.0,1890.0,954.0,954.0,954.0,947.0,947.0,947.0
1.0,5661.0,2934.0,2844.0,2862.0,2943.0,981.0,981.0,981.0,948.0,948.0,948.0,978.0,978.0,978.0,1887.0,1887.0,1887.0,981.0,981.0,981.0,948.0,948.0,948.0
1.0,5589.0,2910.0,2847.0,2943.0,2919.0,973.0,973.0,973.0,949.0,949.0,949.0,970.0,970.0,970.0,1863.0,1863.0,1863.0,973.0,973.0,973.0,949.0,949.0,949.0
1.0,5622.0,2853.0,2844.0,2919.0,2844.0,948.0,948.0,948.0,948.0,948.0,948.0,951.0,951.0,951.0,1874.0,1874.0,1874.0,948.0,948.0,948.0,948.0,948.0,948.0
1.0,5688.0,2766.0,2841.0,2844.0,2757.0,919.0,919.0,919.0,947.0,947.0,947.0,922.0,922.0,922.0,1896.0,1896.0,1896.0,919.0,919.0,919.0,947.0,947.0,947.0
1.0,5766.0,2853.0,2841.0,2757.0,2853.0,951.0,951.0,951.0,947.0,947.0,947.0,951.0,951.0,951.0,1922.0,1922.0,1922.0,951.0,951.0,951.0,947.0,947.0,947.0
1.0,5670.0,2898.0,2844.0,2853.0,2907.0,969.0,969.0,969.0,948.0,948.0,948.0,966.0,966.0,966.0,1890.0,1890.0,1890.0,969.0,969.0,969.0,948.0,948.0,948.0
1.0,5625.0,2937.0,2847.0,2907.0,2946.0,982.0,982.0,982.0,949.0,949.0,949.0,979.0,979.0,979.0,1875.0,1875.0,1875.0,982.0,982.0,982.0,949.0,949.0,949.0
1.0,5595.0,2943.0,2850.0,2946.0,2952.0,984.0,984.0,984.0,950.0,950.0,950.0,981.0,981.0,981.0,1865.0,1865.0,1865.0,984.0,984.0,984.0,950.0,950.0,950.0
1.0,5598.0,2880.0,2853.0,2952.0,2889.0,963.0,963.0,963.0,951.0,951.0,951.0,960.0,960.0,960.0,1866.0,1866.0,1866.0,963.0,963.0,963.0,951.0,951.0,951.0
1.0,5670.0,2844.0,2853.0,2889.0,2844.0,948.0,948.0,948.0,951.0,951.0,951.0,948.0,948.0,948.0,1890.0,1890.0,1890.0,948.0,948.0,948.0,951.0,951.0,951.0
1.0,5715.0,2868.0,2853.0,2844.0,2868.0,956.0,956.0,956.0,951.0,951.0,951.0,956.0,956.0,956.0,1905.0,1905.0,1905.0,956.0,956.0,956.0,951.0,951.0,951.0
1.0,5691.0,2799.0,2850.0,2868.0,2790.0,930.0,930.0,930.0,950.0,950.0,950.0,933.0,933.0,933.0,1897.0,1897.0,1897.0,930.0,930.0,930.0,950.0,950.0,950.0
1.0,5760.0,2916.0,2853.0,2790.0,2925.0,975.0,975.0,975.0,951.0,951.0,951.0,972.0,972.0,972.0,1920.0,1920.0,1920.0,975.0,975.0,975.0,951.0,951.0,951.0
1.0,5634.0,2853.0,2853.0,2925.0,2853.0,951.0,951.0,951.0,951.0,951.0,951.0,951.0,951.0,951.0,1878.0,1878.0,1878.0,951.0,951.0,951.0,951.0,951.0,951.0
1.0,5706.0,2904.0,2856.0,2853.0,2913.0,971.0,971.0,971.0,952.0,952.0,952.0,968.0,968.0,968.0,1902.0,1902.0,1902.0,971.0,971.0,971.0,952.0,952.0,952.0
1.0,5655.0,2913.0,2859.0,2913.0,2922.0,974.0,974.0,974.0,953.0,953.0,953.0,971.0,971.0,971.0,1885.0,1885.0,1885.0,974.0,974.0,974.0,953.0,953.0,953.0
1.0,5655.0,2844.0,2859.0,2922.0,2844.0,948.0,948.0,948.0,953.0,953.0,953.0,948.0,948.0,948.0,1885.0,1885.0,1885.0,948.0,948.0,948.0,953.0,953.0,953.0
1.0,5733.0,2835.0,2856.0,2844.0,2826.0,942.0,942.0,942.0,952.0,952.0,952.0,945.0,945.0,945.0,1911.0,1911.0,1911.0,942.0,942.0,942.0,952.0,952.0,952.0
1.0,5742.0,2790.0,2856.0,2826.0,2790.0,930.0,930.0,930.0,952.0,952.0,952.0,930.0,930.0,930.0,1914.0,1914.0,1914.0,930.0,930.0,930.0,952.0,952.0,952.0
1.0,5778.0,2889.0,2856.0,2790.0,2889.0,963.0,963.0,963.0,952.0,952.0,952.0,963.0,963.0,963.0,1926.0,1926.0,1926.0,963.0,963.0,963.0,952.0,952.0,952.0
1.0,5679.0,2907.0,2862.0,2889.0,2925.0,975.0,975.0,975.0,954.0,954.0,954.0,969.0,969.0,969.0,1893.0,1893.0,1893.0,975.0,975.0,975.0,954.0,954.0,954.0
1.0,5661.0,2946.0,2862.0,2925.0,2946.0,982.0,982.0,982.0,954.0,954.0,954.0,982.0,982.0,982.0,1887.0,1887.0,1887.0,982.0,982.0,982.0,954.0,954.0,954.0
1.0,5640.0,2883.0,2865.0,2946.0,2892.0,964.0,964.0,964.0,955.0,955.0,955.0,961.0,961.0,961.0,1880.0,1880.0,1880.0,964.0,964.0,964.0,955.0,955.0,955.0
1.0,5703.0,2877.0,2862.0,2892.0,2868.0,956.0,956.0,956.0,954.0,954.0,954.0,959.0,959.0,959.0,1901.0,1901.0,1901.0,956.0,956.0,956.0,954.0,954.0,954.0
1.0,5718.0,2820.0,2862.0,2868.0,2820.0,940.0,940.0,940.0,954.0,954.0,954.0,940.0,940.0,940.0,1906.0,1906.0,1906.0,940.0,940.0,940.0,954.0,954.0,954.0
1.0,5766.0,2808.0,2862.0,2820.0,2808.0,936.0,936.0,936.0,954.0,954.0,954.0,936.0,936.0,936.0,1922.0,1922.0,1922.0,936.0,936.0,936.0,954.0,954.0,954.0
1.0,5778.0,2910.0,2865.0,2808.0,2919.0,973.0,973.0,973.0,955.0,955.0,955.0,970.0,970.0,970.0,1926.0,1926.0,1926.0,973.0,973.0,973.0,955.0,955.0,955.0
1.0,5676.0,2943.0,2868.0,2919.0,2952.0,984.0,984.0,984.0,956.0,956.0,956.0,981.0,981.0,981.0,1892.0,1892.0,1892.0,984.0,984.0,984.0,956.0,956.0,956.0
1.0,5652.0,2928.0,2871.0,2952.0,2937.0,979.0,979.0,979.0,957.0,957.0,957.0,976.0,976.0,976.0,1884.0,1884.0,1884.0,979.0,979.0,979.0,957.0,957.0,957.0
1.0,5676.0,2889.0,2871.0,2937.0,2889.0,963.0,963.0,963.0,957.0,957.0,957.0,963.0,963.0,963.0,1892.0,1892.0,1892.0,963.0,963.0,963.0,957.0,957.0,957.0
1.0,5724.0,2886.0,2871.0,2889.0,2886.0,962.0,962.0,962.0,957.0,957.0,957.0,962.0,962.0,962.0,1908.0,1908.0,1908.0,962.0,962.0,962.0,957.0,957.0,957.0
1.0,5727.0,2868.0,2871.0,2886.0,2868.0,956.0,956.0,956.0,957.0,957.0,957.0,956.0,956.0,956.0,1909.0,1909.0,1909.0,956.0,956.0,956.0,957.0,957.0,957.0
1.0,5745.0,2805.0,2868.0,2868.0,2796.0,932.0,932.0,932.0,956.0,956.0,956.0,935.0,935.0,935.0,1915.0,1915.0,1915.0,932.0,932.0,932.0,956.0,956.0,956.0
1.0,5808.0,2898.0,2871.0,2796.0,2907.0,969.0,969.0,969.0,957.0,957.0,957.0,966.0,966.0,966.0,1936.0,1936.0,1936.0,969.0,969.0,969.0,957.0,957.0,957.0
1.0,5706.0,2895.0,2871.0,2907.0,2895.0,965.0,965.0,965.0,957.0,957.0,957.0,965.0,965.0,965.0,1902.0,1902.0,1902.0,965.0,965.0,965.0,957.0,957.0,957.0
1.0,5718.0,2943.0,2874.0,2895.0,2952.0,984.0,984.0,984.0,958.0,958.0,958.0,981.0,981.0,981.0,1906.0,1906.0,1906.0,984.0,984.0,984.0,958.0,958.0,958.0
1.0,5670.0,2916.0,2874.0,2952.0,2916.0,972.0,972.0,972.0,958.0,958.0,958.0,972.0,972.0,972.0,1890.0,1890.0,1890.0,972.0,972.0,972.0,958.0,958.0,958.0
1.0,5706.0,2826.0,2874.0,2916.0,2826.0,942.0,942.0,942.0,958.0,958.0,958.0,942.0,942.0,942.0,1902.0,1902.0,1902.0,942.0,942.0,942.0,958.0,958.0,958.0
1.0,5796.0,2802.0,2871.0,2826.0,2793.0,931.0,931.0,931.0,957.0,957.0,957.0,934.0,934.0,934.0,1932.0,1932.0,1932.0,931.0,931.0,931.0,957.0,957.0,957.0
1.0,5820.0,2838.0,2871.0,2793.0,2838.0,946.0,946.0,946.0,957.0,957.0,957.0,946.0,946.0,946.0,1940.0,1940.0,1940.0,946.0,946.0,946.0,957.0,957.0,957.0
1.0,5775.0,2889.0,2871.0,2838.0,2889.0,963.0,963.0,963.0,957.0,957.0,957.0,963.0,963.0,963.0,1925.0,1925.0,1925.0,963.0,963.0,963.0,957.0,957.0,957.0
1.0,5724.0,2958.0,2874.0,2889.0,2967.0,989.0,989.0,989.0,958.0,958.0,958.0,986.0,986.0,986.0,1908.0,1908.0,1908.0,989.0,989.0,989.0,958.0,958.0,958.0
1.0,5655.0,2967.0,2877.0,2967.0,2976.0,992.0,992.0,992.0,959.0,959.0,959.0,989.0,989.0,989.0,1885.0,1885.0,1885.0,992.0,992.0,992.0,959.0,959.0,959.0
1.0,5655.0,2922.0,2877.0,2976.0,2922.0,974.0,974.0,974.0,959.0,959.0,959.0,974.0,974.0,974.0,1885.0,1885.0,1885.0,974.0,974.0,974.0,959.0,959.0,959.0
1.0,5709.0,2808.0,2874.0,2922.0,2799.0,933.0,933.0,933.0,958.0,958.0,958.0,936.0,936.0,936.0,1903.0,1903.0,1903.0,933.0,933.0,933.0,958.0,958.0,958.0
1.0,5823.0,2823.0,2874.0,2799.0,2823.0,941.0,941.0,941.0,958.0,958.0,958.0,941.0,941.0,941.0,1941.0,1941.0,1941.0,941.0,941.0,941.0,958.0,958.0,958.0
1.0,5799.0,2838.0,2874.0,2823.0,2838.0,946.0,946.0,946.0,958.0,958.0,958.0,946.0,946.0,946.0,1933.0,1933.0,1933.0,946.0,946.0,946.0,958.0,958.0,958.0
1.0,5784.0,2904.0,2874.0,2838.0,2904.0,968.0,968.0,968.0,958.0,958.0,958.0,968.0,968.0,968.0,1928.0,1928.0,1928.0,968.0,968.0,968.0,958.0,958.0,958.0
1.0,5718.0,2940.0,2877.0,2904.0,2949.0,983.0,983.0,983.0,959.0,959.0,959.0,980.0,980.0,980.0,1906.0,1906.0,1906.0,983.0,983.0,983.0,959.0,959.0,959.0
1.0,5682.0,3003.0,2880.0,2949.0,3012.0,1004.0,1004.0,1004.0,960.0,960.0,960.0,1001.0,1001.0,1001.0,1894.0,1894.0,1894.0,1004.0,1004.0,1004.0,960.0,960.0,960.0
1.0,5628.0,2910.0,2880.0,3012.0,2910.0,970.0,970.0,970.0,960.0,960.0,960.0,970.0,970.0,970.0,1876.0,1876.0,1876.0,970.0,970.0,970.0,960.0,960.0,960.0
1.0,5730.0,2805.0,2880.0,2910.0,2805.0,935.0,935.0,935.0,960.0,960.0,960.0,935.0,935.0,935.0,1910.0,1910.0,1910.0,935.0,935.0,935.0,960.0,960.0,960.0
1.0,5835.0,2826.0,2877.0,2805.0,2817.0,939.0,939.0,939.0,959.0,959.0,959.0,942.0,942.0,942.0,1945.0,1945.0,1945.0,939.0,939.0,939.0,959.0,959.0,959.0
1.0,5814.0,2811.0,2877.0,2817.0,2811.0,937.0,937.0,937.0,959.0,959.0,959.0,937.0,937.0,937.0,1938.0,1938.0,1938.0,937.0,937.0,937.0,959.0,959.0,959.0
1.0,5820.0,2916.0,2877.0,2811.0,2916.0,972.0,972.0,972.0,959.0,959.0,959.0,972.0,972.0,972.0,1940.0,1940.0,1940.0,972.0,972.0,972.0,959.0,959.0,959.0
1.0,5715.0,2931.0,2880.0,2916.0,2940.0,980.0,980.0,980.0,960.0,960.0,960.0,977.0,977.0,977.0,1905.0,1905.0,1905.0,980.0,980.0,980.0,960.0,960.0,960.0
1.0,5700.0,2931.0,2883.0,2940.0,2940.0,980.0,980.0,980.0,961.0,961.0,961.0,977.0,977.0,977.0,1900.0,1900.0,1900.0,980.0,980.0,980.0,961.0,961.0,961.0
1.0,5709.0,2898.0,2883.0,2940.0,2898.0,966.0,966.0,966.0,961.0,961.0,961.0,966.0,966.0,966.0,1903.0,1903.0,1903.0,966.0,966.0,966.0,961.0,961.0,961.0
1.0,5751.0,2829.0,2880.0,2898.0,2820.0,940.0,940.0,940.0,960.0,960.0,960.0,943.0,943.0,943.0,1917.0,1917.0,1917.0,940.0,940.0,940.0,960.0,960.0,960.0
1.0,5820.0,2868.0,2880.0,2820.0,2868.0,956.0,956.0,956.0,960.0,960.0,960.0,956.0,956.0,956.0,1940.0,1940.0,1940.0,956.0,956.0,956.0,960.0,960.0,960.0
1.0,5772.0,2850.0,2877.0,2868.0,2841.0,947.0,947.0,947.0,959.0,959.0,959.0,950.0,950.0,950.0,1924.0,1924.0,1924.0,947.0,947.0,947.0,959.0,959.0,959.0
1.0,5790.0,2895.0,2880.0,2841.0,2904.0,968.0,968.0,968.0,960.0,960.0,960.0,965.0,965.0,965.0,1930.0,1930.0,1930.0,968.0,968.0,968.0,960.0,960.0,960.0
1.0,5736.0,2988.0,2883.0,2904.0,2997.0,999.0,999.0,999.0,961.0,961.0,961.0,996.0,996.0,996.0,1912.0,1912.0,1912.0,999.0,999.0,999.0,961.0,961.0,961.0
1.0,5652.0,2904.0,2883.0,2997.0,2904.0,968.0,968.0,968.0,961.0,961.0,961.0,968.0,968.0,968.0,1884.0,1884.0,1884.0,968.0,968.0,968.0,961.0,961.0,961.0
1.0,5745.0,2991.0,2886.0,2904.0,3000.0,1000.0,1000.0,1000.0,962.0,962.0,962.0,997.0,997.0,997.0,1915.0,1915.0,1915.0,1000.0,1000.0,1000.0,962.0,962.0,962.0
1.0,5658.0,2889.0,2886.0,3000.0,2889.0,963.0,963.0,963.0,962.0,962.0,962.0,963.0,963.0,963.0,1886.0,1886.0,1886.0,963.0,963.0,963.0,962.0,962.0,962.0
1.0,5769.0,2832.0,2883.0,2889.0,2823.0,941.0,941.0,941.0,961.0,961.0,961.0,944.0,944.0,944.0,1923.0,1923.0,1923.0,941.0,941.0,941.0,961.0,961.0,961.0
1.0,5826.0,2799.0,2883.0,2823.0,2799.0,933.0,933.0,933.0,961.0,961.0,961.0,933.0,933.0,933.0,1942.0,1942.0,1942.0,933.0,933.0,933.0,961.0,961.0,961.0
1.0,5850.0,2934.0,2883.0,2799.0,2934.0,978.0,978.0,978.0,961.0,961.0,961.0,978.0,978.0,978.0,1950.0,1950.0,1950.0,978.0,978.0,978.0,961.0,961.0,961.0
1.0,5715.0,2958.0,2886.0,2934.0,2967.0,989.0,989.0,989.0,962.0,962.0,962.0,986.0,986.0,986.0,1905.0,1905.0,1905.0,989.0,989.0,989.0,962.0,962.0,962.0
1.0,5691.0,2964.0,2889.0,2967.0,2973.0,991.0,991.0,991.0,963.0,963.0,963.0,988.0,988.0,988.0,1897.0,1897.0,1897.0,991.0,991.0,991.0,963.0,963.0,963.0
1.0,5694.0,2922.0,2889.0,2973.0,2922.0,974.0,974.0,974.0,963.0,963.0,963.0,974.0,974.0,974.0,1898.0,1898.0,1898.0,974.0,974.0,974.0,963.0,963.0,963.0
1.0,5745.0,2907.0,2889.0,2922.0,2907.0,969.0,969.0,969.0,963.0,963.0,963.0,969.0,969.0,969.0,1915.0,1915.0,1915.0,969.0,969.0,969.0,963.0,963.0,963.0
1.0,5760.0,2847.0,2889.0,2907.0,2847.0,949.0,949.0,949.0,963.0,963.0,963.0,949.0,949.0,949.0,1920.0,1920.0,1920.0,949.0,949.0,949.0,963.0,963.0,963.0
1.0,5820.0,2874.0,2889.0,2847.0,2874.0,958.0,958.0,958.0,963.0,963.0,963.0,958.0,958.0,958.0,1940.0,1940.0,1940.0,958.0,958.0,958.0,963.0,963.0,963.0
1.0,5793.0,2907.0,2889.0,2874.0,2907.0,969.0,969.0,969.0,963.0,963.0,963.0,969.0,969.0,969.0,1931.0,1931.0,1931.0,969.0,969.0,969.0,963.0,963.0,963.0
1.0,5760.0,2946.0,2892.0,2907.0,2955.0,985.0,985.0,985.0,964.0,964.0,964.0,982.0,982.0,982.0,1920.0,1920.0,1920.0,985.0,985.0,985.0,964.0,964.0,964.0
1.0,5721.0,2931.0,2892.0,2955.0,2931.0,977.0,977.0,977.0,964.0,964.0,964.0,977.0,977.0,977.0,1907.0,1907.0,1907.0,977.0,977.0,977.0,964.0,964.0,964.0
1.0,5745.0,2958.0,2895.0,2931.0,2967.0,989.0,989.0,989.0,965.0,965.0,965.0,986.0,986.0,986.0,1915.0,1915.0,1915.0,989.0,989.0,989.0,965.0,965.0,965.0
1.0,5718.0,2832.0,2892.0,2967.0,2823.0,941.0,941.0,941.0,964.0,964.0,964.0,944.0,944.0,944.0,1906.0,1906.0,1906.0,941.0,941.0,941.0,964.0,964.0,964.0
1.0,5853.0,2823.0,2889.0,2823.0,2814.0,938.0,938.0,938.0,963.0,963.0,963.0,941.0,941.0,941.0,1951.0,1951.0,1951.0,938.0,938.0,938.0,963.0,963.0,963.0
1.0,5853.0,2871.0,2889.0,2814.0,2871.0,957.0,957.0,957.0,963.0,963.0,963.0,957.0,957.0,957.0,1951.0,1951.0,1951.0,957.0,957.0,957.0,963.0,963.0,963.0
1.0,5796.0,2877.0,2889.0,2871.0,2877.0,959.0,959.0,959.0,963.0,963.0,963.0,959.0,959.0,959.0,1932.0,1932.0,1932.0,959.0,959.0,959.0,963.0,963.0,963.0
1.0,5790.0,2940.0,2892.0,2877.0,2949.0,983.0,983.0,983.0,964.0,964.0,964.0,980.0,980.0,980.0,1930.0,1930.0,1930.0,983.0,983.0,983.0,964.0,964.0,964.0
1.0,5727.0,3012.0,2895.0,2949.0,3021.0,1007.0,1007.0,1007.0,965.0,965.0,965.0,1004.0,1004.0,1004.0,1909.0,1909.0,1909.0,1007.0,1007.0,1007.0,965.0,965.0,965.0
1.0,5664.0,2925.0,2895.0,3021.0,2925.0,975.0,975.0,975.0,965.0,965.0,965.0,975.0,975.0,975.0,1888.0,1888.0,1888.0,975.0,975.0,975.0,965.0,965.0,965.0
1.0,5760.0,2808.0,2895.0,2925.0,2808.0,936.0,936.0,936.0,965.0,965.0,965.0,936.0,936.0,936.0,1920.0,1920.0,1920.0,936.0,936.0,936.0,965.0,965.0,965.0
1.0,5877.0,2832.0,2892.0,2808.0,2823.0,941.0,941.0,941.0,964.0,964.0,964.0,944.0,944.0,944.0,1959.0,1959.0,1959.0,941.0,941.0,941.0,964.0,964.0,964.0
1.0,5853.0,2886.0,2892.0,2823.0,2886.0,962.0,962.0,962.0,964.0,964.0,964.0,962.0,962.0,962.0,1951.0,1951.0,1951.0,962.0,962.0,962.0,964.0,964.0,964.0
1.0,5790.0,2946.0,2895.0,2886.0,2955.0,985.0,985.0,985.0,965.0,965.0,965.0,982.0,982.0,982.0,1930.0,1930.0,1930.0,985.0,985.0,985.0,965.0,965.0,965.0
1.0,5730.0,2997.0,2898.0,2955.0,3006.0,1002.0,1002.0,1002.0,966.0,966.0,966.0,999.0,999.0,999.0,1910.0,1910.0,1910.0,1002.0,1002.0,1002.0,966.0,966.0,966.0
1.0,5688.0,2985.0,2901.0,3006.0,2994.0,998.0,998.0,998.0,967.0,967.0,967.0,995.0,995.0,995.0,1896.0,1896.0,1896.0,998.0,998.0,998.0,967.0,967.0,967.0
1.0,5709.0,2964.0,2901.0,2994.0,2964.0,988.0,988.0,988.0,967.0,967.0,967.0,988.0,988.0,988.0,1903.0,1903.0,1903.0,988.0,988.0,988.0,967.0,967.0,967.0
1.0,5739.0,2916.0,2901.0,2964.0,2916.0,972.0,972.0,972.0,967.0,967.0,967.0,972.0,972.0,972.0,1913.0,1913.0,1913.0,972.0,972.0,972.0,967.0,967.0,967.0
1.0,5787.0,2862.0,2898.0,2916.0,2853.0,951.0,951.0,951.0,966.0,966.0,966.0,954.0,954.0,954.0,1929.0,1929.0,1929.0,951.0,951.0,951.0,966.0,966.0,966.0
1.0,5841.0,2889.0,2898.0,2853.0,2889.0,963.0,963.0,963.0,966.0,966.0,966.0,963.0,963.0,963.0,1947.0,1947.0,1947.0,963.0,963.0,963.0,966.0,966.0,966.0
1.0,5805.0,2991.0,2901.0,2889.0,3000.0,1000.0,1000.0,1000.0,967.0,967.0,967.0,997.0,997.0,997.0,1935.0,1935.0,1935.0,1000.0,1000.0,1000.0,967.0,967.0,967.0
1.0,5703.0,2946.0,2904.0,3000.0,2955.0,985.0,985.0,985.0,968.0,968.0,968.0,982.0,982.0,982.0,1901.0,1901.0,1901.0,985.0,985.0,985.0,968.0,968.0,968.0
1.0,5757.0,2988.0,2907.0,2955.0,2997.0,999.0,999.0,999.0,969.0,969.0,969.0,996.0,996.0,996.0,1919.0,1919.0,1919.0,999.0,999.0,999.0,969.0,969.0,969.0
1.0,5724.0,2895.0,2907.0,2997.0,2895.0,965.0,965.0,965.0,969.0,969.0,969.0,965.0,965.0,965.0,1908.0,1908.0,1908.0,965.0,965.0,965.0,969.0,969.0,969.0
1.0,5826.0,2889.0,2907.0,2895.0,2889.0,963.0,963.0,963.0,969.0,969.0,969.0,963.0,963.0,963.0,1942.0,1942.0,1942.0,963.0,963.0,963.0,969.0,969.0,969.0
1.0,5832.0,2904.0,2904.0,2889.0,2895.0,965.0,965.0,965.0,968.0,968.0,968.0,968.0,968.0,968.0,1944.0,1944.0,1944.0,965.0,965.0,965.0,968.0,968.0,968.0
1.0,5817.0,2829.0,2901.0,2895.0,2820.0,940.0,940.0,940.0,967.0,967.0,967.0,943.0,943.0,943.0,1939.0,1939.0,1939.0,940.0,940.0,940.0,967.0,967.0,967.0
1.0,5883.0,2949.0,2904.0,2820.0,2958.0,986.0,986.0,986.0,968.0,968.0,968.0,983.0,983.0,983.0,1961.0,1961.0,1961.0,986.0,986.0,986.0,968.0,968.0,968.0
1.0,5754.0,2958.0,2907.0,2958.0,2967.0,989.0,989.0,989.0,969.0,969.0,969.0,986.0,986.0,986.0,1918.0,1918.0,1918.0,989.0,989.0,989.0,969.0,969.0,969.0
1.0,5754.0,2982.0,2910.0,2967.0,2991.0,997.0,997.0,997.0,970.0,970.0,970.0,994.0,994.0,994.0,1918.0,1918.0,1918.0,997.0,997.0,997.0,970.0,970.0,970.0
1.0,5739.0,2982.0,2913.0,2991.0,2991.0,997.0,997.0,997.0,971.0,971.0,971.0,994.0,994.0,994.0,1913.0,1913.0,1913.0,997.0,997.0,997.0,971.0,971.0,971.0
1.0,5748.0,2898.0,2910.0,2991.0,2889.0,963.0,963.0,963.0,970.0,970.0,970.0,966.0,966.0,966.0,1916.0,1916.0,1916.0,963.0,963.0,963.0,970.0,970.0,970.0
1.0,5841.0,2907.0,2910.0,2889.0,2907.0,969.0,969.0,969.0,970.0,970.0,970.0,969.0,969.0,969.0,1947.0,1947.0,1947.0,969.0,969.0,969.0,970.0,970.0,970.0
1.0,5823.0,2862.0,2910.0,2907.0,2862.0,954.0,954.0,954.0,970.0,970.0,970.0,954.0,954.0,954.0,1941.0,1941.0,1941.0,954.0,954.0,954.0,970.0,970.0,970.0
1.0,5868.0,2916.0,2913.0,2862.0,2925.0,975.0,975.0,975.0,971.0,971.0,971.0,972.0,972.0,972.0,1956.0,1956.0,1956.0,975.0,975.0,975.0,971.0,971.0,971.0
1.0,5814.0,2946.0,2913.0,2925.0,2946.0,982.0,982.0,982.0,971.0,971.0,971.0,982.0,982.0,982.0,1938.0,1938.0,1938.0,982.0,982.0,982.0,971.0,971.0,971.0
1.0,5793.0,2991.0,2916.0,2946.0,3000.0,1000.0,1000.0,1000.0,972.0,972.0,972.0,997.0,997.0,997.0,1931.0,1931.0,1931.0,1000.0,1000.0,1000.0,972.0,972.0,972.0
1.0,5748.0,2943.0,2916.0,3000.0,2943.0,981.0,981.0,981.0,972.0,972.0,972.0,981.0,981.0,981.0,1916.0,1916.0,1916.0,981.0,981.0,981.0,972.0,972.0,972.0
1.0,5805.0,2952.0,2916.0,2943.0,2952.0,984.0,984.0,984.0,972.0,972.0,972.0,984.0,984.0,984.0,1935.0,1935.0,1935.0,984.0,984.0,984.0,972.0,972.0,972.0
1.0,5796.0,2823.0,2916.0,2952.0,2823.0,941.0,941.0,941.0,972.0,972.0,972.0,941.0,941.0,941.0,1932.0,1932.0,1932.0,941.0,941.0,941.0,972.0,972.0,972.0
1.0,5925.0,2892.0,2913.0,2823.0,2883.0,961.0,961.0,961.0,971.0,971.0,971.0,964.0,964.0,964.0,1975.0,1975.0,1975.0,961.0,961.0,961.0,971.0,971.0,971.0
1.0,5856.0,2940.0,2913.0,2883.0,2940.0,980.0,980.0,980.0,971.0,971.0,971.0,980.0,980.0,980.0,1952.0,1952.0,1952.0,980.0,980.0,980.0,971.0,971.0,971.0
1.0,5799.0,2988.0,2916.0,2940.0,2997.0,999.0,999.0,999.0,972.0,972.0,972.0,996.0,996.0,996.0,1933.0,1933.0,1933.0,999.0,999.0,999.0,972.0,972.0,972.0
1.0,5751.0,3018.0,2922.0,2997.0,3036.0,1012.0,1012.0,1012.0,974.0,974.0,974.0,1006.0,1006.0,1006.0,1917.0,1917.0,1917.0,1012.0,1012.0,1012.0,974.0,974.0,974.0
1.0,5730.0,2979.0,2922.0,3036.0,2979.0,993.0,993.0,993.0,974.0,974.0,974.0,993.0,993.0,993.0,1910.0,1910.0,1910.0,993.0,993.0,993.0,974.0,974.0,974.0
1.0,5787.0,2898.0,2922.0,2979.0,2898.0,966.0,966.0,966.0,974.0,974.0,974.0,966.0,966.0,966.0,1929.0,1929.0,1929.0,966.0,966.0,966.0,974.0,974.0,974.0
1.0,5868.0,2916.0,2919.0,2898.0,2907.0,969.0,969.0,969.0,973.0,973.0,973.0,972.0,972.0,972.0,1956.0,1956.0,1956.0,969.0,969.0,969.0,973.0,973.0,973.0
1.0,5850.0,2898.0,2919.0,2907.0,2898.0,966.0,966.0,966.0,973.0,973.0,973.0,966.0,966.0,966.0,1950.0,1950.0,1950.0,966.0,966.0,966.0,973.0,973.0,973.0
1.0,5859.0,2925.0,2919.0,2898.0,2925.0,975.0,975.0,975.0,973.0,973.0,973.0,975.0,975.0,975.0,1953.0,1953.0,1953.0,975.0,975.0,975.0,973.0,973.0,973.0
1.0,5832.0,2958.0,2922.0,2925.0,2967.0,989.0,989.0,989.0,974.0,974.0,974.0,986.0,986.0,986.0,1944.0,1944.0,1944.0,989.0,989.0,989.0,974.0,974.0,974.0
1.0,5799.0,3006.0,2925.0,2967.0,3015.0,1005.0,1005.0,1005.0,975.0,975.0,975.0,1002.0,1002.0,1002.0,1933.0,1933.0,1933.0,1005.0,1005.0,1005.0,975.0,975.0,975.0
1.0,5760.0,3012.0,2928.0,3015.0,3021.0,1007.0,1007.0,1007.0,976.0,976.0,976.0,1004.0,1004.0,1004.0,1920.0,1920.0,1920.0,1007.0,1007.0,1007.0,976.0,976.0,976.0
1.0,5763.0,2886.0,2925.0,3021.0,2877.0,959.0,959.0,959.0,975.0,975.0,975.0,962.0,962.0,962.0,1921.0,1921.0,1921.0,959.0,959.0,959.0,975.0,975.0,975.0
1.0,5898.0,2886.0,2925.0,2877.0,2886.0,962.0,962.0,962.0,975.0,975.0,975.0,962.0,962.0,962.0,1966.0,1966.0,1966.0,962.0,962.0,962.0,975.0,975.0,975.0
1.0,5889.0,2895.0,2922.0,2886.0,2886.0,962.0,962.0,962.0,974.0,974.0,974.0,965.0,965.0,965.0,1963.0,1963.0,1963.0,962.0,962.0,962.0,974.0,974.0,974.0
1.0,5880.0,2946.0,2925.0,2886.0,2955.0,985.0,985.0,985.0,975.0,975.0,975.0,982.0,982.0,982.0,1960.0,1960.0,1960.0,985.0,985.0,985.0,975.0,975.0,975.0
1.0,5820.0,2979.0,2928.0,2955.0,2988.0,996.0,996.0,996.0,976.0,976.0,976.0,993.0,993.0,993.0,1940.0,1940.0,1940.0,996.0,996.0,996.0,976.0,976.0,976.0
1.0,5796.0,3006.0,2931.0,2988.0,3015.0,1005.0,1005.0,1005.0,977.0,977.0,977.0,1002.0,1002.0,1002.0,1932.0,1932.0,1932.0,1005.0,1005.0,1005.0,977.0,977.0,977.0
1.0,5778.0,2928.0,2931.0,3015.0,2928.0,976.0,976.0,976.0,977.0,977.0,977.0,976.0,976.0,976.0,1926.0,1926.0,1926.0,976.0,976.0,976.0,977.0,977.0,977.0
1.0,5865.0,2928.0,2931.0,2928.0,2928.0,976.0,976.0,976.0,977.0,977.0,977.0,976.0,976.0,976.0,1955.0,1955.0,1955.0,976.0,976.0,976.0,977.0,977.0,977.0
1.0,5865.0,2868.0,2928.0,2928.0,2859.0,953.0,953.0,953.0,976.0,976.0,976.0,956.0,956.0,956.0,1955.0,1955.0,1955.0,953.0,953.0,953.0,976.0,976.0,976.0
1.0,5925.0,2856.0,2928.0,2859.0,2856.0,952.0,952.0,952.0,976.0,976.0,976.0,952.0,952.0,952.0,1975.0,1975.0,1975.0,952.0,952.0,952.0,976.0,976.0,976.0
1.0,5928.0,2970.0,2931.0,2856.0,2979.0,993.0,993.0,993.0,977.0,977.0,977.0,990.0,990.0,990.0,1976.0,1976.0,1976.0,993.0,993.0,993.0,977.0,977.0,977.0
1.0,5814.0,2988.0,2934.0,2979.0,2997.0,999.0,999.0,999.0,978.0,978.0,978.0,996.0,996.0,996.0,1938.0,1938.0,1938.0,999.0,999.0,999.0,978.0,978.0,978.0
1.0,5805.0,2994.0,2937.0,2997.0,3003.0,1001.0,1001.0,1001.0,979.0,979.0,979.0,998.0,998.0,998.0,1935.0,1935.0,1935.0,1001.0,1001.0,1001.0,979.0,979.0,979.0
1.0,5808.0,2955.0,2937.0,3003.0,2955.0,985.0,985.0,985.0,979.0,979.0,979.0,985.0,985.0,985.0,1936.0,1936.0,1936.0,985.0,985.0,985.0,979.0,979.0,979.0
1.0,5856.0,2925.0,2934.0,2955.0,2916.0,972.0,972.0,972.0,978.0,978.0,978.0,975.0,975.0,975.0,1952.0,1952.0,1952.0,972.0,972.0,972.0,978.0,978.0,978.0
1.0,5886.0,2862.0,2931.0,2916.0,2853.0,951.0,951.0,951.0,977.0,977.0,977.0,954.0,954.0,954.0,1962.0,1962.0,1962.0,951.0,951.0,951.0,977.0,977.0,977.0
1.0,5940.0,2919.0,2931.0,2853.0,2919.0,973.0,973.0,973.0,977.0,977.0,977.0,973.0,973.0,973.0,1980.0,1980.0,1980.0,973.0,973.0,973.0,977.0,977.0,977.0
1.0,5874.0,2946.0,2931.0,2919.0,2946.0,982.0,982.0,982.0,977.0,977.0,977.0,982.0,982.0,982.0,1958.0,1958.0,1958.0,982.0,982.0,982.0,977.0,977.0,977.0
1.0,5847.0,3024.0,2934.0,2946.0,3033.0,1011.0,1011.0,1011.0,978.0,978.0,978.0,1008.0,1008.0,1008.0,1949.0,1949.0,1949.0,1011.0,1011.0,1011.0,978.0,978.0,978.0
1.0,5769.0,3012.0,2937.0,3033.0,3021.0,1007.0,1007.0,1007.0,979.0,979.0,979.0,1004.0,1004.0,1004.0,1923.0,1923.0,1923.0,1007.0,1007.0,1007.0,979.0,979.0,979.0
1.0,5790.0,3021.0,2937.0,3021.0,3021.0,1007.0,1007.0,1007.0,979.0,979.0,979.0,1007.0,1007.0,1007.0,1930.0,1930.0,1930.0,1007.0,1007.0,1007.0,979.0,979.0,979.0
1.0,5790.0,2934.0,2937.0,3021.0,2934.0,978.0,978.0,978.0,979.0,979.0,979.0,978.0,978.0,978.0,1930.0,1930.0,1930.0,978.0,978.0,978.0,979.0,979.0,979.0
1.0,5877.0,2901.0,2937.0,2934.0,2901.0,967.0,967.0,967.0,979.0,979.0,979.0,967.0,967.0,967.0,1959.0,1959.0,1959.0,967.0,967.0,967.0,979.0,979.0,979.0
1.0,5910.0,2922.0,2937.0,2901.0,2922.0,974.0,974.0,974.0,979.0,979.0,979.0,974.0,974.0,974.0,1970.0,1970.0,1970.0,974.0,974.0,974.0,979.0,979.0,979.0
1.0,5889.0,2940.0,2937.0,2922.0,2940.0,980.0,980.0,980.0,979.0,979.0,979.0,980.0,980.0,980.0,1963.0,1963.0,1963.0,980.0,980.0,980.0,979.0,979.0,979.0
1.0,5871.0,2997.0,2940.0,2940.0,3006.0,1002.0,1002.0,1002.0,980.0,980.0,980.0,999.0,999.0,999.0,1957.0,1957.0,1957.0,1002.0,1002.0,1002.0,980.0,980.0,980.0
1.0,5814.0,3027.0,2943.0,3006.0,3036.0,1012.0,1012.0,1012.0,981.0,981.0,981.0,1009.0,1009.0,1009.0,1938.0,1938.0,1938.0,1012.0,1012.0,1012.0,981.0,981.0,981.0
1.0,5793.0,2955.0,2943.0,3036.0,2955.0,985.0,985.0,985.0,981.0,981.0,981.0,985.0,985.0,985.0,1931.0,1931.0,1931.0,985.0,985.0,985.0,981.0,981.0,981.0
1.0,5874.0,2916.0,2943.0,2955.0,2916.0,972.0,972.0,972.0,981.0,981.0,981.0,972.0,972.0,972.0,1958.0,1958.0,1958.0,972.0,972.0,972.0,981.0,981.0,981.0
1.0,5913.0,2904.0,2940.0,2916.0,2895.0,965.0,965.0,965.0,980.0,980.0,980.0,968.0,968.0,968.0,1971.0,1971.0,1971.0,965.0,965.0,965.0,980.0,980.0,980.0
1.0,5925.0,2850.0,2940.0,2895.0,2850.0,950.0,950.0,950.0,980.0,980.0,980.0,950.0,950.0,950.0,1975.0,1975.0,1975.0,950.0,950.0,950.0,980.0,980.0,980.0
1.0,5970.0,2946.0,2940.0,2850.0,2946.0,982.0,982.0,982.0,980.0,980.0,980.0,982.0,982.0,982.0,1990.0,1990.0,1990.0,982.0,982.0,982.0,980.0,980.0,980.0
1.0,5874.0,2988.0,2940.0,2946.0,2988.0,996.0,996.0,996.0,980.0,980.0,980.0,996.0,996.0,996.0,1958.0,1958.0,1958.0,996.0,996.0,996.0,980.0,980.0,980.0
1.0,5832.0,3012.0,2943.0,2988.0,3021.0,1007.0,1007.0,1007.0,981.0,981.0,981.0,1004.0,1004.0,1004.0,1944.0,1944.0,1944.0,1007.0,1007.0,1007.0,981.0,981.0,981.0
1.0,5808.0,2958.0,2946.0,3021.0,2967.0,989.0,989.0,989.0,982.0,982.0,982.0,986.0,986.0,986.0,1936.0,1936.0,1936.0,989.0,989.0,989.0,982.0,982.0,982.0
1.0,5871.0,2955.0,2946.0,2967.0,2955.0,985.0,985.0,985.0,982.0,982.0,982.0,985.0,985.0,985.0,1957.0,1957.0,1957.0,985.0,985.0,985.0,982.0,982.0,982.0
1.0,5883.0,2886.0,2943.0,2955.0,2877.0,959.0,959.0,959.0,981.0,981.0,981.0,962.0,962.0,962.0,1961.0,1961.0,1961.0,959.0,959.0,959.0,981.0,981.0,981.0
1.0,5952.0,2919.0,2943.0,2877.0,2919.0,973.0,973.0,973.0,981.0,981.0,981.0,973.0,973.0,973.0,1984.0,1984.0,1984.0,973.0,973.0,973.0,981.0,981.0,981.0
1.0,5910.0,2937.0,2943.0,2919.0,2937.0,979.0,979.0,979.0,981.0,981.0,981.0,979.0,979.0,979.0,1970.0,1970.0,1970.0,979.0,979.0,979.0,981.0,981.0,981.0
1.0,5892.0,2985.0,2946.0,2937.0,2994.0,998.0,998.0,998.0,982.0,982.0,982.0,995.0,995.0,995.0,1964.0,1964.0,1964.0,998.0,998.0,998.0,982.0,982.0,982.0
1.0,5844.0,3045.0,2949.0,2994.0,3054.0,1018.0,1018.0,1018.0,983.0,983.0,983.0,1015.0,1015.0,1015.0,1948.0,1948.0,1948.0,1018.0,1018.0,1018.0,983.0,983.0,983.0
1.0,5793.0,2973.0,2949.0,3054.0,2973.0,991.0,991.0,991.0,983.0,983.0,983.0,991.0,991.0,991.0,1931.0,1931.0,1931.0,991.0,991.0,991.0,983.0,983.0,983.0
1.0,5874.0,2898.0,2946.0,2973.0,2889.0,963.0,963.0,963.0,982.0,982.0,982.0,966.0,966.0,966.0,1958.0,1958.0,1958.0,963.0,963.0,963.0,982.0,982.0,982.0
1.0,5949.0,2889.0,2946.0,2889.0,2889.0,963.0,963.0,963.0,982.0,982.0,982.0,963.0,963.0,963.0,1983.0,1983.0,1983.0,963.0,963.0,963.0,982.0,982.0,982.0
1.0,5949.0,2880.0,2943.0,2889.0,2871.0,957.0,957.0,957.0,981.0,981.0,981.0,960.0,960.0,960.0,1983.0,1983.0,1983.0,957.0,957.0,957.0,981.0,981.0,981.0
1.0,5958.0,2919.0,2943.0,2871.0,2919.0,973.0,973.0,973.0,981.0,981.0,981.0,973.0,973.0,973.0,1986.0,1986.0,1986.0,973.0,973.0,973.0,981.0,981.0,981.0
1.0,5910.0,3015.0,2946.0,2919.0,3024.0,1008.0,1008.0,1008.0,982.0,982.0,982.0,1005.0,1005.0,1005.0,1970.0,1970.0,1970.0,1008.0,1008.0,1008.0,982.0,982.0,982.0
1.0,5814.0,3012.0,2946.0,3024.0,3012.0,1004.0,1004.0,1004.0,982.0,982.0,982.0,1004.0,1004.0,1004.0,1938.0,1938.0,1938.0,1004.0,1004.0,1004.0,982.0,982.0,982.0
1.0,5826.0,3012.0,2949.0,3012.0,3021.0,1007.0,1007.0,1007.0,983.0,983.0,983.0,1004.0,1004.0,1004.0,1942.0,1942.0,1942.0,1007.0,1007.0,1007.0,983.0,983.0,983.0
1.0,5826.0,2961.0,2949.0,3021.0,2961.0,987.0,987.0,987.0,983.0,983.0,983.0,987.0,987.0,987.0,1942.0,1942.0,1942.0,987.0,987.0,987.0,983.0,983.0,983.0
1.0,5886.0,2910.0,2946.0,2961.0,2901.0,967.0,967.0,967.0,982.0,982.0,982.0,970.0,970.0,970.0,1962.0,1962.0,1962.0,967.0,967.0,967.0,982.0,982.0,982.0
1.0,5937.0,2907.0,2946.0,2901.0,2907.0,969.0,969.0,969.0,982.0,982.0,982.0,969.0,969.0,969.0,1979.0,1979.0,1979.0,969.0,969.0,969.0,982.0,982.0,982.0
1.0,5931.0,3021.0,2949.0,2907.0,3030.0,1010.0,1010.0,1010.0,983.0,983.0,983.0,1007.0,1007.0,1007.0,1977.0,1977.0,1977.0,1010.0,1010.0,1010.0,983.0,983.0,983.0
1.0,5817.0,3021.0,2949.0,3030.0,3021.0,1007.0,1007.0,1007.0,983.0,983.0,983.0,1007.0,1007.0,1007.0,1939.0,1939.0,1939.0,1007.0,1007.0,1007.0,983.0,983.0,983.0
1.0,5826.0,3042.0,2952.0,3021.0,3051.0,1017.0,1017.0,1017.0,984.0,984.0,984.0,1014.0,1014.0,1014.0,1942.0,1942.0,1942.0,1017.0,1017.0,1017.0,984.0,984.0,984.0
1.0,5805.0,3003.0,2955.0,3051.0,3012.0,1004.0,1004.0,1004.0,985.0,985.0,985.0,1001.0,1001.0,1001.0,1935.0,1935.0,1935.0,1004.0,1004.0,1004.0,985.0,985.0,985.0
1.0,5853.0,2979.0,2955.0,3012.0,2979.0,993.0,993.0,993.0,985.0,985.0,985.0,993.0,993.0,993.0,1951.0,1951.0,1951.0,993.0,993.0,993.0,985.0,985.0,985.0
1.0,5886.0,2859.0,2952.0,2979.0,2850.0,950.0,950.0,950.0,984.0,984.0,984.0,953.0,953.0,953.0,1962.0,1962.0,1962.0,950.0,950.0,950.0,984.0,984.0,984.0
1.0,6006.0,2880.0,2952.0,2850.0,2880.0,960.0,960.0,960.0,984.0,984.0,984.0,960.0,960.0,960.0,2002.0,2002.0,2002.0,960.0,960.0,960.0,984.0,984.0,984.0
1.0,5976.0,2952.0,2952.0,2880.0,2952.0,984.0,984.0,984.0,984.0,984.0,984.0,984.0,984.0,984.0,1992.0,1992.0,1992.0,984.0,984.0,984.0,984.0,984.0,984.0
1.0,5904.0,2943.0,2952.0,2952.0,2943.0,981.0,981.0,981.0,984.0,984.0,984.0,981.0,981.0,981.0,1968.0,1968.0,1968.0,981.0,981.0,981.0,984.0,984.0,984.0
1.0,5913.0,3048.0,2955.0,2943.0,3057.0,1019.0,1019.0,1019.0,985.0,985.0,985.0,1016.0,1016.0,1016.0,1971.0,1971.0,1971.0,1019.0,1019.0,1019.0,985.0,985.0,985.0
1.0,5808.0,2994.0,2958.0,3057.0,3003.0,1001.0,1001.0,1001.0,986.0,986.0,986.0,998.0,998.0,998.0,1936.0,1936.0,1936.0,1001.0,1001.0,1001.0,986.0,986.0,986.0
1.0,5871.0,2913.0,2955.0,3003.0,2904.0,968.0,968.0,968.0,985.0,985.0,985.0,971.0,971.0,971.0,1957.0,1957.0,1957.0,968.0,968.0,968.0,985.0,985.0,985.0
1.0,5961.0,2949.0,2955.0,2904.0,2949.0,983.0,983.0,983.0,985.0,985.0,985.0,983.0,983.0,983.0,1987.0,1987.0,1987.0,983.0,983.0,983.0,985.0,985.0,985.0
1.0,5916.0,2940.0,2955.0,2949.0,2940.0,980.0,980.0,980.0,985.0,985.0,985.0,980.0,980.0,980.0,1972.0,1972.0,1972.0,980.0,980.0,980.0,985.0,985.0,985.0
1.0,5925.0,2985.0,2955.0,2940.0,2985.0,995.0,995.0,995.0,985.0,985.0,985.0,995.0,995.0,995.0,1975.0,1975.0,1975.0,995.0,995.0,995.0,985.0,985.0,985.0
1.0,5880.0,3003.0,2958.0,2985.0,3012.0,1004.0,1004.0,1004.0,986.0,986.0,986.0,1001.0,1001.0,1001.0,1960.0,1960.0,1960.0,1004.0,1004.0,1004.0,986.0,986.0,986.0
1.0,5862.0,2991.0,2958.0,3012.0,2991.0,997.0,997.0,997.0,986.0,986.0,986.0,997.0,997.0,997.0,1954.0,1954.0,1954.0,997.0,997.0,997.0,986.0,986.0,986.0
1.0,5883.0,3024.0,2961.0,2991.0,3033.0,1011.0,1011.0,1011.0,987.0,987.0,987.0,1008.0,1008.0,1008.0,1961.0,1961.0,1961.0,1011.0,1011.0,1011.0,987.0,987.0,987.0
1.0,5850.0,2898.0,2958.0,3033.0,2889.0,963.0,963.0,963.0,986.0,986.0,986.0,966.0,966.0,966.0,1950.0,1950.0,1950.0,963.0,963.0,963.0,986.0,986.0,986.0
1.0,5985.0,2934.0,2958.0,2889.0,2934.0,978.0,978.0,978.0,986.0,986.0,986.0,978.0,978.0,978.0,1995.0,1995.0,1995.0,978.0,978.0,978.0,986.0,986.0,986.0
1.0,5940.0,2976.0,2955.0,2934.0,2967.0,989.0,989.0,989.0,985.0,985.0,985.0,992.0,992.0,992.0,1980.0,1980.0,1980.0,989.0,989.0,989.0,985.0,985.0,985.0
1.0,5898.0,3006.0,2958.0,2967.0,3015.0,1005.0,1005.0,1005.0,986.0,986.0,986.0,1002.0,1002.0,1002.0,1966.0,1966.0,1966.0,1005.0,1005.0,1005.0,986.0,986.0,986.0
1.0,5859.0,3012.0,2958.0,3015.0,3012.0,1004.0,1004.0,1004.0,986.0,986.0,986.0,1004.0,1004.0,1004.0,1953.0,1953.0,1953.0,1004.0,1004.0,1004.0,986.0,986.0,986.0
1.0,5862.0,3030.0,2961.0,3012.0,3039.0,1013.0,1013.0,1013.0,987.0,987.0,987.0,1010.0,1010.0,1010.0,1954.0,1954.0,1954.0,1013.0,1013.0,1013.0,987.0,987.0,987.0
1.0,5844.0,3045.0,2964.0,3039.0,3054.0,1018.0,1018.0,1018.0,988.0,988.0,988.0,1015.0,1015.0,1015.0,1948.0,1948.0,1948.0,1018.0,1018.0,1018.0,988.0,988.0,988.0
1.0,5838.0,2937.0,2961.0,3054.0,2928.0,976.0,976.0,976.0,987.0,987.0,987.0,979.0,979.0,979.0,1946.0,1946.0,1946.0,976.0,976.0,976.0,987.0,987.0,987.0
1.0,5955.0,2889.0,2961.0,2928.0,2889.0,963.0,963.0,963.0,987.0,987.0,987.0,963.0,963.0,963.0,1985.0,1985.0,1985.0,963.0,963.0,963.0,987.0,987.0,987.0
1.0,5994.0,2976.0,2961.0,2889.0,2976.0,992.0,992.0,992.0,987.0,987.0,987.0,992.0,992.0,992.0,1998.0,1998.0,1998.0,992.0,992.0,992.0,987.0,987.0,987.0
1.0,5907.0,3000.0,2961.0,2976.0,3000.0,1000.0,1000.0,1000.0,987.0,987.0,987.0,1000.0,1000.0,1000.0,1969.0,1969.0,1969.0,1000.0,1000.0,1000.0,987.0,987.0,987.0
1.0,5883.0,3012.0,2964.0,3000.0,3021.0,1007.0,1007.0,1007.0,988.0,988.0,988.0,1004.0,1004.0,1004.0,1961.0,1961.0,1961.0,1007.0,1007.0,1007.0,988.0,988.0,988.0
1.0,5871.0,3036.0,2967.0,3021.0,3045.0,1015.0,1015.0,1015.0,989.0,989.0,989.0,1012.0,1012.0,1012.0,1957.0,1957.0,1957.0,1015.0,1015.0,1015.0,989.0,989.0,989.0
1.0,5856.0,3006.0,2970.0,3045.0,3015.0,1005.0,1005.0,1005.0,990.0,990.0,990.0,1002.0,1002.0,1002.0,1952.0,1952.0,1952.0,1005.0,1005.0,1005.0,990.0,990.0,990.0
1.0,5895.0,2979.0,2967.0,3015.0,2970.0,990.0,990.0,990.0,989.0,989.0,989.0,993.0,993.0,993.0,1965.0,1965.0,1965.0,990.0,990.0,990.0,989.0,989.0,989.0
1.0,5931.0,2913.0,2967.0,2970.0,2913.0,971.0,971.0,971.0,989.0,989.0,989.0,971.0,971.0,971.0,1977.0,1977.0,1977.0,971.0,971.0,971.0,989.0,989.0,989.0
1.0,5988.0,2949.0,2967.0,2913.0,2949.0,983.0,983.0,983.0,989.0,989.0,989.0,983.0,983.0,983.0,1996.0,1996.0,1996.0,983.0,983.0,983.0,989.0,989.0,989.0
1.0,5952.0,2967.0,2967.0,2949.0,2967.0,989.0,989.0,989.0,989.0,989.0,989.0,989.0,989.0,989.0,1984.0,1984.0,1984.0,989.0,989.0,989.0,989.0,989.0,989.0
1.0,5934.0,2997.0,2970.0,2967.0,3006.0,1002.0,1002.0,1002.0,990.0,990.0,990.0,999.0,999.0,999.0,1978.0,1978.0,1978.0,1002.0,1002.0,1002.0,990.0,990.0,990.0
1.0,5904.0,3078.0,2973.0,3006.0,3087.0,1029.0,1029.0,1029.0,991.0,991.0,991.0,1026.0,1026.0,1026.0,1968.0,1968.0,1968.0,1029.0,1029.0,1029.0,991.0,991.0,991.0
1.0,5832.0,3033.0,2973.0,3087.0,3033.0,1011.0,1011.0,1011.0,991.0,991.0,991.0,1011.0,1011.0,1011.0,1944.0,1944.0,1944.0,1011.0,1011.0,1011.0,991.0,991.0,991.0
1.0,5886.0,2967.0,2973.0,3033.0,2967.0,989.0,989.0,989.0,991.0,991.0,991.0,989.0,989.0,989.0,1962.0,1962.0,1962.0,989.0,989.0,989.0,991.0,991.0,991.0
1.0,5952.0,2961.0,2973.0,2967.0,2961.0,987.0,987.0,987.0,991.0,991.0,991.0,987.0,987.0,987.0,1984.0,1984.0,1984.0,987.0,987.0,987.0,991.0,991.0,991.0
1.0,5958.0,2976.0,2973.0,2961.0,2976.0,992.0,992.0,992.0,991.0,991.0,991.0,992.0,992.0,992.0,1986.0,1986.0,1986.0,992.0,992.0,992.0,991.0,991.0,991.0
1.0,5943.0,2964.0,2973.0,2976.0,2964.0,988.0,988.0,988.0,991.0,991.0,991.0,988.0,988.0,988.0,1981.0,1981.0,1981.0,988.0,988.0,988.0,991.0,991.0,991.0
1.0,5955.0,3045.0,2976.0,2964.0,3054.0,1018.0,1018.0,1018.0,992.0,992.0,992.0,1015.0,1015.0,1015.0,1985.0,1985.0,1985.0,1018.0,1018.0,1018.0,992.0,992.0,992.0
1.0,5874.0,3024.0,2979.0,3054.0,3033.0,1011.0,1011.0,1011.0,993.0,993.0,993.0,1008.0,1008.0,1008.0,1958.0,1958.0,1958.0,1011.0,1011.0,1011.0,993.0,993.0,993.0
1.0,5904.0,3039.0,2982.0,3033.0,3048.0,1016.0,1016.0,1016.0,994.0,994.0,994.0,1013.0,1013.0,1013.0,1968.0,1968.0,1968.0,1016.0,1016.0,1016.0,994.0,994.0,994.0
1.0,5898.0,2940.0,2979.0,3048.0,2931.0,977.0,977.0,977.0,993.0,993.0,993.0,980.0,980.0,980.0,1966.0,1966.0,1966.0,977.0,977.0,977.0,993.0,993.0,993.0
1.0,6006.0,2946.0,2979.0,2931.0,2946.0,982.0,982.0,982.0,993.0,993.0,993.0,982.0,982.0,982.0,2002.0,2002.0,2002.0,982.0,982.0,982.0,993.0,993.0,993.0
1.0,5991.0,2901.0,2976.0,2946.0,2892.0,964.0,964.0,964.0,992.0,992.0,992.0,967.0,967.0,967.0,1997.0,1997.0,1997.0,964.0,964.0,964.0,992.0,992.0,992.0
1.0,6036.0,2985.0,2976.0,2892.0,2985.0,995.0,995.0,995.0,992.0,992.0,992.0,995.0,995.0,995.0,2012.0,2012.0,2012.0,995.0,995.0,995.0,992.0,992.0,992.0
1.0,5943.0,3039.0,2979.0,2985.0,3048.0,1016.0,1016.0,1016.0,993.0,993.0,993.0,1013.0,1013.0,1013.0,1981.0,1981.0,1981.0,1016.0,1016.0,1016.0,993.0,993.0,993.0
1.0,5889.0,3036.0,2982.0,3048.0,3045.0,1015.0,1015.0,1015.0,994.0,994.0,994.0,1012.0,1012.0,1012.0,1963.0,1963.0,1963.0,1015.0,1015.0,1015.0,994.0,994.0,994.0
1.0,5901.0,3042.0,2982.0,3045.0,3042.0,1014.0,1014.0,1014.0,994.0,994.0,994.0,1014.0,1014.0,1014.0,1967.0,1967.0,1967.0,1014.0,1014.0,1014.0,994.0,994.0,994.0
1.0,5904.0,3012.0,2982.0,3042.0,3012.0,1004.0,1004.0,1004.0,994.0,994.0,994.0,1004.0,1004.0,1004.0,1968.0,1968.0,1968.0,1004.0,1004.0,1004.0,994.0,994.0,994.0
1.0,5934.0,2964.0,2979.0,3012.0,2955.0,985.0,985.0,985.0,993.0,993.0,993.0,988.0,988.0,988.0,1978.0,1978.0,1978.0,985.0,985.0,985.0,993.0,993.0,993.0
1.0,5982.0,2973.0,2979.0,2955.0,2973.0,991.0,991.0,991.0,993.0,993.0,993.0,991.0,991.0,991.0,1994.0,1994.0,1994.0,991.0,991.0,991.0,993.0,993.0,993.0
1.0,5964.0,3057.0,2982.0,2973.0,3066.0,1022.0,1022.0,1022.0,994.0,994.0,994.0,1019.0,1019.0,1019.0,1988.0,1988.0,1988.0,1022.0,1022.0,1022.0,994.0,994.0,994.0
1.0,5880.0,3039.0,2985.0,3066.0,3048.0,1016.0,1016.0,1016.0,995.0,995.0,995.0,1013.0,1013.0,1013.0,1960.0,1960.0,1960.0,1016.0,1016.0,1016.0,995.0,995.0,995.0
1.0,5907.0,3021.0,2988.0,3048.0,3030.0,1010.0,1010.0,1010.0,996.0,996.0,996.0,1007.0,1007.0,1007.0,1969.0,1969.0,1969.0,1010.0,1010.0,1010.0,996.0,996.0,996.0
1.0,5934.0,3027.0,2988.0,3030.0,3027.0,1009.0,1009.0,1009.0,996.0,996.0,996.0,1009.0,1009.0,1009.0,1978.0,1978.0,1978.0,1009.0,1009.0,1009.0,996.0,996.0,996.0
1.0,5937.0,2970.0,2988.0,3027.0,2970.0,990.0,990.0,990.0,996.0,996.0,996.0,990.0,990.0,990.0,1979.0,1979.0,1979.0,990.0,990.0,990.0,996.0,996.0,996.0
1.0,5994.0,2955.0,2988.0,2970.0,2955.0,985.0,985.0,985.0,996.0,996.0,996.0,985.0,985.0,985.0,1998.0,1998.0,1998.0,985.0,985.0,985.0,996.0,996.0,996.0
1.0,6009.0,2934.0,2985.0,2955.0,2925.0,975.0,975.0,975.0,995.0,995.0,995.0,978.0,978.0,978.0,2003.0,2003.0,2003.0,975.0,975.0,975.0,995.0,995.0,995.0
1.0,6030.0,2973.0,2988.0,2925.0,2982.0,994.0,994.0,994.0,996.0,996.0,996.0,991.0,991.0,991.0,2010.0,2010.0,2010.0,994.0,994.0,994.0,996.0,996.0,996.0
1.0,5982.0,3018.0,2988.0,2982.0,3018.0,1006.0,1006.0,1006.0,996.0,996.0,996.0,1006.0,1006.0,1006.0,1994.0,1994.0,1994.0,1006.0,1006.0,1006.0,996.0,996.0,996.0
1.0,5946.0,3075.0,2991.0,3018.0,3084.0,1028.0,1028.0,1028.0,997.0,997.0,997.0,1025.0,1025.0,1025.0,1982.0,1982.0,1982.0,1028.0,1028.0,1028.0,997.0,997.0,997.0
1.0,5889.0,3003.0,2991.0,3084.0,3003.0,1001.0,1001.0,1001.0,997.0,997.0,997.0,1001.0,1001.0,1001.0,1963.0,1963.0,1963.0,1001.0,1001.0,1001.0,997.0,997.0,997.0
1.0,5970.0,2919.0,2991.0,3003.0,2919.0,973.0,973.0,973.0,997.0,997.0,997.0,973.0,973.0,973.0,1990.0,1990.0,1990.0,973.0,973.0,973.0,997.0,997.0,997.0
1.0,6054.0,2958.0,2991.0,2919.0,2958.0,986.0,986.0,986.0,997.0,997.0,997.0,986.0,986.0,986.0,2018.0,2018.0,2018.0,986.0,986.0,986.0,997.0,997.0,997.0
1.0,6015.0,2997.0,2988.0,2958.0,2988.0,996.0,996.0,996.0,996.0,996.0,996.0,999.0,999.0,999.0,2005.0,2005.0,2005.0,996.0,996.0,996.0,996.0,996.0,996.0
1.0,5976.0,2997.0,2991.0,2988.0,3006.0,1002.0,1002.0,1002.0,997.0,997.0,997.0,999.0,999.0,999.0,1992.0,1992.0,1992.0,1002.0,1002.0,1002.0,997.0,997.0,997.0
1.0,5967.0,3027.0,2994.0,3006.0,3036.0,1012.0,1012.0,1012.0,998.0,998.0,998.0,1009.0,1009.0,1009.0,1989.0,1989.0,1989.0,1012.0,1012.0,1012.0,998.0,998.0,998.0
1.0,5946.0,3063.0,2994.0,3036.0,3063.0,1021.0,1021.0,1021.0,998.0,998.0,998.0,1021.0,1021.0,1021.0,1982.0,1982.0,1982.0,1021.0,1021.0,1021.0,998.0,998.0,998.0
1.0,5919.0,3045.0,2994.0,3063.0,3045.0,1015.0,1015.0,1015.0,998.0,998.0,998.0,1015.0,1015.0,1015.0,1973.0,1973.0,1973.0,1015.0,1015.0,1015.0,998.0,998.0,998.0
1.0,5937.0,2976.0,2994.0,3045.0,2976.0,992.0,992.0,992.0,998.0,998.0,998.0,992.0,992.0,992.0,1979.0,1979.0,1979.0,992.0,992.0,992.0,998.0,998.0,998.0
1.0,6006.0,2964.0,2994.0,2976.0,2964.0,988.0,988.0,988.0,998.0,998.0,998.0,988.0,988.0,988.0,2002.0,2002.0,2002.0,988.0,988.0,988.0,998.0,998.0,998.0
1.0,6018.0,2934.0,2991.0,2964.0,2925.0,975.0,975.0,975.0,997.0,997.0,997.0,978.0,978.0,978.0,2006.0,2006.0,2006.0,975.0,975.0,975.0,997.0,997.0,997.0
1.0,6048.0,3015.0,2994.0,2925.0,3024.0,1008.0,1008.0,1008.0,998.0,998.0,998.0,1005.0,1005.0,1005.0,2016.0,2016.0,2016.0,1008.0,1008.0,1008.0,998.0,998.0,998.0
1.0,5958.0,3063.0,2997.0,3024.0,3072.0,1024.0,1024.0,1024.0,999.0,999.0,999.0,1021.0,1021.0,1021.0,1986.0,1986.0,1986.0,1024.0,1024.0,1024.0,999.0,999.0,999.0
1.0,5919.0,3108.0,3000.0,3072.0,3117.0,1039.0,1039.0,1039.0,1000.0,1000.0,1000.0,1036.0,1036.0,1036.0,1973.0,1973.0,1973.0,1039.0,1039.0,1039.0,1000.0,1000.0,1000.0
1.0,5883.0,3063.0,3000.0,3117.0,3063.0,1021.0,1021.0,1021.0,1000.0,1000.0,1000.0,1021.0,1021.0,1021.0,1961.0,1961.0,1961.0,1021.0,1021.0,1021.0,1000.0,1000.0,1000.0
1.0,5937.0,2961.0,3000.0,3063.0,2961.0,987.0,987.0,987.0,1000.0,1000.0,1000.0,987.0,987.0,987.0,1979.0,1979.0,1979.0,987.0,987.0,987.0,1000.0,1000.0,1000.0
1.0,6039.0,3006.0,2997.0,2961.0,2997.0,999.0,999.0,999.0,999.0,999.0,999.0,1002.0,1002.0,1002.0,2013.0,2013.0,2013.0,999.0,999.0,999.0,999.0,999.0,999.0
1.0,5994.0,2940.0,2997.0,2997.0,2940.0,980.0,980.0,980.0,999.0,999.0,999.0,980.0,980.0,980.0,1998.0,1998.0,1998.0,980.0,980.0,980.0,999.0,999.0,999.0
1.0,6051.0,3054.0,2997.0,2940.0,3054.0,1018.0,1018.0,1018.0,999.0,999.0,999.0,1018.0,1018.0,1018.0,2017.0,2017.0,2017.0,1018.0,1018.0,1018.0,999.0,999.0,999.0
1.0,5937.0,3045.0,3000.0,3054.0,3054.0,1018.0,1018.0,1018.0,1000.0,1000.0,1000.0,1015.0,1015.0,1015.0,1979.0,1979.0,1979.0,1018.0,1018.0,1018.0,1000.0,1000.0,1000.0
1.0,5946.0,3093.0,3003.0,3054.0,3102.0,1034.0,1034.0,1034.0,1001.0,1001.0,1001.0,1031.0,1031.0,1031.0,1982.0,1982.0,1982.0,1034.0,1034.0,1034.0,1001.0,1001.0,1001.0
1.0,5907.0,2988.0,3003.0,3102.0,2988.0,996.0,996.0,996.0,1001.0,1001.0,1001.0,996.0,996.0,996.0,1969.0,1969.0,1969.0,996.0,996.0,996.0,1001.0,1001.0,1001.0
1.0,6021.0,2964.0,3003.0,2988.0,2964.0,988.0,988.0,988.0,1001.0,1001.0,1001.0,988.0,988.0,988.0,2007.0,2007.0,2007.0,988.0,988.0,988.0,1001.0,1001.0,1001.0
1.0,6045.0,3018.0,3003.0,2964.0,3018.0,1006.0,1006.0,1006.0,1001.0,1001.0,1001.0,1006.0,1006.0,1006.0,2015.0,2015.0,2015.0,1006.0,1006.0,1006.0,1001.0,1001.0,1001.0
1.0,5991.0,2979.0,3000.0,3018.0,2970.0,990.0,990.0,990.0,1000.0,1000.0,1000.0,993.0,993.0,993.0,1997.0,1997.0,1997.0,990.0,990.0,990.0,1000.0,1000.0,1000.0
1.0,6030.0,3018.0,3003.0,2970.0,3027.0,1009.0,1009.0,1009.0,1001.0,1001.0,1001.0,1006.0,1006.0,1006.0,2010.0,2010.0,2010.0,1009.0,1009.0,1009.0,1001.0,1001.0,1001.0
1.0,5982.0,3075.0,3003.0,3027.0,3075.0,1025.0,1025.0,1025.0,1001.0,1001.0,1001.0,1025.0,1025.0,1025.0,1994.0,1994.0,1994.0,1025.0,1025.0,1025.0,1001.0,1001.0,1001.0
1.0,5934.0,3036.0,3006.0,3075.0,3045.0,1015.0,1015.0,1015.0,1002.0,1002.0,1002.0,1012.0,1012.0,1012.0,1978.0,1978.0,1978.0,1015.0,1015.0,1015.0,1002.0,1002.0,1002.0
1.0,5973.0,3042.0,3006.0,3045.0,3042.0,1014.0,1014.0,1014.0,1002.0,1002.0,1002.0,1014.0,1014.0,1014.0,1991.0,1991.0,1991.0,1014.0,1014.0,1014.0,1002.0,1002.0,1002.0
1.0,5976.0,3042.0,3006.0,3042.0,3042.0,1014.0,1014.0,1014.0,1002.0,1002.0,1002.0,1014.0,1014.0,1014.0,1992.0,1992.0,1992.0,1014.0,1014.0,1014.0,1002.0,1002.0,1002.0
1.0,5976.0,2967.0,3006.0,3042.0,2967.0,989.0,989.0,989.0,1002.0,1002.0,1002.0,989.0,989.0,989.0,1992.0,1992.0,1992.0,989.0,989.0,989.0,1002.0,1002.0,1002.0
1.0,6051.0,2991.0,3006.0,2967.0,2991.0,997.0,997.0,997.0,1002.0,1002.0,1002.0,997.0,997.0,997.0,2017.0,2017.0,2017.0,997.0,997.0,997.0,1002.0,1002.0,1002.0
1.0,6027.0,3009.0,3006.0,2991.0,3009.0,1003.0,1003.0,1003.0,1002.0,1002.0,1002.0,1003.0,1003.0,1003.0,2009.0,2009.0,2009.0,1003.0,1003.0,1003.0,1002.0,1002.0,1002.0
1.0,6009.0,3069.0,3009.0,3009.0,3078.0,1026.0,1026.0,1026.0,1003.0,1003.0,1003.0,1023.0,1023.0,1023.0,2003.0,2003.0,2003.0,1026.0,1026.0,1026.0,1003.0,1003.0,1003.0
1.0,5949.0,3054.0,3012.0,3078.0,3063.0,1021.0,1021.0,1021.0,1004.0,1004.0,1004.0,1018.0,1018.0,1018.0,1983.0,1983.0,1983.0,1021.0,1021.0,1021.0,1004.0,1004.0,1004.0
1.0,5973.0,3096.0,3015.0,3063.0,3105.0,1035.0,1035.0,1035.0,1005.0,1005.0,1005.0,1032.0,1032.0,1032.0,1991.0,1991.0,1991.0,1035.0,1035.0,1035.0,1005.0,1005.0,1005.0
1.0,5940.0,2991.0,3012.0,3105.0,2982.0,994.0,994.0,994.0,1004.0,1004.0,1004.0,997.0,997.0,997.0,1980.0,1980.0,1980.0,994.0,994.0,994.0,1004.0,1004.0,1004.0
1.0,6054.0,3009.0,3012.0,2982.0,3009.0,1003.0,1003.0,1003.0,1004.0,1004.0,1004.0,1003.0,1003.0,1003.0,2018.0,2018.0,2018.0,1003.0,1003.0,1003.0,1004.0,1004.0,1004.0
1.0,6027.0,2988.0,3012.0,3009.0,2988.0,996.0,996.0,996.0,1004.0,1004.0,1004.0,996.0,996.0,996.0,2009.0,2009.0,2009.0,996.0,996.0,996.0,1004.0,1004.0,1004.0
1.0,6048.0,3009.0,3012.0,2988.0,3009.0,1003.0,1003.0,1003.0,1004.0,1004.0,1004.0,1003.0,1003.0,1003.0,2016.0,2016.0,2016.0,1003.0,1003.0,1003.0,1004.0,1004.0,1004.0
1.0,6027.0,3054.0,3012.0,3009.0,3054.0,1018.0,1018.0,1018.0,1004.0,1004.0,1004.0,1018.0,1018.0,1018.0,2009.0,2009.0,2009.0,1018.0,1018.0,1018.0,1004.0,1004.0,1004.0
1.0,5982.0,3108.0,3015.0,3054.0,3117.0,1039.0,1039.0,1039.0,1005.0,1005.0,1005.0,1036.0,1036.0,1036.0,1994.0,1994.0,1994.0,1039.0,1039.0,1039.0,1005.0,1005.0,1005.0
1.0,5928.0,3075.0,3015.0,3117.0,3075.0,1025.0,1025.0,1025.0,1005.0,1005.0,1005.0,1025.0,1025.0,1025.0,1976.0,1976.0,1976.0,1025.0,1025.0,1025.0,1005.0,1005.0,1005.0
1.0,5970.0,2955.0,3015.0,3075.0,2955.0,985.0,985.0,985.0,1005.0,1005.0,1005.0,985.0,985.0,985.0,1990.0,1990.0,1990.0,985.0,985.0,985.0,1005.0,1005.0,1005.0
1.0,6090.0,3006.0,3015.0,2955.0,3006.0,1002.0,1002.0,1002.0,1005.0,1005.0,1005.0,1002.0,1002.0,1002.0,2030.0,2030.0,2030.0,1002.0,1002.0,1002.0,1005.0,1005.0,1005.0
1.0,6039.0,3021.0,3015.0,3006.0,3021.0,1007.0,1007.0,1007.0,1005.0,1005.0,1005.0,1007.0,1007.0,1007.0,2013.0,2013.0,2013.0,1007.0,1007.0,1007.0,1005.0,1005.0,1005.0
1.0,6024.0,3024.0,3015.0,3021.0,3024.0,1008.0,1008.0,1008.0,1005.0,1005.0,1005.0,1008.0,1008.0,1008.0,2008.0,2008.0,2008.0,1008.0,1008.0,1008.0,1005.0,1005.0,1005.0
1.0,6021.0,3078.0,3018.0,3024.0,3087.0,1029.0,1029.0,1029.0,1006.0,1006.0,1006.0,1026.0,1026.0,1026.0,2007.0,2007.0,2007.0,1029.0,1029.0,1029.0,1006.0,1006.0,1006.0
1.0,5967.0,3072.0,3021.0,3087.0,3081.0,1027.0,1027.0,1027.0,1007.0,1007.0,1007.0,1024.0,1024.0,1024.0,1989.0,1989.0,1989.0,1027.0,1027.0,1027.0,1007.0,1007.0,1007.0
1.0,5982.0,3021.0,3021.0,3081.0,3021.0,1007.0,1007.0,1007.0,1007.0,1007.0,1007.0,1007.0,1007.0,1007.0,1994.0,1994.0,1994.0,1007.0,1007.0,1007.0,1007.0,1007.0,1007.0
1.0,6042.0,3018.0,3021.0,3021.0,3018.0,1006.0,1006.0,1006.0,1007.0,1007.0,1007.0,1006.0,1006.0,1006.0,2014.0,2014.0,2014.0,1006.0,1006.0,1006.0,1007.0,1007.0,1007.0
1.0,6045.0,2988.0,3018.0,3018.0,2979.0,993.0,993.0,993.0,1006.0,1006.0,1006.0,996.0,996.0,996.0,2015.0,2015.0,2015.0,993.0,993.0,993.0,1006.0,1006.0,1006.0
1.0,6075.0,2994.0,3018.0,2979.0,2994.0,998.0,998.0,998.0,1006.0,1006.0,1006.0,998.0,998.0,998.0,2025.0,2025.0,2025.0,998.0,998.0,998.0,1006.0,1006.0,1006.0
1.0,6060.0,3039.0,3021.0,2994.0,3048.0,1016.0,1016.0,1016.0,1007.0,1007.0,1007.0,1013.0,1013.0,1013.0,2020.0,2020.0,2020.0,1016.0,1016.0,1016.0,1007.0,1007.0,1007.0
1.0,6015.0,3075.0,3024.0,3048.0,3084.0,1028.0,1028.0,1028.0,1008.0,1008.0,1008.0,1025.0,1025.0,1025.0,2005.0,2005.0,2005.0,1028.0,1028.0,1028.0,1008.0,1008.0,1008.0
1.0,5988.0,3111.0,3027.0,3084.0,3120.0,1040.0,1040.0,1040.0,1009.0,1009.0,1009.0,1037.0,1037.0,1037.0,1996.0,1996.0,1996.0,1040.0,1040.0,1040.0,1009.0,1009.0,1009.0
1.0,5961.0,3024.0,3027.0,3120.0,3024.0,1008.0,1008.0,1008.0,1009.0,1009.0,1009.0,1008.0,1008.0,1008.0,1987.0,1987.0,1987.0,1008.0,1008.0,1008.0,1009.0,1009.0,1009.0
1.0,6057.0,3036.0,3027.0,3024.0,3036.0,1012.0,1012.0,1012.0,1009.0,1009.0,1009.0,1012.0,1012.0,1012.0,2019.0,2019.0,2019.0,1012.0,1012.0,1012.0,1009.0,1009.0,1009.0
1.0,6045.0,3030.0,3027.0,3036.0,3030.0,1010.0,1010.0,1010.0,1009.0,1009.0,1009.0,1010.0,1010.0,1010.0,2015.0,2015.0,2015.0,1010.0,1010.0,1010.0,1009.0,1009.0,1009.0
1.0,6051.0,3024.0,3024.0,3030.0,3015.0,1005.0,1005.0,1005.0,1008.0,1008.0,1008.0,1008.0,1008.0,1008.0,2017.0,2017.0,2017.0,1005.0,1005.0,1005.0,1008.0,1008.0,1008.0
1.0,6057.0,3027.0,3027.0,3015.0,3036.0,1012.0,1012.0,1012.0,1009.0,1009.0,1009.0,1009.0,1009.0,1009.0,2019.0,2019.0,2019.0,1012.0,1012.0,1012.0,1009.0,1009.0,1009.0
1.0,6045.0,3096.0,3030.0,3036.0,3105.0,1035.0,1035.0,1035.0,1010.0,1010.0,1010.0,1032.0,1032.0,1032.0,2015.0,2015.0,2015.0,1035.0,1035.0,1035.0,1010.0,1010.0,1010.0
1.0,5985.0,3099.0,3033.0,3105.0,3108.0,1036.0,1036.0,1036.0,1011.0,1011.0,1011.0,1033.0,1033.0,1033.0,1995.0,1995.0,1995.0,1036.0,1036.0,1036.0,1011.0,1011.0,1011.0
1.0,5991.0,3063.0,3033.0,3108.0,3063.0,1021.0,1021.0,1021.0,1011.0,1011.0,1011.0,1021.0,1021.0,1021.0,1997.0,1997.0,1997.0,1021.0,1021.0,1021.0,1011.0,1011.0,1011.0
1.0,6036.0,3021.0,3033.0,3063.0,3021.0,1007.0,1007.0,1007.0,1011.0,1011.0,1011.0,1007.0,1007.0,1007.0,2012.0,2012.0,2012.0,1007.0,1007.0,1007.0,1011.0,1011.0,1011.0
1.0,6078.0,3009.0,3030.0,3021.0,3000.0,1000.0,1000.0,1000.0,1010.0,1010.0,1010.0,1003.0,1003.0,1003.0,2026.0,2026.0,2026.0,1000.0,1000.0,1000.0,1010.0,1010.0,1010.0
1.0,6090.0,2985.0,3030.0,3000.0,2985.0,995.0,995.0,995.0,1010.0,1010.0,1010.0,995.0,995.0,995.0,2030.0,2030.0,2030.0,995.0,995.0,995.0,1010.0,1010.0,1010.0
1.0,6105.0,3027.0,3030.0,2985.0,3027.0,1009.0,1009.0,1009.0,1010.0,1010.0,1010.0,1009.0,1009.0,1009.0,2035.0,2035.0,2035.0,1009.0,1009.0,1009.0,1010.0,1010.0,1010.0
1.0,6063.0,3114.0,3033.0,3027.0,3123.0,1041.0,1041.0,1041.0,1011.0,1011.0,1011.0,1038.0,1038.0,1038.0,2021.0,2021.0,2021.0,1041.0,1041.0,1041.0,1011.0,1011.0,1011.0
1.0,5976.0,3198.0,3036.0,3123.0,3207.0,1069.0,1069.0,1069.0,1012.0,1012.0,1012.0,1066.0,1066.0,1066.0,1992.0,1992.0,1992.0,1069.0,1069.0,1069.0,1012.0,1012.0,1012.0
1.0,5901.0,3063.0,3036.0,3207.0,3063.0,1021.0,1021.0,1021.0,1012.0,1012.0,1012.0,1021.0,1021.0,1021.0,1967.0,1967.0,1967.0,1021.0,1021.0,1021.0,1012.0,1012.0,1012.0
1.0,6045.0,3039.0,3036.0,3063.0,3039.0,1013.0,1013.0,1013.0,1012.0,1012.0,1012.0,1013.0,1013.0,1013.0,2015.0,2015.0,2015.0,1013.0,1013.0,1013.0,1012.0,1012.0,1012.0
1.0,6069.0,3042.0,3036.0,3039.0,3042.0,1014.0,1014.0,1014.0,1012.0,1012.0,1012.0,1014.0,1014.0,1014.0,2023.0,2023.0,2023.0,1014.0,1014.0,1014.0,1012.0,1012.0,1012.0
1.0,6066.0,2988.0,3036.0,3042.0,2988.0,996.0,996.0,996.0,1012.0,1012.0,1012.0,996.0,996.0,996.0,2022.0,2022.0,2022.0,996.0,996.0,996.0,1012.0,1012.0,1012.0
1.0,6120.0,3045.0,3039.0,2988.0,3054.0,1018.0,1018.0,1018.0,1013.0,1013.0,1013.0,1015.0,1015.0,1015.0,2040.0,2040.0,2040.0,1018.0,1018.0,1018.0,1013.0,1013.0,1013.0
1.0,6063.0,3084.0,3039.0,3054.0,3084.0,1028.0,1028.0,1028.0,1013.0,1013.0,1013.0,1028.0,1028.0,1028.0,2021.0,2021.0,2021.0,1028.0,1028.0,1028.0,1013.0,1013.0,1013.0
1.0,6033.0,3078.0,3042.0,3084.0,3087.0,1029.0,1029.0,1029.0,1014.0,1014.0,1014.0,1026.0,1026.0,1026.0,2011.0,2011.0,2011.0,1029.0,1029.0,1029.0,1014.0,1014.0,1014.0
1.0,6039.0,3060.0,3042.0,3087.0,3060.0,1020.0,1020.0,1020.0,1014.0,1014.0,1014.0,1020.0,1020.0,1020.0,2013.0,2013.0,2013.0,1020.0,1020.0,1020.0,1014.0,1014.0,1014.0
1.0,6066.0,3030.0,3042.0,3060.0,3030.0,1010.0,1010.0,1010.0,1014.0,1014.0,1014.0,1010.0,1010.0,1010.0,2022.0,2022.0,2022.0,1010.0,1010.0,1010.0,1014.0,1014.0,1014.0
1.0,6096.0,2949.0,3039.0,3030.0,2940.0,980.0,980.0,980.0,1013.0,1013.0,1013.0,983.0,983.0,983.0,2032.0,2032.0,2032.0,980.0,980.0,980.0,1013.0,1013.0,1013.0
1.0,6177.0,3021.0,3039.0,2940.0,3021.0,1007.0,1007.0,1007.0,1013.0,1013.0,1013.0,1007.0,1007.0,1007.0,2059.0,2059.0,2059.0,1007.0,1007.0,1007.0,1013.0,1013.0,1013.0
1.0,6096.0,3084.0,3039.0,3021.0,3084.0,1028.0,1028.0,1028.0,1013.0,1013.0,1013.0,1028.0,1028.0,1028.0,2032.0,2032.0,2032.0,1028.0,1028.0,1028.0,1013.0,1013.0,1013.0
1.0,6033.0,3120.0,3042.0,3084.0,3129.0,1043.0,1043.0,1043.0,1014.0,1014.0,1014.0,1040.0,1040.0,1040.0,2011.0,2011.0,2011.0,1043.0,1043.0,1043.0,1014.0,1014.0,1014.0
1.0,5997.0,3129.0,3045.0,3129.0,3138.0,1046.0,1046.0,1046.0,1015.0,1015.0,1015.0,1043.0,1043.0,1043.0,1999.0,1999.0,1999.0,1046.0,1046.0,1046.0,1015.0,1015.0,1015.0
1.0,5997.0,3081.0,3048.0,3138.0,3090.0,1030.0,1030.0,1030.0,1016.0,1016.0,1016.0,1027.0,1027.0,1027.0,1999.0,1999.0,1999.0,1030.0,1030.0,1030.0,1016.0,1016.0,1016.0
1.0,6054.0,2919.0,3045.0,3090.0,2910.0,970.0,970.0,970.0,1015.0,1015.0,1015.0,973.0,973.0,973.0,2018.0,2018.0,2018.0,970.0,970.0,970.0,1015.0,1015.0,1015.0
1.0,6225.0,2964.0,3042.0,2910.0,2955.0,985.0,985.0,985.0,1014.0,1014.0,1014.0,988.0,988.0,988.0,2075.0,2075.0,2075.0,985.0,985.0,985.0,1014.0,1014.0,1014.0
1.0,6171.0,3027.0,3042.0,2955.0,3027.0,1009.0,1009.0,1009.0,1014.0,1014.0,1014.0,1009.0,1009.0,1009.0,2057.0,2057.0,2057.0,1009.0,1009.0,1009.0,1014.0,1014.0,1014.0
1.0,6099.0,3084.0,3042.0,3027.0,3084.0,1028.0,1028.0,1028.0,1014.0,1014.0,1014.0,1028.0,1028.0,1028.0,2033.0,2033.0,2033.0,1028.0,1028.0,1028.0,1014.0,1014.0,1014.0
1.0,6042.0,3090.0,3045.0,3084.0,3099.0,1033.0,1033.0,1033.0,1015.0,1015.0,1015.0,1030.0,1030.0,1030.0,2014.0,2014.0,2014.0,1033.0,1033.0,1033.0,1015.0,1015.0,1015.0
1.0,6036.0,3117.0,3045.0,3099.0,3117.0,1039.0,1039.0,1039.0,1015.0,1015.0,1015.0,1039.0,1039.0,1039.0,2012.0,2012.0,2012.0,1039.0,1039.0,1039.0,1015.0,1015.0,1015.0
1.0,6018.0,3102.0,3048.0,3117.0,3111.0,1037.0,1037.0,1037.0,1016.0,1016.0,1016.0,1034.0,1034.0,1034.0,2006.0,2006.0,2006.0,1037.0,1037.0,1037.0,1016.0,1016.0,1016.0
1.0,6033.0,3033.0,3048.0,3111.0,3033.0,1011.0,1011.0,1011.0,1016.0,1016.0,1016.0,1011.0,1011.0,1011.0,2011.0,2011.0,2011.0,1011.0,1011.0,1011.0,1016.0,1016.0,1016.0
1.0,6111.0,2958.0,3045.0,3033.0,2949.0,983.0,983.0,983.0,1015.0,1015.0,1015.0,986.0,986.0,986.0,2037.0,2037.0,2037.0,983.0,983.0,983.0,1015.0,1015.0,1015.0
1.0,6186.0,3024.0,3045.0,2949.0,3024.0,1008.0,1008.0,1008.0,1015.0,1015.0,1015.0,1008.0,1008.0,1008.0,2062.0,2062.0,2062.0,1008.0,1008.0,1008.0,1015.0,1015.0,1015.0
1.0,6111.0,3051.0,3045.0,3024.0,3051.0,1017.0,1017.0,1017.0,1015.0,1015.0,1015.0,1017.0,1017.0,1017.0,2037.0,2037.0,2037.0,1017.0,1017.0,1017.0,1015.0,1015.0,1015.0
1.0,6084.0,3123.0,3048.0,3051.0,3132.0,1044.0,1044.0,1044.0,1016.0,1016.0,1016.0,1041.0,1041.0,1041.0,2028.0,2028.0,2028.0,1044.0,1044.0,1044.0,1016.0,1016.0,1016.0
1.0,6012.0,3180.0,3051.0,3132.0,3189.0,1063.0,1063.0,1063.0,1017.0,1017.0,1017.0,1060.0,1060.0,1060.0,2004.0,2004.0,2004.0,1063.0,1063.0,1063.0,1017.0,1017.0,1017.0
1.0,5964.0,3102.0,3054.0,3189.0,3111.0,1037.0,1037.0,1037.0,1018.0,1018.0,1018.0,1034.0,1034.0,1034.0,1988.0,1988.0,1988.0,1037.0,1037.0,1037.0,1018.0,1018.0,1018.0
1.0,6051.0,3036.0,3051.0,3111.0,3027.0,1009.0,1009.0,1009.0,1017.0,1017.0,1017.0,1012.0,1012.0,1012.0,2017.0,2017.0,2017.0,1009.0,1009.0,1009.0,1017.0,1017.0,1017.0
1.0,6126.0,3030.0,3051.0,3027.0,3030.0,1010.0,1010.0,1010.0,1017.0,1017.0,1017.0,1010.0,1010.0,1010.0,2042.0,2042.0,2042.0,1010.0,1010.0,1010.0,1017.0,1017.0,1017.0
1.0,6123.0,2967.0,3051.0,3030.0,2967.0,989.0,989.0,989.0,1017.0,1017.0,1017.0,989.0,989.0,989.0,2041.0,2041.0,2041.0,989.0,989.0,989.0,1017.0,1017.0,1017.0
1.0,6186.0,3066.0,3051.0,2967.0,3066.0,1022.0,1022.0,1022.0,1017.0,1017.0,1017.0,1022.0,1022.0,1022.0,2062.0,2062.0,2062.0,1022.0,1022.0,1022.0,1017.0,1017.0,1017.0
1.0,6087.0,3165.0,3054.0,3066.0,3174.0,1058.0,1058.0,1058.0,1018.0,1018.0,1018.0,1055.0,1055.0,1055.0,2029.0,2029.0,2029.0,1058.0,1058.0,1058.0,1018.0,1018.0,1018.0
1.0,5988.0,3114.0,3057.0,3174.0,3123.0,1041.0,1041.0,1041.0,1019.0,1019.0,1019.0,1038.0,1038.0,1038.0,1996.0,1996.0,1996.0,1041.0,1041.0,1041.0,1019.0,1019.0,1019.0
1.0,6048.0,3132.0,3057.0,3123.0,3132.0,1044.0,1044.0,1044.0,1019.0,1019.0,1019.0,1044.0,1044.0,1044.0,2016.0,2016.0,2016.0,1044.0,1044.0,1044.0,1019.0,1019.0,1019.0
1.0,6039.0,3063.0,3057.0,3132.0,3063.0,1021.0,1021.0,1021.0,1019.0,1019.0,1019.0,1021.0,1021.0,1021.0,2013.0,2013.0,2013.0,1021.0,1021.0,1021.0,1019.0,1019.0,1019.0
1.0,6108.0,3051.0,3057.0,3063.0,3051.0,1017.0,1017.0,1017.0,1019.0,1019.0,1019.0,1017.0,1017.0,1017.0,2036.0,2036.0,2036.0,1017.0,1017.0,1017.0,1019.0,1019.0,1019.0
1.0,6120.0,3015.0,3057.0,3051.0,3015.0,1005.0,1005.0,1005.0,1019.0,1019.0,1019.0,1005.0,1005.0,1005.0,2040.0,2040.0,2040.0,1005.0,1005.0,1005.0,1019.0,1019.0,1019.0
1.0,6156.0,3063.0,3057.0,3015.0,3063.0,1021.0,1021.0,1021.0,1019.0,1019.0,1019.0,1021.0,1021.0,1021.0,2052.0,2052.0,2052.0,1021.0,1021.0,1021.0,1019.0,1019.0,1019.0
1.0,6108.0,3069.0,3057.0,3063.0,3069.0,1023.0,1023.0,1023.0,1019.0,1019.0,1019.0,1023.0,1023.0,1023.0,2036.0,2036.0,2036.0,1023.0,1023.0,1023.0,1019.0,1019.0,1019.0
1.0,6102.0,3159.0,3060.0,3069.0,3168.0,1056.0,1056.0,1056.0,1020.0,1020.0,1020.0,1053.0,1053.0,1053.0,2034.0,2034.0,2034.0,1056.0,1056.0,1056.0,1020.0,1020.0,1020.0
1.0,6012.0,3090.0,3063.0,3168.0,3099.0,1033.0,1033.0,1033.0,1021.0,1021.0,1021.0,1030.0,1030.0,1030.0,2004.0,2004.0,2004.0,1033.0,1033.0,1033.0,1021.0,1021.0,1021.0
1.0,6090.0,3069.0,3060.0,3099.0,3060.0,1020.0,1020.0,1020.0,1020.0,1020.0,1020.0,1023.0,1023.0,1023.0,2030.0,2030.0,2030.0,1020.0,1020.0,1020.0,1020.0,1020.0,1020.0
1.0,6120.0,3045.0,3060.0,3060.0,3045.0,1015.0,1015.0,1015.0,1020.0,1020.0,1020.0,1015.0,1015.0,1015.0,2040.0,2040.0,2040.0,1015.0,1015.0,1015.0,1020.0,1020.0,1020.0
1.0,6135.0,3012.0,3060.0,3045.0,3012.0,1004.0,1004.0,1004.0,1020.0,1020.0,1020.0,1004.0,1004.0,1004.0,2045.0,2045.0,2045.0,1004.0,1004.0,1004.0,1020.0,1020.0,1020.0
1.0,6168.0,3117.0,3060.0,3012.0,3117.0,1039.0,1039.0,1039.0,1020.0,1020.0,1020.0,1039.0,1039.0,1039.0,2056.0,2056.0,2056.0,1039.0,1039.0,1039.0,1020.0,1020.0,1020.0
1.0,6063.0,3138.0,3063.0,3117.0,3147.0,1049.0,1049.0,1049.0,1021.0,1021.0,1021.0,1046.0,1046.0,1046.0,2021.0,2021.0,2021.0,1049.0,1049.0,1049.0,1021.0,1021.0,1021.0
1.0,6042.0,3156.0,3066.0,3147.0,3165.0,1055.0,1055.0,1055.0,1022.0,1022.0,1022.0,1052.0,1052.0,1052.0,2014.0,2014.0,2014.0,1055.0,1055.0,1055.0,1022.0,1022.0,1022.0
1.0,6033.0,3081.0,3069.0,3165.0,3090.0,1030.0,1030.0,1030.0,1023.0,1023.0,1023.0,1027.0,1027.0,1027.0,2011.0,2011.0,2011.0,1030.0,1030.0,1030.0,1023.0,1023.0,1023.0
1.0,6117.0,3048.0,3066.0,3090.0,3039.0,1013.0,1013.0,1013.0,1022.0,1022.0,1022.0,1016.0,1016.0,1016.0,2039.0,2039.0,2039.0,1013.0,1013.0,1013.0,1022.0,1022.0,1022.0
1.0,6159.0,3084.0,3066.0,3039.0,3084.0,1028.0,1028.0,1028.0,1022.0,1022.0,1022.0,1028.0,1028.0,1028.0,2053.0,2053.0,2053.0,1028.0,1028.0,1028.0,1022.0,1022.0,1022.0
1.0,6114.0,3018.0,3063.0,3084.0,3009.0,1003.0,1003.0,1003.0,1021.0,1021.0,1021.0,1006.0,1006.0,1006.0,2038.0,2038.0,2038.0,1003.0,1003.0,1003.0,1021.0,1021.0,1021.0
1.0,6180.0,3090.0,3066.0,3009.0,3099.0,1033.0,1033.0,1033.0,1022.0,1022.0,1022.0,1030.0,1030.0,1030.0,2060.0,2060.0,2060.0,1033.0,1033.0,1033.0,1022.0,1022.0,1022.0
1.0,6099.0,3138.0,3066.0,3099.0,3138.0,1046.0,1046.0,1046.0,1022.0,1022.0,1022.0,1046.0,1046.0,1046.0,2033.0,2033.0,2033.0,1046.0,1046.0,1046.0,1022.0,1022.0,1022.0
1.0,6060.0,3177.0,3069.0,3138.0,3186.0,1062.0,1062.0,1062.0,1023.0,1023.0,1023.0,1059.0,1059.0,1059.0,2020.0,2020.0,2020.0,1062.0,1062.0,1062.0,1023.0,1023.0,1023.0
1.0,6021.0,3087.0,3072.0,3186.0,3096.0,1032.0,1032.0,1032.0,1024.0,1024.0,1024.0,1029.0,1029.0,1029.0,2007.0,2007.0,2007.0,1032.0,1032.0,1032.0,1024.0,1024.0,1024.0
1.0,6120.0,3087.0,3072.0,3096.0,3087.0,1029.0,1029.0,1029.0,1024.0,1024.0,1024.0,1029.0,1029.0,1029.0,2040.0,2040.0,2040.0,1029.0,1029.0,1029.0,1024.0,1024.0,1024.0
1.0,6129.0,3006.0,3069.0,3087.0,2997.0,999.0,999.0,999.0,1023.0,1023.0,1023.0,1002.0,1002.0,1002.0,2043.0,2043.0,2043.0,999.0,999.0,999.0,1023.0,1023.0,1023.0
1.0,6210.0,3069.0,3069.0,2997.0,3069.0,1023.0,1023.0,1023.0,1023.0,1023.0,1023.0,1023.0,1023.0,1023.0,2070.0,2070.0,2070.0,1023.0,1023.0,1023.0,1023.0,1023.0,1023.0
1.0,6138.0,3048.0,3069.0,3069.0,3048.0,1016.0,1016.0,1016.0,1023.0,1023.0,1023.0,1016.0,1016.0,1016.0,2046.0,2046.0,2046.0,1016.0,1016.0,1016.0,1023.0,1023.0,1023.0
1.0,6159.0,3108.0,3072.0,3048.0,3117.0,1039.0,1039.0,1039.0,1024.0,1024.0,1024.0,1036.0,1036.0,1036.0,2053.0,2053.0,2053.0,1039.0,1039.0,1039.0,1024.0,1024.0,1024.0
1.0,6099.0,3165.0,3075.0,3117.0,3174.0,1058.0,1058.0,1058.0,1025.0,1025.0,1025.0,1055.0,1055.0,1055.0,2033.0,2033.0,2033.0,1058.0,1058.0,1058.0,1025.0,1025.0,1025.0
1.0,6051.0,3075.0,3075.0,3174.0,3075.0,1025.0,1025.0,1025.0,1025.0,1025.0,1025.0,1025.0,1025.0,1025.0,2017.0,2017.0,2017.0,1025.0,1025.0,1025.0,1025.0,1025.0,1025.0
1.0,6150.0,3063.0,3075.0,3075.0,3063.0,1021.0,1021.0,1021.0,1025.0,1025.0,1025.0,1021.0,1021.0,1021.0,2050.0,2050.0,2050.0,1021.0,1021.0,1021.0,1025.0,1025.0,1025.0
1.0,6162.0,3072.0,3075.0,3063.0,3072.0,1024.0,1024.0,1024.0,1025.0,1025.0,1025.0,1024.0,1024.0,1024.0,2054.0,2054.0,2054.0,1024.0,1024.0,1024.0,1025.0,1025.0,1025.0
1.0,6153.0,3051.0,3072.0,3072.0,3042.0,1014.0,1014.0,1014.0,1024.0,1024.0,1024.0,1017.0,1017.0,1017.0,2051.0,2051.0,2051.0,1014.0,1014.0,1014.0,1024.0,1024.0,1024.0
1.0,6174.0,3057.0,3075.0,3042.0,3066.0,1022.0,1022.0,1022.0,1025.0,1025.0,1025.0,1019.0,1019.0,1019.0,2058.0,2058.0,2058.0,1022.0,1022.0,1022.0,1025.0,1025.0,1025.0
1.0,6159.0,3123.0,3078.0,3066.0,3132.0,1044.0,1044.0,1044.0,1026.0,1026.0,1026.0,1041.0,1041.0,1041.0,2053.0,2053.0,2053.0,1044.0,1044.0,1044.0,1026.0,1026.0,1026.0
1.0,6102.0,3165.0,3081.0,3132.0,3174.0,1058.0,1058.0,1058.0,1027.0,1027.0,1027.0,1055.0,1055.0,1055.0,2034.0,2034.0,2034.0,1058.0,1058.0,1058.0,1027.0,1027.0,1027.0
1.0,6069.0,3111.0,3081.0,3174.0,3111.0,1037.0,1037.0,1037.0,1027.0,1027.0,1027.0,1037.0,1037.0,1037.0,2023.0,2023.0,2023.0,1037.0,1037.0,1037.0,1027.0,1027.0,1027.0
1.0,6132.0,3117.0,3081.0,3111.0,3117.0,1039.0,1039.0,1039.0,1027.0,1027.0,1027.0,1039.0,1039.0,1039.0,2044.0,2044.0,2044.0,1039.0,1039.0,1039.0,1027.0,1027.0,1027.0
1.0,6126.0,3096.0,3081.0,3117.0,3096.0,1032.0,1032.0,1032.0,1027.0,1027.0,1027.0,1032.0,1032.0,1032.0,2042.0,2042.0,2042.0,1032.0,1032.0,1032.0,1027.0,1027.0,1027.0
1.0,6147.0,3030.0,3081.0,3096.0,3030.0,1010.0,1010.0,1010.0,1027.0,1027.0,1027.0,1010.0,1010.0,1010.0,2049.0,2049.0,2049.0,1010.0,1010.0,1010.0,1027.0,1027.0,1027.0
1.0,6213.0,3105.0,3081.0,3030.0,3105.0,1035.0,1035.0,1035.0,1027.0,1027.0,1027.0,1035.0,1035.0,1035.0,2071.0,2071.0,2071.0,1035.0,1035.0,1035.0,1027.0,1027.0,1027.0
1.0,6138.0,3144.0,3087.0,3105.0,3162.0,1054.0,1054.0,1054.0,1029.0,1029.0,1029.0,1048.0,1048.0,1048.0,2046.0,2046.0,2046.0,1054.0,1054.0,1054.0,1029.0,1029.0,1029.0
1.0,6099.0,3171.0,3087.0,3162.0,3171.0,1057.0,1057.0,1057.0,1029.0,1029.0,1029.0,1057.0,1057.0,1057.0,2033.0,2033.0,2033.0,1057.0,1057.0,1057.0,1029.0,1029.0,1029.0
1.0,6090.0,3099.0,3090.0,3171.0,3108.0,1036.0,1036.0,1036.0,1030.0,1030.0,1030.0,1033.0,1033.0,1033.0,2030.0,2030.0,2030.0,1036.0,1036.0,1036.0,1030.0,1030.0,1030.0
1.0,6162.0,3051.0,3087.0,3108.0,3042.0,1014.0,1014.0,1014.0,1029.0,1029.0,1029.0,1017.0,1017.0,1017.0,2054.0,2054.0,2054.0,1014.0,1014.0,1014.0,1029.0,1029.0,1029.0
1.0,6219.0,3015.0,3084.0,3042.0,3006.0,1002.0,1002.0,1002.0,1028.0,1028.0,1028.0,1005.0,1005.0,1005.0,2073.0,2073.0,2073.0,1002.0,1002.0,1002.0,1028.0,1028.0,1028.0
1.0,6246.0,3000.0,3084.0,3006.0,3000.0,1000.0,1000.0,1000.0,1028.0,1028.0,1028.0,1000.0,1000.0,1000.0,2082.0,2082.0,2082.0,1000.0,1000.0,1000.0,1028.0,1028.0,1028.0
1.0,6252.0,3099.0,3084.0,3000.0,3099.0,1033.0,1033.0,1033.0,1028.0,1028.0,1028.0,1033.0,1033.0,1033.0,2084.0,2084.0,2084.0,1033.0,1033.0,1033.0,1028.0,1028.0,1028.0
1.0,6153.0,3198.0,3087.0,3099.0,3207.0,1069.0,1069.0,1069.0,1029.0,1029.0,1029.0,1066.0,1066.0,1066.0,2051.0,2051.0,2051.0,1069.0,1069.0,1069.0,1029.0,1029.0,1029.0
1.0,6054.0,3162.0,3090.0,3207.0,3171.0,1057.0,1057.0,1057.0,1030.0,1030.0,1030.0,1054.0,1054.0,1054.0,2018.0,2018.0,2018.0,1057.0,1057.0,1057.0,1030.0,1030.0,1030.0
1.0,6099.0,3135.0,3093.0,3171.0,3144.0,1048.0,1048.0,1048.0,1031.0,1031.0,1031.0,1045.0,1045.0,1045.0,2033.0,2033.0,2033.0,1048.0,1048.0,1048.0,1031.0,1031.0,1031.0
1.0,6135.0,3051.0,3090.0,3144.0,3042.0,1014.0,1014.0,1014.0,1030.0,1030.0,1030.0,1017.0,1017.0,1017.0,2045.0,2045.0,2045.0,1014.0,1014.0,1014.0,1030.0,1030.0,1030.0
1.0,6228.0,2997.0,3087.0,3042.0,2988.0,996.0,996.0,996.0,1029.0,1029.0,1029.0,999.0,999.0,999.0,2076.0,2076.0,2076.0,996.0,996.0,996.0,1029.0,1029.0,1029.0
1.0,6273.0,3063.0,3087.0,2988.0,3063.0,1021.0,1021.0,1021.0,1029.0,1029.0,1029.0,1021.0,1021.0,1021.0,2091.0,2091.0,2091.0,1021.0,1021.0,1021.0,1029.0,1029.0,1029.0
1.0,6198.0,3105.0,3087.0,3063.0,3105.0,1035.0,1035.0,1035.0,1029.0,1029.0,1029.0,1035.0,1035.0,1035.0,2066.0,2066.0,2066.0,1035.0,1035.0,1035.0,1029.0,1029.0,1029.0
1.0,6156.0,3138.0,3090.0,3105.0,3147.0,1049.0,1049.0,1049.0,1030.0,1030.0,1030.0,1046.0,1046.0,1046.0,2052.0,2052.0,2052.0,1049.0,1049.0,1049.0,1030.0,1030.0,1030.0
1.0,6123.0,3171.0,3093.0,3147.0,3180.0,1060.0,1060.0,1060.0,1031.0,1031.0,1031.0,1057.0,1057.0,1057.0,2041.0,2041.0,2041.0,1060.0,1060.0,1060.0,1031.0,1031.0,1031.0
1.0,6099.0,3126.0,3093.0,3180.0,3126.0,1042.0,1042.0,1042.0,1031.0,1031.0,1031.0,1042.0,1042.0,1042.0,2033.0,2033.0,2033.0,1042.0,1042.0,1042.0,1031.0,1031.0,1031.0
1.0,6153.0,3048.0,3093.0,3126.0,3048.0,1016.0,1016.0,1016.0,1031.0,1031.0,1031.0,1016.0,1016.0,1016.0,2051.0,2051.0,2051.0,1016.0,1016.0,1016.0,1031.0,1031.0,1031.0
1.0,6231.0,3066.0,3090.0,3048.0,3057.0,1019.0,1019.0,1019.0,1030.0,1030.0,1030.0,1022.0,1022.0,1022.0,2077.0,2077.0,2077.0,1019.0,1019.0,1019.0,1030.0,1030.0,1030.0
1.0,6213.0,3039.0,3090.0,3057.0,3039.0,1013.0,1013.0,1013.0,1030.0,1030.0,1030.0,1013.0,1013.0,1013.0,2071.0,2071.0,2071.0,1013.0,1013.0,1013.0,1030.0,1030.0,1030.0
1.0,6231.0,3069.0,3090.0,3039.0,3069.0,1023.0,1023.0,1023.0,1030.0,1030.0,1030.0,1023.0,1023.0,1023.0,2077.0,2077.0,2077.0,1023.0,1023.0,1023.0,1030.0,1030.0,1030.0
1.0,6201.0,3171.0,3093.0,3069.0,3180.0,1060.0,1060.0,1060.0,1031.0,1031.0,1031.0,1057.0,1057.0,1057.0,2067.0,2067.0,2067.0,1060.0,1060.0,1060.0,1031.0,1031.0,1031.0
1.0,6099.0,3207.0,3096.0,3180.0,3216.0,1072.0,1072.0,1072.0,1032.0,1032.0,1032.0,1069.0,1069.0,1069.0,2033.0,2033.0,2033.0,1072.0,1072.0,1072.0,1032.0,1032.0,1032.0
1.0,6072.0,3078.0,3096.0,3216.0,3078.0,1026.0,1026.0,1026.0,1032.0,1032.0,1032.0,1026.0,1026.0,1026.0,2024.0,2024.0,2024.0,1026.0,1026.0,1026.0,1032.0,1032.0,1032.0
1.0,6210.0,3135.0,3096.0,3078.0,3135.0,1045.0,1045.0,1045.0,1032.0,1032.0,1032.0,1045.0,1045.0,1045.0,2070.0,2070.0,2070.0,1045.0,1045.0,1045.0,1032.0,1032.0,1032.0
1.0,6153.0,2994.0,3093.0,3135.0,2985.0,995.0,995.0,995.0,1031.0,1031.0,1031.0,998.0,998.0,998.0,2051.0,2051.0,2051.0,995.0,995.0,995.0,1031.0,1031.0,1031.0
1.0,6294.0,3096.0,3093.0,2985.0,3096.0,1032.0,1032.0,1032.0,1031.0,1031.0,1031.0,1032.0,1032.0,1032.0,2098.0,2098.0,2098.0,1032.0,1032.0,1032.0,1031.0,1031.0,1031.0
1.0,6183.0,3096.0,3093.0,3096.0,3096.0,1032.0,1032.0,1032.0,1031.0,1031.0,1031.0,1032.0,1032.0,1032.0,2061.0,2061.0,2061.0,1032.0,1032.0,1032.0,1031.0,1031.0,1031.0
1.0,6183.0,3156.0,3096.0,3096.0,3165.0,1055.0,1055.0,1055.0,1032.0,1032.0,1032.0,1052.0,1052.0,1052.0,2061.0,2061.0,2061.0,1055.0,1055.0,1055.0,1032.0,1032.0,1032.0
1.0,6123.0,3165.0,3099.0,3165.0,3174.0,1058.0,1058.0,1058.0,1033.0,1033.0,1033.0,1055.0,1055.0,1055.0,2041.0,2041.0,2041.0,1058.0,1058.0,1058.0,1033.0,1033.0,1033.0
1.0,6123.0,3132.0,3099.0,3174.0,3132.0,1044.0,1044.0,1044.0,1033.0,1033.0,1033.0,1044.0,1044.0,1044.0,2041.0,2041.0,2041.0,1044.0,1044.0,1044.0,1033.0,1033.0,1033.0
1.0,6165.0,3075.0,3096.0,3132.0,3066.0,1022.0,1022.0,1022.0,1032.0,1032.0,1032.0,1025.0,1025.0,1025.0,2055.0,2055.0,2055.0,1022.0,1022.0,1022.0,1032.0,1032.0,1032.0
1.0,6222.0,3036.0,3096.0,3066.0,3036.0,1012.0,1012.0,1012.0,1032.0,1032.0,1032.0,1012.0,1012.0,1012.0,2074.0,2074.0,2074.0,1012.0,1012.0,1012.0,1032.0,1032.0,1032.0
1.0,6252.0,3051.0,3093.0,3036.0,3042.0,1014.0,1014.0,1014.0,1031.0,1031.0,1031.0,1017.0,1017.0,1017.0,2084.0,2084.0,2084.0,1014.0,1014.0,1014.0,1031.0,1031.0,1031.0
1.0,6237.0,3096.0,3093.0,3042.0,3096.0,1032.0,1032.0,1032.0,1031.0,1031.0,1031.0,1032.0,1032.0,1032.0,2079.0,2079.0,2079.0,1032.0,1032.0,1032.0,1031.0,1031.0,1031.0
1.0,6183.0,3105.0,3096.0,3096.0,3114.0,1038.0,1038.0,1038.0,1032.0,1032.0,1032.0,1035.0,1035.0,1035.0,2061.0,2061.0,2061.0,1038.0,1038.0,1038.0,1032.0,1032.0,1032.0
1.0,6174.0,3177.0,3099.0,3114.0,3186.0,1062.0,1062.0,1062.0,1033.0,1033.0,1033.0,1059.0,1059.0,1059.0,2058.0,2058.0,2058.0,1062.0,1062.0,1062.0,1033.0,1033.0,1033.0
1.0,6111.0,3120.0,3099.0,3186.0,3120.0,1040.0,1040.0,1040.0,1033.0,1033.0,1033.0,1040.0,1040.0,1040.0,2037.0,2037.0,2037.0,1040.0,1040.0,1040.0,1033.0,1033.0,1033.0
1.0,6177.0,3057.0,3099.0,3120.0,3057.0,1019.0,1019.0,1019.0,1033.0,1033.0,1033.0,1019.0,1019.0,1019.0,2059.0,2059.0,2059.0,1019.0,1019.0,1019.0,1033.0,1033.0,1033.0
1.0,6240.0,3123.0,3099.0,3057.0,3123.0,1041.0,1041.0,1041.0,1033.0,1033.0,1033.0,1041.0,1041.0,1041.0,2080.0,2080.0,2080.0,1041.0,1041.0,1041.0,1033.0,1033.0,1033.0
1.0,6174.0,3039.0,3096.0,3123.0,3030.0,1010.0,1010.0,1010.0,1032.0,1032.0,1032.0,1013.0,1013.0,1013.0,2058.0,2058.0,2058.0,1010.0,1010.0,1010.0,1032.0,1032.0,1032.0
1.0,6258.0,3153.0,3099.0,3030.0,3162.0,1054.0,1054.0,1054.0,1033.0,1033.0,1033.0,1051.0,1051.0,1051.0,2086.0,2086.0,2086.0,1054.0,1054.0,1054.0,1033.0,1033.0,1033.0
1.0,6135.0,3093.0,3099.0,3162.0,3093.0,1031.0,1031.0,1031.0,1033.0,1033.0,1033.0,1031.0,1031.0,1031.0,2045.0,2045.0,2045.0,1031.0,1031.0,1031.0,1033.0,1033.0,1033.0
1.0,6204.0,3198.0,3102.0,3093.0,3207.0,1069.0,1069.0,1069.0,1034.0,1034.0,1034.0,1066.0,1066.0,1066.0,2068.0,2068.0,2068.0,1069.0,1069.0,1069.0,1034.0,1034.0,1034.0
1.0,6099.0,3105.0,3102.0,3207.0,3105.0,1035.0,1035.0,1035.0,1034.0,1034.0,1034.0,1035.0,1035.0,1035.0,2033.0,2033.0,2033.0,1035.0,1035.0,1035.0,1034.0,1034.0,1034.0
1.0,6201.0,3093.0,3102.0,3105.0,3093.0,1031.0,1031.0,1031.0,1034.0,1034.0,1034.0,1031.0,1031.0,1031.0,2067.0,2067.0,2067.0,1031.0,1031.0,1031.0,1034.0,1034.0,1034.0
1.0,6213.0,3015.0,3099.0,3093.0,3006.0,1002.0,1002.0,1002.0,1033.0,1033.0,1033.0,1005.0,1005.0,1005.0,2071.0,2071.0,2071.0,1002.0,1002.0,1002.0,1033.0,1033.0,1033.0
1.0,6291.0,3099.0,3099.0,3006.0,3099.0,1033.0,1033.0,1033.0,1033.0,1033.0,1033.0,1033.0,1033.0,1033.0,2097.0,2097.0,2097.0,1033.0,1033.0,1033.0,1033.0,1033.0,1033.0
1.0,6198.0,3090.0,3099.0,3099.0,3090.0,1030.0,1030.0,1030.0,1033.0,1033.0,1033.0,1030.0,1030.0,1030.0,2066.0,2066.0,2066.0,1030.0,1030.0,1030.0,1033.0,1033.0,1033.0
1.0,6207.0,3171.0,3099.0,3090.0,3171.0,1057.0,1057.0,1057.0,1033.0,1033.0,1033.0,1057.0,1057.0,1057.0,2069.0,2069.0,2069.0,1057.0,1057.0,1057.0,1033.0,1033.0,1033.0
1.0,6126.0,3237.0,3105.0,3171.0,3255.0,1085.0,1085.0,1085.0,1035.0,1035.0,1035.0,1079.0,1079.0,1079.0,2042.0,2042.0,2042.0,1085.0,1085.0,1085.0,1035.0,1035.0,1035.0
1.0,6060.0,3153.0,3105.0,3255.0,3153.0,1051.0,1051.0,1051.0,1035.0,1035.0,1035.0,1051.0,1051.0,1051.0,2020.0,2020.0,2020.0,1051.0,1051.0,1051.0,1035.0,1035.0,1035.0
1.0,6162.0,3153.0,3105.0,3153.0,3153.0,1051.0,1051.0,1051.0,1035.0,1035.0,1035.0,1051.0,1051.0,1051.0,2054.0,2054.0,2054.0,1051.0,1051.0,1051.0,1035.0,1035.0,1035.0
1.0,6162.0,3060.0,3102.0,3153.0,3051.0,1017.0,1017.0,1017.0,1034.0,1034.0,1034.0,1020.0,1020.0,1020.0,2054.0,2054.0,2054.0,1017.0,1017.0,1017.0,1034.0,1034.0,1034.0
1.0,6255.0,3090.0,3102.0,3051.0,3090.0,1030.0,1030.0,1030.0,1034.0,1034.0,1034.0,1030.0,1030.0,1030.0,2085.0,2085.0,2085.0,1030.0,1030.0,1030.0,1034.0,1034.0,1034.0
1.0,6216.0,3117.0,3105.0,3090.0,3126.0,1042.0,1042.0,1042.0,1035.0,1035.0,1035.0,1039.0,1039.0,1039.0,2072.0,2072.0,2072.0,1042.0,1042.0,1042.0,1035.0,1035.0,1035.0
1.0,6189.0,3114.0,3105.0,3126.0,3114.0,1038.0,1038.0,1038.0,1035.0,1035.0,1035.0,1038.0,1038.0,1038.0,2063.0,2063.0,2063.0,1038.0,1038.0,1038.0,1035.0,1035.0,1035.0
1.0,6201.0,3150.0,3108.0,3114.0,3159.0,1053.0,1053.0,1053.0,1036.0,1036.0,1036.0,1050.0,1050.0,1050.0,2067.0,2067.0,2067.0,1053.0,1053.0,1053.0,1036.0,1036.0,1036.0
1.0,6165.0,3159.0,3111.0,3159.0,3168.0,1056.0,1056.0,1056.0,1037.0,1037.0,1037.0,1053.0,1053.0,1053.0,2055.0,2055.0,2055.0,1056.0,1056.0,1056.0,1037.0,1037.0,1037.0
1.0,6165.0,3114.0,3108.0,3168.0,3105.0,1035.0,1035.0,1035.0,1036.0,1036.0,1036.0,1038.0,1038.0,1038.0,2055.0,2055.0,2055.0,1035.0,1035.0,1035.0,1036.0,1036.0,1036.0
1.0,6219.0,3090.0,3108.0,3105.0,3090.0,1030.0,1030.0,1030.0,1036.0,1036.0,1036.0,1030.0,1030.0,1030.0,2073.0,2073.0,2073.0,1030.0,1030.0,1030.0,1036.0,1036.0,1036.0
1.0,6234.0,3069.0,3105.0,3090.0,3060.0,1020.0,1020.0,1020.0,1035.0,1035.0,1035.0,1023.0,1023.0,1023.0,2078.0,2078.0,2078.0,1020.0,1020.0,1020.0,1035.0,1035.0,1035.0
1.0,6255.0,3099.0,3108.0,3060.0,3108.0,1036.0,1036.0,1036.0,1036.0,1036.0,1036.0,1033.0,1033.0,1033.0,2085.0,2085.0,2085.0,1036.0,1036.0,1036.0,1036.0,1036.0,1036.0
1.0,6216.0,3192.0,3111.0,3108.0,3201.0,1067.0,1067.0,1067.0,1037.0,1037.0,1037.0,1064.0,1064.0,1064.0,2072.0,2072.0,2072.0,1067.0,1067.0,1067.0,1037.0,1037.0,1037.0
1.0,6132.0,3153.0,3111.0,3201.0,3153.0,1051.0,1051.0,1051.0,1037.0,1037.0,1037.0,1051.0,1051.0,1051.0,2044.0,2044.0,2044.0,1051.0,1051.0,1051.0,1037.0,1037.0,1037.0
1.0,6180.0,3153.0,3114.0,3153.0,3162.0,1054.0,1054.0,1054.0,1038.0,1038.0,1038.0,1051.0,1051.0,1051.0,2060.0,2060.0,2060.0,1054.0,1054.0,1054.0,1038.0,1038.0,1038.0
1.0,6180.0,3105.0,3114.0,3162.0,3105.0,1035.0,1035.0,1035.0,1038.0,1038.0,1038.0,1035.0,1035.0,1035.0,2060.0,2060.0,2060.0,1035.0,1035.0,1035.0,1038.0,1038.0,1038.0
1.0,6237.0,3102.0,3111.0,3105.0,3093.0,1031.0,1031.0,1031.0,1037.0,1037.0,1037.0,1034.0,1034.0,1034.0,2079.0,2079.0,2079.0,1031.0,1031.0,1031.0,1037.0,1037.0,1037.0
1.0,6240.0,3135.0,3111.0,3093.0,3135.0,1045.0,1045.0,1045.0,1037.0,1037.0,1037.0,1045.0,1045.0,1045.0,2080.0,2080.0,2080.0,1045.0,1045.0,1045.0,1037.0,1037.0,1037.0
1.0,6198.0,3117.0,3114.0,3135.0,3126.0,1042.0,1042.0,1042.0,1038.0,1038.0,1038.0,1039.0,1039.0,1039.0,2066.0,2066.0,2066.0,1042.0,1042.0,1042.0,1038.0,1038.0,1038.0
1.0,6216.0,3183.0,3114.0,3126.0,3183.0,1061.0,1061.0,1061.0,1038.0,1038.0,1038.0,1061.0,1061.0,1061.0,2072.0,2072.0,2072.0,1061.0,1061.0,1061.0,1038.0,1038.0,1038.0
1.0,6159.0,3240.0,3120.0,3183.0,3258.0,1086.0,1086.0,1086.0,1040.0,1040.0,1040.0,1080.0,1080.0,1080.0,2053.0,2053.0,2053.0,1086.0,1086.0,1086.0,1040.0,1040.0,1040.0
1.0,6102.0,3144.0,3120.0,3258.0,3144.0,1048.0,1048.0,1048.0,1040.0,1040.0,1040.0,1048.0,1048.0,1048.0,2034.0,2034.0,2034.0,1048.0,1048.0,1048.0,1040.0,1040.0,1040.0
1.0,6216.0,3045.0,3117.0,3144.0,3036.0,1012.0,1012.0,1012.0,1039.0,1039.0,1039.0,1015.0,1015.0,1015.0,2072.0,2072.0,2072.0,1012.0,1012.0,1012.0,1039.0,1039.0,1039.0
1.0,6315.0,3099.0,3117.0,3036.0,3099.0,1033.0,1033.0,1033.0,1039.0,1039.0,1039.0,1033.0,1033.0,1033.0,2105.0,2105.0,2105.0,1033.0,1033.0,1033.0,1039.0,1039.0,1039.0
1.0,6252.0,3042.0,3114.0,3099.0,3033.0,1011.0,1011.0,1011.0,1038.0,1038.0,1038.0,1014.0,1014.0,1014.0,2084.0,2084.0,2084.0,1011.0,1011.0,1011.0,1038.0,1038.0,1038.0
1.0,6309.0,3111.0,3114.0,3033.0,3111.0,1037.0,1037.0,1037.0,1038.0,1038.0,1038.0,1037.0,1037.0,1037.0,2103.0,2103.0,2103.0,1037.0,1037.0,1037.0,1038.0,1038.0,1038.0
1.0,6231.0,3225.0,3120.0,3111.0,3243.0,1081.0,1081.0,1081.0,1040.0,1040.0,1040.0,1075.0,1075.0,1075.0,2077.0,2077.0,2077.0,1081.0,1081.0,1081.0,1040.0,1040.0,1040.0
1.0,6117.0,3195.0,3120.0,3243.0,3195.0,1065.0,1065.0,1065.0,1040.0,1040.0,1040.0,1065.0,1065.0,1065.0,2039.0,2039.0,2039.0,1065.0,1065.0,1065.0,1040.0,1040.0,1040.0
1.0,6165.0,3183.0,3123.0,3195.0,3192.0,1064.0,1064.0,1064.0,1041.0,1041.0,1041.0,1061.0,1061.0,1061.0,2055.0,2055.0,2055.0,1064.0,1064.0,1064.0,1041.0,1041.0,1041.0
1.0,6177.0,3153.0,3123.0,3192.0,3153.0,1051.0,1051.0,1051.0,1041.0,1041.0,1041.0,1051.0,1051.0,1051.0,2059.0,2059.0,2059.0,1051.0,1051.0,1051.0,1041.0,1041.0,1041.0
1.0,6216.0,3144.0,3123.0,3153.0,3144.0,1048.0,1048.0,1048.0,1041.0,1041.0,1041.0,1048.0,1048.0,1048.0,2072.0,2072.0,2072.0,1048.0,1048.0,1048.0,1041.0,1041.0,1041.0
1.0,6225.0,3108.0,3123.0,3144.0,3108.0,1036.0,1036.0,1036.0,1041.0,1041.0,1041.0,1036.0,1036.0,1036.0,2075.0,2075.0,2075.0,1036.0,1036.0,1036.0,1041.0,1041.0,1041.0
1.0,6261.0,3135.0,3123.0,3108.0,3135.0,1045.0,1045.0,1045.0,1041.0,1041.0,1041.0,1045.0,1045.0,1045.0,2087.0,2087.0,2087.0,1045.0,1045.0,1045.0,1041.0,1041.0,1041.0
1.0,6234.0,3189.0,3126.0,3135.0,3198.0,1066.0,1066.0,1066.0,1042.0,1042.0,1042.0,1063.0,1063.0,1063.0,2078.0,2078.0,2078.0,1066.0,1066.0,1066.0,1042.0,1042.0,1042.0
1.0,6180.0,3225.0,3129.0,3198.0,3234.0,1078.0,1078.0,1078.0,1043.0,1043.0,1043.0,1075.0,1075.0,1075.0,2060.0,2060.0,2060.0,1078.0,1078.0,1078.0,1043.0,1043.0,1043.0
1.0,6153.0,3186.0,3132.0,3234.0,3195.0,1065.0,1065.0,1065.0,1044.0,1044.0,1044.0,1062.0,1062.0,1062.0,2051.0,2051.0,2051.0,1065.0,1065.0,1065.0,1044.0,1044.0,1044.0
1.0,6201.0,3090.0,3132.0,3195.0,3090.0,1030.0,1030.0,1030.0,1044.0,1044.0,1044.0,1030.0,1030.0,1030.0,2067.0,2067.0,2067.0,1030.0,1030.0,1030.0,1044.0,1044.0,1044.0
1.0,6306.0,3102.0,3129.0,3090.0,3093.0,1031.0,1031.0,1031.0,1043.0,1043.0,1043.0,1034.0,1034.0,1034.0,2102.0,2102.0,2102.0,1031.0,1031.0,1031.0,1043.0,1043.0,1043.0
1.0,6294.0,3093.0,3129.0,3093.0,3093.0,1031.0,1031.0,1031.0,1043.0,1043.0,1043.0,1031.0,1031.0,1031.0,2098.0,2098.0,2098.0,1031.0,1031.0,1031.0,1043.0,1043.0,1043.0
1.0,6294.0,3156.0,3132.0,3093.0,3165.0,1055.0,1055.0,1055.0,1044.0,1044.0,1044.0,1052.0,1052.0,1052.0,2098.0,2098.0,2098.0,1055.0,1055.0,1055.0,1044.0,1044.0,1044.0
1.0,6231.0,3228.0,3132.0,3165.0,3228.0,1076.0,1076.0,1076.0,1044.0,1044.0,1044.0,1076.0,1076.0,1076.0,2077.0,2077.0,2077.0,1076.0,1076.0,1076.0,1044.0,1044.0,1044.0
1.0,6168.0,3225.0,3135.0,3228.0,3234.0,1078.0,1078.0,1078.0,1045.0,1045.0,1045.0,1075.0,1075.0,1075.0,2056.0,2056.0,2056.0,1078.0,1078.0,1078.0,1045.0,1045.0,1045.0
1.0,6171.0,3204.0,3138.0,3234.0,3213.0,1071.0,1071.0,1071.0,1046.0,1046.0,1046.0,1068.0,1068.0,1068.0,2057.0,2057.0,2057.0,1071.0,1071.0,1071.0,1046.0,1046.0,1046.0
1.0,6201.0,3102.0,3138.0,3213.0,3102.0,1034.0,1034.0,1034.0,1046.0,1046.0,1046.0,1034.0,1034.0,1034.0,2067.0,2067.0,2067.0,1034.0,1034.0,1034.0,1046.0,1046.0,1046.0
1.0,6312.0,3099.0,3135.0,3102.0,3090.0,1030.0,1030.0,1030.0,1045.0,1045.0,1045.0,1033.0,1033.0,1033.0,2104.0,2104.0,2104.0,1030.0,1030.0,1030.0,1045.0,1045.0,1045.0
1.0,6315.0,3159.0,3135.0,3090.0,3159.0,1053.0,1053.0,1053.0,1045.0,1045.0,1045.0,1053.0,1053.0,1053.0,2105.0,2105.0,2105.0,1053.0,1053.0,1053.0,1045.0,1045.0,1045.0
1.0,6246.0,3129.0,3138.0,3159.0,3138.0,1046.0,1046.0,1046.0,1046.0,1046.0,1046.0,1043.0,1043.0,1043.0,2082.0,2082.0,2082.0,1046.0,1046.0,1046.0,1046.0,1046.0,1046.0
1.0,6276.0,3177.0,3141.0,3138.0,3186.0,1062.0,1062.0,1062.0,1047.0,1047.0,1047.0,1059.0,1059.0,1059.0,2092.0,2092.0,2092.0,1062.0,1062.0,1062.0,1047.0,1047.0,1047.0
1.0,6237.0,3267.0,3144.0,3186.0,3276.0,1092.0,1092.0,1092.0,1048.0,1048.0,1048.0,1089.0,1089.0,1089.0,2079.0,2079.0,2079.0,1092.0,1092.0,1092.0,1048.0,1048.0,1048.0
1.0,6156.0,3234.0,3147.0,3276.0,3243.0,1081.0,1081.0,1081.0,1049.0,1049.0,1049.0,1078.0,1078.0,1078.0,2052.0,2052.0,2052.0,1081.0,1081.0,1081.0,1049.0,1049.0,1049.0
1.0,6198.0,3171.0,3147.0,3243.0,3171.0,1057.0,1057.0,1057.0,1049.0,1049.0,1049.0,1057.0,1057.0,1057.0,2066.0,2066.0,2066.0,1057.0,1057.0,1057.0,1049.0,1049.0,1049.0
1.0,6270.0,3135.0,3144.0,3171.0,3126.0,1042.0,1042.0,1042.0,1048.0,1048.0,1048.0,1045.0,1045.0,1045.0,2090.0,2090.0,2090.0,1042.0,1042.0,1042.0,1048.0,1048.0,1048.0
1.0,6306.0,3117.0,3144.0,3126.0,3117.0,1039.0,1039.0,1039.0,1048.0,1048.0,1048.0,1039.0,1039.0,1039.0,2102.0,2102.0,2102.0,1039.0,1039.0,1039.0,1048.0,1048.0,1048.0
1.0,6315.0,3111.0,3144.0,3117.0,3111.0,1037.0,1037.0,1037.0,1048.0,1048.0,1048.0,1037.0,1037.0,1037.0,2105.0,2105.0,2105.0,1037.0,1037.0,1037.0,1048.0,1048.0,1048.0
1.0,6321.0,3204.0,3147.0,3111.0,3213.0,1071.0,1071.0,1071.0,1049.0,1049.0,1049.0,1068.0,1068.0,1068.0,2107.0,2107.0,2107.0,1071.0,1071.0,1071.0,1049.0,1049.0,1049.0
1.0,6228.0,3267.0,3150.0,3213.0,3276.0,1092.0,1092.0,1092.0,1050.0,1050.0,1050.0,1089.0,1089.0,1089.0,2076.0,2076.0,2076.0,1092.0,1092.0,1092.0,1050.0,1050.0,1050.0
1.0,6174.0,3141.0,3150.0,3276.0,3141.0,1047.0,1047.0,1047.0,1050.0,1050.0,1050.0,1047.0,1047.0,1047.0,2058.0,2058.0,2058.0,1047.0,1047.0,1047.0,1050.0,1050.0,1050.0
1.0,6309.0,3081.0,3150.0,3141.0,3081.0,1027.0,1027.0,1027.0,1050.0,1050.0,1050.0,1027.0,1027.0,1027.0,2103.0,2103.0,2103.0,1027.0,1027.0,1027.0,1050.0,1050.0,1050.0
1.0,6369.0,3063.0,3147.0,3081.0,3054.0,1018.0,1018.0,1018.0,1049.0,1049.0,1049.0,1021.0,1021.0,1021.0,2123.0,2123.0,2123.0,1018.0,1018.0,1018.0,1049.0,1049.0,1049.0
1.0,6387.0,3147.0,3147.0,3054.0,3147.0,1049.0,1049.0,1049.0,1049.0,1049.0,1049.0,1049.0,1049.0,1049.0,2129.0,2129.0,2129.0,1049.0,1049.0,1049.0,1049.0,1049.0,1049.0
1.0,6294.0,3165.0,3147.0,3147.0,3165.0,1055.0,1055.0,1055.0,1049.0,1049.0,1049.0,1055.0,1055.0,1055.0,2098.0,2098.0,2098.0,1055.0,1055.0,1055.0,1049.0,1049.0,1049.0
1.0,6276.0,3183.0,3150.0,3165.0,3192.0,1064.0,1064.0,1064.0,1050.0,1050.0,1050.0,1061.0,1061.0,1061.0,2092.0,2092.0,2092.0,1064.0,1064.0,1064.0,1050.0,1050.0,1050.0
1.0,6258.0,3204.0,3153.0,3192.0,3213.0,1071.0,1071.0,1071.0,1051.0,1051.0,1051.0,1068.0,1068.0,1068.0,2086.0,2086.0,2086.0,1071.0,1071.0,1071.0,1051.0,1051.0,1051.0
1.0,6246.0,3186.0,3153.0,3213.0,3186.0,1062.0,1062.0,1062.0,1051.0,1051.0,1051.0,1062.0,1062.0,1062.0,2082.0,2082.0,2082.0,1062.0,1062.0,1062.0,1051.0,1051.0,1051.0
1.0,6273.0,3141.0,3153.0,3186.0,3141.0,1047.0,1047.0,1047.0,1051.0,1051.0,1051.0,1047.0,1047.0,1047.0,2091.0,2091.0,2091.0,1047.0,1047.0,1047.0,1051.0,1051.0,1051.0
1.0,6318.0,3075.0,3150.0,3141.0,3066.0,1022.0,1022.0,1022.0,1050.0,1050.0,1050.0,1025.0,1025.0,1025.0,2106.0,2106.0,2106.0,1022.0,1022.0,1022.0,1050.0,1050.0,1050.0
1.0,6384.0,3144.0,3150.0,3066.0,3144.0,1048.0,1048.0,1048.0,1050.0,1050.0,1050.0,1048.0,1048.0,1048.0,2128.0,2128.0,2128.0,1048.0,1048.0,1048.0,1050.0,1050.0,1050.0
1.0,6306.0,3186.0,3153.0,3144.0,3195.0,1065.0,1065.0,1065.0,1051.0,1051.0,1051.0,1062.0,1062.0,1062.0,2102.0,2102.0,2102.0,1065.0,1065.0,1065.0,1051.0,1051.0,1051.0
1.0,6264.0,3231.0,3156.0,3195.0,3240.0,1080.0,1080.0,1080.0,1052.0,1052.0,1052.0,1077.0,1077.0,1077.0,2088.0,2088.0,2088.0,1080.0,1080.0,1080.0,1052.0,1052.0,1052.0
1.0,6228.0,3270.0,3159.0,3240.0,3279.0,1093.0,1093.0,1093.0,1053.0,1053.0,1053.0,1090.0,1090.0,1090.0,2076.0,2076.0,2076.0,1093.0,1093.0,1093.0,1053.0,1053.0,1053.0
1.0,6198.0,3147.0,3159.0,3279.0,3147.0,1049.0,1049.0,1049.0,1053.0,1053.0,1053.0,1049.0,1049.0,1049.0,2066.0,2066.0,2066.0,1049.0,1049.0,1049.0,1053.0,1053.0,1053.0
1.0,6330.0,3192.0,3159.0,3147.0,3192.0,1064.0,1064.0,1064.0,1053.0,1053.0,1053.0,1064.0,1064.0,1064.0,2110.0,2110.0,2110.0,1064.0,1064.0,1064.0,1053.0,1053.0,1053.0
1.0,6285.0,3147.0,3156.0,3192.0,3138.0,1046.0,1046.0,1046.0,1052.0,1052.0,1052.0,1049.0,1049.0,1049.0,2095.0,2095.0,2095.0,1046.0,1046.0,1046.0,1052.0,1052.0,1052.0
1.0,6330.0,3120.0,3156.0,3138.0,3120.0,1040.0,1040.0,1040.0,1052.0,1052.0,1052.0,1040.0,1040.0,1040.0,2110.0,2110.0,2110.0,1040.0,1040.0,1040.0,1052.0,1052.0,1052.0
1.0,6348.0,3159.0,3159.0,3120.0,3168.0,1056.0,1056.0,1056.0,1053.0,1053.0,1053.0,1053.0,1053.0,1053.0,2116.0,2116.0,2116.0,1056.0,1056.0,1056.0,1053.0,1053.0,1053.0
1.0,6309.0,3219.0,3162.0,3168.0,3228.0,1076.0,1076.0,1076.0,1054.0,1054.0,1054.0,1073.0,1073.0,1073.0,2103.0,2103.0,2103.0,1076.0,1076.0,1076.0,1054.0,1054.0,1054.0
1.0,6258.0,3216.0,3165.0,3228.0,3225.0,1075.0,1075.0,1075.0,1055.0,1055.0,1055.0,1072.0,1072.0,1072.0,2086.0,2086.0,2086.0,1075.0,1075.0,1075.0,1055.0,1055.0,1055.0
1.0,6270.0,3195.0,3165.0,3225.0,3195.0,1065.0,1065.0,1065.0,1055.0,1055.0,1055.0,1065.0,1065.0,1065.0,2090.0,2090.0,2090.0,1065.0,1065.0,1065.0,1055.0,1055.0,1055.0
1.0,6300.0,3162.0,3165.0,3195.0,3162.0,1054.0,1054.0,1054.0,1055.0,1055.0,1055.0,1054.0,1054.0,1054.0,2100.0,2100.0,2100.0,1054.0,1054.0,1054.0,1055.0,1055.0,1055.0
1.0,6333.0,3066.0,3162.0,3162.0,3057.0,1019.0,1019.0,1019.0,1054.0,1054.0,1054.0,1022.0,1022.0,1022.0,2111.0,2111.0,2111.0,1019.0,1019.0,1019.0,1054.0,1054.0,1054.0
1.0,6429.0,3087.0,3159.0,3057.0,3078.0,1026.0,1026.0,1026.0,1053.0,1053.0,1053.0,1029.0,1029.0,1029.0,2143.0,2143.0,2143.0,1026.0,1026.0,1026.0,1053.0,1053.0,1053.0
1.0,6399.0,3189.0,3162.0,3078.0,3198.0,1066.0,1066.0,1066.0,1054.0,1054.0,1054.0,1063.0,1063.0,1063.0,2133.0,2133.0,2133.0,1066.0,1066.0,1066.0,1054.0,1054.0,1054.0
1.0,6288.0,3198.0,3162.0,3198.0,3198.0,1066.0,1066.0,1066.0,1054.0,1054.0,1054.0,1066.0,1066.0,1066.0,2096.0,2096.0,2096.0,1066.0,1066.0,1066.0,1054.0,1054.0,1054.0
1.0,6288.0,3156.0,3162.0,3198.0,3156.0,1052.0,1052.0,1052.0,1054.0,1054.0,1054.0,1052.0,1052.0,1052.0,2096.0,2096.0,2096.0,1052.0,1052.0,1052.0,1054.0,1054.0,1054.0
1.0,6330.0,3153.0,3162.0,3156.0,3153.0,1051.0,1051.0,1051.0,1054.0,1054.0,1054.0,1051.0,1051.0,1051.0,2110.0,2110.0,2110.0,1051.0,1051.0,1051.0,1054.0,1054.0,1054.0
1.0,6333.0,3123.0,3162.0,3153.0,3123.0,1041.0,1041.0,1041.0,1054.0,1054.0,1054.0,1041.0,1041.0,1041.0,2111.0,2111.0,2111.0,1041.0,1041.0,1041.0,1054.0,1054.0,1054.0
1.0,6363.0,3126.0,3159.0,3123.0,3117.0,1039.0,1039.0,1039.0,1053.0,1053.0,1053.0,1042.0,1042.0,1042.0,2121.0,2121.0,2121.0,1039.0,1039.0,1039.0,1053.0,1053.0,1053.0
1.0,6360.0,3093.0,3159.0,3117.0,3093.0,1031.0,1031.0,1031.0,1053.0,1053.0,1053.0,1031.0,1031.0,1031.0,2120.0,2120.0,2120.0,1031.0,1031.0,1031.0,1053.0,1053.0,1053.0
1.0,6384.0,3174.0,3159.0,3093.0,3174.0,1058.0,1058.0,1058.0,1053.0,1053.0,1053.0,1058.0,1058.0,1058.0,2128.0,2128.0,2128.0,1058.0,1058.0,1058.0,1053.0,1053.0,1053.0
1.0,6303.0,3231.0,3162.0,3174.0,3240.0,1080.0,1080.0,1080.0,1054.0,1054.0,1054.0,1077.0,1077.0,1077.0,2101.0,2101.0,2101.0,1080.0,1080.0,1080.0,1054.0,1054.0,1054.0
1.0,6246.0,3222.0,3165.0,3240.0,3231.0,1077.0,1077.0,1077.0,1055.0,1055.0,1055.0,1074.0,1074.0,1074.0,2082.0,2082.0,2082.0,1077.0,1077.0,1077.0,1055.0,1055.0,1055.0
1.0,6264.0,3171.0,3165.0,3231.0,3171.0,1057.0,1057.0,1057.0,1055.0,1055.0,1055.0,1057.0,1057.0,1057.0,2088.0,2088.0,2088.0,1057.0,1057.0,1057.0,1055.0,1055.0,1055.0
1.0,6324.0,3096.0,3162.0,3171.0,3087.0,1029.0,1029.0,1029.0,1054.0,1054.0,1054.0,1032.0,1032.0,1032.0,2108.0,2108.0,2108.0,1029.0,1029.0,1029.0,1054.0,1054.0,1054.0
1.0,6399.0,3105.0,3159.0,3087.0,3096.0,1032.0,1032.0,1032.0,1053.0,1053.0,1053.0,1035.0,1035.0,1035.0,2133.0,2133.0,2133.0,1032.0,1032.0,1032.0,1053.0,1053.0,1053.0
1.0,6381.0,3105.0,3159.0,3096.0,3105.0,1035.0,1035.0,1035.0,1053.0,1053.0,1053.0,1035.0,1035.0,1035.0,2127.0,2127.0,2127.0,1035.0,1035.0,1035.0,1053.0,1053.0,1053.0
1.0,6372.0,3204.0,3159.0,3105.0,3204.0,1068.0,1068.0,1068.0,1053.0,1053.0,1053.0,1068.0,1068.0,1068.0,2124.0,2124.0,2124.0,1068.0,1068.0,1068.0,1053.0,1053.0,1053.0
1.0,6273.0,3273.0,3165.0,3204.0,3291.0,1097.0,1097.0,1097.0,1055.0,1055.0,1055.0,1091.0,1091.0,1091.0,2091.0,2091.0,2091.0,1097.0,1097.0,1097.0,1055.0,1055.0,1055.0
1.0,6204.0,3249.0,3165.0,3291.0,3249.0,1083.0,1083.0,1083.0,1055.0,1055.0,1055.0,1083.0,1083.0,1083.0,2068.0,2068.0,2068.0,1083.0,1083.0,1083.0,1055.0,1055.0,1055.0
1.0,6246.0,3207.0,3168.0,3249.0,3216.0,1072.0,1072.0,1072.0,1056.0,1056.0,1056.0,1069.0,1069.0,1069.0,2082.0,2082.0,2082.0,1072.0,1072.0,1072.0,1056.0,1056.0,1056.0
1.0,6288.0,3168.0,3168.0,3216.0,3168.0,1056.0,1056.0,1056.0,1056.0,1056.0,1056.0,1056.0,1056.0,1056.0,2096.0,2096.0,2096.0,1056.0,1056.0,1056.0,1056.0,1056.0,1056.0
1.0,6336.0,3123.0,3165.0,3168.0,3114.0,1038.0,1038.0,1038.0,1055.0,1055.0,1055.0,1041.0,1041.0,1041.0,2112.0,2112.0,2112.0,1038.0,1038.0,1038.0,1055.0,1055.0,1055.0
1.0,6381.0,3084.0,3162.0,3114.0,3075.0,1025.0,1025.0,1025.0,1054.0,1054.0,1054.0,1028.0,1028.0,1028.0,2127.0,2127.0,2127.0,1025.0,1025.0,1025.0,1054.0,1054.0,1054.0
1.0,6411.0,3186.0,3162.0,3075.0,3186.0,1062.0,1062.0,1062.0,1054.0,1054.0,1054.0,1062.0,1062.0,1062.0,2137.0,2137.0,2137.0,1062.0,1062.0,1062.0,1054.0,1054.0,1054.0
1.0,6300.0,3216.0,3162.0,3186.0,3216.0,1072.0,1072.0,1072.0,1054.0,1054.0,1054.0,1072.0,1072.0,1072.0,2100.0,2100.0,2100.0,1072.0,1072.0,1072.0,1054.0,1054.0,1054.0
1.0,6270.0,3204.0,3165.0,3216.0,3213.0,1071.0,1071.0,1071.0,1055.0,1055.0,1055.0,1068.0,1068.0,1068.0,2090.0,2090.0,2090.0,1071.0,1071.0,1071.0,1055.0,1055.0,1055.0
1.0,6282.0,3249.0,3168.0,3213.0,3258.0,1086.0,1086.0,1086.0,1056.0,1056.0,1056.0,1083.0,1083.0,1083.0,2094.0,2094.0,2094.0,1086.0,1086.0,1086.0,1056.0,1056.0,1056.0
1.0,6246.0,3162.0,3168.0,3258.0,3162.0,1054.0,1054.0,1054.0,1056.0,1056.0,1056.0,1054.0,1054.0,1054.0,2082.0,2082.0,2082.0,1054.0,1054.0,1054.0,1056.0,1056.0,1056.0
1.0,6342.0,3114.0,3165.0,3162.0,3105.0,1035.0,1035.0,1035.0,1055.0,1055.0,1055.0,1038.0,1038.0,1038.0,2114.0,2114.0,2114.0,1035.0,1035.0,1035.0,1055.0,1055.0,1055.0
1.0,6390.0,3165.0,3165.0,3105.0,3165.0,1055.0,1055.0,1055.0,1055.0,1055.0,1055.0,1055.0,1055.0,1055.0,2130.0,2130.0,2130.0,1055.0,1055.0,1055.0,1055.0,1055.0,1055.0
1.0,6330.0,3144.0,3165.0,3165.0,3144.0,1048.0,1048.0,1048.0,1055.0,1055.0,1055.0,1048.0,1048.0,1048.0,2110.0,2110.0,2110.0,1048.0,1048.0,1048.0,1055.0,1055.0,1055.0
1.0,6351.0,3246.0,3168.0,3144.0,3255.0,1085.0,1085.0,1085.0,1056.0,1056.0,1056.0,1082.0,1082.0,1082.0,2117.0,2117.0,2117.0,1085.0,1085.0,1085.0,1056.0,1056.0,1056.0
1.0,6249.0,3261.0,3171.0,3255.0,3270.0,1090.0,1090.0,1090.0,1057.0,1057.0,1057.0,1087.0,1087.0,1087.0,2083.0,2083.0,2083.0,1090.0,1090.0,1090.0,1057.0,1057.0,1057.0
1.0,6243.0,3192.0,3171.0,3270.0,3192.0,1064.0,1064.0,1064.0,1057.0,1057.0,1057.0,1064.0,1064.0,1064.0,2081.0,2081.0,2081.0,1064.0,1064.0,1064.0,1057.0,1057.0,1057.0
1.0,6321.0,3192.0,3171.0,3192.0,3192.0,1064.0,1064.0,1064.0,1057.0,1057.0,1057.0,1064.0,1064.0,1064.0,2107.0,2107.0,2107.0,1064.0,1064.0,1064.0,1057.0,1057.0,1057.0
1.0,6321.0,3228.0,3171.0,3192.0,3228.0,1076.0,1076.0,1076.0,1057.0,1057.0,1057.0,1076.0,1076.0,1076.0,2107.0,2107.0,2107.0,1076.0,1076.0,1076.0,1057.0,1057.0,1057.0
1.0,6285.0,3222.0,3174.0,3228.0,3231.0,1077.0,1077.0,1077.0,1058.0,1058.0,1058.0,1074.0,1074.0,1074.0,2095.0,2095.0,2095.0,1077.0,1077.0,1077.0,1058.0,1058.0,1058.0
1.0,6291.0,3189.0,3174.0,3231.0,3189.0,1063.0,1063.0,1063.0,1058.0,1058.0,1058.0,1063.0,1063.0,1063.0,2097.0,2097.0,2097.0,1063.0,1063.0,1063.0,1058.0,1058.0,1058.0
1.0,6333.0,3204.0,3177.0,3189.0,3213.0,1071.0,1071.0,1071.0,1059.0,1059.0,1059.0,1068.0,1068.0,1068.0,2111.0,2111.0,2111.0,1071.0,1071.0,1071.0,1059.0,1059.0,1059.0
1.0,6318.0,3174.0,3177.0,3213.0,3174.0,1058.0,1058.0,1058.0,1059.0,1059.0,1059.0,1058.0,1058.0,1058.0,2106.0,2106.0,2106.0,1058.0,1058.0,1058.0,1059.0,1059.0,1059.0
1.0,6357.0,3213.0,3177.0,3174.0,3213.0,1071.0,1071.0,1071.0,1059.0,1059.0,1059.0,1071.0,1071.0,1071.0,2119.0,2119.0,2119.0,1071.0,1071.0,1071.0,1059.0,1059.0,1059.0
1.0,6318.0,3123.0,3174.0,3213.0,3114.0,1038.0,1038.0,1038.0,1058.0,1058.0,1058.0,1041.0,1041.0,1041.0,2106.0,2106.0,2106.0,1038.0,1038.0,1038.0,1058.0,1058.0,1058.0
1.0,6408.0,3123.0,3171.0,3114.0,3114.0,1038.0,1038.0,1038.0,1057.0,1057.0,1057.0,1041.0,1041.0,1041.0,2136.0,2136.0,2136.0,1038.0,1038.0,1038.0,1057.0,1057.0,1057.0
1.0,6399.0,3186.0,3174.0,3114.0,3195.0,1065.0,1065.0,1065.0,1058.0,1058.0,1058.0,1062.0,1062.0,1062.0,2133.0,2133.0,2133.0,1065.0,1065.0,1065.0,1058.0,1058.0,1058.0
1.0,6327.0,3189.0,3174.0,3195.0,3189.0,1063.0,1063.0,1063.0,1058.0,1058.0,1058.0,1063.0,1063.0,1063.0,2109.0,2109.0,2109.0,1063.0,1063.0,1063.0,1058.0,1058.0,1058.0
1.0,6333.0,3225.0,3174.0,3189.0,3225.0,1075.0,1075.0,1075.0,1058.0,1058.0,1058.0,1075.0,1075.0,1075.0,2111.0,2111.0,2111.0,1075.0,1075.0,1075.0,1058.0,1058.0,1058.0
1.0,6297.0,3210.0,3177.0,3225.0,3219.0,1073.0,1073.0,1073.0,1059.0,1059.0,1059.0,1070.0,1070.0,1070.0,2099.0,2099.0,2099.0,1073.0,1073.0,1073.0,1059.0,1059.0,1059.0
1.0,6312.0,3297.0,3180.0,3219.0,3306.0,1102.0,1102.0,1102.0,1060.0,1060.0,1060.0,1099.0,1099.0,1099.0,2104.0,2104.0,2104.0,1102.0,1102.0,1102.0,1060.0,1060.0,1060.0
1.0,6234.0,3192.0,3180.0,3306.0,3192.0,1064.0,1064.0,1064.0,1060.0,1060.0,1060.0,1064.0,1064.0,1064.0,2078.0,2078.0,2078.0,1064.0,1064.0,1064.0,1060.0,1060.0,1060.0
1.0,6348.0,3168.0,3177.0,3192.0,3159.0,1053.0,1053.0,1053.0,1059.0,1059.0,1059.0,1056.0,1056.0,1056.0,2116.0,2116.0,2116.0,1053.0,1053.0,1053.0,1059.0,1059.0,1059.0
1.0,6372.0,3096.0,3177.0,3159.0,3096.0,1032.0,1032.0,1032.0,1059.0,1059.0,1059.0,1032.0,1032.0,1032.0,2124.0,2124.0,2124.0,1032.0,1032.0,1032.0,1059.0,1059.0,1059.0
1.0,6435.0,3243.0,3177.0,3096.0,3243.0,1081.0,1081.0,1081.0,1059.0,1059.0,1059.0,1081.0,1081.0,1081.0,2145.0,2145.0,2145.0,1081.0,1081.0,1081.0,1059.0,1059.0,1059.0
1.0,6288.0,3222.0,3180.0,3243.0,3231.0,1077.0,1077.0,1077.0,1060.0,1060.0,1060.0,1074.0,1074.0,1074.0,2096.0,2096.0,2096.0,1077.0,1077.0,1077.0,1060.0,1060.0,1060.0
1.0,6309.0,3264.0,3183.0,3231.0,3273.0,1091.0,1091.0,1091.0,1061.0,1061.0,1061.0,1088.0,1088.0,1088.0,2103.0,2103.0,2103.0,1091.0,1091.0,1091.0,1061.0,1061.0,1061.0
1.0,6276.0,3219.0,3183.0,3273.0,3219.0,1073.0,1073.0,1073.0,1061.0,1061.0,1061.0,1073.0,1073.0,1073.0,2092.0,2092.0,2092.0,1073.0,1073.0,1073.0,1061.0,1061.0,1061.0
1.0,6330.0,3228.0,3186.0,3219.0,3237.0,1079.0,1079.0,1079.0,1062.0,1062.0,1062.0,1076.0,1076.0,1076.0,2110.0,2110.0,2110.0,1079.0,1079.0,1079.0,1062.0,1062.0,1062.0
1.0,6321.0,3141.0,3186.0,3237.0,3141.0,1047.0,1047.0,1047.0,1062.0,1062.0,1062.0,1047.0,1047.0,1047.0,2107.0,2107.0,2107.0,1047.0,1047.0,1047.0,1062.0,1062.0,1062.0
1.0,6417.0,3168.0,3186.0,3141.0,3168.0,1056.0,1056.0,1056.0,1062.0,1062.0,1062.0,1056.0,1056.0,1056.0,2139.0,2139.0,2139.0,1056.0,1056.0,1056.0,1062.0,1062.0,1062.0
1.0,6390.0,3183.0,3186.0,3168.0,3183.0,1061.0,1061.0,1061.0,1062.0,1062.0,1062.0,1061.0,1061.0,1061.0,2130.0,2130.0,2130.0,1061.0,1061.0,1061.0,1062.0,1062.0,1062.0
1.0,6375.0,3243.0,3189.0,3183.0,3252.0,1084.0,1084.0,1084.0,1063.0,1063.0,1063.0,1081.0,1081.0,1081.0,2125.0,2125.0,2125.0,1084.0,1084.0,1084.0,1063.0,1063.0,1063.0
1.0,6315.0,3207.0,3189.0,3252.0,3207.0,1069.0,1069.0,1069.0,1063.0,1063.0,1063.0,1069.0,1069.0,1069.0,2105.0,2105.0,2105.0,1069.0,1069.0,1069.0,1063.0,1063.0,1063.0
1.0,6360.0,3231.0,3192.0,3207.0,3240.0,1080.0,1080.0,1080.0,1064.0,1064.0,1064.0,1077.0,1077.0,1077.0,2120.0,2120.0,2120.0,1080.0,1080.0,1080.0,1064.0,1064.0,1064.0
1.0,6336.0,3198.0,3192.0,3240.0,3198.0,1066.0,1066.0,1066.0,1064.0,1064.0,1064.0,1066.0,1066.0,1066.0,2112.0,2112.0,2112.0,1066.0,1066.0,1066.0,1064.0,1064.0,1064.0
1.0,6378.0,3159.0,3189.0,3198.0,3150.0,1050.0,1050.0,1050.0,1063.0,1063.0,1063.0,1053.0,1053.0,1053.0,2126.0,2126.0,2126.0,1050.0,1050.0,1050.0,1063.0,1063.0,1063.0
1.0,6417.0,3123.0,3189.0,3150.0,3123.0,1041.0,1041.0,1041.0,1063.0,1063.0,1063.0,1041.0,1041.0,1041.0,2139.0,2139.0,2139.0,1041.0,1041.0,1041.0,1063.0,1063.0,1063.0
1.0,6444.0,3225.0,3192.0,3123.0,3234.0,1078.0,1078.0,1078.0,1064.0,1064.0,1064.0,1075.0,1075.0,1075.0,2148.0,2148.0,2148.0,1078.0,1078.0,1078.0,1064.0,1064.0,1064.0
1.0,6342.0,3246.0,3195.0,3234.0,3255.0,1085.0,1085.0,1085.0,1065.0,1065.0,1065.0,1082.0,1082.0,1082.0,2114.0,2114.0,2114.0,1085.0,1085.0,1085.0,1065.0,1065.0,1065.0
1.0,6330.0,3243.0,3198.0,3255.0,3252.0,1084.0,1084.0,1084.0,1066.0,1066.0,1066.0,1081.0,1081.0,1081.0,2110.0,2110.0,2110.0,1084.0,1084.0,1084.0,1066.0,1066.0,1066.0
1.0,6342.0,3237.0,3198.0,3252.0,3237.0,1079.0,1079.0,1079.0,1066.0,1066.0,1066.0,1079.0,1079.0,1079.0,2114.0,2114.0,2114.0,1079.0,1079.0,1079.0,1066.0,1066.0,1066.0
1.0,6357.0,3189.0,3195.0,3237.0,3180.0,1060.0,1060.0,1060.0,1065.0,1065.0,1065.0,1063.0,1063.0,1063.0,2119.0,2119.0,2119.0,1060.0,1060.0,1060.0,1065.0,1065.0,1065.0
1.0,6405.0,3150.0,3195.0,3180.0,3150.0,1050.0,1050.0,1050.0,1065.0,1065.0,1065.0,1050.0,1050.0,1050.0,2135.0,2135.0,2135.0,1050.0,1050.0,1050.0,1065.0,1065.0,1065.0
1.0,6435.0,3153.0,3192.0,3150.0,3144.0,1048.0,1048.0,1048.0,1064.0,1064.0,1064.0,1051.0,1051.0,1051.0,2145.0,2145.0,2145.0,1048.0,1048.0,1048.0,1064.0,1064.0,1064.0
1.0,6432.0,3228.0,3195.0,3144.0,3237.0,1079.0,1079.0,1079.0,1065.0,1065.0,1065.0,1076.0,1076.0,1076.0,2144.0,2144.0,2144.0,1079.0,1079.0,1079.0,1065.0,1065.0,1065.0
1.0,6348.0,3252.0,3195.0,3237.0,3252.0,1084.0,1084.0,1084.0,1065.0,1065.0,1065.0,1084.0,1084.0,1084.0,2116.0,2116.0,2116.0,1084.0,1084.0,1084.0,1065.0,1065.0,1065.0
1.0,6333.0,3264.0,3201.0,3252.0,3282.0,1094.0,1094.0,1094.0,1067.0,1067.0,1067.0,1088.0,1088.0,1088.0,2111.0,2111.0,2111.0,1094.0,1094.0,1094.0,1067.0,1067.0,1067.0
1.0,6321.0,3252.0,3201.0,3282.0,3252.0,1084.0,1084.0,1084.0,1067.0,1067.0,1067.0,1084.0,1084.0,1084.0,2107.0,2107.0,2107.0,1084.0,1084.0,1084.0,1067.0,1067.0,1067.0
1.0,6351.0,3222.0,3201.0,3252.0,3222.0,1074.0,1074.0,1074.0,1067.0,1067.0,1067.0,1074.0,1074.0,1074.0,2117.0,2117.0,2117.0,1074.0,1074.0,1074.0,1067.0,1067.0,1067.0
1.0,6381.0,3177.0,3201.0,3222.0,3177.0,1059.0,1059.0,1059.0,1067.0,1067.0,1067.0,1059.0,1059.0,1059.0,2127.0,2127.0,2127.0,1059.0,1059.0,1059.0,1067.0,1067.0,1067.0
1.0,6426.0,3153.0,3198.0,3177.0,3144.0,1048.0,1048.0,1048.0,1066.0,1066.0,1066.0,1051.0,1051.0,1051.0,2142.0,2142.0,2142.0,1048.0,1048.0,1048.0,1066.0,1066.0,1066.0
1.0,6450.0,3267.0,3201.0,3144.0,3276.0,1092.0,1092.0,1092.0,1067.0,1067.0,1067.0,1089.0,1089.0,1089.0,2150.0,2150.0,2150.0,1092.0,1092.0,1092.0,1067.0,1067.0,1067.0
1.0,6327.0,3243.0,3204.0,3276.0,3252.0,1084.0,1084.0,1084.0,1068.0,1068.0,1068.0,1081.0,1081.0,1081.0,2109.0,2109.0,2109.0,1084.0,1084.0,1084.0,1068.0,1068.0,1068.0
1.0,6360.0,3345.0,3207.0,3252.0,3354.0,1118.0,1118.0,1118.0,1069.0,1069.0,1069.0,1115.0,1115.0,1115.0,2120.0,2120.0,2120.0,1118.0,1118.0,1118.0,1069.0,1069.0,1069.0
1.0,6267.0,3219.0,3207.0,3354.0,3219.0,1073.0,1073.0,1073.0,1069.0,1069.0,1069.0,1073.0,1073.0,1073.0,2089.0,2089.0,2089.0,1073.0,1073.0,1073.0,1069.0,1069.0,1069.0
1.0,6402.0,3183.0,3207.0,3219.0,3183.0,1061.0,1061.0,1061.0,1069.0,1069.0,1069.0,1061.0,1061.0,1061.0,2134.0,2134.0,2134.0,1061.0,1061.0,1061.0,1069.0,1069.0,1069.0
1.0,6438.0,3171.0,3204.0,3183.0,3162.0,1054.0,1054.0,1054.0,1068.0,1068.0,1068.0,1057.0,1057.0,1057.0,2146.0,2146.0,2146.0,1054.0,1054.0,1054.0,1068.0,1068.0,1068.0
1.0,6450.0,3225.0,3207.0,3162.0,3234.0,1078.0,1078.0,1078.0,1069.0,1069.0,1069.0,1075.0,1075.0,1075.0,2150.0,2150.0,2150.0,1078.0,1078.0,1078.0,1069.0,1069.0,1069.0
1.0,6387.0,3234.0,3207.0,3234.0,3234.0,1078.0,1078.0,1078.0,1069.0,1069.0,1069.0,1078.0,1078.0,1078.0,2129.0,2129.0,2129.0,1078.0,1078.0,1078.0,1069.0,1069.0,1069.0
1.0,6387.0,3270.0,3207.0,3234.0,3270.0,1090.0,1090.0,1090.0,1069.0,1069.0,1069.0,1090.0,1090.0,1090.0,2129.0,2129.0,2129.0,1090.0,1090.0,1090.0,1069.0,1069.0,1069.0
1.0,6351.0,3279.0,3210.0,3270.0,3288.0,1096.0,1096.0,1096.0,1070.0,1070.0,1070.0,1093.0,1093.0,1093.0,2117.0,2117.0,2117.0,1096.0,1096.0,1096.0,1070.0,1070.0,1070.0
1.0,6342.0,3252.0,3210.0,3288.0,3252.0,1084.0,1084.0,1084.0,1070.0,1070.0,1070.0,1084.0,1084.0,1084.0,2114.0,2114.0,2114.0,1084.0,1084.0,1084.0,1070.0,1070.0,1070.0
1.0,6378.0,3150.0,3210.0,3252.0,3150.0,1050.0,1050.0,1050.0,1070.0,1070.0,1070.0,1050.0,1050.0,1050.0,2126.0,2126.0,2126.0,1050.0,1050.0,1050.0,1070.0,1070.0,1070.0
1.0,6480.0,3150.0,3207.0,3150.0,3141.0,1047.0,1047.0,1047.0,1069.0,1069.0,1069.0,1050.0,1050.0,1050.0,2160.0,2160.0,2160.0,1047.0,1047.0,1047.0,1069.0,1069.0,1069.0
1.0,6480.0,3177.0,3207.0,3141.0,3177.0,1059.0,1059.0,1059.0,1069.0,1069.0,1069.0,1059.0,1059.0,1059.0,2160.0,2160.0,2160.0,1059.0,1059.0,1059.0,1069.0,1069.0,1069.0
1.0,6444.0,3222.0,3210.0,3177.0,3231.0,1077.0,1077.0,1077.0,1070.0,1070.0,1070.0,1074.0,1074.0,1074.0,2148.0,2148.0,2148.0,1077.0,1077.0,1077.0,1070.0,1070.0,1070.0
1.0,6399.0,3282.0,3213.0,3231.0,3291.0,1097.0,1097.0,1097.0,1071.0,1071.0,1071.0,1094.0,1094.0,1094.0,2133.0,2133.0,2133.0,1097.0,1097.0,1097.0,1071.0,1071.0,1071.0
1.0,6348.0,3288.0,3216.0,3291.0,3297.0,1099.0,1099.0,1099.0,1072.0,1072.0,1072.0,1096.0,1096.0,1096.0,2116.0,2116.0,2116.0,1099.0,1099.0,1099.0,1072.0,1072.0,1072.0
1.0,6351.0,3255.0,3216.0,3297.0,3255.0,1085.0,1085.0,1085.0,1072.0,1072.0,1072.0,1085.0,1085.0,1085.0,2117.0,2117.0,2117.0,1085.0,1085.0,1085.0,1072.0,1072.0,1072.0
1.0,6393.0,3180.0,3216.0,3255.0,3180.0,1060.0,1060.0,1060.0,1072.0,1072.0,1072.0,1060.0,1060.0,1060.0,2131.0,2131.0,2131.0,1060.0,1060.0,1060.0,1072.0,1072.0,1072.0
1.0,6468.0,3183.0,3213.0,3180.0,3174.0,1058.0,1058.0,1058.0,1071.0,1071.0,1071.0,1061.0,1061.0,1061.0,2156.0,2156.0,2156.0,1058.0,1058.0,1058.0,1071.0,1071.0,1071.0
1.0,6465.0,3123.0,3210.0,3174.0,3114.0,1038.0,1038.0,1038.0,1070.0,1070.0,1070.0,1041.0,1041.0,1041.0,2155.0,2155.0,2155.0,1038.0,1038.0,1038.0,1070.0,1070.0,1070.0
1.0,6516.0,3186.0,3210.0,3114.0,3186.0,1062.0,1062.0,1062.0,1070.0,1070.0,1070.0,1062.0,1062.0,1062.0,2172.0,2172.0,2172.0,1062.0,1062.0,1062.0,1070.0,1070.0,1070.0
1.0,6444.0,3240.0,3213.0,3186.0,3249.0,1083.0,1083.0,1083.0,1071.0,1071.0,1071.0,1080.0,1080.0,1080.0,2148.0,2148.0,2148.0,1083.0,1083.0,1083.0,1071.0,1071.0,1071.0
1.0,6390.0,3225.0,3216.0,3249.0,3234.0,1078.0,1078.0,1078.0,1072.0,1072.0,1072.0,1075.0,1075.0,1075.0,2130.0,2130.0,2130.0,1078.0,1078.0,1078.0,1072.0,1072.0,1072.0
1.0,6414.0,3297.0,3216.0,3234.0,3297.0,1099.0,1099.0,1099.0,1072.0,1072.0,1072.0,1099.0,1099.0,1099.0,2138.0,2138.0,2138.0,1099.0,1099.0,1099.0,1072.0,1072.0,1072.0
1.0,6351.0,3105.0,3213.0,3297.0,3096.0,1032.0,1032.0,1032.0,1071.0,1071.0,1071.0,1035.0,1035.0,1035.0,2117.0,2117.0,2117.0,1032.0,1032.0,1032.0,1071.0,1071.0,1071.0
1.0,6543.0,3213.0,3213.0,3096.0,3213.0,1071.0,1071.0,1071.0,1071.0,1071.0,1071.0,1071.0,1071.0,1071.0,2181.0,2181.0,2181.0,1071.0,1071.0,1071.0,1071.0,1071.0,1071.0
1.0,6426.0,3165.0,3213.0,3213.0,3165.0,1055.0,1055.0,1055.0,1071.0,1071.0,1071.0,1055.0,1055.0,1055.0,2142.0,2142.0,2142.0,1055.0,1055.0,1055.0,1071.0,1071.0,1071.0
1.0,6474.0,3240.0,3213.0,3165.0,3240.0,1080.0,1080.0,1080.0,1071.0,1071.0,1071.0,1080.0,1080.0,1080.0,2158.0,2158.0,2158.0,1080.0,1080.0,1080.0,1071.0,1071.0,1071.0
1.0,6399.0,3300.0,3216.0,3240.0,3309.0,1103.0,1103.0,1103.0,1072.0,1072.0,1072.0,1100.0,1100.0,1100.0,2133.0,2133.0,2133.0,1103.0,1103.0,1103.0,1072.0,1072.0,1072.0
1.0,6339.0,3300.0,3216.0,3309.0,3300.0,1100.0,1100.0,1100.0,1072.0,1072.0,1072.0,1100.0,1100.0,1100.0,2113.0,2113.0,2113.0,1100.0,1100.0,1100.0,1072.0,1072.0,1072.0
1.0,6348.0,3258.0,3219.0,3300.0,3267.0,1089.0,1089.0,1089.0,1073.0,1073.0,1073.0,1086.0,1086.0,1086.0,2116.0,2116.0,2116.0,1089.0,1089.0,1089.0,1073.0,1073.0,1073.0
1.0,6390.0,3204.0,3219.0,3267.0,3204.0,1068.0,1068.0,1068.0,1073.0,1073.0,1073.0,1068.0,1068.0,1068.0,2130.0,2130.0,2130.0,1068.0,1068.0,1068.0,1073.0,1073.0,1073.0
1.0,6453.0,3153.0,3216.0,3204.0,3144.0,1048.0,1048.0,1048.0,1072.0,1072.0,1072.0,1051.0,1051.0,1051.0,2151.0,2151.0,2151.0,1048.0,1048.0,1048.0,1072.0,1072.0,1072.0
1.0,6504.0,3237.0,3216.0,3144.0,3237.0,1079.0,1079.0,1079.0,1072.0,1072.0,1072.0,1079.0,1079.0,1079.0,2168.0,2168.0,2168.0,1079.0,1079.0,1079.0,1072.0,1072.0,1072.0
1.0,6411.0,3213.0,3216.0,3237.0,3213.0,1071.0,1071.0,1071.0,1072.0,1072.0,1072.0,1071.0,1071.0,1071.0,2137.0,2137.0,2137.0,1071.0,1071.0,1071.0,1072.0,1072.0,1072.0
1.0,6435.0,3288.0,3219.0,3213.0,3297.0,1099.0,1099.0,1099.0,1073.0,1073.0,1073.0,1096.0,1096.0,1096.0,2145.0,2145.0,2145.0,1099.0,1099.0,1099.0,1073.0,1073.0,1073.0
1.0,6360.0,3336.0,3225.0,3297.0,3354.0,1118.0,1118.0,1118.0,1075.0,1075.0,1075.0,1112.0,1112.0,1112.0,2120.0,2120.0,2120.0,1118.0,1118.0,1118.0,1075.0,1075.0,1075.0
1.0,6321.0,3327.0,3225.0,3354.0,3327.0,1109.0,1109.0,1109.0,1075.0,1075.0,1075.0,1109.0,1109.0,1109.0,2107.0,2107.0,2107.0,1109.0,1109.0,1109.0,1075.0,1075.0,1075.0
1.0,6348.0,3216.0,3225.0,3327.0,3216.0,1072.0,1072.0,1072.0,1075.0,1075.0,1075.0,1072.0,1072.0,1072.0,2116.0,2116.0,2116.0,1072.0,1072.0,1072.0,1075.0,1075.0,1075.0
1.0,6459.0,3183.0,3225.0,3216.0,3183.0,1061.0,1061.0,1061.0,1075.0,1075.0,1075.0,1061.0,1061.0,1061.0,2153.0,2153.0,2153.0,1061.0,1061.0,1061.0,1075.0,1075.0,1075.0
1.0,6492.0,3192.0,3222.0,3183.0,3183.0,1061.0,1061.0,1061.0,1074.0,1074.0,1074.0,1064.0,1064.0,1064.0,2164.0,2164.0,2164.0,1061.0,1061.0,1061.0,1074.0,1074.0,1074.0
1.0,6483.0,3222.0,3225.0,3183.0,3231.0,1077.0,1077.0,1077.0,1075.0,1075.0,1075.0,1074.0,1074.0,1074.0,2161.0,2161.0,2161.0,1077.0,1077.0,1077.0,1075.0,1075.0,1075.0
1.0,6444.0,3357.0,3228.0,3231.0,3366.0,1122.0,1122.0,1122.0,1076.0,1076.0,1076.0,1119.0,1119.0,1119.0,2148.0,2148.0,2148.0,1122.0,1122.0,1122.0,1076.0,1076.0,1076.0
1.0,6318.0,3357.0,3231.0,3366.0,3366.0,1122.0,1122.0,1122.0,1077.0,1077.0,1077.0,1119.0,1119.0,1119.0,2106.0,2106.0,2106.0,1122.0,1122.0,1122.0,1077.0,1077.0,1077.0
1.0,6327.0,3225.0,3231.0,3366.0,3225.0,1075.0,1075.0,1075.0,1077.0,1077.0,1077.0,1075.0,1075.0,1075.0,2109.0,2109.0,2109.0,1075.0,1075.0,1075.0,1077.0,1077.0,1077.0
1.0,6468.0,3249.0,3231.0,3225.0,3249.0,1083.0,1083.0,1083.0,1077.0,1077.0,1077.0,1083.0,1083.0,1083.0,2156.0,2156.0,2156.0,1083.0,1083.0,1083.0,1077.0,1077.0,1077.0
1.0,6444.0,3186.0,3231.0,3249.0,3186.0,1062.0,1062.0,1062.0,1077.0,1077.0,1077.0,1062.0,1062.0,1062.0,2148.0,2148.0,2148.0,1062.0,1062.0,1062.0,1077.0,1077.0,1077.0
1.0,6507.0,3228.0,3231.0,3186.0,3228.0,1076.0,1076.0,1076.0,1077.0,1077.0,1077.0,1076.0,1076.0,1076.0,2169.0,2169.0,2169.0,1076.0,1076.0,1076.0,1077.0,1077.0,1077.0
1.0,6465.0,3225.0,3231.0,3228.0,3225.0,1075.0,1075.0,1075.0,1077.0,1077.0,1077.0,1075.0,1075.0,1075.0,2155.0,2155.0,2155.0,1075.0,1075.0,1075.0,1077.0,1077.0,1077.0
1.0,6468.0,3306.0,3231.0,3225.0,3306.0,1102.0,1102.0,1102.0,1077.0,1077.0,1077.0,1102.0,1102.0,1102.0,2156.0,2156.0,2156.0,1102.0,1102.0,1102.0,1077.0,1077.0,1077.0
1.0,6387.0,3279.0,3234.0,3306.0,3288.0,1096.0,1096.0,1096.0,1078.0,1078.0,1078.0,1093.0,1093.0,1093.0,2129.0,2129.0,2129.0,1096.0,1096.0,1096.0,1078.0,1078.0,1078.0
1.0,6414.0,3351.0,3237.0,3288.0,3360.0,1120.0,1120.0,1120.0,1079.0,1079.0,1079.0,1117.0,1117.0,1117.0,2138.0,2138.0,2138.0,1120.0,1120.0,1120.0,1079.0,1079.0,1079.0
1.0,6351.0,3198.0,3237.0,3360.0,3198.0,1066.0,1066.0,1066.0,1079.0,1079.0,1079.0,1066.0,1066.0,1066.0,2117.0,2117.0,2117.0,1066.0,1066.0,1066.0,1079.0,1079.0,1079.0
1.0,6513.0,3183.0,3231.0,3198.0,3165.0,1055.0,1055.0,1055.0,1077.0,1077.0,1077.0,1061.0,1061.0,1061.0,2171.0,2171.0,2171.0,1055.0,1055.0,1055.0,1077.0,1077.0,1077.0
1.0,6528.0,3228.0,3234.0,3165.0,3237.0,1079.0,1079.0,1079.0,1078.0,1078.0,1078.0,1076.0,1076.0,1076.0,2176.0,2176.0,2176.0,1079.0,1079.0,1079.0,1078.0,1078.0,1078.0
1.0,6465.0,3288.0,3234.0,3237.0,3288.0,1096.0,1096.0,1096.0,1078.0,1078.0,1078.0,1096.0,1096.0,1096.0,2155.0,2155.0,2155.0,1096.0,1096.0,1096.0,1078.0,1078.0,1078.0
1.0,6414.0,3363.0,3237.0,3288.0,3372.0,1124.0,1124.0,1124.0,1079.0,1079.0,1079.0,1121.0,1121.0,1121.0,2138.0,2138.0,2138.0,1124.0,1124.0,1124.0,1079.0,1079.0,1079.0
1.0,6339.0,3351.0,3240.0,3372.0,3360.0,1120.0,1120.0,1120.0,1080.0,1080.0,1080.0,1117.0,1117.0,1117.0,2113.0,2113.0,2113.0,1120.0,1120.0,1120.0,1080.0,1080.0,1080.0
1.0,6360.0,3279.0,3243.0,3360.0,3288.0,1096.0,1096.0,1096.0,1081.0,1081.0,1081.0,1093.0,1093.0,1093.0,2120.0,2120.0,2120.0,1096.0,1096.0,1096.0,1081.0,1081.0,1081.0
1.0,6441.0,3243.0,3240.0,3288.0,3234.0,1078.0,1078.0,1078.0,1080.0,1080.0,1080.0,1081.0,1081.0,1081.0,2147.0,2147.0,2147.0,1078.0,1078.0,1078.0,1080.0,1080.0,1080.0
1.0,6486.0,3159.0,3240.0,3234.0,3159.0,1053.0,1053.0,1053.0,1080.0,1080.0,1080.0,1053.0,1053.0,1053.0,2162.0,2162.0,2162.0,1053.0,1053.0,1053.0,1080.0,1080.0,1080.0
1.0,6561.0,3171.0,3237.0,3159.0,3162.0,1054.0,1054.0,1054.0,1079.0,1079.0,1079.0,1057.0,1057.0,1057.0,2187.0,2187.0,2187.0,1054.0,1054.0,1054.0,1079.0,1079.0,1079.0
1.0,6549.0,3279.0,3240.0,3162.0,3288.0,1096.0,1096.0,1096.0,1080.0,1080.0,1080.0,1093.0,1093.0,1093.0,2183.0,2183.0,2183.0,1096.0,1096.0,1096.0,1080.0,1080.0,1080.0
1.0,6432.0,3303.0,3243.0,3288.0,3312.0,1104.0,1104.0,1104.0,1081.0,1081.0,1081.0,1101.0,1101.0,1101.0,2144.0,2144.0,2144.0,1104.0,1104.0,1104.0,1081.0,1081.0,1081.0
1.0,6417.0,3279.0,3246.0,3312.0,3288.0,1096.0,1096.0,1096.0,1082.0,1082.0,1082.0,1093.0,1093.0,1093.0,2139.0,2139.0,2139.0,1096.0,1096.0,1096.0,1082.0,1082.0,1082.0
1.0,6450.0,3267.0,3246.0,3288.0,3267.0,1089.0,1089.0,1089.0,1082.0,1082.0,1082.0,1089.0,1089.0,1089.0,2150.0,2150.0,2150.0,1089.0,1089.0,1089.0,1082.0,1082.0,1082.0
1.0,6471.0,3234.0,3246.0,3267.0,3234.0,1078.0,1078.0,1078.0,1082.0,1082.0,1082.0,1078.0,1078.0,1078.0,2157.0,2157.0,2157.0,1078.0,1078.0,1078.0,1082.0,1082.0,1082.0
1.0,6504.0,3177.0,3243.0,3234.0,3168.0,1056.0,1056.0,1056.0,1081.0,1081.0,1081.0,1059.0,1059.0,1059.0,2168.0,2168.0,2168.0,1056.0,1056.0,1056.0,1081.0,1081.0,1081.0
1.0,6561.0,3201.0,3240.0,3168.0,3192.0,1064.0,1064.0,1064.0,1080.0,1080.0,1080.0,1067.0,1067.0,1067.0,2187.0,2187.0,2187.0,1064.0,1064.0,1064.0,1080.0,1080.0,1080.0
1.0,6528.0,3228.0,3243.0,3192.0,3237.0,1079.0,1079.0,1079.0,1081.0,1081.0,1081.0,1076.0,1076.0,1076.0,2176.0,2176.0,2176.0,1079.0,1079.0,1079.0,1081.0,1081.0,1081.0
1.0,6492.0,3261.0,3243.0,3237.0,3261.0,1087.0,1087.0,1087.0,1081.0,1081.0,1081.0,1087.0,1087.0,1087.0,2164.0,2164.0,2164.0,1087.0,1087.0,1087.0,1081.0,1081.0,1081.0
1.0,6468.0,3309.0,3246.0,3261.0,3318.0,1106.0,1106.0,1106.0,1082.0,1082.0,1082.0,1103.0,1103.0,1103.0,2156.0,2156.0,2156.0,1106.0,1106.0,1106.0,1082.0,1082.0,1082.0
1.0,6420.0,3270.0,3249.0,3318.0,3279.0,1093.0,1093.0,1093.0,1083.0,1083.0,1083.0,1090.0,1090.0,1090.0,2140.0,2140.0,2140.0,1093.0,1093.0,1093.0,1083.0,1083.0,1083.0
1.0,6468.0,3264.0,3249.0,3279.0,3264.0,1088.0,1088.0,1088.0,1083.0,1083.0,1083.0,1088.0,1088.0,1088.0,2156.0,2156.0,2156.0,1088.0,1088.0,1088.0,1083.0,1083.0,1083.0
1.0,6483.0,3135.0,3249.0,3264.0,3135.0,1045.0,1045.0,1045.0,1083.0,1083.0,1083.0,1045.0,1045.0,1045.0,2161.0,2161.0,2161.0,1045.0,1045.0,1045.0,1083.0,1083.0,1083.0
1.0,6612.0,3213.0,3246.0,3135.0,3204.0,1068.0,1068.0,1068.0,1082.0,1082.0,1082.0,1071.0,1071.0,1071.0,2204.0,2204.0,2204.0,1068.0,1068.0,1068.0,1082.0,1082.0,1082.0
1.0,6534.0,3270.0,3249.0,3204.0,3279.0,1093.0,1093.0,1093.0,1083.0,1083.0,1083.0,1090.0,1090.0,1090.0,2178.0,2178.0,2178.0,1093.0,1093.0,1093.0,1083.0,1083.0,1083.0
1.0,6468.0,3297.0,3252.0,3279.0,3306.0,1102.0,1102.0,1102.0,1084.0,1084.0,1084.0,1099.0,1099.0,1099.0,2156.0,2156.0,2156.0,1102.0,1102.0,1102.0,1084.0,1084.0,1084.0
1.0,6450.0,3339.0,3255.0,3306.0,3348.0,1116.0,1116.0,1116.0,1085.0,1085.0,1085.0,1113.0,1113.0,1113.0,2150.0,2150.0,2150.0,1116.0,1116.0,1116.0,1085.0,1085.0,1085.0
1.0,6417.0,3282.0,3255.0,3348.0,3282.0,1094.0,1094.0,1094.0,1085.0,1085.0,1085.0,1094.0,1094.0,1094.0,2139.0,2139.0,2139.0,1094.0,1094.0,1094.0,1085.0,1085.0,1085.0
1.0,6483.0,3228.0,3255.0,3282.0,3228.0,1076.0,1076.0,1076.0,1085.0,1085.0,1085.0,1076.0,1076.0,1076.0,2161.0,2161.0,2161.0,1076.0,1076.0,1076.0,1085.0,1085.0,1085.0
1.0,6537.0,3216.0,3252.0,3228.0,3207.0,1069.0,1069.0,1069.0,1084.0,1084.0,1084.0,1072.0,1072.0,1072.0,2179.0,2179.0,2179.0,1069.0,1069.0,1069.0,1084.0,1084.0,1084.0
1.0,6549.0,3216.0,3252.0,3207.0,3216.0,1072.0,1072.0,1072.0,1084.0,1084.0,1084.0,1072.0,1072.0,1072.0,2183.0,2183.0,2183.0,1072.0,1072.0,1072.0,1084.0,1084.0,1084.0
1.0,6540.0,3282.0,3252.0,3216.0,3282.0,1094.0,1094.0,1094.0,1084.0,1084.0,1084.0,1094.0,1094.0,1094.0,2180.0,2180.0,2180.0,1094.0,1094.0,1094.0,1084.0,1084.0,1084.0
1.0,6474.0,3387.0,3258.0,3282.0,3405.0,1135.0,1135.0,1135.0,1086.0,1086.0,1086.0,1129.0,1129.0,1129.0,2158.0,2158.0,2158.0,1135.0,1135.0,1135.0,1086.0,1086.0,1086.0
1.0,6369.0,3366.0,3261.0,3405.0,3375.0,1125.0,1125.0,1125.0,1087.0,1087.0,1087.0,1122.0,1122.0,1122.0,2123.0,2123.0,2123.0,1125.0,1125.0,1125.0,1087.0,1087.0,1087.0
1.0,6408.0,3252.0,3261.0,3375.0,3252.0,1084.0,1084.0,1084.0,1087.0,1087.0,1087.0,1084.0,1084.0,1084.0,2136.0,2136.0,2136.0,1084.0,1084.0,1084.0,1087.0,1087.0,1087.0
1.0,6531.0,3258.0,3261.0,3252.0,3258.0,1086.0,1086.0,1086.0,1087.0,1087.0,1087.0,1086.0,1086.0,1086.0,2177.0,2177.0,2177.0,1086.0,1086.0,1086.0,1087.0,1087.0,1087.0
1.0,6525.0,3231.0,3258.0,3258.0,3222.0,1074.0,1074.0,1074.0,1086.0,1086.0,1086.0,1077.0,1077.0,1077.0,2175.0,2175.0,2175.0,1074.0,1074.0,1074.0,1086.0,1086.0,1086.0
1.0,6552.0,3234.0,3255.0,3222.0,3225.0,1075.0,1075.0,1075.0,1085.0,1085.0,1085.0,1078.0,1078.0,1078.0,2184.0,2184.0,2184.0,1075.0,1075.0,1075.0,1085.0,1085.0,1085.0
1.0,6540.0,3279.0,3258.0,3225.0,3288.0,1096.0,1096.0,1096.0,1086.0,1086.0,1086.0,1093.0,1093.0,1093.0,2180.0,2180.0,2180.0,1096.0,1096.0,1096.0,1086.0,1086.0,1086.0
1.0,6486.0,3321.0,3261.0,3288.0,3330.0,1110.0,1110.0,1110.0,1087.0,1087.0,1087.0,1107.0,1107.0,1107.0,2162.0,2162.0,2162.0,1110.0,1110.0,1110.0,1087.0,1087.0,1087.0
1.0,6453.0,3333.0,3264.0,3330.0,3342.0,1114.0,1114.0,1114.0,1088.0,1088.0,1088.0,1111.0,1111.0,1111.0,2151.0,2151.0,2151.0,1114.0,1114.0,1114.0,1088.0,1088.0,1088.0
1.0,6450.0,3330.0,3264.0,3342.0,3330.0,1110.0,1110.0,1110.0,1088.0,1088.0,1088.0,1110.0,1110.0,1110.0,2150.0,2150.0,2150.0,1110.0,1110.0,1110.0,1088.0,1088.0,1088.0
1.0,6462.0,3273.0,3264.0,3330.0,3273.0,1091.0,1091.0,1091.0,1088.0,1088.0,1088.0,1091.0,1091.0,1091.0,2154.0,2154.0,2154.0,1091.0,1091.0,1091.0,1088.0,1088.0,1088.0
1.0,6519.0,3213.0,3261.0,3273.0,3204.0,1068.0,1068.0,1068.0,1087.0,1087.0,1087.0,1071.0,1071.0,1071.0,2173.0,2173.0,2173.0,1068.0,1068.0,1068.0,1087.0,1087.0,1087.0
1.0,6579.0,3189.0,3261.0,3204.0,3189.0,1063.0,1063.0,1063.0,1087.0,1087.0,1087.0,1063.0,1063.0,1063.0,2193.0,2193.0,2193.0,1063.0,1063.0,1063.0,1087.0,1087.0,1087.0
1.0,6594.0,3303.0,3261.0,3189.0,3303.0,1101.0,1101.0,1101.0,1087.0,1087.0,1087.0,1101.0,1101.0,1101.0,2198.0,2198.0,2198.0,1101.0,1101.0,1101.0,1087.0,1087.0,1087.0
1.0,6480.0,3327.0,3264.0,3303.0,3336.0,1112.0,1112.0,1112.0,1088.0,1088.0,1088.0,1109.0,1109.0,1109.0,2160.0,2160.0,2160.0,1112.0,1112.0,1112.0,1088.0,1088.0,1088.0
1.0,6456.0,3309.0,3264.0,3336.0,3309.0,1103.0,1103.0,1103.0,1088.0,1088.0,1088.0,1103.0,1103.0,1103.0,2152.0,2152.0,2152.0,1103.0,1103.0,1103.0,1088.0,1088.0,1088.0
1.0,6483.0,3333.0,3267.0,3309.0,3342.0,1114.0,1114.0,1114.0,1089.0,1089.0,1089.0,1111.0,1111.0,1111.0,2161.0,2161.0,2161.0,1114.0,1114.0,1114.0,1089.0,1089.0,1089.0
1.0,6459.0,3258.0,3267.0,3342.0,3258.0,1086.0,1086.0,1086.0,1089.0,1089.0,1089.0,1086.0,1086.0,1086.0,2153.0,2153.0,2153.0,1086.0,1086.0,1086.0,1089.0,1089.0,1089.0
1.0,6543.0,3231.0,3264.0,3258.0,3222.0,1074.0,1074.0,1074.0,1088.0,1088.0,1088.0,1077.0,1077.0,1077.0,2181.0,2181.0,2181.0,1074.0,1074.0,1074.0,1088.0,1088.0,1088.0
1.0,6570.0,3315.0,3264.0,3222.0,3315.0,1105.0,1105.0,1105.0,1088.0,1088.0,1088.0,1105.0,1105.0,1105.0,2190.0,2190.0,2190.0,1105.0,1105.0,1105.0,1088.0,1088.0,1088.0
1.0,6477.0,3273.0,3267.0,3315.0,3282.0,1094.0,1094.0,1094.0,1089.0,1089.0,1089.0,1091.0,1091.0,1091.0,2159.0,2159.0,2159.0,1094.0,1094.0,1094.0,1089.0,1089.0,1089.0
1.0,6519.0,3333.0,3270.0,3282.0,3342.0,1114.0,1114.0,1114.0,1090.0,1090.0,1090.0,1111.0,1111.0,1111.0,2173.0,2173.0,2173.0,1114.0,1114.0,1114.0,1090.0,1090.0,1090.0
1.0,6468.0,3360.0,3270.0,3342.0,3360.0,1120.0,1120.0,1120.0,1090.0,1090.0,1090.0,1120.0,1120.0,1120.0,2156.0,2156.0,2156.0,1120.0,1120.0,1120.0,1090.0,1090.0,1090.0
1.0,6450.0,3303.0,3273.0,3360.0,3312.0,1104.0,1104.0,1104.0,1091.0,1091.0,1091.0,1101.0,1101.0,1101.0,2150.0,2150.0,2150.0,1104.0,1104.0,1104.0,1091.0,1091.0,1091.0
1.0,6507.0,3258.0,3270.0,3312.0,3249.0,1083.0,1083.0,1083.0,1090.0,1090.0,1090.0,1086.0,1086.0,1086.0,2169.0,2169.0,2169.0,1083.0,1083.0,1083.0,1090.0,1090.0,1090.0
1.0,6561.0,3264.0,3267.0,3249.0,3255.0,1085.0,1085.0,1085.0,1089.0,1089.0,1089.0,1088.0,1088.0,1088.0,2187.0,2187.0,2187.0,1085.0,1085.0,1085.0,1089.0,1089.0,1089.0
1.0,6546.0,3279.0,3267.0,3255.0,3279.0,1093.0,1093.0,1093.0,1089.0,1089.0,1089.0,1093.0,1093.0,1093.0,2182.0,2182.0,2182.0,1093.0,1093.0,1093.0,1089.0,1089.0,1089.0
1.0,6522.0,3330.0,3270.0,3279.0,3339.0,1113.0,1113.0,1113.0,1090.0,1090.0,1090.0,1110.0,1110.0,1110.0,2174.0,2174.0,2174.0,1113.0,1113.0,1113.0,1090.0,1090.0,1090.0
1.0,6471.0,3315.0,3273.0,3339.0,3324.0,1108.0,1108.0,1108.0,1091.0,1091.0,1091.0,1105.0,1105.0,1105.0,2157.0,2157.0,2157.0,1108.0,1108.0,1108.0,1091.0,1091.0,1091.0
1.0,6495.0,3348.0,3276.0,3324.0,3357.0,1119.0,1119.0,1119.0,1092.0,1092.0,1092.0,1116.0,1116.0,1116.0,2165.0,2165.0,2165.0,1119.0,1119.0,1119.0,1092.0,1092.0,1092.0
1.0,6471.0,3342.0,3276.0,3357.0,3342.0,1114.0,1114.0,1114.0,1092.0,1092.0,1092.0,1114.0,1114.0,1114.0,2157.0,2157.0,2157.0,1114.0,1114.0,1114.0,1092.0,1092.0,1092.0
1.0,6486.0,3237.0,3276.0,3342.0,3237.0,1079.0,1079.0,1079.0,1092.0,1092.0,1092.0,1079.0,1079.0,1079.0,2162.0,2162.0,2162.0,1079.0,1079.0,1079.0,1092.0,1092.0,1092.0
1.0,6591.0,3261.0,3276.0,3237.0,3261.0,1087.0,1087.0,1087.0,1092.0,1092.0,1092.0,1087.0,1087.0,1087.0,2197.0,2197.0,2197.0,1087.0,1087.0,1087.0,1092.0,1092.0,1092.0
1.0,6567.0,3195.0,3273.0,3261.0,3186.0,1062.0,1062.0,1062.0,1091.0,1091.0,1091.0,1065.0,1065.0,1065.0,2189.0,2189.0,2189.0,1062.0,1062.0,1062.0,1091.0,1091.0,1091.0
1.0,6633.0,3330.0,3276.0,3186.0,3339.0,1113.0,1113.0,1113.0,1092.0,1092.0,1092.0,1110.0,1110.0,1110.0,2211.0,2211.0,2211.0,1113.0,1113.0,1113.0,1092.0,1092.0,1092.0
1.0,6489.0,3294.0,3279.0,3339.0,3303.0,1101.0,1101.0,1101.0,1093.0,1093.0,1093.0,1098.0,1098.0,1098.0,2163.0,2163.0,2163.0,1101.0,1101.0,1101.0,1093.0,1093.0,1093.0
1.0,6534.0,3351.0,3282.0,3303.0,3360.0,1120.0,1120.0,1120.0,1094.0,1094.0,1094.0,1117.0,1117.0,1117.0,2178.0,2178.0,2178.0,1120.0,1120.0,1120.0,1094.0,1094.0,1094.0
1.0,6486.0,3321.0,3282.0,3360.0,3321.0,1107.0,1107.0,1107.0,1094.0,1094.0,1094.0,1107.0,1107.0,1107.0,2162.0,2162.0,2162.0,1107.0,1107.0,1107.0,1094.0,1094.0,1094.0
1.0,6525.0,3309.0,3285.0,3321.0,3318.0,1106.0,1106.0,1106.0,1095.0,1095.0,1095.0,1103.0,1103.0,1103.0,2175.0,2175.0,2175.0,1106.0,1106.0,1106.0,1095.0,1095.0,1095.0
1.0,6537.0,3252.0,3282.0,3318.0,3243.0,1081.0,1081.0,1081.0,1094.0,1094.0,1094.0,1084.0,1084.0,1084.0,2179.0,2179.0,2179.0,1081.0,1081.0,1081.0,1094.0,1094.0,1094.0
1.0,6603.0,3231.0,3282.0,3243.0,3231.0,1077.0,1077.0,1077.0,1094.0,1094.0,1094.0,1077.0,1077.0,1077.0,2201.0,2201.0,2201.0,1077.0,1077.0,1077.0,1094.0,1094.0,1094.0
1.0,6615.0,3273.0,3282.0,3231.0,3273.0,1091.0,1091.0,1091.0,1094.0,1094.0,1094.0,1091.0,1091.0,1091.0,2205.0,2205.0,2205.0,1091.0,1091.0,1091.0,1094.0,1094.0,1094.0
1.0,6573.0,3294.0,3285.0,3273.0,3303.0,1101.0,1101.0,1101.0,1095.0,1095.0,1095.0,1098.0,1098.0,1098.0,2191.0,2191.0,2191.0,1101.0,1101.0,1101.0,1095.0,1095.0,1095.0
1.0,6552.0,3396.0,3288.0,3303.0,3405.0,1135.0,1135.0,1135.0,1096.0,1096.0,1096.0,1132.0,1132.0,1132.0,2184.0,2184.0,2184.0,1135.0,1135.0,1135.0,1096.0,1096.0,1096.0
1.0,6459.0,3348.0,3291.0,3405.0,3357.0,1119.0,1119.0,1119.0,1097.0,1097.0,1097.0,1116.0,1116.0,1116.0,2153.0,2153.0,2153.0,1119.0,1119.0,1119.0,1097.0,1097.0,1097.0
1.0,6516.0,3258.0,3291.0,3357.0,3258.0,1086.0,1086.0,1086.0,1097.0,1097.0,1097.0,1086.0,1086.0,1086.0,2172.0,2172.0,2172.0,1086.0,1086.0,1086.0,1097.0,1097.0,1097.0
1.0,6615.0,3279.0,3288.0,3258.0,3270.0,1090.0,1090.0,1090.0,1096.0,1096.0,1096.0,1093.0,1093.0,1093.0,2205.0,2205.0,2205.0,1090.0,1090.0,1090.0,1096.0,1096.0,1096.0
1.0,6594.0,3279.0,3288.0,3270.0,3279.0,1093.0,1093.0,1093.0,1096.0,1096.0,1096.0,1093.0,1093.0,1093.0,2198.0,2198.0,2198.0,1093.0,1093.0,1093.0,1096.0,1096.0,1096.0
1.0,6585.0,3303.0,3291.0,3279.0,3312.0,1104.0,1104.0,1104.0,1097.0,1097.0,1097.0,1101.0,1101.0,1101.0,2195.0,2195.0,2195.0,1104.0,1104.0,1104.0,1097.0,1097.0,1097.0
1.0,6561.0,3381.0,3294.0,3312.0,3390.0,1130.0,1130.0,1130.0,1098.0,1098.0,1098.0,1127.0,1127.0,1127.0,2187.0,2187.0,2187.0,1130.0,1130.0,1130.0,1098.0,1098.0,1098.0
1.0,6492.0,3393.0,3297.0,3390.0,3402.0,1134.0,1134.0,1134.0,1099.0,1099.0,1099.0,1131.0,1131.0,1131.0,2164.0,2164.0,2164.0,1134.0,1134.0,1134.0,1099.0,1099.0,1099.0
1.0,6489.0,3279.0,3297.0,3402.0,3279.0,1093.0,1093.0,1093.0,1099.0,1099.0,1099.0,1093.0,1093.0,1093.0,2163.0,2163.0,2163.0,1093.0,1093.0,1093.0,1099.0,1099.0,1099.0
1.0,6612.0,3273.0,3294.0,3279.0,3264.0,1088.0,1088.0,1088.0,1098.0,1098.0,1098.0,1091.0,1091.0,1091.0,2204.0,2204.0,2204.0,1088.0,1088.0,1088.0,1098.0,1098.0,1098.0
1.0,6618.0,3234.0,3291.0,3264.0,3225.0,1075.0,1075.0,1075.0,1097.0,1097.0,1097.0,1078.0,1078.0,1078.0,2206.0,2206.0,2206.0,1075.0,1075.0,1075.0,1097.0,1097.0,1097.0
1.0,6648.0,3264.0,3291.0,3225.0,3264.0,1088.0,1088.0,1088.0,1097.0,1097.0,1097.0,1088.0,1088.0,1088.0,2216.0,2216.0,2216.0,1088.0,1088.0,1088.0,1097.0,1097.0,1097.0
1.0,6609.0,3300.0,3294.0,3264.0,3309.0,1103.0,1103.0,1103.0,1098.0,1098.0,1098.0,1100.0,1100.0,1100.0,2203.0,2203.0,2203.0,1103.0,1103.0,1103.0,1098.0,1098.0,1098.0
1.0,6573.0,3363.0,3294.0,3309.0,3363.0,1121.0,1121.0,1121.0,1098.0,1098.0,1098.0,1121.0,1121.0,1121.0,2191.0,2191.0,2191.0,1121.0,1121.0,1121.0,1098.0,1098.0,1098.0
1.0,6519.0,3333.0,3297.0,3363.0,3342.0,1114.0,1114.0,1114.0,1099.0,1099.0,1099.0,1111.0,1111.0,1111.0,2173.0,2173.0,2173.0,1114.0,1114.0,1114.0,1099.0,1099.0,1099.0
1.0,6549.0,3375.0,3300.0,3342.0,3384.0,1128.0,1128.0,1128.0,1100.0,1100.0,1100.0,1125.0,1125.0,1125.0,2183.0,2183.0,2183.0,1128.0,1128.0,1128.0,1100.0,1100.0,1100.0
1.0,6516.0,3264.0,3297.0,3384.0,3255.0,1085.0,1085.0,1085.0,1099.0,1099.0,1099.0,1088.0,1088.0,1088.0,2172.0,2172.0,2172.0,1085.0,1085.0,1085.0,1099.0,1099.0,1099.0
1.0,6636.0,3177.0,3294.0,3255.0,3168.0,1056.0,1056.0,1056.0,1098.0,1098.0,1098.0,1059.0,1059.0,1059.0,2212.0,2212.0,2212.0,1056.0,1056.0,1056.0,1098.0,1098.0,1098.0
1.0,6714.0,3282.0,3294.0,3168.0,3282.0,1094.0,1094.0,1094.0,1098.0,1098.0,1098.0,1094.0,1094.0,1094.0,2238.0,2238.0,2238.0,1094.0,1094.0,1094.0,1098.0,1098.0,1098.0
1.0,6600.0,3312.0,3294.0,3282.0,3312.0,1104.0,1104.0,1104.0,1098.0,1098.0,1098.0,1104.0,1104.0,1104.0,2200.0,2200.0,2200.0,1104.0,1104.0,1104.0,1098.0,1098.0,1098.0
1.0,6570.0,3345.0,3297.0,3312.0,3354.0,1118.0,1118.0,1118.0,1099.0,1099.0,1099.0,1115.0,1115.0,1115.0,2190.0,2190.0,2190.0,1118.0,1118.0,1118.0,1099.0,1099.0,1099.0
1.0,6537.0,3342.0,3300.0,3354.0,3351.0,1117.0,1117.0,1117.0,1100.0,1100.0,1100.0,1114.0,1114.0,1114.0,2179.0,2179.0,2179.0,1117.0,1117.0,1117.0,1100.0,1100.0,1100.0
1.0,6549.0,3300.0,3300.0,3351.0,3300.0,1100.0,1100.0,1100.0,1100.0,1100.0,1100.0,1100.0,1100.0,1100.0,2183.0,2183.0,2183.0,1100.0,1100.0,1100.0,1100.0,1100.0,1100.0
1.0,6600.0,3258.0,3300.0,3300.0,3258.0,1086.0,1086.0,1086.0,1100.0,1100.0,1100.0,1086.0,1086.0,1086.0,2200.0,2200.0,2200.0,1086.0,1086.0,1086.0,1100.0,1100.0,1100.0
1.0,6642.0,3231.0,3297.0,3258.0,3222.0,1074.0,1074.0,1074.0,1099.0,1099.0,1099.0,1077.0,1077.0,1077.0,2214.0,2214.0,2214.0,1074.0,1074.0,1074.0,1099.0,1099.0,1099.0
1.0,6669.0,3267.0,3297.0,3222.0,3267.0,1089.0,1089.0,1089.0,1099.0,1099.0,1099.0,1089.0,1089.0,1089.0,2223.0,2223.0,2223.0,1089.0,1089.0,1089.0,1099.0,1099.0,1099.0
1.0,6624.0,3282.0,3297.0,3267.0,3282.0,1094.0,1094.0,1094.0,1099.0,1099.0,1099.0,1094.0,1094.0,1094.0,2208.0,2208.0,2208.0,1094.0,1094.0,1094.0,1099.0,1099.0,1099.0
1.0,6609.0,3414.0,3300.0,3282.0,3423.0,1141.0,1141.0,1141.0,1100.0,1100.0,1100.0,1138.0,1138.0,1138.0,2203.0,2203.0,2203.0,1141.0,1141.0,1141.0,1100.0,1100.0,1100.0
1.0,6477.0,3372.0,3300.0,3423.0,3372.0,1124.0,1124.0,1124.0,1100.0,1100.0,1100.0,1124.0,1124.0,1124.0,2159.0,2159.0,2159.0,1124.0,1124.0,1124.0,1100.0,1100.0,1100.0
1.0,6528.0,3420.0,3303.0,3372.0,3429.0,1143.0,1143.0,1143.0,1101.0,1101.0,1101.0,1140.0,1140.0,1140.0,2176.0,2176.0,2176.0,1143.0,1143.0,1143.0,1101.0,1101.0,1101.0
1.0,6480.0,3285.0,3303.0,3429.0,3285.0,1095.0,1095.0,1095.0,1101.0,1101.0,1101.0,1095.0,1095.0,1095.0,2160.0,2160.0,2160.0,1095.0,1095.0,1095.0,1101.0,1101.0,1101.0
1.0,6624.0,3303.0,3303.0,3285.0,3303.0,1101.0,1101.0,1101.0,1101.0,1101.0,1101.0,1101.0,1101.0,1101.0,2208.0,2208.0,2208.0,1101.0,1101.0,1101.0,1101.0,1101.0,1101.0
1.0,6606.0,3237.0,3300.0,3303.0,3228.0,1076.0,1076.0,1076.0,1100.0,1100.0,1100.0,1079.0,1079.0,1079.0,2202.0,2202.0,2202.0,1076.0,1076.0,1076.0,1100.0,1100.0,1100.0
1.0,6672.0,3276.0,3300.0,3228.0,3276.0,1092.0,1092.0,1092.0,1100.0,1100.0,1100.0,1092.0,1092.0,1092.0,2224.0,2224.0,2224.0,1092.0,1092.0,1092.0,1100.0,1100.0,1100.0
1.0,6624.0,3420.0,3303.0,3276.0,3429.0,1143.0,1143.0,1143.0,1101.0,1101.0,1101.0,1140.0,1140.0,1140.0,2208.0,2208.0,2208.0,1143.0,1143.0,1143.0,1101.0,1101.0,1101.0
1.0,6480.0,3378.0,3306.0,3429.0,3387.0,1129.0,1129.0,1129.0,1102.0,1102.0,1102.0,1126.0,1126.0,1126.0,2160.0,2160.0,2160.0,1129.0,1129.0,1129.0,1102.0,1102.0,1102.0
1.0,6531.0,3339.0,3306.0,3387.0,3339.0,1113.0,1113.0,1113.0,1102.0,1102.0,1102.0,1113.0,1113.0,1113.0,2177.0,2177.0,2177.0,1113.0,1113.0,1113.0,1102.0,1102.0,1102.0
1.0,6579.0,3276.0,3306.0,3339.0,3276.0,1092.0,1092.0,1092.0,1102.0,1102.0,1102.0,1092.0,1092.0,1092.0,2193.0,2193.0,2193.0,1092.0,1092.0,1092.0,1102.0,1102.0,1102.0
1.0,6642.0,3282.0,3303.0,3276.0,3273.0,1091.0,1091.0,1091.0,1101.0,1101.0,1101.0,1094.0,1094.0,1094.0,2214.0,2214.0,2214.0,1091.0,1091.0,1091.0,1101.0,1101.0,1101.0
1.0,6636.0,3243.0,3303.0,3273.0,3243.0,1081.0,1081.0,1081.0,1101.0,1101.0,1101.0,1081.0,1081.0,1081.0,2212.0,2212.0,2212.0,1081.0,1081.0,1081.0,1101.0,1101.0,1101.0
1.0,6666.0,3318.0,3303.0,3243.0,3318.0,1106.0,1106.0,1106.0,1101.0,1101.0,1101.0,1106.0,1106.0,1106.0,2222.0,2222.0,2222.0,1106.0,1106.0,1106.0,1101.0,1101.0,1101.0
1.0,6591.0,3366.0,3306.0,3318.0,3375.0,1125.0,1125.0,1125.0,1102.0,1102.0,1102.0,1122.0,1122.0,1122.0,2197.0,2197.0,2197.0,1125.0,1125.0,1125.0,1102.0,1102.0,1102.0
1.0,6543.0,3408.0,3309.0,3375.0,3417.0,1139.0,1139.0,1139.0,1103.0,1103.0,1103.0,1136.0,1136.0,1136.0,2181.0,2181.0,2181.0,1139.0,1139.0,1139.0,1103.0,1103.0,1103.0
1.0,6510.0,3321.0,3309.0,3417.0,3321.0,1107.0,1107.0,1107.0,1103.0,1103.0,1103.0,1107.0,1107.0,1107.0,2170.0,2170.0,2170.0,1107.0,1107.0,1107.0,1103.0,1103.0,1103.0
1.0,6606.0,3291.0,3309.0,3321.0,3291.0,1097.0,1097.0,1097.0,1103.0,1103.0,1103.0,1097.0,1097.0,1097.0,2202.0,2202.0,2202.0,1097.0,1097.0,1097.0,1103.0,1103.0,1103.0
1.0,6636.0,3246.0,3309.0,3291.0,3246.0,1082.0,1082.0,1082.0,1103.0,1103.0,1103.0,1082.0,1082.0,1082.0,2212.0,2212.0,2212.0,1082.0,1082.0,1082.0,1103.0,1103.0,1103.0
1.0,6681.0,3261.0,3306.0,3246.0,3252.0,1084.0,1084.0,1084.0,1102.0,1102.0,1102.0,1087.0,1087.0,1087.0,2227.0,2227.0,2227.0,1084.0,1084.0,1084.0,1102.0,1102.0,1102.0
1.0,6666.0,3303.0,3306.0,3252.0,3303.0,1101.0,1101.0,1101.0,1102.0,1102.0,1102.0,1101.0,1101.0,1101.0,2222.0,2222.0,2222.0,1101.0,1101.0,1101.0,1102.0,1102.0,1102.0
1.0,6615.0,3312.0,3306.0,3303.0,3312.0,1104.0,1104.0,1104.0,1102.0,1102.0,1102.0,1104.0,1104.0,1104.0,2205.0,2205.0,2205.0,1104.0,1104.0,1104.0,1102.0,1102.0,1102.0
1.0,6606.0,3366.0,3309.0,3312.0,3375.0,1125.0,1125.0,1125.0,1103.0,1103.0,1103.0,1122.0,1122.0,1122.0,2202.0,2202.0,2202.0,1125.0,1125.0,1125.0,1103.0,1103.0,1103.0
1.0,6552.0,3297.0,3312.0,3375.0,3306.0,1102.0,1102.0,1102.0,1104.0,1104.0,1104.0,1099.0,1099.0,1099.0,2184.0,2184.0,2184.0,1102.0,1102.0,1102.0,1104.0,1104.0,1104.0
1.0,6630.0,3300.0,3312.0,3306.0,3300.0,1100.0,1100.0,1100.0,1104.0,1104.0,1104.0,1100.0,1100.0,1100.0,2210.0,2210.0,2210.0,1100.0,1100.0,1100.0,1104.0,1104.0,1104.0
1.0,6636.0,3255.0,3309.0,3300.0,3246.0,1082.0,1082.0,1082.0,1103.0,1103.0,1103.0,1085.0,1085.0,1085.0,2212.0,2212.0,2212.0,1082.0,1082.0,1082.0,1103.0,1103.0,1103.0
1.0,6681.0,3270.0,3306.0,3246.0,3261.0,1087.0,1087.0,1087.0,1102.0,1102.0,1102.0,1090.0,1090.0,1090.0,2227.0,2227.0,2227.0,1087.0,1087.0,1087.0,1102.0,1102.0,1102.0
1.0,6657.0,3351.0,3309.0,3261.0,3360.0,1120.0,1120.0,1120.0,1103.0,1103.0,1103.0,1117.0,1117.0,1117.0,2219.0,2219.0,2219.0,1120.0,1120.0,1120.0,1103.0,1103.0,1103.0
1.0,6567.0,3354.0,3309.0,3360.0,3354.0,1118.0,1118.0,1118.0,1103.0,1103.0,1103.0,1118.0,1118.0,1118.0,2189.0,2189.0,2189.0,1118.0,1118.0,1118.0,1103.0,1103.0,1103.0
1.0,6573.0,3402.0,3312.0,3354.0,3411.0,1137.0,1137.0,1137.0,1104.0,1104.0,1104.0,1134.0,1134.0,1134.0,2191.0,2191.0,2191.0,1137.0,1137.0,1137.0,1104.0,1104.0,1104.0
