id,inv,demand,forecast,received_shipment,order,Order_Supplier_0,Forecast_Retailer_0,Forecast_Retailer_1,Demand_Retailer_0,Demand_Retailer_1
0.0,0.0,1665.0,1665.0,0.0,8325.0,8325.0,1170.0,495.0,1170.0,495.0
0.0,0.0,1695.0,1680.0,0.0,8400.0,8400.0,1182.0,498.0,1195.0,500.0
0.0,0.0,1700.0,1687.0,0.0,8435.0,8435.0,1190.0,497.0,1205.0,495.0
0.0,0.0,1700.0,1690.0,8325.0,6885.0,6885.0,1192.0,498.0,1200.0,500.0
0.0,1565.0,1690.0,1690.0,8400.0,175.0,175.0,1192.0,498.0,1190.0,500.0
0.0,8275.0,1685.0,1689.0,8435.0,0.0,0.0,1191.0,498.0,1185.0,500.0
0.0,15025.0,0.0,1448.0,6885.0,0.0,0.0,1021.0,427.0,0.0,0.0
0.0,21910.0,0.0,1267.0,175.0,0.0,0.0,893.0,374.0,0.0,0.0
0.0,22085.0,0.0,1126.0,0.0,0.0,0.0,794.0,332.0,0.0,0.0
0.0,22085.0,0.0,1013.0,0.0,0.0,0.0,714.0,299.0,0.0,0.0
0.0,22085.0,0.0,922.0,0.0,0.0,0.0,650.0,272.0,0.0,0.0
0.0,22085.0,0.0,844.0,0.0,0.0,0.0,595.0,249.0,0.0,0.0
0.0,22085.0,0.0,780.0,0.0,0.0,0.0,550.0,230.0,0.0,0.0
0.0,22085.0,0.0,724.0,0.0,0.0,0.0,510.0,214.0,0.0,0.0
0.0,22085.0,0.0,675.0,0.0,0.0,0.0,476.0,199.0,0.0,0.0
0.0,22085.0,0.0,634.0,0.0,0.0,0.0,447.0,187.0,0.0,0.0
0.0,22085.0,0.0,596.0,0.0,0.0,0.0,420.0,176.0,0.0,0.0
0.0,22085.0,0.0,563.0,0.0,0.0,0.0,397.0,166.0,0.0,0.0
0.0,22085.0,0.0,533.0,0.0,0.0,0.0,376.0,157.0,0.0,0.0
0.0,22085.0,0.0,507.0,0.0,0.0,0.0,357.0,150.0,0.0,0.0
0.0,22085.0,0.0,482.0,0.0,0.0,0.0,340.0,142.0,0.0,0.0
0.0,22085.0,0.0,461.0,0.0,0.0,0.0,325.0,136.0,0.0,0.0
0.0,22085.0,0.0,441.0,0.0,0.0,0.0,311.0,130.0,0.0,0.0
0.0,22085.0,0.0,423.0,0.0,0.0,0.0,298.0,125.0,0.0,0.0
0.0,22085.0,122.0,410.0,0.0,0.0,0.0,287.0,123.0,32.0,90.0
0.0,21963.0,474.0,413.0,0.0,0.0,0.0,287.0,126.0,282.0,192.0
0.0,21489.0,798.0,427.0,0.0,0.0,0.0,295.0,132.0,512.0,286.0
0.0,20691.0,1009.0,448.0,0.0,0.0,0.0,310.0,138.0,711.0,298.0
0.0,19682.0,891.0,463.0,0.0,0.0,0.0,323.0,140.0,673.0,218.0
0.0,18791.0,467.0,463.0,0.0,0.0,0.0,326.0,137.0,425.0,42.0
0.0,18324.0,0.0,448.0,0.0,0.0,0.0,315.0,133.0,0.0,0.0
0.0,18324.0,0.0,435.0,0.0,0.0,0.0,306.0,129.0,0.0,0.0
0.0,18324.0,0.0,421.0,0.0,0.0,0.0,296.0,125.0,0.0,0.0
0.0,18324.0,0.0,409.0,0.0,0.0,0.0,288.0,121.0,0.0,0.0
0.0,18324.0,15.0,397.0,0.0,0.0,0.0,279.0,118.0,0.0,15.0
0.0,18309.0,220.0,392.0,0.0,0.0,0.0,274.0,118.0,99.0,121.0
0.0,18089.0,593.0,398.0,0.0,0.0,0.0,277.0,121.0,357.0,236.0
0.0,17496.0,954.0,413.0,0.0,0.0,0.0,286.0,127.0,619.0,335.0
0.0,16542.0,1099.0,430.0,0.0,0.0,0.0,298.0,132.0,775.0,324.0
0.0,15443.0,876.0,442.0,0.0,0.0,0.0,308.0,134.0,681.0,195.0
0.0,14567.0,297.0,438.0,0.0,0.0,0.0,308.0,130.0,297.0,0.0
0.0,14270.0,0.0,427.0,0.0,0.0,0.0,300.0,127.0,0.0,0.0
0.0,14270.0,0.0,417.0,0.0,0.0,0.0,293.0,124.0,0.0,0.0
0.0,14270.0,0.0,408.0,0.0,0.0,0.0,287.0,121.0,0.0,0.0
0.0,14270.0,0.0,399.0,0.0,0.0,0.0,280.0,119.0,0.0,0.0
0.0,14270.0,0.0,390.0,0.0,0.0,0.0,274.0,116.0,0.0,0.0
0.0,14270.0,219.0,387.0,0.0,0.0,0.0,271.0,116.0,110.0,109.0
0.0,14051.0,578.0,391.0,0.0,0.0,0.0,273.0,118.0,367.0,211.0
0.0,13473.0,936.0,402.0,0.0,0.0,0.0,280.0,122.0,620.0,316.0
0.0,12537.0,1087.0,416.0,0.0,0.0,0.0,290.0,126.0,772.0,315.0
0.0,11450.0,894.0,425.0,0.0,0.0,0.0,297.0,128.0,679.0,215.0
0.0,10556.0,330.0,423.0,0.0,0.0,0.0,298.0,125.0,317.0,13.0
0.0,10226.0,0.0,391.0,0.0,0.0,0.0,275.0,116.0,0.0,0.0
0.0,10226.0,0.0,358.0,0.0,0.0,0.0,252.0,106.0,0.0,0.0
0.0,10226.0,0.0,326.0,0.0,0.0,0.0,229.0,97.0,0.0,0.0
0.0,10226.0,0.0,293.0,0.0,0.0,0.0,206.0,87.0,0.0,0.0
0.0,10226.0,27.0,261.0,0.0,0.0,0.0,183.0,78.0,0.0,27.0
0.0,10199.0,252.0,233.0,0.0,0.0,0.0,162.0,71.0,109.0,143.0
0.0,9947.0,636.0,245.0,0.0,0.0,0.0,169.0,76.0,376.0,260.0
0.0,9311.0,980.0,265.0,0.0,0.0,0.0,182.0,83.0,634.0,346.0
0.0,8331.0,1101.0,286.0,0.0,0.0,0.0,197.0,89.0,789.0,312.0
0.0,7230.0,824.0,302.0,0.0,0.0,0.0,210.0,92.0,663.0,161.0
0.0,6406.0,288.0,307.0,0.0,0.0,0.0,215.0,92.0,288.0,0.0
0.0,6118.0,0.0,307.0,0.0,0.0,0.0,215.0,92.0,0.0,0.0
0.0,6118.0,0.0,307.0,0.0,0.0,0.0,215.0,92.0,0.0,0.0
0.0,6118.0,0.0,307.0,0.0,0.0,0.0,215.0,92.0,0.0,0.0
0.0,6118.0,0.0,307.0,0.0,0.0,0.0,215.0,92.0,0.0,0.0
0.0,6118.0,28.0,307.0,0.0,0.0,0.0,215.0,92.0,0.0,28.0
0.0,6090.0,314.0,314.0,0.0,0.0,0.0,219.0,95.0,176.0,138.0
0.0,5776.0,668.0,327.0,0.0,0.0,0.0,227.0,100.0,420.0,248.0
0.0,5108.0,1032.0,346.0,0.0,0.0,0.0,240.0,106.0,691.0,341.0
0.0,4076.0,1111.0,367.0,0.0,0.0,0.0,255.0,112.0,796.0,315.0
0.0,2965.0,844.0,384.0,0.0,0.0,0.0,268.0,116.0,659.0,185.0
0.0,2121.0,238.0,388.0,0.0,57.0,57.0,272.0,116.0,238.0,0.0
0.0,1883.0,0.0,388.0,0.0,57.0,57.0,272.0,116.0,0.0,0.0
0.0,1883.0,0.0,388.0,0.0,57.0,57.0,272.0,116.0,0.0,0.0
0.0,1883.0,0.0,386.0,57.0,0.0,0.0,272.0,114.0,0.0,0.0
0.0,1940.0,0.0,377.0,57.0,0.0,0.0,266.0,111.0,0.0,0.0
0.0,1997.0,48.0,363.0,57.0,0.0,0.0,257.0,106.0,0.0,48.0
0.0,2006.0,350.0,349.0,0.0,89.0,89.0,246.0,103.0,187.0,163.0
0.0,1656.0,740.0,347.0,0.0,819.0,819.0,242.0,105.0,459.0,281.0
0.0,916.0,1076.0,359.0,0.0,1794.0,1794.0,248.0,111.0,727.0,349.0
0.0,1.0,1108.0,380.0,89.0,1899.0,1899.0,264.0,116.0,808.0,300.0
0.0,1.0,739.0,394.0,819.0,1969.0,1969.0,275.0,119.0,605.0,134.0
0.0,1.0,254.0,399.0,1794.0,1554.0,1554.0,280.0,119.0,254.0,0.0
0.0,441.0,534.0,409.0,1899.0,239.0,239.0,289.0,120.0,481.0,53.0
0.0,1806.0,147.0,412.0,1969.0,0.0,0.0,292.0,120.0,147.0,0.0
0.0,3628.0,0.0,407.0,1554.0,0.0,0.0,290.0,117.0,0.0,0.0
0.0,5182.0,0.0,397.0,239.0,0.0,0.0,284.0,113.0,0.0,0.0
0.0,5421.0,0.0,378.0,0.0,0.0,0.0,272.0,106.0,0.0,0.0
0.0,5421.0,124.0,359.0,0.0,0.0,0.0,257.0,102.0,0.0,124.0
0.0,5297.0,248.0,348.0,0.0,0.0,0.0,244.0,104.0,0.0,248.0
0.0,5049.0,474.0,351.0,0.0,0.0,0.0,240.0,111.0,103.0,371.0
0.0,4575.0,757.0,365.0,0.0,0.0,0.0,247.0,118.0,383.0,374.0
0.0,3818.0,913.0,383.0,0.0,0.0,0.0,260.0,123.0,667.0,246.0
0.0,2905.0,846.0,399.0,0.0,0.0,0.0,276.0,123.0,846.0,0.0
0.0,2059.0,735.0,413.0,0.0,741.0,741.0,290.0,123.0,735.0,0.0
0.0,1324.0,333.0,420.0,0.0,1109.0,1109.0,297.0,123.0,333.0,0.0
0.0,991.0,0.0,415.0,0.0,1084.0,1084.0,295.0,120.0,0.0,0.0
0.0,991.0,0.0,404.0,741.0,288.0,288.0,288.0,116.0,0.0,0.0
0.0,1732.0,0.0,386.0,1109.0,0.0,0.0,276.0,110.0,0.0,0.0
0.0,2841.0,99.0,367.0,1084.0,0.0,0.0,261.0,106.0,0.0,99.0
0.0,3826.0,214.0,354.0,288.0,0.0,0.0,248.0,106.0,0.0,214.0
0.0,3900.0,445.0,356.0,0.0,0.0,0.0,244.0,112.0,115.0,330.0
0.0,3455.0,744.0,371.0,0.0,0.0,0.0,252.0,119.0,390.0,354.0
0.0,2711.0,930.0,388.0,0.0,159.0,159.0,264.0,124.0,667.0,263.0
0.0,1781.0,908.0,406.0,0.0,1157.0,1157.0,281.0,125.0,848.0,60.0
0.0,873.0,756.0,420.0,0.0,1983.0,1983.0,295.0,125.0,756.0,0.0
0.0,117.0,363.0,427.0,159.0,2135.0,2135.0,302.0,125.0,363.0,0.0
0.0,0.0,0.0,422.0,1157.0,1040.0,1040.0,300.0,122.0,0.0,0.0
0.0,1070.0,0.0,410.0,1983.0,0.0,0.0,293.0,117.0,0.0,0.0
0.0,3053.0,0.0,391.0,2135.0,0.0,0.0,281.0,110.0,0.0,0.0
0.0,5188.0,118.0,372.0,1040.0,0.0,0.0,265.0,107.0,0.0,118.0
0.0,6110.0,252.0,361.0,0.0,0.0,0.0,253.0,108.0,0.0,252.0
0.0,5858.0,507.0,366.0,0.0,0.0,0.0,250.0,116.0,125.0,382.0
0.0,5351.0,805.0,381.0,0.0,0.0,0.0,258.0,123.0,414.0,391.0
0.0,4546.0,976.0,399.0,0.0,0.0,0.0,271.0,128.0,707.0,269.0
0.0,3570.0,871.0,416.0,0.0,0.0,0.0,288.0,128.0,867.0,4.0
0.0,2699.0,734.0,430.0,0.0,185.0,185.0,302.0,128.0,734.0,0.0
0.0,1965.0,326.0,436.0,0.0,541.0,541.0,308.0,128.0,326.0,0.0
0.0,1639.0,0.0,430.0,0.0,511.0,511.0,305.0,125.0,0.0,0.0
0.0,1639.0,0.0,418.0,185.0,266.0,266.0,297.0,121.0,0.0,0.0
0.0,1824.0,0.0,397.0,541.0,0.0,0.0,283.0,114.0,0.0,0.0
0.0,2365.0,96.0,378.0,511.0,0.0,0.0,268.0,110.0,0.0,96.0
0.0,2780.0,215.0,365.0,266.0,0.0,0.0,255.0,110.0,0.0,215.0
0.0,2831.0,488.0,371.0,0.0,0.0,0.0,254.0,117.0,154.0,334.0
0.0,2343.0,804.0,386.0,0.0,391.0,391.0,262.0,124.0,440.0,364.0
0.0,1539.0,1029.0,406.0,0.0,1520.0,1520.0,277.0,129.0,750.0,279.0
0.0,510.0,975.0,425.0,0.0,2124.0,2124.0,294.0,131.0,898.0,77.0
0.0,1.0,747.0,439.0,391.0,2194.0,2194.0,308.0,131.0,747.0,0.0
0.0,1.0,286.0,444.0,1520.0,1807.0,1807.0,314.0,130.0,286.0,0.0
0.0,413.0,106.0,439.0,2124.0,0.0,0.0,312.0,127.0,106.0,0.0
0.0,2431.0,11.0,425.0,2194.0,0.0,0.0,304.0,121.0,11.0,0.0
0.0,4614.0,0.0,404.0,1807.0,0.0,0.0,290.0,114.0,0.0,0.0
0.0,6421.0,124.0,385.0,0.0,0.0,0.0,274.0,111.0,0.0,124.0
0.0,6297.0,252.0,376.0,0.0,0.0,0.0,263.0,113.0,0.0,252.0
0.0,6045.0,438.0,380.0,0.0,0.0,0.0,259.0,121.0,51.0,387.0
0.0,5607.0,741.0,383.0,0.0,0.0,0.0,256.0,127.0,353.0,388.0
0.0,4866.0,893.0,398.0,0.0,0.0,0.0,266.0,132.0,633.0,260.0
0.0,3973.0,874.0,414.0,0.0,0.0,0.0,282.0,132.0,874.0,0.0
0.0,3099.0,826.0,430.0,0.0,0.0,0.0,298.0,132.0,826.0,0.0
0.0,2273.0,505.0,440.0,0.0,432.0,432.0,308.0,132.0,505.0,0.0
0.0,1768.0,0.0,438.0,0.0,422.0,422.0,308.0,130.0,0.0,0.0
0.0,1768.0,0.0,433.0,0.0,397.0,397.0,308.0,125.0,0.0,0.0
0.0,1768.0,9.0,424.0,432.0,0.0,0.0,306.0,118.0,0.0,9.0
0.0,2191.0,136.0,413.0,422.0,0.0,0.0,299.0,114.0,0.0,136.0
0.0,2477.0,263.0,400.0,397.0,0.0,0.0,286.0,114.0,0.0,263.0
0.0,2611.0,482.0,392.0,0.0,0.0,0.0,271.0,121.0,98.0,384.0
0.0,2129.0,795.0,394.0,0.0,636.0,636.0,265.0,129.0,413.0,382.0
0.0,1334.0,982.0,406.0,0.0,1678.0,1678.0,273.0,133.0,732.0,250.0
0.0,352.0,941.0,424.0,0.0,2120.0,2120.0,291.0,133.0,941.0,0.0
0.0,0.0,832.0,440.0,636.0,2200.0,2200.0,307.0,133.0,832.0,0.0
0.0,0.0,394.0,448.0,1678.0,1741.0,1741.0,315.0,133.0,394.0,0.0
0.0,499.0,333.0,452.0,2120.0,0.0,0.0,321.0,131.0,333.0,0.0
0.0,2286.0,7.0,448.0,2200.0,0.0,0.0,321.0,127.0,7.0,0.0
0.0,4479.0,23.0,440.0,1741.0,0.0,0.0,319.0,121.0,0.0,23.0
0.0,6197.0,158.0,429.0,0.0,0.0,0.0,311.0,118.0,0.0,158.0
0.0,6039.0,291.0,417.0,0.0,0.0,0.0,299.0,118.0,0.0,291.0
0.0,5748.0,399.0,407.0,0.0,0.0,0.0,282.0,125.0,0.0,399.0
0.0,5349.0,392.0,400.0,0.0,0.0,0.0,268.0,132.0,19.0,373.0
0.0,4957.0,529.0,403.0,0.0,0.0,0.0,267.0,136.0,318.0,211.0
0.0,4428.0,630.0,415.0,0.0,0.0,0.0,279.0,136.0,630.0,0.0
0.0,3798.0,934.0,433.0,0.0,0.0,0.0,297.0,136.0,934.0,0.0
0.0,2864.0,931.0,451.0,0.0,322.0,322.0,315.0,136.0,931.0,0.0
0.0,1933.0,624.0,461.0,0.0,996.0,996.0,327.0,134.0,624.0,0.0
0.0,1309.0,0.0,456.0,0.0,971.0,971.0,327.0,129.0,0.0,0.0
0.0,1309.0,37.0,447.0,322.0,641.0,641.0,325.0,122.0,0.0,37.0
0.0,1594.0,168.0,435.0,996.0,0.0,0.0,317.0,118.0,0.0,168.0
0.0,2422.0,309.0,422.0,971.0,0.0,0.0,303.0,119.0,0.0,309.0
0.0,3084.0,409.0,413.0,641.0,0.0,0.0,287.0,126.0,0.0,409.0
0.0,3316.0,406.0,407.0,0.0,0.0,0.0,273.0,134.0,28.0,378.0
0.0,2910.0,550.0,411.0,0.0,0.0,0.0,273.0,138.0,342.0,208.0
0.0,2360.0,659.0,424.0,0.0,419.0,419.0,286.0,138.0,659.0,0.0
0.0,1701.0,945.0,442.0,0.0,1454.0,1454.0,304.0,138.0,945.0,0.0
0.0,756.0,909.0,460.0,0.0,2300.0,2300.0,322.0,138.0,909.0,0.0
0.0,0.0,564.0,468.0,419.0,2340.0,2340.0,332.0,136.0,564.0,0.0
0.0,0.0,0.0,464.0,1454.0,1164.0,1164.0,332.0,132.0,0.0,0.0
0.0,1156.0,28.0,455.0,2300.0,0.0,0.0,329.0,126.0,0.0,28.0
0.0,3428.0,163.0,443.0,2340.0,0.0,0.0,321.0,122.0,0.0,163.0
0.0,5605.0,297.0,429.0,1164.0,0.0,0.0,307.0,122.0,0.0,297.0
0.0,6472.0,401.0,418.0,0.0,0.0,0.0,289.0,129.0,0.0,401.0
0.0,6071.0,414.0,412.0,0.0,0.0,0.0,276.0,136.0,43.0,371.0
0.0,5657.0,589.0,417.0,0.0,0.0,0.0,277.0,140.0,369.0,220.0
0.0,5068.0,703.0,429.0,0.0,0.0,0.0,289.0,140.0,703.0,0.0
0.0,4365.0,984.0,448.0,0.0,0.0,0.0,308.0,140.0,984.0,0.0
0.0,3381.0,942.0,466.0,0.0,0.0,0.0,326.0,140.0,942.0,0.0
0.0,2439.0,557.0,474.0,0.0,488.0,488.0,336.0,138.0,557.0,0.0
0.0,1882.0,0.0,469.0,0.0,463.0,463.0,336.0,133.0,0.0,0.0
0.0,1882.0,38.0,461.0,0.0,461.0,461.0,335.0,126.0,0.0,38.0
0.0,1844.0,183.0,451.0,488.0,106.0,106.0,329.0,122.0,0.0,183.0
0.0,2149.0,329.0,439.0,463.0,0.0,0.0,316.0,123.0,0.0,329.0
0.0,2283.0,440.0,432.0,461.0,0.0,0.0,300.0,132.0,0.0,440.0
0.0,2304.0,411.0,424.0,106.0,121.0,121.0,284.0,140.0,14.0,397.0
0.0,1999.0,545.0,425.0,0.0,671.0,671.0,281.0,144.0,337.0,208.0
0.0,1454.0,653.0,437.0,0.0,1384.0,1384.0,293.0,144.0,653.0,0.0
0.0,801.0,959.0,456.0,121.0,2280.0,2280.0,312.0,144.0,959.0,0.0
0.0,0.0,946.0,473.0,671.0,2365.0,2365.0,330.0,143.0,946.0,0.0
0.0,0.0,632.0,483.0,1384.0,1975.0,1975.0,342.0,141.0,632.0,0.0
0.0,440.0,40.0,479.0,2280.0,0.0,0.0,343.0,136.0,40.0,0.0
0.0,2680.0,12.0,470.0,2365.0,0.0,0.0,341.0,129.0,0.0,12.0
0.0,5033.0,152.0,457.0,1975.0,0.0,0.0,333.0,124.0,0.0,152.0
0.0,6856.0,286.0,444.0,0.0,0.0,0.0,319.0,125.0,0.0,286.0
0.0,6570.0,407.0,434.0,0.0,0.0,0.0,301.0,133.0,0.0,407.0
0.0,6163.0,404.0,425.0,0.0,0.0,0.0,285.0,140.0,5.0,399.0
0.0,5759.0,612.0,429.0,0.0,0.0,0.0,284.0,145.0,353.0,259.0
0.0,5147.0,691.0,436.0,0.0,0.0,0.0,291.0,145.0,691.0,0.0
0.0,4456.0,1017.0,456.0,0.0,0.0,0.0,311.0,145.0,1017.0,0.0
0.0,3439.0,993.0,475.0,0.0,0.0,0.0,330.0,145.0,993.0,0.0
0.0,2446.0,624.0,484.0,0.0,598.0,598.0,342.0,142.0,624.0,0.0
0.0,1822.0,0.0,478.0,0.0,568.0,568.0,342.0,136.0,0.0,0.0
0.0,1822.0,43.0,471.0,0.0,576.0,576.0,342.0,129.0,0.0,43.0
0.0,1779.0,184.0,467.0,598.0,142.0,142.0,341.0,126.0,0.0,184.0
0.0,2193.0,334.0,463.0,568.0,0.0,0.0,335.0,128.0,0.0,334.0
0.0,2427.0,437.0,459.0,576.0,0.0,0.0,323.0,136.0,0.0,437.0
0.0,2566.0,411.0,449.0,142.0,0.0,0.0,305.0,144.0,19.0,392.0
0.0,2297.0,554.0,442.0,0.0,467.0,467.0,294.0,148.0,354.0,200.0
0.0,1743.0,677.0,443.0,0.0,1149.0,1149.0,295.0,148.0,677.0,0.0
0.0,1066.0,990.0,462.0,0.0,2234.0,2234.0,314.0,148.0,990.0,0.0
0.0,76.0,983.0,480.0,467.0,2400.0,2400.0,333.0,147.0,983.0,0.0
0.0,0.0,667.0,490.0,1149.0,2408.0,2408.0,346.0,144.0,667.0,0.0
0.0,42.0,13.0,484.0,2234.0,157.0,157.0,346.0,138.0,13.0,0.0
0.0,2263.0,36.0,477.0,2400.0,0.0,0.0,346.0,131.0,0.0,36.0
0.0,4627.0,178.0,473.0,2408.0,0.0,0.0,346.0,127.0,0.0,178.0
0.0,6857.0,320.0,468.0,157.0,0.0,0.0,339.0,129.0,0.0,320.0
0.0,6694.0,433.0,464.0,0.0,0.0,0.0,327.0,137.0,0.0,433.0
0.0,6261.0,434.0,454.0,0.0,0.0,0.0,309.0,145.0,35.0,399.0
0.0,5827.0,613.0,448.0,0.0,0.0,0.0,299.0,149.0,390.0,223.0
0.0,5214.0,729.0,451.0,0.0,0.0,0.0,302.0,149.0,729.0,0.0
0.0,4485.0,1036.0,471.0,0.0,0.0,0.0,322.0,149.0,1036.0,0.0
0.0,3449.0,975.0,490.0,0.0,0.0,0.0,341.0,149.0,975.0,0.0
0.0,2474.0,572.0,498.0,0.0,588.0,588.0,352.0,146.0,572.0,0.0
0.0,1902.0,0.0,492.0,0.0,558.0,558.0,352.0,140.0,0.0,0.0
0.0,1902.0,40.0,485.0,0.0,563.0,563.0,352.0,133.0,0.0,40.0
0.0,1862.0,187.0,481.0,588.0,142.0,142.0,351.0,130.0,0.0,187.0
0.0,2263.0,334.0,476.0,558.0,0.0,0.0,344.0,132.0,0.0,334.0
0.0,2487.0,438.0,471.0,563.0,0.0,0.0,331.0,140.0,0.0,438.0
0.0,2612.0,459.0,461.0,142.0,10.0,10.0,313.0,148.0,55.0,404.0
0.0,2295.0,599.0,454.0,0.0,574.0,574.0,302.0,152.0,383.0,216.0
0.0,1696.0,713.0,457.0,0.0,1302.0,1302.0,305.0,152.0,713.0,0.0
0.0,983.0,1014.0,476.0,10.0,2380.0,2380.0,324.0,152.0,1014.0,0.0
0.0,0.0,994.0,495.0,574.0,2475.0,2475.0,344.0,151.0,994.0,0.0
0.0,0.0,626.0,504.0,1302.0,2285.0,2285.0,356.0,148.0,626.0,0.0
0.0,235.0,0.0,498.0,2380.0,0.0,0.0,356.0,142.0,0.0,0.0
0.0,2615.0,43.0,490.0,2475.0,0.0,0.0,356.0,134.0,0.0,43.0
0.0,5047.0,190.0,485.0,2285.0,0.0,0.0,355.0,130.0,0.0,190.0
0.0,7142.0,339.0,481.0,0.0,0.0,0.0,349.0,132.0,0.0,339.0
0.0,6803.0,453.0,477.0,0.0,0.0,0.0,336.0,141.0,0.0,453.0
0.0,6350.0,536.0,469.0,0.0,0.0,0.0,320.0,149.0,118.0,418.0
0.0,5814.0,691.0,464.0,0.0,0.0,0.0,311.0,153.0,466.0,225.0
0.0,5123.0,810.0,467.0,0.0,0.0,0.0,314.0,153.0,810.0,0.0
0.0,4313.0,1041.0,487.0,0.0,0.0,0.0,334.0,153.0,1041.0,0.0
0.0,3272.0,914.0,504.0,0.0,162.0,162.0,351.0,153.0,914.0,0.0
0.0,2358.0,460.0,510.0,0.0,652.0,652.0,360.0,150.0,460.0,0.0
0.0,1898.0,0.0,505.0,0.0,627.0,627.0,360.0,145.0,0.0,0.0
0.0,1898.0,32.0,498.0,162.0,462.0,462.0,360.0,138.0,0.0,32.0
0.0,2028.0,182.0,493.0,652.0,0.0,0.0,360.0,133.0,0.0,182.0
0.0,2498.0,332.0,488.0,627.0,0.0,0.0,353.0,135.0,0.0,332.0
0.0,2793.0,446.0,483.0,462.0,0.0,0.0,340.0,143.0,0.0,446.0
0.0,2809.0,584.0,475.0,0.0,150.0,150.0,324.0,151.0,171.0,413.0
0.0,2225.0,782.0,471.0,0.0,912.0,912.0,315.0,156.0,541.0,241.0
0.0,1443.0,909.0,476.0,0.0,1846.0,1846.0,320.0,156.0,909.0,0.0
0.0,534.0,1103.0,498.0,150.0,2490.0,2490.0,342.0,156.0,1103.0,0.0
0.0,0.0,913.0,514.0,912.0,2570.0,2570.0,359.0,155.0,913.0,0.0
0.0,0.0,358.0,518.0,1846.0,1522.0,1522.0,366.0,152.0,358.0,0.0
0.0,1068.0,24.0,511.0,2490.0,0.0,0.0,366.0,145.0,24.0,0.0
0.0,3534.0,58.0,504.0,2570.0,0.0,0.0,366.0,138.0,0.0,58.0
0.0,6046.0,213.0,500.0,1522.0,0.0,0.0,366.0,134.0,0.0,213.0
0.0,7355.0,372.0,497.0,0.0,0.0,0.0,359.0,138.0,0.0,372.0
0.0,6983.0,471.0,493.0,0.0,0.0,0.0,346.0,147.0,0.0,471.0
0.0,6512.0,526.0,484.0,0.0,0.0,0.0,329.0,155.0,111.0,415.0
0.0,5986.0,680.0,479.0,0.0,0.0,0.0,320.0,159.0,482.0,198.0
0.0,5306.0,840.0,482.0,0.0,0.0,0.0,323.0,159.0,840.0,0.0
0.0,4466.0,1080.0,503.0,0.0,0.0,0.0,344.0,159.0,1080.0,0.0
0.0,3386.0,953.0,520.0,0.0,167.0,167.0,362.0,158.0,953.0,0.0
0.0,2433.0,486.0,526.0,0.0,683.0,683.0,371.0,155.0,486.0,0.0
0.0,1947.0,0.0,519.0,0.0,648.0,648.0,371.0,148.0,0.0,0.0
0.0,1947.0,48.0,512.0,167.0,494.0,494.0,371.0,141.0,0.0,48.0
0.0,2066.0,201.0,508.0,683.0,0.0,0.0,371.0,137.0,0.0,201.0
0.0,2548.0,353.0,503.0,648.0,0.0,0.0,363.0,140.0,0.0,353.0
0.0,2843.0,454.0,497.0,494.0,0.0,0.0,349.0,148.0,0.0,454.0
0.0,2883.0,553.0,488.0,0.0,110.0,110.0,332.0,156.0,143.0,410.0
0.0,2330.0,745.0,484.0,0.0,835.0,835.0,323.0,161.0,522.0,223.0
0.0,1585.0,898.0,490.0,0.0,1763.0,1763.0,329.0,161.0,898.0,0.0
0.0,687.0,1118.0,512.0,110.0,2560.0,2560.0,351.0,161.0,1118.0,0.0
0.0,0.0,948.0,529.0,835.0,2645.0,2645.0,369.0,160.0,948.0,0.0
0.0,0.0,410.0,533.0,1763.0,1746.0,1746.0,377.0,156.0,410.0,0.0
0.0,919.0,0.0,527.0,2560.0,0.0,0.0,377.0,150.0,0.0,0.0
0.0,3479.0,76.0,520.0,2645.0,0.0,0.0,377.0,143.0,0.0,76.0
0.0,6048.0,233.0,516.0,1746.0,0.0,0.0,376.0,140.0,0.0,233.0
0.0,7561.0,399.0,512.0,0.0,0.0,0.0,369.0,143.0,0.0,399.0
0.0,7162.0,489.0,507.0,0.0,0.0,0.0,355.0,152.0,0.0,489.0
0.0,6673.0,561.0,498.0,0.0,0.0,0.0,338.0,160.0,148.0,413.0
0.0,6112.0,683.0,493.0,0.0,0.0,0.0,329.0,164.0,514.0,169.0
0.0,5429.0,876.0,498.0,0.0,0.0,0.0,334.0,164.0,876.0,0.0
0.0,4553.0,1099.0,519.0,0.0,0.0,0.0,355.0,164.0,1099.0,0.0
0.0,3454.0,975.0,537.0,0.0,206.0,206.0,374.0,163.0,975.0,0.0
0.0,2479.0,476.0,542.0,0.0,707.0,707.0,383.0,159.0,476.0,0.0
0.0,2003.0,0.0,536.0,0.0,677.0,677.0,383.0,153.0,0.0,0.0
0.0,2003.0,61.0,528.0,206.0,492.0,492.0,383.0,145.0,0.0,61.0
0.0,2148.0,220.0,522.0,707.0,0.0,0.0,381.0,141.0,0.0,220.0
0.0,2635.0,382.0,516.0,677.0,0.0,0.0,372.0,144.0,0.0,382.0
0.0,2930.0,481.0,510.0,492.0,0.0,0.0,356.0,154.0,0.0,481.0
0.0,2941.0,607.0,502.0,0.0,176.0,176.0,340.0,162.0,183.0,424.0
0.0,2334.0,758.0,498.0,0.0,914.0,914.0,332.0,166.0,547.0,211.0
0.0,1576.0,929.0,507.0,0.0,1888.0,1888.0,341.0,166.0,929.0,0.0
0.0,647.0,1121.0,529.0,176.0,2645.0,2645.0,363.0,166.0,1121.0,0.0
0.0,0.0,943.0,546.0,914.0,2730.0,2730.0,381.0,165.0,943.0,0.0
0.0,0.0,377.0,550.0,1888.0,1566.0,1566.0,388.0,162.0,377.0,0.0
0.0,1184.0,0.0,543.0,2645.0,0.0,0.0,388.0,155.0,0.0,0.0
0.0,3829.0,67.0,536.0,2730.0,0.0,0.0,388.0,148.0,0.0,67.0
0.0,6492.0,235.0,530.0,1566.0,0.0,0.0,385.0,145.0,0.0,235.0
0.0,7823.0,397.0,523.0,0.0,0.0,0.0,375.0,148.0,0.0,397.0
0.0,7426.0,494.0,514.0,0.0,0.0,0.0,357.0,157.0,0.0,494.0
0.0,6932.0,647.0,505.0,0.0,0.0,0.0,340.0,165.0,231.0,416.0
0.0,6285.0,795.0,504.0,0.0,0.0,0.0,335.0,169.0,609.0,186.0
0.0,5490.0,990.0,516.0,0.0,0.0,0.0,347.0,169.0,990.0,0.0
0.0,4500.0,1152.0,537.0,0.0,0.0,0.0,368.0,169.0,1152.0,0.0
0.0,3348.0,935.0,554.0,0.0,357.0,357.0,386.0,168.0,935.0,0.0
0.0,2413.0,323.0,556.0,0.0,690.0,690.0,393.0,163.0,323.0,0.0
0.0,2090.0,0.0,549.0,0.0,655.0,655.0,393.0,156.0,0.0,0.0
0.0,2090.0,82.0,542.0,357.0,345.0,345.0,393.0,149.0,0.0,82.0
0.0,2365.0,247.0,537.0,690.0,0.0,0.0,391.0,146.0,0.0,247.0
0.0,2808.0,411.0,531.0,655.0,0.0,0.0,381.0,150.0,0.0,411.0
0.0,3052.0,502.0,524.0,345.0,0.0,0.0,365.0,159.0,0.0,502.0
0.0,2895.0,653.0,516.0,0.0,338.0,338.0,349.0,167.0,231.0,422.0
0.0,2242.0,789.0,513.0,0.0,1112.0,1112.0,342.0,171.0,616.0,173.0
0.0,1453.0,1008.0,523.0,0.0,2170.0,2170.0,352.0,171.0,1008.0,0.0
0.0,445.0,1155.0,546.0,338.0,2730.0,2730.0,375.0,171.0,1155.0,0.0
0.0,0.0,914.0,562.0,1112.0,2810.0,2810.0,392.0,170.0,914.0,0.0
0.0,0.0,297.0,564.0,2170.0,1121.0,1121.0,398.0,166.0,297.0,0.0
0.0,1699.0,0.0,557.0,2730.0,0.0,0.0,398.0,159.0,0.0,0.0
0.0,4429.0,75.0,550.0,2810.0,0.0,0.0,398.0,152.0,0.0,75.0
0.0,7164.0,247.0,544.0,1121.0,0.0,0.0,395.0,149.0,0.0,247.0
0.0,8038.0,411.0,537.0,0.0,0.0,0.0,385.0,152.0,0.0,411.0
0.0,7627.0,499.0,530.0,0.0,0.0,0.0,368.0,162.0,0.0,499.0
0.0,7128.0,687.0,522.0,0.0,0.0,0.0,352.0,170.0,273.0,414.0
0.0,6441.0,837.0,519.0,0.0,0.0,0.0,346.0,173.0,665.0,172.0
0.0,5604.0,1067.0,532.0,0.0,0.0,0.0,359.0,173.0,1067.0,0.0
0.0,4537.0,1202.0,555.0,0.0,0.0,0.0,382.0,173.0,1202.0,0.0
0.0,3335.0,921.0,572.0,0.0,446.0,446.0,400.0,172.0,921.0,0.0
0.0,2414.0,246.0,571.0,0.0,687.0,687.0,404.0,167.0,246.0,0.0
0.0,2168.0,0.0,564.0,0.0,652.0,652.0,404.0,160.0,0.0,0.0
0.0,2168.0,102.0,556.0,446.0,268.0,268.0,404.0,152.0,0.0,102.0
0.0,2512.0,274.0,551.0,687.0,0.0,0.0,401.0,150.0,0.0,274.0
0.0,2925.0,448.0,547.0,652.0,0.0,0.0,392.0,155.0,0.0,448.0
0.0,3129.0,525.0,540.0,268.0,0.0,0.0,375.0,165.0,0.0,525.0
0.0,2872.0,685.0,531.0,0.0,468.0,468.0,358.0,173.0,255.0,430.0
0.0,2187.0,799.0,528.0,0.0,1252.0,1252.0,352.0,176.0,650.0,149.0
0.0,1388.0,1047.0,539.0,0.0,2354.0,2354.0,363.0,176.0,1047.0,0.0
0.0,341.0,1185.0,562.0,468.0,2810.0,2810.0,386.0,176.0,1185.0,0.0
0.0,0.0,925.0,579.0,1252.0,2895.0,2895.0,404.0,175.0,925.0,0.0
0.0,0.0,300.0,581.0,2354.0,900.0,900.0,410.0,171.0,300.0,0.0
0.0,2005.0,0.0,573.0,2810.0,0.0,0.0,410.0,163.0,0.0,0.0
0.0,4815.0,70.0,565.0,2895.0,0.0,0.0,410.0,155.0,0.0,70.0
0.0,7640.0,237.0,558.0,900.0,0.0,0.0,406.0,152.0,0.0,237.0
0.0,8303.0,405.0,552.0,0.0,0.0,0.0,396.0,156.0,0.0,405.0
0.0,7898.0,501.0,543.0,0.0,0.0,0.0,378.0,165.0,0.0,501.0
0.0,7397.0,720.0,536.0,0.0,0.0,0.0,362.0,174.0,286.0,434.0
0.0,6677.0,907.0,535.0,0.0,0.0,0.0,357.0,178.0,701.0,206.0
0.0,5770.0,1118.0,549.0,0.0,0.0,0.0,371.0,178.0,1118.0,0.0
0.0,4652.0,1232.0,573.0,0.0,0.0,0.0,395.0,178.0,1232.0,0.0
0.0,3420.0,941.0,589.0,0.0,466.0,466.0,413.0,176.0,941.0,0.0
0.0,2479.0,223.0,589.0,0.0,689.0,689.0,417.0,172.0,223.0,0.0
0.0,2256.0,0.0,581.0,0.0,649.0,649.0,417.0,164.0,0.0,0.0
0.0,2256.0,97.0,573.0,466.0,240.0,240.0,417.0,156.0,0.0,97.0
0.0,2625.0,271.0,567.0,689.0,0.0,0.0,413.0,154.0,0.0,271.0
0.0,3043.0,449.0,560.0,649.0,0.0,0.0,401.0,159.0,0.0,449.0
0.0,3243.0,529.0,551.0,240.0,0.0,0.0,382.0,169.0,0.0,529.0
0.0,2954.0,695.0,542.0,0.0,451.0,451.0,365.0,177.0,255.0,440.0
0.0,2259.0,818.0,539.0,0.0,1254.0,1254.0,359.0,180.0,657.0,161.0
0.0,1441.0,1058.0,554.0,0.0,2387.0,2387.0,374.0,180.0,1058.0,0.0
0.0,383.0,1208.0,577.0,451.0,2885.0,2885.0,397.0,180.0,1208.0,0.0
0.0,0.0,977.0,595.0,1254.0,2975.0,2975.0,416.0,179.0,977.0,0.0
0.0,0.0,344.0,596.0,2387.0,1034.0,1034.0,422.0,174.0,344.0,0.0
0.0,1946.0,0.0,588.0,2885.0,0.0,0.0,422.0,166.0,0.0,0.0
0.0,4831.0,78.0,580.0,2975.0,0.0,0.0,422.0,158.0,0.0,78.0
0.0,7728.0,252.0,573.0,1034.0,0.0,0.0,418.0,155.0,0.0,252.0
0.0,8510.0,425.0,566.0,0.0,0.0,0.0,406.0,160.0,0.0,425.0
0.0,8085.0,524.0,557.0,0.0,0.0,0.0,387.0,170.0,0.0,524.0
0.0,7561.0,735.0,548.0,0.0,0.0,0.0,370.0,178.0,283.0,452.0
0.0,6826.0,899.0,548.0,0.0,0.0,0.0,366.0,182.0,695.0,204.0
0.0,5927.0,1105.0,563.0,0.0,0.0,0.0,381.0,182.0,1105.0,0.0
0.0,4822.0,1229.0,587.0,0.0,0.0,0.0,405.0,182.0,1229.0,0.0
0.0,3593.0,940.0,604.0,0.0,367.0,367.0,423.0,181.0,940.0,0.0
0.0,2653.0,233.0,603.0,0.0,595.0,595.0,427.0,176.0,233.0,0.0
0.0,2420.0,0.0,595.0,0.0,555.0,555.0,427.0,168.0,0.0,0.0
0.0,2420.0,83.0,587.0,367.0,231.0,231.0,427.0,160.0,0.0,83.0
0.0,2704.0,264.0,579.0,595.0,0.0,0.0,422.0,157.0,0.0,264.0
0.0,3035.0,442.0,572.0,555.0,0.0,0.0,409.0,163.0,0.0,442.0
0.0,3148.0,535.0,562.0,231.0,0.0,0.0,389.0,173.0,0.0,535.0
0.0,2844.0,778.0,553.0,0.0,699.0,699.0,372.0,181.0,333.0,445.0
0.0,2066.0,919.0,553.0,0.0,1618.0,1618.0,368.0,185.0,735.0,184.0
0.0,1147.0,1155.0,571.0,0.0,2855.0,2855.0,386.0,185.0,1155.0,0.0
0.0,0.0,1252.0,595.0,699.0,2975.0,2975.0,410.0,185.0,1252.0,0.0
0.0,0.0,943.0,611.0,1618.0,2941.0,2941.0,428.0,183.0,943.0,0.0
0.0,114.0,219.0,610.0,2855.0,300.0,300.0,432.0,178.0,219.0,0.0
0.0,2750.0,0.0,601.0,2975.0,0.0,0.0,432.0,169.0,0.0,0.0
0.0,5725.0,104.0,593.0,2941.0,0.0,0.0,432.0,161.0,0.0,104.0
0.0,8562.0,283.0,585.0,300.0,0.0,0.0,427.0,158.0,0.0,283.0
0.0,8579.0,463.0,579.0,0.0,0.0,0.0,415.0,164.0,0.0,463.0
0.0,8116.0,550.0,570.0,0.0,0.0,0.0,395.0,175.0,0.0,550.0
0.0,7566.0,781.0,561.0,0.0,0.0,0.0,378.0,183.0,334.0,447.0
0.0,6785.0,910.0,561.0,0.0,0.0,0.0,375.0,186.0,749.0,161.0
0.0,5875.0,1180.0,578.0,0.0,0.0,0.0,392.0,186.0,1180.0,0.0
0.0,4695.0,1260.0,602.0,0.0,0.0,0.0,416.0,186.0,1260.0,0.0
0.0,3435.0,926.0,619.0,0.0,586.0,586.0,434.0,185.0,926.0,0.0
0.0,2509.0,164.0,618.0,0.0,745.0,745.0,437.0,181.0,164.0,0.0
0.0,2345.0,0.0,610.0,0.0,705.0,705.0,437.0,173.0,0.0,0.0
0.0,2345.0,89.0,602.0,586.0,168.0,168.0,437.0,165.0,0.0,89.0
0.0,2842.0,279.0,594.0,745.0,0.0,0.0,432.0,162.0,0.0,279.0
0.0,3308.0,458.0,585.0,705.0,0.0,0.0,418.0,167.0,0.0,458.0
0.0,3555.0,546.0,574.0,168.0,0.0,0.0,397.0,177.0,0.0,546.0
0.0,3177.0,831.0,566.0,0.0,484.0,484.0,380.0,186.0,384.0,447.0
0.0,2346.0,971.0,567.0,0.0,1460.0,1460.0,378.0,189.0,797.0,174.0
0.0,1375.0,1236.0,586.0,0.0,2791.0,2791.0,397.0,189.0,1236.0,0.0
0.0,139.0,1291.0,611.0,484.0,3055.0,3055.0,422.0,189.0,1291.0,0.0
0.0,0.0,920.0,627.0,1460.0,3135.0,3135.0,440.0,187.0,920.0,0.0
0.0,0.0,120.0,624.0,2791.0,577.0,577.0,442.0,182.0,120.0,0.0
0.0,2543.0,0.0,615.0,3055.0,0.0,0.0,442.0,173.0,0.0,0.0
0.0,5598.0,110.0,607.0,3135.0,0.0,0.0,442.0,165.0,0.0,110.0
0.0,8623.0,291.0,600.0,577.0,0.0,0.0,437.0,163.0,0.0,291.0
0.0,8909.0,486.0,593.0,0.0,0.0,0.0,424.0,169.0,0.0,486.0
0.0,8423.0,566.0,584.0,0.0,0.0,0.0,404.0,180.0,0.0,566.0
0.0,7857.0,852.0,577.0,0.0,0.0,0.0,388.0,189.0,389.0,463.0
0.0,7005.0,984.0,577.0,0.0,0.0,0.0,385.0,192.0,829.0,155.0
0.0,6021.0,1252.0,595.0,0.0,0.0,0.0,403.0,192.0,1252.0,0.0
0.0,4769.0,1284.0,620.0,0.0,0.0,0.0,428.0,192.0,1284.0,0.0
0.0,3485.0,887.0,635.0,0.0,577.0,577.0,445.0,190.0,887.0,0.0
0.0,2598.0,89.0,631.0,0.0,646.0,646.0,446.0,185.0,89.0,0.0
0.0,2509.0,0.0,623.0,0.0,606.0,606.0,446.0,177.0,0.0,0.0
0.0,2509.0,102.0,615.0,577.0,91.0,91.0,446.0,169.0,0.0,102.0
0.0,2984.0,284.0,607.0,646.0,0.0,0.0,441.0,166.0,0.0,284.0
0.0,3346.0,466.0,599.0,606.0,0.0,0.0,428.0,171.0,0.0,466.0
0.0,3486.0,557.0,587.0,91.0,0.0,0.0,406.0,181.0,8.0,549.0
0.0,3020.0,898.0,581.0,0.0,783.0,783.0,391.0,190.0,448.0,450.0
0.0,2122.0,1083.0,584.0,0.0,1881.0,1881.0,391.0,193.0,905.0,178.0
0.0,1039.0,1334.0,605.0,0.0,3025.0,3025.0,412.0,193.0,1334.0,0.0
0.0,0.0,1335.0,631.0,783.0,3155.0,3155.0,438.0,193.0,1335.0,0.0
0.0,0.0,867.0,646.0,1881.0,3063.0,3063.0,454.0,192.0,867.0,0.0
0.0,167.0,257.0,646.0,3025.0,295.0,295.0,459.0,187.0,257.0,0.0
0.0,2935.0,0.0,637.0,3155.0,0.0,0.0,459.0,178.0,0.0,0.0
0.0,6090.0,119.0,629.0,3063.0,0.0,0.0,459.0,170.0,0.0,119.0
0.0,9034.0,309.0,621.0,295.0,0.0,0.0,453.0,168.0,0.0,309.0
0.0,9020.0,505.0,613.0,0.0,0.0,0.0,439.0,174.0,0.0,505.0
0.0,8515.0,584.0,602.0,0.0,0.0,0.0,417.0,185.0,0.0,584.0
0.0,7931.0,669.0,590.0,0.0,0.0,0.0,396.0,194.0,200.0,469.0
0.0,7262.0,782.0,587.0,0.0,0.0,0.0,390.0,197.0,632.0,150.0
0.0,6480.0,1068.0,604.0,0.0,0.0,0.0,407.0,197.0,1068.0,0.0
0.0,5412.0,1313.0,629.0,0.0,0.0,0.0,432.0,197.0,1313.0,0.0
0.0,4099.0,1140.0,649.0,0.0,286.0,286.0,454.0,195.0,1140.0,0.0
0.0,2959.0,528.0,653.0,0.0,834.0,834.0,464.0,189.0,528.0,0.0
0.0,2431.0,0.0,645.0,0.0,794.0,794.0,464.0,181.0,0.0,0.0
0.0,2431.0,89.0,636.0,286.0,552.0,552.0,464.0,172.0,0.0,89.0
0.0,2628.0,278.0,626.0,834.0,0.0,0.0,458.0,168.0,0.0,278.0
0.0,3184.0,468.0,617.0,794.0,0.0,0.0,443.0,174.0,0.0,468.0
0.0,3510.0,575.0,605.0,552.0,0.0,0.0,420.0,185.0,0.0,575.0
0.0,3487.0,709.0,595.0,0.0,197.0,197.0,400.0,195.0,216.0,493.0
0.0,2778.0,903.0,595.0,0.0,1100.0,1100.0,396.0,199.0,679.0,224.0
0.0,1875.0,1126.0,613.0,0.0,2316.0,2316.0,414.0,199.0,1126.0,0.0
0.0,749.0,1366.0,639.0,197.0,3195.0,3195.0,440.0,199.0,1366.0,0.0
0.0,0.0,1123.0,659.0,1100.0,3295.0,3295.0,462.0,197.0,1123.0,0.0
0.0,0.0,426.0,662.0,2316.0,1863.0,1863.0,470.0,192.0,426.0,0.0
0.0,1447.0,0.0,653.0,3195.0,0.0,0.0,470.0,183.0,0.0,0.0
0.0,4642.0,88.0,644.0,3295.0,0.0,0.0,470.0,174.0,0.0,88.0
0.0,7849.0,283.0,634.0,1863.0,0.0,0.0,463.0,171.0,0.0,283.0
0.0,9429.0,477.0,624.0,0.0,0.0,0.0,447.0,177.0,0.0,477.0
0.0,8952.0,580.0,612.0,0.0,0.0,0.0,424.0,188.0,0.0,580.0
0.0,8372.0,731.0,601.0,0.0,0.0,0.0,403.0,198.0,240.0,491.0
0.0,7641.0,885.0,601.0,0.0,0.0,0.0,399.0,202.0,679.0,206.0
0.0,6756.0,1135.0,620.0,0.0,0.0,0.0,418.0,202.0,1135.0,0.0
0.0,5621.0,1348.0,646.0,0.0,0.0,0.0,444.0,202.0,1348.0,0.0
0.0,4273.0,1130.0,666.0,0.0,187.0,187.0,466.0,200.0,1130.0,0.0
0.0,3143.0,453.0,669.0,0.0,655.0,655.0,475.0,194.0,453.0,0.0
0.0,2690.0,0.0,660.0,0.0,610.0,610.0,475.0,185.0,0.0,0.0
0.0,2690.0,106.0,651.0,187.0,484.0,484.0,475.0,176.0,0.0,106.0
0.0,2771.0,301.0,640.0,655.0,75.0,75.0,467.0,173.0,0.0,301.0
0.0,3125.0,498.0,630.0,610.0,0.0,0.0,451.0,179.0,0.0,498.0
0.0,3237.0,590.0,618.0,484.0,0.0,0.0,427.0,191.0,0.0,590.0
0.0,3131.0,749.0,607.0,75.0,578.0,578.0,407.0,200.0,257.0,492.0
0.0,2457.0,910.0,608.0,0.0,1493.0,1493.0,404.0,204.0,721.0,189.0
0.0,1547.0,1180.0,629.0,0.0,2778.0,2778.0,425.0,204.0,1180.0,0.0
0.0,367.0,1382.0,656.0,578.0,3280.0,3280.0,452.0,204.0,1382.0,0.0
0.0,0.0,1106.0,675.0,1493.0,3375.0,3375.0,473.0,202.0,1106.0,0.0
0.0,0.0,390.0,677.0,2778.0,1047.0,1047.0,481.0,196.0,390.0,0.0
0.0,2338.0,0.0,668.0,3280.0,0.0,0.0,481.0,187.0,0.0,0.0
0.0,5618.0,101.0,659.0,3375.0,0.0,0.0,480.0,179.0,0.0,101.0
0.0,8892.0,298.0,648.0,1047.0,0.0,0.0,472.0,176.0,0.0,298.0
0.0,9641.0,493.0,636.0,0.0,0.0,0.0,454.0,182.0,0.0,493.0
0.0,9148.0,584.0,622.0,0.0,0.0,0.0,429.0,193.0,0.0,584.0
0.0,8564.0,761.0,610.0,0.0,0.0,0.0,408.0,202.0,276.0,485.0
0.0,7803.0,931.0,612.0,0.0,0.0,0.0,406.0,206.0,739.0,192.0
0.0,6872.0,1218.0,630.0,0.0,0.0,0.0,424.0,206.0,1218.0,0.0
0.0,5654.0,1412.0,658.0,0.0,0.0,0.0,452.0,206.0,1412.0,0.0
0.0,4242.0,1139.0,678.0,0.0,287.0,287.0,474.0,204.0,1139.0,0.0
0.0,3103.0,390.0,679.0,0.0,682.0,682.0,481.0,198.0,390.0,0.0
0.0,2713.0,0.0,669.0,0.0,632.0,632.0,481.0,188.0,0.0,0.0
0.0,2713.0,131.0,660.0,287.0,431.0,431.0,481.0,179.0,0.0,131.0
0.0,2869.0,328.0,654.0,682.0,47.0,47.0,477.0,177.0,0.0,328.0
0.0,3223.0,540.0,649.0,632.0,0.0,0.0,465.0,184.0,0.0,540.0
0.0,3315.0,613.0,640.0,431.0,67.0,67.0,444.0,196.0,0.0,613.0
0.0,3133.0,736.0,629.0,47.0,701.0,701.0,424.0,205.0,247.0,489.0
0.0,2444.0,867.0,624.0,0.0,1543.0,1543.0,416.0,208.0,721.0,146.0
0.0,1577.0,1174.0,636.0,67.0,2710.0,2710.0,428.0,208.0,1174.0,0.0
0.0,470.0,1381.0,663.0,701.0,3315.0,3315.0,455.0,208.0,1381.0,0.0
0.0,0.0,1134.0,684.0,1543.0,3221.0,3221.0,477.0,207.0,1134.0,0.0
0.0,199.0,446.0,686.0,2710.0,967.0,967.0,485.0,201.0,446.0,0.0
0.0,2463.0,0.0,677.0,3315.0,0.0,0.0,485.0,192.0,0.0,0.0
0.0,5778.0,111.0,668.0,3221.0,0.0,0.0,485.0,183.0,0.0,111.0
0.0,8888.0,308.0,661.0,967.0,0.0,0.0,481.0,180.0,0.0,308.0
0.0,9547.0,509.0,653.0,0.0,0.0,0.0,468.0,185.0,0.0,509.0
0.0,9038.0,594.0,643.0,0.0,0.0,0.0,446.0,197.0,0.0,594.0
0.0,8444.0,800.0,632.0,0.0,0.0,0.0,426.0,206.0,313.0,487.0
0.0,7644.0,980.0,629.0,0.0,0.0,0.0,420.0,209.0,799.0,181.0
0.0,6664.0,1283.0,645.0,0.0,0.0,0.0,436.0,209.0,1283.0,0.0
0.0,5381.0,1449.0,673.0,0.0,0.0,0.0,464.0,209.0,1449.0,0.0
0.0,3932.0,1119.0,694.0,0.0,657.0,657.0,486.0,208.0,1119.0,0.0
0.0,2813.0,317.0,694.0,0.0,974.0,974.0,492.0,202.0,317.0,0.0
0.0,2496.0,0.0,685.0,0.0,929.0,929.0,492.0,193.0,0.0,0.0
0.0,2496.0,139.0,677.0,657.0,371.0,371.0,492.0,185.0,0.0,139.0
0.0,3014.0,349.0,669.0,974.0,0.0,0.0,487.0,182.0,0.0,349.0
0.0,3639.0,556.0,663.0,929.0,0.0,0.0,474.0,189.0,0.0,556.0
0.0,4012.0,625.0,653.0,371.0,0.0,0.0,452.0,201.0,0.0,625.0
0.0,3758.0,782.0,642.0,0.0,234.0,234.0,432.0,210.0,302.0,480.0
0.0,2976.0,898.0,637.0,0.0,1107.0,1107.0,425.0,212.0,772.0,126.0
0.0,2078.0,1242.0,653.0,0.0,2429.0,2429.0,441.0,212.0,1242.0,0.0
0.0,836.0,1421.0,680.0,234.0,3400.0,3400.0,468.0,212.0,1421.0,0.0
0.0,0.0,1152.0,700.0,1107.0,3500.0,3500.0,490.0,210.0,1152.0,0.0
0.0,0.0,397.0,702.0,2429.0,1874.0,1874.0,498.0,204.0,397.0,0.0
0.0,1636.0,0.0,693.0,3400.0,0.0,0.0,498.0,195.0,0.0,0.0
0.0,5036.0,124.0,684.0,3500.0,0.0,0.0,498.0,186.0,0.0,124.0
0.0,8412.0,327.0,676.0,1874.0,0.0,0.0,493.0,183.0,0.0,327.0
0.0,9959.0,541.0,669.0,0.0,0.0,0.0,479.0,190.0,0.0,541.0
0.0,9418.0,622.0,658.0,0.0,0.0,0.0,456.0,202.0,0.0,622.0
0.0,8796.0,841.0,647.0,0.0,0.0,0.0,436.0,211.0,338.0,503.0
0.0,7955.0,1014.0,646.0,0.0,0.0,0.0,431.0,215.0,836.0,178.0
0.0,6941.0,1323.0,664.0,0.0,0.0,0.0,449.0,215.0,1323.0,0.0
0.0,5618.0,1461.0,692.0,0.0,0.0,0.0,477.0,215.0,1461.0,0.0
0.0,4157.0,1104.0,711.0,0.0,502.0,502.0,498.0,213.0,1104.0,0.0
0.0,3053.0,249.0,710.0,0.0,746.0,746.0,503.0,207.0,249.0,0.0
0.0,2804.0,0.0,700.0,0.0,696.0,696.0,503.0,197.0,0.0,0.0
0.0,2804.0,123.0,692.0,502.0,277.0,277.0,503.0,189.0,0.0,123.0
0.0,3183.0,333.0,684.0,746.0,0.0,0.0,498.0,186.0,0.0,333.0
0.0,3596.0,543.0,675.0,696.0,0.0,0.0,483.0,192.0,0.0,543.0
0.0,3749.0,626.0,664.0,277.0,0.0,0.0,460.0,204.0,0.0,626.0
0.0,3400.0,885.0,654.0,0.0,755.0,755.0,440.0,214.0,385.0,500.0
0.0,2515.0,1020.0,652.0,0.0,1765.0,1765.0,435.0,217.0,856.0,164.0
0.0,1495.0,1344.0,670.0,0.0,3199.0,3199.0,453.0,217.0,1344.0,0.0
0.0,151.0,1464.0,698.0,755.0,3490.0,3490.0,481.0,217.0,1464.0,0.0
0.0,0.0,1113.0,718.0,1765.0,3496.0,3496.0,503.0,215.0,1113.0,0.0
0.0,94.0,259.0,716.0,3199.0,546.0,546.0,508.0,208.0,259.0,0.0
0.0,3034.0,0.0,706.0,3490.0,0.0,0.0,508.0,198.0,0.0,0.0
0.0,6524.0,138.0,697.0,3496.0,0.0,0.0,508.0,189.0,0.0,138.0
0.0,9882.0,347.0,689.0,546.0,0.0,0.0,503.0,186.0,0.0,347.0
0.0,10081.0,559.0,683.0,0.0,0.0,0.0,489.0,194.0,0.0,559.0
0.0,9522.0,633.0,673.0,0.0,0.0,0.0,467.0,206.0,0.0,633.0
0.0,8889.0,890.0,663.0,0.0,0.0,0.0,447.0,216.0,384.0,506.0
0.0,7999.0,1038.0,661.0,0.0,0.0,0.0,442.0,219.0,881.0,157.0
0.0,6961.0,1365.0,679.0,0.0,0.0,0.0,460.0,219.0,1365.0,0.0
0.0,5596.0,1472.0,707.0,0.0,0.0,0.0,488.0,219.0,1472.0,0.0
0.0,4124.0,1072.0,726.0,0.0,578.0,578.0,509.0,217.0,1072.0,0.0
0.0,3052.0,198.0,724.0,0.0,766.0,766.0,513.0,211.0,198.0,0.0
0.0,2854.0,0.0,714.0,0.0,716.0,716.0,513.0,201.0,0.0,0.0
0.0,2854.0,140.0,705.0,578.0,233.0,233.0,513.0,192.0,0.0,140.0
0.0,3292.0,351.0,697.0,766.0,0.0,0.0,507.0,190.0,0.0,351.0
0.0,3707.0,566.0,689.0,716.0,0.0,0.0,492.0,197.0,0.0,566.0
0.0,3857.0,635.0,676.0,233.0,0.0,0.0,467.0,209.0,0.0,635.0
0.0,3455.0,962.0,667.0,0.0,842.0,842.0,448.0,219.0,466.0,496.0
0.0,2493.0,1114.0,667.0,0.0,1956.0,1956.0,445.0,222.0,966.0,148.0
0.0,1379.0,1485.0,689.0,0.0,3445.0,3445.0,467.0,222.0,1485.0,0.0
0.0,0.0,1522.0,719.0,842.0,3595.0,3595.0,497.0,222.0,1522.0,0.0
0.0,0.0,1064.0,736.0,1956.0,3574.0,3574.0,517.0,219.0,1064.0,0.0
0.0,106.0,184.0,733.0,3445.0,298.0,298.0,521.0,212.0,184.0,0.0
0.0,3367.0,0.0,723.0,3595.0,0.0,0.0,521.0,202.0,0.0,0.0
0.0,6962.0,146.0,714.0,3574.0,0.0,0.0,521.0,193.0,0.0,146.0
0.0,10390.0,362.0,705.0,298.0,0.0,0.0,515.0,190.0,0.0,362.0
0.0,10326.0,590.0,699.0,0.0,0.0,0.0,500.0,199.0,0.0,590.0
0.0,9736.0,665.0,688.0,0.0,0.0,0.0,476.0,212.0,0.0,665.0
0.0,9071.0,859.0,677.0,0.0,0.0,0.0,455.0,222.0,336.0,523.0
0.0,8212.0,992.0,674.0,0.0,0.0,0.0,449.0,225.0,839.0,153.0
0.0,7220.0,1333.0,692.0,0.0,0.0,0.0,467.0,225.0,1333.0,0.0
0.0,5887.0,1496.0,721.0,0.0,0.0,0.0,496.0,225.0,1496.0,0.0
0.0,4391.0,1156.0,741.0,0.0,470.0,470.0,518.0,223.0,1156.0,0.0
0.0,3235.0,343.0,741.0,0.0,813.0,813.0,525.0,216.0,343.0,0.0
0.0,2892.0,0.0,731.0,0.0,763.0,763.0,525.0,206.0,0.0,0.0
0.0,2892.0,118.0,721.0,470.0,361.0,361.0,525.0,196.0,0.0,118.0
0.0,3244.0,332.0,711.0,813.0,0.0,0.0,518.0,193.0,0.0,332.0
0.0,3725.0,546.0,702.0,763.0,0.0,0.0,502.0,200.0,0.0,546.0
0.0,3942.0,639.0,689.0,361.0,0.0,0.0,477.0,212.0,0.0,639.0
0.0,3664.0,902.0,678.0,0.0,628.0,628.0,456.0,222.0,377.0,525.0
0.0,2762.0,1109.0,678.0,0.0,1737.0,1737.0,452.0,226.0,904.0,205.0
0.0,1653.0,1417.0,701.0,0.0,3269.0,3269.0,475.0,226.0,1417.0,0.0
0.0,236.0,1552.0,730.0,628.0,3650.0,3650.0,504.0,226.0,1552.0,0.0
0.0,0.0,1157.0,751.0,1737.0,3755.0,3755.0,527.0,224.0,1157.0,0.0
0.0,0.0,238.0,749.0,3269.0,822.0,822.0,531.0,218.0,238.0,0.0
0.0,2923.0,0.0,738.0,3650.0,0.0,0.0,531.0,207.0,0.0,0.0
0.0,6573.0,161.0,729.0,3755.0,0.0,0.0,531.0,198.0,0.0,161.0
0.0,10167.0,383.0,720.0,822.0,0.0,0.0,524.0,196.0,0.0,383.0
0.0,10606.0,609.0,711.0,0.0,0.0,0.0,507.0,204.0,0.0,609.0
0.0,9997.0,671.0,699.0,0.0,0.0,0.0,482.0,217.0,0.0,671.0
0.0,9326.0,880.0,688.0,0.0,0.0,0.0,461.0,227.0,368.0,512.0
0.0,8446.0,987.0,686.0,0.0,0.0,0.0,456.0,230.0,869.0,118.0
0.0,7459.0,1365.0,707.0,0.0,0.0,0.0,477.0,230.0,1365.0,0.0
0.0,6094.0,1510.0,736.0,0.0,0.0,0.0,506.0,230.0,1510.0,0.0
0.0,4584.0,1182.0,756.0,0.0,378.0,378.0,529.0,227.0,1182.0,0.0
0.0,3402.0,345.0,756.0,0.0,723.0,723.0,536.0,220.0,345.0,0.0
0.0,3057.0,0.0,745.0,0.0,668.0,668.0,536.0,209.0,0.0,0.0
0.0,3057.0,141.0,736.0,378.0,386.0,386.0,536.0,200.0,0.0,141.0
0.0,3294.0,361.0,725.0,723.0,0.0,0.0,528.0,197.0,0.0,361.0
0.0,3656.0,586.0,716.0,668.0,0.0,0.0,511.0,205.0,0.0,586.0
0.0,3738.0,668.0,703.0,386.0,59.0,59.0,485.0,218.0,0.0,668.0
0.0,3456.0,949.0,693.0,0.0,958.0,958.0,465.0,228.0,418.0,531.0
0.0,2507.0,1111.0,694.0,0.0,2074.0,2074.0,462.0,232.0,943.0,168.0
0.0,1396.0,1466.0,719.0,59.0,3595.0,3595.0,487.0,232.0,1466.0,0.0
0.0,0.0,1564.0,749.0,958.0,3745.0,3745.0,517.0,232.0,1564.0,0.0
0.0,0.0,1133.0,767.0,2074.0,3511.0,3511.0,538.0,229.0,1133.0,0.0
0.0,324.0,184.0,764.0,3595.0,85.0,85.0,542.0,222.0,184.0,0.0
0.0,3735.0,0.0,753.0,3745.0,0.0,0.0,542.0,211.0,0.0,0.0
0.0,7480.0,129.0,744.0,3511.0,0.0,0.0,542.0,202.0,0.0,129.0
0.0,10862.0,362.0,732.0,85.0,0.0,0.0,533.0,199.0,0.0,362.0
0.0,10585.0,589.0,722.0,0.0,0.0,0.0,514.0,208.0,0.0,589.0
0.0,9996.0,687.0,707.0,0.0,0.0,0.0,486.0,221.0,0.0,687.0
0.0,9309.0,998.0,696.0,0.0,0.0,0.0,465.0,231.0,450.0,548.0
0.0,8311.0,1149.0,698.0,0.0,0.0,0.0,463.0,235.0,966.0,183.0
0.0,7162.0,1499.0,724.0,0.0,0.0,0.0,489.0,235.0,1499.0,0.0
0.0,5663.0,1587.0,754.0,0.0,0.0,0.0,519.0,235.0,1587.0,0.0
0.0,4076.0,1145.0,773.0,0.0,934.0,934.0,541.0,232.0,1145.0,0.0
0.0,2931.0,177.0,770.0,0.0,1096.0,1096.0,545.0,225.0,177.0,0.0
0.0,2754.0,0.0,759.0,0.0,1041.0,1041.0,545.0,214.0,0.0,0.0
0.0,2754.0,122.0,748.0,934.0,174.0,174.0,545.0,203.0,0.0,122.0
0.0,3566.0,349.0,738.0,1096.0,0.0,0.0,538.0,200.0,0.0,349.0
0.0,4313.0,577.0,730.0,1041.0,0.0,0.0,522.0,208.0,0.0,577.0
0.0,4777.0,688.0,717.0,174.0,0.0,0.0,496.0,221.0,0.0,688.0
0.0,4263.0,1004.0,708.0,0.0,281.0,281.0,476.0,232.0,432.0,572.0
0.0,3259.0,1187.0,709.0,0.0,1473.0,1473.0,472.0,237.0,968.0,219.0
0.0,2072.0,1499.0,732.0,0.0,3087.0,3087.0,495.0,237.0,1499.0,0.0
0.0,573.0,1599.0,762.0,281.0,3810.0,3810.0,525.0,237.0,1599.0,0.0
0.0,0.0,1158.0,782.0,1473.0,3910.0,3910.0,548.0,234.0,1158.0,0.0
0.0,0.0,195.0,779.0,3087.0,1433.0,1433.0,551.0,228.0,195.0,0.0
0.0,2462.0,0.0,768.0,3810.0,0.0,0.0,551.0,217.0,0.0,0.0
0.0,6272.0,109.0,758.0,3910.0,0.0,0.0,551.0,207.0,0.0,109.0
0.0,10073.0,337.0,748.0,1433.0,0.0,0.0,544.0,204.0,0.0,337.0
0.0,11169.0,562.0,737.0,0.0,0.0,0.0,527.0,210.0,0.0,562.0
0.0,10607.0,675.0,722.0,0.0,0.0,0.0,499.0,223.0,0.0,675.0
0.0,9932.0,1014.0,712.0,0.0,0.0,0.0,478.0,234.0,451.0,563.0
0.0,8918.0,1212.0,714.0,0.0,0.0,0.0,475.0,239.0,982.0,230.0
0.0,7706.0,1522.0,739.0,0.0,0.0,0.0,500.0,239.0,1522.0,0.0
0.0,6184.0,1618.0,770.0,0.0,0.0,0.0,531.0,239.0,1618.0,0.0
0.0,4566.0,1166.0,789.0,0.0,545.0,545.0,553.0,236.0,1166.0,0.0
0.0,3400.0,179.0,785.0,0.0,704.0,704.0,557.0,228.0,179.0,0.0
0.0,3221.0,0.0,773.0,0.0,644.0,644.0,557.0,216.0,0.0,0.0
0.0,3221.0,150.0,763.0,545.0,199.0,199.0,557.0,206.0,0.0,150.0
0.0,3616.0,378.0,753.0,704.0,0.0,0.0,549.0,204.0,0.0,378.0
0.0,3942.0,613.0,746.0,644.0,0.0,0.0,533.0,213.0,0.0,613.0
0.0,3973.0,708.0,733.0,199.0,201.0,201.0,506.0,227.0,0.0,708.0
0.0,3464.0,1037.0,725.0,0.0,1198.0,1198.0,487.0,238.0,475.0,562.0
0.0,2427.0,1188.0,724.0,0.0,2381.0,2381.0,483.0,241.0,1012.0,176.0
0.0,1239.0,1548.0,747.0,201.0,3735.0,3735.0,506.0,241.0,1548.0,0.0
0.0,0.0,1599.0,778.0,1198.0,3890.0,3890.0,537.0,241.0,1599.0,0.0
0.0,0.0,1129.0,797.0,2381.0,3242.0,3242.0,559.0,238.0,1129.0,0.0
0.0,743.0,249.0,796.0,3735.0,0.0,0.0,564.0,232.0,249.0,0.0
0.0,4229.0,0.0,784.0,3890.0,0.0,0.0,564.0,220.0,0.0,0.0
0.0,8119.0,120.0,774.0,3242.0,0.0,0.0,564.0,210.0,0.0,120.0
0.0,11241.0,351.0,762.0,0.0,0.0,0.0,556.0,206.0,0.0,351.0
0.0,10890.0,579.0,752.0,0.0,0.0,0.0,538.0,214.0,0.0,579.0
0.0,10311.0,688.0,736.0,0.0,0.0,0.0,509.0,227.0,0.0,688.0
0.0,9623.0,995.0,725.0,0.0,0.0,0.0,487.0,238.0,424.0,571.0
0.0,8628.0,1211.0,728.0,0.0,0.0,0.0,485.0,243.0,984.0,227.0
0.0,7417.0,1545.0,754.0,0.0,0.0,0.0,511.0,243.0,1545.0,0.0
0.0,5872.0,1667.0,786.0,0.0,0.0,0.0,543.0,243.0,1667.0,0.0
0.0,4205.0,1230.0,806.0,0.0,1055.0,1055.0,566.0,240.0,1230.0,0.0
0.0,2975.0,224.0,804.0,0.0,1269.0,1269.0,571.0,233.0,224.0,0.0
0.0,2751.0,0.0,793.0,0.0,1214.0,1214.0,571.0,222.0,0.0,0.0
0.0,2751.0,150.0,783.0,1055.0,259.0,259.0,571.0,212.0,0.0,150.0
0.0,3656.0,387.0,771.0,1269.0,0.0,0.0,562.0,209.0,0.0,387.0
0.0,4538.0,630.0,761.0,1214.0,0.0,0.0,544.0,217.0,0.0,630.0
0.0,5122.0,719.0,746.0,259.0,0.0,0.0,515.0,231.0,0.0,719.0
0.0,4662.0,977.0,734.0,0.0,0.0,0.0,492.0,242.0,410.0,567.0
0.0,3685.0,1123.0,733.0,0.0,1103.0,1103.0,488.0,245.0,953.0,170.0
0.0,2562.0,1496.0,759.0,0.0,2729.0,2729.0,514.0,245.0,1496.0,0.0
0.0,1066.0,1638.0,790.0,0.0,3950.0,3950.0,545.0,245.0,1638.0,0.0
0.0,0.0,1247.0,812.0,1103.0,4060.0,4060.0,569.0,243.0,1247.0,0.0
0.0,0.0,309.0,811.0,2729.0,2351.0,2351.0,575.0,236.0,309.0,0.0
0.0,1704.0,0.0,800.0,3950.0,0.0,0.0,575.0,225.0,0.0,0.0
0.0,5654.0,141.0,789.0,4060.0,0.0,0.0,575.0,214.0,0.0,141.0
0.0,9573.0,383.0,778.0,2351.0,0.0,0.0,567.0,211.0,0.0,383.0
0.0,11541.0,620.0,767.0,0.0,0.0,0.0,548.0,219.0,0.0,620.0
0.0,10921.0,719.0,751.0,0.0,0.0,0.0,519.0,232.0,0.0,719.0
0.0,10202.0,1025.0,740.0,0.0,0.0,0.0,497.0,243.0,451.0,574.0
0.0,9177.0,1218.0,742.0,0.0,0.0,0.0,495.0,247.0,1019.0,199.0
0.0,7959.0,1582.0,768.0,0.0,0.0,0.0,521.0,247.0,1582.0,0.0
0.0,6377.0,1682.0,801.0,0.0,0.0,0.0,554.0,247.0,1682.0,0.0
0.0,4695.0,1204.0,822.0,0.0,619.0,619.0,577.0,245.0,1204.0,0.0
0.0,3491.0,162.0,819.0,0.0,766.0,766.0,580.0,239.0,162.0,0.0
0.0,3329.0,0.0,808.0,0.0,711.0,711.0,580.0,228.0,0.0,0.0
0.0,3329.0,144.0,798.0,619.0,186.0,186.0,580.0,218.0,0.0,144.0
0.0,3804.0,387.0,785.0,766.0,0.0,0.0,571.0,214.0,0.0,387.0
0.0,4183.0,628.0,774.0,711.0,0.0,0.0,552.0,222.0,0.0,628.0
0.0,4266.0,728.0,759.0,186.0,71.0,71.0,523.0,236.0,0.0,728.0
0.0,3724.0,1087.0,749.0,0.0,1108.0,1108.0,502.0,247.0,507.0,580.0
0.0,2637.0,1238.0,751.0,0.0,2356.0,2356.0,500.0,251.0,1049.0,189.0
0.0,1399.0,1615.0,778.0,71.0,3890.0,3890.0,527.0,251.0,1615.0,0.0
0.0,0.0,1687.0,811.0,1108.0,4055.0,4055.0,560.0,251.0,1687.0,0.0
0.0,0.0,1199.0,831.0,2356.0,3722.0,3722.0,583.0,248.0,1199.0,0.0
0.0,433.0,289.0,829.0,3890.0,111.0,111.0,588.0,241.0,289.0,0.0
0.0,4034.0,0.0,817.0,4055.0,0.0,0.0,588.0,229.0,0.0,0.0
0.0,8089.0,137.0,806.0,3722.0,0.0,0.0,588.0,218.0,0.0,137.0
0.0,11674.0,375.0,793.0,111.0,0.0,0.0,579.0,214.0,0.0,375.0
0.0,11410.0,617.0,783.0,0.0,0.0,0.0,560.0,223.0,0.0,617.0
0.0,10793.0,725.0,767.0,0.0,0.0,0.0,530.0,237.0,0.0,725.0
0.0,10068.0,956.0,754.0,0.0,0.0,0.0,506.0,248.0,362.0,594.0
0.0,9112.0,1146.0,754.0,0.0,0.0,0.0,502.0,252.0,926.0,220.0
0.0,7966.0,1489.0,778.0,0.0,0.0,0.0,526.0,252.0,1489.0,0.0
0.0,6477.0,1697.0,811.0,0.0,0.0,0.0,559.0,252.0,1697.0,0.0
0.0,4780.0,1322.0,834.0,0.0,712.0,712.0,584.0,250.0,1322.0,0.0
0.0,3458.0,398.0,835.0,0.0,1115.0,1115.0,592.0,243.0,398.0,0.0
0.0,3060.0,0.0,824.0,0.0,1060.0,1060.0,592.0,232.0,0.0,0.0
0.0,3060.0,157.0,814.0,712.0,455.0,455.0,592.0,222.0,0.0,157.0
0.0,3615.0,403.0,803.0,1115.0,0.0,0.0,584.0,219.0,0.0,403.0
0.0,4327.0,642.0,792.0,1060.0,0.0,0.0,565.0,227.0,0.0,642.0
0.0,4745.0,723.0,776.0,455.0,0.0,0.0,535.0,241.0,0.0,723.0
0.0,4477.0,968.0,762.0,0.0,301.0,301.0,511.0,251.0,409.0,559.0
0.0,3509.0,1146.0,760.0,0.0,1437.0,1437.0,506.0,254.0,985.0,161.0
0.0,2363.0,1569.0,786.0,0.0,3136.0,3136.0,532.0,254.0,1569.0,0.0
0.0,794.0,1741.0,819.0,301.0,4095.0,4095.0,565.0,254.0,1741.0,0.0
0.0,0.0,1338.0,843.0,1437.0,4215.0,4215.0,591.0,252.0,1338.0,0.0
0.0,0.0,339.0,842.0,3136.0,1960.0,1960.0,598.0,244.0,339.0,0.0
0.0,2250.0,0.0,830.0,4095.0,0.0,0.0,598.0,232.0,0.0,0.0
0.0,6345.0,181.0,820.0,4215.0,0.0,0.0,598.0,222.0,0.0,181.0
0.0,10379.0,430.0,809.0,1960.0,0.0,0.0,590.0,219.0,0.0,430.0
0.0,11909.0,685.0,800.0,0.0,0.0,0.0,571.0,229.0,0.0,685.0
0.0,11224.0,750.0,786.0,0.0,0.0,0.0,543.0,243.0,0.0,750.0
0.0,10474.0,944.0,772.0,0.0,0.0,0.0,518.0,254.0,373.0,571.0
0.0,9530.0,1074.0,769.0,0.0,0.0,0.0,512.0,257.0,946.0,128.0
0.0,8456.0,1520.0,793.0,0.0,0.0,0.0,536.0,257.0,1520.0,0.0
0.0,6936.0,1706.0,826.0,0.0,0.0,0.0,569.0,257.0,1706.0,0.0
0.0,5230.0,1335.0,848.0,0.0,345.0,345.0,594.0,254.0,1335.0,0.0
0.0,3895.0,401.0,849.0,0.0,751.0,751.0,602.0,247.0,401.0,0.0
0.0,3494.0,0.0,837.0,0.0,691.0,691.0,602.0,235.0,0.0,0.0
0.0,3494.0,168.0,826.0,345.0,459.0,459.0,602.0,224.0,0.0,168.0
0.0,3671.0,420.0,814.0,751.0,68.0,68.0,593.0,221.0,0.0,420.0
0.0,4002.0,662.0,804.0,691.0,0.0,0.0,574.0,230.0,0.0,662.0
0.0,4031.0,737.0,787.0,459.0,182.0,182.0,543.0,244.0,0.0,737.0
0.0,3753.0,979.0,774.0,68.0,1028.0,1028.0,519.0,255.0,415.0,564.0
0.0,2842.0,1153.0,773.0,0.0,2176.0,2176.0,515.0,258.0,1003.0,150.0
0.0,1689.0,1587.0,800.0,182.0,3716.0,3716.0,542.0,258.0,1587.0,0.0
0.0,284.0,1755.0,834.0,1028.0,4170.0,4170.0,576.0,258.0,1755.0,0.0
0.0,0.0,1330.0,857.0,2176.0,3882.0,3882.0,602.0,255.0,1330.0,0.0
0.0,403.0,312.0,856.0,3716.0,473.0,473.0,608.0,248.0,312.0,0.0
0.0,3807.0,0.0,844.0,4170.0,0.0,0.0,608.0,236.0,0.0,0.0
0.0,7977.0,203.0,834.0,3882.0,0.0,0.0,608.0,226.0,0.0,203.0
0.0,11656.0,453.0,821.0,473.0,0.0,0.0,598.0,223.0,0.0,453.0
0.0,11676.0,712.0,811.0,0.0,0.0,0.0,578.0,233.0,0.0,712.0
0.0,10964.0,765.0,795.0,0.0,0.0,0.0,547.0,248.0,0.0,765.0
0.0,10199.0,1006.0,782.0,0.0,0.0,0.0,523.0,259.0,443.0,563.0
0.0,9193.0,1128.0,781.0,0.0,0.0,0.0,520.0,261.0,1029.0,99.0
0.0,8065.0,1614.0,806.0,0.0,0.0,0.0,545.0,261.0,1614.0,0.0
0.0,6451.0,1760.0,840.0,0.0,0.0,0.0,579.0,261.0,1760.0,0.0
0.0,4691.0,1344.0,863.0,0.0,968.0,968.0,605.0,258.0,1344.0,0.0
0.0,3347.0,330.0,862.0,0.0,1293.0,1293.0,611.0,251.0,330.0,0.0
0.0,3017.0,0.0,850.0,0.0,1233.0,1233.0,611.0,239.0,0.0,0.0
0.0,3017.0,190.0,840.0,968.0,405.0,405.0,611.0,229.0,0.0,190.0
0.0,3795.0,440.0,830.0,1293.0,0.0,0.0,604.0,226.0,0.0,440.0
0.0,4648.0,689.0,821.0,1233.0,0.0,0.0,586.0,235.0,0.0,689.0
0.0,5192.0,751.0,807.0,405.0,0.0,0.0,558.0,249.0,0.0,751.0
0.0,4846.0,1013.0,794.0,0.0,137.0,137.0,534.0,260.0,448.0,565.0
0.0,3833.0,1184.0,791.0,0.0,1306.0,1306.0,528.0,263.0,1049.0,135.0
0.0,2649.0,1640.0,815.0,0.0,3066.0,3066.0,552.0,263.0,1640.0,0.0
0.0,1009.0,1787.0,850.0,137.0,4250.0,4250.0,587.0,263.0,1787.0,0.0
0.0,0.0,1320.0,872.0,1306.0,4360.0,4360.0,612.0,260.0,1320.0,0.0
0.0,0.0,263.0,869.0,3066.0,2197.0,2197.0,617.0,252.0,263.0,0.0
0.0,2148.0,0.0,857.0,4250.0,0.0,0.0,617.0,240.0,0.0,0.0
0.0,6398.0,210.0,847.0,4360.0,0.0,0.0,617.0,230.0,0.0,210.0
0.0,10548.0,468.0,837.0,2197.0,0.0,0.0,609.0,228.0,0.0,468.0
0.0,12277.0,722.0,829.0,0.0,0.0,0.0,590.0,239.0,0.0,722.0
0.0,11555.0,765.0,813.0,0.0,0.0,0.0,560.0,253.0,0.0,765.0
0.0,10790.0,1033.0,800.0,0.0,0.0,0.0,536.0,264.0,475.0,558.0
0.0,9757.0,1151.0,796.0,0.0,0.0,0.0,530.0,266.0,1062.0,89.0
0.0,8606.0,1660.0,822.0,0.0,0.0,0.0,556.0,266.0,1660.0,0.0
0.0,6946.0,1793.0,856.0,0.0,0.0,0.0,590.0,266.0,1793.0,0.0
0.0,5153.0,1351.0,878.0,0.0,588.0,588.0,616.0,262.0,1351.0,0.0
0.0,3802.0,283.0,876.0,0.0,861.0,861.0,622.0,254.0,283.0,0.0
0.0,3519.0,0.0,863.0,0.0,796.0,796.0,622.0,241.0,0.0,0.0
0.0,3519.0,227.0,853.0,588.0,385.0,385.0,622.0,231.0,0.0,227.0
0.0,3880.0,483.0,844.0,861.0,0.0,0.0,615.0,229.0,0.0,483.0
0.0,4258.0,747.0,837.0,796.0,0.0,0.0,596.0,241.0,0.0,747.0
0.0,4307.0,781.0,823.0,385.0,204.0,204.0,567.0,256.0,0.0,781.0
0.0,3911.0,1013.0,810.0,0.0,1152.0,1152.0,543.0,267.0,454.0,559.0
0.0,2898.0,1131.0,806.0,0.0,2263.0,2263.0,538.0,268.0,1057.0,74.0
0.0,1767.0,1655.0,830.0,204.0,3834.0,3834.0,562.0,268.0,1655.0,0.0
0.0,316.0,1793.0,864.0,1152.0,4320.0,4320.0,596.0,268.0,1793.0,0.0
0.0,0.0,1335.0,887.0,2263.0,3832.0,3832.0,622.0,265.0,1335.0,0.0
0.0,603.0,287.0,885.0,3834.0,275.0,275.0,628.0,257.0,287.0,0.0
0.0,4150.0,0.0,872.0,4320.0,0.0,0.0,628.0,244.0,0.0,0.0
0.0,8470.0,212.0,862.0,3832.0,0.0,0.0,628.0,234.0,0.0,212.0
0.0,12090.0,471.0,852.0,275.0,0.0,0.0,620.0,232.0,0.0,471.0
0.0,11894.0,724.0,843.0,0.0,0.0,0.0,600.0,243.0,0.0,724.0
0.0,11170.0,767.0,828.0,0.0,0.0,0.0,570.0,258.0,0.0,767.0
0.0,10403.0,1051.0,815.0,0.0,0.0,0.0,546.0,269.0,499.0,552.0
0.0,9352.0,1195.0,811.0,0.0,0.0,0.0,541.0,270.0,1104.0,91.0
0.0,8157.0,1722.0,838.0,0.0,0.0,0.0,568.0,270.0,1722.0,0.0
0.0,6435.0,1838.0,874.0,0.0,0.0,0.0,604.0,270.0,1838.0,0.0
0.0,4597.0,1349.0,897.0,0.0,1237.0,1237.0,630.0,267.0,1349.0,0.0
0.0,3248.0,234.0,892.0,0.0,1446.0,1446.0,634.0,258.0,234.0,0.0
0.0,3014.0,0.0,878.0,0.0,1376.0,1376.0,634.0,244.0,0.0,0.0
0.0,3014.0,251.0,868.0,1237.0,340.0,340.0,634.0,234.0,0.0,251.0
0.0,4000.0,511.0,859.0,1446.0,0.0,0.0,626.0,233.0,0.0,511.0
0.0,4935.0,778.0,852.0,1376.0,0.0,0.0,606.0,246.0,0.0,778.0
0.0,5533.0,800.0,837.0,340.0,0.0,0.0,575.0,262.0,0.0,800.0
0.0,5073.0,1024.0,822.0,0.0,61.0,61.0,550.0,272.0,472.0,552.0
0.0,4049.0,1122.0,818.0,0.0,1163.0,1163.0,545.0,273.0,1089.0,33.0
0.0,2927.0,1697.0,844.0,0.0,2990.0,2990.0,571.0,273.0,1697.0,0.0
0.0,1230.0,1826.0,880.0,61.0,4400.0,4400.0,607.0,273.0,1826.0,0.0
0.0,0.0,1362.0,902.0,1163.0,4510.0,4510.0,633.0,269.0,1362.0,0.0
0.0,0.0,286.0,899.0,2990.0,2525.0,2525.0,638.0,261.0,286.0,0.0
0.0,1970.0,0.0,886.0,4400.0,0.0,0.0,638.0,248.0,0.0,0.0
0.0,6370.0,229.0,876.0,4510.0,0.0,0.0,638.0,238.0,0.0,229.0
0.0,10651.0,491.0,866.0,2525.0,0.0,0.0,630.0,236.0,0.0,491.0
0.0,12685.0,750.0,857.0,0.0,0.0,0.0,609.0,248.0,0.0,750.0
0.0,11935.0,776.0,841.0,0.0,0.0,0.0,578.0,263.0,0.0,776.0
0.0,11159.0,1055.0,826.0,0.0,0.0,0.0,553.0,273.0,505.0,550.0
0.0,10104.0,1208.0,825.0,0.0,0.0,0.0,550.0,275.0,1142.0,66.0
0.0,8896.0,1759.0,854.0,0.0,0.0,0.0,579.0,275.0,1759.0,0.0
0.0,7137.0,1874.0,890.0,0.0,0.0,0.0,615.0,275.0,1874.0,0.0
0.0,5263.0,1345.0,912.0,0.0,642.0,642.0,641.0,271.0,1345.0,0.0
0.0,3918.0,195.0,906.0,0.0,807.0,807.0,644.0,262.0,195.0,0.0
0.0,3723.0,0.0,892.0,0.0,737.0,737.0,644.0,248.0,0.0,0.0
0.0,3723.0,261.0,882.0,642.0,306.0,306.0,644.0,238.0,0.0,261.0
0.0,4104.0,529.0,873.0,807.0,0.0,0.0,635.0,238.0,0.0,529.0
0.0,4382.0,806.0,866.0,737.0,17.0,17.0,615.0,251.0,0.0,806.0
0.0,4313.0,816.0,850.0,306.0,447.0,447.0,583.0,267.0,0.0,816.0
0.0,3803.0,1065.0,836.0,0.0,1442.0,1442.0,558.0,278.0,513.0,552.0
0.0,2738.0,1140.0,832.0,17.0,2545.0,2545.0,554.0,278.0,1131.0,9.0
0.0,1615.0,1742.0,860.0,447.0,3980.0,3980.0,582.0,278.0,1742.0,0.0
0.0,320.0,1851.0,896.0,1442.0,4480.0,4480.0,618.0,278.0,1851.0,0.0
0.0,0.0,1358.0,917.0,2545.0,3487.0,3487.0,644.0,273.0,1358.0,0.0
0.0,1098.0,253.0,913.0,3980.0,0.0,0.0,649.0,264.0,253.0,0.0
0.0,4825.0,0.0,899.0,4480.0,0.0,0.0,649.0,250.0,0.0,0.0
0.0,9305.0,239.0,888.0,3487.0,0.0,0.0,649.0,239.0,0.0,239.0
0.0,12553.0,506.0,878.0,0.0,0.0,0.0,640.0,238.0,0.0,506.0
0.0,12047.0,772.0,872.0,0.0,0.0,0.0,620.0,252.0,0.0,772.0
0.0,11275.0,803.0,855.0,0.0,0.0,0.0,588.0,267.0,0.0,803.0
0.0,10472.0,1100.0,842.0,0.0,0.0,0.0,564.0,278.0,534.0,566.0
0.0,9372.0,1237.0,839.0,0.0,0.0,0.0,560.0,279.0,1171.0,66.0
0.0,8135.0,1798.0,868.0,0.0,0.0,0.0,589.0,279.0,1798.0,0.0
0.0,6337.0,1892.0,905.0,0.0,80.0,80.0,626.0,279.0,1892.0,0.0
0.0,4445.0,1346.0,927.0,0.0,1536.0,1536.0,652.0,275.0,1346.0,0.0
0.0,3099.0,168.0,921.0,0.0,1674.0,1674.0,655.0,266.0,168.0,0.0
0.0,2931.0,0.0,907.0,80.0,1524.0,1524.0,655.0,252.0,0.0,0.0
0.0,3011.0,251.0,897.0,1536.0,189.0,189.0,655.0,242.0,0.0,251.0
0.0,4296.0,530.0,887.0,1674.0,0.0,0.0,645.0,242.0,0.0,530.0
0.0,5440.0,802.0,880.0,1524.0,0.0,0.0,624.0,256.0,0.0,802.0
0.0,6162.0,820.0,862.0,189.0,0.0,0.0,591.0,271.0,0.0,820.0
0.0,5531.0,1151.0,849.0,0.0,0.0,0.0,567.0,282.0,591.0,560.0
0.0,4380.0,1241.0,847.0,0.0,1096.0,1096.0,564.0,283.0,1213.0,28.0
0.0,3139.0,1851.0,878.0,0.0,3102.0,3102.0,595.0,283.0,1851.0,0.0
0.0,1288.0,1911.0,915.0,0.0,4575.0,4575.0,632.0,283.0,1911.0,0.0
0.0,0.0,1336.0,936.0,1096.0,4680.0,4680.0,658.0,278.0,1336.0,0.0
0.0,0.0,124.0,928.0,3102.0,2525.0,2525.0,660.0,268.0,124.0,0.0
0.0,2115.0,0.0,913.0,4575.0,0.0,0.0,660.0,253.0,0.0,0.0
0.0,6690.0,251.0,903.0,4680.0,0.0,0.0,660.0,243.0,0.0,251.0
0.0,11119.0,524.0,893.0,2525.0,0.0,0.0,651.0,242.0,0.0,524.0
0.0,13120.0,796.0,887.0,0.0,0.0,0.0,630.0,257.0,0.0,796.0
0.0,12324.0,821.0,870.0,0.0,0.0,0.0,598.0,272.0,0.0,821.0
0.0,11503.0,1150.0,858.0,0.0,0.0,0.0,574.0,284.0,574.0,576.0
0.0,10353.0,1263.0,856.0,0.0,0.0,0.0,571.0,285.0,1212.0,51.0
0.0,9090.0,1849.0,886.0,0.0,0.0,0.0,601.0,285.0,1849.0,0.0
0.0,7241.0,1916.0,923.0,0.0,0.0,0.0,638.0,285.0,1916.0,0.0
0.0,5325.0,1335.0,943.0,0.0,725.0,725.0,663.0,280.0,1335.0,0.0
0.0,3990.0,124.0,937.0,0.0,819.0,819.0,666.0,271.0,124.0,0.0
0.0,3866.0,0.0,922.0,0.0,744.0,744.0,666.0,256.0,0.0,0.0
0.0,3866.0,249.0,912.0,725.0,218.0,218.0,666.0,246.0,0.0,249.0
0.0,4342.0,523.0,902.0,819.0,0.0,0.0,656.0,246.0,0.0,523.0
0.0,4638.0,794.0,894.0,744.0,0.0,0.0,634.0,260.0,0.0,794.0
0.0,4588.0,816.0,875.0,218.0,385.0,385.0,600.0,275.0,0.0,816.0
0.0,3990.0,1153.0,861.0,0.0,1468.0,1468.0,575.0,286.0,588.0,565.0
0.0,2837.0,1277.0,860.0,0.0,2740.0,2740.0,573.0,287.0,1228.0,49.0
0.0,1560.0,1885.0,893.0,385.0,4405.0,4405.0,606.0,287.0,1885.0,0.0
0.0,60.0,1950.0,930.0,1468.0,4650.0,4650.0,643.0,287.0,1950.0,0.0
0.0,0.0,1373.0,952.0,2740.0,3815.0,3815.0,670.0,282.0,1373.0,0.0
0.0,945.0,129.0,944.0,4405.0,0.0,0.0,672.0,272.0,129.0,0.0
0.0,5221.0,2.0,928.0,4650.0,0.0,0.0,672.0,256.0,0.0,2.0
0.0,9869.0,273.0,918.0,3815.0,0.0,0.0,672.0,246.0,0.0,273.0
0.0,13411.0,554.0,908.0,0.0,0.0,0.0,662.0,246.0,0.0,554.0
0.0,12857.0,834.0,902.0,0.0,0.0,0.0,640.0,262.0,0.0,834.0
0.0,12023.0,848.0,885.0,0.0,0.0,0.0,607.0,278.0,0.0,848.0
0.0,11175.0,1141.0,871.0,0.0,0.0,0.0,582.0,289.0,567.0,574.0
0.0,10034.0,1227.0,869.0,0.0,0.0,0.0,579.0,290.0,1214.0,13.0
0.0,8807.0,1854.0,900.0,0.0,0.0,0.0,610.0,290.0,1854.0,0.0
0.0,6953.0,1932.0,937.0,0.0,0.0,0.0,647.0,290.0,1932.0,0.0
0.0,5021.0,1367.0,959.0,0.0,1141.0,1141.0,674.0,285.0,1367.0,0.0
0.0,3654.0,176.0,952.0,0.0,1282.0,1282.0,677.0,275.0,176.0,0.0
0.0,3478.0,0.0,937.0,0.0,1207.0,1207.0,677.0,260.0,0.0,0.0
0.0,3478.0,254.0,927.0,1141.0,270.0,270.0,677.0,250.0,0.0,254.0
0.0,4365.0,535.0,916.0,1282.0,0.0,0.0,667.0,249.0,0.0,535.0
0.0,5112.0,811.0,908.0,1207.0,0.0,0.0,644.0,264.0,0.0,811.0
0.0,5508.0,833.0,890.0,270.0,0.0,0.0,610.0,280.0,0.0,833.0
0.0,4945.0,1160.0,876.0,0.0,595.0,595.0,585.0,291.0,584.0,576.0
0.0,3785.0,1296.0,875.0,0.0,1886.0,1886.0,583.0,292.0,1250.0,46.0
0.0,2489.0,1917.0,908.0,0.0,3968.0,3968.0,616.0,292.0,1917.0,0.0
0.0,572.0,1986.0,947.0,595.0,4735.0,4735.0,655.0,292.0,1986.0,0.0
0.0,0.0,1386.0,968.0,1886.0,4840.0,4840.0,681.0,287.0,1386.0,0.0
0.0,0.0,127.0,960.0,3968.0,1278.0,1278.0,684.0,276.0,127.0,0.0
0.0,3522.0,0.0,945.0,4735.0,0.0,0.0,684.0,261.0,0.0,0.0
0.0,8257.0,271.0,935.0,4840.0,0.0,0.0,684.0,251.0,0.0,271.0
0.0,12826.0,554.0,922.0,1278.0,0.0,0.0,672.0,250.0,0.0,554.0
0.0,13550.0,843.0,915.0,0.0,0.0,0.0,649.0,266.0,0.0,843.0
0.0,12707.0,858.0,896.0,0.0,0.0,0.0,613.0,283.0,0.0,858.0
0.0,11849.0,1161.0,882.0,0.0,0.0,0.0,588.0,294.0,574.0,587.0
0.0,10688.0,1251.0,880.0,0.0,0.0,0.0,586.0,294.0,1228.0,23.0
0.0,9437.0,1879.0,913.0,0.0,0.0,0.0,619.0,294.0,1879.0,0.0
0.0,7558.0,1966.0,951.0,0.0,0.0,0.0,657.0,294.0,1966.0,0.0
0.0,5592.0,1406.0,973.0,0.0,679.0,679.0,684.0,289.0,1406.0,0.0
0.0,4186.0,195.0,967.0,0.0,844.0,844.0,688.0,279.0,195.0,0.0
0.0,3991.0,0.0,952.0,0.0,769.0,769.0,688.0,264.0,0.0,0.0
0.0,3991.0,260.0,941.0,679.0,295.0,295.0,688.0,253.0,0.0,260.0
0.0,4410.0,542.0,930.0,844.0,0.0,0.0,677.0,253.0,0.0,542.0
0.0,4712.0,822.0,921.0,769.0,0.0,0.0,654.0,267.0,0.0,822.0
0.0,4659.0,844.0,902.0,295.0,400.0,400.0,618.0,284.0,0.0,844.0
0.0,4110.0,1185.0,888.0,0.0,1515.0,1515.0,593.0,295.0,594.0,591.0
0.0,2925.0,1322.0,887.0,0.0,2832.0,2832.0,591.0,296.0,1269.0,53.0
0.0,1603.0,1929.0,922.0,400.0,4536.0,4536.0,626.0,296.0,1929.0,0.0
0.0,74.0,1997.0,960.0,1515.0,4800.0,4800.0,664.0,296.0,1997.0,0.0
0.0,0.0,1380.0,982.0,2832.0,3866.0,3866.0,691.0,291.0,1380.0,0.0
0.0,1044.0,105.0,974.0,4536.0,0.0,0.0,693.0,281.0,105.0,0.0
0.0,5475.0,0.0,959.0,4800.0,0.0,0.0,693.0,266.0,0.0,0.0
0.0,10275.0,284.0,949.0,3866.0,0.0,0.0,693.0,256.0,0.0,284.0
0.0,13857.0,573.0,938.0,0.0,0.0,0.0,682.0,256.0,0.0,573.0
0.0,13284.0,867.0,930.0,0.0,0.0,0.0,658.0,272.0,0.0,867.0
0.0,12417.0,867.0,910.0,0.0,0.0,0.0,622.0,288.0,0.0,867.0
0.0,11550.0,1205.0,895.0,0.0,0.0,0.0,596.0,299.0,627.0,578.0
0.0,10345.0,1282.0,894.0,0.0,0.0,0.0,595.0,299.0,1282.0,0.0
0.0,9063.0,1949.0,929.0,0.0,0.0,0.0,630.0,299.0,1949.0,0.0
0.0,7114.0,2009.0,967.0,0.0,0.0,0.0,668.0,299.0,2009.0,0.0
0.0,5105.0,1413.0,989.0,0.0,1253.0,1253.0,695.0,294.0,1413.0,0.0
0.0,3692.0,141.0,981.0,0.0,1354.0,1354.0,698.0,283.0,141.0,0.0
0.0,3551.0,0.0,965.0,0.0,1274.0,1274.0,698.0,267.0,0.0,0.0
0.0,3551.0,284.0,955.0,1253.0,255.0,255.0,698.0,257.0,0.0,284.0
0.0,4520.0,571.0,944.0,1354.0,0.0,0.0,687.0,257.0,0.0,571.0
0.0,5303.0,866.0,937.0,1274.0,0.0,0.0,664.0,273.0,0.0,866.0
0.0,5711.0,872.0,918.0,255.0,0.0,0.0,628.0,290.0,0.0,872.0
0.0,5094.0,1195.0,904.0,0.0,621.0,621.0,603.0,301.0,602.0,593.0
0.0,3899.0,1291.0,902.0,0.0,1902.0,1902.0,601.0,301.0,1275.0,16.0
0.0,2608.0,1949.0,936.0,0.0,4021.0,4021.0,635.0,301.0,1949.0,0.0
0.0,659.0,2019.0,975.0,621.0,4875.0,4875.0,674.0,301.0,2019.0,0.0
0.0,0.0,1419.0,998.0,1902.0,4990.0,4990.0,701.0,297.0,1419.0,0.0
0.0,0.0,141.0,990.0,4021.0,1326.0,1326.0,704.0,286.0,141.0,0.0
0.0,3624.0,0.0,975.0,4875.0,0.0,0.0,704.0,271.0,0.0,0.0
0.0,8499.0,274.0,964.0,4990.0,0.0,0.0,704.0,260.0,0.0,274.0
0.0,13215.0,562.0,953.0,1326.0,0.0,0.0,693.0,260.0,0.0,562.0
0.0,13979.0,846.0,944.0,0.0,0.0,0.0,669.0,275.0,0.0,846.0
0.0,13133.0,858.0,924.0,0.0,0.0,0.0,632.0,292.0,0.0,858.0
0.0,12275.0,1194.0,908.0,0.0,0.0,0.0,605.0,303.0,610.0,584.0
0.0,11081.0,1309.0,906.0,0.0,0.0,0.0,603.0,303.0,1280.0,29.0
0.0,9772.0,1973.0,942.0,0.0,0.0,0.0,639.0,303.0,1973.0,0.0
0.0,7799.0,2050.0,981.0,0.0,0.0,0.0,678.0,303.0,2050.0,0.0
0.0,5749.0,1453.0,1004.0,0.0,724.0,724.0,706.0,298.0,1453.0,0.0
0.0,4296.0,155.0,996.0,0.0,839.0,839.0,709.0,287.0,155.0,0.0
0.0,4141.0,29.0,981.0,0.0,793.0,793.0,709.0,272.0,0.0,29.0
0.0,4112.0,318.0,970.0,724.0,332.0,332.0,709.0,261.0,0.0,318.0
0.0,4518.0,610.0,960.0,839.0,53.0,53.0,698.0,262.0,0.0,610.0
0.0,4747.0,881.0,952.0,793.0,101.0,101.0,674.0,278.0,0.0,881.0
0.0,4659.0,868.0,933.0,332.0,542.0,542.0,638.0,295.0,0.0,868.0
0.0,4123.0,1140.0,918.0,53.0,1554.0,1554.0,612.0,306.0,589.0,551.0
0.0,3036.0,1275.0,915.0,101.0,2713.0,2713.0,609.0,306.0,1275.0,0.0
0.0,1862.0,1945.0,949.0,542.0,4286.0,4286.0,643.0,306.0,1945.0,0.0
0.0,459.0,2030.0,988.0,1554.0,4940.0,4940.0,682.0,306.0,2030.0,0.0
0.0,0.0,1441.0,1011.0,2713.0,3800.0,3800.0,710.0,301.0,1441.0,0.0
0.0,1255.0,195.0,1003.0,4286.0,0.0,0.0,713.0,290.0,195.0,0.0
0.0,5346.0,15.0,988.0,4940.0,0.0,0.0,713.0,275.0,0.0,15.0
0.0,10271.0,312.0,977.0,3800.0,0.0,0.0,713.0,264.0,0.0,312.0
0.0,13759.0,602.0,967.0,0.0,0.0,0.0,702.0,265.0,0.0,602.0
0.0,13157.0,882.0,959.0,0.0,0.0,0.0,678.0,281.0,0.0,882.0
0.0,12275.0,861.0,937.0,0.0,0.0,0.0,640.0,297.0,0.0,861.0
0.0,11414.0,1172.0,922.0,0.0,0.0,0.0,614.0,308.0,618.0,554.0
0.0,10242.0,1322.0,921.0,0.0,0.0,0.0,613.0,308.0,1322.0,0.0
0.0,8920.0,2020.0,958.0,0.0,0.0,0.0,650.0,308.0,2020.0,0.0
0.0,6900.0,2091.0,998.0,0.0,181.0,181.0,690.0,308.0,2091.0,0.0
0.0,4809.0,1463.0,1020.0,0.0,1754.0,1754.0,718.0,302.0,1463.0,0.0
0.0,3346.0,130.0,1011.0,0.0,1839.0,1839.0,720.0,291.0,130.0,0.0
0.0,3216.0,35.0,995.0,181.0,1613.0,1613.0,720.0,275.0,0.0,35.0
0.0,3362.0,333.0,985.0,1754.0,142.0,142.0,720.0,265.0,0.0,333.0
0.0,4783.0,631.0,974.0,1839.0,0.0,0.0,708.0,266.0,0.0,631.0
0.0,5991.0,904.0,967.0,1613.0,0.0,0.0,684.0,283.0,0.0,904.0
0.0,6700.0,871.0,946.0,142.0,0.0,0.0,646.0,300.0,0.0,871.0
0.0,5971.0,1148.0,930.0,0.0,0.0,0.0,619.0,311.0,610.0,538.0
0.0,4823.0,1291.0,928.0,0.0,1108.0,1108.0,617.0,311.0,1291.0,0.0
0.0,3532.0,1974.0,963.0,0.0,3257.0,3257.0,652.0,311.0,1974.0,0.0
0.0,1558.0,2059.0,1003.0,0.0,5015.0,5015.0,692.0,311.0,2059.0,0.0
0.0,0.0,1480.0,1025.0,1108.0,5125.0,5125.0,720.0,305.0,1480.0,0.0
0.0,0.0,211.0,1018.0,3257.0,2917.0,2917.0,724.0,294.0,211.0,0.0
0.0,2173.0,24.0,1002.0,5015.0,0.0,0.0,724.0,278.0,0.0,24.0
0.0,7164.0,328.0,991.0,5125.0,0.0,0.0,724.0,267.0,0.0,328.0
0.0,11961.0,624.0,981.0,2917.0,0.0,0.0,713.0,268.0,0.0,624.0
0.0,14254.0,896.0,973.0,0.0,0.0,0.0,688.0,285.0,0.0,896.0
0.0,13358.0,865.0,953.0,0.0,0.0,0.0,651.0,302.0,0.0,865.0
0.0,12493.0,1178.0,936.0,0.0,0.0,0.0,624.0,312.0,637.0,541.0
0.0,11315.0,1344.0,935.0,0.0,0.0,0.0,623.0,312.0,1344.0,0.0
0.0,9971.0,2049.0,972.0,0.0,0.0,0.0,660.0,312.0,2049.0,0.0
0.0,7922.0,2113.0,1012.0,0.0,0.0,0.0,700.0,312.0,2113.0,0.0
0.0,5809.0,1461.0,1035.0,0.0,827.0,827.0,728.0,307.0,1461.0,0.0
0.0,4348.0,106.0,1026.0,0.0,888.0,888.0,730.0,296.0,106.0,0.0
0.0,4242.0,50.0,1011.0,0.0,863.0,863.0,730.0,281.0,0.0,50.0
0.0,4192.0,354.0,1001.0,827.0,340.0,340.0,730.0,271.0,0.0,354.0
0.0,4665.0,655.0,991.0,888.0,57.0,57.0,719.0,272.0,0.0,655.0
0.0,4898.0,908.0,983.0,863.0,62.0,62.0,694.0,289.0,0.0,908.0
0.0,4853.0,860.0,962.0,340.0,477.0,477.0,656.0,306.0,0.0,860.0
0.0,4333.0,1157.0,944.0,57.0,1487.0,1487.0,629.0,315.0,653.0,504.0
0.0,3233.0,1351.0,942.0,62.0,2766.0,2766.0,627.0,315.0,1351.0,0.0
0.0,1944.0,2052.0,979.0,477.0,4526.0,4526.0,664.0,315.0,2052.0,0.0
0.0,369.0,2119.0,1019.0,1487.0,5095.0,5095.0,704.0,315.0,2119.0,0.0
0.0,0.0,1484.0,1042.0,2766.0,4191.0,4191.0,733.0,309.0,1484.0,0.0
0.0,1019.0,137.0,1033.0,4526.0,0.0,0.0,736.0,297.0,137.0,0.0
0.0,5408.0,50.0,1017.0,5095.0,0.0,0.0,736.0,281.0,0.0,50.0
0.0,10453.0,351.0,1007.0,4191.0,0.0,0.0,736.0,271.0,0.0,351.0
0.0,14293.0,652.0,997.0,0.0,0.0,0.0,724.0,273.0,0.0,652.0
0.0,13641.0,907.0,991.0,0.0,0.0,0.0,700.0,291.0,0.0,907.0
0.0,12734.0,870.0,969.0,0.0,0.0,0.0,662.0,307.0,0.0,870.0
0.0,11864.0,1171.0,953.0,0.0,0.0,0.0,636.0,317.0,647.0,524.0
0.0,10693.0,1363.0,951.0,0.0,0.0,0.0,634.0,317.0,1363.0,0.0
0.0,9330.0,2078.0,987.0,0.0,0.0,0.0,670.0,317.0,2078.0,0.0
0.0,7252.0,2128.0,1028.0,0.0,16.0,16.0,711.0,317.0,2128.0,0.0
0.0,5124.0,1471.0,1051.0,0.0,1602.0,1602.0,740.0,311.0,1471.0,0.0
0.0,3653.0,98.0,1041.0,0.0,1650.0,1650.0,742.0,299.0,98.0,0.0
0.0,3555.0,46.0,1025.0,16.0,1600.0,1600.0,742.0,283.0,0.0,46.0
0.0,3525.0,354.0,1016.0,1602.0,307.0,307.0,742.0,274.0,0.0,354.0
0.0,4773.0,657.0,1006.0,1650.0,0.0,0.0,730.0,276.0,0.0,657.0
0.0,5766.0,920.0,997.0,1600.0,0.0,0.0,704.0,293.0,0.0,920.0
0.0,6446.0,866.0,975.0,307.0,0.0,0.0,665.0,310.0,0.0,866.0
0.0,5887.0,1208.0,959.0,0.0,116.0,116.0,639.0,320.0,695.0,513.0
0.0,4679.0,1407.0,957.0,0.0,1513.0,1513.0,637.0,320.0,1407.0,0.0
0.0,3272.0,2139.0,996.0,0.0,3847.0,3847.0,676.0,320.0,2139.0,0.0
0.0,1133.0,2164.0,1037.0,116.0,5185.0,5185.0,718.0,319.0,2164.0,0.0
0.0,0.0,1468.0,1059.0,1513.0,5295.0,5295.0,746.0,313.0,1468.0,0.0
0.0,0.0,50.0,1048.0,3847.0,2313.0,2313.0,747.0,301.0,50.0,0.0
0.0,2927.0,67.0,1032.0,5185.0,0.0,0.0,747.0,285.0,0.0,67.0
0.0,8045.0,368.0,1022.0,5295.0,0.0,0.0,747.0,275.0,0.0,368.0
0.0,12972.0,677.0,1013.0,2313.0,0.0,0.0,735.0,278.0,0.0,677.0
0.0,14608.0,929.0,1005.0,0.0,0.0,0.0,710.0,295.0,0.0,929.0
0.0,13679.0,874.0,984.0,0.0,0.0,0.0,672.0,312.0,0.0,874.0
0.0,12805.0,1196.0,968.0,0.0,0.0,0.0,646.0,322.0,687.0,509.0
0.0,11609.0,1415.0,967.0,0.0,0.0,0.0,645.0,322.0,1415.0,0.0
0.0,10194.0,2124.0,1004.0,0.0,0.0,0.0,682.0,322.0,2124.0,0.0
0.0,8070.0,2143.0,1045.0,0.0,0.0,0.0,723.0,322.0,2143.0,0.0
0.0,5927.0,1456.0,1066.0,0.0,859.0,859.0,751.0,315.0,1456.0,0.0
0.0,4471.0,61.0,1055.0,0.0,865.0,865.0,752.0,303.0,61.0,0.0
0.0,4410.0,45.0,1039.0,0.0,830.0,830.0,752.0,287.0,0.0,45.0
0.0,4365.0,357.0,1029.0,859.0,278.0,278.0,752.0,277.0,0.0,357.0
0.0,4867.0,668.0,1020.0,865.0,36.0,36.0,740.0,280.0,0.0,668.0
0.0,5064.0,928.0,1011.0,830.0,89.0,89.0,714.0,297.0,0.0,928.0
0.0,4966.0,890.0,989.0,278.0,591.0,591.0,675.0,314.0,15.0,875.0
0.0,4354.0,1261.0,972.0,36.0,1731.0,1731.0,648.0,324.0,744.0,517.0
0.0,3129.0,1497.0,973.0,89.0,3144.0,3144.0,649.0,324.0,1497.0,0.0
0.0,1721.0,2217.0,1014.0,591.0,4975.0,4975.0,690.0,324.0,2217.0,0.0
0.0,95.0,2194.0,1055.0,1731.0,5275.0,5275.0,732.0,323.0,2194.0,0.0
0.0,0.0,1423.0,1075.0,3144.0,4022.0,4022.0,759.0,316.0,1423.0,0.0
0.0,1353.0,0.0,1063.0,4975.0,0.0,0.0,759.0,304.0,0.0,0.0
0.0,6328.0,71.0,1047.0,5275.0,0.0,0.0,759.0,288.0,0.0,71.0
0.0,11532.0,382.0,1037.0,4022.0,0.0,0.0,759.0,278.0,0.0,382.0
0.0,15172.0,699.0,1029.0,0.0,0.0,0.0,747.0,282.0,0.0,699.0
0.0,14473.0,941.0,1021.0,0.0,0.0,0.0,721.0,300.0,0.0,941.0
0.0,13532.0,874.0,998.0,0.0,0.0,0.0,681.0,317.0,0.0,874.0
0.0,12658.0,1162.0,979.0,0.0,0.0,0.0,653.0,326.0,675.0,487.0
0.0,11496.0,1400.0,978.0,0.0,0.0,0.0,652.0,326.0,1400.0,0.0
0.0,10096.0,2111.0,1016.0,0.0,0.0,0.0,690.0,326.0,2111.0,0.0
0.0,7985.0,2174.0,1058.0,0.0,0.0,0.0,732.0,326.0,2174.0,0.0
0.0,5811.0,1514.0,1080.0,0.0,1103.0,1103.0,761.0,319.0,1514.0,0.0
0.0,4297.0,143.0,1069.0,0.0,1191.0,1191.0,763.0,306.0,143.0,0.0
0.0,4154.0,59.0,1053.0,0.0,1170.0,1170.0,763.0,290.0,0.0,59.0
0.0,4095.0,373.0,1043.0,1103.0,390.0,390.0,763.0,280.0,0.0,373.0
0.0,4825.0,697.0,1035.0,1191.0,0.0,0.0,751.0,284.0,0.0,697.0
0.0,5319.0,949.0,1027.0,1170.0,0.0,0.0,725.0,302.0,0.0,949.0
0.0,5540.0,890.0,1004.0,390.0,0.0,0.0,685.0,319.0,0.0,890.0
0.0,5040.0,1213.0,987.0,0.0,1108.0,1108.0,658.0,329.0,706.0,507.0
0.0,3827.0,1452.0,986.0,0.0,2555.0,2555.0,657.0,329.0,1452.0,0.0
0.0,2375.0,2176.0,1026.0,0.0,4931.0,4931.0,697.0,329.0,2176.0,0.0
0.0,199.0,2212.0,1068.0,1108.0,5340.0,5340.0,740.0,328.0,2212.0,0.0
0.0,0.0,1482.0,1089.0,2555.0,5277.0,5277.0,768.0,321.0,1482.0,0.0
0.0,168.0,21.0,1077.0,4931.0,307.0,307.0,769.0,308.0,21.0,0.0
0.0,5078.0,68.0,1061.0,5340.0,0.0,0.0,769.0,292.0,0.0,68.0
0.0,10350.0,386.0,1052.0,5277.0,0.0,0.0,769.0,283.0,0.0,386.0
0.0,15241.0,702.0,1042.0,307.0,0.0,0.0,755.0,287.0,0.0,702.0
0.0,14846.0,952.0,1033.0,0.0,0.0,0.0,728.0,305.0,0.0,952.0
0.0,13894.0,903.0,1009.0,0.0,0.0,0.0,687.0,322.0,20.0,883.0
0.0,12991.0,1246.0,991.0,0.0,0.0,0.0,660.0,331.0,754.0,492.0
0.0,11745.0,1477.0,991.0,0.0,0.0,0.0,660.0,331.0,1477.0,0.0
0.0,10268.0,2198.0,1033.0,0.0,0.0,0.0,702.0,331.0,2198.0,0.0
0.0,8070.0,2202.0,1074.0,0.0,0.0,0.0,744.0,330.0,2202.0,0.0
0.0,5868.0,1482.0,1096.0,0.0,1094.0,1094.0,773.0,323.0,1482.0,0.0
0.0,4386.0,29.0,1083.0,0.0,1058.0,1058.0,773.0,310.0,29.0,0.0
0.0,4357.0,79.0,1067.0,0.0,1057.0,1057.0,773.0,294.0,0.0,79.0
0.0,4278.0,394.0,1057.0,1094.0,307.0,307.0,773.0,284.0,0.0,394.0
0.0,4978.0,711.0,1048.0,1058.0,0.0,0.0,760.0,288.0,0.0,711.0
0.0,5325.0,952.0,1039.0,1057.0,0.0,0.0,733.0,306.0,0.0,952.0
0.0,5430.0,933.0,1016.0,307.0,276.0,276.0,693.0,323.0,55.0,878.0
0.0,4804.0,1318.0,1001.0,0.0,1519.0,1519.0,668.0,333.0,823.0,495.0
0.0,3486.0,1583.0,1003.0,0.0,3112.0,3112.0,670.0,333.0,1583.0,0.0
0.0,1903.0,2269.0,1045.0,276.0,5225.0,5225.0,712.0,333.0,2269.0,0.0
0.0,0.0,2189.0,1087.0,1519.0,5435.0,5435.0,755.0,332.0,2189.0,0.0
0.0,0.0,1348.0,1105.0,3112.0,4521.0,4521.0,780.0,325.0,1348.0,0.0
0.0,1004.0,0.0,1092.0,5225.0,0.0,0.0,780.0,312.0,0.0,0.0
0.0,6229.0,86.0,1076.0,5435.0,0.0,0.0,780.0,296.0,0.0,86.0
0.0,11578.0,410.0,1067.0,4521.0,0.0,0.0,780.0,287.0,0.0,410.0
0.0,15689.0,729.0,1057.0,0.0,0.0,0.0,766.0,291.0,0.0,729.0
0.0,14960.0,967.0,1047.0,0.0,0.0,0.0,737.0,310.0,0.0,967.0
0.0,13993.0,929.0,1023.0,0.0,0.0,0.0,696.0,327.0,56.0,873.0
0.0,13064.0,1268.0,1005.0,0.0,0.0,0.0,669.0,336.0,805.0,463.0
0.0,11796.0,1556.0,1007.0,0.0,0.0,0.0,671.0,336.0,1556.0,0.0
0.0,10240.0,2268.0,1051.0,0.0,0.0,0.0,715.0,336.0,2268.0,0.0
0.0,7972.0,2229.0,1092.0,0.0,0.0,0.0,758.0,334.0,2229.0,0.0
0.0,5743.0,1436.0,1112.0,0.0,1253.0,1253.0,785.0,327.0,1436.0,0.0
0.0,4307.0,0.0,1098.0,0.0,1183.0,1183.0,785.0,313.0,0.0,0.0
0.0,4307.0,96.0,1082.0,0.0,1199.0,1199.0,785.0,297.0,0.0,96.0
0.0,4211.0,417.0,1073.0,1253.0,318.0,318.0,785.0,288.0,0.0,417.0
0.0,5047.0,739.0,1065.0,1183.0,0.0,0.0,772.0,293.0,0.0,739.0
0.0,5491.0,974.0,1058.0,1199.0,0.0,0.0,746.0,312.0,0.0,974.0
0.0,5716.0,916.0,1035.0,318.0,57.0,57.0,706.0,329.0,32.0,884.0
0.0,5118.0,1251.0,1017.0,0.0,1218.0,1218.0,679.0,338.0,782.0,469.0
0.0,3867.0,1544.0,1017.0,0.0,2762.0,2762.0,679.0,338.0,1544.0,0.0
0.0,2323.0,2260.0,1058.0,57.0,5170.0,5170.0,720.0,338.0,2260.0,0.0
0.0,120.0,2224.0,1100.0,1218.0,5500.0,5500.0,763.0,337.0,2224.0,0.0
0.0,0.0,1438.0,1121.0,2762.0,5167.0,5167.0,791.0,330.0,1438.0,0.0
0.0,438.0,0.0,1107.0,5170.0,0.0,0.0,791.0,316.0,0.0,0.0
0.0,5608.0,87.0,1091.0,5500.0,0.0,0.0,791.0,300.0,0.0,87.0
0.0,11021.0,419.0,1082.0,5167.0,0.0,0.0,791.0,291.0,0.0,419.0
0.0,15769.0,743.0,1072.0,0.0,0.0,0.0,777.0,295.0,0.0,743.0
0.0,15026.0,979.0,1063.0,0.0,0.0,0.0,749.0,314.0,0.0,979.0
0.0,14047.0,969.0,1040.0,0.0,0.0,0.0,709.0,331.0,88.0,881.0
0.0,13078.0,1309.0,1023.0,0.0,0.0,0.0,683.0,340.0,847.0,462.0
0.0,11769.0,1627.0,1025.0,0.0,0.0,0.0,685.0,340.0,1627.0,0.0
0.0,10142.0,2314.0,1070.0,0.0,0.0,0.0,730.0,340.0,2314.0,0.0
0.0,7828.0,2228.0,1110.0,0.0,0.0,0.0,772.0,338.0,2228.0,0.0
0.0,5600.0,1366.0,1130.0,0.0,1416.0,1416.0,799.0,331.0,1366.0,0.0
0.0,4234.0,0.0,1117.0,0.0,1351.0,1351.0,799.0,318.0,0.0,0.0
0.0,4234.0,112.0,1100.0,0.0,1378.0,1378.0,799.0,301.0,0.0,112.0
0.0,4122.0,443.0,1091.0,1416.0,360.0,360.0,798.0,293.0,0.0,443.0
0.0,5095.0,773.0,1082.0,1351.0,0.0,0.0,784.0,298.0,0.0,773.0
0.0,5673.0,988.0,1072.0,1378.0,0.0,0.0,755.0,317.0,0.0,988.0
0.0,6063.0,924.0,1048.0,360.0,0.0,0.0,714.0,334.0,48.0,876.0
0.0,5499.0,1245.0,1030.0,0.0,896.0,896.0,687.0,343.0,811.0,434.0
0.0,4254.0,1568.0,1032.0,0.0,2474.0,2474.0,689.0,343.0,1568.0,0.0
0.0,2686.0,2277.0,1075.0,0.0,4966.0,4966.0,732.0,343.0,2277.0,0.0
0.0,409.0,2231.0,1116.0,896.0,5580.0,5580.0,775.0,341.0,2231.0,0.0
0.0,0.0,1438.0,1136.0,2474.0,5570.0,5570.0,803.0,333.0,1438.0,0.0
0.0,110.0,0.0,1123.0,4966.0,539.0,539.0,803.0,320.0,0.0,0.0
0.0,5076.0,110.0,1107.0,5580.0,0.0,0.0,803.0,304.0,0.0,110.0
0.0,10546.0,437.0,1097.0,5570.0,0.0,0.0,802.0,295.0,0.0,437.0
0.0,15679.0,766.0,1086.0,539.0,0.0,0.0,786.0,300.0,0.0,766.0
0.0,15452.0,982.0,1074.0,0.0,0.0,0.0,755.0,319.0,0.0,982.0
0.0,14470.0,972.0,1050.0,0.0,0.0,0.0,714.0,336.0,93.0,879.0
0.0,13498.0,1324.0,1033.0,0.0,0.0,0.0,688.0,345.0,881.0,443.0
0.0,12174.0,1661.0,1039.0,0.0,0.0,0.0,694.0,345.0,1661.0,0.0
0.0,10513.0,2348.0,1085.0,0.0,0.0,0.0,740.0,345.0,2348.0,0.0
0.0,8165.0,2233.0,1125.0,0.0,0.0,0.0,782.0,343.0,2233.0,0.0
0.0,5932.0,1334.0,1143.0,0.0,1117.0,1117.0,808.0,335.0,1334.0,0.0
0.0,4598.0,0.0,1129.0,0.0,1047.0,1047.0,808.0,321.0,0.0,0.0
0.0,4598.0,132.0,1113.0,0.0,1099.0,1099.0,808.0,305.0,0.0,132.0
0.0,4466.0,464.0,1104.0,1117.0,401.0,401.0,807.0,297.0,0.0,464.0
0.0,5119.0,803.0,1096.0,1047.0,117.0,117.0,792.0,304.0,0.0,803.0
0.0,5363.0,1006.0,1085.0,1099.0,0.0,0.0,762.0,323.0,0.0,1006.0
0.0,5456.0,935.0,1059.0,401.0,373.0,373.0,719.0,340.0,66.0,869.0
0.0,4922.0,1222.0,1039.0,117.0,1378.0,1378.0,692.0,347.0,826.0,396.0
0.0,3817.0,1598.0,1042.0,0.0,2991.0,2991.0,695.0,347.0,1598.0,0.0
0.0,2219.0,2307.0,1087.0,373.0,5150.0,5150.0,740.0,347.0,2307.0,0.0
0.0,285.0,2274.0,1130.0,1378.0,5650.0,5650.0,784.0,346.0,2274.0,0.0
0.0,0.0,1468.0,1150.0,2991.0,4838.0,4838.0,812.0,338.0,1468.0,0.0
0.0,912.0,0.0,1135.0,5150.0,0.0,0.0,812.0,323.0,0.0,0.0
0.0,6062.0,122.0,1119.0,5650.0,0.0,0.0,812.0,307.0,0.0,122.0
0.0,11590.0,450.0,1110.0,4838.0,0.0,0.0,811.0,299.0,0.0,450.0
0.0,15978.0,786.0,1101.0,0.0,0.0,0.0,796.0,305.0,0.0,786.0
0.0,15192.0,1007.0,1090.0,0.0,0.0,0.0,766.0,324.0,0.0,1007.0
0.0,14185.0,1005.0,1066.0,0.0,0.0,0.0,725.0,341.0,112.0,893.0
0.0,13180.0,1340.0,1050.0,0.0,0.0,0.0,700.0,350.0,896.0,444.0
0.0,11840.0,1690.0,1054.0,0.0,0.0,0.0,704.0,350.0,1690.0,0.0
0.0,10150.0,2353.0,1100.0,0.0,0.0,0.0,750.0,350.0,2353.0,0.0
0.0,7797.0,2229.0,1141.0,0.0,137.0,137.0,793.0,348.0,2229.0,0.0
0.0,5568.0,1305.0,1158.0,0.0,1527.0,1527.0,818.0,340.0,1305.0,0.0
0.0,4263.0,0.0,1144.0,0.0,1457.0,1457.0,818.0,326.0,0.0,0.0
0.0,4263.0,109.0,1127.0,137.0,1344.0,1344.0,818.0,309.0,0.0,109.0
0.0,4291.0,451.0,1117.0,1527.0,218.0,218.0,816.0,301.0,0.0,451.0
0.0,5367.0,786.0,1107.0,1457.0,0.0,0.0,800.0,307.0,0.0,786.0
0.0,6038.0,1008.0,1094.0,1344.0,0.0,0.0,768.0,326.0,0.0,1008.0
0.0,6374.0,1042.0,1070.0,218.0,0.0,0.0,727.0,343.0,151.0,891.0
0.0,5550.0,1370.0,1054.0,0.0,1090.0,1090.0,702.0,352.0,927.0,443.0
0.0,4180.0,1717.0,1060.0,0.0,2837.0,2837.0,708.0,352.0,1717.0,0.0
0.0,2463.0,2364.0,1106.0,0.0,5431.0,5431.0,754.0,352.0,2364.0,0.0
0.0,99.0,2239.0,1147.0,1090.0,5735.0,5735.0,797.0,350.0,2239.0,0.0
0.0,0.0,1309.0,1163.0,2837.0,5337.0,5337.0,822.0,341.0,1309.0,0.0
0.0,478.0,0.0,1148.0,5431.0,0.0,0.0,822.0,326.0,0.0,0.0
0.0,5909.0,131.0,1132.0,5735.0,0.0,0.0,822.0,310.0,0.0,131.0
0.0,11513.0,460.0,1123.0,5337.0,0.0,0.0,821.0,302.0,0.0,460.0
0.0,16390.0,806.0,1115.0,0.0,0.0,0.0,806.0,309.0,0.0,806.0
0.0,15584.0,1020.0,1105.0,0.0,0.0,0.0,776.0,329.0,0.0,1020.0
0.0,14564.0,1051.0,1081.0,0.0,0.0,0.0,735.0,346.0,145.0,906.0
0.0,13513.0,1372.0,1064.0,0.0,0.0,0.0,709.0,355.0,928.0,444.0
0.0,12141.0,1720.0,1070.0,0.0,0.0,0.0,715.0,355.0,1720.0,0.0
0.0,10421.0,2362.0,1115.0,0.0,0.0,0.0,760.0,355.0,2362.0,0.0
0.0,8059.0,2217.0,1156.0,0.0,0.0,0.0,803.0,353.0,2217.0,0.0
0.0,5842.0,1295.0,1172.0,0.0,1313.0,1313.0,828.0,344.0,1295.0,0.0
0.0,4547.0,0.0,1157.0,0.0,1238.0,1238.0,828.0,329.0,0.0,0.0
0.0,4547.0,109.0,1141.0,0.0,1267.0,1267.0,828.0,313.0,0.0,109.0
0.0,4438.0,453.0,1130.0,1313.0,352.0,352.0,826.0,304.0,0.0,453.0
0.0,5298.0,793.0,1120.0,1238.0,0.0,0.0,809.0,311.0,0.0,793.0
0.0,5743.0,1020.0,1108.0,1267.0,0.0,0.0,777.0,331.0,0.0,1020.0
0.0,5990.0,1090.0,1084.0,352.0,168.0,168.0,736.0,348.0,189.0,901.0
0.0,5252.0,1430.0,1069.0,0.0,1523.0,1523.0,712.0,357.0,983.0,447.0
0.0,3822.0,1788.0,1077.0,0.0,3351.0,3351.0,720.0,357.0,1788.0,0.0
0.0,2034.0,2399.0,1123.0,168.0,5615.0,5615.0,766.0,357.0,2399.0,0.0
0.0,0.0,2225.0,1163.0,1523.0,5815.0,5815.0,809.0,354.0,2225.0,0.0
0.0,0.0,1233.0,1178.0,3351.0,4671.0,4671.0,833.0,345.0,1233.0,0.0
0.0,1219.0,0.0,1163.0,5615.0,0.0,0.0,833.0,330.0,0.0,0.0
0.0,6834.0,142.0,1146.0,5815.0,0.0,0.0,833.0,313.0,0.0,142.0
0.0,12507.0,479.0,1138.0,4671.0,0.0,0.0,832.0,306.0,0.0,479.0
0.0,16699.0,824.0,1130.0,0.0,0.0,0.0,816.0,314.0,0.0,824.0
0.0,15875.0,1029.0,1119.0,0.0,0.0,0.0,785.0,334.0,0.0,1029.0
0.0,14846.0,1068.0,1095.0,0.0,0.0,0.0,744.0,351.0,167.0,901.0
0.0,13778.0,1387.0,1078.0,0.0,0.0,0.0,719.0,359.0,966.0,421.0
0.0,12391.0,1767.0,1084.0,0.0,0.0,0.0,725.0,359.0,1767.0,0.0
0.0,10624.0,2393.0,1130.0,0.0,0.0,0.0,771.0,359.0,2393.0,0.0
0.0,8231.0,2231.0,1170.0,0.0,0.0,0.0,813.0,357.0,2231.0,0.0
0.0,6000.0,1280.0,1186.0,0.0,1210.0,1210.0,838.0,348.0,1280.0,0.0
0.0,4720.0,0.0,1171.0,0.0,1135.0,1135.0,838.0,333.0,0.0,0.0
0.0,4720.0,139.0,1154.0,0.0,1189.0,1189.0,838.0,316.0,0.0,139.0
0.0,4581.0,482.0,1144.0,1210.0,411.0,411.0,836.0,308.0,0.0,482.0
0.0,5309.0,828.0,1135.0,1135.0,59.0,59.0,819.0,316.0,0.0,828.0
0.0,5616.0,1039.0,1122.0,1189.0,0.0,0.0,786.0,336.0,0.0,1039.0
0.0,5766.0,1077.0,1097.0,411.0,385.0,385.0,744.0,353.0,179.0,898.0
0.0,5100.0,1415.0,1082.0,59.0,1666.0,1666.0,721.0,361.0,998.0,417.0
0.0,3744.0,1820.0,1092.0,0.0,3536.0,3536.0,731.0,361.0,1820.0,0.0
0.0,1924.0,2449.0,1139.0,385.0,5695.0,5695.0,778.0,361.0,2449.0,0.0
0.0,0.0,2264.0,1180.0,1666.0,5900.0,5900.0,821.0,359.0,2264.0,0.0
0.0,0.0,1240.0,1195.0,3536.0,4417.0,4417.0,845.0,350.0,1240.0,0.0
0.0,1558.0,0.0,1180.0,5695.0,0.0,0.0,845.0,335.0,0.0,0.0
0.0,7253.0,139.0,1163.0,5900.0,0.0,0.0,845.0,318.0,0.0,139.0
0.0,13014.0,489.0,1153.0,4417.0,0.0,0.0,842.0,311.0,0.0,489.0
0.0,16942.0,838.0,1142.0,0.0,0.0,0.0,824.0,318.0,0.0,838.0
0.0,16104.0,1047.0,1129.0,0.0,0.0,0.0,791.0,338.0,0.0,1047.0
0.0,15057.0,1074.0,1105.0,0.0,0.0,0.0,749.0,356.0,172.0,902.0
0.0,13983.0,1383.0,1089.0,0.0,0.0,0.0,725.0,364.0,974.0,409.0
0.0,12600.0,1773.0,1098.0,0.0,0.0,0.0,734.0,364.0,1773.0,0.0
0.0,10827.0,2407.0,1144.0,0.0,0.0,0.0,780.0,364.0,2407.0,0.0
0.0,8420.0,2262.0,1185.0,0.0,0.0,0.0,824.0,361.0,2262.0,0.0
0.0,6158.0,1305.0,1201.0,0.0,1152.0,1152.0,849.0,352.0,1305.0,0.0
0.0,4853.0,0.0,1186.0,0.0,1077.0,1077.0,849.0,337.0,0.0,0.0
0.0,4853.0,142.0,1169.0,0.0,1134.0,1134.0,849.0,320.0,0.0,142.0
0.0,4711.0,487.0,1158.0,1152.0,414.0,414.0,846.0,312.0,0.0,487.0
0.0,5376.0,834.0,1147.0,1077.0,116.0,116.0,828.0,319.0,0.0,834.0
0.0,5619.0,1050.0,1135.0,1134.0,0.0,0.0,795.0,340.0,0.0,1050.0
0.0,5703.0,1149.0,1111.0,414.0,587.0,587.0,754.0,357.0,234.0,915.0
0.0,4968.0,1503.0,1098.0,116.0,1909.0,1909.0,732.0,366.0,1066.0,437.0
0.0,3581.0,1879.0,1109.0,0.0,3843.0,3843.0,743.0,366.0,1879.0,0.0
0.0,1702.0,2469.0,1157.0,587.0,5785.0,5785.0,791.0,366.0,2469.0,0.0
0.0,0.0,2218.0,1197.0,1909.0,5985.0,5985.0,833.0,364.0,2218.0,0.0
0.0,0.0,1149.0,1210.0,3843.0,3845.0,3845.0,855.0,355.0,1149.0,0.0
0.0,2205.0,0.0,1195.0,5785.0,0.0,0.0,855.0,340.0,0.0,0.0
0.0,7990.0,127.0,1177.0,5985.0,0.0,0.0,855.0,322.0,0.0,127.0
0.0,13848.0,486.0,1166.0,3845.0,0.0,0.0,852.0,314.0,0.0,486.0
0.0,17207.0,839.0,1155.0,0.0,0.0,0.0,833.0,322.0,0.0,839.0
0.0,16368.0,1058.0,1140.0,0.0,0.0,0.0,798.0,342.0,0.0,1058.0
0.0,15310.0,1164.0,1117.0,0.0,0.0,0.0,757.0,360.0,247.0,917.0
0.0,14146.0,1475.0,1102.0,0.0,0.0,0.0,734.0,368.0,1051.0,424.0
0.0,12671.0,1866.0,1115.0,0.0,0.0,0.0,747.0,368.0,1866.0,0.0
0.0,10805.0,2459.0,1162.0,0.0,0.0,0.0,794.0,368.0,2459.0,0.0
0.0,8346.0,2233.0,1202.0,0.0,0.0,0.0,837.0,365.0,2233.0,0.0
0.0,6113.0,1187.0,1216.0,0.0,1154.0,1154.0,860.0,356.0,1187.0,0.0
0.0,4926.0,0.0,1200.0,0.0,1074.0,1074.0,860.0,340.0,0.0,0.0
0.0,4926.0,157.0,1184.0,0.0,1151.0,1151.0,860.0,324.0,0.0,157.0
0.0,4769.0,505.0,1172.0,1154.0,442.0,442.0,856.0,316.0,0.0,505.0
0.0,5418.0,858.0,1162.0,1074.0,176.0,176.0,838.0,324.0,0.0,858.0
0.0,5634.0,1058.0,1149.0,1151.0,18.0,18.0,804.0,345.0,0.0,1058.0
0.0,5727.0,1170.0,1125.0,442.0,626.0,626.0,763.0,362.0,255.0,915.0
0.0,4999.0,1507.0,1111.0,176.0,1887.0,1887.0,741.0,370.0,1089.0,418.0
0.0,3668.0,1922.0,1123.0,18.0,3851.0,3851.0,753.0,370.0,1922.0,0.0
0.0,1764.0,2481.0,1171.0,626.0,5855.0,5855.0,801.0,370.0,2481.0,0.0
0.0,0.0,2213.0,1211.0,1887.0,6055.0,6055.0,843.0,368.0,2213.0,0.0
0.0,0.0,1128.0,1223.0,3851.0,3809.0,3809.0,865.0,358.0,1128.0,0.0
0.0,2306.0,0.0,1207.0,5855.0,0.0,0.0,865.0,342.0,0.0,0.0
0.0,8161.0,158.0,1190.0,6055.0,0.0,0.0,865.0,325.0,0.0,158.0
0.0,14058.0,518.0,1180.0,3809.0,0.0,0.0,862.0,318.0,0.0,518.0
0.0,17349.0,878.0,1170.0,0.0,0.0,0.0,843.0,327.0,0.0,878.0
0.0,16471.0,1071.0,1156.0,0.0,0.0,0.0,808.0,348.0,0.0,1071.0
0.0,15400.0,1209.0,1131.0,0.0,0.0,0.0,766.0,365.0,308.0,901.0
0.0,14191.0,1527.0,1117.0,0.0,0.0,0.0,745.0,372.0,1144.0,383.0
0.0,12664.0,1985.0,1131.0,0.0,0.0,0.0,759.0,372.0,1985.0,0.0
0.0,10679.0,2513.0,1179.0,0.0,0.0,0.0,807.0,372.0,2513.0,0.0
0.0,8166.0,2202.0,1220.0,0.0,136.0,136.0,850.0,370.0,2202.0,0.0
0.0,5964.0,1051.0,1230.0,0.0,1237.0,1237.0,870.0,360.0,1051.0,0.0
0.0,4913.0,0.0,1214.0,0.0,1157.0,1157.0,870.0,344.0,0.0,0.0
0.0,4913.0,175.0,1197.0,136.0,1111.0,1111.0,870.0,327.0,0.0,175.0
0.0,4874.0,532.0,1187.0,1237.0,356.0,356.0,867.0,320.0,0.0,532.0
0.0,5579.0,891.0,1178.0,1157.0,45.0,45.0,848.0,330.0,0.0,891.0
0.0,5845.0,1086.0,1164.0,1111.0,0.0,0.0,814.0,350.0,0.0,1086.0
0.0,5870.0,1244.0,1142.0,356.0,728.0,728.0,774.0,368.0,332.0,912.0
0.0,4982.0,1544.0,1128.0,45.0,2157.0,2157.0,753.0,375.0,1164.0,380.0
0.0,3483.0,1995.0,1141.0,0.0,4217.0,4217.0,766.0,375.0,1995.0,0.0
0.0,1488.0,2499.0,1189.0,728.0,5945.0,5945.0,814.0,375.0,2499.0,0.0
0.0,0.0,2175.0,1228.0,2157.0,6140.0,6140.0,856.0,372.0,2175.0,0.0
0.0,0.0,1029.0,1239.0,4217.0,3308.0,3308.0,876.0,363.0,1029.0,0.0
0.0,2887.0,0.0,1223.0,5945.0,0.0,0.0,876.0,347.0,0.0,0.0
0.0,8832.0,162.0,1206.0,6140.0,0.0,0.0,876.0,330.0,0.0,162.0
0.0,14810.0,528.0,1194.0,3308.0,0.0,0.0,871.0,323.0,0.0,528.0
0.0,17590.0,886.0,1182.0,0.0,0.0,0.0,851.0,331.0,0.0,886.0
0.0,16704.0,1081.0,1167.0,0.0,0.0,0.0,815.0,352.0,0.0,1081.0
0.0,15623.0,1284.0,1144.0,0.0,0.0,0.0,774.0,370.0,373.0,911.0
0.0,14339.0,1617.0,1132.0,0.0,0.0,0.0,755.0,377.0,1224.0,393.0
0.0,12722.0,2077.0,1150.0,0.0,0.0,0.0,773.0,377.0,2077.0,0.0
0.0,10645.0,2550.0,1199.0,0.0,0.0,0.0,822.0,377.0,2550.0,0.0
0.0,8095.0,2169.0,1239.0,0.0,269.0,269.0,864.0,375.0,2169.0,0.0
0.0,5926.0,938.0,1247.0,0.0,1247.0,1247.0,882.0,365.0,938.0,0.0
0.0,4988.0,0.0,1231.0,0.0,1167.0,1167.0,882.0,349.0,0.0,0.0
0.0,4988.0,172.0,1214.0,269.0,985.0,985.0,882.0,332.0,0.0,172.0
0.0,5085.0,535.0,1202.0,1247.0,213.0,213.0,877.0,325.0,0.0,535.0
0.0,5797.0,898.0,1191.0,1167.0,0.0,0.0,857.0,334.0,0.0,898.0
0.0,6066.0,1089.0,1176.0,985.0,0.0,0.0,821.0,355.0,0.0,1089.0
0.0,5962.0,1297.0,1153.0,213.0,887.0,887.0,781.0,372.0,380.0,917.0
0.0,4878.0,1607.0,1142.0,0.0,2439.0,2439.0,762.0,380.0,1219.0,388.0
0.0,3271.0,2050.0,1158.0,0.0,4569.0,4569.0,778.0,380.0,2050.0,0.0
0.0,1221.0,2523.0,1207.0,887.0,6035.0,6035.0,827.0,380.0,2523.0,0.0
0.0,0.0,2169.0,1245.0,2439.0,6225.0,6225.0,868.0,377.0,2169.0,0.0
0.0,0.0,983.0,1254.0,4569.0,2829.0,2829.0,887.0,367.0,983.0,0.0
0.0,3441.0,0.0,1238.0,6035.0,0.0,0.0,887.0,351.0,0.0,0.0
0.0,9476.0,186.0,1221.0,6225.0,0.0,0.0,887.0,334.0,0.0,186.0
0.0,15515.0,548.0,1209.0,2829.0,0.0,0.0,882.0,327.0,0.0,548.0
0.0,17796.0,912.0,1197.0,0.0,0.0,0.0,861.0,336.0,0.0,912.0
0.0,16884.0,1101.0,1182.0,0.0,0.0,0.0,824.0,358.0,0.0,1101.0
0.0,15783.0,1361.0,1160.0,0.0,0.0,0.0,785.0,375.0,441.0,920.0
0.0,14422.0,1668.0,1150.0,0.0,0.0,0.0,768.0,382.0,1291.0,377.0
0.0,12754.0,2150.0,1169.0,0.0,0.0,0.0,787.0,382.0,2150.0,0.0
0.0,10604.0,2561.0,1218.0,0.0,0.0,0.0,836.0,382.0,2561.0,0.0
0.0,8043.0,2109.0,1256.0,0.0,346.0,346.0,877.0,379.0,2109.0,0.0
0.0,5934.0,799.0,1261.0,0.0,1170.0,1170.0,892.0,369.0,799.0,0.0
0.0,5135.0,0.0,1245.0,0.0,1090.0,1090.0,892.0,353.0,0.0,0.0
0.0,5135.0,171.0,1227.0,346.0,825.0,825.0,892.0,335.0,0.0,171.0
0.0,5310.0,547.0,1214.0,1170.0,137.0,137.0,886.0,328.0,0.0,547.0
0.0,5933.0,912.0,1203.0,1090.0,0.0,0.0,864.0,339.0,0.0,912.0
0.0,6111.0,1107.0,1186.0,825.0,101.0,101.0,826.0,360.0,0.0,1107.0
0.0,5829.0,1416.0,1165.0,137.0,1275.0,1275.0,787.0,378.0,491.0,925.0
0.0,4550.0,1719.0,1156.0,0.0,2949.0,2949.0,771.0,385.0,1340.0,379.0
0.0,2831.0,2196.0,1178.0,101.0,5154.0,5154.0,793.0,385.0,2196.0,0.0
0.0,736.0,2588.0,1228.0,1275.0,6140.0,6140.0,843.0,385.0,2588.0,0.0
0.0,0.0,2114.0,1265.0,2949.0,6067.0,6067.0,883.0,382.0,2114.0,0.0
0.0,258.0,773.0,1269.0,5154.0,1706.0,1706.0,898.0,371.0,773.0,0.0
0.0,4639.0,0.0,1252.0,6140.0,0.0,0.0,898.0,354.0,0.0,0.0
0.0,10779.0,186.0,1235.0,6067.0,0.0,0.0,898.0,337.0,0.0,186.0
0.0,16660.0,555.0,1222.0,1706.0,0.0,0.0,892.0,330.0,0.0,555.0
0.0,17811.0,922.0,1210.0,0.0,0.0,0.0,869.0,341.0,0.0,922.0
0.0,16889.0,1108.0,1193.0,0.0,0.0,0.0,831.0,362.0,0.0,1108.0
0.0,15781.0,1418.0,1172.0,0.0,0.0,0.0,792.0,380.0,489.0,929.0
0.0,14363.0,1733.0,1163.0,0.0,0.0,0.0,776.0,387.0,1349.0,384.0
0.0,12630.0,2212.0,1186.0,0.0,0.0,0.0,799.0,387.0,2212.0,0.0
0.0,10418.0,2579.0,1236.0,0.0,0.0,0.0,849.0,387.0,2579.0,0.0
0.0,7839.0,2073.0,1273.0,0.0,599.0,599.0,889.0,384.0,2073.0,0.0
0.0,5766.0,734.0,1277.0,0.0,1353.0,1353.0,903.0,374.0,734.0,0.0
0.0,5032.0,0.0,1260.0,0.0,1268.0,1268.0,903.0,357.0,0.0,0.0
0.0,5032.0,189.0,1243.0,599.0,773.0,773.0,903.0,340.0,0.0,189.0
0.0,5442.0,563.0,1229.0,1353.0,0.0,0.0,896.0,333.0,0.0,563.0
0.0,6232.0,933.0,1215.0,1268.0,0.0,0.0,872.0,343.0,0.0,933.0
0.0,6567.0,1112.0,1197.0,773.0,0.0,0.0,832.0,365.0,0.0,1112.0
0.0,6228.0,1478.0,1176.0,0.0,1130.0,1130.0,794.0,382.0,565.0,913.0
0.0,4750.0,1781.0,1169.0,0.0,2876.0,2876.0,780.0,389.0,1423.0,358.0
0.0,2969.0,2308.0,1195.0,0.0,5314.0,5314.0,806.0,389.0,2308.0,0.0
0.0,661.0,2628.0,1245.0,1130.0,6225.0,6225.0,856.0,389.0,2628.0,0.0
0.0,0.0,2079.0,1282.0,2876.0,6410.0,6410.0,896.0,386.0,2079.0,0.0
0.0,0.0,646.0,1285.0,5314.0,1797.0,1797.0,909.0,376.0,646.0,0.0
0.0,4628.0,0.0,1267.0,6225.0,0.0,0.0,909.0,358.0,0.0,0.0
0.0,10853.0,219.0,1251.0,6410.0,0.0,0.0,909.0,342.0,0.0,219.0
0.0,17044.0,592.0,1237.0,1797.0,0.0,0.0,902.0,335.0,0.0,592.0
0.0,18249.0,965.0,1224.0,0.0,0.0,0.0,878.0,346.0,0.0,965.0
0.0,17284.0,1128.0,1207.0,0.0,0.0,0.0,839.0,368.0,0.0,1128.0
0.0,16156.0,1451.0,1186.0,0.0,0.0,0.0,800.0,386.0,532.0,919.0
0.0,14705.0,1741.0,1178.0,0.0,0.0,0.0,786.0,392.0,1413.0,328.0
0.0,12964.0,2282.0,1203.0,0.0,0.0,0.0,811.0,392.0,2282.0,0.0
0.0,10682.0,2615.0,1253.0,0.0,0.0,0.0,861.0,392.0,2615.0,0.0
0.0,8067.0,2083.0,1289.0,0.0,461.0,461.0,901.0,388.0,2083.0,0.0
0.0,5984.0,690.0,1292.0,0.0,1166.0,1166.0,914.0,378.0,690.0,0.0
0.0,5294.0,0.0,1274.0,0.0,1076.0,1076.0,914.0,360.0,0.0,0.0
0.0,5294.0,199.0,1257.0,461.0,729.0,729.0,914.0,343.0,0.0,199.0
0.0,5556.0,573.0,1242.0,1166.0,61.0,61.0,906.0,336.0,0.0,573.0
0.0,6149.0,949.0,1228.0,1076.0,0.0,0.0,881.0,347.0,0.0,949.0
0.0,6276.0,1129.0,1209.0,729.0,169.0,169.0,840.0,369.0,0.0,1129.0
0.0,5876.0,1479.0,1188.0,61.0,1482.0,1482.0,801.0,387.0,547.0,932.0
0.0,4458.0,1798.0,1182.0,0.0,3250.0,3250.0,788.0,394.0,1440.0,358.0
0.0,2660.0,2324.0,1212.0,169.0,5555.0,5555.0,818.0,394.0,2324.0,0.0
0.0,505.0,2656.0,1263.0,1482.0,6315.0,6315.0,869.0,394.0,2656.0,0.0
0.0,0.0,2106.0,1300.0,3250.0,6025.0,6025.0,909.0,391.0,2106.0,0.0
0.0,475.0,654.0,1302.0,5555.0,1134.0,1134.0,922.0,380.0,654.0,0.0
0.0,5376.0,0.0,1285.0,6315.0,0.0,0.0,922.0,363.0,0.0,0.0
0.0,11691.0,212.0,1267.0,6025.0,0.0,0.0,922.0,345.0,0.0,212.0
0.0,17504.0,598.0,1251.0,1134.0,0.0,0.0,912.0,339.0,0.0,598.0
0.0,18040.0,977.0,1237.0,0.0,0.0,0.0,886.0,351.0,0.0,977.0
0.0,17063.0,1142.0,1217.0,0.0,0.0,0.0,844.0,373.0,0.0,1142.0
0.0,15921.0,1469.0,1195.0,0.0,0.0,0.0,805.0,390.0,547.0,922.0
0.0,14452.0,1750.0,1188.0,0.0,0.0,0.0,792.0,396.0,1431.0,319.0
0.0,12702.0,2314.0,1218.0,0.0,0.0,0.0,822.0,396.0,2314.0,0.0
0.0,10388.0,2650.0,1268.0,0.0,0.0,0.0,872.0,396.0,2650.0,0.0
0.0,7738.0,2112.0,1306.0,0.0,904.0,904.0,913.0,393.0,2112.0,0.0
0.0,5626.0,695.0,1308.0,0.0,1609.0,1609.0,926.0,382.0,695.0,0.0
0.0,4931.0,0.0,1290.0,0.0,1519.0,1519.0,926.0,364.0,0.0,0.0
0.0,4931.0,219.0,1273.0,904.0,749.0,749.0,926.0,347.0,0.0,219.0
0.0,5616.0,592.0,1258.0,1609.0,0.0,0.0,917.0,341.0,0.0,592.0
0.0,6633.0,967.0,1243.0,1519.0,0.0,0.0,891.0,352.0,0.0,967.0
0.0,7185.0,1125.0,1223.0,749.0,0.0,0.0,849.0,374.0,0.0,1125.0
0.0,6809.0,1469.0,1201.0,0.0,665.0,665.0,810.0,391.0,552.0,917.0
0.0,5340.0,1792.0,1196.0,0.0,2432.0,2432.0,798.0,398.0,1455.0,337.0
0.0,3548.0,2345.0,1227.0,0.0,4932.0,4932.0,829.0,398.0,2345.0,0.0
0.0,1203.0,2683.0,1278.0,665.0,6390.0,6390.0,880.0,398.0,2683.0,0.0
0.0,0.0,2122.0,1315.0,2432.0,6575.0,6575.0,921.0,394.0,2122.0,0.0
0.0,0.0,658.0,1317.0,4932.0,2816.0,2816.0,934.0,383.0,658.0,0.0
0.0,3769.0,0.0,1299.0,6390.0,0.0,0.0,934.0,365.0,0.0,0.0
0.0,10159.0,252.0,1283.0,6575.0,0.0,0.0,934.0,349.0,0.0,252.0
0.0,16482.0,636.0,1267.0,2816.0,0.0,0.0,923.0,344.0,0.0,636.0
0.0,18662.0,1015.0,1252.0,0.0,0.0,0.0,896.0,356.0,0.0,1015.0
0.0,17647.0,1142.0,1229.0,0.0,0.0,0.0,851.0,378.0,0.0,1142.0
0.0,16505.0,1443.0,1206.0,0.0,0.0,0.0,811.0,395.0,558.0,885.0
0.0,15062.0,1687.0,1199.0,0.0,0.0,0.0,799.0,400.0,1439.0,248.0
0.0,13375.0,2337.0,1232.0,0.0,0.0,0.0,832.0,400.0,2337.0,0.0
0.0,11038.0,2703.0,1284.0,0.0,0.0,0.0,884.0,400.0,2703.0,0.0
0.0,8335.0,2160.0,1321.0,0.0,430.0,430.0,925.0,396.0,2160.0,0.0
0.0,6175.0,724.0,1323.0,0.0,1164.0,1164.0,939.0,384.0,724.0,0.0
0.0,5451.0,0.0,1305.0,0.0,1074.0,1074.0,939.0,366.0,0.0,0.0
0.0,5451.0,274.0,1288.0,430.0,833.0,833.0,939.0,349.0,0.0,274.0
0.0,5607.0,655.0,1273.0,1164.0,249.0,249.0,929.0,344.0,0.0,655.0
0.0,6116.0,1046.0,1260.0,1074.0,156.0,156.0,902.0,358.0,0.0,1046.0
0.0,6144.0,1159.0,1238.0,833.0,372.0,372.0,858.0,380.0,0.0,1159.0
0.0,5818.0,1420.0,1216.0,249.0,1433.0,1433.0,818.0,398.0,527.0,893.0
0.0,4647.0,1676.0,1207.0,156.0,2908.0,2908.0,805.0,402.0,1434.0,242.0
0.0,3127.0,2330.0,1239.0,372.0,5026.0,5026.0,837.0,402.0,2330.0,0.0
0.0,1169.0,2704.0,1291.0,1433.0,6455.0,6455.0,889.0,402.0,2704.0,0.0
0.0,0.0,2162.0,1328.0,2908.0,5996.0,5996.0,930.0,398.0,2162.0,0.0
0.0,644.0,729.0,1331.0,5026.0,1714.0,1714.0,944.0,387.0,729.0,0.0
0.0,4941.0,0.0,1313.0,6455.0,0.0,0.0,944.0,369.0,0.0,0.0
0.0,11396.0,244.0,1296.0,5996.0,0.0,0.0,944.0,352.0,0.0,244.0
0.0,17148.0,637.0,1280.0,1714.0,0.0,0.0,934.0,346.0,0.0,637.0
0.0,18225.0,1026.0,1265.0,0.0,0.0,0.0,906.0,359.0,0.0,1026.0
0.0,17199.0,1161.0,1243.0,0.0,0.0,0.0,861.0,382.0,0.0,1161.0
0.0,16038.0,1473.0,1220.0,0.0,0.0,0.0,821.0,399.0,566.0,907.0
0.0,14565.0,1734.0,1213.0,0.0,0.0,0.0,809.0,404.0,1466.0,268.0
0.0,12831.0,2390.0,1246.0,0.0,0.0,0.0,842.0,404.0,2390.0,0.0
0.0,10441.0,2740.0,1299.0,0.0,0.0,0.0,895.0,404.0,2740.0,0.0
0.0,7701.0,2185.0,1337.0,0.0,1169.0,1169.0,937.0,400.0,2185.0,0.0
0.0,5516.0,705.0,1339.0,0.0,1884.0,1884.0,950.0,389.0,705.0,0.0
0.0,4811.0,0.0,1320.0,0.0,1789.0,1789.0,950.0,370.0,0.0,0.0
0.0,4811.0,265.0,1303.0,1169.0,800.0,800.0,950.0,353.0,0.0,265.0
0.0,5715.0,650.0,1288.0,1884.0,0.0,0.0,940.0,348.0,0.0,650.0
0.0,6949.0,1046.0,1274.0,1789.0,0.0,0.0,912.0,362.0,0.0,1046.0
0.0,7692.0,1178.0,1252.0,800.0,0.0,0.0,868.0,384.0,0.0,1178.0
0.0,7314.0,1443.0,1229.0,0.0,274.0,274.0,827.0,402.0,524.0,919.0
0.0,5871.0,1703.0,1221.0,0.0,1937.0,1937.0,814.0,407.0,1434.0,269.0
0.0,4168.0,2339.0,1253.0,0.0,4436.0,4436.0,846.0,407.0,2339.0,0.0
0.0,1829.0,2717.0,1305.0,274.0,6525.0,6525.0,898.0,407.0,2717.0,0.0
0.0,0.0,2187.0,1343.0,1937.0,6715.0,6715.0,940.0,403.0,2187.0,0.0
0.0,0.0,778.0,1347.0,4436.0,3941.0,3941.0,955.0,392.0,778.0,0.0
0.0,2794.0,0.0,1328.0,6525.0,0.0,0.0,955.0,373.0,0.0,0.0
0.0,9319.0,248.0,1311.0,6715.0,0.0,0.0,955.0,356.0,0.0,248.0
0.0,15786.0,638.0,1295.0,3941.0,0.0,0.0,944.0,351.0,0.0,638.0
0.0,19089.0,1029.0,1280.0,0.0,0.0,0.0,916.0,364.0,0.0,1029.0
0.0,18060.0,1177.0,1258.0,0.0,0.0,0.0,871.0,387.0,0.0,1177.0
0.0,16883.0,1496.0,1235.0,0.0,0.0,0.0,830.0,405.0,567.0,929.0
0.0,15387.0,1782.0,1228.0,0.0,0.0,0.0,818.0,410.0,1488.0,294.0
0.0,13605.0,2418.0,1262.0,0.0,0.0,0.0,852.0,410.0,2418.0,0.0
0.0,11187.0,2764.0,1315.0,0.0,0.0,0.0,905.0,410.0,2764.0,0.0
0.0,8423.0,2179.0,1352.0,0.0,516.0,516.0,947.0,405.0,2179.0,0.0
0.0,6244.0,674.0,1353.0,0.0,1195.0,1195.0,960.0,393.0,674.0,0.0
0.0,5570.0,0.0,1334.0,0.0,1100.0,1100.0,960.0,374.0,0.0,0.0
0.0,5570.0,257.0,1317.0,516.0,756.0,756.0,960.0,357.0,0.0,257.0
0.0,5829.0,658.0,1301.0,1195.0,139.0,139.0,949.0,352.0,0.0,658.0
0.0,6366.0,1051.0,1290.0,1100.0,35.0,35.0,922.0,368.0,0.0,1051.0
0.0,6415.0,1187.0,1268.0,756.0,356.0,356.0,877.0,391.0,0.0,1187.0
0.0,5984.0,1494.0,1244.0,139.0,1591.0,1591.0,836.0,408.0,573.0,921.0
0.0,4629.0,1753.0,1236.0,35.0,3269.0,3269.0,823.0,413.0,1491.0,262.0
0.0,2911.0,2399.0,1268.0,356.0,5472.0,5472.0,855.0,413.0,2399.0,0.0
0.0,868.0,2746.0,1321.0,1591.0,6605.0,6605.0,908.0,413.0,2746.0,0.0
0.0,0.0,2192.0,1358.0,3269.0,6000.0,6000.0,950.0,408.0,2192.0,0.0
0.0,790.0,726.0,1359.0,5472.0,1259.0,1259.0,964.0,395.0,726.0,0.0
0.0,5536.0,0.0,1339.0,6605.0,0.0,0.0,964.0,375.0,0.0,0.0
0.0,12141.0,275.0,1322.0,6000.0,0.0,0.0,964.0,358.0,0.0,275.0
0.0,17866.0,667.0,1308.0,1259.0,0.0,0.0,954.0,354.0,0.0,667.0
0.0,18458.0,1061.0,1296.0,0.0,0.0,0.0,926.0,370.0,0.0,1061.0
0.0,17397.0,1183.0,1274.0,0.0,0.0,0.0,882.0,392.0,0.0,1183.0
0.0,16214.0,1502.0,1251.0,0.0,0.0,0.0,841.0,410.0,583.0,919.0
0.0,14712.0,1773.0,1243.0,0.0,0.0,0.0,828.0,415.0,1516.0,257.0
0.0,12939.0,2441.0,1276.0,0.0,0.0,0.0,861.0,415.0,2441.0,0.0
0.0,10498.0,2783.0,1330.0,0.0,0.0,0.0,915.0,415.0,2783.0,0.0
0.0,7715.0,2190.0,1367.0,0.0,1310.0,1310.0,957.0,410.0,2190.0,0.0
0.0,5525.0,662.0,1368.0,0.0,1977.0,1977.0,970.0,398.0,662.0,0.0
0.0,4863.0,0.0,1348.0,0.0,1877.0,1877.0,970.0,378.0,0.0,0.0
0.0,4863.0,284.0,1332.0,1310.0,771.0,771.0,970.0,362.0,0.0,284.0
0.0,5889.0,689.0,1316.0,1977.0,0.0,0.0,959.0,357.0,0.0,689.0
0.0,7177.0,1086.0,1304.0,1877.0,0.0,0.0,931.0,373.0,0.0,1086.0
0.0,7968.0,1196.0,1281.0,771.0,0.0,0.0,885.0,396.0,0.0,1196.0
0.0,7543.0,1519.0,1257.0,0.0,261.0,261.0,844.0,413.0,617.0,902.0
0.0,6024.0,1747.0,1248.0,0.0,1963.0,1963.0,831.0,417.0,1537.0,210.0
0.0,4277.0,2469.0,1282.0,0.0,4602.0,4602.0,865.0,417.0,2469.0,0.0
0.0,1808.0,2799.0,1336.0,261.0,6680.0,6680.0,919.0,417.0,2799.0,0.0
0.0,0.0,2200.0,1373.0,1963.0,6865.0,6865.0,961.0,412.0,2200.0,0.0
0.0,0.0,672.0,1374.0,4602.0,3907.0,3907.0,974.0,400.0,672.0,0.0
0.0,2963.0,0.0,1354.0,6680.0,0.0,0.0,974.0,380.0,0.0,0.0
0.0,9643.0,311.0,1337.0,6865.0,0.0,0.0,974.0,363.0,0.0,311.0
0.0,16197.0,706.0,1323.0,3907.0,0.0,0.0,964.0,359.0,0.0,706.0
0.0,19398.0,1106.0,1312.0,0.0,0.0,0.0,937.0,375.0,0.0,1106.0
0.0,18292.0,1197.0,1290.0,0.0,0.0,0.0,892.0,398.0,0.0,1197.0
0.0,17095.0,1491.0,1266.0,0.0,0.0,0.0,851.0,415.0,598.0,893.0
0.0,15604.0,1728.0,1257.0,0.0,0.0,0.0,838.0,419.0,1534.0,194.0
0.0,13876.0,2462.0,1290.0,0.0,0.0,0.0,871.0,419.0,2462.0,0.0
0.0,11414.0,2791.0,1343.0,0.0,0.0,0.0,924.0,419.0,2791.0,0.0
0.0,8623.0,2177.0,1380.0,0.0,454.0,454.0,966.0,414.0,2177.0,0.0
0.0,6446.0,650.0,1381.0,0.0,1109.0,1109.0,979.0,402.0,650.0,0.0
0.0,5796.0,0.0,1361.0,0.0,1009.0,1009.0,979.0,382.0,0.0,0.0
0.0,5796.0,322.0,1345.0,454.0,797.0,797.0,979.0,366.0,0.0,322.0
0.0,5928.0,725.0,1330.0,1109.0,338.0,338.0,968.0,362.0,0.0,725.0
0.0,6312.0,1125.0,1317.0,1009.0,389.0,389.0,939.0,378.0,0.0,1125.0
0.0,6196.0,1198.0,1294.0,797.0,675.0,675.0,893.0,401.0,0.0,1198.0
0.0,5795.0,1544.0,1271.0,338.0,1766.0,1766.0,853.0,418.0,674.0,870.0
0.0,4589.0,1758.0,1262.0,389.0,3090.0,3090.0,842.0,420.0,1613.0,145.0
0.0,3220.0,2575.0,1298.0,675.0,5170.0,5170.0,878.0,420.0,2575.0,0.0
0.0,1320.0,2855.0,1353.0,1766.0,6534.0,6534.0,933.0,420.0,2855.0,0.0
0.0,231.0,2178.0,1390.0,3090.0,5807.0,5807.0,975.0,415.0,2178.0,0.0
0.0,1143.0,546.0,1389.0,5170.0,1178.0,1178.0,986.0,403.0,546.0,0.0
0.0,5767.0,0.0,1369.0,6534.0,0.0,0.0,986.0,383.0,0.0,0.0
0.0,12301.0,356.0,1353.0,5807.0,0.0,0.0,986.0,367.0,0.0,356.0
0.0,17752.0,765.0,1339.0,1178.0,0.0,0.0,975.0,364.0,0.0,765.0
0.0,18165.0,1172.0,1327.0,0.0,0.0,0.0,946.0,381.0,0.0,1172.0
0.0,16993.0,1223.0,1305.0,0.0,0.0,0.0,900.0,405.0,0.0,1223.0
0.0,15770.0,1492.0,1280.0,0.0,0.0,0.0,859.0,421.0,627.0,865.0
0.0,14278.0,1669.0,1270.0,0.0,0.0,0.0,847.0,423.0,1569.0,100.0
0.0,12609.0,2499.0,1304.0,0.0,0.0,0.0,881.0,423.0,2499.0,0.0
0.0,10110.0,2806.0,1358.0,0.0,0.0,0.0,935.0,423.0,2806.0,0.0
0.0,7304.0,2183.0,1395.0,0.0,1854.0,1854.0,977.0,418.0,2183.0,0.0
0.0,5121.0,656.0,1395.0,0.0,2510.0,2510.0,990.0,405.0,656.0,0.0
0.0,4465.0,0.0,1375.0,0.0,2410.0,2410.0,990.0,385.0,0.0,0.0
0.0,4465.0,356.0,1359.0,1854.0,832.0,832.0,990.0,369.0,0.0,356.0
0.0,5963.0,765.0,1344.0,2510.0,0.0,0.0,978.0,366.0,0.0,765.0
0.0,7708.0,1170.0,1332.0,2410.0,0.0,0.0,949.0,383.0,0.0,1170.0
0.0,8948.0,1221.0,1309.0,832.0,0.0,0.0,902.0,407.0,0.0,1221.0
0.0,8559.0,1573.0,1285.0,0.0,0.0,0.0,862.0,423.0,707.0,866.0
0.0,6986.0,1785.0,1278.0,0.0,1189.0,1189.0,853.0,425.0,1680.0,105.0
0.0,5201.0,2634.0,1316.0,0.0,4013.0,4013.0,891.0,425.0,2634.0,0.0
0.0,2567.0,2877.0,1371.0,0.0,6855.0,6855.0,946.0,425.0,2877.0,0.0
0.0,0.0,2158.0,1407.0,1189.0,7035.0,7035.0,987.0,420.0,2158.0,0.0
0.0,0.0,468.0,1403.0,4013.0,4749.0,4749.0,996.0,407.0,468.0,0.0
0.0,2266.0,0.0,1382.0,6855.0,0.0,0.0,996.0,386.0,0.0,0.0
0.0,9121.0,365.0,1366.0,7035.0,0.0,0.0,996.0,370.0,0.0,365.0
0.0,15791.0,773.0,1351.0,4749.0,0.0,0.0,984.0,367.0,0.0,773.0
0.0,19767.0,1188.0,1341.0,0.0,0.0,0.0,955.0,386.0,0.0,1188.0
0.0,18579.0,1233.0,1317.0,0.0,0.0,0.0,907.0,410.0,0.0,1233.0
0.0,17346.0,1578.0,1294.0,0.0,0.0,0.0,867.0,427.0,711.0,867.0
0.0,15768.0,1747.0,1285.0,0.0,0.0,0.0,857.0,428.0,1663.0,84.0
0.0,14021.0,2602.0,1322.0,0.0,0.0,0.0,894.0,428.0,2602.0,0.0
0.0,11419.0,2849.0,1377.0,0.0,0.0,0.0,949.0,428.0,2849.0,0.0
0.0,8570.0,2162.0,1412.0,0.0,652.0,652.0,990.0,422.0,2162.0,0.0
0.0,6408.0,530.0,1410.0,0.0,1172.0,1172.0,1001.0,409.0,530.0,0.0
0.0,5878.0,0.0,1388.0,0.0,1062.0,1062.0,1001.0,387.0,0.0,0.0
0.0,5878.0,358.0,1372.0,652.0,688.0,688.0,1001.0,371.0,0.0,358.0
0.0,6172.0,765.0,1358.0,1172.0,211.0,211.0,989.0,369.0,0.0,765.0
0.0,6579.0,1175.0,1348.0,1062.0,274.0,274.0,960.0,388.0,0.0,1175.0
0.0,6466.0,1236.0,1323.0,688.0,697.0,697.0,912.0,411.0,0.0,1236.0
0.0,5918.0,1618.0,1301.0,211.0,1994.0,1994.0,873.0,428.0,733.0,885.0
0.0,4511.0,1835.0,1295.0,274.0,3525.0,3525.0,864.0,431.0,1712.0,123.0
0.0,2950.0,2672.0,1334.0,697.0,5695.0,5695.0,903.0,431.0,2672.0,0.0
0.0,975.0,2898.0,1389.0,1994.0,6874.0,6874.0,958.0,431.0,2898.0,0.0
0.0,71.0,2139.0,1425.0,3525.0,5668.0,5668.0,1000.0,425.0,2139.0,0.0
0.0,1457.0,422.0,1419.0,5695.0,365.0,365.0,1008.0,411.0,422.0,0.0
0.0,6730.0,0.0,1397.0,6874.0,0.0,0.0,1008.0,389.0,0.0,0.0
0.0,13604.0,351.0,1381.0,5668.0,0.0,0.0,1008.0,373.0,0.0,351.0
0.0,18921.0,774.0,1366.0,365.0,0.0,0.0,995.0,371.0,0.0,774.0
0.0,18512.0,1189.0,1355.0,0.0,0.0,0.0,964.0,391.0,0.0,1189.0
0.0,17323.0,1246.0,1329.0,0.0,0.0,0.0,914.0,415.0,0.0,1246.0
0.0,16077.0,1651.0,1306.0,0.0,0.0,0.0,874.0,432.0,769.0,882.0
0.0,14426.0,1837.0,1300.0,0.0,0.0,0.0,866.0,434.0,1735.0,102.0
0.0,12589.0,2692.0,1341.0,0.0,0.0,0.0,907.0,434.0,2692.0,0.0
0.0,9897.0,2909.0,1397.0,0.0,0.0,0.0,963.0,434.0,2909.0,0.0
0.0,6988.0,2154.0,1431.0,0.0,2321.0,2321.0,1004.0,427.0,2154.0,0.0
0.0,4834.0,431.0,1424.0,0.0,2717.0,2717.0,1012.0,412.0,431.0,0.0
0.0,4403.0,0.0,1402.0,0.0,2607.0,2607.0,1012.0,390.0,0.0,0.0
0.0,4403.0,376.0,1385.0,2321.0,577.0,577.0,1012.0,373.0,0.0,376.0
0.0,6348.0,789.0,1372.0,2717.0,0.0,0.0,1000.0,372.0,0.0,789.0
0.0,8276.0,1208.0,1363.0,2607.0,0.0,0.0,970.0,393.0,0.0,1208.0
0.0,9675.0,1253.0,1339.0,577.0,0.0,0.0,922.0,417.0,0.0,1253.0
0.0,8999.0,1648.0,1318.0,0.0,0.0,0.0,883.0,435.0,756.0,892.0
0.0,7351.0,1839.0,1311.0,0.0,1043.0,1043.0,874.0,437.0,1731.0,108.0
0.0,5512.0,2701.0,1350.0,0.0,3939.0,3939.0,913.0,437.0,2701.0,0.0
0.0,2811.0,2916.0,1406.0,0.0,7030.0,7030.0,969.0,437.0,2916.0,0.0
0.0,0.0,2142.0,1441.0,1043.0,7205.0,7205.0,1011.0,430.0,2142.0,0.0
0.0,0.0,421.0,1434.0,3939.0,4856.0,4856.0,1019.0,415.0,421.0,0.0
0.0,2314.0,0.0,1412.0,7030.0,0.0,0.0,1019.0,393.0,0.0,0.0
0.0,9344.0,352.0,1395.0,7205.0,0.0,0.0,1019.0,376.0,0.0,352.0
0.0,16197.0,774.0,1379.0,4856.0,0.0,0.0,1005.0,374.0,0.0,774.0
0.0,20279.0,1189.0,1368.0,0.0,0.0,0.0,973.0,395.0,0.0,1189.0
0.0,19090.0,1249.0,1341.0,0.0,0.0,0.0,922.0,419.0,0.0,1249.0
0.0,17841.0,1695.0,1318.0,0.0,0.0,0.0,882.0,436.0,804.0,891.0
0.0,16146.0,1896.0,1313.0,0.0,0.0,0.0,875.0,438.0,1775.0,121.0
0.0,14250.0,2774.0,1357.0,0.0,0.0,0.0,919.0,438.0,2774.0,0.0
0.0,11476.0,2964.0,1414.0,0.0,0.0,0.0,976.0,438.0,2964.0,0.0
0.0,8512.0,2174.0,1449.0,0.0,907.0,907.0,1018.0,431.0,2174.0,0.0
0.0,6338.0,378.0,1442.0,0.0,1250.0,1250.0,1025.0,417.0,378.0,0.0
0.0,5960.0,0.0,1419.0,0.0,1135.0,1135.0,1025.0,394.0,0.0,0.0
0.0,5960.0,375.0,1402.0,907.0,518.0,518.0,1025.0,377.0,0.0,375.0
0.0,6492.0,795.0,1388.0,1250.0,0.0,0.0,1012.0,376.0,0.0,795.0
0.0,6947.0,1214.0,1378.0,1135.0,22.0,22.0,980.0,398.0,0.0,1214.0
0.0,6868.0,1266.0,1352.0,518.0,640.0,640.0,930.0,422.0,0.0,1266.0
0.0,6120.0,1618.0,1328.0,0.0,2138.0,2138.0,889.0,439.0,726.0,892.0
0.0,4502.0,1814.0,1321.0,22.0,3895.0,3895.0,880.0,441.0,1715.0,99.0
0.0,2710.0,2688.0,1363.0,640.0,6153.0,6153.0,922.0,441.0,2688.0,0.0
0.0,662.0,2925.0,1419.0,2138.0,7095.0,7095.0,978.0,441.0,2925.0,0.0
0.0,0.0,2187.0,1454.0,3895.0,5687.0,5687.0,1020.0,434.0,2187.0,0.0
0.0,1583.0,491.0,1449.0,6153.0,0.0,0.0,1030.0,419.0,491.0,0.0
0.0,7245.0,0.0,1427.0,7095.0,0.0,0.0,1030.0,397.0,0.0,0.0
0.0,14340.0,381.0,1410.0,5687.0,0.0,0.0,1030.0,380.0,0.0,381.0
0.0,19646.0,803.0,1394.0,0.0,0.0,0.0,1015.0,379.0,0.0,803.0
0.0,18843.0,1219.0,1382.0,0.0,0.0,0.0,982.0,400.0,0.0,1219.0
0.0,17624.0,1258.0,1355.0,0.0,0.0,0.0,931.0,424.0,0.0,1258.0
0.0,16366.0,1679.0,1332.0,0.0,0.0,0.0,891.0,441.0,804.0,875.0
0.0,14687.0,1891.0,1326.0,0.0,0.0,0.0,884.0,442.0,1805.0,86.0
0.0,12796.0,2813.0,1372.0,0.0,0.0,0.0,930.0,442.0,2813.0,0.0
0.0,9983.0,2991.0,1430.0,0.0,158.0,158.0,988.0,442.0,2991.0,0.0
0.0,6992.0,2170.0,1466.0,0.0,2508.0,2508.0,1030.0,436.0,2170.0,0.0
0.0,4822.0,354.0,1457.0,0.0,2817.0,2817.0,1036.0,421.0,354.0,0.0
0.0,4468.0,0.0,1434.0,158.0,2544.0,2544.0,1036.0,398.0,0.0,0.0
0.0,4626.0,399.0,1418.0,2508.0,355.0,355.0,1036.0,382.0,0.0,399.0
0.0,6735.0,829.0,1403.0,2817.0,0.0,0.0,1022.0,381.0,0.0,829.0
0.0,8723.0,1254.0,1391.0,2544.0,0.0,0.0,988.0,403.0,0.0,1254.0
0.0,10013.0,1282.0,1364.0,355.0,0.0,0.0,937.0,427.0,0.0,1282.0
0.0,9086.0,1659.0,1340.0,0.0,0.0,0.0,896.0,444.0,784.0,875.0
0.0,7427.0,1820.0,1333.0,0.0,1058.0,1058.0,888.0,445.0,1777.0,43.0
0.0,5607.0,2761.0,1378.0,0.0,4044.0,4044.0,933.0,445.0,2761.0,0.0
0.0,2846.0,2964.0,1435.0,0.0,7175.0,7175.0,990.0,445.0,2964.0,0.0
0.0,0.0,2186.0,1470.0,1058.0,7350.0,7350.0,1032.0,438.0,2186.0,0.0
0.0,0.0,421.0,1463.0,4044.0,4938.0,4938.0,1040.0,423.0,421.0,0.0
0.0,2377.0,0.0,1440.0,7175.0,0.0,0.0,1040.0,400.0,0.0,0.0
0.0,9552.0,395.0,1423.0,7350.0,0.0,0.0,1040.0,383.0,0.0,395.0
0.0,16507.0,817.0,1408.0,4938.0,0.0,0.0,1026.0,382.0,0.0,817.0
0.0,20628.0,1241.0,1396.0,0.0,0.0,0.0,993.0,403.0,0.0,1241.0
0.0,19387.0,1278.0,1369.0,0.0,0.0,0.0,941.0,428.0,0.0,1278.0
0.0,18109.0,1705.0,1345.0,0.0,0.0,0.0,900.0,445.0,817.0,888.0
0.0,16404.0,1902.0,1340.0,0.0,0.0,0.0,894.0,446.0,1827.0,75.0
0.0,14502.0,2825.0,1386.0,0.0,0.0,0.0,940.0,446.0,2825.0,0.0
0.0,11677.0,3006.0,1444.0,0.0,0.0,0.0,998.0,446.0,3006.0,0.0
0.0,8671.0,2173.0,1480.0,0.0,902.0,902.0,1040.0,440.0,2173.0,0.0
0.0,6498.0,335.0,1471.0,0.0,1192.0,1192.0,1046.0,425.0,335.0,0.0
0.0,6163.0,0.0,1448.0,0.0,1077.0,1077.0,1046.0,402.0,0.0,0.0
0.0,6163.0,404.0,1432.0,902.0,499.0,499.0,1046.0,386.0,0.0,404.0
0.0,6661.0,843.0,1416.0,1192.0,70.0,70.0,1031.0,385.0,0.0,843.0
0.0,7010.0,1269.0,1404.0,1077.0,202.0,202.0,997.0,407.0,0.0,1269.0
0.0,6818.0,1289.0,1375.0,499.0,847.0,847.0,943.0,432.0,0.0,1289.0
0.0,6028.0,1706.0,1351.0,70.0,2363.0,2363.0,903.0,448.0,837.0,869.0
0.0,4392.0,1853.0,1345.0,202.0,3984.0,3984.0,896.0,449.0,1829.0,24.0
0.0,2741.0,2826.0,1392.0,847.0,6198.0,6198.0,943.0,449.0,2826.0,0.0
0.0,762.0,3010.0,1450.0,2363.0,7135.0,7135.0,1001.0,449.0,3010.0,0.0
0.0,115.0,2193.0,1485.0,3984.0,5519.0,5519.0,1043.0,442.0,2193.0,0.0
0.0,1906.0,385.0,1476.0,6198.0,0.0,0.0,1050.0,426.0,385.0,0.0
0.0,7719.0,8.0,1453.0,7135.0,0.0,0.0,1050.0,403.0,0.0,8.0
0.0,14846.0,435.0,1437.0,5519.0,0.0,0.0,1050.0,387.0,0.0,435.0
0.0,19930.0,862.0,1424.0,0.0,0.0,0.0,1037.0,387.0,0.0,862.0
0.0,19068.0,1284.0,1413.0,0.0,0.0,0.0,1004.0,409.0,0.0,1284.0
0.0,17784.0,1286.0,1386.0,0.0,0.0,0.0,952.0,434.0,0.0,1286.0
0.0,16498.0,1690.0,1362.0,0.0,0.0,0.0,911.0,451.0,824.0,866.0
0.0,14808.0,1847.0,1356.0,0.0,0.0,0.0,905.0,451.0,1833.0,14.0
0.0,12961.0,2841.0,1401.0,0.0,0.0,0.0,950.0,451.0,2841.0,0.0
0.0,10120.0,3011.0,1459.0,0.0,186.0,186.0,1008.0,451.0,3011.0,0.0
0.0,7109.0,2167.0,1493.0,0.0,2523.0,2523.0,1049.0,444.0,2167.0,0.0
0.0,4942.0,336.0,1484.0,0.0,2814.0,2814.0,1056.0,428.0,336.0,0.0
0.0,4606.0,0.0,1461.0,186.0,2513.0,2513.0,1056.0,405.0,0.0,0.0
0.0,4792.0,437.0,1445.0,2523.0,347.0,347.0,1056.0,389.0,0.0,437.0
0.0,6878.0,873.0,1429.0,2814.0,0.0,0.0,1040.0,389.0,0.0,873.0
0.0,8819.0,1304.0,1418.0,2513.0,0.0,0.0,1006.0,412.0,0.0,1304.0
0.0,10028.0,1295.0,1389.0,347.0,0.0,0.0,952.0,437.0,0.0,1295.0
0.0,9080.0,1735.0,1365.0,0.0,0.0,0.0,911.0,454.0,878.0,857.0
0.0,7345.0,1892.0,1360.0,0.0,1347.0,1347.0,906.0,454.0,1892.0,0.0
0.0,5453.0,2918.0,1409.0,0.0,4510.0,4510.0,955.0,454.0,2918.0,0.0
0.0,2535.0,3052.0,1468.0,0.0,7340.0,7340.0,1014.0,454.0,3052.0,0.0
0.0,0.0,2177.0,1501.0,1347.0,7505.0,7505.0,1055.0,446.0,2177.0,0.0
0.0,0.0,277.0,1491.0,4510.0,4569.0,4569.0,1061.0,430.0,277.0,0.0
0.0,2886.0,12.0,1467.0,7340.0,0.0,0.0,1061.0,406.0,0.0,12.0
0.0,10214.0,445.0,1451.0,7505.0,0.0,0.0,1061.0,390.0,0.0,445.0
0.0,17274.0,879.0,1436.0,4569.0,0.0,0.0,1046.0,390.0,0.0,879.0
0.0,20964.0,1309.0,1427.0,0.0,0.0,0.0,1012.0,415.0,0.0,1309.0
0.0,19655.0,1302.0,1398.0,0.0,0.0,0.0,958.0,440.0,0.0,1302.0
0.0,18353.0,1725.0,1374.0,0.0,0.0,0.0,918.0,456.0,862.0,863.0
0.0,16628.0,1878.0,1368.0,0.0,0.0,0.0,912.0,456.0,1878.0,0.0
0.0,14750.0,2894.0,1416.0,0.0,0.0,0.0,960.0,456.0,2894.0,0.0
0.0,11856.0,3036.0,1474.0,0.0,0.0,0.0,1018.0,456.0,3036.0,0.0
0.0,8820.0,2168.0,1509.0,0.0,893.0,893.0,1060.0,449.0,2168.0,0.0
0.0,6652.0,301.0,1499.0,0.0,1144.0,1144.0,1066.0,433.0,301.0,0.0
0.0,6351.0,6.0,1475.0,0.0,1030.0,1030.0,1066.0,409.0,0.0,6.0
0.0,6345.0,447.0,1459.0,893.0,504.0,504.0,1066.0,393.0,0.0,447.0
0.0,6791.0,883.0,1443.0,1144.0,163.0,163.0,1050.0,393.0,0.0,883.0
0.0,7052.0,1313.0,1432.0,1030.0,391.0,391.0,1015.0,417.0,0.0,1313.0
0.0,6769.0,1296.0,1402.0,504.0,1033.0,1033.0,960.0,442.0,0.0,1296.0
0.0,5977.0,1760.0,1378.0,163.0,2510.0,2510.0,920.0,458.0,910.0,850.0
0.0,4380.0,1948.0,1374.0,391.0,4047.0,4047.0,916.0,458.0,1948.0,0.0
0.0,2823.0,2982.0,1425.0,1033.0,6251.0,6251.0,967.0,458.0,2982.0,0.0
0.0,874.0,3093.0,1484.0,2510.0,7129.0,7129.0,1026.0,458.0,3093.0,0.0
0.0,291.0,2163.0,1518.0,4047.0,5415.0,5415.0,1068.0,450.0,2163.0,0.0
0.0,2175.0,195.0,1505.0,6251.0,0.0,0.0,1071.0,434.0,195.0,0.0
0.0,8231.0,23.0,1481.0,7129.0,0.0,0.0,1071.0,410.0,0.0,23.0
0.0,15337.0,468.0,1465.0,5415.0,0.0,0.0,1071.0,394.0,0.0,468.0
0.0,20284.0,907.0,1450.0,0.0,0.0,0.0,1055.0,395.0,0.0,907.0
0.0,19377.0,1322.0,1440.0,0.0,0.0,0.0,1020.0,420.0,0.0,1322.0
0.0,18055.0,1294.0,1411.0,0.0,0.0,0.0,966.0,445.0,0.0,1294.0
0.0,16761.0,1714.0,1386.0,0.0,0.0,0.0,925.0,461.0,891.0,823.0
0.0,15047.0,1912.0,1381.0,0.0,0.0,0.0,920.0,461.0,1912.0,0.0
0.0,13135.0,2925.0,1430.0,0.0,0.0,0.0,969.0,461.0,2925.0,0.0
0.0,10210.0,3059.0,1488.0,0.0,289.0,289.0,1027.0,461.0,3059.0,0.0
0.0,7151.0,2191.0,1522.0,0.0,2650.0,2650.0,1070.0,452.0,2191.0,0.0
0.0,4960.0,309.0,1511.0,0.0,2904.0,2904.0,1075.0,436.0,309.0,0.0
0.0,4651.0,42.0,1487.0,289.0,2537.0,2537.0,1075.0,412.0,0.0,42.0
0.0,4898.0,481.0,1471.0,2650.0,288.0,288.0,1075.0,396.0,0.0,481.0
0.0,7067.0,917.0,1457.0,2904.0,0.0,0.0,1060.0,397.0,0.0,917.0
0.0,9054.0,1319.0,1446.0,2537.0,0.0,0.0,1024.0,422.0,0.0,1319.0
0.0,10272.0,1281.0,1417.0,288.0,0.0,0.0,970.0,447.0,0.0,1281.0
0.0,9279.0,1746.0,1393.0,0.0,0.0,0.0,930.0,463.0,931.0,815.0
0.0,7533.0,1967.0,1389.0,0.0,1379.0,1379.0,926.0,463.0,1967.0,0.0
0.0,5566.0,3001.0,1440.0,0.0,4635.0,4635.0,977.0,463.0,3001.0,0.0
0.0,2565.0,3105.0,1500.0,0.0,7500.0,7500.0,1037.0,463.0,3105.0,0.0
0.0,0.0,2163.0,1532.0,1379.0,7660.0,7660.0,1078.0,454.0,2163.0,0.0
0.0,0.0,182.0,1520.0,4635.0,4471.0,4471.0,1082.0,438.0,182.0,0.0
0.0,3129.0,49.0,1495.0,7500.0,0.0,0.0,1082.0,413.0,0.0,49.0
0.0,10580.0,495.0,1480.0,7660.0,0.0,0.0,1082.0,398.0,0.0,495.0
0.0,17745.0,940.0,1465.0,4471.0,0.0,0.0,1065.0,400.0,0.0,940.0
0.0,21276.0,1332.0,1454.0,0.0,0.0,0.0,1029.0,425.0,0.0,1332.0
0.0,19944.0,1278.0,1423.0,0.0,0.0,0.0,973.0,450.0,0.0,1278.0
0.0,18666.0,1742.0,1397.0,0.0,0.0,0.0,932.0,465.0,967.0,775.0
0.0,16924.0,1992.0,1394.0,0.0,0.0,0.0,929.0,465.0,1992.0,0.0
0.0,14932.0,3032.0,1447.0,0.0,0.0,0.0,982.0,465.0,3032.0,0.0
0.0,11900.0,3120.0,1506.0,0.0,0.0,0.0,1042.0,464.0,3120.0,0.0
0.0,8780.0,2179.0,1540.0,0.0,1099.0,1099.0,1084.0,456.0,2179.0,0.0
0.0,6601.0,187.0,1526.0,0.0,1216.0,1216.0,1087.0,439.0,187.0,0.0
0.0,6414.0,71.0,1502.0,0.0,1167.0,1167.0,1087.0,415.0,0.0,71.0
0.0,6343.0,510.0,1487.0,1099.0,503.0,503.0,1087.0,400.0,0.0,510.0
0.0,6932.0,950.0,1473.0,1216.0,167.0,167.0,1071.0,402.0,0.0,950.0
0.0,7198.0,1325.0,1462.0,1167.0,270.0,270.0,1035.0,427.0,0.0,1325.0
0.0,7040.0,1267.0,1431.0,503.0,879.0,879.0,979.0,452.0,0.0,1267.0
0.0,6276.0,1716.0,1405.0,167.0,2298.0,2298.0,939.0,466.0,940.0,776.0
0.0,4727.0,1988.0,1401.0,270.0,3996.0,3996.0,935.0,466.0,1988.0,0.0
0.0,3009.0,3025.0,1454.0,879.0,6407.0,6407.0,988.0,466.0,3025.0,0.0
0.0,863.0,3117.0,1514.0,2298.0,7526.0,7526.0,1048.0,466.0,3117.0,0.0
0.0,44.0,2165.0,1547.0,3996.0,5860.0,5860.0,1089.0,458.0,2165.0,0.0
0.0,1875.0,185.0,1534.0,6407.0,0.0,0.0,1093.0,441.0,185.0,0.0
0.0,8097.0,92.0,1510.0,7526.0,0.0,0.0,1093.0,417.0,0.0,92.0
0.0,15531.0,544.0,1496.0,5860.0,0.0,0.0,1093.0,403.0,0.0,544.0
0.0,20847.0,991.0,1481.0,0.0,0.0,0.0,1075.0,406.0,0.0,991.0
0.0,19856.0,1347.0,1469.0,0.0,0.0,0.0,1038.0,431.0,0.0,1347.0
0.0,18509.0,1243.0,1435.0,0.0,0.0,0.0,980.0,455.0,0.0,1243.0
0.0,17266.0,1696.0,1409.0,0.0,0.0,0.0,940.0,469.0,1003.0,693.0
0.0,15570.0,2053.0,1407.0,0.0,0.0,0.0,938.0,469.0,2053.0,0.0
0.0,13517.0,3119.0,1463.0,0.0,0.0,0.0,994.0,469.0,3119.0,0.0
0.0,10398.0,3175.0,1523.0,0.0,392.0,392.0,1055.0,468.0,3175.0,0.0
0.0,7223.0,2176.0,1556.0,0.0,2733.0,2733.0,1097.0,459.0,2176.0,0.0
0.0,5047.0,105.0,1541.0,0.0,2763.0,2763.0,1099.0,442.0,105.0,0.0
0.0,4942.0,120.0,1518.0,392.0,2376.0,2376.0,1099.0,419.0,0.0,120.0
0.0,5214.0,567.0,1504.0,2733.0,140.0,140.0,1099.0,405.0,0.0,567.0
0.0,7380.0,1014.0,1490.0,2763.0,0.0,0.0,1082.0,408.0,0.0,1014.0
0.0,9129.0,1351.0,1479.0,2376.0,0.0,0.0,1045.0,434.0,0.0,1351.0
0.0,10154.0,1240.0,1447.0,140.0,0.0,0.0,989.0,458.0,0.0,1240.0
0.0,9054.0,1641.0,1420.0,0.0,0.0,0.0,949.0,471.0,962.0,679.0
0.0,7413.0,2018.0,1417.0,0.0,1690.0,1690.0,946.0,471.0,2018.0,0.0
0.0,5395.0,3054.0,1469.0,0.0,5004.0,5004.0,998.0,471.0,3054.0,0.0
0.0,2341.0,3140.0,1529.0,0.0,7645.0,7645.0,1059.0,470.0,3140.0,0.0
0.0,0.0,2179.0,1562.0,1690.0,7810.0,7810.0,1101.0,461.0,2179.0,0.0
0.0,0.0,195.0,1548.0,5004.0,4219.0,4219.0,1104.0,444.0,195.0,0.0
0.0,3521.0,113.0,1524.0,7645.0,0.0,0.0,1104.0,420.0,0.0,113.0
0.0,11053.0,576.0,1511.0,7810.0,0.0,0.0,1104.0,407.0,0.0,576.0
0.0,18287.0,1028.0,1497.0,4219.0,0.0,0.0,1086.0,411.0,0.0,1028.0
0.0,21478.0,1369.0,1486.0,0.0,0.0,0.0,1049.0,437.0,0.0,1369.0
0.0,20109.0,1243.0,1452.0,0.0,0.0,0.0,991.0,461.0,0.0,1243.0
0.0,18866.0,1700.0,1425.0,0.0,0.0,0.0,951.0,474.0,1030.0,670.0
0.0,17166.0,2101.0,1424.0,0.0,0.0,0.0,950.0,474.0,2101.0,0.0
0.0,15065.0,3174.0,1481.0,0.0,0.0,0.0,1007.0,474.0,3174.0,0.0
0.0,11891.0,3198.0,1542.0,0.0,0.0,0.0,1069.0,473.0,3198.0,0.0
0.0,8693.0,2162.0,1574.0,0.0,1339.0,1339.0,1110.0,464.0,2162.0,0.0
0.0,6531.0,34.0,1556.0,0.0,1283.0,1283.0,1111.0,445.0,34.0,0.0
0.0,6497.0,123.0,1533.0,0.0,1291.0,1291.0,1111.0,422.0,0.0,123.0
0.0,6374.0,577.0,1520.0,1339.0,464.0,464.0,1111.0,409.0,0.0,577.0
0.0,7136.0,1036.0,1506.0,1283.0,147.0,147.0,1092.0,414.0,0.0,1036.0
0.0,7383.0,1375.0,1494.0,1291.0,171.0,171.0,1054.0,440.0,0.0,1375.0
0.0,7299.0,1257.0,1460.0,464.0,794.0,794.0,996.0,464.0,0.0,1257.0
0.0,6506.0,1685.0,1432.0,147.0,2192.0,2192.0,955.0,477.0,1009.0,676.0
0.0,4968.0,2064.0,1430.0,171.0,4075.0,4075.0,953.0,477.0,2064.0,0.0
0.0,3075.0,3115.0,1486.0,794.0,6676.0,6676.0,1009.0,477.0,3115.0,0.0
0.0,754.0,3166.0,1546.0,2192.0,7730.0,7730.0,1070.0,476.0,3166.0,0.0
0.0,0.0,2177.0,1578.0,4075.0,6212.0,6212.0,1112.0,466.0,2177.0,0.0
0.0,1678.0,138.0,1563.0,6676.0,0.0,0.0,1115.0,448.0,138.0,0.0
0.0,8216.0,115.0,1540.0,7730.0,0.0,0.0,1115.0,425.0,0.0,115.0
0.0,15831.0,569.0,1526.0,6212.0,0.0,0.0,1115.0,411.0,0.0,569.0
0.0,21474.0,1025.0,1513.0,0.0,0.0,0.0,1097.0,416.0,0.0,1025.0
0.0,20449.0,1365.0,1500.0,0.0,0.0,0.0,1058.0,442.0,0.0,1365.0
0.0,19084.0,1253.0,1466.0,0.0,0.0,0.0,1000.0,466.0,0.0,1253.0
0.0,17831.0,1747.0,1441.0,0.0,0.0,0.0,961.0,480.0,1060.0,687.0
0.0,16084.0,2145.0,1440.0,0.0,0.0,0.0,960.0,480.0,2145.0,0.0
0.0,13939.0,3212.0,1499.0,0.0,0.0,0.0,1019.0,480.0,3212.0,0.0
0.0,10727.0,3215.0,1558.0,0.0,278.0,278.0,1080.0,478.0,3215.0,0.0
0.0,7512.0,2125.0,1588.0,0.0,2553.0,2553.0,1121.0,467.0,2125.0,0.0
0.0,5387.0,0.0,1569.0,0.0,2458.0,2458.0,1121.0,448.0,0.0,0.0
0.0,5387.0,128.0,1546.0,278.0,2193.0,2193.0,1121.0,425.0,0.0,128.0
0.0,5537.0,596.0,1533.0,2553.0,171.0,171.0,1121.0,412.0,0.0,596.0
0.0,7494.0,1058.0,1521.0,2458.0,0.0,0.0,1102.0,419.0,0.0,1058.0
0.0,8894.0,1391.0,1508.0,2193.0,0.0,0.0,1062.0,446.0,0.0,1391.0
0.0,9696.0,1257.0,1472.0,171.0,0.0,0.0,1002.0,470.0,0.0,1257.0
0.0,8610.0,1714.0,1445.0,0.0,329.0,329.0,962.0,483.0,1064.0,650.0
0.0,6896.0,2131.0,1444.0,0.0,2455.0,2455.0,961.0,483.0,2131.0,0.0
0.0,4765.0,3206.0,1504.0,0.0,5961.0,5961.0,1021.0,483.0,3206.0,0.0
0.0,1559.0,3232.0,1564.0,329.0,7820.0,7820.0,1083.0,481.0,3232.0,0.0
0.0,0.0,2177.0,1595.0,2455.0,7975.0,7975.0,1125.0,470.0,2177.0,0.0
0.0,0.0,57.0,1576.0,5961.0,3042.0,3042.0,1126.0,450.0,57.0,0.0
0.0,4838.0,125.0,1553.0,7820.0,0.0,0.0,1126.0,427.0,0.0,125.0
0.0,12533.0,580.0,1540.0,7975.0,0.0,0.0,1126.0,414.0,0.0,580.0
0.0,19928.0,1037.0,1528.0,3042.0,0.0,0.0,1107.0,421.0,0.0,1037.0
0.0,21933.0,1374.0,1515.0,0.0,0.0,0.0,1068.0,447.0,0.0,1374.0
0.0,20559.0,1266.0,1482.0,0.0,0.0,0.0,1010.0,472.0,0.0,1266.0
0.0,19293.0,1763.0,1455.0,0.0,0.0,0.0,970.0,485.0,1068.0,695.0
0.0,17530.0,2135.0,1454.0,0.0,0.0,0.0,969.0,485.0,2135.0,0.0
0.0,15395.0,3225.0,1512.0,0.0,0.0,0.0,1027.0,485.0,3225.0,0.0
0.0,12170.0,3230.0,1572.0,0.0,0.0,0.0,1089.0,483.0,3230.0,0.0
0.0,8940.0,2154.0,1603.0,0.0,1229.0,1229.0,1131.0,472.0,2154.0,0.0
0.0,6786.0,12.0,1583.0,0.0,1141.0,1141.0,1131.0,452.0,12.0,0.0
0.0,6774.0,124.0,1559.0,0.0,1145.0,1145.0,1131.0,428.0,0.0,124.0
0.0,6650.0,593.0,1546.0,1229.0,444.0,444.0,1131.0,415.0,0.0,593.0
0.0,7286.0,1062.0,1534.0,1141.0,305.0,305.0,1111.0,423.0,0.0,1062.0
0.0,7365.0,1403.0,1521.0,1145.0,498.0,498.0,1071.0,450.0,0.0,1403.0
0.0,7107.0,1324.0,1485.0,444.0,1198.0,1198.0,1011.0,474.0,49.0,1275.0
0.0,6227.0,1794.0,1458.0,305.0,2552.0,2552.0,971.0,487.0,1122.0,672.0
0.0,4738.0,2215.0,1459.0,498.0,4274.0,4274.0,972.0,487.0,2215.0,0.0
0.0,3021.0,3271.0,1521.0,1198.0,6657.0,6657.0,1034.0,487.0,3271.0,0.0
0.0,948.0,3247.0,1582.0,2552.0,7657.0,7657.0,1097.0,485.0,3247.0,0.0
0.0,253.0,2119.0,1611.0,4274.0,5647.0,5647.0,1137.0,474.0,2119.0,0.0
0.0,2408.0,0.0,1591.0,6657.0,0.0,0.0,1137.0,454.0,0.0,0.0
0.0,9065.0,117.0,1567.0,7657.0,0.0,0.0,1137.0,430.0,0.0,117.0
0.0,16605.0,575.0,1554.0,5647.0,0.0,0.0,1137.0,417.0,0.0,575.0
0.0,21677.0,1038.0,1542.0,0.0,0.0,0.0,1118.0,424.0,0.0,1038.0
0.0,20639.0,1389.0,1528.0,0.0,0.0,0.0,1078.0,450.0,0.0,1389.0
0.0,19250.0,1301.0,1494.0,0.0,0.0,0.0,1019.0,475.0,12.0,1289.0
0.0,17949.0,1820.0,1468.0,0.0,0.0,0.0,979.0,489.0,1102.0,718.0
0.0,16129.0,2192.0,1468.0,0.0,0.0,0.0,979.0,489.0,2192.0,0.0
0.0,13937.0,3257.0,1528.0,0.0,0.0,0.0,1039.0,489.0,3257.0,0.0
0.0,10680.0,3238.0,1588.0,0.0,498.0,498.0,1101.0,487.0,3238.0,0.0
0.0,7442.0,2139.0,1619.0,0.0,2792.0,2792.0,1143.0,476.0,2139.0,0.0
0.0,5303.0,0.0,1599.0,0.0,2692.0,2692.0,1143.0,456.0,0.0,0.0
0.0,5303.0,122.0,1575.0,498.0,2196.0,2196.0,1143.0,432.0,0.0,122.0
0.0,5679.0,590.0,1562.0,2792.0,0.0,0.0,1143.0,419.0,0.0,590.0
0.0,7881.0,1059.0,1549.0,2692.0,0.0,0.0,1122.0,427.0,0.0,1059.0
0.0,9514.0,1402.0,1535.0,2196.0,0.0,0.0,1081.0,454.0,0.0,1402.0
0.0,10308.0,1353.0,1499.0,0.0,0.0,0.0,1021.0,478.0,74.0,1279.0
0.0,8955.0,1854.0,1472.0,0.0,259.0,259.0,981.0,491.0,1163.0,691.0
0.0,7101.0,2274.0,1475.0,0.0,2548.0,2548.0,984.0,491.0,2274.0,0.0
0.0,4827.0,3304.0,1538.0,0.0,6167.0,6167.0,1047.0,491.0,3304.0,0.0
0.0,1523.0,3243.0,1599.0,259.0,7995.0,7995.0,1110.0,489.0,3243.0,0.0
0.0,0.0,2064.0,1628.0,2548.0,8140.0,8140.0,1150.0,478.0,2064.0,0.0
0.0,0.0,0.0,1607.0,6167.0,2845.0,2845.0,1150.0,457.0,0.0,0.0
0.0,5190.0,133.0,1583.0,7995.0,0.0,0.0,1150.0,433.0,0.0,133.0
0.0,13052.0,604.0,1570.0,8140.0,0.0,0.0,1150.0,420.0,0.0,604.0
0.0,20588.0,1077.0,1558.0,2845.0,0.0,0.0,1129.0,429.0,0.0,1077.0
0.0,22356.0,1419.0,1544.0,0.0,0.0,0.0,1088.0,456.0,0.0,1419.0
0.0,20937.0,1336.0,1508.0,0.0,0.0,0.0,1027.0,481.0,50.0,1286.0
0.0,19601.0,1831.0,1481.0,0.0,0.0,0.0,987.0,494.0,1153.0,678.0
0.0,17770.0,2244.0,1483.0,0.0,0.0,0.0,989.0,494.0,2244.0,0.0
0.0,15526.0,3276.0,1545.0,0.0,0.0,0.0,1051.0,494.0,3276.0,0.0
0.0,12250.0,3233.0,1604.0,0.0,0.0,0.0,1113.0,491.0,3233.0,0.0
0.0,9017.0,2095.0,1633.0,0.0,1243.0,1243.0,1153.0,480.0,2095.0,0.0
0.0,6922.0,0.0,1613.0,0.0,1143.0,1143.0,1153.0,460.0,0.0,0.0
0.0,6922.0,131.0,1589.0,0.0,1154.0,1154.0,1153.0,436.0,0.0,131.0
0.0,6791.0,599.0,1576.0,1243.0,445.0,445.0,1153.0,423.0,0.0,599.0
0.0,7435.0,1076.0,1564.0,1143.0,318.0,318.0,1133.0,431.0,0.0,1076.0
0.0,7502.0,1419.0,1549.0,1154.0,508.0,508.0,1091.0,458.0,0.0,1419.0
0.0,7237.0,1382.0,1514.0,445.0,1270.0,1270.0,1031.0,483.0,89.0,1293.0
0.0,6300.0,1904.0,1488.0,318.0,2726.0,2726.0,992.0,496.0,1206.0,698.0
0.0,4714.0,2324.0,1492.0,508.0,4562.0,4562.0,996.0,496.0,2324.0,0.0
0.0,2898.0,3339.0,1556.0,1270.0,6951.0,6951.0,1060.0,496.0,3339.0,0.0
0.0,829.0,3238.0,1616.0,2726.0,7763.0,7763.0,1122.0,494.0,3238.0,0.0
0.0,317.0,2019.0,1644.0,4562.0,5360.0,5360.0,1161.0,483.0,2019.0,0.0
0.0,2860.0,0.0,1623.0,6951.0,0.0,0.0,1161.0,462.0,0.0,0.0
0.0,9811.0,126.0,1599.0,7763.0,0.0,0.0,1161.0,438.0,0.0,126.0
0.0,17448.0,611.0,1585.0,5360.0,0.0,0.0,1160.0,425.0,0.0,611.0
0.0,22197.0,1088.0,1571.0,0.0,0.0,0.0,1138.0,433.0,0.0,1088.0
0.0,21109.0,1446.0,1556.0,0.0,0.0,0.0,1095.0,461.0,0.0,1446.0
0.0,19663.0,1380.0,1520.0,0.0,0.0,0.0,1034.0,486.0,77.0,1303.0
0.0,18283.0,1857.0,1493.0,0.0,0.0,0.0,994.0,499.0,1170.0,687.0
0.0,16426.0,2274.0,1496.0,0.0,0.0,0.0,997.0,499.0,2274.0,0.0
0.0,14152.0,3302.0,1560.0,0.0,0.0,0.0,1061.0,499.0,3302.0,0.0
0.0,10850.0,3252.0,1620.0,0.0,502.0,502.0,1123.0,497.0,3252.0,0.0
0.0,7598.0,2094.0,1649.0,0.0,2741.0,2741.0,1163.0,486.0,2094.0,0.0
0.0,5504.0,0.0,1629.0,0.0,2641.0,2641.0,1163.0,466.0,0.0,0.0
0.0,5504.0,119.0,1604.0,502.0,2133.0,2133.0,1163.0,441.0,0.0,119.0
0.0,5887.0,593.0,1591.0,2741.0,0.0,0.0,1163.0,428.0,0.0,593.0
0.0,8035.0,1064.0,1576.0,2641.0,0.0,0.0,1142.0,434.0,0.0,1064.0
0.0,9612.0,1429.0,1562.0,2133.0,0.0,0.0,1100.0,462.0,0.0,1429.0
0.0,10316.0,1420.0,1526.0,0.0,0.0,0.0,1039.0,487.0,100.0,1320.0
0.0,8896.0,1961.0,1501.0,0.0,570.0,570.0,1000.0,501.0,1227.0,734.0
0.0,6935.0,2330.0,1505.0,0.0,2920.0,2920.0,1004.0,501.0,2330.0,0.0
0.0,4605.0,3354.0,1570.0,0.0,6599.0,6599.0,1069.0,501.0,3354.0,0.0
0.0,1251.0,3233.0,1630.0,570.0,8150.0,8150.0,1131.0,499.0,3233.0,0.0
0.0,0.0,2011.0,1657.0,2920.0,8285.0,8285.0,1169.0,488.0,2011.0,0.0
0.0,0.0,0.0,1636.0,6599.0,2084.0,2084.0,1169.0,467.0,0.0,0.0
0.0,6096.0,118.0,1612.0,8150.0,0.0,0.0,1169.0,443.0,0.0,118.0
0.0,14128.0,603.0,1598.0,8285.0,0.0,0.0,1168.0,430.0,0.0,603.0
0.0,21810.0,1085.0,1583.0,2084.0,0.0,0.0,1146.0,437.0,0.0,1085.0
0.0,22809.0,1444.0,1567.0,0.0,0.0,0.0,1102.0,465.0,0.0,1444.0
0.0,21365.0,1446.0,1531.0,0.0,0.0,0.0,1041.0,490.0,124.0,1322.0
0.0,19919.0,1936.0,1506.0,0.0,0.0,0.0,1002.0,504.0,1225.0,711.0
0.0,17983.0,2343.0,1511.0,0.0,0.0,0.0,1007.0,504.0,2343.0,0.0
0.0,15640.0,3360.0,1576.0,0.0,0.0,0.0,1072.0,504.0,3360.0,0.0
0.0,12280.0,3270.0,1637.0,0.0,0.0,0.0,1135.0,502.0,3270.0,0.0
0.0,9010.0,2047.0,1664.0,0.0,1357.0,1357.0,1174.0,490.0,2047.0,0.0
0.0,6963.0,0.0,1643.0,0.0,1252.0,1252.0,1174.0,469.0,0.0,0.0
0.0,6963.0,131.0,1618.0,0.0,1258.0,1258.0,1174.0,444.0,0.0,131.0
0.0,6832.0,609.0,1604.0,1357.0,440.0,440.0,1173.0,431.0,0.0,609.0
0.0,7580.0,1089.0,1590.0,1252.0,207.0,207.0,1151.0,439.0,0.0,1089.0
0.0,7743.0,1444.0,1575.0,1258.0,318.0,318.0,1108.0,467.0,0.0,1444.0
0.0,7557.0,1431.0,1540.0,440.0,1134.0,1134.0,1047.0,493.0,108.0,1323.0
0.0,6566.0,1955.0,1515.0,207.0,2757.0,2757.0,1009.0,506.0,1233.0,722.0
0.0,4818.0,2352.0,1519.0,318.0,4811.0,4811.0,1013.0,506.0,2352.0,0.0
0.0,2784.0,3370.0,1584.0,1134.0,7372.0,7372.0,1078.0,506.0,3370.0,0.0
0.0,548.0,3253.0,1645.0,2757.0,8173.0,8173.0,1141.0,504.0,3253.0,0.0
0.0,52.0,2025.0,1672.0,4811.0,5522.0,5522.0,1180.0,492.0,2025.0,0.0
0.0,2838.0,0.0,1652.0,7372.0,0.0,0.0,1180.0,472.0,0.0,0.0
0.0,10210.0,129.0,1627.0,8173.0,0.0,0.0,1180.0,447.0,0.0,129.0
0.0,18254.0,609.0,1612.0,5522.0,0.0,0.0,1178.0,434.0,0.0,609.0
0.0,23167.0,1094.0,1596.0,0.0,0.0,0.0,1155.0,441.0,0.0,1094.0
0.0,22073.0,1447.0,1579.0,0.0,0.0,0.0,1110.0,469.0,0.0,1447.0
0.0,20626.0,1456.0,1543.0,0.0,0.0,0.0,1048.0,495.0,131.0,1325.0
0.0,19170.0,1977.0,1519.0,0.0,0.0,0.0,1011.0,508.0,1263.0,714.0
0.0,17193.0,2396.0,1526.0,0.0,0.0,0.0,1018.0,508.0,2396.0,0.0
0.0,14797.0,3406.0,1591.0,0.0,0.0,0.0,1083.0,508.0,3406.0,0.0
0.0,11391.0,3277.0,1652.0,0.0,146.0,146.0,1146.0,506.0,3277.0,0.0
0.0,8114.0,2004.0,1679.0,0.0,2285.0,2285.0,1185.0,494.0,2004.0,0.0
0.0,6110.0,0.0,1658.0,0.0,2180.0,2180.0,1185.0,473.0,0.0,0.0
0.0,6110.0,141.0,1633.0,146.0,2050.0,2050.0,1185.0,448.0,0.0,141.0
0.0,6115.0,628.0,1618.0,2285.0,318.0,318.0,1183.0,435.0,0.0,628.0
0.0,7772.0,1118.0,1605.0,2180.0,0.0,0.0,1161.0,444.0,0.0,1118.0
0.0,8834.0,1472.0,1589.0,2050.0,0.0,0.0,1117.0,472.0,0.0,1472.0
0.0,9412.0,1467.0,1553.0,318.0,0.0,0.0,1056.0,497.0,136.0,1331.0
0.0,8263.0,1979.0,1529.0,0.0,1361.0,1361.0,1018.0,511.0,1281.0,698.0
0.0,6284.0,2407.0,1535.0,0.0,3798.0,3798.0,1024.0,511.0,2407.0,0.0
0.0,3877.0,3402.0,1601.0,0.0,7530.0,7530.0,1090.0,511.0,3402.0,0.0
0.0,475.0,3259.0,1661.0,1361.0,8305.0,8305.0,1152.0,509.0,3259.0,0.0
0.0,0.0,2003.0,1688.0,3798.0,8068.0,8068.0,1191.0,497.0,2003.0,0.0
0.0,372.0,0.0,1668.0,7530.0,438.0,438.0,1191.0,477.0,0.0,0.0
0.0,7902.0,122.0,1643.0,8305.0,0.0,0.0,1191.0,452.0,0.0,122.0
0.0,16085.0,604.0,1627.0,8068.0,0.0,0.0,1189.0,438.0,0.0,604.0
0.0,23549.0,1095.0,1610.0,438.0,0.0,0.0,1165.0,445.0,0.0,1095.0
0.0,22892.0,1463.0,1594.0,0.0,0.0,0.0,1121.0,473.0,0.0,1463.0
0.0,21429.0,1494.0,1558.0,0.0,0.0,0.0,1059.0,499.0,148.0,1346.0
0.0,19935.0,2040.0,1535.0,0.0,0.0,0.0,1022.0,513.0,1298.0,742.0
0.0,17895.0,2450.0,1543.0,0.0,0.0,0.0,1030.0,513.0,2450.0,0.0
0.0,15445.0,3437.0,1609.0,0.0,0.0,0.0,1096.0,513.0,3437.0,0.0
0.0,12008.0,3272.0,1670.0,0.0,0.0,0.0,1159.0,511.0,3272.0,0.0
0.0,8736.0,1954.0,1696.0,0.0,1698.0,1698.0,1197.0,499.0,1954.0,0.0
0.0,6782.0,0.0,1675.0,0.0,1593.0,1593.0,1197.0,478.0,0.0,0.0
0.0,6782.0,119.0,1650.0,0.0,1587.0,1587.0,1197.0,453.0,0.0,119.0
0.0,6663.0,620.0,1633.0,1698.0,424.0,424.0,1194.0,439.0,0.0,620.0
0.0,7741.0,1111.0,1618.0,1593.0,0.0,0.0,1171.0,447.0,0.0,1111.0
0.0,8223.0,1480.0,1602.0,1587.0,0.0,0.0,1126.0,476.0,0.0,1480.0
0.0,8330.0,1499.0,1565.0,424.0,570.0,570.0,1064.0,501.0,148.0,1351.0
0.0,7255.0,2021.0,1541.0,0.0,2471.0,2471.0,1026.0,515.0,1295.0,726.0
0.0,5234.0,2431.0,1548.0,0.0,4937.0,4937.0,1033.0,515.0,2431.0,0.0
0.0,2803.0,3427.0,1614.0,570.0,8070.0,8070.0,1099.0,515.0,3427.0,0.0
0.0,0.0,3294.0,1676.0,2471.0,8380.0,8380.0,1163.0,513.0,3294.0,0.0
0.0,0.0,2026.0,1703.0,4937.0,6481.0,6481.0,1202.0,501.0,2026.0,0.0
0.0,2034.0,0.0,1682.0,8070.0,0.0,0.0,1202.0,480.0,0.0,0.0
0.0,10104.0,131.0,1657.0,8380.0,0.0,0.0,1202.0,455.0,0.0,131.0
0.0,18353.0,621.0,1642.0,6481.0,0.0,0.0,1200.0,442.0,0.0,621.0
0.0,24213.0,1107.0,1625.0,0.0,0.0,0.0,1176.0,449.0,0.0,1107.0
0.0,23106.0,1468.0,1608.0,0.0,0.0,0.0,1131.0,477.0,0.0,1468.0
0.0,21638.0,1493.0,1572.0,0.0,0.0,0.0,1069.0,503.0,150.0,1343.0
0.0,20145.0,2053.0,1548.0,0.0,0.0,0.0,1031.0,517.0,1314.0,739.0
0.0,18092.0,2464.0,1557.0,0.0,0.0,0.0,1040.0,517.0,2464.0,0.0
0.0,15628.0,3459.0,1623.0,0.0,0.0,0.0,1106.0,517.0,3459.0,0.0
0.0,12169.0,3295.0,1685.0,0.0,0.0,0.0,1170.0,515.0,3295.0,0.0
0.0,8874.0,1966.0,1711.0,0.0,1647.0,1647.0,1208.0,503.0,1966.0,0.0
0.0,6908.0,0.0,1690.0,0.0,1542.0,1542.0,1208.0,482.0,0.0,0.0
0.0,6908.0,145.0,1665.0,0.0,1562.0,1562.0,1208.0,457.0,0.0,145.0
0.0,6763.0,644.0,1649.0,1647.0,479.0,479.0,1205.0,444.0,0.0,644.0
0.0,7766.0,1142.0,1633.0,1542.0,0.0,0.0,1181.0,452.0,0.0,1142.0
0.0,8166.0,1488.0,1616.0,1562.0,0.0,0.0,1135.0,481.0,0.0,1488.0
0.0,8240.0,1527.0,1579.0,479.0,703.0,703.0,1073.0,506.0,185.0,1342.0
0.0,7192.0,2015.0,1555.0,0.0,2598.0,2598.0,1035.0,520.0,1326.0,689.0
0.0,5177.0,2476.0,1564.0,0.0,5119.0,5119.0,1044.0,520.0,2476.0,0.0
0.0,2701.0,3461.0,1631.0,703.0,8155.0,8155.0,1111.0,520.0,3461.0,0.0
0.0,0.0,3309.0,1691.0,2598.0,8455.0,8455.0,1174.0,517.0,3309.0,0.0
0.0,0.0,1990.0,1718.0,5119.0,6229.0,6229.0,1213.0,505.0,1990.0,0.0
0.0,2361.0,0.0,1696.0,8155.0,0.0,0.0,1213.0,483.0,0.0,0.0
0.0,10516.0,154.0,1671.0,8455.0,0.0,0.0,1213.0,458.0,0.0,154.0
0.0,18817.0,648.0,1655.0,6229.0,0.0,0.0,1210.0,445.0,0.0,648.0
0.0,24398.0,1140.0,1639.0,0.0,0.0,0.0,1186.0,453.0,0.0,1140.0
0.0,23258.0,1488.0,1621.0,0.0,0.0,0.0,1139.0,482.0,0.0,1488.0
0.0,21770.0,1535.0,1585.0,0.0,0.0,0.0,1077.0,508.0,188.0,1347.0
0.0,20235.0,2056.0,1563.0,0.0,0.0,0.0,1041.0,522.0,1349.0,707.0
0.0,18179.0,2508.0,1572.0,0.0,0.0,0.0,1050.0,522.0,2508.0,0.0
0.0,15671.0,3460.0,1639.0,0.0,0.0,0.0,1117.0,522.0,3460.0,0.0
0.0,12211.0,3267.0,1699.0,0.0,0.0,0.0,1180.0,519.0,3267.0,0.0
0.0,8944.0,1933.0,1725.0,0.0,1614.0,1614.0,1217.0,508.0,1933.0,0.0
0.0,7011.0,0.0,1704.0,0.0,1509.0,1509.0,1217.0,487.0,0.0,0.0
0.0,7011.0,154.0,1678.0,0.0,1533.0,1533.0,1217.0,461.0,0.0,154.0
0.0,6857.0,655.0,1662.0,1614.0,494.0,494.0,1214.0,448.0,0.0,655.0
0.0,7816.0,1158.0,1645.0,1509.0,58.0,58.0,1189.0,456.0,0.0,1158.0
0.0,8167.0,1499.0,1627.0,1533.0,0.0,0.0,1142.0,485.0,0.0,1499.0
0.0,8201.0,1624.0,1592.0,494.0,889.0,889.0,1081.0,511.0,279.0,1345.0
0.0,7071.0,2136.0,1570.0,58.0,2857.0,2857.0,1046.0,524.0,1452.0,684.0
0.0,4993.0,2625.0,1583.0,0.0,5547.0,5547.0,1059.0,524.0,2625.0,0.0
0.0,2368.0,3514.0,1651.0,889.0,8255.0,8255.0,1127.0,524.0,3514.0,0.0
0.0,0.0,3229.0,1711.0,2857.0,8555.0,8555.0,1189.0,522.0,3229.0,0.0
0.0,0.0,1771.0,1733.0,5547.0,5518.0,5518.0,1223.0,510.0,1771.0,0.0
0.0,3147.0,0.0,1711.0,8255.0,0.0,0.0,1223.0,488.0,0.0,0.0
0.0,11402.0,159.0,1686.0,8555.0,0.0,0.0,1223.0,463.0,0.0,159.0
0.0,19798.0,658.0,1670.0,5518.0,0.0,0.0,1220.0,450.0,0.0,658.0
0.0,24658.0,1166.0,1653.0,0.0,0.0,0.0,1195.0,458.0,0.0,1166.0
0.0,23492.0,1510.0,1635.0,0.0,0.0,0.0,1148.0,487.0,0.0,1510.0
0.0,21982.0,1607.0,1601.0,0.0,0.0,0.0,1088.0,513.0,260.0,1347.0
0.0,20375.0,2102.0,1578.0,0.0,0.0,0.0,1052.0,526.0,1422.0,680.0
0.0,18273.0,2585.0,1588.0,0.0,0.0,0.0,1062.0,526.0,2585.0,0.0
0.0,15688.0,3480.0,1655.0,0.0,0.0,0.0,1129.0,526.0,3480.0,0.0
0.0,12208.0,3232.0,1715.0,0.0,0.0,0.0,1191.0,524.0,3232.0,0.0
0.0,8976.0,1844.0,1739.0,0.0,1563.0,1563.0,1227.0,512.0,1844.0,0.0
0.0,7132.0,0.0,1717.0,0.0,1453.0,1453.0,1227.0,490.0,0.0,0.0
0.0,7132.0,156.0,1692.0,0.0,1484.0,1484.0,1227.0,465.0,0.0,156.0
0.0,6976.0,663.0,1676.0,1563.0,504.0,504.0,1224.0,452.0,0.0,663.0
0.0,7876.0,1154.0,1659.0,1453.0,120.0,120.0,1199.0,460.0,0.0,1154.0
0.0,8175.0,1506.0,1640.0,1484.0,47.0,47.0,1151.0,489.0,0.0,1506.0
0.0,8153.0,1674.0,1606.0,504.0,1047.0,1047.0,1091.0,515.0,324.0,1350.0
0.0,6983.0,2216.0,1585.0,120.0,3038.0,3038.0,1057.0,528.0,1512.0,704.0
0.0,4887.0,2700.0,1599.0,47.0,5761.0,5761.0,1071.0,528.0,2700.0,0.0
0.0,2234.0,3549.0,1667.0,1047.0,8335.0,8335.0,1139.0,528.0,3549.0,0.0
0.0,0.0,3219.0,1727.0,3038.0,8635.0,8635.0,1201.0,526.0,3219.0,0.0
0.0,0.0,1683.0,1746.0,5761.0,5101.0,5101.0,1233.0,513.0,1683.0,0.0
0.0,3629.0,0.0,1724.0,8335.0,0.0,0.0,1233.0,491.0,0.0,0.0
0.0,11964.0,164.0,1699.0,8635.0,0.0,0.0,1233.0,466.0,0.0,164.0
0.0,20435.0,677.0,1683.0,5101.0,0.0,0.0,1230.0,453.0,0.0,677.0
0.0,24859.0,1188.0,1667.0,0.0,0.0,0.0,1204.0,463.0,0.0,1188.0
0.0,23671.0,1528.0,1649.0,0.0,0.0,0.0,1157.0,492.0,0.0,1528.0
0.0,22143.0,1694.0,1615.0,0.0,0.0,0.0,1097.0,518.0,342.0,1352.0
0.0,20449.0,2186.0,1593.0,0.0,0.0,0.0,1062.0,531.0,1523.0,663.0
0.0,18263.0,2692.0,1607.0,0.0,0.0,0.0,1076.0,531.0,2692.0,0.0
0.0,15571.0,3527.0,1675.0,0.0,0.0,0.0,1144.0,531.0,3527.0,0.0
0.0,12044.0,3203.0,1733.0,0.0,0.0,0.0,1205.0,528.0,3203.0,0.0
0.0,8841.0,1713.0,1753.0,0.0,1637.0,1637.0,1238.0,515.0,1713.0,0.0
0.0,7128.0,0.0,1732.0,0.0,1532.0,1532.0,1238.0,494.0,0.0,0.0
0.0,7128.0,172.0,1706.0,0.0,1574.0,1574.0,1238.0,468.0,0.0,172.0
0.0,6956.0,673.0,1690.0,1637.0,530.0,530.0,1235.0,455.0,0.0,673.0
0.0,7920.0,1175.0,1673.0,1532.0,88.0,88.0,1209.0,464.0,0.0,1175.0
0.0,8277.0,1509.0,1653.0,1574.0,0.0,0.0,1160.0,493.0,0.0,1509.0
0.0,8342.0,1718.0,1620.0,530.0,946.0,946.0,1101.0,519.0,369.0,1349.0
0.0,7154.0,2256.0,1600.0,88.0,3014.0,3014.0,1068.0,532.0,1569.0,687.0
0.0,4986.0,2754.0,1616.0,0.0,5848.0,5848.0,1084.0,532.0,2754.0,0.0
0.0,2232.0,3574.0,1685.0,946.0,8425.0,8425.0,1153.0,532.0,3574.0,0.0
0.0,0.0,3184.0,1743.0,3014.0,8715.0,8715.0,1214.0,529.0,3184.0,0.0
0.0,0.0,1605.0,1762.0,5848.0,5133.0,5133.0,1245.0,517.0,1605.0,0.0
0.0,3677.0,0.0,1740.0,8425.0,0.0,0.0,1245.0,495.0,0.0,0.0
0.0,12102.0,192.0,1714.0,8715.0,0.0,0.0,1245.0,469.0,0.0,192.0
0.0,20625.0,710.0,1697.0,5133.0,0.0,0.0,1240.0,457.0,0.0,710.0
0.0,25048.0,1222.0,1680.0,0.0,0.0,0.0,1212.0,468.0,0.0,1222.0
0.0,23826.0,1537.0,1658.0,0.0,0.0,0.0,1161.0,497.0,0.0,1537.0
0.0,22289.0,1731.0,1624.0,0.0,0.0,0.0,1101.0,523.0,401.0,1330.0
0.0,20558.0,2197.0,1604.0,0.0,0.0,0.0,1070.0,534.0,1586.0,611.0
0.0,18361.0,2782.0,1623.0,0.0,0.0,0.0,1089.0,534.0,2782.0,0.0
0.0,15579.0,3584.0,1692.0,0.0,0.0,0.0,1158.0,534.0,3584.0,0.0
0.0,11995.0,3201.0,1751.0,0.0,0.0,0.0,1220.0,531.0,3201.0,0.0
0.0,8794.0,1613.0,1770.0,0.0,1669.0,1669.0,1251.0,519.0,1613.0,0.0
0.0,7181.0,0.0,1747.0,0.0,1554.0,1554.0,1251.0,496.0,0.0,0.0
0.0,7181.0,204.0,1722.0,0.0,1633.0,1633.0,1251.0,471.0,0.0,204.0
0.0,6977.0,715.0,1705.0,1669.0,594.0,594.0,1246.0,459.0,0.0,715.0
0.0,7931.0,1225.0,1688.0,1554.0,180.0,180.0,1218.0,470.0,0.0,1225.0
0.0,8260.0,1534.0,1668.0,1633.0,0.0,0.0,1169.0,499.0,0.0,1534.0
0.0,8359.0,1734.0,1634.0,594.0,951.0,951.0,1109.0,525.0,402.0,1332.0
0.0,7219.0,2227.0,1615.0,180.0,2903.0,2903.0,1078.0,537.0,1600.0,627.0
0.0,5172.0,2795.0,1633.0,0.0,5788.0,5788.0,1096.0,537.0,2795.0,0.0
0.0,2377.0,3587.0,1702.0,951.0,8510.0,8510.0,1165.0,537.0,3587.0,0.0
0.0,0.0,3167.0,1760.0,2903.0,8800.0,8800.0,1226.0,534.0,3167.0,0.0
0.0,0.0,1569.0,1777.0,5788.0,5189.0,5189.0,1256.0,521.0,1569.0,0.0
0.0,3696.0,0.0,1755.0,8510.0,0.0,0.0,1256.0,499.0,0.0,0.0
0.0,12206.0,218.0,1730.0,8800.0,0.0,0.0,1256.0,474.0,0.0,218.0
0.0,20788.0,733.0,1712.0,5189.0,0.0,0.0,1250.0,462.0,0.0,733.0
0.0,25244.0,1247.0,1694.0,0.0,0.0,0.0,1221.0,473.0,0.0,1247.0
0.0,23997.0,1544.0,1671.0,0.0,0.0,0.0,1169.0,502.0,0.0,1544.0
0.0,22453.0,1752.0,1637.0,0.0,0.0,0.0,1109.0,528.0,427.0,1325.0
0.0,20701.0,2225.0,1618.0,0.0,0.0,0.0,1079.0,539.0,1634.0,591.0
0.0,18476.0,2846.0,1640.0,0.0,0.0,0.0,1101.0,539.0,2846.0,0.0
0.0,15630.0,3628.0,1710.0,0.0,0.0,0.0,1171.0,539.0,3628.0,0.0
0.0,12002.0,3190.0,1768.0,0.0,28.0,28.0,1232.0,536.0,3190.0,0.0
0.0,8812.0,1551.0,1785.0,0.0,1664.0,1664.0,1262.0,523.0,1551.0,0.0
0.0,7261.0,0.0,1762.0,0.0,1549.0,1549.0,1262.0,500.0,0.0,0.0
0.0,7261.0,227.0,1737.0,28.0,1623.0,1623.0,1262.0,475.0,0.0,227.0
0.0,7062.0,743.0,1718.0,1664.0,607.0,607.0,1255.0,463.0,0.0,743.0
0.0,7983.0,1265.0,1701.0,1549.0,238.0,238.0,1226.0,475.0,0.0,1265.0
0.0,8267.0,1555.0,1679.0,1623.0,60.0,60.0,1174.0,505.0,0.0,1555.0
0.0,8335.0,1748.0,1644.0,607.0,1026.0,1026.0,1114.0,530.0,419.0,1329.0
0.0,7194.0,2203.0,1625.0,238.0,2896.0,2896.0,1084.0,541.0,1627.0,576.0
0.0,5229.0,2834.0,1647.0,60.0,5780.0,5780.0,1106.0,541.0,2834.0,0.0
0.0,2455.0,3614.0,1716.0,1026.0,8580.0,8580.0,1175.0,541.0,3614.0,0.0
0.0,0.0,3208.0,1775.0,2896.0,8875.0,8875.0,1237.0,538.0,3208.0,0.0
0.0,0.0,1595.0,1793.0,5780.0,5225.0,5225.0,1268.0,525.0,1595.0,0.0
0.0,3740.0,0.0,1771.0,8580.0,0.0,0.0,1268.0,503.0,0.0,0.0
0.0,12320.0,230.0,1746.0,8875.0,0.0,0.0,1268.0,478.0,0.0,230.0
0.0,20965.0,748.0,1726.0,5225.0,0.0,0.0,1260.0,466.0,0.0,748.0
0.0,25442.0,1262.0,1708.0,0.0,0.0,0.0,1230.0,478.0,0.0,1262.0
0.0,24180.0,1551.0,1684.0,0.0,0.0,0.0,1177.0,507.0,0.0,1551.0
0.0,22629.0,1762.0,1650.0,0.0,0.0,0.0,1117.0,533.0,434.0,1328.0
0.0,20867.0,2253.0,1632.0,0.0,0.0,0.0,1088.0,544.0,1658.0,595.0
0.0,18614.0,2888.0,1656.0,0.0,0.0,0.0,1112.0,544.0,2888.0,0.0
0.0,15726.0,3670.0,1727.0,0.0,0.0,0.0,1183.0,544.0,3670.0,0.0
0.0,12056.0,3221.0,1786.0,0.0,95.0,95.0,1245.0,541.0,3221.0,0.0
0.0,8835.0,1531.0,1801.0,0.0,1701.0,1701.0,1274.0,527.0,1531.0,0.0
0.0,7304.0,0.0,1778.0,0.0,1586.0,1586.0,1274.0,504.0,0.0,0.0
0.0,7304.0,233.0,1752.0,95.0,1594.0,1594.0,1274.0,478.0,0.0,233.0
0.0,7166.0,757.0,1734.0,1701.0,560.0,560.0,1267.0,467.0,0.0,757.0
0.0,8110.0,1275.0,1716.0,1586.0,159.0,159.0,1236.0,480.0,0.0,1275.0
0.0,8421.0,1569.0,1693.0,1594.0,19.0,19.0,1183.0,510.0,0.0,1569.0
0.0,8446.0,1741.0,1658.0,560.0,1025.0,1025.0,1122.0,536.0,411.0,1330.0
0.0,7265.0,2200.0,1638.0,159.0,2966.0,2966.0,1091.0,547.0,1632.0,568.0
0.0,5224.0,2835.0,1662.0,19.0,5902.0,5902.0,1115.0,547.0,2835.0,0.0
0.0,2408.0,3642.0,1732.0,1025.0,8660.0,8660.0,1185.0,547.0,3642.0,0.0
0.0,0.0,3246.0,1790.0,2966.0,8950.0,8950.0,1247.0,543.0,3246.0,0.0
0.0,0.0,1633.0,1808.0,5902.0,5260.0,5260.0,1279.0,529.0,1633.0,0.0
0.0,3780.0,0.0,1785.0,8660.0,0.0,0.0,1279.0,506.0,0.0,0.0
0.0,12440.0,246.0,1760.0,8950.0,0.0,0.0,1279.0,481.0,0.0,246.0
0.0,21144.0,761.0,1741.0,5260.0,0.0,0.0,1271.0,470.0,0.0,761.0
0.0,25643.0,1280.0,1722.0,0.0,0.0,0.0,1240.0,482.0,0.0,1280.0
0.0,24363.0,1557.0,1698.0,0.0,0.0,0.0,1186.0,512.0,0.0,1557.0
0.0,22806.0,1750.0,1664.0,0.0,0.0,0.0,1126.0,538.0,420.0,1330.0
0.0,21056.0,2228.0,1645.0,0.0,0.0,0.0,1096.0,549.0,1649.0,579.0
0.0,18828.0,2865.0,1670.0,0.0,0.0,0.0,1121.0,549.0,2865.0,0.0
0.0,15963.0,3661.0,1741.0,0.0,0.0,0.0,1192.0,549.0,3661.0,0.0
0.0,12302.0,3231.0,1799.0,0.0,0.0,0.0,1254.0,545.0,3231.0,0.0
0.0,9071.0,1584.0,1815.0,0.0,1588.0,1588.0,1284.0,531.0,1584.0,0.0
0.0,7487.0,0.0,1791.0,0.0,1468.0,1468.0,1284.0,507.0,0.0,0.0
0.0,7487.0,259.0,1766.0,0.0,1602.0,1602.0,1284.0,482.0,0.0,259.0
0.0,7228.0,795.0,1748.0,1588.0,719.0,719.0,1276.0,472.0,0.0,795.0
0.0,8021.0,1326.0,1731.0,1468.0,492.0,492.0,1245.0,486.0,0.0,1326.0
0.0,8163.0,1595.0,1707.0,1602.0,365.0,365.0,1190.0,517.0,0.0,1595.0
0.0,8170.0,1778.0,1671.0,719.0,1244.0,1244.0,1129.0,542.0,461.0,1317.0
0.0,7111.0,2188.0,1652.0,492.0,2845.0,2845.0,1100.0,552.0,1679.0,509.0
0.0,5415.0,2908.0,1678.0,365.0,5518.0,5518.0,1126.0,552.0,2908.0,0.0
0.0,2872.0,3679.0,1749.0,1244.0,8308.0,8308.0,1197.0,552.0,3679.0,0.0
0.0,437.0,3243.0,1806.0,2845.0,8991.0,8991.0,1259.0,547.0,3243.0,0.0
0.0,39.0,1565.0,1822.0,5518.0,5118.0,5118.0,1289.0,533.0,1565.0,0.0
0.0,3992.0,0.0,1798.0,8308.0,0.0,0.0,1289.0,509.0,0.0,0.0
0.0,12300.0,254.0,1773.0,8991.0,0.0,0.0,1289.0,484.0,0.0,254.0
0.0,21037.0,781.0,1754.0,5118.0,0.0,0.0,1281.0,473.0,0.0,781.0
0.0,25374.0,1306.0,1737.0,0.0,0.0,0.0,1250.0,487.0,0.0,1306.0
0.0,24068.0,1583.0,1713.0,0.0,0.0,0.0,1195.0,518.0,0.0,1583.0
0.0,22485.0,1802.0,1678.0,0.0,0.0,0.0,1135.0,543.0,469.0,1333.0
0.0,20683.0,2274.0,1660.0,0.0,0.0,0.0,1106.0,554.0,1715.0,559.0
0.0,18409.0,2946.0,1686.0,0.0,0.0,0.0,1132.0,554.0,2946.0,0.0
0.0,15463.0,3698.0,1757.0,0.0,0.0,0.0,1203.0,554.0,3698.0,0.0
0.0,11765.0,3199.0,1815.0,0.0,509.0,509.0,1265.0,550.0,3199.0,0.0
0.0,8566.0,1488.0,1828.0,0.0,2062.0,2062.0,1293.0,535.0,1488.0,0.0
0.0,7078.0,0.0,1804.0,0.0,1942.0,1942.0,1293.0,511.0,0.0,0.0
0.0,7078.0,252.0,1779.0,509.0,1560.0,1560.0,1293.0,486.0,0.0,252.0
0.0,7335.0,783.0,1761.0,2062.0,191.0,191.0,1285.0,476.0,0.0,783.0
0.0,8614.0,1311.0,1742.0,1942.0,0.0,0.0,1253.0,489.0,0.0,1311.0
0.0,9245.0,1588.0,1718.0,1560.0,0.0,0.0,1198.0,520.0,0.0,1588.0
0.0,9217.0,1848.0,1683.0,191.0,855.0,855.0,1137.0,546.0,518.0,1330.0
0.0,7560.0,2303.0,1665.0,0.0,3068.0,3068.0,1109.0,556.0,1756.0,547.0
0.0,5257.0,3009.0,1693.0,0.0,6217.0,6217.0,1137.0,556.0,3009.0,0.0
0.0,2248.0,3735.0,1765.0,855.0,8825.0,8825.0,1209.0,556.0,3735.0,0.0
0.0,0.0,3223.0,1823.0,3068.0,9115.0,9115.0,1271.0,552.0,3223.0,0.0
0.0,0.0,1450.0,1836.0,6217.0,5200.0,5200.0,1299.0,537.0,1450.0,0.0
0.0,3980.0,0.0,1811.0,8825.0,0.0,0.0,1299.0,512.0,0.0,0.0
0.0,12805.0,280.0,1787.0,9115.0,0.0,0.0,1299.0,488.0,0.0,280.0
0.0,21640.0,811.0,1769.0,5200.0,0.0,0.0,1291.0,478.0,0.0,811.0
0.0,26029.0,1345.0,1753.0,0.0,0.0,0.0,1260.0,493.0,0.0,1345.0
0.0,24684.0,1603.0,1728.0,0.0,0.0,0.0,1205.0,523.0,0.0,1603.0
0.0,23081.0,1829.0,1694.0,0.0,0.0,0.0,1145.0,549.0,505.0,1324.0
0.0,21252.0,2262.0,1675.0,0.0,0.0,0.0,1116.0,559.0,1752.0,510.0
0.0,18990.0,2985.0,1701.0,0.0,0.0,0.0,1142.0,559.0,2985.0,0.0
0.0,16005.0,3706.0,1772.0,0.0,0.0,0.0,1213.0,559.0,3706.0,0.0
0.0,12299.0,3209.0,1829.0,0.0,55.0,55.0,1275.0,554.0,3209.0,0.0
0.0,9090.0,1483.0,1843.0,0.0,1608.0,1608.0,1304.0,539.0,1483.0,0.0
0.0,7607.0,0.0,1819.0,0.0,1488.0,1488.0,1304.0,515.0,0.0,0.0
0.0,7607.0,273.0,1794.0,55.0,1581.0,1581.0,1304.0,490.0,0.0,273.0
0.0,7389.0,804.0,1776.0,1608.0,687.0,687.0,1296.0,480.0,0.0,804.0
0.0,8193.0,1336.0,1758.0,1488.0,445.0,445.0,1264.0,494.0,0.0,1336.0
0.0,8345.0,1594.0,1734.0,1581.0,338.0,338.0,1209.0,525.0,0.0,1594.0
0.0,8332.0,1908.0,1700.0,687.0,1389.0,1389.0,1149.0,551.0,574.0,1334.0
0.0,7111.0,2371.0,1684.0,445.0,3235.0,3235.0,1123.0,561.0,1838.0,533.0
0.0,5185.0,3095.0,1713.0,338.0,6137.0,6137.0,1152.0,561.0,3095.0,0.0
0.0,2428.0,3767.0,1785.0,1389.0,8875.0,8875.0,1224.0,561.0,3767.0,0.0
0.0,50.0,3174.0,1841.0,3235.0,9094.0,9094.0,1285.0,556.0,3174.0,0.0
0.0,111.0,1335.0,1852.0,6137.0,4347.0,4347.0,1311.0,541.0,1335.0,0.0
0.0,4913.0,0.0,1826.0,8875.0,0.0,0.0,1311.0,515.0,0.0,0.0
0.0,13788.0,281.0,1801.0,9094.0,0.0,0.0,1311.0,490.0,0.0,281.0
0.0,22601.0,824.0,1783.0,4347.0,0.0,0.0,1302.0,481.0,0.0,824.0
0.0,26124.0,1368.0,1767.0,0.0,0.0,0.0,1270.0,497.0,0.0,1368.0
0.0,24756.0,1622.0,1742.0,0.0,0.0,0.0,1214.0,528.0,0.0,1622.0
0.0,23134.0,1898.0,1708.0,0.0,0.0,0.0,1154.0,554.0,565.0,1333.0
0.0,21236.0,2315.0,1689.0,0.0,0.0,0.0,1126.0,563.0,1817.0,498.0
0.0,18921.0,3057.0,1718.0,0.0,0.0,0.0,1155.0,563.0,3057.0,0.0
0.0,15864.0,3739.0,1790.0,0.0,0.0,0.0,1227.0,563.0,3739.0,0.0
0.0,12125.0,3187.0,1847.0,0.0,297.0,297.0,1288.0,559.0,3187.0,0.0
0.0,8938.0,1399.0,1859.0,0.0,1756.0,1756.0,1315.0,544.0,1399.0,0.0
0.0,7539.0,0.0,1833.0,0.0,1626.0,1626.0,1315.0,518.0,0.0,0.0
0.0,7539.0,276.0,1808.0,297.0,1480.0,1480.0,1315.0,493.0,0.0,276.0
0.0,7560.0,814.0,1789.0,1756.0,443.0,443.0,1306.0,483.0,0.0,814.0
0.0,8502.0,1350.0,1772.0,1626.0,82.0,82.0,1273.0,499.0,0.0,1350.0
0.0,8778.0,1614.0,1747.0,1480.0,91.0,91.0,1217.0,530.0,0.0,1614.0
0.0,8644.0,1940.0,1712.0,443.0,1413.0,1413.0,1157.0,555.0,596.0,1344.0
0.0,7147.0,2409.0,1697.0,82.0,3665.0,3665.0,1131.0,566.0,1863.0,546.0
0.0,4820.0,3123.0,1729.0,91.0,6857.0,6857.0,1163.0,566.0,3123.0,0.0
0.0,1788.0,3787.0,1802.0,1413.0,9010.0,9010.0,1236.0,566.0,3787.0,0.0
0.0,0.0,3176.0,1858.0,3665.0,9290.0,9290.0,1297.0,561.0,3176.0,0.0
0.0,0.0,1302.0,1868.0,6857.0,3882.0,3882.0,1322.0,546.0,1302.0,0.0
0.0,5458.0,0.0,1843.0,9010.0,0.0,0.0,1322.0,521.0,0.0,0.0
0.0,14468.0,268.0,1817.0,9290.0,0.0,0.0,1322.0,495.0,0.0,268.0
0.0,23490.0,808.0,1797.0,3882.0,0.0,0.0,1312.0,485.0,0.0,808.0
0.0,26564.0,1352.0,1779.0,0.0,0.0,0.0,1278.0,501.0,0.0,1352.0
0.0,25212.0,1622.0,1752.0,0.0,0.0,0.0,1220.0,532.0,0.0,1622.0
0.0,23590.0,1970.0,1718.0,0.0,0.0,0.0,1160.0,558.0,620.0,1350.0
0.0,21620.0,2399.0,1702.0,0.0,0.0,0.0,1134.0,568.0,1865.0,534.0
0.0,19221.0,3132.0,1734.0,0.0,0.0,0.0,1166.0,568.0,3132.0,0.0
0.0,16089.0,3792.0,1807.0,0.0,0.0,0.0,1239.0,568.0,3792.0,0.0
0.0,12297.0,3207.0,1864.0,0.0,230.0,230.0,1301.0,563.0,3207.0,0.0
0.0,9090.0,1351.0,1874.0,0.0,1631.0,1631.0,1327.0,547.0,1351.0,0.0
0.0,7739.0,0.0,1848.0,0.0,1501.0,1501.0,1327.0,521.0,0.0,0.0
0.0,7739.0,298.0,1823.0,230.0,1444.0,1444.0,1327.0,496.0,0.0,298.0
0.0,7671.0,837.0,1804.0,1631.0,555.0,555.0,1317.0,487.0,0.0,837.0
0.0,8465.0,1378.0,1788.0,1501.0,352.0,352.0,1284.0,504.0,0.0,1378.0
0.0,8588.0,1625.0,1761.0,1444.0,398.0,398.0,1226.0,535.0,0.0,1625.0
0.0,8407.0,1957.0,1728.0,555.0,1635.0,1635.0,1167.0,561.0,619.0,1338.0
0.0,7005.0,2395.0,1711.0,352.0,3593.0,3593.0,1141.0,570.0,1888.0,507.0
0.0,4962.0,3154.0,1744.0,398.0,6514.0,6514.0,1174.0,570.0,3154.0,0.0
0.0,2206.0,3798.0,1817.0,1635.0,9042.0,9042.0,1247.0,570.0,3798.0,0.0
0.0,43.0,3169.0,1872.0,3593.0,8893.0,8893.0,1307.0,565.0,3169.0,0.0
0.0,467.0,1284.0,1882.0,6514.0,3713.0,3713.0,1332.0,550.0,1284.0,0.0
0.0,5697.0,0.0,1856.0,9042.0,0.0,0.0,1332.0,524.0,0.0,0.0
0.0,14739.0,301.0,1831.0,8893.0,0.0,0.0,1332.0,499.0,0.0,301.0
0.0,23331.0,847.0,1811.0,3713.0,0.0,0.0,1321.0,490.0,0.0,847.0
0.0,26197.0,1396.0,1792.0,0.0,0.0,0.0,1286.0,506.0,0.0,1396.0
0.0,24801.0,1638.0,1764.0,0.0,0.0,0.0,1226.0,538.0,0.0,1638.0
0.0,23163.0,1974.0,1730.0,0.0,0.0,0.0,1166.0,564.0,641.0,1333.0
0.0,21189.0,2387.0,1715.0,0.0,0.0,0.0,1142.0,573.0,1904.0,483.0
0.0,18802.0,3191.0,1750.0,0.0,0.0,0.0,1177.0,573.0,3191.0,0.0
0.0,15611.0,3831.0,1824.0,0.0,0.0,0.0,1251.0,573.0,3831.0,0.0
0.0,11780.0,3198.0,1880.0,0.0,818.0,818.0,1313.0,567.0,3198.0,0.0
0.0,8582.0,1280.0,1889.0,0.0,2143.0,2143.0,1337.0,552.0,1280.0,0.0
0.0,7302.0,0.0,1862.0,0.0,2008.0,2008.0,1337.0,525.0,0.0,0.0
0.0,7302.0,303.0,1837.0,818.0,1368.0,1368.0,1337.0,500.0,0.0,303.0
0.0,7817.0,846.0,1816.0,2143.0,0.0,0.0,1326.0,490.0,0.0,846.0
0.0,9114.0,1401.0,1799.0,2008.0,0.0,0.0,1291.0,508.0,0.0,1401.0
0.0,9721.0,1644.0,1772.0,1368.0,0.0,0.0,1233.0,539.0,0.0,1644.0
0.0,9445.0,2010.0,1739.0,0.0,1260.0,1260.0,1174.0,565.0,665.0,1345.0
0.0,7435.0,2431.0,1725.0,0.0,3621.0,3621.0,1150.0,575.0,1945.0,486.0
0.0,5004.0,3213.0,1759.0,0.0,7004.0,7004.0,1184.0,575.0,3213.0,0.0
0.0,1791.0,3816.0,1833.0,1260.0,9165.0,9165.0,1258.0,575.0,3816.0,0.0
0.0,0.0,3146.0,1887.0,3621.0,9435.0,9435.0,1318.0,569.0,3146.0,0.0
0.0,0.0,1229.0,1896.0,7004.0,3995.0,3995.0,1342.0,554.0,1229.0,0.0
0.0,5485.0,0.0,1870.0,9165.0,0.0,0.0,1342.0,528.0,0.0,0.0
0.0,14650.0,307.0,1845.0,9435.0,0.0,0.0,1342.0,503.0,0.0,307.0
0.0,23778.0,852.0,1824.0,3995.0,0.0,0.0,1331.0,493.0,0.0,852.0
0.0,26921.0,1401.0,1805.0,0.0,0.0,0.0,1295.0,510.0,0.0,1401.0
0.0,25520.0,1647.0,1776.0,0.0,0.0,0.0,1235.0,541.0,0.0,1647.0
0.0,23873.0,2093.0,1743.0,0.0,0.0,0.0,1176.0,567.0,747.0,1346.0
0.0,21780.0,2547.0,1732.0,0.0,0.0,0.0,1155.0,577.0,2048.0,499.0
0.0,19233.0,3337.0,1771.0,0.0,0.0,0.0,1194.0,577.0,3337.0,0.0
0.0,15896.0,3887.0,1845.0,0.0,0.0,0.0,1268.0,577.0,3887.0,0.0
0.0,12009.0,3119.0,1900.0,0.0,610.0,610.0,1328.0,572.0,3119.0,0.0
0.0,8890.0,1056.0,1905.0,0.0,1691.0,1691.0,1349.0,556.0,1056.0,0.0
0.0,7834.0,0.0,1879.0,0.0,1561.0,1561.0,1349.0,530.0,0.0,0.0
0.0,7834.0,309.0,1854.0,610.0,1135.0,1135.0,1349.0,505.0,0.0,309.0
0.0,8135.0,868.0,1833.0,1691.0,207.0,207.0,1337.0,496.0,0.0,868.0
0.0,8958.0,1424.0,1814.0,1561.0,0.0,0.0,1301.0,513.0,0.0,1424.0
0.0,9095.0,1667.0,1786.0,1135.0,367.0,367.0,1241.0,545.0,0.0,1667.0
0.0,8563.0,2084.0,1753.0,207.0,2079.0,2079.0,1182.0,571.0,738.0,1346.0
0.0,6686.0,2495.0,1739.0,0.0,4504.0,4504.0,1159.0,580.0,2028.0,467.0
0.0,4191.0,3301.0,1777.0,367.0,7628.0,7628.0,1197.0,580.0,3301.0,0.0
0.0,1257.0,3856.0,1851.0,2079.0,9255.0,9255.0,1271.0,580.0,3856.0,0.0
0.0,0.0,3133.0,1905.0,4504.0,8674.0,8674.0,1331.0,574.0,3133.0,0.0
0.0,851.0,1135.0,1911.0,7628.0,2211.0,2211.0,1353.0,558.0,1135.0,0.0
0.0,7344.0,0.0,1884.0,9255.0,0.0,0.0,1353.0,531.0,0.0,0.0
0.0,16599.0,323.0,1859.0,8674.0,0.0,0.0,1353.0,506.0,0.0,323.0
0.0,24950.0,871.0,1838.0,2211.0,0.0,0.0,1341.0,497.0,0.0,871.0
0.0,26290.0,1419.0,1820.0,0.0,0.0,0.0,1305.0,515.0,0.0,1419.0
0.0,24871.0,1647.0,1790.0,0.0,0.0,0.0,1244.0,546.0,0.0,1647.0
0.0,23224.0,2074.0,1757.0,0.0,0.0,0.0,1185.0,572.0,739.0,1335.0
0.0,21150.0,2517.0,1745.0,0.0,0.0,0.0,1164.0,581.0,2038.0,479.0
0.0,18633.0,3337.0,1784.0,0.0,0.0,0.0,1203.0,581.0,3337.0,0.0
0.0,15296.0,3892.0,1859.0,0.0,0.0,0.0,1278.0,581.0,3892.0,0.0
0.0,11404.0,3139.0,1914.0,0.0,1305.0,1305.0,1338.0,576.0,3139.0,0.0
0.0,8265.0,1094.0,1918.0,0.0,2419.0,2419.0,1359.0,559.0,1094.0,0.0
0.0,7171.0,0.0,1891.0,0.0,2284.0,2284.0,1359.0,532.0,0.0,0.0
0.0,7171.0,344.0,1867.0,1305.0,1203.0,1203.0,1359.0,508.0,0.0,344.0
0.0,8132.0,907.0,1846.0,2419.0,0.0,0.0,1347.0,499.0,0.0,907.0
0.0,9644.0,1468.0,1828.0,2284.0,0.0,0.0,1310.0,518.0,0.0,1468.0
0.0,10460.0,1685.0,1800.0,1203.0,0.0,0.0,1249.0,551.0,0.0,1685.0
0.0,9978.0,2104.0,1766.0,0.0,956.0,956.0,1190.0,576.0,776.0,1328.0
0.0,7874.0,2476.0,1752.0,0.0,3362.0,3362.0,1168.0,584.0,2064.0,412.0
0.0,5398.0,3364.0,1792.0,0.0,6926.0,6926.0,1208.0,584.0,3364.0,0.0
0.0,2034.0,3892.0,1867.0,956.0,9335.0,9335.0,1283.0,584.0,3892.0,0.0
0.0,0.0,3133.0,1922.0,3362.0,9610.0,9610.0,1344.0,578.0,3133.0,0.0
0.0,0.0,1064.0,1926.0,6926.0,4441.0,4441.0,1364.0,562.0,1064.0,0.0
0.0,5189.0,0.0,1899.0,9335.0,0.0,0.0,1364.0,535.0,0.0,0.0
0.0,14524.0,357.0,1874.0,9610.0,0.0,0.0,1364.0,510.0,0.0,357.0
0.0,23777.0,911.0,1853.0,4441.0,0.0,0.0,1351.0,502.0,0.0,911.0
0.0,27307.0,1465.0,1835.0,0.0,0.0,0.0,1314.0,521.0,0.0,1465.0
0.0,25842.0,1667.0,1805.0,0.0,0.0,0.0,1252.0,553.0,0.0,1667.0
0.0,24175.0,2103.0,1772.0,0.0,0.0,0.0,1194.0,578.0,787.0,1316.0
0.0,22072.0,2505.0,1760.0,0.0,0.0,0.0,1174.0,586.0,2089.0,416.0
0.0,19567.0,3392.0,1801.0,0.0,0.0,0.0,1215.0,586.0,3392.0,0.0
0.0,16175.0,3901.0,1876.0,0.0,0.0,0.0,1290.0,586.0,3901.0,0.0
0.0,12274.0,3099.0,1930.0,0.0,475.0,475.0,1350.0,580.0,3099.0,0.0
0.0,9175.0,1022.0,1933.0,0.0,1512.0,1512.0,1369.0,564.0,1022.0,0.0
0.0,8153.0,0.0,1906.0,0.0,1377.0,1377.0,1369.0,537.0,0.0,0.0
0.0,8153.0,370.0,1881.0,475.0,1147.0,1147.0,1369.0,512.0,0.0,370.0
0.0,8258.0,931.0,1859.0,1512.0,456.0,456.0,1355.0,504.0,0.0,931.0
0.0,8839.0,1490.0,1840.0,1377.0,474.0,474.0,1316.0,524.0,0.0,1490.0
0.0,8726.0,1682.0,1807.0,1147.0,844.0,844.0,1251.0,556.0,0.0,1682.0
0.0,8191.0,2184.0,1775.0,456.0,2412.0,2412.0,1194.0,581.0,874.0,1310.0
0.0,6463.0,2564.0,1763.0,474.0,4442.0,4442.0,1175.0,588.0,2180.0,384.0
0.0,4373.0,3502.0,1810.0,844.0,7335.0,7335.0,1222.0,588.0,3502.0,0.0
0.0,1715.0,3952.0,1886.0,2412.0,9255.0,9255.0,1298.0,588.0,3952.0,0.0
0.0,175.0,3078.0,1940.0,4442.0,8161.0,8161.0,1358.0,582.0,3078.0,0.0
0.0,1539.0,886.0,1941.0,7335.0,1717.0,1717.0,1375.0,566.0,886.0,0.0
0.0,7988.0,0.0,1913.0,9255.0,0.0,0.0,1375.0,538.0,0.0,0.0
0.0,17243.0,375.0,1889.0,8161.0,0.0,0.0,1375.0,514.0,0.0,375.0
0.0,25029.0,937.0,1867.0,1717.0,0.0,0.0,1361.0,506.0,0.0,937.0
0.0,25809.0,1502.0,1848.0,0.0,0.0,0.0,1322.0,526.0,0.0,1502.0
0.0,24307.0,1689.0,1816.0,0.0,0.0,0.0,1258.0,558.0,0.0,1689.0
0.0,22618.0,2183.0,1783.0,0.0,0.0,0.0,1200.0,583.0,863.0,1320.0
0.0,20435.0,2551.0,1773.0,0.0,0.0,0.0,1182.0,591.0,2174.0,377.0
0.0,17884.0,3480.0,1818.0,0.0,0.0,0.0,1227.0,591.0,3480.0,0.0
0.0,14404.0,3918.0,1893.0,0.0,0.0,0.0,1302.0,591.0,3918.0,0.0
0.0,10486.0,3070.0,1946.0,0.0,2314.0,2314.0,1362.0,584.0,3070.0,0.0
0.0,7416.0,925.0,1947.0,0.0,3244.0,3244.0,1379.0,568.0,925.0,0.0
0.0,6491.0,0.0,1919.0,0.0,3104.0,3104.0,1379.0,540.0,0.0,0.0
0.0,6491.0,369.0,1895.0,2314.0,1039.0,1039.0,1379.0,516.0,0.0,369.0
0.0,8436.0,928.0,1873.0,3244.0,0.0,0.0,1365.0,508.0,0.0,928.0
0.0,10752.0,1488.0,1853.0,3104.0,0.0,0.0,1326.0,527.0,0.0,1488.0
0.0,12368.0,1682.0,1822.0,1039.0,0.0,0.0,1262.0,560.0,0.0,1682.0
0.0,11725.0,2223.0,1789.0,0.0,0.0,0.0,1204.0,585.0,902.0,1321.0
0.0,9502.0,2646.0,1780.0,0.0,2044.0,2044.0,1187.0,593.0,2241.0,405.0
0.0,6856.0,3564.0,1827.0,0.0,5843.0,5843.0,1234.0,593.0,3564.0,0.0
0.0,3292.0,3979.0,1904.0,0.0,9520.0,9520.0,1311.0,593.0,3979.0,0.0
0.0,0.0,3063.0,1956.0,2044.0,9780.0,9780.0,1370.0,586.0,3063.0,0.0
0.0,0.0,813.0,1955.0,5843.0,6451.0,6451.0,1386.0,569.0,813.0,0.0
0.0,3324.0,0.0,1927.0,9520.0,0.0,0.0,1386.0,541.0,0.0,0.0
0.0,12844.0,394.0,1902.0,9780.0,0.0,0.0,1386.0,516.0,0.0,394.0
0.0,22230.0,963.0,1880.0,6451.0,0.0,0.0,1371.0,509.0,0.0,963.0
0.0,27718.0,1528.0,1861.0,0.0,0.0,0.0,1331.0,530.0,0.0,1528.0
0.0,26190.0,1699.0,1829.0,0.0,0.0,0.0,1266.0,563.0,0.0,1699.0
0.0,24491.0,2202.0,1797.0,0.0,0.0,0.0,1209.0,588.0,903.0,1299.0
0.0,22289.0,2549.0,1785.0,0.0,0.0,0.0,1191.0,594.0,2219.0,330.0
0.0,19740.0,3522.0,1832.0,0.0,0.0,0.0,1238.0,594.0,3522.0,0.0
0.0,16218.0,3943.0,1908.0,0.0,0.0,0.0,1314.0,594.0,3943.0,0.0
0.0,12275.0,3073.0,1960.0,0.0,598.0,598.0,1373.0,587.0,3073.0,0.0
0.0,9202.0,875.0,1960.0,0.0,1473.0,1473.0,1390.0,570.0,875.0,0.0
0.0,8327.0,0.0,1932.0,0.0,1333.0,1333.0,1390.0,542.0,0.0,0.0
0.0,8327.0,420.0,1908.0,598.0,1035.0,1035.0,1390.0,518.0,0.0,420.0
0.0,8505.0,987.0,1886.0,1473.0,439.0,439.0,1375.0,511.0,0.0,987.0
0.0,8991.0,1549.0,1868.0,1333.0,565.0,565.0,1335.0,533.0,0.0,1549.0
0.0,8775.0,1702.0,1836.0,1035.0,1072.0,1072.0,1270.0,566.0,0.0,1702.0
0.0,8108.0,2246.0,1804.0,439.0,2719.0,2719.0,1213.0,591.0,958.0,1288.0
0.0,6301.0,2625.0,1795.0,565.0,4734.0,4734.0,1198.0,597.0,2302.0,323.0
0.0,4241.0,3630.0,1845.0,1072.0,7542.0,7542.0,1248.0,597.0,3630.0,0.0
0.0,1683.0,4006.0,1922.0,2719.0,9214.0,9214.0,1325.0,597.0,4006.0,0.0
0.0,396.0,3028.0,1973.0,4734.0,7763.0,7763.0,1383.0,590.0,3028.0,0.0
0.0,2102.0,716.0,1969.0,7542.0,917.0,917.0,1397.0,572.0,716.0,0.0
0.0,8928.0,0.0,1940.0,9214.0,0.0,0.0,1397.0,543.0,0.0,0.0
0.0,18142.0,428.0,1916.0,7763.0,0.0,0.0,1397.0,519.0,0.0,428.0
0.0,25477.0,1001.0,1893.0,917.0,0.0,0.0,1380.0,513.0,0.0,1001.0
0.0,25393.0,1572.0,1874.0,0.0,0.0,0.0,1338.0,536.0,0.0,1572.0
0.0,23821.0,1721.0,1840.0,0.0,0.0,0.0,1271.0,569.0,0.0,1721.0
0.0,22100.0,2274.0,1808.0,0.0,0.0,0.0,1214.0,594.0,985.0,1289.0
0.0,19826.0,2591.0,1798.0,0.0,0.0,0.0,1199.0,599.0,2305.0,286.0
0.0,17235.0,3644.0,1851.0,0.0,0.0,0.0,1252.0,599.0,3644.0,0.0
0.0,13591.0,4012.0,1928.0,0.0,61.0,61.0,1329.0,599.0,4012.0,0.0
0.0,9579.0,3051.0,1980.0,0.0,3372.0,3372.0,1388.0,592.0,3051.0,0.0
0.0,6528.0,736.0,1976.0,0.0,4088.0,4088.0,1402.0,574.0,736.0,0.0
0.0,5792.0,0.0,1947.0,61.0,3882.0,3882.0,1402.0,545.0,0.0,0.0
0.0,5853.0,446.0,1923.0,3372.0,836.0,836.0,1402.0,521.0,0.0,446.0
0.0,8779.0,1013.0,1901.0,4088.0,0.0,0.0,1385.0,516.0,0.0,1013.0
0.0,11854.0,1587.0,1883.0,3882.0,0.0,0.0,1344.0,539.0,0.0,1587.0
0.0,14149.0,1716.0,1849.0,836.0,0.0,0.0,1277.0,572.0,0.0,1716.0
0.0,13269.0,2260.0,1816.0,0.0,0.0,0.0,1220.0,596.0,979.0,1281.0
0.0,11009.0,2600.0,1808.0,0.0,631.0,631.0,1206.0,602.0,2326.0,274.0
0.0,8409.0,3668.0,1861.0,0.0,4564.0,4564.0,1259.0,602.0,3668.0,0.0
0.0,4741.0,4023.0,1938.0,0.0,8972.0,8972.0,1336.0,602.0,4023.0,0.0
0.0,718.0,3022.0,1989.0,631.0,9945.0,9945.0,1394.0,595.0,3022.0,0.0
0.0,0.0,689.0,1984.0,4564.0,7718.0,7718.0,1407.0,577.0,689.0,0.0
0.0,2202.0,0.0,1955.0,8972.0,0.0,0.0,1407.0,548.0,0.0,0.0
0.0,11174.0,450.0,1931.0,9945.0,0.0,0.0,1407.0,524.0,0.0,450.0
0.0,20669.0,1027.0,1909.0,7718.0,0.0,0.0,1390.0,519.0,0.0,1027.0
0.0,27360.0,1599.0,1889.0,0.0,0.0,0.0,1347.0,542.0,0.0,1599.0
0.0,25761.0,1720.0,1853.0,0.0,0.0,0.0,1278.0,575.0,0.0,1720.0
0.0,24041.0,2268.0,1820.0,0.0,0.0,0.0,1221.0,599.0,1003.0,1265.0
0.0,21773.0,2595.0,1811.0,0.0,0.0,0.0,1207.0,604.0,2357.0,238.0
0.0,19178.0,3719.0,1867.0,0.0,0.0,0.0,1263.0,604.0,3719.0,0.0
0.0,15459.0,4073.0,1946.0,0.0,0.0,0.0,1342.0,604.0,4073.0,0.0
0.0,11386.0,3057.0,1996.0,0.0,1651.0,1651.0,1400.0,596.0,3057.0,0.0
0.0,8329.0,691.0,1992.0,0.0,2322.0,2322.0,1414.0,578.0,691.0,0.0
0.0,7638.0,0.0,1962.0,0.0,2172.0,2172.0,1414.0,548.0,0.0,0.0
0.0,7638.0,489.0,1939.0,1651.0,895.0,895.0,1414.0,525.0,0.0,489.0
0.0,8800.0,1065.0,1916.0,2322.0,0.0,0.0,1396.0,520.0,0.0,1065.0
0.0,10057.0,1651.0,1900.0,2172.0,0.0,0.0,1354.0,546.0,0.0,1651.0
0.0,10578.0,1742.0,1865.0,895.0,0.0,0.0,1286.0,579.0,0.0,1742.0
0.0,9731.0,2233.0,1833.0,0.0,1667.0,1667.0,1229.0,604.0,976.0,1257.0
0.0,7498.0,2513.0,1822.0,0.0,4125.0,4125.0,1215.0,607.0,2328.0,185.0
0.0,4985.0,3672.0,1875.0,0.0,8062.0,8062.0,1268.0,607.0,3672.0,0.0
0.0,1313.0,4037.0,1953.0,1667.0,9765.0,9765.0,1346.0,607.0,4037.0,0.0
0.0,0.0,3056.0,2004.0,4125.0,10008.0,10008.0,1405.0,599.0,3056.0,0.0
0.0,12.0,755.0,1999.0,8062.0,2676.0,2676.0,1419.0,580.0,755.0,0.0
0.0,7319.0,0.0,1969.0,9765.0,0.0,0.0,1419.0,550.0,0.0,0.0
0.0,17084.0,486.0,1946.0,10008.0,0.0,0.0,1419.0,527.0,0.0,486.0
0.0,26606.0,1064.0,1924.0,2676.0,0.0,0.0,1401.0,523.0,0.0,1064.0
0.0,28218.0,1638.0,1905.0,0.0,0.0,0.0,1357.0,548.0,0.0,1638.0
0.0,26580.0,1733.0,1868.0,0.0,0.0,0.0,1287.0,581.0,0.0,1733.0
0.0,24847.0,2281.0,1835.0,0.0,0.0,0.0,1230.0,605.0,1029.0,1252.0
0.0,22566.0,2593.0,1826.0,0.0,0.0,0.0,1217.0,609.0,2397.0,196.0
0.0,19973.0,3760.0,1885.0,0.0,0.0,0.0,1276.0,609.0,3760.0,0.0
0.0,16213.0,4080.0,1963.0,0.0,0.0,0.0,1354.0,609.0,4080.0,0.0
0.0,12133.0,3046.0,2014.0,0.0,983.0,983.0,1413.0,601.0,3046.0,0.0
0.0,9087.0,631.0,2007.0,0.0,1579.0,1579.0,1425.0,582.0,631.0,0.0
0.0,8456.0,0.0,1976.0,0.0,1424.0,1424.0,1425.0,551.0,0.0,0.0
0.0,8456.0,513.0,1953.0,983.0,839.0,839.0,1425.0,528.0,0.0,513.0
0.0,8926.0,1102.0,1931.0,1579.0,252.0,252.0,1406.0,525.0,0.0,1102.0
0.0,9403.0,1684.0,1913.0,1424.0,422.0,422.0,1362.0,551.0,0.0,1684.0
0.0,9143.0,1752.0,1877.0,839.0,1155.0,1155.0,1292.0,585.0,0.0,1752.0
0.0,8230.0,2267.0,1844.0,252.0,3005.0,3005.0,1235.0,609.0,1037.0,1230.0
0.0,6215.0,2505.0,1833.0,422.0,5033.0,5033.0,1222.0,611.0,2382.0,123.0
0.0,4132.0,3726.0,1890.0,1155.0,7889.0,7889.0,1279.0,611.0,3726.0,0.0
0.0,1561.0,4047.0,1968.0,3005.0,9321.0,9321.0,1357.0,611.0,4047.0,0.0
0.0,519.0,3041.0,2019.0,5033.0,7584.0,7584.0,1416.0,603.0,3041.0,0.0
0.0,2511.0,685.0,2012.0,7889.0,345.0,345.0,1429.0,583.0,685.0,0.0
0.0,9715.0,0.0,1982.0,9321.0,0.0,0.0,1429.0,553.0,0.0,0.0
0.0,19036.0,536.0,1959.0,7584.0,0.0,0.0,1429.0,530.0,0.0,536.0
0.0,26084.0,1112.0,1937.0,345.0,0.0,0.0,1410.0,527.0,0.0,1112.0
0.0,25317.0,1691.0,1919.0,0.0,0.0,0.0,1365.0,554.0,0.0,1691.0
0.0,23626.0,1741.0,1882.0,0.0,0.0,0.0,1295.0,587.0,0.0,1741.0
0.0,21885.0,2343.0,1850.0,0.0,0.0,0.0,1239.0,611.0,1116.0,1227.0
0.0,19542.0,2612.0,1841.0,0.0,0.0,0.0,1228.0,613.0,2482.0,130.0
0.0,16930.0,3846.0,1902.0,0.0,0.0,0.0,1289.0,613.0,3846.0,0.0
0.0,13084.0,4095.0,1981.0,0.0,916.0,916.0,1368.0,613.0,4095.0,0.0
0.0,8989.0,2975.0,2030.0,0.0,4136.0,4136.0,1425.0,605.0,2975.0,0.0
0.0,6014.0,480.0,2019.0,0.0,4561.0,4561.0,1434.0,585.0,480.0,0.0
0.0,5534.0,0.0,1988.0,916.0,3490.0,3490.0,1434.0,554.0,0.0,0.0
0.0,6450.0,545.0,1966.0,4136.0,0.0,0.0,1434.0,532.0,0.0,545.0
0.0,10041.0,1135.0,1944.0,4561.0,0.0,0.0,1415.0,529.0,0.0,1135.0
0.0,13467.0,1729.0,1928.0,3490.0,0.0,0.0,1370.0,558.0,0.0,1729.0
0.0,15228.0,1771.0,1890.0,0.0,0.0,0.0,1298.0,592.0,0.0,1771.0
0.0,13457.0,2386.0,1857.0,0.0,0.0,0.0,1242.0,615.0,1166.0,1220.0
0.0,11071.0,2608.0,1849.0,0.0,782.0,782.0,1232.0,617.0,2533.0,75.0
0.0,8463.0,3902.0,1911.0,0.0,4994.0,4994.0,1294.0,617.0,3902.0,0.0
0.0,4561.0,4117.0,1990.0,0.0,9506.0,9506.0,1373.0,617.0,4117.0,0.0
0.0,444.0,2965.0,2037.0,782.0,10185.0,10185.0,1430.0,607.0,2965.0,0.0
0.0,0.0,439.0,2025.0,4994.0,7309.0,7309.0,1438.0,587.0,439.0,0.0
0.0,2816.0,0.0,1993.0,9506.0,0.0,0.0,1438.0,555.0,0.0,0.0
0.0,12322.0,544.0,1970.0,10185.0,0.0,0.0,1438.0,532.0,0.0,544.0
0.0,21963.0,1134.0,1950.0,7309.0,0.0,0.0,1420.0,530.0,0.0,1134.0
0.0,28138.0,1720.0,1934.0,0.0,0.0,0.0,1375.0,559.0,0.0,1720.0
0.0,26418.0,1768.0,1897.0,0.0,0.0,0.0,1304.0,593.0,0.0,1768.0
0.0,24650.0,2406.0,1866.0,0.0,0.0,0.0,1249.0,617.0,1176.0,1230.0
0.0,22244.0,2670.0,1859.0,0.0,0.0,0.0,1240.0,619.0,2564.0,106.0
0.0,19574.0,3936.0,1920.0,0.0,0.0,0.0,1301.0,619.0,3936.0,0.0
0.0,15638.0,4130.0,1999.0,0.0,0.0,0.0,1380.0,619.0,4130.0,0.0
0.0,11508.0,2943.0,2047.0,0.0,1670.0,1670.0,1437.0,610.0,2943.0,0.0
0.0,8565.0,380.0,2033.0,0.0,1980.0,1980.0,1444.0,589.0,380.0,0.0
0.0,8185.0,0.0,2002.0,0.0,1825.0,1825.0,1444.0,558.0,0.0,0.0
0.0,8185.0,540.0,1979.0,1670.0,580.0,580.0,1444.0,535.0,0.0,540.0
0.0,9315.0,1132.0,1957.0,1980.0,0.0,0.0,1425.0,532.0,0.0,1132.0
0.0,10163.0,1725.0,1940.0,1825.0,0.0,0.0,1378.0,562.0,0.0,1725.0
0.0,10263.0,1774.0,1902.0,580.0,441.0,441.0,1306.0,596.0,0.0,1774.0
0.0,9069.0,2444.0,1871.0,0.0,2730.0,2730.0,1251.0,620.0,1210.0,1234.0
0.0,6625.0,2688.0,1864.0,0.0,5383.0,5383.0,1242.0,622.0,2590.0,98.0
0.0,3937.0,3985.0,1929.0,441.0,9252.0,9252.0,1307.0,622.0,3985.0,0.0
0.0,393.0,4167.0,2009.0,2730.0,10045.0,10045.0,1387.0,622.0,4167.0,0.0
0.0,0.0,2964.0,2056.0,5383.0,8905.0,8905.0,1444.0,612.0,2964.0,0.0
0.0,1375.0,359.0,2041.0,9252.0,0.0,0.0,1451.0,590.0,359.0,0.0
0.0,10268.0,0.0,2009.0,10045.0,0.0,0.0,1451.0,558.0,0.0,0.0
0.0,20313.0,551.0,1986.0,8905.0,0.0,0.0,1451.0,535.0,0.0,551.0
0.0,28667.0,1146.0,1964.0,0.0,0.0,0.0,1431.0,533.0,0.0,1146.0
0.0,27521.0,1738.0,1949.0,0.0,0.0,0.0,1385.0,564.0,0.0,1738.0
0.0,25783.0,1783.0,1912.0,0.0,0.0,0.0,1313.0,599.0,0.0,1783.0
0.0,24000.0,2407.0,1881.0,0.0,0.0,0.0,1258.0,623.0,1169.0,1238.0
0.0,21593.0,2643.0,1873.0,0.0,0.0,0.0,1249.0,624.0,2554.0,89.0
0.0,18950.0,3939.0,1935.0,0.0,0.0,0.0,1311.0,624.0,3939.0,0.0
0.0,15011.0,4143.0,2015.0,0.0,0.0,0.0,1391.0,624.0,4143.0,0.0
0.0,10868.0,2976.0,2062.0,0.0,2418.0,2418.0,1448.0,614.0,2976.0,0.0
0.0,7892.0,438.0,2050.0,0.0,2796.0,2796.0,1457.0,593.0,438.0,0.0
0.0,7454.0,0.0,2017.0,0.0,2631.0,2631.0,1457.0,560.0,0.0,0.0
0.0,7454.0,552.0,1994.0,2418.0,650.0,650.0,1457.0,537.0,0.0,552.0
0.0,9320.0,1146.0,1971.0,2796.0,0.0,0.0,1435.0,536.0,0.0,1146.0
0.0,10970.0,1739.0,1954.0,2631.0,0.0,0.0,1387.0,567.0,0.0,1739.0
0.0,11862.0,1780.0,1914.0,650.0,0.0,0.0,1313.0,601.0,0.0,1780.0
0.0,10732.0,2443.0,1882.0,0.0,1121.0,1121.0,1258.0,624.0,1213.0,1230.0
0.0,8289.0,2712.0,1877.0,0.0,3808.0,3808.0,1251.0,626.0,2616.0,96.0
0.0,5577.0,4023.0,1945.0,0.0,8171.0,8171.0,1319.0,626.0,4023.0,0.0
0.0,1554.0,4209.0,2026.0,1121.0,10130.0,10130.0,1400.0,626.0,4209.0,0.0
0.0,0.0,2988.0,2074.0,3808.0,10370.0,10370.0,1458.0,616.0,2988.0,0.0
0.0,0.0,348.0,2058.0,8171.0,3181.0,3181.0,1464.0,594.0,348.0,0.0
0.0,7109.0,0.0,2025.0,10130.0,0.0,0.0,1464.0,561.0,0.0,0.0
0.0,17239.0,562.0,2002.0,10370.0,0.0,0.0,1464.0,538.0,0.0,562.0
0.0,27047.0,1165.0,1978.0,3181.0,0.0,0.0,1442.0,536.0,0.0,1165.0
0.0,29063.0,1769.0,1962.0,0.0,0.0,0.0,1393.0,569.0,0.0,1769.0
0.0,27294.0,1812.0,1922.0,0.0,0.0,0.0,1318.0,604.0,0.0,1812.0
0.0,25482.0,2408.0,1889.0,0.0,0.0,0.0,1261.0,628.0,1166.0,1242.0
0.0,23074.0,2622.0,1883.0,0.0,0.0,0.0,1254.0,629.0,2557.0,65.0
0.0,20452.0,3936.0,1950.0,0.0,0.0,0.0,1321.0,629.0,3936.0,0.0
0.0,16516.0,4172.0,2030.0,0.0,0.0,0.0,1401.0,629.0,4172.0,0.0
0.0,12344.0,3017.0,2078.0,0.0,1063.0,1063.0,1459.0,619.0,3017.0,0.0
0.0,9327.0,490.0,2065.0,0.0,1488.0,1488.0,1468.0,597.0,490.0,0.0
0.0,8837.0,0.0,2032.0,0.0,1323.0,1323.0,1468.0,564.0,0.0,0.0
0.0,8837.0,543.0,2008.0,1063.0,683.0,683.0,1468.0,540.0,0.0,543.0
0.0,9357.0,1137.0,1984.0,1488.0,212.0,212.0,1446.0,538.0,0.0,1137.0
0.0,9708.0,1734.0,1966.0,1323.0,533.0,533.0,1396.0,570.0,0.0,1734.0
0.0,9297.0,1793.0,1925.0,683.0,1438.0,1438.0,1321.0,604.0,0.0,1793.0
0.0,8187.0,2464.0,1892.0,212.0,3525.0,3525.0,1264.0,628.0,1198.0,1266.0
0.0,5935.0,2735.0,1889.0,533.0,5712.0,5712.0,1258.0,631.0,2600.0,135.0
0.0,3733.0,3997.0,1958.0,1438.0,8616.0,8616.0,1327.0,631.0,3997.0,0.0
0.0,1174.0,4198.0,2039.0,3525.0,9694.0,9694.0,1408.0,631.0,4198.0,0.0
0.0,501.0,3005.0,2087.0,5712.0,7227.0,7227.0,1466.0,621.0,3005.0,0.0
0.0,3208.0,402.0,2073.0,8616.0,0.0,0.0,1474.0,599.0,402.0,0.0
0.0,11422.0,0.0,2040.0,9694.0,0.0,0.0,1474.0,566.0,0.0,0.0
0.0,21116.0,538.0,2016.0,7227.0,0.0,0.0,1474.0,542.0,0.0,538.0
0.0,27805.0,1146.0,1990.0,0.0,0.0,0.0,1450.0,540.0,0.0,1146.0
0.0,26659.0,1757.0,1973.0,0.0,0.0,0.0,1401.0,572.0,0.0,1757.0
0.0,24902.0,1818.0,1931.0,0.0,0.0,0.0,1324.0,607.0,0.0,1818.0
0.0,23084.0,2511.0,1900.0,0.0,0.0,0.0,1268.0,632.0,1241.0,1270.0
0.0,20573.0,2755.0,1896.0,0.0,0.0,0.0,1262.0,634.0,2644.0,111.0
0.0,17818.0,4050.0,1966.0,0.0,0.0,0.0,1332.0,634.0,4050.0,0.0
0.0,13768.0,4225.0,2048.0,0.0,697.0,697.0,1414.0,634.0,4225.0,0.0
0.0,9543.0,2998.0,2094.0,0.0,3925.0,3925.0,1471.0,623.0,2998.0,0.0
0.0,6545.0,358.0,2079.0,0.0,4208.0,4208.0,1478.0,601.0,358.0,0.0
0.0,6187.0,0.0,2046.0,697.0,3346.0,3346.0,1478.0,568.0,0.0,0.0
0.0,6884.0,544.0,2022.0,3925.0,0.0,0.0,1478.0,544.0,0.0,544.0
0.0,10265.0,1142.0,1998.0,4208.0,0.0,0.0,1456.0,542.0,0.0,1142.0
0.0,13331.0,1750.0,1981.0,3346.0,0.0,0.0,1407.0,574.0,0.0,1750.0
0.0,14927.0,1813.0,1940.0,0.0,0.0,0.0,1331.0,609.0,0.0,1813.0
0.0,13114.0,2503.0,1908.0,0.0,0.0,0.0,1275.0,633.0,1224.0,1279.0
0.0,10611.0,2775.0,1904.0,0.0,1684.0,1684.0,1268.0,636.0,2639.0,136.0
0.0,7836.0,4049.0,1974.0,0.0,6083.0,6083.0,1338.0,636.0,4049.0,0.0
0.0,3787.0,4229.0,2055.0,0.0,10275.0,10275.0,1419.0,636.0,4229.0,0.0
0.0,0.0,2995.0,2102.0,1684.0,10510.0,10510.0,1477.0,625.0,2995.0,0.0
0.0,0.0,352.0,2086.0,6083.0,6452.0,6452.0,1483.0,603.0,352.0,0.0
0.0,3978.0,0.0,2053.0,10275.0,0.0,0.0,1483.0,570.0,0.0,0.0
0.0,14253.0,552.0,2029.0,10510.0,0.0,0.0,1483.0,546.0,0.0,552.0
0.0,24211.0,1160.0,2005.0,6452.0,0.0,0.0,1460.0,545.0,0.0,1160.0
0.0,29503.0,1765.0,1987.0,0.0,0.0,0.0,1410.0,577.0,0.0,1765.0
0.0,27738.0,1818.0,1944.0,0.0,0.0,0.0,1332.0,612.0,0.0,1818.0
0.0,25920.0,2545.0,1912.0,0.0,0.0,0.0,1276.0,636.0,1282.0,1263.0
0.0,23375.0,2804.0,1908.0,0.0,0.0,0.0,1270.0,638.0,2692.0,112.0
0.0,20571.0,4115.0,1981.0,0.0,0.0,0.0,1343.0,638.0,4115.0,0.0
0.0,16456.0,4251.0,2063.0,0.0,0.0,0.0,1425.0,638.0,4251.0,0.0
0.0,12205.0,2983.0,2110.0,0.0,1328.0,1328.0,1482.0,628.0,2983.0,0.0
0.0,9222.0,284.0,2092.0,0.0,1522.0,1522.0,1487.0,605.0,284.0,0.0
0.0,8938.0,0.0,2058.0,0.0,1352.0,1352.0,1487.0,571.0,0.0,0.0
0.0,8938.0,576.0,2034.0,1328.0,480.0,480.0,1487.0,547.0,0.0,576.0
0.0,9690.0,1184.0,2011.0,1522.0,27.0,27.0,1465.0,546.0,0.0,1184.0
0.0,10028.0,1795.0,1996.0,1352.0,395.0,395.0,1416.0,580.0,0.0,1795.0
0.0,9585.0,1839.0,1955.0,480.0,1549.0,1549.0,1340.0,615.0,0.0,1839.0
0.0,8226.0,2576.0,1924.0,27.0,3943.0,3943.0,1285.0,639.0,1314.0,1262.0
0.0,5677.0,2812.0,1921.0,395.0,6345.0,6345.0,1280.0,641.0,2733.0,79.0
0.0,3260.0,4148.0,1991.0,1549.0,9294.0,9294.0,1350.0,641.0,4148.0,0.0
0.0,661.0,4246.0,2073.0,3943.0,10007.0,10007.0,1432.0,641.0,4246.0,0.0
0.0,358.0,2941.0,2118.0,6345.0,6828.0,6828.0,1488.0,630.0,2941.0,0.0
0.0,3762.0,230.0,2101.0,9294.0,0.0,0.0,1493.0,608.0,230.0,0.0
0.0,12826.0,0.0,2068.0,10007.0,0.0,0.0,1493.0,575.0,0.0,0.0
0.0,22833.0,565.0,2044.0,6828.0,0.0,0.0,1493.0,551.0,0.0,565.0
0.0,29096.0,1176.0,2020.0,0.0,0.0,0.0,1470.0,550.0,0.0,1176.0
0.0,27920.0,1785.0,2001.0,0.0,0.0,0.0,1420.0,581.0,0.0,1785.0
0.0,26135.0,1832.0,1960.0,0.0,0.0,0.0,1343.0,617.0,0.0,1832.0
0.0,24303.0,2622.0,1929.0,0.0,0.0,0.0,1288.0,641.0,1353.0,1269.0
0.0,21681.0,2890.0,1927.0,0.0,0.0,0.0,1284.0,643.0,2789.0,101.0
0.0,18791.0,4218.0,2000.0,0.0,0.0,0.0,1357.0,643.0,4218.0,0.0
0.0,14573.0,4289.0,2083.0,0.0,131.0,131.0,1440.0,643.0,4289.0,0.0
0.0,10284.0,2922.0,2129.0,0.0,3283.0,3283.0,1496.0,633.0,2922.0,0.0
0.0,7362.0,140.0,2110.0,0.0,3328.0,3328.0,1499.0,611.0,140.0,0.0
0.0,7222.0,0.0,2076.0,131.0,3027.0,3027.0,1499.0,577.0,0.0,0.0
0.0,7353.0,570.0,2052.0,3283.0,194.0,194.0,1499.0,553.0,0.0,570.0
0.0,10066.0,1187.0,2026.0,3328.0,0.0,0.0,1475.0,551.0,0.0,1187.0
0.0,12207.0,1804.0,2008.0,3027.0,0.0,0.0,1424.0,584.0,0.0,1804.0
0.0,13430.0,1851.0,1965.0,194.0,0.0,0.0,1346.0,619.0,0.0,1851.0
0.0,11773.0,2675.0,1936.0,0.0,582.0,582.0,1292.0,644.0,1401.0,1274.0
0.0,9098.0,2906.0,1934.0,0.0,3478.0,3478.0,1289.0,645.0,2827.0,79.0
0.0,6192.0,4252.0,2008.0,0.0,8100.0,8100.0,1363.0,645.0,4252.0,0.0
0.0,1940.0,4284.0,2091.0,582.0,10455.0,10455.0,1446.0,645.0,4284.0,0.0
0.0,0.0,2902.0,2137.0,3478.0,10685.0,10685.0,1502.0,635.0,2902.0,0.0
0.0,0.0,103.0,2117.0,8100.0,3774.0,3774.0,1504.0,613.0,103.0,0.0
0.0,6811.0,0.0,2083.0,10455.0,0.0,0.0,1504.0,579.0,0.0,0.0
0.0,17266.0,572.0,2059.0,10685.0,0.0,0.0,1504.0,555.0,0.0,572.0
0.0,27379.0,1181.0,2034.0,3774.0,0.0,0.0,1480.0,554.0,0.0,1181.0
0.0,29972.0,1790.0,2014.0,0.0,0.0,0.0,1429.0,585.0,0.0,1790.0
0.0,28182.0,1838.0,1972.0,0.0,0.0,0.0,1351.0,621.0,0.0,1838.0
0.0,26344.0,2729.0,1943.0,0.0,0.0,0.0,1298.0,645.0,1447.0,1282.0
0.0,23615.0,3015.0,1944.0,0.0,0.0,0.0,1296.0,648.0,2901.0,114.0
0.0,20600.0,4346.0,2021.0,0.0,0.0,0.0,1373.0,648.0,4346.0,0.0
0.0,16254.0,4338.0,2104.0,0.0,0.0,0.0,1456.0,648.0,4338.0,0.0
0.0,11916.0,2868.0,2149.0,0.0,1697.0,1697.0,1512.0,637.0,2868.0,0.0
0.0,9048.0,0.0,2127.0,0.0,1587.0,1587.0,1512.0,615.0,0.0,0.0
0.0,9048.0,0.0,2093.0,0.0,1417.0,1417.0,1512.0,581.0,0.0,0.0
0.0,9048.0,588.0,2069.0,1697.0,188.0,188.0,1512.0,557.0,0.0,588.0
0.0,10157.0,1214.0,2043.0,1587.0,0.0,0.0,1487.0,556.0,0.0,1214.0
0.0,10530.0,1835.0,2024.0,1417.0,8.0,8.0,1435.0,589.0,0.0,1835.0
0.0,10112.0,1862.0,1981.0,188.0,1467.0,1467.0,1356.0,625.0,0.0,1862.0
0.0,8438.0,2683.0,1951.0,0.0,4000.0,4000.0,1302.0,649.0,1421.0,1262.0
0.0,5755.0,2887.0,1949.0,8.0,6869.0,6869.0,1299.0,650.0,2849.0,38.0
0.0,2876.0,4288.0,2026.0,1467.0,10075.0,10075.0,1376.0,650.0,4288.0,0.0
0.0,55.0,4324.0,2109.0,4000.0,10545.0,10545.0,1459.0,650.0,4324.0,0.0
0.0,0.0,2928.0,2154.0,6869.0,7098.0,7098.0,1515.0,639.0,2928.0,0.0
0.0,3672.0,81.0,2133.0,10075.0,0.0,0.0,1517.0,616.0,81.0,0.0
0.0,13666.0,0.0,2099.0,10545.0,0.0,0.0,1517.0,582.0,0.0,0.0
0.0,24211.0,592.0,2075.0,7098.0,0.0,0.0,1517.0,558.0,0.0,592.0
0.0,30717.0,1208.0,2049.0,0.0,0.0,0.0,1492.0,557.0,0.0,1208.0
0.0,29509.0,1823.0,2029.0,0.0,0.0,0.0,1439.0,590.0,0.0,1823.0
0.0,27686.0,1861.0,1985.0,0.0,0.0,0.0,1359.0,626.0,0.0,1861.0
0.0,25825.0,2714.0,1956.0,0.0,0.0,0.0,1305.0,651.0,1436.0,1278.0
0.0,23111.0,2965.0,1956.0,0.0,0.0,0.0,1304.0,652.0,2889.0,76.0
0.0,20146.0,4333.0,2035.0,0.0,0.0,0.0,1383.0,652.0,4333.0,0.0
0.0,15813.0,4343.0,2119.0,0.0,0.0,0.0,1467.0,652.0,4343.0,0.0
0.0,11470.0,2896.0,2163.0,0.0,2241.0,2241.0,1522.0,641.0,2896.0,0.0
0.0,8574.0,8.0,2142.0,0.0,2144.0,2144.0,1523.0,619.0,8.0,0.0
0.0,8566.0,0.0,2107.0,0.0,1969.0,1969.0,1523.0,584.0,0.0,0.0
0.0,8566.0,590.0,2083.0,2241.0,198.0,198.0,1523.0,560.0,0.0,590.0
0.0,10217.0,1220.0,2056.0,2144.0,0.0,0.0,1497.0,559.0,0.0,1220.0
0.0,11141.0,1843.0,2036.0,1969.0,0.0,0.0,1443.0,593.0,0.0,1843.0
0.0,11267.0,1904.0,1991.0,198.0,394.0,394.0,1362.0,629.0,33.0,1871.0
0.0,9561.0,2748.0,1961.0,0.0,2992.0,2992.0,1308.0,653.0,1475.0,1273.0
0.0,6813.0,2985.0,1963.0,0.0,5987.0,5987.0,1309.0,654.0,2935.0,50.0
0.0,3828.0,4369.0,2044.0,394.0,10220.0,10220.0,1390.0,654.0,4369.0,0.0
0.0,0.0,4357.0,2128.0,2992.0,10640.0,10640.0,1474.0,654.0,4357.0,0.0
0.0,0.0,2887.0,2172.0,5987.0,9272.0,9272.0,1529.0,643.0,2887.0,0.0
0.0,1588.0,107.0,2152.0,10220.0,0.0,0.0,1531.0,621.0,107.0,0.0
0.0,11701.0,0.0,2117.0,10640.0,0.0,0.0,1531.0,586.0,0.0,0.0
0.0,22341.0,594.0,2093.0,9272.0,0.0,0.0,1531.0,562.0,0.0,594.0
0.0,31019.0,1224.0,2065.0,0.0,0.0,0.0,1504.0,561.0,0.0,1224.0
0.0,29795.0,1850.0,2045.0,0.0,0.0,0.0,1450.0,595.0,0.0,1850.0
0.0,27945.0,1883.0,1999.0,0.0,0.0,0.0,1368.0,631.0,0.0,1883.0
0.0,26062.0,2635.0,1968.0,0.0,0.0,0.0,1312.0,656.0,1346.0,1289.0
0.0,23427.0,2875.0,1967.0,0.0,0.0,0.0,1310.0,657.0,2815.0,60.0
0.0,20552.0,4265.0,2047.0,0.0,0.0,0.0,1390.0,657.0,4265.0,0.0
0.0,16287.0,4365.0,2131.0,0.0,0.0,0.0,1474.0,657.0,4365.0,0.0
0.0,11922.0,3000.0,2178.0,0.0,1968.0,1968.0,1532.0,646.0,3000.0,0.0
0.0,8922.0,209.0,2159.0,0.0,2082.0,2082.0,1536.0,623.0,209.0,0.0
0.0,8713.0,0.0,2125.0,0.0,1912.0,1912.0,1536.0,589.0,0.0,0.0
0.0,8713.0,586.0,2101.0,1968.0,410.0,410.0,1536.0,565.0,0.0,586.0
0.0,10095.0,1210.0,2071.0,2082.0,0.0,0.0,1508.0,563.0,0.0,1210.0
0.0,10967.0,1830.0,2048.0,1912.0,0.0,0.0,1452.0,596.0,0.0,1830.0
0.0,11049.0,1871.0,2001.0,410.0,417.0,417.0,1369.0,632.0,0.0,1871.0
0.0,9588.0,2679.0,1969.0,0.0,2936.0,2936.0,1312.0,657.0,1392.0,1287.0
0.0,6909.0,2963.0,1971.0,0.0,5909.0,5909.0,1312.0,659.0,2869.0,94.0
0.0,3946.0,4348.0,2055.0,417.0,10260.0,10260.0,1396.0,659.0,4348.0,0.0
0.0,15.0,4417.0,2139.0,2936.0,10695.0,10695.0,1480.0,659.0,4417.0,0.0
0.0,0.0,3009.0,2186.0,5909.0,9496.0,9496.0,1538.0,648.0,3009.0,0.0
0.0,1434.0,133.0,2165.0,10260.0,0.0,0.0,1541.0,624.0,133.0,0.0
0.0,11561.0,0.0,2130.0,10695.0,0.0,0.0,1541.0,589.0,0.0,0.0
0.0,22256.0,612.0,2106.0,9496.0,0.0,0.0,1541.0,565.0,0.0,612.0
0.0,31140.0,1246.0,2079.0,0.0,0.0,0.0,1514.0,565.0,0.0,1246.0
0.0,29894.0,1881.0,2059.0,0.0,0.0,0.0,1459.0,600.0,0.0,1881.0
0.0,28013.0,1903.0,2013.0,0.0,0.0,0.0,1376.0,637.0,0.0,1903.0
0.0,26110.0,2665.0,1981.0,0.0,0.0,0.0,1320.0,661.0,1380.0,1285.0
0.0,23445.0,2866.0,1980.0,0.0,0.0,0.0,1318.0,662.0,2840.0,26.0
0.0,20579.0,4295.0,2061.0,0.0,0.0,0.0,1399.0,662.0,4295.0,0.0
0.0,16284.0,4385.0,2145.0,0.0,0.0,0.0,1483.0,662.0,4385.0,0.0
0.0,11899.0,3021.0,2191.0,0.0,2077.0,2077.0,1541.0,650.0,3021.0,0.0
0.0,8878.0,202.0,2172.0,0.0,2184.0,2184.0,1545.0,627.0,202.0,0.0
0.0,8676.0,0.0,2137.0,0.0,2009.0,2009.0,1545.0,592.0,0.0,0.0
0.0,8676.0,597.0,2113.0,2077.0,409.0,409.0,1545.0,568.0,0.0,597.0
0.0,10156.0,1219.0,2085.0,2184.0,0.0,0.0,1518.0,567.0,0.0,1219.0
0.0,11121.0,1848.0,2063.0,2009.0,0.0,0.0,1462.0,601.0,0.0,1848.0
0.0,11282.0,1878.0,2016.0,409.0,267.0,267.0,1379.0,637.0,0.0,1878.0
0.0,9813.0,2724.0,1985.0,0.0,2836.0,2836.0,1323.0,662.0,1426.0,1298.0
0.0,7089.0,2996.0,1987.0,0.0,5842.0,5842.0,1323.0,664.0,2907.0,89.0
0.0,4093.0,4384.0,2071.0,267.0,10355.0,10355.0,1407.0,664.0,4384.0,0.0
0.0,0.0,4429.0,2156.0,2836.0,10780.0,10780.0,1492.0,664.0,4429.0,0.0
0.0,0.0,2989.0,2202.0,5842.0,9774.0,9774.0,1550.0,652.0,2989.0,0.0
0.0,1236.0,106.0,2181.0,10355.0,0.0,0.0,1552.0,629.0,106.0,0.0
0.0,11485.0,0.0,2145.0,10780.0,0.0,0.0,1552.0,593.0,0.0,0.0
0.0,22265.0,616.0,2120.0,9774.0,0.0,0.0,1551.0,569.0,0.0,616.0
0.0,31423.0,1254.0,2092.0,0.0,0.0,0.0,1523.0,569.0,0.0,1254.0
0.0,30169.0,1895.0,2070.0,0.0,0.0,0.0,1466.0,604.0,0.0,1895.0
0.0,28274.0,1912.0,2023.0,0.0,0.0,0.0,1382.0,641.0,0.0,1912.0
0.0,26362.0,2706.0,1992.0,0.0,0.0,0.0,1326.0,666.0,1418.0,1288.0
0.0,23656.0,2904.0,1992.0,0.0,0.0,0.0,1326.0,666.0,2885.0,19.0
0.0,20752.0,4374.0,2074.0,0.0,0.0,0.0,1408.0,666.0,4374.0,0.0
0.0,16378.0,4448.0,2159.0,0.0,0.0,0.0,1493.0,666.0,4448.0,0.0
0.0,11930.0,3050.0,2207.0,0.0,2155.0,2155.0,1552.0,655.0,3050.0,0.0
0.0,8880.0,160.0,2186.0,0.0,2210.0,2210.0,1555.0,631.0,160.0,0.0
0.0,8720.0,0.0,2151.0,0.0,2035.0,2035.0,1555.0,596.0,0.0,0.0
0.0,8720.0,626.0,2127.0,2155.0,386.0,386.0,1555.0,572.0,0.0,626.0
0.0,10249.0,1254.0,2100.0,2210.0,0.0,0.0,1529.0,571.0,0.0,1254.0
0.0,11205.0,1887.0,2081.0,2035.0,0.0,0.0,1475.0,606.0,0.0,1887.0
0.0,11353.0,1898.0,2035.0,386.0,334.0,334.0,1393.0,642.0,0.0,1898.0
0.0,9841.0,2682.0,2003.0,0.0,2856.0,2856.0,1336.0,667.0,1396.0,1286.0
0.0,7159.0,2927.0,2002.0,0.0,5778.0,5778.0,1334.0,668.0,2887.0,40.0
0.0,4232.0,4375.0,2082.0,334.0,10219.0,10219.0,1414.0,668.0,4375.0,0.0
0.0,191.0,4451.0,2168.0,2856.0,10840.0,10840.0,1500.0,668.0,4451.0,0.0
0.0,0.0,3042.0,2215.0,5778.0,9743.0,9743.0,1558.0,657.0,3042.0,0.0
0.0,1332.0,154.0,2194.0,10219.0,0.0,0.0,1561.0,633.0,154.0,0.0
0.0,11397.0,0.0,2159.0,10840.0,0.0,0.0,1561.0,598.0,0.0,0.0
0.0,22237.0,640.0,2136.0,9743.0,0.0,0.0,1561.0,575.0,0.0,640.0
0.0,31340.0,1279.0,2108.0,0.0,0.0,0.0,1534.0,574.0,0.0,1279.0
0.0,30061.0,1915.0,2088.0,0.0,0.0,0.0,1479.0,609.0,0.0,1915.0
0.0,28146.0,1913.0,2041.0,0.0,0.0,0.0,1395.0,646.0,0.0,1913.0
0.0,26233.0,2702.0,2009.0,0.0,0.0,0.0,1338.0,671.0,1433.0,1269.0
0.0,23531.0,2919.0,2007.0,0.0,0.0,0.0,1336.0,671.0,2919.0,0.0
0.0,20612.0,4418.0,2090.0,0.0,0.0,0.0,1419.0,671.0,4418.0,0.0
0.0,16194.0,4493.0,2176.0,0.0,0.0,0.0,1505.0,671.0,4493.0,0.0
0.0,11701.0,3059.0,2223.0,0.0,2473.0,2473.0,1564.0,659.0,3059.0,0.0
0.0,8642.0,131.0,2201.0,0.0,2494.0,2494.0,1566.0,635.0,131.0,0.0
0.0,8511.0,10.0,2165.0,0.0,2324.0,2324.0,1566.0,599.0,0.0,10.0
0.0,8501.0,648.0,2141.0,2473.0,379.0,379.0,1566.0,575.0,0.0,648.0
0.0,10326.0,1287.0,2115.0,2494.0,0.0,0.0,1540.0,575.0,0.0,1287.0
0.0,11533.0,1915.0,2096.0,2324.0,0.0,0.0,1485.0,611.0,0.0,1915.0
0.0,11942.0,1915.0,2051.0,379.0,0.0,0.0,1403.0,648.0,0.0,1915.0
0.0,10406.0,2664.0,2017.0,0.0,2343.0,2343.0,1345.0,672.0,1398.0,1266.0
0.0,7742.0,2897.0,2015.0,0.0,5230.0,5230.0,1343.0,672.0,2897.0,0.0
0.0,4845.0,4390.0,2095.0,0.0,10020.0,10020.0,1423.0,672.0,4390.0,0.0
0.0,455.0,4478.0,2182.0,2343.0,10910.0,10910.0,1510.0,672.0,4478.0,0.0
0.0,0.0,3085.0,2230.0,5230.0,10685.0,10685.0,1569.0,661.0,3085.0,0.0
0.0,465.0,209.0,2210.0,10020.0,774.0,774.0,1573.0,637.0,209.0,0.0
0.0,10276.0,16.0,2175.0,10910.0,0.0,0.0,1573.0,602.0,0.0,16.0
0.0,21170.0,656.0,2152.0,10685.0,0.0,0.0,1573.0,579.0,0.0,656.0
0.0,31199.0,1296.0,2124.0,774.0,0.0,0.0,1545.0,579.0,0.0,1296.0
0.0,30677.0,1918.0,2104.0,0.0,0.0,0.0,1490.0,614.0,0.0,1918.0
0.0,28759.0,1908.0,2055.0,0.0,0.0,0.0,1405.0,650.0,0.0,1908.0
0.0,26851.0,2659.0,2022.0,0.0,0.0,0.0,1347.0,675.0,1405.0,1254.0
0.0,24192.0,2911.0,2021.0,0.0,0.0,0.0,1346.0,675.0,2911.0,0.0
0.0,21281.0,4412.0,2103.0,0.0,0.0,0.0,1428.0,675.0,4412.0,0.0
0.0,16869.0,4506.0,2190.0,0.0,0.0,0.0,1515.0,675.0,4506.0,0.0
0.0,12363.0,3092.0,2238.0,0.0,1919.0,1919.0,1575.0,663.0,3092.0,0.0
0.0,9271.0,179.0,2217.0,0.0,1993.0,1993.0,1578.0,639.0,179.0,0.0
0.0,9092.0,27.0,2181.0,0.0,1840.0,1840.0,1578.0,603.0,0.0,27.0
0.0,9065.0,671.0,2157.0,1919.0,472.0,472.0,1578.0,579.0,0.0,671.0
0.0,10313.0,1319.0,2130.0,1993.0,0.0,0.0,1551.0,579.0,0.0,1319.0
0.0,10987.0,1944.0,2111.0,1840.0,0.0,0.0,1495.0,616.0,0.0,1944.0
0.0,10883.0,1914.0,2064.0,472.0,879.0,879.0,1411.0,653.0,0.0,1914.0
0.0,9441.0,2684.0,2030.0,0.0,3393.0,3393.0,1353.0,677.0,1446.0,1238.0
0.0,6757.0,2946.0,2028.0,0.0,6329.0,6329.0,1351.0,677.0,2946.0,0.0
0.0,3811.0,4436.0,2111.0,879.0,10301.0,10301.0,1434.0,677.0,4436.0,0.0
0.0,254.0,4496.0,2197.0,3393.0,10985.0,10985.0,1520.0,677.0,4496.0,0.0
0.0,0.0,3066.0,2244.0,6329.0,8806.0,8806.0,1579.0,665.0,3066.0,0.0
0.0,2414.0,149.0,2223.0,10301.0,0.0,0.0,1582.0,641.0,149.0,0.0
0.0,12566.0,13.0,2187.0,10985.0,0.0,0.0,1582.0,605.0,0.0,13.0
0.0,23538.0,656.0,2163.0,8806.0,0.0,0.0,1582.0,581.0,0.0,656.0
0.0,31688.0,1296.0,2136.0,0.0,0.0,0.0,1555.0,581.0,0.0,1296.0
0.0,30392.0,1923.0,2117.0,0.0,0.0,0.0,1500.0,617.0,0.0,1923.0
0.0,28469.0,1920.0,2069.0,0.0,0.0,0.0,1415.0,654.0,0.0,1920.0
0.0,26549.0,2745.0,2037.0,0.0,0.0,0.0,1358.0,679.0,1468.0,1277.0
0.0,23804.0,2979.0,2036.0,0.0,0.0,0.0,1357.0,679.0,2976.0,3.0
0.0,20825.0,4478.0,2119.0,0.0,0.0,0.0,1440.0,679.0,4478.0,0.0
0.0,16347.0,4511.0,2206.0,0.0,0.0,0.0,1527.0,679.0,4511.0,0.0
0.0,11836.0,3046.0,2252.0,0.0,2470.0,2470.0,1585.0,667.0,3046.0,0.0
0.0,8790.0,63.0,2228.0,0.0,2413.0,2413.0,1586.0,642.0,63.0,0.0
0.0,8727.0,43.0,2192.0,0.0,2276.0,2276.0,1586.0,606.0,0.0,43.0
0.0,8684.0,695.0,2169.0,2470.0,386.0,386.0,1586.0,583.0,0.0,695.0
0.0,10459.0,1355.0,2143.0,2413.0,0.0,0.0,1559.0,584.0,0.0,1355.0
0.0,11517.0,1961.0,2125.0,2276.0,0.0,0.0,1503.0,622.0,0.0,1961.0
0.0,11832.0,1950.0,2077.0,386.0,117.0,117.0,1418.0,659.0,36.0,1914.0
0.0,10268.0,2745.0,2044.0,0.0,2697.0,2697.0,1362.0,682.0,1543.0,1202.0
0.0,7523.0,3039.0,2043.0,0.0,5731.0,5731.0,1361.0,682.0,3039.0,0.0
0.0,4484.0,4524.0,2128.0,117.0,10563.0,10563.0,1446.0,682.0,4524.0,0.0
0.0,77.0,4508.0,2215.0,2697.0,11075.0,11075.0,1533.0,682.0,4508.0,0.0
0.0,0.0,2992.0,2259.0,5731.0,10290.0,10290.0,1590.0,669.0,2992.0,0.0
0.0,1005.0,0.0,2235.0,10563.0,0.0,0.0,1590.0,645.0,0.0,0.0
0.0,11568.0,25.0,2198.0,11075.0,0.0,0.0,1590.0,608.0,0.0,25.0
0.0,22618.0,672.0,2174.0,10290.0,0.0,0.0,1590.0,584.0,0.0,672.0
0.0,32236.0,1322.0,2148.0,0.0,0.0,0.0,1563.0,585.0,0.0,1322.0
0.0,30914.0,1945.0,2131.0,0.0,0.0,0.0,1508.0,623.0,0.0,1945.0
0.0,28969.0,1982.0,2084.0,0.0,0.0,0.0,1424.0,660.0,52.0,1930.0
0.0,26987.0,2855.0,2053.0,0.0,0.0,0.0,1369.0,684.0,1593.0,1262.0
0.0,24132.0,3118.0,2053.0,0.0,0.0,0.0,1369.0,684.0,3118.0,0.0
0.0,21014.0,4582.0,2137.0,0.0,0.0,0.0,1453.0,684.0,4582.0,0.0
0.0,16432.0,4507.0,2224.0,0.0,0.0,0.0,1540.0,684.0,4507.0,0.0
0.0,11925.0,2899.0,2267.0,0.0,2309.0,2309.0,1596.0,671.0,2899.0,0.0
0.0,9026.0,0.0,2242.0,0.0,2184.0,2184.0,1596.0,646.0,0.0,0.0
0.0,9026.0,45.0,2206.0,0.0,2049.0,2049.0,1596.0,610.0,0.0,45.0
0.0,8981.0,700.0,2183.0,2309.0,325.0,325.0,1596.0,587.0,0.0,700.0
0.0,10590.0,1352.0,2158.0,2184.0,0.0,0.0,1569.0,589.0,0.0,1352.0
0.0,11422.0,1961.0,2140.0,2049.0,0.0,0.0,1513.0,627.0,0.0,1961.0
0.0,11510.0,1979.0,2093.0,325.0,609.0,609.0,1429.0,664.0,62.0,1917.0
0.0,9856.0,2790.0,2060.0,0.0,3234.0,3234.0,1373.0,687.0,1574.0,1216.0
0.0,7066.0,3105.0,2060.0,0.0,6339.0,6339.0,1373.0,687.0,3105.0,0.0
0.0,3961.0,4575.0,2145.0,609.0,10725.0,10725.0,1458.0,687.0,4575.0,0.0
0.0,0.0,4541.0,2231.0,3234.0,11155.0,11155.0,1545.0,686.0,4541.0,0.0
0.0,0.0,2963.0,2275.0,6339.0,9311.0,9311.0,1602.0,673.0,2963.0,0.0
0.0,2064.0,0.0,2250.0,10725.0,0.0,0.0,1602.0,648.0,0.0,0.0
0.0,12789.0,52.0,2214.0,11155.0,0.0,0.0,1602.0,612.0,0.0,52.0
0.0,23892.0,704.0,2190.0,9311.0,0.0,0.0,1602.0,588.0,0.0,704.0
0.0,32499.0,1356.0,2165.0,0.0,0.0,0.0,1574.0,591.0,0.0,1356.0
0.0,31143.0,1963.0,2145.0,0.0,0.0,0.0,1517.0,628.0,0.0,1963.0
0.0,29180.0,1965.0,2098.0,0.0,0.0,0.0,1433.0,665.0,50.0,1915.0
0.0,27215.0,2798.0,2066.0,0.0,0.0,0.0,1377.0,689.0,1583.0,1215.0
0.0,24417.0,3112.0,2067.0,0.0,0.0,0.0,1378.0,689.0,3112.0,0.0
0.0,21305.0,4591.0,2152.0,0.0,0.0,0.0,1463.0,689.0,4591.0,0.0
0.0,16714.0,4535.0,2238.0,0.0,0.0,0.0,1550.0,688.0,4535.0,0.0
0.0,12179.0,2957.0,2283.0,0.0,2193.0,2193.0,1607.0,676.0,2957.0,0.0
0.0,9222.0,0.0,2258.0,0.0,2068.0,2068.0,1607.0,651.0,0.0,0.0
0.0,9222.0,69.0,2222.0,0.0,1957.0,1957.0,1607.0,615.0,0.0,69.0
0.0,9153.0,727.0,2199.0,2193.0,376.0,376.0,1607.0,592.0,0.0,727.0
0.0,10619.0,1382.0,2173.0,2068.0,0.0,0.0,1579.0,594.0,0.0,1382.0
0.0,11305.0,1969.0,2154.0,1957.0,0.0,0.0,1522.0,632.0,0.0,1969.0
0.0,11293.0,1984.0,2106.0,376.0,845.0,845.0,1437.0,669.0,88.0,1896.0
0.0,9685.0,2788.0,2073.0,0.0,3468.0,3468.0,1382.0,691.0,1615.0,1173.0
0.0,6897.0,3157.0,2075.0,0.0,6635.0,6635.0,1384.0,691.0,3157.0,0.0
0.0,3740.0,4622.0,2163.0,845.0,10815.0,10815.0,1472.0,691.0,4622.0,0.0
0.0,0.0,4548.0,2249.0,3468.0,11245.0,11245.0,1559.0,690.0,4548.0,0.0
0.0,0.0,2923.0,2292.0,6635.0,8865.0,8865.0,1615.0,677.0,2923.0,0.0
0.0,2595.0,0.0,2266.0,10815.0,0.0,0.0,1615.0,651.0,0.0,0.0
0.0,13410.0,81.0,2230.0,11245.0,0.0,0.0,1615.0,615.0,0.0,81.0
0.0,24574.0,743.0,2207.0,8865.0,0.0,0.0,1615.0,592.0,0.0,743.0
0.0,32696.0,1413.0,2181.0,0.0,0.0,0.0,1585.0,596.0,0.0,1413.0
0.0,31283.0,2000.0,2161.0,0.0,0.0,0.0,1526.0,635.0,0.0,2000.0
0.0,29283.0,2000.0,2113.0,0.0,0.0,0.0,1441.0,672.0,77.0,1923.0
0.0,27283.0,2783.0,2079.0,0.0,0.0,0.0,1385.0,694.0,1616.0,1167.0
0.0,24500.0,3153.0,2082.0,0.0,0.0,0.0,1388.0,694.0,3153.0,0.0
0.0,21347.0,4605.0,2171.0,0.0,0.0,0.0,1477.0,694.0,4605.0,0.0
0.0,16742.0,4528.0,2258.0,0.0,0.0,0.0,1564.0,694.0,4528.0,0.0
0.0,12214.0,2935.0,2301.0,0.0,2226.0,2226.0,1620.0,681.0,2935.0,0.0
0.0,9279.0,0.0,2275.0,0.0,2096.0,2096.0,1620.0,655.0,0.0,0.0
0.0,9279.0,44.0,2239.0,0.0,1960.0,1960.0,1620.0,619.0,0.0,44.0
0.0,9235.0,700.0,2215.0,2226.0,314.0,314.0,1620.0,595.0,0.0,700.0
0.0,10761.0,1353.0,2186.0,2096.0,0.0,0.0,1589.0,597.0,0.0,1353.0
0.0,11504.0,1965.0,2164.0,1960.0,0.0,0.0,1529.0,635.0,0.0,1965.0
0.0,11499.0,2043.0,2115.0,314.0,805.0,805.0,1443.0,672.0,115.0,1928.0
0.0,9770.0,2921.0,2085.0,0.0,3576.0,3576.0,1389.0,696.0,1676.0,1245.0
0.0,6849.0,3230.0,2091.0,0.0,6836.0,6836.0,1395.0,696.0,3230.0,0.0
0.0,3619.0,4664.0,2181.0,805.0,10905.0,10905.0,1485.0,696.0,4664.0,0.0
0.0,0.0,4534.0,2267.0,3576.0,11335.0,11335.0,1572.0,695.0,4534.0,0.0
0.0,0.0,2841.0,2307.0,6836.0,8738.0,8738.0,1626.0,681.0,2841.0,0.0
0.0,2797.0,0.0,2281.0,10905.0,0.0,0.0,1626.0,655.0,0.0,0.0
0.0,13702.0,82.0,2245.0,11335.0,0.0,0.0,1626.0,619.0,0.0,82.0
0.0,24955.0,751.0,2222.0,8738.0,0.0,0.0,1625.0,597.0,0.0,751.0
0.0,32942.0,1418.0,2196.0,0.0,0.0,0.0,1595.0,601.0,0.0,1418.0
0.0,31524.0,2000.0,2174.0,0.0,0.0,0.0,1535.0,639.0,0.0,2000.0
0.0,29524.0,2020.0,2125.0,0.0,0.0,0.0,1449.0,676.0,103.0,1917.0
0.0,27504.0,2804.0,2092.0,0.0,0.0,0.0,1394.0,698.0,1643.0,1161.0
0.0,24700.0,3174.0,2096.0,0.0,0.0,0.0,1398.0,698.0,3174.0,0.0
0.0,21526.0,4630.0,2185.0,0.0,0.0,0.0,1487.0,698.0,4630.0,0.0
0.0,16896.0,4546.0,2271.0,0.0,0.0,0.0,1574.0,697.0,4546.0,0.0
0.0,12350.0,2936.0,2315.0,0.0,2161.0,2161.0,1631.0,684.0,2936.0,0.0
0.0,9414.0,0.0,2289.0,0.0,2031.0,2031.0,1631.0,658.0,0.0,0.0
0.0,9414.0,83.0,2253.0,0.0,1934.0,1934.0,1631.0,622.0,0.0,83.0
0.0,9331.0,745.0,2229.0,2161.0,398.0,398.0,1630.0,599.0,0.0,745.0
0.0,10747.0,1404.0,2202.0,2031.0,0.0,0.0,1599.0,603.0,0.0,1404.0
0.0,11374.0,1982.0,2180.0,1934.0,0.0,0.0,1539.0,641.0,0.0,1982.0
0.0,11326.0,2065.0,2132.0,398.0,1001.0,1001.0,1454.0,678.0,154.0,1911.0
0.0,9659.0,2892.0,2100.0,0.0,3733.0,3733.0,1400.0,700.0,1714.0,1178.0
0.0,6767.0,3266.0,2106.0,0.0,7029.0,7029.0,1406.0,700.0,3266.0,0.0
0.0,3501.0,4668.0,2195.0,1001.0,10975.0,10975.0,1495.0,700.0,4668.0,0.0
0.0,0.0,4511.0,2281.0,3733.0,11405.0,11405.0,1582.0,699.0,4511.0,0.0
0.0,0.0,2787.0,2321.0,7029.0,8307.0,8307.0,1636.0,685.0,2787.0,0.0
0.0,3298.0,0.0,2294.0,10975.0,0.0,0.0,1636.0,658.0,0.0,0.0
0.0,14273.0,111.0,2259.0,11405.0,0.0,0.0,1636.0,623.0,0.0,111.0
0.0,25567.0,790.0,2235.0,8307.0,0.0,0.0,1634.0,601.0,0.0,790.0
0.0,33084.0,1461.0,2210.0,0.0,0.0,0.0,1603.0,607.0,0.0,1461.0
0.0,31623.0,2016.0,2188.0,0.0,0.0,0.0,1542.0,646.0,0.0,2016.0
0.0,29607.0,2092.0,2139.0,0.0,0.0,0.0,1457.0,682.0,200.0,1892.0
0.0,27515.0,2841.0,2106.0,0.0,0.0,0.0,1403.0,703.0,1743.0,1098.0
0.0,24674.0,3302.0,2114.0,0.0,0.0,0.0,1411.0,703.0,3302.0,0.0
0.0,21372.0,4674.0,2203.0,0.0,0.0,0.0,1500.0,703.0,4674.0,0.0
0.0,16698.0,4501.0,2289.0,0.0,0.0,0.0,1587.0,702.0,4501.0,0.0
0.0,12197.0,2773.0,2327.0,0.0,2211.0,2211.0,1640.0,687.0,2773.0,0.0
0.0,9424.0,0.0,2300.0,0.0,2076.0,2076.0,1640.0,660.0,0.0,0.0
0.0,9424.0,117.0,2264.0,0.0,2013.0,2013.0,1640.0,624.0,0.0,117.0
0.0,9307.0,790.0,2241.0,2211.0,477.0,477.0,1639.0,602.0,0.0,790.0
0.0,10728.0,1460.0,2216.0,2076.0,0.0,0.0,1608.0,608.0,0.0,1460.0
0.0,11344.0,2015.0,2193.0,2013.0,0.0,0.0,1547.0,646.0,0.0,2015.0
0.0,11342.0,2088.0,2145.0,477.0,994.0,994.0,1462.0,683.0,191.0,1897.0
0.0,9731.0,2858.0,2113.0,0.0,3692.0,3692.0,1409.0,704.0,1755.0,1103.0
0.0,6873.0,3313.0,2120.0,0.0,7040.0,7040.0,1416.0,704.0,3313.0,0.0
0.0,3560.0,4676.0,2210.0,994.0,11050.0,11050.0,1506.0,704.0,4676.0,0.0
0.0,0.0,4468.0,2295.0,3692.0,11475.0,11475.0,1592.0,703.0,4468.0,0.0
0.0,0.0,2729.0,2335.0,7040.0,8262.0,8262.0,1645.0,690.0,2729.0,0.0
0.0,3413.0,0.0,2309.0,11050.0,0.0,0.0,1645.0,664.0,0.0,0.0
0.0,14463.0,130.0,2274.0,11475.0,0.0,0.0,1645.0,629.0,0.0,130.0
0.0,25808.0,803.0,2249.0,8262.0,0.0,0.0,1642.0,607.0,0.0,803.0
0.0,33267.0,1474.0,2221.0,0.0,0.0,0.0,1610.0,611.0,0.0,1474.0
0.0,31793.0,2015.0,2198.0,0.0,0.0,0.0,1548.0,650.0,0.0,2015.0
0.0,29778.0,2187.0,2150.0,0.0,0.0,0.0,1464.0,686.0,303.0,1884.0
0.0,27591.0,2960.0,2120.0,0.0,0.0,0.0,1413.0,707.0,1872.0,1088.0
0.0,24631.0,3449.0,2132.0,0.0,0.0,0.0,1425.0,707.0,3449.0,0.0
0.0,21182.0,4723.0,2222.0,0.0,0.0,0.0,1515.0,707.0,4723.0,0.0
0.0,16459.0,4421.0,2306.0,0.0,0.0,0.0,1600.0,706.0,4421.0,0.0
0.0,12038.0,2546.0,2340.0,0.0,2208.0,2208.0,1649.0,691.0,2546.0,0.0
0.0,9492.0,0.0,2313.0,0.0,2073.0,2073.0,1649.0,664.0,0.0,0.0
0.0,9492.0,140.0,2277.0,0.0,2033.0,2033.0,1649.0,628.0,0.0,140.0
0.0,9352.0,810.0,2254.0,2208.0,520.0,520.0,1647.0,607.0,0.0,810.0
0.0,10750.0,1487.0,2229.0,2073.0,0.0,0.0,1616.0,613.0,0.0,1487.0
0.0,11336.0,2028.0,2207.0,2033.0,0.0,0.0,1555.0,652.0,0.0,2028.0
0.0,11341.0,2193.0,2161.0,520.0,1137.0,1137.0,1472.0,689.0,301.0,1892.0
0.0,9668.0,2950.0,2129.0,0.0,3927.0,3927.0,1420.0,709.0,1874.0,1076.0
0.0,6718.0,3447.0,2139.0,0.0,7424.0,7424.0,1430.0,709.0,3447.0,0.0
0.0,3271.0,4720.0,2230.0,1137.0,11150.0,11150.0,1521.0,709.0,4720.0,0.0
0.0,0.0,4414.0,2314.0,3927.0,11570.0,11570.0,1606.0,708.0,4414.0,0.0
0.0,0.0,2565.0,2348.0,7424.0,7680.0,7680.0,1655.0,693.0,2565.0,0.0
0.0,4060.0,0.0,2321.0,11150.0,0.0,0.0,1655.0,666.0,0.0,0.0
0.0,15210.0,147.0,2286.0,11570.0,0.0,0.0,1655.0,631.0,0.0,147.0
0.0,26633.0,824.0,2262.0,7680.0,0.0,0.0,1652.0,610.0,0.0,824.0
0.0,33489.0,1492.0,2235.0,0.0,0.0,0.0,1619.0,616.0,0.0,1492.0
0.0,31997.0,2019.0,2211.0,0.0,0.0,0.0,1556.0,655.0,0.0,2019.0
0.0,29978.0,2193.0,2164.0,0.0,0.0,0.0,1473.0,691.0,315.0,1878.0
0.0,27785.0,2983.0,2135.0,0.0,0.0,0.0,1423.0,712.0,1917.0,1066.0
0.0,24802.0,3500.0,2148.0,0.0,0.0,0.0,1436.0,712.0,3500.0,0.0
0.0,21302.0,4761.0,2240.0,0.0,0.0,0.0,1528.0,712.0,4761.0,0.0
0.0,16541.0,4417.0,2322.0,0.0,0.0,0.0,1613.0,709.0,4417.0,0.0
0.0,12124.0,2486.0,2355.0,0.0,2137.0,2137.0,1661.0,694.0,2486.0,0.0
0.0,9638.0,0.0,2327.0,0.0,1997.0,1997.0,1661.0,666.0,0.0,0.0
0.0,9638.0,168.0,2292.0,0.0,1990.0,1990.0,1661.0,631.0,0.0,168.0
0.0,9470.0,851.0,2268.0,2137.0,584.0,584.0,1657.0,611.0,0.0,851.0
0.0,10756.0,1543.0,2242.0,1997.0,0.0,0.0,1623.0,619.0,0.0,1543.0
0.0,11210.0,2055.0,2219.0,1990.0,0.0,0.0,1560.0,659.0,0.0,2055.0
0.0,11145.0,2230.0,2172.0,584.0,1361.0,1361.0,1477.0,695.0,347.0,1883.0
0.0,9499.0,2943.0,2141.0,0.0,4149.0,4149.0,1427.0,714.0,1926.0,1017.0
0.0,6556.0,3498.0,2155.0,0.0,7717.0,7717.0,1441.0,714.0,3498.0,0.0
0.0,3058.0,4734.0,2246.0,1361.0,11230.0,11230.0,1532.0,714.0,4734.0,0.0
0.0,0.0,4408.0,2329.0,4149.0,11645.0,11645.0,1617.0,712.0,4408.0,0.0
0.0,0.0,2510.0,2362.0,7717.0,7177.0,7177.0,1665.0,697.0,2510.0,0.0
0.0,4633.0,0.0,2334.0,11230.0,0.0,0.0,1665.0,669.0,0.0,0.0
0.0,15863.0,154.0,2298.0,11645.0,0.0,0.0,1665.0,633.0,0.0,154.0
0.0,27354.0,838.0,2274.0,7177.0,0.0,0.0,1661.0,613.0,0.0,838.0
0.0,33693.0,1512.0,2249.0,0.0,0.0,0.0,1628.0,621.0,0.0,1512.0
0.0,32181.0,2035.0,2224.0,0.0,0.0,0.0,1564.0,660.0,0.0,2035.0
0.0,30146.0,2273.0,2178.0,0.0,0.0,0.0,1482.0,696.0,395.0,1878.0
0.0,27873.0,3052.0,2150.0,0.0,0.0,0.0,1434.0,716.0,1999.0,1053.0
0.0,24821.0,3593.0,2167.0,0.0,0.0,0.0,1451.0,716.0,3593.0,0.0
0.0,21228.0,4788.0,2259.0,0.0,0.0,0.0,1543.0,716.0,4788.0,0.0
0.0,16440.0,4364.0,2341.0,0.0,0.0,0.0,1627.0,714.0,4364.0,0.0
0.0,12076.0,2355.0,2370.0,0.0,2129.0,2129.0,1672.0,698.0,2355.0,0.0
0.0,9721.0,0.0,2342.0,0.0,1989.0,1989.0,1672.0,670.0,0.0,0.0
0.0,9721.0,169.0,2306.0,0.0,1978.0,1978.0,1672.0,634.0,0.0,169.0
0.0,9552.0,855.0,2281.0,2129.0,579.0,579.0,1666.0,615.0,0.0,855.0
0.0,10826.0,1542.0,2253.0,1989.0,0.0,0.0,1630.0,623.0,0.0,1542.0
0.0,11273.0,2053.0,2227.0,1978.0,0.0,0.0,1564.0,663.0,0.0,2053.0
0.0,11198.0,2306.0,2180.0,579.0,1429.0,1429.0,1481.0,699.0,426.0,1880.0
0.0,9471.0,3027.0,2154.0,0.0,4326.0,4326.0,1435.0,719.0,2006.0,1021.0
0.0,6444.0,3602.0,2174.0,0.0,8028.0,8028.0,1455.0,719.0,3602.0,0.0
0.0,2842.0,4791.0,2266.0,1429.0,11330.0,11330.0,1547.0,719.0,4791.0,0.0
0.0,0.0,4391.0,2348.0,4326.0,11740.0,11740.0,1632.0,716.0,4391.0,0.0
0.0,0.0,2388.0,2378.0,8028.0,6835.0,6835.0,1678.0,700.0,2388.0,0.0
0.0,5055.0,0.0,2350.0,11330.0,0.0,0.0,1678.0,672.0,0.0,0.0
0.0,16385.0,173.0,2314.0,11740.0,0.0,0.0,1678.0,636.0,0.0,173.0
0.0,27952.0,863.0,2288.0,6835.0,0.0,0.0,1672.0,616.0,0.0,863.0
0.0,33924.0,1548.0,2261.0,0.0,0.0,0.0,1636.0,625.0,0.0,1548.0
0.0,32376.0,2066.0,2235.0,0.0,0.0,0.0,1570.0,665.0,0.0,2066.0
0.0,30310.0,2317.0,2188.0,0.0,0.0,0.0,1487.0,701.0,429.0,1888.0
0.0,27993.0,3067.0,2162.0,0.0,0.0,0.0,1441.0,721.0,2036.0,1031.0
0.0,24926.0,3634.0,2183.0,0.0,0.0,0.0,1462.0,721.0,3634.0,0.0
0.0,21292.0,4795.0,2275.0,0.0,0.0,0.0,1554.0,721.0,4795.0,0.0
0.0,16497.0,4345.0,2356.0,0.0,0.0,0.0,1638.0,718.0,4345.0,0.0
0.0,12152.0,2312.0,2385.0,0.0,2085.0,2085.0,1682.0,703.0,2312.0,0.0
0.0,9840.0,0.0,2356.0,0.0,1940.0,1940.0,1682.0,674.0,0.0,0.0
0.0,9840.0,172.0,2320.0,0.0,1932.0,1932.0,1682.0,638.0,0.0,172.0
0.0,9668.0,861.0,2295.0,2085.0,583.0,583.0,1676.0,619.0,0.0,861.0
0.0,10892.0,1547.0,2267.0,1940.0,50.0,50.0,1639.0,628.0,0.0,1547.0
0.0,11285.0,2058.0,2240.0,1932.0,41.0,41.0,1572.0,668.0,0.0,2058.0
0.0,11159.0,2360.0,2193.0,583.0,1583.0,1583.0,1489.0,704.0,478.0,1882.0
0.0,9382.0,3118.0,2168.0,50.0,4526.0,4526.0,1445.0,723.0,2093.0,1025.0
0.0,6314.0,3710.0,2191.0,41.0,8310.0,8310.0,1468.0,723.0,3710.0,0.0
0.0,2645.0,4849.0,2285.0,1583.0,11425.0,11425.0,1562.0,723.0,4849.0,0.0
0.0,0.0,4361.0,2365.0,4526.0,11825.0,11825.0,1645.0,720.0,4361.0,0.0
0.0,0.0,2254.0,2393.0,8310.0,6365.0,6365.0,1689.0,704.0,2254.0,0.0
0.0,5600.0,0.0,2363.0,11425.0,0.0,0.0,1689.0,674.0,0.0,0.0
0.0,17025.0,197.0,2327.0,11825.0,0.0,0.0,1689.0,638.0,0.0,197.0
0.0,28653.0,890.0,2301.0,6365.0,0.0,0.0,1682.0,619.0,0.0,890.0
0.0,34128.0,1584.0,2275.0,0.0,0.0,0.0,1645.0,630.0,0.0,1584.0
0.0,32544.0,2089.0,2248.0,0.0,0.0,0.0,1578.0,670.0,0.0,2089.0
0.0,30455.0,2346.0,2203.0,0.0,0.0,0.0,1496.0,707.0,456.0,1890.0
0.0,28109.0,3067.0,2177.0,0.0,0.0,0.0,1451.0,726.0,2075.0,992.0
0.0,25042.0,3679.0,2199.0,0.0,0.0,0.0,1473.0,726.0,3679.0,0.0
0.0,21363.0,4824.0,2292.0,0.0,0.0,0.0,1566.0,726.0,4824.0,0.0
0.0,16539.0,4371.0,2373.0,0.0,0.0,0.0,1650.0,723.0,4371.0,0.0
0.0,12168.0,2313.0,2401.0,0.0,2150.0,2150.0,1694.0,707.0,2313.0,0.0
0.0,9855.0,0.0,2372.0,0.0,2005.0,2005.0,1694.0,678.0,0.0,0.0
0.0,9855.0,187.0,2336.0,0.0,2012.0,2012.0,1694.0,642.0,0.0,187.0
0.0,9668.0,878.0,2310.0,2150.0,610.0,610.0,1687.0,623.0,0.0,878.0
0.0,10940.0,1565.0,2281.0,2005.0,25.0,25.0,1648.0,633.0,0.0,1565.0
0.0,11380.0,2070.0,2252.0,2012.0,0.0,0.0,1579.0,673.0,0.0,2070.0
0.0,11322.0,2391.0,2206.0,610.0,1489.0,1489.0,1497.0,709.0,507.0,1884.0
0.0,9541.0,3159.0,2182.0,25.0,4503.0,4503.0,1454.0,728.0,2143.0,1016.0
0.0,6407.0,3768.0,2209.0,0.0,8406.0,8406.0,1481.0,728.0,3768.0,0.0
0.0,2639.0,4876.0,2303.0,1489.0,11515.0,11515.0,1575.0,728.0,4876.0,0.0
0.0,0.0,4353.0,2384.0,4503.0,11920.0,11920.0,1659.0,725.0,4353.0,0.0
0.0,0.0,2198.0,2410.0,8406.0,6440.0,6440.0,1701.0,709.0,2198.0,0.0
0.0,5610.0,0.0,2380.0,11515.0,0.0,0.0,1701.0,679.0,0.0,0.0
0.0,17125.0,198.0,2344.0,11920.0,0.0,0.0,1701.0,643.0,0.0,198.0
0.0,28847.0,904.0,2318.0,6440.0,0.0,0.0,1693.0,625.0,0.0,904.0
0.0,34383.0,1602.0,2290.0,0.0,0.0,0.0,1654.0,636.0,0.0,1602.0
0.0,32781.0,2098.0,2261.0,0.0,0.0,0.0,1585.0,676.0,0.0,2098.0
0.0,30683.0,2424.0,2216.0,0.0,0.0,0.0,1503.0,713.0,531.0,1893.0
0.0,28259.0,3123.0,2191.0,0.0,0.0,0.0,1460.0,731.0,2142.0,981.0
0.0,25136.0,3752.0,2217.0,0.0,0.0,0.0,1486.0,731.0,3752.0,0.0
0.0,21384.0,4855.0,2311.0,0.0,0.0,0.0,1580.0,731.0,4855.0,0.0
0.0,16529.0,4349.0,2391.0,0.0,0.0,0.0,1663.0,728.0,4349.0,0.0
0.0,12180.0,2233.0,2417.0,0.0,2138.0,2138.0,1706.0,711.0,2233.0,0.0
0.0,9947.0,0.0,2388.0,0.0,1993.0,1993.0,1706.0,682.0,0.0,0.0
0.0,9947.0,189.0,2352.0,0.0,2002.0,2002.0,1706.0,646.0,0.0,189.0
0.0,9758.0,880.0,2324.0,2138.0,604.0,604.0,1698.0,626.0,0.0,880.0
0.0,11016.0,1574.0,2296.0,1993.0,45.0,45.0,1659.0,637.0,0.0,1574.0
0.0,11435.0,2078.0,2266.0,2002.0,0.0,0.0,1589.0,677.0,0.0,2078.0
0.0,11359.0,2447.0,2220.0,604.0,1584.0,1584.0,1507.0,713.0,546.0,1901.0
0.0,9516.0,3212.0,2199.0,45.0,4646.0,4646.0,1466.0,733.0,2186.0,1026.0
0.0,6349.0,3804.0,2227.0,0.0,8590.0,8590.0,1494.0,733.0,3804.0,0.0
0.0,2545.0,4891.0,2321.0,1584.0,11605.0,11605.0,1588.0,733.0,4891.0,0.0
0.0,0.0,4332.0,2402.0,4646.0,12010.0,12010.0,1672.0,730.0,4332.0,0.0
0.0,0.0,2143.0,2426.0,8590.0,6131.0,6131.0,1713.0,713.0,2143.0,0.0
0.0,5999.0,0.0,2396.0,11605.0,0.0,0.0,1713.0,683.0,0.0,0.0
0.0,17604.0,208.0,2361.0,12010.0,0.0,0.0,1713.0,648.0,0.0,208.0
0.0,29406.0,904.0,2333.0,6131.0,0.0,0.0,1704.0,629.0,0.0,904.0
0.0,34633.0,1606.0,2303.0,0.0,0.0,0.0,1663.0,640.0,0.0,1606.0
0.0,33027.0,2100.0,2272.0,0.0,0.0,0.0,1592.0,680.0,0.0,2100.0
0.0,30927.0,2480.0,2227.0,0.0,0.0,0.0,1510.0,717.0,586.0,1894.0
0.0,28447.0,3191.0,2205.0,0.0,0.0,0.0,1469.0,736.0,2204.0,987.0
0.0,25256.0,3840.0,2235.0,0.0,0.0,0.0,1499.0,736.0,3840.0,0.0
0.0,21416.0,4894.0,2329.0,0.0,0.0,0.0,1593.0,736.0,4894.0,0.0
0.0,16522.0,4325.0,2408.0,0.0,0.0,0.0,1676.0,732.0,4325.0,0.0
0.0,12197.0,2115.0,2432.0,0.0,2078.0,2078.0,1717.0,715.0,2115.0,0.0
0.0,10082.0,0.0,2401.0,0.0,1923.0,1923.0,1717.0,684.0,0.0,0.0
0.0,10082.0,210.0,2365.0,0.0,1953.0,1953.0,1717.0,648.0,0.0,210.0
0.0,9872.0,910.0,2338.0,2078.0,650.0,650.0,1708.0,630.0,0.0,910.0
0.0,11040.0,1612.0,2309.0,1923.0,194.0,194.0,1668.0,641.0,0.0,1612.0
0.0,11351.0,2110.0,2280.0,1953.0,206.0,206.0,1598.0,682.0,0.0,2110.0
0.0,11194.0,2480.0,2235.0,650.0,1811.0,1811.0,1516.0,719.0,575.0,1905.0
0.0,9364.0,3213.0,2213.0,194.0,4720.0,4720.0,1475.0,738.0,2217.0,996.0
0.0,6345.0,3856.0,2242.0,206.0,8515.0,8515.0,1504.0,738.0,3856.0,0.0
0.0,2695.0,4917.0,2337.0,1811.0,11685.0,11685.0,1599.0,738.0,4917.0,0.0
0.0,0.0,4328.0,2416.0,4720.0,12080.0,12080.0,1682.0,734.0,4328.0,0.0
0.0,0.0,2120.0,2440.0,8515.0,5824.0,5824.0,1723.0,717.0,2120.0,0.0
0.0,6376.0,0.0,2410.0,11685.0,0.0,0.0,1723.0,687.0,0.0,0.0
0.0,18061.0,205.0,2374.0,12080.0,0.0,0.0,1723.0,651.0,0.0,205.0
0.0,29936.0,910.0,2346.0,5824.0,0.0,0.0,1713.0,633.0,0.0,910.0
0.0,34850.0,1613.0,2316.0,0.0,0.0,0.0,1672.0,644.0,0.0,1613.0
0.0,33237.0,2106.0,2284.0,0.0,0.0,0.0,1599.0,685.0,0.0,2106.0
0.0,31131.0,2520.0,2239.0,0.0,0.0,0.0,1518.0,721.0,625.0,1895.0
0.0,28611.0,3257.0,2218.0,0.0,0.0,0.0,1478.0,740.0,2267.0,990.0
0.0,25354.0,3917.0,2251.0,0.0,0.0,0.0,1511.0,740.0,3917.0,0.0
0.0,21437.0,4951.0,2346.0,0.0,0.0,0.0,1606.0,740.0,4951.0,0.0
0.0,16486.0,4326.0,2425.0,0.0,0.0,0.0,1689.0,736.0,4326.0,0.0
0.0,12160.0,2057.0,2448.0,0.0,2137.0,2137.0,1729.0,719.0,2057.0,0.0
0.0,10103.0,0.0,2417.0,0.0,1982.0,1982.0,1729.0,688.0,0.0,0.0
0.0,10103.0,227.0,2381.0,0.0,2029.0,2029.0,1729.0,652.0,0.0,227.0
0.0,9876.0,939.0,2352.0,2137.0,686.0,686.0,1718.0,634.0,0.0,939.0
0.0,11074.0,1649.0,2324.0,1982.0,213.0,213.0,1677.0,647.0,0.0,1649.0
0.0,11407.0,2131.0,2293.0,2029.0,160.0,160.0,1605.0,688.0,0.0,2131.0
0.0,11305.0,2533.0,2248.0,686.0,1782.0,1782.0,1524.0,724.0,632.0,1901.0
0.0,9458.0,3239.0,2227.0,213.0,4703.0,4703.0,1484.0,743.0,2284.0,955.0
0.0,6432.0,3925.0,2260.0,160.0,8633.0,8633.0,1517.0,743.0,3925.0,0.0
0.0,2667.0,4939.0,2355.0,1782.0,11775.0,11775.0,1612.0,743.0,4939.0,0.0
0.0,0.0,4293.0,2433.0,4703.0,12165.0,12165.0,1694.0,739.0,4293.0,0.0
0.0,0.0,2033.0,2455.0,8633.0,5755.0,5755.0,1733.0,722.0,2033.0,0.0
0.0,6520.0,0.0,2425.0,11775.0,0.0,0.0,1733.0,692.0,0.0,0.0
0.0,18295.0,206.0,2389.0,12165.0,0.0,0.0,1733.0,656.0,0.0,206.0
0.0,30254.0,914.0,2360.0,5755.0,0.0,0.0,1723.0,637.0,0.0,914.0
0.0,35095.0,1616.0,2329.0,0.0,0.0,0.0,1681.0,648.0,0.0,1616.0
0.0,33479.0,2114.0,2297.0,0.0,0.0,0.0,1608.0,689.0,0.0,2114.0
0.0,31365.0,2565.0,2251.0,0.0,0.0,0.0,1526.0,725.0,656.0,1909.0
0.0,28800.0,3331.0,2232.0,0.0,0.0,0.0,1487.0,745.0,2318.0,1013.0
0.0,25469.0,3975.0,2268.0,0.0,0.0,0.0,1523.0,745.0,3975.0,0.0
0.0,21494.0,4984.0,2363.0,0.0,0.0,0.0,1618.0,745.0,4984.0,0.0
0.0,16510.0,4320.0,2443.0,0.0,25.0,25.0,1702.0,741.0,4320.0,0.0
0.0,12190.0,1992.0,2464.0,0.0,2122.0,2122.0,1740.0,724.0,1992.0,0.0
0.0,10198.0,0.0,2433.0,0.0,1967.0,1967.0,1740.0,693.0,0.0,0.0
0.0,10198.0,231.0,2397.0,25.0,1993.0,1993.0,1740.0,657.0,0.0,231.0
0.0,9992.0,947.0,2367.0,2122.0,668.0,668.0,1729.0,638.0,0.0,947.0
0.0,11167.0,1666.0,2338.0,1967.0,222.0,222.0,1686.0,652.0,0.0,1666.0
0.0,11468.0,2149.0,2305.0,1993.0,213.0,213.0,1612.0,693.0,0.0,2149.0
0.0,11312.0,2563.0,2261.0,668.0,1888.0,1888.0,1531.0,730.0,650.0,1913.0
0.0,9417.0,3251.0,2240.0,222.0,4812.0,4812.0,1492.0,748.0,2300.0,951.0
0.0,6388.0,3950.0,2275.0,213.0,8724.0,8724.0,1527.0,748.0,3950.0,0.0
0.0,2651.0,4956.0,2370.0,1888.0,11850.0,11850.0,1622.0,748.0,4956.0,0.0
0.0,0.0,4336.0,2450.0,4812.0,12191.0,12191.0,1706.0,744.0,4336.0,0.0
0.0,59.0,2058.0,2471.0,8724.0,5630.0,5630.0,1745.0,726.0,2058.0,0.0
0.0,6725.0,0.0,2440.0,11850.0,0.0,0.0,1745.0,695.0,0.0,0.0
0.0,18575.0,221.0,2404.0,12191.0,0.0,0.0,1745.0,659.0,0.0,221.0
0.0,30545.0,927.0,2374.0,5630.0,0.0,0.0,1734.0,640.0,0.0,927.0
0.0,35248.0,1632.0,2344.0,0.0,0.0,0.0,1692.0,652.0,0.0,1632.0
0.0,33616.0,2119.0,2310.0,0.0,0.0,0.0,1617.0,693.0,0.0,2119.0
0.0,31497.0,2580.0,2266.0,0.0,0.0,0.0,1536.0,730.0,674.0,1906.0
0.0,28917.0,3336.0,2247.0,0.0,0.0,0.0,1498.0,749.0,2348.0,988.0
0.0,25581.0,4011.0,2283.0,0.0,0.0,0.0,1534.0,749.0,4011.0,0.0
0.0,21570.0,4997.0,2379.0,0.0,0.0,0.0,1630.0,749.0,4997.0,0.0
0.0,16573.0,4308.0,2458.0,0.0,25.0,25.0,1713.0,745.0,4308.0,0.0
0.0,12265.0,1945.0,2478.0,0.0,2070.0,2070.0,1751.0,727.0,1945.0,0.0
0.0,10320.0,0.0,2447.0,0.0,1915.0,1915.0,1751.0,696.0,0.0,0.0
0.0,10320.0,257.0,2412.0,25.0,1972.0,1972.0,1751.0,661.0,0.0,257.0
0.0,10088.0,979.0,2381.0,2070.0,726.0,726.0,1738.0,643.0,0.0,979.0
0.0,11179.0,1693.0,2352.0,1915.0,359.0,359.0,1695.0,657.0,0.0,1693.0
0.0,11401.0,2147.0,2318.0,1972.0,364.0,364.0,1620.0,698.0,0.0,2147.0
0.0,11226.0,2589.0,2272.0,726.0,1997.0,1997.0,1538.0,734.0,710.0,1879.0
0.0,9363.0,3258.0,2251.0,359.0,4791.0,4791.0,1500.0,751.0,2360.0,898.0
0.0,6464.0,4020.0,2289.0,364.0,8637.0,8637.0,1538.0,751.0,4020.0,0.0
0.0,2808.0,4980.0,2385.0,1997.0,11925.0,11925.0,1634.0,751.0,4980.0,0.0
0.0,0.0,4309.0,2464.0,4791.0,12013.0,12013.0,1717.0,747.0,4309.0,0.0
0.0,307.0,1966.0,2483.0,8637.0,5437.0,5437.0,1754.0,729.0,1966.0,0.0
0.0,6978.0,0.0,2451.0,11925.0,0.0,0.0,1754.0,697.0,0.0,0.0
0.0,18903.0,268.0,2416.0,12013.0,0.0,0.0,1754.0,662.0,0.0,268.0
0.0,30648.0,989.0,2386.0,5437.0,0.0,0.0,1742.0,644.0,0.0,989.0
0.0,35096.0,1704.0,2356.0,0.0,0.0,0.0,1698.0,658.0,0.0,1704.0
0.0,33392.0,2155.0,2323.0,0.0,0.0,0.0,1623.0,700.0,0.0,2155.0
0.0,31237.0,2638.0,2278.0,0.0,0.0,0.0,1542.0,736.0,748.0,1890.0
0.0,28599.0,3331.0,2260.0,0.0,0.0,0.0,1506.0,754.0,2424.0,907.0
0.0,25268.0,4097.0,2300.0,0.0,0.0,0.0,1546.0,754.0,4097.0,0.0
0.0,21171.0,5022.0,2397.0,0.0,0.0,0.0,1643.0,754.0,5022.0,0.0
0.0,16149.0,4263.0,2475.0,0.0,489.0,489.0,1725.0,750.0,4263.0,0.0
0.0,11886.0,1844.0,2492.0,0.0,2418.0,2418.0,1760.0,732.0,1844.0,0.0
0.0,10042.0,0.0,2461.0,0.0,2263.0,2263.0,1760.0,701.0,0.0,0.0
0.0,10042.0,267.0,2425.0,489.0,1861.0,1861.0,1760.0,665.0,0.0,267.0
0.0,10264.0,984.0,2395.0,2418.0,277.0,277.0,1747.0,648.0,0.0,984.0
0.0,11698.0,1699.0,2364.0,2263.0,0.0,0.0,1703.0,661.0,0.0,1699.0
0.0,12262.0,2147.0,2328.0,1861.0,0.0,0.0,1626.0,702.0,0.0,2147.0
0.0,11976.0,2657.0,2284.0,277.0,1824.0,1824.0,1546.0,738.0,778.0,1879.0
0.0,9596.0,3352.0,2266.0,0.0,5086.0,5086.0,1510.0,756.0,2449.0,903.0
0.0,6244.0,4144.0,2307.0,0.0,9435.0,9435.0,1551.0,756.0,4144.0,0.0
0.0,2100.0,5050.0,2404.0,1824.0,12020.0,12020.0,1648.0,756.0,5050.0,0.0
0.0,0.0,4280.0,2481.0,5086.0,12405.0,12405.0,1730.0,751.0,4280.0,0.0
0.0,0.0,1813.0,2498.0,9435.0,5188.0,5188.0,1765.0,733.0,1813.0,0.0
0.0,7302.0,0.0,2466.0,12020.0,0.0,0.0,1765.0,701.0,0.0,0.0
0.0,19322.0,298.0,2430.0,12405.0,0.0,0.0,1765.0,665.0,0.0,298.0
0.0,31429.0,1020.0,2401.0,5188.0,0.0,0.0,1753.0,648.0,0.0,1020.0
0.0,35597.0,1743.0,2371.0,0.0,0.0,0.0,1708.0,663.0,0.0,1743.0
0.0,33854.0,2172.0,2337.0,0.0,0.0,0.0,1632.0,705.0,0.0,2172.0
0.0,31682.0,2633.0,2293.0,0.0,0.0,0.0,1552.0,741.0,758.0,1875.0
0.0,29049.0,3288.0,2273.0,0.0,0.0,0.0,1515.0,758.0,2441.0,847.0
0.0,25761.0,4108.0,2313.0,0.0,0.0,0.0,1555.0,758.0,4108.0,0.0
0.0,21653.0,5017.0,2409.0,0.0,0.0,0.0,1651.0,758.0,5017.0,0.0
0.0,16636.0,4254.0,2486.0,0.0,48.0,48.0,1733.0,753.0,4254.0,0.0
0.0,12382.0,1850.0,2504.0,0.0,1988.0,1988.0,1769.0,735.0,1850.0,0.0
0.0,10532.0,0.0,2473.0,0.0,1833.0,1833.0,1769.0,704.0,0.0,0.0
0.0,10532.0,282.0,2438.0,48.0,1892.0,1892.0,1769.0,669.0,0.0,282.0
0.0,10298.0,1004.0,2407.0,1988.0,753.0,753.0,1756.0,651.0,0.0,1004.0
0.0,11282.0,1720.0,2376.0,1833.0,485.0,485.0,1710.0,666.0,0.0,1720.0
0.0,11395.0,2159.0,2340.0,1892.0,572.0,572.0,1633.0,707.0,0.0,2159.0
0.0,11128.0,2706.0,2296.0,753.0,2305.0,2305.0,1553.0,743.0,823.0,1883.0
0.0,9175.0,3422.0,2279.0,485.0,5157.0,5157.0,1519.0,760.0,2530.0,892.0
0.0,6238.0,4236.0,2323.0,572.0,9041.0,9041.0,1563.0,760.0,4236.0,0.0
0.0,2574.0,5102.0,2421.0,2305.0,12105.0,12105.0,1661.0,760.0,5102.0,0.0
0.0,0.0,4265.0,2498.0,5157.0,11821.0,11821.0,1743.0,755.0,4265.0,0.0
0.0,669.0,1712.0,2513.0,9041.0,4567.0,4567.0,1776.0,737.0,1712.0,0.0
0.0,7998.0,0.0,2480.0,12105.0,0.0,0.0,1776.0,704.0,0.0,0.0
0.0,20103.0,300.0,2445.0,11821.0,0.0,0.0,1776.0,669.0,0.0,300.0
0.0,31624.0,1030.0,2414.0,4567.0,0.0,0.0,1762.0,652.0,0.0,1030.0
0.0,35161.0,1770.0,2386.0,0.0,0.0,0.0,1717.0,669.0,0.0,1770.0
0.0,33391.0,2197.0,2351.0,0.0,0.0,0.0,1640.0,711.0,0.0,2197.0
0.0,31194.0,2710.0,2308.0,0.0,0.0,0.0,1560.0,748.0,814.0,1896.0
0.0,28484.0,3350.0,2289.0,0.0,0.0,0.0,1525.0,764.0,2503.0,847.0
0.0,25134.0,4183.0,2331.0,0.0,0.0,0.0,1567.0,764.0,4183.0,0.0
0.0,20951.0,5065.0,2429.0,0.0,0.0,0.0,1665.0,764.0,5065.0,0.0
0.0,15886.0,4273.0,2506.0,0.0,917.0,917.0,1747.0,759.0,4273.0,0.0
0.0,11613.0,1795.0,2522.0,0.0,2792.0,2792.0,1782.0,740.0,1795.0,0.0
0.0,9818.0,0.0,2489.0,0.0,2627.0,2627.0,1782.0,707.0,0.0,0.0
0.0,9818.0,284.0,2453.0,917.0,1814.0,1814.0,1782.0,671.0,0.0,284.0
0.0,10451.0,1008.0,2421.0,2792.0,0.0,0.0,1767.0,654.0,0.0,1008.0
0.0,12235.0,1730.0,2391.0,2627.0,0.0,0.0,1721.0,670.0,0.0,1730.0
0.0,13132.0,2173.0,2354.0,1814.0,0.0,0.0,1642.0,712.0,0.0,2173.0
0.0,12773.0,2751.0,2310.0,0.0,1528.0,1528.0,1562.0,748.0,858.0,1893.0
0.0,10022.0,3469.0,2294.0,0.0,4917.0,4917.0,1529.0,765.0,2571.0,898.0
0.0,6553.0,4266.0,2341.0,0.0,9418.0,9418.0,1576.0,765.0,4266.0,0.0
0.0,2287.0,5113.0,2439.0,1528.0,12195.0,12195.0,1674.0,765.0,5113.0,0.0
0.0,0.0,4233.0,2515.0,4917.0,12575.0,12575.0,1755.0,760.0,4233.0,0.0
0.0,0.0,1655.0,2528.0,9418.0,5491.0,5491.0,1787.0,741.0,1655.0,0.0
0.0,7149.0,0.0,2496.0,12195.0,0.0,0.0,1787.0,709.0,0.0,0.0
0.0,19344.0,305.0,2460.0,12575.0,0.0,0.0,1787.0,673.0,0.0,305.0
0.0,31614.0,1033.0,2429.0,5491.0,0.0,0.0,1772.0,657.0,0.0,1033.0
0.0,36072.0,1763.0,2399.0,0.0,0.0,0.0,1725.0,674.0,0.0,1763.0
0.0,34309.0,2189.0,2362.0,0.0,0.0,0.0,1646.0,716.0,0.0,2189.0
0.0,32120.0,2781.0,2318.0,0.0,0.0,0.0,1566.0,752.0,898.0,1883.0
0.0,29339.0,3451.0,2301.0,0.0,0.0,0.0,1533.0,768.0,2598.0,853.0
0.0,25888.0,4292.0,2349.0,0.0,0.0,0.0,1581.0,768.0,4292.0,0.0
0.0,21596.0,5118.0,2447.0,0.0,0.0,0.0,1679.0,768.0,5118.0,0.0
0.0,16478.0,4246.0,2523.0,0.0,383.0,383.0,1761.0,762.0,4246.0,0.0
0.0,12232.0,1654.0,2536.0,0.0,2102.0,2102.0,1793.0,743.0,1654.0,0.0
0.0,10578.0,0.0,2502.0,0.0,1932.0,1932.0,1793.0,709.0,0.0,0.0
0.0,10578.0,318.0,2467.0,383.0,1692.0,1692.0,1793.0,674.0,0.0,318.0
0.0,10643.0,1050.0,2436.0,2102.0,485.0,485.0,1778.0,658.0,0.0,1050.0
0.0,11695.0,1785.0,2407.0,1932.0,193.0,193.0,1731.0,676.0,0.0,1785.0
0.0,11842.0,2209.0,2370.0,1692.0,525.0,525.0,1652.0,718.0,0.0,2209.0
0.0,11325.0,2779.0,2328.0,485.0,2609.0,2609.0,1573.0,755.0,884.0,1895.0
0.0,9031.0,3447.0,2312.0,193.0,5783.0,5783.0,1541.0,771.0,2598.0,849.0
0.0,5777.0,4308.0,2359.0,525.0,9801.0,9801.0,1588.0,771.0,4308.0,0.0
0.0,1994.0,5135.0,2458.0,2609.0,12290.0,12290.0,1687.0,771.0,5135.0,0.0
0.0,0.0,4234.0,2534.0,5783.0,11653.0,11653.0,1768.0,766.0,4234.0,0.0
0.0,1017.0,1627.0,2546.0,9801.0,3539.0,3539.0,1800.0,746.0,1627.0,0.0
0.0,9191.0,0.0,2513.0,12290.0,0.0,0.0,1800.0,713.0,0.0,0.0
0.0,21481.0,302.0,2478.0,11653.0,0.0,0.0,1800.0,678.0,0.0,302.0
0.0,32832.0,1034.0,2445.0,3539.0,0.0,0.0,1784.0,661.0,0.0,1034.0
0.0,35337.0,1765.0,2413.0,0.0,0.0,0.0,1735.0,678.0,0.0,1765.0
0.0,33572.0,2197.0,2374.0,0.0,0.0,0.0,1654.0,720.0,0.0,2197.0
0.0,31375.0,2810.0,2330.0,0.0,0.0,0.0,1573.0,757.0,914.0,1896.0
0.0,28565.0,3495.0,2316.0,0.0,0.0,0.0,1542.0,774.0,2622.0,873.0
0.0,25070.0,4352.0,2366.0,0.0,0.0,0.0,1592.0,774.0,4352.0,0.0
0.0,20718.0,5158.0,2466.0,0.0,0.0,0.0,1692.0,774.0,5158.0,0.0
0.0,15560.0,4258.0,2542.0,0.0,1408.0,1408.0,1774.0,768.0,4258.0,0.0
0.0,11302.0,1628.0,2553.0,0.0,3091.0,3091.0,1805.0,748.0,1628.0,0.0
0.0,9674.0,0.0,2519.0,0.0,2921.0,2921.0,1805.0,714.0,0.0,0.0
0.0,9674.0,318.0,2483.0,1408.0,1651.0,1651.0,1805.0,678.0,0.0,318.0
0.0,10764.0,1056.0,2451.0,3091.0,0.0,0.0,1789.0,662.0,0.0,1056.0
0.0,12799.0,1796.0,2421.0,2921.0,0.0,0.0,1741.0,680.0,0.0,1796.0
0.0,13924.0,2217.0,2384.0,1651.0,0.0,0.0,1661.0,723.0,0.0,2217.0
0.0,13358.0,2810.0,2340.0,0.0,1152.0,1152.0,1581.0,759.0,906.0,1904.0
0.0,10548.0,3464.0,2324.0,0.0,4536.0,4536.0,1549.0,775.0,2622.0,842.0
0.0,7084.0,4336.0,2373.0,0.0,9117.0,9117.0,1598.0,775.0,4336.0,0.0
0.0,2748.0,5136.0,2472.0,1152.0,12360.0,12360.0,1697.0,775.0,5136.0,0.0
0.0,0.0,4239.0,2548.0,4536.0,12740.0,12740.0,1778.0,770.0,4239.0,0.0
0.0,0.0,1644.0,2560.0,9117.0,6266.0,6266.0,1810.0,750.0,1644.0,0.0
0.0,6534.0,0.0,2527.0,12360.0,0.0,0.0,1810.0,717.0,0.0,0.0
0.0,18894.0,310.0,2491.0,12740.0,0.0,0.0,1810.0,681.0,0.0,310.0
0.0,31324.0,1043.0,2458.0,6266.0,0.0,0.0,1793.0,665.0,0.0,1043.0
0.0,36547.0,1777.0,2426.0,0.0,0.0,0.0,1744.0,682.0,0.0,1777.0
0.0,34770.0,2202.0,2386.0,0.0,0.0,0.0,1662.0,724.0,0.0,2202.0
0.0,32568.0,2860.0,2343.0,0.0,0.0,0.0,1582.0,761.0,962.0,1898.0
0.0,29708.0,3566.0,2330.0,0.0,0.0,0.0,1552.0,778.0,2698.0,868.0
0.0,26142.0,4430.0,2384.0,0.0,0.0,0.0,1606.0,778.0,4430.0,0.0
0.0,21712.0,5194.0,2484.0,0.0,0.0,0.0,1706.0,778.0,5194.0,0.0
0.0,16518.0,4226.0,2559.0,0.0,503.0,503.0,1787.0,772.0,4226.0,0.0
0.0,12292.0,1519.0,2568.0,0.0,2067.0,2067.0,1816.0,752.0,1519.0,0.0
0.0,10773.0,0.0,2534.0,0.0,1897.0,1897.0,1816.0,718.0,0.0,0.0
0.0,10773.0,338.0,2498.0,503.0,1552.0,1552.0,1816.0,682.0,0.0,338.0
0.0,10938.0,1081.0,2466.0,2067.0,406.0,406.0,1799.0,667.0,0.0,1081.0
0.0,11924.0,1832.0,2435.0,1897.0,186.0,186.0,1749.0,686.0,0.0,1832.0
0.0,11989.0,2239.0,2395.0,1552.0,673.0,673.0,1666.0,729.0,0.0,2239.0
0.0,11302.0,2856.0,2351.0,406.0,2903.0,2903.0,1586.0,765.0,957.0,1899.0
0.0,8852.0,3494.0,2337.0,186.0,6141.0,6141.0,1556.0,781.0,2689.0,805.0
0.0,5544.0,4402.0,2390.0,673.0,10135.0,10135.0,1609.0,781.0,4402.0,0.0
0.0,1815.0,5173.0,2490.0,2903.0,12450.0,12450.0,1709.0,781.0,5173.0,0.0
0.0,0.0,4233.0,2565.0,6141.0,11372.0,11372.0,1790.0,775.0,4233.0,0.0
0.0,1453.0,1569.0,2574.0,10135.0,2851.0,2851.0,1820.0,754.0,1569.0,0.0
0.0,10019.0,0.0,2540.0,12450.0,0.0,0.0,1820.0,720.0,0.0,0.0
0.0,22469.0,314.0,2504.0,11372.0,0.0,0.0,1820.0,684.0,0.0,314.0
0.0,33527.0,1057.0,2471.0,2851.0,0.0,0.0,1803.0,668.0,0.0,1057.0
0.0,35321.0,1794.0,2439.0,0.0,0.0,0.0,1753.0,686.0,0.0,1794.0
0.0,33527.0,2219.0,2398.0,0.0,0.0,0.0,1670.0,728.0,0.0,2219.0
0.0,31308.0,2909.0,2356.0,0.0,0.0,0.0,1591.0,765.0,997.0,1912.0
0.0,28399.0,3609.0,2344.0,0.0,0.0,0.0,1562.0,782.0,2744.0,865.0
0.0,24790.0,4486.0,2399.0,0.0,0.0,0.0,1617.0,782.0,4486.0,0.0
0.0,20304.0,5223.0,2500.0,0.0,0.0,0.0,1718.0,782.0,5223.0,0.0
0.0,15081.0,4210.0,2575.0,0.0,2004.0,2004.0,1799.0,776.0,4210.0,0.0
0.0,10871.0,1455.0,2583.0,0.0,3499.0,3499.0,1827.0,756.0,1455.0,0.0
0.0,9416.0,0.0,2549.0,0.0,3329.0,3329.0,1827.0,722.0,0.0,0.0
0.0,9416.0,328.0,2513.0,2004.0,1473.0,1473.0,1827.0,686.0,0.0,328.0
0.0,11092.0,1071.0,2479.0,3499.0,0.0,0.0,1809.0,670.0,0.0,1071.0
0.0,13520.0,1826.0,2448.0,3329.0,0.0,0.0,1759.0,689.0,0.0,1826.0
0.0,15023.0,2242.0,2407.0,1473.0,0.0,0.0,1675.0,732.0,0.0,2242.0
0.0,14254.0,2935.0,2364.0,0.0,501.0,501.0,1595.0,769.0,1020.0,1915.0
0.0,11319.0,3576.0,2351.0,0.0,4012.0,4012.0,1566.0,785.0,2748.0,828.0
0.0,7743.0,4496.0,2406.0,0.0,8783.0,8783.0,1621.0,785.0,4496.0,0.0
0.0,3247.0,5223.0,2507.0,501.0,12535.0,12535.0,1722.0,785.0,5223.0,0.0
0.0,0.0,4221.0,2581.0,4012.0,12905.0,12905.0,1803.0,778.0,4221.0,0.0
0.0,0.0,1474.0,2589.0,8783.0,7320.0,7320.0,1831.0,758.0,1474.0,0.0
0.0,5625.0,0.0,2555.0,12535.0,0.0,0.0,1831.0,724.0,0.0,0.0
0.0,18160.0,330.0,2518.0,12905.0,0.0,0.0,1831.0,687.0,0.0,330.0
0.0,30735.0,1077.0,2485.0,7320.0,0.0,0.0,1814.0,671.0,0.0,1077.0
0.0,36978.0,1827.0,2454.0,0.0,0.0,0.0,1764.0,690.0,0.0,1827.0
0.0,35151.0,2245.0,2414.0,0.0,0.0,0.0,1680.0,734.0,0.0,2245.0
0.0,32906.0,2935.0,2371.0,0.0,0.0,0.0,1601.0,770.0,1016.0,1919.0
0.0,29971.0,3603.0,2360.0,0.0,0.0,0.0,1573.0,787.0,2765.0,838.0
0.0,26368.0,4504.0,2415.0,0.0,0.0,0.0,1628.0,787.0,4504.0,0.0
0.0,21864.0,5228.0,2515.0,0.0,0.0,0.0,1728.0,787.0,5228.0,0.0
0.0,16636.0,4199.0,2590.0,0.0,513.0,513.0,1809.0,781.0,4199.0,0.0
0.0,12437.0,1445.0,2597.0,0.0,1993.0,1993.0,1837.0,760.0,1445.0,0.0
0.0,10992.0,0.0,2563.0,0.0,1823.0,1823.0,1837.0,726.0,0.0,0.0
0.0,10992.0,348.0,2528.0,513.0,1483.0,1483.0,1837.0,691.0,0.0,348.0
0.0,11157.0,1097.0,2493.0,1993.0,412.0,412.0,1818.0,675.0,0.0,1097.0
0.0,12053.0,1844.0,2460.0,1823.0,268.0,268.0,1766.0,694.0,0.0,1844.0
0.0,12032.0,2242.0,2418.0,1483.0,817.0,817.0,1681.0,737.0,0.0,2242.0
0.0,11273.0,2969.0,2376.0,412.0,3164.0,3164.0,1602.0,774.0,1073.0,1896.0
0.0,8716.0,3633.0,2364.0,268.0,6469.0,6469.0,1575.0,789.0,2826.0,807.0
0.0,5351.0,4595.0,2423.0,817.0,10542.0,10542.0,1634.0,789.0,4595.0,0.0
0.0,1573.0,5282.0,2525.0,3164.0,12625.0,12625.0,1736.0,789.0,5282.0,0.0
0.0,0.0,4224.0,2600.0,6469.0,11300.0,11300.0,1817.0,783.0,4224.0,0.0
0.0,1700.0,1391.0,2606.0,10542.0,2179.0,2179.0,1844.0,762.0,1391.0,0.0
0.0,10851.0,0.0,2571.0,12625.0,0.0,0.0,1844.0,727.0,0.0,0.0
0.0,23476.0,368.0,2535.0,11300.0,0.0,0.0,1844.0,691.0,0.0,368.0
0.0,34408.0,1119.0,2501.0,2179.0,0.0,0.0,1825.0,676.0,0.0,1119.0
0.0,35468.0,1873.0,2470.0,0.0,0.0,0.0,1774.0,696.0,0.0,1873.0
0.0,33595.0,2267.0,2429.0,0.0,0.0,0.0,1689.0,740.0,0.0,2267.0
0.0,31328.0,2935.0,2385.0,0.0,0.0,0.0,1609.0,776.0,1030.0,1905.0
0.0,28393.0,3556.0,2372.0,0.0,0.0,0.0,1581.0,791.0,2778.0,778.0
0.0,24837.0,4528.0,2429.0,0.0,0.0,0.0,1638.0,791.0,4528.0,0.0
0.0,20309.0,5231.0,2530.0,0.0,0.0,0.0,1739.0,791.0,5231.0,0.0
0.0,15078.0,4206.0,2605.0,0.0,2153.0,2153.0,1820.0,785.0,4206.0,0.0
0.0,10872.0,1450.0,2612.0,0.0,3638.0,3638.0,1847.0,765.0,1450.0,0.0
0.0,9422.0,0.0,2577.0,0.0,3463.0,3463.0,1847.0,730.0,0.0,0.0
0.0,9422.0,356.0,2542.0,2153.0,1491.0,1491.0,1847.0,695.0,0.0,356.0
0.0,11219.0,1112.0,2507.0,3638.0,0.0,0.0,1828.0,679.0,0.0,1112.0
0.0,13745.0,1857.0,2474.0,3463.0,0.0,0.0,1776.0,698.0,0.0,1857.0
0.0,15351.0,2257.0,2431.0,1491.0,0.0,0.0,1689.0,742.0,0.0,2257.0
0.0,14585.0,3018.0,2388.0,0.0,373.0,373.0,1610.0,778.0,1116.0,1902.0
0.0,11567.0,3693.0,2379.0,0.0,4021.0,4021.0,1585.0,794.0,2892.0,801.0
0.0,7874.0,4672.0,2441.0,0.0,9003.0,9003.0,1647.0,794.0,4672.0,0.0
0.0,3202.0,5324.0,2543.0,373.0,12715.0,12715.0,1749.0,794.0,5324.0,0.0
0.0,0.0,4187.0,2617.0,4021.0,13085.0,13085.0,1830.0,787.0,4187.0,0.0
0.0,0.0,1273.0,2621.0,9003.0,7290.0,7290.0,1854.0,767.0,1273.0,0.0
0.0,5815.0,0.0,2586.0,12715.0,0.0,0.0,1854.0,732.0,0.0,0.0
0.0,18530.0,368.0,2550.0,13085.0,0.0,0.0,1854.0,696.0,0.0,368.0
0.0,31247.0,1134.0,2516.0,7290.0,0.0,0.0,1835.0,681.0,0.0,1134.0
0.0,37403.0,1895.0,2483.0,0.0,0.0,0.0,1782.0,701.0,0.0,1895.0
0.0,35508.0,2286.0,2440.0,0.0,0.0,0.0,1695.0,745.0,0.0,2286.0
0.0,33222.0,2995.0,2398.0,0.0,0.0,0.0,1616.0,782.0,1083.0,1912.0
0.0,30227.0,3611.0,2386.0,0.0,0.0,0.0,1589.0,797.0,2841.0,770.0
0.0,26616.0,4602.0,2446.0,0.0,0.0,0.0,1649.0,797.0,4602.0,0.0
0.0,22014.0,5290.0,2548.0,0.0,0.0,0.0,1751.0,797.0,5290.0,0.0
0.0,16724.0,4233.0,2622.0,0.0,619.0,619.0,1832.0,790.0,4233.0,0.0
0.0,12491.0,1406.0,2629.0,0.0,2060.0,2060.0,1859.0,770.0,1406.0,0.0
0.0,11085.0,0.0,2594.0,0.0,1885.0,1885.0,1859.0,735.0,0.0,0.0
0.0,11085.0,356.0,2557.0,619.0,1437.0,1437.0,1859.0,698.0,0.0,356.0
0.0,11348.0,1114.0,2523.0,2060.0,321.0,321.0,1840.0,683.0,0.0,1114.0
0.0,12294.0,1866.0,2489.0,1885.0,132.0,132.0,1787.0,702.0,0.0,1866.0
0.0,12313.0,2267.0,2446.0,1437.0,747.0,747.0,1700.0,746.0,0.0,2267.0
0.0,11483.0,3000.0,2403.0,321.0,3211.0,3211.0,1620.0,783.0,1080.0,1920.0
0.0,8804.0,3670.0,2393.0,132.0,6699.0,6699.0,1594.0,799.0,2854.0,816.0
0.0,5266.0,4630.0,2455.0,747.0,10892.0,10892.0,1656.0,799.0,4630.0,0.0
0.0,1383.0,5318.0,2557.0,3211.0,12785.0,12785.0,1758.0,799.0,5318.0,0.0
0.0,0.0,4221.0,2631.0,6699.0,11401.0,11401.0,1839.0,792.0,4221.0,0.0
0.0,1754.0,1346.0,2636.0,10892.0,1880.0,1880.0,1865.0,771.0,1346.0,0.0
0.0,11300.0,0.0,2600.0,12785.0,0.0,0.0,1865.0,735.0,0.0,0.0
0.0,24085.0,368.0,2564.0,11401.0,0.0,0.0,1865.0,699.0,0.0,368.0
0.0,35118.0,1130.0,2529.0,1880.0,0.0,0.0,1844.0,685.0,0.0,1130.0
0.0,35868.0,1893.0,2496.0,0.0,0.0,0.0,1790.0,706.0,0.0,1893.0
0.0,33975.0,2290.0,2452.0,0.0,0.0,0.0,1702.0,750.0,0.0,2290.0
0.0,31685.0,3043.0,2409.0,0.0,0.0,0.0,1622.0,787.0,1124.0,1919.0
0.0,28642.0,3669.0,2398.0,0.0,0.0,0.0,1596.0,802.0,2885.0,784.0
0.0,24973.0,4656.0,2461.0,0.0,0.0,0.0,1659.0,802.0,4656.0,0.0
0.0,20317.0,5324.0,2563.0,0.0,0.0,0.0,1761.0,802.0,5324.0,0.0
0.0,14993.0,4229.0,2637.0,0.0,2421.0,2421.0,1842.0,795.0,4229.0,0.0
0.0,10764.0,1354.0,2642.0,0.0,3800.0,3800.0,1869.0,773.0,1354.0,0.0
0.0,9410.0,0.0,2606.0,0.0,3620.0,3620.0,1869.0,737.0,0.0,0.0
0.0,9410.0,368.0,2569.0,2421.0,1382.0,1382.0,1869.0,700.0,0.0,368.0
0.0,11463.0,1128.0,2535.0,3800.0,0.0,0.0,1849.0,686.0,0.0,1128.0
0.0,14135.0,1890.0,2502.0,3620.0,0.0,0.0,1795.0,707.0,0.0,1890.0
0.0,15865.0,2291.0,2459.0,1382.0,0.0,0.0,1708.0,751.0,0.0,2291.0
0.0,14956.0,3050.0,2417.0,0.0,179.0,179.0,1629.0,788.0,1124.0,1926.0
0.0,11906.0,3709.0,2407.0,0.0,3838.0,3838.0,1604.0,803.0,2910.0,799.0
0.0,8197.0,4698.0,2470.0,0.0,8851.0,8851.0,1667.0,803.0,4698.0,0.0
0.0,3499.0,5348.0,2573.0,179.0,12865.0,12865.0,1770.0,803.0,5348.0,0.0
0.0,0.0,4209.0,2648.0,3838.0,13240.0,13240.0,1851.0,797.0,4209.0,0.0
0.0,0.0,1293.0,2650.0,8851.0,7733.0,7733.0,1875.0,775.0,1293.0,0.0
0.0,5517.0,0.0,2614.0,12865.0,0.0,0.0,1875.0,739.0,0.0,0.0
0.0,18382.0,369.0,2578.0,13240.0,0.0,0.0,1875.0,703.0,0.0,369.0
0.0,31253.0,1132.0,2542.0,7733.0,0.0,0.0,1854.0,688.0,0.0,1132.0
0.0,37854.0,1900.0,2507.0,0.0,0.0,0.0,1798.0,709.0,0.0,1900.0
0.0,35954.0,2287.0,2461.0,0.0,0.0,0.0,1708.0,753.0,0.0,2287.0
0.0,33667.0,3102.0,2419.0,0.0,0.0,0.0,1629.0,790.0,1176.0,1926.0
0.0,30565.0,3751.0,2411.0,0.0,0.0,0.0,1605.0,806.0,2958.0,793.0
0.0,26814.0,4751.0,2478.0,0.0,0.0,0.0,1672.0,806.0,4751.0,0.0
0.0,22063.0,5370.0,2581.0,0.0,0.0,0.0,1775.0,806.0,5370.0,0.0
0.0,16693.0,4193.0,2655.0,0.0,775.0,775.0,1856.0,799.0,4193.0,0.0
0.0,12500.0,1219.0,2656.0,0.0,1999.0,1999.0,1879.0,777.0,1219.0,0.0
0.0,11281.0,0.0,2619.0,0.0,1814.0,1814.0,1879.0,740.0,0.0,0.0
0.0,11281.0,384.0,2583.0,775.0,1243.0,1243.0,1879.0,704.0,0.0,384.0
0.0,11672.0,1152.0,2547.0,1999.0,216.0,216.0,1858.0,689.0,0.0,1152.0
0.0,12519.0,1931.0,2516.0,1814.0,178.0,178.0,1804.0,712.0,0.0,1931.0
0.0,12402.0,2319.0,2471.0,1243.0,1029.0,1029.0,1715.0,756.0,0.0,2319.0
0.0,11326.0,3136.0,2430.0,216.0,3744.0,3744.0,1637.0,793.0,1201.0,1935.0
0.0,8406.0,3764.0,2421.0,178.0,7285.0,7285.0,1613.0,808.0,2994.0,770.0
0.0,4820.0,4776.0,2486.0,1029.0,11357.0,11357.0,1678.0,808.0,4776.0,0.0
0.0,1073.0,5353.0,2589.0,3744.0,12945.0,12945.0,1781.0,808.0,5353.0,0.0
0.0,0.0,4158.0,2662.0,7285.0,10719.0,10719.0,1861.0,801.0,4158.0,0.0
0.0,2591.0,1189.0,2663.0,11357.0,556.0,556.0,1883.0,780.0,1189.0,0.0
0.0,12759.0,0.0,2627.0,12945.0,0.0,0.0,1883.0,744.0,0.0,0.0
0.0,25704.0,368.0,2590.0,10719.0,0.0,0.0,1883.0,707.0,0.0,368.0
0.0,36055.0,1134.0,2555.0,556.0,0.0,0.0,1863.0,692.0,0.0,1134.0
0.0,35477.0,1901.0,2521.0,0.0,0.0,0.0,1808.0,713.0,0.0,1901.0
0.0,33576.0,2297.0,2476.0,0.0,0.0,0.0,1719.0,757.0,0.0,2297.0
0.0,31279.0,3188.0,2436.0,0.0,0.0,0.0,1641.0,795.0,1253.0,1935.0
0.0,28091.0,3875.0,2428.0,0.0,0.0,0.0,1618.0,810.0,3060.0,815.0
0.0,24216.0,4863.0,2496.0,0.0,0.0,0.0,1686.0,810.0,4863.0,0.0
0.0,19353.0,5422.0,2600.0,0.0,0.0,0.0,1790.0,810.0,5422.0,0.0
0.0,13931.0,4158.0,2673.0,0.0,3592.0,3592.0,1870.0,803.0,4158.0,0.0
0.0,9773.0,1084.0,2672.0,0.0,4671.0,4671.0,1891.0,781.0,1084.0,0.0
0.0,8689.0,0.0,2636.0,0.0,4491.0,4491.0,1891.0,745.0,0.0,0.0
0.0,8689.0,394.0,2600.0,3592.0,1113.0,1113.0,1891.0,709.0,0.0,394.0
0.0,11887.0,1172.0,2563.0,4671.0,0.0,0.0,1869.0,694.0,0.0,1172.0
0.0,15386.0,1946.0,2531.0,4491.0,0.0,0.0,1814.0,717.0,0.0,1946.0
0.0,17931.0,2333.0,2485.0,1113.0,0.0,0.0,1724.0,761.0,0.0,2333.0
0.0,16711.0,3152.0,2444.0,0.0,0.0,0.0,1646.0,798.0,1225.0,1927.0
0.0,13559.0,3774.0,2435.0,0.0,2390.0,2390.0,1622.0,813.0,3023.0,751.0
0.0,9785.0,4815.0,2502.0,0.0,7540.0,7540.0,1689.0,813.0,4815.0,0.0
0.0,4970.0,5393.0,2606.0,0.0,13030.0,13030.0,1793.0,813.0,5393.0,0.0
0.0,0.0,4183.0,2679.0,2390.0,13395.0,13395.0,1873.0,806.0,4183.0,0.0
0.0,0.0,1181.0,2680.0,7540.0,9257.0,9257.0,1896.0,784.0,1181.0,0.0
0.0,4143.0,0.0,2644.0,13030.0,0.0,0.0,1896.0,748.0,0.0,0.0
0.0,17173.0,393.0,2607.0,13395.0,0.0,0.0,1896.0,711.0,0.0,393.0
0.0,30175.0,1161.0,2571.0,9257.0,0.0,0.0,1874.0,697.0,0.0,1161.0
0.0,38271.0,1936.0,2536.0,0.0,0.0,0.0,1818.0,718.0,0.0,1936.0
0.0,36335.0,2315.0,2491.0,0.0,0.0,0.0,1728.0,763.0,0.0,2315.0
0.0,34020.0,3183.0,2449.0,0.0,0.0,0.0,1649.0,800.0,1253.0,1930.0
0.0,30837.0,3839.0,2442.0,0.0,0.0,0.0,1627.0,815.0,3068.0,771.0
0.0,26998.0,4874.0,2511.0,0.0,0.0,0.0,1696.0,815.0,4874.0,0.0
0.0,22124.0,5425.0,2615.0,0.0,0.0,0.0,1800.0,815.0,5425.0,0.0
0.0,16699.0,4164.0,2688.0,0.0,905.0,905.0,1880.0,808.0,4164.0,0.0
0.0,12535.0,1086.0,2687.0,0.0,1986.0,1986.0,1901.0,786.0,1086.0,0.0
0.0,11449.0,0.0,2651.0,0.0,1806.0,1806.0,1901.0,750.0,0.0,0.0
0.0,11449.0,406.0,2614.0,905.0,1122.0,1122.0,1901.0,713.0,0.0,406.0
0.0,11948.0,1181.0,2578.0,1986.0,137.0,137.0,1879.0,699.0,0.0,1181.0
0.0,12753.0,1962.0,2544.0,1806.0,123.0,123.0,1822.0,722.0,0.0,1962.0
0.0,12597.0,2332.0,2496.0,1122.0,1093.0,1093.0,1730.0,766.0,0.0,2332.0
0.0,11387.0,3226.0,2455.0,137.0,3977.0,3977.0,1652.0,803.0,1300.0,1926.0
0.0,8298.0,3833.0,2449.0,123.0,7657.0,7657.0,1631.0,818.0,3095.0,738.0
0.0,4588.0,4919.0,2520.0,1093.0,11838.0,11838.0,1702.0,818.0,4919.0,0.0
0.0,762.0,5449.0,2625.0,3977.0,13125.0,13125.0,1807.0,818.0,5449.0,0.0
0.0,0.0,4173.0,2697.0,7657.0,10711.0,10711.0,1887.0,810.0,4173.0,0.0
0.0,2774.0,1067.0,2696.0,11838.0,0.0,0.0,1908.0,788.0,1067.0,0.0
0.0,13545.0,0.0,2659.0,13125.0,0.0,0.0,1908.0,751.0,0.0,0.0
0.0,26670.0,403.0,2622.0,10711.0,0.0,0.0,1908.0,714.0,0.0,403.0
0.0,36978.0,1184.0,2585.0,0.0,0.0,0.0,1885.0,700.0,0.0,1184.0
0.0,35794.0,1962.0,2550.0,0.0,0.0,0.0,1827.0,723.0,0.0,1962.0
0.0,33832.0,2340.0,2503.0,0.0,0.0,0.0,1735.0,768.0,0.0,2340.0
0.0,31492.0,3219.0,2462.0,0.0,0.0,0.0,1657.0,805.0,1282.0,1937.0
0.0,28273.0,3852.0,2456.0,0.0,0.0,0.0,1637.0,819.0,3096.0,756.0
0.0,24421.0,4910.0,2527.0,0.0,0.0,0.0,1708.0,819.0,4910.0,0.0
0.0,19511.0,5441.0,2632.0,0.0,0.0,0.0,1813.0,819.0,5441.0,0.0
0.0,14070.0,4159.0,2705.0,0.0,3614.0,3614.0,1893.0,812.0,4159.0,0.0
0.0,9911.0,1067.0,2703.0,0.0,4671.0,4671.0,1913.0,790.0,1067.0,0.0
0.0,8844.0,0.0,2667.0,0.0,4491.0,4491.0,1913.0,754.0,0.0,0.0
0.0,8844.0,397.0,2630.0,3614.0,1089.0,1089.0,1913.0,717.0,0.0,397.0
0.0,12061.0,1179.0,2592.0,4671.0,0.0,0.0,1889.0,703.0,0.0,1179.0
0.0,15553.0,1956.0,2555.0,4491.0,0.0,0.0,1830.0,725.0,0.0,1956.0
0.0,18088.0,2340.0,2507.0,1089.0,0.0,0.0,1737.0,770.0,0.0,2340.0
0.0,16837.0,3269.0,2465.0,0.0,0.0,0.0,1658.0,807.0,1330.0,1939.0
0.0,13568.0,3923.0,2461.0,0.0,2660.0,2660.0,1639.0,822.0,3157.0,766.0
0.0,9645.0,4998.0,2536.0,0.0,8033.0,8033.0,1714.0,822.0,4998.0,0.0
0.0,4647.0,5501.0,2642.0,0.0,13210.0,13210.0,1820.0,822.0,5501.0,0.0
0.0,0.0,4178.0,2714.0,2660.0,13570.0,13570.0,1900.0,814.0,4178.0,0.0
0.0,0.0,995.0,2711.0,8033.0,8889.0,8889.0,1919.0,792.0,995.0,0.0
0.0,4666.0,0.0,2673.0,13210.0,0.0,0.0,1919.0,754.0,0.0,0.0
0.0,17876.0,411.0,2636.0,13570.0,0.0,0.0,1919.0,717.0,0.0,411.0
0.0,31035.0,1200.0,2599.0,8889.0,0.0,0.0,1896.0,703.0,0.0,1200.0
0.0,38724.0,1984.0,2565.0,0.0,0.0,0.0,1838.0,727.0,0.0,1984.0
0.0,36740.0,2359.0,2517.0,0.0,0.0,0.0,1745.0,772.0,0.0,2359.0
0.0,34381.0,3213.0,2476.0,0.0,0.0,0.0,1666.0,810.0,1269.0,1944.0
0.0,31168.0,3819.0,2469.0,0.0,0.0,0.0,1645.0,824.0,3088.0,731.0
0.0,27349.0,4903.0,2540.0,0.0,0.0,0.0,1716.0,824.0,4903.0,0.0
0.0,22446.0,5449.0,2645.0,0.0,0.0,0.0,1821.0,824.0,5449.0,0.0
0.0,16997.0,4186.0,2718.0,0.0,779.0,779.0,1902.0,816.0,4186.0,0.0
0.0,12811.0,1128.0,2717.0,0.0,1902.0,1902.0,1923.0,794.0,1128.0,0.0
0.0,11683.0,0.0,2680.0,0.0,1717.0,1717.0,1923.0,757.0,0.0,0.0
0.0,11683.0,406.0,2643.0,779.0,1159.0,1159.0,1923.0,720.0,0.0,406.0
0.0,12056.0,1186.0,2605.0,1902.0,253.0,253.0,1899.0,706.0,0.0,1186.0
0.0,12772.0,1967.0,2569.0,1717.0,323.0,323.0,1840.0,729.0,0.0,1967.0
0.0,12522.0,2342.0,2520.0,1159.0,1261.0,1261.0,1746.0,774.0,0.0,2342.0
0.0,11339.0,3281.0,2479.0,253.0,4084.0,4084.0,1668.0,811.0,1340.0,1941.0
0.0,8311.0,3953.0,2475.0,323.0,7694.0,7694.0,1649.0,826.0,3190.0,763.0
0.0,4681.0,5032.0,2551.0,1261.0,11845.0,11845.0,1725.0,826.0,5032.0,0.0
0.0,910.0,5518.0,2657.0,4084.0,13285.0,13285.0,1831.0,826.0,5518.0,0.0
0.0,0.0,4158.0,2729.0,7694.0,10633.0,10633.0,1911.0,818.0,4158.0,0.0
0.0,3012.0,963.0,2725.0,11845.0,0.0,0.0,1930.0,795.0,963.0,0.0
0.0,13894.0,0.0,2687.0,13285.0,0.0,0.0,1930.0,757.0,0.0,0.0
0.0,27179.0,429.0,2651.0,10633.0,0.0,0.0,1930.0,721.0,0.0,429.0
0.0,37383.0,1225.0,2612.0,0.0,0.0,0.0,1905.0,707.0,0.0,1225.0
0.0,36158.0,2015.0,2577.0,0.0,0.0,0.0,1845.0,732.0,0.0,2015.0
0.0,34143.0,2375.0,2529.0,0.0,0.0,0.0,1751.0,778.0,0.0,2375.0
0.0,31768.0,3310.0,2487.0,0.0,0.0,0.0,1672.0,815.0,1372.0,1938.0
0.0,28458.0,3911.0,2482.0,0.0,0.0,0.0,1654.0,828.0,3205.0,706.0
0.0,24547.0,5042.0,2558.0,0.0,0.0,0.0,1730.0,828.0,5042.0,0.0
0.0,19505.0,5509.0,2664.0,0.0,0.0,0.0,1836.0,828.0,5509.0,0.0
0.0,13996.0,4160.0,2737.0,0.0,3849.0,3849.0,1916.0,821.0,4160.0,0.0
0.0,9836.0,972.0,2733.0,0.0,4801.0,4801.0,1935.0,798.0,972.0,0.0
0.0,8864.0,0.0,2695.0,0.0,4611.0,4611.0,1935.0,760.0,0.0,0.0
0.0,8864.0,423.0,2658.0,3849.0,1000.0,1000.0,1935.0,723.0,0.0,423.0
0.0,12290.0,1208.0,2619.0,4801.0,0.0,0.0,1910.0,709.0,0.0,1208.0
0.0,15883.0,1993.0,2583.0,4611.0,0.0,0.0,1850.0,733.0,0.0,1993.0
0.0,18501.0,2358.0,2534.0,1000.0,0.0,0.0,1756.0,778.0,0.0,2358.0
0.0,17143.0,3323.0,2494.0,0.0,0.0,0.0,1678.0,816.0,1376.0,1947.0
0.0,13820.0,3973.0,2490.0,0.0,2603.0,2603.0,1660.0,830.0,3227.0,746.0
0.0,9847.0,5075.0,2567.0,0.0,8063.0,8063.0,1737.0,830.0,5075.0,0.0
0.0,4772.0,5539.0,2673.0,0.0,13365.0,13365.0,1843.0,830.0,5539.0,0.0
0.0,0.0,4146.0,2746.0,2603.0,13730.0,13730.0,1923.0,823.0,4146.0,0.0
0.0,0.0,907.0,2741.0,8063.0,8859.0,8859.0,1941.0,800.0,907.0,0.0
0.0,4846.0,0.0,2703.0,13365.0,0.0,0.0,1941.0,762.0,0.0,0.0
0.0,18211.0,442.0,2667.0,13730.0,0.0,0.0,1941.0,726.0,0.0,442.0
0.0,31499.0,1235.0,2627.0,8859.0,0.0,0.0,1915.0,712.0,0.0,1235.0
0.0,39123.0,2032.0,2591.0,0.0,0.0,0.0,1854.0,737.0,0.0,2032.0
0.0,37091.0,2383.0,2540.0,0.0,0.0,0.0,1758.0,782.0,0.0,2383.0
0.0,34708.0,3341.0,2499.0,0.0,0.0,0.0,1679.0,820.0,1405.0,1936.0
0.0,31367.0,3928.0,2494.0,0.0,0.0,0.0,1661.0,833.0,3237.0,691.0
0.0,27439.0,5093.0,2573.0,0.0,0.0,0.0,1740.0,833.0,5093.0,0.0
0.0,22346.0,5539.0,2680.0,0.0,0.0,0.0,1847.0,833.0,5539.0,0.0
0.0,16807.0,4162.0,2752.0,0.0,1115.0,1115.0,1927.0,825.0,4162.0,0.0
0.0,12645.0,920.0,2746.0,0.0,2005.0,2005.0,1944.0,802.0,920.0,0.0
0.0,11725.0,0.0,2708.0,0.0,1815.0,1815.0,1944.0,764.0,0.0,0.0
0.0,11725.0,444.0,2671.0,1115.0,959.0,959.0,1944.0,727.0,0.0,444.0
0.0,12396.0,1233.0,2633.0,2005.0,0.0,0.0,1920.0,713.0,0.0,1233.0
0.0,13168.0,2031.0,2599.0,1815.0,43.0,43.0,1861.0,738.0,0.0,2031.0
0.0,12952.0,2383.0,2550.0,959.0,1222.0,1222.0,1766.0,784.0,0.0,2383.0
0.0,11528.0,3347.0,2510.0,0.0,4369.0,4369.0,1688.0,822.0,1397.0,1950.0
0.0,8181.0,3960.0,2505.0,43.0,8261.0,8261.0,1670.0,835.0,3248.0,712.0
0.0,4264.0,5097.0,2582.0,1222.0,12521.0,12521.0,1747.0,835.0,5097.0,0.0
0.0,389.0,5554.0,2689.0,4369.0,13445.0,13445.0,1854.0,835.0,5554.0,0.0
0.0,0.0,4149.0,2761.0,8261.0,10489.0,10489.0,1933.0,828.0,4149.0,0.0
0.0,3316.0,901.0,2756.0,12521.0,0.0,0.0,1951.0,805.0,901.0,0.0
0.0,14936.0,0.0,2718.0,13445.0,0.0,0.0,1951.0,767.0,0.0,0.0
0.0,28381.0,445.0,2681.0,10489.0,0.0,0.0,1951.0,730.0,0.0,445.0
0.0,38425.0,1238.0,2642.0,0.0,0.0,0.0,1925.0,717.0,0.0,1238.0
0.0,37187.0,2032.0,2605.0,0.0,0.0,0.0,1864.0,741.0,0.0,2032.0
0.0,35155.0,2380.0,2554.0,0.0,0.0,0.0,1767.0,787.0,0.0,2380.0
0.0,32775.0,3407.0,2513.0,0.0,0.0,0.0,1689.0,824.0,1472.0,1935.0
0.0,29368.0,4032.0,2511.0,0.0,0.0,0.0,1673.0,838.0,3326.0,706.0
0.0,25336.0,5200.0,2592.0,0.0,0.0,0.0,1754.0,838.0,5200.0,0.0
0.0,20136.0,5598.0,2700.0,0.0,0.0,0.0,1862.0,838.0,5598.0,0.0
0.0,14538.0,4132.0,2772.0,0.0,3454.0,3454.0,1942.0,830.0,4132.0,0.0
0.0,10406.0,795.0,2763.0,0.0,4204.0,4204.0,1957.0,806.0,795.0,0.0
0.0,9611.0,0.0,2724.0,0.0,4009.0,4009.0,1957.0,767.0,0.0,0.0
0.0,9611.0,460.0,2688.0,3454.0,835.0,835.0,1957.0,731.0,0.0,460.0
0.0,12605.0,1256.0,2647.0,4204.0,0.0,0.0,1930.0,717.0,0.0,1256.0
0.0,15553.0,2058.0,2612.0,4009.0,0.0,0.0,1869.0,743.0,0.0,2058.0
0.0,17504.0,2405.0,2562.0,835.0,0.0,0.0,1772.0,790.0,0.0,2405.0
0.0,15934.0,3380.0,2520.0,0.0,46.0,46.0,1693.0,827.0,1432.0,1948.0
0.0,12554.0,3983.0,2517.0,0.0,4014.0,4014.0,1677.0,840.0,3295.0,688.0
0.0,8571.0,5148.0,2597.0,0.0,9562.0,9562.0,1757.0,840.0,5148.0,0.0
0.0,3423.0,5564.0,2704.0,46.0,13520.0,13520.0,1864.0,840.0,5564.0,0.0
0.0,0.0,4142.0,2776.0,4014.0,13880.0,13880.0,1944.0,832.0,4142.0,0.0
0.0,0.0,876.0,2770.0,9562.0,7387.0,7387.0,1961.0,809.0,876.0,0.0
0.0,6463.0,0.0,2732.0,13520.0,0.0,0.0,1961.0,771.0,0.0,0.0
0.0,19983.0,439.0,2695.0,13880.0,0.0,0.0,1961.0,734.0,0.0,439.0
0.0,33424.0,1234.0,2654.0,7387.0,0.0,0.0,1934.0,720.0,0.0,1234.0
0.0,39577.0,2030.0,2617.0,0.0,0.0,0.0,1872.0,745.0,0.0,2030.0
0.0,37547.0,2383.0,2565.0,0.0,0.0,0.0,1774.0,791.0,0.0,2383.0
0.0,35164.0,3409.0,2524.0,0.0,0.0,0.0,1696.0,828.0,1460.0,1949.0
0.0,31755.0,4068.0,2523.0,0.0,0.0,0.0,1681.0,842.0,3343.0,725.0
0.0,27687.0,5225.0,2606.0,0.0,0.0,0.0,1764.0,842.0,5225.0,0.0
0.0,22462.0,5637.0,2714.0,0.0,0.0,0.0,1872.0,842.0,5637.0,0.0
0.0,16825.0,4158.0,2785.0,0.0,1258.0,1258.0,1952.0,833.0,4158.0,0.0
0.0,12667.0,793.0,2777.0,0.0,2011.0,2011.0,1967.0,810.0,793.0,0.0
0.0,11874.0,0.0,2738.0,0.0,1816.0,1816.0,1967.0,771.0,0.0,0.0
0.0,11874.0,473.0,2701.0,1258.0,846.0,846.0,1967.0,734.0,0.0,473.0
0.0,12659.0,1278.0,2661.0,2011.0,0.0,0.0,1940.0,721.0,0.0,1278.0
0.0,13392.0,2091.0,2626.0,1816.0,13.0,13.0,1878.0,748.0,0.0,2091.0
0.0,13117.0,2422.0,2575.0,846.0,1334.0,1334.0,1780.0,795.0,0.0,2422.0
0.0,11541.0,3398.0,2533.0,0.0,4522.0,4522.0,1701.0,832.0,1452.0,1946.0
0.0,8143.0,3980.0,2530.0,13.0,8474.0,8474.0,1685.0,845.0,3325.0,655.0
0.0,4176.0,5187.0,2612.0,1334.0,12737.0,12737.0,1767.0,845.0,5187.0,0.0
0.0,323.0,5618.0,2720.0,4522.0,13600.0,13600.0,1875.0,845.0,5618.0,0.0
0.0,0.0,4175.0,2792.0,8474.0,10434.0,10434.0,1956.0,836.0,4175.0,0.0
0.0,3526.0,870.0,2785.0,12737.0,0.0,0.0,1972.0,813.0,870.0,0.0
0.0,15393.0,0.0,2745.0,13600.0,0.0,0.0,1972.0,773.0,0.0,0.0
0.0,28993.0,460.0,2708.0,10434.0,0.0,0.0,1972.0,736.0,0.0,460.0
0.0,38967.0,1264.0,2669.0,0.0,0.0,0.0,1946.0,723.0,0.0,1264.0
0.0,37703.0,2068.0,2632.0,0.0,0.0,0.0,1883.0,749.0,0.0,2068.0
0.0,35635.0,2409.0,2581.0,0.0,0.0,0.0,1785.0,796.0,0.0,2409.0
0.0,33226.0,3429.0,2540.0,0.0,0.0,0.0,1707.0,833.0,1478.0,1951.0
0.0,29797.0,4056.0,2538.0,0.0,0.0,0.0,1692.0,846.0,3366.0,690.0
0.0,25741.0,5242.0,2621.0,0.0,0.0,0.0,1775.0,846.0,5242.0,0.0
0.0,20499.0,5640.0,2730.0,0.0,0.0,0.0,1884.0,846.0,5640.0,0.0
0.0,14859.0,4146.0,2801.0,0.0,3292.0,3292.0,1963.0,838.0,4146.0,0.0
0.0,10713.0,784.0,2792.0,0.0,4031.0,4031.0,1978.0,814.0,784.0,0.0
0.0,9929.0,0.0,2753.0,0.0,3836.0,3836.0,1978.0,775.0,0.0,0.0
0.0,9929.0,480.0,2717.0,3292.0,844.0,844.0,1978.0,739.0,0.0,480.0
0.0,12741.0,1299.0,2676.0,4031.0,0.0,0.0,1950.0,726.0,0.0,1299.0
0.0,15473.0,2105.0,2639.0,3836.0,0.0,0.0,1886.0,753.0,0.0,2105.0
0.0,17204.0,2431.0,2586.0,844.0,0.0,0.0,1786.0,800.0,0.0,2431.0
0.0,15617.0,3461.0,2545.0,0.0,569.0,569.0,1708.0,837.0,1522.0,1939.0
0.0,12156.0,4030.0,2543.0,0.0,4589.0,4589.0,1693.0,850.0,3386.0,644.0
0.0,8126.0,5270.0,2630.0,0.0,10294.0,10294.0,1780.0,850.0,5270.0,0.0
0.0,2856.0,5642.0,2738.0,569.0,13690.0,13690.0,1888.0,850.0,5642.0,0.0
0.0,0.0,4151.0,2809.0,4589.0,14045.0,14045.0,1968.0,841.0,4151.0,0.0
0.0,0.0,762.0,2799.0,10294.0,6242.0,6242.0,1982.0,817.0,762.0,0.0
0.0,7753.0,0.0,2759.0,13690.0,0.0,0.0,1982.0,777.0,0.0,0.0
0.0,21443.0,480.0,2722.0,14045.0,0.0,0.0,1982.0,740.0,0.0,480.0
0.0,35008.0,1287.0,2682.0,6242.0,0.0,0.0,1955.0,727.0,0.0,1287.0
0.0,39963.0,2094.0,2646.0,0.0,0.0,0.0,1892.0,754.0,0.0,2094.0
0.0,37869.0,2431.0,2594.0,0.0,0.0,0.0,1793.0,801.0,0.0,2431.0
0.0,35438.0,3486.0,2554.0,0.0,0.0,0.0,1715.0,839.0,1533.0,1953.0
0.0,31952.0,4093.0,2553.0,0.0,0.0,0.0,1701.0,852.0,3423.0,670.0
0.0,27859.0,5313.0,2639.0,0.0,0.0,0.0,1787.0,852.0,5313.0,0.0
0.0,22546.0,5660.0,2747.0,0.0,0.0,0.0,1895.0,852.0,5660.0,0.0
0.0,16886.0,4117.0,2818.0,0.0,1321.0,1321.0,1975.0,843.0,4117.0,0.0
0.0,12769.0,708.0,2807.0,0.0,1974.0,1974.0,1988.0,819.0,708.0,0.0
0.0,12061.0,0.0,2768.0,0.0,1779.0,1779.0,1988.0,780.0,0.0,0.0
0.0,12061.0,475.0,2732.0,1321.0,753.0,753.0,1988.0,744.0,0.0,475.0
0.0,12907.0,1291.0,2691.0,1974.0,0.0,0.0,1960.0,731.0,0.0,1291.0
0.0,13590.0,2098.0,2653.0,1779.0,0.0,0.0,1896.0,757.0,0.0,2098.0
0.0,13271.0,2430.0,2599.0,753.0,1401.0,1401.0,1795.0,804.0,0.0,2430.0
0.0,11594.0,3519.0,2559.0,0.0,4720.0,4720.0,1717.0,842.0,1572.0,1947.0
0.0,8075.0,4129.0,2558.0,0.0,8844.0,8844.0,1704.0,854.0,3463.0,666.0
0.0,3946.0,5374.0,2646.0,1401.0,13230.0,13230.0,1792.0,854.0,5374.0,0.0
0.0,0.0,5706.0,2756.0,4720.0,13780.0,13780.0,1902.0,854.0,5706.0,0.0
0.0,0.0,4128.0,2826.0,8844.0,10427.0,10427.0,1981.0,845.0,4128.0,0.0
0.0,3703.0,677.0,2815.0,13230.0,0.0,0.0,1994.0,821.0,677.0,0.0
0.0,16256.0,0.0,2774.0,13780.0,0.0,0.0,1994.0,780.0,0.0,0.0
0.0,30036.0,499.0,2738.0,10427.0,0.0,0.0,1994.0,744.0,0.0,499.0
0.0,39964.0,1321.0,2697.0,0.0,0.0,0.0,1966.0,731.0,0.0,1321.0
0.0,38643.0,2139.0,2662.0,0.0,0.0,0.0,1902.0,760.0,0.0,2139.0
0.0,36504.0,2458.0,2609.0,0.0,0.0,0.0,1802.0,807.0,0.0,2458.0
0.0,34046.0,3479.0,2569.0,0.0,0.0,0.0,1724.0,845.0,1522.0,1957.0
0.0,30567.0,4050.0,2566.0,0.0,0.0,0.0,1709.0,857.0,3424.0,626.0
0.0,26517.0,5317.0,2652.0,0.0,0.0,0.0,1795.0,857.0,5317.0,0.0
0.0,21200.0,5686.0,2761.0,0.0,0.0,0.0,1904.0,857.0,5686.0,0.0
0.0,15514.0,4161.0,2832.0,0.0,2807.0,2807.0,1984.0,848.0,4161.0,0.0
0.0,11353.0,758.0,2823.0,0.0,3520.0,3520.0,1999.0,824.0,758.0,0.0
0.0,10595.0,0.0,2783.0,0.0,3320.0,3320.0,1999.0,784.0,0.0,0.0
0.0,10595.0,478.0,2746.0,2807.0,806.0,806.0,1999.0,747.0,0.0,478.0
0.0,12924.0,1288.0,2704.0,3520.0,0.0,0.0,1970.0,734.0,0.0,1288.0
0.0,15156.0,2102.0,2667.0,3320.0,0.0,0.0,1906.0,761.0,0.0,2102.0
0.0,16374.0,2432.0,2613.0,806.0,0.0,0.0,1805.0,808.0,0.0,2432.0
0.0,14748.0,3542.0,2573.0,0.0,1659.0,1659.0,1727.0,846.0,1582.0,1960.0
0.0,11206.0,4183.0,2573.0,0.0,5842.0,5842.0,1714.0,859.0,3500.0,683.0
0.0,7023.0,5410.0,2662.0,0.0,11697.0,11697.0,1803.0,859.0,5410.0,0.0
0.0,1613.0,5730.0,2772.0,1659.0,13860.0,13860.0,1913.0,859.0,5730.0,0.0
0.0,0.0,4131.0,2843.0,5842.0,14215.0,14215.0,1993.0,850.0,4131.0,0.0
0.0,0.0,623.0,2830.0,11697.0,3823.0,3823.0,2005.0,825.0,623.0,0.0
0.0,10327.0,0.0,2789.0,13860.0,0.0,0.0,2005.0,784.0,0.0,0.0
0.0,24187.0,502.0,2752.0,14215.0,0.0,0.0,2005.0,747.0,0.0,502.0
0.0,37900.0,1323.0,2711.0,3823.0,0.0,0.0,1976.0,735.0,0.0,1323.0
0.0,40400.0,2144.0,2674.0,0.0,0.0,0.0,1910.0,764.0,0.0,2144.0
0.0,38256.0,2460.0,2620.0,0.0,0.0,0.0,1809.0,811.0,0.0,2460.0
0.0,35796.0,3555.0,2580.0,0.0,0.0,0.0,1731.0,849.0,1596.0,1959.0
0.0,32241.0,4125.0,2580.0,0.0,0.0,0.0,1719.0,861.0,3500.0,625.0
0.0,28116.0,5399.0,2669.0,0.0,0.0,0.0,1808.0,861.0,5399.0,0.0
0.0,22717.0,5715.0,2779.0,0.0,0.0,0.0,1918.0,861.0,5715.0,0.0
0.0,17002.0,4143.0,2850.0,0.0,1391.0,1391.0,1998.0,852.0,4143.0,0.0
0.0,12859.0,671.0,2837.0,0.0,1997.0,1997.0,2010.0,827.0,671.0,0.0
0.0,12188.0,0.0,2797.0,0.0,1797.0,1797.0,2010.0,787.0,0.0,0.0
0.0,12188.0,505.0,2760.0,1391.0,726.0,726.0,2010.0,750.0,0.0,505.0
0.0,13074.0,1324.0,2719.0,1997.0,0.0,0.0,1981.0,738.0,0.0,1324.0
0.0,13747.0,2141.0,2681.0,1797.0,2.0,2.0,1915.0,766.0,0.0,2141.0
0.0,13403.0,2453.0,2626.0,726.0,1454.0,1454.0,1813.0,813.0,0.0,2453.0
0.0,11676.0,3565.0,2586.0,0.0,4819.0,4819.0,1735.0,851.0,1608.0,1957.0
0.0,8111.0,4170.0,2587.0,2.0,8992.0,8992.0,1724.0,863.0,3529.0,641.0
0.0,3943.0,5455.0,2678.0,1454.0,13390.0,13390.0,1815.0,863.0,5455.0,0.0
0.0,0.0,5757.0,2789.0,4819.0,13945.0,13945.0,1926.0,863.0,5757.0,0.0
0.0,0.0,4130.0,2859.0,8992.0,10429.0,10429.0,2005.0,854.0,4130.0,0.0
0.0,3866.0,631.0,2846.0,13390.0,0.0,0.0,2017.0,829.0,631.0,0.0
0.0,16625.0,0.0,2806.0,13945.0,0.0,0.0,2017.0,789.0,0.0,0.0
0.0,30570.0,512.0,2769.0,10429.0,0.0,0.0,2017.0,752.0,0.0,512.0
0.0,40487.0,1343.0,2727.0,0.0,0.0,0.0,1987.0,740.0,0.0,1343.0
0.0,39144.0,2169.0,2689.0,0.0,0.0,0.0,1920.0,769.0,0.0,2169.0
0.0,36975.0,2477.0,2634.0,0.0,0.0,0.0,1817.0,817.0,0.0,2477.0
0.0,34498.0,3526.0,2592.0,0.0,0.0,0.0,1738.0,854.0,1570.0,1956.0
0.0,30972.0,4093.0,2591.0,0.0,0.0,0.0,1725.0,866.0,3485.0,608.0
0.0,26879.0,5409.0,2682.0,0.0,0.0,0.0,1816.0,866.0,5409.0,0.0
0.0,21470.0,5780.0,2793.0,0.0,0.0,0.0,1927.0,866.0,5780.0,0.0
0.0,15690.0,4229.0,2866.0,0.0,2869.0,2869.0,2009.0,857.0,4229.0,0.0
0.0,11461.0,747.0,2854.0,0.0,3556.0,3556.0,2023.0,831.0,747.0,0.0
0.0,10714.0,0.0,2813.0,0.0,3351.0,3351.0,2023.0,790.0,0.0,0.0
0.0,10714.0,512.0,2776.0,2869.0,809.0,809.0,2023.0,753.0,0.0,512.0
0.0,13071.0,1336.0,2735.0,3556.0,0.0,0.0,1994.0,741.0,0.0,1336.0
0.0,15291.0,2166.0,2698.0,3351.0,0.0,0.0,1928.0,770.0,0.0,2166.0
0.0,16476.0,2478.0,2644.0,809.0,0.0,0.0,1826.0,818.0,0.0,2478.0
0.0,14807.0,3515.0,2602.0,0.0,1718.0,1718.0,1746.0,856.0,1545.0,1970.0
0.0,11292.0,4100.0,2601.0,0.0,5813.0,5813.0,1733.0,868.0,3471.0,629.0
0.0,7192.0,5390.0,2690.0,0.0,11648.0,11648.0,1822.0,868.0,5390.0,0.0
0.0,1802.0,5757.0,2801.0,1718.0,14005.0,14005.0,1933.0,868.0,5757.0,0.0
0.0,0.0,4195.0,2872.0,5813.0,14360.0,14360.0,2013.0,859.0,4195.0,0.0
0.0,0.0,726.0,2861.0,11648.0,4002.0,4002.0,2027.0,834.0,726.0,0.0
0.0,10303.0,0.0,2821.0,14005.0,0.0,0.0,2027.0,794.0,0.0,0.0
0.0,24308.0,509.0,2784.0,14360.0,0.0,0.0,2027.0,757.0,0.0,509.0
0.0,38159.0,1338.0,2742.0,4002.0,0.0,0.0,1997.0,745.0,0.0,1338.0
0.0,40823.0,2164.0,2702.0,0.0,0.0,0.0,1929.0,773.0,0.0,2164.0
0.0,38659.0,2478.0,2646.0,0.0,0.0,0.0,1825.0,821.0,0.0,2478.0
0.0,36181.0,3609.0,2606.0,0.0,0.0,0.0,1747.0,859.0,1643.0,1966.0
0.0,32572.0,4209.0,2607.0,0.0,0.0,0.0,1736.0,871.0,3572.0,637.0
0.0,28363.0,5523.0,2701.0,0.0,0.0,0.0,1830.0,871.0,5523.0,0.0
0.0,22840.0,5821.0,2813.0,0.0,0.0,0.0,1942.0,871.0,5821.0,0.0
0.0,17019.0,4185.0,2884.0,0.0,1586.0,1586.0,2023.0,861.0,4185.0,0.0
0.0,12834.0,585.0,2870.0,0.0,2101.0,2101.0,2034.0,836.0,585.0,0.0
0.0,12249.0,0.0,2828.0,0.0,1891.0,1891.0,2034.0,794.0,0.0,0.0
0.0,12249.0,527.0,2791.0,1586.0,647.0,647.0,2034.0,757.0,0.0,527.0
0.0,13308.0,1360.0,2749.0,2101.0,0.0,0.0,2003.0,746.0,0.0,1360.0
0.0,14049.0,2198.0,2712.0,1891.0,0.0,0.0,1936.0,776.0,0.0,2198.0
0.0,13742.0,2502.0,2656.0,647.0,1393.0,1393.0,1832.0,824.0,0.0,2502.0
0.0,11887.0,3569.0,2615.0,0.0,4757.0,4757.0,1753.0,862.0,1600.0,1969.0
0.0,8318.0,4127.0,2615.0,0.0,8884.0,8884.0,1741.0,874.0,3530.0,597.0
0.0,4191.0,5456.0,2707.0,1393.0,13407.0,13407.0,1833.0,874.0,5456.0,0.0
0.0,128.0,5778.0,2818.0,4757.0,14090.0,14090.0,1944.0,874.0,5778.0,0.0
0.0,0.0,4190.0,2889.0,8884.0,10644.0,10644.0,2025.0,864.0,4190.0,0.0
0.0,3801.0,690.0,2876.0,13407.0,0.0,0.0,2038.0,838.0,690.0,0.0
0.0,16518.0,0.0,2835.0,14090.0,0.0,0.0,2038.0,797.0,0.0,0.0
0.0,30608.0,516.0,2798.0,10644.0,0.0,0.0,2038.0,760.0,0.0,516.0
0.0,40736.0,1347.0,2755.0,0.0,0.0,0.0,2007.0,748.0,0.0,1347.0
0.0,39389.0,2172.0,2717.0,0.0,0.0,0.0,1939.0,778.0,0.0,2172.0
0.0,37217.0,2484.0,2660.0,0.0,0.0,0.0,1835.0,825.0,0.0,2484.0
0.0,34733.0,3606.0,2618.0,0.0,0.0,0.0,1755.0,863.0,1638.0,1968.0
0.0,31127.0,4218.0,2620.0,0.0,0.0,0.0,1745.0,875.0,3588.0,630.0
0.0,26909.0,5529.0,2714.0,0.0,0.0,0.0,1839.0,875.0,5529.0,0.0
0.0,21380.0,5834.0,2826.0,0.0,0.0,0.0,1951.0,875.0,5834.0,0.0
0.0,15546.0,4182.0,2898.0,0.0,3126.0,3126.0,2032.0,866.0,4182.0,0.0
0.0,11364.0,590.0,2883.0,0.0,3641.0,3641.0,2043.0,840.0,590.0,0.0
0.0,10774.0,0.0,2841.0,0.0,3431.0,3431.0,2043.0,798.0,0.0,0.0
0.0,10774.0,548.0,2804.0,3126.0,668.0,668.0,2043.0,761.0,0.0,548.0
0.0,13352.0,1391.0,2763.0,3641.0,0.0,0.0,2013.0,750.0,0.0,1391.0
0.0,15602.0,2232.0,2727.0,3431.0,0.0,0.0,1946.0,781.0,0.0,2232.0
0.0,16801.0,2521.0,2672.0,668.0,0.0,0.0,1842.0,830.0,0.0,2521.0
0.0,14948.0,3617.0,2630.0,0.0,1819.0,1819.0,1762.0,868.0,1649.0,1968.0
0.0,11331.0,4153.0,2628.0,0.0,5962.0,5962.0,1750.0,878.0,3589.0,564.0
0.0,7178.0,5527.0,2720.0,0.0,11949.0,11949.0,1842.0,878.0,5527.0,0.0
0.0,1651.0,5822.0,2832.0,1819.0,14160.0,14160.0,1954.0,878.0,5822.0,0.0
0.0,0.0,4198.0,2904.0,5962.0,14520.0,14520.0,2035.0,869.0,4198.0,0.0
0.0,0.0,630.0,2890.0,11949.0,3719.0,3719.0,2047.0,843.0,630.0,0.0
0.0,10731.0,0.0,2848.0,14160.0,0.0,0.0,2047.0,801.0,0.0,0.0
0.0,24891.0,533.0,2811.0,14520.0,0.0,0.0,2047.0,764.0,0.0,533.0
0.0,38878.0,1363.0,2769.0,3719.0,0.0,0.0,2017.0,752.0,0.0,1363.0
0.0,41234.0,2193.0,2732.0,0.0,0.0,0.0,1950.0,782.0,0.0,2193.0
0.0,39041.0,2493.0,2677.0,0.0,0.0,0.0,1847.0,830.0,0.0,2493.0
0.0,36548.0,3644.0,2636.0,0.0,0.0,0.0,1768.0,868.0,1672.0,1972.0
0.0,32904.0,4254.0,2637.0,0.0,0.0,0.0,1757.0,880.0,3635.0,619.0
0.0,28650.0,5587.0,2731.0,0.0,0.0,0.0,1851.0,880.0,5587.0,0.0
0.0,23063.0,5864.0,2844.0,0.0,0.0,0.0,1964.0,880.0,5864.0,0.0
0.0,17199.0,4176.0,2914.0,0.0,1547.0,1547.0,2044.0,870.0,4176.0,0.0
0.0,13023.0,520.0,2898.0,0.0,1987.0,1987.0,2054.0,844.0,520.0,0.0
0.0,12503.0,0.0,2857.0,0.0,1782.0,1782.0,2054.0,803.0,0.0,0.0
0.0,12503.0,552.0,2820.0,1547.0,602.0,602.0,2054.0,766.0,0.0,552.0
0.0,13498.0,1392.0,2777.0,1987.0,0.0,0.0,2022.0,755.0,0.0,1392.0
0.0,14093.0,2238.0,2740.0,1782.0,63.0,63.0,1954.0,786.0,0.0,2238.0
0.0,13637.0,2522.0,2681.0,602.0,1688.0,1688.0,1847.0,834.0,0.0,2522.0
0.0,11717.0,3654.0,2640.0,0.0,5137.0,5137.0,1768.0,872.0,1686.0,1968.0
0.0,8063.0,4198.0,2640.0,63.0,9272.0,9272.0,1757.0,883.0,3633.0,565.0
0.0,3928.0,5579.0,2736.0,1688.0,13643.0,13643.0,1853.0,883.0,5579.0,0.0
0.0,37.0,5869.0,2849.0,5137.0,14245.0,14245.0,1966.0,883.0,5869.0,0.0
0.0,0.0,4208.0,2920.0,9272.0,10231.0,10231.0,2047.0,873.0,4208.0,0.0
0.0,4369.0,581.0,2904.0,13643.0,0.0,0.0,2058.0,846.0,581.0,0.0
0.0,17431.0,0.0,2862.0,14245.0,0.0,0.0,2058.0,804.0,0.0,0.0
0.0,31676.0,542.0,2825.0,10231.0,0.0,0.0,2058.0,767.0,0.0,542.0
0.0,41365.0,1380.0,2783.0,0.0,0.0,0.0,2028.0,755.0,0.0,1380.0
0.0,39985.0,2220.0,2746.0,0.0,0.0,0.0,1960.0,786.0,0.0,2220.0
0.0,37765.0,2528.0,2690.0,0.0,0.0,0.0,1855.0,835.0,0.0,2528.0
0.0,35237.0,3675.0,2649.0,0.0,0.0,0.0,1776.0,873.0,1684.0,1991.0
0.0,31562.0,4255.0,2650.0,0.0,0.0,0.0,1765.0,885.0,3645.0,610.0
0.0,27307.0,5607.0,2745.0,0.0,0.0,0.0,1860.0,885.0,5607.0,0.0
0.0,21700.0,5882.0,2858.0,0.0,0.0,0.0,1973.0,885.0,5882.0,0.0
0.0,15818.0,4187.0,2929.0,0.0,3014.0,3014.0,2054.0,875.0,4187.0,0.0
0.0,11631.0,542.0,2913.0,0.0,3476.0,3476.0,2064.0,849.0,542.0,0.0
0.0,11089.0,0.0,2871.0,0.0,3266.0,3266.0,2064.0,807.0,0.0,0.0
0.0,11089.0,532.0,2834.0,3014.0,599.0,599.0,2064.0,770.0,0.0,532.0
0.0,13571.0,1368.0,2791.0,3476.0,0.0,0.0,2033.0,758.0,0.0,1368.0
0.0,15679.0,2208.0,2753.0,3266.0,0.0,0.0,1964.0,789.0,0.0,2208.0
0.0,16737.0,2513.0,2694.0,599.0,0.0,0.0,1857.0,837.0,0.0,2513.0
0.0,14823.0,3696.0,2653.0,0.0,2138.0,2138.0,1778.0,875.0,1712.0,1984.0
0.0,11127.0,4296.0,2655.0,0.0,6444.0,6444.0,1768.0,887.0,3677.0,619.0
0.0,6831.0,5655.0,2753.0,0.0,12589.0,12589.0,1866.0,887.0,5655.0,0.0
0.0,1176.0,5922.0,2867.0,2138.0,14335.0,14335.0,1980.0,887.0,5922.0,0.0
0.0,0.0,4220.0,2938.0,6444.0,14690.0,14690.0,2061.0,877.0,4220.0,0.0
0.0,0.0,531.0,2921.0,12589.0,2931.0,2931.0,2071.0,850.0,531.0,0.0
0.0,11674.0,0.0,2878.0,14335.0,0.0,0.0,2071.0,807.0,0.0,0.0
0.0,26009.0,557.0,2840.0,14690.0,0.0,0.0,2071.0,769.0,0.0,557.0
0.0,40142.0,1403.0,2797.0,2931.0,0.0,0.0,2039.0,758.0,0.0,1403.0
0.0,41670.0,2248.0,2761.0,0.0,0.0,0.0,1970.0,791.0,0.0,2248.0
0.0,39422.0,2545.0,2704.0,0.0,0.0,0.0,1864.0,840.0,0.0,2545.0
0.0,36877.0,3667.0,2662.0,0.0,0.0,0.0,1784.0,878.0,1681.0,1986.0
0.0,33210.0,4222.0,2663.0,0.0,0.0,0.0,1774.0,889.0,3647.0,575.0
0.0,28988.0,5617.0,2759.0,0.0,0.0,0.0,1870.0,889.0,5617.0,0.0
0.0,23371.0,5903.0,2872.0,0.0,0.0,0.0,1983.0,889.0,5903.0,0.0
0.0,17468.0,4231.0,2943.0,0.0,1478.0,1478.0,2064.0,879.0,4231.0,0.0
0.0,13237.0,600.0,2928.0,0.0,2003.0,2003.0,2076.0,852.0,600.0,0.0
0.0,12637.0,0.0,2886.0,0.0,1793.0,1793.0,2076.0,810.0,0.0,0.0
0.0,12637.0,544.0,2849.0,1478.0,674.0,674.0,2076.0,773.0,0.0,544.0
0.0,13571.0,1386.0,2805.0,2003.0,0.0,0.0,2044.0,761.0,0.0,1386.0
0.0,14188.0,2224.0,2766.0,1793.0,73.0,73.0,1974.0,792.0,0.0,2224.0
0.0,13757.0,2524.0,2708.0,674.0,1633.0,1633.0,1867.0,841.0,0.0,2524.0
0.0,11907.0,3665.0,2665.0,0.0,5083.0,5083.0,1786.0,879.0,1682.0,1983.0
0.0,8242.0,4294.0,2668.0,73.0,9319.0,9319.0,1777.0,891.0,3678.0,616.0
0.0,4021.0,5665.0,2766.0,1633.0,13830.0,13830.0,1875.0,891.0,5665.0,0.0
0.0,0.0,5964.0,2881.0,5083.0,14405.0,14405.0,1990.0,891.0,5964.0,0.0
0.0,0.0,4257.0,2952.0,9319.0,10590.0,10590.0,2072.0,880.0,4257.0,0.0
0.0,4170.0,576.0,2936.0,13830.0,0.0,0.0,2083.0,853.0,576.0,0.0
0.0,17424.0,0.0,2893.0,14405.0,0.0,0.0,2083.0,810.0,0.0,0.0
0.0,31829.0,585.0,2856.0,10590.0,0.0,0.0,2083.0,773.0,0.0,585.0
0.0,41834.0,1437.0,2814.0,0.0,0.0,0.0,2051.0,763.0,0.0,1437.0
0.0,40397.0,2296.0,2777.0,0.0,0.0,0.0,1981.0,796.0,0.0,2296.0
0.0,38101.0,2562.0,2720.0,0.0,0.0,0.0,1874.0,846.0,0.0,2562.0
0.0,35539.0,3627.0,2675.0,0.0,0.0,0.0,1792.0,883.0,1652.0,1975.0
0.0,31912.0,4151.0,2675.0,0.0,0.0,0.0,1781.0,894.0,3627.0,524.0
0.0,27761.0,5608.0,2772.0,0.0,0.0,0.0,1878.0,894.0,5608.0,0.0
0.0,22153.0,5937.0,2886.0,0.0,0.0,0.0,1992.0,894.0,5937.0,0.0
0.0,16216.0,4310.0,2958.0,0.0,2884.0,2884.0,2075.0,883.0,4310.0,0.0
0.0,11906.0,695.0,2945.0,0.0,3514.0,3514.0,2088.0,857.0,695.0,0.0
0.0,11211.0,0.0,2902.0,0.0,3299.0,3299.0,2088.0,814.0,0.0,0.0
0.0,11211.0,576.0,2864.0,2884.0,801.0,801.0,2088.0,776.0,0.0,576.0
0.0,13519.0,1422.0,2821.0,3514.0,0.0,0.0,2056.0,765.0,0.0,1422.0
0.0,15611.0,2266.0,2783.0,3299.0,0.0,0.0,1986.0,797.0,0.0,2266.0
0.0,16644.0,2538.0,2724.0,801.0,0.0,0.0,1878.0,846.0,0.0,2538.0
0.0,14907.0,3629.0,2681.0,0.0,2127.0,2127.0,1797.0,884.0,1658.0,1971.0
0.0,11278.0,4227.0,2682.0,0.0,6359.0,6359.0,1787.0,895.0,3663.0,564.0
0.0,7051.0,5664.0,2780.0,0.0,12513.0,12513.0,1885.0,895.0,5664.0,0.0
0.0,1387.0,5992.0,2895.0,2127.0,14475.0,14475.0,2000.0,895.0,5992.0,0.0
0.0,0.0,4315.0,2968.0,6359.0,14840.0,14840.0,2083.0,885.0,4315.0,0.0
0.0,0.0,622.0,2953.0,12513.0,3308.0,3308.0,2095.0,858.0,622.0,0.0
0.0,11457.0,0.0,2911.0,14475.0,0.0,0.0,2095.0,816.0,0.0,0.0
0.0,25932.0,608.0,2874.0,14840.0,0.0,0.0,2095.0,779.0,0.0,608.0
0.0,40164.0,1465.0,2831.0,3308.0,0.0,0.0,2062.0,769.0,0.0,1465.0
0.0,42007.0,2325.0,2794.0,0.0,0.0,0.0,1992.0,802.0,0.0,2325.0
0.0,39682.0,2570.0,2734.0,0.0,0.0,0.0,1883.0,851.0,0.0,2570.0
0.0,37112.0,3608.0,2690.0,0.0,0.0,0.0,1801.0,889.0,1651.0,1957.0
0.0,33504.0,4112.0,2688.0,0.0,0.0,0.0,1790.0,898.0,3629.0,483.0
0.0,29392.0,5629.0,2786.0,0.0,0.0,0.0,1888.0,898.0,5629.0,0.0
0.0,23763.0,5979.0,2901.0,0.0,0.0,0.0,2003.0,898.0,5979.0,0.0
0.0,17784.0,4356.0,2974.0,0.0,1442.0,1442.0,2086.0,888.0,4356.0,0.0
0.0,13428.0,720.0,2961.0,0.0,2097.0,2097.0,2100.0,861.0,720.0,0.0
0.0,12708.0,0.0,2917.0,0.0,1877.0,1877.0,2100.0,817.0,0.0,0.0
0.0,12708.0,602.0,2880.0,1442.0,852.0,852.0,2100.0,780.0,0.0,602.0
0.0,13548.0,1460.0,2838.0,2097.0,5.0,5.0,2068.0,770.0,0.0,1460.0
0.0,14185.0,2314.0,2801.0,1877.0,257.0,257.0,1998.0,803.0,0.0,2314.0
0.0,13748.0,2569.0,2743.0,852.0,1684.0,1684.0,1890.0,853.0,0.0,2569.0
0.0,12031.0,3599.0,2698.0,5.0,5053.0,5053.0,1807.0,891.0,1626.0,1973.0
0.0,8437.0,4148.0,2697.0,257.0,8939.0,8939.0,1796.0,901.0,3635.0,513.0
0.0,4546.0,5633.0,2794.0,1684.0,13373.0,13373.0,1893.0,901.0,5633.0,0.0
0.0,597.0,5999.0,2909.0,5053.0,14545.0,14545.0,2008.0,901.0,5999.0,0.0
0.0,0.0,4351.0,2982.0,8939.0,10671.0,10671.0,2092.0,890.0,4351.0,0.0
0.0,4239.0,719.0,2970.0,13373.0,0.0,0.0,2106.0,864.0,719.0,0.0
0.0,16893.0,0.0,2927.0,14545.0,0.0,0.0,2106.0,821.0,0.0,0.0
0.0,31438.0,592.0,2890.0,10671.0,0.0,0.0,2106.0,784.0,0.0,592.0
0.0,41517.0,1450.0,2846.0,0.0,0.0,0.0,2073.0,773.0,0.0,1450.0
0.0,40067.0,2301.0,2809.0,0.0,0.0,0.0,2003.0,806.0,0.0,2301.0
0.0,37766.0,2560.0,2749.0,0.0,0.0,0.0,1894.0,855.0,0.0,2560.0
0.0,35206.0,3643.0,2704.0,0.0,0.0,0.0,1811.0,893.0,1676.0,1967.0
0.0,31563.0,4207.0,2703.0,0.0,0.0,0.0,1800.0,903.0,3680.0,527.0
0.0,27356.0,5701.0,2802.0,0.0,0.0,0.0,1899.0,903.0,5701.0,0.0
0.0,21655.0,6036.0,2918.0,0.0,0.0,0.0,2015.0,903.0,6036.0,0.0
0.0,15619.0,4362.0,2991.0,0.0,3698.0,3698.0,2099.0,892.0,4362.0,0.0
0.0,11257.0,677.0,2976.0,0.0,4300.0,4300.0,2112.0,864.0,677.0,0.0
0.0,10580.0,0.0,2932.0,0.0,4080.0,4080.0,2112.0,820.0,0.0,0.0
0.0,10580.0,623.0,2895.0,3698.0,820.0,820.0,2112.0,783.0,0.0,623.0
0.0,13655.0,1487.0,2853.0,4300.0,0.0,0.0,2080.0,773.0,0.0,1487.0
0.0,16468.0,2350.0,2818.0,4080.0,0.0,0.0,2010.0,808.0,0.0,2350.0
0.0,18198.0,2589.0,2760.0,820.0,0.0,0.0,1902.0,858.0,0.0,2589.0
0.0,16429.0,3619.0,2716.0,0.0,770.0,770.0,1820.0,896.0,1651.0,1968.0
0.0,12810.0,4126.0,2712.0,0.0,4876.0,4876.0,1807.0,905.0,3655.0,471.0
0.0,8684.0,5655.0,2808.0,0.0,11011.0,11011.0,1903.0,905.0,5655.0,0.0
0.0,3029.0,6006.0,2923.0,770.0,14615.0,14615.0,2018.0,905.0,6006.0,0.0
0.0,0.0,4372.0,2996.0,4876.0,14980.0,14980.0,2102.0,894.0,4372.0,0.0
0.0,0.0,740.0,2983.0,11011.0,6347.0,6347.0,2116.0,867.0,740.0,0.0
0.0,8568.0,0.0,2939.0,14615.0,0.0,0.0,2116.0,823.0,0.0,0.0
0.0,23183.0,617.0,2902.0,14980.0,0.0,0.0,2116.0,786.0,0.0,617.0
0.0,37546.0,1475.0,2861.0,6347.0,0.0,0.0,2084.0,777.0,0.0,1475.0
0.0,42418.0,2330.0,2824.0,0.0,0.0,0.0,2014.0,810.0,0.0,2330.0
0.0,40088.0,2571.0,2765.0,0.0,0.0,0.0,1905.0,860.0,0.0,2571.0
0.0,37517.0,3634.0,2720.0,0.0,0.0,0.0,1822.0,898.0,1675.0,1959.0
0.0,33883.0,4203.0,2717.0,0.0,0.0,0.0,1810.0,907.0,3701.0,502.0
0.0,29680.0,5722.0,2815.0,0.0,0.0,0.0,1908.0,907.0,5722.0,0.0
0.0,23958.0,6066.0,2932.0,0.0,0.0,0.0,2025.0,907.0,6066.0,0.0
0.0,17892.0,4386.0,3005.0,0.0,1519.0,1519.0,2109.0,896.0,4386.0,0.0
0.0,13506.0,676.0,2989.0,0.0,2115.0,2115.0,2122.0,867.0,676.0,0.0
0.0,12830.0,0.0,2945.0,0.0,1895.0,1895.0,2122.0,823.0,0.0,0.0
0.0,12830.0,642.0,2908.0,1519.0,833.0,833.0,2122.0,786.0,0.0,642.0
0.0,13707.0,1511.0,2868.0,2115.0,29.0,29.0,2091.0,777.0,0.0,1511.0
0.0,14311.0,2383.0,2835.0,1895.0,352.0,352.0,2021.0,814.0,0.0,2383.0
0.0,13823.0,2614.0,2777.0,833.0,1843.0,1843.0,1913.0,864.0,0.0,2614.0
0.0,12042.0,3617.0,2731.0,29.0,5201.0,5201.0,1829.0,902.0,1650.0,1967.0
0.0,8454.0,4093.0,2726.0,352.0,8917.0,8917.0,1816.0,910.0,3649.0,444.0
0.0,4713.0,5657.0,2821.0,1843.0,13206.0,13206.0,1911.0,910.0,5657.0,0.0
0.0,899.0,6038.0,2937.0,5201.0,14623.0,14623.0,2027.0,910.0,6038.0,0.0
0.0,62.0,4417.0,3011.0,8917.0,10493.0,10493.0,2112.0,899.0,4417.0,0.0
0.0,4562.0,791.0,2998.0,13206.0,0.0,0.0,2127.0,871.0,791.0,0.0
0.0,16977.0,0.0,2953.0,14623.0,0.0,0.0,2127.0,826.0,0.0,0.0
0.0,31600.0,627.0,2916.0,10493.0,0.0,0.0,2127.0,789.0,0.0,627.0
0.0,41466.0,1488.0,2875.0,0.0,0.0,0.0,2096.0,779.0,0.0,1488.0
0.0,39978.0,2348.0,2841.0,0.0,0.0,0.0,2026.0,815.0,0.0,2348.0
0.0,37630.0,2589.0,2781.0,0.0,0.0,0.0,1917.0,864.0,0.0,2589.0
0.0,35041.0,3638.0,2736.0,0.0,0.0,0.0,1834.0,902.0,1670.0,1968.0
0.0,31403.0,4196.0,2734.0,0.0,0.0,0.0,1822.0,912.0,3707.0,489.0
0.0,27207.0,5716.0,2830.0,0.0,0.0,0.0,1918.0,912.0,5716.0,0.0
0.0,21491.0,6066.0,2947.0,0.0,0.0,0.0,2035.0,912.0,6066.0,0.0
0.0,15425.0,4374.0,3019.0,0.0,4044.0,4044.0,2119.0,900.0,4374.0,0.0
0.0,11051.0,672.0,3004.0,0.0,4641.0,4641.0,2132.0,872.0,672.0,0.0
0.0,10379.0,0.0,2960.0,0.0,4421.0,4421.0,2132.0,828.0,0.0,0.0
0.0,10379.0,654.0,2924.0,4044.0,851.0,851.0,2132.0,792.0,0.0,654.0
0.0,13769.0,1526.0,2882.0,4641.0,0.0,0.0,2099.0,783.0,0.0,1526.0
0.0,16884.0,2393.0,2848.0,4421.0,0.0,0.0,2029.0,819.0,0.0,2393.0
0.0,18912.0,2605.0,2788.0,851.0,0.0,0.0,1919.0,869.0,0.0,2605.0
0.0,17158.0,3668.0,2742.0,0.0,220.0,220.0,1836.0,906.0,1723.0,1945.0
0.0,13490.0,4160.0,2738.0,0.0,4360.0,4360.0,1824.0,914.0,3742.0,418.0
0.0,9330.0,5773.0,2836.0,0.0,10623.0,10623.0,1922.0,914.0,5773.0,0.0
0.0,3557.0,6085.0,2953.0,220.0,14765.0,14765.0,2039.0,914.0,6085.0,0.0
0.0,0.0,4379.0,3025.0,4360.0,15125.0,15125.0,2123.0,902.0,4379.0,0.0
0.0,0.0,630.0,3009.0,10623.0,7379.0,7379.0,2135.0,874.0,630.0,0.0
0.0,7666.0,0.0,2964.0,14765.0,0.0,0.0,2135.0,829.0,0.0,0.0
0.0,22431.0,675.0,2927.0,15125.0,0.0,0.0,2135.0,792.0,0.0,675.0
0.0,36881.0,1541.0,2888.0,7379.0,0.0,0.0,2104.0,784.0,0.0,1541.0
0.0,42719.0,2410.0,2854.0,0.0,0.0,0.0,2033.0,821.0,0.0,2410.0
0.0,40309.0,2609.0,2796.0,0.0,0.0,0.0,1925.0,871.0,0.0,2609.0
0.0,37700.0,3679.0,2752.0,0.0,0.0,0.0,1843.0,909.0,1734.0,1945.0
0.0,34021.0,4183.0,2747.0,0.0,0.0,0.0,1831.0,916.0,3778.0,405.0
0.0,29838.0,5816.0,2845.0,0.0,0.0,0.0,1929.0,916.0,5816.0,0.0
0.0,24022.0,6104.0,2962.0,0.0,0.0,0.0,2046.0,916.0,6104.0,0.0
0.0,17918.0,4352.0,3034.0,0.0,1604.0,1604.0,2130.0,904.0,4352.0,0.0
0.0,13566.0,567.0,3017.0,0.0,2086.0,2086.0,2141.0,876.0,567.0,0.0
0.0,12999.0,0.0,2972.0,0.0,1861.0,1861.0,2141.0,831.0,0.0,0.0
0.0,12999.0,665.0,2936.0,1604.0,742.0,742.0,2141.0,795.0,0.0,665.0
0.0,13938.0,1535.0,2894.0,2086.0,0.0,0.0,2108.0,786.0,0.0,1535.0
0.0,14489.0,2406.0,2860.0,1861.0,356.0,356.0,2037.0,823.0,0.0,2406.0
0.0,13944.0,2610.0,2800.0,742.0,1924.0,1924.0,1927.0,873.0,0.0,2610.0
0.0,12076.0,3732.0,2756.0,0.0,5436.0,5436.0,1845.0,911.0,1783.0,1949.0
0.0,8344.0,4241.0,2753.0,356.0,9306.0,9306.0,1834.0,919.0,3823.0,418.0
0.0,4459.0,5881.0,2853.0,1924.0,13763.0,13763.0,1934.0,919.0,5881.0,0.0
0.0,502.0,6148.0,2971.0,5436.0,14855.0,14855.0,2052.0,919.0,6148.0,0.0
0.0,0.0,4375.0,3043.0,9306.0,10494.0,10494.0,2137.0,906.0,4375.0,0.0
0.0,4721.0,534.0,3024.0,13763.0,0.0,0.0,2147.0,877.0,534.0,0.0
0.0,17950.0,0.0,2979.0,14855.0,0.0,0.0,2147.0,832.0,0.0,0.0
0.0,32805.0,680.0,2941.0,10494.0,0.0,0.0,2147.0,794.0,0.0,680.0
0.0,42619.0,1560.0,2902.0,0.0,0.0,0.0,2115.0,787.0,0.0,1560.0
0.0,41059.0,2440.0,2870.0,0.0,0.0,0.0,2045.0,825.0,0.0,2440.0
0.0,38619.0,2639.0,2812.0,0.0,0.0,0.0,1936.0,876.0,0.0,2639.0
0.0,35980.0,3703.0,2767.0,0.0,0.0,0.0,1854.0,913.0,1743.0,1960.0
0.0,32277.0,4182.0,2763.0,0.0,0.0,0.0,1842.0,921.0,3793.0,389.0
0.0,28095.0,5833.0,2859.0,0.0,0.0,0.0,1938.0,921.0,5833.0,0.0
0.0,22262.0,6128.0,2977.0,0.0,0.0,0.0,2056.0,921.0,6128.0,0.0
0.0,16134.0,4380.0,3050.0,0.0,3496.0,3496.0,2141.0,909.0,4380.0,0.0
0.0,11754.0,601.0,3032.0,0.0,4007.0,4007.0,2152.0,880.0,601.0,0.0
0.0,11153.0,0.0,2987.0,0.0,3782.0,3782.0,2152.0,835.0,0.0,0.0
0.0,11153.0,663.0,2950.0,3496.0,764.0,764.0,2152.0,798.0,0.0,663.0
0.0,13986.0,1538.0,2910.0,4007.0,0.0,0.0,2120.0,790.0,0.0,1538.0
0.0,16455.0,2409.0,2876.0,3782.0,0.0,0.0,2049.0,827.0,0.0,2409.0
0.0,17828.0,2618.0,2816.0,764.0,0.0,0.0,1939.0,877.0,0.0,2618.0
0.0,15974.0,3723.0,2771.0,0.0,1604.0,1604.0,1856.0,915.0,1768.0,1955.0
0.0,12251.0,4254.0,2769.0,0.0,5848.0,5848.0,1846.0,923.0,3828.0,426.0
0.0,7997.0,5889.0,2869.0,0.0,12237.0,12237.0,1946.0,923.0,5889.0,0.0
0.0,2108.0,6168.0,2988.0,1604.0,14940.0,14940.0,2065.0,923.0,6168.0,0.0
0.0,0.0,4398.0,3059.0,5848.0,15295.0,15295.0,2149.0,910.0,4398.0,0.0
0.0,0.0,555.0,3041.0,12237.0,4529.0,4529.0,2160.0,881.0,555.0,0.0
0.0,10676.0,0.0,2995.0,14940.0,0.0,0.0,2160.0,835.0,0.0,0.0
0.0,25616.0,698.0,2958.0,15295.0,0.0,0.0,2160.0,798.0,0.0,698.0
0.0,40213.0,1582.0,2918.0,4529.0,0.0,0.0,2127.0,791.0,0.0,1582.0
0.0,43160.0,2467.0,2886.0,0.0,0.0,0.0,2055.0,831.0,0.0,2467.0
0.0,40693.0,2658.0,2826.0,0.0,0.0,0.0,1944.0,882.0,0.0,2658.0
0.0,38035.0,3733.0,2780.0,0.0,0.0,0.0,1861.0,919.0,1779.0,1954.0
0.0,34302.0,4186.0,2776.0,0.0,0.0,0.0,1850.0,926.0,3826.0,360.0
0.0,30116.0,5869.0,2877.0,0.0,0.0,0.0,1951.0,926.0,5869.0,0.0
0.0,24247.0,6152.0,2995.0,0.0,0.0,0.0,2069.0,926.0,6152.0,0.0
0.0,18095.0,4397.0,3067.0,0.0,1637.0,1637.0,2154.0,913.0,4397.0,0.0
0.0,13698.0,595.0,3049.0,0.0,2142.0,2142.0,2165.0,884.0,595.0,0.0
0.0,13103.0,0.0,3002.0,0.0,1907.0,1907.0,2165.0,837.0,0.0,0.0
0.0,13103.0,681.0,2965.0,1637.0,766.0,766.0,2165.0,800.0,0.0,681.0
0.0,14059.0,1556.0,2925.0,2142.0,0.0,0.0,2132.0,793.0,0.0,1556.0
0.0,14645.0,2435.0,2891.0,1907.0,338.0,338.0,2059.0,832.0,0.0,2435.0
0.0,14117.0,2637.0,2829.0,766.0,1899.0,1899.0,1947.0,882.0,0.0,2637.0
0.0,12246.0,3738.0,2784.0,0.0,5412.0,5412.0,1864.0,920.0,1774.0,1964.0
0.0,8508.0,4253.0,2782.0,338.0,9317.0,9317.0,1854.0,928.0,3841.0,412.0
0.0,4593.0,5893.0,2885.0,1899.0,13826.0,13826.0,1957.0,928.0,5893.0,0.0
0.0,599.0,6184.0,3004.0,5412.0,15020.0,15020.0,2076.0,928.0,6184.0,0.0
0.0,0.0,4392.0,3075.0,9317.0,10623.0,10623.0,2160.0,915.0,4392.0,0.0
0.0,4752.0,545.0,3057.0,13826.0,0.0,0.0,2171.0,886.0,545.0,0.0
0.0,18033.0,0.0,3011.0,15020.0,0.0,0.0,2171.0,840.0,0.0,0.0
0.0,33053.0,700.0,2974.0,10623.0,0.0,0.0,2171.0,803.0,0.0,700.0
0.0,42976.0,1583.0,2932.0,0.0,0.0,0.0,2136.0,796.0,0.0,1583.0
0.0,41393.0,2469.0,2898.0,0.0,0.0,0.0,2063.0,835.0,0.0,2469.0
0.0,38924.0,2654.0,2836.0,0.0,0.0,0.0,1950.0,886.0,0.0,2654.0
0.0,36270.0,3760.0,2790.0,0.0,0.0,0.0,1866.0,924.0,1811.0,1949.0
0.0,32510.0,4225.0,2787.0,0.0,0.0,0.0,1856.0,931.0,3862.0,363.0
0.0,28285.0,5921.0,2891.0,0.0,0.0,0.0,1960.0,931.0,5921.0,0.0
0.0,22364.0,6184.0,3010.0,0.0,0.0,0.0,2079.0,931.0,6184.0,0.0
0.0,16180.0,4386.0,3081.0,0.0,3611.0,3611.0,2163.0,918.0,4386.0,0.0
0.0,11794.0,532.0,3062.0,0.0,4048.0,4048.0,2174.0,888.0,532.0,0.0
0.0,11262.0,0.0,3015.0,0.0,3813.0,3813.0,2174.0,841.0,0.0,0.0
0.0,11262.0,716.0,2978.0,3611.0,733.0,733.0,2174.0,804.0,0.0,716.0
0.0,14157.0,1597.0,2937.0,4048.0,0.0,0.0,2140.0,797.0,0.0,1597.0
0.0,16608.0,2484.0,2904.0,3813.0,0.0,0.0,2067.0,837.0,0.0,2484.0
0.0,17937.0,2652.0,2843.0,733.0,0.0,0.0,1955.0,888.0,0.0,2652.0
0.0,16018.0,3763.0,2798.0,0.0,1735.0,1735.0,1872.0,926.0,1817.0,1946.0
0.0,12255.0,4244.0,2795.0,0.0,5964.0,5964.0,1863.0,932.0,3895.0,349.0
0.0,8011.0,5963.0,2898.0,0.0,12442.0,12442.0,1966.0,932.0,5963.0,0.0
0.0,2048.0,6217.0,3017.0,1735.0,15085.0,15085.0,2085.0,932.0,6217.0,0.0
0.0,0.0,4388.0,3089.0,5964.0,15445.0,15445.0,2170.0,919.0,4388.0,0.0
0.0,0.0,496.0,3069.0,12442.0,4257.0,4257.0,2179.0,890.0,496.0,0.0
0.0,11088.0,0.0,3023.0,15085.0,0.0,0.0,2179.0,844.0,0.0,0.0
0.0,26173.0,733.0,2986.0,15445.0,0.0,0.0,2179.0,807.0,0.0,733.0
0.0,40885.0,1621.0,2946.0,4257.0,0.0,0.0,2145.0,801.0,0.0,1621.0
0.0,43521.0,2504.0,2913.0,0.0,0.0,0.0,2072.0,841.0,0.0,2504.0
0.0,41017.0,2656.0,2850.0,0.0,0.0,0.0,1958.0,892.0,0.0,2656.0
0.0,38361.0,3758.0,2804.0,0.0,0.0,0.0,1875.0,929.0,1834.0,1924.0
0.0,34603.0,4219.0,2801.0,0.0,0.0,0.0,1866.0,935.0,3907.0,312.0
0.0,30384.0,5989.0,2905.0,0.0,0.0,0.0,1970.0,935.0,5989.0,0.0
0.0,24395.0,6241.0,3025.0,0.0,0.0,0.0,2090.0,935.0,6241.0,0.0
0.0,18154.0,4410.0,3097.0,0.0,1741.0,1741.0,2175.0,922.0,4410.0,0.0
0.0,13744.0,491.0,3075.0,0.0,2122.0,2122.0,2184.0,891.0,491.0,0.0
0.0,13253.0,0.0,3028.0,0.0,1887.0,1887.0,2184.0,844.0,0.0,0.0
0.0,13253.0,763.0,2991.0,1741.0,724.0,724.0,2184.0,807.0,0.0,763.0
0.0,14231.0,1652.0,2951.0,2122.0,54.0,54.0,2150.0,801.0,0.0,1652.0
0.0,14701.0,2549.0,2920.0,1887.0,561.0,561.0,2077.0,843.0,0.0,2549.0
0.0,14039.0,2679.0,2859.0,724.0,2211.0,2211.0,1964.0,895.0,0.0,2679.0
0.0,12084.0,3737.0,2813.0,54.0,5664.0,5664.0,1881.0,932.0,1824.0,1913.0
0.0,8401.0,4147.0,2808.0,561.0,9225.0,9225.0,1871.0,937.0,3895.0,252.0
0.0,4815.0,5962.0,2911.0,2211.0,13491.0,13491.0,1974.0,937.0,5962.0,0.0
0.0,1064.0,6197.0,3030.0,5664.0,14619.0,14619.0,2093.0,937.0,6197.0,0.0
0.0,531.0,4383.0,3102.0,9225.0,10137.0,10137.0,2178.0,924.0,4383.0,0.0
0.0,5373.0,507.0,3081.0,13491.0,0.0,0.0,2187.0,894.0,507.0,0.0
0.0,18357.0,0.0,3034.0,14619.0,0.0,0.0,2187.0,847.0,0.0,0.0
0.0,32976.0,761.0,2998.0,10137.0,0.0,0.0,2187.0,811.0,0.0,761.0
0.0,42352.0,1652.0,2958.0,0.0,0.0,0.0,2153.0,805.0,0.0,1652.0
0.0,40700.0,2544.0,2925.0,0.0,0.0,0.0,2079.0,846.0,0.0,2544.0
0.0,38156.0,2668.0,2863.0,0.0,0.0,0.0,1966.0,897.0,0.0,2668.0
0.0,35488.0,3823.0,2818.0,0.0,0.0,0.0,1884.0,934.0,1915.0,1908.0
0.0,31665.0,4270.0,2815.0,0.0,0.0,0.0,1876.0,939.0,4005.0,265.0
0.0,27395.0,6096.0,2922.0,0.0,0.0,0.0,1983.0,939.0,6096.0,0.0
0.0,21299.0,6258.0,3043.0,0.0,174.0,174.0,2104.0,939.0,6258.0,0.0
0.0,15041.0,4340.0,3112.0,0.0,4859.0,4859.0,2187.0,925.0,4340.0,0.0
0.0,10701.0,317.0,3088.0,0.0,5056.0,5056.0,2193.0,895.0,317.0,0.0
0.0,10384.0,0.0,3040.0,174.0,4642.0,4642.0,2193.0,847.0,0.0,0.0
0.0,10558.0,781.0,3004.0,4859.0,384.0,384.0,2193.0,811.0,0.0,781.0
0.0,14636.0,1683.0,2964.0,5056.0,0.0,0.0,2158.0,806.0,0.0,1683.0
0.0,18009.0,2584.0,2933.0,4642.0,0.0,0.0,2084.0,849.0,0.0,2584.0
0.0,20067.0,2701.0,2871.0,384.0,0.0,0.0,1970.0,901.0,0.0,2701.0
0.0,17750.0,3876.0,2827.0,0.0,261.0,261.0,1889.0,938.0,1957.0,1919.0
0.0,13874.0,4262.0,2824.0,0.0,4508.0,4508.0,1882.0,942.0,4037.0,225.0
0.0,9612.0,6112.0,2931.0,0.0,11155.0,11155.0,1989.0,942.0,6112.0,0.0
0.0,3500.0,6245.0,3052.0,261.0,15260.0,15260.0,2110.0,942.0,6245.0,0.0
0.0,0.0,4310.0,3120.0,4508.0,15600.0,15600.0,2192.0,928.0,4310.0,0.0
0.0,0.0,304.0,3096.0,11155.0,6915.0,6915.0,2198.0,898.0,304.0,0.0
0.0,8565.0,0.0,3048.0,15260.0,0.0,0.0,2198.0,850.0,0.0,0.0
0.0,23825.0,760.0,3012.0,15600.0,0.0,0.0,2198.0,814.0,0.0,760.0
0.0,38665.0,1655.0,2971.0,6915.0,0.0,0.0,2163.0,808.0,0.0,1655.0
0.0,43925.0,2549.0,2938.0,0.0,0.0,0.0,2088.0,850.0,0.0,2549.0
0.0,41376.0,2684.0,2876.0,0.0,0.0,0.0,1974.0,902.0,0.0,2684.0
0.0,38692.0,3936.0,2832.0,0.0,0.0,0.0,1893.0,939.0,2004.0,1932.0
0.0,34756.0,4389.0,2831.0,0.0,0.0,0.0,1887.0,944.0,4104.0,285.0
0.0,30367.0,6197.0,2941.0,0.0,0.0,0.0,1997.0,944.0,6197.0,0.0
0.0,24170.0,6285.0,3062.0,0.0,0.0,0.0,2118.0,944.0,6285.0,0.0
0.0,17885.0,4276.0,3130.0,0.0,2041.0,2041.0,2200.0,930.0,4276.0,0.0
0.0,13609.0,162.0,3102.0,0.0,2063.0,2063.0,2203.0,899.0,162.0,0.0
0.0,13447.0,0.0,3054.0,0.0,1823.0,1823.0,2203.0,851.0,0.0,0.0
0.0,13447.0,777.0,3018.0,2041.0,379.0,379.0,2203.0,815.0,0.0,777.0
0.0,14711.0,1684.0,2978.0,2063.0,0.0,0.0,2168.0,810.0,0.0,1684.0
0.0,15090.0,2587.0,2947.0,1823.0,409.0,409.0,2093.0,854.0,0.0,2587.0
0.0,14326.0,2707.0,2884.0,379.0,2422.0,2422.0,1978.0,906.0,0.0,2707.0
0.0,11998.0,3966.0,2840.0,0.0,6168.0,6168.0,1897.0,943.0,2043.0,1923.0
0.0,8032.0,4359.0,2839.0,409.0,10113.0,10113.0,1891.0,948.0,4128.0,231.0
0.0,4082.0,6234.0,2950.0,2422.0,14480.0,14480.0,2002.0,948.0,6234.0,0.0
0.0,270.0,6308.0,3071.0,6168.0,15225.0,15225.0,2123.0,948.0,6308.0,0.0
0.0,130.0,4282.0,3139.0,10113.0,9734.0,9734.0,2206.0,933.0,4282.0,0.0
0.0,5961.0,157.0,3110.0,14480.0,0.0,0.0,2209.0,901.0,157.0,0.0
0.0,20284.0,0.0,3061.0,15225.0,0.0,0.0,2209.0,852.0,0.0,0.0
0.0,35509.0,766.0,3024.0,9734.0,0.0,0.0,2209.0,815.0,0.0,766.0
0.0,44477.0,1667.0,2984.0,0.0,0.0,0.0,2173.0,811.0,0.0,1667.0
0.0,42810.0,2573.0,2954.0,0.0,0.0,0.0,2099.0,855.0,0.0,2573.0
0.0,40237.0,2710.0,2891.0,0.0,0.0,0.0,1984.0,907.0,0.0,2710.0
0.0,37527.0,3981.0,2849.0,0.0,0.0,0.0,1904.0,945.0,2038.0,1943.0
0.0,33546.0,4418.0,2849.0,0.0,0.0,0.0,1899.0,950.0,4147.0,271.0
0.0,29128.0,6258.0,2960.0,0.0,0.0,0.0,2010.0,950.0,6258.0,0.0
0.0,22870.0,6319.0,3082.0,0.0,0.0,0.0,2132.0,950.0,6319.0,0.0
0.0,16551.0,4266.0,3149.0,0.0,3460.0,3460.0,2214.0,935.0,4266.0,0.0
0.0,12285.0,127.0,3120.0,0.0,3442.0,3442.0,2216.0,904.0,127.0,0.0
0.0,12158.0,0.0,3071.0,0.0,3197.0,3197.0,2216.0,855.0,0.0,0.0
0.0,12158.0,768.0,3034.0,3460.0,320.0,320.0,2216.0,818.0,0.0,768.0
0.0,14850.0,1672.0,2993.0,3442.0,0.0,0.0,2179.0,814.0,0.0,1672.0
0.0,16620.0,2574.0,2960.0,3197.0,0.0,0.0,2102.0,858.0,0.0,2574.0
0.0,17243.0,2706.0,2895.0,320.0,0.0,0.0,1985.0,910.0,0.0,2706.0
0.0,14857.0,4009.0,2851.0,0.0,3407.0,3407.0,1904.0,947.0,2071.0,1938.0
0.0,10848.0,4448.0,2853.0,0.0,7865.0,7865.0,1901.0,952.0,4181.0,267.0
0.0,6400.0,6300.0,2968.0,0.0,14740.0,14740.0,2016.0,952.0,6300.0,0.0
0.0,100.0,6356.0,3091.0,3407.0,15455.0,15455.0,2139.0,952.0,6356.0,0.0
0.0,0.0,4282.0,3158.0,7865.0,15056.0,15056.0,2221.0,937.0,4282.0,0.0
0.0,734.0,89.0,3128.0,14740.0,255.0,255.0,2223.0,905.0,89.0,0.0
0.0,15385.0,0.0,3078.0,15455.0,0.0,0.0,2223.0,855.0,0.0,0.0
0.0,30840.0,781.0,3041.0,15056.0,0.0,0.0,2223.0,818.0,0.0,781.0
0.0,45115.0,1694.0,2999.0,255.0,0.0,0.0,2185.0,814.0,0.0,1694.0
0.0,43676.0,2602.0,2967.0,0.0,0.0,0.0,2107.0,860.0,0.0,2602.0
0.0,41074.0,2728.0,2902.0,0.0,0.0,0.0,1990.0,912.0,0.0,2728.0
0.0,38346.0,4000.0,2859.0,0.0,0.0,0.0,1909.0,950.0,2056.0,1944.0
0.0,34346.0,4418.0,2861.0,0.0,0.0,0.0,1907.0,954.0,4173.0,245.0
0.0,29928.0,6277.0,2976.0,0.0,0.0,0.0,2022.0,954.0,6277.0,0.0
0.0,23651.0,6330.0,3097.0,0.0,0.0,0.0,2143.0,954.0,6330.0,0.0
0.0,17321.0,4268.0,3165.0,0.0,2772.0,2772.0,2225.0,940.0,4268.0,0.0
0.0,13053.0,119.0,3136.0,0.0,2746.0,2746.0,2228.0,908.0,119.0,0.0
0.0,12934.0,0.0,3087.0,0.0,2501.0,2501.0,2228.0,859.0,0.0,0.0
0.0,12934.0,775.0,3050.0,2772.0,319.0,319.0,2228.0,822.0,0.0,775.0
0.0,14931.0,1679.0,3006.0,2746.0,0.0,0.0,2189.0,817.0,0.0,1679.0
0.0,15998.0,2585.0,2971.0,2501.0,0.0,0.0,2110.0,861.0,0.0,2585.0
0.0,15914.0,2714.0,2905.0,319.0,1006.0,1006.0,1991.0,914.0,0.0,2714.0
0.0,13519.0,4034.0,2861.0,0.0,4820.0,4820.0,1910.0,951.0,2089.0,1945.0
0.0,9485.0,4502.0,2865.0,0.0,9342.0,9342.0,1909.0,956.0,4226.0,276.0
0.0,4983.0,6353.0,2984.0,1006.0,14920.0,14920.0,2028.0,956.0,6353.0,0.0
0.0,0.0,6381.0,3107.0,4820.0,15535.0,15535.0,2151.0,956.0,6381.0,0.0
0.0,0.0,4269.0,3174.0,9342.0,12722.0,12722.0,2233.0,941.0,4269.0,0.0
0.0,3148.0,389.0,3150.0,14920.0,0.0,0.0,2241.0,909.0,389.0,0.0
0.0,17679.0,0.0,3100.0,15535.0,0.0,0.0,2241.0,859.0,0.0,0.0
0.0,33214.0,793.0,3063.0,12722.0,0.0,0.0,2241.0,822.0,0.0,793.0
0.0,45143.0,1704.0,3019.0,0.0,0.0,0.0,2201.0,818.0,0.0,1704.0
0.0,43439.0,2621.0,2986.0,0.0,0.0,0.0,2122.0,864.0,0.0,2621.0
0.0,40818.0,2747.0,2919.0,0.0,0.0,0.0,2002.0,917.0,0.0,2747.0
0.0,38071.0,3688.0,2869.0,0.0,0.0,0.0,1914.0,955.0,1736.0,1952.0
0.0,34383.0,4099.0,2865.0,0.0,0.0,0.0,1906.0,959.0,3862.0,237.0
0.0,30284.0,5969.0,2977.0,0.0,0.0,0.0,2018.0,959.0,5969.0,0.0
0.0,24315.0,6359.0,3099.0,0.0,0.0,0.0,2140.0,959.0,6359.0,0.0
0.0,17956.0,4642.0,3173.0,0.0,2551.0,2551.0,2229.0,944.0,4642.0,0.0
0.0,13314.0,809.0,3157.0,0.0,3280.0,3280.0,2245.0,912.0,809.0,0.0
0.0,12505.0,0.0,3108.0,0.0,3035.0,3035.0,2245.0,863.0,0.0,0.0
0.0,12505.0,774.0,3071.0,2551.0,1073.0,1073.0,2245.0,826.0,0.0,774.0
0.0,14282.0,1682.0,3027.0,3280.0,0.0,0.0,2206.0,821.0,0.0,1682.0
0.0,15880.0,2597.0,2991.0,3035.0,0.0,0.0,2126.0,865.0,0.0,2597.0
0.0,16318.0,2733.0,2924.0,1073.0,0.0,0.0,2006.0,918.0,0.0,2733.0
0.0,14658.0,3722.0,2874.0,0.0,3434.0,3434.0,1918.0,956.0,1759.0,1963.0
0.0,10936.0,4176.0,2872.0,0.0,7600.0,7600.0,1911.0,961.0,3896.0,280.0
0.0,6760.0,6025.0,2985.0,0.0,14190.0,14190.0,2024.0,961.0,6025.0,0.0
0.0,735.0,6395.0,3108.0,3434.0,15540.0,15540.0,2147.0,961.0,6395.0,0.0
0.0,0.0,4619.0,3182.0,7600.0,15155.0,15155.0,2236.0,946.0,4619.0,0.0
0.0,755.0,714.0,3164.0,14190.0,1589.0,1589.0,2250.0,914.0,714.0,0.0
0.0,14231.0,0.0,3115.0,15540.0,0.0,0.0,2250.0,865.0,0.0,0.0
0.0,29771.0,782.0,3078.0,15155.0,0.0,0.0,2250.0,828.0,0.0,782.0
0.0,44144.0,1704.0,3033.0,1589.0,0.0,0.0,2210.0,823.0,0.0,1704.0
0.0,44029.0,2619.0,2998.0,0.0,0.0,0.0,2130.0,868.0,0.0,2619.0
0.0,41410.0,2752.0,2929.0,0.0,0.0,0.0,2008.0,921.0,0.0,2752.0
0.0,38658.0,3757.0,2880.0,0.0,0.0,0.0,1921.0,959.0,1796.0,1961.0
0.0,34901.0,4170.0,2878.0,0.0,0.0,0.0,1914.0,964.0,3917.0,253.0
0.0,30731.0,6043.0,2992.0,0.0,0.0,0.0,2028.0,964.0,6043.0,0.0
0.0,24688.0,6399.0,3115.0,0.0,0.0,0.0,2151.0,964.0,6399.0,0.0
0.0,18289.0,4633.0,3189.0,0.0,2289.0,2289.0,2240.0,949.0,4633.0,0.0
0.0,13656.0,734.0,3171.0,0.0,2933.0,2933.0,2255.0,916.0,734.0,0.0
0.0,12922.0,0.0,3121.0,0.0,2683.0,2683.0,2255.0,866.0,0.0,0.0
0.0,12922.0,793.0,3084.0,2289.0,1002.0,1002.0,2255.0,829.0,0.0,793.0
0.0,14418.0,1708.0,3039.0,2933.0,0.0,0.0,2215.0,824.0,0.0,1708.0
0.0,15643.0,2622.0,3005.0,2683.0,0.0,0.0,2135.0,870.0,0.0,2622.0
0.0,15704.0,2747.0,2937.0,1002.0,726.0,726.0,2014.0,923.0,0.0,2747.0
0.0,13959.0,3768.0,2888.0,0.0,4249.0,4249.0,1927.0,961.0,1807.0,1961.0
0.0,10191.0,4206.0,2887.0,0.0,8450.0,8450.0,1921.0,966.0,3949.0,257.0
0.0,5985.0,6094.0,3002.0,726.0,14393.0,14393.0,2036.0,966.0,6094.0,0.0
0.0,617.0,6416.0,3125.0,4249.0,15625.0,15625.0,2159.0,966.0,6416.0,0.0
0.0,0.0,4591.0,3199.0,8450.0,13686.0,13686.0,2248.0,951.0,4591.0,0.0
0.0,2309.0,638.0,3178.0,14393.0,0.0,0.0,2260.0,918.0,638.0,0.0
0.0,16064.0,0.0,3129.0,15625.0,0.0,0.0,2260.0,869.0,0.0,0.0
0.0,31689.0,803.0,3092.0,13686.0,0.0,0.0,2260.0,832.0,0.0,803.0
0.0,44572.0,1720.0,3048.0,0.0,0.0,0.0,2220.0,828.0,0.0,1720.0
0.0,42852.0,2641.0,3011.0,0.0,0.0,0.0,2138.0,873.0,0.0,2641.0
0.0,40211.0,2755.0,2942.0,0.0,0.0,0.0,2016.0,926.0,0.0,2755.0
0.0,37456.0,3819.0,2893.0,0.0,0.0,0.0,1929.0,964.0,1871.0,1948.0
0.0,33637.0,4243.0,2892.0,0.0,0.0,0.0,1924.0,968.0,4011.0,232.0
0.0,29394.0,6163.0,3004.0,0.0,0.0,0.0,2036.0,968.0,6163.0,0.0
0.0,23231.0,6453.0,3128.0,0.0,0.0,0.0,2160.0,968.0,6453.0,0.0
0.0,16778.0,4594.0,3201.0,0.0,3821.0,3821.0,2248.0,953.0,4594.0,0.0
0.0,12184.0,581.0,3179.0,0.0,4292.0,4292.0,2259.0,920.0,581.0,0.0
0.0,11603.0,0.0,3129.0,0.0,4042.0,4042.0,2259.0,870.0,0.0,0.0
0.0,11603.0,814.0,3091.0,3821.0,845.0,845.0,2259.0,832.0,0.0,814.0
0.0,14610.0,1739.0,3054.0,4292.0,0.0,0.0,2226.0,828.0,0.0,1739.0
0.0,17163.0,2667.0,3026.0,4042.0,0.0,0.0,2151.0,875.0,0.0,2667.0
0.0,18538.0,2780.0,2966.0,845.0,0.0,0.0,2037.0,929.0,0.0,2780.0
0.0,16603.0,3827.0,2916.0,0.0,1804.0,1804.0,1950.0,966.0,1864.0,1963.0
0.0,12776.0,4223.0,2908.0,0.0,5987.0,5987.0,1938.0,970.0,4011.0,212.0
0.0,8553.0,6146.0,3011.0,0.0,12648.0,12648.0,2041.0,970.0,6146.0,0.0
0.0,2407.0,6421.0,3134.0,1804.0,15670.0,15670.0,2164.0,970.0,6421.0,0.0
0.0,0.0,4565.0,3208.0,5987.0,16040.0,16040.0,2252.0,956.0,4565.0,0.0
0.0,0.0,592.0,3186.0,12648.0,4662.0,4662.0,2263.0,923.0,592.0,0.0
0.0,11268.0,0.0,3136.0,15670.0,0.0,0.0,2263.0,873.0,0.0,0.0
0.0,26938.0,796.0,3099.0,16040.0,0.0,0.0,2263.0,836.0,0.0,796.0
0.0,42182.0,1716.0,3061.0,4662.0,0.0,0.0,2230.0,831.0,0.0,1716.0
0.0,45128.0,2640.0,3032.0,0.0,0.0,0.0,2155.0,877.0,0.0,2640.0
0.0,42488.0,2766.0,2969.0,0.0,0.0,0.0,2039.0,930.0,0.0,2766.0
0.0,39722.0,3925.0,2921.0,0.0,0.0,0.0,1953.0,968.0,1950.0,1975.0
0.0,35797.0,4386.0,2917.0,0.0,0.0,0.0,1944.0,973.0,4120.0,266.0
0.0,31411.0,6286.0,3024.0,0.0,0.0,0.0,2051.0,973.0,6286.0,0.0
0.0,25125.0,6495.0,3149.0,0.0,0.0,0.0,2176.0,973.0,6495.0,0.0
0.0,18630.0,4526.0,3221.0,0.0,2001.0,2001.0,2263.0,958.0,4526.0,0.0
0.0,14104.0,391.0,3195.0,0.0,2262.0,2262.0,2270.0,925.0,391.0,0.0
0.0,13713.0,0.0,3145.0,0.0,2012.0,2012.0,2270.0,875.0,0.0,0.0
0.0,13713.0,793.0,3107.0,2001.0,614.0,614.0,2270.0,837.0,0.0,793.0
0.0,14921.0,1729.0,3069.0,2262.0,0.0,0.0,2236.0,833.0,0.0,1729.0
0.0,15454.0,2662.0,3039.0,2012.0,391.0,391.0,2160.0,879.0,0.0,2662.0
0.0,14804.0,2800.0,2977.0,614.0,2267.0,2267.0,2044.0,933.0,0.0,2800.0
0.0,12618.0,3956.0,2930.0,0.0,5988.0,5988.0,1959.0,971.0,1963.0,1993.0
0.0,8662.0,4381.0,2925.0,391.0,9953.0,9953.0,1949.0,976.0,4123.0,258.0
0.0,4672.0,6265.0,3032.0,2267.0,14486.0,14486.0,2056.0,976.0,6265.0,0.0
0.0,674.0,6462.0,3156.0,5988.0,15580.0,15580.0,2180.0,976.0,6462.0,0.0
0.0,200.0,4510.0,3227.0,9953.0,10492.0,10492.0,2266.0,961.0,4510.0,0.0
0.0,5643.0,423.0,3203.0,14486.0,0.0,0.0,2275.0,928.0,423.0,0.0
0.0,19706.0,0.0,3153.0,15580.0,0.0,0.0,2275.0,878.0,0.0,0.0
0.0,35286.0,783.0,3115.0,10492.0,0.0,0.0,2275.0,840.0,0.0,783.0
0.0,44995.0,1708.0,3075.0,0.0,0.0,0.0,2240.0,835.0,0.0,1708.0
0.0,43287.0,2629.0,3045.0,0.0,0.0,0.0,2164.0,881.0,0.0,2629.0
0.0,40658.0,2769.0,2981.0,0.0,0.0,0.0,2047.0,934.0,0.0,2769.0
0.0,37889.0,4009.0,2934.0,0.0,0.0,0.0,1962.0,972.0,2016.0,1993.0
0.0,33880.0,4497.0,2933.0,0.0,0.0,0.0,1955.0,978.0,4199.0,298.0
0.0,29383.0,6370.0,3043.0,0.0,0.0,0.0,2065.0,978.0,6370.0,0.0
0.0,23013.0,6529.0,3168.0,0.0,0.0,0.0,2190.0,978.0,6529.0,0.0
0.0,16484.0,4493.0,3239.0,0.0,4204.0,4204.0,2277.0,962.0,4493.0,0.0
0.0,11991.0,277.0,3211.0,0.0,4341.0,4341.0,2282.0,929.0,277.0,0.0
0.0,11714.0,0.0,3161.0,0.0,4091.0,4091.0,2282.0,879.0,0.0,0.0
0.0,11714.0,809.0,3123.0,4204.0,506.0,506.0,2282.0,841.0,0.0,809.0
0.0,15109.0,1739.0,3083.0,4341.0,0.0,0.0,2246.0,837.0,0.0,1739.0
0.0,17711.0,2678.0,3053.0,4091.0,0.0,0.0,2169.0,884.0,0.0,2678.0
0.0,19124.0,2798.0,2988.0,506.0,0.0,0.0,2050.0,938.0,0.0,2798.0
0.0,16832.0,3997.0,2941.0,0.0,1870.0,1870.0,1965.0,976.0,2013.0,1984.0
0.0,12835.0,4399.0,2938.0,0.0,6254.0,6254.0,1957.0,981.0,4166.0,233.0
0.0,8436.0,6346.0,3049.0,0.0,13155.0,13155.0,2068.0,981.0,6346.0,0.0
0.0,2090.0,6529.0,3174.0,1870.0,15870.0,15870.0,2193.0,981.0,6529.0,0.0
0.0,0.0,4536.0,3246.0,6254.0,16230.0,16230.0,2281.0,965.0,4536.0,0.0
0.0,0.0,373.0,3219.0,13155.0,4164.0,4164.0,2288.0,931.0,373.0,0.0
0.0,11931.0,0.0,3168.0,15870.0,0.0,0.0,2288.0,880.0,0.0,0.0
0.0,27801.0,799.0,3130.0,16230.0,0.0,0.0,2288.0,842.0,0.0,799.0
0.0,43232.0,1733.0,3090.0,4164.0,0.0,0.0,2252.0,838.0,0.0,1733.0
0.0,45663.0,2665.0,3060.0,0.0,0.0,0.0,2175.0,885.0,0.0,2665.0
0.0,42998.0,2806.0,2996.0,0.0,0.0,0.0,2057.0,939.0,0.0,2806.0
0.0,40192.0,3995.0,2948.0,0.0,0.0,0.0,1971.0,977.0,1988.0,2007.0
0.0,36197.0,4448.0,2947.0,0.0,0.0,0.0,1964.0,983.0,4176.0,272.0
0.0,31749.0,6347.0,3057.0,0.0,0.0,0.0,2074.0,983.0,6347.0,0.0
0.0,25402.0,6522.0,3183.0,0.0,0.0,0.0,2200.0,983.0,6522.0,0.0
0.0,18880.0,4511.0,3254.0,0.0,1901.0,1901.0,2287.0,967.0,4511.0,0.0
0.0,14369.0,339.0,3227.0,0.0,2105.0,2105.0,2293.0,934.0,339.0,0.0
0.0,14030.0,0.0,3177.0,0.0,1855.0,1855.0,2293.0,884.0,0.0,0.0
0.0,14030.0,789.0,3139.0,1901.0,553.0,553.0,2293.0,846.0,0.0,789.0
0.0,15142.0,1722.0,3097.0,2105.0,0.0,0.0,2256.0,841.0,0.0,1722.0
0.0,15525.0,2652.0,3063.0,1855.0,587.0,587.0,2176.0,887.0,0.0,2652.0
0.0,14728.0,2801.0,2996.0,553.0,2500.0,2500.0,2056.0,940.0,0.0,2801.0
0.0,12480.0,4070.0,2949.0,0.0,6335.0,6335.0,1970.0,979.0,2056.0,2014.0
0.0,8410.0,4544.0,2950.0,587.0,10297.0,10297.0,1965.0,985.0,4246.0,298.0
0.0,4453.0,6452.0,3066.0,2500.0,14829.0,14829.0,2081.0,985.0,6452.0,0.0
0.0,501.0,6598.0,3193.0,6335.0,15727.0,15727.0,2208.0,985.0,6598.0,0.0
0.0,238.0,4530.0,3265.0,10297.0,10320.0,10320.0,2295.0,970.0,4530.0,0.0
0.0,6005.0,256.0,3236.0,14829.0,0.0,0.0,2300.0,936.0,256.0,0.0
0.0,20578.0,0.0,3185.0,15727.0,0.0,0.0,2300.0,885.0,0.0,0.0
0.0,36305.0,798.0,3147.0,10320.0,0.0,0.0,2300.0,847.0,0.0,798.0
0.0,45827.0,1732.0,3105.0,0.0,0.0,0.0,2263.0,842.0,0.0,1732.0
0.0,44095.0,2680.0,3071.0,0.0,0.0,0.0,2183.0,888.0,0.0,2680.0
0.0,41415.0,2819.0,3005.0,0.0,0.0,0.0,2063.0,942.0,0.0,2819.0
0.0,38596.0,4005.0,2958.0,0.0,0.0,0.0,1977.0,981.0,1984.0,2021.0
0.0,34591.0,4437.0,2957.0,0.0,0.0,0.0,1970.0,987.0,4162.0,275.0
0.0,30154.0,6339.0,3071.0,0.0,0.0,0.0,2084.0,987.0,6339.0,0.0
0.0,23815.0,6538.0,3196.0,0.0,0.0,0.0,2209.0,987.0,6538.0,0.0
0.0,17277.0,4565.0,3269.0,0.0,3633.0,3633.0,2297.0,972.0,4565.0,0.0
0.0,12712.0,428.0,3244.0,0.0,3936.0,3936.0,2305.0,939.0,428.0,0.0
0.0,12284.0,0.0,3193.0,0.0,3681.0,3681.0,2305.0,888.0,0.0,0.0
0.0,12284.0,800.0,3155.0,3633.0,658.0,658.0,2305.0,850.0,0.0,800.0
0.0,15117.0,1734.0,3112.0,3936.0,0.0,0.0,2267.0,845.0,0.0,1734.0
0.0,17319.0,2664.0,3077.0,3681.0,0.0,0.0,2186.0,891.0,0.0,2664.0
0.0,18336.0,2798.0,3008.0,658.0,0.0,0.0,2063.0,945.0,0.0,2798.0
0.0,16196.0,4050.0,2960.0,0.0,2654.0,2654.0,1977.0,983.0,2045.0,2005.0
0.0,12146.0,4537.0,2962.0,0.0,7201.0,7201.0,1973.0,989.0,4250.0,287.0
0.0,7609.0,6454.0,3080.0,0.0,14245.0,14245.0,2091.0,989.0,6454.0,0.0
0.0,1155.0,6606.0,3207.0,2654.0,16035.0,16035.0,2218.0,989.0,6606.0,0.0
0.0,0.0,4549.0,3279.0,7201.0,16395.0,16395.0,2306.0,973.0,4549.0,0.0
0.0,0.0,287.0,3251.0,14245.0,2442.0,2442.0,2311.0,940.0,287.0,0.0
0.0,13813.0,0.0,3199.0,16035.0,0.0,0.0,2311.0,888.0,0.0,0.0
0.0,29848.0,841.0,3162.0,16395.0,0.0,0.0,2311.0,851.0,0.0,841.0
0.0,45402.0,1786.0,3120.0,2442.0,0.0,0.0,2273.0,847.0,0.0,1786.0
0.0,46058.0,2734.0,3088.0,0.0,0.0,0.0,2193.0,895.0,0.0,2734.0
0.0,43324.0,2841.0,3019.0,0.0,0.0,0.0,2070.0,949.0,0.0,2841.0
0.0,40483.0,4014.0,2972.0,0.0,0.0,0.0,1984.0,988.0,2021.0,1993.0
0.0,36469.0,4406.0,2970.0,0.0,0.0,0.0,1978.0,992.0,4211.0,195.0
0.0,32063.0,6391.0,3085.0,0.0,0.0,0.0,2093.0,992.0,6391.0,0.0
0.0,25672.0,6564.0,3212.0,0.0,0.0,0.0,2220.0,992.0,6564.0,0.0
0.0,19108.0,4565.0,3283.0,0.0,1872.0,1872.0,2307.0,976.0,4565.0,0.0
0.0,14543.0,380.0,3258.0,0.0,2127.0,2127.0,2315.0,943.0,380.0,0.0
0.0,14163.0,0.0,3207.0,0.0,1872.0,1872.0,2315.0,892.0,0.0,0.0
0.0,14163.0,827.0,3169.0,1872.0,637.0,637.0,2315.0,854.0,0.0,827.0
0.0,15208.0,1765.0,3125.0,2127.0,55.0,55.0,2276.0,849.0,0.0,1765.0
0.0,15570.0,2699.0,3092.0,1872.0,717.0,717.0,2196.0,896.0,0.0,2699.0
0.0,14743.0,2817.0,3024.0,637.0,2557.0,2557.0,2074.0,950.0,0.0,2817.0
0.0,12563.0,4083.0,2977.0,55.0,6350.0,6350.0,1989.0,988.0,2086.0,1997.0
0.0,8535.0,4540.0,2978.0,717.0,10178.0,10178.0,1985.0,993.0,4296.0,244.0
0.0,4712.0,6498.0,3096.0,2557.0,14709.0,14709.0,2103.0,993.0,6498.0,0.0
0.0,771.0,6606.0,3223.0,6350.0,15600.0,15600.0,2230.0,993.0,6606.0,0.0
0.0,515.0,4506.0,3295.0,10178.0,10288.0,10288.0,2317.0,978.0,4506.0,0.0
0.0,6187.0,202.0,3266.0,14709.0,0.0,0.0,2321.0,945.0,202.0,0.0
0.0,20694.0,0.0,3215.0,15600.0,0.0,0.0,2321.0,894.0,0.0,0.0
0.0,36294.0,855.0,3177.0,10288.0,0.0,0.0,2321.0,856.0,0.0,855.0
0.0,45727.0,1809.0,3133.0,0.0,0.0,0.0,2281.0,852.0,0.0,1809.0
0.0,43918.0,2759.0,3099.0,0.0,0.0,0.0,2199.0,900.0,0.0,2759.0
0.0,41159.0,2850.0,3029.0,0.0,0.0,0.0,2075.0,954.0,0.0,2850.0
0.0,38309.0,4125.0,2982.0,0.0,0.0,0.0,1990.0,992.0,2146.0,1979.0
0.0,34184.0,4504.0,2982.0,0.0,0.0,0.0,1986.0,996.0,4342.0,162.0
0.0,29680.0,6542.0,3103.0,0.0,0.0,0.0,2107.0,996.0,6542.0,0.0
0.0,23138.0,6621.0,3230.0,0.0,0.0,0.0,2234.0,996.0,6621.0,0.0
0.0,16517.0,4498.0,3301.0,0.0,4486.0,4486.0,2321.0,980.0,4498.0,0.0
0.0,12019.0,166.0,3271.0,0.0,4502.0,4502.0,2324.0,947.0,166.0,0.0
0.0,11853.0,0.0,3219.0,0.0,4242.0,4242.0,2324.0,895.0,0.0,0.0
0.0,11853.0,852.0,3181.0,4486.0,418.0,418.0,2324.0,857.0,0.0,852.0
0.0,15487.0,1792.0,3139.0,4502.0,0.0,0.0,2286.0,853.0,0.0,1792.0
0.0,18197.0,2745.0,3107.0,4242.0,0.0,0.0,2206.0,901.0,0.0,2745.0
0.0,19694.0,2846.0,3039.0,418.0,0.0,0.0,2084.0,955.0,0.0,2846.0
0.0,17266.0,4146.0,2993.0,0.0,1845.0,1845.0,1999.0,994.0,2145.0,2001.0
0.0,13120.0,4561.0,2993.0,0.0,6406.0,6406.0,1995.0,998.0,4354.0,207.0
0.0,8559.0,6564.0,3111.0,0.0,13560.0,13560.0,2113.0,998.0,6564.0,0.0
0.0,1995.0,6626.0,3239.0,1845.0,16195.0,16195.0,2241.0,998.0,6626.0,0.0
0.0,0.0,4468.0,3309.0,6406.0,16545.0,16545.0,2327.0,982.0,4468.0,0.0
0.0,0.0,121.0,3278.0,13560.0,3799.0,3799.0,2329.0,949.0,121.0,0.0
0.0,12591.0,0.0,3227.0,16195.0,0.0,0.0,2329.0,898.0,0.0,0.0
0.0,28786.0,851.0,3189.0,16545.0,0.0,0.0,2329.0,860.0,0.0,851.0
0.0,44480.0,1797.0,3146.0,3799.0,0.0,0.0,2290.0,856.0,0.0,1797.0
0.0,46482.0,2746.0,3112.0,0.0,0.0,0.0,2208.0,904.0,0.0,2746.0
0.0,43736.0,2855.0,3042.0,0.0,0.0,0.0,2084.0,958.0,14.0,2841.0
0.0,40881.0,4202.0,2997.0,0.0,0.0,0.0,2000.0,997.0,2213.0,1989.0
0.0,36679.0,4635.0,2998.0,0.0,0.0,0.0,1998.0,1000.0,4442.0,193.0
0.0,32044.0,6651.0,3120.0,0.0,0.0,0.0,2120.0,1000.0,6651.0,0.0
0.0,25393.0,6674.0,3248.0,0.0,0.0,0.0,2248.0,1000.0,6674.0,0.0
0.0,18719.0,4453.0,3318.0,0.0,2324.0,2324.0,2334.0,984.0,4453.0,0.0
0.0,14266.0,23.0,3284.0,0.0,2177.0,2177.0,2334.0,950.0,23.0,0.0
0.0,14243.0,0.0,3231.0,0.0,1912.0,1912.0,2334.0,897.0,0.0,0.0
0.0,14243.0,871.0,3193.0,2324.0,269.0,269.0,2334.0,859.0,0.0,871.0
0.0,15696.0,1829.0,3152.0,2177.0,0.0,0.0,2296.0,856.0,0.0,1829.0
0.0,16044.0,2784.0,3121.0,1912.0,433.0,433.0,2215.0,906.0,0.0,2784.0
0.0,15172.0,2870.0,3053.0,269.0,2694.0,2694.0,2092.0,961.0,0.0,2870.0
0.0,12571.0,4197.0,3007.0,0.0,6661.0,6661.0,2008.0,999.0,2201.0,1996.0
0.0,8374.0,4576.0,3008.0,433.0,10809.0,10809.0,2005.0,1003.0,4418.0,158.0
0.0,4231.0,6638.0,3128.0,2694.0,15353.0,15353.0,2125.0,1003.0,6638.0,0.0
0.0,287.0,6647.0,3256.0,6661.0,15979.0,15979.0,2253.0,1003.0,6647.0,0.0
0.0,301.0,4451.0,3326.0,10809.0,9971.0,9971.0,2339.0,987.0,4451.0,0.0
0.0,6659.0,48.0,3293.0,15353.0,0.0,0.0,2340.0,953.0,48.0,0.0
0.0,21964.0,0.0,3241.0,15979.0,0.0,0.0,2340.0,901.0,0.0,0.0
0.0,37943.0,865.0,3203.0,9971.0,0.0,0.0,2340.0,863.0,0.0,865.0
0.0,47049.0,1815.0,3160.0,0.0,0.0,0.0,2300.0,860.0,0.0,1815.0
0.0,45234.0,2764.0,3125.0,0.0,0.0,0.0,2217.0,908.0,0.0,2764.0
0.0,42470.0,2881.0,3056.0,0.0,0.0,0.0,2093.0,963.0,32.0,2849.0
0.0,39589.0,4250.0,3010.0,0.0,0.0,0.0,2009.0,1001.0,2261.0,1989.0
0.0,35339.0,4686.0,3014.0,0.0,0.0,0.0,2009.0,1005.0,4493.0,193.0
0.0,30653.0,6692.0,3139.0,0.0,0.0,0.0,2134.0,1005.0,6692.0,0.0
0.0,23961.0,6668.0,3267.0,0.0,0.0,0.0,2262.0,1005.0,6668.0,0.0
0.0,17293.0,4408.0,3335.0,0.0,3790.0,3790.0,2347.0,988.0,4408.0,0.0
0.0,12885.0,0.0,3301.0,0.0,3620.0,3620.0,2347.0,954.0,0.0,0.0
0.0,12885.0,0.0,3248.0,0.0,3355.0,3355.0,2347.0,901.0,0.0,0.0
0.0,12885.0,897.0,3210.0,3790.0,272.0,272.0,2347.0,863.0,0.0,897.0
0.0,15778.0,1858.0,3166.0,3620.0,0.0,0.0,2305.0,861.0,0.0,1858.0
0.0,17540.0,2823.0,3134.0,3355.0,0.0,0.0,2222.0,912.0,0.0,2823.0
0.0,18072.0,2939.0,3065.0,272.0,0.0,0.0,2097.0,968.0,50.0,2889.0
0.0,15405.0,4265.0,3019.0,0.0,3955.0,3955.0,2013.0,1006.0,2277.0,1988.0
0.0,11140.0,4623.0,3022.0,0.0,8593.0,8593.0,2014.0,1008.0,4507.0,116.0
0.0,6517.0,6673.0,3147.0,0.0,15735.0,15735.0,2139.0,1008.0,6673.0,0.0
0.0,0.0,6629.0,3274.0,3955.0,16370.0,16370.0,2266.0,1008.0,6629.0,0.0
0.0,0.0,4365.0,3342.0,8593.0,15312.0,15312.0,2350.0,992.0,4365.0,0.0
0.0,1398.0,94.0,3309.0,15735.0,0.0,0.0,2352.0,957.0,94.0,0.0
0.0,17039.0,0.0,3256.0,16370.0,0.0,0.0,2352.0,904.0,0.0,0.0
0.0,33409.0,880.0,3219.0,15312.0,0.0,0.0,2352.0,867.0,0.0,880.0
0.0,47841.0,1835.0,3174.0,0.0,0.0,0.0,2311.0,863.0,0.0,1835.0
0.0,46006.0,2790.0,3140.0,0.0,0.0,0.0,2227.0,913.0,0.0,2790.0
0.0,43216.0,2881.0,3069.0,0.0,0.0,0.0,2101.0,968.0,14.0,2867.0
0.0,40335.0,4271.0,3024.0,0.0,0.0,0.0,2017.0,1007.0,2271.0,2000.0
0.0,36064.0,4689.0,3028.0,0.0,0.0,0.0,2018.0,1010.0,4516.0,173.0
0.0,31375.0,6739.0,3155.0,0.0,0.0,0.0,2145.0,1010.0,6739.0,0.0
0.0,24636.0,6701.0,3284.0,0.0,0.0,0.0,2274.0,1010.0,6701.0,0.0
0.0,17935.0,4419.0,3353.0,0.0,3249.0,3249.0,2359.0,994.0,4419.0,0.0
0.0,13516.0,0.0,3318.0,0.0,3074.0,3074.0,2359.0,959.0,0.0,0.0
0.0,13516.0,0.0,3265.0,0.0,2809.0,2809.0,2359.0,906.0,0.0,0.0
0.0,13516.0,888.0,3228.0,3249.0,263.0,263.0,2359.0,869.0,0.0,888.0
0.0,15877.0,1850.0,3182.0,3074.0,0.0,0.0,2316.0,866.0,0.0,1850.0
0.0,17101.0,2808.0,3147.0,2809.0,0.0,0.0,2231.0,916.0,0.0,2808.0
0.0,17102.0,2892.0,3075.0,263.0,902.0,902.0,2103.0,972.0,8.0,2884.0
0.0,14473.0,4238.0,3028.0,0.0,4905.0,4905.0,2018.0,1010.0,2245.0,1993.0
0.0,10235.0,4613.0,3031.0,0.0,9533.0,9533.0,2018.0,1013.0,4470.0,143.0
0.0,5622.0,6707.0,3160.0,902.0,15800.0,15800.0,2147.0,1013.0,6707.0,0.0
0.0,0.0,6719.0,3289.0,4905.0,16445.0,16445.0,2276.0,1013.0,6719.0,0.0
0.0,0.0,4492.0,3359.0,9533.0,13751.0,13751.0,2363.0,996.0,4492.0,0.0
0.0,3044.0,221.0,3328.0,15800.0,0.0,0.0,2367.0,961.0,221.0,0.0
0.0,18623.0,0.0,3274.0,16445.0,0.0,0.0,2367.0,907.0,0.0,0.0
0.0,35068.0,897.0,3236.0,13751.0,0.0,0.0,2367.0,869.0,0.0,897.0
0.0,47922.0,1857.0,3191.0,0.0,0.0,0.0,2324.0,867.0,0.0,1857.0
0.0,46065.0,2826.0,3158.0,0.0,0.0,0.0,2240.0,918.0,0.0,2826.0
0.0,43239.0,2890.0,3086.0,0.0,0.0,0.0,2112.0,974.0,0.0,2890.0
0.0,40349.0,4094.0,3036.0,0.0,0.0,0.0,2024.0,1012.0,2096.0,1998.0
0.0,36255.0,4485.0,3037.0,0.0,0.0,0.0,2022.0,1015.0,4346.0,139.0
0.0,31770.0,6602.0,3163.0,0.0,0.0,0.0,2148.0,1015.0,6602.0,0.0
0.0,25168.0,6750.0,3293.0,0.0,0.0,0.0,2278.0,1015.0,6750.0,0.0
0.0,18418.0,4634.0,3365.0,0.0,3041.0,3041.0,2367.0,998.0,4634.0,0.0
0.0,13784.0,287.0,3336.0,0.0,3183.0,3183.0,2373.0,963.0,287.0,0.0
0.0,13497.0,0.0,3283.0,0.0,2918.0,2918.0,2373.0,910.0,0.0,0.0
0.0,13497.0,910.0,3245.0,3041.0,597.0,597.0,2372.0,873.0,0.0,910.0
0.0,15628.0,1872.0,3199.0,3183.0,0.0,0.0,2329.0,870.0,0.0,1872.0
0.0,16939.0,2832.0,3163.0,2918.0,0.0,0.0,2242.0,921.0,0.0,2832.0
0.0,17025.0,2885.0,3091.0,597.0,718.0,718.0,2114.0,977.0,0.0,2885.0
0.0,14737.0,4099.0,3041.0,0.0,4567.0,4567.0,2026.0,1015.0,2122.0,1977.0
0.0,10638.0,4483.0,3042.0,0.0,9055.0,9055.0,2025.0,1017.0,4370.0,113.0
0.0,6155.0,6640.0,3170.0,718.0,15617.0,15617.0,2153.0,1017.0,6640.0,0.0
0.0,233.0,6789.0,3301.0,4567.0,16505.0,16505.0,2284.0,1017.0,6789.0,0.0
0.0,0.0,4674.0,3374.0,9055.0,14478.0,14478.0,2374.0,1000.0,4674.0,0.0
0.0,2392.0,293.0,3343.0,15617.0,0.0,0.0,2379.0,964.0,293.0,0.0
0.0,17716.0,0.0,3289.0,16505.0,0.0,0.0,2379.0,910.0,0.0,0.0
0.0,34221.0,934.0,3250.0,14478.0,0.0,0.0,2378.0,872.0,0.0,934.0
0.0,47765.0,1902.0,3204.0,0.0,0.0,0.0,2334.0,870.0,0.0,1902.0
0.0,45863.0,2878.0,3171.0,0.0,0.0,0.0,2248.0,923.0,0.0,2878.0
0.0,42985.0,2914.0,3099.0,0.0,0.0,0.0,2119.0,980.0,0.0,2914.0
0.0,40071.0,4060.0,3050.0,0.0,0.0,0.0,2032.0,1018.0,2081.0,1979.0
0.0,36011.0,4403.0,3050.0,0.0,0.0,0.0,2031.0,1019.0,4336.0,67.0
0.0,31608.0,6584.0,3175.0,0.0,0.0,0.0,2156.0,1019.0,6584.0,0.0
0.0,25024.0,6747.0,3305.0,0.0,0.0,0.0,2286.0,1019.0,6747.0,0.0
0.0,18277.0,4679.0,3378.0,0.0,3292.0,3292.0,2376.0,1002.0,4679.0,0.0
0.0,13598.0,376.0,3350.0,0.0,3528.0,3528.0,2383.0,967.0,376.0,0.0
0.0,13222.0,0.0,3296.0,0.0,3258.0,3258.0,2383.0,913.0,0.0,0.0
0.0,13222.0,929.0,3259.0,3292.0,710.0,710.0,2383.0,876.0,0.0,929.0
0.0,15585.0,1898.0,3213.0,3528.0,0.0,0.0,2339.0,874.0,0.0,1898.0
0.0,17215.0,2860.0,3177.0,3258.0,0.0,0.0,2252.0,925.0,0.0,2860.0
0.0,17613.0,2900.0,3104.0,710.0,97.0,97.0,2123.0,981.0,0.0,2900.0
0.0,15423.0,4114.0,3054.0,0.0,3961.0,3961.0,2035.0,1019.0,2142.0,1972.0
0.0,11309.0,4501.0,3056.0,0.0,8472.0,8472.0,2035.0,1021.0,4417.0,84.0
0.0,6808.0,6694.0,3185.0,97.0,15714.0,15714.0,2164.0,1021.0,6694.0,0.0
0.0,211.0,6819.0,3316.0,3961.0,16580.0,16580.0,2295.0,1021.0,6819.0,0.0
0.0,0.0,4671.0,3389.0,8472.0,15791.0,15791.0,2385.0,1004.0,4671.0,0.0
0.0,1154.0,239.0,3357.0,15714.0,156.0,156.0,2389.0,968.0,239.0,0.0
0.0,16629.0,0.0,3303.0,16580.0,0.0,0.0,2389.0,914.0,0.0,0.0
0.0,33209.0,957.0,3266.0,15791.0,0.0,0.0,2389.0,877.0,0.0,957.0
0.0,48043.0,1934.0,3222.0,156.0,0.0,0.0,2346.0,876.0,0.0,1934.0
0.0,46265.0,2912.0,3189.0,0.0,0.0,0.0,2260.0,929.0,0.0,2912.0
0.0,43353.0,2934.0,3117.0,0.0,0.0,0.0,2131.0,986.0,0.0,2934.0
0.0,40419.0,4114.0,3067.0,0.0,0.0,0.0,2043.0,1024.0,2142.0,1972.0
0.0,36305.0,4432.0,3065.0,0.0,0.0,0.0,2041.0,1024.0,4402.0,30.0
0.0,31873.0,6656.0,3189.0,0.0,0.0,0.0,2165.0,1024.0,6656.0,0.0
0.0,25217.0,6775.0,3319.0,0.0,0.0,0.0,2295.0,1024.0,6775.0,0.0
0.0,18442.0,4657.0,3392.0,0.0,3175.0,3175.0,2385.0,1007.0,4657.0,0.0
0.0,13785.0,275.0,3361.0,0.0,3295.0,3295.0,2390.0,971.0,275.0,0.0
0.0,13510.0,0.0,3307.0,0.0,3025.0,3025.0,2390.0,917.0,0.0,0.0
0.0,13510.0,940.0,3269.0,3175.0,600.0,600.0,2390.0,879.0,0.0,940.0
0.0,15745.0,1907.0,3228.0,3295.0,0.0,0.0,2350.0,878.0,0.0,1907.0
0.0,17133.0,2875.0,3196.0,3025.0,0.0,0.0,2266.0,930.0,0.0,2875.0
0.0,17283.0,2908.0,3125.0,600.0,650.0,650.0,2139.0,986.0,0.0,2908.0
0.0,14975.0,4159.0,3076.0,0.0,4564.0,4564.0,2052.0,1024.0,2182.0,1977.0
0.0,10816.0,4549.0,3074.0,0.0,9103.0,9103.0,2048.0,1026.0,4469.0,80.0
0.0,6267.0,6738.0,3198.0,650.0,15811.0,15811.0,2172.0,1026.0,6738.0,0.0
0.0,179.0,6839.0,3330.0,4564.0,16650.0,16650.0,2304.0,1026.0,6839.0,0.0
0.0,0.0,4640.0,3401.0,9103.0,14638.0,14638.0,2393.0,1008.0,4640.0,0.0
0.0,2367.0,172.0,3369.0,15811.0,0.0,0.0,2397.0,972.0,172.0,0.0
0.0,18006.0,0.0,3315.0,16650.0,0.0,0.0,2397.0,918.0,0.0,0.0
0.0,34656.0,962.0,3278.0,14638.0,0.0,0.0,2397.0,881.0,0.0,962.0
0.0,48332.0,1940.0,3236.0,0.0,0.0,0.0,2356.0,880.0,0.0,1940.0
0.0,46392.0,2922.0,3206.0,0.0,0.0,0.0,2272.0,934.0,0.0,2922.0
0.0,43470.0,2939.0,3134.0,0.0,0.0,0.0,2144.0,990.0,0.0,2939.0
0.0,40531.0,4181.0,3084.0,0.0,0.0,0.0,2056.0,1028.0,2208.0,1973.0
0.0,36350.0,4504.0,3081.0,0.0,0.0,0.0,2052.0,1029.0,4481.0,23.0
0.0,31846.0,6768.0,3206.0,0.0,0.0,0.0,2177.0,1029.0,6768.0,0.0
0.0,25078.0,6856.0,3338.0,0.0,0.0,0.0,2309.0,1029.0,6856.0,0.0
0.0,18222.0,4666.0,3409.0,0.0,3489.0,3489.0,2398.0,1011.0,4666.0,0.0
0.0,13556.0,177.0,3376.0,0.0,3501.0,3501.0,2402.0,974.0,177.0,0.0
0.0,13379.0,0.0,3321.0,0.0,3226.0,3226.0,2402.0,919.0,0.0,0.0
0.0,13379.0,963.0,3283.0,3489.0,510.0,510.0,2402.0,881.0,0.0,963.0
0.0,15905.0,1945.0,3243.0,3501.0,0.0,0.0,2362.0,881.0,0.0,1945.0
0.0,17461.0,2924.0,3214.0,3226.0,0.0,0.0,2278.0,936.0,0.0,2924.0
0.0,17763.0,2939.0,3144.0,510.0,386.0,386.0,2152.0,992.0,0.0,2939.0
0.0,15334.0,4146.0,3094.0,0.0,4282.0,4282.0,2064.0,1030.0,2166.0,1980.0
0.0,11188.0,4498.0,3090.0,0.0,8760.0,8760.0,2059.0,1031.0,4464.0,34.0
0.0,6690.0,6746.0,3213.0,386.0,15735.0,15735.0,2182.0,1031.0,6746.0,0.0
0.0,330.0,6856.0,3345.0,4282.0,16725.0,16725.0,2314.0,1031.0,6856.0,0.0
0.0,0.0,4670.0,3417.0,8760.0,15239.0,15239.0,2404.0,1013.0,4670.0,0.0
0.0,1846.0,218.0,3385.0,15735.0,0.0,0.0,2408.0,977.0,218.0,0.0
0.0,17363.0,0.0,3330.0,16725.0,0.0,0.0,2408.0,922.0,0.0,0.0
0.0,34088.0,960.0,3292.0,15239.0,0.0,0.0,2408.0,884.0,0.0,960.0
0.0,48367.0,1941.0,3251.0,0.0,0.0,0.0,2367.0,884.0,0.0,1941.0
0.0,46426.0,2918.0,3220.0,0.0,0.0,0.0,2282.0,938.0,0.0,2918.0
0.0,43508.0,2935.0,3148.0,0.0,0.0,0.0,2153.0,995.0,0.0,2935.0
0.0,40573.0,4181.0,3097.0,0.0,0.0,0.0,2064.0,1033.0,2210.0,1971.0
0.0,36392.0,4544.0,3094.0,0.0,0.0,0.0,2061.0,1033.0,4502.0,42.0
0.0,31848.0,6803.0,3220.0,0.0,0.0,0.0,2187.0,1033.0,6803.0,0.0
0.0,25045.0,6899.0,3353.0,0.0,0.0,0.0,2320.0,1033.0,6899.0,0.0
0.0,18146.0,4689.0,3425.0,0.0,3668.0,3668.0,2410.0,1015.0,4689.0,0.0
0.0,13457.0,171.0,3391.0,0.0,3669.0,3669.0,2413.0,978.0,171.0,0.0
0.0,13286.0,0.0,3335.0,0.0,3389.0,3389.0,2413.0,922.0,0.0,0.0
0.0,13286.0,977.0,3297.0,3668.0,508.0,508.0,2413.0,884.0,0.0,977.0
0.0,15977.0,1965.0,3256.0,3669.0,0.0,0.0,2372.0,884.0,0.0,1965.0
0.0,17681.0,2954.0,3228.0,3389.0,0.0,0.0,2288.0,940.0,0.0,2954.0
0.0,18116.0,2965.0,3157.0,508.0,126.0,126.0,2160.0,997.0,0.0,2965.0
0.0,15659.0,4164.0,3107.0,0.0,4040.0,4040.0,2071.0,1036.0,2177.0,1987.0
0.0,11495.0,4489.0,3104.0,0.0,8514.0,8514.0,2068.0,1036.0,4474.0,15.0
0.0,7006.0,6762.0,3228.0,126.0,15770.0,15770.0,2192.0,1036.0,6762.0,0.0
0.0,370.0,6862.0,3360.0,4040.0,16800.0,16800.0,2324.0,1036.0,6862.0,0.0
0.0,0.0,4694.0,3433.0,8514.0,15797.0,15797.0,2415.0,1018.0,4694.0,0.0
0.0,1368.0,242.0,3400.0,15770.0,104.0,104.0,2419.0,981.0,242.0,0.0
0.0,16896.0,0.0,3345.0,16800.0,0.0,0.0,2419.0,926.0,0.0,0.0
0.0,33696.0,955.0,3307.0,15797.0,0.0,0.0,2419.0,888.0,0.0,955.0
0.0,48538.0,1938.0,3264.0,104.0,0.0,0.0,2377.0,887.0,0.0,1938.0
0.0,46704.0,2917.0,3233.0,0.0,0.0,0.0,2291.0,942.0,0.0,2917.0
0.0,43787.0,2941.0,3161.0,0.0,0.0,0.0,2162.0,999.0,0.0,2941.0
0.0,40846.0,4219.0,3110.0,0.0,0.0,0.0,2073.0,1037.0,2226.0,1993.0
0.0,36627.0,4602.0,3109.0,0.0,0.0,0.0,2071.0,1038.0,4537.0,65.0
0.0,32025.0,6834.0,3237.0,0.0,0.0,0.0,2199.0,1038.0,6834.0,0.0
0.0,25191.0,6917.0,3370.0,0.0,0.0,0.0,2332.0,1038.0,6917.0,0.0
0.0,18274.0,4676.0,3442.0,0.0,3612.0,3612.0,2422.0,1020.0,4676.0,0.0
0.0,13598.0,133.0,3407.0,0.0,3570.0,3570.0,2425.0,982.0,133.0,0.0
0.0,13465.0,0.0,3351.0,0.0,3290.0,3290.0,2425.0,926.0,0.0,0.0
0.0,13465.0,973.0,3313.0,3612.0,461.0,461.0,2425.0,888.0,0.0,973.0
0.0,16104.0,1963.0,3270.0,3570.0,0.0,0.0,2382.0,888.0,0.0,1963.0
0.0,17711.0,2963.0,3241.0,3290.0,0.0,0.0,2296.0,945.0,0.0,2963.0
0.0,18038.0,2976.0,3168.0,461.0,317.0,317.0,2166.0,1002.0,0.0,2976.0
0.0,15523.0,4246.0,3117.0,0.0,4308.0,4308.0,2077.0,1040.0,2250.0,1996.0
0.0,11277.0,4561.0,3116.0,0.0,8864.0,8864.0,2075.0,1041.0,4542.0,19.0
0.0,6716.0,6836.0,3244.0,317.0,16023.0,16023.0,2203.0,1041.0,6836.0,0.0
0.0,197.0,6890.0,3377.0,4308.0,16885.0,16885.0,2336.0,1041.0,6890.0,0.0
0.0,0.0,4670.0,3447.0,8864.0,15426.0,15426.0,2425.0,1022.0,4670.0,0.0
0.0,1809.0,155.0,3413.0,16023.0,0.0,0.0,2428.0,985.0,155.0,0.0
0.0,17677.0,0.0,3356.0,16885.0,0.0,0.0,2428.0,928.0,0.0,0.0
0.0,34562.0,961.0,3318.0,15426.0,0.0,0.0,2428.0,890.0,0.0,961.0
0.0,49027.0,1948.0,3277.0,0.0,0.0,0.0,2387.0,890.0,0.0,1948.0
0.0,47079.0,2929.0,3247.0,0.0,0.0,0.0,2301.0,946.0,0.0,2929.0
0.0,44150.0,2963.0,3173.0,0.0,0.0,0.0,2171.0,1002.0,0.0,2963.0
0.0,41187.0,4290.0,3124.0,0.0,0.0,0.0,2083.0,1041.0,2282.0,2008.0
0.0,36897.0,4671.0,3125.0,0.0,0.0,0.0,2082.0,1043.0,4596.0,75.0
0.0,32226.0,6908.0,3253.0,0.0,0.0,0.0,2210.0,1043.0,6908.0,0.0
0.0,25318.0,6940.0,3387.0,0.0,0.0,0.0,2344.0,1043.0,6940.0,0.0
0.0,18378.0,4643.0,3457.0,0.0,3550.0,3550.0,2433.0,1024.0,4643.0,0.0
0.0,13735.0,36.0,3421.0,0.0,3406.0,3406.0,2434.0,987.0,36.0,0.0
0.0,13699.0,0.0,3365.0,0.0,3126.0,3126.0,2434.0,931.0,0.0,0.0
0.0,13699.0,968.0,3327.0,3550.0,354.0,354.0,2434.0,893.0,0.0,968.0
0.0,16281.0,1966.0,3284.0,3406.0,0.0,0.0,2391.0,893.0,0.0,1966.0
0.0,17721.0,2957.0,3254.0,3126.0,0.0,0.0,2305.0,949.0,0.0,2957.0
0.0,17890.0,2985.0,3180.0,354.0,641.0,641.0,2174.0,1006.0,5.0,2980.0
0.0,15259.0,4318.0,3131.0,0.0,4714.0,4714.0,2086.0,1045.0,2313.0,2005.0
0.0,10941.0,4650.0,3129.0,0.0,9354.0,9354.0,2084.0,1045.0,4614.0,36.0
0.0,6291.0,6915.0,3259.0,641.0,16278.0,16278.0,2214.0,1045.0,6915.0,0.0
0.0,17.0,6924.0,3392.0,4714.0,16960.0,16960.0,2347.0,1045.0,6924.0,0.0
0.0,0.0,4632.0,3463.0,9354.0,14786.0,14786.0,2436.0,1027.0,4632.0,0.0
0.0,2529.0,36.0,3426.0,16278.0,0.0,0.0,2437.0,989.0,36.0,0.0
0.0,18771.0,0.0,3369.0,16960.0,0.0,0.0,2437.0,932.0,0.0,0.0
0.0,35731.0,966.0,3331.0,14786.0,0.0,0.0,2437.0,894.0,0.0,966.0
0.0,49551.0,1959.0,3288.0,0.0,0.0,0.0,2395.0,893.0,0.0,1959.0
0.0,47592.0,2956.0,3259.0,0.0,0.0,0.0,2309.0,950.0,0.0,2956.0
0.0,44636.0,3014.0,3187.0,0.0,0.0,0.0,2180.0,1007.0,30.0,2984.0
0.0,41622.0,4376.0,3139.0,0.0,0.0,0.0,2093.0,1046.0,2356.0,2020.0
0.0,37246.0,4743.0,3140.0,0.0,0.0,0.0,2093.0,1047.0,4675.0,68.0
0.0,32503.0,6968.0,3269.0,0.0,0.0,0.0,2222.0,1047.0,6968.0,0.0
0.0,25535.0,6922.0,3402.0,0.0,0.0,0.0,2355.0,1047.0,6922.0,0.0
0.0,18613.0,4560.0,3472.0,0.0,3307.0,3307.0,2443.0,1029.0,4560.0,0.0
0.0,14053.0,0.0,3434.0,0.0,3117.0,3117.0,2443.0,991.0,0.0,0.0
0.0,14053.0,0.0,3378.0,0.0,2837.0,2837.0,2443.0,935.0,0.0,0.0
0.0,14053.0,967.0,3340.0,3307.0,307.0,307.0,2443.0,897.0,0.0,967.0
0.0,16393.0,1961.0,3297.0,3117.0,0.0,0.0,2400.0,897.0,0.0,1961.0
0.0,17549.0,2955.0,3265.0,2837.0,0.0,0.0,2313.0,952.0,0.0,2955.0
0.0,17431.0,3053.0,3193.0,307.0,1280.0,1280.0,2183.0,1010.0,73.0,2980.0
0.0,14685.0,4399.0,3143.0,0.0,5429.0,5429.0,2095.0,1048.0,2384.0,2015.0
0.0,10286.0,4779.0,3146.0,0.0,10223.0,10223.0,2096.0,1050.0,4714.0,65.0
0.0,5507.0,6980.0,3278.0,1280.0,16390.0,16390.0,2228.0,1050.0,6980.0,0.0
0.0,0.0,6935.0,3411.0,5429.0,17055.0,17055.0,2361.0,1050.0,6935.0,0.0
0.0,0.0,4551.0,3480.0,10223.0,13427.0,13427.0,2449.0,1031.0,4551.0,0.0
0.0,3973.0,91.0,3443.0,16390.0,0.0,0.0,2450.0,993.0,91.0,0.0
0.0,20272.0,0.0,3386.0,17055.0,0.0,0.0,2450.0,936.0,0.0,0.0
0.0,37327.0,992.0,3348.0,13427.0,0.0,0.0,2450.0,898.0,0.0,992.0
0.0,49762.0,1989.0,3305.0,0.0,0.0,0.0,2407.0,898.0,0.0,1989.0
0.0,47773.0,2991.0,3275.0,0.0,0.0,0.0,2320.0,955.0,0.0,2991.0
0.0,44782.0,3006.0,3201.0,0.0,0.0,0.0,2188.0,1013.0,0.0,3006.0
0.0,41776.0,4287.0,3152.0,0.0,0.0,0.0,2100.0,1052.0,2272.0,2015.0
0.0,37489.0,4617.0,3150.0,0.0,0.0,0.0,2098.0,1052.0,4599.0,18.0
0.0,32872.0,6913.0,3280.0,0.0,0.0,0.0,2228.0,1052.0,6913.0,0.0
0.0,25959.0,6969.0,3414.0,0.0,0.0,0.0,2362.0,1052.0,6969.0,0.0
0.0,18990.0,4702.0,3487.0,0.0,3147.0,3147.0,2453.0,1034.0,4702.0,0.0
0.0,14288.0,138.0,3451.0,0.0,3105.0,3105.0,2455.0,996.0,138.0,0.0
0.0,14150.0,0.0,3395.0,0.0,2825.0,2825.0,2455.0,940.0,0.0,0.0
0.0,14150.0,983.0,3357.0,3147.0,471.0,471.0,2455.0,902.0,0.0,983.0
0.0,16314.0,1977.0,3312.0,3105.0,0.0,0.0,2411.0,901.0,0.0,1977.0
0.0,17442.0,2970.0,3280.0,2825.0,0.0,0.0,2323.0,957.0,0.0,2970.0
0.0,17297.0,2988.0,3204.0,471.0,1240.0,1240.0,2190.0,1014.0,0.0,2988.0
0.0,14780.0,4326.0,3154.0,0.0,5316.0,5316.0,2101.0,1053.0,2315.0,2011.0
0.0,10454.0,4711.0,3156.0,0.0,10037.0,10037.0,2102.0,1054.0,4664.0,47.0
0.0,5743.0,7022.0,3290.0,1240.0,16450.0,16450.0,2236.0,1054.0,7022.0,0.0
0.0,0.0,7050.0,3426.0,5316.0,17130.0,17130.0,2372.0,1054.0,7050.0,0.0
0.0,0.0,4727.0,3497.0,10037.0,13948.0,13948.0,2462.0,1035.0,4727.0,0.0
0.0,3537.0,73.0,3461.0,16450.0,0.0,0.0,2464.0,997.0,73.0,0.0
0.0,19914.0,10.0,3405.0,17130.0,0.0,0.0,2464.0,941.0,0.0,10.0
0.0,37034.0,1012.0,3367.0,13948.0,0.0,0.0,2464.0,903.0,0.0,1012.0
0.0,49970.0,2025.0,3322.0,0.0,0.0,0.0,2419.0,903.0,0.0,2025.0
0.0,47945.0,3018.0,3292.0,0.0,0.0,0.0,2331.0,961.0,0.0,3018.0
0.0,44927.0,3012.0,3216.0,0.0,0.0,0.0,2198.0,1018.0,0.0,3012.0
0.0,41915.0,4220.0,3164.0,0.0,0.0,0.0,2107.0,1057.0,2231.0,1989.0
0.0,37695.0,4565.0,3163.0,0.0,0.0,0.0,2106.0,1057.0,4565.0,0.0
0.0,33130.0,6890.0,3295.0,0.0,0.0,0.0,2238.0,1057.0,6890.0,0.0
0.0,26240.0,7007.0,3430.0,0.0,0.0,0.0,2373.0,1057.0,7007.0,0.0
0.0,19233.0,4784.0,3503.0,0.0,3066.0,3066.0,2465.0,1038.0,4784.0,0.0
0.0,14449.0,247.0,3469.0,0.0,3143.0,3143.0,2469.0,1000.0,247.0,0.0
0.0,14202.0,0.0,3413.0,0.0,2863.0,2863.0,2469.0,944.0,0.0,0.0
0.0,14202.0,994.0,3374.0,3066.0,596.0,596.0,2469.0,905.0,0.0,994.0
0.0,16274.0,1989.0,3328.0,3143.0,0.0,0.0,2423.0,905.0,0.0,1989.0
0.0,17428.0,2988.0,3295.0,2863.0,0.0,0.0,2334.0,961.0,0.0,2988.0
0.0,17303.0,2995.0,3218.0,596.0,1186.0,1186.0,2200.0,1018.0,0.0,2995.0
0.0,14904.0,4285.0,3167.0,0.0,5216.0,5216.0,2110.0,1057.0,2273.0,2012.0
0.0,10619.0,4653.0,3169.0,0.0,9879.0,9879.0,2111.0,1058.0,4612.0,41.0
0.0,5966.0,6957.0,3303.0,1186.0,16320.0,16320.0,2245.0,1058.0,6957.0,0.0
0.0,195.0,7030.0,3438.0,5216.0,17190.0,17190.0,2380.0,1058.0,7030.0,0.0
0.0,0.0,4752.0,3511.0,9879.0,14047.0,14047.0,2472.0,1039.0,4752.0,0.0
0.0,3508.0,132.0,3476.0,16320.0,0.0,0.0,2474.0,1002.0,132.0,0.0
0.0,19696.0,4.0,3419.0,17190.0,0.0,0.0,2474.0,945.0,0.0,4.0
0.0,36882.0,1016.0,3380.0,14047.0,0.0,0.0,2473.0,907.0,0.0,1016.0
0.0,49913.0,2026.0,3334.0,0.0,0.0,0.0,2427.0,907.0,0.0,2026.0
0.0,47887.0,3031.0,3300.0,0.0,0.0,0.0,2336.0,964.0,0.0,3031.0
0.0,44856.0,3019.0,3224.0,0.0,0.0,0.0,2202.0,1022.0,0.0,3019.0
0.0,41837.0,4327.0,3174.0,0.0,0.0,0.0,2113.0,1061.0,2329.0,1998.0
0.0,37510.0,4667.0,3177.0,0.0,0.0,0.0,2116.0,1061.0,4667.0,0.0
0.0,32843.0,7019.0,3310.0,0.0,0.0,0.0,2249.0,1061.0,7019.0,0.0
0.0,25824.0,7057.0,3446.0,0.0,0.0,0.0,2385.0,1061.0,7057.0,0.0
0.0,18767.0,4754.0,3518.0,0.0,3577.0,3577.0,2476.0,1042.0,4754.0,0.0
0.0,14013.0,83.0,3482.0,0.0,3480.0,3480.0,2478.0,1004.0,83.0,0.0
0.0,13930.0,1.0,3424.0,0.0,3191.0,3191.0,2478.0,946.0,0.0,1.0
0.0,13929.0,1015.0,3386.0,3577.0,439.0,439.0,2478.0,908.0,0.0,1015.0
0.0,16491.0,2024.0,3342.0,3480.0,0.0,0.0,2434.0,908.0,0.0,2024.0
0.0,17947.0,3031.0,3311.0,3191.0,0.0,0.0,2345.0,966.0,0.0,3031.0
0.0,18107.0,3027.0,3236.0,439.0,661.0,661.0,2212.0,1024.0,0.0,3027.0
0.0,15519.0,4358.0,3186.0,0.0,4769.0,4769.0,2123.0,1063.0,2340.0,2018.0
0.0,11161.0,4692.0,3186.0,0.0,9461.0,9461.0,2123.0,1063.0,4692.0,0.0
0.0,6469.0,7044.0,3319.0,661.0,16509.0,16509.0,2256.0,1063.0,7044.0,0.0
0.0,86.0,7060.0,3455.0,4769.0,17275.0,17275.0,2392.0,1063.0,7060.0,0.0
0.0,0.0,4724.0,3527.0,9461.0,15103.0,15103.0,2483.0,1044.0,4724.0,0.0
0.0,2532.0,37.0,3489.0,16509.0,0.0,0.0,2483.0,1006.0,37.0,0.0
0.0,19004.0,2.0,3432.0,17275.0,0.0,0.0,2483.0,949.0,0.0,2.0
0.0,36277.0,1013.0,3394.0,15103.0,0.0,0.0,2483.0,911.0,0.0,1013.0
0.0,50367.0,2025.0,3350.0,0.0,0.0,0.0,2439.0,911.0,0.0,2025.0
0.0,48342.0,3032.0,3318.0,0.0,0.0,0.0,2349.0,969.0,0.0,3032.0
0.0,45310.0,3036.0,3241.0,0.0,0.0,0.0,2214.0,1027.0,13.0,3023.0
0.0,42274.0,4363.0,3189.0,0.0,0.0,0.0,2124.0,1065.0,2357.0,2006.0
0.0,37911.0,4724.0,3189.0,0.0,0.0,0.0,2124.0,1065.0,4724.0,0.0
0.0,33187.0,7093.0,3324.0,0.0,0.0,0.0,2259.0,1065.0,7093.0,0.0
0.0,26094.0,7110.0,3461.0,0.0,0.0,0.0,2396.0,1065.0,7110.0,0.0
0.0,18984.0,4748.0,3533.0,0.0,3429.0,3429.0,2487.0,1046.0,4748.0,0.0
0.0,14236.0,27.0,3495.0,0.0,3266.0,3266.0,2488.0,1007.0,27.0,0.0
0.0,14209.0,21.0,3437.0,0.0,2997.0,2997.0,2488.0,949.0,0.0,21.0
0.0,14188.0,1030.0,3399.0,3429.0,408.0,408.0,2488.0,911.0,0.0,1030.0
0.0,16587.0,2045.0,3357.0,3266.0,0.0,0.0,2445.0,912.0,0.0,2045.0
0.0,17808.0,3039.0,3327.0,2997.0,0.0,0.0,2357.0,970.0,0.0,3039.0
0.0,17766.0,3031.0,3253.0,408.0,1122.0,1122.0,2224.0,1029.0,0.0,3031.0
0.0,15143.0,4320.0,3201.0,0.0,5182.0,5182.0,2134.0,1067.0,2320.0,2000.0
0.0,10823.0,4692.0,3200.0,0.0,9869.0,9869.0,2133.0,1067.0,4692.0,0.0
0.0,6131.0,7050.0,3330.0,1122.0,16447.0,16447.0,2263.0,1067.0,7050.0,0.0
0.0,203.0,7091.0,3467.0,5182.0,17335.0,17335.0,2400.0,1067.0,7091.0,0.0
0.0,0.0,4763.0,3539.0,9869.0,14295.0,14295.0,2491.0,1048.0,4763.0,0.0
0.0,3400.0,90.0,3503.0,16447.0,0.0,0.0,2493.0,1010.0,90.0,0.0
0.0,19757.0,30.0,3446.0,17335.0,0.0,0.0,2493.0,953.0,0.0,30.0
0.0,37062.0,1050.0,3409.0,14295.0,0.0,0.0,2493.0,916.0,0.0,1050.0
0.0,50307.0,2061.0,3366.0,0.0,0.0,0.0,2449.0,917.0,0.0,2061.0
0.0,48246.0,3041.0,3335.0,0.0,0.0,0.0,2361.0,974.0,0.0,3041.0
0.0,45205.0,3001.0,3259.0,0.0,0.0,0.0,2227.0,1032.0,0.0,3001.0
0.0,42204.0,4322.0,3207.0,0.0,0.0,0.0,2137.0,1070.0,2366.0,1956.0
0.0,37882.0,4755.0,3207.0,0.0,0.0,0.0,2137.0,1070.0,4755.0,0.0
0.0,33127.0,7139.0,3342.0,0.0,0.0,0.0,2272.0,1070.0,7139.0,0.0
0.0,25988.0,7150.0,3479.0,0.0,0.0,0.0,2410.0,1069.0,7150.0,0.0
0.0,18838.0,4770.0,3551.0,0.0,3687.0,3687.0,2501.0,1050.0,4770.0,0.0
0.0,14068.0,0.0,3512.0,0.0,3492.0,3492.0,2501.0,1011.0,0.0,0.0
0.0,14068.0,60.0,3455.0,0.0,3267.0,3267.0,2501.0,954.0,0.0,60.0
0.0,14008.0,1079.0,3418.0,3687.0,474.0,474.0,2501.0,917.0,0.0,1079.0
0.0,16616.0,2097.0,3374.0,3492.0,0.0,0.0,2456.0,918.0,0.0,2097.0
0.0,18011.0,3061.0,3344.0,3267.0,0.0,0.0,2367.0,977.0,0.0,3061.0
0.0,18217.0,3006.0,3267.0,474.0,650.0,650.0,2232.0,1035.0,0.0,3006.0
0.0,15685.0,4279.0,3213.0,0.0,4659.0,4659.0,2141.0,1072.0,2349.0,1930.0
0.0,11406.0,4723.0,3213.0,0.0,9382.0,9382.0,2141.0,1072.0,4723.0,0.0
0.0,6683.0,7082.0,3347.0,650.0,16484.0,16484.0,2275.0,1072.0,7082.0,0.0
0.0,251.0,7107.0,3484.0,4659.0,17420.0,17420.0,2412.0,1072.0,7107.0,0.0
0.0,0.0,4786.0,3557.0,9382.0,15386.0,15386.0,2504.0,1053.0,4786.0,0.0
0.0,2399.0,92.0,3520.0,16484.0,0.0,0.0,2506.0,1014.0,92.0,0.0
0.0,18791.0,47.0,3462.0,17420.0,0.0,0.0,2506.0,956.0,0.0,47.0
0.0,36164.0,1067.0,3425.0,15386.0,0.0,0.0,2506.0,919.0,0.0,1067.0
0.0,50483.0,2082.0,3381.0,0.0,0.0,0.0,2461.0,920.0,0.0,2082.0
0.0,48401.0,3051.0,3349.0,0.0,0.0,0.0,2370.0,979.0,0.0,3051.0
0.0,45350.0,3003.0,3271.0,0.0,0.0,0.0,2235.0,1036.0,0.0,3003.0
0.0,42347.0,4321.0,3219.0,0.0,0.0,0.0,2145.0,1074.0,2375.0,1946.0
0.0,38026.0,4767.0,3220.0,0.0,0.0,0.0,2146.0,1074.0,4767.0,0.0
0.0,33259.0,7153.0,3357.0,0.0,0.0,0.0,2283.0,1074.0,7153.0,0.0
0.0,26106.0,7165.0,3494.0,0.0,0.0,0.0,2420.0,1074.0,7165.0,0.0
0.0,18941.0,4779.0,3566.0,0.0,3668.0,3668.0,2512.0,1054.0,4779.0,0.0
0.0,14162.0,0.0,3527.0,0.0,3473.0,3473.0,2512.0,1015.0,0.0,0.0
0.0,14162.0,83.0,3471.0,0.0,3276.0,3276.0,2512.0,959.0,0.0,83.0
0.0,14079.0,1102.0,3434.0,3668.0,525.0,525.0,2512.0,922.0,0.0,1102.0
0.0,16645.0,2136.0,3391.0,3473.0,0.0,0.0,2467.0,924.0,0.0,2136.0
0.0,17982.0,3075.0,3359.0,3276.0,0.0,0.0,2376.0,983.0,0.0,3075.0
0.0,18183.0,2995.0,3280.0,525.0,687.0,687.0,2239.0,1041.0,0.0,2995.0
0.0,15713.0,4263.0,3225.0,0.0,4675.0,4675.0,2148.0,1077.0,2382.0,1881.0
0.0,11450.0,4760.0,3226.0,0.0,9440.0,9440.0,2149.0,1077.0,4760.0,0.0
0.0,6690.0,7145.0,3363.0,687.0,16583.0,16583.0,2286.0,1077.0,7145.0,0.0
0.0,232.0,7174.0,3501.0,4675.0,17505.0,17505.0,2424.0,1077.0,7174.0,0.0
0.0,0.0,4816.0,3573.0,9440.0,15508.0,15508.0,2516.0,1057.0,4816.0,0.0
0.0,2357.0,66.0,3535.0,16583.0,0.0,0.0,2517.0,1018.0,66.0,0.0
0.0,18874.0,79.0,3478.0,17505.0,0.0,0.0,2517.0,961.0,0.0,79.0
0.0,36300.0,1104.0,3441.0,15508.0,0.0,0.0,2517.0,924.0,0.0,1104.0
0.0,50704.0,2127.0,3399.0,0.0,0.0,0.0,2473.0,926.0,0.0,2127.0
0.0,48577.0,3072.0,3368.0,0.0,0.0,0.0,2383.0,985.0,0.0,3072.0
0.0,45505.0,2995.0,3290.0,0.0,0.0,0.0,2247.0,1043.0,0.0,2995.0
0.0,42510.0,4261.0,3235.0,0.0,0.0,0.0,2156.0,1079.0,2361.0,1900.0
0.0,38249.0,4759.0,3235.0,0.0,0.0,0.0,2156.0,1079.0,4759.0,0.0
0.0,33490.0,7143.0,3371.0,0.0,0.0,0.0,2292.0,1079.0,7143.0,0.0
0.0,26347.0,7177.0,3509.0,0.0,0.0,0.0,2430.0,1079.0,7177.0,0.0
0.0,19170.0,4798.0,3580.0,0.0,3528.0,3528.0,2522.0,1058.0,4798.0,0.0
0.0,14372.0,45.0,3542.0,0.0,3383.0,3383.0,2523.0,1019.0,45.0,0.0
0.0,14327.0,81.0,3485.0,0.0,3179.0,3179.0,2523.0,962.0,0.0,81.0
0.0,14246.0,1107.0,3448.0,3528.0,573.0,573.0,2523.0,925.0,0.0,1107.0
0.0,16667.0,2129.0,3406.0,3383.0,0.0,0.0,2477.0,929.0,0.0,2129.0
0.0,17921.0,3068.0,3374.0,3179.0,0.0,0.0,2386.0,988.0,0.0,3068.0
0.0,18032.0,2995.0,3294.0,573.0,860.0,860.0,2249.0,1045.0,10.0,2985.0
0.0,15610.0,4279.0,3238.0,0.0,4859.0,4859.0,2157.0,1081.0,2399.0,1880.0
0.0,11331.0,4791.0,3239.0,0.0,9655.0,9655.0,2158.0,1081.0,4791.0,0.0
0.0,6540.0,7192.0,3377.0,860.0,16677.0,16677.0,2296.0,1081.0,7192.0,0.0
0.0,208.0,7199.0,3515.0,4859.0,17575.0,17575.0,2435.0,1080.0,7199.0,0.0
0.0,0.0,4803.0,3586.0,9655.0,15210.0,15210.0,2527.0,1059.0,4803.0,0.0
0.0,2720.0,6.0,3546.0,16677.0,0.0,0.0,2527.0,1019.0,6.0,0.0
0.0,19391.0,121.0,3490.0,17575.0,0.0,0.0,2527.0,963.0,0.0,121.0
0.0,36845.0,1146.0,3454.0,15210.0,0.0,0.0,2527.0,927.0,0.0,1146.0
0.0,50909.0,2178.0,3414.0,0.0,0.0,0.0,2482.0,932.0,0.0,2178.0
0.0,48731.0,3090.0,3382.0,0.0,0.0,0.0,2391.0,991.0,0.0,3090.0
0.0,45641.0,2996.0,3303.0,0.0,0.0,0.0,2255.0,1048.0,17.0,2979.0
0.0,42645.0,4245.0,3248.0,0.0,0.0,0.0,2165.0,1083.0,2417.0,1828.0
0.0,38400.0,4816.0,3249.0,0.0,0.0,0.0,2166.0,1083.0,4816.0,0.0
0.0,33584.0,7184.0,3385.0,0.0,0.0,0.0,2302.0,1083.0,7184.0,0.0
0.0,26400.0,7168.0,3522.0,0.0,0.0,0.0,2440.0,1082.0,7168.0,0.0
0.0,19232.0,4756.0,3593.0,0.0,3489.0,3489.0,2531.0,1062.0,4756.0,0.0
0.0,14476.0,0.0,3553.0,0.0,3289.0,3289.0,2531.0,1022.0,0.0,0.0
0.0,14476.0,107.0,3496.0,0.0,3111.0,3111.0,2531.0,965.0,0.0,107.0
0.0,14369.0,1135.0,3460.0,3489.0,577.0,577.0,2531.0,929.0,0.0,1135.0
0.0,16723.0,2158.0,3419.0,3289.0,0.0,0.0,2486.0,933.0,0.0,2158.0
0.0,17854.0,3075.0,3387.0,3111.0,0.0,0.0,2394.0,993.0,0.0,3075.0
0.0,17890.0,3058.0,3308.0,577.0,1131.0,1131.0,2258.0,1050.0,93.0,2965.0
0.0,15409.0,4346.0,3254.0,0.0,5207.0,5207.0,2169.0,1085.0,2509.0,1837.0
0.0,11063.0,4921.0,3256.0,0.0,10138.0,10138.0,2171.0,1085.0,4921.0,0.0
0.0,6142.0,7249.0,3396.0,1131.0,16956.0,16956.0,2311.0,1085.0,7249.0,0.0
0.0,24.0,7153.0,3531.0,5207.0,17655.0,17655.0,2448.0,1083.0,7153.0,0.0
0.0,0.0,4643.0,3600.0,10138.0,14427.0,14427.0,2538.0,1062.0,4643.0,0.0
0.0,3573.0,0.0,3559.0,16956.0,0.0,0.0,2538.0,1021.0,0.0,0.0
0.0,20529.0,155.0,3503.0,17655.0,0.0,0.0,2538.0,965.0,0.0,155.0
0.0,38029.0,1192.0,3468.0,14427.0,0.0,0.0,2538.0,930.0,0.0,1192.0
0.0,51264.0,2225.0,3429.0,0.0,0.0,0.0,2492.0,937.0,0.0,2225.0
0.0,49039.0,3108.0,3397.0,0.0,0.0,0.0,2400.0,997.0,0.0,3108.0
0.0,45931.0,3008.0,3317.0,0.0,0.0,0.0,2264.0,1053.0,54.0,2954.0
0.0,42923.0,4230.0,3260.0,0.0,0.0,0.0,2173.0,1087.0,2463.0,1767.0
0.0,38693.0,4859.0,3261.0,0.0,0.0,0.0,2174.0,1087.0,4859.0,0.0
0.0,33834.0,7203.0,3398.0,0.0,0.0,0.0,2311.0,1087.0,7203.0,0.0
0.0,26631.0,7151.0,3535.0,0.0,0.0,0.0,2449.0,1086.0,7151.0,0.0
0.0,19480.0,4729.0,3605.0,0.0,3274.0,3274.0,2540.0,1065.0,4729.0,0.0
0.0,14751.0,0.0,3564.0,0.0,3069.0,3069.0,2540.0,1024.0,0.0,0.0
0.0,14751.0,145.0,3508.0,0.0,2934.0,2934.0,2540.0,968.0,0.0,145.0
0.0,14606.0,1179.0,3473.0,3274.0,664.0,664.0,2540.0,933.0,0.0,1179.0
0.0,16701.0,2206.0,3432.0,3069.0,0.0,0.0,2494.0,938.0,0.0,2206.0
0.0,17564.0,3094.0,3401.0,2934.0,0.0,0.0,2403.0,998.0,0.0,3094.0
0.0,17404.0,3090.0,3323.0,664.0,1637.0,1637.0,2268.0,1055.0,141.0,2949.0
0.0,14978.0,4357.0,3269.0,0.0,5724.0,5724.0,2180.0,1089.0,2571.0,1786.0
0.0,10621.0,4990.0,3272.0,0.0,10729.0,10729.0,2183.0,1089.0,4990.0,0.0
0.0,5631.0,7275.0,3411.0,1637.0,17055.0,17055.0,2322.0,1089.0,7275.0,0.0
0.0,0.0,7120.0,3546.0,5724.0,17730.0,17730.0,2459.0,1087.0,7120.0,0.0
0.0,0.0,4537.0,3613.0,10729.0,13276.0,13276.0,2547.0,1066.0,4537.0,0.0
0.0,4789.0,0.0,3572.0,17055.0,0.0,0.0,2547.0,1025.0,0.0,0.0
0.0,21844.0,179.0,3517.0,17730.0,0.0,0.0,2547.0,970.0,0.0,179.0
0.0,39395.0,1214.0,3482.0,13276.0,0.0,0.0,2546.0,936.0,0.0,1214.0
0.0,51457.0,2253.0,3443.0,0.0,0.0,0.0,2500.0,943.0,0.0,2253.0
0.0,49204.0,3120.0,3411.0,0.0,0.0,0.0,2408.0,1003.0,0.0,3120.0
0.0,46084.0,3091.0,3332.0,0.0,0.0,0.0,2273.0,1059.0,150.0,2941.0
0.0,42993.0,4287.0,3276.0,0.0,0.0,0.0,2184.0,1092.0,2567.0,1720.0
0.0,38706.0,4979.0,3279.0,0.0,0.0,0.0,2187.0,1092.0,4979.0,0.0
0.0,33727.0,7254.0,3418.0,0.0,0.0,0.0,2326.0,1092.0,7254.0,0.0
0.0,26473.0,7118.0,3553.0,0.0,0.0,0.0,2463.0,1090.0,7118.0,0.0
0.0,19355.0,4568.0,3619.0,0.0,3308.0,3308.0,2551.0,1068.0,4568.0,0.0
0.0,14787.0,0.0,3577.0,0.0,3098.0,3098.0,2551.0,1026.0,0.0,0.0
0.0,14787.0,177.0,3521.0,0.0,2995.0,2995.0,2551.0,970.0,0.0,177.0
0.0,14610.0,1216.0,3487.0,3308.0,733.0,733.0,2551.0,936.0,0.0,1216.0
0.0,16702.0,2252.0,3448.0,3098.0,0.0,0.0,2504.0,944.0,0.0,2252.0
0.0,17548.0,3118.0,3416.0,2995.0,0.0,0.0,2412.0,1004.0,0.0,3118.0
0.0,17425.0,3123.0,3338.0,733.0,1655.0,1655.0,2277.0,1061.0,178.0,2945.0
0.0,15035.0,4342.0,3283.0,0.0,5722.0,5722.0,2189.0,1094.0,2603.0,1739.0
0.0,10693.0,5032.0,3288.0,0.0,10779.0,10779.0,2194.0,1094.0,5032.0,0.0
0.0,5661.0,7278.0,3428.0,1655.0,17102.0,17102.0,2334.0,1094.0,7278.0,0.0
0.0,38.0,7098.0,3563.0,5722.0,17815.0,17815.0,2471.0,1092.0,7098.0,0.0
0.0,0.0,4485.0,3628.0,10779.0,13184.0,13184.0,2557.0,1071.0,4485.0,0.0
0.0,4956.0,0.0,3586.0,17102.0,0.0,0.0,2557.0,1029.0,0.0,0.0
0.0,22058.0,186.0,3531.0,17815.0,0.0,0.0,2557.0,974.0,0.0,186.0
0.0,39687.0,1230.0,3495.0,13184.0,0.0,0.0,2555.0,940.0,0.0,1230.0
0.0,51641.0,2270.0,3455.0,0.0,0.0,0.0,2507.0,948.0,0.0,2270.0
0.0,49371.0,3128.0,3421.0,0.0,0.0,0.0,2412.0,1009.0,0.0,3128.0
0.0,46243.0,3163.0,3342.0,0.0,0.0,0.0,2277.0,1065.0,227.0,2936.0
0.0,43080.0,4360.0,3289.0,0.0,0.0,0.0,2191.0,1098.0,2646.0,1714.0
0.0,38720.0,5076.0,3297.0,0.0,0.0,0.0,2199.0,1098.0,5076.0,0.0
0.0,33644.0,7291.0,3437.0,0.0,0.0,0.0,2339.0,1098.0,7291.0,0.0
0.0,26353.0,7091.0,3571.0,0.0,0.0,0.0,2476.0,1095.0,7091.0,0.0
0.0,19262.0,4451.0,3633.0,0.0,3354.0,3354.0,2561.0,1072.0,4451.0,0.0
0.0,14811.0,0.0,3590.0,0.0,3139.0,3139.0,2561.0,1029.0,0.0,0.0
0.0,14811.0,195.0,3534.0,0.0,3054.0,3054.0,2561.0,973.0,0.0,195.0
0.0,14616.0,1235.0,3500.0,3354.0,765.0,765.0,2560.0,940.0,0.0,1235.0
0.0,16735.0,2282.0,3463.0,3139.0,0.0,0.0,2513.0,950.0,0.0,2282.0
0.0,17592.0,3141.0,3430.0,3054.0,0.0,0.0,2419.0,1011.0,0.0,3141.0
0.0,17505.0,3214.0,3353.0,765.0,1709.0,1709.0,2286.0,1067.0,265.0,2949.0
0.0,15056.0,4415.0,3300.0,0.0,5859.0,5859.0,2200.0,1100.0,2702.0,1713.0
0.0,10641.0,5135.0,3308.0,0.0,11034.0,11034.0,2208.0,1100.0,5135.0,0.0
0.0,5506.0,7301.0,3449.0,1709.0,17245.0,17245.0,2349.0,1100.0,7301.0,0.0
0.0,0.0,7022.0,3581.0,5859.0,17905.0,17905.0,2484.0,1097.0,7022.0,0.0
0.0,0.0,4339.0,3642.0,11034.0,12764.0,12764.0,2567.0,1075.0,4339.0,0.0
0.0,5446.0,0.0,3599.0,17245.0,0.0,0.0,2567.0,1032.0,0.0,0.0
0.0,22691.0,184.0,3543.0,17905.0,0.0,0.0,2567.0,976.0,0.0,184.0
0.0,40412.0,1236.0,3507.0,12764.0,0.0,0.0,2564.0,943.0,0.0,1236.0
0.0,51940.0,2282.0,3468.0,0.0,0.0,0.0,2515.0,953.0,0.0,2282.0
0.0,49658.0,3137.0,3432.0,0.0,0.0,0.0,2419.0,1013.0,0.0,3137.0
0.0,46521.0,3255.0,3355.0,0.0,0.0,0.0,2285.0,1070.0,311.0,2944.0
0.0,43266.0,4464.0,3304.0,0.0,0.0,0.0,2201.0,1103.0,2758.0,1706.0
0.0,38802.0,5218.0,3317.0,0.0,0.0,0.0,2214.0,1103.0,5218.0,0.0
0.0,33584.0,7359.0,3459.0,0.0,0.0,0.0,2356.0,1103.0,7359.0,0.0
0.0,26225.0,7047.0,3590.0,0.0,0.0,0.0,2491.0,1099.0,7047.0,0.0
0.0,19178.0,4275.0,3650.0,0.0,3347.0,3347.0,2574.0,1076.0,4275.0,0.0
0.0,14903.0,0.0,3607.0,0.0,3132.0,3132.0,2574.0,1033.0,0.0,0.0
0.0,14903.0,208.0,3551.0,0.0,3060.0,3060.0,2574.0,977.0,0.0,208.0
0.0,14695.0,1260.0,3515.0,3347.0,793.0,793.0,2571.0,944.0,0.0,1260.0
0.0,16782.0,2311.0,3477.0,3132.0,0.0,0.0,2521.0,956.0,0.0,2311.0
0.0,17603.0,3160.0,3442.0,3060.0,0.0,0.0,2426.0,1016.0,0.0,3160.0
0.0,17503.0,3233.0,3364.0,793.0,1757.0,1757.0,2291.0,1073.0,279.0,2954.0
0.0,15063.0,4408.0,3313.0,0.0,5910.0,5910.0,2207.0,1106.0,2719.0,1689.0
0.0,10655.0,5168.0,3324.0,0.0,11133.0,11133.0,2218.0,1106.0,5168.0,0.0
0.0,5487.0,7322.0,3465.0,1757.0,17325.0,17325.0,2359.0,1106.0,7322.0,0.0
0.0,0.0,7055.0,3597.0,5910.0,17985.0,17985.0,2495.0,1102.0,7055.0,0.0
0.0,0.0,4354.0,3658.0,11133.0,12734.0,12734.0,2579.0,1079.0,4354.0,0.0
0.0,5556.0,0.0,3615.0,17325.0,0.0,0.0,2579.0,1036.0,0.0,0.0
0.0,22881.0,185.0,3558.0,17985.0,0.0,0.0,2579.0,979.0,0.0,185.0
0.0,40681.0,1234.0,3521.0,12734.0,0.0,0.0,2575.0,946.0,0.0,1234.0
0.0,52181.0,2277.0,3482.0,0.0,0.0,0.0,2525.0,957.0,0.0,2277.0
0.0,49904.0,3139.0,3445.0,0.0,0.0,0.0,2428.0,1017.0,0.0,3139.0
0.0,46765.0,3305.0,3369.0,0.0,0.0,0.0,2295.0,1074.0,350.0,2955.0
0.0,43460.0,4543.0,3320.0,0.0,0.0,0.0,2213.0,1107.0,2810.0,1733.0
0.0,38917.0,5269.0,3335.0,0.0,0.0,0.0,2228.0,1107.0,5269.0,0.0
0.0,33648.0,7384.0,3477.0,0.0,0.0,0.0,2370.0,1107.0,7384.0,0.0
0.0,26264.0,7026.0,3609.0,0.0,0.0,0.0,2505.0,1104.0,7026.0,0.0
0.0,19238.0,4205.0,3666.0,0.0,3297.0,3297.0,2586.0,1080.0,4205.0,0.0
0.0,15033.0,0.0,3622.0,0.0,3077.0,3077.0,2586.0,1036.0,0.0,0.0
0.0,15033.0,206.0,3566.0,0.0,3003.0,3003.0,2586.0,980.0,0.0,206.0
0.0,14827.0,1264.0,3529.0,3297.0,785.0,785.0,2581.0,948.0,0.0,1264.0
0.0,16860.0,2318.0,3490.0,3077.0,0.0,0.0,2530.0,960.0,0.0,2318.0
0.0,17619.0,3164.0,3453.0,3003.0,0.0,0.0,2433.0,1020.0,0.0,3164.0
0.0,17458.0,3310.0,3376.0,785.0,1947.0,1947.0,2299.0,1077.0,357.0,2953.0
0.0,14933.0,4499.0,3327.0,0.0,6201.0,6201.0,2217.0,1110.0,2812.0,1687.0
0.0,10434.0,5260.0,3343.0,0.0,11541.0,11541.0,2233.0,1110.0,5260.0,0.0
0.0,5174.0,7359.0,3484.0,1947.0,17420.0,17420.0,2374.0,1110.0,7359.0,0.0
0.0,0.0,7023.0,3615.0,6201.0,18075.0,18075.0,2509.0,1106.0,7023.0,0.0
0.0,0.0,4239.0,3673.0,11541.0,12123.0,12123.0,2591.0,1082.0,4239.0,0.0
0.0,6242.0,0.0,3629.0,17420.0,0.0,0.0,2591.0,1038.0,0.0,0.0
0.0,23662.0,211.0,3573.0,18075.0,0.0,0.0,2591.0,982.0,0.0,211.0
0.0,41526.0,1263.0,3535.0,12123.0,0.0,0.0,2586.0,949.0,0.0,1263.0
0.0,52386.0,2318.0,3495.0,0.0,0.0,0.0,2534.0,961.0,0.0,2318.0
0.0,50068.0,3159.0,3457.0,0.0,0.0,0.0,2435.0,1022.0,0.0,3159.0
0.0,46909.0,3340.0,3381.0,0.0,0.0,0.0,2302.0,1079.0,382.0,2958.0
0.0,43569.0,4560.0,3333.0,0.0,0.0,0.0,2222.0,1111.0,2862.0,1698.0
0.0,39009.0,5317.0,3352.0,0.0,0.0,0.0,2241.0,1111.0,5317.0,0.0
0.0,33692.0,7406.0,3494.0,0.0,0.0,0.0,2383.0,1111.0,7406.0,0.0
0.0,26286.0,7002.0,3626.0,0.0,0.0,0.0,2518.0,1108.0,7002.0,0.0
0.0,19284.0,4130.0,3681.0,0.0,3251.0,3251.0,2597.0,1084.0,4130.0,0.0
0.0,15154.0,0.0,3637.0,0.0,3031.0,3031.0,2597.0,1040.0,0.0,0.0
0.0,15154.0,222.0,3581.0,0.0,2973.0,2973.0,2597.0,984.0,0.0,222.0
0.0,14932.0,1281.0,3543.0,3251.0,813.0,813.0,2591.0,952.0,0.0,1281.0
0.0,16902.0,2337.0,3502.0,3031.0,0.0,0.0,2538.0,964.0,0.0,2337.0
0.0,17596.0,3167.0,3463.0,2973.0,0.0,0.0,2438.0,1025.0,0.0,3167.0
0.0,17402.0,3354.0,3386.0,813.0,2069.0,2069.0,2304.0,1082.0,412.0,2942.0
0.0,14861.0,4529.0,3338.0,0.0,6358.0,6358.0,2224.0,1114.0,2861.0,1668.0
0.0,10332.0,5340.0,3358.0,0.0,11798.0,11798.0,2244.0,1114.0,5340.0,0.0
0.0,4992.0,7414.0,3501.0,2069.0,17505.0,17505.0,2387.0,1114.0,7414.0,0.0
0.0,0.0,7031.0,3632.0,6358.0,18160.0,18160.0,2522.0,1110.0,7031.0,0.0
0.0,0.0,4166.0,3688.0,11798.0,11834.0,11834.0,2602.0,1086.0,4166.0,0.0
0.0,6606.0,0.0,3643.0,17505.0,0.0,0.0,2602.0,1041.0,0.0,0.0
0.0,24111.0,250.0,3587.0,18160.0,0.0,0.0,2602.0,985.0,0.0,250.0
0.0,42021.0,1309.0,3551.0,11834.0,0.0,0.0,2597.0,954.0,0.0,1309.0
0.0,52546.0,2373.0,3512.0,0.0,0.0,0.0,2545.0,967.0,0.0,2373.0
0.0,50173.0,3192.0,3473.0,0.0,0.0,0.0,2445.0,1028.0,0.0,3192.0
0.0,46981.0,3354.0,3397.0,0.0,0.0,0.0,2312.0,1085.0,408.0,2946.0
0.0,43627.0,4514.0,3348.0,0.0,0.0,0.0,2232.0,1116.0,2884.0,1630.0
0.0,39113.0,5351.0,3367.0,0.0,0.0,0.0,2251.0,1116.0,5351.0,0.0
0.0,33762.0,7413.0,3510.0,0.0,0.0,0.0,2394.0,1116.0,7413.0,0.0
0.0,26349.0,6986.0,3641.0,0.0,0.0,0.0,2528.0,1113.0,6986.0,0.0
0.0,19363.0,4117.0,3696.0,0.0,3234.0,3234.0,2607.0,1089.0,4117.0,0.0
0.0,15246.0,0.0,3652.0,0.0,3014.0,3014.0,2607.0,1045.0,0.0,0.0
0.0,15246.0,220.0,3596.0,0.0,2954.0,2954.0,2607.0,989.0,0.0,220.0
0.0,15026.0,1285.0,3557.0,3234.0,810.0,810.0,2600.0,957.0,0.0,1285.0
0.0,16975.0,2342.0,3515.0,3014.0,0.0,0.0,2546.0,969.0,0.0,2342.0
0.0,17647.0,3179.0,3475.0,2954.0,0.0,0.0,2445.0,1030.0,0.0,3179.0
0.0,17422.0,3443.0,3399.0,810.0,2206.0,2206.0,2313.0,1086.0,491.0,2952.0
0.0,14789.0,4644.0,3354.0,0.0,6625.0,6625.0,2235.0,1119.0,2971.0,1673.0
0.0,10145.0,5471.0,3378.0,0.0,12216.0,12216.0,2259.0,1119.0,5471.0,0.0
0.0,4674.0,7468.0,3522.0,2206.0,17610.0,17610.0,2403.0,1119.0,7468.0,0.0
0.0,0.0,6978.0,3652.0,6625.0,18260.0,18260.0,2537.0,1115.0,6978.0,0.0
0.0,0.0,3986.0,3703.0,12216.0,11226.0,11226.0,2613.0,1090.0,3986.0,0.0
0.0,7289.0,0.0,3659.0,17610.0,0.0,0.0,2613.0,1046.0,0.0,0.0
0.0,24899.0,253.0,3603.0,18260.0,0.0,0.0,2613.0,990.0,0.0,253.0
0.0,42906.0,1319.0,3565.0,11226.0,0.0,0.0,2607.0,958.0,0.0,1319.0
0.0,52813.0,2385.0,3524.0,0.0,0.0,0.0,2552.0,972.0,0.0,2385.0
0.0,50428.0,3207.0,3484.0,0.0,0.0,0.0,2451.0,1033.0,0.0,3207.0
0.0,47221.0,3423.0,3409.0,0.0,0.0,0.0,2319.0,1090.0,470.0,2953.0
0.0,43798.0,4591.0,3363.0,0.0,0.0,0.0,2241.0,1122.0,2961.0,1630.0
0.0,39207.0,5438.0,3386.0,0.0,0.0,0.0,2264.0,1122.0,5438.0,0.0
0.0,33769.0,7437.0,3529.0,0.0,0.0,0.0,2407.0,1122.0,7437.0,0.0
0.0,26332.0,6965.0,3659.0,0.0,0.0,0.0,2541.0,1118.0,6965.0,0.0
0.0,19367.0,4030.0,3711.0,0.0,3218.0,3218.0,2618.0,1093.0,4030.0,0.0
0.0,15337.0,0.0,3667.0,0.0,2998.0,2998.0,2618.0,1049.0,0.0,0.0
0.0,15337.0,228.0,3610.0,0.0,2941.0,2941.0,2618.0,992.0,0.0,228.0
0.0,15109.0,1291.0,3571.0,3218.0,819.0,819.0,2611.0,960.0,0.0,1291.0
0.0,17036.0,2355.0,3529.0,2998.0,0.0,0.0,2556.0,973.0,0.0,2355.0
0.0,17679.0,3185.0,3488.0,2941.0,5.0,5.0,2454.0,1034.0,0.0,3185.0
0.0,17435.0,3479.0,3412.0,819.0,2285.0,2285.0,2321.0,1091.0,514.0,2965.0
0.0,14775.0,4692.0,3367.0,0.0,6752.0,6752.0,2244.0,1123.0,3017.0,1675.0
0.0,10083.0,5517.0,3394.0,5.0,12399.0,12399.0,2271.0,1123.0,5517.0,0.0
0.0,4571.0,7490.0,3538.0,2285.0,17690.0,17690.0,2415.0,1123.0,7490.0,0.0
0.0,0.0,6964.0,3668.0,6752.0,18340.0,18340.0,2549.0,1119.0,6964.0,0.0
0.0,0.0,3935.0,3719.0,12399.0,10977.0,10977.0,2625.0,1094.0,3935.0,0.0
0.0,7618.0,0.0,3675.0,17690.0,0.0,0.0,2625.0,1050.0,0.0,0.0
0.0,25308.0,257.0,3619.0,18340.0,0.0,0.0,2625.0,994.0,0.0,257.0
0.0,43391.0,1327.0,3579.0,10977.0,0.0,0.0,2617.0,962.0,0.0,1327.0
0.0,53041.0,2401.0,3539.0,0.0,0.0,0.0,2562.0,977.0,0.0,2401.0
0.0,50640.0,3217.0,3497.0,0.0,0.0,0.0,2459.0,1038.0,0.0,3217.0
0.0,47423.0,3468.0,3421.0,0.0,0.0,0.0,2326.0,1095.0,512.0,2956.0
0.0,43955.0,4626.0,3376.0,0.0,0.0,0.0,2249.0,1127.0,3000.0,1626.0
0.0,39329.0,5483.0,3401.0,0.0,0.0,0.0,2274.0,1127.0,5483.0,0.0
0.0,33846.0,7473.0,3545.0,0.0,0.0,0.0,2418.0,1127.0,7473.0,0.0
0.0,26373.0,6992.0,3674.0,0.0,0.0,0.0,2552.0,1122.0,6992.0,0.0
0.0,19381.0,4010.0,3726.0,0.0,3259.0,3259.0,2629.0,1097.0,4010.0,0.0
0.0,15371.0,0.0,3680.0,0.0,3029.0,3029.0,2629.0,1051.0,0.0,0.0
0.0,15371.0,242.0,3623.0,0.0,2986.0,2986.0,2629.0,994.0,0.0,242.0
0.0,15129.0,1310.0,3585.0,3259.0,847.0,847.0,2622.0,963.0,0.0,1310.0
0.0,17078.0,2379.0,3543.0,3029.0,0.0,0.0,2566.0,977.0,0.0,2379.0
0.0,17728.0,3214.0,3502.0,2986.0,10.0,10.0,2463.0,1039.0,0.0,3214.0
0.0,17500.0,3470.0,3426.0,847.0,2253.0,2253.0,2330.0,1096.0,494.0,2976.0
0.0,14877.0,4675.0,3382.0,0.0,6708.0,6708.0,2254.0,1128.0,3005.0,1670.0
0.0,10202.0,5507.0,3408.0,10.0,12335.0,12335.0,2280.0,1128.0,5507.0,0.0
0.0,4705.0,7510.0,3553.0,2253.0,17765.0,17765.0,2425.0,1128.0,7510.0,0.0
0.0,0.0,6996.0,3683.0,6708.0,18415.0,18415.0,2559.0,1124.0,6996.0,0.0
0.0,0.0,3977.0,3735.0,12335.0,11157.0,11157.0,2636.0,1099.0,3977.0,0.0
0.0,7518.0,0.0,3690.0,17765.0,0.0,0.0,2636.0,1054.0,0.0,0.0
0.0,25283.0,251.0,3634.0,18415.0,0.0,0.0,2636.0,998.0,0.0,251.0
0.0,43447.0,1325.0,3593.0,11157.0,0.0,0.0,2626.0,967.0,0.0,1325.0
0.0,53279.0,2396.0,3550.0,0.0,0.0,0.0,2569.0,981.0,0.0,2396.0
0.0,50883.0,3215.0,3506.0,0.0,0.0,0.0,2464.0,1042.0,0.0,3215.0
0.0,47668.0,3484.0,3429.0,0.0,0.0,0.0,2330.0,1099.0,525.0,2959.0
0.0,44184.0,4648.0,3385.0,0.0,0.0,0.0,2254.0,1131.0,3014.0,1634.0
0.0,39536.0,5525.0,3415.0,0.0,0.0,0.0,2284.0,1131.0,5525.0,0.0
0.0,34011.0,7518.0,3559.0,0.0,0.0,0.0,2428.0,1131.0,7518.0,0.0
0.0,26493.0,7023.0,3690.0,0.0,0.0,0.0,2564.0,1126.0,7023.0,0.0
0.0,19470.0,4003.0,3741.0,0.0,3238.0,3238.0,2640.0,1101.0,4003.0,0.0
0.0,15467.0,0.0,3695.0,0.0,3008.0,3008.0,2640.0,1055.0,0.0,0.0
0.0,15467.0,287.0,3639.0,0.0,3015.0,3015.0,2640.0,999.0,0.0,287.0
0.0,15180.0,1363.0,3599.0,3238.0,940.0,940.0,2631.0,968.0,0.0,1363.0
0.0,17055.0,2438.0,3558.0,3008.0,165.0,165.0,2574.0,984.0,0.0,2438.0
0.0,17625.0,3233.0,3516.0,3015.0,173.0,173.0,2470.0,1046.0,0.0,3233.0
0.0,17407.0,3455.0,3439.0,940.0,2303.0,2303.0,2337.0,1102.0,506.0,2949.0
0.0,14892.0,4597.0,3394.0,165.0,6510.0,6510.0,2261.0,1133.0,3009.0,1588.0
0.0,10460.0,5518.0,3422.0,173.0,11995.0,11995.0,2289.0,1133.0,5518.0,0.0
0.0,5115.0,7524.0,3567.0,2303.0,17835.0,17835.0,2434.0,1133.0,7524.0,0.0
0.0,0.0,7010.0,3698.0,6510.0,18490.0,18490.0,2569.0,1129.0,7010.0,0.0
0.0,0.0,4000.0,3750.0,11995.0,11361.0,11361.0,2646.0,1104.0,4000.0,0.0
0.0,7389.0,0.0,3704.0,17835.0,0.0,0.0,2646.0,1058.0,0.0,0.0
0.0,25224.0,279.0,3649.0,18490.0,0.0,0.0,2646.0,1003.0,0.0,279.0
0.0,43435.0,1358.0,3608.0,11361.0,0.0,0.0,2636.0,972.0,0.0,1358.0
0.0,53438.0,2432.0,3564.0,0.0,0.0,0.0,2578.0,986.0,0.0,2432.0
0.0,51006.0,3225.0,3520.0,0.0,0.0,0.0,2472.0,1048.0,0.0,3225.0
0.0,47781.0,3470.0,3443.0,0.0,0.0,0.0,2338.0,1105.0,529.0,2941.0
0.0,44311.0,4624.0,3397.0,0.0,0.0,0.0,2262.0,1135.0,3037.0,1587.0
0.0,39687.0,5565.0,3429.0,0.0,0.0,0.0,2294.0,1135.0,5565.0,0.0
0.0,34122.0,7565.0,3574.0,0.0,0.0,0.0,2439.0,1135.0,7565.0,0.0
0.0,26557.0,7037.0,3704.0,0.0,0.0,0.0,2574.0,1130.0,7037.0,0.0
0.0,19520.0,3981.0,3756.0,0.0,3241.0,3241.0,2651.0,1105.0,3981.0,0.0
0.0,15539.0,0.0,3710.0,0.0,3011.0,3011.0,2651.0,1059.0,0.0,0.0
0.0,15539.0,308.0,3654.0,0.0,3039.0,3039.0,2651.0,1003.0,0.0,308.0
0.0,15231.0,1390.0,3614.0,3241.0,988.0,988.0,2641.0,973.0,0.0,1390.0
0.0,17082.0,2472.0,3572.0,3011.0,239.0,239.0,2583.0,989.0,0.0,2472.0
0.0,17621.0,3246.0,3529.0,3039.0,231.0,231.0,2478.0,1051.0,0.0,3246.0
0.0,17414.0,3441.0,3452.0,988.0,2299.0,2299.0,2344.0,1108.0,501.0,2940.0
0.0,14961.0,4569.0,3405.0,239.0,6394.0,6394.0,2267.0,1138.0,3019.0,1550.0
0.0,10631.0,5535.0,3435.0,231.0,11848.0,11848.0,2297.0,1138.0,5535.0,0.0
0.0,5327.0,7539.0,3580.0,2299.0,17813.0,17813.0,2442.0,1138.0,7539.0,0.0
0.0,87.0,7042.0,3710.0,6394.0,18550.0,18550.0,2577.0,1133.0,7042.0,0.0
0.0,0.0,4050.0,3763.0,11848.0,11578.0,11578.0,2655.0,1108.0,4050.0,0.0
0.0,7237.0,0.0,3717.0,17813.0,0.0,0.0,2655.0,1062.0,0.0,0.0
0.0,25050.0,305.0,3661.0,18550.0,0.0,0.0,2655.0,1006.0,0.0,305.0
0.0,43295.0,1388.0,3622.0,11578.0,0.0,0.0,2646.0,976.0,0.0,1388.0
0.0,53485.0,2467.0,3579.0,0.0,0.0,0.0,2588.0,991.0,0.0,2467.0
0.0,51018.0,3240.0,3535.0,0.0,0.0,0.0,2482.0,1053.0,0.0,3240.0
0.0,47778.0,3462.0,3458.0,0.0,0.0,0.0,2348.0,1110.0,526.0,2936.0
0.0,44316.0,4625.0,3411.0,0.0,0.0,0.0,2272.0,1139.0,3075.0,1550.0
0.0,39691.0,5607.0,3443.0,0.0,0.0,0.0,2304.0,1139.0,5607.0,0.0
0.0,34084.0,7601.0,3589.0,0.0,0.0,0.0,2450.0,1139.0,7601.0,0.0
0.0,26483.0,7055.0,3720.0,0.0,0.0,0.0,2585.0,1135.0,7055.0,0.0
0.0,19428.0,3972.0,3771.0,0.0,3399.0,3399.0,2662.0,1109.0,3972.0,0.0
0.0,15456.0,0.0,3725.0,0.0,3169.0,3169.0,2662.0,1063.0,0.0,0.0
0.0,15456.0,328.0,3670.0,0.0,3222.0,3222.0,2662.0,1008.0,0.0,328.0
0.0,15128.0,1414.0,3630.0,3399.0,1037.0,1037.0,2652.0,978.0,0.0,1414.0
0.0,17113.0,2505.0,3589.0,3169.0,168.0,168.0,2594.0,995.0,0.0,2505.0
0.0,17777.0,3266.0,3544.0,3222.0,0.0,0.0,2487.0,1057.0,0.0,3266.0
0.0,17733.0,3456.0,3467.0,1037.0,2021.0,2021.0,2353.0,1114.0,519.0,2937.0
0.0,15314.0,4541.0,3419.0,168.0,6154.0,6154.0,2276.0,1143.0,3029.0,1512.0
0.0,10941.0,5545.0,3449.0,0.0,11849.0,11849.0,2306.0,1143.0,5545.0,0.0
0.0,5396.0,7564.0,3594.0,2021.0,17970.0,17970.0,2451.0,1143.0,7564.0,0.0
0.0,0.0,7076.0,3724.0,6154.0,18620.0,18620.0,2587.0,1137.0,7076.0,0.0
0.0,0.0,4068.0,3776.0,11849.0,12168.0,12168.0,2665.0,1111.0,4068.0,0.0
0.0,6712.0,0.0,3729.0,17970.0,0.0,0.0,2665.0,1064.0,0.0,0.0
0.0,24682.0,313.0,3673.0,18620.0,0.0,0.0,2665.0,1008.0,0.0,313.0
0.0,42989.0,1397.0,3634.0,12168.0,0.0,0.0,2656.0,978.0,0.0,1397.0
0.0,53760.0,2476.0,3593.0,0.0,0.0,0.0,2598.0,995.0,0.0,2476.0
0.0,51284.0,3252.0,3550.0,0.0,0.0,0.0,2492.0,1058.0,0.0,3252.0
0.0,48032.0,3510.0,3473.0,0.0,0.0,0.0,2358.0,1115.0,565.0,2945.0
0.0,44522.0,4662.0,3428.0,0.0,0.0,0.0,2283.0,1145.0,3102.0,1560.0
0.0,39860.0,5647.0,3459.0,0.0,0.0,0.0,2314.0,1145.0,5647.0,0.0
0.0,34213.0,7614.0,3606.0,0.0,0.0,0.0,2461.0,1145.0,7614.0,0.0
0.0,26599.0,7049.0,3735.0,0.0,0.0,0.0,2596.0,1139.0,7049.0,0.0
0.0,19550.0,3931.0,3785.0,0.0,3306.0,3306.0,2672.0,1113.0,3931.0,0.0
0.0,15619.0,0.0,3738.0,0.0,3071.0,3071.0,2672.0,1066.0,0.0,0.0
0.0,15619.0,340.0,3683.0,0.0,3136.0,3136.0,2672.0,1011.0,0.0,340.0
0.0,15279.0,1428.0,3644.0,3306.0,1063.0,1063.0,2662.0,982.0,0.0,1428.0
0.0,17157.0,2511.0,3603.0,3071.0,298.0,298.0,2603.0,1000.0,0.0,2511.0
0.0,17717.0,3253.0,3558.0,3136.0,190.0,190.0,2496.0,1062.0,0.0,3253.0
0.0,17600.0,3510.0,3480.0,1063.0,2247.0,2247.0,2362.0,1118.0,600.0,2910.0
0.0,15153.0,4613.0,3434.0,298.0,6332.0,6332.0,2287.0,1147.0,3129.0,1484.0
0.0,10838.0,5662.0,3467.0,190.0,11969.0,11969.0,2320.0,1147.0,5662.0,0.0
0.0,5366.0,7618.0,3613.0,2247.0,18065.0,18065.0,2466.0,1147.0,7618.0,0.0
0.0,0.0,7043.0,3743.0,6332.0,18715.0,18715.0,2602.0,1141.0,7043.0,0.0
0.0,0.0,3931.0,3791.0,11969.0,11633.0,11633.0,2677.0,1114.0,3931.0,0.0
0.0,7322.0,0.0,3743.0,18065.0,0.0,0.0,2677.0,1066.0,0.0,0.0
0.0,25387.0,382.0,3688.0,18715.0,0.0,0.0,2677.0,1011.0,0.0,382.0
0.0,43720.0,1467.0,3651.0,11633.0,0.0,0.0,2668.0,983.0,0.0,1467.0
0.0,53886.0,2562.0,3612.0,0.0,0.0,0.0,2610.0,1002.0,0.0,2562.0
0.0,51324.0,3273.0,3568.0,0.0,0.0,0.0,2503.0,1065.0,0.0,3273.0
0.0,48051.0,3534.0,3491.0,0.0,0.0,0.0,2370.0,1121.0,629.0,2905.0
0.0,44517.0,4612.0,3445.0,0.0,0.0,0.0,2296.0,1149.0,3178.0,1434.0
0.0,39905.0,5725.0,3477.0,0.0,0.0,0.0,2328.0,1149.0,5725.0,0.0
0.0,34180.0,7634.0,3624.0,0.0,0.0,0.0,2475.0,1149.0,7634.0,0.0
0.0,26546.0,6989.0,3752.0,0.0,0.0,0.0,2609.0,1143.0,6989.0,0.0
0.0,19557.0,3811.0,3799.0,0.0,3249.0,3249.0,2683.0,1116.0,3811.0,0.0
0.0,15746.0,0.0,3752.0,0.0,3014.0,3014.0,2683.0,1069.0,0.0,0.0
0.0,15746.0,370.0,3697.0,0.0,3109.0,3109.0,2683.0,1014.0,0.0,370.0
0.0,15376.0,1462.0,3657.0,3249.0,1122.0,1122.0,2672.0,985.0,0.0,1462.0
0.0,17163.0,2552.0,3618.0,3014.0,465.0,465.0,2613.0,1005.0,0.0,2552.0
0.0,17625.0,3268.0,3573.0,3109.0,399.0,399.0,2506.0,1067.0,0.0,3268.0
0.0,17466.0,3575.0,3495.0,1122.0,2462.0,2462.0,2372.0,1123.0,679.0,2896.0
0.0,15013.0,4668.0,3450.0,465.0,6440.0,6440.0,2299.0,1151.0,3229.0,1439.0
0.0,10810.0,5805.0,3485.0,399.0,12021.0,12021.0,2334.0,1151.0,5805.0,0.0
0.0,5404.0,7681.0,3633.0,2462.0,17980.0,17980.0,2482.0,1151.0,7681.0,0.0
0.0,185.0,7000.0,3760.0,6440.0,18800.0,18800.0,2616.0,1144.0,7000.0,0.0
0.0,0.0,3757.0,3806.0,12021.0,11141.0,11141.0,2689.0,1117.0,3757.0,0.0
0.0,7889.0,0.0,3758.0,17980.0,0.0,0.0,2689.0,1069.0,0.0,0.0
0.0,25869.0,407.0,3703.0,18800.0,0.0,0.0,2689.0,1014.0,0.0,407.0
0.0,44262.0,1500.0,3665.0,11141.0,0.0,0.0,2679.0,986.0,0.0,1500.0
0.0,53903.0,2595.0,3627.0,0.0,0.0,0.0,2620.0,1007.0,0.0,2595.0
0.0,51308.0,3287.0,3585.0,0.0,0.0,0.0,2514.0,1071.0,0.0,3287.0
0.0,48021.0,3535.0,3507.0,0.0,0.0,0.0,2381.0,1126.0,645.0,2890.0
0.0,44486.0,4586.0,3459.0,0.0,0.0,0.0,2306.0,1153.0,3198.0,1388.0
0.0,39900.0,5752.0,3492.0,0.0,0.0,0.0,2339.0,1153.0,5752.0,0.0
0.0,34148.0,7656.0,3639.0,0.0,0.0,0.0,2486.0,1153.0,7656.0,0.0
0.0,26492.0,7019.0,3768.0,0.0,0.0,0.0,2621.0,1147.0,7019.0,0.0
0.0,19473.0,3843.0,3815.0,0.0,3445.0,3445.0,2695.0,1120.0,3843.0,0.0
0.0,15630.0,0.0,3767.0,0.0,3205.0,3205.0,2695.0,1072.0,0.0,0.0
0.0,15630.0,402.0,3713.0,0.0,3337.0,3337.0,2695.0,1018.0,0.0,402.0
0.0,15228.0,1495.0,3674.0,3445.0,1192.0,1192.0,2684.0,990.0,0.0,1495.0
0.0,17178.0,2585.0,3633.0,3205.0,367.0,367.0,2624.0,1009.0,0.0,2585.0
0.0,17798.0,3275.0,3588.0,3337.0,80.0,80.0,2516.0,1072.0,0.0,3275.0
0.0,17860.0,3562.0,3510.0,1192.0,2060.0,2060.0,2382.0,1128.0,687.0,2875.0
0.0,15490.0,4646.0,3463.0,367.0,6104.0,6104.0,2309.0,1154.0,3253.0,1393.0
0.0,11211.0,5824.0,3500.0,80.0,12033.0,12033.0,2346.0,1154.0,5824.0,0.0
0.0,5467.0,7706.0,3648.0,2060.0,18240.0,18240.0,2494.0,1154.0,7706.0,0.0
0.0,0.0,7010.0,3777.0,6104.0,18885.0,18885.0,2629.0,1148.0,7010.0,0.0
0.0,0.0,3742.0,3821.0,12033.0,11899.0,11899.0,2701.0,1120.0,3742.0,0.0
0.0,7206.0,0.0,3773.0,18240.0,0.0,0.0,2701.0,1072.0,0.0,0.0
0.0,25446.0,436.0,3719.0,18885.0,0.0,0.0,2701.0,1018.0,0.0,436.0
0.0,43895.0,1534.0,3680.0,11899.0,0.0,0.0,2689.0,991.0,0.0,1534.0
0.0,54260.0,2634.0,3643.0,0.0,0.0,0.0,2629.0,1014.0,0.0,2634.0
0.0,51626.0,3305.0,3597.0,0.0,0.0,0.0,2520.0,1077.0,0.0,3305.0
0.0,48321.0,3549.0,3519.0,0.0,0.0,0.0,2387.0,1132.0,680.0,2869.0
0.0,44772.0,4568.0,3471.0,0.0,0.0,0.0,2313.0,1158.0,3236.0,1332.0
0.0,40204.0,5787.0,3507.0,0.0,0.0,0.0,2349.0,1158.0,5787.0,0.0
0.0,34417.0,7676.0,3655.0,0.0,0.0,0.0,2497.0,1158.0,7676.0,0.0
0.0,26741.0,7009.0,3783.0,0.0,0.0,0.0,2632.0,1151.0,7009.0,0.0
0.0,19732.0,3799.0,-120.51614639998786,0.0,0.0,0.0,-99.29544389923467,-21.22070250075319,3799.0,0.0
0.0,15933.0,0.0,323.29132329339245,0.0,0.0,0.0,-36.67652926355231,359.96785255694476,0.0,0.0
0.0,15933.0,432.0,1437.9698130778659,0.0,0.0,0.0,0.39954478375693725,1437.570268294109,0.0,432.0
0.0,15501.0,1528.0,2495.152607668114,0.0,0.0,0.0,5.567854464030461,2489.5847532040834,0.0,1528.0
0.0,13973.0,2624.0,3187.5632210754156,0.0,4589.0,4589.0,-65.20304436597917,3252.766265441395,0.0,2624.0
0.0,11349.0,3295.0,3600.9515303085927,0.0,9951.0,9951.0,734.0868744283373,2866.864655880255,0.0,3295.0
0.0,8054.0,3619.0,4703.926253831392,0.0,19085.0,19085.0,3289.43820996045,1414.4880438709426,745.0,2874.0
0.0,4435.0,4685.0,5754.858659073117,4589.0,24435.0,24435.0,5812.081769316012,-57.22311024289456,3331.0,1354.0
0.0,4339.0,5897.0,7689.418991519035,9951.0,30054.0,30054.0,7700.456484438705,-11.03749291966949,5897.0,0.0
0.0,8393.0,7727.0,6860.796516355711,19085.0,14553.0,14553.0,6874.524681279613,-13.728164923901772,7727.0,0.0
0.0,19751.0,6955.0,3475.4055598971595,24435.0,0.0,0.0,3485.5349458439487,-10.129385946789057,6955.0,0.0
0.0,37231.0,3624.0,-120.60895021915451,30054.0,0.0,0.0,-99.78086435496789,-20.82808586418662,3624.0,0.0
0.0,63661.0,0.0,334.1317869517534,14553.0,0.0,0.0,-36.865186829653794,370.9969737814072,0.0,0.0
0.0,78214.0,449.0,1448.5803425051608,0.0,0.0,0.0,3.2699275119821323,1445.3104149931787,0.0,449.0
0.0,77765.0,1558.0,2501.5413561536193,0.0,0.0,0.0,5.47449814266065,2496.0668580109586,0.0,1558.0
0.0,76207.0,2657.0,3187.821998798919,0.0,0.0,0.0,-63.656506139399426,3251.4785049383186,0.0,2657.0
0.0,73550.0,3308.0,3629.192832833177,0.0,0.0,0.0,772.1856540100962,2857.0071788230807,0.0,3308.0
0.0,70242.0,3622.0,4705.618864329257,0.0,0.0,0.0,3312.883774856941,1392.7350894723163,771.0,2851.0
0.0,66620.0,4637.0,5776.056074539902,0.0,0.0,0.0,5836.500930432065,-60.44485589216288,3340.0,1297.0
0.0,61983.0,5916.0,7686.429451649124,0.0,0.0,0.0,7697.644773565229,-11.215321916105154,5916.0,0.0
0.0,56067.0,7737.0,6827.376546735539,0.0,0.0,0.0,6842.337172102361,-14.960625366822455,7737.0,0.0
0.0,48330.0,6987.0,3411.1832677235125,0.0,0.0,0.0,3421.0401526257438,-9.8568849022314,6987.0,0.0
0.0,41343.0,3642.0,-123.23727669894117,0.0,0.0,0.0,-100.88671536313723,-22.350561335803945,3642.0,0.0
0.0,37701.0,0.0,343.2633441161486,0.0,0.0,0.0,-37.948833296108205,381.2121774122568,0.0,0.0
0.0,37701.0,471.0,1450.807927405328,0.0,0.0,0.0,0.04135473127962541,1450.7665726740483,0.0,471.0
0.0,37230.0,1574.0,2506.9766212604263,0.0,0.0,0.0,4.316782511507881,2502.6598387489184,0.0,1574.0
0.0,35656.0,2685.0,3184.276981025104,0.0,0.0,0.0,-65.30353207300914,3249.580513098113,0.0,2685.0
0.0,32971.0,3325.0,3645.6694637998044,0.0,0.0,0.0,801.4261180632757,2844.2433457365287,0.0,3325.0
0.0,29646.0,3630.0,4713.151285793637,0.0,0.0,0.0,3341.8874444908124,1371.2638413028244,770.0,2860.0
0.0,26016.0,4647.0,5798.035593674143,0.0,7621.0,7621.0,5857.581306443575,-59.545712769432384,3359.0,1288.0
0.0,21369.0,5936.0,7687.249111821735,0.0,23003.0,23003.0,7698.78320203971,-11.534090217975063,5936.0,0.0
0.0,15433.0,7742.0,6794.55551359124,0.0,26282.0,26282.0,6809.6494934672155,-15.093979875975833,7742.0,0.0
0.0,7691.0,6956.0,3341.3591724898943,7621.0,8350.0,8350.0,3350.981825092439,-9.62265260254469,6956.0,0.0
0.0,8356.0,3610.0,-124.35644797163525,23003.0,0.0,0.0,-101.38558820545677,-22.970859766178478,3610.0,0.0
0.0,27749.0,0.0,353.58316508425423,26282.0,0.0,0.0,-39.038476609595364,392.6216416938496,0.0,0.0
0.0,54031.0,452.0,1460.0015767198624,8350.0,0.0,0.0,0.2488132232119824,1459.7527634966505,0.0,452.0
0.0,61929.0,1563.0,2511.12891364684,0.0,0.0,0.0,3.9318497628050864,2507.197063884035,0.0,1563.0
0.0,60366.0,2667.0,3183.3239113494574,0.0,0.0,0.0,-67.17422419323339,3250.4981355426908,0.0,2667.0
0.0,57699.0,3316.0,3662.844735772353,0.0,0.0,0.0,831.1733967291689,2831.671339043184,0.0,3316.0
0.0,54383.0,3677.0,4711.242036906051,0.0,0.0,0.0,3365.0913526595914,1346.1506842464598,819.0,2858.0
0.0,50706.0,4700.0,5817.176778072186,0.0,0.0,0.0,5879.187135916685,-62.01035784449982,3403.0,1297.0
0.0,46006.0,6004.0,7690.4056228076,0.0,0.0,0.0,7701.57481537178,-11.169192564179866,6004.0,0.0
0.0,40002.0,7780.0,6771.628909601743,0.0,1637.0,1637.0,6786.931816138905,-15.302906537162471,7780.0,0.0
0.0,32222.0,6971.0,3283.34414104708,0.0,0.0,0.0,3293.4194680821956,-10.075327035115606,6971.0,0.0
0.0,25251.0,3554.0,-126.85523563131312,0.0,0.0,0.0,-102.88366542493623,-23.971570206376896,3554.0,0.0
0.0,21697.0,0.0,361.7395132247368,1637.0,0.0,0.0,-39.656151853935626,401.39566507867244,0.0,0.0
0.0,23334.0,494.0,1464.1115453489397,0.0,0.0,0.0,-0.4464968786560348,1464.5580422275957,0.0,494.0
0.0,22840.0,1602.0,2519.0273995336106,0.0,0.0,0.0,4.311596049209584,2514.715803484401,0.0,1602.0
0.0,21238.0,2718.0,3183.17376779263,0.0,0.0,0.0,-66.46659624340691,3249.6403640360368,0.0,2718.0
0.0,18520.0,3346.0,3683.3880863223358,0.0,3243.0,3243.0,859.9156362478163,2823.4724500745197,0.0,3346.0
1.0,0.0,1690.0,1690.0,0.0,8450.0,8450.0,1195.0,495.0,1195.0,495.0
1.0,0.0,1710.0,1700.0,0.0,8500.0,8500.0,1202.0,498.0,1210.0,500.0
1.0,0.0,1715.0,1705.0,0.0,8525.0,8525.0,1205.0,500.0,1210.0,505.0
1.0,0.0,1700.0,1703.0,8450.0,6880.0,6880.0,1201.0,502.0,1190.0,510.0
1.0,1635.0,1690.0,1701.0,8500.0,60.0,60.0,1198.0,503.0,1185.0,505.0
1.0,8445.0,1680.0,1697.0,8525.0,0.0,0.0,1195.0,502.0,1180.0,500.0
1.0,15290.0,0.0,1455.0,6880.0,0.0,0.0,1024.0,431.0,0.0,0.0
1.0,22170.0,0.0,1273.0,60.0,0.0,0.0,896.0,377.0,0.0,0.0
1.0,22230.0,0.0,1132.0,0.0,0.0,0.0,797.0,335.0,0.0,0.0
1.0,22230.0,0.0,1019.0,0.0,0.0,0.0,717.0,302.0,0.0,0.0
1.0,22230.0,0.0,926.0,0.0,0.0,0.0,652.0,274.0,0.0,0.0
1.0,22230.0,0.0,849.0,0.0,0.0,0.0,598.0,251.0,0.0,0.0
1.0,22230.0,0.0,784.0,0.0,0.0,0.0,552.0,232.0,0.0,0.0
1.0,22230.0,0.0,727.0,0.0,0.0,0.0,512.0,215.0,0.0,0.0
1.0,22230.0,0.0,679.0,0.0,0.0,0.0,478.0,201.0,0.0,0.0
1.0,22230.0,0.0,636.0,0.0,0.0,0.0,448.0,188.0,0.0,0.0
1.0,22230.0,0.0,599.0,0.0,0.0,0.0,422.0,177.0,0.0,0.0
1.0,22230.0,0.0,566.0,0.0,0.0,0.0,398.0,168.0,0.0,0.0
1.0,22230.0,0.0,536.0,0.0,0.0,0.0,377.0,159.0,0.0,0.0
1.0,22230.0,0.0,509.0,0.0,0.0,0.0,358.0,151.0,0.0,0.0
1.0,22230.0,0.0,485.0,0.0,0.0,0.0,341.0,144.0,0.0,0.0
1.0,22230.0,0.0,463.0,0.0,0.0,0.0,326.0,137.0,0.0,0.0
1.0,22230.0,0.0,443.0,0.0,0.0,0.0,312.0,131.0,0.0,0.0
1.0,22230.0,0.0,425.0,0.0,0.0,0.0,299.0,126.0,0.0,0.0
1.0,22230.0,94.0,411.0,0.0,0.0,0.0,288.0,123.0,38.0,56.0
1.0,22136.0,448.0,412.0,0.0,0.0,0.0,288.0,124.0,290.0,158.0
1.0,21688.0,789.0,426.0,0.0,0.0,0.0,297.0,129.0,529.0,260.0
1.0,20899.0,1025.0,448.0,0.0,0.0,0.0,312.0,136.0,717.0,308.0
1.0,19874.0,928.0,465.0,0.0,0.0,0.0,325.0,140.0,668.0,260.0
1.0,18946.0,508.0,466.0,0.0,0.0,0.0,327.0,139.0,403.0,105.0
1.0,18438.0,0.0,451.0,0.0,0.0,0.0,317.0,134.0,0.0,0.0
1.0,18438.0,0.0,437.0,0.0,0.0,0.0,307.0,130.0,0.0,0.0
1.0,18438.0,0.0,423.0,0.0,0.0,0.0,297.0,126.0,0.0,0.0
1.0,18438.0,0.0,411.0,0.0,0.0,0.0,289.0,122.0,0.0,0.0
1.0,18438.0,0.0,399.0,0.0,0.0,0.0,280.0,119.0,0.0,0.0
1.0,18438.0,193.0,394.0,0.0,0.0,0.0,276.0,118.0,119.0,74.0
1.0,18245.0,555.0,398.0,0.0,0.0,0.0,279.0,119.0,374.0,181.0
1.0,17690.0,930.0,412.0,0.0,0.0,0.0,288.0,124.0,633.0,297.0
1.0,16760.0,1097.0,429.0,0.0,0.0,0.0,300.0,129.0,766.0,331.0
1.0,15663.0,910.0,441.0,0.0,0.0,0.0,309.0,132.0,655.0,255.0
1.0,14753.0,334.0,439.0,0.0,0.0,0.0,308.0,131.0,272.0,62.0
1.0,14419.0,0.0,429.0,0.0,0.0,0.0,301.0,128.0,0.0,0.0
1.0,14419.0,0.0,419.0,0.0,0.0,0.0,294.0,125.0,0.0,0.0
1.0,14419.0,0.0,409.0,0.0,0.0,0.0,287.0,122.0,0.0,0.0
1.0,14419.0,0.0,400.0,0.0,0.0,0.0,281.0,119.0,0.0,0.0
1.0,14419.0,0.0,392.0,0.0,0.0,0.0,275.0,117.0,0.0,0.0
1.0,14419.0,171.0,387.0,0.0,0.0,0.0,271.0,116.0,94.0,77.0
1.0,14248.0,516.0,389.0,0.0,0.0,0.0,272.0,117.0,335.0,181.0
1.0,13732.0,865.0,399.0,0.0,0.0,0.0,278.0,121.0,579.0,286.0
1.0,12867.0,1069.0,413.0,0.0,0.0,0.0,288.0,125.0,749.0,320.0
1.0,11798.0,933.0,423.0,0.0,0.0,0.0,296.0,127.0,682.0,251.0
1.0,10865.0,462.0,423.0,0.0,0.0,0.0,297.0,126.0,379.0,83.0
1.0,10403.0,0.0,391.0,0.0,0.0,0.0,274.0,117.0,0.0,0.0
1.0,10403.0,0.0,358.0,0.0,0.0,0.0,251.0,107.0,0.0,0.0
1.0,10403.0,0.0,325.0,0.0,0.0,0.0,228.0,97.0,0.0,0.0
1.0,10403.0,0.0,293.0,0.0,0.0,0.0,205.0,88.0,0.0,0.0
1.0,10403.0,0.0,260.0,0.0,0.0,0.0,182.0,78.0,0.0,0.0
1.0,10403.0,231.0,232.0,0.0,0.0,0.0,162.0,70.0,140.0,91.0
1.0,10172.0,608.0,244.0,0.0,0.0,0.0,170.0,74.0,402.0,206.0
1.0,9564.0,1005.0,263.0,0.0,0.0,0.0,183.0,80.0,680.0,325.0
1.0,8559.0,1156.0,285.0,0.0,0.0,0.0,198.0,87.0,812.0,344.0
1.0,7403.0,913.0,303.0,0.0,0.0,0.0,211.0,92.0,662.0,251.0
1.0,6490.0,271.0,308.0,0.0,0.0,0.0,216.0,92.0,236.0,35.0
1.0,6219.0,0.0,308.0,0.0,0.0,0.0,216.0,92.0,0.0,0.0
1.0,6219.0,0.0,308.0,0.0,0.0,0.0,216.0,92.0,0.0,0.0
1.0,6219.0,0.0,308.0,0.0,0.0,0.0,216.0,92.0,0.0,0.0
1.0,6219.0,0.0,308.0,0.0,0.0,0.0,216.0,92.0,0.0,0.0
1.0,6219.0,0.0,308.0,0.0,0.0,0.0,216.0,92.0,0.0,0.0
1.0,6219.0,197.0,312.0,0.0,0.0,0.0,218.0,94.0,109.0,88.0
1.0,6022.0,574.0,323.0,0.0,0.0,0.0,225.0,98.0,373.0,201.0
1.0,5448.0,961.0,341.0,0.0,0.0,0.0,237.0,104.0,637.0,324.0
1.0,4487.0,1152.0,364.0,0.0,0.0,0.0,253.0,111.0,799.0,353.0
1.0,3335.0,978.0,382.0,0.0,0.0,0.0,266.0,116.0,709.0,269.0
1.0,2357.0,413.0,390.0,0.0,6.0,6.0,273.0,117.0,351.0,62.0
1.0,1944.0,0.0,390.0,0.0,6.0,6.0,273.0,117.0,0.0,0.0
1.0,1944.0,0.0,390.0,0.0,6.0,6.0,273.0,117.0,0.0,0.0
1.0,1944.0,0.0,388.0,6.0,0.0,0.0,272.0,116.0,0.0,0.0
1.0,1950.0,0.0,380.0,6.0,0.0,0.0,267.0,113.0,0.0,0.0
1.0,1956.0,0.0,364.0,6.0,0.0,0.0,256.0,108.0,0.0,0.0
1.0,1962.0,207.0,349.0,0.0,0.0,0.0,245.0,104.0,124.0,83.0
1.0,1755.0,612.0,343.0,0.0,572.0,572.0,240.0,103.0,408.0,204.0
1.0,1143.0,993.0,352.0,0.0,1610.0,1610.0,245.0,107.0,675.0,318.0
1.0,150.0,1165.0,374.0,0.0,1869.0,1869.0,261.0,113.0,820.0,345.0
1.0,1.0,936.0,392.0,572.0,1959.0,1959.0,274.0,118.0,675.0,261.0
1.0,1.0,348.0,400.0,1610.0,1999.0,1999.0,280.0,120.0,288.0,60.0
1.0,1.0,603.0,410.0,1869.0,901.0,901.0,288.0,122.0,465.0,138.0
1.0,1149.0,425.0,419.0,1959.0,0.0,0.0,295.0,124.0,330.0,95.0
1.0,2683.0,0.0,416.0,1999.0,0.0,0.0,293.0,123.0,0.0,0.0
1.0,4682.0,0.0,404.0,901.0,0.0,0.0,285.0,119.0,0.0,0.0
1.0,5583.0,0.0,386.0,0.0,0.0,0.0,273.0,113.0,0.0,0.0
1.0,5583.0,0.0,365.0,0.0,0.0,0.0,258.0,107.0,0.0,0.0
1.0,5583.0,0.0,348.0,0.0,0.0,0.0,246.0,102.0,0.0,0.0
1.0,5583.0,115.0,344.0,0.0,0.0,0.0,241.0,103.0,0.0,115.0
1.0,5468.0,446.0,353.0,0.0,0.0,0.0,245.0,108.0,207.0,239.0
1.0,5022.0,849.0,369.0,0.0,0.0,0.0,254.0,115.0,487.0,362.0
1.0,4173.0,1127.0,391.0,0.0,0.0,0.0,269.0,122.0,762.0,365.0
1.0,3046.0,1061.0,410.0,0.0,65.0,65.0,284.0,126.0,818.0,243.0
1.0,1985.0,612.0,422.0,0.0,737.0,737.0,296.0,126.0,612.0,0.0
1.0,1373.0,134.0,422.0,0.0,871.0,871.0,297.0,125.0,134.0,0.0
1.0,1239.0,0.0,411.0,65.0,751.0,751.0,290.0,121.0,0.0,0.0
1.0,1304.0,0.0,395.0,737.0,0.0,0.0,279.0,116.0,0.0,0.0
1.0,2041.0,0.0,375.0,871.0,0.0,0.0,265.0,110.0,0.0,0.0
1.0,2912.0,5.0,357.0,751.0,0.0,0.0,252.0,105.0,0.0,5.0
1.0,3658.0,121.0,351.0,0.0,0.0,0.0,245.0,106.0,0.0,121.0
1.0,3537.0,487.0,359.0,0.0,0.0,0.0,249.0,110.0,250.0,237.0
1.0,3050.0,882.0,376.0,0.0,0.0,0.0,259.0,117.0,527.0,355.0
1.0,2168.0,1180.0,399.0,0.0,1007.0,1007.0,275.0,124.0,817.0,363.0
1.0,988.0,1113.0,421.0,0.0,2104.0,2104.0,292.0,129.0,858.0,255.0
1.0,1.0,650.0,434.0,0.0,2169.0,2169.0,304.0,130.0,628.0,22.0
1.0,1.0,97.0,431.0,1007.0,2020.0,2020.0,303.0,128.0,97.0,0.0
1.0,135.0,0.0,419.0,2104.0,0.0,0.0,295.0,124.0,0.0,0.0
1.0,2239.0,0.0,400.0,2169.0,0.0,0.0,282.0,118.0,0.0,0.0
1.0,4408.0,0.0,377.0,2020.0,0.0,0.0,266.0,111.0,0.0,0.0
1.0,6428.0,0.0,360.0,0.0,0.0,0.0,254.0,106.0,0.0,0.0
1.0,6428.0,113.0,357.0,0.0,0.0,0.0,249.0,108.0,0.0,113.0
1.0,6315.0,477.0,366.0,0.0,0.0,0.0,254.0,112.0,235.0,242.0
1.0,5838.0,885.0,383.0,0.0,0.0,0.0,264.0,119.0,513.0,372.0
1.0,4953.0,1171.0,406.0,0.0,0.0,0.0,279.0,127.0,795.0,376.0
1.0,3782.0,1114.0,427.0,0.0,0.0,0.0,295.0,132.0,857.0,257.0
1.0,2668.0,651.0,440.0,0.0,183.0,183.0,308.0,132.0,645.0,6.0
1.0,2017.0,133.0,438.0,0.0,306.0,306.0,308.0,130.0,133.0,0.0
1.0,1884.0,0.0,427.0,0.0,251.0,251.0,301.0,126.0,0.0,0.0
1.0,1884.0,0.0,409.0,183.0,0.0,0.0,289.0,120.0,0.0,0.0
1.0,2067.0,0.0,386.0,306.0,0.0,0.0,273.0,113.0,0.0,0.0
1.0,2373.0,0.0,368.0,251.0,0.0,0.0,260.0,108.0,0.0,0.0
1.0,2624.0,121.0,362.0,0.0,0.0,0.0,253.0,109.0,0.0,121.0
1.0,2503.0,498.0,372.0,0.0,0.0,0.0,258.0,114.0,253.0,245.0
1.0,2005.0,932.0,390.0,0.0,877.0,877.0,269.0,121.0,556.0,376.0
1.0,1073.0,1243.0,413.0,0.0,2064.0,2064.0,285.0,128.0,863.0,380.0
1.0,1.0,1170.0,436.0,0.0,2179.0,2179.0,303.0,133.0,909.0,261.0
1.0,1.0,642.0,449.0,877.0,2244.0,2244.0,315.0,134.0,631.0,11.0
1.0,1.0,169.0,448.0,2064.0,1450.0,1450.0,316.0,132.0,169.0,0.0
1.0,790.0,466.0,445.0,2179.0,0.0,0.0,317.0,128.0,466.0,0.0
1.0,2503.0,38.0,427.0,2244.0,0.0,0.0,305.0,122.0,38.0,0.0
1.0,4709.0,0.0,404.0,1450.0,0.0,0.0,289.0,115.0,0.0,0.0
1.0,6159.0,10.0,386.0,0.0,0.0,0.0,276.0,110.0,0.0,10.0
1.0,6149.0,139.0,382.0,0.0,0.0,0.0,270.0,112.0,0.0,139.0
1.0,6010.0,261.0,375.0,0.0,0.0,0.0,261.0,114.0,0.0,261.0
1.0,5749.0,383.0,375.0,0.0,0.0,0.0,255.0,120.0,0.0,383.0
1.0,5366.0,600.0,387.0,0.0,0.0,0.0,260.0,127.0,234.0,366.0
1.0,4766.0,770.0,402.0,0.0,0.0,0.0,270.0,132.0,532.0,238.0
1.0,3996.0,841.0,418.0,0.0,0.0,0.0,286.0,132.0,841.0,0.0
1.0,3155.0,925.0,436.0,0.0,0.0,0.0,304.0,132.0,925.0,0.0
1.0,2230.0,703.0,449.0,0.0,718.0,718.0,317.0,132.0,703.0,0.0
1.0,1527.0,162.0,449.0,0.0,880.0,880.0,320.0,129.0,162.0,0.0
1.0,1365.0,0.0,441.0,0.0,840.0,840.0,316.0,125.0,0.0,0.0
1.0,1365.0,34.0,425.0,718.0,76.0,76.0,307.0,118.0,0.0,34.0
1.0,2049.0,160.0,406.0,880.0,0.0,0.0,292.0,114.0,0.0,160.0
1.0,2769.0,299.0,393.0,840.0,0.0,0.0,277.0,116.0,0.0,299.0
1.0,3310.0,401.0,388.0,76.0,0.0,0.0,265.0,123.0,0.0,401.0
1.0,2985.0,593.0,396.0,0.0,0.0,0.0,266.0,130.0,219.0,374.0
1.0,2392.0,722.0,410.0,0.0,380.0,380.0,276.0,134.0,517.0,205.0
1.0,1670.0,815.0,426.0,0.0,1275.0,1275.0,292.0,134.0,815.0,0.0
1.0,855.0,897.0,443.0,0.0,2215.0,2215.0,309.0,134.0,897.0,0.0
1.0,0.0,682.0,456.0,380.0,2280.0,2280.0,322.0,134.0,682.0,0.0
1.0,0.0,182.0,458.0,1275.0,1541.0,1541.0,326.0,132.0,182.0,0.0
1.0,749.0,0.0,448.0,2215.0,0.0,0.0,321.0,127.0,0.0,0.0
1.0,2964.0,21.0,432.0,2280.0,0.0,0.0,311.0,121.0,0.0,21.0
1.0,5223.0,154.0,412.0,1541.0,0.0,0.0,295.0,117.0,0.0,154.0
1.0,6610.0,283.0,397.0,0.0,0.0,0.0,279.0,118.0,0.0,283.0
1.0,6327.0,395.0,392.0,0.0,0.0,0.0,267.0,125.0,0.0,395.0
1.0,5932.0,635.0,402.0,0.0,0.0,0.0,270.0,132.0,255.0,380.0
1.0,5297.0,823.0,417.0,0.0,0.0,0.0,281.0,136.0,590.0,233.0
1.0,4474.0,902.0,434.0,0.0,0.0,0.0,298.0,136.0,902.0,0.0
1.0,3572.0,952.0,453.0,0.0,0.0,0.0,317.0,136.0,952.0,0.0
1.0,2620.0,662.0,465.0,0.0,367.0,367.0,329.0,136.0,662.0,0.0
1.0,1958.0,70.0,465.0,0.0,437.0,437.0,331.0,134.0,70.0,0.0
1.0,1888.0,0.0,456.0,0.0,392.0,392.0,326.0,130.0,0.0,0.0
1.0,1888.0,20.0,439.0,367.0,0.0,0.0,316.0,123.0,0.0,20.0
1.0,2235.0,161.0,420.0,437.0,0.0,0.0,301.0,119.0,0.0,161.0
1.0,2511.0,299.0,405.0,392.0,0.0,0.0,285.0,120.0,0.0,299.0
1.0,2604.0,421.0,400.0,0.0,0.0,0.0,272.0,128.0,0.0,421.0
1.0,2183.0,674.0,410.0,0.0,541.0,541.0,275.0,135.0,285.0,389.0
1.0,1509.0,807.0,425.0,0.0,1423.0,1423.0,286.0,139.0,586.0,221.0
1.0,702.0,879.0,442.0,0.0,2210.0,2210.0,303.0,139.0,879.0,0.0
1.0,0.0,902.0,460.0,541.0,2300.0,2300.0,321.0,139.0,902.0,0.0
1.0,0.0,644.0,472.0,1423.0,2119.0,2119.0,333.0,139.0,644.0,0.0
1.0,241.0,276.0,475.0,2210.0,200.0,200.0,338.0,137.0,276.0,0.0
1.0,2175.0,55.0,467.0,2300.0,0.0,0.0,335.0,132.0,55.0,0.0
1.0,4420.0,16.0,449.0,2119.0,0.0,0.0,324.0,125.0,0.0,16.0
1.0,6523.0,153.0,428.0,200.0,0.0,0.0,307.0,121.0,0.0,153.0
1.0,6570.0,288.0,411.0,0.0,0.0,0.0,290.0,121.0,0.0,288.0
1.0,6282.0,408.0,407.0,0.0,0.0,0.0,278.0,129.0,0.0,408.0
1.0,5874.0,540.0,414.0,0.0,0.0,0.0,277.0,137.0,148.0,392.0
1.0,5334.0,716.0,418.0,0.0,0.0,0.0,277.0,141.0,476.0,240.0
1.0,4618.0,799.0,433.0,0.0,0.0,0.0,292.0,141.0,799.0,0.0
1.0,3819.0,972.0,452.0,0.0,0.0,0.0,311.0,141.0,972.0,0.0
1.0,2847.0,808.0,467.0,0.0,296.0,296.0,326.0,141.0,808.0,0.0
1.0,2039.0,327.0,471.0,0.0,643.0,643.0,333.0,138.0,327.0,0.0
1.0,1712.0,0.0,466.0,0.0,618.0,618.0,333.0,133.0,0.0,0.0
1.0,1712.0,47.0,460.0,296.0,339.0,339.0,333.0,127.0,0.0,47.0
1.0,1961.0,185.0,451.0,643.0,0.0,0.0,328.0,123.0,0.0,185.0
1.0,2419.0,322.0,443.0,618.0,0.0,0.0,318.0,125.0,0.0,322.0
1.0,2715.0,408.0,435.0,339.0,0.0,0.0,302.0,133.0,0.0,408.0
1.0,2646.0,526.0,427.0,0.0,15.0,15.0,287.0,140.0,169.0,357.0
1.0,2120.0,666.0,426.0,0.0,676.0,676.0,283.0,143.0,494.0,172.0
1.0,1454.0,826.0,439.0,0.0,1567.0,1567.0,296.0,143.0,826.0,0.0
1.0,628.0,1001.0,458.0,15.0,2290.0,2290.0,315.0,143.0,1001.0,0.0
1.0,0.0,849.0,474.0,676.0,2370.0,2370.0,332.0,142.0,849.0,0.0
1.0,0.0,348.0,477.0,1567.0,1697.0,1697.0,338.0,139.0,348.0,0.0
1.0,688.0,38.0,473.0,2290.0,0.0,0.0,339.0,134.0,38.0,0.0
1.0,2940.0,74.0,466.0,2370.0,0.0,0.0,339.0,127.0,0.0,74.0
1.0,5236.0,211.0,459.0,1697.0,0.0,0.0,335.0,124.0,0.0,211.0
1.0,6722.0,348.0,452.0,0.0,0.0,0.0,325.0,127.0,0.0,348.0
1.0,6374.0,424.0,444.0,0.0,0.0,0.0,309.0,135.0,0.0,424.0
1.0,5950.0,441.0,435.0,0.0,0.0,0.0,293.0,142.0,80.0,361.0
1.0,5509.0,574.0,433.0,0.0,0.0,0.0,288.0,145.0,416.0,158.0
1.0,4935.0,753.0,444.0,0.0,0.0,0.0,299.0,145.0,753.0,0.0
1.0,4182.0,988.0,463.0,0.0,0.0,0.0,318.0,145.0,988.0,0.0
1.0,3194.0,887.0,480.0,0.0,93.0,93.0,335.0,145.0,887.0,0.0
1.0,2307.0,466.0,486.0,0.0,589.0,589.0,344.0,142.0,466.0,0.0
1.0,1841.0,0.0,480.0,0.0,559.0,559.0,344.0,136.0,0.0,0.0
1.0,1841.0,63.0,474.0,93.0,499.0,499.0,344.0,130.0,0.0,63.0
1.0,1871.0,208.0,466.0,589.0,78.0,78.0,339.0,127.0,0.0,208.0
1.0,2252.0,356.0,457.0,559.0,0.0,0.0,328.0,129.0,0.0,356.0
1.0,2455.0,433.0,448.0,499.0,0.0,0.0,311.0,137.0,0.0,433.0
1.0,2521.0,508.0,439.0,78.0,104.0,104.0,295.0,144.0,142.0,366.0
1.0,2091.0,620.0,438.0,0.0,719.0,719.0,291.0,147.0,467.0,153.0
1.0,1471.0,812.0,453.0,0.0,1606.0,1606.0,306.0,147.0,812.0,0.0
1.0,659.0,1010.0,472.0,104.0,2360.0,2360.0,325.0,147.0,1010.0,0.0
1.0,0.0,885.0,489.0,719.0,2445.0,2445.0,342.0,147.0,885.0,0.0
1.0,0.0,418.0,494.0,1606.0,1695.0,1695.0,350.0,144.0,418.0,0.0
1.0,775.0,0.0,488.0,2360.0,0.0,0.0,350.0,138.0,0.0,0.0
1.0,3135.0,60.0,481.0,2445.0,0.0,0.0,350.0,131.0,0.0,60.0
1.0,5520.0,204.0,472.0,1695.0,0.0,0.0,345.0,127.0,0.0,204.0
1.0,7011.0,359.0,463.0,0.0,0.0,0.0,333.0,130.0,0.0,359.0
1.0,6652.0,449.0,455.0,0.0,0.0,0.0,316.0,139.0,0.0,449.0
1.0,6203.0,550.0,448.0,0.0,0.0,0.0,302.0,146.0,159.0,391.0
1.0,5653.0,665.0,449.0,0.0,0.0,0.0,299.0,150.0,493.0,172.0
1.0,4988.0,818.0,460.0,0.0,0.0,0.0,310.0,150.0,818.0,0.0
1.0,4170.0,995.0,478.0,0.0,0.0,0.0,328.0,150.0,995.0,0.0
1.0,3175.0,857.0,493.0,0.0,147.0,147.0,344.0,149.0,857.0,0.0
1.0,2318.0,392.0,498.0,0.0,564.0,564.0,352.0,146.0,392.0,0.0
1.0,1926.0,0.0,493.0,0.0,539.0,539.0,352.0,141.0,0.0,0.0
1.0,1926.0,47.0,486.0,147.0,404.0,404.0,352.0,134.0,0.0,47.0
1.0,2026.0,196.0,479.0,564.0,1.0,1.0,349.0,130.0,0.0,196.0
1.0,2394.0,338.0,472.0,539.0,0.0,0.0,340.0,132.0,0.0,338.0
1.0,2595.0,433.0,464.0,404.0,0.0,0.0,324.0,140.0,0.0,433.0
1.0,2566.0,583.0,458.0,1.0,306.0,306.0,310.0,148.0,200.0,383.0
1.0,1984.0,748.0,456.0,0.0,1044.0,1044.0,305.0,151.0,556.0,192.0
1.0,1236.0,913.0,467.0,0.0,2012.0,2012.0,316.0,151.0,913.0,0.0
1.0,323.0,1075.0,488.0,306.0,2440.0,2440.0,337.0,151.0,1075.0,0.0
1.0,0.0,858.0,503.0,1044.0,2515.0,2515.0,353.0,150.0,858.0,0.0
1.0,0.0,272.0,505.0,2012.0,1045.0,1045.0,358.0,147.0,272.0,0.0
1.0,1480.0,0.0,499.0,2440.0,0.0,0.0,358.0,141.0,0.0,0.0
1.0,3920.0,80.0,492.0,2515.0,0.0,0.0,358.0,134.0,0.0,80.0
1.0,6355.0,235.0,487.0,1045.0,0.0,0.0,355.0,132.0,0.0,235.0
1.0,7165.0,386.0,482.0,0.0,0.0,0.0,346.0,136.0,0.0,386.0
1.0,6779.0,457.0,475.0,0.0,0.0,0.0,330.0,145.0,0.0,457.0
1.0,6322.0,542.0,466.0,0.0,0.0,0.0,314.0,152.0,176.0,366.0
1.0,5780.0,649.0,462.0,0.0,0.0,0.0,308.0,154.0,521.0,128.0
1.0,5131.0,862.0,471.0,0.0,0.0,0.0,317.0,154.0,862.0,0.0
1.0,4269.0,1033.0,491.0,0.0,0.0,0.0,337.0,154.0,1033.0,0.0
1.0,3236.0,868.0,506.0,0.0,162.0,162.0,353.0,153.0,868.0,0.0
1.0,2368.0,377.0,510.0,0.0,559.0,559.0,361.0,149.0,377.0,0.0
1.0,1991.0,0.0,503.0,0.0,524.0,524.0,361.0,142.0,0.0,0.0
1.0,1991.0,88.0,497.0,162.0,420.0,420.0,361.0,136.0,0.0,88.0
1.0,2065.0,233.0,492.0,559.0,69.0,69.0,359.0,133.0,0.0,233.0
1.0,2391.0,384.0,489.0,524.0,0.0,0.0,351.0,138.0,0.0,384.0
1.0,2531.0,450.0,483.0,420.0,0.0,0.0,337.0,146.0,0.0,450.0
1.0,2501.0,590.0,475.0,69.0,395.0,395.0,322.0,153.0,220.0,370.0
1.0,1980.0,739.0,472.0,0.0,1119.0,1119.0,316.0,156.0,592.0,147.0
1.0,1241.0,947.0,481.0,0.0,2111.0,2111.0,325.0,156.0,947.0,0.0
1.0,294.0,1070.0,502.0,395.0,2510.0,2510.0,346.0,156.0,1070.0,0.0
1.0,0.0,819.0,517.0,1119.0,2585.0,2585.0,362.0,155.0,819.0,0.0
1.0,0.0,226.0,517.0,2111.0,781.0,781.0,366.0,151.0,226.0,0.0
1.0,1804.0,0.0,510.0,2510.0,0.0,0.0,366.0,144.0,0.0,0.0
1.0,4314.0,93.0,504.0,2585.0,0.0,0.0,366.0,138.0,0.0,93.0
1.0,6806.0,251.0,498.0,781.0,0.0,0.0,363.0,135.0,0.0,251.0
1.0,7336.0,413.0,494.0,0.0,0.0,0.0,354.0,140.0,0.0,413.0
1.0,6923.0,473.0,489.0,0.0,0.0,0.0,339.0,150.0,0.0,473.0
1.0,6450.0,662.0,482.0,0.0,0.0,0.0,325.0,157.0,285.0,377.0
1.0,5788.0,743.0,479.0,0.0,0.0,0.0,320.0,159.0,631.0,112.0
1.0,5045.0,985.0,490.0,0.0,0.0,0.0,331.0,159.0,985.0,0.0
1.0,4060.0,1083.0,511.0,0.0,0.0,0.0,352.0,159.0,1083.0,0.0
1.0,2977.0,830.0,526.0,0.0,483.0,483.0,368.0,158.0,830.0,0.0
1.0,2147.0,219.0,526.0,0.0,702.0,702.0,372.0,154.0,219.0,0.0
1.0,1928.0,0.0,519.0,0.0,667.0,667.0,372.0,147.0,0.0,0.0
1.0,1928.0,86.0,512.0,483.0,235.0,235.0,372.0,140.0,0.0,86.0
1.0,2325.0,243.0,506.0,702.0,0.0,0.0,369.0,137.0,0.0,243.0
1.0,2784.0,399.0,501.0,667.0,0.0,0.0,359.0,142.0,0.0,399.0
1.0,3052.0,476.0,495.0,235.0,0.0,0.0,344.0,151.0,0.0,476.0
1.0,2811.0,642.0,487.0,0.0,266.0,266.0,329.0,158.0,251.0,391.0
1.0,2169.0,768.0,486.0,0.0,1029.0,1029.0,325.0,161.0,620.0,148.0
1.0,1401.0,988.0,497.0,0.0,2072.0,2072.0,336.0,161.0,988.0,0.0
1.0,413.0,1108.0,518.0,266.0,2590.0,2590.0,357.0,161.0,1108.0,0.0
1.0,0.0,846.0,534.0,1029.0,2670.0,2670.0,374.0,160.0,846.0,0.0
1.0,0.0,229.0,534.0,2072.0,1073.0,1073.0,378.0,156.0,229.0,0.0
1.0,1597.0,0.0,528.0,2590.0,0.0,0.0,378.0,150.0,0.0,0.0
1.0,4187.0,80.0,521.0,2670.0,0.0,0.0,378.0,143.0,0.0,80.0
1.0,6777.0,243.0,514.0,1073.0,0.0,0.0,374.0,140.0,0.0,243.0
1.0,7607.0,397.0,508.0,0.0,0.0,0.0,364.0,144.0,0.0,397.0
1.0,7210.0,473.0,499.0,0.0,0.0,0.0,346.0,153.0,0.0,473.0
1.0,6737.0,634.0,491.0,0.0,0.0,0.0,330.0,161.0,249.0,385.0
1.0,6103.0,773.0,490.0,0.0,0.0,0.0,326.0,164.0,625.0,148.0
1.0,5330.0,1012.0,504.0,0.0,0.0,0.0,340.0,164.0,1012.0,0.0
1.0,4318.0,1147.0,526.0,0.0,0.0,0.0,362.0,164.0,1147.0,0.0
1.0,3171.0,905.0,541.0,0.0,439.0,439.0,379.0,162.0,905.0,0.0
1.0,2266.0,264.0,542.0,0.0,708.0,708.0,384.0,158.0,264.0,0.0
1.0,2002.0,0.0,534.0,0.0,668.0,668.0,384.0,150.0,0.0,0.0
1.0,2002.0,118.0,528.0,439.0,317.0,317.0,384.0,144.0,0.0,118.0
1.0,2323.0,275.0,523.0,708.0,0.0,0.0,381.0,142.0,0.0,275.0
1.0,2756.0,435.0,519.0,668.0,0.0,0.0,371.0,148.0,0.0,435.0
1.0,2989.0,481.0,511.0,317.0,0.0,0.0,354.0,157.0,0.0,481.0
1.0,2825.0,578.0,502.0,0.0,263.0,263.0,338.0,164.0,200.0,378.0
1.0,2247.0,675.0,499.0,0.0,923.0,923.0,333.0,166.0,573.0,102.0
1.0,1572.0,933.0,509.0,0.0,1906.0,1906.0,343.0,166.0,933.0,0.0
1.0,639.0,1102.0,531.0,263.0,2655.0,2655.0,365.0,166.0,1102.0,0.0
1.0,0.0,916.0,547.0,923.0,2735.0,2735.0,382.0,165.0,916.0,0.0
1.0,0.0,379.0,550.0,1906.0,1416.0,1416.0,390.0,160.0,379.0,0.0
1.0,1334.0,0.0,543.0,2655.0,0.0,0.0,390.0,153.0,0.0,0.0
1.0,3989.0,106.0,536.0,2735.0,0.0,0.0,390.0,146.0,0.0,106.0
1.0,6618.0,269.0,529.0,1416.0,0.0,0.0,385.0,144.0,0.0,269.0
1.0,7765.0,431.0,524.0,0.0,0.0,0.0,374.0,150.0,0.0,431.0
1.0,7334.0,490.0,515.0,0.0,0.0,0.0,356.0,159.0,0.0,490.0
1.0,6844.0,651.0,507.0,0.0,0.0,0.0,340.0,167.0,261.0,390.0
1.0,6193.0,778.0,506.0,0.0,0.0,0.0,337.0,169.0,654.0,124.0
1.0,5415.0,1046.0,522.0,0.0,0.0,0.0,353.0,169.0,1046.0,0.0
1.0,4369.0,1178.0,544.0,0.0,0.0,0.0,375.0,169.0,1178.0,0.0
1.0,3191.0,910.0,560.0,0.0,519.0,519.0,393.0,167.0,910.0,0.0
1.0,2281.0,236.0,559.0,0.0,750.0,750.0,397.0,162.0,236.0,0.0
1.0,2045.0,0.0,551.0,0.0,710.0,710.0,397.0,154.0,0.0,0.0
1.0,2045.0,103.0,544.0,519.0,259.0,259.0,397.0,147.0,0.0,103.0
1.0,2461.0,274.0,537.0,750.0,0.0,0.0,392.0,145.0,0.0,274.0
1.0,2937.0,449.0,532.0,710.0,0.0,0.0,380.0,152.0,0.0,449.0
1.0,3198.0,515.0,523.0,259.0,0.0,0.0,361.0,162.0,0.0,515.0
1.0,2942.0,648.0,514.0,0.0,276.0,276.0,345.0,169.0,244.0,404.0
1.0,2294.0,735.0,513.0,0.0,1006.0,1006.0,341.0,172.0,619.0,116.0
1.0,1559.0,989.0,527.0,0.0,2065.0,2065.0,355.0,172.0,989.0,0.0
1.0,570.0,1144.0,549.0,276.0,2745.0,2745.0,377.0,172.0,1144.0,0.0
1.0,0.0,926.0,565.0,1006.0,2825.0,2825.0,395.0,170.0,926.0,0.0
1.0,0.0,330.0,567.0,2065.0,1318.0,1318.0,402.0,165.0,330.0,0.0
1.0,1517.0,0.0,560.0,2745.0,0.0,0.0,402.0,158.0,0.0,0.0
1.0,4262.0,100.0,552.0,2825.0,0.0,0.0,402.0,150.0,0.0,100.0
1.0,6987.0,262.0,545.0,1318.0,0.0,0.0,397.0,148.0,0.0,262.0
1.0,8043.0,424.0,538.0,0.0,0.0,0.0,385.0,153.0,0.0,424.0
1.0,7619.0,491.0,529.0,0.0,0.0,0.0,366.0,163.0,0.0,491.0
1.0,7128.0,666.0,520.0,0.0,0.0,0.0,350.0,170.0,264.0,402.0
1.0,6462.0,828.0,519.0,0.0,0.0,0.0,346.0,173.0,682.0,146.0
1.0,5634.0,1086.0,536.0,0.0,0.0,0.0,363.0,173.0,1086.0,0.0
1.0,4548.0,1206.0,559.0,0.0,0.0,0.0,386.0,173.0,1206.0,0.0
1.0,3342.0,907.0,576.0,0.0,445.0,445.0,404.0,172.0,907.0,0.0
1.0,2435.0,215.0,575.0,0.0,655.0,655.0,408.0,167.0,215.0,0.0
1.0,2220.0,0.0,567.0,0.0,615.0,615.0,408.0,159.0,0.0,0.0
1.0,2220.0,128.0,561.0,445.0,268.0,268.0,408.0,153.0,0.0,128.0
1.0,2537.0,300.0,554.0,655.0,0.0,0.0,403.0,151.0,0.0,300.0
1.0,2892.0,474.0,548.0,615.0,0.0,0.0,391.0,157.0,0.0,474.0
1.0,3033.0,509.0,538.0,268.0,0.0,0.0,371.0,167.0,0.0,509.0
1.0,2792.0,638.0,529.0,0.0,491.0,491.0,355.0,174.0,271.0,367.0
1.0,2154.0,723.0,525.0,0.0,1194.0,1194.0,350.0,175.0,664.0,59.0
1.0,1431.0,1057.0,540.0,0.0,2326.0,2326.0,365.0,175.0,1057.0,0.0
1.0,374.0,1184.0,563.0,491.0,2815.0,2815.0,388.0,175.0,1184.0,0.0
1.0,0.0,934.0,579.0,1194.0,2895.0,2895.0,406.0,173.0,934.0,0.0
1.0,0.0,282.0,579.0,2326.0,910.0,910.0,411.0,168.0,282.0,0.0
1.0,1985.0,0.0,571.0,2815.0,0.0,0.0,411.0,160.0,0.0,0.0
1.0,4800.0,165.0,564.0,2895.0,0.0,0.0,411.0,153.0,0.0,165.0
1.0,7530.0,331.0,561.0,910.0,0.0,0.0,408.0,153.0,0.0,331.0
1.0,8109.0,499.0,557.0,0.0,0.0,0.0,397.0,160.0,0.0,499.0
1.0,7610.0,516.0,549.0,0.0,0.0,0.0,379.0,170.0,0.0,516.0
1.0,7094.0,660.0,540.0,0.0,0.0,0.0,363.0,177.0,301.0,359.0
1.0,6434.0,732.0,537.0,0.0,0.0,0.0,359.0,178.0,697.0,35.0
1.0,5702.0,1089.0,551.0,0.0,0.0,0.0,373.0,178.0,1089.0,0.0
1.0,4613.0,1191.0,574.0,0.0,0.0,0.0,396.0,178.0,1191.0,0.0
1.0,3422.0,899.0,589.0,0.0,422.0,422.0,413.0,176.0,899.0,0.0
1.0,2523.0,214.0,587.0,0.0,626.0,626.0,417.0,170.0,214.0,0.0
1.0,2309.0,0.0,579.0,0.0,586.0,586.0,417.0,162.0,0.0,0.0
1.0,2309.0,157.0,573.0,422.0,291.0,291.0,417.0,156.0,0.0,157.0
1.0,2574.0,333.0,567.0,626.0,0.0,0.0,412.0,155.0,0.0,333.0
1.0,2867.0,512.0,561.0,586.0,0.0,0.0,399.0,162.0,0.0,512.0
1.0,2941.0,526.0,551.0,291.0,49.0,49.0,379.0,172.0,0.0,526.0
1.0,2706.0,740.0,543.0,0.0,749.0,749.0,364.0,179.0,374.0,366.0
1.0,1966.0,793.0,541.0,0.0,1532.0,1532.0,361.0,180.0,766.0,27.0
1.0,1173.0,1186.0,559.0,49.0,2759.0,2759.0,379.0,180.0,1186.0,0.0
1.0,36.0,1237.0,583.0,749.0,2915.0,2915.0,403.0,180.0,1237.0,0.0
1.0,0.0,888.0,598.0,1532.0,2798.0,2798.0,420.0,178.0,888.0,0.0
1.0,192.0,103.0,595.0,2759.0,127.0,127.0,422.0,173.0,103.0,0.0
1.0,2848.0,0.0,586.0,2915.0,0.0,0.0,422.0,164.0,0.0,0.0
1.0,5763.0,165.0,579.0,2798.0,0.0,0.0,422.0,157.0,0.0,165.0
1.0,8396.0,344.0,573.0,127.0,0.0,0.0,417.0,156.0,0.0,344.0
1.0,8179.0,528.0,570.0,0.0,0.0,0.0,406.0,164.0,0.0,528.0
1.0,7651.0,542.0,560.0,0.0,0.0,0.0,386.0,174.0,0.0,542.0
1.0,7109.0,739.0,553.0,0.0,0.0,0.0,371.0,182.0,363.0,376.0
1.0,6370.0,797.0,551.0,0.0,0.0,0.0,369.0,182.0,776.0,21.0
1.0,5573.0,1190.0,567.0,0.0,0.0,0.0,385.0,182.0,1190.0,0.0
1.0,4383.0,1238.0,591.0,0.0,0.0,0.0,409.0,182.0,1238.0,0.0
1.0,3145.0,870.0,606.0,0.0,755.0,755.0,426.0,180.0,870.0,0.0
1.0,2275.0,108.0,603.0,0.0,848.0,848.0,428.0,175.0,108.0,0.0
1.0,2167.0,0.0,595.0,0.0,808.0,808.0,428.0,167.0,0.0,0.0
1.0,2167.0,146.0,588.0,755.0,164.0,164.0,428.0,160.0,0.0,146.0
1.0,2776.0,328.0,582.0,848.0,0.0,0.0,423.0,159.0,0.0,328.0
1.0,3296.0,503.0,576.0,808.0,0.0,0.0,410.0,166.0,0.0,503.0
1.0,3601.0,534.0,565.0,164.0,0.0,0.0,389.0,176.0,0.0,534.0
1.0,3231.0,778.0,556.0,0.0,327.0,327.0,373.0,183.0,396.0,382.0
1.0,2453.0,870.0,555.0,0.0,1192.0,1192.0,371.0,184.0,812.0,58.0
1.0,1583.0,1238.0,575.0,0.0,2530.0,2530.0,391.0,184.0,1238.0,0.0
1.0,345.0,1258.0,599.0,327.0,2995.0,2995.0,415.0,184.0,1258.0,0.0
1.0,0.0,861.0,614.0,1192.0,3070.0,3070.0,432.0,182.0,861.0,0.0
1.0,0.0,39.0,608.0,2530.0,804.0,804.0,432.0,176.0,39.0,0.0
1.0,2236.0,0.0,599.0,2995.0,0.0,0.0,432.0,167.0,0.0,0.0
1.0,5231.0,166.0,592.0,3070.0,0.0,0.0,432.0,160.0,0.0,166.0
1.0,8135.0,353.0,587.0,804.0,0.0,0.0,427.0,160.0,0.0,353.0
1.0,8586.0,535.0,583.0,0.0,0.0,0.0,414.0,169.0,0.0,535.0
1.0,8051.0,556.0,574.0,0.0,0.0,0.0,394.0,180.0,8.0,548.0
1.0,7495.0,800.0,567.0,0.0,0.0,0.0,380.0,187.0,427.0,373.0
1.0,6695.0,847.0,565.0,0.0,0.0,0.0,378.0,187.0,832.0,15.0
1.0,5848.0,1241.0,583.0,0.0,0.0,0.0,396.0,187.0,1241.0,0.0
1.0,4607.0,1241.0,607.0,0.0,0.0,0.0,420.0,187.0,1241.0,0.0
1.0,3366.0,843.0,620.0,0.0,577.0,577.0,436.0,184.0,843.0,0.0
1.0,2523.0,42.0,615.0,0.0,594.0,594.0,437.0,178.0,42.0,0.0
1.0,2481.0,4.0,605.0,0.0,548.0,548.0,437.0,168.0,0.0,4.0
1.0,2477.0,182.0,599.0,577.0,123.0,123.0,437.0,162.0,0.0,182.0
1.0,2872.0,359.0,593.0,594.0,0.0,0.0,431.0,162.0,0.0,359.0
1.0,3107.0,534.0,589.0,548.0,0.0,0.0,418.0,171.0,0.0,534.0
1.0,3121.0,558.0,579.0,123.0,209.0,209.0,397.0,182.0,19.0,539.0
1.0,2686.0,818.0,572.0,0.0,992.0,992.0,383.0,189.0,446.0,372.0
1.0,1868.0,895.0,571.0,0.0,1882.0,1882.0,382.0,189.0,870.0,25.0
1.0,973.0,1289.0,592.0,209.0,2960.0,2960.0,403.0,189.0,1289.0,0.0
1.0,0.0,1270.0,617.0,992.0,3085.0,3085.0,428.0,189.0,1270.0,0.0
1.0,0.0,826.0,629.0,1882.0,2474.0,2474.0,443.0,186.0,826.0,0.0
1.0,671.0,70.0,625.0,2960.0,0.0,0.0,445.0,180.0,70.0,0.0
1.0,3561.0,2.0,615.0,3085.0,0.0,0.0,445.0,170.0,0.0,2.0
1.0,6644.0,189.0,609.0,2474.0,0.0,0.0,445.0,164.0,0.0,189.0
1.0,8929.0,373.0,602.0,0.0,0.0,0.0,438.0,164.0,0.0,373.0
1.0,8556.0,569.0,597.0,0.0,0.0,0.0,423.0,174.0,0.0,569.0
1.0,7987.0,565.0,585.0,0.0,0.0,0.0,400.0,185.0,0.0,565.0
1.0,7422.0,772.0,576.0,0.0,0.0,0.0,384.0,192.0,399.0,373.0
1.0,6650.0,835.0,575.0,0.0,0.0,0.0,383.0,192.0,835.0,0.0
1.0,5815.0,1271.0,597.0,0.0,0.0,0.0,405.0,192.0,1271.0,0.0
1.0,4544.0,1316.0,623.0,0.0,0.0,0.0,431.0,192.0,1316.0,0.0
1.0,3228.0,915.0,637.0,0.0,872.0,872.0,448.0,189.0,915.0,0.0
1.0,2313.0,78.0,633.0,0.0,930.0,930.0,450.0,183.0,78.0,0.0
1.0,2235.0,0.0,622.0,0.0,875.0,875.0,450.0,172.0,0.0,0.0
1.0,2235.0,171.0,615.0,872.0,139.0,139.0,450.0,165.0,0.0,171.0
1.0,2936.0,361.0,608.0,930.0,0.0,0.0,443.0,165.0,0.0,361.0
1.0,3505.0,554.0,603.0,875.0,0.0,0.0,428.0,175.0,0.0,554.0
1.0,3826.0,571.0,591.0,139.0,0.0,0.0,405.0,186.0,0.0,571.0
1.0,3394.0,797.0,583.0,0.0,318.0,318.0,389.0,194.0,397.0,400.0
1.0,2597.0,880.0,583.0,0.0,1198.0,1198.0,388.0,195.0,848.0,32.0
1.0,1717.0,1279.0,606.0,0.0,2592.0,2592.0,411.0,195.0,1279.0,0.0
1.0,438.0,1307.0,631.0,318.0,3155.0,3155.0,436.0,195.0,1307.0,0.0
1.0,0.0,881.0,645.0,1198.0,3225.0,3225.0,453.0,192.0,881.0,0.0
1.0,0.0,52.0,639.0,2592.0,889.0,889.0,454.0,185.0,52.0,0.0
1.0,2306.0,0.0,630.0,3155.0,0.0,0.0,454.0,176.0,0.0,0.0
1.0,5461.0,167.0,623.0,3225.0,0.0,0.0,454.0,169.0,0.0,167.0
1.0,8519.0,356.0,614.0,889.0,0.0,0.0,446.0,168.0,0.0,356.0
1.0,9052.0,542.0,609.0,0.0,0.0,0.0,431.0,178.0,0.0,542.0
1.0,8510.0,581.0,595.0,0.0,0.0,0.0,407.0,188.0,21.0,560.0
1.0,7929.0,854.0,588.0,0.0,0.0,0.0,392.0,196.0,464.0,390.0
1.0,7075.0,960.0,590.0,0.0,0.0,0.0,393.0,197.0,921.0,39.0
1.0,6115.0,1347.0,615.0,0.0,0.0,0.0,418.0,197.0,1347.0,0.0
1.0,4768.0,1349.0,641.0,0.0,0.0,0.0,444.0,197.0,1349.0,0.0
1.0,3419.0,881.0,654.0,0.0,732.0,732.0,461.0,193.0,881.0,0.0
1.0,2538.0,0.0,648.0,0.0,702.0,702.0,461.0,187.0,0.0,0.0
1.0,2538.0,19.0,638.0,0.0,671.0,671.0,461.0,177.0,0.0,19.0
1.0,2519.0,205.0,631.0,732.0,109.0,109.0,461.0,170.0,0.0,205.0
1.0,3046.0,395.0,623.0,702.0,0.0,0.0,453.0,170.0,0.0,395.0
1.0,3353.0,570.0,618.0,671.0,0.0,0.0,437.0,181.0,0.0,570.0
1.0,3454.0,559.0,605.0,109.0,21.0,21.0,413.0,192.0,0.0,559.0
1.0,3004.0,812.0,597.0,0.0,793.0,793.0,398.0,199.0,449.0,363.0
1.0,2192.0,891.0,598.0,0.0,1689.0,1689.0,399.0,199.0,891.0,0.0
1.0,1301.0,1323.0,622.0,21.0,3110.0,3110.0,423.0,199.0,1323.0,0.0
1.0,0.0,1319.0,648.0,793.0,3240.0,3240.0,449.0,199.0,1319.0,0.0
1.0,0.0,877.0,661.0,1689.0,3020.0,3020.0,466.0,195.0,877.0,0.0
1.0,285.0,9.0,654.0,3110.0,0.0,0.0,466.0,188.0,9.0,0.0
1.0,3386.0,25.0,645.0,3240.0,0.0,0.0,466.0,179.0,0.0,25.0
1.0,6601.0,214.0,637.0,3020.0,0.0,0.0,465.0,172.0,0.0,214.0
1.0,9407.0,406.0,630.0,0.0,0.0,0.0,457.0,173.0,0.0,406.0
1.0,9001.0,569.0,623.0,0.0,0.0,0.0,440.0,183.0,0.0,569.0
1.0,8432.0,634.0,611.0,0.0,0.0,0.0,417.0,194.0,87.0,547.0
1.0,7798.0,870.0,603.0,0.0,0.0,0.0,403.0,200.0,536.0,334.0
1.0,6928.0,1006.0,606.0,0.0,0.0,0.0,406.0,200.0,1006.0,0.0
1.0,5922.0,1393.0,632.0,0.0,0.0,0.0,432.0,200.0,1393.0,0.0
1.0,4529.0,1320.0,657.0,0.0,76.0,76.0,457.0,200.0,1320.0,0.0
1.0,3209.0,757.0,669.0,0.0,893.0,893.0,472.0,197.0,757.0,0.0
1.0,2452.0,0.0,662.0,0.0,858.0,858.0,472.0,190.0,0.0,0.0
1.0,2452.0,56.0,652.0,76.0,788.0,788.0,472.0,180.0,0.0,56.0
1.0,2472.0,252.0,646.0,893.0,117.0,117.0,472.0,174.0,0.0,252.0
1.0,3113.0,450.0,639.0,858.0,0.0,0.0,464.0,175.0,0.0,450.0
1.0,3521.0,593.0,635.0,788.0,0.0,0.0,448.0,187.0,0.0,593.0
1.0,3716.0,589.0,621.0,117.0,0.0,0.0,424.0,197.0,44.0,545.0
1.0,3244.0,787.0,612.0,0.0,603.0,603.0,409.0,203.0,498.0,289.0
1.0,2457.0,955.0,612.0,0.0,1558.0,1558.0,409.0,203.0,955.0,0.0
1.0,1502.0,1362.0,637.0,0.0,3045.0,3045.0,434.0,203.0,1362.0,0.0
1.0,140.0,1317.0,662.0,603.0,3310.0,3310.0,459.0,203.0,1317.0,0.0
1.0,0.0,830.0,674.0,1558.0,3216.0,3216.0,475.0,199.0,830.0,0.0
1.0,154.0,0.0,667.0,3045.0,136.0,136.0,475.0,192.0,0.0,0.0
1.0,3199.0,40.0,657.0,3310.0,0.0,0.0,475.0,182.0,0.0,40.0
1.0,6469.0,237.0,651.0,3216.0,0.0,0.0,475.0,176.0,0.0,237.0
1.0,9448.0,435.0,645.0,136.0,0.0,0.0,468.0,177.0,0.0,435.0
1.0,9149.0,591.0,638.0,0.0,0.0,0.0,451.0,187.0,0.0,591.0
1.0,8558.0,657.0,627.0,0.0,0.0,0.0,429.0,198.0,99.0,558.0
1.0,7901.0,896.0,619.0,0.0,0.0,0.0,415.0,204.0,574.0,322.0
1.0,7005.0,1052.0,622.0,0.0,0.0,0.0,418.0,204.0,1052.0,0.0
1.0,5953.0,1413.0,648.0,0.0,0.0,0.0,444.0,204.0,1413.0,0.0
1.0,4540.0,1305.0,673.0,0.0,130.0,130.0,469.0,204.0,1305.0,0.0
1.0,3235.0,710.0,684.0,0.0,895.0,895.0,483.0,201.0,710.0,0.0
1.0,2525.0,0.0,677.0,0.0,860.0,860.0,483.0,194.0,0.0,0.0
1.0,2525.0,41.0,668.0,130.0,726.0,726.0,483.0,185.0,0.0,41.0
1.0,2614.0,243.0,661.0,895.0,39.0,39.0,482.0,179.0,0.0,243.0
1.0,3266.0,445.0,654.0,860.0,0.0,0.0,474.0,180.0,0.0,445.0
1.0,3681.0,610.0,647.0,726.0,0.0,0.0,456.0,191.0,0.0,610.0
1.0,3797.0,671.0,634.0,39.0,5.0,5.0,432.0,202.0,106.0,565.0
1.0,3165.0,871.0,625.0,0.0,831.0,831.0,417.0,208.0,559.0,312.0
1.0,2294.0,1015.0,627.0,0.0,1856.0,1856.0,419.0,208.0,1015.0,0.0
1.0,1279.0,1384.0,654.0,5.0,3270.0,3270.0,446.0,208.0,1384.0,0.0
1.0,0.0,1314.0,678.0,831.0,3390.0,3390.0,471.0,207.0,1314.0,0.0
1.0,0.0,779.0,689.0,1856.0,2951.0,2951.0,486.0,203.0,779.0,0.0
1.0,494.0,0.0,682.0,3270.0,0.0,0.0,486.0,196.0,0.0,0.0
1.0,3764.0,44.0,671.0,3390.0,0.0,0.0,486.0,185.0,0.0,44.0
1.0,7110.0,237.0,665.0,2951.0,0.0,0.0,486.0,179.0,0.0,237.0
1.0,9824.0,440.0,659.0,0.0,0.0,0.0,478.0,181.0,0.0,440.0
1.0,9384.0,596.0,652.0,0.0,0.0,0.0,460.0,192.0,0.0,596.0
1.0,8788.0,677.0,640.0,0.0,0.0,0.0,437.0,203.0,109.0,568.0
1.0,8111.0,929.0,633.0,0.0,0.0,0.0,423.0,210.0,593.0,336.0
1.0,7182.0,1076.0,637.0,0.0,0.0,0.0,427.0,210.0,1076.0,0.0
1.0,6106.0,1440.0,664.0,0.0,0.0,0.0,454.0,210.0,1440.0,0.0
1.0,4666.0,1313.0,689.0,0.0,92.0,92.0,480.0,209.0,1313.0,0.0
1.0,3353.0,703.0,698.0,0.0,840.0,840.0,493.0,205.0,703.0,0.0
1.0,2650.0,0.0,690.0,0.0,800.0,800.0,493.0,197.0,0.0,0.0
1.0,2650.0,64.0,681.0,92.0,727.0,727.0,493.0,188.0,0.0,64.0
1.0,2678.0,273.0,674.0,840.0,125.0,125.0,492.0,182.0,0.0,273.0
1.0,3245.0,481.0,666.0,800.0,0.0,0.0,481.0,185.0,0.0,481.0
1.0,3564.0,623.0,659.0,727.0,0.0,0.0,462.0,197.0,0.0,623.0
1.0,3668.0,674.0,645.0,125.0,106.0,106.0,437.0,208.0,120.0,554.0
1.0,3119.0,869.0,636.0,0.0,930.0,930.0,423.0,213.0,593.0,276.0
1.0,2250.0,1076.0,643.0,0.0,2041.0,2041.0,430.0,213.0,1076.0,0.0
1.0,1174.0,1443.0,670.0,106.0,3350.0,3350.0,457.0,213.0,1443.0,0.0
1.0,0.0,1331.0,695.0,930.0,3475.0,3475.0,483.0,212.0,1331.0,0.0
1.0,0.0,748.0,704.0,2041.0,2791.0,2791.0,497.0,207.0,748.0,0.0
1.0,729.0,0.0,695.0,3350.0,0.0,0.0,497.0,198.0,0.0,0.0
1.0,4079.0,63.0,685.0,3475.0,0.0,0.0,497.0,188.0,0.0,63.0
1.0,7491.0,267.0,679.0,2791.0,0.0,0.0,496.0,183.0,0.0,267.0
1.0,10015.0,473.0,673.0,0.0,0.0,0.0,487.0,186.0,0.0,473.0
1.0,9542.0,615.0,667.0,0.0,0.0,0.0,469.0,198.0,0.0,615.0
1.0,8927.0,680.0,653.0,0.0,0.0,0.0,444.0,209.0,112.0,568.0
1.0,8247.0,911.0,646.0,0.0,0.0,0.0,431.0,215.0,607.0,304.0
1.0,7336.0,1084.0,651.0,0.0,0.0,0.0,436.0,215.0,1084.0,0.0
1.0,6252.0,1439.0,678.0,0.0,0.0,0.0,463.0,215.0,1439.0,0.0
1.0,4813.0,1316.0,703.0,0.0,18.0,18.0,489.0,214.0,1316.0,0.0
1.0,3497.0,725.0,713.0,0.0,793.0,793.0,503.0,210.0,725.0,0.0
1.0,2772.0,0.0,704.0,0.0,748.0,748.0,503.0,201.0,0.0,0.0
1.0,2772.0,66.0,694.0,18.0,746.0,746.0,503.0,191.0,0.0,66.0
1.0,2724.0,278.0,687.0,793.0,196.0,196.0,501.0,186.0,0.0,278.0
1.0,3239.0,490.0,679.0,748.0,0.0,0.0,490.0,189.0,0.0,490.0
1.0,3497.0,628.0,670.0,746.0,0.0,0.0,469.0,201.0,0.0,628.0
1.0,3615.0,738.0,658.0,196.0,217.0,217.0,446.0,212.0,187.0,551.0
1.0,3073.0,951.0,651.0,0.0,1133.0,1133.0,434.0,217.0,682.0,269.0
1.0,2122.0,1179.0,660.0,0.0,2357.0,2357.0,443.0,217.0,1179.0,0.0
1.0,943.0,1498.0,689.0,217.0,3445.0,3445.0,472.0,217.0,1498.0,0.0
1.0,0.0,1317.0,713.0,1133.0,3565.0,3565.0,497.0,216.0,1317.0,0.0
1.0,0.0,624.0,720.0,2357.0,2389.0,2389.0,509.0,211.0,624.0,0.0
1.0,1211.0,0.0,712.0,3445.0,0.0,0.0,509.0,203.0,0.0,0.0
1.0,4656.0,91.0,702.0,3565.0,0.0,0.0,509.0,193.0,0.0,91.0
1.0,8130.0,304.0,695.0,2389.0,0.0,0.0,507.0,188.0,0.0,304.0
1.0,10215.0,522.0,688.0,0.0,0.0,0.0,496.0,192.0,0.0,522.0
1.0,9693.0,645.0,681.0,0.0,0.0,0.0,477.0,204.0,0.0,645.0
1.0,9048.0,700.0,668.0,0.0,0.0,0.0,453.0,215.0,149.0,551.0
1.0,8348.0,874.0,660.0,0.0,0.0,0.0,440.0,220.0,631.0,243.0
1.0,7474.0,1115.0,666.0,0.0,0.0,0.0,446.0,220.0,1115.0,0.0
1.0,6359.0,1457.0,694.0,0.0,0.0,0.0,474.0,220.0,1457.0,0.0
1.0,4902.0,1329.0,719.0,0.0,22.0,22.0,500.0,219.0,1329.0,0.0
1.0,3573.0,720.0,728.0,0.0,787.0,787.0,514.0,214.0,720.0,0.0
1.0,2853.0,0.0,720.0,0.0,747.0,747.0,514.0,206.0,0.0,0.0
1.0,2853.0,83.0,710.0,22.0,758.0,758.0,514.0,196.0,0.0,83.0
1.0,2792.0,292.0,703.0,787.0,228.0,228.0,512.0,191.0,0.0,292.0
1.0,3287.0,498.0,694.0,747.0,0.0,0.0,500.0,194.0,0.0,498.0
1.0,3536.0,626.0,686.0,758.0,0.0,0.0,480.0,206.0,0.0,626.0
1.0,3668.0,735.0,671.0,228.0,194.0,194.0,455.0,216.0,186.0,549.0
1.0,3161.0,964.0,665.0,0.0,1128.0,1128.0,444.0,221.0,697.0,267.0
1.0,2197.0,1216.0,674.0,0.0,2389.0,2389.0,453.0,221.0,1216.0,0.0
1.0,981.0,1540.0,704.0,194.0,3520.0,3520.0,483.0,221.0,1540.0,0.0
1.0,0.0,1338.0,729.0,1128.0,3645.0,3645.0,509.0,220.0,1338.0,0.0
1.0,0.0,618.0,736.0,2389.0,2484.0,2484.0,521.0,215.0,618.0,0.0
1.0,1196.0,0.0,727.0,3520.0,0.0,0.0,521.0,206.0,0.0,0.0
1.0,4716.0,110.0,717.0,3645.0,0.0,0.0,521.0,196.0,0.0,110.0
1.0,8251.0,334.0,710.0,2484.0,0.0,0.0,518.0,192.0,0.0,334.0
1.0,10401.0,554.0,704.0,0.0,0.0,0.0,507.0,197.0,0.0,554.0
1.0,9847.0,660.0,696.0,0.0,0.0,0.0,486.0,210.0,0.0,660.0
1.0,9187.0,705.0,682.0,0.0,0.0,0.0,462.0,220.0,163.0,542.0
1.0,8482.0,864.0,673.0,0.0,0.0,0.0,449.0,224.0,665.0,199.0
1.0,7618.0,1168.0,681.0,0.0,0.0,0.0,457.0,224.0,1168.0,0.0
1.0,6450.0,1510.0,710.0,0.0,0.0,0.0,486.0,224.0,1510.0,0.0
1.0,4940.0,1350.0,735.0,0.0,85.0,85.0,512.0,223.0,1350.0,0.0
1.0,3590.0,697.0,743.0,0.0,822.0,822.0,525.0,218.0,697.0,0.0
1.0,2893.0,0.0,733.0,0.0,772.0,772.0,525.0,208.0,0.0,0.0
1.0,2893.0,107.0,724.0,85.0,749.0,749.0,525.0,199.0,0.0,107.0
1.0,2871.0,322.0,717.0,822.0,214.0,214.0,523.0,194.0,0.0,322.0
1.0,3371.0,536.0,710.0,772.0,0.0,0.0,512.0,198.0,0.0,536.0
1.0,3607.0,650.0,702.0,749.0,0.0,0.0,491.0,211.0,0.0,650.0
1.0,3706.0,773.0,689.0,214.0,298.0,298.0,467.0,222.0,218.0,555.0
1.0,3147.0,967.0,682.0,0.0,1230.0,1230.0,456.0,226.0,728.0,239.0
1.0,2180.0,1231.0,692.0,0.0,2511.0,2511.0,466.0,226.0,1231.0,0.0
1.0,949.0,1517.0,721.0,298.0,3605.0,3605.0,495.0,226.0,1517.0,0.0
1.0,0.0,1292.0,745.0,1230.0,3725.0,3725.0,520.0,225.0,1292.0,0.0
1.0,0.0,575.0,751.0,2511.0,2151.0,2151.0,531.0,220.0,575.0,0.0
1.0,1604.0,0.0,741.0,3605.0,0.0,0.0,531.0,210.0,0.0,0.0
1.0,5209.0,102.0,731.0,3725.0,0.0,0.0,531.0,200.0,0.0,102.0
1.0,8832.0,323.0,723.0,2151.0,0.0,0.0,527.0,196.0,0.0,323.0
1.0,10660.0,545.0,715.0,0.0,0.0,0.0,514.0,201.0,0.0,545.0
1.0,10115.0,668.0,705.0,0.0,0.0,0.0,491.0,214.0,0.0,668.0
1.0,9447.0,839.0,693.0,0.0,0.0,0.0,468.0,225.0,280.0,559.0
1.0,8608.0,1005.0,687.0,0.0,0.0,0.0,458.0,229.0,776.0,229.0
1.0,7603.0,1296.0,699.0,0.0,0.0,0.0,470.0,229.0,1296.0,0.0
1.0,6307.0,1546.0,729.0,0.0,0.0,0.0,500.0,229.0,1546.0,0.0
1.0,4761.0,1295.0,752.0,0.0,294.0,294.0,525.0,227.0,1295.0,0.0
1.0,3466.0,511.0,756.0,0.0,825.0,825.0,535.0,221.0,511.0,0.0
1.0,2955.0,0.0,746.0,0.0,775.0,775.0,535.0,211.0,0.0,0.0
1.0,2955.0,107.0,736.0,294.0,538.0,538.0,535.0,201.0,0.0,107.0
1.0,3142.0,326.0,729.0,825.0,4.0,4.0,532.0,197.0,0.0,326.0
1.0,3641.0,549.0,723.0,775.0,0.0,0.0,520.0,203.0,0.0,549.0
1.0,3867.0,668.0,713.0,538.0,0.0,0.0,498.0,215.0,0.0,668.0
1.0,3737.0,831.0,702.0,4.0,600.0,600.0,476.0,226.0,267.0,564.0
1.0,2910.0,1031.0,696.0,0.0,1601.0,1601.0,465.0,231.0,795.0,236.0
1.0,1879.0,1318.0,708.0,0.0,2979.0,2979.0,477.0,231.0,1318.0,0.0
1.0,561.0,1557.0,738.0,600.0,3690.0,3690.0,507.0,231.0,1557.0,0.0
1.0,0.0,1273.0,760.0,1601.0,3800.0,3800.0,531.0,229.0,1273.0,0.0
1.0,0.0,477.0,764.0,2979.0,1386.0,1386.0,540.0,224.0,477.0,0.0
1.0,2434.0,0.0,754.0,3690.0,0.0,0.0,540.0,214.0,0.0,0.0
1.0,6124.0,113.0,744.0,3800.0,0.0,0.0,540.0,204.0,0.0,113.0
1.0,9811.0,344.0,737.0,1386.0,0.0,0.0,537.0,200.0,0.0,344.0
1.0,10853.0,569.0,729.0,0.0,0.0,0.0,523.0,206.0,0.0,569.0
1.0,10284.0,674.0,719.0,0.0,0.0,0.0,500.0,219.0,0.0,674.0
1.0,9610.0,865.0,706.0,0.0,0.0,0.0,476.0,230.0,314.0,551.0
1.0,8745.0,1052.0,701.0,0.0,0.0,0.0,467.0,234.0,844.0,208.0
1.0,7693.0,1378.0,716.0,0.0,0.0,0.0,482.0,234.0,1378.0,0.0
1.0,6315.0,1597.0,746.0,0.0,0.0,0.0,512.0,234.0,1597.0,0.0
1.0,4718.0,1284.0,768.0,0.0,406.0,406.0,537.0,231.0,1284.0,0.0
1.0,3434.0,435.0,770.0,0.0,851.0,851.0,545.0,225.0,435.0,0.0
1.0,2999.0,0.0,759.0,0.0,796.0,796.0,545.0,214.0,0.0,0.0
1.0,2999.0,127.0,749.0,406.0,467.0,467.0,545.0,204.0,0.0,127.0
1.0,3278.0,353.0,742.0,851.0,0.0,0.0,542.0,200.0,0.0,353.0
1.0,3776.0,588.0,737.0,796.0,0.0,0.0,529.0,208.0,0.0,588.0
1.0,3984.0,696.0,728.0,467.0,0.0,0.0,507.0,221.0,0.0,696.0
1.0,3755.0,862.0,715.0,0.0,682.0,682.0,483.0,232.0,287.0,575.0
1.0,2893.0,1033.0,710.0,0.0,1690.0,1690.0,473.0,237.0,816.0,217.0
1.0,1860.0,1333.0,722.0,0.0,3083.0,3083.0,485.0,237.0,1333.0,0.0
1.0,527.0,1571.0,753.0,682.0,3765.0,3765.0,516.0,237.0,1571.0,0.0
1.0,0.0,1294.0,774.0,1690.0,3836.0,3836.0,540.0,234.0,1294.0,0.0
1.0,34.0,500.0,778.0,3083.0,1273.0,1273.0,550.0,228.0,500.0,0.0
1.0,2617.0,0.0,768.0,3765.0,0.0,0.0,550.0,218.0,0.0,0.0
1.0,6382.0,95.0,757.0,3836.0,0.0,0.0,550.0,207.0,0.0,95.0
1.0,10123.0,320.0,749.0,1273.0,0.0,0.0,546.0,203.0,0.0,320.0
1.0,11076.0,545.0,741.0,0.0,0.0,0.0,532.0,209.0,0.0,545.0
1.0,10531.0,678.0,730.0,0.0,0.0,0.0,508.0,222.0,0.0,678.0
1.0,9853.0,931.0,719.0,0.0,0.0,0.0,486.0,233.0,347.0,584.0
1.0,8922.0,1168.0,716.0,0.0,0.0,0.0,478.0,238.0,893.0,275.0
1.0,7754.0,1440.0,733.0,0.0,0.0,0.0,495.0,238.0,1440.0,0.0
1.0,6314.0,1636.0,764.0,0.0,0.0,0.0,526.0,238.0,1636.0,0.0
1.0,4678.0,1290.0,787.0,0.0,547.0,547.0,551.0,236.0,1290.0,0.0
1.0,3388.0,380.0,788.0,0.0,932.0,932.0,558.0,230.0,380.0,0.0
1.0,3008.0,0.0,778.0,0.0,882.0,882.0,558.0,220.0,0.0,0.0
1.0,3008.0,119.0,767.0,547.0,399.0,399.0,558.0,209.0,0.0,119.0
1.0,3436.0,355.0,758.0,932.0,0.0,0.0,553.0,205.0,0.0,355.0
1.0,4013.0,593.0,750.0,882.0,0.0,0.0,538.0,212.0,0.0,593.0
1.0,4302.0,706.0,739.0,399.0,0.0,0.0,513.0,226.0,0.0,706.0
1.0,3995.0,896.0,726.0,0.0,531.0,531.0,489.0,237.0,320.0,576.0
1.0,3099.0,1054.0,722.0,0.0,1565.0,1565.0,481.0,241.0,843.0,211.0
1.0,2045.0,1376.0,738.0,0.0,3021.0,3021.0,497.0,241.0,1376.0,0.0
1.0,669.0,1594.0,769.0,531.0,3845.0,3845.0,528.0,241.0,1594.0,0.0
1.0,0.0,1300.0,792.0,1565.0,3960.0,3960.0,553.0,239.0,1300.0,0.0
1.0,0.0,470.0,794.0,3021.0,1548.0,1548.0,562.0,232.0,470.0,0.0
1.0,2422.0,0.0,784.0,3845.0,0.0,0.0,562.0,222.0,0.0,0.0
1.0,6267.0,131.0,774.0,3960.0,0.0,0.0,562.0,212.0,0.0,131.0
1.0,10096.0,365.0,765.0,1548.0,0.0,0.0,557.0,208.0,0.0,365.0
1.0,11279.0,593.0,757.0,0.0,0.0,0.0,542.0,215.0,0.0,593.0
1.0,10686.0,697.0,744.0,0.0,0.0,0.0,516.0,228.0,0.0,697.0
1.0,9989.0,925.0,732.0,0.0,0.0,0.0,493.0,239.0,359.0,566.0
1.0,9064.0,1128.0,729.0,0.0,0.0,0.0,486.0,243.0,913.0,215.0
1.0,7936.0,1470.0,748.0,0.0,0.0,0.0,505.0,243.0,1470.0,0.0
1.0,6466.0,1648.0,780.0,0.0,0.0,0.0,537.0,243.0,1648.0,0.0
1.0,4818.0,1268.0,803.0,0.0,465.0,465.0,562.0,241.0,1268.0,0.0
1.0,3550.0,355.0,802.0,0.0,815.0,815.0,568.0,234.0,355.0,0.0
1.0,3195.0,0.0,791.0,0.0,760.0,760.0,568.0,223.0,0.0,0.0
1.0,3195.0,145.0,781.0,465.0,390.0,390.0,568.0,213.0,0.0,145.0
1.0,3515.0,379.0,772.0,815.0,0.0,0.0,562.0,210.0,0.0,379.0
1.0,3951.0,617.0,764.0,760.0,0.0,0.0,546.0,218.0,0.0,617.0
1.0,4094.0,705.0,751.0,390.0,0.0,0.0,520.0,231.0,0.0,705.0
1.0,3779.0,944.0,738.0,0.0,855.0,855.0,496.0,242.0,384.0,560.0
1.0,2835.0,1105.0,734.0,0.0,1940.0,1940.0,489.0,245.0,926.0,179.0
1.0,1730.0,1469.0,754.0,0.0,3509.0,3509.0,509.0,245.0,1469.0,0.0
1.0,261.0,1647.0,786.0,855.0,3930.0,3930.0,541.0,245.0,1647.0,0.0
1.0,0.0,1286.0,809.0,1940.0,3922.0,3922.0,566.0,243.0,1286.0,0.0
1.0,123.0,383.0,809.0,3509.0,796.0,796.0,573.0,236.0,383.0,0.0
1.0,3249.0,0.0,798.0,3930.0,0.0,0.0,573.0,225.0,0.0,0.0
1.0,7179.0,169.0,788.0,3922.0,0.0,0.0,573.0,215.0,0.0,169.0
1.0,10932.0,402.0,779.0,796.0,0.0,0.0,568.0,211.0,0.0,402.0
1.0,11326.0,642.0,772.0,0.0,0.0,0.0,552.0,220.0,0.0,642.0
1.0,10684.0,715.0,759.0,0.0,0.0,0.0,526.0,233.0,0.0,715.0
1.0,9969.0,929.0,747.0,0.0,0.0,0.0,503.0,244.0,369.0,560.0
1.0,9040.0,1072.0,743.0,0.0,0.0,0.0,496.0,247.0,913.0,159.0
1.0,7968.0,1479.0,762.0,0.0,0.0,0.0,515.0,247.0,1479.0,0.0
1.0,6489.0,1665.0,794.0,0.0,0.0,0.0,547.0,247.0,1665.0,0.0
1.0,4824.0,1306.0,817.0,0.0,567.0,567.0,572.0,245.0,1306.0,0.0
1.0,3518.0,394.0,818.0,0.0,966.0,966.0,579.0,239.0,394.0,0.0
1.0,3124.0,0.0,808.0,0.0,916.0,916.0,579.0,229.0,0.0,0.0
1.0,3124.0,155.0,798.0,567.0,454.0,454.0,579.0,219.0,0.0,155.0
1.0,3536.0,400.0,788.0,966.0,0.0,0.0,573.0,215.0,0.0,400.0
1.0,4102.0,640.0,777.0,916.0,0.0,0.0,555.0,222.0,0.0,640.0
1.0,4378.0,720.0,764.0,454.0,0.0,0.0,528.0,236.0,0.0,720.0
1.0,4112.0,920.0,750.0,0.0,558.0,558.0,503.0,247.0,363.0,557.0
1.0,3192.0,1081.0,746.0,0.0,1619.0,1619.0,496.0,250.0,926.0,155.0
1.0,2111.0,1508.0,768.0,0.0,3237.0,3237.0,518.0,250.0,1508.0,0.0
1.0,603.0,1722.0,801.0,558.0,4005.0,4005.0,551.0,250.0,1722.0,0.0
1.0,0.0,1364.0,824.0,1619.0,4120.0,4120.0,577.0,247.0,1364.0,0.0
1.0,0.0,411.0,826.0,3237.0,1610.0,1610.0,585.0,241.0,411.0,0.0
1.0,2520.0,0.0,814.0,4005.0,0.0,0.0,585.0,229.0,0.0,0.0
1.0,6525.0,173.0,804.0,4120.0,0.0,0.0,585.0,219.0,0.0,173.0
1.0,10472.0,421.0,795.0,1610.0,0.0,0.0,579.0,216.0,0.0,421.0
1.0,11661.0,667.0,788.0,0.0,0.0,0.0,563.0,225.0,0.0,667.0
1.0,10994.0,739.0,775.0,0.0,0.0,0.0,536.0,239.0,0.0,739.0
1.0,10255.0,881.0,762.0,0.0,0.0,0.0,512.0,250.0,321.0,560.0
1.0,9374.0,1019.0,756.0,0.0,0.0,0.0,504.0,252.0,888.0,131.0
1.0,8355.0,1447.0,775.0,0.0,0.0,0.0,523.0,252.0,1447.0,0.0
1.0,6908.0,1684.0,807.0,0.0,0.0,0.0,555.0,252.0,1684.0,0.0
1.0,5224.0,1362.0,831.0,0.0,293.0,293.0,581.0,250.0,1362.0,0.0
1.0,3862.0,499.0,834.0,0.0,807.0,807.0,591.0,243.0,499.0,0.0
1.0,3363.0,0.0,822.0,0.0,747.0,747.0,591.0,231.0,0.0,0.0
1.0,3363.0,175.0,812.0,293.0,579.0,579.0,591.0,221.0,0.0,175.0
1.0,3481.0,417.0,802.0,807.0,139.0,139.0,584.0,218.0,0.0,417.0
1.0,3871.0,655.0,793.0,747.0,2.0,2.0,566.0,227.0,0.0,655.0
1.0,3963.0,717.0,779.0,579.0,70.0,70.0,538.0,241.0,0.0,717.0
1.0,3825.0,920.0,765.0,139.0,781.0,781.0,514.0,251.0,377.0,543.0
1.0,3044.0,1095.0,762.0,2.0,1859.0,1859.0,508.0,254.0,962.0,133.0
1.0,1951.0,1542.0,785.0,70.0,3446.0,3446.0,531.0,254.0,1542.0,0.0
1.0,479.0,1741.0,818.0,781.0,4090.0,4090.0,564.0,254.0,1741.0,0.0
1.0,0.0,1348.0,841.0,1859.0,4175.0,4175.0,590.0,251.0,1348.0,0.0
1.0,30.0,373.0,841.0,3446.0,1102.0,1102.0,597.0,244.0,373.0,0.0
1.0,3103.0,0.0,829.0,4090.0,0.0,0.0,597.0,232.0,0.0,0.0
1.0,7193.0,222.0,819.0,4175.0,0.0,0.0,597.0,222.0,0.0,222.0
1.0,11146.0,468.0,811.0,1102.0,0.0,0.0,590.0,221.0,0.0,468.0
1.0,11780.0,719.0,803.0,0.0,0.0,0.0,572.0,231.0,0.0,719.0
1.0,11061.0,744.0,789.0,0.0,0.0,0.0,544.0,245.0,0.0,744.0
1.0,10317.0,897.0,774.0,0.0,0.0,0.0,519.0,255.0,375.0,522.0
1.0,9420.0,983.0,769.0,0.0,0.0,0.0,513.0,256.0,935.0,48.0
1.0,8437.0,1503.0,790.0,0.0,0.0,0.0,534.0,256.0,1503.0,0.0
1.0,6934.0,1722.0,823.0,0.0,0.0,0.0,567.0,256.0,1722.0,0.0
1.0,5212.0,1382.0,847.0,0.0,405.0,405.0,594.0,253.0,1382.0,0.0
1.0,3830.0,467.0,848.0,0.0,877.0,877.0,603.0,245.0,467.0,0.0
1.0,3363.0,0.0,836.0,0.0,817.0,817.0,603.0,233.0,0.0,0.0
1.0,3363.0,226.0,827.0,405.0,593.0,593.0,603.0,224.0,0.0,226.0
1.0,3542.0,468.0,818.0,877.0,139.0,139.0,596.0,222.0,0.0,468.0
1.0,3951.0,716.0,811.0,817.0,3.0,3.0,578.0,233.0,0.0,716.0
1.0,4052.0,739.0,797.0,593.0,79.0,79.0,550.0,247.0,0.0,739.0
1.0,3906.0,886.0,782.0,139.0,751.0,751.0,525.0,257.0,362.0,524.0
1.0,3159.0,1022.0,776.0,3.0,1740.0,1740.0,518.0,258.0,956.0,66.0
1.0,2140.0,1551.0,798.0,79.0,3322.0,3322.0,540.0,258.0,1551.0,0.0
1.0,668.0,1777.0,832.0,751.0,4160.0,4160.0,574.0,258.0,1777.0,0.0
1.0,0.0,1394.0,856.0,1740.0,4280.0,4280.0,601.0,255.0,1394.0,0.0
1.0,0.0,407.0,856.0,3322.0,1377.0,1377.0,609.0,247.0,407.0,0.0
1.0,2903.0,0.0,844.0,4160.0,0.0,0.0,609.0,235.0,0.0,0.0
1.0,7063.0,230.0,835.0,4280.0,0.0,0.0,609.0,226.0,0.0,230.0
1.0,11113.0,482.0,826.0,1377.0,0.0,0.0,602.0,224.0,0.0,482.0
1.0,12008.0,736.0,819.0,0.0,0.0,0.0,584.0,235.0,0.0,736.0
1.0,11272.0,756.0,805.0,0.0,0.0,0.0,555.0,250.0,0.0,756.0
1.0,10516.0,871.0,789.0,0.0,0.0,0.0,529.0,260.0,345.0,526.0
1.0,9645.0,957.0,781.0,0.0,0.0,0.0,520.0,261.0,923.0,34.0
1.0,8688.0,1511.0,802.0,0.0,0.0,0.0,541.0,261.0,1511.0,0.0
1.0,7177.0,1760.0,836.0,0.0,0.0,0.0,575.0,261.0,1760.0,0.0
1.0,5417.0,1433.0,860.0,0.0,316.0,316.0,603.0,257.0,1433.0,0.0
1.0,3984.0,514.0,862.0,0.0,840.0,840.0,613.0,249.0,514.0,0.0
1.0,3470.0,0.0,849.0,0.0,775.0,775.0,613.0,236.0,0.0,0.0
1.0,3470.0,234.0,840.0,316.0,648.0,648.0,613.0,227.0,0.0,234.0
1.0,3552.0,485.0,832.0,840.0,253.0,253.0,607.0,225.0,0.0,485.0
1.0,3907.0,739.0,826.0,775.0,187.0,187.0,589.0,237.0,0.0,739.0
1.0,3943.0,765.0,814.0,648.0,244.0,244.0,562.0,252.0,0.0,765.0
1.0,3826.0,892.0,798.0,253.0,803.0,803.0,536.0,262.0,359.0,533.0
1.0,3187.0,1001.0,791.0,187.0,1582.0,1582.0,528.0,263.0,953.0,48.0
1.0,2373.0,1535.0,811.0,244.0,2973.0,2973.0,548.0,263.0,1535.0,0.0
1.0,1082.0,1756.0,845.0,803.0,4096.0,4096.0,582.0,263.0,1756.0,0.0
1.0,129.0,1398.0,869.0,1582.0,4032.0,4032.0,609.0,260.0,1398.0,0.0
1.0,313.0,456.0,870.0,2973.0,1520.0,1520.0,618.0,252.0,456.0,0.0
1.0,2830.0,0.0,857.0,4096.0,0.0,0.0,618.0,239.0,0.0,0.0
1.0,6926.0,236.0,848.0,4032.0,0.0,0.0,618.0,230.0,0.0,236.0
1.0,10722.0,495.0,839.0,1520.0,0.0,0.0,610.0,229.0,0.0,495.0
1.0,11747.0,746.0,833.0,0.0,0.0,0.0,592.0,241.0,0.0,746.0
1.0,11001.0,756.0,817.0,0.0,0.0,0.0,562.0,255.0,0.0,756.0
1.0,10245.0,959.0,802.0,0.0,0.0,0.0,537.0,265.0,446.0,513.0
1.0,9286.0,1069.0,797.0,0.0,0.0,0.0,532.0,265.0,1046.0,23.0
1.0,8217.0,1649.0,821.0,0.0,0.0,0.0,556.0,265.0,1649.0,0.0
1.0,6568.0,1819.0,856.0,0.0,0.0,0.0,591.0,265.0,1819.0,0.0
1.0,4749.0,1390.0,879.0,0.0,1036.0,1036.0,618.0,261.0,1390.0,0.0
1.0,3359.0,346.0,876.0,0.0,1367.0,1367.0,624.0,252.0,346.0,0.0
1.0,3013.0,26.0,863.0,0.0,1328.0,1328.0,624.0,239.0,0.0,26.0
1.0,2987.0,278.0,854.0,1036.0,525.0,525.0,624.0,230.0,0.0,278.0
1.0,3745.0,534.0,847.0,1367.0,0.0,0.0,617.0,230.0,0.0,534.0
1.0,4578.0,775.0,843.0,1328.0,0.0,0.0,599.0,244.0,0.0,775.0
1.0,5131.0,761.0,829.0,525.0,0.0,0.0,570.0,259.0,0.0,761.0
1.0,4895.0,907.0,813.0,0.0,77.0,77.0,545.0,268.0,420.0,487.0
1.0,3988.0,1016.0,806.0,0.0,1058.0,1058.0,538.0,268.0,1016.0,0.0
1.0,2972.0,1616.0,828.0,0.0,2784.0,2784.0,560.0,268.0,1616.0,0.0
1.0,1356.0,1802.0,863.0,77.0,4315.0,4315.0,595.0,268.0,1802.0,0.0
1.0,0.0,1385.0,886.0,1058.0,4430.0,4430.0,622.0,264.0,1385.0,0.0
1.0,0.0,380.0,884.0,2784.0,2712.0,2712.0,629.0,255.0,380.0,0.0
1.0,1708.0,20.0,870.0,4315.0,0.0,0.0,629.0,241.0,0.0,20.0
1.0,6003.0,284.0,862.0,4430.0,0.0,0.0,629.0,233.0,0.0,284.0
1.0,10149.0,539.0,855.0,2712.0,0.0,0.0,622.0,233.0,0.0,539.0
1.0,12322.0,776.0,850.0,0.0,0.0,0.0,604.0,246.0,0.0,776.0
1.0,11546.0,751.0,835.0,0.0,0.0,0.0,574.0,261.0,0.0,751.0
1.0,10795.0,926.0,818.0,0.0,0.0,0.0,548.0,270.0,454.0,472.0
1.0,9869.0,1074.0,812.0,0.0,0.0,0.0,542.0,270.0,1074.0,0.0
1.0,8795.0,1700.0,837.0,0.0,0.0,0.0,567.0,270.0,1700.0,0.0
1.0,7095.0,1865.0,873.0,0.0,0.0,0.0,603.0,270.0,1865.0,0.0
1.0,5230.0,1392.0,896.0,0.0,642.0,642.0,630.0,266.0,1392.0,0.0
1.0,3838.0,291.0,891.0,0.0,908.0,908.0,635.0,256.0,291.0,0.0
1.0,3547.0,38.0,878.0,0.0,881.0,881.0,635.0,243.0,0.0,38.0
1.0,3509.0,297.0,869.0,642.0,491.0,491.0,635.0,234.0,0.0,297.0
1.0,3854.0,561.0,864.0,908.0,119.0,119.0,629.0,235.0,0.0,561.0
1.0,4201.0,790.0,860.0,881.0,8.0,8.0,611.0,249.0,0.0,790.0
1.0,4292.0,761.0,846.0,491.0,208.0,208.0,582.0,264.0,0.0,761.0
1.0,4022.0,885.0,829.0,119.0,889.0,889.0,556.0,273.0,429.0,456.0
1.0,3256.0,1029.0,821.0,8.0,1870.0,1870.0,548.0,273.0,1029.0,0.0
1.0,2235.0,1630.0,843.0,208.0,3402.0,3402.0,570.0,273.0,1630.0,0.0
1.0,813.0,1808.0,878.0,889.0,4390.0,4390.0,605.0,273.0,1808.0,0.0
1.0,0.0,1397.0,900.0,1870.0,4133.0,4133.0,632.0,268.0,1397.0,0.0
1.0,367.0,392.0,898.0,3402.0,1113.0,1113.0,639.0,259.0,392.0,0.0
1.0,3377.0,35.0,884.0,4390.0,0.0,0.0,639.0,245.0,0.0,35.0
1.0,7732.0,296.0,875.0,4133.0,0.0,0.0,639.0,236.0,0.0,296.0
1.0,11569.0,554.0,869.0,1113.0,0.0,0.0,632.0,237.0,0.0,554.0
1.0,12128.0,775.0,865.0,0.0,0.0,0.0,614.0,251.0,0.0,775.0
1.0,11353.0,745.0,849.0,0.0,0.0,0.0,584.0,265.0,0.0,745.0
1.0,10608.0,939.0,834.0,0.0,0.0,0.0,560.0,274.0,479.0,460.0
1.0,9669.0,1099.0,828.0,0.0,0.0,0.0,554.0,274.0,1099.0,0.0
1.0,8570.0,1720.0,852.0,0.0,0.0,0.0,578.0,274.0,1720.0,0.0
1.0,6850.0,1854.0,888.0,0.0,0.0,0.0,614.0,274.0,1854.0,0.0
1.0,4996.0,1367.0,909.0,0.0,916.0,916.0,640.0,269.0,1367.0,0.0
1.0,3629.0,257.0,905.0,0.0,1153.0,1153.0,645.0,260.0,257.0,0.0
1.0,3372.0,78.0,892.0,0.0,1166.0,1166.0,645.0,247.0,0.0,78.0
1.0,3294.0,348.0,884.0,916.0,558.0,558.0,645.0,239.0,0.0,348.0
1.0,3862.0,620.0,878.0,1153.0,0.0,0.0,637.0,241.0,0.0,620.0
1.0,4395.0,810.0,873.0,1166.0,0.0,0.0,617.0,256.0,0.0,810.0
1.0,4751.0,724.0,855.0,558.0,0.0,0.0,585.0,270.0,0.0,724.0
1.0,4585.0,864.0,836.0,0.0,459.0,459.0,559.0,277.0,501.0,363.0
1.0,3721.0,1112.0,831.0,0.0,1546.0,1546.0,554.0,277.0,1112.0,0.0
1.0,2609.0,1745.0,858.0,0.0,3426.0,3426.0,581.0,277.0,1745.0,0.0
1.0,864.0,1885.0,894.0,459.0,4470.0,4470.0,617.0,277.0,1885.0,0.0
1.0,0.0,1409.0,915.0,1546.0,4575.0,4575.0,644.0,271.0,1409.0,0.0
1.0,0.0,284.0,911.0,3426.0,1838.0,1838.0,650.0,261.0,284.0,0.0
1.0,2717.0,81.0,898.0,4470.0,0.0,0.0,650.0,248.0,0.0,81.0
1.0,7106.0,344.0,890.0,4575.0,0.0,0.0,650.0,240.0,0.0,344.0
1.0,11337.0,609.0,884.0,1838.0,0.0,0.0,642.0,242.0,0.0,609.0
1.0,12566.0,800.0,879.0,0.0,0.0,0.0,622.0,257.0,0.0,800.0
1.0,11766.0,733.0,863.0,0.0,0.0,0.0,591.0,272.0,0.0,733.0
1.0,11033.0,862.0,844.0,0.0,0.0,0.0,565.0,279.0,464.0,398.0
1.0,10171.0,1113.0,839.0,0.0,0.0,0.0,560.0,279.0,1113.0,0.0
1.0,9058.0,1741.0,865.0,0.0,0.0,0.0,586.0,279.0,1741.0,0.0
1.0,7317.0,1899.0,902.0,0.0,0.0,0.0,623.0,279.0,1899.0,0.0
1.0,5418.0,1403.0,923.0,0.0,600.0,600.0,650.0,273.0,1403.0,0.0
1.0,4015.0,303.0,919.0,0.0,883.0,883.0,656.0,263.0,303.0,0.0
1.0,3712.0,91.0,906.0,0.0,909.0,909.0,656.0,250.0,0.0,91.0
1.0,3621.0,363.0,898.0,600.0,632.0,632.0,656.0,242.0,0.0,363.0
1.0,3858.0,634.0,892.0,883.0,353.0,353.0,647.0,245.0,0.0,634.0
1.0,4107.0,814.0,887.0,909.0,233.0,233.0,626.0,261.0,0.0,814.0
1.0,4202.0,719.0,869.0,632.0,230.0,230.0,594.0,275.0,0.0,719.0
1.0,4115.0,850.0,849.0,353.0,627.0,627.0,567.0,282.0,497.0,353.0
1.0,3618.0,1128.0,844.0,233.0,1497.0,1497.0,562.0,282.0,1128.0,0.0
1.0,2723.0,1766.0,873.0,230.0,3178.0,3178.0,591.0,282.0,1766.0,0.0
1.0,1187.0,1908.0,908.0,627.0,4540.0,4540.0,627.0,281.0,1908.0,0.0
1.0,0.0,1415.0,929.0,1497.0,4645.0,4645.0,654.0,275.0,1415.0,0.0
1.0,0.0,286.0,924.0,3178.0,1740.0,1740.0,660.0,264.0,286.0,0.0
1.0,2880.0,113.0,911.0,4540.0,0.0,0.0,660.0,251.0,0.0,113.0
1.0,7307.0,387.0,904.0,4645.0,0.0,0.0,660.0,244.0,0.0,387.0
1.0,11565.0,656.0,900.0,1740.0,0.0,0.0,652.0,248.0,0.0,656.0
1.0,12649.0,826.0,896.0,0.0,0.0,0.0,632.0,264.0,0.0,826.0
1.0,11823.0,716.0,879.0,0.0,0.0,0.0,601.0,278.0,0.0,716.0
1.0,11107.0,836.0,860.0,0.0,0.0,0.0,576.0,284.0,505.0,331.0
1.0,10271.0,1147.0,855.0,0.0,0.0,0.0,571.0,284.0,1147.0,0.0
1.0,9124.0,1769.0,881.0,0.0,0.0,0.0,597.0,284.0,1769.0,0.0
1.0,7355.0,1897.0,917.0,0.0,0.0,0.0,634.0,283.0,1897.0,0.0
1.0,5458.0,1396.0,939.0,0.0,633.0,633.0,661.0,278.0,1396.0,0.0
1.0,4062.0,274.0,933.0,0.0,877.0,877.0,666.0,267.0,274.0,0.0
1.0,3788.0,99.0,920.0,0.0,911.0,911.0,666.0,254.0,0.0,99.0
1.0,3689.0,380.0,913.0,633.0,623.0,623.0,666.0,247.0,0.0,380.0
1.0,3942.0,652.0,908.0,877.0,373.0,373.0,657.0,251.0,0.0,652.0
1.0,4167.0,821.0,902.0,911.0,253.0,253.0,635.0,267.0,0.0,821.0
1.0,4257.0,710.0,882.0,623.0,240.0,240.0,602.0,280.0,0.0,710.0
1.0,4170.0,887.0,864.0,373.0,664.0,664.0,577.0,287.0,557.0,330.0
1.0,3656.0,1208.0,861.0,253.0,1604.0,1604.0,574.0,287.0,1208.0,0.0
1.0,2701.0,1876.0,893.0,240.0,3400.0,3400.0,606.0,287.0,1876.0,0.0
1.0,1065.0,1972.0,928.0,664.0,4640.0,4640.0,643.0,285.0,1972.0,0.0
1.0,0.0,1396.0,948.0,1604.0,4740.0,4740.0,670.0,278.0,1396.0,0.0
1.0,0.0,154.0,939.0,3400.0,1484.0,1484.0,673.0,266.0,154.0,0.0
1.0,3211.0,129.0,926.0,4640.0,0.0,0.0,673.0,253.0,0.0,129.0
1.0,7722.0,404.0,920.0,4740.0,0.0,0.0,673.0,247.0,0.0,404.0
1.0,12058.0,688.0,917.0,1484.0,0.0,0.0,664.0,253.0,0.0,688.0
1.0,12854.0,839.0,912.0,0.0,0.0,0.0,642.0,270.0,0.0,839.0
1.0,12015.0,710.0,892.0,0.0,0.0,0.0,609.0,283.0,0.0,710.0
1.0,11305.0,814.0,871.0,0.0,0.0,0.0,582.0,289.0,515.0,299.0
1.0,10491.0,1153.0,866.0,0.0,0.0,0.0,577.0,289.0,1153.0,0.0
1.0,9338.0,1797.0,896.0,0.0,0.0,0.0,607.0,289.0,1797.0,0.0
1.0,7541.0,1927.0,931.0,0.0,0.0,0.0,644.0,287.0,1927.0,0.0
1.0,5614.0,1423.0,952.0,0.0,569.0,569.0,671.0,281.0,1423.0,0.0
1.0,4191.0,297.0,946.0,0.0,836.0,836.0,677.0,269.0,297.0,0.0
1.0,3894.0,129.0,933.0,0.0,900.0,900.0,677.0,256.0,0.0,129.0
1.0,3765.0,400.0,927.0,569.0,701.0,701.0,677.0,250.0,0.0,400.0
1.0,3934.0,671.0,923.0,836.0,516.0,516.0,668.0,255.0,0.0,671.0
1.0,4099.0,815.0,917.0,900.0,401.0,401.0,646.0,271.0,0.0,815.0
1.0,4184.0,698.0,897.0,701.0,298.0,298.0,613.0,284.0,0.0,698.0
1.0,4187.0,887.0,877.0,516.0,569.0,569.0,587.0,290.0,574.0,313.0
1.0,3816.0,1247.0,874.0,401.0,1400.0,1400.0,584.0,290.0,1247.0,0.0
1.0,2970.0,1898.0,905.0,298.0,3155.0,3155.0,615.0,290.0,1898.0,0.0
1.0,1370.0,1979.0,941.0,569.0,4705.0,4705.0,653.0,288.0,1979.0,0.0
1.0,0.0,1384.0,961.0,1400.0,4805.0,4805.0,680.0,281.0,1384.0,0.0
1.0,0.0,131.0,951.0,3155.0,1755.0,1755.0,682.0,269.0,131.0,0.0
1.0,3000.0,174.0,939.0,4705.0,0.0,0.0,682.0,257.0,0.0,174.0
1.0,7531.0,453.0,934.0,4805.0,0.0,0.0,682.0,252.0,0.0,453.0
1.0,11883.0,741.0,932.0,1755.0,0.0,0.0,673.0,259.0,0.0,741.0
1.0,12897.0,859.0,927.0,0.0,0.0,0.0,651.0,276.0,0.0,859.0
1.0,12038.0,687.0,906.0,0.0,0.0,0.0,617.0,289.0,0.0,687.0
1.0,11351.0,835.0,885.0,0.0,0.0,0.0,592.0,293.0,612.0,223.0
1.0,10516.0,1261.0,882.0,0.0,0.0,0.0,589.0,293.0,1261.0,0.0
1.0,9255.0,1916.0,913.0,0.0,0.0,0.0,620.0,293.0,1916.0,0.0
1.0,7339.0,1990.0,950.0,0.0,0.0,0.0,659.0,291.0,1990.0,0.0
1.0,5349.0,1408.0,970.0,0.0,909.0,909.0,686.0,284.0,1408.0,0.0
1.0,3941.0,160.0,960.0,0.0,1019.0,1019.0,689.0,271.0,160.0,0.0
1.0,3781.0,152.0,947.0,0.0,1106.0,1106.0,689.0,258.0,0.0,152.0
1.0,3629.0,435.0,942.0,909.0,607.0,607.0,689.0,253.0,0.0,435.0
1.0,4103.0,721.0,939.0,1019.0,294.0,294.0,679.0,260.0,0.0,721.0
1.0,4401.0,852.0,934.0,1106.0,15.0,15.0,657.0,277.0,0.0,852.0
1.0,4655.0,703.0,913.0,607.0,6.0,6.0,623.0,290.0,0.0,703.0
1.0,4559.0,842.0,893.0,294.0,454.0,454.0,598.0,295.0,576.0,266.0
1.0,4011.0,1243.0,890.0,15.0,1667.0,1667.0,595.0,295.0,1243.0,0.0
1.0,2783.0,1909.0,921.0,6.0,3725.0,3725.0,626.0,295.0,1909.0,0.0
1.0,880.0,1994.0,958.0,454.0,4790.0,4790.0,665.0,293.0,1994.0,0.0
1.0,0.0,1415.0,978.0,1667.0,4890.0,4890.0,692.0,286.0,1415.0,0.0
1.0,0.0,174.0,969.0,3725.0,1702.0,1702.0,695.0,274.0,174.0,0.0
1.0,3143.0,156.0,956.0,4790.0,0.0,0.0,695.0,261.0,0.0,156.0
1.0,7777.0,446.0,951.0,4890.0,0.0,0.0,695.0,256.0,0.0,446.0
1.0,12221.0,731.0,947.0,1702.0,0.0,0.0,684.0,263.0,0.0,731.0
1.0,13192.0,863.0,941.0,0.0,0.0,0.0,661.0,280.0,0.0,863.0
1.0,12329.0,704.0,918.0,0.0,0.0,0.0,625.0,293.0,0.0,704.0
1.0,11625.0,856.0,897.0,0.0,0.0,0.0,599.0,298.0,601.0,255.0
1.0,10769.0,1273.0,894.0,0.0,0.0,0.0,596.0,298.0,1273.0,0.0
1.0,9496.0,1960.0,929.0,0.0,0.0,0.0,631.0,298.0,1960.0,0.0
1.0,7536.0,2044.0,966.0,0.0,0.0,0.0,670.0,296.0,2044.0,0.0
1.0,5492.0,1446.0,986.0,0.0,884.0,884.0,698.0,288.0,1446.0,0.0
1.0,4046.0,156.0,976.0,0.0,990.0,990.0,701.0,275.0,156.0,0.0
1.0,3890.0,171.0,963.0,0.0,1096.0,1096.0,701.0,262.0,0.0,171.0
1.0,3719.0,453.0,958.0,884.0,640.0,640.0,701.0,257.0,0.0,453.0
1.0,4150.0,741.0,957.0,990.0,386.0,386.0,691.0,266.0,0.0,741.0
1.0,4399.0,865.0,951.0,1096.0,125.0,125.0,669.0,282.0,0.0,865.0
1.0,4630.0,699.0,931.0,640.0,84.0,84.0,635.0,296.0,0.0,699.0
1.0,4571.0,830.0,909.0,386.0,418.0,418.0,609.0,300.0,582.0,248.0
1.0,4127.0,1257.0,906.0,125.0,1535.0,1535.0,606.0,300.0,1257.0,0.0
1.0,2995.0,1920.0,937.0,84.0,3526.0,3526.0,637.0,300.0,1920.0,0.0
1.0,1159.0,2000.0,973.0,418.0,4865.0,4865.0,675.0,298.0,2000.0,0.0
1.0,0.0,1426.0,993.0,1535.0,4965.0,4965.0,703.0,290.0,1426.0,0.0
1.0,0.0,198.0,983.0,3526.0,1901.0,1901.0,706.0,277.0,198.0,0.0
1.0,3014.0,169.0,971.0,4865.0,0.0,0.0,706.0,265.0,0.0,169.0
1.0,7710.0,464.0,966.0,4965.0,0.0,0.0,706.0,260.0,0.0,464.0
1.0,12211.0,752.0,964.0,1901.0,0.0,0.0,695.0,269.0,0.0,752.0
1.0,13360.0,873.0,957.0,0.0,0.0,0.0,671.0,286.0,0.0,873.0
1.0,12487.0,697.0,934.0,0.0,0.0,0.0,635.0,299.0,0.0,697.0
1.0,11790.0,860.0,913.0,0.0,0.0,0.0,609.0,304.0,626.0,234.0
1.0,10930.0,1316.0,912.0,0.0,0.0,0.0,608.0,304.0,1316.0,0.0
1.0,9614.0,2007.0,948.0,0.0,0.0,0.0,644.0,304.0,2007.0,0.0
1.0,7607.0,2072.0,984.0,0.0,0.0,0.0,684.0,300.0,2072.0,0.0
1.0,5535.0,1431.0,1003.0,0.0,911.0,911.0,711.0,292.0,1431.0,0.0
1.0,4104.0,93.0,990.0,0.0,939.0,939.0,713.0,277.0,93.0,0.0
1.0,4011.0,176.0,977.0,0.0,1050.0,1050.0,713.0,264.0,0.0,176.0
1.0,3835.0,465.0,973.0,911.0,584.0,584.0,713.0,260.0,0.0,465.0
1.0,4281.0,768.0,971.0,939.0,403.0,403.0,701.0,270.0,0.0,768.0
1.0,4452.0,889.0,964.0,1050.0,207.0,207.0,677.0,287.0,0.0,889.0
1.0,4613.0,720.0,941.0,584.0,228.0,228.0,640.0,301.0,0.0,720.0
1.0,4477.0,848.0,919.0,403.0,563.0,563.0,613.0,306.0,598.0,250.0
1.0,4032.0,1266.0,916.0,207.0,1607.0,1607.0,610.0,306.0,1266.0,0.0
1.0,2973.0,1945.0,951.0,228.0,3499.0,3499.0,645.0,306.0,1945.0,0.0
1.0,1256.0,2043.0,987.0,563.0,4935.0,4935.0,684.0,303.0,2043.0,0.0
1.0,0.0,1476.0,1007.0,1607.0,5035.0,5035.0,712.0,295.0,1476.0,0.0
1.0,0.0,225.0,998.0,3499.0,1809.0,1809.0,717.0,281.0,225.0,0.0
1.0,3181.0,148.0,984.0,4935.0,0.0,0.0,717.0,267.0,0.0,148.0
1.0,7968.0,440.0,979.0,5035.0,0.0,0.0,717.0,262.0,0.0,440.0
1.0,12563.0,734.0,977.0,1809.0,0.0,0.0,706.0,271.0,0.0,734.0
1.0,13638.0,878.0,970.0,0.0,0.0,0.0,682.0,288.0,0.0,878.0
1.0,12760.0,731.0,947.0,0.0,0.0,0.0,645.0,302.0,0.0,731.0
1.0,12029.0,916.0,927.0,0.0,0.0,0.0,619.0,308.0,622.0,294.0
1.0,11113.0,1332.0,925.0,0.0,0.0,0.0,617.0,308.0,1332.0,0.0
1.0,9781.0,2022.0,961.0,0.0,0.0,0.0,653.0,308.0,2022.0,0.0
1.0,7759.0,2092.0,998.0,0.0,0.0,0.0,693.0,305.0,2092.0,0.0
1.0,5667.0,1429.0,1016.0,0.0,842.0,842.0,720.0,296.0,1429.0,0.0
1.0,4238.0,93.0,1004.0,0.0,875.0,875.0,722.0,282.0,93.0,0.0
1.0,4145.0,157.0,991.0,0.0,967.0,967.0,722.0,269.0,0.0,157.0
1.0,3988.0,461.0,986.0,842.0,561.0,561.0,722.0,264.0,0.0,461.0
1.0,4369.0,760.0,985.0,875.0,441.0,441.0,711.0,274.0,0.0,760.0
1.0,4484.0,901.0,977.0,967.0,335.0,335.0,686.0,291.0,0.0,901.0
1.0,4550.0,732.0,953.0,561.0,386.0,386.0,648.0,305.0,0.0,732.0
1.0,4379.0,896.0,931.0,441.0,731.0,731.0,621.0,310.0,634.0,262.0
1.0,3924.0,1334.0,929.0,335.0,1720.0,1720.0,619.0,310.0,1334.0,0.0
1.0,2925.0,2033.0,965.0,386.0,3547.0,3547.0,655.0,310.0,2033.0,0.0
1.0,1278.0,2101.0,1003.0,731.0,5015.0,5015.0,696.0,307.0,2101.0,0.0
1.0,0.0,1474.0,1022.0,1720.0,4956.0,4956.0,724.0,298.0,1474.0,0.0
1.0,154.0,139.0,1011.0,3547.0,1493.0,1493.0,727.0,284.0,139.0,0.0
1.0,3562.0,170.0,998.0,5015.0,0.0,0.0,727.0,271.0,0.0,170.0
1.0,8407.0,463.0,993.0,4956.0,0.0,0.0,727.0,266.0,0.0,463.0
1.0,12900.0,756.0,991.0,1493.0,0.0,0.0,715.0,276.0,0.0,756.0
1.0,13637.0,879.0,984.0,0.0,0.0,0.0,691.0,293.0,0.0,879.0
1.0,12758.0,719.0,961.0,0.0,0.0,0.0,654.0,307.0,0.0,719.0
1.0,12039.0,892.0,940.0,0.0,0.0,0.0,628.0,312.0,622.0,270.0
1.0,11147.0,1318.0,938.0,0.0,0.0,0.0,626.0,312.0,1318.0,0.0
1.0,9829.0,2011.0,973.0,0.0,0.0,0.0,661.0,312.0,2011.0,0.0
1.0,7818.0,2076.0,1010.0,0.0,0.0,0.0,701.0,309.0,2076.0,0.0
1.0,5742.0,1464.0,1029.0,0.0,867.0,867.0,729.0,300.0,1464.0,0.0
1.0,4278.0,151.0,1017.0,0.0,958.0,958.0,732.0,285.0,151.0,0.0
1.0,4127.0,214.0,1004.0,0.0,1107.0,1107.0,732.0,272.0,0.0,214.0
1.0,3913.0,517.0,1001.0,867.0,742.0,742.0,732.0,269.0,0.0,517.0
1.0,4263.0,820.0,1000.0,958.0,599.0,599.0,720.0,280.0,0.0,820.0
1.0,4401.0,910.0,992.0,1107.0,362.0,362.0,694.0,298.0,0.0,910.0
1.0,4598.0,689.0,967.0,742.0,184.0,184.0,656.0,311.0,0.0,689.0
1.0,4651.0,841.0,943.0,599.0,306.0,306.0,629.0,314.0,676.0,165.0
1.0,4409.0,1368.0,942.0,362.0,1307.0,1307.0,628.0,314.0,1368.0,0.0
1.0,3403.0,2083.0,980.0,184.0,3396.0,3396.0,666.0,314.0,2083.0,0.0
1.0,1504.0,2130.0,1018.0,306.0,5090.0,5090.0,707.0,311.0,2130.0,0.0
1.0,0.0,1466.0,1037.0,1307.0,5185.0,5185.0,735.0,302.0,1466.0,0.0
1.0,0.0,79.0,1024.0,3396.0,2282.0,2282.0,737.0,287.0,79.0,0.0
1.0,2838.0,221.0,1011.0,5090.0,0.0,0.0,737.0,274.0,0.0,221.0
1.0,7707.0,520.0,1007.0,5185.0,0.0,0.0,737.0,270.0,0.0,520.0
1.0,12372.0,828.0,1007.0,2282.0,0.0,0.0,725.0,282.0,0.0,828.0
1.0,13826.0,920.0,1000.0,0.0,0.0,0.0,701.0,299.0,0.0,920.0
1.0,12906.0,708.0,976.0,0.0,0.0,0.0,663.0,313.0,0.0,708.0
1.0,12198.0,822.0,952.0,0.0,0.0,0.0,636.0,316.0,636.0,186.0
1.0,11376.0,1342.0,950.0,0.0,0.0,0.0,634.0,316.0,1342.0,0.0
1.0,10034.0,2048.0,985.0,0.0,0.0,0.0,669.0,316.0,2048.0,0.0
1.0,7986.0,2123.0,1024.0,0.0,0.0,0.0,710.0,314.0,2123.0,0.0
1.0,5863.0,1489.0,1043.0,0.0,841.0,841.0,738.0,305.0,1489.0,0.0
1.0,4374.0,156.0,1032.0,0.0,942.0,942.0,741.0,291.0,156.0,0.0
1.0,4218.0,191.0,1019.0,0.0,1068.0,1068.0,741.0,278.0,0.0,191.0
1.0,4027.0,504.0,1014.0,841.0,706.0,706.0,741.0,273.0,0.0,504.0
1.0,4364.0,812.0,1012.0,942.0,566.0,566.0,729.0,283.0,0.0,812.0
1.0,4494.0,925.0,1005.0,1068.0,388.0,388.0,704.0,301.0,0.0,925.0
1.0,4637.0,724.0,980.0,706.0,281.0,281.0,665.0,315.0,0.0,724.0
1.0,4619.0,875.0,956.0,566.0,470.0,470.0,637.0,319.0,658.0,217.0
1.0,4310.0,1392.0,955.0,388.0,1469.0,1469.0,636.0,319.0,1392.0,0.0
1.0,3306.0,2111.0,994.0,281.0,3494.0,3494.0,675.0,319.0,2111.0,0.0
1.0,1476.0,2170.0,1033.0,470.0,5165.0,5165.0,717.0,316.0,2170.0,0.0
1.0,0.0,1499.0,1053.0,1469.0,5265.0,5265.0,746.0,307.0,1499.0,0.0
1.0,0.0,106.0,1041.0,3494.0,2071.0,2071.0,748.0,293.0,106.0,0.0
1.0,3134.0,203.0,1027.0,5165.0,0.0,0.0,748.0,279.0,0.0,203.0
1.0,8096.0,506.0,1023.0,5265.0,0.0,0.0,748.0,275.0,0.0,506.0
1.0,12855.0,818.0,1022.0,2071.0,0.0,0.0,736.0,286.0,0.0,818.0
1.0,14108.0,926.0,1013.0,0.0,0.0,0.0,710.0,303.0,0.0,926.0
1.0,13182.0,725.0,988.0,0.0,0.0,0.0,671.0,317.0,0.0,725.0
1.0,12457.0,868.0,965.0,0.0,0.0,0.0,643.0,322.0,652.0,216.0
1.0,11589.0,1361.0,963.0,0.0,0.0,0.0,641.0,322.0,1361.0,0.0
1.0,10228.0,2067.0,1000.0,0.0,0.0,0.0,678.0,322.0,2067.0,0.0
1.0,8161.0,2133.0,1037.0,0.0,0.0,0.0,719.0,318.0,2133.0,0.0
1.0,6028.0,1512.0,1057.0,0.0,769.0,769.0,748.0,309.0,1512.0,0.0
1.0,4516.0,180.0,1047.0,0.0,899.0,899.0,752.0,295.0,180.0,0.0
1.0,4336.0,223.0,1034.0,0.0,1057.0,1057.0,752.0,282.0,0.0,223.0
1.0,4113.0,527.0,1031.0,769.0,800.0,800.0,752.0,279.0,0.0,527.0
1.0,4355.0,827.0,1029.0,899.0,718.0,718.0,740.0,289.0,0.0,827.0
1.0,4427.0,908.0,1021.0,1057.0,529.0,529.0,714.0,307.0,0.0,908.0
1.0,4576.0,696.0,996.0,800.0,300.0,300.0,676.0,320.0,0.0,696.0
1.0,4680.0,885.0,973.0,718.0,352.0,352.0,649.0,324.0,701.0,184.0
1.0,4513.0,1426.0,972.0,529.0,1244.0,1244.0,648.0,324.0,1426.0,0.0
1.0,3616.0,2157.0,1011.0,300.0,3296.0,3296.0,687.0,324.0,2157.0,0.0
1.0,1759.0,2187.0,1049.0,352.0,5245.0,5245.0,729.0,320.0,2187.0,0.0
1.0,0.0,1486.0,1068.0,1244.0,5340.0,5340.0,758.0,310.0,1486.0,0.0
1.0,0.0,45.0,1052.0,3296.0,2327.0,2327.0,758.0,294.0,45.0,0.0
1.0,2933.0,265.0,1039.0,5245.0,0.0,0.0,758.0,281.0,0.0,265.0
1.0,7913.0,577.0,1037.0,5340.0,0.0,0.0,758.0,279.0,0.0,577.0
1.0,12676.0,896.0,1038.0,2327.0,0.0,0.0,745.0,293.0,0.0,896.0
1.0,14107.0,949.0,1031.0,0.0,0.0,0.0,719.0,312.0,0.0,949.0
1.0,13158.0,685.0,1004.0,0.0,0.0,0.0,679.0,325.0,0.0,685.0
1.0,12473.0,824.0,979.0,0.0,0.0,0.0,652.0,327.0,714.0,110.0
1.0,11649.0,1443.0,978.0,0.0,0.0,0.0,651.0,327.0,1443.0,0.0
1.0,10206.0,2185.0,1019.0,0.0,0.0,0.0,692.0,327.0,2185.0,0.0
1.0,8021.0,2215.0,1057.0,0.0,0.0,0.0,734.0,323.0,2215.0,0.0
1.0,5806.0,1520.0,1077.0,0.0,1099.0,1099.0,764.0,313.0,1520.0,0.0
1.0,4286.0,75.0,1062.0,0.0,1099.0,1099.0,765.0,297.0,75.0,0.0
1.0,4211.0,234.0,1049.0,0.0,1268.0,1268.0,765.0,284.0,0.0,234.0
1.0,3977.0,544.0,1045.0,1099.0,693.0,693.0,765.0,280.0,0.0,544.0
1.0,4532.0,862.0,1046.0,1099.0,461.0,461.0,753.0,293.0,0.0,862.0
1.0,4769.0,944.0,1039.0,1268.0,102.0,102.0,727.0,312.0,0.0,944.0
1.0,5093.0,715.0,1013.0,693.0,0.0,0.0,688.0,325.0,0.0,715.0
1.0,5071.0,846.0,989.0,461.0,259.0,259.0,660.0,329.0,672.0,174.0
1.0,4686.0,1418.0,987.0,102.0,1565.0,1565.0,658.0,329.0,1418.0,0.0
1.0,3370.0,2151.0,1026.0,0.0,3911.0,3911.0,697.0,329.0,2151.0,0.0
1.0,1219.0,2194.0,1064.0,259.0,5320.0,5320.0,739.0,325.0,2194.0,0.0
1.0,0.0,1498.0,1083.0,1565.0,5415.0,5415.0,768.0,315.0,1498.0,0.0
1.0,0.0,93.0,1070.0,3911.0,2181.0,2181.0,770.0,300.0,93.0,0.0
1.0,3169.0,224.0,1056.0,5320.0,0.0,0.0,770.0,286.0,0.0,224.0
1.0,8265.0,549.0,1053.0,5415.0,0.0,0.0,770.0,283.0,0.0,549.0
1.0,13131.0,868.0,1052.0,2181.0,0.0,0.0,757.0,295.0,0.0,868.0
1.0,14444.0,957.0,1044.0,0.0,0.0,0.0,730.0,314.0,0.0,957.0
1.0,13487.0,741.0,1018.0,0.0,0.0,0.0,690.0,328.0,22.0,719.0
1.0,12746.0,918.0,994.0,0.0,0.0,0.0,663.0,331.0,757.0,161.0
1.0,11828.0,1499.0,994.0,0.0,0.0,0.0,663.0,331.0,1499.0,0.0
1.0,10329.0,2212.0,1034.0,0.0,0.0,0.0,703.0,331.0,2212.0,0.0
1.0,8117.0,2207.0,1073.0,0.0,0.0,0.0,746.0,327.0,2207.0,0.0
1.0,5910.0,1468.0,1091.0,0.0,1013.0,1013.0,774.0,317.0,1468.0,0.0
1.0,4442.0,2.0,1075.0,0.0,935.0,935.0,774.0,301.0,2.0,0.0
1.0,4440.0,244.0,1062.0,0.0,1114.0,1114.0,774.0,288.0,0.0,244.0
1.0,4196.0,558.0,1059.0,1013.0,644.0,644.0,774.0,285.0,0.0,558.0
1.0,4651.0,878.0,1060.0,935.0,592.0,592.0,762.0,298.0,0.0,878.0
1.0,4708.0,958.0,1051.0,1114.0,391.0,391.0,735.0,316.0,0.0,958.0
1.0,4864.0,781.0,1027.0,644.0,408.0,408.0,697.0,330.0,54.0,727.0
1.0,4727.0,967.0,1004.0,592.0,668.0,668.0,671.0,333.0,798.0,169.0
1.0,4352.0,1520.0,1004.0,391.0,1797.0,1797.0,671.0,333.0,1520.0,0.0
1.0,3223.0,2207.0,1043.0,408.0,3791.0,3791.0,710.0,333.0,2207.0,0.0
1.0,1424.0,2164.0,1081.0,668.0,5405.0,5405.0,752.0,329.0,2164.0,0.0
1.0,0.0,1391.0,1097.0,1797.0,5151.0,5151.0,778.0,319.0,1391.0,0.0
1.0,334.0,0.0,1081.0,3791.0,1280.0,1280.0,778.0,303.0,0.0,0.0
1.0,4125.0,241.0,1068.0,5405.0,0.0,0.0,778.0,290.0,0.0,241.0
1.0,9289.0,561.0,1066.0,5151.0,0.0,0.0,778.0,288.0,0.0,561.0
1.0,13879.0,877.0,1066.0,1280.0,0.0,0.0,765.0,301.0,0.0,877.0
1.0,14282.0,950.0,1057.0,0.0,0.0,0.0,738.0,319.0,0.0,950.0
1.0,13332.0,833.0,1031.0,0.0,0.0,0.0,698.0,333.0,123.0,710.0
1.0,12499.0,1028.0,1009.0,0.0,0.0,0.0,673.0,336.0,868.0,160.0
1.0,11471.0,1629.0,1012.0,0.0,0.0,0.0,676.0,336.0,1629.0,0.0
1.0,9842.0,2270.0,1055.0,0.0,0.0,0.0,719.0,336.0,2270.0,0.0
1.0,7572.0,2155.0,1091.0,0.0,38.0,38.0,760.0,331.0,2155.0,0.0
1.0,5417.0,1270.0,1104.0,0.0,1373.0,1373.0,784.0,320.0,1270.0,0.0
1.0,4147.0,0.0,1086.0,0.0,1283.0,1283.0,784.0,302.0,0.0,0.0
1.0,4147.0,274.0,1073.0,38.0,1454.0,1454.0,784.0,289.0,0.0,274.0
1.0,3911.0,595.0,1072.0,1373.0,671.0,671.0,784.0,288.0,0.0,595.0
1.0,4689.0,922.0,1074.0,1283.0,320.0,320.0,771.0,303.0,0.0,922.0
1.0,5050.0,980.0,1065.0,1454.0,0.0,0.0,743.0,322.0,0.0,980.0
1.0,5524.0,825.0,1039.0,671.0,0.0,0.0,703.0,336.0,112.0,713.0
1.0,5370.0,981.0,1015.0,320.0,366.0,366.0,677.0,338.0,865.0,116.0
1.0,4709.0,1624.0,1017.0,0.0,2000.0,2000.0,679.0,338.0,1624.0,0.0
1.0,3085.0,2257.0,1059.0,0.0,4467.0,4467.0,721.0,338.0,2257.0,0.0
1.0,828.0,2143.0,1096.0,366.0,5480.0,5480.0,762.0,334.0,2143.0,0.0
1.0,0.0,1286.0,1110.0,2000.0,5550.0,5550.0,787.0,323.0,1286.0,0.0
1.0,0.0,0.0,1094.0,4467.0,1238.0,1238.0,787.0,307.0,0.0,0.0
1.0,4232.0,251.0,1080.0,5480.0,0.0,0.0,787.0,293.0,0.0,251.0
1.0,9461.0,578.0,1078.0,5550.0,0.0,0.0,787.0,291.0,0.0,578.0
1.0,14433.0,904.0,1079.0,1238.0,0.0,0.0,774.0,305.0,0.0,904.0
1.0,14767.0,978.0,1071.0,0.0,0.0,0.0,747.0,324.0,0.0,978.0
1.0,13789.0,877.0,1045.0,0.0,0.0,0.0,708.0,337.0,150.0,727.0
1.0,12912.0,1084.0,1024.0,0.0,0.0,0.0,684.0,340.0,932.0,152.0
1.0,11828.0,1714.0,1028.0,0.0,0.0,0.0,688.0,340.0,1714.0,0.0
1.0,10114.0,2326.0,1071.0,0.0,0.0,0.0,731.0,340.0,2326.0,0.0
1.0,7788.0,2142.0,1108.0,0.0,0.0,0.0,772.0,336.0,2142.0,0.0
1.0,5646.0,1182.0,1121.0,0.0,1141.0,1141.0,795.0,326.0,1182.0,0.0
1.0,4464.0,0.0,1104.0,0.0,1056.0,1056.0,795.0,309.0,0.0,0.0
1.0,4464.0,264.0,1091.0,0.0,1255.0,1255.0,795.0,296.0,0.0,264.0
1.0,4200.0,593.0,1088.0,1141.0,692.0,692.0,795.0,293.0,0.0,593.0
1.0,4748.0,924.0,1088.0,1056.0,560.0,560.0,780.0,308.0,0.0,924.0
1.0,4880.0,991.0,1078.0,1255.0,246.0,246.0,751.0,327.0,0.0,991.0
1.0,5144.0,866.0,1053.0,692.0,295.0,295.0,712.0,341.0,144.0,722.0
1.0,4970.0,1016.0,1029.0,560.0,631.0,631.0,686.0,343.0,898.0,118.0
1.0,4514.0,1651.0,1033.0,246.0,2056.0,2056.0,690.0,343.0,1651.0,0.0
1.0,3109.0,2272.0,1077.0,295.0,4253.0,4253.0,734.0,343.0,2272.0,0.0
1.0,1132.0,2150.0,1113.0,631.0,5565.0,5565.0,775.0,338.0,2150.0,0.0
1.0,0.0,1289.0,1128.0,2056.0,5260.0,5260.0,800.0,328.0,1289.0,0.0
1.0,380.0,0.0,1111.0,4253.0,922.0,922.0,800.0,311.0,0.0,0.0
1.0,4633.0,275.0,1098.0,5565.0,0.0,0.0,800.0,298.0,0.0,275.0
1.0,9923.0,597.0,1094.0,5260.0,0.0,0.0,799.0,295.0,0.0,597.0
1.0,14586.0,920.0,1092.0,922.0,0.0,0.0,783.0,309.0,0.0,920.0
1.0,14588.0,976.0,1082.0,0.0,0.0,0.0,754.0,328.0,0.0,976.0
1.0,13612.0,913.0,1057.0,0.0,0.0,0.0,715.0,342.0,196.0,717.0
1.0,12699.0,1107.0,1038.0,0.0,0.0,0.0,693.0,345.0,976.0,131.0
1.0,11592.0,1756.0,1045.0,0.0,0.0,0.0,700.0,345.0,1756.0,0.0
1.0,9836.0,2334.0,1089.0,0.0,0.0,0.0,744.0,345.0,2334.0,0.0
1.0,7502.0,2120.0,1125.0,0.0,243.0,243.0,785.0,340.0,2120.0,0.0
1.0,5382.0,1120.0,1136.0,0.0,1418.0,1418.0,807.0,329.0,1120.0,0.0
1.0,4262.0,0.0,1119.0,0.0,1333.0,1333.0,807.0,312.0,0.0,0.0
1.0,4262.0,301.0,1107.0,243.0,1331.0,1331.0,807.0,300.0,0.0,301.0
1.0,4204.0,638.0,1102.0,1418.0,526.0,526.0,804.0,298.0,0.0,638.0
1.0,4984.0,972.0,1102.0,1333.0,165.0,165.0,788.0,314.0,0.0,972.0
1.0,5345.0,1002.0,1089.0,1331.0,0.0,0.0,756.0,333.0,0.0,1002.0
1.0,5674.0,907.0,1064.0,526.0,27.0,27.0,717.0,347.0,213.0,694.0
1.0,5293.0,1039.0,1042.0,165.0,791.0,791.0,694.0,348.0,988.0,51.0
1.0,4419.0,1773.0,1052.0,0.0,2614.0,2614.0,704.0,348.0,1773.0,0.0
1.0,2646.0,2343.0,1097.0,27.0,5155.0,5155.0,749.0,348.0,2343.0,0.0
1.0,330.0,2134.0,1132.0,791.0,5660.0,5660.0,790.0,342.0,2134.0,0.0
1.0,0.0,1137.0,1143.0,2614.0,5251.0,5251.0,812.0,331.0,1137.0,0.0
1.0,464.0,0.0,1125.0,5155.0,6.0,6.0,812.0,313.0,0.0,0.0
1.0,5619.0,308.0,1112.0,5660.0,0.0,0.0,812.0,300.0,0.0,308.0
1.0,10971.0,646.0,1109.0,5251.0,0.0,0.0,810.0,299.0,0.0,646.0
1.0,15576.0,979.0,1109.0,6.0,0.0,0.0,793.0,316.0,0.0,979.0
1.0,14603.0,1010.0,1097.0,0.0,0.0,0.0,762.0,335.0,0.0,1010.0
1.0,13593.0,921.0,1071.0,0.0,0.0,0.0,723.0,348.0,219.0,702.0
1.0,12672.0,1072.0,1051.0,0.0,0.0,0.0,701.0,350.0,1007.0,65.0
1.0,11600.0,1785.0,1061.0,0.0,0.0,0.0,711.0,350.0,1785.0,0.0
1.0,9815.0,2341.0,1106.0,0.0,0.0,0.0,756.0,350.0,2341.0,0.0
1.0,7474.0,2108.0,1141.0,0.0,339.0,339.0,796.0,345.0,2108.0,0.0
1.0,5366.0,1105.0,1151.0,0.0,1494.0,1494.0,817.0,334.0,1105.0,0.0
1.0,4261.0,0.0,1133.0,0.0,1404.0,1404.0,817.0,316.0,0.0,0.0
1.0,4261.0,301.0,1120.0,339.0,1301.0,1301.0,817.0,303.0,0.0,301.0
1.0,4299.0,640.0,1117.0,1494.0,432.0,432.0,815.0,302.0,0.0,640.0
1.0,5153.0,973.0,1115.0,1404.0,0.0,0.0,797.0,318.0,0.0,973.0
1.0,5584.0,1008.0,1101.0,1301.0,0.0,0.0,764.0,337.0,0.0,1008.0
1.0,5877.0,976.0,1074.0,432.0,37.0,37.0,724.0,350.0,275.0,701.0
1.0,5333.0,1113.0,1054.0,0.0,1050.0,1050.0,703.0,351.0,1055.0,58.0
1.0,4220.0,1852.0,1067.0,0.0,2967.0,2967.0,716.0,351.0,1852.0,0.0
1.0,2368.0,2376.0,1113.0,37.0,5536.0,5536.0,762.0,351.0,2376.0,0.0
1.0,29.0,2130.0,1149.0,1050.0,5745.0,5745.0,803.0,346.0,2130.0,0.0
1.0,0.0,1068.0,1158.0,2967.0,4942.0,4942.0,823.0,335.0,1068.0,0.0
1.0,848.0,0.0,1140.0,5536.0,0.0,0.0,823.0,317.0,0.0,0.0
1.0,6384.0,328.0,1127.0,5745.0,0.0,0.0,823.0,304.0,0.0,328.0
1.0,11801.0,666.0,1124.0,4942.0,0.0,0.0,821.0,303.0,0.0,666.0
1.0,16077.0,1007.0,1123.0,0.0,0.0,0.0,803.0,320.0,0.0,1007.0
1.0,15070.0,1024.0,1112.0,0.0,0.0,0.0,772.0,340.0,0.0,1024.0
1.0,14046.0,940.0,1087.0,0.0,0.0,0.0,733.0,354.0,243.0,697.0
1.0,13106.0,1057.0,1065.0,0.0,0.0,0.0,711.0,354.0,1031.0,26.0
1.0,12049.0,1818.0,1075.0,0.0,0.0,0.0,721.0,354.0,1818.0,0.0
1.0,10231.0,2369.0,1121.0,0.0,0.0,0.0,767.0,354.0,2369.0,0.0
1.0,7862.0,2138.0,1157.0,0.0,61.0,61.0,808.0,349.0,2138.0,0.0
1.0,5724.0,1127.0,1167.0,0.0,1238.0,1238.0,830.0,337.0,1127.0,0.0
1.0,4597.0,0.0,1150.0,0.0,1153.0,1153.0,830.0,320.0,0.0,0.0
1.0,4597.0,330.0,1137.0,61.0,1357.0,1357.0,830.0,307.0,0.0,330.0
1.0,4328.0,666.0,1132.0,1238.0,760.0,760.0,826.0,306.0,0.0,666.0
1.0,4900.0,1000.0,1130.0,1153.0,597.0,597.0,807.0,323.0,0.0,1000.0
1.0,5053.0,1006.0,1115.0,1357.0,171.0,171.0,773.0,342.0,0.0,1006.0
1.0,5404.0,934.0,1088.0,760.0,210.0,210.0,733.0,355.0,248.0,686.0
1.0,5230.0,1098.0,1069.0,597.0,616.0,616.0,713.0,356.0,1068.0,30.0
1.0,4729.0,1886.0,1084.0,171.0,2406.0,2406.0,728.0,356.0,1886.0,0.0
1.0,3014.0,2449.0,1131.0,210.0,4880.0,4880.0,775.0,356.0,2449.0,0.0
1.0,775.0,2167.0,1166.0,616.0,5830.0,5830.0,816.0,350.0,2167.0,0.0
1.0,0.0,1066.0,1175.0,2406.0,5311.0,5311.0,837.0,338.0,1066.0,0.0
1.0,564.0,19.0,1157.0,4880.0,360.0,360.0,837.0,320.0,0.0,19.0
1.0,5425.0,358.0,1144.0,5830.0,0.0,0.0,837.0,307.0,0.0,358.0
1.0,10897.0,699.0,1140.0,5311.0,0.0,0.0,833.0,307.0,0.0,699.0
1.0,15509.0,1024.0,1140.0,360.0,0.0,0.0,814.0,326.0,0.0,1024.0
1.0,14845.0,1019.0,1126.0,0.0,0.0,0.0,780.0,346.0,0.0,1019.0
1.0,13826.0,890.0,1097.0,0.0,0.0,0.0,739.0,358.0,226.0,664.0
1.0,12936.0,1029.0,1076.0,0.0,0.0,0.0,718.0,358.0,1029.0,0.0
1.0,11907.0,1830.0,1089.0,0.0,0.0,0.0,731.0,358.0,1830.0,0.0
1.0,10077.0,2397.0,1135.0,0.0,0.0,0.0,777.0,358.0,2397.0,0.0
1.0,7680.0,2175.0,1172.0,0.0,355.0,355.0,819.0,353.0,2175.0,0.0
1.0,5505.0,1157.0,1181.0,0.0,1557.0,1557.0,841.0,340.0,1157.0,0.0
1.0,4348.0,24.0,1163.0,0.0,1491.0,1491.0,841.0,322.0,0.0,24.0
1.0,4324.0,363.0,1150.0,355.0,1434.0,1434.0,841.0,309.0,0.0,363.0
1.0,4316.0,705.0,1146.0,1557.0,562.0,562.0,837.0,309.0,0.0,705.0
1.0,5168.0,1027.0,1146.0,1491.0,98.0,98.0,818.0,328.0,0.0,1027.0
1.0,5632.0,1018.0,1130.0,1434.0,0.0,0.0,783.0,347.0,0.0,1018.0
1.0,6048.0,928.0,1103.0,562.0,0.0,0.0,743.0,360.0,265.0,663.0
1.0,5682.0,1075.0,1084.0,98.0,715.0,715.0,724.0,360.0,1075.0,0.0
1.0,4705.0,1891.0,1099.0,0.0,2681.0,2681.0,739.0,360.0,1891.0,0.0
1.0,2814.0,2418.0,1145.0,0.0,5329.0,5329.0,785.0,360.0,2418.0,0.0
1.0,396.0,2152.0,1181.0,715.0,5905.0,5905.0,827.0,354.0,2152.0,0.0
1.0,0.0,1065.0,1189.0,2681.0,5370.0,5370.0,847.0,342.0,1065.0,0.0
1.0,575.0,26.0,1171.0,5329.0,0.0,0.0,847.0,324.0,0.0,26.0
1.0,5878.0,379.0,1159.0,5905.0,0.0,0.0,847.0,312.0,0.0,379.0
1.0,11404.0,737.0,1154.0,5370.0,0.0,0.0,842.0,312.0,0.0,737.0
1.0,16037.0,1060.0,1153.0,0.0,0.0,0.0,821.0,332.0,0.0,1060.0
1.0,14977.0,1027.0,1138.0,0.0,0.0,0.0,786.0,352.0,0.0,1027.0
1.0,13950.0,955.0,1110.0,0.0,0.0,0.0,746.0,364.0,322.0,633.0
1.0,12995.0,1121.0,1091.0,0.0,0.0,0.0,727.0,364.0,1121.0,0.0
1.0,11874.0,1931.0,1108.0,0.0,0.0,0.0,744.0,364.0,1931.0,0.0
1.0,9943.0,2442.0,1154.0,0.0,0.0,0.0,790.0,364.0,2442.0,0.0
1.0,7501.0,2150.0,1189.0,0.0,594.0,594.0,832.0,357.0,2150.0,0.0
1.0,5351.0,1034.0,1197.0,0.0,1668.0,1668.0,852.0,345.0,1034.0,0.0
1.0,4317.0,3.0,1177.0,0.0,1571.0,1571.0,852.0,325.0,0.0,3.0
1.0,4314.0,360.0,1164.0,594.0,1272.0,1272.0,852.0,312.0,0.0,360.0
1.0,4548.0,705.0,1160.0,1668.0,289.0,289.0,847.0,313.0,0.0,705.0
1.0,5511.0,1047.0,1159.0,1571.0,0.0,0.0,827.0,332.0,0.0,1047.0
1.0,6035.0,1038.0,1144.0,1272.0,0.0,0.0,792.0,352.0,0.0,1038.0
1.0,6269.0,986.0,1118.0,289.0,18.0,18.0,752.0,366.0,296.0,690.0
1.0,5572.0,1113.0,1099.0,0.0,1036.0,1036.0,733.0,366.0,1113.0,0.0
1.0,4459.0,1928.0,1114.0,0.0,3039.0,3039.0,748.0,366.0,1928.0,0.0
1.0,2531.0,2446.0,1161.0,18.0,5702.0,5702.0,795.0,366.0,2446.0,0.0
1.0,103.0,2133.0,1195.0,1036.0,5975.0,5975.0,836.0,359.0,2133.0,0.0
1.0,0.0,1019.0,1202.0,3039.0,4984.0,4984.0,856.0,346.0,1019.0,0.0
1.0,1026.0,26.0,1184.0,5702.0,0.0,0.0,856.0,328.0,0.0,26.0
1.0,6702.0,379.0,1172.0,5975.0,0.0,0.0,856.0,316.0,0.0,379.0
1.0,12298.0,734.0,1167.0,4984.0,0.0,0.0,851.0,316.0,0.0,734.0
1.0,16548.0,1054.0,1166.0,0.0,0.0,0.0,830.0,336.0,0.0,1054.0
1.0,15494.0,1018.0,1150.0,0.0,0.0,0.0,794.0,356.0,0.0,1018.0
1.0,14476.0,969.0,1122.0,0.0,0.0,0.0,754.0,368.0,336.0,633.0
1.0,13507.0,1160.0,1102.0,0.0,0.0,0.0,734.0,368.0,1160.0,0.0
1.0,12347.0,1993.0,1120.0,0.0,0.0,0.0,752.0,368.0,1993.0,0.0
1.0,10354.0,2480.0,1168.0,0.0,0.0,0.0,800.0,368.0,2480.0,0.0
1.0,7874.0,2158.0,1202.0,0.0,294.0,294.0,841.0,361.0,2158.0,0.0
1.0,5716.0,988.0,1207.0,0.0,1307.0,1307.0,860.0,347.0,988.0,0.0
1.0,4728.0,53.0,1189.0,0.0,1270.0,1270.0,860.0,329.0,0.0,53.0
1.0,4675.0,403.0,1177.0,294.0,1319.0,1319.0,860.0,317.0,0.0,403.0
1.0,4566.0,757.0,1174.0,1307.0,754.0,754.0,856.0,318.0,0.0,757.0
1.0,5116.0,1060.0,1175.0,1270.0,549.0,549.0,836.0,339.0,0.0,1060.0
1.0,5326.0,1019.0,1159.0,1319.0,169.0,169.0,801.0,358.0,0.0,1019.0
1.0,5626.0,959.0,1131.0,754.0,234.0,234.0,761.0,370.0,340.0,619.0
1.0,5421.0,1163.0,1112.0,549.0,753.0,753.0,742.0,370.0,1163.0,0.0
1.0,4807.0,1969.0,1127.0,169.0,2628.0,2628.0,757.0,370.0,1969.0,0.0
1.0,3007.0,2456.0,1175.0,234.0,5090.0,5090.0,805.0,370.0,2456.0,0.0
1.0,785.0,2124.0,1209.0,753.0,6045.0,6045.0,846.0,363.0,2124.0,0.0
1.0,0.0,998.0,1214.0,2628.0,5026.0,5026.0,865.0,349.0,998.0,0.0
1.0,1044.0,50.0,1196.0,5090.0,0.0,0.0,865.0,331.0,0.0,50.0
1.0,6084.0,404.0,1184.0,6045.0,0.0,0.0,865.0,319.0,0.0,404.0
1.0,11725.0,759.0,1181.0,5026.0,0.0,0.0,860.0,321.0,0.0,759.0
1.0,15992.0,1066.0,1180.0,0.0,0.0,0.0,839.0,341.0,0.0,1066.0
1.0,14926.0,1020.0,1164.0,0.0,0.0,0.0,803.0,361.0,0.0,1020.0
1.0,13906.0,1027.0,1137.0,0.0,0.0,0.0,764.0,373.0,409.0,618.0
1.0,12879.0,1244.0,1119.0,0.0,0.0,0.0,746.0,373.0,1244.0,0.0
1.0,11635.0,2088.0,1139.0,0.0,0.0,0.0,766.0,373.0,2088.0,0.0
1.0,9547.0,2530.0,1187.0,0.0,0.0,0.0,815.0,372.0,2530.0,0.0
1.0,7017.0,2117.0,1221.0,0.0,1205.0,1205.0,856.0,365.0,2117.0,0.0
1.0,4900.0,845.0,1223.0,0.0,2060.0,2060.0,872.0,351.0,845.0,0.0
1.0,4055.0,60.0,1203.0,0.0,2020.0,2020.0,872.0,331.0,0.0,60.0
1.0,3995.0,421.0,1192.0,1205.0,1181.0,1181.0,872.0,320.0,0.0,421.0
1.0,4779.0,790.0,1189.0,2060.0,0.0,0.0,866.0,323.0,0.0,790.0
1.0,6049.0,1092.0,1188.0,2020.0,0.0,0.0,844.0,344.0,0.0,1092.0
1.0,6977.0,1028.0,1171.0,1181.0,0.0,0.0,807.0,364.0,0.0,1028.0
1.0,7130.0,969.0,1142.0,0.0,0.0,0.0,767.0,375.0,374.0,595.0
1.0,6161.0,1200.0,1124.0,0.0,659.0,659.0,749.0,375.0,1200.0,0.0
1.0,4961.0,2034.0,1143.0,0.0,2788.0,2788.0,768.0,375.0,2034.0,0.0
1.0,2927.0,2507.0,1191.0,0.0,5535.0,5535.0,816.0,375.0,2507.0,0.0
1.0,420.0,2142.0,1226.0,659.0,6130.0,6130.0,858.0,368.0,2142.0,0.0
1.0,0.0,961.0,1230.0,2788.0,5386.0,5386.0,876.0,354.0,961.0,0.0
1.0,764.0,51.0,1211.0,5535.0,0.0,0.0,876.0,335.0,0.0,51.0
1.0,6248.0,410.0,1199.0,6130.0,0.0,0.0,876.0,323.0,0.0,410.0
1.0,11968.0,767.0,1195.0,5386.0,0.0,0.0,870.0,325.0,0.0,767.0
1.0,16587.0,1073.0,1194.0,0.0,0.0,0.0,849.0,345.0,0.0,1073.0
1.0,15514.0,1022.0,1177.0,0.0,0.0,0.0,812.0,365.0,0.0,1022.0
1.0,14492.0,1027.0,1150.0,0.0,0.0,0.0,773.0,377.0,403.0,624.0
1.0,13465.0,1267.0,1133.0,0.0,0.0,0.0,756.0,377.0,1267.0,0.0
1.0,12198.0,2110.0,1154.0,0.0,0.0,0.0,777.0,377.0,2110.0,0.0
1.0,10088.0,2553.0,1203.0,0.0,0.0,0.0,826.0,377.0,2553.0,0.0
1.0,7535.0,2109.0,1235.0,0.0,749.0,749.0,866.0,369.0,2109.0,0.0
1.0,5426.0,839.0,1238.0,0.0,1603.0,1603.0,883.0,355.0,839.0,0.0
1.0,4587.0,87.0,1220.0,0.0,1600.0,1600.0,883.0,337.0,0.0,87.0
1.0,4500.0,449.0,1209.0,749.0,1245.0,1245.0,883.0,326.0,0.0,449.0
1.0,4800.0,817.0,1205.0,1603.0,439.0,439.0,876.0,329.0,0.0,817.0
1.0,5586.0,1096.0,1204.0,1600.0,0.0,0.0,854.0,350.0,0.0,1096.0
1.0,6090.0,1007.0,1186.0,1245.0,0.0,0.0,816.0,370.0,0.0,1007.0
1.0,6328.0,991.0,1156.0,439.0,4.0,4.0,776.0,380.0,443.0,548.0
1.0,5776.0,1285.0,1140.0,0.0,1209.0,1209.0,760.0,380.0,1285.0,0.0
1.0,4491.0,2130.0,1162.0,0.0,3449.0,3449.0,782.0,380.0,2130.0,0.0
1.0,2361.0,2536.0,1209.0,4.0,6045.0,6045.0,830.0,379.0,2536.0,0.0
1.0,0.0,2124.0,1242.0,1209.0,6210.0,6210.0,871.0,371.0,2124.0,0.0
1.0,0.0,843.0,1244.0,3449.0,4700.0,4700.0,887.0,357.0,843.0,0.0
1.0,1520.0,89.0,1225.0,6045.0,0.0,0.0,887.0,338.0,0.0,89.0
1.0,7476.0,450.0,1214.0,6210.0,0.0,0.0,887.0,327.0,0.0,450.0
1.0,13236.0,816.0,1212.0,4700.0,0.0,0.0,881.0,331.0,0.0,816.0
1.0,17120.0,1093.0,1210.0,0.0,0.0,0.0,858.0,352.0,0.0,1093.0
1.0,16027.0,1014.0,1192.0,0.0,0.0,0.0,821.0,371.0,0.0,1014.0
1.0,15013.0,1013.0,1164.0,0.0,0.0,0.0,782.0,382.0,439.0,574.0
1.0,14000.0,1292.0,1148.0,0.0,0.0,0.0,766.0,382.0,1292.0,0.0
1.0,12708.0,2141.0,1170.0,0.0,0.0,0.0,788.0,382.0,2141.0,0.0
1.0,10567.0,2551.0,1219.0,0.0,0.0,0.0,837.0,382.0,2551.0,0.0
1.0,8016.0,2114.0,1252.0,0.0,358.0,358.0,878.0,374.0,2114.0,0.0
1.0,5902.0,818.0,1252.0,0.0,1176.0,1176.0,893.0,359.0,818.0,0.0
1.0,5084.0,85.0,1233.0,0.0,1166.0,1166.0,893.0,340.0,0.0,85.0
1.0,4999.0,455.0,1222.0,358.0,1208.0,1208.0,893.0,329.0,0.0,455.0
1.0,4902.0,826.0,1218.0,1176.0,838.0,838.0,885.0,333.0,0.0,826.0
1.0,5252.0,1111.0,1216.0,1166.0,773.0,773.0,861.0,355.0,0.0,1111.0
1.0,5307.0,1019.0,1195.0,1208.0,479.0,479.0,821.0,374.0,0.0,1019.0
1.0,5496.0,1022.0,1167.0,838.0,523.0,523.0,782.0,385.0,461.0,561.0
1.0,5312.0,1331.0,1151.0,773.0,1001.0,1001.0,766.0,385.0,1331.0,0.0
1.0,4754.0,2203.0,1177.0,479.0,2855.0,2855.0,792.0,385.0,2203.0,0.0
1.0,3030.0,2619.0,1227.0,523.0,5201.0,5201.0,843.0,384.0,2619.0,0.0
1.0,934.0,2144.0,1260.0,1001.0,6300.0,6300.0,884.0,376.0,2144.0,0.0
1.0,0.0,800.0,1260.0,2855.0,4454.0,4454.0,899.0,361.0,800.0,0.0
1.0,1846.0,81.0,1240.0,5201.0,0.0,0.0,899.0,341.0,0.0,81.0
1.0,6966.0,444.0,1229.0,6300.0,0.0,0.0,899.0,330.0,0.0,444.0
1.0,12822.0,816.0,1226.0,4454.0,0.0,0.0,892.0,334.0,0.0,816.0
1.0,16460.0,1105.0,1225.0,0.0,0.0,0.0,869.0,356.0,0.0,1105.0
1.0,15355.0,1042.0,1206.0,0.0,0.0,0.0,830.0,376.0,0.0,1042.0
1.0,14313.0,1020.0,1177.0,0.0,0.0,0.0,790.0,387.0,424.0,596.0
1.0,13293.0,1300.0,1161.0,0.0,0.0,0.0,774.0,387.0,1300.0,0.0
1.0,11993.0,2152.0,1184.0,0.0,0.0,0.0,797.0,387.0,2152.0,0.0
1.0,9841.0,2577.0,1232.0,0.0,0.0,0.0,846.0,386.0,2577.0,0.0
1.0,7264.0,2141.0,1265.0,0.0,1202.0,1202.0,887.0,378.0,2141.0,0.0
1.0,5123.0,863.0,1267.0,0.0,2075.0,2075.0,904.0,363.0,863.0,0.0
1.0,4260.0,71.0,1248.0,0.0,2051.0,2051.0,904.0,344.0,0.0,71.0
1.0,4189.0,446.0,1237.0,1202.0,1240.0,1240.0,904.0,333.0,0.0,446.0
1.0,4945.0,812.0,1233.0,2075.0,0.0,0.0,896.0,337.0,0.0,812.0
1.0,6208.0,1105.0,1230.0,2051.0,0.0,0.0,872.0,358.0,0.0,1105.0
1.0,7154.0,1025.0,1209.0,1240.0,0.0,0.0,831.0,378.0,0.0,1025.0
1.0,7369.0,1041.0,1180.0,0.0,0.0,0.0,791.0,389.0,461.0,580.0
1.0,6328.0,1341.0,1165.0,0.0,838.0,838.0,776.0,389.0,1341.0,0.0
1.0,4987.0,2225.0,1192.0,0.0,3198.0,3198.0,803.0,389.0,2225.0,0.0
1.0,2762.0,2636.0,1241.0,0.0,6079.0,6079.0,854.0,387.0,2636.0,0.0
1.0,126.0,2167.0,1274.0,838.0,6370.0,6370.0,895.0,379.0,2167.0,0.0
1.0,0.0,807.0,1274.0,3198.0,5182.0,5182.0,911.0,363.0,807.0,0.0
1.0,1188.0,112.0,1255.0,6079.0,0.0,0.0,911.0,344.0,0.0,112.0
1.0,7155.0,487.0,1245.0,6370.0,0.0,0.0,911.0,334.0,0.0,487.0
1.0,13038.0,861.0,1242.0,5182.0,0.0,0.0,902.0,340.0,0.0,861.0
1.0,17359.0,1126.0,1240.0,0.0,0.0,0.0,878.0,362.0,0.0,1126.0
1.0,16233.0,1012.0,1218.0,0.0,0.0,0.0,837.0,381.0,0.0,1012.0
1.0,15221.0,993.0,1188.0,0.0,0.0,0.0,797.0,391.0,468.0,525.0
1.0,14228.0,1330.0,1173.0,0.0,0.0,0.0,782.0,391.0,1330.0,0.0
1.0,12898.0,2194.0,1199.0,0.0,0.0,0.0,808.0,391.0,2194.0,0.0
1.0,10704.0,2615.0,1247.0,0.0,0.0,0.0,858.0,389.0,2615.0,0.0
1.0,8089.0,2170.0,1281.0,0.0,486.0,486.0,900.0,381.0,2170.0,0.0
1.0,5919.0,861.0,1281.0,0.0,1347.0,1347.0,916.0,365.0,861.0,0.0
1.0,5058.0,117.0,1262.0,0.0,1369.0,1369.0,916.0,346.0,0.0,117.0
1.0,4941.0,492.0,1252.0,486.0,1325.0,1325.0,916.0,336.0,0.0,492.0
1.0,4935.0,864.0,1250.0,1347.0,832.0,832.0,908.0,342.0,0.0,864.0
1.0,5418.0,1120.0,1246.0,1369.0,563.0,563.0,883.0,363.0,0.0,1120.0
1.0,5667.0,1010.0,1225.0,1325.0,143.0,143.0,842.0,383.0,0.0,1010.0
1.0,5982.0,989.0,1195.0,832.0,150.0,150.0,802.0,393.0,456.0,533.0
1.0,5825.0,1344.0,1180.0,563.0,856.0,856.0,787.0,393.0,1344.0,0.0
1.0,5044.0,2241.0,1207.0,143.0,3089.0,3089.0,814.0,393.0,2241.0,0.0
1.0,2946.0,2665.0,1256.0,150.0,5849.0,5849.0,865.0,391.0,2665.0,0.0
1.0,431.0,2194.0,1291.0,856.0,6455.0,6455.0,908.0,383.0,2194.0,0.0
1.0,0.0,828.0,1290.0,3089.0,5096.0,5096.0,923.0,367.0,828.0,0.0
1.0,1354.0,130.0,1271.0,5849.0,0.0,0.0,923.0,348.0,0.0,130.0
1.0,7073.0,511.0,1261.0,6455.0,0.0,0.0,923.0,338.0,0.0,511.0
1.0,13017.0,899.0,1260.0,5096.0,0.0,0.0,915.0,345.0,0.0,899.0
1.0,17214.0,1154.0,1256.0,0.0,0.0,0.0,889.0,367.0,0.0,1154.0
1.0,16060.0,1019.0,1233.0,0.0,0.0,0.0,847.0,386.0,0.0,1019.0
1.0,15041.0,940.0,1201.0,0.0,0.0,0.0,805.0,396.0,446.0,494.0
1.0,14101.0,1327.0,1185.0,0.0,0.0,0.0,789.0,396.0,1327.0,0.0
1.0,12774.0,2223.0,1212.0,0.0,0.0,0.0,816.0,396.0,2223.0,0.0
1.0,10551.0,2662.0,1262.0,0.0,0.0,0.0,868.0,394.0,2662.0,0.0
1.0,7889.0,2239.0,1297.0,0.0,835.0,835.0,911.0,386.0,2239.0,0.0
1.0,5650.0,907.0,1298.0,0.0,1747.0,1747.0,928.0,370.0,907.0,0.0
1.0,4743.0,104.0,1279.0,0.0,1756.0,1756.0,928.0,351.0,0.0,104.0
1.0,4639.0,480.0,1268.0,835.0,1346.0,1346.0,928.0,340.0,0.0,480.0
1.0,4994.0,858.0,1265.0,1747.0,442.0,442.0,920.0,345.0,0.0,858.0
1.0,5883.0,1138.0,1262.0,1756.0,0.0,0.0,895.0,367.0,0.0,1138.0
1.0,6501.0,1039.0,1241.0,1346.0,0.0,0.0,854.0,387.0,0.0,1039.0
1.0,6808.0,1015.0,1211.0,442.0,0.0,0.0,813.0,398.0,449.0,566.0
1.0,6235.0,1338.0,1195.0,0.0,1078.0,1078.0,797.0,398.0,1338.0,0.0
1.0,4897.0,2213.0,1221.0,0.0,3421.0,3421.0,823.0,398.0,2213.0,0.0
1.0,2684.0,2650.0,1271.0,0.0,6321.0,6321.0,874.0,397.0,2650.0,0.0
1.0,34.0,2205.0,1305.0,1078.0,6525.0,6525.0,917.0,388.0,2205.0,0.0
1.0,0.0,891.0,1306.0,3421.0,5093.0,5093.0,934.0,372.0,891.0,0.0
1.0,1437.0,123.0,1287.0,6321.0,0.0,0.0,934.0,353.0,0.0,123.0
1.0,7635.0,508.0,1278.0,6525.0,0.0,0.0,934.0,344.0,0.0,508.0
1.0,13652.0,890.0,1274.0,5093.0,0.0,0.0,925.0,349.0,0.0,890.0
1.0,17855.0,1146.0,1271.0,0.0,0.0,0.0,899.0,372.0,0.0,1146.0
1.0,16709.0,1012.0,1247.0,0.0,0.0,0.0,856.0,391.0,0.0,1012.0
1.0,15697.0,997.0,1216.0,0.0,0.0,0.0,815.0,401.0,498.0,499.0
1.0,14700.0,1393.0,1201.0,0.0,0.0,0.0,800.0,401.0,1393.0,0.0
1.0,13307.0,2302.0,1230.0,0.0,0.0,0.0,829.0,401.0,2302.0,0.0
1.0,11005.0,2695.0,1279.0,0.0,0.0,0.0,881.0,398.0,2695.0,0.0
1.0,8310.0,2214.0,1312.0,0.0,464.0,464.0,923.0,389.0,2214.0,0.0
1.0,6096.0,799.0,1311.0,0.0,1258.0,1258.0,939.0,372.0,799.0,0.0
1.0,5297.0,157.0,1293.0,0.0,1325.0,1325.0,939.0,354.0,0.0,157.0
1.0,5140.0,539.0,1284.0,464.0,1355.0,1355.0,939.0,345.0,0.0,539.0
1.0,5065.0,920.0,1282.0,1258.0,1007.0,1007.0,930.0,352.0,0.0,920.0
1.0,5403.0,1147.0,1278.0,1325.0,809.0,809.0,904.0,374.0,0.0,1147.0
1.0,5581.0,1001.0,1256.0,1355.0,345.0,345.0,862.0,394.0,0.0,1001.0
1.0,5935.0,966.0,1224.0,1007.0,144.0,144.0,821.0,403.0,497.0,469.0
1.0,5976.0,1394.0,1209.0,809.0,654.0,654.0,806.0,403.0,1394.0,0.0
1.0,5391.0,2290.0,1237.0,345.0,2739.0,2739.0,834.0,403.0,2290.0,0.0
1.0,3446.0,2690.0,1286.0,144.0,5530.0,5530.0,886.0,400.0,2690.0,0.0
1.0,900.0,2193.0,1319.0,654.0,6595.0,6595.0,928.0,391.0,2193.0,0.0
1.0,0.0,816.0,1317.0,2739.0,5301.0,5301.0,943.0,374.0,816.0,0.0
1.0,1284.0,173.0,1299.0,5530.0,0.0,0.0,943.0,356.0,0.0,173.0
1.0,6641.0,563.0,1291.0,6595.0,0.0,0.0,943.0,348.0,0.0,563.0
1.0,12673.0,949.0,1291.0,5301.0,0.0,0.0,935.0,356.0,0.0,949.0
1.0,17025.0,1155.0,1287.0,0.0,0.0,0.0,909.0,378.0,0.0,1155.0
1.0,15870.0,977.0,1263.0,0.0,0.0,0.0,866.0,397.0,0.0,977.0
1.0,14893.0,942.0,1230.0,0.0,0.0,0.0,825.0,405.0,525.0,417.0
1.0,13951.0,1438.0,1215.0,0.0,0.0,0.0,810.0,405.0,1438.0,0.0
1.0,12513.0,2354.0,1244.0,0.0,0.0,0.0,839.0,405.0,2354.0,0.0
1.0,10159.0,2727.0,1294.0,0.0,0.0,0.0,892.0,402.0,2727.0,0.0
1.0,7432.0,2190.0,1326.0,0.0,1388.0,1388.0,934.0,392.0,2190.0,0.0
1.0,5242.0,727.0,1323.0,0.0,2100.0,2100.0,948.0,375.0,727.0,0.0
1.0,4515.0,198.0,1305.0,0.0,2208.0,2208.0,948.0,357.0,0.0,198.0
1.0,4317.0,585.0,1296.0,1388.0,1360.0,1360.0,948.0,348.0,0.0,585.0
1.0,5120.0,981.0,1297.0,2100.0,246.0,246.0,939.0,358.0,0.0,981.0
1.0,6239.0,1182.0,1294.0,2208.0,0.0,0.0,914.0,380.0,0.0,1182.0
1.0,7265.0,987.0,1270.0,1360.0,0.0,0.0,871.0,399.0,0.0,987.0
1.0,7638.0,932.0,1237.0,246.0,0.0,0.0,830.0,407.0,539.0,393.0
1.0,6952.0,1439.0,1222.0,0.0,597.0,597.0,815.0,407.0,1439.0,0.0
1.0,5513.0,2335.0,1249.0,0.0,3067.0,3067.0,842.0,407.0,2335.0,0.0
1.0,3178.0,2691.0,1299.0,0.0,6008.0,6008.0,894.0,405.0,2691.0,0.0
1.0,487.0,2172.0,1332.0,597.0,6660.0,6660.0,936.0,396.0,2172.0,0.0
1.0,0.0,759.0,1329.0,3067.0,5425.0,5425.0,950.0,379.0,759.0,0.0
1.0,1220.0,180.0,1311.0,6008.0,0.0,0.0,950.0,361.0,0.0,180.0
1.0,7048.0,578.0,1302.0,6660.0,0.0,0.0,950.0,352.0,0.0,578.0
1.0,13130.0,966.0,1302.0,5425.0,0.0,0.0,942.0,360.0,0.0,966.0
1.0,17589.0,1165.0,1298.0,0.0,0.0,0.0,916.0,382.0,0.0,1165.0
1.0,16424.0,977.0,1275.0,0.0,0.0,0.0,874.0,401.0,0.0,977.0
1.0,15447.0,1003.0,1242.0,0.0,0.0,0.0,834.0,408.0,600.0,403.0
1.0,14444.0,1526.0,1229.0,0.0,0.0,0.0,821.0,408.0,1526.0,0.0
1.0,12918.0,2445.0,1259.0,0.0,0.0,0.0,851.0,408.0,2445.0,0.0
1.0,10473.0,2767.0,1310.0,0.0,0.0,0.0,904.0,406.0,2767.0,0.0
1.0,7706.0,2152.0,1342.0,0.0,1156.0,1156.0,946.0,396.0,2152.0,0.0
1.0,5554.0,610.0,1336.0,0.0,1736.0,1736.0,957.0,379.0,610.0,0.0
1.0,4944.0,221.0,1318.0,0.0,1867.0,1867.0,957.0,361.0,0.0,221.0
1.0,4723.0,619.0,1311.0,1156.0,1295.0,1295.0,957.0,354.0,0.0,619.0
1.0,5260.0,1010.0,1312.0,1736.0,574.0,574.0,948.0,364.0,0.0,1010.0
1.0,5986.0,1180.0,1307.0,1867.0,0.0,0.0,921.0,386.0,0.0,1180.0
1.0,6673.0,952.0,1282.0,1295.0,0.0,0.0,877.0,405.0,0.0,952.0
1.0,7016.0,940.0,1247.0,574.0,0.0,0.0,836.0,411.0,608.0,332.0
1.0,6650.0,1528.0,1234.0,0.0,1048.0,1048.0,823.0,411.0,1528.0,0.0
1.0,5122.0,2452.0,1266.0,0.0,3660.0,3660.0,855.0,411.0,2452.0,0.0
1.0,2670.0,2777.0,1316.0,0.0,6580.0,6580.0,908.0,408.0,2777.0,0.0
1.0,0.0,2181.0,1348.0,1048.0,6740.0,6740.0,950.0,398.0,2181.0,0.0
1.0,0.0,647.0,1343.0,3660.0,4942.0,4942.0,963.0,380.0,647.0,0.0
1.0,1773.0,250.0,1326.0,6580.0,0.0,0.0,963.0,363.0,0.0,250.0
1.0,8103.0,640.0,1319.0,6740.0,0.0,0.0,963.0,356.0,0.0,640.0
1.0,14203.0,1033.0,1320.0,4942.0,0.0,0.0,953.0,367.0,0.0,1033.0
1.0,18112.0,1179.0,1315.0,0.0,0.0,0.0,926.0,389.0,0.0,1179.0
1.0,16933.0,938.0,1289.0,0.0,0.0,0.0,882.0,407.0,0.0,938.0
1.0,15995.0,873.0,1255.0,0.0,0.0,0.0,842.0,413.0,562.0,311.0
1.0,15122.0,1504.0,1241.0,0.0,0.0,0.0,828.0,413.0,1504.0,0.0
1.0,13618.0,2426.0,1272.0,0.0,0.0,0.0,859.0,413.0,2426.0,0.0
1.0,11192.0,2781.0,1323.0,0.0,0.0,0.0,913.0,410.0,2781.0,0.0
1.0,8411.0,2192.0,1354.0,0.0,551.0,551.0,955.0,399.0,2192.0,0.0
1.0,6219.0,691.0,1349.0,0.0,1217.0,1217.0,968.0,381.0,691.0,0.0
1.0,5528.0,264.0,1332.0,0.0,1396.0,1396.0,968.0,364.0,0.0,264.0
1.0,5264.0,664.0,1326.0,551.0,1479.0,1479.0,968.0,358.0,0.0,664.0
1.0,5151.0,1068.0,1328.0,1217.0,1340.0,1340.0,958.0,370.0,0.0,1068.0
1.0,5300.0,1209.0,1324.0,1396.0,1133.0,1133.0,930.0,394.0,0.0,1209.0
1.0,5487.0,938.0,1297.0,1479.0,457.0,457.0,885.0,412.0,0.0,938.0
1.0,6028.0,897.0,1262.0,1340.0,0.0,0.0,845.0,417.0,631.0,266.0
1.0,6471.0,1562.0,1250.0,1133.0,208.0,208.0,833.0,417.0,1562.0,0.0
1.0,6042.0,2499.0,1284.0,457.0,2420.0,2420.0,867.0,417.0,2499.0,0.0
1.0,4000.0,2814.0,1334.0,0.0,5484.0,5484.0,921.0,413.0,2814.0,0.0
1.0,1186.0,2188.0,1365.0,208.0,6825.0,6825.0,963.0,402.0,2188.0,0.0
1.0,0.0,621.0,1358.0,2420.0,5785.0,5785.0,975.0,383.0,621.0,0.0
1.0,1005.0,248.0,1340.0,5484.0,459.0,459.0,975.0,365.0,0.0,248.0
1.0,6241.0,645.0,1333.0,6825.0,0.0,0.0,975.0,358.0,0.0,645.0
1.0,12421.0,1045.0,1336.0,5785.0,0.0,0.0,965.0,371.0,0.0,1045.0
1.0,17161.0,1206.0,1331.0,459.0,0.0,0.0,937.0,394.0,0.0,1206.0
1.0,16414.0,962.0,1304.0,0.0,0.0,0.0,892.0,412.0,0.0,962.0
1.0,15452.0,912.0,1271.0,0.0,0.0,0.0,852.0,419.0,595.0,317.0
1.0,14540.0,1519.0,1258.0,0.0,0.0,0.0,839.0,419.0,1519.0,0.0
1.0,13021.0,2443.0,1291.0,0.0,0.0,0.0,872.0,419.0,2443.0,0.0
1.0,10578.0,2771.0,1340.0,0.0,0.0,0.0,925.0,415.0,2771.0,0.0
1.0,7807.0,2193.0,1371.0,0.0,1241.0,1241.0,967.0,404.0,2193.0,0.0
1.0,5614.0,707.0,1366.0,0.0,1923.0,1923.0,981.0,385.0,707.0,0.0
1.0,4907.0,240.0,1349.0,0.0,2078.0,2078.0,981.0,368.0,0.0,240.0
1.0,4667.0,649.0,1342.0,1241.0,1451.0,1451.0,981.0,361.0,0.0,649.0
1.0,5259.0,1050.0,1343.0,1923.0,583.0,583.0,969.0,374.0,0.0,1050.0
1.0,6132.0,1204.0,1337.0,2078.0,0.0,0.0,940.0,397.0,0.0,1204.0
1.0,7006.0,950.0,1308.0,1451.0,0.0,0.0,893.0,415.0,0.0,950.0
1.0,7507.0,964.0,1273.0,583.0,0.0,0.0,852.0,421.0,664.0,300.0
1.0,7126.0,1617.0,1263.0,0.0,806.0,806.0,842.0,421.0,1617.0,0.0
1.0,5509.0,2576.0,1301.0,0.0,3572.0,3572.0,880.0,421.0,2576.0,0.0
1.0,2933.0,2867.0,1352.0,0.0,6694.0,6694.0,935.0,417.0,2867.0,0.0
1.0,66.0,2190.0,1382.0,806.0,6910.0,6910.0,977.0,405.0,2190.0,0.0
1.0,0.0,534.0,1372.0,3572.0,5140.0,5140.0,987.0,385.0,534.0,0.0
1.0,1720.0,290.0,1355.0,6694.0,0.0,0.0,987.0,368.0,0.0,290.0
1.0,8124.0,692.0,1350.0,6910.0,0.0,0.0,987.0,363.0,0.0,692.0
1.0,14342.0,1101.0,1354.0,5140.0,0.0,0.0,976.0,378.0,0.0,1101.0
1.0,18381.0,1218.0,1347.0,0.0,0.0,0.0,946.0,401.0,0.0,1218.0
1.0,17163.0,937.0,1319.0,0.0,0.0,0.0,899.0,420.0,0.0,937.0
1.0,16226.0,860.0,1282.0,0.0,0.0,0.0,858.0,424.0,618.0,242.0
1.0,15366.0,1552.0,1269.0,0.0,0.0,0.0,845.0,424.0,1552.0,0.0
1.0,13814.0,2493.0,1305.0,0.0,0.0,0.0,881.0,424.0,2493.0,0.0
1.0,11321.0,2820.0,1354.0,0.0,0.0,0.0,935.0,419.0,2820.0,0.0
1.0,8501.0,2228.0,1385.0,0.0,652.0,652.0,978.0,407.0,2228.0,0.0
1.0,6273.0,689.0,1378.0,0.0,1306.0,1306.0,991.0,387.0,689.0,0.0
1.0,5584.0,281.0,1361.0,0.0,1502.0,1502.0,991.0,370.0,0.0,281.0
1.0,5303.0,682.0,1356.0,652.0,1507.0,1507.0,991.0,365.0,0.0,682.0
1.0,5273.0,1083.0,1360.0,1306.0,1304.0,1304.0,980.0,380.0,0.0,1083.0
1.0,5496.0,1207.0,1355.0,1502.0,984.0,984.0,952.0,403.0,0.0,1207.0
1.0,5791.0,934.0,1326.0,1507.0,266.0,266.0,905.0,421.0,0.0,934.0
1.0,6364.0,938.0,1290.0,1304.0,0.0,0.0,864.0,426.0,669.0,269.0
1.0,6730.0,1640.0,1280.0,984.0,326.0,326.0,854.0,426.0,1640.0,0.0
1.0,6074.0,2595.0,1316.0,266.0,2835.0,2835.0,890.0,426.0,2595.0,0.0
1.0,3745.0,2872.0,1367.0,0.0,5962.0,5962.0,946.0,421.0,2872.0,0.0
1.0,873.0,2180.0,1395.0,326.0,6975.0,6975.0,987.0,408.0,2180.0,0.0
1.0,0.0,545.0,1386.0,2835.0,5621.0,5621.0,998.0,388.0,545.0,0.0
1.0,1309.0,299.0,1368.0,5962.0,0.0,0.0,998.0,370.0,0.0,299.0
1.0,6972.0,714.0,1364.0,6975.0,0.0,0.0,998.0,366.0,0.0,714.0
1.0,13233.0,1126.0,1369.0,5621.0,0.0,0.0,986.0,383.0,0.0,1126.0
1.0,17728.0,1246.0,1362.0,0.0,0.0,0.0,956.0,406.0,0.0,1246.0
1.0,16482.0,939.0,1333.0,0.0,0.0,0.0,908.0,425.0,0.0,939.0
1.0,15543.0,902.0,1296.0,0.0,0.0,0.0,867.0,429.0,682.0,220.0
1.0,14641.0,1625.0,1285.0,0.0,0.0,0.0,856.0,429.0,1625.0,0.0
1.0,13016.0,2575.0,1322.0,0.0,0.0,0.0,893.0,429.0,2575.0,0.0
1.0,10441.0,2860.0,1372.0,0.0,0.0,0.0,948.0,424.0,2860.0,0.0
1.0,7581.0,2208.0,1403.0,0.0,1642.0,1642.0,991.0,412.0,2208.0,0.0
1.0,5373.0,593.0,1394.0,0.0,2190.0,2190.0,1002.0,392.0,593.0,0.0
1.0,4780.0,273.0,1376.0,0.0,2373.0,2373.0,1002.0,374.0,0.0,273.0
1.0,4507.0,682.0,1370.0,1642.0,1383.0,1383.0,1002.0,368.0,0.0,682.0
1.0,5467.0,1091.0,1374.0,2190.0,304.0,304.0,991.0,383.0,0.0,1091.0
1.0,6566.0,1234.0,1369.0,2373.0,0.0,0.0,962.0,407.0,0.0,1234.0
1.0,7705.0,967.0,1340.0,1383.0,0.0,0.0,915.0,425.0,0.0,967.0
1.0,8121.0,996.0,1306.0,304.0,0.0,0.0,875.0,431.0,709.0,287.0
1.0,7429.0,1671.0,1296.0,0.0,722.0,722.0,865.0,431.0,1671.0,0.0
1.0,5758.0,2631.0,1333.0,0.0,3538.0,3538.0,902.0,431.0,2631.0,0.0
1.0,3127.0,2875.0,1383.0,0.0,6663.0,6663.0,957.0,426.0,2875.0,0.0
1.0,252.0,2164.0,1413.0,722.0,7065.0,7065.0,999.0,414.0,2164.0,0.0
1.0,0.0,489.0,1402.0,3538.0,5151.0,5151.0,1008.0,394.0,489.0,0.0
1.0,1859.0,271.0,1384.0,6663.0,0.0,0.0,1008.0,376.0,0.0,271.0
1.0,8251.0,692.0,1379.0,7065.0,0.0,0.0,1008.0,371.0,0.0,692.0
1.0,14624.0,1105.0,1382.0,5151.0,0.0,0.0,996.0,386.0,0.0,1105.0
1.0,18670.0,1245.0,1374.0,0.0,0.0,0.0,964.0,410.0,0.0,1245.0
1.0,17425.0,957.0,1344.0,0.0,0.0,0.0,915.0,429.0,0.0,957.0
1.0,16468.0,1024.0,1308.0,0.0,0.0,0.0,874.0,434.0,763.0,261.0
1.0,15444.0,1727.0,1300.0,0.0,0.0,0.0,866.0,434.0,1727.0,0.0
1.0,13717.0,2708.0,1341.0,0.0,0.0,0.0,907.0,434.0,2708.0,0.0
1.0,11009.0,2918.0,1391.0,0.0,0.0,0.0,963.0,428.0,2918.0,0.0
1.0,8091.0,2153.0,1420.0,0.0,1162.0,1162.0,1005.0,415.0,2153.0,0.0
1.0,5938.0,403.0,1407.0,0.0,1500.0,1500.0,1013.0,394.0,403.0,0.0
1.0,5535.0,292.0,1389.0,0.0,1702.0,1702.0,1013.0,376.0,0.0,292.0
1.0,5243.0,703.0,1384.0,1162.0,1218.0,1218.0,1013.0,371.0,0.0,703.0
1.0,5702.0,1116.0,1389.0,1500.0,859.0,859.0,1001.0,388.0,0.0,1116.0
1.0,6086.0,1248.0,1383.0,1702.0,375.0,375.0,971.0,412.0,0.0,1248.0
1.0,6540.0,966.0,1354.0,1218.0,0.0,0.0,923.0,431.0,0.0,966.0
1.0,6792.0,1041.0,1319.0,859.0,0.0,0.0,883.0,436.0,769.0,272.0
1.0,6610.0,1742.0,1310.0,375.0,1307.0,1307.0,874.0,436.0,1742.0,0.0
1.0,5243.0,2698.0,1349.0,0.0,4200.0,4200.0,913.0,436.0,2698.0,0.0
1.0,2545.0,2891.0,1398.0,0.0,6990.0,6990.0,968.0,430.0,2891.0,0.0
1.0,0.0,2123.0,1426.0,1307.0,7130.0,7130.0,1009.0,417.0,2123.0,0.0
1.0,0.0,404.0,1413.0,4200.0,4431.0,4431.0,1017.0,396.0,404.0,0.0
1.0,2634.0,294.0,1396.0,6990.0,0.0,0.0,1017.0,379.0,0.0,294.0
1.0,9330.0,710.0,1392.0,7130.0,0.0,0.0,1017.0,375.0,0.0,710.0
1.0,15750.0,1122.0,1395.0,4431.0,0.0,0.0,1004.0,391.0,0.0,1122.0
1.0,19059.0,1244.0,1388.0,0.0,0.0,0.0,973.0,415.0,0.0,1244.0
1.0,17815.0,948.0,1356.0,0.0,0.0,0.0,923.0,433.0,0.0,948.0
1.0,16867.0,1085.0,1322.0,0.0,0.0,0.0,884.0,438.0,837.0,248.0
1.0,15782.0,1803.0,1314.0,0.0,0.0,0.0,876.0,438.0,1803.0,0.0
1.0,13979.0,2777.0,1357.0,0.0,0.0,0.0,919.0,438.0,2777.0,0.0
1.0,11202.0,2924.0,1407.0,0.0,0.0,0.0,975.0,432.0,2924.0,0.0
1.0,8278.0,2095.0,1434.0,0.0,987.0,987.0,1016.0,418.0,2095.0,0.0
1.0,6183.0,283.0,1418.0,0.0,1190.0,1190.0,1021.0,397.0,283.0,0.0
1.0,5900.0,330.0,1400.0,0.0,1430.0,1430.0,1021.0,379.0,0.0,330.0
1.0,5570.0,749.0,1397.0,987.0,1177.0,1177.0,1021.0,376.0,0.0,749.0
1.0,5808.0,1173.0,1402.0,1190.0,1185.0,1185.0,1008.0,394.0,0.0,1173.0
1.0,5825.0,1267.0,1395.0,1430.0,987.0,987.0,977.0,418.0,0.0,1267.0
1.0,5988.0,946.0,1363.0,1177.0,596.0,596.0,927.0,436.0,0.0,946.0
1.0,6219.0,1071.0,1329.0,1185.0,312.0,312.0,889.0,440.0,880.0,191.0
1.0,6333.0,1851.0,1322.0,987.0,1141.0,1141.0,882.0,440.0,1851.0,0.0
1.0,5469.0,2819.0,1365.0,596.0,3579.0,3579.0,925.0,440.0,2819.0,0.0
1.0,3246.0,2933.0,1417.0,312.0,6460.0,6460.0,982.0,435.0,2933.0,0.0
1.0,625.0,2079.0,1444.0,1141.0,7220.0,7220.0,1022.0,422.0,2079.0,0.0
1.0,0.0,242.0,1427.0,3579.0,4111.0,4111.0,1026.0,401.0,242.0,0.0
1.0,3024.0,314.0,1409.0,6460.0,0.0,0.0,1026.0,383.0,0.0,314.0
1.0,9170.0,738.0,1405.0,7220.0,0.0,0.0,1026.0,379.0,0.0,738.0
1.0,15652.0,1165.0,1409.0,4111.0,0.0,0.0,1013.0,396.0,0.0,1165.0
1.0,18598.0,1267.0,1400.0,0.0,0.0,0.0,980.0,420.0,0.0,1267.0
1.0,17331.0,951.0,1368.0,0.0,0.0,0.0,930.0,438.0,0.0,951.0
1.0,16380.0,1108.0,1334.0,0.0,0.0,0.0,892.0,442.0,897.0,211.0
1.0,15272.0,1894.0,1329.0,0.0,0.0,0.0,887.0,442.0,1894.0,0.0
1.0,13378.0,2897.0,1375.0,0.0,0.0,0.0,933.0,442.0,2897.0,0.0
1.0,10481.0,2974.0,1427.0,0.0,0.0,0.0,990.0,437.0,2974.0,0.0
1.0,7507.0,2055.0,1454.0,0.0,1818.0,1818.0,1030.0,424.0,2055.0,0.0
1.0,5452.0,130.0,1434.0,0.0,1848.0,1848.0,1032.0,402.0,130.0,0.0
1.0,5322.0,325.0,1417.0,0.0,2088.0,2088.0,1032.0,385.0,0.0,325.0
1.0,4997.0,753.0,1413.0,1818.0,1003.0,1003.0,1032.0,381.0,0.0,753.0
1.0,6062.0,1181.0,1416.0,1848.0,351.0,351.0,1017.0,399.0,0.0,1181.0
1.0,6729.0,1284.0,1407.0,2088.0,0.0,0.0,984.0,423.0,0.0,1284.0
1.0,7533.0,957.0,1374.0,1003.0,0.0,0.0,932.0,442.0,0.0,957.0
1.0,7579.0,1120.0,1339.0,351.0,0.0,0.0,894.0,445.0,923.0,197.0
1.0,6810.0,1907.0,1334.0,0.0,1767.0,1767.0,889.0,445.0,1907.0,0.0
1.0,4903.0,2906.0,1382.0,0.0,4913.0,4913.0,937.0,445.0,2906.0,0.0
1.0,1997.0,2982.0,1435.0,0.0,7175.0,7175.0,995.0,440.0,2982.0,0.0
1.0,0.0,2076.0,1460.0,1767.0,7300.0,7300.0,1034.0,426.0,2076.0,0.0
1.0,0.0,174.0,1443.0,4913.0,3770.0,3770.0,1038.0,405.0,174.0,0.0
1.0,3445.0,321.0,1425.0,7175.0,0.0,0.0,1038.0,387.0,0.0,321.0
1.0,10299.0,740.0,1421.0,7300.0,0.0,0.0,1038.0,383.0,0.0,740.0
1.0,16859.0,1163.0,1423.0,3770.0,0.0,0.0,1023.0,400.0,0.0,1163.0
1.0,19466.0,1266.0,1414.0,0.0,0.0,0.0,990.0,424.0,0.0,1266.0
1.0,18200.0,955.0,1380.0,0.0,0.0,0.0,938.0,442.0,0.0,955.0
1.0,17245.0,1140.0,1347.0,0.0,0.0,0.0,900.0,447.0,910.0,230.0
1.0,16105.0,1912.0,1342.0,0.0,0.0,0.0,895.0,447.0,1912.0,0.0
1.0,14193.0,2910.0,1391.0,0.0,0.0,0.0,944.0,447.0,2910.0,0.0
1.0,11283.0,2986.0,1442.0,0.0,0.0,0.0,1001.0,441.0,2986.0,0.0
1.0,8297.0,2071.0,1469.0,0.0,1119.0,1119.0,1041.0,428.0,2071.0,0.0
1.0,6226.0,167.0,1450.0,0.0,1191.0,1191.0,1044.0,406.0,167.0,0.0
1.0,6059.0,344.0,1433.0,0.0,1450.0,1450.0,1044.0,389.0,0.0,344.0
1.0,5715.0,772.0,1429.0,1119.0,1083.0,1083.0,1044.0,385.0,0.0,772.0
1.0,6062.0,1206.0,1432.0,1191.0,1113.0,1113.0,1028.0,404.0,0.0,1206.0
1.0,6047.0,1287.0,1422.0,1450.0,900.0,900.0,993.0,429.0,0.0,1287.0
1.0,6210.0,946.0,1387.0,1083.0,588.0,588.0,940.0,447.0,0.0,946.0
1.0,6347.0,1138.0,1352.0,1113.0,438.0,438.0,902.0,450.0,971.0,167.0
1.0,6322.0,1973.0,1350.0,900.0,1501.0,1501.0,900.0,450.0,1973.0,0.0
1.0,5249.0,2991.0,1402.0,588.0,4164.0,4164.0,952.0,450.0,2991.0,0.0
1.0,2846.0,3029.0,1454.0,438.0,7015.0,7015.0,1010.0,444.0,3029.0,0.0
1.0,255.0,2060.0,1479.0,1501.0,7395.0,7395.0,1050.0,429.0,2060.0,0.0
1.0,0.0,68.0,1458.0,4164.0,3498.0,3498.0,1051.0,407.0,68.0,0.0
1.0,3792.0,354.0,1440.0,7015.0,0.0,0.0,1051.0,389.0,0.0,354.0
1.0,10453.0,784.0,1437.0,7395.0,0.0,0.0,1051.0,386.0,0.0,784.0
1.0,17064.0,1217.0,1440.0,3498.0,0.0,0.0,1034.0,406.0,0.0,1217.0
1.0,19345.0,1302.0,1430.0,0.0,0.0,0.0,999.0,431.0,0.0,1302.0
1.0,18043.0,952.0,1394.0,0.0,0.0,0.0,945.0,449.0,0.0,952.0
1.0,17091.0,1123.0,1359.0,0.0,0.0,0.0,907.0,452.0,959.0,164.0
1.0,15968.0,1964.0,1356.0,0.0,0.0,0.0,904.0,452.0,1964.0,0.0
1.0,14004.0,2973.0,1409.0,0.0,0.0,0.0,957.0,452.0,2973.0,0.0
1.0,11031.0,3012.0,1461.0,0.0,0.0,0.0,1015.0,446.0,3012.0,0.0
1.0,8019.0,2053.0,1486.0,0.0,1464.0,1464.0,1054.0,432.0,2053.0,0.0
1.0,5966.0,94.0,1466.0,0.0,1458.0,1458.0,1056.0,410.0,94.0,0.0
1.0,5872.0,338.0,1448.0,0.0,1706.0,1706.0,1056.0,392.0,0.0,338.0
1.0,5534.0,777.0,1444.0,1464.0,999.0,999.0,1056.0,388.0,0.0,777.0
1.0,6221.0,1209.0,1447.0,1458.0,765.0,765.0,1039.0,408.0,0.0,1209.0
1.0,6470.0,1299.0,1434.0,1706.0,293.0,293.0,1002.0,432.0,0.0,1299.0
1.0,6877.0,951.0,1398.0,999.0,65.0,65.0,947.0,451.0,0.0,951.0
1.0,6925.0,1180.0,1363.0,765.0,305.0,305.0,909.0,454.0,1005.0,175.0
1.0,6510.0,2026.0,1362.0,293.0,2033.0,2033.0,908.0,454.0,2026.0,0.0
1.0,4777.0,3050.0,1418.0,65.0,5298.0,5298.0,964.0,454.0,3050.0,0.0
1.0,1792.0,3065.0,1471.0,305.0,7355.0,7355.0,1023.0,448.0,3065.0,0.0
1.0,0.0,2047.0,1496.0,2033.0,7480.0,7480.0,1063.0,433.0,2047.0,0.0
1.0,0.0,10.0,1474.0,5298.0,3064.0,3064.0,1063.0,411.0,10.0,0.0
1.0,4306.0,367.0,1456.0,7355.0,0.0,0.0,1063.0,393.0,0.0,367.0
1.0,11294.0,804.0,1453.0,7480.0,0.0,0.0,1063.0,390.0,0.0,804.0
1.0,17970.0,1244.0,1455.0,3064.0,0.0,0.0,1045.0,410.0,0.0,1244.0
1.0,19790.0,1315.0,1445.0,0.0,0.0,0.0,1009.0,436.0,0.0,1315.0
1.0,18475.0,943.0,1407.0,0.0,0.0,0.0,953.0,454.0,0.0,943.0
1.0,17532.0,1137.0,1371.0,0.0,0.0,0.0,915.0,456.0,1008.0,129.0
1.0,16395.0,2010.0,1369.0,0.0,0.0,0.0,913.0,456.0,2010.0,0.0
1.0,14385.0,3020.0,1424.0,0.0,0.0,0.0,968.0,456.0,3020.0,0.0
1.0,11365.0,3028.0,1476.0,0.0,0.0,0.0,1026.0,450.0,3028.0,0.0
1.0,8337.0,2061.0,1502.0,0.0,1234.0,1234.0,1066.0,436.0,2061.0,0.0
1.0,6276.0,73.0,1480.0,0.0,1197.0,1197.0,1067.0,413.0,73.0,0.0
1.0,6203.0,375.0,1463.0,0.0,1487.0,1487.0,1067.0,396.0,0.0,375.0
1.0,5828.0,804.0,1460.0,1234.0,1042.0,1042.0,1067.0,393.0,0.0,804.0
1.0,6258.0,1233.0,1463.0,1197.0,1093.0,1093.0,1050.0,413.0,0.0,1233.0
1.0,6222.0,1293.0,1451.0,1487.0,839.0,839.0,1013.0,438.0,0.0,1293.0
1.0,6416.0,927.0,1412.0,1042.0,529.0,529.0,957.0,455.0,0.0,927.0
1.0,6531.0,1136.0,1377.0,1093.0,397.0,397.0,919.0,458.0,1003.0,133.0
1.0,6488.0,2032.0,1376.0,839.0,1585.0,1585.0,918.0,458.0,2032.0,0.0
1.0,5295.0,3056.0,1432.0,529.0,4392.0,4392.0,974.0,458.0,3056.0,0.0
1.0,2768.0,3078.0,1484.0,397.0,7333.0,7333.0,1033.0,451.0,3078.0,0.0
1.0,87.0,2056.0,1509.0,1585.0,7545.0,7545.0,1073.0,436.0,2056.0,0.0
1.0,0.0,10.0,1486.0,4392.0,3432.0,3432.0,1073.0,413.0,10.0,0.0
1.0,3998.0,425.0,1470.0,7333.0,0.0,0.0,1073.0,397.0,0.0,425.0
1.0,10906.0,866.0,1468.0,7545.0,0.0,0.0,1073.0,395.0,0.0,866.0
1.0,17585.0,1307.0,1471.0,3432.0,0.0,0.0,1054.0,417.0,0.0,1307.0
1.0,19710.0,1323.0,1458.0,0.0,0.0,0.0,1016.0,442.0,0.0,1323.0
1.0,18387.0,935.0,1419.0,0.0,0.0,0.0,959.0,460.0,34.0,901.0
1.0,17452.0,1082.0,1381.0,0.0,0.0,0.0,921.0,460.0,1052.0,30.0
1.0,16370.0,2074.0,1382.0,0.0,0.0,0.0,922.0,460.0,2074.0,0.0
1.0,14296.0,3076.0,1439.0,0.0,0.0,0.0,979.0,460.0,3076.0,0.0
1.0,11220.0,3062.0,1492.0,0.0,0.0,0.0,1038.0,454.0,3062.0,0.0
1.0,8158.0,2028.0,1516.0,0.0,1450.0,1450.0,1077.0,439.0,2028.0,0.0
1.0,6130.0,0.0,1492.0,0.0,1330.0,1330.0,1077.0,415.0,0.0,0.0
1.0,6130.0,420.0,1475.0,0.0,1665.0,1665.0,1077.0,398.0,0.0,420.0
1.0,5710.0,856.0,1473.0,1450.0,1061.0,1061.0,1077.0,396.0,0.0,856.0
1.0,6304.0,1296.0,1477.0,1330.0,1047.0,1047.0,1059.0,418.0,0.0,1296.0
1.0,6338.0,1319.0,1464.0,1665.0,636.0,636.0,1021.0,443.0,0.0,1319.0
1.0,6684.0,951.0,1426.0,1061.0,336.0,336.0,965.0,461.0,40.0,911.0
1.0,6794.0,1143.0,1390.0,1047.0,252.0,252.0,928.0,462.0,1085.0,58.0
1.0,6698.0,2125.0,1391.0,636.0,1746.0,1746.0,929.0,462.0,2125.0,0.0
1.0,5209.0,3113.0,1449.0,336.0,4813.0,4813.0,987.0,462.0,3113.0,0.0
1.0,2432.0,3051.0,1502.0,252.0,7510.0,7510.0,1046.0,456.0,3051.0,0.0
1.0,0.0,1942.0,1524.0,1746.0,7620.0,7620.0,1083.0,441.0,1942.0,0.0
1.0,0.0,0.0,1500.0,4813.0,3250.0,3250.0,1083.0,417.0,0.0,0.0
1.0,4250.0,425.0,1484.0,7510.0,0.0,0.0,1083.0,401.0,0.0,425.0
1.0,11335.0,875.0,1482.0,7620.0,0.0,0.0,1083.0,399.0,0.0,875.0
1.0,18080.0,1322.0,1485.0,3250.0,0.0,0.0,1064.0,421.0,0.0,1322.0
1.0,20008.0,1342.0,1472.0,0.0,0.0,0.0,1025.0,447.0,0.0,1342.0
1.0,18666.0,959.0,1431.0,0.0,0.0,0.0,967.0,464.0,54.0,905.0
1.0,17707.0,1099.0,1394.0,0.0,0.0,0.0,929.0,465.0,1074.0,25.0
1.0,16608.0,2114.0,1395.0,0.0,0.0,0.0,930.0,465.0,2114.0,0.0
1.0,14494.0,3096.0,1455.0,0.0,0.0,0.0,990.0,465.0,3096.0,0.0
1.0,11398.0,3081.0,1507.0,0.0,0.0,0.0,1049.0,458.0,3081.0,0.0
1.0,8317.0,2011.0,1529.0,0.0,1339.0,1339.0,1087.0,442.0,2011.0,0.0
1.0,6306.0,0.0,1505.0,0.0,1219.0,1219.0,1087.0,418.0,0.0,0.0
1.0,6306.0,423.0,1488.0,0.0,1557.0,1557.0,1087.0,401.0,0.0,423.0
1.0,5883.0,866.0,1487.0,1339.0,1079.0,1079.0,1087.0,400.0,0.0,866.0
1.0,6356.0,1312.0,1491.0,1219.0,1192.0,1192.0,1068.0,423.0,0.0,1312.0
1.0,6263.0,1336.0,1477.0,1557.0,901.0,901.0,1029.0,448.0,0.0,1336.0
1.0,6484.0,984.0,1439.0,1079.0,616.0,616.0,973.0,466.0,63.0,921.0
1.0,6579.0,1170.0,1403.0,1192.0,414.0,414.0,936.0,467.0,1111.0,59.0
1.0,6601.0,2139.0,1404.0,901.0,1657.0,1657.0,937.0,467.0,2139.0,0.0
1.0,5363.0,3111.0,1463.0,616.0,4447.0,4447.0,996.0,467.0,3111.0,0.0
1.0,2868.0,3040.0,1514.0,414.0,7328.0,7328.0,1054.0,460.0,3040.0,0.0
1.0,242.0,1949.0,1536.0,1657.0,7680.0,7680.0,1092.0,444.0,1949.0,0.0
1.0,0.0,0.0,1513.0,4447.0,3168.0,3168.0,1092.0,421.0,0.0,0.0
1.0,4397.0,433.0,1496.0,7328.0,0.0,0.0,1092.0,404.0,0.0,433.0
1.0,11292.0,885.0,1495.0,7680.0,0.0,0.0,1092.0,403.0,0.0,885.0
1.0,18087.0,1331.0,1498.0,3168.0,0.0,0.0,1072.0,426.0,0.0,1331.0
1.0,19924.0,1342.0,1485.0,0.0,0.0,0.0,1033.0,452.0,0.0,1342.0
1.0,18582.0,1036.0,1447.0,0.0,0.0,0.0,977.0,470.0,134.0,902.0
1.0,17546.0,1204.0,1410.0,0.0,0.0,0.0,940.0,470.0,1180.0,24.0
1.0,16342.0,2249.0,1414.0,0.0,0.0,0.0,944.0,470.0,2249.0,0.0
1.0,14093.0,3166.0,1475.0,0.0,0.0,0.0,1005.0,470.0,3166.0,0.0
1.0,10927.0,3049.0,1526.0,0.0,0.0,0.0,1064.0,462.0,3049.0,0.0
1.0,7878.0,1847.0,1544.0,0.0,1689.0,1689.0,1099.0,445.0,1847.0,0.0
1.0,6031.0,6.0,1519.0,0.0,1570.0,1570.0,1099.0,420.0,0.0,6.0
1.0,6025.0,452.0,1502.0,0.0,1937.0,1937.0,1099.0,403.0,0.0,452.0
1.0,5573.0,900.0,1501.0,1689.0,1143.0,1143.0,1098.0,403.0,0.0,900.0
1.0,6362.0,1352.0,1507.0,1570.0,955.0,955.0,1078.0,429.0,0.0,1352.0
1.0,6580.0,1353.0,1493.0,1937.0,301.0,301.0,1038.0,455.0,0.0,1353.0
1.0,7164.0,1033.0,1453.0,1143.0,0.0,0.0,981.0,472.0,123.0,910.0
1.0,7274.0,1184.0,1417.0,955.0,40.0,40.0,945.0,472.0,1177.0,7.0
1.0,7045.0,2229.0,1421.0,301.0,1988.0,1988.0,949.0,472.0,2229.0,0.0
1.0,5117.0,3154.0,1482.0,0.0,5447.0,5447.0,1010.0,472.0,3154.0,0.0
1.0,1963.0,3023.0,1532.0,40.0,7660.0,7660.0,1068.0,464.0,3023.0,0.0
1.0,0.0,1863.0,1552.0,1988.0,7760.0,7760.0,1104.0,448.0,1863.0,0.0
1.0,0.0,0.0,1527.0,5447.0,3083.0,3083.0,1104.0,423.0,0.0,0.0
1.0,4552.0,460.0,1510.0,7660.0,0.0,0.0,1104.0,406.0,0.0,460.0
1.0,11752.0,915.0,1510.0,7760.0,0.0,0.0,1103.0,407.0,0.0,915.0
1.0,18597.0,1366.0,1514.0,3083.0,0.0,0.0,1082.0,432.0,0.0,1366.0
1.0,20314.0,1360.0,1499.0,0.0,0.0,0.0,1041.0,458.0,0.0,1360.0
1.0,18954.0,1084.0,1460.0,0.0,0.0,0.0,985.0,475.0,184.0,900.0
1.0,17870.0,1255.0,1425.0,0.0,0.0,0.0,950.0,475.0,1255.0,0.0
1.0,16615.0,2329.0,1433.0,0.0,0.0,0.0,958.0,475.0,2329.0,0.0
1.0,14286.0,3194.0,1494.0,0.0,0.0,0.0,1019.0,475.0,3194.0,0.0
1.0,11092.0,2994.0,1544.0,0.0,0.0,0.0,1077.0,467.0,2994.0,0.0
1.0,8098.0,1724.0,1560.0,0.0,1426.0,1426.0,1110.0,450.0,1724.0,0.0
1.0,6374.0,0.0,1535.0,0.0,1301.0,1301.0,1110.0,425.0,0.0,0.0
1.0,6374.0,450.0,1518.0,0.0,1666.0,1666.0,1110.0,408.0,0.0,450.0
1.0,5924.0,908.0,1517.0,1426.0,1143.0,1143.0,1109.0,408.0,0.0,908.0
1.0,6442.0,1370.0,1522.0,1301.0,1237.0,1237.0,1088.0,434.0,0.0,1370.0
1.0,6373.0,1374.0,1508.0,1666.0,875.0,875.0,1048.0,460.0,0.0,1374.0
1.0,6665.0,1129.0,1470.0,1143.0,671.0,671.0,992.0,478.0,211.0,918.0
1.0,6679.0,1264.0,1435.0,1237.0,523.0,523.0,957.0,478.0,1264.0,0.0
1.0,6652.0,2318.0,1441.0,875.0,1996.0,1996.0,963.0,478.0,2318.0,0.0
1.0,5209.0,3186.0,1502.0,671.0,4816.0,4816.0,1024.0,478.0,3186.0,0.0
1.0,2694.0,3001.0,1551.0,523.0,7539.0,7539.0,1082.0,469.0,3001.0,0.0
1.0,216.0,1766.0,1569.0,1996.0,7399.0,7399.0,1116.0,453.0,1766.0,0.0
1.0,446.0,3.0,1544.0,4816.0,2461.0,2461.0,1116.0,428.0,0.0,3.0
1.0,5259.0,464.0,1527.0,7539.0,0.0,0.0,1116.0,411.0,0.0,464.0
1.0,12334.0,914.0,1526.0,7399.0,0.0,0.0,1115.0,411.0,0.0,914.0
1.0,18819.0,1365.0,1529.0,2461.0,0.0,0.0,1093.0,436.0,0.0,1365.0
1.0,19915.0,1356.0,1514.0,0.0,0.0,0.0,1052.0,462.0,0.0,1356.0
1.0,18559.0,1135.0,1476.0,0.0,0.0,0.0,997.0,479.0,229.0,906.0
1.0,17424.0,1312.0,1443.0,0.0,0.0,0.0,963.0,480.0,1302.0,10.0
1.0,16112.0,2384.0,1452.0,0.0,0.0,0.0,972.0,480.0,2384.0,0.0
1.0,13728.0,3222.0,1514.0,0.0,0.0,0.0,1034.0,480.0,3222.0,0.0
1.0,10506.0,2991.0,1562.0,0.0,295.0,295.0,1091.0,471.0,2991.0,0.0
1.0,7515.0,1667.0,1577.0,0.0,2037.0,2037.0,1123.0,454.0,1667.0,0.0
1.0,5848.0,40.0,1552.0,0.0,1952.0,1952.0,1123.0,429.0,0.0,40.0
1.0,5808.0,498.0,1536.0,295.0,2075.0,2075.0,1123.0,413.0,0.0,498.0
1.0,5605.0,959.0,1535.0,2037.0,992.0,992.0,1121.0,414.0,0.0,959.0
1.0,6683.0,1379.0,1538.0,1952.0,434.0,434.0,1098.0,440.0,0.0,1379.0
1.0,7256.0,1335.0,1521.0,2075.0,0.0,0.0,1055.0,466.0,0.0,1335.0
1.0,7996.0,1061.0,1480.0,992.0,0.0,0.0,998.0,482.0,229.0,832.0
1.0,7927.0,1291.0,1447.0,434.0,165.0,165.0,965.0,482.0,1291.0,0.0
1.0,7070.0,2365.0,1457.0,0.0,2580.0,2580.0,975.0,482.0,2365.0,0.0
1.0,4705.0,3216.0,1518.0,0.0,6101.0,6101.0,1036.0,482.0,3216.0,0.0
1.0,1489.0,2995.0,1567.0,165.0,7835.0,7835.0,1094.0,473.0,2995.0,0.0
1.0,0.0,1710.0,1583.0,2580.0,7915.0,7915.0,1127.0,456.0,1710.0,0.0
1.0,0.0,57.0,1558.0,6101.0,2217.0,2217.0,1127.0,431.0,0.0,57.0
1.0,5573.0,511.0,1542.0,7835.0,0.0,0.0,1127.0,415.0,0.0,511.0
1.0,12897.0,967.0,1540.0,7915.0,0.0,0.0,1124.0,416.0,0.0,967.0
1.0,19845.0,1375.0,1544.0,2217.0,0.0,0.0,1102.0,442.0,0.0,1375.0
1.0,20687.0,1337.0,1527.0,0.0,0.0,0.0,1059.0,468.0,0.0,1337.0
1.0,19350.0,1066.0,1487.0,0.0,0.0,0.0,1003.0,484.0,228.0,838.0
1.0,18284.0,1312.0,1454.0,0.0,0.0,0.0,970.0,484.0,1312.0,0.0
1.0,16972.0,2379.0,1464.0,0.0,0.0,0.0,980.0,484.0,2379.0,0.0
1.0,14593.0,3225.0,1526.0,0.0,0.0,0.0,1042.0,484.0,3225.0,0.0
1.0,11368.0,2986.0,1574.0,0.0,0.0,0.0,1099.0,475.0,2986.0,0.0
1.0,8382.0,1684.0,1590.0,0.0,1252.0,1252.0,1132.0,458.0,1684.0,0.0
1.0,6698.0,49.0,1564.0,0.0,1171.0,1171.0,1132.0,432.0,0.0,49.0
1.0,6649.0,519.0,1548.0,0.0,1610.0,1610.0,1132.0,416.0,0.0,519.0
1.0,6130.0,987.0,1546.0,1252.0,1335.0,1335.0,1128.0,418.0,0.0,987.0
1.0,6395.0,1402.0,1549.0,1171.0,1581.0,1581.0,1104.0,445.0,0.0,1402.0
1.0,6164.0,1352.0,1530.0,1610.0,1228.0,1228.0,1059.0,471.0,0.0,1352.0
1.0,6422.0,1111.0,1490.0,1335.0,804.0,804.0,1003.0,487.0,287.0,824.0
1.0,6646.0,1367.0,1459.0,1581.0,435.0,435.0,972.0,487.0,1367.0,0.0
1.0,6860.0,2455.0,1473.0,1228.0,1732.0,1732.0,986.0,487.0,2455.0,0.0
1.0,5633.0,3258.0,1536.0,804.0,4501.0,4501.0,1049.0,487.0,3258.0,0.0
1.0,3179.0,2990.0,1584.0,435.0,7296.0,7296.0,1106.0,478.0,2990.0,0.0
1.0,624.0,1616.0,1597.0,1732.0,7245.0,7245.0,1137.0,460.0,1616.0,0.0
1.0,740.0,41.0,1572.0,4501.0,2660.0,2660.0,1137.0,435.0,0.0,41.0
1.0,5200.0,510.0,1555.0,7296.0,0.0,0.0,1137.0,418.0,0.0,510.0
1.0,11986.0,983.0,1552.0,7245.0,0.0,0.0,1133.0,419.0,0.0,983.0
1.0,18248.0,1410.0,1556.0,2660.0,0.0,0.0,1109.0,447.0,0.0,1410.0
1.0,19498.0,1366.0,1537.0,0.0,0.0,0.0,1064.0,473.0,0.0,1366.0
1.0,18132.0,1130.0,1497.0,0.0,0.0,0.0,1008.0,489.0,282.0,848.0
1.0,17002.0,1360.0,1466.0,0.0,0.0,0.0,977.0,489.0,1360.0,0.0
1.0,15642.0,2442.0,1479.0,0.0,0.0,0.0,990.0,489.0,2442.0,0.0
1.0,13200.0,3246.0,1541.0,0.0,0.0,0.0,1052.0,489.0,3246.0,0.0
1.0,9954.0,2992.0,1590.0,0.0,988.0,988.0,1110.0,480.0,2992.0,0.0
1.0,6962.0,1647.0,1604.0,0.0,2705.0,2705.0,1141.0,463.0,1647.0,0.0
1.0,5315.0,30.0,1578.0,0.0,2605.0,2605.0,1141.0,437.0,0.0,30.0
1.0,5285.0,505.0,1562.0,988.0,2042.0,2042.0,1141.0,421.0,0.0,505.0
1.0,5768.0,969.0,1559.0,2705.0,291.0,291.0,1137.0,422.0,0.0,969.0
1.0,7504.0,1404.0,1561.0,2605.0,0.0,0.0,1112.0,449.0,0.0,1404.0
1.0,8705.0,1359.0,1541.0,2042.0,0.0,0.0,1066.0,475.0,0.0,1359.0
1.0,9388.0,1165.0,1501.0,291.0,0.0,0.0,1010.0,491.0,310.0,855.0
1.0,8514.0,1418.0,1471.0,0.0,259.0,259.0,980.0,491.0,1418.0,0.0
1.0,7096.0,2529.0,1488.0,0.0,2873.0,2873.0,997.0,491.0,2529.0,0.0
1.0,4567.0,3325.0,1550.0,0.0,6508.0,6508.0,1060.0,490.0,3325.0,0.0
1.0,1242.0,3001.0,1599.0,259.0,7995.0,7995.0,1118.0,481.0,3001.0,0.0
1.0,0.0,1561.0,1610.0,2873.0,8050.0,8050.0,1148.0,462.0,1561.0,0.0
1.0,0.0,52.0,1585.0,6508.0,1657.0,1657.0,1148.0,437.0,0.0,52.0
1.0,6268.0,522.0,1569.0,7995.0,0.0,0.0,1148.0,421.0,0.0,522.0
1.0,13741.0,991.0,1568.0,8050.0,0.0,0.0,1144.0,424.0,0.0,991.0
1.0,20800.0,1415.0,1571.0,1657.0,0.0,0.0,1119.0,452.0,0.0,1415.0
1.0,21042.0,1368.0,1551.0,0.0,0.0,0.0,1073.0,478.0,0.0,1368.0
1.0,19674.0,1120.0,1511.0,0.0,0.0,0.0,1017.0,494.0,274.0,846.0
1.0,18554.0,1363.0,1480.0,0.0,0.0,0.0,986.0,494.0,1363.0,0.0
1.0,17191.0,2461.0,1494.0,0.0,0.0,0.0,1000.0,494.0,2461.0,0.0
1.0,14730.0,3277.0,1556.0,0.0,0.0,0.0,1063.0,493.0,3277.0,0.0
1.0,11453.0,3026.0,1604.0,0.0,0.0,0.0,1121.0,483.0,3026.0,0.0
1.0,8427.0,1688.0,1619.0,0.0,1356.0,1356.0,1154.0,465.0,1688.0,0.0
1.0,6739.0,45.0,1593.0,0.0,1271.0,1271.0,1154.0,439.0,0.0,45.0
1.0,6694.0,512.0,1577.0,0.0,1703.0,1703.0,1154.0,423.0,0.0,512.0
1.0,6182.0,981.0,1575.0,1356.0,1318.0,1318.0,1149.0,426.0,0.0,981.0
1.0,6557.0,1410.0,1577.0,1271.0,1467.0,1467.0,1124.0,453.0,0.0,1410.0
1.0,6418.0,1374.0,1557.0,1703.0,1038.0,1038.0,1078.0,479.0,0.0,1374.0
1.0,6747.0,1194.0,1518.0,1318.0,719.0,719.0,1022.0,496.0,322.0,872.0
1.0,6871.0,1434.0,1489.0,1467.0,541.0,541.0,993.0,496.0,1434.0,0.0
1.0,6904.0,2539.0,1505.0,1038.0,2122.0,2122.0,1009.0,496.0,2539.0,0.0
1.0,5403.0,3314.0,1568.0,719.0,5032.0,5032.0,1073.0,495.0,3314.0,0.0
1.0,2808.0,2989.0,1615.0,541.0,7715.0,7715.0,1130.0,485.0,2989.0,0.0
1.0,360.0,1548.0,1626.0,2122.0,7196.0,7196.0,1160.0,466.0,1548.0,0.0
1.0,934.0,51.0,1600.0,5032.0,2085.0,2085.0,1160.0,440.0,0.0,51.0
1.0,5915.0,533.0,1585.0,7715.0,0.0,0.0,1160.0,425.0,0.0,533.0
1.0,13097.0,1015.0,1582.0,7196.0,0.0,0.0,1154.0,428.0,0.0,1015.0
1.0,19278.0,1442.0,1584.0,2085.0,0.0,0.0,1128.0,456.0,0.0,1442.0
1.0,19921.0,1382.0,1564.0,0.0,0.0,0.0,1081.0,483.0,0.0,1382.0
1.0,18539.0,1190.0,1524.0,0.0,0.0,0.0,1025.0,499.0,353.0,837.0
1.0,17349.0,1459.0,1495.0,0.0,0.0,0.0,996.0,499.0,1459.0,0.0
1.0,15890.0,2582.0,1513.0,0.0,0.0,0.0,1014.0,499.0,2582.0,0.0
1.0,13308.0,3356.0,1577.0,0.0,0.0,0.0,1079.0,498.0,3356.0,0.0
1.0,9952.0,3026.0,1625.0,0.0,1199.0,1199.0,1137.0,488.0,3026.0,0.0
1.0,6926.0,1561.0,1636.0,0.0,2815.0,2815.0,1167.0,469.0,1561.0,0.0
1.0,5365.0,40.0,1610.0,0.0,2725.0,2725.0,1167.0,443.0,0.0,40.0
1.0,5325.0,513.0,1593.0,1199.0,1954.0,1954.0,1167.0,426.0,0.0,513.0
1.0,6011.0,987.0,1591.0,2815.0,116.0,116.0,1162.0,429.0,0.0,987.0
1.0,7839.0,1424.0,1591.0,2725.0,0.0,0.0,1135.0,456.0,0.0,1424.0
1.0,9140.0,1388.0,1571.0,1954.0,0.0,0.0,1088.0,483.0,0.0,1388.0
1.0,9706.0,1179.0,1532.0,116.0,0.0,0.0,1032.0,500.0,294.0,885.0
1.0,8643.0,1417.0,1501.0,0.0,279.0,279.0,1001.0,500.0,1417.0,0.0
1.0,7226.0,2529.0,1518.0,0.0,2893.0,2893.0,1018.0,500.0,2529.0,0.0
1.0,4697.0,3332.0,1582.0,0.0,6545.0,6545.0,1082.0,500.0,3332.0,0.0
1.0,1365.0,3026.0,1631.0,279.0,8155.0,8155.0,1141.0,490.0,3026.0,0.0
1.0,0.0,1605.0,1643.0,2893.0,8215.0,8215.0,1172.0,471.0,1605.0,0.0
1.0,0.0,60.0,1617.0,6545.0,1694.0,1694.0,1172.0,445.0,0.0,60.0
1.0,6391.0,539.0,1602.0,8155.0,0.0,0.0,1172.0,430.0,0.0,539.0
1.0,14007.0,1020.0,1599.0,8215.0,0.0,0.0,1166.0,433.0,0.0,1020.0
1.0,21202.0,1441.0,1598.0,1694.0,0.0,0.0,1138.0,460.0,0.0,1441.0
1.0,21455.0,1375.0,1577.0,0.0,0.0,0.0,1090.0,487.0,0.0,1375.0
1.0,20080.0,1202.0,1536.0,0.0,0.0,0.0,1033.0,503.0,369.0,833.0
1.0,18878.0,1502.0,1507.0,0.0,0.0,0.0,1004.0,503.0,1502.0,0.0
1.0,17376.0,2632.0,1528.0,0.0,0.0,0.0,1025.0,503.0,2632.0,0.0
1.0,14744.0,3382.0,1592.0,0.0,0.0,0.0,1090.0,502.0,3382.0,0.0
1.0,11362.0,3011.0,1640.0,0.0,0.0,0.0,1148.0,492.0,3011.0,0.0
1.0,8351.0,1499.0,1649.0,0.0,1393.0,1393.0,1176.0,473.0,1499.0,0.0
1.0,6852.0,82.0,1623.0,0.0,1345.0,1345.0,1176.0,447.0,0.0,82.0
1.0,6770.0,559.0,1608.0,0.0,1829.0,1829.0,1176.0,432.0,0.0,559.0
1.0,6211.0,1042.0,1606.0,1393.0,1468.0,1468.0,1171.0,435.0,0.0,1042.0
1.0,6562.0,1444.0,1608.0,1345.0,1577.0,1577.0,1145.0,463.0,0.0,1444.0
1.0,6463.0,1368.0,1588.0,1829.0,1016.0,1016.0,1098.0,490.0,0.0,1368.0
1.0,6924.0,1186.0,1547.0,1468.0,529.0,529.0,1042.0,505.0,373.0,813.0
1.0,7206.0,1494.0,1517.0,1577.0,296.0,296.0,1012.0,505.0,1494.0,0.0
1.0,7289.0,2608.0,1535.0,1016.0,1978.0,1978.0,1030.0,505.0,2608.0,0.0
1.0,5697.0,3349.0,1598.0,529.0,5113.0,5113.0,1094.0,504.0,3349.0,0.0
1.0,2877.0,2992.0,1646.0,296.0,8049.0,8049.0,1152.0,494.0,2992.0,0.0
1.0,181.0,1515.0,1657.0,1978.0,7641.0,7641.0,1181.0,476.0,1515.0,0.0
1.0,644.0,85.0,1631.0,5113.0,2483.0,2483.0,1181.0,450.0,0.0,85.0
1.0,5672.0,572.0,1616.0,8049.0,0.0,0.0,1181.0,435.0,0.0,572.0
1.0,13149.0,1057.0,1613.0,7641.0,0.0,0.0,1175.0,438.0,0.0,1057.0
1.0,19733.0,1452.0,1613.0,2483.0,0.0,0.0,1147.0,466.0,0.0,1452.0
1.0,20764.0,1363.0,1590.0,0.0,0.0,0.0,1098.0,492.0,0.0,1363.0
1.0,19401.0,1236.0,1551.0,0.0,0.0,0.0,1043.0,508.0,437.0,799.0
1.0,18165.0,1569.0,1524.0,0.0,0.0,0.0,1016.0,508.0,1569.0,0.0
1.0,16596.0,2710.0,1546.0,0.0,0.0,0.0,1038.0,508.0,2710.0,0.0
1.0,13886.0,3422.0,1611.0,0.0,0.0,0.0,1104.0,507.0,3422.0,0.0
1.0,10464.0,2986.0,1657.0,0.0,807.0,807.0,1161.0,496.0,2986.0,0.0
1.0,7478.0,1387.0,1665.0,0.0,2234.0,2234.0,1188.0,477.0,1387.0,0.0
1.0,6091.0,90.0,1639.0,0.0,2194.0,2194.0,1188.0,451.0,0.0,90.0
1.0,6001.0,576.0,1623.0,807.0,1883.0,1883.0,1188.0,435.0,0.0,576.0
1.0,6232.0,1065.0,1621.0,2234.0,704.0,704.0,1181.0,440.0,0.0,1065.0
1.0,7401.0,1470.0,1621.0,2194.0,0.0,0.0,1153.0,468.0,0.0,1470.0
1.0,8125.0,1377.0,1599.0,1883.0,0.0,0.0,1104.0,495.0,0.0,1377.0
1.0,8631.0,1184.0,1556.0,704.0,0.0,0.0,1046.0,510.0,388.0,796.0
1.0,8151.0,1511.0,1527.0,0.0,995.0,995.0,1017.0,510.0,1511.0,0.0
1.0,6640.0,2641.0,1548.0,0.0,3741.0,3741.0,1038.0,510.0,2641.0,0.0
1.0,3999.0,3391.0,1612.0,0.0,7452.0,7452.0,1103.0,509.0,3391.0,0.0
1.0,608.0,3018.0,1660.0,995.0,8300.0,8300.0,1161.0,499.0,3018.0,0.0
1.0,0.0,1524.0,1671.0,3741.0,7553.0,7553.0,1191.0,480.0,1524.0,0.0
1.0,802.0,86.0,1646.0,7452.0,62.0,62.0,1191.0,455.0,0.0,86.0
1.0,8168.0,579.0,1630.0,8300.0,0.0,0.0,1191.0,439.0,0.0,579.0
1.0,15889.0,1066.0,1627.0,7553.0,0.0,0.0,1185.0,442.0,0.0,1066.0
1.0,22376.0,1461.0,1629.0,62.0,0.0,0.0,1158.0,471.0,0.0,1461.0
1.0,20977.0,1367.0,1606.0,0.0,0.0,0.0,1109.0,497.0,0.0,1367.0
1.0,19610.0,1212.0,1565.0,0.0,0.0,0.0,1053.0,512.0,425.0,787.0
1.0,18398.0,1581.0,1537.0,0.0,0.0,0.0,1025.0,512.0,1581.0,0.0
1.0,16817.0,2730.0,1559.0,0.0,0.0,0.0,1047.0,512.0,2730.0,0.0
1.0,14087.0,3430.0,1624.0,0.0,0.0,0.0,1113.0,511.0,3430.0,0.0
1.0,10657.0,2968.0,1670.0,0.0,661.0,661.0,1170.0,500.0,2968.0,0.0
1.0,7689.0,1382.0,1678.0,0.0,2083.0,2083.0,1197.0,481.0,1382.0,0.0
1.0,6307.0,108.0,1652.0,0.0,2061.0,2061.0,1197.0,455.0,0.0,108.0
1.0,6199.0,603.0,1637.0,661.0,1928.0,1928.0,1197.0,440.0,0.0,603.0
1.0,6257.0,1095.0,1635.0,2083.0,930.0,930.0,1190.0,445.0,0.0,1095.0
1.0,7245.0,1477.0,1635.0,2061.0,346.0,346.0,1161.0,474.0,0.0,1477.0
1.0,7829.0,1361.0,1610.0,1928.0,0.0,0.0,1110.0,500.0,0.0,1361.0
1.0,8396.0,1255.0,1570.0,930.0,0.0,0.0,1055.0,515.0,500.0,755.0
1.0,8071.0,1638.0,1543.0,346.0,936.0,936.0,1028.0,515.0,1638.0,0.0
1.0,6779.0,2779.0,1568.0,0.0,3840.0,3840.0,1053.0,515.0,2779.0,0.0
1.0,4000.0,3441.0,1632.0,0.0,7601.0,7601.0,1119.0,513.0,3441.0,0.0
1.0,559.0,2966.0,1678.0,936.0,8390.0,8390.0,1176.0,502.0,2966.0,0.0
1.0,0.0,1346.0,1684.0,3840.0,7397.0,7397.0,1202.0,482.0,1346.0,0.0
1.0,1023.0,117.0,1659.0,7601.0,0.0,0.0,1202.0,457.0,0.0,117.0
1.0,8507.0,609.0,1644.0,8390.0,0.0,0.0,1202.0,442.0,0.0,609.0
1.0,16288.0,1098.0,1643.0,7397.0,0.0,0.0,1195.0,448.0,0.0,1098.0
1.0,22587.0,1473.0,1642.0,0.0,0.0,0.0,1166.0,476.0,0.0,1473.0
1.0,21114.0,1360.0,1618.0,0.0,0.0,0.0,1116.0,502.0,0.0,1360.0
1.0,19754.0,1261.0,1578.0,0.0,0.0,0.0,1061.0,517.0,499.0,762.0
1.0,18493.0,1649.0,1552.0,0.0,0.0,0.0,1035.0,517.0,1649.0,0.0
1.0,16844.0,2787.0,1577.0,0.0,0.0,0.0,1060.0,517.0,2787.0,0.0
1.0,14057.0,3441.0,1641.0,0.0,0.0,0.0,1126.0,515.0,3441.0,0.0
1.0,10616.0,2948.0,1687.0,0.0,767.0,767.0,1183.0,504.0,2948.0,0.0
1.0,7668.0,1310.0,1692.0,0.0,2102.0,2102.0,1208.0,484.0,1310.0,0.0
1.0,6358.0,120.0,1666.0,0.0,2092.0,2092.0,1208.0,458.0,0.0,120.0
1.0,6238.0,621.0,1652.0,767.0,1876.0,1876.0,1208.0,444.0,0.0,621.0
1.0,6384.0,1118.0,1649.0,2102.0,877.0,877.0,1199.0,450.0,0.0,1118.0
1.0,7368.0,1494.0,1648.0,2092.0,274.0,274.0,1169.0,479.0,0.0,1494.0
1.0,7966.0,1366.0,1622.0,1876.0,0.0,0.0,1117.0,505.0,0.0,1366.0
1.0,8476.0,1278.0,1581.0,877.0,0.0,0.0,1062.0,519.0,539.0,739.0
1.0,8075.0,1691.0,1556.0,274.0,1122.0,1122.0,1037.0,519.0,1691.0,0.0
1.0,6658.0,2860.0,1584.0,0.0,4122.0,4122.0,1065.0,519.0,2860.0,0.0
1.0,3798.0,3493.0,1649.0,0.0,7940.0,7940.0,1132.0,517.0,3493.0,0.0
1.0,305.0,2958.0,1695.0,1122.0,8475.0,8475.0,1189.0,506.0,2958.0,0.0
1.0,0.0,1251.0,1699.0,4122.0,7155.0,7155.0,1213.0,486.0,1251.0,0.0
1.0,1340.0,115.0,1673.0,7940.0,0.0,0.0,1213.0,460.0,0.0,115.0
1.0,9165.0,616.0,1658.0,8475.0,0.0,0.0,1213.0,445.0,0.0,616.0
1.0,17024.0,1111.0,1657.0,7155.0,0.0,0.0,1206.0,451.0,0.0,1111.0
1.0,23068.0,1497.0,1657.0,0.0,0.0,0.0,1177.0,480.0,0.0,1497.0
1.0,21571.0,1383.0,1633.0,0.0,0.0,0.0,1126.0,507.0,0.0,1383.0
1.0,20188.0,1297.0,1592.0,0.0,0.0,0.0,1071.0,521.0,527.0,770.0
1.0,18891.0,1694.0,1566.0,0.0,0.0,0.0,1045.0,521.0,1694.0,0.0
1.0,17197.0,2845.0,1592.0,0.0,0.0,0.0,1071.0,521.0,2845.0,0.0
1.0,14352.0,3472.0,1658.0,0.0,0.0,0.0,1138.0,520.0,3472.0,0.0
1.0,10880.0,2930.0,1703.0,0.0,565.0,565.0,1194.0,509.0,2930.0,0.0
1.0,7950.0,1258.0,1706.0,0.0,1838.0,1838.0,1218.0,488.0,1258.0,0.0
1.0,6692.0,113.0,1680.0,0.0,1821.0,1821.0,1218.0,462.0,0.0,113.0
1.0,6579.0,614.0,1666.0,565.0,1800.0,1800.0,1218.0,448.0,0.0,614.0
1.0,6530.0,1113.0,1664.0,1838.0,1065.0,1065.0,1210.0,454.0,0.0,1113.0
1.0,7255.0,1499.0,1662.0,1821.0,733.0,733.0,1179.0,483.0,0.0,1499.0
1.0,7577.0,1377.0,1636.0,1800.0,180.0,180.0,1127.0,509.0,0.0,1377.0
1.0,8000.0,1339.0,1596.0,1065.0,254.0,254.0,1072.0,524.0,578.0,761.0
1.0,7726.0,1758.0,1573.0,733.0,1164.0,1164.0,1049.0,524.0,1758.0,0.0
1.0,6701.0,2917.0,1602.0,180.0,4046.0,4046.0,1078.0,524.0,2917.0,0.0
1.0,3964.0,3507.0,1668.0,254.0,7629.0,7629.0,1146.0,522.0,3507.0,0.0
1.0,711.0,2920.0,1712.0,1164.0,8560.0,8560.0,1202.0,510.0,2920.0,0.0
1.0,0.0,1169.0,1713.0,4046.0,6733.0,6733.0,1224.0,489.0,1169.0,0.0
1.0,1832.0,129.0,1687.0,7629.0,0.0,0.0,1224.0,463.0,0.0,129.0
1.0,9332.0,626.0,1673.0,8560.0,0.0,0.0,1224.0,449.0,0.0,626.0
1.0,17266.0,1126.0,1671.0,6733.0,0.0,0.0,1215.0,456.0,0.0,1126.0
1.0,22873.0,1505.0,1668.0,0.0,0.0,0.0,1183.0,485.0,0.0,1505.0
1.0,21368.0,1385.0,1642.0,0.0,0.0,0.0,1130.0,512.0,0.0,1385.0
1.0,19983.0,1361.0,1602.0,0.0,0.0,0.0,1075.0,527.0,599.0,762.0
1.0,18622.0,1750.0,1579.0,0.0,0.0,0.0,1052.0,527.0,1750.0,0.0
1.0,16872.0,2915.0,1609.0,0.0,0.0,0.0,1082.0,527.0,2915.0,0.0
1.0,13957.0,3492.0,1673.0,0.0,0.0,0.0,1149.0,524.0,3492.0,0.0
1.0,10465.0,2928.0,1718.0,0.0,1053.0,1053.0,1205.0,513.0,2928.0,0.0
1.0,7537.0,1192.0,1719.0,0.0,2250.0,2250.0,1228.0,491.0,1192.0,0.0
1.0,6345.0,128.0,1694.0,0.0,2253.0,2253.0,1228.0,466.0,0.0,128.0
1.0,6217.0,636.0,1680.0,1053.0,1766.0,1766.0,1228.0,452.0,0.0,636.0
1.0,6634.0,1134.0,1678.0,2250.0,640.0,640.0,1219.0,459.0,0.0,1134.0
1.0,7750.0,1507.0,1675.0,2253.0,0.0,0.0,1187.0,488.0,0.0,1507.0
1.0,8496.0,1374.0,1648.0,1766.0,0.0,0.0,1134.0,514.0,0.0,1374.0
1.0,8888.0,1358.0,1608.0,640.0,0.0,0.0,1079.0,529.0,611.0,747.0
1.0,8170.0,1803.0,1586.0,0.0,1563.0,1563.0,1057.0,529.0,1803.0,0.0
1.0,6367.0,2981.0,1618.0,0.0,4704.0,4704.0,1089.0,529.0,2981.0,0.0
1.0,3386.0,3538.0,1683.0,0.0,8415.0,8415.0,1157.0,526.0,3538.0,0.0
1.0,0.0,2901.0,1727.0,1563.0,8635.0,8635.0,1213.0,514.0,2901.0,0.0
1.0,0.0,1080.0,1727.0,4704.0,6501.0,6501.0,1234.0,493.0,1080.0,0.0
1.0,2134.0,146.0,1701.0,8415.0,0.0,0.0,1234.0,467.0,0.0,146.0
1.0,10403.0,661.0,1687.0,8635.0,0.0,0.0,1234.0,453.0,0.0,661.0
1.0,18377.0,1173.0,1685.0,6501.0,0.0,0.0,1223.0,462.0,0.0,1173.0
1.0,23705.0,1538.0,1682.0,0.0,0.0,0.0,1191.0,491.0,0.0,1538.0
1.0,22167.0,1388.0,1654.0,0.0,0.0,0.0,1136.0,518.0,0.0,1388.0
1.0,20779.0,1354.0,1613.0,0.0,0.0,0.0,1081.0,532.0,635.0,719.0
1.0,19425.0,1809.0,1591.0,0.0,0.0,0.0,1059.0,532.0,1809.0,0.0
1.0,17616.0,2981.0,1624.0,0.0,0.0,0.0,1092.0,532.0,2981.0,0.0
1.0,14635.0,3537.0,1690.0,0.0,0.0,0.0,1160.0,530.0,3537.0,0.0
1.0,11098.0,2900.0,1734.0,0.0,472.0,472.0,1216.0,518.0,2900.0,0.0
1.0,8198.0,1112.0,1733.0,0.0,1579.0,1579.0,1237.0,496.0,1112.0,0.0
1.0,7086.0,119.0,1707.0,0.0,1568.0,1568.0,1237.0,470.0,0.0,119.0
1.0,6967.0,622.0,1692.0,472.0,1643.0,1643.0,1237.0,455.0,0.0,622.0
1.0,6817.0,1126.0,1689.0,1579.0,1175.0,1175.0,1227.0,462.0,0.0,1126.0
1.0,7270.0,1515.0,1686.0,1568.0,1107.0,1107.0,1195.0,491.0,0.0,1515.0
1.0,7323.0,1409.0,1658.0,1643.0,733.0,733.0,1140.0,518.0,0.0,1409.0
1.0,7557.0,1466.0,1620.0,1175.0,834.0,834.0,1086.0,534.0,676.0,790.0
1.0,7266.0,1879.0,1600.0,1107.0,1506.0,1506.0,1066.0,534.0,1879.0,0.0
1.0,6494.0,3055.0,1634.0,733.0,3998.0,3998.0,1100.0,534.0,3055.0,0.0
1.0,4172.0,3553.0,1700.0,834.0,7047.0,7047.0,1169.0,531.0,3553.0,0.0
1.0,1453.0,2865.0,1744.0,1506.0,8626.0,8626.0,1224.0,520.0,2865.0,0.0
1.0,94.0,1002.0,1741.0,3998.0,5615.0,5615.0,1243.0,498.0,1002.0,0.0
1.0,3090.0,133.0,1715.0,7047.0,0.0,0.0,1243.0,472.0,0.0,133.0
1.0,10004.0,644.0,1701.0,8626.0,0.0,0.0,1243.0,458.0,0.0,644.0
1.0,17986.0,1160.0,1697.0,5615.0,0.0,0.0,1232.0,465.0,0.0,1160.0
1.0,22441.0,1532.0,1693.0,0.0,0.0,0.0,1198.0,495.0,0.0,1532.0
1.0,20909.0,1395.0,1664.0,0.0,0.0,0.0,1142.0,522.0,0.0,1395.0
1.0,19514.0,1479.0,1625.0,0.0,0.0,0.0,1089.0,536.0,736.0,743.0
1.0,18035.0,1917.0,1606.0,0.0,0.0,0.0,1070.0,536.0,1917.0,0.0
1.0,16118.0,3109.0,1643.0,0.0,0.0,0.0,1107.0,536.0,3109.0,0.0
1.0,13009.0,3574.0,1710.0,0.0,0.0,0.0,1176.0,534.0,3574.0,0.0
1.0,9435.0,2862.0,1752.0,0.0,2187.0,2187.0,1231.0,521.0,2862.0,0.0
1.0,6573.0,944.0,1749.0,0.0,3116.0,3116.0,1249.0,500.0,944.0,0.0
1.0,5629.0,149.0,1723.0,0.0,3135.0,3135.0,1249.0,474.0,0.0,149.0
1.0,5480.0,651.0,1709.0,2187.0,1529.0,1529.0,1249.0,460.0,0.0,651.0
1.0,7016.0,1166.0,1704.0,3116.0,0.0,0.0,1237.0,467.0,0.0,1166.0
1.0,8966.0,1529.0,1701.0,3135.0,0.0,0.0,1204.0,497.0,0.0,1529.0
1.0,10572.0,1399.0,1672.0,1529.0,0.0,0.0,1148.0,524.0,0.0,1399.0
1.0,10702.0,1483.0,1632.0,0.0,0.0,0.0,1094.0,538.0,734.0,749.0
1.0,9219.0,1925.0,1613.0,0.0,771.0,771.0,1075.0,538.0,1925.0,0.0
1.0,7294.0,3116.0,1650.0,0.0,4072.0,4072.0,1112.0,538.0,3116.0,0.0
1.0,4178.0,3573.0,1717.0,0.0,7980.0,7980.0,1181.0,536.0,3573.0,0.0
1.0,605.0,2844.0,1759.0,771.0,8795.0,8795.0,1236.0,523.0,2844.0,0.0
1.0,0.0,930.0,1756.0,4072.0,7106.0,7106.0,1254.0,502.0,930.0,0.0
1.0,1674.0,154.0,1730.0,7980.0,0.0,0.0,1254.0,476.0,0.0,154.0
1.0,9500.0,667.0,1716.0,8795.0,0.0,0.0,1254.0,462.0,0.0,667.0
1.0,17628.0,1177.0,1712.0,7106.0,0.0,0.0,1242.0,470.0,0.0,1177.0
1.0,23557.0,1536.0,1707.0,0.0,0.0,0.0,1207.0,500.0,0.0,1536.0
1.0,22021.0,1386.0,1676.0,0.0,0.0,0.0,1150.0,526.0,0.0,1386.0
1.0,20635.0,1518.0,1637.0,0.0,0.0,0.0,1097.0,540.0,793.0,725.0
1.0,19117.0,2014.0,1620.0,0.0,0.0,0.0,1080.0,540.0,2014.0,0.0
1.0,17103.0,3234.0,1661.0,0.0,0.0,0.0,1121.0,540.0,3234.0,0.0
1.0,13869.0,3636.0,1729.0,0.0,0.0,0.0,1191.0,538.0,3636.0,0.0
1.0,10233.0,2807.0,1770.0,0.0,1424.0,1424.0,1245.0,525.0,2807.0,0.0
1.0,7426.0,768.0,1762.0,0.0,2152.0,2152.0,1260.0,502.0,768.0,0.0
1.0,6658.0,162.0,1736.0,0.0,2184.0,2184.0,1260.0,476.0,0.0,162.0
1.0,6496.0,681.0,1722.0,1424.0,1371.0,1371.0,1260.0,462.0,0.0,681.0
1.0,7239.0,1205.0,1720.0,2152.0,414.0,414.0,1248.0,472.0,0.0,1205.0
1.0,8186.0,1566.0,1715.0,2184.0,0.0,0.0,1213.0,502.0,0.0,1566.0
1.0,8804.0,1403.0,1685.0,1371.0,0.0,0.0,1156.0,529.0,0.0,1403.0
1.0,8772.0,1531.0,1645.0,414.0,570.0,570.0,1103.0,542.0,818.0,713.0
1.0,7655.0,2017.0,1628.0,0.0,2502.0,2502.0,1086.0,542.0,2017.0,0.0
1.0,5638.0,3215.0,1669.0,0.0,5922.0,5922.0,1127.0,542.0,3215.0,0.0
1.0,2423.0,3599.0,1736.0,570.0,8680.0,8680.0,1196.0,540.0,3599.0,0.0
1.0,0.0,2809.0,1778.0,2502.0,8890.0,8890.0,1250.0,528.0,2809.0,0.0
1.0,0.0,816.0,1773.0,5922.0,4672.0,4672.0,1266.0,507.0,816.0,0.0
1.0,4193.0,147.0,1746.0,8680.0,0.0,0.0,1266.0,480.0,0.0,147.0
1.0,12726.0,664.0,1732.0,8890.0,0.0,0.0,1266.0,466.0,0.0,664.0
1.0,20952.0,1179.0,1726.0,4672.0,0.0,0.0,1253.0,473.0,0.0,1179.0
1.0,24445.0,1545.0,1720.0,0.0,0.0,0.0,1217.0,503.0,0.0,1545.0
1.0,22900.0,1399.0,1688.0,0.0,0.0,0.0,1158.0,530.0,0.0,1399.0
1.0,21501.0,1602.0,1650.0,0.0,0.0,0.0,1106.0,544.0,854.0,748.0
1.0,19899.0,2070.0,1635.0,0.0,0.0,0.0,1091.0,544.0,2070.0,0.0
1.0,17829.0,3287.0,1679.0,0.0,0.0,0.0,1135.0,544.0,3287.0,0.0
1.0,14542.0,3654.0,1747.0,0.0,0.0,0.0,1205.0,542.0,3654.0,0.0
1.0,10888.0,2797.0,1788.0,0.0,849.0,849.0,1259.0,529.0,2797.0,0.0
1.0,8091.0,709.0,1779.0,0.0,1513.0,1513.0,1272.0,507.0,709.0,0.0
1.0,7382.0,175.0,1753.0,0.0,1558.0,1558.0,1272.0,481.0,0.0,175.0
1.0,7207.0,699.0,1740.0,849.0,1343.0,1343.0,1272.0,468.0,0.0,699.0
1.0,7357.0,1218.0,1735.0,1513.0,1023.0,1023.0,1258.0,477.0,0.0,1218.0
1.0,7652.0,1570.0,1728.0,1558.0,1000.0,1000.0,1221.0,507.0,0.0,1570.0
1.0,7640.0,1389.0,1696.0,1343.0,886.0,886.0,1162.0,534.0,0.0,1389.0
1.0,7594.0,1554.0,1656.0,1023.0,1217.0,1217.0,1109.0,547.0,867.0,687.0
1.0,7063.0,2070.0,1641.0,1000.0,2212.0,2212.0,1094.0,547.0,2070.0,0.0
1.0,5993.0,3290.0,1686.0,886.0,4841.0,4841.0,1139.0,547.0,3290.0,0.0
1.0,3589.0,3666.0,1754.0,1217.0,7630.0,7630.0,1210.0,544.0,3666.0,0.0
1.0,1140.0,2821.0,1796.0,2212.0,8449.0,8449.0,1264.0,532.0,2821.0,0.0
1.0,531.0,746.0,1787.0,4841.0,4309.0,4309.0,1278.0,509.0,746.0,0.0
1.0,4626.0,196.0,1761.0,7630.0,0.0,0.0,1278.0,483.0,0.0,196.0
1.0,12060.0,715.0,1748.0,8449.0,0.0,0.0,1278.0,470.0,0.0,715.0
1.0,19794.0,1234.0,1744.0,4309.0,0.0,0.0,1264.0,480.0,0.0,1234.0
1.0,22869.0,1564.0,1737.0,0.0,0.0,0.0,1227.0,510.0,0.0,1564.0
1.0,21305.0,1374.0,1703.0,0.0,0.0,0.0,1167.0,536.0,0.0,1374.0
1.0,19931.0,1524.0,1664.0,0.0,0.0,0.0,1115.0,549.0,859.0,665.0
1.0,18407.0,2082.0,1650.0,0.0,0.0,0.0,1101.0,549.0,2082.0,0.0
1.0,16325.0,3301.0,1695.0,0.0,0.0,0.0,1146.0,549.0,3301.0,0.0
1.0,13024.0,3654.0,1762.0,0.0,0.0,0.0,1216.0,546.0,3654.0,0.0
1.0,9370.0,2778.0,1803.0,0.0,2423.0,2423.0,1270.0,533.0,2778.0,0.0
1.0,6592.0,693.0,1793.0,0.0,3066.0,3066.0,1283.0,510.0,693.0,0.0
1.0,5899.0,200.0,1768.0,0.0,3141.0,3141.0,1283.0,485.0,0.0,200.0
1.0,5699.0,727.0,1755.0,2423.0,1380.0,1380.0,1283.0,472.0,0.0,727.0
1.0,7395.0,1260.0,1750.0,3066.0,0.0,0.0,1268.0,482.0,0.0,1260.0
1.0,9201.0,1589.0,1742.0,3141.0,0.0,0.0,1229.0,513.0,0.0,1589.0
1.0,10753.0,1389.0,1707.0,1380.0,0.0,0.0,1167.0,540.0,0.0,1389.0
1.0,10744.0,1588.0,1667.0,0.0,0.0,0.0,1115.0,552.0,936.0,652.0
1.0,9156.0,2175.0,1655.0,0.0,1294.0,1294.0,1103.0,552.0,2175.0,0.0
1.0,6981.0,3408.0,1706.0,0.0,4957.0,4957.0,1154.0,552.0,3408.0,0.0
1.0,3573.0,3716.0,1774.0,0.0,8870.0,8870.0,1225.0,549.0,3716.0,0.0
1.0,0.0,2780.0,1815.0,1294.0,9075.0,9075.0,1279.0,536.0,2780.0,0.0
1.0,0.0,608.0,1803.0,4957.0,6295.0,6295.0,1290.0,513.0,608.0,0.0
1.0,2720.0,193.0,1776.0,8870.0,0.0,0.0,1290.0,486.0,0.0,193.0
1.0,11397.0,721.0,1763.0,9075.0,0.0,0.0,1290.0,473.0,0.0,721.0
1.0,19751.0,1252.0,1759.0,6295.0,0.0,0.0,1275.0,484.0,0.0,1252.0
1.0,24794.0,1596.0,1750.0,0.0,0.0,0.0,1236.0,514.0,0.0,1596.0
1.0,23198.0,1407.0,1715.0,0.0,0.0,0.0,1174.0,541.0,0.0,1407.0
1.0,21791.0,1587.0,1677.0,0.0,0.0,0.0,1122.0,555.0,906.0,681.0
1.0,20204.0,2122.0,1664.0,0.0,0.0,0.0,1109.0,555.0,2122.0,0.0
1.0,18082.0,3344.0,1713.0,0.0,0.0,0.0,1158.0,555.0,3344.0,0.0
1.0,14738.0,3677.0,1780.0,0.0,0.0,0.0,1228.0,552.0,3677.0,0.0
1.0,11061.0,2789.0,1821.0,0.0,833.0,833.0,1282.0,539.0,2789.0,0.0
1.0,8272.0,700.0,1811.0,0.0,1483.0,1483.0,1295.0,516.0,700.0,0.0
1.0,7572.0,160.0,1785.0,0.0,1513.0,1513.0,1295.0,490.0,0.0,160.0
1.0,7412.0,688.0,1771.0,833.0,1298.0,1298.0,1295.0,476.0,0.0,688.0
1.0,7557.0,1215.0,1764.0,1483.0,995.0,995.0,1279.0,485.0,0.0,1215.0
1.0,7825.0,1578.0,1754.0,1513.0,1010.0,1010.0,1239.0,515.0,0.0,1578.0
1.0,7760.0,1416.0,1718.0,1298.0,948.0,948.0,1176.0,542.0,0.0,1416.0
1.0,7642.0,1695.0,1681.0,995.0,1463.0,1463.0,1124.0,557.0,958.0,737.0
1.0,6942.0,2202.0,1670.0,1010.0,2600.0,2600.0,1113.0,557.0,2202.0,0.0
1.0,5750.0,3450.0,1722.0,948.0,5362.0,5362.0,1165.0,557.0,3450.0,0.0
1.0,3248.0,3740.0,1790.0,1463.0,7979.0,7979.0,1237.0,553.0,3740.0,0.0
1.0,971.0,2766.0,1830.0,2600.0,8345.0,8345.0,1290.0,540.0,2766.0,0.0
1.0,805.0,544.0,1817.0,5362.0,3462.0,3462.0,1301.0,516.0,544.0,0.0
1.0,5623.0,205.0,1791.0,7979.0,0.0,0.0,1301.0,490.0,0.0,205.0
1.0,13397.0,731.0,1779.0,8345.0,0.0,0.0,1301.0,478.0,0.0,731.0
1.0,21011.0,1268.0,1773.0,3462.0,0.0,0.0,1284.0,489.0,0.0,1268.0
1.0,23205.0,1594.0,1763.0,0.0,0.0,0.0,1244.0,519.0,0.0,1594.0
1.0,21611.0,1395.0,1727.0,0.0,0.0,0.0,1181.0,546.0,0.0,1395.0
1.0,20216.0,1629.0,1688.0,0.0,0.0,0.0,1129.0,559.0,971.0,658.0
1.0,18587.0,2209.0,1677.0,0.0,0.0,0.0,1118.0,559.0,2209.0,0.0
1.0,16378.0,3453.0,1729.0,0.0,0.0,0.0,1170.0,559.0,3453.0,0.0
1.0,12925.0,3715.0,1796.0,0.0,0.0,0.0,1241.0,555.0,3715.0,0.0
1.0,9210.0,2760.0,1835.0,0.0,2725.0,2725.0,1294.0,541.0,2760.0,0.0
1.0,6450.0,567.0,1823.0,0.0,3232.0,3232.0,1305.0,518.0,567.0,0.0
1.0,5883.0,219.0,1797.0,0.0,3321.0,3321.0,1305.0,492.0,0.0,219.0
1.0,5664.0,748.0,1785.0,2725.0,1284.0,1284.0,1305.0,480.0,0.0,748.0
1.0,7641.0,1279.0,1781.0,3232.0,0.0,0.0,1289.0,492.0,0.0,1279.0
1.0,9594.0,1599.0,1770.0,3321.0,0.0,0.0,1248.0,522.0,0.0,1599.0
1.0,11316.0,1386.0,1734.0,1284.0,0.0,0.0,1185.0,549.0,0.0,1386.0
1.0,11214.0,1646.0,1695.0,0.0,0.0,0.0,1134.0,561.0,999.0,647.0
1.0,9568.0,2258.0,1685.0,0.0,1115.0,1115.0,1124.0,561.0,2258.0,0.0
1.0,7310.0,3513.0,1739.0,0.0,4898.0,4898.0,1178.0,561.0,3513.0,0.0
1.0,3797.0,3753.0,1808.0,0.0,8996.0,8996.0,1250.0,558.0,3753.0,0.0
1.0,44.0,2740.0,1847.0,1115.0,9235.0,9235.0,1303.0,544.0,2740.0,0.0
1.0,0.0,473.0,1831.0,4898.0,6311.0,6311.0,1312.0,519.0,473.0,0.0
1.0,2844.0,223.0,1805.0,8996.0,0.0,0.0,1312.0,493.0,0.0,223.0
1.0,11617.0,760.0,1793.0,9235.0,0.0,0.0,1312.0,481.0,0.0,760.0
1.0,20092.0,1306.0,1788.0,6311.0,0.0,0.0,1294.0,494.0,0.0,1306.0
1.0,25097.0,1620.0,1777.0,0.0,0.0,0.0,1252.0,525.0,0.0,1620.0
1.0,23477.0,1398.0,1739.0,0.0,0.0,0.0,1187.0,552.0,0.0,1398.0
1.0,22079.0,1669.0,1699.0,0.0,0.0,0.0,1135.0,564.0,1043.0,626.0
1.0,20410.0,2296.0,1690.0,0.0,0.0,0.0,1126.0,564.0,2296.0,0.0
1.0,18114.0,3543.0,1747.0,0.0,0.0,0.0,1183.0,564.0,3543.0,0.0
1.0,14571.0,3769.0,1815.0,0.0,0.0,0.0,1255.0,560.0,3769.0,0.0
1.0,10802.0,2729.0,1853.0,0.0,1192.0,1192.0,1307.0,546.0,2729.0,0.0
1.0,8073.0,448.0,1838.0,0.0,1565.0,1565.0,1316.0,522.0,448.0,0.0
1.0,7625.0,206.0,1811.0,0.0,1636.0,1636.0,1316.0,495.0,0.0,206.0
1.0,7419.0,742.0,1798.0,1192.0,1121.0,1121.0,1316.0,482.0,0.0,742.0
1.0,7869.0,1283.0,1793.0,1565.0,814.0,814.0,1299.0,494.0,0.0,1283.0
1.0,8151.0,1615.0,1783.0,1636.0,743.0,743.0,1258.0,525.0,0.0,1615.0
1.0,8172.0,1414.0,1746.0,1121.0,851.0,851.0,1194.0,552.0,0.0,1414.0
1.0,7879.0,1716.0,1708.0,814.0,1563.0,1563.0,1143.0,565.0,1045.0,671.0
1.0,6977.0,2306.0,1699.0,743.0,3081.0,3081.0,1134.0,565.0,2306.0,0.0
1.0,5414.0,3559.0,1754.0,851.0,6064.0,6064.0,1189.0,565.0,3559.0,0.0
1.0,2706.0,3782.0,1823.0,1563.0,8628.0,8628.0,1261.0,562.0,3782.0,0.0
1.0,487.0,2722.0,1863.0,3081.0,8469.0,8469.0,1314.0,549.0,2722.0,0.0
1.0,846.0,422.0,1847.0,6064.0,2747.0,2747.0,1322.0,525.0,422.0,0.0
1.0,6488.0,213.0,1821.0,8628.0,0.0,0.0,1322.0,499.0,0.0,213.0
1.0,14903.0,756.0,1809.0,8469.0,0.0,0.0,1322.0,487.0,0.0,756.0
1.0,22616.0,1300.0,1800.0,2747.0,0.0,0.0,1303.0,497.0,0.0,1300.0
1.0,24063.0,1626.0,1790.0,0.0,0.0,0.0,1261.0,529.0,0.0,1626.0
1.0,22437.0,1405.0,1751.0,0.0,0.0,0.0,1195.0,556.0,0.0,1405.0
1.0,21032.0,1731.0,1712.0,0.0,0.0,0.0,1144.0,568.0,1089.0,642.0
1.0,19301.0,2359.0,1704.0,0.0,0.0,0.0,1136.0,568.0,2359.0,0.0
1.0,16942.0,3635.0,1763.0,0.0,0.0,0.0,1195.0,568.0,3635.0,0.0
1.0,13307.0,3820.0,1833.0,0.0,0.0,0.0,1269.0,564.0,3820.0,0.0
1.0,9487.0,2728.0,1871.0,0.0,2596.0,2596.0,1321.0,550.0,2728.0,0.0
1.0,6759.0,355.0,1854.0,0.0,2866.0,2866.0,1328.0,526.0,355.0,0.0
1.0,6404.0,228.0,1827.0,0.0,2959.0,2959.0,1328.0,499.0,0.0,228.0
1.0,6176.0,765.0,1815.0,2596.0,1068.0,1068.0,1328.0,487.0,0.0,765.0
1.0,8007.0,1307.0,1809.0,2866.0,0.0,0.0,1309.0,500.0,0.0,1307.0
1.0,9566.0,1625.0,1798.0,2959.0,0.0,0.0,1267.0,531.0,0.0,1625.0
1.0,10900.0,1412.0,1759.0,1068.0,0.0,0.0,1201.0,558.0,0.0,1412.0
1.0,10556.0,1708.0,1720.0,0.0,0.0,0.0,1149.0,571.0,1057.0,651.0
1.0,8848.0,2319.0,1712.0,0.0,2031.0,2031.0,1141.0,571.0,2319.0,0.0
1.0,6529.0,3577.0,1770.0,0.0,5898.0,5898.0,1199.0,571.0,3577.0,0.0
1.0,2952.0,3773.0,1837.0,0.0,9185.0,9185.0,1271.0,566.0,3773.0,0.0
1.0,0.0,2726.0,1876.0,2031.0,9380.0,9380.0,1324.0,552.0,2726.0,0.0
1.0,0.0,421.0,1859.0,5898.0,5334.0,5334.0,1332.0,527.0,421.0,0.0
1.0,3961.0,220.0,1833.0,9185.0,0.0,0.0,1332.0,501.0,0.0,220.0
1.0,12926.0,765.0,1821.0,9380.0,0.0,0.0,1332.0,489.0,0.0,765.0
1.0,21541.0,1309.0,1815.0,5334.0,0.0,0.0,1313.0,502.0,0.0,1309.0
1.0,25566.0,1632.0,1802.0,0.0,0.0,0.0,1269.0,533.0,0.0,1632.0
1.0,23934.0,1406.0,1762.0,0.0,0.0,0.0,1202.0,560.0,0.0,1406.0
1.0,22528.0,1791.0,1725.0,0.0,0.0,0.0,1152.0,573.0,1143.0,648.0
1.0,20737.0,2415.0,1718.0,0.0,0.0,0.0,1145.0,573.0,2415.0,0.0
1.0,18322.0,3698.0,1780.0,0.0,0.0,0.0,1207.0,573.0,3698.0,0.0
1.0,14624.0,3838.0,1849.0,0.0,0.0,0.0,1281.0,568.0,3838.0,0.0
1.0,10786.0,2702.0,1887.0,0.0,1351.0,1351.0,1333.0,554.0,2702.0,0.0
1.0,8084.0,281.0,1867.0,0.0,1532.0,1532.0,1338.0,529.0,281.0,0.0
1.0,7803.0,238.0,1840.0,0.0,1635.0,1635.0,1338.0,502.0,0.0,238.0
1.0,7565.0,788.0,1828.0,1351.0,1012.0,1012.0,1338.0,490.0,0.0,788.0
1.0,8128.0,1340.0,1822.0,1532.0,790.0,790.0,1318.0,504.0,0.0,1340.0
1.0,8320.0,1663.0,1810.0,1635.0,758.0,758.0,1274.0,536.0,0.0,1663.0
1.0,8292.0,1425.0,1769.0,1012.0,966.0,966.0,1206.0,563.0,0.0,1425.0
1.0,7879.0,1771.0,1732.0,790.0,1762.0,1762.0,1156.0,576.0,1138.0,633.0
1.0,6898.0,2409.0,1725.0,758.0,3378.0,3378.0,1149.0,576.0,2409.0,0.0
1.0,5247.0,3684.0,1788.0,966.0,6411.0,6411.0,1212.0,576.0,3684.0,0.0
1.0,2529.0,3829.0,1857.0,1762.0,8823.0,8823.0,1285.0,572.0,3829.0,0.0
1.0,462.0,2702.0,1894.0,3378.0,8332.0,8332.0,1337.0,557.0,2702.0,0.0
1.0,1138.0,306.0,1876.0,6411.0,2137.0,2137.0,1343.0,533.0,306.0,0.0
1.0,7243.0,202.0,1848.0,8823.0,0.0,0.0,1343.0,505.0,0.0,202.0
1.0,15864.0,754.0,1836.0,8332.0,0.0,0.0,1343.0,493.0,0.0,754.0
1.0,23442.0,1300.0,1828.0,2137.0,0.0,0.0,1323.0,505.0,0.0,1300.0
1.0,24279.0,1645.0,1815.0,0.0,0.0,0.0,1279.0,536.0,0.0,1645.0
1.0,22634.0,1439.0,1774.0,0.0,0.0,0.0,1210.0,564.0,0.0,1439.0
1.0,21195.0,1856.0,1737.0,0.0,0.0,0.0,1160.0,577.0,1167.0,689.0
1.0,19339.0,2461.0,1732.0,0.0,0.0,0.0,1155.0,577.0,2461.0,0.0
1.0,16878.0,3751.0,1796.0,0.0,0.0,0.0,1219.0,577.0,3751.0,0.0
1.0,13127.0,3865.0,1866.0,0.0,68.0,68.0,1293.0,573.0,3865.0,0.0
1.0,9262.0,2676.0,1904.0,0.0,2934.0,2934.0,1345.0,559.0,2676.0,0.0
1.0,6586.0,191.0,1882.0,0.0,3015.0,3015.0,1348.0,534.0,191.0,0.0
1.0,6395.0,219.0,1855.0,68.0,3031.0,3031.0,1348.0,507.0,0.0,219.0
1.0,6244.0,777.0,1843.0,2934.0,814.0,814.0,1348.0,495.0,0.0,777.0
1.0,8401.0,1331.0,1835.0,3015.0,0.0,0.0,1327.0,508.0,0.0,1331.0
1.0,10085.0,1666.0,1822.0,3031.0,0.0,0.0,1282.0,540.0,0.0,1666.0
1.0,11450.0,1438.0,1780.0,814.0,0.0,0.0,1212.0,568.0,0.0,1438.0
1.0,10826.0,1857.0,1742.0,0.0,0.0,0.0,1162.0,580.0,1205.0,652.0
1.0,8969.0,2493.0,1737.0,0.0,2209.0,2209.0,1157.0,580.0,2493.0,0.0
1.0,6476.0,3774.0,1803.0,0.0,6313.0,6313.0,1223.0,580.0,3774.0,0.0
1.0,2702.0,3856.0,1873.0,0.0,9365.0,9365.0,1297.0,576.0,3856.0,0.0
1.0,0.0,2658.0,1909.0,2209.0,9545.0,9545.0,1348.0,561.0,2658.0,0.0
1.0,0.0,169.0,1888.0,6313.0,4899.0,4899.0,1352.0,536.0,169.0,0.0
1.0,4541.0,231.0,1861.0,9365.0,0.0,0.0,1352.0,509.0,0.0,231.0
1.0,13675.0,778.0,1849.0,9545.0,0.0,0.0,1352.0,497.0,0.0,778.0
1.0,22442.0,1322.0,1841.0,4899.0,0.0,0.0,1331.0,510.0,0.0,1322.0
1.0,26019.0,1641.0,1828.0,0.0,0.0,0.0,1287.0,541.0,0.0,1641.0
1.0,24378.0,1420.0,1787.0,0.0,0.0,0.0,1218.0,569.0,0.0,1420.0
1.0,22958.0,1897.0,1750.0,0.0,0.0,0.0,1169.0,581.0,1234.0,663.0
1.0,21061.0,2528.0,1746.0,0.0,0.0,0.0,1165.0,581.0,2528.0,0.0
1.0,18533.0,3815.0,1812.0,0.0,0.0,0.0,1231.0,581.0,3815.0,0.0
1.0,14718.0,3864.0,1882.0,0.0,0.0,0.0,1305.0,577.0,3864.0,0.0
1.0,10854.0,2630.0,1917.0,0.0,1361.0,1361.0,1355.0,562.0,2630.0,0.0
1.0,8224.0,116.0,1895.0,0.0,1367.0,1367.0,1358.0,537.0,116.0,0.0
1.0,8108.0,267.0,1869.0,0.0,1504.0,1504.0,1358.0,511.0,0.0,267.0
1.0,7841.0,826.0,1858.0,1361.0,914.0,914.0,1358.0,500.0,0.0,826.0
1.0,8376.0,1381.0,1850.0,1367.0,888.0,888.0,1336.0,514.0,0.0,1381.0
1.0,8362.0,1675.0,1835.0,1504.0,984.0,984.0,1289.0,546.0,0.0,1675.0
1.0,8191.0,1401.0,1791.0,914.0,1251.0,1251.0,1218.0,573.0,0.0,1401.0
1.0,7704.0,1848.0,1753.0,888.0,2021.0,2021.0,1169.0,584.0,1274.0,574.0
1.0,6744.0,2578.0,1750.0,984.0,3600.0,3600.0,1166.0,584.0,2578.0,0.0
1.0,5150.0,3882.0,1820.0,1251.0,6581.0,6581.0,1236.0,584.0,3882.0,0.0
1.0,2519.0,3929.0,1891.0,2021.0,8844.0,8844.0,1311.0,580.0,3929.0,0.0
1.0,611.0,2661.0,1926.0,3600.0,8080.0,8080.0,1362.0,564.0,2661.0,0.0
1.0,1550.0,70.0,1903.0,6581.0,1454.0,1454.0,1364.0,539.0,70.0,0.0
1.0,8061.0,264.0,1876.0,8844.0,0.0,0.0,1364.0,512.0,0.0,264.0
1.0,16641.0,822.0,1864.0,8080.0,0.0,0.0,1364.0,500.0,0.0,822.0
1.0,23899.0,1382.0,1857.0,1454.0,0.0,0.0,1342.0,515.0,0.0,1382.0
1.0,23971.0,1685.0,1843.0,0.0,0.0,0.0,1296.0,547.0,0.0,1685.0
1.0,22286.0,1424.0,1799.0,0.0,0.0,0.0,1225.0,574.0,0.0,1424.0
1.0,20862.0,1814.0,1760.0,0.0,0.0,0.0,1174.0,586.0,1215.0,599.0
1.0,19048.0,2523.0,1757.0,0.0,0.0,0.0,1171.0,586.0,2523.0,0.0
1.0,16525.0,3820.0,1825.0,0.0,0.0,0.0,1239.0,586.0,3820.0,0.0
1.0,12705.0,3902.0,1896.0,0.0,677.0,677.0,1314.0,582.0,3902.0,0.0
1.0,8803.0,2686.0,1933.0,0.0,3548.0,3548.0,1365.0,568.0,2686.0,0.0
1.0,6117.0,183.0,1912.0,0.0,3626.0,3626.0,1369.0,543.0,183.0,0.0
1.0,5934.0,242.0,1885.0,677.0,3056.0,3056.0,1369.0,516.0,0.0,242.0
1.0,6369.0,803.0,1872.0,3548.0,246.0,246.0,1369.0,503.0,0.0,803.0
1.0,9114.0,1368.0,1862.0,3626.0,0.0,0.0,1346.0,516.0,0.0,1368.0
1.0,11372.0,1681.0,1848.0,3056.0,0.0,0.0,1299.0,549.0,0.0,1681.0
1.0,12747.0,1433.0,1803.0,246.0,0.0,0.0,1227.0,576.0,0.0,1433.0
1.0,11560.0,1877.0,1765.0,0.0,0.0,0.0,1177.0,588.0,1251.0,626.0
1.0,9683.0,2585.0,1763.0,0.0,1717.0,1717.0,1175.0,588.0,2585.0,0.0
1.0,7098.0,3909.0,1834.0,0.0,5981.0,5981.0,1246.0,588.0,3909.0,0.0
1.0,3189.0,3954.0,1906.0,0.0,9530.0,9530.0,1322.0,584.0,3954.0,0.0
1.0,0.0,2678.0,1943.0,1717.0,9715.0,9715.0,1374.0,569.0,2678.0,0.0
1.0,0.0,81.0,1919.0,5981.0,5421.0,5421.0,1375.0,544.0,81.0,0.0
1.0,4174.0,264.0,1892.0,9530.0,0.0,0.0,1375.0,517.0,0.0,264.0
1.0,13440.0,827.0,1880.0,9715.0,0.0,0.0,1375.0,505.0,0.0,827.0
1.0,22328.0,1397.0,1871.0,5421.0,0.0,0.0,1352.0,519.0,0.0,1397.0
1.0,26352.0,1701.0,1856.0,0.0,0.0,0.0,1304.0,552.0,0.0,1701.0
1.0,24651.0,1439.0,1812.0,0.0,0.0,0.0,1232.0,580.0,0.0,1439.0
1.0,23212.0,1866.0,1773.0,0.0,0.0,0.0,1182.0,591.0,1264.0,602.0
1.0,21346.0,2562.0,1771.0,0.0,0.0,0.0,1180.0,591.0,2562.0,0.0
1.0,18784.0,3868.0,1842.0,0.0,0.0,0.0,1251.0,591.0,3868.0,0.0
1.0,14916.0,3922.0,1914.0,0.0,0.0,0.0,1327.0,587.0,3922.0,0.0
1.0,10994.0,2694.0,1950.0,0.0,1450.0,1450.0,1378.0,572.0,2694.0,0.0
1.0,8300.0,156.0,1927.0,0.0,1491.0,1491.0,1381.0,546.0,156.0,0.0
1.0,8144.0,264.0,1901.0,0.0,1625.0,1625.0,1381.0,520.0,0.0,264.0
1.0,7880.0,826.0,1889.0,1450.0,941.0,941.0,1381.0,508.0,0.0,826.0
1.0,8504.0,1386.0,1880.0,1491.0,791.0,791.0,1358.0,522.0,0.0,1386.0
1.0,8609.0,1684.0,1864.0,1625.0,770.0,770.0,1309.0,555.0,0.0,1684.0
1.0,8550.0,1431.0,1818.0,941.0,1030.0,1030.0,1236.0,582.0,0.0,1431.0
1.0,8060.0,1895.0,1780.0,791.0,1944.0,1944.0,1186.0,594.0,1281.0,614.0
1.0,6956.0,2598.0,1779.0,770.0,3767.0,3767.0,1185.0,594.0,2598.0,0.0
1.0,5128.0,3908.0,1852.0,1030.0,7010.0,7010.0,1258.0,594.0,3908.0,0.0
1.0,2250.0,3952.0,1923.0,1944.0,9373.0,9373.0,1334.0,589.0,3952.0,0.0
1.0,242.0,2669.0,1959.0,3767.0,8455.0,8455.0,1386.0,573.0,2669.0,0.0
1.0,1340.0,69.0,1933.0,7010.0,1384.0,1384.0,1387.0,546.0,69.0,0.0
1.0,8281.0,284.0,1907.0,9373.0,0.0,0.0,1387.0,520.0,0.0,284.0
1.0,17370.0,862.0,1896.0,8455.0,0.0,0.0,1387.0,509.0,0.0,862.0
1.0,24963.0,1432.0,1888.0,1384.0,0.0,0.0,1362.0,526.0,0.0,1432.0
1.0,24915.0,1718.0,1872.0,0.0,0.0,0.0,1313.0,559.0,0.0,1718.0
1.0,23197.0,1432.0,1824.0,0.0,0.0,0.0,1238.0,586.0,11.0,1421.0
1.0,21765.0,1877.0,1785.0,0.0,0.0,0.0,1188.0,597.0,1321.0,556.0
1.0,19888.0,2642.0,1785.0,0.0,0.0,0.0,1188.0,597.0,2642.0,0.0
1.0,17246.0,3966.0,1860.0,0.0,0.0,0.0,1263.0,597.0,3966.0,0.0
1.0,13280.0,3991.0,1932.0,0.0,371.0,371.0,1340.0,592.0,3991.0,0.0
1.0,9289.0,2682.0,1967.0,0.0,3228.0,3228.0,1391.0,576.0,2682.0,0.0
1.0,6607.0,43.0,1941.0,0.0,3141.0,3141.0,1392.0,549.0,43.0,0.0
1.0,6564.0,275.0,1914.0,371.0,2910.0,2910.0,1392.0,522.0,0.0,275.0
1.0,6660.0,839.0,1903.0,3228.0,466.0,466.0,1392.0,511.0,0.0,839.0
1.0,9049.0,1408.0,1896.0,3141.0,0.0,0.0,1369.0,527.0,0.0,1408.0
1.0,10782.0,1703.0,1879.0,2910.0,0.0,0.0,1320.0,559.0,0.0,1703.0
1.0,11989.0,1440.0,1834.0,466.0,0.0,0.0,1247.0,587.0,0.0,1440.0
1.0,11015.0,1917.0,1796.0,0.0,0.0,0.0,1197.0,599.0,1312.0,605.0
1.0,9098.0,2642.0,1795.0,0.0,2519.0,2519.0,1196.0,599.0,2642.0,0.0
1.0,6456.0,3959.0,1868.0,0.0,6843.0,6843.0,1269.0,599.0,3959.0,0.0
1.0,2497.0,3973.0,1939.0,0.0,9695.0,9695.0,1345.0,594.0,3973.0,0.0
1.0,0.0,2657.0,1975.0,2519.0,9875.0,9875.0,1396.0,579.0,2657.0,0.0
1.0,0.0,35.0,1949.0,6843.0,4551.0,4551.0,1397.0,552.0,35.0,0.0
1.0,5194.0,284.0,1922.0,9695.0,0.0,0.0,1397.0,525.0,0.0,284.0
1.0,14605.0,856.0,1911.0,9875.0,0.0,0.0,1397.0,514.0,0.0,856.0
1.0,23624.0,1434.0,1903.0,4551.0,0.0,0.0,1373.0,530.0,0.0,1434.0
1.0,26741.0,1722.0,1886.0,0.0,0.0,0.0,1323.0,563.0,0.0,1722.0
1.0,25019.0,1473.0,1839.0,0.0,0.0,0.0,1249.0,590.0,41.0,1432.0
1.0,23546.0,1939.0,1800.0,0.0,0.0,0.0,1199.0,601.0,1375.0,564.0
1.0,21607.0,2712.0,1801.0,0.0,0.0,0.0,1200.0,601.0,2712.0,0.0
1.0,18895.0,4002.0,1876.0,0.0,0.0,0.0,1275.0,601.0,4002.0,0.0
1.0,14893.0,3980.0,1948.0,0.0,0.0,0.0,1352.0,596.0,3980.0,0.0
1.0,10913.0,2620.0,1982.0,0.0,1617.0,1617.0,1402.0,580.0,2620.0,0.0
1.0,8293.0,0.0,1956.0,0.0,1487.0,1487.0,1402.0,554.0,0.0,0.0
1.0,8293.0,293.0,1928.0,0.0,1640.0,1640.0,1402.0,526.0,0.0,293.0
1.0,8000.0,860.0,1917.0,1617.0,828.0,828.0,1402.0,515.0,0.0,860.0
1.0,8757.0,1434.0,1909.0,1487.0,735.0,735.0,1378.0,531.0,0.0,1434.0
1.0,8810.0,1719.0,1892.0,1640.0,729.0,729.0,1328.0,564.0,0.0,1719.0
1.0,8731.0,1469.0,1847.0,828.0,1145.0,1145.0,1255.0,592.0,33.0,1436.0
1.0,8090.0,1948.0,1809.0,735.0,2168.0,2168.0,1206.0,603.0,1373.0,575.0
1.0,6877.0,2702.0,1809.0,729.0,4141.0,4141.0,1206.0,603.0,2702.0,0.0
1.0,4904.0,4003.0,1883.0,1145.0,7369.0,7369.0,1280.0,603.0,4003.0,0.0
1.0,2046.0,3975.0,1954.0,2168.0,9531.0,9531.0,1356.0,598.0,3975.0,0.0
1.0,239.0,2621.0,1989.0,4141.0,8186.0,8186.0,1407.0,582.0,2621.0,0.0
1.0,1759.0,0.0,1962.0,7369.0,682.0,682.0,1407.0,555.0,0.0,0.0
1.0,9128.0,293.0,1936.0,9531.0,0.0,0.0,1407.0,529.0,0.0,293.0
1.0,18366.0,869.0,1925.0,8186.0,0.0,0.0,1407.0,518.0,0.0,869.0
1.0,25683.0,1443.0,1916.0,682.0,0.0,0.0,1382.0,534.0,0.0,1443.0
1.0,24922.0,1725.0,1899.0,0.0,0.0,0.0,1332.0,567.0,0.0,1725.0
1.0,23197.0,1511.0,1853.0,0.0,0.0,0.0,1258.0,595.0,77.0,1434.0
1.0,21686.0,1985.0,1815.0,0.0,0.0,0.0,1210.0,605.0,1417.0,568.0
1.0,19701.0,2776.0,1817.0,0.0,0.0,0.0,1212.0,605.0,2776.0,0.0
1.0,16925.0,4060.0,1893.0,0.0,0.0,0.0,1288.0,605.0,4060.0,0.0
1.0,12865.0,3995.0,1965.0,0.0,955.0,955.0,1365.0,600.0,3995.0,0.0
1.0,8870.0,2560.0,1998.0,0.0,3680.0,3680.0,1415.0,583.0,2560.0,0.0
1.0,6310.0,0.0,1971.0,0.0,3545.0,3545.0,1415.0,556.0,0.0,0.0
1.0,6310.0,308.0,1944.0,955.0,2763.0,2763.0,1415.0,529.0,0.0,308.0
1.0,6957.0,882.0,1932.0,3680.0,0.0,0.0,1414.0,518.0,0.0,882.0
1.0,9755.0,1464.0,1925.0,3545.0,0.0,0.0,1389.0,536.0,0.0,1464.0
1.0,11836.0,1747.0,1907.0,2763.0,0.0,0.0,1338.0,569.0,0.0,1747.0
1.0,12852.0,1494.0,1860.0,0.0,0.0,0.0,1263.0,597.0,50.0,1444.0
1.0,11358.0,1958.0,1821.0,0.0,0.0,0.0,1213.0,608.0,1399.0,559.0
1.0,9400.0,2744.0,1822.0,0.0,2454.0,2454.0,1214.0,608.0,2744.0,0.0
1.0,6656.0,4038.0,1899.0,0.0,6877.0,6877.0,1291.0,608.0,4038.0,0.0
1.0,2618.0,3993.0,1971.0,0.0,9855.0,9855.0,1368.0,603.0,3993.0,0.0
1.0,0.0,2614.0,2005.0,2454.0,10025.0,10025.0,1418.0,587.0,2614.0,0.0
1.0,0.0,0.0,1977.0,6877.0,4543.0,4543.0,1418.0,559.0,0.0,0.0
1.0,5342.0,281.0,1950.0,9855.0,0.0,0.0,1418.0,532.0,0.0,281.0
1.0,14916.0,858.0,1939.0,10025.0,0.0,0.0,1418.0,521.0,0.0,858.0
1.0,24083.0,1441.0,1930.0,4543.0,0.0,0.0,1393.0,537.0,0.0,1441.0
1.0,27185.0,1736.0,1912.0,0.0,0.0,0.0,1342.0,570.0,0.0,1736.0
1.0,25449.0,1578.0,1866.0,0.0,0.0,0.0,1268.0,598.0,119.0,1459.0
1.0,23871.0,2082.0,1830.0,0.0,0.0,0.0,1220.0,610.0,1482.0,600.0
1.0,21789.0,2851.0,1834.0,0.0,0.0,0.0,1224.0,610.0,2851.0,0.0
1.0,18938.0,4092.0,1912.0,0.0,0.0,0.0,1302.0,610.0,4092.0,0.0
1.0,14846.0,3959.0,1983.0,0.0,0.0,0.0,1378.0,605.0,3959.0,0.0
1.0,10887.0,2457.0,2013.0,0.0,1635.0,1635.0,1425.0,588.0,2457.0,0.0
1.0,8430.0,0.0,1985.0,0.0,1495.0,1495.0,1425.0,560.0,0.0,0.0
1.0,8430.0,291.0,1958.0,0.0,1651.0,1651.0,1425.0,533.0,0.0,291.0
1.0,8139.0,885.0,1947.0,1635.0,846.0,846.0,1425.0,522.0,0.0,885.0
1.0,8889.0,1471.0,1938.0,1495.0,777.0,777.0,1398.0,540.0,0.0,1471.0
1.0,8913.0,1763.0,1920.0,1651.0,799.0,799.0,1346.0,574.0,0.0,1763.0
1.0,8801.0,1568.0,1873.0,846.0,1286.0,1286.0,1271.0,602.0,111.0,1457.0
1.0,8079.0,2018.0,1836.0,777.0,2342.0,2342.0,1223.0,613.0,1456.0,562.0
1.0,6838.0,2808.0,1839.0,799.0,4366.0,4366.0,1226.0,613.0,2808.0,0.0
1.0,4829.0,4056.0,1917.0,1286.0,7526.0,7526.0,1304.0,613.0,4056.0,0.0
1.0,2059.0,3977.0,1988.0,2342.0,9516.0,9516.0,1381.0,607.0,3977.0,0.0
1.0,424.0,2553.0,2020.0,4366.0,7863.0,7863.0,1430.0,590.0,2553.0,0.0
1.0,2237.0,0.0,1993.0,7526.0,202.0,202.0,1430.0,563.0,0.0,0.0
1.0,9763.0,299.0,1966.0,9516.0,0.0,0.0,1430.0,536.0,0.0,299.0
1.0,18980.0,878.0,1954.0,7863.0,0.0,0.0,1429.0,525.0,0.0,878.0
1.0,25965.0,1458.0,1945.0,202.0,0.0,0.0,1403.0,542.0,0.0,1458.0
1.0,24709.0,1743.0,1926.0,0.0,0.0,0.0,1351.0,575.0,0.0,1743.0
1.0,22966.0,1613.0,1880.0,0.0,0.0,0.0,1277.0,603.0,162.0,1451.0
1.0,21353.0,2108.0,1845.0,0.0,0.0,0.0,1230.0,615.0,1522.0,586.0
1.0,19245.0,2898.0,1850.0,0.0,0.0,0.0,1235.0,615.0,2898.0,0.0
1.0,16347.0,4106.0,1929.0,0.0,0.0,0.0,1314.0,615.0,4106.0,0.0
1.0,12241.0,3948.0,1999.0,0.0,1702.0,1702.0,1390.0,609.0,3948.0,0.0
1.0,8293.0,2404.0,2028.0,0.0,4251.0,4251.0,1436.0,592.0,2404.0,0.0
1.0,5889.0,0.0,2000.0,0.0,4111.0,4111.0,1436.0,564.0,0.0,0.0
1.0,5889.0,328.0,1974.0,1702.0,2607.0,2607.0,1436.0,538.0,0.0,328.0
1.0,7263.0,916.0,1963.0,4251.0,0.0,0.0,1435.0,528.0,0.0,916.0
1.0,10598.0,1503.0,1954.0,4111.0,0.0,0.0,1408.0,546.0,0.0,1503.0
1.0,13206.0,1766.0,1934.0,2607.0,0.0,0.0,1354.0,580.0,0.0,1766.0
1.0,14047.0,1604.0,1886.0,0.0,0.0,0.0,1279.0,607.0,168.0,1436.0
1.0,12443.0,2046.0,1849.0,0.0,0.0,0.0,1232.0,617.0,1527.0,519.0
1.0,10397.0,2907.0,1855.0,0.0,1785.0,1785.0,1238.0,617.0,2907.0,0.0
1.0,7490.0,4116.0,1935.0,0.0,6301.0,6301.0,1318.0,617.0,4116.0,0.0
1.0,3374.0,3966.0,2005.0,0.0,10025.0,10025.0,1394.0,611.0,3966.0,0.0
1.0,0.0,2433.0,2035.0,1785.0,10175.0,10175.0,1441.0,594.0,2433.0,0.0
1.0,0.0,0.0,2007.0,6301.0,4974.0,4974.0,1441.0,566.0,0.0,0.0
1.0,5061.0,327.0,1980.0,10025.0,0.0,0.0,1441.0,539.0,0.0,327.0
1.0,14759.0,915.0,1969.0,10175.0,0.0,0.0,1440.0,529.0,0.0,915.0
1.0,24019.0,1505.0,1960.0,4974.0,0.0,0.0,1413.0,547.0,0.0,1505.0
1.0,27488.0,1773.0,1941.0,0.0,0.0,0.0,1360.0,581.0,0.0,1773.0
1.0,25715.0,1615.0,1895.0,0.0,0.0,0.0,1286.0,609.0,163.0,1452.0
1.0,24100.0,2078.0,1857.0,0.0,0.0,0.0,1238.0,619.0,1541.0,537.0
1.0,22022.0,2912.0,1863.0,0.0,0.0,0.0,1244.0,619.0,2912.0,0.0
1.0,19110.0,4109.0,1942.0,0.0,0.0,0.0,1323.0,619.0,4109.0,0.0
1.0,15001.0,3932.0,2013.0,0.0,0.0,0.0,1399.0,614.0,3932.0,0.0
1.0,11069.0,2407.0,2042.0,0.0,1548.0,1548.0,1445.0,597.0,2407.0,0.0
1.0,8662.0,0.0,2015.0,0.0,1413.0,1413.0,1445.0,570.0,0.0,0.0
1.0,8662.0,324.0,1987.0,0.0,1597.0,1597.0,1445.0,542.0,0.0,324.0
1.0,8338.0,916.0,1975.0,1548.0,905.0,905.0,1443.0,532.0,0.0,916.0
1.0,8970.0,1507.0,1963.0,1413.0,939.0,939.0,1414.0,549.0,0.0,1507.0
1.0,8876.0,1775.0,1943.0,1597.0,1017.0,1017.0,1359.0,584.0,0.0,1775.0
1.0,8698.0,1680.0,1896.0,905.0,1557.0,1557.0,1285.0,611.0,235.0,1445.0
1.0,7923.0,2140.0,1861.0,939.0,2583.0,2583.0,1240.0,621.0,1612.0,528.0
1.0,6722.0,2998.0,1872.0,1017.0,4619.0,4619.0,1251.0,621.0,2998.0,0.0
1.0,4741.0,4150.0,1951.0,1557.0,7607.0,7607.0,1330.0,621.0,4150.0,0.0
1.0,2148.0,3926.0,2022.0,2583.0,9305.0,9305.0,1406.0,616.0,3926.0,0.0
1.0,805.0,2306.0,2049.0,4619.0,7127.0,7127.0,1450.0,599.0,2306.0,0.0
1.0,3118.0,0.0,2021.0,7607.0,0.0,0.0,1450.0,571.0,0.0,0.0
1.0,10725.0,345.0,1993.0,9305.0,0.0,0.0,1450.0,543.0,0.0,345.0
1.0,19685.0,938.0,1981.0,7127.0,0.0,0.0,1448.0,533.0,0.0,938.0
1.0,25874.0,1530.0,1972.0,0.0,0.0,0.0,1420.0,552.0,0.0,1530.0
1.0,24344.0,1782.0,1952.0,0.0,0.0,0.0,1366.0,586.0,0.0,1782.0
1.0,22562.0,1665.0,1906.0,0.0,0.0,0.0,1292.0,614.0,218.0,1447.0
1.0,20897.0,2104.0,1870.0,0.0,0.0,0.0,1246.0,624.0,1598.0,506.0
1.0,18793.0,2967.0,1878.0,0.0,0.0,0.0,1254.0,624.0,2967.0,0.0
1.0,15826.0,4127.0,1958.0,0.0,0.0,0.0,1334.0,624.0,4127.0,0.0
1.0,11699.0,3921.0,2027.0,0.0,2357.0,2357.0,1409.0,618.0,3921.0,0.0
1.0,7778.0,2342.0,2055.0,0.0,4839.0,4839.0,1454.0,601.0,2342.0,0.0
1.0,5436.0,0.0,2027.0,0.0,4699.0,4699.0,1454.0,573.0,0.0,0.0
1.0,5436.0,342.0,2000.0,2357.0,2549.0,2549.0,1454.0,546.0,0.0,342.0
1.0,7451.0,931.0,1987.0,4839.0,0.0,0.0,1451.0,536.0,0.0,931.0
1.0,11359.0,1521.0,1976.0,4699.0,0.0,0.0,1422.0,554.0,0.0,1521.0
1.0,14537.0,1772.0,1954.0,2549.0,0.0,0.0,1366.0,588.0,0.0,1772.0
1.0,15314.0,1711.0,1908.0,0.0,0.0,0.0,1292.0,616.0,277.0,1434.0
1.0,13603.0,2193.0,1875.0,0.0,0.0,0.0,1249.0,626.0,1675.0,518.0
1.0,11410.0,3084.0,1888.0,0.0,1114.0,1114.0,1262.0,626.0,3084.0,0.0
1.0,8326.0,4212.0,1969.0,0.0,5731.0,5731.0,1343.0,626.0,4212.0,0.0
1.0,4114.0,3918.0,2037.0,0.0,9989.0,9989.0,1418.0,619.0,3918.0,0.0
1.0,196.0,2216.0,2063.0,1114.0,10315.0,10315.0,1461.0,602.0,2216.0,0.0
1.0,0.0,0.0,2034.0,5731.0,5345.0,5345.0,1461.0,573.0,0.0,0.0
1.0,4825.0,375.0,2007.0,9989.0,0.0,0.0,1461.0,546.0,0.0,375.0
1.0,14439.0,975.0,1995.0,10315.0,0.0,0.0,1458.0,537.0,0.0,975.0
1.0,23779.0,1573.0,1986.0,5345.0,0.0,0.0,1428.0,558.0,0.0,1573.0
1.0,27551.0,1800.0,1964.0,0.0,0.0,0.0,1372.0,592.0,0.0,1800.0
1.0,25751.0,1693.0,1918.0,0.0,0.0,0.0,1298.0,620.0,267.0,1426.0
1.0,24058.0,2111.0,1882.0,0.0,0.0,0.0,1254.0,628.0,1661.0,450.0
1.0,21947.0,3057.0,1894.0,0.0,0.0,0.0,1266.0,628.0,3057.0,0.0
1.0,18890.0,4195.0,1975.0,0.0,0.0,0.0,1347.0,628.0,4195.0,0.0
1.0,14695.0,3947.0,2045.0,0.0,0.0,0.0,1423.0,622.0,3947.0,0.0
1.0,10748.0,2306.0,2071.0,0.0,1913.0,1913.0,1467.0,604.0,2306.0,0.0
1.0,8442.0,0.0,2042.0,0.0,1768.0,1768.0,1467.0,575.0,0.0,0.0
1.0,8442.0,375.0,2016.0,0.0,2013.0,2013.0,1467.0,549.0,0.0,375.0
1.0,8067.0,969.0,2003.0,1913.0,1004.0,1004.0,1464.0,539.0,0.0,969.0
1.0,9011.0,1570.0,1993.0,1768.0,756.0,756.0,1434.0,559.0,0.0,1570.0
1.0,9209.0,1801.0,1972.0,2013.0,439.0,439.0,1378.0,594.0,0.0,1801.0
1.0,9421.0,1688.0,1925.0,1004.0,888.0,888.0,1304.0,621.0,251.0,1437.0
1.0,8737.0,2128.0,1890.0,756.0,2085.0,2085.0,1260.0,630.0,1655.0,473.0
1.0,7365.0,3050.0,1903.0,439.0,4761.0,4761.0,1273.0,630.0,3050.0,0.0
1.0,4754.0,4200.0,1983.0,888.0,8473.0,8473.0,1353.0,630.0,4200.0,0.0
1.0,1442.0,3941.0,2053.0,2085.0,10265.0,10265.0,1429.0,624.0,3941.0,0.0
1.0,0.0,2289.0,2080.0,4761.0,8342.0,8342.0,1473.0,607.0,2289.0,0.0
1.0,2058.0,0.0,2051.0,8473.0,0.0,0.0,1473.0,578.0,0.0,0.0
1.0,10531.0,367.0,2024.0,10265.0,0.0,0.0,1473.0,551.0,0.0,367.0
1.0,20429.0,978.0,2011.0,8342.0,0.0,0.0,1469.0,542.0,0.0,978.0
1.0,27793.0,1583.0,2000.0,0.0,0.0,0.0,1438.0,562.0,0.0,1583.0
1.0,26210.0,1816.0,1977.0,0.0,0.0,0.0,1380.0,597.0,0.0,1816.0
1.0,24394.0,1740.0,1930.0,0.0,0.0,0.0,1306.0,624.0,305.0,1435.0
1.0,22654.0,2154.0,1896.0,0.0,0.0,0.0,1263.0,633.0,1706.0,448.0
1.0,20500.0,3114.0,1912.0,0.0,0.0,0.0,1279.0,633.0,3114.0,0.0
1.0,17386.0,4225.0,1993.0,0.0,0.0,0.0,1360.0,633.0,4225.0,0.0
1.0,13161.0,3946.0,2062.0,0.0,1095.0,1095.0,1436.0,626.0,3946.0,0.0
1.0,9215.0,2245.0,2087.0,0.0,3465.0,3465.0,1479.0,608.0,2245.0,0.0
1.0,6970.0,0.0,2058.0,0.0,3320.0,3320.0,1479.0,579.0,0.0,0.0
1.0,6970.0,395.0,2031.0,1095.0,2485.0,2485.0,1479.0,552.0,0.0,395.0
1.0,7670.0,995.0,2019.0,3465.0,0.0,0.0,1475.0,544.0,0.0,995.0
1.0,10140.0,1594.0,2008.0,3320.0,0.0,0.0,1444.0,564.0,0.0,1594.0
1.0,11866.0,1805.0,1986.0,2485.0,0.0,0.0,1387.0,599.0,0.0,1805.0
1.0,12546.0,1703.0,1939.0,0.0,0.0,0.0,1313.0,626.0,289.0,1414.0
1.0,10843.0,2136.0,1906.0,0.0,823.0,823.0,1271.0,635.0,1706.0,430.0
1.0,8707.0,3107.0,1920.0,0.0,4000.0,4000.0,1285.0,635.0,3107.0,0.0
1.0,5600.0,4226.0,2002.0,0.0,8636.0,8636.0,1367.0,635.0,4226.0,0.0
1.0,1374.0,3927.0,2070.0,823.0,10350.0,10350.0,1442.0,628.0,3927.0,0.0
1.0,0.0,2224.0,2095.0,4000.0,10429.0,10429.0,1485.0,610.0,2224.0,0.0
1.0,46.0,0.0,2066.0,8636.0,1648.0,1648.0,1485.0,581.0,0.0,0.0
1.0,8682.0,421.0,2040.0,10350.0,0.0,0.0,1485.0,555.0,0.0,421.0
1.0,18611.0,1028.0,2027.0,10429.0,0.0,0.0,1480.0,547.0,0.0,1028.0
1.0,28012.0,1632.0,2016.0,1648.0,0.0,0.0,1447.0,569.0,0.0,1632.0
1.0,28028.0,1812.0,1991.0,0.0,0.0,0.0,1388.0,603.0,0.0,1812.0
1.0,26216.0,1733.0,1944.0,0.0,0.0,0.0,1314.0,630.0,339.0,1394.0
1.0,24483.0,2130.0,1909.0,0.0,0.0,0.0,1272.0,637.0,1763.0,367.0
1.0,22353.0,3186.0,1928.0,0.0,0.0,0.0,1291.0,637.0,3186.0,0.0
1.0,19167.0,4285.0,2010.0,0.0,0.0,0.0,1373.0,637.0,4285.0,0.0
1.0,14882.0,3940.0,2079.0,0.0,0.0,0.0,1449.0,630.0,3940.0,0.0
1.0,10942.0,2163.0,2102.0,0.0,1731.0,1731.0,1491.0,611.0,2163.0,0.0
1.0,8779.0,0.0,2072.0,0.0,1581.0,1581.0,1491.0,581.0,0.0,0.0
1.0,8779.0,444.0,2046.0,0.0,1895.0,1895.0,1491.0,555.0,0.0,444.0
1.0,8335.0,1052.0,2034.0,1731.0,1156.0,1156.0,1486.0,548.0,0.0,1052.0
1.0,9014.0,1661.0,2025.0,1581.0,1191.0,1191.0,1454.0,571.0,0.0,1661.0
1.0,8934.0,1832.0,2001.0,1895.0,1008.0,1008.0,1395.0,606.0,0.0,1832.0
1.0,8997.0,1727.0,1954.0,1156.0,1344.0,1344.0,1321.0,633.0,335.0,1392.0
1.0,8426.0,2101.0,1918.0,1191.0,2074.0,2074.0,1278.0,640.0,1759.0,342.0
1.0,7516.0,3160.0,1935.0,1008.0,4311.0,4311.0,1295.0,640.0,3160.0,0.0
1.0,5364.0,4238.0,2016.0,1344.0,7610.0,7610.0,1376.0,640.0,4238.0,0.0
1.0,2470.0,3912.0,2084.0,2074.0,9788.0,9788.0,1452.0,632.0,3912.0,0.0
1.0,632.0,2195.0,2108.0,4311.0,7792.0,7792.0,1494.0,614.0,2195.0,0.0
1.0,2748.0,0.0,2078.0,7610.0,32.0,32.0,1494.0,584.0,0.0,0.0
1.0,10358.0,448.0,2052.0,9788.0,0.0,0.0,1494.0,558.0,0.0,448.0
1.0,19698.0,1066.0,2039.0,7792.0,0.0,0.0,1489.0,550.0,0.0,1066.0
1.0,26424.0,1673.0,2031.0,32.0,0.0,0.0,1457.0,574.0,0.0,1673.0
1.0,24783.0,1836.0,2008.0,0.0,0.0,0.0,1399.0,609.0,0.0,1836.0
1.0,22947.0,1771.0,1960.0,0.0,0.0,0.0,1325.0,635.0,392.0,1379.0
1.0,21176.0,2150.0,1927.0,0.0,0.0,0.0,1285.0,642.0,1831.0,319.0
1.0,19026.0,3276.0,1946.0,0.0,0.0,0.0,1304.0,642.0,3276.0,0.0
1.0,15750.0,4325.0,2029.0,0.0,0.0,0.0,1387.0,642.0,4325.0,0.0
1.0,11425.0,3915.0,2096.0,0.0,2970.0,2970.0,1462.0,634.0,3915.0,0.0
1.0,7510.0,2048.0,2118.0,0.0,5128.0,5128.0,1502.0,616.0,2048.0,0.0
1.0,5462.0,0.0,2087.0,0.0,4973.0,4973.0,1502.0,585.0,0.0,0.0
1.0,5462.0,450.0,2061.0,2970.0,2323.0,2323.0,1502.0,559.0,0.0,450.0
1.0,7982.0,1074.0,2048.0,5128.0,0.0,0.0,1496.0,552.0,0.0,1074.0
1.0,12036.0,1689.0,2039.0,4973.0,0.0,0.0,1463.0,576.0,0.0,1689.0
1.0,15320.0,1852.0,2014.0,2323.0,0.0,0.0,1403.0,611.0,0.0,1852.0
1.0,15791.0,1739.0,1967.0,0.0,0.0,0.0,1329.0,638.0,351.0,1388.0
1.0,14052.0,2091.0,1931.0,0.0,0.0,0.0,1287.0,644.0,1785.0,306.0
1.0,11961.0,3215.0,1950.0,0.0,1004.0,1004.0,1306.0,644.0,3215.0,0.0
1.0,8746.0,4305.0,2032.0,0.0,5719.0,5719.0,1388.0,644.0,4305.0,0.0
1.0,4441.0,3963.0,2101.0,0.0,10027.0,10027.0,1465.0,636.0,3963.0,0.0
1.0,478.0,2199.0,2124.0,1004.0,10620.0,10620.0,1507.0,617.0,2199.0,0.0
1.0,0.0,0.0,2094.0,5719.0,5468.0,5468.0,1507.0,587.0,0.0,0.0
1.0,5002.0,462.0,2068.0,10027.0,0.0,0.0,1507.0,561.0,0.0,462.0
1.0,14567.0,1071.0,2055.0,10620.0,0.0,0.0,1501.0,554.0,0.0,1071.0
1.0,24116.0,1680.0,2047.0,5468.0,0.0,0.0,1469.0,578.0,0.0,1680.0
1.0,27904.0,1837.0,2023.0,0.0,0.0,0.0,1409.0,614.0,0.0,1837.0
1.0,26067.0,1715.0,1974.0,0.0,0.0,0.0,1334.0,640.0,334.0,1381.0
1.0,24352.0,2100.0,1939.0,0.0,0.0,0.0,1293.0,646.0,1781.0,319.0
1.0,22252.0,3229.0,1958.0,0.0,0.0,0.0,1312.0,646.0,3229.0,0.0
1.0,19023.0,4317.0,2041.0,0.0,0.0,0.0,1395.0,646.0,4317.0,0.0
1.0,14706.0,3959.0,2109.0,0.0,0.0,0.0,1471.0,638.0,3959.0,0.0
1.0,10747.0,2166.0,2131.0,0.0,2074.0,2074.0,1513.0,618.0,2166.0,0.0
1.0,8581.0,0.0,2100.0,0.0,1919.0,1919.0,1513.0,587.0,0.0,0.0
1.0,8581.0,502.0,2075.0,0.0,2296.0,2296.0,1513.0,562.0,0.0,502.0
1.0,8079.0,1123.0,2063.0,2074.0,1285.0,1285.0,1506.0,557.0,0.0,1123.0
1.0,9030.0,1737.0,2055.0,1919.0,1063.0,1063.0,1472.0,583.0,0.0,1737.0
1.0,9212.0,1849.0,2030.0,2296.0,491.0,491.0,1411.0,619.0,0.0,1849.0
1.0,9659.0,1721.0,1980.0,1285.0,677.0,677.0,1336.0,644.0,375.0,1346.0
1.0,9223.0,2036.0,1944.0,1063.0,1470.0,1470.0,1295.0,649.0,1807.0,229.0
1.0,8250.0,3251.0,1965.0,491.0,4335.0,4335.0,1316.0,649.0,3251.0,0.0
1.0,5490.0,4318.0,2048.0,677.0,8391.0,8391.0,1399.0,649.0,4318.0,0.0
1.0,1849.0,3974.0,2115.0,1470.0,10575.0,10575.0,1475.0,640.0,3974.0,0.0
1.0,0.0,2187.0,2137.0,4335.0,9192.0,9192.0,1517.0,620.0,2187.0,0.0
1.0,1493.0,0.0,2105.0,8391.0,641.0,641.0,1517.0,588.0,0.0,0.0
1.0,9884.0,517.0,2080.0,10575.0,0.0,0.0,1517.0,563.0,0.0,517.0
1.0,19942.0,1132.0,2069.0,9192.0,0.0,0.0,1511.0,558.0,0.0,1132.0
1.0,28002.0,1752.0,2062.0,641.0,0.0,0.0,1477.0,585.0,0.0,1752.0
1.0,26891.0,1864.0,2037.0,0.0,0.0,0.0,1416.0,621.0,0.0,1864.0
1.0,25027.0,1727.0,1989.0,0.0,0.0,0.0,1342.0,647.0,370.0,1357.0
1.0,23300.0,2041.0,1953.0,0.0,0.0,0.0,1302.0,651.0,1814.0,227.0
1.0,21259.0,3253.0,1973.0,0.0,0.0,0.0,1322.0,651.0,3253.0,0.0
1.0,18006.0,4328.0,2056.0,0.0,0.0,0.0,1405.0,651.0,4328.0,0.0
1.0,13678.0,3961.0,2124.0,0.0,903.0,903.0,1481.0,643.0,3961.0,0.0
1.0,9717.0,2157.0,2145.0,0.0,3165.0,3165.0,1523.0,622.0,2157.0,0.0
1.0,7560.0,0.0,2113.0,0.0,3005.0,3005.0,1523.0,590.0,0.0,0.0
1.0,7560.0,503.0,2087.0,903.0,2475.0,2475.0,1523.0,564.0,0.0,503.0
1.0,7960.0,1127.0,2074.0,3165.0,372.0,372.0,1515.0,559.0,0.0,1127.0
1.0,9998.0,1755.0,2067.0,3005.0,0.0,0.0,1480.0,587.0,0.0,1755.0
1.0,11248.0,1870.0,2040.0,2475.0,0.0,0.0,1417.0,623.0,0.0,1870.0
1.0,11853.0,1797.0,1991.0,372.0,0.0,0.0,1342.0,649.0,434.0,1363.0
1.0,10428.0,2125.0,1957.0,0.0,1482.0,1482.0,1303.0,654.0,1895.0,230.0
1.0,8303.0,3362.0,1983.0,0.0,4974.0,4974.0,1329.0,654.0,3362.0,0.0
1.0,4941.0,4395.0,2067.0,0.0,9789.0,9789.0,1413.0,654.0,4395.0,0.0
1.0,546.0,3957.0,2134.0,1482.0,10670.0,10670.0,1489.0,645.0,3957.0,0.0
1.0,0.0,2046.0,2153.0,4974.0,9766.0,9766.0,1529.0,624.0,2046.0,0.0
1.0,999.0,0.0,2121.0,9789.0,0.0,0.0,1529.0,592.0,0.0,0.0
1.0,10788.0,505.0,2095.0,10670.0,0.0,0.0,1529.0,566.0,0.0,505.0
1.0,20953.0,1131.0,2083.0,9766.0,0.0,0.0,1522.0,561.0,0.0,1131.0
1.0,29588.0,1761.0,2077.0,0.0,0.0,0.0,1488.0,589.0,0.0,1761.0
1.0,27827.0,1885.0,2051.0,0.0,0.0,0.0,1426.0,625.0,0.0,1885.0
1.0,25942.0,1788.0,2003.0,0.0,0.0,0.0,1351.0,652.0,410.0,1378.0
1.0,24154.0,2101.0,1966.0,0.0,0.0,0.0,1310.0,656.0,1864.0,237.0
1.0,22053.0,3319.0,1988.0,0.0,0.0,0.0,1332.0,656.0,3319.0,0.0
1.0,18734.0,4355.0,2072.0,0.0,0.0,0.0,1416.0,656.0,4355.0,0.0
1.0,14379.0,3948.0,2139.0,0.0,264.0,264.0,1492.0,647.0,3948.0,0.0
1.0,10431.0,2105.0,2159.0,0.0,2469.0,2469.0,1532.0,627.0,2105.0,0.0
1.0,8326.0,0.0,2127.0,0.0,2309.0,2309.0,1532.0,595.0,0.0,0.0
1.0,8326.0,496.0,2101.0,264.0,2411.0,2411.0,1532.0,569.0,0.0,496.0
1.0,8094.0,1118.0,2090.0,2469.0,1005.0,1005.0,1526.0,564.0,0.0,1118.0
1.0,9445.0,1737.0,2082.0,2309.0,393.0,393.0,1491.0,591.0,0.0,1737.0
1.0,10017.0,1863.0,2056.0,2411.0,0.0,0.0,1429.0,627.0,0.0,1863.0
1.0,10565.0,1856.0,2009.0,1005.0,331.0,331.0,1356.0,653.0,484.0,1372.0
1.0,9714.0,2221.0,1975.0,393.0,1989.0,1989.0,1317.0,658.0,1957.0,264.0
1.0,7886.0,3426.0,1999.0,0.0,5535.0,5535.0,1341.0,658.0,3426.0,0.0
1.0,4460.0,4410.0,2084.0,331.0,10039.0,10039.0,1426.0,658.0,4410.0,0.0
1.0,381.0,3914.0,2150.0,1989.0,10750.0,10750.0,1501.0,649.0,3914.0,0.0
1.0,0.0,1945.0,2166.0,5535.0,8784.0,8784.0,1539.0,627.0,1945.0,0.0
1.0,2046.0,0.0,2133.0,10039.0,0.0,0.0,1539.0,594.0,0.0,0.0
1.0,12085.0,534.0,2107.0,10750.0,0.0,0.0,1539.0,568.0,0.0,534.0
1.0,22301.0,1167.0,2097.0,8784.0,0.0,0.0,1532.0,565.0,0.0,1167.0
1.0,29918.0,1799.0,2092.0,0.0,0.0,0.0,1497.0,595.0,0.0,1799.0
1.0,28119.0,1894.0,2066.0,0.0,0.0,0.0,1434.0,632.0,0.0,1894.0
1.0,26225.0,1836.0,2019.0,0.0,0.0,0.0,1361.0,658.0,479.0,1357.0
1.0,24389.0,2113.0,1982.0,0.0,0.0,0.0,1321.0,661.0,1929.0,184.0
1.0,22276.0,3386.0,2005.0,0.0,0.0,0.0,1344.0,661.0,3386.0,0.0
1.0,18890.0,4387.0,2090.0,0.0,0.0,0.0,1429.0,661.0,4387.0,0.0
1.0,14503.0,3943.0,2155.0,0.0,215.0,215.0,1504.0,651.0,3943.0,0.0
1.0,10560.0,2042.0,2173.0,0.0,2347.0,2347.0,1544.0,629.0,2042.0,0.0
1.0,8518.0,0.0,2140.0,0.0,2182.0,2182.0,1544.0,596.0,0.0,0.0
1.0,8518.0,533.0,2114.0,215.0,2370.0,2370.0,1544.0,570.0,0.0,533.0
1.0,8200.0,1163.0,2103.0,2347.0,1131.0,1131.0,1537.0,566.0,0.0,1163.0
1.0,9384.0,1790.0,2098.0,2182.0,714.0,714.0,1502.0,596.0,0.0,1790.0
1.0,9776.0,1888.0,2072.0,2370.0,102.0,102.0,1439.0,633.0,0.0,1888.0
1.0,10258.0,1833.0,2024.0,1131.0,564.0,564.0,1365.0,659.0,473.0,1360.0
1.0,9556.0,2167.0,1990.0,714.0,1847.0,1847.0,1327.0,663.0,1959.0,208.0
1.0,8103.0,3431.0,2014.0,102.0,5296.0,5296.0,1351.0,663.0,3431.0,0.0
1.0,4774.0,4428.0,2099.0,564.0,9585.0,9585.0,1436.0,663.0,4428.0,0.0
1.0,910.0,3941.0,2165.0,1847.0,10825.0,10825.0,1512.0,653.0,3941.0,0.0
1.0,0.0,1971.0,2182.0,5296.0,8769.0,8769.0,1550.0,632.0,1971.0,0.0
1.0,2141.0,0.0,2148.0,9585.0,0.0,0.0,1550.0,598.0,0.0,0.0
1.0,11726.0,535.0,2122.0,10825.0,0.0,0.0,1550.0,572.0,0.0,535.0
1.0,22016.0,1175.0,2111.0,8769.0,0.0,0.0,1542.0,569.0,0.0,1175.0
1.0,29610.0,1809.0,2104.0,0.0,0.0,0.0,1505.0,599.0,0.0,1809.0
1.0,27801.0,1906.0,2076.0,0.0,0.0,0.0,1440.0,636.0,0.0,1906.0
1.0,25895.0,1891.0,2028.0,0.0,0.0,0.0,1366.0,662.0,527.0,1364.0
1.0,24004.0,2183.0,1993.0,0.0,0.0,0.0,1328.0,665.0,2003.0,180.0
1.0,21821.0,3490.0,2021.0,0.0,0.0,0.0,1356.0,665.0,3490.0,0.0
1.0,18331.0,4454.0,2107.0,0.0,0.0,0.0,1442.0,665.0,4454.0,0.0
1.0,13877.0,3933.0,2174.0,0.0,926.0,926.0,1518.0,656.0,3933.0,0.0
1.0,9944.0,1937.0,2189.0,0.0,2938.0,2938.0,1555.0,634.0,1937.0,0.0
1.0,8007.0,0.0,2155.0,0.0,2768.0,2768.0,1555.0,600.0,0.0,0.0
1.0,8007.0,537.0,2129.0,926.0,2249.0,2249.0,1555.0,574.0,0.0,537.0
1.0,8396.0,1170.0,2117.0,2938.0,421.0,421.0,1547.0,570.0,0.0,1170.0
1.0,10164.0,1808.0,2111.0,2768.0,0.0,0.0,1511.0,600.0,0.0,1808.0
1.0,11124.0,1912.0,2084.0,2249.0,0.0,0.0,1447.0,637.0,0.0,1912.0
1.0,11461.0,1880.0,2037.0,421.0,183.0,183.0,1373.0,664.0,501.0,1379.0
1.0,10002.0,2206.0,2004.0,0.0,2224.0,2224.0,1336.0,668.0,1998.0,208.0
1.0,7796.0,3475.0,2030.0,0.0,5829.0,5829.0,1362.0,668.0,3475.0,0.0
1.0,4321.0,4448.0,2116.0,183.0,10524.0,10524.0,1448.0,668.0,4448.0,0.0
1.0,56.0,3929.0,2181.0,2224.0,10905.0,10905.0,1523.0,658.0,3929.0,0.0
1.0,0.0,1942.0,2196.0,5829.0,8742.0,8742.0,1560.0,636.0,1942.0,0.0
1.0,2238.0,0.0,2163.0,10524.0,0.0,0.0,1560.0,603.0,0.0,0.0
1.0,12762.0,536.0,2138.0,10905.0,0.0,0.0,1560.0,578.0,0.0,536.0
1.0,23131.0,1178.0,2125.0,8742.0,0.0,0.0,1551.0,574.0,0.0,1178.0
1.0,30695.0,1813.0,2117.0,0.0,0.0,0.0,1513.0,604.0,0.0,1813.0
1.0,28882.0,1908.0,2088.0,0.0,0.0,0.0,1448.0,640.0,0.0,1908.0
1.0,26974.0,1901.0,2040.0,0.0,0.0,0.0,1373.0,667.0,536.0,1365.0
1.0,25073.0,2216.0,2007.0,0.0,0.0,0.0,1337.0,670.0,2025.0,191.0
1.0,22857.0,3531.0,2037.0,0.0,0.0,0.0,1367.0,670.0,3531.0,0.0
1.0,19326.0,4489.0,2124.0,0.0,0.0,0.0,1454.0,670.0,4489.0,0.0
1.0,14837.0,3963.0,2190.0,0.0,76.0,76.0,1530.0,660.0,3963.0,0.0
1.0,10874.0,1927.0,2205.0,0.0,2078.0,2078.0,1567.0,638.0,1927.0,0.0
1.0,8947.0,0.0,2170.0,0.0,1903.0,1903.0,1567.0,603.0,0.0,0.0
1.0,8947.0,568.0,2144.0,76.0,2265.0,2265.0,1567.0,577.0,0.0,568.0
1.0,8455.0,1206.0,2132.0,2078.0,1333.0,1333.0,1558.0,574.0,0.0,1206.0
1.0,9327.0,1846.0,2127.0,1903.0,1251.0,1251.0,1521.0,606.0,0.0,1846.0
1.0,9384.0,1923.0,2098.0,2265.0,764.0,764.0,1455.0,643.0,0.0,1923.0
1.0,9726.0,1835.0,2050.0,1333.0,1026.0,1026.0,1380.0,670.0,476.0,1359.0
1.0,9224.0,2125.0,2015.0,1251.0,1725.0,1725.0,1342.0,673.0,1969.0,156.0
1.0,8350.0,3462.0,2043.0,764.0,4563.0,4563.0,1370.0,673.0,3462.0,0.0
1.0,5652.0,4476.0,2129.0,1026.0,8443.0,8443.0,1456.0,673.0,4476.0,0.0
1.0,2202.0,3998.0,2195.0,1725.0,10975.0,10975.0,1533.0,662.0,3998.0,0.0
1.0,0.0,2029.0,2212.0,4563.0,8597.0,8597.0,1572.0,640.0,2029.0,0.0
1.0,2463.0,0.0,2178.0,8443.0,0.0,0.0,1572.0,606.0,0.0,0.0
1.0,10906.0,565.0,2152.0,10975.0,0.0,0.0,1572.0,580.0,0.0,565.0
1.0,21316.0,1206.0,2139.0,8597.0,0.0,0.0,1562.0,577.0,0.0,1206.0
1.0,28707.0,1840.0,2134.0,0.0,0.0,0.0,1525.0,609.0,0.0,1840.0
1.0,26867.0,1918.0,2104.0,0.0,0.0,0.0,1459.0,645.0,0.0,1918.0
1.0,24949.0,1874.0,2055.0,0.0,0.0,0.0,1384.0,671.0,522.0,1352.0
1.0,23075.0,2205.0,2022.0,0.0,0.0,0.0,1347.0,675.0,2041.0,164.0
1.0,20870.0,3543.0,2052.0,0.0,0.0,0.0,1377.0,675.0,3543.0,0.0
1.0,17327.0,4523.0,2139.0,0.0,0.0,0.0,1464.0,675.0,4523.0,0.0
1.0,12804.0,3983.0,2205.0,0.0,2204.0,2204.0,1541.0,664.0,3983.0,0.0
1.0,8821.0,1930.0,2220.0,0.0,4209.0,4209.0,1578.0,642.0,1930.0,0.0
1.0,6891.0,0.0,2185.0,0.0,4034.0,4034.0,1578.0,607.0,0.0,0.0
1.0,6891.0,585.0,2159.0,2204.0,2285.0,2285.0,1578.0,581.0,0.0,585.0
1.0,8510.0,1233.0,2147.0,4209.0,0.0,0.0,1568.0,579.0,0.0,1233.0
1.0,11486.0,1891.0,2141.0,4034.0,0.0,0.0,1529.0,612.0,0.0,1891.0
1.0,13629.0,1950.0,2111.0,2285.0,0.0,0.0,1462.0,649.0,0.0,1950.0
1.0,13964.0,1887.0,2063.0,0.0,0.0,0.0,1387.0,676.0,528.0,1359.0
1.0,12077.0,2139.0,2028.0,0.0,202.0,202.0,1350.0,678.0,2031.0,108.0
1.0,9938.0,3523.0,2059.0,0.0,3880.0,3880.0,1381.0,678.0,3523.0,0.0
1.0,6415.0,4488.0,2145.0,0.0,8798.0,8798.0,1467.0,678.0,4488.0,0.0
1.0,1927.0,3982.0,2211.0,202.0,11055.0,11055.0,1544.0,667.0,3982.0,0.0
1.0,0.0,1981.0,2227.0,3880.0,11089.0,11089.0,1582.0,645.0,1981.0,0.0
1.0,46.0,0.0,2192.0,8798.0,2116.0,2116.0,1582.0,610.0,0.0,0.0
1.0,8844.0,567.0,2166.0,11055.0,0.0,0.0,1582.0,584.0,0.0,567.0
1.0,19332.0,1207.0,2153.0,11089.0,0.0,0.0,1572.0,581.0,0.0,1207.0
1.0,29214.0,1855.0,2146.0,2116.0,0.0,0.0,1534.0,612.0,0.0,1855.0
1.0,29475.0,1929.0,2117.0,0.0,0.0,0.0,1467.0,650.0,0.0,1929.0
1.0,27546.0,1922.0,2068.0,0.0,0.0,0.0,1392.0,676.0,552.0,1370.0
1.0,25624.0,2220.0,2035.0,0.0,0.0,0.0,1356.0,679.0,2056.0,164.0
1.0,23404.0,3568.0,2066.0,0.0,0.0,0.0,1387.0,679.0,3568.0,0.0
1.0,19836.0,4531.0,2153.0,0.0,0.0,0.0,1474.0,679.0,4531.0,0.0
1.0,15305.0,3985.0,2220.0,0.0,0.0,0.0,1551.0,669.0,3985.0,0.0
1.0,11320.0,1924.0,2234.0,0.0,1774.0,1774.0,1588.0,646.0,1924.0,0.0
1.0,9396.0,0.0,2199.0,0.0,1599.0,1599.0,1588.0,611.0,0.0,0.0
1.0,9396.0,591.0,2174.0,0.0,2065.0,2065.0,1588.0,586.0,0.0,591.0
1.0,8805.0,1247.0,2162.0,1774.0,1478.0,1478.0,1578.0,584.0,0.0,1247.0
1.0,9332.0,1896.0,2155.0,1599.0,1740.0,1740.0,1539.0,616.0,0.0,1896.0
1.0,9035.0,1951.0,2125.0,2065.0,1476.0,1476.0,1471.0,654.0,0.0,1951.0
1.0,9149.0,1923.0,2076.0,1478.0,1676.0,1676.0,1396.0,680.0,575.0,1348.0
1.0,8704.0,2179.0,2041.0,1740.0,1940.0,1940.0,1359.0,682.0,2078.0,101.0
1.0,8265.0,3606.0,2074.0,1476.0,4235.0,4235.0,1392.0,682.0,3606.0,0.0
1.0,6135.0,4555.0,2161.0,1676.0,7549.0,7549.0,1479.0,682.0,4555.0,0.0
1.0,3256.0,3988.0,2227.0,1940.0,9927.0,9927.0,1556.0,671.0,3988.0,0.0
1.0,1208.0,1901.0,2240.0,4235.0,7658.0,7658.0,1592.0,648.0,1901.0,0.0
1.0,3542.0,0.0,2204.0,7549.0,0.0,0.0,1592.0,612.0,0.0,0.0
1.0,11091.0,609.0,2179.0,9927.0,0.0,0.0,1592.0,587.0,0.0,609.0
1.0,20409.0,1256.0,2168.0,7658.0,0.0,0.0,1583.0,585.0,0.0,1256.0
1.0,26811.0,1906.0,2164.0,0.0,0.0,0.0,1545.0,619.0,0.0,1906.0
1.0,24905.0,1948.0,2135.0,0.0,0.0,0.0,1479.0,656.0,0.0,1948.0
1.0,22957.0,1920.0,2086.0,0.0,0.0,0.0,1404.0,682.0,573.0,1347.0
1.0,21037.0,2205.0,2051.0,0.0,0.0,0.0,1367.0,684.0,2103.0,102.0
1.0,18832.0,3618.0,2082.0,0.0,0.0,0.0,1398.0,684.0,3618.0,0.0
1.0,15214.0,4556.0,2169.0,0.0,187.0,187.0,1485.0,684.0,4556.0,0.0
1.0,10658.0,3963.0,2235.0,0.0,4480.0,4480.0,1562.0,673.0,3963.0,0.0
1.0,6695.0,1859.0,2247.0,0.0,6399.0,6399.0,1597.0,650.0,1859.0,0.0
1.0,4836.0,0.0,2211.0,187.0,6032.0,6032.0,1597.0,614.0,0.0,0.0
1.0,5023.0,618.0,2187.0,4480.0,2050.0,2050.0,1597.0,590.0,0.0,618.0
1.0,8885.0,1272.0,2175.0,6399.0,0.0,0.0,1587.0,588.0,0.0,1272.0
1.0,14012.0,1924.0,2170.0,6032.0,0.0,0.0,1548.0,622.0,0.0,1924.0
1.0,18120.0,1963.0,2140.0,2050.0,0.0,0.0,1480.0,660.0,0.0,1963.0
1.0,18207.0,1965.0,2090.0,0.0,0.0,0.0,1405.0,685.0,622.0,1343.0
1.0,16242.0,2221.0,2057.0,0.0,0.0,0.0,1370.0,687.0,2150.0,71.0
1.0,14021.0,3672.0,2090.0,0.0,101.0,101.0,1403.0,687.0,3672.0,0.0
1.0,10349.0,4590.0,2179.0,0.0,5136.0,5136.0,1492.0,687.0,4590.0,0.0
1.0,5759.0,3968.0,2244.0,0.0,9429.0,9429.0,1568.0,676.0,3968.0,0.0
1.0,1791.0,1827.0,2255.0,101.0,11210.0,11210.0,1603.0,652.0,1827.0,0.0
1.0,65.0,0.0,2218.0,5136.0,5889.0,5889.0,1603.0,615.0,0.0,0.0
1.0,5201.0,622.0,2193.0,9429.0,0.0,0.0,1603.0,590.0,0.0,622.0
1.0,14008.0,1279.0,2181.0,11210.0,0.0,0.0,1593.0,588.0,0.0,1279.0
1.0,23939.0,1943.0,2178.0,5889.0,0.0,0.0,1554.0,624.0,0.0,1943.0
1.0,27885.0,1978.0,2148.0,0.0,0.0,0.0,1486.0,662.0,0.0,1978.0
1.0,25907.0,1982.0,2100.0,0.0,0.0,0.0,1412.0,688.0,626.0,1356.0
1.0,23925.0,2214.0,2065.0,0.0,0.0,0.0,1376.0,689.0,2150.0,64.0
1.0,21711.0,3670.0,2098.0,0.0,0.0,0.0,1409.0,689.0,3670.0,0.0
1.0,18041.0,4577.0,2186.0,0.0,0.0,0.0,1497.0,689.0,4577.0,0.0
1.0,13464.0,3967.0,2251.0,0.0,1758.0,1758.0,1573.0,678.0,3967.0,0.0
1.0,9497.0,1830.0,2263.0,0.0,3648.0,3648.0,1608.0,655.0,1830.0,0.0
1.0,7667.0,0.0,2227.0,0.0,3468.0,3468.0,1608.0,619.0,0.0,0.0
1.0,7667.0,614.0,2202.0,1758.0,2199.0,2199.0,1608.0,594.0,0.0,614.0
1.0,8811.0,1272.0,2190.0,3648.0,0.0,0.0,1598.0,592.0,0.0,1272.0
1.0,11187.0,1925.0,2184.0,3468.0,0.0,0.0,1558.0,626.0,0.0,1925.0
1.0,12730.0,1964.0,2154.0,2199.0,0.0,0.0,1490.0,664.0,0.0,1964.0
1.0,12965.0,1993.0,2105.0,0.0,0.0,0.0,1415.0,690.0,645.0,1348.0
1.0,10972.0,2271.0,2071.0,0.0,1654.0,1654.0,1380.0,691.0,2188.0,83.0
1.0,8701.0,3745.0,2106.0,0.0,5574.0,5574.0,1415.0,691.0,3745.0,0.0
1.0,4956.0,4643.0,2196.0,0.0,10667.0,10667.0,1505.0,691.0,4643.0,0.0
1.0,313.0,3987.0,2261.0,1654.0,11305.0,11305.0,1581.0,680.0,3987.0,0.0
1.0,0.0,1766.0,2271.0,5574.0,9567.0,9567.0,1615.0,656.0,1766.0,0.0
1.0,1788.0,0.0,2234.0,10667.0,0.0,0.0,1615.0,619.0,0.0,0.0
1.0,12455.0,648.0,2209.0,11305.0,0.0,0.0,1615.0,594.0,0.0,648.0
1.0,23112.0,1307.0,2198.0,9567.0,0.0,0.0,1604.0,594.0,0.0,1307.0
1.0,31372.0,1969.0,2193.0,0.0,0.0,0.0,1564.0,629.0,0.0,1969.0
1.0,29403.0,1980.0,2163.0,0.0,0.0,0.0,1495.0,668.0,0.0,1980.0
1.0,27423.0,1939.0,2112.0,0.0,0.0,0.0,1419.0,693.0,608.0,1331.0
1.0,25484.0,2162.0,2078.0,0.0,0.0,0.0,1384.0,694.0,2138.0,24.0
1.0,23322.0,3672.0,2112.0,0.0,0.0,0.0,1418.0,694.0,3672.0,0.0
1.0,19650.0,4599.0,2200.0,0.0,0.0,0.0,1506.0,694.0,4599.0,0.0
1.0,15051.0,4012.0,2265.0,0.0,286.0,286.0,1583.0,682.0,4012.0,0.0
1.0,11039.0,1885.0,2277.0,0.0,2231.0,2231.0,1619.0,658.0,1885.0,0.0
1.0,9154.0,3.0,2240.0,0.0,2049.0,2049.0,1619.0,621.0,0.0,3.0
1.0,9151.0,663.0,2215.0,286.0,2301.0,2301.0,1619.0,596.0,0.0,663.0
1.0,8774.0,1319.0,2204.0,2231.0,1334.0,1334.0,1608.0,596.0,0.0,1319.0
1.0,9686.0,1975.0,2200.0,2049.0,1240.0,1240.0,1568.0,632.0,0.0,1975.0
1.0,9760.0,1972.0,2168.0,2301.0,751.0,751.0,1498.0,670.0,0.0,1972.0
1.0,10089.0,1968.0,2118.0,1334.0,1135.0,1135.0,1423.0,695.0,644.0,1324.0
1.0,9455.0,2219.0,2085.0,1240.0,1949.0,1949.0,1389.0,696.0,2203.0,16.0
1.0,8476.0,3746.0,2122.0,751.0,5129.0,5129.0,1426.0,696.0,3746.0,0.0
1.0,5481.0,4644.0,2211.0,1135.0,9083.0,9083.0,1515.0,696.0,4644.0,0.0
1.0,1972.0,3981.0,2275.0,1949.0,11375.0,11375.0,1591.0,684.0,3981.0,0.0
1.0,0.0,1784.0,2285.0,5129.0,8140.0,8140.0,1626.0,659.0,1784.0,0.0
1.0,3285.0,17.0,2249.0,9083.0,0.0,0.0,1626.0,623.0,0.0,17.0
1.0,12351.0,683.0,2224.0,11375.0,0.0,0.0,1626.0,598.0,0.0,683.0
1.0,23043.0,1353.0,2212.0,8140.0,0.0,0.0,1614.0,598.0,0.0,1353.0
1.0,29830.0,2005.0,2207.0,0.0,0.0,0.0,1572.0,635.0,0.0,2005.0
1.0,27825.0,1984.0,2175.0,0.0,0.0,0.0,1502.0,673.0,0.0,1984.0
1.0,25841.0,1975.0,2125.0,0.0,0.0,0.0,1427.0,698.0,683.0,1292.0
1.0,23866.0,2217.0,2091.0,0.0,0.0,0.0,1393.0,698.0,2217.0,0.0
1.0,21649.0,3776.0,2128.0,0.0,0.0,0.0,1430.0,698.0,3776.0,0.0
1.0,17873.0,4656.0,2218.0,0.0,0.0,0.0,1520.0,698.0,4656.0,0.0
1.0,13217.0,4006.0,2283.0,0.0,2204.0,2204.0,1597.0,686.0,4006.0,0.0
1.0,9211.0,1794.0,2294.0,0.0,4053.0,4053.0,1632.0,662.0,1794.0,0.0
1.0,7417.0,5.0,2256.0,0.0,3868.0,3868.0,1632.0,624.0,0.0,5.0
1.0,7412.0,669.0,2231.0,2204.0,2208.0,2208.0,1632.0,599.0,0.0,669.0
1.0,8947.0,1333.0,2219.0,4053.0,0.0,0.0,1620.0,599.0,0.0,1333.0
1.0,11667.0,1999.0,2214.0,3868.0,0.0,0.0,1578.0,636.0,0.0,1999.0
1.0,13536.0,1997.0,2182.0,2208.0,0.0,0.0,1508.0,674.0,0.0,1997.0
1.0,13747.0,2015.0,2133.0,0.0,0.0,0.0,1433.0,700.0,684.0,1331.0
1.0,11732.0,2245.0,2100.0,0.0,1013.0,1013.0,1400.0,700.0,2242.0,3.0
1.0,9487.0,3800.0,2137.0,0.0,4998.0,4998.0,1437.0,700.0,3800.0,0.0
1.0,5687.0,4667.0,2227.0,0.0,10115.0,10115.0,1527.0,700.0,4667.0,0.0
1.0,1020.0,3984.0,2292.0,1013.0,11460.0,11460.0,1604.0,688.0,3984.0,0.0
1.0,0.0,1740.0,2301.0,4998.0,10198.0,10198.0,1637.0,664.0,1740.0,0.0
1.0,1307.0,9.0,2264.0,10115.0,0.0,0.0,1637.0,627.0,0.0,9.0
1.0,11413.0,687.0,2239.0,11460.0,0.0,0.0,1637.0,602.0,0.0,687.0
1.0,22186.0,1353.0,2228.0,10198.0,0.0,0.0,1625.0,603.0,0.0,1353.0
1.0,31031.0,2006.0,2223.0,0.0,0.0,0.0,1583.0,640.0,0.0,2006.0
1.0,29025.0,1985.0,2189.0,0.0,0.0,0.0,1511.0,678.0,0.0,1985.0
1.0,27040.0,2002.0,2138.0,0.0,0.0,0.0,1435.0,703.0,709.0,1293.0
1.0,25038.0,2277.0,2105.0,0.0,0.0,0.0,1402.0,703.0,2277.0,0.0
1.0,22761.0,3849.0,2145.0,0.0,0.0,0.0,1442.0,703.0,3849.0,0.0
1.0,18912.0,4716.0,2236.0,0.0,0.0,0.0,1533.0,703.0,4716.0,0.0
1.0,14196.0,4009.0,2300.0,0.0,1313.0,1313.0,1610.0,690.0,4009.0,0.0
1.0,10187.0,1712.0,2308.0,0.0,3065.0,3065.0,1643.0,665.0,1712.0,0.0
1.0,8475.0,37.0,2271.0,0.0,2917.0,2917.0,1643.0,628.0,0.0,37.0
1.0,8438.0,709.0,2246.0,1313.0,2188.0,2188.0,1643.0,603.0,0.0,709.0
1.0,9042.0,1374.0,2235.0,3065.0,442.0,442.0,1631.0,604.0,0.0,1374.0
1.0,10733.0,2007.0,2232.0,2917.0,0.0,0.0,1590.0,642.0,0.0,2007.0
1.0,11643.0,1972.0,2200.0,2188.0,0.0,0.0,1520.0,680.0,0.0,1972.0
1.0,11859.0,1981.0,2150.0,442.0,430.0,430.0,1445.0,705.0,702.0,1279.0
1.0,10320.0,2263.0,2116.0,0.0,2523.0,2523.0,1411.0,705.0,2263.0,0.0
1.0,8057.0,3815.0,2153.0,0.0,6523.0,6523.0,1448.0,705.0,3815.0,0.0
1.0,4242.0,4674.0,2243.0,430.0,11215.0,11215.0,1538.0,705.0,4674.0,0.0
1.0,0.0,3986.0,2307.0,2523.0,11535.0,11535.0,1615.0,692.0,3986.0,0.0
1.0,0.0,1757.0,2315.0,6523.0,8274.0,8274.0,1648.0,667.0,1757.0,0.0
1.0,3301.0,51.0,2278.0,11215.0,0.0,0.0,1648.0,630.0,0.0,51.0
1.0,14465.0,722.0,2254.0,11535.0,0.0,0.0,1648.0,606.0,0.0,722.0
1.0,25278.0,1390.0,2243.0,8274.0,0.0,0.0,1636.0,607.0,0.0,1390.0
1.0,32162.0,2008.0,2239.0,0.0,0.0,0.0,1594.0,645.0,0.0,2008.0
1.0,30154.0,1957.0,2205.0,0.0,0.0,0.0,1522.0,683.0,0.0,1957.0
1.0,28197.0,1979.0,2154.0,0.0,0.0,0.0,1447.0,707.0,739.0,1240.0
1.0,26218.0,2316.0,2122.0,0.0,0.0,0.0,1415.0,707.0,2316.0,0.0
1.0,23902.0,3899.0,2162.0,0.0,0.0,0.0,1455.0,707.0,3899.0,0.0
1.0,20003.0,4735.0,2252.0,0.0,0.0,0.0,1546.0,706.0,4735.0,0.0
1.0,15268.0,3999.0,2316.0,0.0,311.0,311.0,1623.0,693.0,3999.0,0.0
1.0,11269.0,1662.0,2322.0,0.0,2003.0,2003.0,1655.0,667.0,1662.0,0.0
1.0,9607.0,79.0,2285.0,0.0,1897.0,1897.0,1655.0,630.0,0.0,79.0
1.0,9528.0,757.0,2262.0,311.0,2228.0,2228.0,1655.0,607.0,0.0,757.0
1.0,9082.0,1434.0,2251.0,2003.0,1604.0,1604.0,1642.0,609.0,0.0,1434.0
1.0,9651.0,2038.0,2248.0,1897.0,1730.0,1730.0,1599.0,649.0,0.0,2038.0
1.0,9510.0,1959.0,2213.0,2228.0,1286.0,1286.0,1527.0,686.0,0.0,1959.0
1.0,9779.0,1949.0,2161.0,1604.0,1371.0,1371.0,1452.0,709.0,752.0,1197.0
1.0,9434.0,2315.0,2128.0,1730.0,1791.0,1791.0,1419.0,709.0,2315.0,0.0
1.0,8849.0,3892.0,2169.0,1286.0,4602.0,4602.0,1460.0,709.0,3892.0,0.0
1.0,6243.0,4722.0,2259.0,1371.0,8403.0,8403.0,1550.0,709.0,4722.0,0.0
1.0,2892.0,3996.0,2323.0,1791.0,10928.0,10928.0,1627.0,696.0,3996.0,0.0
1.0,687.0,1696.0,2331.0,4602.0,8062.0,8062.0,1660.0,671.0,1696.0,0.0
1.0,3593.0,59.0,2293.0,8403.0,0.0,0.0,1660.0,633.0,0.0,59.0
1.0,11937.0,737.0,2269.0,10928.0,0.0,0.0,1660.0,609.0,0.0,737.0
1.0,22128.0,1412.0,2258.0,8062.0,0.0,0.0,1647.0,611.0,0.0,1412.0
1.0,28778.0,2027.0,2254.0,0.0,0.0,0.0,1604.0,650.0,0.0,2027.0
1.0,26751.0,1969.0,2217.0,0.0,0.0,0.0,1530.0,687.0,0.0,1969.0
1.0,24782.0,1994.0,2166.0,0.0,0.0,0.0,1455.0,711.0,759.0,1235.0
1.0,22788.0,2356.0,2135.0,0.0,0.0,0.0,1424.0,711.0,2356.0,0.0
1.0,20432.0,3937.0,2177.0,0.0,0.0,0.0,1466.0,711.0,3937.0,0.0
1.0,16495.0,4757.0,2269.0,0.0,0.0,0.0,1558.0,711.0,4757.0,0.0
1.0,11738.0,3963.0,2332.0,0.0,3885.0,3885.0,1634.0,698.0,3963.0,0.0
1.0,7775.0,1613.0,2337.0,0.0,5523.0,5523.0,1665.0,672.0,1613.0,0.0
1.0,6162.0,71.0,2300.0,0.0,5409.0,5409.0,1665.0,635.0,0.0,71.0
1.0,6091.0,756.0,2276.0,3885.0,2160.0,2160.0,1665.0,611.0,0.0,756.0
1.0,9220.0,1443.0,2265.0,5523.0,0.0,0.0,1651.0,614.0,0.0,1443.0
1.0,13300.0,2054.0,2261.0,5409.0,0.0,0.0,1608.0,653.0,0.0,2054.0
1.0,16655.0,1967.0,2225.0,2160.0,0.0,0.0,1534.0,691.0,0.0,1967.0
1.0,16848.0,2017.0,2172.0,0.0,0.0,0.0,1458.0,714.0,816.0,1201.0
1.0,14831.0,2401.0,2142.0,0.0,0.0,0.0,1428.0,714.0,2401.0,0.0
1.0,12430.0,3983.0,2185.0,0.0,2478.0,2478.0,1471.0,714.0,3983.0,0.0
1.0,8447.0,4761.0,2277.0,0.0,7699.0,7699.0,1563.0,714.0,4761.0,0.0
1.0,3686.0,3968.0,2339.0,0.0,11695.0,11695.0,1639.0,700.0,3968.0,0.0
1.0,0.0,1592.0,2343.0,2478.0,11111.0,11111.0,1670.0,673.0,1592.0,0.0
1.0,604.0,75.0,2306.0,7699.0,3302.0,3302.0,1670.0,636.0,0.0,75.0
1.0,8228.0,748.0,2283.0,11695.0,0.0,0.0,1670.0,613.0,0.0,748.0
1.0,19175.0,1423.0,2272.0,11111.0,0.0,0.0,1656.0,616.0,0.0,1423.0
1.0,28863.0,2034.0,2268.0,3302.0,0.0,0.0,1613.0,655.0,0.0,2034.0
1.0,30131.0,1969.0,2232.0,0.0,0.0,0.0,1539.0,693.0,0.0,1969.0
1.0,28162.0,2047.0,2181.0,0.0,0.0,0.0,1465.0,716.0,815.0,1232.0
1.0,26115.0,2407.0,2151.0,0.0,0.0,0.0,1435.0,716.0,2407.0,0.0
1.0,23708.0,3990.0,2194.0,0.0,0.0,0.0,1478.0,716.0,3990.0,0.0
1.0,19718.0,4764.0,2284.0,0.0,0.0,0.0,1569.0,715.0,4764.0,0.0
1.0,14954.0,3948.0,2346.0,0.0,724.0,724.0,1645.0,701.0,3948.0,0.0
1.0,11006.0,1555.0,2350.0,0.0,2299.0,2299.0,1675.0,675.0,1555.0,0.0
1.0,9451.0,91.0,2313.0,0.0,2205.0,2205.0,1675.0,638.0,0.0,91.0
1.0,9360.0,782.0,2290.0,724.0,2148.0,2148.0,1675.0,615.0,0.0,782.0
1.0,9302.0,1465.0,2281.0,2299.0,1269.0,1269.0,1661.0,620.0,0.0,1465.0
1.0,10136.0,2060.0,2275.0,2205.0,1094.0,1094.0,1616.0,659.0,0.0,2060.0
1.0,10281.0,1958.0,2238.0,2148.0,719.0,719.0,1541.0,697.0,0.0,1958.0
1.0,10471.0,2032.0,2186.0,1269.0,1222.0,1222.0,1467.0,719.0,856.0,1176.0
1.0,9708.0,2444.0,2156.0,1094.0,2422.0,2422.0,1437.0,719.0,2444.0,0.0
1.0,8358.0,4052.0,2202.0,719.0,5985.0,5985.0,1483.0,719.0,4052.0,0.0
1.0,5025.0,4795.0,2293.0,1222.0,10013.0,10013.0,1575.0,718.0,4795.0,0.0
1.0,1452.0,3956.0,2354.0,2422.0,11770.0,11770.0,1651.0,703.0,3956.0,0.0
1.0,0.0,1493.0,2356.0,5985.0,7370.0,7370.0,1680.0,676.0,1493.0,0.0
1.0,4410.0,89.0,2318.0,10013.0,0.0,0.0,1680.0,638.0,0.0,89.0
1.0,14334.0,777.0,2296.0,11770.0,0.0,0.0,1680.0,616.0,0.0,777.0
1.0,25327.0,1461.0,2286.0,7370.0,0.0,0.0,1665.0,621.0,0.0,1461.0
1.0,31236.0,2060.0,2281.0,0.0,0.0,0.0,1621.0,660.0,0.0,2060.0
1.0,29176.0,1979.0,2244.0,0.0,0.0,0.0,1546.0,698.0,0.0,1979.0
1.0,27197.0,2044.0,2193.0,0.0,0.0,0.0,1471.0,722.0,835.0,1209.0
1.0,25153.0,2445.0,2163.0,0.0,0.0,0.0,1441.0,722.0,2445.0,0.0
1.0,22708.0,4036.0,2208.0,0.0,0.0,0.0,1486.0,722.0,4036.0,0.0
1.0,18672.0,4805.0,2299.0,0.0,0.0,0.0,1579.0,720.0,4805.0,0.0
1.0,13867.0,3966.0,2361.0,0.0,1904.0,1904.0,1655.0,706.0,3966.0,0.0
1.0,9901.0,1536.0,2364.0,0.0,3455.0,3455.0,1685.0,679.0,1536.0,0.0
1.0,8365.0,83.0,2327.0,0.0,3353.0,3353.0,1685.0,642.0,0.0,83.0
1.0,8282.0,775.0,2304.0,1904.0,2109.0,2109.0,1685.0,619.0,0.0,775.0
1.0,9411.0,1463.0,2293.0,3455.0,62.0,62.0,1670.0,623.0,0.0,1463.0
1.0,11403.0,2070.0,2288.0,3353.0,0.0,0.0,1625.0,663.0,0.0,2070.0
1.0,12686.0,1980.0,2250.0,2109.0,0.0,0.0,1549.0,701.0,0.0,1980.0
1.0,12815.0,2080.0,2198.0,62.0,193.0,193.0,1474.0,724.0,877.0,1203.0
1.0,10797.0,2498.0,2170.0,0.0,2551.0,2551.0,1446.0,724.0,2498.0,0.0
1.0,8299.0,4115.0,2218.0,0.0,6906.0,6906.0,1494.0,724.0,4115.0,0.0
1.0,4184.0,4851.0,2311.0,193.0,11555.0,11555.0,1588.0,723.0,4851.0,0.0
1.0,0.0,3965.0,2372.0,2551.0,11860.0,11860.0,1664.0,708.0,3965.0,0.0
1.0,0.0,1458.0,2372.0,6906.0,8300.0,8300.0,1692.0,680.0,1458.0,0.0
1.0,3560.0,90.0,2335.0,11555.0,0.0,0.0,1692.0,643.0,0.0,90.0
1.0,15025.0,780.0,2312.0,11860.0,0.0,0.0,1692.0,620.0,0.0,780.0
1.0,26105.0,1475.0,2301.0,8300.0,0.0,0.0,1676.0,625.0,0.0,1475.0
1.0,32930.0,2078.0,2295.0,0.0,0.0,0.0,1630.0,665.0,0.0,2078.0
1.0,30852.0,1987.0,2257.0,0.0,0.0,0.0,1554.0,703.0,0.0,1987.0
1.0,28865.0,2063.0,2205.0,0.0,0.0,0.0,1479.0,726.0,863.0,1200.0
1.0,26802.0,2462.0,2176.0,0.0,0.0,0.0,1450.0,726.0,2462.0,0.0
1.0,24340.0,4051.0,2223.0,0.0,0.0,0.0,1497.0,726.0,4051.0,0.0
1.0,20289.0,4804.0,2314.0,0.0,0.0,0.0,1589.0,725.0,4804.0,0.0
1.0,15485.0,3968.0,2377.0,0.0,368.0,368.0,1666.0,711.0,3968.0,0.0
1.0,11517.0,1546.0,2378.0,0.0,1919.0,1919.0,1695.0,683.0,1546.0,0.0
1.0,9971.0,94.0,2341.0,0.0,1828.0,1828.0,1695.0,646.0,0.0,94.0
1.0,9877.0,785.0,2318.0,368.0,2130.0,2130.0,1695.0,623.0,0.0,785.0
1.0,9460.0,1472.0,2308.0,1919.0,1633.0,1633.0,1680.0,628.0,0.0,1472.0
1.0,9907.0,2071.0,2301.0,1828.0,1841.0,1841.0,1633.0,668.0,0.0,2071.0
1.0,9664.0,1980.0,2263.0,2130.0,1501.0,1501.0,1557.0,706.0,0.0,1980.0
1.0,9814.0,2138.0,2212.0,1633.0,1751.0,1751.0,1483.0,729.0,928.0,1210.0
1.0,9309.0,2552.0,2185.0,1841.0,2327.0,2327.0,1456.0,729.0,2552.0,0.0
1.0,8598.0,4179.0,2235.0,1501.0,5255.0,5255.0,1506.0,729.0,4179.0,0.0
1.0,5920.0,4863.0,2327.0,1751.0,8827.0,8827.0,1600.0,727.0,4863.0,0.0
1.0,2808.0,3918.0,2387.0,2327.0,10718.0,10718.0,1675.0,712.0,3918.0,0.0
1.0,1217.0,1351.0,2385.0,5255.0,6804.0,6804.0,1701.0,684.0,1351.0,0.0
1.0,5121.0,99.0,2347.0,8827.0,0.0,0.0,1701.0,646.0,0.0,99.0
1.0,13849.0,799.0,2325.0,10718.0,0.0,0.0,1701.0,624.0,0.0,799.0
1.0,23768.0,1497.0,2315.0,6804.0,0.0,0.0,1685.0,630.0,0.0,1497.0
1.0,29075.0,2095.0,2308.0,0.0,0.0,0.0,1638.0,670.0,0.0,2095.0
1.0,26980.0,1999.0,2269.0,0.0,0.0,0.0,1560.0,709.0,0.0,1999.0
1.0,24981.0,2136.0,2218.0,0.0,0.0,0.0,1486.0,732.0,944.0,1192.0
1.0,22845.0,2556.0,2191.0,0.0,0.0,0.0,1459.0,732.0,2556.0,0.0
1.0,20289.0,4182.0,2243.0,0.0,0.0,0.0,1511.0,732.0,4182.0,0.0
1.0,16107.0,4875.0,2334.0,0.0,438.0,438.0,1604.0,730.0,4875.0,0.0
1.0,11232.0,3956.0,2395.0,0.0,4699.0,4699.0,1680.0,715.0,3956.0,0.0
1.0,7276.0,1400.0,2394.0,0.0,6094.0,6094.0,1707.0,687.0,1400.0,0.0
1.0,5876.0,81.0,2356.0,438.0,5547.0,5547.0,1707.0,649.0,0.0,81.0
1.0,6233.0,776.0,2333.0,4699.0,1509.0,1509.0,1707.0,626.0,0.0,776.0
1.0,10156.0,1474.0,2322.0,6094.0,0.0,0.0,1691.0,631.0,0.0,1474.0
1.0,14776.0,2089.0,2315.0,5547.0,0.0,0.0,1644.0,671.0,0.0,2089.0
1.0,18234.0,2016.0,2277.0,1509.0,0.0,0.0,1567.0,710.0,0.0,2016.0
1.0,17727.0,2175.0,2226.0,0.0,0.0,0.0,1492.0,734.0,933.0,1242.0
1.0,15552.0,2568.0,2199.0,0.0,0.0,0.0,1465.0,734.0,2568.0,0.0
1.0,12984.0,4192.0,2250.0,0.0,2458.0,2458.0,1516.0,734.0,4192.0,0.0
1.0,8792.0,4868.0,2342.0,0.0,7786.0,7786.0,1610.0,732.0,4868.0,0.0
1.0,3924.0,3921.0,2402.0,0.0,12007.0,12007.0,1685.0,717.0,3921.0,0.0
1.0,3.0,1368.0,2401.0,2458.0,10912.0,10912.0,1712.0,689.0,1368.0,0.0
1.0,1093.0,83.0,2363.0,7786.0,3019.0,3019.0,1712.0,651.0,0.0,83.0
1.0,8796.0,785.0,2340.0,12007.0,0.0,0.0,1712.0,628.0,0.0,785.0
1.0,20018.0,1490.0,2328.0,10912.0,0.0,0.0,1695.0,633.0,0.0,1490.0
1.0,29440.0,2105.0,2321.0,3019.0,0.0,0.0,1647.0,674.0,0.0,2105.0
1.0,30354.0,2012.0,2281.0,0.0,0.0,0.0,1568.0,713.0,0.0,2012.0
1.0,28342.0,2230.0,2230.0,0.0,0.0,0.0,1494.0,736.0,1013.0,1217.0
1.0,26112.0,2646.0,2205.0,0.0,0.0,0.0,1469.0,736.0,2646.0,0.0
1.0,23466.0,4283.0,2259.0,0.0,0.0,0.0,1523.0,736.0,4283.0,0.0
1.0,19183.0,4912.0,2351.0,0.0,0.0,0.0,1617.0,734.0,4912.0,0.0
1.0,14271.0,3903.0,2411.0,0.0,1687.0,1687.0,1692.0,719.0,3903.0,0.0
1.0,10368.0,1249.0,2407.0,0.0,2916.0,2916.0,1716.0,691.0,1249.0,0.0
1.0,9119.0,88.0,2369.0,0.0,2814.0,2814.0,1716.0,653.0,0.0,88.0
1.0,9031.0,784.0,2346.0,1687.0,1796.0,1796.0,1716.0,630.0,0.0,784.0
1.0,9934.0,1484.0,2335.0,2916.0,309.0,309.0,1700.0,635.0,0.0,1484.0
1.0,11366.0,2102.0,2327.0,2814.0,0.0,0.0,1652.0,675.0,0.0,2102.0
1.0,12078.0,2021.0,2289.0,1796.0,0.0,0.0,1575.0,714.0,0.0,2021.0
1.0,11853.0,2244.0,2239.0,309.0,1277.0,1277.0,1501.0,738.0,1002.0,1242.0
1.0,9918.0,2639.0,2214.0,0.0,3791.0,3791.0,1476.0,738.0,2639.0,0.0
1.0,7279.0,4272.0,2266.0,0.0,8323.0,8323.0,1528.0,738.0,4272.0,0.0
1.0,3007.0,4910.0,2359.0,1277.0,11795.0,11795.0,1623.0,736.0,4910.0,0.0
1.0,0.0,3915.0,2419.0,3791.0,12095.0,12095.0,1698.0,721.0,3915.0,0.0
1.0,0.0,1283.0,2416.0,8323.0,5790.0,5790.0,1723.0,693.0,1283.0,0.0
1.0,6290.0,97.0,2378.0,11795.0,0.0,0.0,1723.0,655.0,0.0,97.0
1.0,17988.0,807.0,2355.0,12095.0,0.0,0.0,1723.0,632.0,0.0,807.0
1.0,29276.0,1505.0,2343.0,5790.0,0.0,0.0,1705.0,638.0,0.0,1505.0
1.0,33561.0,2108.0,2335.0,0.0,0.0,0.0,1656.0,679.0,0.0,2108.0
1.0,31453.0,2001.0,2292.0,0.0,0.0,0.0,1575.0,717.0,0.0,2001.0
1.0,29452.0,2196.0,2241.0,0.0,0.0,0.0,1501.0,740.0,992.0,1204.0
1.0,27256.0,2655.0,2217.0,0.0,0.0,0.0,1477.0,740.0,2655.0,0.0
1.0,24601.0,4319.0,2274.0,0.0,0.0,0.0,1534.0,740.0,4319.0,0.0
1.0,20282.0,4979.0,2368.0,0.0,0.0,0.0,1630.0,738.0,4979.0,0.0
1.0,15303.0,3955.0,2429.0,0.0,797.0,797.0,1706.0,723.0,3955.0,0.0
1.0,11348.0,1273.0,2424.0,0.0,2045.0,2045.0,1730.0,694.0,1273.0,0.0
1.0,10075.0,117.0,2386.0,0.0,1972.0,1972.0,1730.0,656.0,0.0,117.0
1.0,9958.0,829.0,2364.0,797.0,1894.0,1894.0,1730.0,634.0,0.0,829.0
1.0,9926.0,1537.0,2352.0,2045.0,1326.0,1326.0,1712.0,640.0,0.0,1537.0
1.0,10434.0,2130.0,2344.0,1972.0,1444.0,1444.0,1663.0,681.0,0.0,2130.0
1.0,10276.0,2014.0,2302.0,1894.0,1354.0,1354.0,1582.0,720.0,0.0,2014.0
1.0,10156.0,2148.0,2250.0,1326.0,1916.0,1916.0,1507.0,743.0,967.0,1181.0
1.0,9334.0,2602.0,2224.0,1444.0,2944.0,2944.0,1481.0,743.0,2602.0,0.0
1.0,8176.0,4245.0,2279.0,1354.0,6110.0,6110.0,1536.0,743.0,4245.0,0.0
1.0,5285.0,4920.0,2371.0,1916.0,9574.0,9574.0,1630.0,741.0,4920.0,0.0
1.0,2281.0,3969.0,2433.0,2944.0,10909.0,10909.0,1707.0,726.0,3969.0,0.0
1.0,1256.0,1390.0,2432.0,6110.0,6184.0,6184.0,1734.0,698.0,1390.0,0.0
1.0,5976.0,90.0,2393.0,9574.0,0.0,0.0,1734.0,659.0,0.0,90.0
1.0,15460.0,797.0,2370.0,10909.0,0.0,0.0,1734.0,636.0,0.0,797.0
1.0,25572.0,1501.0,2357.0,6184.0,0.0,0.0,1716.0,641.0,0.0,1501.0
1.0,30255.0,2114.0,2348.0,0.0,0.0,0.0,1666.0,682.0,0.0,2114.0
1.0,28141.0,2024.0,2307.0,0.0,0.0,0.0,1586.0,721.0,0.0,2024.0
1.0,26117.0,2252.0,2255.0,0.0,0.0,0.0,1511.0,744.0,1015.0,1237.0
1.0,23865.0,2677.0,2232.0,0.0,0.0,0.0,1488.0,744.0,2677.0,0.0
1.0,21188.0,4331.0,2289.0,0.0,0.0,0.0,1545.0,744.0,4331.0,0.0
1.0,16857.0,4962.0,2383.0,0.0,20.0,20.0,1640.0,743.0,4962.0,0.0
1.0,11895.0,3943.0,2444.0,0.0,4268.0,4268.0,1716.0,728.0,3943.0,0.0
1.0,7952.0,1259.0,2439.0,0.0,5502.0,5502.0,1740.0,699.0,1259.0,0.0
1.0,6693.0,117.0,2401.0,20.0,5409.0,5409.0,1740.0,661.0,0.0,117.0
1.0,6596.0,831.0,2378.0,4268.0,1857.0,1857.0,1740.0,638.0,0.0,831.0
1.0,10033.0,1549.0,2365.0,5502.0,0.0,0.0,1721.0,644.0,0.0,1549.0
1.0,13986.0,2148.0,2356.0,5409.0,0.0,0.0,1670.0,686.0,0.0,2148.0
1.0,17247.0,2025.0,2312.0,1857.0,0.0,0.0,1587.0,725.0,0.0,2025.0
1.0,17079.0,2234.0,2260.0,0.0,0.0,0.0,1513.0,747.0,1055.0,1179.0
1.0,14845.0,2704.0,2237.0,0.0,0.0,0.0,1490.0,747.0,2704.0,0.0
1.0,12141.0,4364.0,2297.0,0.0,3708.0,3708.0,1550.0,747.0,4364.0,0.0
1.0,7777.0,4984.0,2392.0,0.0,9167.0,9167.0,1646.0,746.0,4984.0,0.0
1.0,2793.0,3955.0,2453.0,0.0,12265.0,12265.0,1722.0,731.0,3955.0,0.0
1.0,0.0,1244.0,2448.0,3708.0,10938.0,10938.0,1746.0,702.0,1244.0,0.0
1.0,1302.0,103.0,2410.0,9167.0,1684.0,1684.0,1746.0,664.0,0.0,103.0
1.0,10366.0,808.0,2386.0,12265.0,0.0,0.0,1746.0,640.0,0.0,808.0
1.0,21823.0,1514.0,2372.0,10938.0,0.0,0.0,1726.0,646.0,0.0,1514.0
1.0,31247.0,2122.0,2362.0,1684.0,0.0,0.0,1676.0,686.0,0.0,2122.0
1.0,30809.0,2033.0,2319.0,0.0,0.0,0.0,1594.0,725.0,0.0,2033.0
1.0,28776.0,2271.0,2268.0,0.0,0.0,0.0,1519.0,749.0,1037.0,1234.0
1.0,26505.0,2699.0,2245.0,0.0,0.0,0.0,1496.0,749.0,2699.0,0.0
1.0,23806.0,4370.0,2304.0,0.0,0.0,0.0,1555.0,749.0,4370.0,0.0
1.0,19436.0,4987.0,2398.0,0.0,0.0,0.0,1651.0,747.0,4987.0,0.0
1.0,14449.0,3945.0,2459.0,0.0,1791.0,1791.0,1727.0,732.0,3945.0,0.0
1.0,10504.0,1245.0,2454.0,0.0,3011.0,3011.0,1751.0,703.0,1245.0,0.0
1.0,9259.0,124.0,2416.0,0.0,2945.0,2945.0,1751.0,665.0,0.0,124.0
1.0,9135.0,837.0,2393.0,1791.0,1876.0,1876.0,1751.0,642.0,0.0,837.0
1.0,10089.0,1559.0,2381.0,3011.0,364.0,364.0,1732.0,649.0,0.0,1559.0
1.0,11541.0,2147.0,2371.0,2945.0,0.0,0.0,1681.0,690.0,0.0,2147.0
1.0,12339.0,2023.0,2327.0,1876.0,0.0,0.0,1598.0,729.0,0.0,2023.0
1.0,12192.0,2264.0,2275.0,364.0,1083.0,1083.0,1523.0,752.0,1086.0,1178.0
1.0,10292.0,2760.0,2252.0,0.0,3728.0,3728.0,1500.0,752.0,2760.0,0.0
1.0,7532.0,4436.0,2313.0,0.0,8469.0,8469.0,1561.0,752.0,4436.0,0.0
1.0,3096.0,5031.0,2407.0,1083.0,12035.0,12035.0,1657.0,750.0,5031.0,0.0
1.0,0.0,3941.0,2467.0,3728.0,12335.0,12335.0,1733.0,734.0,3941.0,0.0
1.0,0.0,1173.0,2460.0,8469.0,6069.0,6069.0,1756.0,704.0,1173.0,0.0
1.0,6231.0,129.0,2422.0,12035.0,0.0,0.0,1756.0,666.0,0.0,129.0
1.0,18137.0,843.0,2399.0,12335.0,0.0,0.0,1756.0,643.0,0.0,843.0
1.0,29629.0,1568.0,2388.0,6069.0,0.0,0.0,1737.0,651.0,0.0,1568.0
1.0,34130.0,2158.0,2379.0,0.0,0.0,0.0,1687.0,692.0,0.0,2158.0
1.0,31972.0,2036.0,2336.0,0.0,0.0,0.0,1605.0,731.0,0.0,2036.0
1.0,29936.0,2272.0,2286.0,0.0,0.0,0.0,1532.0,754.0,1081.0,1191.0
1.0,27664.0,2747.0,2262.0,0.0,0.0,0.0,1508.0,754.0,2747.0,0.0
1.0,24917.0,4409.0,2320.0,0.0,0.0,0.0,1566.0,754.0,4409.0,0.0
1.0,20508.0,4998.0,2414.0,0.0,0.0,0.0,1662.0,752.0,4998.0,0.0
1.0,15510.0,3929.0,2475.0,0.0,794.0,794.0,1738.0,737.0,3929.0,0.0
1.0,11581.0,1220.0,2469.0,0.0,1984.0,1984.0,1761.0,708.0,1220.0,0.0
1.0,10361.0,108.0,2431.0,0.0,1902.0,1902.0,1761.0,670.0,0.0,108.0
1.0,10253.0,828.0,2408.0,794.0,1821.0,1821.0,1761.0,647.0,0.0,828.0
1.0,10219.0,1544.0,2395.0,1984.0,1316.0,1316.0,1742.0,653.0,0.0,1544.0
1.0,10659.0,2149.0,2384.0,1902.0,1508.0,1508.0,1690.0,694.0,0.0,2149.0
1.0,10412.0,2040.0,2340.0,1821.0,1507.0,1507.0,1607.0,733.0,0.0,2040.0
1.0,10193.0,2355.0,2290.0,1316.0,2296.0,2296.0,1533.0,757.0,1135.0,1220.0
1.0,9154.0,2814.0,2269.0,1508.0,3497.0,3497.0,1512.0,757.0,2814.0,0.0
1.0,7848.0,4503.0,2331.0,1507.0,6803.0,6803.0,1574.0,757.0,4503.0,0.0
1.0,4852.0,5063.0,2425.0,2296.0,10040.0,10040.0,1671.0,754.0,5063.0,0.0
1.0,2085.0,3925.0,2485.0,3497.0,10768.0,10768.0,1747.0,738.0,3925.0,0.0
1.0,1657.0,1092.0,2477.0,6803.0,5017.0,5017.0,1768.0,709.0,1092.0,0.0
1.0,7368.0,136.0,2438.0,10040.0,0.0,0.0,1768.0,670.0,0.0,136.0
1.0,17272.0,857.0,2415.0,10768.0,0.0,0.0,1768.0,647.0,0.0,857.0
1.0,27183.0,1577.0,2403.0,5017.0,0.0,0.0,1748.0,655.0,0.0,1577.0
1.0,30623.0,2169.0,2393.0,0.0,0.0,0.0,1696.0,697.0,0.0,2169.0
1.0,28454.0,2033.0,2348.0,0.0,0.0,0.0,1612.0,736.0,0.0,2033.0
1.0,26421.0,2305.0,2297.0,0.0,0.0,0.0,1538.0,759.0,1130.0,1175.0
1.0,24116.0,2801.0,2274.0,0.0,0.0,0.0,1515.0,759.0,2801.0,0.0
1.0,21315.0,4488.0,2337.0,0.0,0.0,0.0,1578.0,759.0,4488.0,0.0
1.0,16827.0,5044.0,2432.0,0.0,377.0,377.0,1675.0,757.0,5044.0,0.0
1.0,11783.0,3934.0,2491.0,0.0,4606.0,4606.0,1750.0,741.0,3934.0,0.0
1.0,7849.0,1138.0,2484.0,0.0,5709.0,5709.0,1772.0,712.0,1138.0,0.0
1.0,6711.0,141.0,2446.0,377.0,5283.0,5283.0,1772.0,674.0,0.0,141.0
1.0,6947.0,866.0,2423.0,4606.0,1428.0,1428.0,1772.0,651.0,0.0,866.0
1.0,10687.0,1582.0,2410.0,5709.0,0.0,0.0,1752.0,658.0,0.0,1582.0
1.0,14814.0,2161.0,2400.0,5283.0,0.0,0.0,1700.0,700.0,0.0,2161.0
1.0,17936.0,2022.0,2354.0,1428.0,0.0,0.0,1616.0,738.0,0.0,2022.0
1.0,17342.0,2311.0,2303.0,0.0,0.0,0.0,1542.0,761.0,1141.0,1170.0
1.0,15031.0,2849.0,2282.0,0.0,0.0,0.0,1521.0,761.0,2849.0,0.0
1.0,12182.0,4539.0,2346.0,0.0,4087.0,4087.0,1585.0,761.0,4539.0,0.0
1.0,7643.0,5075.0,2441.0,0.0,9637.0,9637.0,1682.0,759.0,5075.0,0.0
1.0,2568.0,3895.0,2499.0,0.0,12495.0,12495.0,1757.0,742.0,3895.0,0.0
1.0,0.0,1041.0,2490.0,4087.0,10731.0,10731.0,1777.0,713.0,1041.0,0.0
1.0,1719.0,162.0,2451.0,9637.0,1061.0,1061.0,1777.0,674.0,0.0,162.0
1.0,11194.0,893.0,2430.0,12495.0,0.0,0.0,1777.0,653.0,0.0,893.0
1.0,22796.0,1619.0,2417.0,10731.0,0.0,0.0,1756.0,661.0,0.0,1619.0
1.0,31908.0,2186.0,2406.0,1061.0,0.0,0.0,1703.0,703.0,0.0,2186.0
1.0,30783.0,2021.0,2360.0,0.0,0.0,0.0,1618.0,742.0,0.0,2021.0
1.0,28762.0,2356.0,2309.0,0.0,0.0,0.0,1545.0,764.0,1229.0,1127.0
1.0,26406.0,2920.0,2289.0,0.0,0.0,0.0,1525.0,764.0,2920.0,0.0
1.0,23486.0,4614.0,2355.0,0.0,0.0,0.0,1591.0,764.0,4614.0,0.0
1.0,18872.0,5075.0,2450.0,0.0,0.0,0.0,1689.0,761.0,5075.0,0.0
1.0,13797.0,3871.0,2508.0,0.0,2614.0,2614.0,1763.0,745.0,3871.0,0.0
1.0,9926.0,966.0,2497.0,0.0,3525.0,3525.0,1782.0,715.0,966.0,0.0
1.0,8960.0,164.0,2458.0,0.0,3494.0,3494.0,1782.0,676.0,0.0,164.0
1.0,8796.0,887.0,2436.0,2614.0,1657.0,1657.0,1782.0,654.0,0.0,887.0
1.0,10523.0,1610.0,2423.0,3525.0,0.0,0.0,1761.0,662.0,0.0,1610.0
1.0,12438.0,2176.0,2412.0,3494.0,0.0,0.0,1708.0,704.0,0.0,2176.0
1.0,13756.0,2029.0,2367.0,1657.0,0.0,0.0,1624.0,743.0,0.0,2029.0
1.0,13384.0,2385.0,2316.0,0.0,581.0,581.0,1551.0,765.0,1234.0,1151.0
1.0,10999.0,2937.0,2297.0,0.0,3423.0,3423.0,1532.0,765.0,2937.0,0.0
1.0,8062.0,4632.0,2363.0,0.0,8385.0,8385.0,1598.0,765.0,4632.0,0.0
1.0,3430.0,5092.0,2459.0,581.0,12295.0,12295.0,1696.0,763.0,5092.0,0.0
1.0,0.0,3860.0,2517.0,3423.0,12585.0,12585.0,1770.0,747.0,3860.0,0.0
1.0,0.0,922.0,2506.0,8385.0,6585.0,6585.0,1788.0,718.0,922.0,0.0
1.0,5945.0,158.0,2467.0,12295.0,0.0,0.0,1788.0,679.0,0.0,158.0
1.0,18082.0,893.0,2445.0,12585.0,0.0,0.0,1788.0,657.0,0.0,893.0
1.0,29774.0,1628.0,2431.0,6585.0,0.0,0.0,1766.0,665.0,0.0,1628.0
1.0,34731.0,2198.0,2420.0,0.0,0.0,0.0,1712.0,708.0,0.0,2198.0
1.0,32533.0,2030.0,2372.0,0.0,0.0,0.0,1625.0,747.0,0.0,2030.0
1.0,30503.0,2406.0,2320.0,0.0,0.0,0.0,1552.0,768.0,1280.0,1126.0
1.0,28097.0,2995.0,2302.0,0.0,0.0,0.0,1534.0,768.0,2995.0,0.0
1.0,25102.0,4713.0,2372.0,0.0,0.0,0.0,1604.0,768.0,4713.0,0.0
1.0,20389.0,5147.0,2469.0,0.0,0.0,0.0,1703.0,766.0,5147.0,0.0
1.0,15242.0,3864.0,2526.0,0.0,1252.0,1252.0,1777.0,749.0,3864.0,0.0
1.0,11378.0,852.0,2513.0,0.0,2039.0,2039.0,1794.0,719.0,852.0,0.0
1.0,10526.0,164.0,2474.0,0.0,2008.0,2008.0,1794.0,680.0,0.0,164.0
1.0,10362.0,894.0,2452.0,1252.0,1540.0,1540.0,1794.0,658.0,0.0,894.0
1.0,10720.0,1623.0,2439.0,2039.0,1059.0,1059.0,1772.0,667.0,0.0,1623.0
1.0,11136.0,2202.0,2427.0,2008.0,1193.0,1193.0,1718.0,709.0,0.0,2202.0
1.0,10942.0,2041.0,2381.0,1540.0,1464.0,1464.0,1632.0,749.0,0.0,2041.0
1.0,10441.0,2411.0,2330.0,1059.0,2561.0,2561.0,1559.0,771.0,1262.0,1149.0
1.0,9089.0,2969.0,2312.0,1193.0,4247.0,4247.0,1541.0,771.0,2969.0,0.0
1.0,7313.0,4664.0,2379.0,1464.0,7782.0,7782.0,1608.0,771.0,4664.0,0.0
1.0,4113.0,5116.0,2475.0,2561.0,10817.0,10817.0,1707.0,768.0,5116.0,0.0
1.0,1558.0,3857.0,2532.0,4247.0,10712.0,10712.0,1781.0,751.0,3857.0,0.0
1.0,1948.0,911.0,2519.0,7782.0,3776.0,3776.0,1798.0,721.0,911.0,0.0
1.0,8819.0,161.0,2480.0,10817.0,0.0,0.0,1798.0,682.0,0.0,161.0
1.0,19475.0,897.0,2459.0,10712.0,0.0,0.0,1798.0,661.0,0.0,897.0
1.0,29290.0,1624.0,2446.0,3776.0,0.0,0.0,1777.0,669.0,0.0,1624.0
1.0,31442.0,2193.0,2434.0,0.0,0.0,0.0,1722.0,712.0,0.0,2193.0
1.0,29249.0,2026.0,2385.0,0.0,0.0,0.0,1634.0,751.0,0.0,2026.0
1.0,27223.0,2453.0,2334.0,0.0,0.0,0.0,1562.0,772.0,1317.0,1136.0
1.0,24770.0,3041.0,2318.0,0.0,0.0,0.0,1546.0,772.0,3041.0,0.0
1.0,21729.0,4765.0,2389.0,0.0,0.0,0.0,1617.0,772.0,4765.0,0.0
1.0,16964.0,5167.0,2486.0,0.0,633.0,633.0,1717.0,769.0,5167.0,0.0
1.0,11797.0,3843.0,2543.0,0.0,4761.0,4761.0,1791.0,752.0,3843.0,0.0
1.0,7954.0,785.0,2527.0,0.0,5466.0,5466.0,1806.0,721.0,785.0,0.0
1.0,7169.0,188.0,2489.0,633.0,4831.0,4831.0,1806.0,683.0,0.0,188.0
1.0,7614.0,923.0,2468.0,4761.0,888.0,888.0,1806.0,662.0,0.0,923.0
1.0,11452.0,1663.0,2454.0,5466.0,0.0,0.0,1782.0,672.0,0.0,1663.0
1.0,15255.0,2222.0,2441.0,4831.0,0.0,0.0,1726.0,715.0,0.0,2222.0
1.0,17864.0,2036.0,2391.0,888.0,0.0,0.0,1637.0,754.0,0.0,2036.0
1.0,16716.0,2412.0,2340.0,0.0,0.0,0.0,1565.0,775.0,1304.0,1108.0
1.0,14304.0,3011.0,2323.0,0.0,322.0,322.0,1548.0,775.0,3011.0,0.0
1.0,11293.0,4718.0,2395.0,0.0,5400.0,5400.0,1620.0,775.0,4718.0,0.0
1.0,6575.0,5130.0,2491.0,0.0,11010.0,11010.0,1719.0,772.0,5130.0,0.0
1.0,1445.0,3849.0,2548.0,322.0,12740.0,12740.0,1793.0,755.0,3849.0,0.0
1.0,0.0,863.0,2534.0,5400.0,10215.0,10215.0,1810.0,724.0,863.0,0.0
1.0,2455.0,170.0,2495.0,11010.0,0.0,0.0,1810.0,685.0,0.0,170.0
1.0,13295.0,907.0,2474.0,12740.0,0.0,0.0,1810.0,664.0,0.0,907.0
1.0,25128.0,1644.0,2459.0,10215.0,0.0,0.0,1786.0,673.0,0.0,1644.0
1.0,33699.0,2215.0,2445.0,0.0,0.0,0.0,1729.0,716.0,0.0,2215.0
1.0,31484.0,2045.0,2395.0,0.0,0.0,0.0,1640.0,755.0,0.0,2045.0
1.0,29439.0,2503.0,2346.0,0.0,0.0,0.0,1569.0,777.0,1361.0,1142.0
1.0,26936.0,3096.0,2331.0,0.0,0.0,0.0,1554.0,777.0,3096.0,0.0
1.0,23840.0,4833.0,2406.0,0.0,0.0,0.0,1629.0,777.0,4833.0,0.0
1.0,19007.0,5201.0,2503.0,0.0,0.0,0.0,1729.0,774.0,5201.0,0.0
1.0,13806.0,3830.0,2560.0,0.0,2824.0,2824.0,1803.0,757.0,3830.0,0.0
1.0,9976.0,715.0,2543.0,0.0,3454.0,3454.0,1817.0,726.0,715.0,0.0
1.0,9261.0,170.0,2504.0,0.0,3429.0,3429.0,1817.0,687.0,0.0,170.0
1.0,9091.0,920.0,2482.0,2824.0,1415.0,1415.0,1817.0,665.0,0.0,920.0
1.0,10995.0,1666.0,2468.0,3454.0,0.0,0.0,1792.0,676.0,0.0,1666.0
1.0,12783.0,2237.0,2453.0,3429.0,0.0,0.0,1734.0,719.0,0.0,2237.0
1.0,13975.0,2052.0,2402.0,1415.0,0.0,0.0,1644.0,758.0,0.0,2052.0
1.0,13338.0,2449.0,2350.0,0.0,861.0,861.0,1570.0,780.0,1330.0,1119.0
1.0,10889.0,3060.0,2335.0,0.0,3846.0,3846.0,1555.0,780.0,3060.0,0.0
1.0,7829.0,4795.0,2411.0,0.0,9021.0,9021.0,1631.0,780.0,4795.0,0.0
1.0,3034.0,5206.0,2507.0,861.0,12535.0,12535.0,1731.0,776.0,5206.0,0.0
1.0,0.0,3887.0,2565.0,3846.0,12825.0,12825.0,1806.0,759.0,3887.0,0.0
1.0,0.0,830.0,2549.0,9021.0,5906.0,5906.0,1821.0,728.0,830.0,0.0
1.0,6839.0,182.0,2510.0,12535.0,0.0,0.0,1821.0,689.0,0.0,182.0
1.0,19192.0,917.0,2489.0,12825.0,0.0,0.0,1821.0,668.0,0.0,917.0
1.0,31100.0,1654.0,2474.0,5906.0,0.0,0.0,1797.0,677.0,0.0,1654.0
1.0,35352.0,2215.0,2460.0,0.0,0.0,0.0,1740.0,720.0,0.0,2215.0
1.0,33137.0,2042.0,2409.0,0.0,0.0,0.0,1650.0,759.0,0.0,2042.0
1.0,31095.0,2453.0,2358.0,0.0,0.0,0.0,1577.0,781.0,1313.0,1140.0
1.0,28642.0,3056.0,2343.0,0.0,0.0,0.0,1562.0,781.0,3056.0,0.0
1.0,25586.0,4787.0,2417.0,0.0,0.0,0.0,1636.0,781.0,4787.0,0.0
1.0,20799.0,5203.0,2514.0,0.0,0.0,0.0,1736.0,778.0,5203.0,0.0
1.0,15596.0,3883.0,2572.0,0.0,1147.0,1147.0,1811.0,761.0,3883.0,0.0
1.0,11713.0,838.0,2556.0,0.0,1905.0,1905.0,1827.0,729.0,838.0,0.0
1.0,10875.0,211.0,2518.0,0.0,1926.0,1926.0,1827.0,691.0,0.0,211.0
1.0,10664.0,957.0,2498.0,1147.0,1636.0,1636.0,1827.0,671.0,0.0,957.0
1.0,10854.0,1702.0,2484.0,1905.0,1363.0,1363.0,1802.0,682.0,0.0,1702.0
1.0,11057.0,2233.0,2468.0,1926.0,1590.0,1590.0,1743.0,725.0,0.0,2233.0
1.0,10750.0,2026.0,2416.0,1636.0,1720.0,1720.0,1652.0,764.0,0.0,2026.0
1.0,10360.0,2397.0,2362.0,1363.0,2484.0,2484.0,1578.0,784.0,1327.0,1070.0
1.0,9326.0,3055.0,2347.0,1590.0,3874.0,3874.0,1563.0,784.0,3055.0,0.0
1.0,7861.0,4803.0,2424.0,1720.0,7342.0,7342.0,1640.0,784.0,4803.0,0.0
1.0,4778.0,5236.0,2522.0,2484.0,10584.0,10584.0,1741.0,781.0,5236.0,0.0
1.0,2026.0,3924.0,2579.0,3874.0,10919.0,10919.0,1816.0,763.0,3924.0,0.0
1.0,1976.0,861.0,2564.0,7342.0,4363.0,4363.0,1833.0,731.0,861.0,0.0
1.0,8457.0,228.0,2525.0,10584.0,0.0,0.0,1833.0,692.0,0.0,228.0
1.0,18813.0,970.0,2505.0,10919.0,0.0,0.0,1833.0,672.0,0.0,970.0
1.0,28762.0,1724.0,2492.0,4363.0,0.0,0.0,1808.0,684.0,0.0,1724.0
1.0,31401.0,2250.0,2477.0,0.0,0.0,0.0,1750.0,727.0,0.0,2250.0
1.0,29151.0,2032.0,2425.0,0.0,0.0,0.0,1659.0,766.0,0.0,2032.0
1.0,27119.0,2363.0,2372.0,0.0,0.0,0.0,1585.0,787.0,1300.0,1063.0
1.0,24756.0,3046.0,2357.0,0.0,0.0,0.0,1570.0,787.0,3046.0,0.0
1.0,21710.0,4795.0,2433.0,0.0,0.0,0.0,1646.0,787.0,4795.0,0.0
1.0,16915.0,5249.0,2530.0,0.0,984.0,984.0,1747.0,783.0,5249.0,0.0
1.0,11666.0,3950.0,2588.0,0.0,5224.0,5224.0,1822.0,766.0,3950.0,0.0
1.0,7716.0,912.0,2574.0,0.0,6066.0,6066.0,1840.0,734.0,912.0,0.0
1.0,6804.0,202.0,2536.0,984.0,5094.0,5094.0,1840.0,696.0,0.0,202.0
1.0,7586.0,954.0,2515.0,5224.0,719.0,719.0,1840.0,675.0,0.0,954.0
1.0,11856.0,1704.0,2499.0,6066.0,0.0,0.0,1814.0,685.0,0.0,1704.0
1.0,16218.0,2251.0,2483.0,5094.0,0.0,0.0,1754.0,729.0,0.0,2251.0
1.0,19061.0,2045.0,2429.0,719.0,0.0,0.0,1661.0,768.0,0.0,2045.0
1.0,17735.0,2382.0,2375.0,0.0,0.0,0.0,1586.0,789.0,1288.0,1094.0
1.0,15353.0,3057.0,2360.0,0.0,0.0,0.0,1571.0,789.0,3057.0,0.0
1.0,12296.0,4823.0,2439.0,0.0,4722.0,4722.0,1650.0,789.0,4823.0,0.0
1.0,7473.0,5292.0,2538.0,0.0,10509.0,10509.0,1752.0,786.0,5292.0,0.0
1.0,2181.0,3983.0,2597.0,0.0,12985.0,12985.0,1829.0,768.0,3983.0,0.0
1.0,0.0,896.0,2582.0,4722.0,10886.0,10886.0,1846.0,736.0,896.0,0.0
1.0,2024.0,210.0,2543.0,10509.0,392.0,392.0,1846.0,697.0,0.0,210.0
1.0,12323.0,963.0,2522.0,12985.0,0.0,0.0,1846.0,676.0,0.0,963.0
1.0,24345.0,1718.0,2508.0,10886.0,0.0,0.0,1820.0,688.0,0.0,1718.0
1.0,33513.0,2265.0,2492.0,392.0,0.0,0.0,1761.0,731.0,0.0,2265.0
1.0,31640.0,2053.0,2440.0,0.0,0.0,0.0,1669.0,771.0,0.0,2053.0
1.0,29587.0,2338.0,2385.0,0.0,0.0,0.0,1593.0,792.0,1255.0,1083.0
1.0,27249.0,3001.0,2368.0,0.0,0.0,0.0,1576.0,792.0,3001.0,0.0
1.0,24248.0,4741.0,2443.0,0.0,0.0,0.0,1651.0,792.0,4741.0,0.0
1.0,19507.0,5236.0,2540.0,0.0,0.0,0.0,1752.0,788.0,5236.0,0.0
1.0,14271.0,4008.0,2599.0,0.0,2732.0,2732.0,1829.0,770.0,4008.0,0.0
1.0,10263.0,1037.0,2588.0,0.0,3714.0,3714.0,1849.0,739.0,1037.0,0.0
1.0,9226.0,207.0,2549.0,0.0,3726.0,3726.0,1849.0,700.0,0.0,207.0
1.0,9019.0,959.0,2528.0,2732.0,1848.0,1848.0,1849.0,679.0,0.0,959.0
1.0,10792.0,1704.0,2514.0,3714.0,0.0,0.0,1824.0,690.0,0.0,1704.0
1.0,12802.0,2246.0,2498.0,3726.0,0.0,0.0,1765.0,733.0,0.0,2246.0
1.0,14282.0,2043.0,2445.0,1848.0,0.0,0.0,1673.0,772.0,0.0,2043.0
1.0,14087.0,2387.0,2392.0,0.0,260.0,260.0,1598.0,794.0,1291.0,1096.0
1.0,11700.0,3056.0,2376.0,0.0,3236.0,3236.0,1582.0,794.0,3056.0,0.0
1.0,8644.0,4822.0,2453.0,0.0,8443.0,8443.0,1659.0,794.0,4822.0,0.0
1.0,3822.0,5295.0,2549.0,260.0,12745.0,12745.0,1760.0,789.0,5295.0,0.0
1.0,0.0,4002.0,2608.0,3236.0,13040.0,13040.0,1837.0,771.0,4002.0,0.0
1.0,0.0,931.0,2593.0,8443.0,7432.0,7432.0,1855.0,738.0,931.0,0.0
1.0,5533.0,246.0,2555.0,12745.0,0.0,0.0,1855.0,700.0,0.0,246.0
1.0,18032.0,1001.0,2535.0,13040.0,0.0,0.0,1855.0,680.0,0.0,1001.0
1.0,30071.0,1764.0,2524.0,7432.0,0.0,0.0,1830.0,694.0,0.0,1764.0
1.0,35739.0,2277.0,2509.0,0.0,0.0,0.0,1771.0,738.0,0.0,2277.0
1.0,33462.0,2028.0,2456.0,0.0,0.0,0.0,1679.0,777.0,0.0,2028.0
1.0,31434.0,2276.0,2398.0,0.0,0.0,0.0,1602.0,796.0,1259.0,1017.0
1.0,29158.0,3019.0,2381.0,0.0,0.0,0.0,1585.0,796.0,3019.0,0.0
1.0,26139.0,4792.0,2456.0,0.0,0.0,0.0,1660.0,796.0,4792.0,0.0
1.0,21347.0,5313.0,2554.0,0.0,0.0,0.0,1762.0,792.0,5313.0,0.0
1.0,16034.0,4076.0,2614.0,0.0,1112.0,1112.0,1841.0,773.0,4076.0,0.0
1.0,11958.0,1054.0,2601.0,0.0,2101.0,2101.0,1861.0,740.0,1054.0,0.0
1.0,10904.0,242.0,2562.0,0.0,2148.0,2148.0,1861.0,701.0,0.0,242.0
1.0,10662.0,995.0,2542.0,1112.0,1931.0,1931.0,1861.0,681.0,0.0,995.0
1.0,10779.0,1750.0,2531.0,2101.0,1525.0,1525.0,1836.0,695.0,0.0,1750.0
1.0,11130.0,2274.0,2516.0,2148.0,1576.0,1576.0,1778.0,738.0,0.0,2274.0
1.0,11004.0,2042.0,2463.0,1931.0,1422.0,1422.0,1685.0,778.0,0.0,2042.0
1.0,10893.0,2273.0,2406.0,1525.0,1885.0,1885.0,1608.0,798.0,1218.0,1055.0
1.0,10145.0,2999.0,2388.0,1576.0,3218.0,3218.0,1590.0,798.0,2999.0,0.0
1.0,8722.0,4763.0,2462.0,1422.0,6929.0,6929.0,1664.0,798.0,4763.0,0.0
1.0,5381.0,5297.0,2559.0,1885.0,10826.0,10826.0,1765.0,794.0,5297.0,0.0
1.0,1969.0,4065.0,2620.0,3218.0,11978.0,11978.0,1844.0,776.0,4065.0,0.0
1.0,1122.0,1075.0,2607.0,6929.0,6059.0,6059.0,1864.0,743.0,1075.0,0.0
1.0,6976.0,241.0,2568.0,10826.0,0.0,0.0,1864.0,704.0,0.0,241.0
1.0,17561.0,1014.0,2548.0,11978.0,0.0,0.0,1864.0,684.0,0.0,1014.0
1.0,28525.0,1776.0,2537.0,6059.0,0.0,0.0,1840.0,697.0,0.0,1776.0
1.0,32808.0,2296.0,2523.0,0.0,0.0,0.0,1781.0,742.0,0.0,2296.0
1.0,30512.0,2042.0,2469.0,0.0,0.0,0.0,1688.0,781.0,0.0,2042.0
1.0,28470.0,2343.0,2413.0,0.0,0.0,0.0,1612.0,801.0,1320.0,1023.0
1.0,26127.0,3109.0,2396.0,0.0,0.0,0.0,1595.0,801.0,3109.0,0.0
1.0,23018.0,4885.0,2473.0,0.0,0.0,0.0,1672.0,801.0,4885.0,0.0
1.0,18133.0,5356.0,2572.0,0.0,83.0,83.0,1775.0,797.0,5356.0,0.0
1.0,12777.0,4031.0,2630.0,0.0,4404.0,4404.0,1852.0,778.0,4031.0,0.0
1.0,8746.0,923.0,2615.0,0.0,5252.0,5252.0,1870.0,745.0,923.0,0.0
1.0,7823.0,244.0,2576.0,83.0,5218.0,5218.0,1870.0,706.0,0.0,244.0
1.0,7662.0,1008.0,2556.0,4404.0,1722.0,1722.0,1870.0,686.0,0.0,1008.0
1.0,11058.0,1769.0,2545.0,5252.0,0.0,0.0,1846.0,699.0,0.0,1769.0
1.0,14541.0,2295.0,2531.0,5218.0,0.0,0.0,1788.0,743.0,0.0,2295.0
1.0,17464.0,2056.0,2480.0,1722.0,0.0,0.0,1697.0,783.0,0.0,2056.0
1.0,17130.0,2353.0,2424.0,0.0,0.0,0.0,1621.0,803.0,1304.0,1049.0
1.0,14777.0,3078.0,2406.0,0.0,331.0,331.0,1603.0,803.0,3078.0,0.0
1.0,11699.0,4846.0,2480.0,0.0,5547.0,5547.0,1677.0,803.0,4846.0,0.0
1.0,6853.0,5321.0,2578.0,0.0,11358.0,11358.0,1779.0,799.0,5321.0,0.0
1.0,1532.0,4033.0,2637.0,331.0,13185.0,13185.0,1856.0,781.0,4033.0,0.0
1.0,0.0,979.0,2623.0,5547.0,10717.0,10717.0,1875.0,748.0,979.0,0.0
1.0,2398.0,241.0,2584.0,11358.0,0.0,0.0,1875.0,709.0,0.0,241.0
1.0,13515.0,1013.0,2565.0,13185.0,0.0,0.0,1875.0,690.0,0.0,1013.0
1.0,25687.0,1773.0,2553.0,10717.0,0.0,0.0,1850.0,703.0,0.0,1773.0
1.0,34631.0,2292.0,2539.0,0.0,0.0,0.0,1792.0,747.0,0.0,2292.0
1.0,32339.0,2042.0,2485.0,0.0,0.0,0.0,1699.0,786.0,0.0,2042.0
1.0,30297.0,2377.0,2429.0,0.0,0.0,0.0,1623.0,806.0,1344.0,1033.0
1.0,27920.0,3121.0,2412.0,0.0,0.0,0.0,1606.0,806.0,3121.0,0.0
1.0,24799.0,4924.0,2489.0,0.0,0.0,0.0,1683.0,806.0,4924.0,0.0
1.0,19875.0,5376.0,2587.0,0.0,0.0,0.0,1786.0,801.0,5376.0,0.0
1.0,14499.0,4023.0,2646.0,0.0,2754.0,2754.0,1864.0,782.0,4023.0,0.0
1.0,10476.0,870.0,2628.0,0.0,3534.0,3534.0,1880.0,748.0,870.0,0.0
1.0,9606.0,264.0,2589.0,0.0,3603.0,3603.0,1880.0,709.0,0.0,264.0
1.0,9342.0,1035.0,2570.0,2754.0,1789.0,1789.0,1880.0,690.0,0.0,1035.0
1.0,11061.0,1805.0,2561.0,3534.0,15.0,15.0,1856.0,705.0,0.0,1805.0
1.0,12790.0,2312.0,2548.0,3603.0,0.0,0.0,1798.0,750.0,0.0,2312.0
1.0,14081.0,2054.0,2495.0,1789.0,0.0,0.0,1706.0,789.0,0.0,2054.0
1.0,13816.0,2376.0,2439.0,15.0,740.0,740.0,1630.0,809.0,1359.0,1017.0
1.0,11455.0,3143.0,2421.0,0.0,3793.0,3793.0,1612.0,809.0,3143.0,0.0
1.0,8312.0,4926.0,2495.0,0.0,9089.0,9089.0,1686.0,809.0,4926.0,0.0
1.0,3386.0,5366.0,2594.0,740.0,12970.0,12970.0,1790.0,804.0,5366.0,0.0
1.0,0.0,4019.0,2652.0,3793.0,13260.0,13260.0,1867.0,785.0,4019.0,0.0
1.0,0.0,893.0,2635.0,9089.0,6445.0,6445.0,1884.0,751.0,893.0,0.0
1.0,6730.0,244.0,2596.0,12970.0,0.0,0.0,1884.0,712.0,0.0,244.0
1.0,19456.0,1011.0,2576.0,13260.0,0.0,0.0,1884.0,692.0,0.0,1011.0
1.0,31705.0,1780.0,2567.0,6445.0,0.0,0.0,1861.0,706.0,0.0,1780.0
1.0,36370.0,2303.0,2554.0,0.0,0.0,0.0,1803.0,751.0,0.0,2303.0
1.0,34067.0,2067.0,2501.0,0.0,0.0,0.0,1711.0,790.0,0.0,2067.0
1.0,32000.0,2420.0,2447.0,0.0,0.0,0.0,1636.0,811.0,1361.0,1059.0
1.0,29580.0,3177.0,2429.0,0.0,0.0,0.0,1618.0,811.0,3177.0,0.0
1.0,26403.0,4984.0,2505.0,0.0,0.0,0.0,1694.0,811.0,4984.0,0.0
1.0,21419.0,5416.0,2604.0,0.0,0.0,0.0,1798.0,806.0,5416.0,0.0
1.0,16003.0,4026.0,2662.0,0.0,1333.0,1333.0,1875.0,787.0,4026.0,0.0
1.0,11977.0,833.0,2643.0,0.0,2071.0,2071.0,1891.0,752.0,833.0,0.0
1.0,11144.0,246.0,2604.0,0.0,2122.0,2122.0,1891.0,713.0,0.0,246.0
1.0,10898.0,1025.0,2584.0,1333.0,1714.0,1714.0,1891.0,693.0,0.0,1025.0
1.0,11206.0,1802.0,2574.0,2071.0,1395.0,1395.0,1866.0,708.0,0.0,1802.0
1.0,11475.0,2330.0,2559.0,2122.0,1528.0,1528.0,1806.0,753.0,0.0,2330.0
1.0,11267.0,2072.0,2505.0,1714.0,1616.0,1616.0,1712.0,793.0,0.0,2072.0
1.0,10909.0,2397.0,2448.0,1395.0,2333.0,2333.0,1635.0,813.0,1362.0,1035.0
1.0,9907.0,3155.0,2431.0,1528.0,3875.0,3875.0,1618.0,813.0,3155.0,0.0
1.0,8280.0,4951.0,2509.0,1616.0,7600.0,7600.0,1696.0,813.0,4951.0,0.0
1.0,4945.0,5406.0,2608.0,2333.0,11168.0,11168.0,1800.0,808.0,5406.0,0.0
1.0,1872.0,4065.0,2667.0,3875.0,11653.0,11653.0,1878.0,789.0,4065.0,0.0
1.0,1682.0,933.0,2651.0,7600.0,4906.0,4906.0,1896.0,755.0,933.0,0.0
1.0,8349.0,241.0,2611.0,11168.0,0.0,0.0,1896.0,715.0,0.0,241.0
1.0,19276.0,1011.0,2591.0,11653.0,0.0,0.0,1896.0,695.0,0.0,1011.0
1.0,29918.0,1781.0,2580.0,4906.0,0.0,0.0,1871.0,709.0,0.0,1781.0
1.0,33043.0,2312.0,2566.0,0.0,0.0,0.0,1812.0,754.0,0.0,2312.0
1.0,30731.0,2076.0,2513.0,0.0,0.0,0.0,1719.0,794.0,0.0,2076.0
1.0,28655.0,2439.0,2457.0,0.0,0.0,0.0,1642.0,815.0,1356.0,1083.0
1.0,26216.0,3175.0,2441.0,0.0,0.0,0.0,1626.0,815.0,3175.0,0.0
1.0,23041.0,4983.0,2518.0,0.0,0.0,0.0,1703.0,815.0,4983.0,0.0
1.0,18058.0,5434.0,2617.0,0.0,461.0,461.0,1807.0,810.0,5434.0,0.0
1.0,12624.0,4063.0,2675.0,0.0,4814.0,4814.0,1885.0,790.0,4063.0,0.0
1.0,8561.0,889.0,2659.0,0.0,5623.0,5623.0,1903.0,756.0,889.0,0.0
1.0,7672.0,258.0,2620.0,461.0,5225.0,5225.0,1903.0,717.0,0.0,258.0
1.0,7875.0,1035.0,2601.0,4814.0,1351.0,1351.0,1903.0,698.0,0.0,1035.0
1.0,11654.0,1811.0,2590.0,5623.0,0.0,0.0,1877.0,713.0,0.0,1811.0
1.0,15466.0,2331.0,2575.0,5225.0,0.0,0.0,1817.0,758.0,0.0,2331.0
1.0,18360.0,2069.0,2519.0,1351.0,0.0,0.0,1722.0,797.0,0.0,2069.0
1.0,17642.0,2403.0,2462.0,0.0,0.0,0.0,1645.0,817.0,1371.0,1032.0
1.0,15239.0,3187.0,2446.0,0.0,178.0,178.0,1629.0,817.0,3187.0,0.0
1.0,12052.0,5019.0,2526.0,0.0,5597.0,5597.0,1709.0,817.0,5019.0,0.0
1.0,7033.0,5468.0,2626.0,0.0,11565.0,11565.0,1814.0,812.0,5468.0,0.0
1.0,1565.0,4105.0,2685.0,178.0,13425.0,13425.0,1893.0,792.0,4105.0,0.0
1.0,0.0,894.0,2668.0,5597.0,10999.0,10999.0,1910.0,758.0,894.0,0.0
1.0,2341.0,275.0,2628.0,11565.0,0.0,0.0,1910.0,718.0,0.0,275.0
1.0,13631.0,1048.0,2609.0,13425.0,0.0,0.0,1910.0,699.0,0.0,1048.0
1.0,26008.0,1825.0,2599.0,10999.0,0.0,0.0,1884.0,715.0,0.0,1825.0
1.0,35182.0,2334.0,2583.0,0.0,0.0,0.0,1823.0,760.0,0.0,2334.0
1.0,32848.0,2069.0,2528.0,0.0,0.0,0.0,1729.0,799.0,0.0,2069.0
1.0,30779.0,2359.0,2470.0,0.0,0.0,0.0,1651.0,819.0,1333.0,1026.0
1.0,28420.0,3148.0,2453.0,0.0,0.0,0.0,1634.0,819.0,3148.0,0.0
1.0,25272.0,4954.0,2531.0,0.0,0.0,0.0,1712.0,819.0,4954.0,0.0
1.0,20318.0,5436.0,2631.0,0.0,0.0,0.0,1817.0,814.0,5436.0,0.0
1.0,14882.0,4111.0,2691.0,0.0,2684.0,2684.0,1896.0,795.0,4111.0,0.0
1.0,10771.0,996.0,2676.0,0.0,3605.0,3605.0,1915.0,761.0,996.0,0.0
1.0,9775.0,263.0,2636.0,0.0,3668.0,3668.0,1915.0,721.0,0.0,263.0
1.0,9512.0,1043.0,2617.0,2684.0,1932.0,1932.0,1915.0,702.0,0.0,1043.0
1.0,11153.0,1820.0,2605.0,3605.0,87.0,87.0,1889.0,716.0,0.0,1820.0
1.0,12938.0,2340.0,2589.0,3668.0,0.0,0.0,1828.0,761.0,0.0,2340.0
1.0,14266.0,2073.0,2533.0,1932.0,0.0,0.0,1732.0,801.0,0.0,2073.0
1.0,14125.0,2422.0,2476.0,87.0,590.0,590.0,1655.0,821.0,1391.0,1031.0
1.0,11790.0,3217.0,2460.0,0.0,3727.0,3727.0,1639.0,821.0,3217.0,0.0
1.0,8573.0,5037.0,2541.0,0.0,9169.0,9169.0,1720.0,821.0,5037.0,0.0
1.0,3536.0,5480.0,2641.0,590.0,13205.0,13205.0,1825.0,816.0,5480.0,0.0
1.0,0.0,4090.0,2701.0,3727.0,13505.0,13505.0,1904.0,797.0,4090.0,0.0
1.0,0.0,871.0,2683.0,9169.0,6834.0,6834.0,1921.0,762.0,871.0,0.0
1.0,6581.0,270.0,2643.0,13205.0,0.0,0.0,1921.0,722.0,0.0,270.0
1.0,19516.0,1055.0,2624.0,13505.0,0.0,0.0,1921.0,703.0,0.0,1055.0
1.0,31966.0,1845.0,2613.0,6834.0,0.0,0.0,1895.0,718.0,0.0,1845.0
1.0,36955.0,2361.0,2598.0,0.0,0.0,0.0,1834.0,764.0,0.0,2361.0
1.0,34594.0,2092.0,2543.0,0.0,0.0,0.0,1739.0,804.0,0.0,2092.0
1.0,32502.0,2422.0,2486.0,0.0,0.0,0.0,1662.0,824.0,1399.0,1023.0
1.0,30080.0,3217.0,2469.0,0.0,0.0,0.0,1645.0,824.0,3217.0,0.0
1.0,26863.0,5040.0,2548.0,0.0,0.0,0.0,1724.0,824.0,5040.0,0.0
1.0,21823.0,5482.0,2649.0,0.0,0.0,0.0,1830.0,819.0,5482.0,0.0
1.0,16341.0,4103.0,2709.0,0.0,1307.0,1307.0,1909.0,800.0,4103.0,0.0
1.0,12238.0,898.0,2691.0,0.0,2115.0,2115.0,1926.0,765.0,898.0,0.0
1.0,11340.0,271.0,2652.0,0.0,2191.0,2191.0,1926.0,726.0,0.0,271.0
1.0,11069.0,1054.0,2632.0,1307.0,1838.0,1838.0,1926.0,706.0,0.0,1054.0
1.0,11322.0,1829.0,2621.0,2115.0,1497.0,1497.0,1900.0,721.0,0.0,1829.0
1.0,11608.0,2341.0,2605.0,2191.0,1567.0,1567.0,1839.0,766.0,0.0,2341.0
1.0,11458.0,2068.0,2549.0,1838.0,1517.0,1517.0,1743.0,806.0,0.0,2068.0
1.0,11228.0,2419.0,2490.0,1497.0,2144.0,2144.0,1665.0,825.0,1393.0,1026.0
1.0,10306.0,3241.0,2474.0,1567.0,3738.0,3738.0,1649.0,825.0,3241.0,0.0
1.0,8632.0,5081.0,2555.0,1517.0,7707.0,7707.0,1730.0,825.0,5081.0,0.0
1.0,5068.0,5525.0,2656.0,2144.0,11593.0,11593.0,1836.0,820.0,5525.0,0.0
1.0,1687.0,4117.0,2715.0,3738.0,12267.0,12267.0,1915.0,800.0,4117.0,0.0
1.0,1308.0,859.0,2698.0,7707.0,5334.0,5334.0,1932.0,766.0,859.0,0.0
1.0,8156.0,312.0,2659.0,11593.0,0.0,0.0,1932.0,727.0,0.0,312.0
1.0,19437.0,1102.0,2640.0,12267.0,0.0,0.0,1932.0,708.0,0.0,1102.0
1.0,30602.0,1890.0,2631.0,5334.0,0.0,0.0,1906.0,725.0,0.0,1890.0
1.0,34046.0,2361.0,2614.0,0.0,0.0,0.0,1844.0,770.0,0.0,2361.0
1.0,31685.0,2044.0,2557.0,0.0,0.0,0.0,1748.0,809.0,0.0,2044.0
1.0,29641.0,2335.0,2498.0,0.0,0.0,0.0,1670.0,828.0,1396.0,939.0
1.0,27306.0,3218.0,2480.0,0.0,0.0,0.0,1652.0,828.0,3218.0,0.0
1.0,24088.0,5053.0,2560.0,0.0,0.0,0.0,1732.0,828.0,5053.0,0.0
1.0,19035.0,5503.0,2660.0,0.0,0.0,0.0,1838.0,822.0,5503.0,0.0
1.0,13532.0,4132.0,2720.0,0.0,4200.0,4200.0,1918.0,802.0,4132.0,0.0
1.0,9400.0,924.0,2702.0,0.0,5034.0,5034.0,1935.0,767.0,924.0,0.0
1.0,8476.0,329.0,2663.0,0.0,5168.0,5168.0,1935.0,728.0,0.0,329.0
1.0,8147.0,1112.0,2645.0,4200.0,1990.0,1990.0,1935.0,710.0,0.0,1112.0
1.0,11235.0,1896.0,2637.0,5034.0,0.0,0.0,1910.0,727.0,0.0,1896.0
1.0,14373.0,2358.0,2621.0,5168.0,0.0,0.0,1849.0,772.0,0.0,2358.0
1.0,17183.0,2042.0,2565.0,1990.0,0.0,0.0,1754.0,811.0,0.0,2042.0
1.0,17131.0,2354.0,2507.0,0.0,0.0,0.0,1677.0,830.0,1408.0,946.0
1.0,14777.0,3257.0,2490.0,0.0,930.0,930.0,1660.0,830.0,3257.0,0.0
1.0,11520.0,5085.0,2569.0,0.0,6410.0,6410.0,1739.0,830.0,5085.0,0.0
1.0,6435.0,5509.0,2669.0,0.0,12419.0,12419.0,1845.0,824.0,5509.0,0.0
1.0,926.0,4097.0,2728.0,930.0,13640.0,13640.0,1924.0,804.0,4097.0,0.0
1.0,0.0,859.0,2709.0,6410.0,10235.0,10235.0,1940.0,769.0,859.0,0.0
1.0,3310.0,328.0,2671.0,12419.0,0.0,0.0,1940.0,731.0,0.0,328.0
1.0,15401.0,1124.0,2652.0,13640.0,0.0,0.0,1940.0,712.0,0.0,1124.0
1.0,27917.0,1924.0,2643.0,10235.0,0.0,0.0,1913.0,730.0,0.0,1924.0
1.0,36228.0,2385.0,2627.0,0.0,0.0,0.0,1851.0,776.0,0.0,2385.0
1.0,33843.0,2049.0,2570.0,0.0,0.0,0.0,1755.0,815.0,0.0,2049.0
1.0,31794.0,2370.0,2509.0,0.0,0.0,0.0,1677.0,832.0,1460.0,910.0
1.0,29424.0,3305.0,2494.0,0.0,0.0,0.0,1662.0,832.0,3305.0,0.0
1.0,26119.0,5163.0,2577.0,0.0,0.0,0.0,1745.0,832.0,5163.0,0.0
1.0,20956.0,5565.0,2679.0,0.0,0.0,0.0,1852.0,827.0,5565.0,0.0
1.0,15391.0,4115.0,2738.0,0.0,2414.0,2414.0,1931.0,807.0,4115.0,0.0
1.0,11276.0,790.0,2717.0,0.0,3099.0,3099.0,1946.0,771.0,790.0,0.0
1.0,10486.0,316.0,2678.0,0.0,3220.0,3220.0,1946.0,732.0,0.0,316.0
1.0,10170.0,1108.0,2659.0,2414.0,1819.0,1819.0,1946.0,713.0,0.0,1108.0
1.0,11476.0,1904.0,2649.0,3099.0,574.0,574.0,1919.0,730.0,0.0,1904.0
1.0,12671.0,2390.0,2633.0,3220.0,0.0,0.0,1857.0,776.0,0.0,2390.0
1.0,13501.0,2079.0,2576.0,1819.0,0.0,0.0,1760.0,816.0,0.0,2079.0
1.0,13241.0,2406.0,2518.0,574.0,1181.0,1181.0,1683.0,835.0,1437.0,969.0
1.0,11409.0,3287.0,2502.0,0.0,4388.0,4388.0,1667.0,835.0,3287.0,0.0
1.0,8122.0,5142.0,2583.0,0.0,9935.0,9935.0,1748.0,835.0,5142.0,0.0
1.0,2980.0,5551.0,2685.0,1181.0,13425.0,13425.0,1855.0,830.0,5551.0,0.0
1.0,0.0,4126.0,2744.0,4388.0,13720.0,13720.0,1935.0,809.0,4126.0,0.0
1.0,0.0,835.0,2725.0,9935.0,5653.0,5653.0,1951.0,774.0,835.0,0.0
1.0,7972.0,298.0,2686.0,13425.0,0.0,0.0,1951.0,735.0,0.0,298.0
1.0,21099.0,1105.0,2667.0,13720.0,0.0,0.0,1951.0,716.0,0.0,1105.0
1.0,33714.0,1898.0,2657.0,5653.0,0.0,0.0,1924.0,733.0,0.0,1898.0
1.0,37469.0,2390.0,2641.0,0.0,0.0,0.0,1862.0,779.0,0.0,2390.0
1.0,35079.0,2078.0,2583.0,0.0,0.0,0.0,1764.0,819.0,0.0,2078.0
1.0,33001.0,2451.0,2524.0,0.0,0.0,0.0,1686.0,838.0,1474.0,977.0
1.0,30550.0,3348.0,2509.0,0.0,0.0,0.0,1671.0,838.0,3348.0,0.0
1.0,27202.0,5215.0,2593.0,0.0,0.0,0.0,1755.0,838.0,5215.0,0.0
1.0,21987.0,5606.0,2695.0,0.0,0.0,0.0,1863.0,832.0,5606.0,0.0
1.0,16381.0,4113.0,2753.0,0.0,1497.0,1497.0,1942.0,811.0,4113.0,0.0
1.0,12268.0,755.0,2730.0,0.0,2137.0,2137.0,1956.0,774.0,755.0,0.0
1.0,11513.0,324.0,2691.0,0.0,2266.0,2266.0,1956.0,735.0,0.0,324.0
1.0,11189.0,1117.0,2673.0,1497.0,1796.0,1796.0,1956.0,717.0,0.0,1117.0
1.0,11569.0,1917.0,2665.0,2137.0,1536.0,1536.0,1929.0,736.0,0.0,1917.0
1.0,11789.0,2395.0,2650.0,2266.0,1590.0,1590.0,1868.0,782.0,0.0,2395.0
1.0,11660.0,2085.0,2592.0,1796.0,1589.0,1589.0,1770.0,822.0,0.0,2085.0
1.0,11371.0,2445.0,2534.0,1536.0,2208.0,2208.0,1693.0,841.0,1479.0,966.0
1.0,10462.0,3340.0,2519.0,1590.0,3883.0,3883.0,1678.0,841.0,3340.0,0.0
1.0,8712.0,5194.0,2601.0,1589.0,7898.0,7898.0,1760.0,841.0,5194.0,0.0
1.0,5107.0,5586.0,2701.0,2208.0,11776.0,11776.0,1867.0,834.0,5586.0,0.0
1.0,1729.0,4136.0,2760.0,3883.0,12324.0,12324.0,1947.0,813.0,4136.0,0.0
1.0,1476.0,819.0,2740.0,7898.0,5145.0,5145.0,1963.0,777.0,819.0,0.0
1.0,8555.0,316.0,2700.0,11776.0,0.0,0.0,1963.0,737.0,0.0,316.0
1.0,20015.0,1115.0,2682.0,12324.0,0.0,0.0,1963.0,719.0,0.0,1115.0
1.0,31224.0,1909.0,2674.0,5145.0,0.0,0.0,1936.0,738.0,0.0,1909.0
1.0,34460.0,2395.0,2657.0,0.0,0.0,0.0,1873.0,784.0,0.0,2395.0
1.0,32065.0,2086.0,2599.0,0.0,0.0,0.0,1775.0,824.0,0.0,2086.0
1.0,29979.0,2451.0,2540.0,0.0,0.0,0.0,1697.0,843.0,1468.0,983.0
1.0,27528.0,3347.0,2526.0,0.0,0.0,0.0,1683.0,843.0,3347.0,0.0
1.0,24181.0,5227.0,2610.0,0.0,0.0,0.0,1767.0,843.0,5227.0,0.0
1.0,18954.0,5626.0,2712.0,0.0,232.0,232.0,1875.0,837.0,5626.0,0.0
1.0,13328.0,4142.0,2770.0,0.0,4664.0,4664.0,1955.0,815.0,4142.0,0.0
1.0,9186.0,771.0,2748.0,0.0,5325.0,5325.0,1970.0,778.0,771.0,0.0
1.0,8415.0,324.0,2709.0,232.0,5222.0,5222.0,1970.0,739.0,0.0,324.0
1.0,8323.0,1127.0,2691.0,4664.0,1595.0,1595.0,1970.0,721.0,0.0,1127.0
1.0,11860.0,1941.0,2683.0,5325.0,0.0,0.0,1942.0,741.0,0.0,1941.0
1.0,15244.0,2421.0,2665.0,5222.0,0.0,0.0,1878.0,787.0,0.0,2421.0
1.0,18045.0,2095.0,2606.0,1595.0,0.0,0.0,1779.0,827.0,0.0,2095.0
1.0,17545.0,2440.0,2546.0,0.0,0.0,0.0,1700.0,846.0,1490.0,950.0
1.0,15105.0,3360.0,2532.0,0.0,915.0,915.0,1686.0,846.0,3360.0,0.0
1.0,11745.0,5246.0,2618.0,0.0,6591.0,6591.0,1772.0,846.0,5246.0,0.0
1.0,6499.0,5629.0,2720.0,0.0,12730.0,12730.0,1880.0,840.0,5629.0,0.0
1.0,870.0,4148.0,2778.0,915.0,13890.0,13890.0,1960.0,818.0,4148.0,0.0
1.0,0.0,788.0,2757.0,6591.0,10345.0,10345.0,1975.0,782.0,788.0,0.0
1.0,3440.0,324.0,2717.0,12730.0,0.0,0.0,1975.0,742.0,0.0,324.0
1.0,15846.0,1126.0,2699.0,13890.0,0.0,0.0,1975.0,724.0,0.0,1126.0
1.0,28610.0,1927.0,2689.0,10345.0,0.0,0.0,1947.0,742.0,0.0,1927.0
1.0,37028.0,2407.0,2672.0,0.0,0.0,0.0,1884.0,788.0,0.0,2407.0
1.0,34621.0,2092.0,2614.0,0.0,0.0,0.0,1785.0,829.0,0.0,2092.0
1.0,32529.0,2472.0,2554.0,0.0,0.0,0.0,1707.0,847.0,1500.0,972.0
1.0,30057.0,3383.0,2540.0,0.0,0.0,0.0,1693.0,847.0,3383.0,0.0
1.0,26674.0,5244.0,2625.0,0.0,0.0,0.0,1778.0,847.0,5244.0,0.0
1.0,21430.0,5604.0,2727.0,0.0,0.0,0.0,1885.0,842.0,5604.0,0.0
1.0,15826.0,4089.0,2784.0,0.0,2183.0,2183.0,1964.0,820.0,4089.0,0.0
1.0,11737.0,732.0,2762.0,0.0,2805.0,2805.0,1978.0,784.0,732.0,0.0
1.0,11005.0,337.0,2722.0,0.0,2942.0,2942.0,1978.0,744.0,0.0,337.0
1.0,10668.0,1146.0,2704.0,2183.0,1815.0,1815.0,1978.0,726.0,0.0,1146.0
1.0,11705.0,1950.0,2695.0,2805.0,915.0,915.0,1950.0,745.0,0.0,1950.0
1.0,12560.0,2420.0,2677.0,2942.0,303.0,303.0,1885.0,792.0,0.0,2420.0
1.0,13082.0,2079.0,2617.0,1815.0,267.0,267.0,1785.0,832.0,0.0,2079.0
1.0,12818.0,2552.0,2558.0,915.0,1609.0,1609.0,1708.0,850.0,1618.0,934.0
1.0,11181.0,3503.0,2547.0,303.0,4754.0,4754.0,1697.0,850.0,3503.0,0.0
1.0,7981.0,5396.0,2636.0,267.0,10328.0,10328.0,1786.0,850.0,5396.0,0.0
1.0,2852.0,5663.0,2738.0,1609.0,13690.0,13690.0,1895.0,843.0,5663.0,0.0
1.0,0.0,4057.0,2795.0,4754.0,13975.0,13975.0,1973.0,822.0,4057.0,0.0
1.0,0.0,546.0,2768.0,10328.0,4563.0,4563.0,1983.0,785.0,546.0,0.0
1.0,9277.0,362.0,2729.0,13690.0,0.0,0.0,1983.0,746.0,0.0,362.0
1.0,22605.0,1165.0,2711.0,13975.0,0.0,0.0,1983.0,728.0,0.0,1165.0
1.0,35415.0,1971.0,2703.0,4563.0,0.0,0.0,1955.0,748.0,0.0,1971.0
1.0,38007.0,2424.0,2685.0,0.0,0.0,0.0,1891.0,794.0,0.0,2424.0
1.0,35583.0,2073.0,2625.0,0.0,0.0,0.0,1791.0,834.0,0.0,2073.0
1.0,33510.0,2521.0,2566.0,0.0,0.0,0.0,1714.0,852.0,1605.0,916.0
1.0,30989.0,3483.0,2554.0,0.0,0.0,0.0,1702.0,852.0,3483.0,0.0
1.0,27506.0,5367.0,2641.0,0.0,0.0,0.0,1789.0,852.0,5367.0,0.0
1.0,22139.0,5644.0,2744.0,0.0,0.0,0.0,1898.0,846.0,5644.0,0.0
1.0,16495.0,4052.0,2800.0,0.0,1557.0,1557.0,1976.0,824.0,4052.0,0.0
1.0,12443.0,572.0,2774.0,0.0,1999.0,1999.0,1987.0,787.0,572.0,0.0
1.0,11871.0,362.0,2735.0,0.0,2166.0,2166.0,1987.0,748.0,0.0,362.0
1.0,11509.0,1180.0,2718.0,1557.0,1704.0,1704.0,1987.0,731.0,0.0,1180.0
1.0,11886.0,1991.0,2708.0,1999.0,1646.0,1646.0,1958.0,750.0,0.0,1991.0
1.0,11894.0,2435.0,2691.0,2166.0,1830.0,1830.0,1894.0,797.0,0.0,2435.0
1.0,11625.0,2067.0,2630.0,1704.0,1888.0,1888.0,1793.0,837.0,0.0,2067.0
1.0,11262.0,2568.0,2572.0,1646.0,2520.0,2520.0,1718.0,854.0,1682.0,886.0
1.0,10340.0,3597.0,2561.0,1830.0,4232.0,4232.0,1707.0,854.0,3597.0,0.0
1.0,8573.0,5505.0,2652.0,1888.0,8304.0,8304.0,1798.0,854.0,5505.0,0.0
1.0,4956.0,5716.0,2756.0,2520.0,12020.0,12020.0,1908.0,848.0,5716.0,0.0
1.0,1760.0,4004.0,2811.0,4232.0,12067.0,12067.0,1985.0,826.0,4004.0,0.0
1.0,1988.0,389.0,2782.0,8304.0,4007.0,4007.0,1993.0,789.0,389.0,0.0
1.0,9903.0,373.0,2742.0,12020.0,0.0,0.0,1993.0,749.0,0.0,373.0
1.0,21550.0,1193.0,2725.0,12067.0,0.0,0.0,1993.0,732.0,0.0,1193.0
1.0,32424.0,2014.0,2716.0,4007.0,0.0,0.0,1964.0,752.0,0.0,2014.0
1.0,34417.0,2459.0,2699.0,0.0,0.0,0.0,1899.0,800.0,0.0,2459.0
1.0,31958.0,2087.0,2638.0,0.0,0.0,0.0,1798.0,840.0,0.0,2087.0
1.0,29871.0,2594.0,2580.0,0.0,0.0,0.0,1723.0,857.0,1706.0,888.0
1.0,27277.0,3594.0,2569.0,0.0,0.0,0.0,1712.0,857.0,3594.0,0.0
1.0,23683.0,5491.0,2660.0,0.0,0.0,0.0,1803.0,857.0,5491.0,0.0
1.0,18192.0,5678.0,2763.0,0.0,1301.0,1301.0,1912.0,851.0,5678.0,0.0
1.0,12514.0,3995.0,2818.0,0.0,5571.0,5571.0,1989.0,829.0,3995.0,0.0
1.0,8519.0,413.0,2789.0,0.0,5839.0,5839.0,1997.0,792.0,413.0,0.0
1.0,8106.0,338.0,2749.0,1301.0,4676.0,4676.0,1997.0,752.0,0.0,338.0
1.0,9069.0,1153.0,2731.0,5571.0,168.0,168.0,1997.0,734.0,0.0,1153.0
1.0,13487.0,1966.0,2721.0,5839.0,0.0,0.0,1968.0,753.0,0.0,1966.0
1.0,17360.0,2439.0,2703.0,4676.0,0.0,0.0,1903.0,800.0,0.0,2439.0
1.0,19597.0,2099.0,2643.0,168.0,0.0,0.0,1802.0,841.0,0.0,2099.0
1.0,17666.0,2727.0,2587.0,0.0,0.0,0.0,1728.0,859.0,1770.0,957.0
1.0,14939.0,3672.0,2579.0,0.0,1628.0,1628.0,1720.0,859.0,3672.0,0.0
1.0,11267.0,5577.0,2672.0,0.0,7670.0,7670.0,1813.0,859.0,5577.0,0.0
1.0,5690.0,5708.0,2775.0,0.0,13875.0,13875.0,1923.0,852.0,5708.0,0.0
1.0,0.0,3940.0,2829.0,1628.0,14145.0,14145.0,1999.0,830.0,3940.0,0.0
1.0,0.0,256.0,2797.0,7670.0,8901.0,8901.0,2004.0,793.0,256.0,0.0
1.0,5084.0,372.0,2758.0,13875.0,0.0,0.0,2004.0,754.0,0.0,372.0
1.0,18587.0,1192.0,2740.0,14145.0,0.0,0.0,2004.0,736.0,0.0,1192.0
1.0,31540.0,2015.0,2730.0,8901.0,0.0,0.0,1973.0,757.0,0.0,2015.0
1.0,38426.0,2460.0,2710.0,0.0,0.0,0.0,1905.0,805.0,0.0,2460.0
1.0,35966.0,2081.0,2647.0,0.0,0.0,0.0,1802.0,845.0,0.0,2081.0
1.0,33885.0,2709.0,2590.0,0.0,0.0,0.0,1728.0,862.0,1829.0,880.0
1.0,31176.0,3736.0,2584.0,0.0,0.0,0.0,1722.0,862.0,3736.0,0.0
1.0,27440.0,5643.0,2682.0,0.0,0.0,0.0,1820.0,862.0,5643.0,0.0
1.0,21797.0,5746.0,2785.0,0.0,0.0,0.0,1930.0,855.0,5746.0,0.0
1.0,16051.0,3935.0,2838.0,0.0,2074.0,2074.0,2006.0,832.0,3935.0,0.0
1.0,12116.0,211.0,2804.0,0.0,2115.0,2115.0,2010.0,794.0,211.0,0.0
1.0,11905.0,381.0,2765.0,0.0,2301.0,2301.0,2010.0,755.0,0.0,381.0
1.0,11524.0,1193.0,2748.0,2074.0,1335.0,1335.0,2010.0,738.0,0.0,1193.0
1.0,12405.0,2006.0,2738.0,2115.0,1176.0,1176.0,1979.0,759.0,0.0,2006.0
1.0,12514.0,2443.0,2718.0,2301.0,1218.0,1218.0,1912.0,806.0,0.0,2443.0
1.0,12372.0,2083.0,2655.0,1335.0,1651.0,1651.0,1809.0,846.0,0.0,2083.0
1.0,11624.0,2711.0,2598.0,1176.0,2901.0,2901.0,1735.0,863.0,1810.0,901.0
1.0,10089.0,3725.0,2592.0,1218.0,5378.0,5378.0,1729.0,863.0,3725.0,0.0
1.0,7582.0,5644.0,2689.0,1651.0,9856.0,9856.0,1826.0,863.0,5644.0,0.0
1.0,3589.0,5735.0,2793.0,2901.0,13210.0,13210.0,1937.0,856.0,5735.0,0.0
1.0,755.0,3915.0,2846.0,5378.0,12012.0,12012.0,2012.0,834.0,3915.0,0.0
1.0,2218.0,181.0,2810.0,9856.0,2157.0,2157.0,2015.0,795.0,181.0,0.0
1.0,11893.0,389.0,2771.0,13210.0,0.0,0.0,2015.0,756.0,0.0,389.0
1.0,24714.0,1215.0,2755.0,12012.0,0.0,0.0,2015.0,740.0,0.0,1215.0
1.0,35511.0,2042.0,2745.0,2157.0,0.0,0.0,1983.0,762.0,0.0,2042.0
1.0,35626.0,2473.0,2723.0,0.0,0.0,0.0,1914.0,809.0,0.0,2473.0
1.0,33153.0,2080.0,2657.0,0.0,0.0,0.0,1808.0,849.0,0.0,2080.0
1.0,31073.0,2706.0,2600.0,0.0,0.0,0.0,1734.0,866.0,1847.0,859.0
1.0,28367.0,3778.0,2595.0,0.0,0.0,0.0,1729.0,866.0,3778.0,0.0
1.0,24589.0,5706.0,2698.0,0.0,0.0,0.0,1832.0,866.0,5706.0,0.0
1.0,18883.0,5794.0,2802.0,0.0,921.0,921.0,1943.0,859.0,5794.0,0.0
1.0,13089.0,3934.0,2855.0,0.0,5120.0,5120.0,2019.0,836.0,3934.0,0.0
1.0,9155.0,153.0,2819.0,0.0,5093.0,5093.0,2022.0,797.0,153.0,0.0
1.0,9002.0,387.0,2779.0,921.0,4359.0,4359.0,2022.0,757.0,0.0,387.0
1.0,9536.0,1208.0,2762.0,5120.0,362.0,362.0,2022.0,740.0,0.0,1208.0
1.0,13448.0,2033.0,2751.0,5093.0,0.0,0.0,1989.0,762.0,0.0,2033.0
1.0,16508.0,2479.0,2730.0,4359.0,0.0,0.0,1920.0,810.0,0.0,2479.0
1.0,18388.0,2100.0,2664.0,362.0,0.0,0.0,1814.0,850.0,0.0,2100.0
1.0,16650.0,2725.0,2608.0,0.0,0.0,0.0,1740.0,868.0,1829.0,896.0
1.0,13925.0,3743.0,2603.0,0.0,2833.0,2833.0,1735.0,868.0,3743.0,0.0
1.0,10182.0,5651.0,2704.0,0.0,8989.0,8989.0,1836.0,868.0,5651.0,0.0
1.0,4531.0,5744.0,2807.0,0.0,14035.0,14035.0,1946.0,861.0,5744.0,0.0
1.0,0.0,3936.0,2861.0,2833.0,14305.0,14305.0,2022.0,839.0,3936.0,0.0
1.0,0.0,216.0,2827.0,8989.0,7678.0,7678.0,2026.0,801.0,216.0,0.0
1.0,6457.0,386.0,2788.0,14035.0,0.0,0.0,2026.0,762.0,0.0,386.0
1.0,20106.0,1214.0,2771.0,14305.0,0.0,0.0,2026.0,745.0,0.0,1214.0
1.0,33197.0,2037.0,2757.0,7678.0,0.0,0.0,1992.0,765.0,0.0,2037.0
1.0,38838.0,2471.0,2735.0,0.0,0.0,0.0,1922.0,813.0,0.0,2471.0
1.0,36367.0,2081.0,2667.0,0.0,0.0,0.0,1814.0,853.0,0.0,2081.0
1.0,34286.0,2725.0,2610.0,0.0,0.0,0.0,1740.0,870.0,1856.0,869.0
1.0,31561.0,3790.0,2607.0,0.0,0.0,0.0,1737.0,870.0,3790.0,0.0
1.0,27771.0,5735.0,2713.0,0.0,0.0,0.0,1843.0,870.0,5735.0,0.0
1.0,22036.0,5825.0,2818.0,0.0,0.0,0.0,1955.0,863.0,5825.0,0.0
1.0,16211.0,3971.0,2871.0,0.0,2115.0,2115.0,2031.0,840.0,3971.0,0.0
1.0,12240.0,152.0,2835.0,0.0,2087.0,2087.0,2034.0,801.0,152.0,0.0
1.0,12088.0,429.0,2796.0,0.0,2321.0,2321.0,2034.0,762.0,0.0,429.0
1.0,11659.0,1254.0,2780.0,2115.0,1380.0,1380.0,2034.0,746.0,0.0,1254.0
1.0,12520.0,2082.0,2768.0,2087.0,1315.0,1315.0,1999.0,769.0,0.0,2082.0
1.0,12525.0,2483.0,2744.0,2321.0,1357.0,1357.0,1927.0,817.0,0.0,2483.0
1.0,12363.0,2057.0,2674.0,1380.0,1684.0,1684.0,1818.0,856.0,0.0,2057.0
1.0,11686.0,2626.0,2615.0,1315.0,2700.0,2700.0,1743.0,872.0,1816.0,810.0
1.0,10375.0,3743.0,2611.0,1357.0,5066.0,5066.0,1739.0,872.0,3743.0,0.0
1.0,7989.0,5684.0,2716.0,1684.0,9591.0,9591.0,1844.0,872.0,5684.0,0.0
1.0,3989.0,5808.0,2821.0,2700.0,13224.0,13224.0,1956.0,865.0,5808.0,0.0
1.0,881.0,4008.0,2875.0,5066.0,12436.0,12436.0,2033.0,842.0,4008.0,0.0
1.0,1939.0,264.0,2841.0,9591.0,2939.0,2939.0,2038.0,803.0,264.0,0.0
1.0,11266.0,447.0,2803.0,13224.0,0.0,0.0,2038.0,765.0,0.0,447.0
1.0,24043.0,1273.0,2787.0,12436.0,0.0,0.0,2038.0,749.0,0.0,1273.0
1.0,35206.0,2098.0,2776.0,2939.0,0.0,0.0,2004.0,772.0,0.0,2098.0
1.0,36047.0,2482.0,2752.0,0.0,0.0,0.0,1932.0,820.0,0.0,2482.0
1.0,33565.0,2046.0,2682.0,0.0,0.0,0.0,1823.0,859.0,0.0,2046.0
1.0,31519.0,2607.0,2622.0,0.0,0.0,0.0,1748.0,874.0,1826.0,781.0
1.0,28912.0,3782.0,2620.0,0.0,0.0,0.0,1746.0,874.0,3782.0,0.0
1.0,25130.0,5719.0,2726.0,0.0,0.0,0.0,1852.0,874.0,5719.0,0.0
1.0,19411.0,5823.0,2831.0,0.0,567.0,567.0,1964.0,867.0,5823.0,0.0
1.0,13588.0,3969.0,2883.0,0.0,4796.0,4796.0,2040.0,843.0,3969.0,0.0
1.0,9619.0,193.0,2848.0,0.0,4814.0,4814.0,2044.0,804.0,193.0,0.0
1.0,9426.0,464.0,2810.0,567.0,4521.0,4521.0,2044.0,766.0,0.0,464.0
1.0,9529.0,1296.0,2794.0,4796.0,941.0,941.0,2044.0,750.0,0.0,1296.0
1.0,13029.0,2141.0,2784.0,4814.0,0.0,0.0,2009.0,775.0,0.0,2141.0
1.0,15702.0,2513.0,2759.0,4521.0,0.0,0.0,1936.0,823.0,0.0,2513.0
1.0,17710.0,2050.0,2689.0,941.0,0.0,0.0,1826.0,863.0,0.0,2050.0
1.0,16601.0,2641.0,2628.0,0.0,0.0,0.0,1751.0,877.0,1905.0,736.0
1.0,13960.0,3842.0,2627.0,0.0,3017.0,3017.0,1750.0,877.0,3842.0,0.0
1.0,10118.0,5783.0,2735.0,0.0,9340.0,9340.0,1858.0,877.0,5783.0,0.0
1.0,4335.0,5833.0,2840.0,0.0,14200.0,14200.0,1970.0,870.0,5833.0,0.0
1.0,0.0,3955.0,2892.0,3017.0,14460.0,14460.0,2046.0,846.0,3955.0,0.0
1.0,0.0,133.0,2856.0,9340.0,7509.0,7509.0,2049.0,807.0,133.0,0.0
1.0,6771.0,446.0,2817.0,14200.0,0.0,0.0,2049.0,768.0,0.0,446.0
1.0,20525.0,1285.0,2801.0,14460.0,0.0,0.0,2049.0,752.0,0.0,1285.0
1.0,33700.0,2119.0,2790.0,7509.0,0.0,0.0,2014.0,776.0,0.0,2119.0
1.0,39090.0,2508.0,2766.0,0.0,0.0,0.0,1942.0,824.0,0.0,2508.0
1.0,36582.0,2057.0,2697.0,0.0,0.0,0.0,1833.0,864.0,0.0,2057.0
1.0,34525.0,2681.0,2638.0,0.0,0.0,0.0,1759.0,879.0,1907.0,774.0
1.0,31844.0,3865.0,2637.0,0.0,0.0,0.0,1758.0,879.0,3865.0,0.0
1.0,27979.0,5814.0,2744.0,0.0,0.0,0.0,1865.0,879.0,5814.0,0.0
1.0,22165.0,5858.0,2849.0,0.0,0.0,0.0,1978.0,871.0,5858.0,0.0
1.0,16307.0,3932.0,2902.0,0.0,2135.0,2135.0,2054.0,848.0,3932.0,0.0
1.0,12375.0,73.0,2864.0,0.0,2018.0,2018.0,2055.0,809.0,73.0,0.0
1.0,12302.0,450.0,2825.0,0.0,2273.0,2273.0,2055.0,770.0,0.0,450.0
1.0,11852.0,1295.0,2810.0,2135.0,1358.0,1358.0,2055.0,755.0,0.0,1295.0
1.0,12692.0,2134.0,2798.0,2018.0,1414.0,1414.0,2019.0,779.0,0.0,2134.0
1.0,12576.0,2519.0,2773.0,2273.0,1535.0,1535.0,1946.0,827.0,0.0,2519.0
1.0,12330.0,2054.0,2703.0,1358.0,1881.0,1881.0,1836.0,867.0,0.0,2054.0
1.0,11634.0,2676.0,2642.0,1414.0,2838.0,2838.0,1761.0,881.0,1923.0,753.0
1.0,10372.0,3883.0,2640.0,1535.0,5176.0,5176.0,1759.0,881.0,3883.0,0.0
1.0,8024.0,5855.0,2750.0,1881.0,9700.0,9700.0,1869.0,881.0,5855.0,0.0
1.0,4050.0,5903.0,2856.0,2838.0,13295.0,13295.0,1983.0,873.0,5903.0,0.0
1.0,985.0,3984.0,2908.0,5176.0,12363.0,12363.0,2059.0,849.0,3984.0,0.0
1.0,2177.0,80.0,2870.0,9700.0,2553.0,2553.0,2061.0,809.0,80.0,0.0
1.0,11797.0,479.0,2832.0,13295.0,0.0,0.0,2061.0,771.0,0.0,479.0
1.0,24613.0,1312.0,2817.0,12363.0,0.0,0.0,2061.0,756.0,0.0,1312.0
1.0,35664.0,2153.0,2808.0,2553.0,0.0,0.0,2026.0,782.0,0.0,2153.0
1.0,36064.0,2518.0,2784.0,0.0,0.0,0.0,1954.0,830.0,0.0,2518.0
1.0,33546.0,2051.0,2715.0,0.0,0.0,0.0,1845.0,870.0,0.0,2051.0
1.0,31495.0,2630.0,2653.0,0.0,0.0,0.0,1769.0,884.0,1887.0,743.0
1.0,28865.0,3843.0,2650.0,0.0,0.0,0.0,1766.0,884.0,3843.0,0.0
1.0,25022.0,5803.0,2757.0,0.0,0.0,0.0,1873.0,884.0,5803.0,0.0
1.0,19219.0,5854.0,2861.0,0.0,940.0,940.0,1985.0,876.0,5854.0,0.0
1.0,13365.0,3971.0,2913.0,0.0,5171.0,5171.0,2062.0,851.0,3971.0,0.0
1.0,9394.0,147.0,2875.0,0.0,5128.0,5128.0,2064.0,811.0,147.0,0.0
1.0,9247.0,487.0,2836.0,940.0,4480.0,4480.0,2064.0,772.0,0.0,487.0
1.0,9700.0,1331.0,2823.0,5171.0,575.0,575.0,2064.0,759.0,0.0,1331.0
1.0,13540.0,2178.0,2815.0,5128.0,0.0,0.0,2029.0,786.0,0.0,2178.0
1.0,16490.0,2528.0,2790.0,4480.0,0.0,0.0,1956.0,834.0,0.0,2528.0
1.0,18442.0,2039.0,2719.0,575.0,0.0,0.0,1846.0,873.0,0.0,2039.0
1.0,16978.0,2665.0,2659.0,0.0,0.0,0.0,1772.0,887.0,1962.0,703.0
1.0,14313.0,3930.0,2659.0,0.0,2912.0,2912.0,1772.0,887.0,3930.0,0.0
1.0,10383.0,5907.0,2768.0,0.0,9364.0,9364.0,1881.0,887.0,5907.0,0.0
1.0,4476.0,5909.0,2873.0,0.0,14365.0,14365.0,1995.0,878.0,5909.0,0.0
1.0,0.0,3932.0,2924.0,2912.0,14620.0,14620.0,2071.0,853.0,3932.0,0.0
1.0,0.0,0.0,2883.0,9364.0,7504.0,7504.0,2071.0,812.0,0.0,0.0
1.0,6911.0,481.0,2844.0,14365.0,0.0,0.0,2071.0,773.0,0.0,481.0
1.0,20795.0,1323.0,2830.0,14620.0,0.0,0.0,2071.0,759.0,0.0,1323.0
1.0,34092.0,2180.0,2821.0,7504.0,0.0,0.0,2034.0,787.0,0.0,2180.0
1.0,39416.0,2550.0,2796.0,0.0,0.0,0.0,1960.0,836.0,0.0,2550.0
1.0,36866.0,2078.0,2724.0,0.0,0.0,0.0,1849.0,875.0,7.0,2071.0
1.0,34788.0,2703.0,2664.0,0.0,0.0,0.0,1775.0,889.0,1973.0,730.0
1.0,32085.0,3929.0,2663.0,0.0,0.0,0.0,1774.0,889.0,3929.0,0.0
1.0,28156.0,5890.0,2774.0,0.0,0.0,0.0,1885.0,889.0,5890.0,0.0
1.0,22266.0,5897.0,2879.0,0.0,0.0,0.0,1998.0,881.0,5897.0,0.0
1.0,16369.0,3955.0,2930.0,0.0,2236.0,2236.0,2074.0,856.0,3955.0,0.0
1.0,12414.0,44.0,2890.0,0.0,2080.0,2080.0,2075.0,815.0,44.0,0.0
1.0,12370.0,455.0,2851.0,0.0,2340.0,2340.0,2075.0,776.0,0.0,455.0
1.0,11915.0,1305.0,2836.0,2236.0,1334.0,1334.0,2075.0,761.0,0.0,1305.0
1.0,12846.0,2149.0,2827.0,2080.0,1358.0,1358.0,2039.0,788.0,0.0,2149.0
1.0,12777.0,2540.0,2801.0,2340.0,1428.0,1428.0,1964.0,837.0,0.0,2540.0
1.0,12577.0,2081.0,2730.0,1334.0,1820.0,1820.0,1853.0,877.0,3.0,2078.0
1.0,11830.0,2772.0,2670.0,1358.0,2934.0,2934.0,1778.0,892.0,1993.0,779.0
1.0,10416.0,3972.0,2671.0,1428.0,5483.0,5483.0,1779.0,892.0,3972.0,0.0
1.0,7872.0,5962.0,2784.0,1820.0,10190.0,10190.0,1892.0,892.0,5962.0,0.0
1.0,3730.0,5951.0,2890.0,2934.0,13737.0,13737.0,2007.0,883.0,5951.0,0.0
1.0,713.0,3948.0,2941.0,5483.0,12457.0,12457.0,2083.0,858.0,3948.0,0.0
1.0,2248.0,0.0,2900.0,10190.0,2062.0,2062.0,2083.0,817.0,0.0,0.0
1.0,12438.0,460.0,2861.0,13737.0,0.0,0.0,2083.0,778.0,0.0,460.0
1.0,25715.0,1313.0,2846.0,12457.0,0.0,0.0,2083.0,763.0,0.0,1313.0
1.0,36859.0,2164.0,2836.0,2062.0,0.0,0.0,2046.0,790.0,0.0,2164.0
1.0,36757.0,2550.0,2810.0,0.0,0.0,0.0,1971.0,839.0,0.0,2550.0
1.0,34207.0,2080.0,2737.0,0.0,0.0,0.0,1858.0,879.0,0.0,2080.0
1.0,32127.0,2707.0,2676.0,0.0,0.0,0.0,1782.0,894.0,1947.0,760.0
1.0,29420.0,3930.0,2675.0,0.0,0.0,0.0,1781.0,894.0,3930.0,0.0
1.0,25490.0,5912.0,2787.0,0.0,0.0,0.0,1893.0,894.0,5912.0,0.0
1.0,19578.0,5953.0,2893.0,0.0,840.0,840.0,2008.0,885.0,5953.0,0.0
1.0,13625.0,4012.0,2945.0,0.0,5112.0,5112.0,2085.0,860.0,4012.0,0.0
1.0,9613.0,96.0,2905.0,0.0,5008.0,5008.0,2087.0,818.0,96.0,0.0
1.0,9517.0,488.0,2866.0,840.0,4461.0,4461.0,2087.0,779.0,0.0,488.0
1.0,9869.0,1333.0,2852.0,5112.0,612.0,612.0,2087.0,765.0,0.0,1333.0
1.0,13648.0,2181.0,2844.0,5008.0,0.0,0.0,2051.0,793.0,0.0,2181.0
1.0,16475.0,2539.0,2819.0,4461.0,0.0,0.0,1977.0,842.0,0.0,2539.0
1.0,18397.0,2062.0,2746.0,612.0,0.0,0.0,1865.0,881.0,0.0,2062.0
1.0,16947.0,2718.0,2687.0,0.0,0.0,0.0,1791.0,896.0,1975.0,743.0
1.0,14229.0,3960.0,2686.0,0.0,3161.0,3161.0,1790.0,896.0,3960.0,0.0
1.0,10269.0,5938.0,2798.0,0.0,9659.0,9659.0,1902.0,896.0,5938.0,0.0
1.0,4331.0,5938.0,2902.0,0.0,14510.0,14510.0,2016.0,886.0,5938.0,0.0
1.0,0.0,3959.0,2953.0,3161.0,14765.0,14765.0,2092.0,861.0,3959.0,0.0
1.0,0.0,13.0,2911.0,9659.0,7314.0,7314.0,2092.0,819.0,13.0,0.0
1.0,7241.0,493.0,2872.0,14510.0,0.0,0.0,2092.0,780.0,0.0,493.0
1.0,21258.0,1355.0,2859.0,14765.0,0.0,0.0,2092.0,767.0,0.0,1355.0
1.0,34668.0,2208.0,2851.0,7314.0,0.0,0.0,2055.0,796.0,0.0,2208.0
1.0,39774.0,2571.0,2824.0,0.0,0.0,0.0,1979.0,845.0,0.0,2571.0
1.0,37203.0,2138.0,2752.0,0.0,0.0,0.0,1867.0,885.0,71.0,2067.0
1.0,35065.0,2767.0,2691.0,0.0,0.0,0.0,1793.0,898.0,2053.0,714.0
1.0,32298.0,4042.0,2693.0,0.0,0.0,0.0,1795.0,898.0,4042.0,0.0
1.0,28256.0,5963.0,2807.0,0.0,0.0,0.0,1909.0,898.0,5963.0,0.0
1.0,22293.0,5923.0,2912.0,0.0,0.0,0.0,2023.0,889.0,5923.0,0.0
1.0,16370.0,3889.0,2962.0,0.0,2329.0,2329.0,2098.0,864.0,3889.0,0.0
1.0,12481.0,0.0,2920.0,0.0,2119.0,2119.0,2098.0,822.0,0.0,0.0
1.0,12481.0,482.0,2880.0,0.0,2401.0,2401.0,2098.0,782.0,0.0,482.0
1.0,11999.0,1335.0,2866.0,2329.0,1337.0,1337.0,2098.0,768.0,0.0,1335.0
1.0,12993.0,2192.0,2856.0,2119.0,1360.0,1360.0,2060.0,796.0,0.0,2192.0
1.0,12920.0,2572.0,2830.0,2401.0,1401.0,1401.0,1984.0,846.0,0.0,2572.0
1.0,12749.0,2176.0,2759.0,1337.0,1885.0,1885.0,1873.0,886.0,75.0,2101.0
1.0,11910.0,2832.0,2700.0,1360.0,3062.0,3062.0,1799.0,901.0,2068.0,764.0
1.0,10438.0,4060.0,2702.0,1401.0,5731.0,5731.0,1801.0,901.0,4060.0,0.0
1.0,7779.0,5976.0,2816.0,1885.0,10392.0,10392.0,1915.0,901.0,5976.0,0.0
1.0,3688.0,5907.0,2921.0,3062.0,13762.0,13762.0,2029.0,892.0,5907.0,0.0
1.0,843.0,3845.0,2970.0,5731.0,12121.0,12121.0,2103.0,867.0,3845.0,0.0
1.0,2729.0,0.0,2928.0,10392.0,1519.0,1519.0,2103.0,825.0,0.0,0.0
1.0,13121.0,462.0,2889.0,13762.0,0.0,0.0,2103.0,786.0,0.0,462.0
1.0,26421.0,1321.0,2874.0,12121.0,0.0,0.0,2103.0,771.0,0.0,1321.0
1.0,37221.0,2173.0,2862.0,1519.0,0.0,0.0,2064.0,798.0,0.0,2173.0
1.0,36567.0,2571.0,2835.0,0.0,0.0,0.0,1988.0,847.0,0.0,2571.0
1.0,33996.0,2231.0,2764.0,0.0,0.0,0.0,1876.0,888.0,129.0,2102.0
1.0,31765.0,2911.0,2705.0,0.0,0.0,0.0,1802.0,903.0,2125.0,786.0
1.0,28854.0,4141.0,2709.0,0.0,0.0,0.0,1806.0,903.0,4141.0,0.0
1.0,24713.0,6030.0,2825.0,0.0,0.0,0.0,1922.0,903.0,6030.0,0.0
1.0,18683.0,5916.0,2930.0,0.0,1883.0,1883.0,2036.0,894.0,5916.0,0.0
1.0,12767.0,3765.0,2977.0,0.0,5883.0,5883.0,2108.0,869.0,3765.0,0.0
1.0,9002.0,0.0,2935.0,0.0,5673.0,5673.0,2108.0,827.0,0.0,0.0
1.0,9002.0,495.0,2896.0,1883.0,4090.0,4090.0,2108.0,788.0,0.0,495.0
1.0,10390.0,1360.0,2882.0,5883.0,0.0,0.0,2108.0,774.0,0.0,1360.0
1.0,14913.0,2217.0,2872.0,5673.0,0.0,0.0,2070.0,802.0,0.0,2217.0
1.0,18369.0,2583.0,2846.0,4090.0,0.0,0.0,1995.0,851.0,0.0,2583.0
1.0,19876.0,2163.0,2774.0,0.0,0.0,0.0,1883.0,891.0,81.0,2082.0
1.0,17713.0,2819.0,2714.0,0.0,0.0,0.0,1809.0,905.0,2095.0,724.0
1.0,14894.0,4082.0,2715.0,0.0,2763.0,2763.0,1810.0,905.0,4082.0,0.0
1.0,10812.0,5997.0,2828.0,0.0,9325.0,9325.0,1923.0,905.0,5997.0,0.0
1.0,4815.0,5910.0,2933.0,0.0,14665.0,14665.0,2037.0,896.0,5910.0,0.0
1.0,0.0,3850.0,2981.0,2763.0,14905.0,14905.0,2111.0,870.0,3850.0,0.0
1.0,0.0,0.0,2939.0,9325.0,7552.0,7552.0,2111.0,828.0,0.0,0.0
1.0,7143.0,510.0,2900.0,14665.0,0.0,0.0,2111.0,789.0,0.0,510.0
1.0,21298.0,1367.0,2887.0,14905.0,0.0,0.0,2111.0,776.0,0.0,1367.0
1.0,34836.0,2221.0,2877.0,7552.0,0.0,0.0,2073.0,804.0,0.0,2221.0
1.0,40167.0,2570.0,2851.0,0.0,0.0,0.0,1997.0,854.0,0.0,2570.0
1.0,37597.0,2198.0,2779.0,0.0,0.0,0.0,1885.0,894.0,134.0,2064.0
1.0,35399.0,2872.0,2720.0,0.0,0.0,0.0,1813.0,907.0,2159.0,713.0
1.0,32527.0,4177.0,2724.0,0.0,0.0,0.0,1817.0,907.0,4177.0,0.0
1.0,28350.0,6057.0,2840.0,0.0,0.0,0.0,1933.0,907.0,6057.0,0.0
1.0,22293.0,5918.0,2945.0,0.0,0.0,0.0,2047.0,898.0,5918.0,0.0
1.0,16375.0,3754.0,2991.0,0.0,2334.0,2334.0,2119.0,872.0,3754.0,0.0
1.0,12621.0,0.0,2948.0,0.0,2119.0,2119.0,2119.0,829.0,0.0,0.0
1.0,12621.0,545.0,2909.0,0.0,2469.0,2469.0,2119.0,790.0,0.0,545.0
1.0,12076.0,1414.0,2896.0,2334.0,1484.0,1484.0,2118.0,778.0,0.0,1414.0
1.0,12996.0,2284.0,2886.0,2119.0,1599.0,1599.0,2078.0,808.0,0.0,2284.0
1.0,12831.0,2610.0,2858.0,2469.0,1600.0,1600.0,2000.0,858.0,0.0,2610.0
1.0,12690.0,2202.0,2787.0,1484.0,1963.0,1963.0,1889.0,898.0,141.0,2061.0
1.0,11972.0,2777.0,2726.0,1599.0,2836.0,2836.0,1816.0,910.0,2134.0,643.0
1.0,10794.0,4146.0,2731.0,1600.0,5407.0,5407.0,1821.0,910.0,4146.0,0.0
1.0,8248.0,6029.0,2847.0,1963.0,10053.0,10053.0,1937.0,910.0,6029.0,0.0
1.0,4182.0,5927.0,2952.0,2836.0,13669.0,13669.0,2051.0,901.0,5927.0,0.0
1.0,1091.0,3806.0,2999.0,5407.0,12303.0,12303.0,2124.0,875.0,3806.0,0.0
1.0,2692.0,0.0,2957.0,10053.0,2040.0,2040.0,2124.0,833.0,0.0,0.0
1.0,12745.0,519.0,2918.0,13669.0,0.0,0.0,2124.0,794.0,0.0,519.0
1.0,25895.0,1384.0,2902.0,12303.0,0.0,0.0,2122.0,780.0,0.0,1384.0
1.0,36814.0,2253.0,2891.0,2040.0,0.0,0.0,2083.0,808.0,0.0,2253.0
1.0,36601.0,2600.0,2862.0,0.0,0.0,0.0,2004.0,858.0,0.0,2600.0
1.0,34001.0,2253.0,2791.0,0.0,0.0,0.0,1893.0,898.0,172.0,2081.0
1.0,31748.0,2909.0,2734.0,0.0,0.0,0.0,1822.0,912.0,2210.0,699.0
1.0,28839.0,4251.0,2742.0,0.0,0.0,0.0,1830.0,912.0,4251.0,0.0
1.0,24588.0,6098.0,2859.0,0.0,0.0,0.0,1947.0,912.0,6098.0,0.0
1.0,18490.0,5900.0,2963.0,0.0,2225.0,2225.0,2060.0,903.0,5900.0,0.0
1.0,12590.0,3662.0,3009.0,0.0,6117.0,6117.0,2131.0,878.0,3662.0,0.0
1.0,8928.0,0.0,2967.0,0.0,5907.0,5907.0,2131.0,836.0,0.0,0.0
1.0,8928.0,518.0,2927.0,2225.0,4000.0,4000.0,2131.0,796.0,0.0,518.0
1.0,10635.0,1397.0,2911.0,6117.0,0.0,0.0,2128.0,783.0,0.0,1397.0
1.0,15355.0,2266.0,2898.0,5907.0,0.0,0.0,2087.0,811.0,0.0,2266.0
1.0,18996.0,2612.0,2869.0,4000.0,0.0,0.0,2008.0,861.0,0.0,2612.0
1.0,20384.0,2264.0,2796.0,0.0,0.0,0.0,1895.0,901.0,188.0,2076.0
1.0,18120.0,2885.0,2738.0,0.0,0.0,0.0,1824.0,914.0,2209.0,676.0
1.0,15235.0,4248.0,2747.0,0.0,2748.0,2748.0,1833.0,914.0,4248.0,0.0
1.0,10987.0,6092.0,2865.0,0.0,9430.0,9430.0,1951.0,914.0,6092.0,0.0
1.0,4895.0,5917.0,2969.0,0.0,14845.0,14845.0,2064.0,905.0,5917.0,0.0
1.0,0.0,3694.0,3014.0,2748.0,15070.0,15070.0,2135.0,879.0,3694.0,0.0
1.0,0.0,0.0,2971.0,9430.0,7393.0,7393.0,2135.0,836.0,0.0,0.0
1.0,7462.0,532.0,2932.0,14845.0,0.0,0.0,2135.0,797.0,0.0,532.0
1.0,21775.0,1397.0,2917.0,15070.0,0.0,0.0,2134.0,783.0,0.0,1397.0
1.0,35448.0,2272.0,2907.0,7393.0,0.0,0.0,2094.0,813.0,0.0,2272.0
1.0,40569.0,2609.0,2878.0,0.0,0.0,0.0,2015.0,863.0,0.0,2609.0
1.0,37960.0,2270.0,2806.0,0.0,0.0,0.0,1903.0,903.0,186.0,2084.0
1.0,35690.0,2906.0,2749.0,0.0,0.0,0.0,1832.0,917.0,2223.0,683.0
1.0,32784.0,4245.0,2757.0,0.0,0.0,0.0,1840.0,917.0,4245.0,0.0
1.0,28539.0,6083.0,2874.0,0.0,0.0,0.0,1957.0,917.0,6083.0,0.0
1.0,22456.0,5896.0,2977.0,0.0,0.0,0.0,2070.0,907.0,5896.0,0.0
1.0,16560.0,3685.0,3021.0,0.0,2230.0,2230.0,2141.0,880.0,3685.0,0.0
1.0,12875.0,0.0,2979.0,0.0,2020.0,2020.0,2141.0,838.0,0.0,0.0
1.0,12875.0,550.0,2940.0,0.0,2375.0,2375.0,2141.0,799.0,0.0,550.0
1.0,12325.0,1420.0,2925.0,2230.0,1490.0,1490.0,2139.0,786.0,0.0,1420.0
1.0,13135.0,2289.0,2914.0,2020.0,1704.0,1704.0,2097.0,817.0,0.0,2289.0
1.0,12866.0,2608.0,2884.0,2375.0,1787.0,1787.0,2017.0,867.0,0.0,2608.0
1.0,12633.0,2327.0,2812.0,1490.0,2264.0,2264.0,1905.0,907.0,267.0,2060.0
1.0,11796.0,2952.0,2755.0,1704.0,3227.0,3227.0,1836.0,919.0,2309.0,643.0
1.0,10548.0,4352.0,2767.0,1787.0,5852.0,5852.0,1848.0,919.0,4352.0,0.0
1.0,7983.0,6144.0,2885.0,2264.0,10322.0,10322.0,1966.0,919.0,6144.0,0.0
1.0,4103.0,5874.0,2987.0,3227.0,13479.0,13479.0,2079.0,908.0,5874.0,0.0
1.0,1456.0,3567.0,3028.0,5852.0,11399.0,11399.0,2147.0,881.0,3567.0,0.0
1.0,3741.0,0.0,2984.0,10322.0,857.0,857.0,2147.0,837.0,0.0,0.0
1.0,14063.0,586.0,2945.0,13479.0,0.0,0.0,2147.0,798.0,0.0,586.0
1.0,26956.0,1460.0,2931.0,11399.0,0.0,0.0,2144.0,787.0,0.0,1460.0
1.0,36895.0,2340.0,2923.0,857.0,0.0,0.0,2103.0,820.0,0.0,2340.0
1.0,35412.0,2638.0,2894.0,0.0,0.0,0.0,2024.0,870.0,0.0,2638.0
1.0,32774.0,2292.0,2822.0,0.0,0.0,0.0,1912.0,910.0,237.0,2055.0
1.0,30482.0,2863.0,2763.0,0.0,0.0,0.0,1842.0,921.0,2274.0,589.0
1.0,27619.0,4315.0,2773.0,0.0,0.0,0.0,1852.0,921.0,4315.0,0.0
1.0,23304.0,6128.0,2891.0,0.0,0.0,0.0,1970.0,921.0,6128.0,0.0
1.0,17176.0,5901.0,2994.0,0.0,3695.0,3695.0,2083.0,911.0,5901.0,0.0
1.0,11275.0,3640.0,3037.0,0.0,7550.0,7550.0,2153.0,884.0,3640.0,0.0
1.0,7635.0,0.0,2994.0,0.0,7335.0,7335.0,2153.0,841.0,0.0,0.0
1.0,7635.0,563.0,2955.0,3695.0,4008.0,4008.0,2153.0,802.0,0.0,563.0
1.0,10767.0,1439.0,2940.0,7550.0,0.0,0.0,2150.0,790.0,0.0,1439.0
1.0,16878.0,2315.0,2928.0,7335.0,0.0,0.0,2107.0,821.0,0.0,2315.0
1.0,21898.0,2626.0,2897.0,4008.0,0.0,0.0,2026.0,871.0,0.0,2626.0
1.0,23280.0,2313.0,2824.0,0.0,0.0,0.0,1913.0,911.0,246.0,2067.0
1.0,20967.0,2943.0,2767.0,0.0,0.0,0.0,1844.0,923.0,2311.0,632.0
1.0,18024.0,4374.0,2781.0,0.0,255.0,255.0,1858.0,923.0,4374.0,0.0
1.0,13650.0,6174.0,2900.0,0.0,7024.0,7024.0,1977.0,923.0,6174.0,0.0
1.0,7476.0,5913.0,3003.0,0.0,13452.0,13452.0,2090.0,913.0,5913.0,0.0
1.0,1563.0,3591.0,3045.0,255.0,15225.0,15225.0,2159.0,886.0,3591.0,0.0
1.0,0.0,0.0,3002.0,7024.0,9759.0,9759.0,2159.0,843.0,0.0,0.0
1.0,5251.0,581.0,2963.0,13452.0,0.0,0.0,2159.0,804.0,0.0,581.0
1.0,18122.0,1460.0,2948.0,15225.0,0.0,0.0,2156.0,792.0,0.0,1460.0
1.0,31887.0,2349.0,2937.0,9759.0,0.0,0.0,2113.0,824.0,0.0,2349.0
1.0,39297.0,2646.0,2907.0,0.0,0.0,0.0,2032.0,875.0,0.0,2646.0
1.0,36651.0,2298.0,2833.0,0.0,0.0,0.0,1919.0,914.0,237.0,2061.0
1.0,34353.0,2876.0,2775.0,0.0,0.0,0.0,1849.0,926.0,2290.0,586.0
1.0,31477.0,4330.0,2787.0,0.0,0.0,0.0,1861.0,926.0,4330.0,0.0
1.0,27147.0,6153.0,2906.0,0.0,0.0,0.0,1980.0,926.0,6153.0,0.0
1.0,20994.0,5920.0,3010.0,0.0,0.0,0.0,2094.0,916.0,5920.0,0.0
1.0,15074.0,3660.0,3053.0,0.0,3851.0,3851.0,2164.0,889.0,3660.0,0.0
1.0,11414.0,0.0,3009.0,0.0,3631.0,3631.0,2164.0,845.0,0.0,0.0
1.0,11414.0,592.0,2970.0,0.0,4028.0,4028.0,2164.0,806.0,0.0,592.0
1.0,10822.0,1468.0,2954.0,3851.0,1565.0,1565.0,2160.0,794.0,0.0,1468.0
1.0,13205.0,2343.0,2944.0,3631.0,227.0,227.0,2118.0,826.0,0.0,2343.0
1.0,14493.0,2630.0,2913.0,4028.0,0.0,0.0,2036.0,877.0,0.0,2630.0
1.0,15891.0,2315.0,2840.0,1565.0,0.0,0.0,1924.0,916.0,269.0,2046.0
1.0,15141.0,2932.0,2784.0,227.0,1484.0,1484.0,1856.0,928.0,2340.0,592.0
1.0,12436.0,4394.0,2797.0,0.0,5943.0,5943.0,1869.0,928.0,4394.0,0.0
1.0,8042.0,6182.0,2916.0,0.0,12720.0,12720.0,1988.0,928.0,6182.0,0.0
1.0,1860.0,5899.0,3019.0,1484.0,15095.0,15095.0,2102.0,917.0,5899.0,0.0
1.0,0.0,3556.0,3060.0,5943.0,15300.0,15300.0,2170.0,890.0,3556.0,0.0
1.0,0.0,0.0,3016.0,12720.0,2528.0,2528.0,2170.0,846.0,0.0,0.0
1.0,12552.0,628.0,2978.0,15095.0,0.0,0.0,2170.0,808.0,0.0,628.0
1.0,27019.0,1514.0,2962.0,15300.0,0.0,0.0,2165.0,797.0,0.0,1514.0
1.0,40805.0,2400.0,2952.0,2528.0,0.0,0.0,2121.0,831.0,0.0,2400.0
1.0,40933.0,2654.0,2919.0,0.0,0.0,0.0,2037.0,882.0,0.0,2654.0
1.0,38279.0,2339.0,2846.0,0.0,0.0,0.0,1925.0,921.0,311.0,2028.0
1.0,35940.0,2876.0,2788.0,0.0,0.0,0.0,1857.0,931.0,2364.0,512.0
1.0,33064.0,4426.0,2805.0,0.0,0.0,0.0,1874.0,931.0,4426.0,0.0
1.0,28638.0,6191.0,2924.0,0.0,0.0,0.0,1993.0,931.0,6191.0,0.0
1.0,22447.0,5904.0,3026.0,0.0,0.0,0.0,2106.0,920.0,5904.0,0.0
1.0,16543.0,3533.0,3065.0,0.0,2315.0,2315.0,2174.0,891.0,3533.0,0.0
1.0,13010.0,0.0,3020.0,0.0,2090.0,2090.0,2174.0,846.0,0.0,0.0
1.0,13010.0,628.0,2982.0,0.0,2528.0,2528.0,2174.0,808.0,0.0,628.0
1.0,12382.0,1511.0,2967.0,2315.0,1649.0,1649.0,2170.0,797.0,0.0,1511.0
1.0,13186.0,2399.0,2958.0,2090.0,1913.0,1913.0,2126.0,832.0,0.0,2399.0
1.0,12877.0,2665.0,2926.0,2528.0,1890.0,1890.0,2043.0,883.0,0.0,2665.0
1.0,12740.0,2365.0,2854.0,1649.0,2246.0,2246.0,1931.0,923.0,322.0,2043.0
1.0,12024.0,2934.0,2797.0,1913.0,2982.0,2982.0,1864.0,933.0,2403.0,531.0
1.0,11003.0,4472.0,2813.0,1890.0,5644.0,5644.0,1880.0,933.0,4472.0,0.0
1.0,8421.0,6213.0,2933.0,2246.0,10211.0,10211.0,2000.0,933.0,6213.0,0.0
1.0,4454.0,5864.0,3034.0,2982.0,13598.0,13598.0,2112.0,922.0,5864.0,0.0
1.0,1572.0,3472.0,3073.0,5644.0,11621.0,11621.0,2179.0,894.0,3472.0,0.0
1.0,3744.0,0.0,3029.0,10211.0,1190.0,1190.0,2179.0,850.0,0.0,0.0
1.0,13955.0,621.0,2990.0,13598.0,0.0,0.0,2179.0,811.0,0.0,621.0
1.0,26932.0,1514.0,2975.0,11621.0,0.0,0.0,2174.0,801.0,0.0,1514.0
1.0,37039.0,2399.0,2965.0,1190.0,0.0,0.0,2130.0,835.0,0.0,2399.0
1.0,35830.0,2662.0,2932.0,0.0,0.0,0.0,2046.0,886.0,0.0,2662.0
1.0,33168.0,2392.0,2859.0,0.0,0.0,0.0,1934.0,925.0,361.0,2031.0
1.0,30776.0,2956.0,2802.0,0.0,0.0,0.0,1867.0,935.0,2437.0,519.0
1.0,27820.0,4513.0,2820.0,0.0,0.0,0.0,1885.0,935.0,4513.0,0.0
1.0,23307.0,6236.0,2940.0,0.0,0.0,0.0,2005.0,935.0,6236.0,0.0
1.0,17071.0,5892.0,3042.0,0.0,4031.0,4031.0,2118.0,924.0,5892.0,0.0
1.0,11179.0,3462.0,3081.0,0.0,7688.0,7688.0,2185.0,896.0,3462.0,0.0
1.0,7717.0,0.0,3035.0,0.0,7458.0,7458.0,2185.0,850.0,0.0,0.0
1.0,7717.0,648.0,2997.0,4031.0,3885.0,3885.0,2185.0,812.0,0.0,648.0
1.0,11100.0,1545.0,2982.0,7688.0,0.0,0.0,2180.0,802.0,0.0,1545.0
1.0,17243.0,2435.0,2974.0,7458.0,0.0,0.0,2136.0,838.0,0.0,2435.0
1.0,22266.0,2681.0,2942.0,3885.0,0.0,0.0,2053.0,889.0,0.0,2681.0
1.0,23470.0,2372.0,2869.0,0.0,0.0,0.0,1941.0,928.0,338.0,2034.0
1.0,21098.0,2894.0,2812.0,0.0,0.0,0.0,1874.0,938.0,2408.0,486.0
1.0,18204.0,4465.0,2827.0,0.0,396.0,396.0,1889.0,938.0,4465.0,0.0
1.0,13739.0,6210.0,2946.0,0.0,7201.0,7201.0,2008.0,938.0,6210.0,0.0
1.0,7529.0,5888.0,3048.0,0.0,13599.0,13599.0,2122.0,926.0,5888.0,0.0
1.0,1641.0,3518.0,3087.0,396.0,15435.0,15435.0,2189.0,898.0,3518.0,0.0
1.0,0.0,0.0,3042.0,7201.0,9490.0,9490.0,2189.0,853.0,0.0,0.0
1.0,5720.0,642.0,3004.0,13599.0,0.0,0.0,2189.0,815.0,0.0,642.0
1.0,18677.0,1529.0,2989.0,15435.0,0.0,0.0,2184.0,805.0,0.0,1529.0
1.0,32583.0,2416.0,2979.0,9490.0,0.0,0.0,2139.0,840.0,0.0,2416.0
1.0,39657.0,2665.0,2946.0,0.0,0.0,0.0,2055.0,891.0,0.0,2665.0
1.0,36992.0,2429.0,2873.0,0.0,0.0,0.0,1943.0,930.0,398.0,2031.0
1.0,34563.0,2997.0,2818.0,0.0,0.0,0.0,1878.0,940.0,2482.0,515.0
1.0,31566.0,4585.0,2837.0,0.0,0.0,0.0,1897.0,940.0,4585.0,0.0
1.0,26981.0,6285.0,2958.0,0.0,0.0,0.0,2018.0,940.0,6285.0,0.0
1.0,20696.0,5884.0,3059.0,0.0,483.0,483.0,2131.0,928.0,5884.0,0.0
1.0,14812.0,3370.0,3095.0,0.0,4033.0,4033.0,2196.0,899.0,3370.0,0.0
1.0,11442.0,0.0,3049.0,0.0,3803.0,3803.0,2196.0,853.0,0.0,0.0
1.0,11442.0,660.0,3010.0,483.0,3785.0,3785.0,2196.0,814.0,0.0,660.0
1.0,11265.0,1556.0,2995.0,4033.0,1233.0,1233.0,2190.0,805.0,0.0,1556.0
1.0,13742.0,2457.0,2988.0,3803.0,0.0,0.0,2145.0,843.0,0.0,2457.0
1.0,15088.0,2695.0,2955.0,3785.0,0.0,0.0,2060.0,895.0,0.0,2695.0
1.0,16178.0,2368.0,2881.0,1233.0,0.0,0.0,1947.0,934.0,332.0,2036.0
1.0,15043.0,2887.0,2823.0,0.0,1959.0,1959.0,1880.0,943.0,2419.0,468.0
1.0,12156.0,4506.0,2842.0,0.0,6560.0,6560.0,1899.0,943.0,4506.0,0.0
1.0,7650.0,6270.0,2962.0,0.0,13430.0,13430.0,2019.0,943.0,6270.0,0.0
1.0,1380.0,5944.0,3065.0,1959.0,15325.0,15325.0,2134.0,931.0,5944.0,0.0
1.0,0.0,3544.0,3104.0,6560.0,15109.0,15109.0,2202.0,902.0,3544.0,0.0
1.0,411.0,0.0,3057.0,13430.0,1444.0,1444.0,2202.0,855.0,0.0,0.0
1.0,13841.0,654.0,3019.0,15325.0,0.0,0.0,2202.0,817.0,0.0,654.0
1.0,28512.0,1548.0,3003.0,15109.0,0.0,0.0,2196.0,807.0,0.0,1548.0
1.0,42073.0,2446.0,2993.0,1444.0,0.0,0.0,2149.0,844.0,0.0,2446.0
1.0,41071.0,2696.0,2959.0,0.0,0.0,0.0,2063.0,896.0,0.0,2696.0
1.0,38375.0,2402.0,2886.0,0.0,0.0,0.0,1951.0,935.0,355.0,2047.0
1.0,35973.0,2962.0,2830.0,0.0,0.0,0.0,1885.0,945.0,2462.0,500.0
1.0,33011.0,4560.0,2851.0,0.0,0.0,0.0,1906.0,945.0,4560.0,0.0
1.0,28451.0,6296.0,2972.0,0.0,0.0,0.0,2027.0,945.0,6296.0,0.0
1.0,22155.0,5925.0,3074.0,0.0,0.0,0.0,2141.0,933.0,5925.0,0.0
1.0,16230.0,3463.0,3112.0,0.0,2793.0,2793.0,2208.0,904.0,3463.0,0.0
1.0,12767.0,0.0,3066.0,0.0,2563.0,2563.0,2208.0,858.0,0.0,0.0
1.0,12767.0,653.0,3027.0,0.0,3021.0,3021.0,2208.0,819.0,0.0,653.0
1.0,12114.0,1563.0,3011.0,2793.0,1711.0,1711.0,2201.0,810.0,0.0,1563.0
1.0,13344.0,2464.0,3002.0,2563.0,1567.0,1567.0,2154.0,848.0,0.0,2464.0
1.0,13443.0,2708.0,2967.0,3021.0,1079.0,1079.0,2067.0,900.0,0.0,2708.0
1.0,13756.0,2429.0,2894.0,1711.0,1432.0,1432.0,1955.0,939.0,390.0,2039.0
1.0,13038.0,2944.0,2837.0,1567.0,2524.0,2524.0,1889.0,948.0,2474.0,470.0
1.0,11661.0,4572.0,2858.0,1079.0,6122.0,6122.0,1910.0,948.0,4572.0,0.0
1.0,8168.0,6305.0,2980.0,1432.0,11605.0,11605.0,2032.0,948.0,6305.0,0.0
1.0,3295.0,5946.0,3081.0,2524.0,15405.0,15405.0,2146.0,935.0,5946.0,0.0
1.0,0.0,3493.0,3119.0,6122.0,13093.0,13093.0,2213.0,906.0,3493.0,0.0
1.0,2502.0,0.0,3072.0,11605.0,1253.0,1253.0,2213.0,859.0,0.0,0.0
1.0,14107.0,672.0,3033.0,15405.0,0.0,0.0,2213.0,820.0,0.0,672.0
1.0,28840.0,1570.0,3018.0,13093.0,0.0,0.0,2207.0,811.0,0.0,1570.0
1.0,40363.0,2470.0,3009.0,1253.0,0.0,0.0,2160.0,849.0,0.0,2470.0
1.0,39146.0,2704.0,2976.0,0.0,0.0,0.0,2075.0,901.0,0.0,2704.0
1.0,36442.0,2402.0,2903.0,0.0,0.0,0.0,1962.0,941.0,360.0,2042.0
1.0,34040.0,2936.0,2846.0,0.0,0.0,0.0,1896.0,950.0,2464.0,472.0
1.0,31104.0,4582.0,2867.0,0.0,0.0,0.0,1917.0,950.0,4582.0,0.0
1.0,26522.0,6317.0,2988.0,0.0,0.0,0.0,2038.0,950.0,6317.0,0.0
1.0,20205.0,5953.0,3090.0,0.0,1198.0,1198.0,2153.0,937.0,5953.0,0.0
1.0,14252.0,3477.0,3127.0,0.0,4860.0,4860.0,2219.0,908.0,3477.0,0.0
1.0,10775.0,0.0,3081.0,0.0,4630.0,4630.0,2219.0,862.0,0.0,0.0
1.0,10775.0,669.0,3042.0,1198.0,3906.0,3906.0,2219.0,823.0,0.0,669.0
1.0,11304.0,1570.0,3026.0,4860.0,536.0,536.0,2212.0,814.0,0.0,1570.0
1.0,14594.0,2471.0,3016.0,4630.0,0.0,0.0,2164.0,852.0,0.0,2471.0
1.0,16753.0,2703.0,2980.0,3906.0,0.0,0.0,2076.0,904.0,0.0,2703.0
1.0,17956.0,2420.0,2905.0,536.0,0.0,0.0,1962.0,943.0,386.0,2034.0
1.0,16072.0,2980.0,2850.0,0.0,1158.0,1158.0,1898.0,952.0,2507.0,473.0
1.0,13092.0,4630.0,2874.0,0.0,5908.0,5908.0,1922.0,952.0,4630.0,0.0
1.0,8462.0,6366.0,2996.0,0.0,12884.0,12884.0,2044.0,952.0,6366.0,0.0
1.0,2096.0,5971.0,3098.0,1158.0,15490.0,15490.0,2159.0,939.0,5971.0,0.0
1.0,0.0,3443.0,3135.0,5908.0,15675.0,15675.0,2225.0,910.0,3443.0,0.0
1.0,0.0,0.0,3087.0,12884.0,2803.0,2803.0,2225.0,862.0,0.0,0.0
1.0,12632.0,691.0,3049.0,15490.0,0.0,0.0,2225.0,824.0,0.0,691.0
1.0,27431.0,1595.0,3034.0,15675.0,0.0,0.0,2219.0,815.0,0.0,1595.0
1.0,41511.0,2504.0,3026.0,2803.0,0.0,0.0,2172.0,854.0,0.0,2504.0
1.0,41810.0,2726.0,2993.0,0.0,0.0,0.0,2086.0,907.0,0.0,2726.0
1.0,39084.0,2412.0,2918.0,0.0,0.0,0.0,1972.0,946.0,371.0,2041.0
1.0,36672.0,2917.0,2861.0,0.0,0.0,0.0,1906.0,955.0,2476.0,441.0
1.0,33755.0,4578.0,2880.0,0.0,0.0,0.0,1925.0,955.0,4578.0,0.0
1.0,29177.0,6307.0,3002.0,0.0,0.0,0.0,2047.0,955.0,6307.0,0.0
1.0,22870.0,5948.0,3103.0,0.0,0.0,0.0,2161.0,942.0,5948.0,0.0
1.0,16922.0,3495.0,3140.0,0.0,2273.0,2273.0,2228.0,912.0,3495.0,0.0
1.0,13427.0,0.0,3093.0,0.0,2038.0,2038.0,2228.0,865.0,0.0,0.0
1.0,13427.0,669.0,3054.0,0.0,2512.0,2512.0,2228.0,826.0,0.0,669.0
1.0,12758.0,1575.0,3038.0,2273.0,1734.0,1734.0,2221.0,817.0,0.0,1575.0
1.0,13456.0,2476.0,3029.0,2038.0,2127.0,2127.0,2174.0,855.0,0.0,2476.0
1.0,13018.0,2716.0,2993.0,2512.0,2151.0,2151.0,2086.0,907.0,0.0,2716.0
1.0,12814.0,2519.0,2921.0,1734.0,2576.0,2576.0,1974.0,947.0,468.0,2051.0
1.0,12029.0,3081.0,2866.0,2127.0,3255.0,3255.0,1910.0,956.0,2595.0,486.0
1.0,11075.0,4718.0,2890.0,2151.0,5942.0,5942.0,1934.0,956.0,4718.0,0.0
1.0,8508.0,6377.0,3013.0,2576.0,10358.0,10358.0,2057.0,956.0,6377.0,0.0
1.0,4707.0,5908.0,3115.0,3255.0,13521.0,13521.0,2171.0,944.0,5908.0,0.0
1.0,2054.0,3303.0,3148.0,5942.0,11047.0,11047.0,2234.0,914.0,3303.0,0.0
1.0,4693.0,0.0,3100.0,10358.0,449.0,449.0,2234.0,866.0,0.0,0.0
1.0,15051.0,693.0,3061.0,13521.0,0.0,0.0,2234.0,827.0,0.0,693.0
1.0,27879.0,1609.0,3046.0,11047.0,0.0,0.0,2227.0,819.0,0.0,1609.0
1.0,37317.0,2528.0,3038.0,449.0,0.0,0.0,2179.0,859.0,0.0,2528.0
1.0,35238.0,2745.0,3002.0,0.0,0.0,0.0,2091.0,911.0,0.0,2745.0
1.0,32493.0,2496.0,2930.0,0.0,0.0,0.0,1979.0,951.0,453.0,2043.0
1.0,29997.0,2989.0,2873.0,0.0,0.0,0.0,1914.0,959.0,2566.0,423.0
1.0,27008.0,4684.0,2896.0,0.0,0.0,0.0,1937.0,959.0,4684.0,0.0
1.0,22324.0,6362.0,3018.0,0.0,0.0,0.0,2059.0,959.0,6362.0,0.0
1.0,15962.0,5922.0,3119.0,0.0,5555.0,5555.0,2173.0,946.0,5922.0,0.0
1.0,10040.0,3362.0,3153.0,0.0,9087.0,9087.0,2237.0,916.0,3362.0,0.0
1.0,6678.0,0.0,3105.0,0.0,8847.0,8847.0,2237.0,868.0,0.0,0.0
1.0,6678.0,689.0,3067.0,5555.0,3791.0,3791.0,2237.0,830.0,0.0,689.0
1.0,11544.0,1597.0,3052.0,9087.0,0.0,0.0,2231.0,821.0,0.0,1597.0
1.0,19034.0,2511.0,3043.0,8847.0,0.0,0.0,2183.0,860.0,0.0,2511.0
1.0,25370.0,2733.0,3008.0,3791.0,0.0,0.0,2095.0,913.0,0.0,2733.0
1.0,26428.0,2528.0,2935.0,0.0,0.0,0.0,1983.0,952.0,477.0,2051.0
1.0,23900.0,3084.0,2880.0,0.0,0.0,0.0,1919.0,961.0,2622.0,462.0
1.0,20816.0,4768.0,2905.0,0.0,0.0,0.0,1944.0,961.0,4768.0,0.0
1.0,16048.0,6416.0,3028.0,0.0,5508.0,5508.0,2067.0,961.0,6416.0,0.0
1.0,9632.0,5906.0,3128.0,0.0,11914.0,11914.0,2180.0,948.0,5906.0,0.0
1.0,3726.0,3264.0,3161.0,0.0,15343.0,15343.0,2243.0,918.0,3264.0,0.0
1.0,462.0,0.0,3113.0,5508.0,9595.0,9595.0,2243.0,870.0,0.0,0.0
1.0,5970.0,701.0,3075.0,11914.0,0.0,0.0,2243.0,832.0,0.0,701.0
1.0,17183.0,1618.0,3060.0,15343.0,0.0,0.0,2236.0,824.0,0.0,1618.0
1.0,30908.0,2533.0,3052.0,9595.0,0.0,0.0,2188.0,864.0,0.0,2533.0
1.0,37970.0,2746.0,3015.0,0.0,0.0,0.0,2099.0,916.0,0.0,2746.0
1.0,35224.0,2522.0,2941.0,0.0,0.0,0.0,1985.0,956.0,483.0,2039.0
1.0,32702.0,3038.0,2885.0,0.0,0.0,0.0,1921.0,964.0,2612.0,426.0
1.0,29664.0,4757.0,2910.0,0.0,0.0,0.0,1946.0,964.0,4757.0,0.0
1.0,24907.0,6413.0,3033.0,0.0,0.0,0.0,2069.0,964.0,6413.0,0.0
1.0,18494.0,5950.0,3135.0,0.0,3131.0,3131.0,2184.0,951.0,5950.0,0.0
1.0,12544.0,3328.0,3168.0,0.0,6624.0,6624.0,2248.0,920.0,3328.0,0.0
1.0,9216.0,0.0,3120.0,0.0,6384.0,6384.0,2248.0,872.0,0.0,0.0
1.0,9216.0,715.0,3081.0,3131.0,3773.0,3773.0,2248.0,833.0,0.0,715.0
1.0,11632.0,1627.0,3066.0,6624.0,0.0,0.0,2241.0,825.0,0.0,1627.0
1.0,16629.0,2545.0,3059.0,6384.0,0.0,0.0,2193.0,866.0,0.0,2545.0
1.0,20468.0,2754.0,3023.0,3773.0,0.0,0.0,2105.0,918.0,0.0,2754.0
1.0,21487.0,2527.0,2951.0,0.0,0.0,0.0,1993.0,958.0,477.0,2050.0
1.0,18960.0,3044.0,2895.0,0.0,0.0,0.0,1929.0,966.0,2623.0,421.0
1.0,15916.0,4750.0,2919.0,0.0,3429.0,3429.0,1953.0,966.0,4750.0,0.0
1.0,11166.0,6411.0,3042.0,0.0,10455.0,10455.0,2076.0,966.0,6411.0,0.0
1.0,4755.0,5937.0,3144.0,0.0,15720.0,15720.0,2191.0,953.0,5937.0,0.0
1.0,0.0,3324.0,3178.0,3429.0,15890.0,15890.0,2255.0,923.0,3324.0,0.0
1.0,0.0,0.0,3130.0,10455.0,6272.0,6272.0,2255.0,875.0,0.0,0.0
1.0,9378.0,689.0,3091.0,15720.0,0.0,0.0,2255.0,836.0,0.0,689.0
1.0,24409.0,1611.0,3074.0,15890.0,0.0,0.0,2246.0,828.0,0.0,1611.0
1.0,38688.0,2533.0,3063.0,6272.0,0.0,0.0,2196.0,867.0,0.0,2533.0
1.0,42427.0,2762.0,3025.0,0.0,0.0,0.0,2105.0,920.0,0.0,2762.0
1.0,39665.0,2553.0,2952.0,0.0,0.0,0.0,1992.0,960.0,485.0,2068.0
1.0,37112.0,3086.0,2898.0,0.0,0.0,0.0,1929.0,969.0,2632.0,454.0
1.0,34026.0,4779.0,2926.0,0.0,0.0,0.0,1957.0,969.0,4779.0,0.0
1.0,29247.0,6452.0,3050.0,0.0,0.0,0.0,2081.0,969.0,6452.0,0.0
1.0,22795.0,5974.0,3151.0,0.0,0.0,0.0,2196.0,955.0,5974.0,0.0
1.0,16821.0,3327.0,3184.0,0.0,2426.0,2426.0,2260.0,924.0,3327.0,0.0
1.0,13494.0,0.0,3136.0,0.0,2186.0,2186.0,2260.0,876.0,0.0,0.0
1.0,13494.0,701.0,3097.0,0.0,2692.0,2692.0,2260.0,837.0,0.0,701.0
1.0,12793.0,1621.0,3079.0,2426.0,1797.0,1797.0,2251.0,828.0,0.0,1621.0
1.0,13598.0,2551.0,3071.0,2186.0,2122.0,2122.0,2202.0,869.0,0.0,2551.0
1.0,13233.0,2772.0,3035.0,2692.0,2022.0,2022.0,2112.0,923.0,0.0,2772.0
1.0,13153.0,2560.0,2961.0,1797.0,2415.0,2415.0,1999.0,962.0,490.0,2070.0
1.0,12390.0,3074.0,2907.0,2122.0,3097.0,3097.0,1936.0,971.0,2636.0,438.0
1.0,11438.0,4781.0,2934.0,2022.0,5991.0,5991.0,1963.0,971.0,4781.0,0.0
1.0,8679.0,6438.0,3058.0,2415.0,10634.0,10634.0,2087.0,971.0,6438.0,0.0
1.0,4656.0,5941.0,3159.0,3097.0,13983.0,13983.0,2201.0,958.0,5941.0,0.0
1.0,1812.0,3325.0,3192.0,5991.0,11482.0,11482.0,2265.0,927.0,3325.0,0.0
1.0,4478.0,0.0,3144.0,10634.0,608.0,608.0,2265.0,879.0,0.0,0.0
1.0,15112.0,717.0,3105.0,13983.0,0.0,0.0,2265.0,840.0,0.0,717.0
1.0,28378.0,1638.0,3088.0,11482.0,0.0,0.0,2256.0,832.0,0.0,1638.0
1.0,38222.0,2553.0,3077.0,608.0,0.0,0.0,2205.0,872.0,0.0,2553.0
1.0,36277.0,2755.0,3039.0,0.0,0.0,0.0,2114.0,925.0,0.0,2755.0
1.0,33522.0,2580.0,2965.0,0.0,0.0,0.0,2001.0,964.0,539.0,2041.0
1.0,30942.0,3121.0,2912.0,0.0,0.0,0.0,1939.0,973.0,2699.0,422.0
1.0,27821.0,4863.0,2943.0,0.0,0.0,0.0,1970.0,973.0,4863.0,0.0
1.0,22958.0,6484.0,3067.0,0.0,0.0,0.0,2094.0,973.0,6484.0,0.0
1.0,16474.0,5940.0,3168.0,0.0,5306.0,5306.0,2209.0,959.0,5940.0,0.0
1.0,10534.0,3233.0,3199.0,0.0,8694.0,8694.0,2271.0,928.0,3233.0,0.0
1.0,7301.0,0.0,3150.0,0.0,8449.0,8449.0,2271.0,879.0,0.0,0.0
1.0,7301.0,758.0,3112.0,5306.0,3711.0,3711.0,2271.0,841.0,0.0,758.0
1.0,11849.0,1683.0,3096.0,8694.0,0.0,0.0,2262.0,834.0,0.0,1683.0
1.0,18860.0,2610.0,3087.0,8449.0,0.0,0.0,2211.0,876.0,0.0,2610.0
1.0,24699.0,2778.0,3050.0,3711.0,0.0,0.0,2120.0,930.0,0.0,2778.0
1.0,25632.0,2567.0,2976.0,0.0,0.0,0.0,2007.0,969.0,541.0,2026.0
1.0,23065.0,3031.0,2919.0,0.0,0.0,0.0,1944.0,975.0,2688.0,343.0
1.0,20034.0,4822.0,2948.0,0.0,0.0,0.0,1973.0,975.0,4822.0,0.0
1.0,15212.0,6446.0,3072.0,0.0,6594.0,6594.0,2097.0,975.0,6446.0,0.0
1.0,8766.0,5932.0,3172.0,0.0,13026.0,13026.0,2211.0,961.0,5932.0,0.0
1.0,2834.0,3287.0,3204.0,0.0,16020.0,16020.0,2274.0,930.0,3287.0,0.0
1.0,0.0,0.0,3155.0,6594.0,9634.0,9634.0,2274.0,881.0,0.0,0.0
1.0,6141.0,759.0,3117.0,13026.0,0.0,0.0,2274.0,843.0,0.0,759.0
1.0,18408.0,1686.0,3101.0,16020.0,0.0,0.0,2265.0,836.0,0.0,1686.0
1.0,32742.0,2611.0,3093.0,9634.0,0.0,0.0,2215.0,878.0,0.0,2611.0
1.0,39765.0,2790.0,3055.0,0.0,0.0,0.0,2123.0,932.0,0.0,2790.0
1.0,36975.0,2631.0,2982.0,0.0,0.0,0.0,2011.0,971.0,592.0,2039.0
1.0,34344.0,3118.0,2928.0,0.0,0.0,0.0,1950.0,978.0,2761.0,357.0
1.0,31226.0,4941.0,2959.0,0.0,0.0,0.0,1981.0,978.0,4941.0,0.0
1.0,26285.0,6512.0,3085.0,0.0,0.0,0.0,2107.0,978.0,6512.0,0.0
1.0,19773.0,5912.0,3184.0,0.0,2059.0,2059.0,2220.0,964.0,5912.0,0.0
1.0,13861.0,3122.0,3213.0,0.0,5326.0,5326.0,2280.0,933.0,3122.0,0.0
1.0,10739.0,0.0,3165.0,0.0,5086.0,5086.0,2280.0,885.0,0.0,0.0
1.0,10739.0,746.0,3126.0,2059.0,3578.0,3578.0,2280.0,846.0,0.0,746.0
1.0,12052.0,1683.0,3109.0,5326.0,0.0,0.0,2271.0,838.0,0.0,1683.0
1.0,15695.0,2613.0,3100.0,5086.0,0.0,0.0,2220.0,880.0,0.0,2613.0
1.0,18168.0,2796.0,3062.0,3578.0,0.0,0.0,2128.0,934.0,0.0,2796.0
1.0,18950.0,2652.0,2989.0,0.0,0.0,0.0,2016.0,973.0,614.0,2038.0
1.0,16298.0,3133.0,2935.0,0.0,1510.0,1510.0,1955.0,980.0,2786.0,347.0
1.0,13165.0,4966.0,2966.0,0.0,6631.0,6631.0,1986.0,980.0,4966.0,0.0
1.0,8199.0,6531.0,3092.0,0.0,13792.0,13792.0,2112.0,980.0,6531.0,0.0
1.0,1668.0,5927.0,3192.0,1510.0,15960.0,15960.0,2226.0,966.0,5927.0,0.0
1.0,0.0,3132.0,3221.0,6631.0,15355.0,15355.0,2286.0,935.0,3132.0,0.0
1.0,750.0,0.0,3172.0,13792.0,1318.0,1318.0,2286.0,886.0,0.0,0.0
1.0,14542.0,768.0,3133.0,15960.0,0.0,0.0,2286.0,847.0,0.0,768.0
1.0,29734.0,1695.0,3117.0,15355.0,0.0,0.0,2277.0,840.0,0.0,1695.0
1.0,43394.0,2624.0,3108.0,1318.0,0.0,0.0,2226.0,882.0,0.0,2624.0
1.0,42088.0,2787.0,3070.0,0.0,0.0,0.0,2134.0,936.0,0.0,2787.0
1.0,39301.0,2612.0,2997.0,0.0,0.0,0.0,2022.0,975.0,589.0,2023.0
1.0,36689.0,3105.0,2942.0,0.0,0.0,0.0,1961.0,981.0,2773.0,332.0
1.0,33584.0,4941.0,2973.0,0.0,0.0,0.0,1992.0,981.0,4941.0,0.0
1.0,28643.0,6514.0,3098.0,0.0,0.0,0.0,2117.0,981.0,6514.0,0.0
1.0,22129.0,5916.0,3198.0,0.0,0.0,0.0,2231.0,967.0,5916.0,0.0
1.0,16213.0,3160.0,3228.0,0.0,3087.0,3087.0,2292.0,936.0,3160.0,0.0
1.0,13053.0,0.0,3179.0,0.0,2842.0,2842.0,2292.0,887.0,0.0,0.0
1.0,13053.0,806.0,3141.0,0.0,3458.0,3458.0,2292.0,849.0,0.0,806.0
1.0,12247.0,1741.0,3124.0,3087.0,2027.0,2027.0,2281.0,843.0,0.0,1741.0
1.0,13593.0,2671.0,3116.0,2842.0,1816.0,1816.0,2229.0,887.0,0.0,2671.0
1.0,13764.0,2793.0,3076.0,3458.0,951.0,951.0,2136.0,940.0,0.0,2793.0
1.0,14429.0,2638.0,3003.0,2027.0,1197.0,1197.0,2024.0,979.0,656.0,1982.0
1.0,13818.0,3087.0,2947.0,1816.0,2188.0,2188.0,1964.0,983.0,2838.0,249.0
1.0,12547.0,5026.0,2982.0,951.0,6438.0,6438.0,1999.0,983.0,5026.0,0.0
1.0,8472.0,6554.0,3108.0,1197.0,12425.0,12425.0,2125.0,983.0,6554.0,0.0
1.0,3115.0,5910.0,3207.0,2188.0,16035.0,16035.0,2238.0,969.0,5910.0,0.0
1.0,0.0,3068.0,3233.0,6438.0,13402.0,13402.0,2297.0,936.0,3068.0,0.0
1.0,2763.0,0.0,3183.0,12425.0,727.0,727.0,2297.0,886.0,0.0,0.0
1.0,15188.0,851.0,3146.0,16035.0,0.0,0.0,2297.0,849.0,0.0,851.0
1.0,30372.0,1785.0,3132.0,13402.0,0.0,0.0,2287.0,845.0,0.0,1785.0
1.0,41989.0,2728.0,3125.0,727.0,0.0,0.0,2235.0,890.0,0.0,2728.0
1.0,39988.0,2819.0,3087.0,0.0,0.0,0.0,2142.0,945.0,0.0,2819.0
1.0,37169.0,2633.0,3014.0,0.0,0.0,0.0,2031.0,983.0,653.0,1980.0
1.0,34536.0,3012.0,2957.0,0.0,0.0,0.0,1971.0,986.0,2827.0,185.0
1.0,31524.0,5010.0,2990.0,0.0,0.0,0.0,2004.0,986.0,5010.0,0.0
1.0,26514.0,6549.0,3116.0,0.0,0.0,0.0,2130.0,986.0,6549.0,0.0
1.0,19965.0,5914.0,3216.0,0.0,2029.0,2029.0,2244.0,972.0,5914.0,0.0
1.0,14051.0,3099.0,3243.0,0.0,5263.0,5263.0,2304.0,939.0,3099.0,0.0
1.0,10952.0,0.0,3193.0,0.0,5013.0,5013.0,2304.0,889.0,0.0,0.0
1.0,10952.0,833.0,3155.0,2029.0,3627.0,3627.0,2304.0,851.0,0.0,833.0
1.0,12148.0,1770.0,3138.0,5263.0,49.0,49.0,2292.0,846.0,0.0,1770.0
1.0,15641.0,2705.0,3130.0,5013.0,0.0,0.0,2239.0,891.0,0.0,2705.0
1.0,17949.0,2810.0,3089.0,3627.0,0.0,0.0,2144.0,945.0,0.0,2810.0
1.0,18766.0,2674.0,3016.0,49.0,0.0,0.0,2032.0,984.0,690.0,1984.0
1.0,16141.0,3122.0,2962.0,0.0,1791.0,1791.0,1974.0,988.0,2900.0,222.0
1.0,13019.0,5111.0,3001.0,0.0,7097.0,7097.0,2013.0,988.0,5111.0,0.0
1.0,7908.0,6617.0,3128.0,0.0,14349.0,14349.0,2140.0,988.0,6617.0,0.0
1.0,1291.0,5901.0,3226.0,1791.0,16130.0,16130.0,2253.0,973.0,5901.0,0.0
1.0,0.0,2970.0,3251.0,7097.0,14947.0,14947.0,2310.0,941.0,2970.0,0.0
1.0,1308.0,0.0,3201.0,14349.0,348.0,348.0,2310.0,891.0,0.0,0.0
1.0,15657.0,842.0,3163.0,16130.0,0.0,0.0,2310.0,853.0,0.0,842.0
1.0,30945.0,1789.0,3147.0,14947.0,0.0,0.0,2299.0,848.0,0.0,1789.0
1.0,44103.0,2738.0,3139.0,348.0,0.0,0.0,2245.0,894.0,0.0,2738.0
1.0,41713.0,2836.0,3099.0,0.0,0.0,0.0,2150.0,949.0,0.0,2836.0
1.0,38877.0,2668.0,3024.0,0.0,0.0,0.0,2037.0,987.0,683.0,1985.0
1.0,36209.0,3048.0,2969.0,0.0,0.0,0.0,1978.0,991.0,2868.0,180.0
1.0,33161.0,5055.0,3006.0,0.0,0.0,0.0,2015.0,991.0,5055.0,0.0
1.0,28106.0,6566.0,3133.0,0.0,0.0,0.0,2142.0,991.0,6566.0,0.0
1.0,21540.0,5896.0,3231.0,0.0,511.0,511.0,2255.0,976.0,5896.0,0.0
1.0,15644.0,3056.0,3257.0,0.0,3697.0,3697.0,2314.0,943.0,3056.0,0.0
1.0,12588.0,0.0,3207.0,0.0,3447.0,3447.0,2314.0,893.0,0.0,0.0
1.0,12588.0,839.0,3169.0,511.0,3585.0,3585.0,2314.0,855.0,0.0,839.0
1.0,12260.0,1788.0,3153.0,3697.0,1596.0,1596.0,2302.0,851.0,0.0,1788.0
1.0,14169.0,2726.0,3146.0,3447.0,840.0,840.0,2249.0,897.0,0.0,2726.0
1.0,14890.0,2828.0,3105.0,3585.0,0.0,0.0,2154.0,951.0,0.0,2828.0
1.0,15647.0,2741.0,3032.0,1596.0,658.0,658.0,2043.0,989.0,754.0,1987.0
1.0,14502.0,3179.0,2980.0,840.0,2737.0,2737.0,1986.0,994.0,2964.0,215.0
1.0,12163.0,5159.0,3019.0,0.0,8091.0,8091.0,2025.0,994.0,5159.0,0.0
1.0,7004.0,6604.0,3146.0,658.0,14672.0,14672.0,2152.0,994.0,6604.0,0.0
1.0,1058.0,5832.0,3242.0,2737.0,16210.0,16210.0,2264.0,978.0,5832.0,0.0
1.0,0.0,2874.0,3264.0,8091.0,13140.0,13140.0,2319.0,945.0,2874.0,0.0
1.0,3180.0,0.0,3212.0,14672.0,0.0,0.0,2319.0,893.0,0.0,0.0
1.0,17852.0,854.0,3175.0,16210.0,0.0,0.0,2319.0,856.0,0.0,854.0
1.0,33208.0,1800.0,3159.0,13140.0,0.0,0.0,2307.0,852.0,0.0,1800.0
1.0,44548.0,2743.0,3152.0,0.0,0.0,0.0,2252.0,900.0,0.0,2743.0
1.0,41805.0,2831.0,3110.0,0.0,0.0,0.0,2155.0,955.0,0.0,2831.0
1.0,38974.0,2763.0,3038.0,0.0,0.0,0.0,2045.0,993.0,789.0,1974.0
1.0,36211.0,3150.0,2984.0,0.0,0.0,0.0,1988.0,996.0,2978.0,172.0
1.0,33061.0,5188.0,3025.0,0.0,0.0,0.0,2029.0,996.0,5188.0,0.0
1.0,27873.0,6624.0,3152.0,0.0,0.0,0.0,2156.0,996.0,6624.0,0.0
1.0,21249.0,5871.0,3249.0,0.0,867.0,867.0,2269.0,980.0,5871.0,0.0
1.0,15378.0,2902.0,3270.0,0.0,3874.0,3874.0,2325.0,945.0,2902.0,0.0
1.0,12476.0,0.0,3218.0,0.0,3614.0,3614.0,2325.0,893.0,0.0,0.0
1.0,12476.0,877.0,3181.0,867.0,3439.0,3439.0,2325.0,856.0,0.0,877.0
1.0,12466.0,1825.0,3166.0,3874.0,1315.0,1315.0,2313.0,853.0,0.0,1825.0
1.0,14515.0,2771.0,3160.0,3614.0,442.0,442.0,2258.0,902.0,0.0,2771.0
1.0,15358.0,2845.0,3119.0,3439.0,0.0,0.0,2162.0,957.0,0.0,2845.0
1.0,15952.0,2735.0,3046.0,1315.0,698.0,698.0,2051.0,995.0,762.0,1973.0
1.0,14532.0,3138.0,2992.0,442.0,3124.0,3124.0,1994.0,998.0,2979.0,159.0
1.0,11836.0,5195.0,3032.0,0.0,8519.0,8519.0,2034.0,998.0,5195.0,0.0
1.0,6641.0,6642.0,3160.0,698.0,15103.0,15103.0,2162.0,998.0,6642.0,0.0
1.0,697.0,5866.0,3257.0,3124.0,16285.0,16285.0,2275.0,982.0,5866.0,0.0
1.0,0.0,2876.0,3278.0,8519.0,12792.0,12792.0,2330.0,948.0,2876.0,0.0
1.0,3598.0,0.0,3226.0,15103.0,0.0,0.0,2330.0,896.0,0.0,0.0
1.0,18701.0,873.0,3189.0,16285.0,0.0,0.0,2330.0,859.0,0.0,873.0
1.0,34113.0,1824.0,3173.0,12792.0,0.0,0.0,2317.0,856.0,0.0,1824.0
1.0,45081.0,2772.0,3166.0,0.0,0.0,0.0,2261.0,905.0,0.0,2772.0
1.0,42309.0,2843.0,3122.0,0.0,0.0,0.0,2163.0,959.0,0.0,2843.0
1.0,39466.0,2752.0,3048.0,0.0,0.0,0.0,2051.0,997.0,785.0,1967.0
1.0,36714.0,3157.0,2995.0,0.0,0.0,0.0,1995.0,1000.0,3007.0,150.0
1.0,33557.0,5243.0,3039.0,0.0,0.0,0.0,2039.0,1000.0,5243.0,0.0
1.0,28314.0,6681.0,3167.0,0.0,0.0,0.0,2167.0,1000.0,6681.0,0.0
1.0,21633.0,5895.0,3265.0,0.0,587.0,587.0,2281.0,984.0,5895.0,0.0
1.0,15738.0,2874.0,3286.0,0.0,3566.0,3566.0,2336.0,950.0,2874.0,0.0
1.0,12864.0,0.0,3233.0,0.0,3301.0,3301.0,2336.0,897.0,0.0,0.0
1.0,12864.0,892.0,3195.0,587.0,3416.0,3416.0,2336.0,859.0,0.0,892.0
1.0,12559.0,1845.0,3180.0,3566.0,1620.0,1620.0,2323.0,857.0,0.0,1845.0
1.0,14280.0,2798.0,3175.0,3301.0,1092.0,1092.0,2268.0,907.0,0.0,2798.0
1.0,14783.0,2868.0,3132.0,3416.0,329.0,329.0,2170.0,962.0,0.0,2868.0
1.0,15331.0,2754.0,3059.0,1620.0,1098.0,1098.0,2059.0,1000.0,777.0,1977.0
1.0,14197.0,3112.0,3006.0,1092.0,2853.0,2853.0,2003.0,1003.0,2986.0,126.0
1.0,12177.0,5191.0,3047.0,329.0,7920.0,7920.0,2044.0,1003.0,5191.0,0.0
1.0,7315.0,6628.0,3175.0,1098.0,14090.0,14090.0,2172.0,1003.0,6628.0,0.0
1.0,1785.0,5874.0,3272.0,2853.0,16360.0,16360.0,2285.0,987.0,5874.0,0.0
1.0,0.0,2920.0,3293.0,7920.0,12701.0,12701.0,2341.0,952.0,2920.0,0.0
1.0,3764.0,0.0,3241.0,14090.0,0.0,0.0,2341.0,900.0,0.0,0.0
1.0,17854.0,879.0,3203.0,16360.0,0.0,0.0,2341.0,862.0,0.0,879.0
1.0,33335.0,1828.0,3185.0,12701.0,0.0,0.0,2326.0,859.0,0.0,1828.0
1.0,44208.0,2777.0,3178.0,0.0,0.0,0.0,2269.0,909.0,0.0,2777.0
1.0,41431.0,2848.0,3133.0,0.0,0.0,0.0,2170.0,963.0,0.0,2848.0
1.0,38583.0,2835.0,3061.0,0.0,0.0,0.0,2060.0,1001.0,860.0,1975.0
1.0,35748.0,3252.0,3011.0,0.0,0.0,0.0,2007.0,1004.0,3091.0,161.0
1.0,32496.0,5328.0,3058.0,0.0,0.0,0.0,2054.0,1004.0,5328.0,0.0
1.0,27168.0,6708.0,3187.0,0.0,0.0,0.0,2183.0,1004.0,6708.0,0.0
1.0,20460.0,5856.0,3284.0,0.0,1816.0,1816.0,2296.0,988.0,5856.0,0.0
1.0,14604.0,2749.0,3302.0,0.0,4655.0,4655.0,2349.0,953.0,2749.0,0.0
1.0,11855.0,0.0,3250.0,0.0,4395.0,4395.0,2349.0,901.0,0.0,0.0
1.0,11855.0,915.0,3213.0,1816.0,3309.0,3309.0,2349.0,864.0,0.0,915.0
1.0,12756.0,1869.0,3195.0,4655.0,433.0,433.0,2333.0,862.0,0.0,1869.0
1.0,15542.0,2833.0,3189.0,4395.0,0.0,0.0,2276.0,913.0,0.0,2833.0
1.0,17104.0,2873.0,3144.0,3309.0,0.0,0.0,2176.0,968.0,0.0,2873.0
1.0,17540.0,2795.0,3071.0,433.0,177.0,177.0,2065.0,1006.0,835.0,1960.0
1.0,15178.0,3141.0,3018.0,0.0,3053.0,3053.0,2011.0,1007.0,3061.0,80.0
1.0,12037.0,5288.0,3064.0,0.0,8571.0,8571.0,2057.0,1007.0,5288.0,0.0
1.0,6749.0,6682.0,3192.0,177.0,15716.0,15716.0,2185.0,1007.0,6682.0,0.0
1.0,244.0,5859.0,3288.0,3053.0,16440.0,16440.0,2298.0,990.0,5859.0,0.0
1.0,0.0,2818.0,3307.0,8571.0,13344.0,13344.0,2352.0,955.0,2818.0,0.0
1.0,3191.0,0.0,3254.0,15716.0,0.0,0.0,2352.0,902.0,0.0,0.0
1.0,18907.0,912.0,3217.0,16440.0,0.0,0.0,2352.0,865.0,0.0,912.0
1.0,34435.0,1861.0,3201.0,13344.0,0.0,0.0,2338.0,863.0,0.0,1861.0
1.0,45918.0,2818.0,3194.0,0.0,0.0,0.0,2280.0,914.0,0.0,2818.0
1.0,43100.0,2871.0,3149.0,0.0,0.0,0.0,2180.0,969.0,0.0,2871.0
1.0,40229.0,2872.0,3077.0,0.0,0.0,0.0,2070.0,1007.0,901.0,1971.0
1.0,37357.0,3276.0,3027.0,0.0,0.0,0.0,2018.0,1009.0,3160.0,116.0
1.0,34081.0,5401.0,3075.0,0.0,0.0,0.0,2066.0,1009.0,5401.0,0.0
1.0,28680.0,6740.0,3205.0,0.0,0.0,0.0,2196.0,1009.0,6740.0,0.0
1.0,21940.0,5798.0,3300.0,0.0,358.0,358.0,2308.0,992.0,5798.0,0.0
1.0,16142.0,2632.0,3315.0,0.0,3065.0,3065.0,2358.0,957.0,2632.0,0.0
1.0,13510.0,0.0,3262.0,0.0,2800.0,2800.0,2358.0,904.0,0.0,0.0
1.0,13510.0,911.0,3225.0,358.0,3168.0,3168.0,2358.0,867.0,0.0,911.0
1.0,12957.0,1879.0,3208.0,3065.0,1897.0,1897.0,2343.0,865.0,0.0,1879.0
1.0,14143.0,2839.0,3202.0,2800.0,1906.0,1906.0,2285.0,917.0,0.0,2839.0
1.0,14104.0,2889.0,3157.0,3168.0,1402.0,1402.0,2184.0,973.0,0.0,2889.0
1.0,14383.0,2886.0,3084.0,1897.0,2026.0,2026.0,2074.0,1010.0,920.0,1966.0
1.0,13394.0,3237.0,3033.0,1906.0,3102.0,3102.0,2021.0,1012.0,3150.0,87.0
1.0,12063.0,5393.0,3081.0,1402.0,7333.0,7333.0,2069.0,1012.0,5393.0,0.0
1.0,8072.0,6720.0,3211.0,2026.0,12677.0,12677.0,2199.0,1012.0,6720.0,0.0
1.0,3378.0,5824.0,3306.0,3102.0,15874.0,15874.0,2311.0,995.0,5824.0,0.0
1.0,656.0,2680.0,3321.0,7333.0,11296.0,11296.0,2362.0,959.0,2680.0,0.0
1.0,5309.0,0.0,3268.0,12677.0,0.0,0.0,2362.0,906.0,0.0,0.0
1.0,17986.0,933.0,3230.0,15874.0,0.0,0.0,2362.0,868.0,0.0,933.0
1.0,32927.0,1893.0,3214.0,11296.0,0.0,0.0,2347.0,867.0,0.0,1893.0
1.0,42330.0,2851.0,3209.0,0.0,0.0,0.0,2290.0,919.0,0.0,2851.0
1.0,39479.0,2882.0,3165.0,0.0,0.0,0.0,2190.0,975.0,0.0,2882.0
1.0,36597.0,2895.0,3092.0,0.0,0.0,0.0,2080.0,1012.0,936.0,1959.0
1.0,33702.0,3253.0,3043.0,0.0,0.0,0.0,2029.0,1014.0,3183.0,70.0
1.0,30449.0,5423.0,3091.0,0.0,0.0,0.0,2077.0,1014.0,5423.0,0.0
1.0,25026.0,6735.0,3220.0,0.0,0.0,0.0,2206.0,1014.0,6735.0,0.0
1.0,18291.0,5800.0,3315.0,0.0,4084.0,4084.0,2318.0,997.0,5800.0,0.0
1.0,12491.0,2629.0,3330.0,0.0,6788.0,6788.0,2368.0,962.0,2629.0,0.0
1.0,9862.0,0.0,3276.0,0.0,6518.0,6518.0,2368.0,908.0,0.0,0.0
1.0,9862.0,955.0,3240.0,4084.0,3209.0,3209.0,2368.0,872.0,0.0,955.0
1.0,12991.0,1913.0,3223.0,6788.0,0.0,0.0,2352.0,871.0,0.0,1913.0
1.0,17866.0,2871.0,3215.0,6518.0,0.0,0.0,2292.0,923.0,0.0,2871.0
1.0,21513.0,2876.0,3168.0,3209.0,0.0,0.0,2190.0,978.0,0.0,2876.0
1.0,21846.0,2927.0,3095.0,0.0,0.0,0.0,2080.0,1015.0,1001.0,1926.0
1.0,18919.0,3281.0,3045.0,0.0,0.0,0.0,2030.0,1015.0,3255.0,26.0
1.0,15638.0,5520.0,3099.0,0.0,5377.0,5377.0,2084.0,1015.0,5520.0,0.0
1.0,10118.0,6786.0,3229.0,0.0,12813.0,12813.0,2214.0,1015.0,6786.0,0.0
1.0,3332.0,5788.0,3323.0,0.0,16615.0,16615.0,2325.0,998.0,5788.0,0.0
1.0,0.0,2509.0,3336.0,5377.0,16268.0,16268.0,2374.0,962.0,2509.0,0.0
1.0,412.0,43.0,3282.0,12813.0,3228.0,3228.0,2374.0,908.0,0.0,43.0
1.0,13182.0,1007.0,3246.0,16615.0,0.0,0.0,2374.0,872.0,0.0,1007.0
1.0,28790.0,1973.0,3231.0,16268.0,0.0,0.0,2358.0,873.0,0.0,1973.0
1.0,43085.0,2904.0,3226.0,3228.0,0.0,0.0,2299.0,927.0,0.0,2904.0
1.0,43409.0,2868.0,3179.0,0.0,0.0,0.0,2197.0,982.0,0.0,2868.0
1.0,40541.0,2852.0,3105.0,0.0,0.0,0.0,2087.0,1018.0,986.0,1866.0
1.0,37689.0,3246.0,3055.0,0.0,0.0,0.0,2037.0,1018.0,3246.0,0.0
1.0,34443.0,5499.0,3107.0,0.0,0.0,0.0,2089.0,1018.0,5499.0,0.0
1.0,28944.0,6759.0,3237.0,0.0,0.0,0.0,2219.0,1018.0,6759.0,0.0
1.0,22185.0,5762.0,3330.0,0.0,227.0,227.0,2330.0,1000.0,5762.0,0.0
1.0,16423.0,2544.0,3343.0,0.0,2836.0,2836.0,2378.0,965.0,2544.0,0.0
1.0,13879.0,33.0,3289.0,0.0,2599.0,2599.0,2378.0,911.0,0.0,33.0
1.0,13846.0,1006.0,3253.0,227.0,3198.0,3198.0,2378.0,875.0,0.0,1006.0
1.0,13067.0,1973.0,3236.0,2836.0,2250.0,2250.0,2361.0,875.0,0.0,1973.0
1.0,13930.0,2908.0,3229.0,2599.0,2524.0,2524.0,2300.0,929.0,0.0,2908.0
1.0,13621.0,2868.0,3180.0,3198.0,1949.0,1949.0,2196.0,984.0,0.0,2868.0
1.0,13951.0,2935.0,3108.0,2250.0,2274.0,2274.0,2088.0,1020.0,1073.0,1862.0
1.0,13266.0,3347.0,3060.0,2524.0,2857.0,2857.0,2040.0,1020.0,3347.0,0.0
1.0,12443.0,5626.0,3118.0,1949.0,6824.0,6824.0,2098.0,1020.0,5626.0,0.0
1.0,8766.0,6815.0,3249.0,2274.0,12020.0,12020.0,2229.0,1020.0,6815.0,0.0
1.0,4225.0,5726.0,3341.0,2857.0,15349.0,15349.0,2339.0,1002.0,5726.0,0.0
1.0,1356.0,2364.0,3351.0,6824.0,10939.0,10939.0,2385.0,966.0,2364.0,0.0
1.0,5816.0,36.0,3297.0,12020.0,0.0,0.0,2385.0,912.0,0.0,36.0
1.0,17800.0,1006.0,3261.0,15349.0,0.0,0.0,2385.0,876.0,0.0,1006.0
1.0,32143.0,1988.0,3244.0,10939.0,0.0,0.0,2367.0,877.0,0.0,1988.0
1.0,41094.0,2931.0,3237.0,0.0,0.0,0.0,2306.0,931.0,0.0,2931.0
1.0,38163.0,2900.0,3190.0,0.0,0.0,0.0,2203.0,987.0,0.0,2900.0
1.0,35263.0,2950.0,3117.0,0.0,0.0,0.0,2094.0,1023.0,1071.0,1879.0
1.0,32313.0,3323.0,3069.0,0.0,0.0,0.0,2046.0,1023.0,3323.0,0.0
1.0,28990.0,5584.0,3125.0,0.0,0.0,0.0,2102.0,1023.0,5584.0,0.0
1.0,23406.0,6792.0,3255.0,0.0,0.0,0.0,2232.0,1023.0,6792.0,0.0
1.0,16614.0,5758.0,3348.0,0.0,5884.0,5884.0,2343.0,1005.0,5758.0,0.0
1.0,10856.0,2446.0,3359.0,0.0,8385.0,8385.0,2390.0,969.0,2446.0,0.0
1.0,8410.0,19.0,3304.0,0.0,8129.0,8129.0,2390.0,914.0,0.0,19.0
1.0,8391.0,991.0,3268.0,5884.0,3056.0,3056.0,2390.0,878.0,0.0,991.0
1.0,13284.0,1962.0,3250.0,8385.0,0.0,0.0,2372.0,878.0,0.0,1962.0
1.0,19707.0,2911.0,3244.0,8129.0,0.0,0.0,2311.0,933.0,0.0,2911.0
1.0,24925.0,2891.0,3195.0,3056.0,0.0,0.0,2207.0,988.0,0.0,2891.0
1.0,25090.0,2970.0,3123.0,0.0,0.0,0.0,2098.0,1025.0,1069.0,1901.0
1.0,22120.0,3352.0,3076.0,0.0,0.0,0.0,2051.0,1025.0,3352.0,0.0
1.0,18768.0,5641.0,3133.0,0.0,2538.0,2538.0,2108.0,1025.0,5641.0,0.0
1.0,13127.0,6840.0,3265.0,0.0,10038.0,10038.0,2240.0,1025.0,6840.0,0.0
1.0,6287.0,5743.0,3356.0,0.0,16236.0,16236.0,2350.0,1006.0,5743.0,0.0
1.0,544.0,2367.0,3366.0,2538.0,16115.0,16115.0,2396.0,970.0,2367.0,0.0
1.0,715.0,62.0,3312.0,10038.0,5869.0,5869.0,2396.0,916.0,0.0,62.0
1.0,10691.0,1038.0,3276.0,16236.0,0.0,0.0,2396.0,880.0,0.0,1038.0
1.0,25889.0,2014.0,3259.0,16115.0,0.0,0.0,2377.0,882.0,0.0,2014.0
1.0,39990.0,2926.0,3252.0,5869.0,0.0,0.0,2314.0,938.0,0.0,2926.0
1.0,42933.0,2864.0,3201.0,0.0,0.0,0.0,2208.0,993.0,0.0,2864.0
1.0,40069.0,2918.0,3127.0,0.0,0.0,0.0,2099.0,1028.0,1101.0,1817.0
1.0,37151.0,3380.0,3080.0,0.0,0.0,0.0,2052.0,1028.0,3380.0,0.0
1.0,33771.0,5656.0,3141.0,0.0,0.0,0.0,2113.0,1028.0,5656.0,0.0
1.0,28115.0,6840.0,3271.0,0.0,0.0,0.0,2244.0,1027.0,6840.0,0.0
1.0,21275.0,5753.0,3363.0,0.0,1293.0,1293.0,2355.0,1008.0,5753.0,0.0
1.0,15522.0,2376.0,3371.0,0.0,3709.0,3709.0,2401.0,970.0,2376.0,0.0
1.0,13146.0,83.0,3316.0,0.0,3517.0,3517.0,2401.0,915.0,0.0,83.0
1.0,13063.0,1054.0,3282.0,1293.0,3108.0,3108.0,2401.0,881.0,0.0,1054.0
1.0,13302.0,2025.0,3266.0,3709.0,1344.0,1344.0,2382.0,884.0,0.0,2025.0
1.0,14986.0,2921.0,3259.0,3517.0,713.0,713.0,2319.0,940.0,0.0,2921.0
1.0,15582.0,2850.0,3209.0,3108.0,205.0,205.0,2214.0,995.0,0.0,2850.0
1.0,15840.0,2930.0,3135.0,1344.0,1421.0,1421.0,2105.0,1030.0,1114.0,1816.0
1.0,14254.0,3403.0,3090.0,713.0,3886.0,3886.0,2060.0,1030.0,3403.0,0.0
1.0,11564.0,5666.0,3150.0,205.0,9647.0,9647.0,2120.0,1030.0,5666.0,0.0
1.0,6103.0,6832.0,3280.0,1421.0,15708.0,15708.0,2251.0,1029.0,6832.0,0.0
1.0,692.0,5706.0,3371.0,3886.0,16855.0,16855.0,2361.0,1010.0,5706.0,0.0
1.0,0.0,2331.0,3378.0,9647.0,10702.0,10702.0,2406.0,972.0,2331.0,0.0
1.0,6188.0,109.0,3324.0,15708.0,0.0,0.0,2406.0,918.0,0.0,109.0
1.0,21787.0,1093.0,3290.0,16855.0,0.0,0.0,2406.0,884.0,0.0,1093.0
1.0,37549.0,2083.0,3273.0,10702.0,0.0,0.0,2385.0,888.0,0.0,2083.0
1.0,46168.0,2953.0,3266.0,0.0,0.0,0.0,2321.0,945.0,0.0,2953.0
1.0,43215.0,2841.0,3211.0,0.0,0.0,0.0,2212.0,999.0,0.0,2841.0
1.0,40374.0,2933.0,3137.0,0.0,0.0,0.0,2104.0,1033.0,1199.0,1734.0
1.0,37441.0,3481.0,3094.0,0.0,0.0,0.0,2061.0,1033.0,3481.0,0.0
1.0,33960.0,5777.0,3160.0,0.0,0.0,0.0,2127.0,1033.0,5777.0,0.0
1.0,28183.0,6884.0,3291.0,0.0,0.0,0.0,2259.0,1032.0,6884.0,0.0
1.0,21299.0,5696.0,3382.0,0.0,1307.0,1307.0,2369.0,1013.0,5696.0,0.0
1.0,15603.0,2212.0,3385.0,0.0,3534.0,3534.0,2411.0,974.0,2212.0,0.0
1.0,13391.0,90.0,3331.0,0.0,3354.0,3354.0,2411.0,920.0,0.0,90.0
1.0,13301.0,1071.0,3296.0,1307.0,2943.0,2943.0,2411.0,885.0,0.0,1071.0
1.0,13537.0,2061.0,3279.0,3534.0,1385.0,1385.0,2391.0,888.0,0.0,2061.0
1.0,15010.0,2955.0,3272.0,3354.0,951.0,951.0,2327.0,945.0,0.0,2955.0
1.0,15409.0,2878.0,3220.0,2943.0,626.0,626.0,2220.0,1000.0,0.0,2878.0
1.0,15474.0,3004.0,3147.0,1385.0,1880.0,1880.0,2112.0,1035.0,1203.0,1801.0
1.0,13855.0,3488.0,3103.0,951.0,4197.0,4197.0,2068.0,1035.0,3488.0,0.0
1.0,11318.0,5775.0,3167.0,626.0,9666.0,9666.0,2132.0,1035.0,5775.0,0.0
1.0,6169.0,6855.0,3299.0,1880.0,15301.0,15301.0,2264.0,1035.0,6855.0,0.0
1.0,1194.0,5661.0,3388.0,4197.0,16940.0,16940.0,2373.0,1015.0,5661.0,0.0
1.0,0.0,2184.0,3393.0,9666.0,9753.0,9753.0,2415.0,978.0,2184.0,0.0
1.0,7212.0,65.0,3338.0,15301.0,0.0,0.0,2415.0,923.0,0.0,65.0
1.0,22448.0,1054.0,3303.0,16940.0,0.0,0.0,2415.0,888.0,0.0,1054.0
1.0,38334.0,2041.0,3285.0,9753.0,0.0,0.0,2395.0,890.0,0.0,2041.0
1.0,46046.0,2954.0,3277.0,0.0,0.0,0.0,2330.0,947.0,0.0,2954.0
1.0,43092.0,2882.0,3225.0,0.0,0.0,0.0,2222.0,1003.0,0.0,2882.0
1.0,40210.0,3074.0,3152.0,0.0,0.0,0.0,2114.0,1038.0,1245.0,1829.0
1.0,37136.0,3562.0,3110.0,0.0,0.0,0.0,2072.0,1038.0,3562.0,0.0
1.0,33574.0,5872.0,3177.0,0.0,0.0,0.0,2139.0,1038.0,5872.0,0.0
1.0,27702.0,6929.0,3310.0,0.0,0.0,0.0,2273.0,1037.0,6929.0,0.0
1.0,20773.0,5660.0,3399.0,0.0,1882.0,1882.0,2382.0,1017.0,5660.0,0.0
1.0,15113.0,2089.0,3400.0,0.0,3976.0,3976.0,2422.0,978.0,2089.0,0.0
1.0,13024.0,83.0,3345.0,0.0,3784.0,3784.0,2422.0,923.0,0.0,83.0
1.0,12941.0,1066.0,3311.0,1882.0,2798.0,2798.0,2422.0,889.0,0.0,1066.0
1.0,13757.0,2054.0,3294.0,3976.0,791.0,791.0,2401.0,893.0,0.0,2054.0
1.0,15679.0,2964.0,3286.0,3784.0,0.0,0.0,2336.0,950.0,0.0,2964.0
1.0,16499.0,2884.0,3233.0,2798.0,0.0,0.0,2227.0,1006.0,0.0,2884.0
1.0,16413.0,3082.0,3161.0,791.0,1683.0,1683.0,2120.0,1041.0,1267.0,1815.0
1.0,14122.0,3561.0,3118.0,0.0,5029.0,5029.0,2077.0,1041.0,3561.0,0.0
1.0,10561.0,5866.0,3186.0,0.0,11235.0,11235.0,2145.0,1041.0,5866.0,0.0
1.0,4695.0,6898.0,3316.0,1683.0,16580.0,16580.0,2277.0,1039.0,6898.0,0.0
1.0,0.0,5649.0,3405.0,5029.0,17025.0,17025.0,2386.0,1019.0,5649.0,0.0
1.0,0.0,2109.0,3406.0,11235.0,9044.0,9044.0,2426.0,980.0,2109.0,0.0
1.0,7986.0,91.0,3351.0,16580.0,0.0,0.0,2426.0,925.0,0.0,91.0
1.0,24475.0,1082.0,3317.0,17025.0,0.0,0.0,2426.0,891.0,0.0,1082.0
1.0,40418.0,2060.0,3301.0,9044.0,0.0,0.0,2405.0,896.0,0.0,2060.0
1.0,47402.0,2964.0,3293.0,0.0,0.0,0.0,2340.0,953.0,0.0,2964.0
1.0,44438.0,2873.0,3239.0,0.0,0.0,0.0,2231.0,1008.0,0.0,2873.0
1.0,41565.0,3098.0,3167.0,0.0,0.0,0.0,2124.0,1043.0,1289.0,1809.0
1.0,38467.0,3609.0,3127.0,0.0,0.0,0.0,2084.0,1043.0,3609.0,0.0
1.0,34858.0,5921.0,3196.0,0.0,0.0,0.0,2153.0,1043.0,5921.0,0.0
1.0,28937.0,6948.0,3327.0,0.0,0.0,0.0,2286.0,1041.0,6948.0,0.0
1.0,21989.0,5645.0,3415.0,0.0,731.0,731.0,2395.0,1020.0,5645.0,0.0
1.0,16344.0,2021.0,3414.0,0.0,2747.0,2747.0,2434.0,980.0,2021.0,0.0
1.0,14323.0,95.0,3359.0,0.0,2567.0,2567.0,2434.0,925.0,0.0,95.0
1.0,14228.0,1089.0,3325.0,731.0,2755.0,2755.0,2434.0,891.0,0.0,1089.0
1.0,13870.0,2085.0,3309.0,2747.0,2013.0,2013.0,2411.0,898.0,0.0,2085.0
1.0,14532.0,2985.0,3299.0,2567.0,2381.0,2381.0,2344.0,955.0,0.0,2985.0
1.0,14114.0,2888.0,3244.0,2755.0,2239.0,2239.0,2233.0,1011.0,0.0,2888.0
1.0,13981.0,3086.0,3170.0,2013.0,2942.0,2942.0,2125.0,1045.0,1292.0,1794.0
1.0,12908.0,3597.0,3130.0,2381.0,3958.0,3958.0,2085.0,1045.0,3597.0,0.0
1.0,11692.0,5926.0,3201.0,2239.0,8000.0,8000.0,2156.0,1045.0,5926.0,0.0
1.0,8005.0,6965.0,3334.0,2942.0,12688.0,12688.0,2290.0,1044.0,6965.0,0.0
1.0,3982.0,5686.0,3422.0,3958.0,14856.0,14856.0,2399.0,1023.0,5686.0,0.0
1.0,2254.0,2075.0,3422.0,8000.0,8931.0,8931.0,2439.0,983.0,2075.0,0.0
1.0,8179.0,96.0,3367.0,12688.0,0.0,0.0,2439.0,928.0,0.0,96.0
1.0,20771.0,1088.0,3333.0,14856.0,0.0,0.0,2439.0,894.0,0.0,1088.0
1.0,34539.0,2078.0,3315.0,8931.0,0.0,0.0,2416.0,899.0,0.0,2078.0
1.0,41392.0,2977.0,3306.0,0.0,0.0,0.0,2349.0,957.0,0.0,2977.0
1.0,38415.0,2884.0,3250.0,0.0,0.0,0.0,2238.0,1012.0,0.0,2884.0
1.0,35531.0,3076.0,3178.0,0.0,0.0,0.0,2131.0,1047.0,1268.0,1808.0
1.0,32455.0,3596.0,3138.0,0.0,0.0,0.0,2091.0,1047.0,3596.0,0.0
1.0,28859.0,5926.0,3210.0,0.0,0.0,0.0,2163.0,1047.0,5926.0,0.0
1.0,22933.0,6965.0,3343.0,0.0,747.0,747.0,2297.0,1046.0,6965.0,0.0
1.0,15968.0,5679.0,3431.0,0.0,6866.0,6866.0,2406.0,1025.0,5679.0,0.0
1.0,10289.0,2076.0,3432.0,0.0,8947.0,8947.0,2446.0,986.0,2076.0,0.0
1.0,8213.0,111.0,3377.0,747.0,8036.0,8036.0,2446.0,931.0,0.0,111.0
1.0,8849.0,1110.0,3343.0,6866.0,2110.0,2110.0,2446.0,897.0,0.0,1110.0
1.0,14605.0,2114.0,3325.0,8947.0,0.0,0.0,2422.0,903.0,0.0,2114.0
1.0,21438.0,2995.0,3314.0,8036.0,0.0,0.0,2354.0,960.0,0.0,2995.0
1.0,26479.0,2873.0,3257.0,2110.0,0.0,0.0,2241.0,1016.0,0.0,2873.0
1.0,25716.0,3060.0,3182.0,0.0,0.0,0.0,2133.0,1049.0,1310.0,1750.0
1.0,22656.0,3639.0,3143.0,0.0,0.0,0.0,2094.0,1049.0,3639.0,0.0
1.0,19017.0,5975.0,3217.0,0.0,3043.0,3043.0,2168.0,1049.0,5975.0,0.0
1.0,13042.0,7002.0,3351.0,0.0,10715.0,10715.0,2303.0,1048.0,7002.0,0.0
1.0,6040.0,5697.0,3440.0,0.0,16857.0,16857.0,2413.0,1027.0,5697.0,0.0
1.0,343.0,2056.0,3440.0,3043.0,15870.0,15870.0,2452.0,988.0,2056.0,0.0
1.0,1330.0,126.0,3385.0,10715.0,5006.0,5006.0,2452.0,933.0,0.0,126.0
1.0,11919.0,1119.0,3351.0,16857.0,0.0,0.0,2452.0,899.0,0.0,1119.0
1.0,27657.0,2121.0,3333.0,15870.0,0.0,0.0,2428.0,905.0,0.0,2121.0
1.0,41406.0,2992.0,3322.0,5006.0,0.0,0.0,2359.0,963.0,0.0,2992.0
1.0,43420.0,2877.0,3265.0,0.0,0.0,0.0,2247.0,1018.0,0.0,2877.0
1.0,40543.0,3053.0,3191.0,0.0,0.0,0.0,2139.0,1052.0,1298.0,1755.0
1.0,37490.0,3616.0,3152.0,0.0,0.0,0.0,2100.0,1052.0,3616.0,0.0
1.0,33874.0,5927.0,3225.0,0.0,0.0,0.0,2173.0,1052.0,5927.0,0.0
1.0,27947.0,6955.0,3357.0,0.0,0.0,0.0,2307.0,1050.0,6955.0,0.0
1.0,20992.0,5681.0,3445.0,0.0,1914.0,1914.0,2416.0,1029.0,5681.0,0.0
1.0,15311.0,2092.0,3446.0,0.0,4011.0,4011.0,2456.0,990.0,2092.0,0.0
1.0,13219.0,124.0,3391.0,0.0,3860.0,3860.0,2456.0,935.0,0.0,124.0
1.0,13095.0,1128.0,3357.0,1914.0,2904.0,2904.0,2456.0,901.0,0.0,1128.0
1.0,13881.0,2116.0,3339.0,4011.0,919.0,919.0,2432.0,907.0,0.0,2116.0
1.0,15776.0,2993.0,3327.0,3860.0,0.0,0.0,2362.0,965.0,0.0,2993.0
1.0,16643.0,2864.0,3268.0,2904.0,0.0,0.0,2248.0,1020.0,0.0,2864.0
1.0,16683.0,3113.0,3195.0,919.0,1486.0,1486.0,2141.0,1054.0,1363.0,1750.0
1.0,14489.0,3714.0,3158.0,0.0,5015.0,5015.0,2104.0,1054.0,3714.0,0.0
1.0,10775.0,6073.0,3236.0,0.0,11478.0,11478.0,2182.0,1054.0,6073.0,0.0
1.0,4702.0,7050.0,3369.0,1486.0,16845.0,16845.0,2317.0,1052.0,7050.0,0.0
1.0,0.0,5660.0,3457.0,5015.0,17285.0,17285.0,2426.0,1031.0,5660.0,0.0
1.0,0.0,1898.0,3454.0,11478.0,9197.0,9197.0,2463.0,991.0,1898.0,0.0
1.0,8073.0,151.0,3399.0,16845.0,0.0,0.0,2463.0,936.0,0.0,151.0
1.0,24767.0,1154.0,3366.0,17285.0,0.0,0.0,2463.0,903.0,0.0,1154.0
1.0,40898.0,2165.0,3348.0,9197.0,0.0,0.0,2438.0,910.0,0.0,2165.0
1.0,47930.0,3022.0,3337.0,0.0,0.0,0.0,2369.0,968.0,0.0,3022.0
1.0,44908.0,2872.0,3278.0,0.0,0.0,0.0,2255.0,1023.0,0.0,2872.0
1.0,42036.0,3055.0,3203.0,0.0,0.0,0.0,2147.0,1056.0,1344.0,1711.0
1.0,38981.0,3683.0,3164.0,0.0,0.0,0.0,2108.0,1056.0,3683.0,0.0
1.0,35298.0,6016.0,3240.0,0.0,0.0,0.0,2184.0,1056.0,6016.0,0.0
1.0,29282.0,7016.0,3373.0,0.0,0.0,0.0,2319.0,1054.0,7016.0,0.0
1.0,22266.0,5678.0,3461.0,0.0,717.0,717.0,2428.0,1033.0,5678.0,0.0
1.0,16588.0,2018.0,3461.0,0.0,2735.0,2735.0,2467.0,994.0,2018.0,0.0
1.0,14570.0,128.0,3406.0,0.0,2588.0,2588.0,2467.0,939.0,0.0,128.0
1.0,14442.0,1134.0,3372.0,717.0,2835.0,2835.0,2467.0,905.0,0.0,1134.0
1.0,14025.0,2134.0,3353.0,2735.0,2139.0,2139.0,2442.0,911.0,0.0,2134.0
1.0,14626.0,3009.0,3342.0,2588.0,2505.0,2505.0,2373.0,969.0,0.0,3009.0
1.0,14205.0,2879.0,3284.0,2835.0,2259.0,2259.0,2259.0,1025.0,0.0,2879.0
1.0,14161.0,3117.0,3209.0,2139.0,2862.0,2862.0,2151.0,1058.0,1360.0,1757.0
1.0,13183.0,3722.0,3172.0,2505.0,3894.0,3894.0,2114.0,1058.0,3722.0,0.0
1.0,11966.0,6076.0,3249.0,2259.0,8096.0,8096.0,2191.0,1058.0,6076.0,0.0
1.0,8149.0,7052.0,3382.0,2862.0,12951.0,12951.0,2326.0,1056.0,7052.0,0.0
1.0,3959.0,5680.0,3471.0,3894.0,15182.0,15182.0,2436.0,1035.0,5680.0,0.0
1.0,2173.0,1947.0,3467.0,8096.0,9013.0,9013.0,2473.0,994.0,1947.0,0.0
1.0,8322.0,140.0,3412.0,12951.0,0.0,0.0,2473.0,939.0,0.0,140.0
1.0,21133.0,1156.0,3379.0,15182.0,0.0,0.0,2473.0,906.0,0.0,1156.0
1.0,35159.0,2168.0,3362.0,9013.0,0.0,0.0,2448.0,914.0,0.0,2168.0
1.0,42004.0,3037.0,3351.0,0.0,0.0,0.0,2378.0,973.0,0.0,3037.0
1.0,38967.0,2887.0,3291.0,0.0,0.0,0.0,2263.0,1028.0,0.0,2887.0
1.0,36080.0,3110.0,3216.0,0.0,0.0,0.0,2155.0,1061.0,1390.0,1720.0
1.0,32970.0,3723.0,3178.0,0.0,0.0,0.0,2117.0,1061.0,3723.0,0.0
1.0,29247.0,6063.0,3255.0,0.0,0.0,0.0,2194.0,1061.0,6063.0,0.0
1.0,23184.0,7029.0,3388.0,0.0,785.0,785.0,2329.0,1059.0,7029.0,0.0
1.0,16155.0,5675.0,3475.0,0.0,6895.0,6895.0,2438.0,1037.0,5675.0,0.0
1.0,10480.0,1976.0,3473.0,0.0,8861.0,8861.0,2476.0,997.0,1976.0,0.0
1.0,8504.0,135.0,3418.0,785.0,7936.0,7936.0,2476.0,942.0,0.0,135.0
1.0,9154.0,1138.0,3384.0,6895.0,2009.0,2009.0,2476.0,908.0,0.0,1138.0
1.0,14911.0,2144.0,3367.0,8861.0,0.0,0.0,2451.0,916.0,0.0,2144.0
1.0,21628.0,3017.0,3356.0,7936.0,0.0,0.0,2382.0,974.0,0.0,3017.0
1.0,26547.0,2898.0,3297.0,2009.0,0.0,0.0,2268.0,1029.0,0.0,2898.0
1.0,25658.0,3185.0,3224.0,0.0,0.0,0.0,2161.0,1063.0,1417.0,1768.0
1.0,22473.0,3771.0,3188.0,0.0,0.0,0.0,2125.0,1063.0,3771.0,0.0
1.0,18702.0,6124.0,3265.0,0.0,3747.0,3747.0,2202.0,1063.0,6124.0,0.0
1.0,12578.0,7052.0,3399.0,0.0,11469.0,11469.0,2338.0,1061.0,7052.0,0.0
1.0,5526.0,5639.0,3485.0,0.0,17425.0,17425.0,2446.0,1039.0,5639.0,0.0
1.0,0.0,1869.0,3481.0,3747.0,15640.0,15640.0,2482.0,999.0,1869.0,0.0
1.0,1765.0,151.0,3426.0,11469.0,4047.0,4047.0,2482.0,944.0,0.0,151.0
1.0,13083.0,1168.0,3393.0,17425.0,0.0,0.0,2482.0,911.0,0.0,1168.0
1.0,29340.0,2181.0,3376.0,15640.0,0.0,0.0,2456.0,920.0,0.0,2181.0
1.0,42799.0,3043.0,3363.0,4047.0,0.0,0.0,2385.0,978.0,0.0,3043.0
1.0,43803.0,2882.0,3302.0,0.0,0.0,0.0,2268.0,1034.0,0.0,2882.0
1.0,40921.0,3170.0,3227.0,0.0,0.0,0.0,2160.0,1067.0,1458.0,1712.0
1.0,37751.0,3832.0,3192.0,0.0,0.0,0.0,2125.0,1067.0,3832.0,0.0
1.0,33919.0,6204.0,3275.0,0.0,0.0,0.0,2208.0,1067.0,6204.0,0.0
1.0,27715.0,7112.0,3409.0,0.0,0.0,0.0,2345.0,1064.0,7112.0,0.0
1.0,20603.0,5637.0,3494.0,0.0,2504.0,2504.0,2453.0,1041.0,5637.0,0.0
1.0,14966.0,1791.0,3488.0,0.0,4265.0,4265.0,2488.0,1000.0,1791.0,0.0
1.0,13175.0,160.0,3433.0,0.0,4150.0,4150.0,2488.0,945.0,0.0,160.0
1.0,13015.0,1171.0,3400.0,2504.0,2652.0,2652.0,2488.0,912.0,0.0,1171.0
1.0,14348.0,2187.0,3383.0,4265.0,489.0,489.0,2462.0,921.0,0.0,2187.0
1.0,16426.0,3046.0,3371.0,4150.0,0.0,0.0,2391.0,980.0,0.0,3046.0
1.0,17530.0,2897.0,3311.0,2652.0,0.0,0.0,2275.0,1036.0,0.0,2897.0
1.0,17285.0,3147.0,3237.0,489.0,1558.0,1558.0,2168.0,1069.0,1418.0,1729.0
1.0,14627.0,3782.0,3200.0,0.0,5155.0,5155.0,2131.0,1069.0,3782.0,0.0
1.0,10845.0,6135.0,3279.0,0.0,11685.0,11685.0,2210.0,1069.0,6135.0,0.0
1.0,4710.0,7067.0,3412.0,1558.0,17060.0,17060.0,2346.0,1066.0,7067.0,0.0
1.0,0.0,5653.0,3499.0,5155.0,17495.0,17495.0,2455.0,1044.0,5653.0,0.0
1.0,0.0,1905.0,3495.0,11685.0,8992.0,8992.0,2492.0,1003.0,1905.0,0.0
1.0,8483.0,141.0,3440.0,17060.0,0.0,0.0,2492.0,948.0,0.0,141.0
1.0,25402.0,1159.0,3407.0,17495.0,0.0,0.0,2492.0,915.0,0.0,1159.0
1.0,41738.0,2182.0,3388.0,8992.0,0.0,0.0,2465.0,923.0,0.0,2182.0
1.0,48548.0,3052.0,3376.0,0.0,0.0,0.0,2394.0,982.0,0.0,3052.0
1.0,45496.0,2908.0,3315.0,0.0,0.0,0.0,2277.0,1038.0,0.0,2908.0
1.0,42588.0,3226.0,3241.0,0.0,0.0,0.0,2170.0,1071.0,1487.0,1739.0
1.0,39362.0,3870.0,3206.0,0.0,0.0,0.0,2135.0,1071.0,3870.0,0.0
1.0,35492.0,6238.0,3289.0,0.0,0.0,0.0,2218.0,1071.0,6238.0,0.0
1.0,29254.0,7132.0,3424.0,0.0,0.0,0.0,2355.0,1069.0,7132.0,0.0
1.0,22122.0,5630.0,3510.0,0.0,1058.0,1058.0,2463.0,1047.0,5630.0,0.0
1.0,16492.0,1758.0,3502.0,0.0,2776.0,2776.0,2497.0,1005.0,1758.0,0.0
1.0,14734.0,140.0,3446.0,0.0,2636.0,2636.0,2497.0,949.0,0.0,140.0
1.0,14594.0,1157.0,3413.0,1058.0,2570.0,2570.0,2497.0,916.0,0.0,1157.0
1.0,14495.0,2183.0,3395.0,2776.0,1887.0,1887.0,2470.0,925.0,0.0,2183.0
1.0,15088.0,3062.0,3383.0,2636.0,2253.0,2253.0,2399.0,984.0,0.0,3062.0
1.0,14662.0,2922.0,3322.0,2570.0,2300.0,2300.0,2282.0,1040.0,0.0,2922.0
1.0,14310.0,3258.0,3250.0,1887.0,3311.0,3311.0,2176.0,1074.0,1500.0,1758.0
1.0,12939.0,3858.0,3215.0,2253.0,4741.0,4741.0,2141.0,1074.0,3858.0,0.0
1.0,11334.0,6233.0,3297.0,2300.0,9084.0,9084.0,2223.0,1074.0,6233.0,0.0
1.0,7401.0,7104.0,3430.0,3311.0,13542.0,13542.0,2359.0,1071.0,7104.0,0.0
1.0,3608.0,5632.0,3516.0,4741.0,14863.0,14863.0,2467.0,1049.0,5632.0,0.0
1.0,2717.0,1772.0,3510.0,9084.0,7521.0,7521.0,2502.0,1008.0,1772.0,0.0
1.0,10029.0,140.0,3455.0,13542.0,0.0,0.0,2502.0,953.0,0.0,140.0
1.0,23431.0,1152.0,3421.0,14863.0,0.0,0.0,2502.0,919.0,0.0,1152.0
1.0,37142.0,2158.0,3401.0,7521.0,0.0,0.0,2474.0,927.0,0.0,2158.0
1.0,42505.0,3039.0,3387.0,0.0,0.0,0.0,2402.0,985.0,0.0,3039.0
1.0,39466.0,2910.0,3325.0,0.0,0.0,0.0,2284.0,1041.0,0.0,2910.0
1.0,36556.0,3314.0,3253.0,0.0,0.0,0.0,2178.0,1075.0,1538.0,1776.0
1.0,33242.0,3934.0,3220.0,0.0,0.0,0.0,2145.0,1075.0,3934.0,0.0
1.0,29308.0,6320.0,3306.0,0.0,0.0,0.0,2231.0,1075.0,6320.0,0.0
1.0,22988.0,7165.0,3441.0,0.0,1382.0,1382.0,2369.0,1072.0,7165.0,0.0
1.0,15823.0,5601.0,3526.0,0.0,7408.0,7408.0,2476.0,1050.0,5601.0,0.0
1.0,10222.0,1648.0,3516.0,0.0,9006.0,9006.0,2508.0,1008.0,1648.0,0.0
1.0,8574.0,175.0,3461.0,1382.0,7524.0,7524.0,2508.0,953.0,0.0,175.0
1.0,9781.0,1197.0,3428.0,7408.0,1148.0,1148.0,2508.0,920.0,0.0,1197.0
1.0,15992.0,2228.0,3410.0,9006.0,0.0,0.0,2480.0,930.0,0.0,2228.0
1.0,22770.0,3083.0,3395.0,7524.0,0.0,0.0,2406.0,989.0,0.0,3083.0
1.0,27211.0,2907.0,3332.0,1148.0,0.0,0.0,2287.0,1045.0,0.0,2907.0
1.0,25452.0,3277.0,3258.0,0.0,0.0,0.0,2180.0,1078.0,1577.0,1700.0
1.0,22175.0,3962.0,3226.0,0.0,0.0,0.0,2148.0,1078.0,3962.0,0.0
1.0,18213.0,6345.0,3314.0,0.0,4702.0,4702.0,2236.0,1078.0,6345.0,0.0
1.0,11868.0,7165.0,3449.0,0.0,12542.0,12542.0,2374.0,1075.0,7165.0,0.0
1.0,4703.0,5606.0,3533.0,0.0,17665.0,17665.0,2481.0,1052.0,5606.0,0.0
1.0,0.0,1663.0,3523.0,4702.0,15479.0,15479.0,2513.0,1010.0,1663.0,0.0
1.0,2136.0,143.0,3468.0,12542.0,2805.0,2805.0,2513.0,955.0,0.0,143.0
1.0,14535.0,1166.0,3434.0,17665.0,0.0,0.0,2513.0,921.0,0.0,1166.0
1.0,31034.0,2190.0,3416.0,15479.0,0.0,0.0,2486.0,930.0,0.0,2190.0
1.0,44323.0,3078.0,3402.0,2805.0,0.0,0.0,2413.0,989.0,0.0,3078.0
1.0,44050.0,2945.0,3341.0,0.0,0.0,0.0,2295.0,1046.0,0.0,2945.0
1.0,41105.0,3355.0,3270.0,0.0,0.0,0.0,2190.0,1080.0,1566.0,1789.0
1.0,37750.0,3960.0,3237.0,0.0,0.0,0.0,2157.0,1080.0,3960.0,0.0
1.0,33790.0,6341.0,3322.0,0.0,0.0,0.0,2242.0,1080.0,6341.0,0.0
1.0,27449.0,7166.0,3458.0,0.0,0.0,0.0,2380.0,1078.0,7166.0,0.0
1.0,20283.0,5597.0,3543.0,0.0,3029.0,3029.0,2488.0,1055.0,5597.0,0.0
1.0,14686.0,1650.0,3533.0,0.0,4629.0,4629.0,2520.0,1013.0,1650.0,0.0
1.0,13036.0,122.0,3477.0,0.0,4471.0,4471.0,2520.0,957.0,0.0,122.0
1.0,12914.0,1160.0,3443.0,3029.0,2432.0,2432.0,2520.0,923.0,0.0,1160.0
1.0,14783.0,2187.0,3423.0,4629.0,0.0,0.0,2491.0,932.0,0.0,2187.0
1.0,17225.0,3092.0,3409.0,4471.0,0.0,0.0,2417.0,992.0,0.0,3092.0
1.0,18604.0,2953.0,3345.0,2432.0,0.0,0.0,2297.0,1048.0,0.0,2953.0
1.0,18083.0,3386.0,3273.0,0.0,1668.0,1668.0,2190.0,1083.0,1600.0,1786.0
1.0,14697.0,3997.0,3242.0,0.0,5510.0,5510.0,2159.0,1083.0,3997.0,0.0
1.0,10700.0,6401.0,3331.0,0.0,12356.0,12356.0,2248.0,1083.0,6401.0,0.0
1.0,4299.0,7218.0,3467.0,1668.0,17335.0,17335.0,2387.0,1080.0,7218.0,0.0
1.0,0.0,5627.0,3553.0,5510.0,17765.0,17765.0,2495.0,1058.0,5627.0,0.0
1.0,0.0,1608.0,3542.0,12356.0,8330.0,8330.0,2526.0,1016.0,1608.0,0.0
1.0,9380.0,137.0,3485.0,17335.0,0.0,0.0,2526.0,959.0,0.0,137.0
1.0,26578.0,1162.0,3452.0,17765.0,0.0,0.0,2526.0,926.0,0.0,1162.0
1.0,43181.0,2191.0,3431.0,8330.0,0.0,0.0,2497.0,934.0,0.0,2191.0
1.0,49320.0,3083.0,3416.0,0.0,0.0,0.0,2423.0,993.0,0.0,3083.0
1.0,46237.0,2956.0,3353.0,0.0,0.0,0.0,2303.0,1050.0,0.0,2956.0
1.0,43281.0,3368.0,3282.0,0.0,0.0,0.0,2197.0,1085.0,1573.0,1795.0
1.0,39913.0,3973.0,3250.0,0.0,0.0,0.0,2165.0,1085.0,3973.0,0.0
1.0,35940.0,6376.0,3338.0,0.0,0.0,0.0,2253.0,1085.0,6376.0,0.0
1.0,29564.0,7189.0,3474.0,0.0,0.0,0.0,2392.0,1082.0,7189.0,0.0
1.0,22375.0,5620.0,3560.0,0.0,1045.0,1045.0,2500.0,1060.0,5620.0,0.0
1.0,16755.0,1657.0,3550.0,0.0,2652.0,2652.0,2532.0,1018.0,1657.0,0.0
1.0,15098.0,138.0,3494.0,0.0,2510.0,2510.0,2532.0,962.0,0.0,138.0
1.0,14960.0,1169.0,3461.0,1045.0,2469.0,2469.0,2532.0,929.0,0.0,1169.0
1.0,14836.0,2196.0,3439.0,2652.0,1903.0,1903.0,2502.0,937.0,0.0,2196.0
1.0,15292.0,3085.0,3422.0,2510.0,2393.0,2393.0,2426.0,996.0,0.0,3085.0
1.0,14717.0,2950.0,3358.0,2469.0,2554.0,2554.0,2305.0,1053.0,0.0,2950.0
1.0,14236.0,3407.0,3286.0,1903.0,3698.0,3698.0,2198.0,1088.0,1620.0,1787.0
1.0,12732.0,4044.0,3256.0,2393.0,5199.0,5199.0,2168.0,1088.0,4044.0,0.0
1.0,11081.0,6465.0,3349.0,2554.0,9575.0,9575.0,2261.0,1088.0,6465.0,0.0
1.0,7170.0,7244.0,3484.0,3698.0,13796.0,13796.0,2400.0,1084.0,7244.0,0.0
1.0,3624.0,5602.0,3569.0,5199.0,14624.0,14624.0,2508.0,1061.0,5602.0,0.0
1.0,3221.0,1548.0,3556.0,9575.0,6532.0,6532.0,2538.0,1018.0,1548.0,0.0
1.0,11248.0,157.0,3500.0,13796.0,0.0,0.0,2538.0,962.0,0.0,157.0
1.0,24887.0,1187.0,3467.0,14624.0,0.0,0.0,2538.0,929.0,0.0,1187.0
1.0,38324.0,2223.0,3446.0,6532.0,0.0,0.0,2507.0,939.0,0.0,2223.0
1.0,42633.0,3110.0,3430.0,0.0,0.0,0.0,2431.0,999.0,0.0,3110.0
1.0,39523.0,2962.0,3365.0,0.0,0.0,0.0,2309.0,1056.0,0.0,2962.0
1.0,36561.0,3416.0,3293.0,0.0,0.0,0.0,2203.0,1090.0,1640.0,1776.0
1.0,33145.0,4038.0,3263.0,0.0,0.0,0.0,2173.0,1090.0,4038.0,0.0
1.0,29107.0,6444.0,3355.0,0.0,0.0,0.0,2265.0,1090.0,6444.0,0.0
1.0,22663.0,7214.0,3490.0,0.0,2001.0,2001.0,2403.0,1087.0,7214.0,0.0
1.0,15449.0,5609.0,3576.0,0.0,8040.0,8040.0,2511.0,1065.0,5609.0,0.0
1.0,9840.0,1597.0,3565.0,0.0,9582.0,9582.0,2542.0,1023.0,1597.0,0.0
1.0,8243.0,127.0,3508.0,2001.0,7423.0,7423.0,2542.0,966.0,0.0,127.0
1.0,10117.0,1161.0,3474.0,8040.0,374.0,374.0,2542.0,932.0,0.0,1161.0
1.0,16996.0,2197.0,3451.0,9582.0,0.0,0.0,2512.0,939.0,0.0,2197.0
1.0,24381.0,3103.0,3435.0,7423.0,0.0,0.0,2436.0,999.0,0.0,3103.0
1.0,28701.0,2975.0,3370.0,374.0,0.0,0.0,2314.0,1056.0,0.0,2975.0
1.0,26100.0,3489.0,3299.0,0.0,0.0,0.0,2208.0,1091.0,1672.0,1817.0
1.0,22611.0,4086.0,3270.0,0.0,0.0,0.0,2179.0,1091.0,4086.0,0.0
1.0,18525.0,6520.0,3364.0,0.0,4815.0,4815.0,2273.0,1091.0,6520.0,0.0
1.0,12005.0,7271.0,3502.0,0.0,12776.0,12776.0,2413.0,1089.0,7271.0,0.0
1.0,4734.0,5596.0,3587.0,0.0,17935.0,17935.0,2520.0,1067.0,5596.0,0.0
1.0,0.0,1488.0,3574.0,4815.0,15405.0,15405.0,2549.0,1025.0,1488.0,0.0
1.0,2465.0,141.0,3517.0,12776.0,2485.0,2485.0,2549.0,968.0,0.0,141.0
1.0,15100.0,1188.0,3483.0,17935.0,0.0,0.0,2549.0,934.0,0.0,1188.0
1.0,31847.0,2228.0,3460.0,15405.0,0.0,0.0,2518.0,942.0,0.0,2228.0
1.0,45024.0,3125.0,3443.0,2485.0,0.0,0.0,2441.0,1002.0,0.0,3125.0
1.0,44384.0,2972.0,3378.0,0.0,0.0,0.0,2318.0,1060.0,0.0,2972.0
1.0,41412.0,3451.0,3305.0,0.0,0.0,0.0,2211.0,1094.0,1672.0,1779.0
1.0,37961.0,4084.0,3276.0,0.0,0.0,0.0,2182.0,1094.0,4084.0,0.0
1.0,33877.0,6513.0,3370.0,0.0,0.0,0.0,2276.0,1094.0,6513.0,0.0
1.0,27364.0,7279.0,3507.0,0.0,0.0,0.0,2416.0,1091.0,7279.0,0.0
1.0,20085.0,5618.0,3593.0,0.0,3498.0,3498.0,2524.0,1069.0,5618.0,0.0
1.0,14467.0,1536.0,3581.0,0.0,4974.0,4974.0,2554.0,1027.0,1536.0,0.0
1.0,12931.0,147.0,3524.0,0.0,4836.0,4836.0,2554.0,970.0,0.0,147.0
1.0,12784.0,1182.0,3490.0,3498.0,2350.0,2350.0,2554.0,936.0,0.0,1182.0
1.0,15100.0,2215.0,3467.0,4974.0,0.0,0.0,2523.0,944.0,0.0,2215.0
1.0,17859.0,3109.0,3451.0,4836.0,0.0,0.0,2447.0,1004.0,0.0,3109.0
1.0,19586.0,2969.0,3385.0,2350.0,0.0,0.0,2324.0,1061.0,0.0,2969.0
1.0,18967.0,3443.0,3314.0,0.0,1046.0,1046.0,2218.0,1096.0,1640.0,1803.0
1.0,15524.0,4086.0,3284.0,0.0,4982.0,4982.0,2188.0,1096.0,4086.0,0.0
1.0,11438.0,6498.0,3377.0,0.0,11945.0,11945.0,2281.0,1096.0,6498.0,0.0
1.0,4940.0,7271.0,3514.0,1046.0,17570.0,17570.0,2421.0,1093.0,7271.0,0.0
1.0,0.0,5601.0,3600.0,4982.0,18000.0,18000.0,2529.0,1071.0,5601.0,0.0
1.0,0.0,1540.0,3586.0,11945.0,9429.0,9429.0,2558.0,1028.0,1540.0,0.0
1.0,8501.0,165.0,3530.0,17570.0,0.0,0.0,2558.0,972.0,0.0,165.0
1.0,25906.0,1209.0,3497.0,18000.0,0.0,0.0,2558.0,939.0,0.0,1209.0
1.0,42697.0,2250.0,3475.0,9429.0,0.0,0.0,2527.0,948.0,0.0,2250.0
1.0,49876.0,3124.0,3457.0,0.0,0.0,0.0,2449.0,1008.0,0.0,3124.0
1.0,46752.0,2954.0,3390.0,0.0,0.0,0.0,2325.0,1065.0,0.0,2954.0
1.0,43798.0,3495.0,3317.0,0.0,0.0,0.0,2219.0,1098.0,1743.0,1752.0
1.0,40303.0,4180.0,3290.0,0.0,0.0,0.0,2192.0,1098.0,4180.0,0.0
1.0,36123.0,6617.0,3387.0,0.0,0.0,0.0,2289.0,1098.0,6617.0,0.0
1.0,29506.0,7314.0,3525.0,0.0,0.0,0.0,2430.0,1095.0,7314.0,0.0
1.0,22192.0,5584.0,3610.0,0.0,1442.0,1442.0,2538.0,1072.0,5584.0,0.0
1.0,16608.0,1395.0,3594.0,0.0,2757.0,2757.0,2564.0,1030.0,1395.0,0.0
1.0,15213.0,181.0,3537.0,0.0,2653.0,2653.0,2564.0,973.0,0.0,181.0
1.0,15032.0,1221.0,3504.0,1442.0,2267.0,2267.0,2564.0,940.0,0.0,1221.0
1.0,15253.0,2267.0,3482.0,2757.0,1667.0,1667.0,2533.0,949.0,0.0,2267.0
1.0,15743.0,3136.0,3465.0,2653.0,2065.0,2065.0,2455.0,1010.0,0.0,3136.0
1.0,15260.0,2970.0,3398.0,2267.0,2433.0,2433.0,2331.0,1067.0,0.0,2970.0
1.0,14557.0,3483.0,3326.0,1667.0,3889.0,3889.0,2226.0,1100.0,1734.0,1749.0
1.0,12741.0,4168.0,3298.0,2065.0,5852.0,5852.0,2198.0,1100.0,4168.0,0.0
1.0,10638.0,6598.0,3394.0,2433.0,10497.0,10497.0,2294.0,1100.0,6598.0,0.0
1.0,6473.0,7303.0,3533.0,3889.0,14606.0,14606.0,2435.0,1098.0,7303.0,0.0
1.0,3059.0,5582.0,3618.0,5852.0,14761.0,14761.0,2542.0,1076.0,5582.0,0.0
1.0,3329.0,1433.0,3603.0,10497.0,5622.0,5622.0,2570.0,1033.0,1433.0,0.0
1.0,12393.0,165.0,3547.0,14606.0,0.0,0.0,2570.0,977.0,0.0,165.0
1.0,26834.0,1215.0,3513.0,14761.0,0.0,0.0,2570.0,943.0,0.0,1215.0
1.0,40380.0,2263.0,3490.0,5622.0,0.0,0.0,2538.0,952.0,0.0,2263.0
1.0,43739.0,3138.0,3471.0,0.0,0.0,0.0,2459.0,1012.0,0.0,3138.0
1.0,40601.0,2963.0,3403.0,0.0,0.0,0.0,2334.0,1069.0,0.0,2963.0
1.0,37638.0,3501.0,3329.0,0.0,0.0,0.0,2227.0,1102.0,1754.0,1747.0
1.0,34137.0,4210.0,3303.0,0.0,0.0,0.0,2201.0,1102.0,4210.0,0.0
1.0,29927.0,6672.0,3402.0,0.0,0.0,0.0,2300.0,1102.0,6672.0,0.0
1.0,23255.0,7370.0,3542.0,0.0,1825.0,1825.0,2442.0,1100.0,7370.0,0.0
1.0,15885.0,5598.0,3627.0,0.0,7848.0,7848.0,2550.0,1077.0,5598.0,0.0
1.0,10287.0,1356.0,3610.0,0.0,9119.0,9119.0,2576.0,1034.0,1356.0,0.0
1.0,8931.0,195.0,3554.0,1825.0,7209.0,7209.0,2576.0,978.0,0.0,195.0
1.0,10561.0,1248.0,3521.0,7848.0,444.0,444.0,2576.0,945.0,0.0,1248.0
1.0,17161.0,2296.0,3498.0,9119.0,0.0,0.0,2544.0,954.0,0.0,2296.0
1.0,23984.0,3153.0,3480.0,7209.0,0.0,0.0,2465.0,1015.0,0.0,3153.0
1.0,28040.0,2950.0,3412.0,444.0,0.0,0.0,2340.0,1072.0,0.0,2950.0
1.0,25534.0,3443.0,3338.0,0.0,0.0,0.0,2233.0,1105.0,1735.0,1708.0
1.0,22091.0,4173.0,3311.0,0.0,0.0,0.0,2206.0,1105.0,4173.0,0.0
1.0,17918.0,6607.0,3408.0,0.0,5729.0,5729.0,2303.0,1105.0,6607.0,0.0
1.0,11311.0,7329.0,3546.0,0.0,13748.0,13748.0,2444.0,1102.0,7329.0,0.0
1.0,3982.0,5619.0,3631.0,0.0,18155.0,18155.0,2552.0,1079.0,5619.0,0.0
1.0,0.0,1475.0,3617.0,5729.0,15468.0,15468.0,2580.0,1037.0,1475.0,0.0
1.0,2617.0,209.0,3561.0,13748.0,1649.0,1649.0,2580.0,981.0,0.0,209.0
1.0,16156.0,1254.0,3528.0,18155.0,0.0,0.0,2580.0,948.0,0.0,1254.0
1.0,33057.0,2298.0,3506.0,15468.0,0.0,0.0,2549.0,957.0,0.0,2298.0
1.0,46227.0,3134.0,3488.0,1649.0,0.0,0.0,2470.0,1018.0,0.0,3134.0
1.0,44742.0,2928.0,3419.0,0.0,0.0,0.0,2345.0,1074.0,0.0,2928.0
1.0,41814.0,3453.0,3345.0,0.0,0.0,0.0,2239.0,1106.0,1763.0,1690.0
1.0,38361.0,4227.0,3319.0,0.0,0.0,0.0,2213.0,1106.0,4227.0,0.0
1.0,34134.0,6684.0,3418.0,0.0,0.0,0.0,2312.0,1106.0,6684.0,0.0
1.0,27450.0,7368.0,3557.0,0.0,0.0,0.0,2454.0,1103.0,7368.0,0.0
1.0,20082.0,5582.0,3641.0,0.0,3705.0,3705.0,2561.0,1080.0,5582.0,0.0
1.0,14500.0,1355.0,3624.0,0.0,4975.0,4975.0,2587.0,1037.0,1355.0,0.0
1.0,13145.0,246.0,3568.0,0.0,4941.0,4941.0,2587.0,981.0,0.0,246.0
1.0,12899.0,1297.0,3536.0,3705.0,2373.0,2373.0,2587.0,949.0,0.0,1297.0
1.0,15307.0,2352.0,3515.0,4975.0,0.0,0.0,2554.0,961.0,0.0,2352.0
1.0,17930.0,3159.0,3495.0,4941.0,0.0,0.0,2473.0,1022.0,0.0,3159.0
1.0,19712.0,2917.0,3424.0,2373.0,0.0,0.0,2346.0,1078.0,0.0,2917.0
1.0,19168.0,3399.0,3349.0,0.0,976.0,976.0,2240.0,1109.0,1784.0,1615.0
1.0,15769.0,4219.0,3322.0,0.0,5060.0,5060.0,2213.0,1109.0,4219.0,0.0
1.0,11550.0,6676.0,3424.0,0.0,12246.0,12246.0,2315.0,1109.0,6676.0,0.0
1.0,4874.0,7364.0,3561.0,976.0,17805.0,17805.0,2456.0,1105.0,7364.0,0.0
1.0,0.0,5626.0,3647.0,5060.0,18235.0,18235.0,2565.0,1082.0,5626.0,0.0
1.0,0.0,1419.0,3630.0,12246.0,9403.0,9403.0,2592.0,1038.0,1419.0,0.0
1.0,8747.0,260.0,3575.0,17805.0,0.0,0.0,2592.0,983.0,0.0,260.0
1.0,26292.0,1314.0,3543.0,18235.0,0.0,0.0,2592.0,951.0,0.0,1314.0
1.0,43213.0,2368.0,3522.0,9403.0,0.0,0.0,2559.0,963.0,0.0,2368.0
1.0,50248.0,3171.0,3502.0,0.0,0.0,0.0,2478.0,1024.0,0.0,3171.0
1.0,47077.0,2917.0,3432.0,0.0,0.0,0.0,2352.0,1080.0,0.0,2917.0
1.0,44160.0,3391.0,3356.0,0.0,0.0,0.0,2245.0,1111.0,1785.0,1606.0
1.0,40769.0,4259.0,3331.0,0.0,0.0,0.0,2220.0,1111.0,4259.0,0.0
1.0,36510.0,6726.0,3433.0,0.0,0.0,0.0,2322.0,1111.0,6726.0,0.0
1.0,29784.0,7397.0,3572.0,0.0,0.0,0.0,2464.0,1108.0,7397.0,0.0
1.0,22387.0,5591.0,3657.0,0.0,1489.0,1489.0,2572.0,1085.0,5591.0,0.0
1.0,16796.0,1339.0,3638.0,0.0,2733.0,2733.0,2597.0,1041.0,1339.0,0.0
1.0,15457.0,242.0,3582.0,0.0,2695.0,2695.0,2597.0,985.0,0.0,242.0
1.0,15215.0,1312.0,3551.0,1489.0,2363.0,2363.0,2597.0,954.0,0.0,1312.0
1.0,15392.0,2374.0,3530.0,2733.0,1899.0,1899.0,2564.0,966.0,0.0,2374.0
1.0,15751.0,3190.0,3510.0,2695.0,2294.0,2294.0,2483.0,1027.0,0.0,3190.0
1.0,15256.0,2927.0,3437.0,2363.0,2493.0,2493.0,2354.0,1083.0,0.0,2927.0
1.0,14692.0,3434.0,3362.0,1899.0,3653.0,3653.0,2248.0,1114.0,1825.0,1609.0
1.0,13157.0,4295.0,3337.0,2294.0,5529.0,5529.0,2223.0,1114.0,4295.0,0.0
1.0,11156.0,6762.0,3441.0,2493.0,10318.0,10318.0,2327.0,1114.0,6762.0,0.0
1.0,6887.0,7412.0,3579.0,3653.0,14767.0,14767.0,2469.0,1110.0,7412.0,0.0
1.0,3128.0,5585.0,3663.0,5529.0,15243.0,15243.0,2577.0,1086.0,5585.0,0.0
1.0,3072.0,1301.0,3644.0,10318.0,6131.0,6131.0,2602.0,1042.0,1301.0,0.0
1.0,12089.0,252.0,3589.0,14767.0,0.0,0.0,2602.0,987.0,0.0,252.0
1.0,26604.0,1308.0,3557.0,15243.0,0.0,0.0,2602.0,955.0,0.0,1308.0
1.0,40539.0,2362.0,3536.0,6131.0,0.0,0.0,2568.0,968.0,0.0,2362.0
1.0,44308.0,3173.0,3517.0,0.0,0.0,0.0,2488.0,1029.0,0.0,3173.0
1.0,41135.0,2930.0,3446.0,0.0,0.0,0.0,2361.0,1085.0,0.0,2930.0
1.0,38205.0,3482.0,3372.0,0.0,0.0,0.0,2256.0,1116.0,1856.0,1626.0
1.0,34723.0,4327.0,3347.0,0.0,0.0,0.0,2231.0,1116.0,4327.0,0.0
1.0,30396.0,6784.0,3449.0,0.0,0.0,0.0,2333.0,1116.0,6784.0,0.0
1.0,23612.0,7396.0,3587.0,0.0,1719.0,1719.0,2475.0,1112.0,7396.0,0.0
1.0,16216.0,5550.0,3670.0,0.0,7684.0,7684.0,2582.0,1088.0,5550.0,0.0
1.0,10666.0,1259.0,3650.0,0.0,8843.0,8843.0,2606.0,1044.0,1259.0,0.0
1.0,9407.0,265.0,3595.0,1719.0,7114.0,7114.0,2606.0,989.0,0.0,265.0
1.0,10861.0,1325.0,3564.0,7684.0,600.0,600.0,2606.0,958.0,0.0,1325.0
1.0,17220.0,2385.0,3543.0,8843.0,0.0,0.0,2572.0,971.0,0.0,2385.0
1.0,23678.0,3175.0,3523.0,7114.0,0.0,0.0,2491.0,1032.0,0.0,3175.0
1.0,27617.0,2907.0,3450.0,600.0,0.0,0.0,2362.0,1088.0,0.0,2907.0
1.0,25310.0,3490.0,3376.0,0.0,0.0,0.0,2257.0,1119.0,1906.0,1584.0
1.0,21820.0,4391.0,3353.0,0.0,0.0,0.0,2234.0,1119.0,4391.0,0.0
1.0,17429.0,6873.0,3460.0,0.0,6744.0,6744.0,2341.0,1119.0,6873.0,0.0
1.0,10556.0,7457.0,3598.0,0.0,14891.0,14891.0,2484.0,1114.0,7457.0,0.0
1.0,3099.0,5541.0,3679.0,0.0,18395.0,18395.0,2590.0,1089.0,5541.0,0.0
1.0,0.0,1145.0,3656.0,6744.0,15123.0,15123.0,2612.0,1044.0,1145.0,0.0
1.0,3157.0,305.0,3601.0,14891.0,262.0,262.0,2612.0,989.0,0.0,305.0
1.0,17743.0,1368.0,3571.0,18395.0,0.0,0.0,2612.0,959.0,0.0,1368.0
1.0,34770.0,2433.0,3553.0,15123.0,0.0,0.0,2578.0,975.0,0.0,2433.0
1.0,47460.0,3203.0,3533.0,262.0,0.0,0.0,2497.0,1036.0,0.0,3203.0
1.0,44519.0,2904.0,3461.0,0.0,0.0,0.0,2369.0,1092.0,0.0,2904.0
1.0,41615.0,3442.0,3386.0,0.0,0.0,0.0,2264.0,1122.0,1905.0,1537.0
1.0,38173.0,4384.0,3362.0,0.0,0.0,0.0,2240.0,1122.0,4384.0,0.0
1.0,33789.0,6867.0,3467.0,0.0,0.0,0.0,2345.0,1122.0,6867.0,0.0
1.0,26922.0,7456.0,3605.0,0.0,0.0,0.0,2488.0,1117.0,7456.0,0.0
1.0,19466.0,5549.0,3687.0,0.0,4518.0,4518.0,2595.0,1092.0,5549.0,0.0
1.0,13917.0,1174.0,3663.0,0.0,5572.0,5572.0,2617.0,1046.0,1174.0,0.0
1.0,12743.0,283.0,3607.0,0.0,5575.0,5575.0,2617.0,990.0,0.0,283.0
1.0,12460.0,1348.0,3577.0,4518.0,2255.0,2255.0,2617.0,960.0,0.0,1348.0
1.0,15630.0,2412.0,3559.0,5572.0,0.0,0.0,2583.0,976.0,0.0,2412.0
1.0,18790.0,3199.0,3538.0,5575.0,0.0,0.0,2501.0,1037.0,0.0,3199.0
1.0,21166.0,2921.0,3465.0,2255.0,0.0,0.0,2372.0,1093.0,0.0,2921.0
1.0,20500.0,3502.0,3390.0,0.0,0.0,0.0,2266.0,1124.0,1925.0,1577.0
1.0,16998.0,4439.0,3368.0,0.0,4281.0,4281.0,2244.0,1124.0,4439.0,0.0
1.0,12559.0,6940.0,3476.0,0.0,11761.0,11761.0,2352.0,1124.0,6940.0,0.0
1.0,5619.0,7498.0,3615.0,0.0,18075.0,18075.0,2496.0,1119.0,7498.0,0.0
1.0,0.0,5534.0,3697.0,4281.0,18485.0,18485.0,2603.0,1094.0,5534.0,0.0
1.0,0.0,1078.0,3671.0,11761.0,10804.0,10804.0,2623.0,1048.0,1078.0,0.0
1.0,7551.0,272.0,3615.0,18075.0,0.0,0.0,2623.0,992.0,0.0,272.0
1.0,25354.0,1344.0,3585.0,18485.0,0.0,0.0,2623.0,962.0,0.0,1344.0
1.0,42495.0,2422.0,3565.0,10804.0,0.0,0.0,2588.0,977.0,0.0,2422.0
1.0,50877.0,3218.0,3545.0,0.0,0.0,0.0,2506.0,1039.0,0.0,3218.0
1.0,47659.0,2938.0,3472.0,0.0,0.0,0.0,2376.0,1096.0,0.0,2938.0
1.0,44721.0,3519.0,3396.0,0.0,0.0,0.0,2270.0,1126.0,1939.0,1580.0
1.0,41202.0,4420.0,3374.0,0.0,0.0,0.0,2248.0,1126.0,4420.0,0.0
1.0,36782.0,6914.0,3482.0,0.0,0.0,0.0,2356.0,1126.0,6914.0,0.0
1.0,29868.0,7481.0,3621.0,0.0,0.0,0.0,2500.0,1121.0,7481.0,0.0
1.0,22387.0,5564.0,3703.0,0.0,1692.0,1692.0,2607.0,1096.0,5564.0,0.0
1.0,16823.0,1143.0,3680.0,0.0,2720.0,2720.0,2629.0,1051.0,1143.0,0.0
1.0,15680.0,272.0,3624.0,0.0,2712.0,2712.0,2629.0,995.0,0.0,272.0
1.0,15408.0,1343.0,3593.0,1692.0,2208.0,2208.0,2629.0,964.0,0.0,1343.0
1.0,15757.0,2412.0,3572.0,2720.0,1795.0,1795.0,2593.0,979.0,0.0,2412.0
1.0,16065.0,3210.0,3551.0,2712.0,2188.0,2188.0,2510.0,1041.0,0.0,3210.0
1.0,15567.0,2937.0,3477.0,2208.0,2547.0,2547.0,2379.0,1098.0,0.0,2937.0
1.0,14838.0,3547.0,3403.0,1795.0,3929.0,3929.0,2275.0,1128.0,1945.0,1602.0
1.0,13086.0,4439.0,3381.0,2188.0,6070.0,6070.0,2253.0,1128.0,4439.0,0.0
1.0,10835.0,6934.0,3490.0,2547.0,11002.0,11002.0,2362.0,1128.0,6934.0,0.0
1.0,6448.0,7491.0,3629.0,3929.0,15259.0,15259.0,2506.0,1123.0,7491.0,0.0
1.0,2886.0,5541.0,3711.0,6070.0,15140.0,15140.0,2613.0,1098.0,5541.0,0.0
1.0,3415.0,1096.0,3686.0,11002.0,5109.0,5109.0,2634.0,1052.0,1096.0,0.0
1.0,13321.0,285.0,3630.0,15259.0,0.0,0.0,2634.0,996.0,0.0,285.0
1.0,28295.0,1362.0,3601.0,15140.0,0.0,0.0,2634.0,967.0,0.0,1362.0
1.0,42073.0,2433.0,3580.0,5109.0,0.0,0.0,2597.0,983.0,0.0,2433.0
1.0,44749.0,3219.0,3558.0,0.0,0.0,0.0,2513.0,1045.0,0.0,3219.0
1.0,41530.0,2926.0,3482.0,0.0,0.0,0.0,2381.0,1101.0,0.0,2926.0
1.0,38604.0,3557.0,3408.0,0.0,0.0,0.0,2276.0,1132.0,1984.0,1573.0
1.0,35047.0,4484.0,3387.0,0.0,0.0,0.0,2255.0,1132.0,4484.0,0.0
1.0,30563.0,7008.0,3500.0,0.0,0.0,0.0,2368.0,1132.0,7008.0,0.0
1.0,23555.0,7546.0,3639.0,0.0,2186.0,2186.0,2513.0,1126.0,7546.0,0.0
1.0,16009.0,5578.0,3719.0,0.0,8164.0,8164.0,2620.0,1099.0,5578.0,0.0
1.0,10431.0,1075.0,3694.0,0.0,9114.0,9114.0,2641.0,1053.0,1075.0,0.0
1.0,9356.0,296.0,3638.0,2186.0,6944.0,6944.0,2641.0,997.0,0.0,296.0
1.0,11246.0,1371.0,3608.0,8164.0,1.0,1.0,2641.0,967.0,0.0,1371.0
1.0,18039.0,2446.0,3589.0,9114.0,0.0,0.0,2604.0,985.0,0.0,2446.0
1.0,24707.0,3228.0,3567.0,6944.0,0.0,0.0,2520.0,1047.0,0.0,3228.0
1.0,28423.0,2942.0,3491.0,1.0,0.0,0.0,2388.0,1103.0,0.0,2942.0
1.0,25482.0,3496.0,3416.0,0.0,0.0,0.0,2282.0,1134.0,1923.0,1573.0
1.0,21986.0,4434.0,3394.0,0.0,0.0,0.0,2260.0,1134.0,4434.0,0.0
1.0,17552.0,6939.0,3505.0,0.0,6912.0,6912.0,2371.0,1134.0,6939.0,0.0
1.0,10613.0,7515.0,3644.0,0.0,15122.0,15122.0,2516.0,1128.0,7515.0,0.0
1.0,3098.0,5584.0,3725.0,0.0,18625.0,18625.0,2623.0,1102.0,5584.0,0.0
1.0,0.0,1167.0,3701.0,6912.0,15246.0,15246.0,2645.0,1056.0,1167.0,0.0
1.0,3259.0,285.0,3645.0,15122.0,129.0,129.0,2645.0,1000.0,0.0,285.0
1.0,18096.0,1366.0,3615.0,18625.0,0.0,0.0,2645.0,970.0,0.0,1366.0
1.0,35355.0,2449.0,3595.0,15246.0,0.0,0.0,2608.0,987.0,0.0,2449.0
1.0,48152.0,3240.0,3572.0,129.0,0.0,0.0,2523.0,1049.0,0.0,3240.0
1.0,45041.0,2947.0,3496.0,0.0,0.0,0.0,2390.0,1106.0,0.0,2947.0
1.0,42094.0,3543.0,3419.0,0.0,0.0,0.0,2283.0,1136.0,1967.0,1576.0
1.0,38551.0,4494.0,3399.0,0.0,0.0,0.0,2263.0,1136.0,4494.0,0.0
1.0,34057.0,7013.0,3513.0,0.0,0.0,0.0,2377.0,1136.0,7013.0,0.0
1.0,27044.0,7564.0,3654.0,0.0,0.0,0.0,2523.0,1131.0,7564.0,0.0
1.0,19480.0,5590.0,3735.0,0.0,4785.0,4785.0,2630.0,1105.0,5590.0,0.0
1.0,13890.0,1095.0,3709.0,0.0,5750.0,5750.0,2651.0,1058.0,1095.0,0.0
1.0,12795.0,293.0,3653.0,0.0,5763.0,5763.0,2651.0,1002.0,0.0,293.0
1.0,12502.0,1379.0,3623.0,4785.0,2207.0,2207.0,2651.0,972.0,0.0,1379.0
1.0,15908.0,2462.0,3603.0,5750.0,0.0,0.0,2614.0,989.0,0.0,2462.0
1.0,19196.0,3249.0,3580.0,5763.0,0.0,0.0,2529.0,1051.0,0.0,3249.0
1.0,21710.0,2953.0,3504.0,2207.0,0.0,0.0,2396.0,1108.0,0.0,2953.0
1.0,20964.0,3543.0,3428.0,0.0,0.0,0.0,2290.0,1138.0,1975.0,1568.0
1.0,17421.0,4474.0,3407.0,0.0,4088.0,4088.0,2269.0,1138.0,4474.0,0.0
1.0,12947.0,6987.0,3520.0,0.0,11640.0,11640.0,2382.0,1138.0,6987.0,0.0
1.0,5960.0,7542.0,3660.0,0.0,18300.0,18300.0,2527.0,1133.0,7542.0,0.0
1.0,0.0,5606.0,3741.0,4088.0,18705.0,18705.0,2634.0,1107.0,5606.0,0.0
1.0,0.0,1139.0,3717.0,11640.0,11184.0,11184.0,2656.0,1061.0,1139.0,0.0
1.0,7401.0,292.0,3661.0,18300.0,0.0,0.0,2656.0,1005.0,0.0,292.0
1.0,25409.0,1375.0,3631.0,18705.0,0.0,0.0,2656.0,975.0,0.0,1375.0
1.0,42739.0,2452.0,3610.0,11184.0,0.0,0.0,2619.0,991.0,0.0,2452.0
1.0,51471.0,3236.0,3587.0,0.0,0.0,0.0,2534.0,1053.0,0.0,3236.0
1.0,48235.0,2948.0,3510.0,0.0,0.0,0.0,2400.0,1110.0,0.0,2948.0
1.0,45287.0,3556.0,3434.0,0.0,0.0,0.0,2294.0,1140.0,1978.0,1578.0
1.0,41731.0,4519.0,3415.0,0.0,0.0,0.0,2275.0,1140.0,4519.0,0.0
1.0,37212.0,7052.0,3529.0,0.0,0.0,0.0,2389.0,1140.0,7052.0,0.0
1.0,30160.0,7605.0,3670.0,0.0,0.0,0.0,2535.0,1135.0,7605.0,0.0
1.0,22555.0,5603.0,3752.0,0.0,1808.0,1808.0,2643.0,1109.0,5603.0,0.0
1.0,16952.0,1064.0,3726.0,0.0,2742.0,2742.0,2664.0,1062.0,1064.0,0.0
1.0,15888.0,319.0,3670.0,0.0,2781.0,2781.0,2664.0,1006.0,0.0,319.0
1.0,15569.0,1405.0,3641.0,1808.0,2233.0,2233.0,2664.0,977.0,0.0,1405.0
1.0,15972.0,2495.0,3620.0,2742.0,1881.0,1881.0,2625.0,995.0,0.0,2495.0
1.0,16219.0,3262.0,3596.0,2781.0,2242.0,2242.0,2539.0,1057.0,0.0,3262.0
1.0,15738.0,2940.0,3518.0,2233.0,2559.0,2559.0,2404.0,1114.0,0.0,2940.0
1.0,15031.0,3505.0,3440.0,1881.0,3793.0,3793.0,2297.0,1143.0,1977.0,1528.0
1.0,13407.0,4504.0,3420.0,2242.0,5955.0,5955.0,2277.0,1143.0,4504.0,0.0
1.0,11145.0,7035.0,3534.0,2559.0,11001.0,11001.0,2391.0,1143.0,7035.0,0.0
1.0,6669.0,7593.0,3675.0,3793.0,15506.0,15506.0,2537.0,1138.0,7593.0,0.0
1.0,2869.0,5629.0,3757.0,5955.0,15590.0,15590.0,2646.0,1111.0,5629.0,0.0
1.0,3195.0,1139.0,3731.0,11001.0,5598.0,5598.0,2667.0,1064.0,1139.0,0.0
1.0,13057.0,310.0,3675.0,15506.0,0.0,0.0,2667.0,1008.0,0.0,310.0
1.0,28253.0,1398.0,3645.0,15590.0,0.0,0.0,2667.0,978.0,0.0,1398.0
1.0,42445.0,2480.0,3626.0,5598.0,0.0,0.0,2630.0,996.0,0.0,2480.0
1.0,45563.0,3261.0,3604.0,0.0,0.0,0.0,2545.0,1059.0,0.0,3261.0
1.0,42302.0,2953.0,3527.0,0.0,0.0,0.0,2412.0,1115.0,0.0,2953.0
1.0,39349.0,3557.0,3451.0,0.0,0.0,0.0,2306.0,1145.0,1991.0,1566.0
1.0,35792.0,4527.0,3430.0,0.0,0.0,0.0,2285.0,1145.0,4527.0,0.0
1.0,31265.0,7061.0,3544.0,0.0,0.0,0.0,2399.0,1145.0,7061.0,0.0
1.0,24204.0,7592.0,3685.0,0.0,1813.0,1813.0,2545.0,1140.0,7592.0,0.0
1.0,16612.0,5593.0,3766.0,0.0,7811.0,7811.0,2652.0,1114.0,5593.0,0.0
1.0,11019.0,1073.0,3740.0,0.0,8754.0,8754.0,2673.0,1067.0,1073.0,0.0
1.0,9946.0,300.0,3683.0,1813.0,6956.0,6956.0,2673.0,1010.0,0.0,300.0
1.0,11459.0,1397.0,3653.0,7811.0,392.0,392.0,2673.0,980.0,0.0,1397.0
1.0,17873.0,2486.0,3633.0,8754.0,0.0,0.0,2635.0,998.0,0.0,2486.0
1.0,24141.0,3275.0,3609.0,6956.0,0.0,0.0,2548.0,1061.0,0.0,3275.0
1.0,27822.0,2961.0,3532.0,392.0,0.0,0.0,2414.0,1118.0,0.0,2961.0
1.0,25253.0,3616.0,3456.0,0.0,0.0,0.0,2308.0,1148.0,2060.0,1556.0
1.0,21637.0,4597.0,3437.0,0.0,145.0,145.0,2289.0,1148.0,4597.0,0.0
1.0,17040.0,7145.0,3553.0,0.0,7870.0,7870.0,2405.0,1148.0,7145.0,0.0
1.0,9895.0,7636.0,3694.0,0.0,16211.0,16211.0,2552.0,1142.0,7636.0,0.0
1.0,2259.0,5598.0,3775.0,145.0,18875.0,18875.0,2660.0,1115.0,5598.0,0.0
1.0,0.0,987.0,3746.0,7870.0,15041.0,15041.0,2678.0,1068.0,987.0,0.0
1.0,3689.0,303.0,3689.0,16211.0,0.0,0.0,2678.0,1011.0,0.0,303.0
1.0,19597.0,1398.0,3660.0,18875.0,0.0,0.0,2678.0,982.0,0.0,1398.0
1.0,37074.0,2487.0,3639.0,15041.0,0.0,0.0,2640.0,999.0,0.0,2487.0
1.0,49628.0,3275.0,3616.0,0.0,0.0,0.0,2554.0,1062.0,0.0,3275.0
1.0,46353.0,2974.0,3539.0,0.0,0.0,0.0,2420.0,1119.0,0.0,2974.0
1.0,43379.0,3602.0,3464.0,0.0,0.0,0.0,2314.0,1150.0,2024.0,1578.0
1.0,39777.0,4562.0,3444.0,0.0,0.0,0.0,2294.0,1150.0,4562.0,0.0
1.0,35215.0,7115.0,3559.0,0.0,0.0,0.0,2409.0,1150.0,7115.0,0.0
1.0,28100.0,7628.0,3700.0,0.0,0.0,0.0,2556.0,1144.0,7628.0,0.0
1.0,20472.0,5625.0,3782.0,0.0,4063.0,4063.0,2664.0,1118.0,5625.0,0.0
1.0,14847.0,1059.0,3755.0,0.0,4987.0,4987.0,2684.0,1071.0,1059.0,0.0
1.0,13788.0,304.0,3698.0,0.0,5006.0,5006.0,2684.0,1014.0,0.0,304.0
1.0,13484.0,1396.0,3668.0,4063.0,2189.0,2189.0,2684.0,984.0,0.0,1396.0
1.0,16151.0,2488.0,3648.0,4987.0,0.0,0.0,2646.0,1002.0,0.0,2488.0
1.0,18650.0,3273.0,3624.0,5006.0,0.0,0.0,2559.0,1065.0,0.0,3273.0
1.0,20383.0,2966.0,3546.0,2189.0,0.0,0.0,2424.0,1122.0,0.0,2966.0
1.0,19606.0,3600.0,3468.0,0.0,1334.0,1334.0,2316.0,1152.0,2031.0,1569.0
1.0,16006.0,4586.0,3449.0,0.0,5825.0,5825.0,2297.0,1152.0,4586.0,0.0
1.0,11420.0,7152.0,3566.0,0.0,13562.0,13562.0,2414.0,1152.0,7152.0,0.0
1.0,4268.0,7672.0,3707.0,1334.0,18535.0,18535.0,2561.0,1146.0,7672.0,0.0
1.0,0.0,5633.0,3789.0,5825.0,18945.0,18945.0,2670.0,1119.0,5633.0,0.0
1.0,0.0,1021.0,3760.0,13562.0,8137.0,8137.0,2689.0,1071.0,1021.0,0.0
1.0,10663.0,320.0,3703.0,18535.0,0.0,0.0,2689.0,1014.0,0.0,320.0
1.0,28878.0,1417.0,3674.0,18945.0,0.0,0.0,2689.0,985.0,0.0,1417.0
1.0,46406.0,2512.0,3655.0,8137.0,0.0,0.0,2651.0,1004.0,0.0,2512.0
1.0,52031.0,3291.0,3632.0,0.0,0.0,0.0,2565.0,1067.0,0.0,3291.0
1.0,48740.0,2974.0,3553.0,0.0,0.0,0.0,2429.0,1124.0,0.0,2974.0
1.0,45766.0,3610.0,3477.0,0.0,0.0,0.0,2323.0,1154.0,2049.0,1561.0
1.0,42156.0,4595.0,3457.0,0.0,0.0,0.0,2303.0,1154.0,4595.0,0.0
1.0,37561.0,7149.0,3572.0,0.0,0.0,0.0,2418.0,1154.0,7149.0,0.0
1.0,30412.0,7656.0,3714.0,0.0,0.0,0.0,2566.0,1148.0,7656.0,0.0
1.0,22756.0,5626.0,3796.0,0.0,1850.0,1850.0,2674.0,1122.0,5626.0,0.0
1.0,17130.0,1058.0,3768.0,0.0,2768.0,2768.0,2694.0,1074.0,1058.0,0.0
1.0,16072.0,311.0,3711.0,0.0,2794.0,2794.0,2694.0,1017.0,0.0,311.0
1.0,15761.0,1406.0,3681.0,1850.0,2200.0,2200.0,2694.0,987.0,0.0,1406.0
1.0,16205.0,2502.0,3661.0,2768.0,1834.0,1834.0,2656.0,1005.0,0.0,2502.0
1.0,16471.0,3284.0,3638.0,2794.0,2209.0,2209.0,2569.0,1069.0,0.0,3284.0
1.0,15981.0,2978.0,3559.0,2200.0,2592.0,2592.0,2433.0,1126.0,0.0,2978.0
1.0,15203.0,3636.0,3483.0,1834.0,4014.0,4014.0,2327.0,1156.0,2054.0,1582.0
1.0,13401.0,4625.0,3464.0,2209.0,6335.0,6335.0,2308.0,1156.0,4625.0,0.0
1.0,10985.0,7183.0,3582.0,2592.0,11516.0,11516.0,2426.0,1156.0,7183.0,0.0
1.0,6394.0,7694.0,3723.0,4014.0,15901.0,15901.0,2573.0,1150.0,7694.0,0.0
1.0,2714.0,5628.0,3806.0,6335.0,15609.0,15609.0,2682.0,1124.0,5628.0,0.0
1.0,3421.0,1006.0,3777.0,11516.0,4954.0,4954.0,2701.0,1076.0,1006.0,0.0
1.0,13931.0,321.0,3720.0,15901.0,0.0,0.0,2701.0,1019.0,0.0,321.0
1.0,29511.0,1423.0,3690.0,15609.0,0.0,0.0,2701.0,989.0,0.0,1423.0
1.0,43697.0,2524.0,3669.0,4954.0,0.0,0.0,2661.0,1008.0,0.0,2524.0
1.0,46127.0,3309.0,3645.0,0.0,0.0,0.0,2573.0,1072.0,0.0,3309.0
1.0,42818.0,2980.0,3565.0,0.0,0.0,0.0,2436.0,1129.0,0.0,2980.0
1.0,39838.0,3614.0,3487.0,0.0,0.0,0.0,2328.0,1159.0,2066.0,1548.0
1.0,36224.0,4614.0,3469.0,0.0,0.0,0.0,2310.0,1159.0,4614.0,0.0
1.0,31610.0,7194.0,3588.0,0.0,0.0,0.0,2429.0,1159.0,7194.0,0.0
1.0,24416.0,7709.0,3730.0,0.0,1943.0,1943.0,2577.0,1153.0,7709.0,0.0
1.0,16707.0,5666.0,957.7662789629195,0.0,0.0,0.0,966.3304977619714,-8.5642187990519,5666.0,0.0
1.0,11041.0,1048.0,267.70160563053446,0.0,0.0,0.0,-23.9330367043126,291.63464233484706,1048.0,0.0
1.0,9993.0,316.0,1365.1296874169125,1943.0,0.0,0.0,-28.07729517378266,1393.2069825906951,0.0,316.0
1.0,11620.0,1413.0,2461.6781574960405,0.0,2102.0,2102.0,-29.932530097511517,2491.610687593552,0.0,1413.0
1.0,10207.0,2512.0,3256.3954527820006,0.0,8587.0,8587.0,-10.749173005091507,3267.144625787092,0.0,2512.0
1.0,7695.0,3302.0,2970.6349522250653,0.0,10461.0,10461.0,-8.59990497292165,2979.234857197987,0.0,3302.0
1.0,4393.0,2989.0,3600.3327044853204,2102.0,14495.0,14495.0,2055.7375890208045,1544.5951154645159,0.0,2989.0
1.0,3506.0,3638.0,4611.217116507174,8587.0,14601.0,14601.0,4615.384433440755,-4.167316933580878,2054.0,1584.0
1.0,8455.0,4631.0,7185.336650365679,10461.0,21641.0,21641.0,7179.065820444452,6.270829921227232,4631.0,0.0
1.0,14285.0,7205.0,7620.777451740976,14495.0,16529.0,16529.0,7609.26826913237,11.509182608606693,7205.0,0.0
1.0,21575.0,7713.0,5591.6018489494045,14601.0,0.0,0.0,5580.694972299606,10.906876649798392,7713.0,0.0
1.0,28463.0,5640.0,955.1043391643907,21641.0,0.0,0.0,963.4110909667488,-8.306751802358121,5640.0,0.0
1.0,44464.0,1002.0,271.3099681396794,16529.0,0.0,0.0,-22.88526073105959,294.195228870739,1002.0,0.0
1.0,59991.0,326.0,1367.1530146794662,0.0,0.0,0.0,-27.891787296550774,1395.044801976017,0.0,326.0
1.0,59665.0,1430.0,2465.5867817257017,0.0,0.0,0.0,-29.84352379277925,2495.430305518481,0.0,1430.0
1.0,58235.0,2537.0,3260.547033009395,0.0,0.0,0.0,-10.182031077392821,3270.7290640867877,0.0,2537.0
1.0,55698.0,3309.0,2970.467853570361,0.0,0.0,0.0,-7.08711009529452,2977.5549636656556,0.0,3309.0
1.0,52389.0,2981.0,3605.85009903609,0.0,0.0,0.0,2060.30736008746,1545.54273894863,0.0,2981.0
1.0,49408.0,3638.0,4621.777333218931,0.0,0.0,0.0,4625.224002353216,-3.4466691342846616,2095.0,1543.0
1.0,45770.0,4667.0,7201.04020167009,0.0,0.0,0.0,7194.823996318793,6.216205351296708,4667.0,0.0
1.0,41103.0,7250.0,7624.5358341459605,0.0,4270.0,4270.0,7613.195789442245,11.34004470371542,7250.0,0.0
1.0,33853.0,7741.0,5593.716327519026,0.0,1857.0,1857.0,5583.019129913004,10.697197606022542,7741.0,0.0
1.0,26112.0,5653.0,943.4912355453199,0.0,0.0,0.0,952.4744022349028,-8.983166689582845,5653.0,0.0
1.0,20459.0,982.0,271.9639500043105,4270.0,0.0,0.0,-24.53015970307888,296.4941097073894,982.0,0.0
1.0,23747.0,336.0,1370.6728710877437,1857.0,0.0,0.0,-28.16536457004395,1398.8382356577877,0.0,336.0
1.0,25268.0,1440.0,2469.4728111174704,0.0,0.0,0.0,-30.189086867117567,2499.661897984588,0.0,1440.0
1.0,23828.0,2549.0,3261.8241961613367,0.0,0.0,0.0,-9.948272413911582,3271.7724685752482,0.0,2549.0
1.0,21279.0,3323.0,2975.3302661945004,0.0,0.0,0.0,-4.034349994385138,2979.3646161888855,0.0,3323.0
1.0,17956.0,2992.0,3608.8369108828438,0.0,3080.0,3080.0,2070.722600698489,1538.1143101843552,0.0,2992.0
1.0,14964.0,3642.0,4630.660451698521,0.0,11832.0,11832.0,4634.325755844868,-3.6653041463470117,2090.0,1552.0
1.0,11322.0,4663.0,7210.334615314009,0.0,29392.0,29392.0,7204.253980078072,6.080635235937166,4663.0,0.0
1.0,6659.0,7242.0,7627.730680005672,3080.0,35642.0,35642.0,7616.834741943094,10.895938062578239,7242.0,0.0
1.0,2497.0,7727.0,5586.177265649739,11832.0,21329.0,21329.0,5574.950161859071,11.22710379066757,7727.0,0.0
1.0,6602.0,5657.0,934.6501163634741,29392.0,0.0,0.0,943.5690872193088,-8.918970855834687,5657.0,0.0
1.0,30337.0,1002.0,279.5417200494777,35642.0,0.0,0.0,-22.559372734609497,302.1010927840872,1002.0,0.0
1.0,64977.0,336.0,1374.2472876212205,21329.0,0.0,0.0,-28.711582208559776,1402.9588698297803,0.0,336.0
1.0,85970.0,1448.0,2473.12348965606,0.0,0.0,0.0,-31.021998497718414,2504.1454881537784,0.0,1448.0
1.0,84522.0,2556.0,3264.9803494254115,0.0,0.0,0.0,-8.878791394416567,3273.859140819828,0.0,2556.0
1.0,81966.0,3324.0,2974.155923875212,0.0,0.0,0.0,-2.394604018955306,2976.5505278941673,0.0,3324.0
1.0,78642.0,2980.0,3612.283260605139,0.0,0.0,0.0,2078.932807704405,1533.350452900734,0.0,2980.0
1.0,75662.0,3635.0,4642.362874317217,0.0,0.0,0.0,4645.177498208688,-2.8146238914716832,2099.0,1536.0
1.0,72027.0,4689.0,7222.651678633855,0.0,0.0,0.0,7216.803556742516,5.8481218913393604,4689.0,0.0
1.0,67338.0,7297.0,7630.831013432975,0.0,0.0,0.0,7619.820356936925,11.010656496049364,7297.0,0.0
1.0,60041.0,7798.0,5585.423802655022,0.0,0.0,0.0,5574.535111406477,10.888691248544887,7798.0,0.0
1.0,52243.0,5684.0,925.6954885260405,0.0,0.0,0.0,935.1198904776154,-9.42440195157485,5684.0,0.0
1.0,46559.0,965.0,279.8188505765223,0.0,0.0,0.0,-23.860270146408766,303.6791207229311,965.0,0.0
1.0,45594.0,337.0,1377.9093138553008,0.0,0.0,0.0,-28.40708695552803,1406.3164008108288,0.0,337.0
1.0,45257.0,1452.0,2478.5990957284203,0.0,0.0,0.0,-30.144427563339377,2508.7435232917596,0.0,1452.0
1.0,43805.0,2566.0,3267.428006377521,0.0,0.0,0.0,-8.359744101555862,3275.7877504790767,0.0,2566.0
1.0,41239.0,3347.0,2977.962884647884,0.0,0.0,0.0,-0.4172586911899998,2978.380143339074,0.0,3347.0
2.0,0.0,1660.0,1660.0,0.0,8300.0,8300.0,1175.0,485.0,1175.0,485.0
2.0,0.0,1675.0,1668.0,0.0,8340.0,8340.0,1180.0,488.0,1185.0,490.0
2.0,0.0,1700.0,1678.0,0.0,8390.0,8390.0,1185.0,493.0,1195.0,505.0
2.0,0.0,1690.0,1682.0,8300.0,6835.0,6835.0,1184.0,498.0,1180.0,510.0
2.0,1575.0,1685.0,1682.0,8340.0,180.0,180.0,1182.0,500.0,1175.0,510.0
2.0,8230.0,1670.0,1680.0,8390.0,0.0,0.0,1179.0,501.0,1165.0,505.0
2.0,14950.0,0.0,1440.0,6835.0,0.0,0.0,1011.0,429.0,0.0,0.0
2.0,21785.0,0.0,1260.0,180.0,0.0,0.0,884.0,376.0,0.0,0.0
2.0,21965.0,0.0,1120.0,0.0,0.0,0.0,786.0,334.0,0.0,0.0
2.0,21965.0,0.0,1008.0,0.0,0.0,0.0,708.0,300.0,0.0,0.0
2.0,21965.0,0.0,916.0,0.0,0.0,0.0,643.0,273.0,0.0,0.0
2.0,21965.0,0.0,840.0,0.0,0.0,0.0,590.0,250.0,0.0,0.0
2.0,21965.0,0.0,775.0,0.0,0.0,0.0,544.0,231.0,0.0,0.0
2.0,21965.0,0.0,720.0,0.0,0.0,0.0,505.0,215.0,0.0,0.0
2.0,21965.0,0.0,672.0,0.0,0.0,0.0,472.0,200.0,0.0,0.0
2.0,21965.0,0.0,630.0,0.0,0.0,0.0,442.0,188.0,0.0,0.0
2.0,21965.0,0.0,593.0,0.0,0.0,0.0,416.0,177.0,0.0,0.0
2.0,21965.0,0.0,560.0,0.0,0.0,0.0,393.0,167.0,0.0,0.0
2.0,21965.0,0.0,530.0,0.0,0.0,0.0,372.0,158.0,0.0,0.0
2.0,21965.0,0.0,504.0,0.0,0.0,0.0,354.0,150.0,0.0,0.0
2.0,21965.0,0.0,480.0,0.0,0.0,0.0,337.0,143.0,0.0,0.0
2.0,21965.0,0.0,459.0,0.0,0.0,0.0,322.0,137.0,0.0,0.0
2.0,21965.0,0.0,439.0,0.0,0.0,0.0,308.0,131.0,0.0,0.0
2.0,21965.0,0.0,420.0,0.0,0.0,0.0,295.0,125.0,0.0,0.0
2.0,21965.0,217.0,412.0,0.0,0.0,0.0,288.0,124.0,133.0,84.0
2.0,21748.0,567.0,418.0,0.0,0.0,0.0,292.0,126.0,378.0,189.0
2.0,21181.0,906.0,436.0,0.0,0.0,0.0,304.0,132.0,614.0,292.0
2.0,20275.0,1033.0,458.0,0.0,0.0,0.0,319.0,139.0,721.0,312.0
2.0,19242.0,817.0,470.0,0.0,0.0,0.0,328.0,142.0,587.0,230.0
2.0,18425.0,275.0,463.0,0.0,0.0,0.0,325.0,138.0,232.0,43.0
2.0,18150.0,0.0,448.0,0.0,0.0,0.0,314.0,134.0,0.0,0.0
2.0,18150.0,0.0,434.0,0.0,0.0,0.0,304.0,130.0,0.0,0.0
2.0,18150.0,0.0,421.0,0.0,0.0,0.0,295.0,126.0,0.0,0.0
2.0,18150.0,0.0,408.0,0.0,0.0,0.0,286.0,122.0,0.0,0.0
2.0,18150.0,0.0,397.0,0.0,0.0,0.0,278.0,119.0,0.0,0.0
2.0,18150.0,264.0,393.0,0.0,0.0,0.0,275.0,118.0,170.0,94.0
2.0,17886.0,629.0,399.0,0.0,0.0,0.0,279.0,120.0,425.0,204.0
2.0,17257.0,988.0,415.0,0.0,0.0,0.0,290.0,125.0,674.0,314.0
2.0,16269.0,1088.0,433.0,0.0,0.0,0.0,302.0,131.0,757.0,331.0
2.0,15181.0,816.0,442.0,0.0,0.0,0.0,309.0,133.0,584.0,232.0
2.0,14365.0,165.0,436.0,0.0,0.0,0.0,305.0,131.0,142.0,23.0
2.0,14200.0,0.0,424.0,0.0,0.0,0.0,297.0,127.0,0.0,0.0
2.0,14200.0,0.0,415.0,0.0,0.0,0.0,291.0,124.0,0.0,0.0
2.0,14200.0,0.0,406.0,0.0,0.0,0.0,284.0,122.0,0.0,0.0
2.0,14200.0,0.0,397.0,0.0,0.0,0.0,278.0,119.0,0.0,0.0
2.0,14200.0,0.0,388.0,0.0,0.0,0.0,272.0,116.0,0.0,0.0
2.0,14200.0,298.0,386.0,0.0,0.0,0.0,270.0,116.0,201.0,97.0
2.0,13902.0,649.0,392.0,0.0,0.0,0.0,274.0,118.0,441.0,208.0
2.0,13253.0,1002.0,404.0,0.0,0.0,0.0,282.0,122.0,686.0,316.0
2.0,12251.0,1073.0,417.0,0.0,0.0,0.0,291.0,126.0,747.0,326.0
2.0,11178.0,806.0,425.0,0.0,0.0,0.0,297.0,128.0,579.0,227.0
2.0,10372.0,178.0,420.0,0.0,0.0,0.0,294.0,126.0,156.0,22.0
2.0,10194.0,0.0,389.0,0.0,0.0,0.0,272.0,117.0,0.0,0.0
2.0,10194.0,0.0,356.0,0.0,0.0,0.0,249.0,107.0,0.0,0.0
2.0,10194.0,0.0,323.0,0.0,0.0,0.0,226.0,97.0,0.0,0.0
2.0,10194.0,0.0,291.0,0.0,0.0,0.0,203.0,88.0,0.0,0.0
2.0,10194.0,3.0,259.0,0.0,0.0,0.0,181.0,78.0,0.0,3.0
2.0,10191.0,371.0,234.0,0.0,0.0,0.0,163.0,71.0,251.0,120.0
2.0,9820.0,772.0,248.0,0.0,0.0,0.0,173.0,75.0,527.0,245.0
2.0,9048.0,1146.0,270.0,0.0,0.0,0.0,188.0,82.0,791.0,355.0
2.0,7902.0,1138.0,293.0,0.0,0.0,0.0,204.0,89.0,790.0,348.0
2.0,6764.0,730.0,307.0,0.0,0.0,0.0,214.0,93.0,524.0,206.0
2.0,6034.0,0.0,307.0,0.0,0.0,0.0,214.0,93.0,0.0,0.0
2.0,6034.0,0.0,307.0,0.0,0.0,0.0,214.0,93.0,0.0,0.0
2.0,6034.0,0.0,307.0,0.0,0.0,0.0,214.0,93.0,0.0,0.0
2.0,6034.0,0.0,307.0,0.0,0.0,0.0,214.0,93.0,0.0,0.0
2.0,6034.0,0.0,307.0,0.0,0.0,0.0,214.0,93.0,0.0,0.0
2.0,6034.0,32.0,307.0,0.0,0.0,0.0,214.0,93.0,32.0,0.0
2.0,6002.0,388.0,314.0,0.0,0.0,0.0,220.0,94.0,295.0,93.0
2.0,5614.0,770.0,330.0,0.0,0.0,0.0,231.0,99.0,558.0,212.0
2.0,4844.0,1123.0,351.0,0.0,0.0,0.0,246.0,105.0,800.0,323.0
2.0,3721.0,1134.0,372.0,0.0,0.0,0.0,261.0,111.0,786.0,348.0
2.0,2587.0,756.0,387.0,0.0,104.0,104.0,271.0,116.0,502.0,254.0
2.0,1831.0,52.0,388.0,0.0,161.0,161.0,271.0,117.0,0.0,52.0
2.0,1779.0,0.0,388.0,0.0,161.0,161.0,271.0,117.0,0.0,0.0
2.0,1779.0,0.0,388.0,104.0,57.0,57.0,271.0,117.0,0.0,0.0
2.0,1883.0,0.0,384.0,161.0,0.0,0.0,268.0,116.0,0.0,0.0
2.0,2044.0,0.0,373.0,161.0,0.0,0.0,261.0,112.0,0.0,0.0
2.0,2205.0,29.0,356.0,57.0,0.0,0.0,250.0,106.0,29.0,0.0
2.0,2233.0,407.0,344.0,0.0,0.0,0.0,242.0,102.0,309.0,98.0
2.0,1826.0,803.0,344.0,0.0,697.0,697.0,242.0,102.0,586.0,217.0
2.0,1023.0,1157.0,361.0,0.0,1804.0,1804.0,253.0,108.0,826.0,331.0
2.0,1.0,1117.0,382.0,0.0,1909.0,1909.0,268.0,114.0,775.0,342.0
2.0,1.0,693.0,396.0,697.0,1979.0,1979.0,277.0,119.0,455.0,238.0
2.0,1.0,66.0,397.0,1804.0,1494.0,1494.0,277.0,120.0,0.0,66.0
2.0,491.0,455.0,406.0,1909.0,85.0,85.0,282.0,124.0,271.0,184.0
2.0,1945.0,166.0,409.0,1979.0,0.0,0.0,284.0,125.0,85.0,81.0
2.0,3758.0,0.0,403.0,1494.0,0.0,0.0,280.0,123.0,0.0,0.0
2.0,5252.0,0.0,391.0,85.0,0.0,0.0,272.0,119.0,0.0,0.0
2.0,5337.0,0.0,372.0,0.0,0.0,0.0,259.0,113.0,0.0,0.0
2.0,5337.0,0.0,352.0,0.0,0.0,0.0,245.0,107.0,0.0,0.0
2.0,5337.0,249.0,341.0,0.0,0.0,0.0,238.0,103.0,249.0,0.0
2.0,5088.0,606.0,349.0,0.0,0.0,0.0,246.0,103.0,539.0,67.0
2.0,4482.0,1017.0,369.0,0.0,0.0,0.0,262.0,107.0,825.0,192.0
2.0,3465.0,1179.0,392.0,0.0,0.0,0.0,279.0,113.0,869.0,310.0
2.0,2286.0,964.0,410.0,0.0,728.0,728.0,290.0,120.0,607.0,357.0
2.0,1322.0,339.0,416.0,0.0,1097.0,1097.0,291.0,125.0,60.0,279.0
2.0,983.0,89.0,418.0,0.0,1196.0,1196.0,291.0,127.0,0.0,89.0
2.0,894.0,0.0,413.0,728.0,443.0,443.0,288.0,125.0,0.0,0.0
2.0,1622.0,0.0,400.0,1097.0,0.0,0.0,279.0,121.0,0.0,0.0
2.0,2719.0,0.0,381.0,1196.0,0.0,0.0,266.0,115.0,0.0,0.0
2.0,3915.0,0.0,360.0,443.0,0.0,0.0,251.0,109.0,0.0,0.0
2.0,4358.0,247.0,349.0,0.0,0.0,0.0,245.0,104.0,247.0,0.0
2.0,4111.0,601.0,358.0,0.0,0.0,0.0,252.0,106.0,509.0,92.0
2.0,3510.0,992.0,377.0,0.0,0.0,0.0,267.0,110.0,781.0,211.0
2.0,2518.0,1157.0,399.0,0.0,634.0,634.0,283.0,116.0,829.0,328.0
2.0,1361.0,988.0,418.0,0.0,1717.0,1717.0,295.0,123.0,628.0,360.0
2.0,373.0,416.0,426.0,0.0,2129.0,2129.0,298.0,128.0,141.0,275.0
2.0,1.0,80.0,428.0,634.0,1629.0,1629.0,298.0,130.0,0.0,80.0
2.0,511.0,0.0,421.0,1717.0,0.0,0.0,293.0,128.0,0.0,0.0
2.0,2228.0,0.0,406.0,2129.0,0.0,0.0,283.0,123.0,0.0,0.0
2.0,4357.0,0.0,383.0,1629.0,0.0,0.0,267.0,116.0,0.0,0.0
2.0,5986.0,0.0,361.0,0.0,0.0,0.0,252.0,109.0,0.0,0.0
2.0,5986.0,257.0,352.0,0.0,0.0,0.0,247.0,105.0,257.0,0.0
2.0,5729.0,663.0,365.0,0.0,0.0,0.0,258.0,107.0,557.0,106.0
2.0,5066.0,1079.0,386.0,0.0,0.0,0.0,274.0,112.0,849.0,230.0
2.0,3987.0,1232.0,410.0,0.0,0.0,0.0,291.0,119.0,881.0,351.0
2.0,2755.0,970.0,429.0,0.0,360.0,360.0,303.0,126.0,606.0,364.0
2.0,1785.0,294.0,434.0,0.0,679.0,679.0,304.0,130.0,39.0,255.0
2.0,1491.0,28.0,434.0,0.0,707.0,707.0,303.0,131.0,0.0,28.0
2.0,1463.0,0.0,426.0,360.0,307.0,307.0,297.0,129.0,0.0,0.0
2.0,1823.0,0.0,411.0,679.0,0.0,0.0,286.0,125.0,0.0,0.0
2.0,2502.0,0.0,390.0,707.0,0.0,0.0,271.0,119.0,0.0,0.0
2.0,3209.0,0.0,368.0,307.0,0.0,0.0,256.0,112.0,0.0,0.0
2.0,3516.0,287.0,360.0,0.0,0.0,0.0,252.0,108.0,269.0,18.0
2.0,3229.0,701.0,371.0,0.0,0.0,0.0,262.0,109.0,561.0,140.0
2.0,2528.0,1132.0,394.0,0.0,574.0,574.0,279.0,115.0,864.0,268.0
2.0,1396.0,1265.0,418.0,0.0,1959.0,1959.0,296.0,122.0,891.0,374.0
2.0,131.0,998.0,437.0,0.0,2184.0,2184.0,308.0,129.0,636.0,362.0
2.0,1.0,297.0,443.0,574.0,2214.0,2214.0,310.0,133.0,67.0,230.0
2.0,1.0,0.0,442.0,1959.0,841.0,841.0,309.0,133.0,0.0,0.0
2.0,1369.0,57.0,435.0,2184.0,0.0,0.0,303.0,132.0,0.0,57.0
2.0,3496.0,0.0,420.0,2214.0,0.0,0.0,292.0,128.0,0.0,0.0
2.0,5710.0,0.0,398.0,841.0,0.0,0.0,276.0,122.0,0.0,0.0
2.0,6551.0,0.0,376.0,0.0,0.0,0.0,261.0,115.0,0.0,0.0
2.0,6551.0,232.0,368.0,0.0,0.0,0.0,257.0,111.0,232.0,0.0
2.0,6319.0,635.0,378.0,0.0,0.0,0.0,267.0,111.0,541.0,94.0
2.0,5684.0,1063.0,390.0,0.0,0.0,0.0,278.0,112.0,844.0,219.0
2.0,4621.0,1258.0,411.0,0.0,0.0,0.0,294.0,117.0,916.0,342.0
2.0,3363.0,1050.0,431.0,0.0,0.0,0.0,307.0,124.0,675.0,375.0
2.0,2313.0,423.0,440.0,0.0,310.0,310.0,310.0,130.0,132.0,291.0
2.0,1890.0,79.0,441.0,0.0,394.0,394.0,310.0,131.0,0.0,79.0
2.0,1811.0,0.0,441.0,0.0,394.0,394.0,310.0,131.0,0.0,0.0
2.0,1811.0,0.0,436.0,310.0,59.0,59.0,305.0,131.0,0.0,0.0
2.0,2121.0,0.0,424.0,394.0,0.0,0.0,294.0,130.0,0.0,0.0
2.0,2515.0,0.0,405.0,394.0,0.0,0.0,279.0,126.0,0.0,0.0
2.0,2909.0,233.0,386.0,59.0,0.0,0.0,266.0,120.0,233.0,0.0
2.0,2735.0,644.0,380.0,0.0,0.0,0.0,265.0,115.0,538.0,106.0
2.0,2091.0,1071.0,395.0,0.0,955.0,955.0,280.0,115.0,833.0,238.0
2.0,1020.0,1290.0,417.0,0.0,2084.0,2084.0,297.0,120.0,913.0,377.0
2.0,1.0,1103.0,439.0,0.0,2194.0,2194.0,311.0,128.0,697.0,406.0
2.0,1.0,471.0,448.0,955.0,2239.0,2239.0,314.0,134.0,172.0,299.0
2.0,1.0,127.0,450.0,2084.0,1182.0,1182.0,314.0,136.0,0.0,127.0
2.0,1068.0,308.0,456.0,2194.0,0.0,0.0,315.0,141.0,49.0,259.0
2.0,2954.0,0.0,451.0,2239.0,0.0,0.0,310.0,141.0,0.0,0.0
2.0,5193.0,0.0,440.0,1182.0,0.0,0.0,301.0,139.0,0.0,0.0
2.0,6375.0,0.0,421.0,0.0,0.0,0.0,286.0,135.0,0.0,0.0
2.0,6375.0,190.0,402.0,0.0,0.0,0.0,273.0,129.0,190.0,0.0
2.0,6185.0,495.0,393.0,0.0,0.0,0.0,271.0,122.0,495.0,0.0
2.0,5690.0,782.0,400.0,0.0,0.0,0.0,283.0,117.0,782.0,0.0
2.0,4908.0,906.0,416.0,0.0,0.0,0.0,300.0,116.0,892.0,14.0
2.0,4002.0,855.0,432.0,0.0,0.0,0.0,314.0,118.0,709.0,146.0
2.0,3147.0,536.0,443.0,0.0,0.0,0.0,319.0,124.0,255.0,281.0
2.0,2611.0,410.0,451.0,0.0,54.0,54.0,319.0,132.0,0.0,410.0
2.0,2201.0,399.0,458.0,0.0,488.0,488.0,319.0,139.0,0.0,399.0
2.0,1802.0,247.0,458.0,0.0,735.0,735.0,314.0,144.0,0.0,247.0
2.0,1555.0,0.0,445.0,54.0,616.0,616.0,303.0,142.0,0.0,0.0
2.0,1609.0,0.0,425.0,488.0,28.0,28.0,287.0,138.0,0.0,0.0
2.0,2097.0,284.0,406.0,735.0,0.0,0.0,275.0,131.0,284.0,0.0
2.0,2548.0,613.0,399.0,616.0,0.0,0.0,275.0,124.0,613.0,0.0
2.0,2551.0,934.0,412.0,28.0,415.0,415.0,293.0,119.0,934.0,0.0
2.0,1645.0,972.0,429.0,0.0,1472.0,1472.0,311.0,118.0,972.0,0.0
2.0,673.0,795.0,445.0,0.0,2224.0,2224.0,324.0,121.0,662.0,133.0
2.0,1.0,289.0,450.0,415.0,2246.0,2246.0,324.0,126.0,22.0,267.0
2.0,4.0,404.0,458.0,1472.0,1218.0,1218.0,324.0,134.0,0.0,404.0
2.0,1072.0,428.0,466.0,2224.0,0.0,0.0,324.0,142.0,0.0,428.0
2.0,2868.0,277.0,466.0,2246.0,0.0,0.0,319.0,147.0,0.0,277.0
2.0,4837.0,13.0,454.0,1218.0,0.0,0.0,309.0,145.0,0.0,13.0
2.0,6042.0,0.0,432.0,0.0,0.0,0.0,292.0,140.0,0.0,0.0
2.0,6042.0,284.0,412.0,0.0,0.0,0.0,280.0,132.0,284.0,0.0
2.0,5758.0,584.0,404.0,0.0,0.0,0.0,279.0,125.0,584.0,0.0
2.0,5174.0,896.0,416.0,0.0,0.0,0.0,295.0,121.0,896.0,0.0
2.0,4278.0,931.0,434.0,0.0,0.0,0.0,313.0,121.0,931.0,0.0
2.0,3347.0,804.0,448.0,0.0,0.0,0.0,326.0,122.0,682.0,122.0
2.0,2543.0,387.0,456.0,0.0,124.0,124.0,329.0,127.0,124.0,263.0
2.0,2156.0,402.0,464.0,0.0,566.0,566.0,329.0,135.0,0.0,402.0
2.0,1754.0,418.0,472.0,0.0,1024.0,1024.0,329.0,143.0,0.0,418.0
2.0,1336.0,287.0,473.0,124.0,1192.0,1192.0,324.0,149.0,0.0,287.0
2.0,1173.0,22.0,461.0,566.0,588.0,588.0,314.0,147.0,0.0,22.0
2.0,1717.0,0.0,440.0,1024.0,0.0,0.0,297.0,143.0,0.0,0.0
2.0,2741.0,312.0,422.0,1192.0,0.0,0.0,286.0,136.0,312.0,0.0
2.0,3621.0,638.0,414.0,588.0,0.0,0.0,285.0,129.0,638.0,0.0
2.0,3571.0,955.0,425.0,0.0,0.0,0.0,301.0,124.0,955.0,0.0
2.0,2616.0,958.0,441.0,0.0,547.0,547.0,319.0,122.0,958.0,0.0
2.0,1658.0,772.0,457.0,0.0,1399.0,1399.0,332.0,125.0,638.0,134.0
2.0,886.0,286.0,462.0,0.0,1710.0,1710.0,332.0,130.0,12.0,274.0
2.0,600.0,412.0,470.0,547.0,1615.0,1615.0,332.0,138.0,0.0,412.0
2.0,735.0,416.0,478.0,1399.0,672.0,672.0,332.0,146.0,0.0,416.0
2.0,1718.0,287.0,478.0,1710.0,0.0,0.0,327.0,151.0,0.0,287.0
2.0,3141.0,15.0,467.0,1615.0,0.0,0.0,317.0,150.0,0.0,15.0
2.0,4741.0,63.0,447.0,672.0,0.0,0.0,302.0,145.0,63.0,0.0
2.0,5350.0,383.0,430.0,0.0,0.0,0.0,292.0,138.0,383.0,0.0
2.0,4967.0,709.0,422.0,0.0,0.0,0.0,292.0,130.0,709.0,0.0
2.0,4258.0,978.0,432.0,0.0,0.0,0.0,308.0,124.0,978.0,0.0
2.0,3280.0,913.0,447.0,0.0,0.0,0.0,325.0,122.0,913.0,0.0
2.0,2367.0,678.0,455.0,0.0,586.0,586.0,335.0,120.0,532.0,146.0
2.0,1689.0,287.0,460.0,0.0,898.0,898.0,335.0,125.0,0.0,287.0
2.0,1402.0,425.0,468.0,0.0,1363.0,1363.0,335.0,133.0,0.0,425.0
2.0,977.0,416.0,476.0,586.0,1233.0,1233.0,335.0,141.0,0.0,416.0
2.0,1147.0,265.0,477.0,898.0,605.0,605.0,331.0,146.0,0.0,265.0
2.0,1780.0,0.0,467.0,1363.0,0.0,0.0,321.0,146.0,0.0,0.0
2.0,3143.0,103.0,454.0,1233.0,0.0,0.0,308.0,146.0,103.0,0.0
2.0,4273.0,446.0,446.0,605.0,0.0,0.0,300.0,146.0,446.0,0.0
2.0,4432.0,785.0,444.0,0.0,0.0,0.0,301.0,143.0,785.0,0.0
2.0,3647.0,1014.0,454.0,0.0,0.0,0.0,316.0,138.0,1014.0,0.0
2.0,2633.0,922.0,463.0,0.0,604.0,604.0,333.0,130.0,896.0,26.0
2.0,1711.0,597.0,467.0,0.0,1221.0,1221.0,341.0,126.0,430.0,167.0
2.0,1114.0,308.0,468.0,0.0,1534.0,1534.0,341.0,127.0,0.0,308.0
2.0,806.0,428.0,476.0,604.0,1398.0,1398.0,341.0,135.0,0.0,428.0
2.0,982.0,410.0,484.0,1221.0,627.0,627.0,341.0,143.0,0.0,410.0
2.0,1793.0,248.0,484.0,1534.0,0.0,0.0,336.0,148.0,0.0,248.0
2.0,3079.0,0.0,472.0,1398.0,0.0,0.0,324.0,148.0,0.0,0.0
2.0,4477.0,142.0,457.0,627.0,0.0,0.0,309.0,148.0,142.0,0.0
2.0,4962.0,459.0,447.0,0.0,0.0,0.0,299.0,148.0,459.0,0.0
2.0,4503.0,798.0,448.0,0.0,0.0,0.0,302.0,146.0,798.0,0.0
2.0,3705.0,1014.0,461.0,0.0,0.0,0.0,321.0,140.0,1014.0,0.0
2.0,2691.0,932.0,471.0,0.0,596.0,596.0,338.0,133.0,901.0,31.0
2.0,1759.0,635.0,475.0,0.0,1251.0,1251.0,347.0,128.0,457.0,178.0
2.0,1124.0,320.0,476.0,0.0,1576.0,1576.0,347.0,129.0,0.0,320.0
2.0,804.0,431.0,484.0,596.0,1451.0,1451.0,347.0,137.0,0.0,431.0
2.0,969.0,394.0,492.0,1251.0,634.0,634.0,347.0,145.0,0.0,394.0
2.0,1826.0,226.0,490.0,1576.0,0.0,0.0,341.0,149.0,0.0,226.0
2.0,3176.0,0.0,479.0,1451.0,0.0,0.0,330.0,149.0,0.0,0.0
2.0,4627.0,153.0,465.0,634.0,0.0,0.0,316.0,149.0,153.0,0.0
2.0,5108.0,507.0,457.0,0.0,0.0,0.0,308.0,149.0,507.0,0.0
2.0,4601.0,842.0,458.0,0.0,0.0,0.0,311.0,147.0,842.0,0.0
2.0,3759.0,1013.0,470.0,0.0,0.0,0.0,328.0,142.0,1013.0,0.0
2.0,2746.0,908.0,479.0,0.0,557.0,557.0,344.0,135.0,843.0,65.0
2.0,1838.0,554.0,482.0,0.0,1126.0,1126.0,351.0,131.0,343.0,211.0
2.0,1284.0,357.0,484.0,0.0,1493.0,1493.0,351.0,133.0,0.0,357.0
2.0,927.0,449.0,492.0,557.0,1425.0,1425.0,351.0,141.0,0.0,449.0
2.0,1035.0,387.0,499.0,1126.0,721.0,721.0,351.0,148.0,0.0,387.0
2.0,1774.0,177.0,497.0,1493.0,0.0,0.0,345.0,152.0,0.0,177.0
2.0,3090.0,0.0,484.0,1425.0,0.0,0.0,332.0,152.0,0.0,0.0
2.0,4515.0,225.0,470.0,721.0,0.0,0.0,318.0,152.0,225.0,0.0
2.0,5011.0,582.0,463.0,0.0,0.0,0.0,311.0,152.0,582.0,0.0
2.0,4429.0,943.0,466.0,0.0,0.0,0.0,317.0,149.0,943.0,0.0
2.0,3486.0,1082.0,482.0,0.0,6.0,6.0,338.0,144.0,1082.0,0.0
2.0,2404.0,915.0,491.0,0.0,966.0,966.0,354.0,137.0,853.0,62.0
2.0,1489.0,464.0,492.0,0.0,1435.0,1435.0,359.0,133.0,252.0,212.0
2.0,1025.0,360.0,494.0,6.0,1799.0,1799.0,359.0,135.0,0.0,360.0
2.0,671.0,449.0,502.0,966.0,1322.0,1322.0,359.0,143.0,0.0,449.0
2.0,1188.0,384.0,508.0,1435.0,301.0,301.0,358.0,150.0,0.0,384.0
2.0,2239.0,177.0,504.0,1799.0,0.0,0.0,350.0,154.0,0.0,177.0
2.0,3861.0,0.0,491.0,1322.0,0.0,0.0,337.0,154.0,0.0,0.0
2.0,5183.0,180.0,475.0,301.0,0.0,0.0,321.0,154.0,180.0,0.0
2.0,5304.0,532.0,468.0,0.0,0.0,0.0,314.0,154.0,532.0,0.0
2.0,4772.0,886.0,472.0,0.0,0.0,0.0,321.0,151.0,886.0,0.0
2.0,3886.0,1057.0,486.0,0.0,0.0,0.0,341.0,145.0,1057.0,0.0
2.0,2829.0,968.0,497.0,0.0,624.0,624.0,358.0,139.0,883.0,85.0
2.0,1861.0,605.0,501.0,0.0,1249.0,1249.0,365.0,136.0,360.0,245.0
2.0,1256.0,398.0,503.0,0.0,1657.0,1657.0,365.0,138.0,0.0,398.0
2.0,858.0,469.0,512.0,624.0,1547.0,1547.0,365.0,147.0,0.0,469.0
2.0,1013.0,374.0,517.0,1249.0,697.0,697.0,363.0,154.0,0.0,374.0
2.0,1888.0,124.0,511.0,1657.0,0.0,0.0,354.0,157.0,0.0,124.0
2.0,3421.0,0.0,496.0,1547.0,0.0,0.0,339.0,157.0,0.0,0.0
2.0,4968.0,202.0,481.0,697.0,0.0,0.0,324.0,157.0,202.0,0.0
2.0,5463.0,562.0,473.0,0.0,0.0,0.0,317.0,156.0,562.0,0.0
2.0,4901.0,925.0,480.0,0.0,0.0,0.0,327.0,153.0,925.0,0.0
2.0,3976.0,1088.0,495.0,0.0,0.0,0.0,348.0,147.0,1088.0,0.0
2.0,2888.0,981.0,506.0,0.0,623.0,623.0,365.0,141.0,883.0,98.0
2.0,1907.0,572.0,509.0,0.0,1210.0,1210.0,371.0,138.0,323.0,249.0
2.0,1335.0,397.0,512.0,0.0,1622.0,1622.0,371.0,141.0,0.0,397.0
2.0,938.0,452.0,520.0,623.0,1491.0,1491.0,371.0,149.0,0.0,452.0
2.0,1109.0,367.0,524.0,1210.0,668.0,668.0,368.0,156.0,0.0,367.0
2.0,1952.0,128.0,518.0,1622.0,0.0,0.0,359.0,159.0,0.0,128.0
2.0,3446.0,0.0,503.0,1491.0,0.0,0.0,344.0,159.0,0.0,0.0
2.0,4937.0,220.0,488.0,668.0,0.0,0.0,329.0,159.0,220.0,0.0
2.0,5385.0,583.0,481.0,0.0,0.0,0.0,323.0,158.0,583.0,0.0
2.0,4802.0,929.0,487.0,0.0,0.0,0.0,332.0,155.0,929.0,0.0
2.0,3873.0,1068.0,501.0,0.0,0.0,0.0,352.0,149.0,1068.0,0.0
2.0,2805.0,985.0,512.0,0.0,740.0,740.0,369.0,143.0,859.0,126.0
2.0,1820.0,595.0,516.0,0.0,1355.0,1355.0,375.0,141.0,304.0,291.0
2.0,1225.0,447.0,520.0,0.0,1822.0,1822.0,375.0,145.0,0.0,447.0
2.0,778.0,473.0,529.0,740.0,1600.0,1600.0,375.0,154.0,0.0,473.0
2.0,1045.0,337.0,533.0,1355.0,602.0,602.0,372.0,161.0,0.0,337.0
2.0,2063.0,46.0,523.0,1822.0,0.0,0.0,362.0,161.0,0.0,46.0
2.0,3839.0,0.0,507.0,1600.0,0.0,0.0,346.0,161.0,0.0,0.0
2.0,5439.0,284.0,493.0,602.0,0.0,0.0,332.0,161.0,284.0,0.0
2.0,5757.0,672.0,488.0,0.0,0.0,0.0,328.0,160.0,672.0,0.0
2.0,5085.0,1047.0,498.0,0.0,0.0,0.0,342.0,156.0,1047.0,0.0
2.0,4038.0,1127.0,513.0,0.0,0.0,0.0,364.0,149.0,1127.0,0.0
2.0,2911.0,961.0,522.0,0.0,660.0,660.0,379.0,143.0,816.0,145.0
2.0,1950.0,423.0,524.0,0.0,1093.0,1093.0,382.0,142.0,126.0,297.0
2.0,1527.0,462.0,529.0,0.0,1580.0,1580.0,382.0,147.0,0.0,462.0
2.0,1065.0,477.0,538.0,660.0,1442.0,1442.0,382.0,156.0,0.0,477.0
2.0,1248.0,347.0,540.0,1093.0,706.0,706.0,377.0,163.0,0.0,347.0
2.0,1994.0,52.0,530.0,1580.0,0.0,0.0,366.0,164.0,0.0,52.0
2.0,3522.0,0.0,512.0,1442.0,0.0,0.0,348.0,164.0,0.0,0.0
2.0,4964.0,299.0,497.0,706.0,0.0,0.0,333.0,164.0,299.0,0.0
2.0,5371.0,651.0,492.0,0.0,0.0,0.0,329.0,163.0,651.0,0.0
2.0,4720.0,1034.0,503.0,0.0,0.0,0.0,344.0,159.0,1034.0,0.0
2.0,3686.0,1118.0,518.0,0.0,22.0,22.0,366.0,152.0,1118.0,0.0
2.0,2568.0,995.0,528.0,0.0,1067.0,1067.0,382.0,146.0,858.0,137.0
2.0,1573.0,505.0,530.0,0.0,1582.0,1582.0,386.0,144.0,206.0,299.0
2.0,1068.0,455.0,536.0,22.0,2045.0,2045.0,386.0,150.0,0.0,455.0
2.0,635.0,475.0,545.0,1067.0,1498.0,1498.0,386.0,159.0,0.0,475.0
2.0,1227.0,337.0,548.0,1582.0,268.0,268.0,383.0,165.0,0.0,337.0
2.0,2472.0,43.0,538.0,2045.0,0.0,0.0,372.0,166.0,0.0,43.0
2.0,4474.0,0.0,521.0,1498.0,0.0,0.0,355.0,166.0,0.0,0.0
2.0,5972.0,309.0,507.0,268.0,0.0,0.0,341.0,166.0,309.0,0.0
2.0,5931.0,690.0,501.0,0.0,0.0,0.0,337.0,164.0,690.0,0.0
2.0,5241.0,1074.0,511.0,0.0,0.0,0.0,351.0,160.0,1074.0,0.0
2.0,4167.0,1144.0,525.0,0.0,0.0,0.0,373.0,152.0,1131.0,13.0
2.0,3023.0,995.0,536.0,0.0,652.0,652.0,389.0,147.0,824.0,171.0
2.0,2028.0,464.0,537.0,0.0,1121.0,1121.0,391.0,146.0,131.0,333.0
2.0,1564.0,487.0,544.0,0.0,1643.0,1643.0,391.0,153.0,0.0,487.0
2.0,1077.0,491.0,553.0,652.0,1527.0,1527.0,391.0,162.0,0.0,491.0
2.0,1238.0,327.0,555.0,1121.0,743.0,743.0,387.0,168.0,0.0,327.0
2.0,2032.0,4.0,546.0,1643.0,0.0,0.0,377.0,169.0,0.0,4.0
2.0,3671.0,0.0,528.0,1527.0,0.0,0.0,359.0,169.0,0.0,0.0
2.0,5198.0,340.0,513.0,743.0,0.0,0.0,344.0,169.0,340.0,0.0
2.0,5601.0,718.0,508.0,0.0,0.0,0.0,341.0,167.0,718.0,0.0
2.0,4883.0,1112.0,518.0,0.0,0.0,0.0,356.0,162.0,1112.0,0.0
2.0,3771.0,1175.0,533.0,0.0,69.0,69.0,379.0,154.0,1163.0,12.0
2.0,2596.0,1019.0,544.0,0.0,1143.0,1143.0,395.0,149.0,845.0,174.0
2.0,1577.0,447.0,545.0,0.0,1595.0,1595.0,397.0,148.0,113.0,334.0
2.0,1130.0,486.0,552.0,69.0,2047.0,2047.0,397.0,155.0,0.0,486.0
2.0,713.0,474.0,561.0,1143.0,1423.0,1423.0,397.0,164.0,0.0,474.0
2.0,1382.0,315.0,564.0,1595.0,158.0,158.0,393.0,171.0,0.0,315.0
2.0,2662.0,0.0,553.0,2047.0,0.0,0.0,382.0,171.0,0.0,0.0
2.0,4709.0,0.0,535.0,1423.0,0.0,0.0,364.0,171.0,0.0,0.0
2.0,6132.0,322.0,520.0,158.0,0.0,0.0,349.0,171.0,322.0,0.0
2.0,5968.0,717.0,515.0,0.0,0.0,0.0,347.0,168.0,717.0,0.0
2.0,5251.0,1103.0,524.0,0.0,0.0,0.0,362.0,162.0,1103.0,0.0
2.0,4148.0,1202.0,539.0,0.0,0.0,0.0,384.0,155.0,1163.0,39.0
2.0,2946.0,1034.0,549.0,0.0,833.0,833.0,400.0,149.0,830.0,204.0
2.0,1912.0,503.0,553.0,0.0,1356.0,1356.0,403.0,150.0,129.0,374.0
2.0,1409.0,514.0,562.0,0.0,1915.0,1915.0,403.0,159.0,0.0,514.0
2.0,895.0,481.0,571.0,833.0,1608.0,1608.0,403.0,168.0,0.0,481.0
2.0,1247.0,277.0,571.0,1356.0,529.0,529.0,397.0,174.0,0.0,277.0
2.0,2326.0,0.0,559.0,1915.0,0.0,0.0,385.0,174.0,0.0,0.0
2.0,4241.0,0.0,538.0,1608.0,0.0,0.0,364.0,174.0,0.0,0.0
2.0,5849.0,378.0,524.0,529.0,0.0,0.0,350.0,174.0,378.0,0.0
2.0,6000.0,788.0,520.0,0.0,0.0,0.0,349.0,171.0,788.0,0.0
2.0,5212.0,1205.0,535.0,0.0,0.0,0.0,370.0,165.0,1205.0,0.0
2.0,4007.0,1246.0,551.0,0.0,0.0,0.0,394.0,157.0,1231.0,15.0
2.0,2761.0,1020.0,561.0,0.0,1064.0,1064.0,410.0,151.0,839.0,181.0
2.0,1741.0,374.0,562.0,0.0,1443.0,1443.0,411.0,151.0,26.0,348.0
2.0,1367.0,502.0,571.0,0.0,1990.0,1990.0,411.0,160.0,0.0,502.0
2.0,865.0,501.0,580.0,1064.0,1472.0,1472.0,411.0,169.0,0.0,501.0
2.0,1428.0,330.0,581.0,1443.0,364.0,364.0,405.0,176.0,0.0,330.0
2.0,2541.0,3.0,568.0,1990.0,0.0,0.0,392.0,176.0,0.0,3.0
2.0,4528.0,0.0,548.0,1472.0,0.0,0.0,372.0,176.0,0.0,0.0
2.0,6000.0,340.0,533.0,364.0,0.0,0.0,357.0,176.0,340.0,0.0
2.0,6024.0,715.0,528.0,0.0,0.0,0.0,355.0,173.0,715.0,0.0
2.0,5309.0,1105.0,539.0,0.0,0.0,0.0,372.0,167.0,1105.0,0.0
2.0,4204.0,1185.0,553.0,0.0,0.0,0.0,394.0,159.0,1169.0,16.0
2.0,3019.0,1064.0,565.0,0.0,870.0,870.0,411.0,154.0,866.0,198.0
2.0,1955.0,545.0,568.0,0.0,1430.0,1430.0,414.0,154.0,173.0,372.0
2.0,1410.0,532.0,578.0,0.0,2012.0,2012.0,414.0,164.0,0.0,532.0
2.0,878.0,507.0,587.0,870.0,1694.0,1694.0,414.0,173.0,0.0,507.0
2.0,1241.0,306.0,587.0,1430.0,570.0,570.0,408.0,179.0,0.0,306.0
2.0,2365.0,0.0,574.0,2012.0,0.0,0.0,395.0,179.0,0.0,0.0
2.0,4377.0,0.0,554.0,1694.0,0.0,0.0,375.0,179.0,0.0,0.0
2.0,6071.0,381.0,539.0,570.0,0.0,0.0,360.0,179.0,381.0,0.0
2.0,6260.0,794.0,536.0,0.0,0.0,0.0,360.0,176.0,794.0,0.0
2.0,5466.0,1200.0,549.0,0.0,0.0,0.0,380.0,169.0,1200.0,0.0
2.0,4266.0,1239.0,564.0,0.0,0.0,0.0,404.0,160.0,1226.0,13.0
2.0,3027.0,1005.0,574.0,0.0,848.0,848.0,420.0,154.0,823.0,182.0
2.0,2022.0,368.0,575.0,0.0,1221.0,1221.0,420.0,155.0,16.0,352.0
2.0,1654.0,516.0,585.0,0.0,1787.0,1787.0,420.0,165.0,0.0,516.0
2.0,1138.0,512.0,594.0,848.0,1496.0,1496.0,420.0,174.0,0.0,512.0
2.0,1474.0,343.0,594.0,1221.0,618.0,618.0,413.0,181.0,0.0,343.0
2.0,2352.0,4.0,580.0,1787.0,0.0,0.0,399.0,181.0,0.0,4.0
2.0,4135.0,14.0,559.0,1496.0,0.0,0.0,378.0,181.0,14.0,0.0
2.0,5617.0,427.0,545.0,618.0,0.0,0.0,364.0,181.0,427.0,0.0
2.0,5808.0,851.0,542.0,0.0,0.0,0.0,364.0,178.0,851.0,0.0
2.0,4957.0,1263.0,557.0,0.0,0.0,0.0,386.0,171.0,1263.0,0.0
2.0,3694.0,1262.0,573.0,0.0,433.0,433.0,411.0,162.0,1262.0,0.0
2.0,2432.0,1015.0,583.0,0.0,1498.0,1498.0,427.0,156.0,834.0,181.0
2.0,1417.0,361.0,584.0,0.0,1864.0,1864.0,427.0,157.0,0.0,361.0
2.0,1056.0,535.0,594.0,433.0,2016.0,2016.0,427.0,167.0,0.0,535.0
2.0,954.0,527.0,604.0,1498.0,1095.0,1095.0,427.0,177.0,0.0,527.0
2.0,1925.0,338.0,605.0,1864.0,0.0,0.0,421.0,184.0,0.0,338.0
2.0,3451.0,0.0,591.0,2016.0,0.0,0.0,407.0,184.0,0.0,0.0
2.0,5467.0,0.0,570.0,1095.0,0.0,0.0,386.0,184.0,0.0,0.0
2.0,6562.0,373.0,553.0,0.0,0.0,0.0,370.0,183.0,373.0,0.0
2.0,6189.0,787.0,549.0,0.0,0.0,0.0,370.0,179.0,787.0,0.0
2.0,5402.0,1208.0,562.0,0.0,0.0,0.0,390.0,172.0,1208.0,0.0
2.0,4194.0,1269.0,576.0,0.0,0.0,0.0,414.0,162.0,1254.0,15.0
2.0,2925.0,1079.0,588.0,0.0,1094.0,1094.0,431.0,157.0,887.0,192.0
2.0,1846.0,466.0,592.0,0.0,1580.0,1580.0,433.0,159.0,94.0,372.0
2.0,1380.0,542.0,602.0,0.0,2172.0,2172.0,433.0,169.0,0.0,542.0
2.0,838.0,540.0,613.0,1094.0,1673.0,1673.0,433.0,180.0,0.0,540.0
2.0,1392.0,345.0,612.0,1580.0,433.0,433.0,426.0,186.0,0.0,345.0
2.0,2627.0,0.0,597.0,2172.0,0.0,0.0,411.0,186.0,0.0,0.0
2.0,4799.0,0.0,574.0,1673.0,0.0,0.0,388.0,186.0,0.0,0.0
2.0,6472.0,370.0,557.0,433.0,0.0,0.0,371.0,186.0,370.0,0.0
2.0,6535.0,793.0,552.0,0.0,0.0,0.0,370.0,182.0,793.0,0.0
2.0,5742.0,1216.0,569.0,0.0,0.0,0.0,393.0,176.0,1216.0,0.0
2.0,4526.0,1286.0,584.0,0.0,0.0,0.0,418.0,166.0,1286.0,0.0
2.0,3240.0,1102.0,596.0,0.0,842.0,842.0,436.0,160.0,921.0,181.0
2.0,2138.0,488.0,599.0,0.0,1345.0,1345.0,438.0,161.0,126.0,362.0
2.0,1650.0,550.0,609.0,0.0,1945.0,1945.0,438.0,171.0,0.0,550.0
2.0,1100.0,546.0,620.0,842.0,1704.0,1704.0,438.0,182.0,0.0,546.0
2.0,1396.0,367.0,620.0,1345.0,726.0,726.0,431.0,189.0,0.0,367.0
2.0,2374.0,1.0,607.0,1945.0,0.0,0.0,418.0,189.0,0.0,1.0
2.0,4318.0,0.0,585.0,1704.0,0.0,0.0,396.0,189.0,0.0,0.0
2.0,6022.0,358.0,569.0,726.0,0.0,0.0,381.0,188.0,358.0,0.0
2.0,6390.0,791.0,563.0,0.0,0.0,0.0,379.0,184.0,791.0,0.0
2.0,5599.0,1200.0,576.0,0.0,0.0,0.0,399.0,177.0,1200.0,0.0
2.0,4399.0,1254.0,590.0,0.0,0.0,0.0,423.0,167.0,1254.0,0.0
2.0,3145.0,1083.0,602.0,0.0,948.0,948.0,441.0,161.0,901.0,182.0
2.0,2062.0,518.0,605.0,0.0,1481.0,1481.0,443.0,162.0,141.0,377.0
2.0,1544.0,565.0,616.0,0.0,2101.0,2101.0,443.0,173.0,0.0,565.0
2.0,979.0,570.0,627.0,948.0,1778.0,1778.0,443.0,184.0,0.0,570.0
2.0,1357.0,374.0,627.0,1481.0,671.0,671.0,436.0,191.0,0.0,374.0
2.0,2464.0,0.0,612.0,2101.0,0.0,0.0,421.0,191.0,0.0,0.0
2.0,4565.0,0.0,589.0,1778.0,0.0,0.0,398.0,191.0,0.0,0.0
2.0,6343.0,422.0,573.0,671.0,0.0,0.0,382.0,191.0,422.0,0.0
2.0,6592.0,863.0,571.0,0.0,0.0,0.0,383.0,188.0,863.0,0.0
2.0,5729.0,1313.0,589.0,0.0,0.0,0.0,408.0,181.0,1313.0,0.0
2.0,4416.0,1331.0,604.0,0.0,0.0,0.0,433.0,171.0,1331.0,0.0
2.0,3085.0,1054.0,615.0,0.0,1044.0,1044.0,451.0,164.0,895.0,159.0
2.0,2031.0,346.0,615.0,0.0,1390.0,1390.0,451.0,164.0,0.0,346.0
2.0,1685.0,527.0,625.0,0.0,1967.0,1967.0,451.0,174.0,0.0,527.0
2.0,1158.0,555.0,635.0,1044.0,1528.0,1528.0,450.0,185.0,0.0,555.0
2.0,1647.0,399.0,634.0,1390.0,532.0,532.0,442.0,192.0,0.0,399.0
2.0,2638.0,59.0,620.0,1967.0,0.0,0.0,426.0,194.0,0.0,59.0
2.0,4546.0,0.0,596.0,1528.0,0.0,0.0,402.0,194.0,0.0,0.0
2.0,6074.0,400.0,579.0,532.0,0.0,0.0,385.0,194.0,400.0,0.0
2.0,6206.0,821.0,575.0,0.0,0.0,0.0,385.0,190.0,821.0,0.0
2.0,5385.0,1255.0,592.0,0.0,0.0,0.0,409.0,183.0,1255.0,0.0
2.0,4130.0,1293.0,607.0,0.0,198.0,198.0,434.0,173.0,1293.0,0.0
2.0,2837.0,1088.0,617.0,0.0,1336.0,1336.0,451.0,166.0,920.0,168.0
2.0,1749.0,480.0,621.0,0.0,1836.0,1836.0,454.0,167.0,111.0,369.0
2.0,1269.0,559.0,631.0,198.0,2247.0,2247.0,454.0,177.0,0.0,559.0
2.0,908.0,579.0,642.0,1336.0,1545.0,1545.0,454.0,188.0,0.0,579.0
2.0,1665.0,392.0,642.0,1836.0,101.0,101.0,446.0,196.0,0.0,392.0
2.0,3109.0,16.0,627.0,2247.0,0.0,0.0,431.0,196.0,0.0,16.0
2.0,5340.0,0.0,604.0,1545.0,0.0,0.0,408.0,196.0,0.0,0.0
2.0,6885.0,421.0,588.0,101.0,0.0,0.0,392.0,196.0,421.0,0.0
2.0,6565.0,866.0,584.0,0.0,0.0,0.0,392.0,192.0,866.0,0.0
2.0,5699.0,1307.0,600.0,0.0,0.0,0.0,415.0,185.0,1307.0,0.0
2.0,4392.0,1319.0,615.0,0.0,2.0,2.0,440.0,175.0,1319.0,0.0
2.0,3073.0,1055.0,625.0,0.0,1107.0,1107.0,457.0,168.0,892.0,163.0
2.0,2018.0,375.0,626.0,0.0,1487.0,1487.0,458.0,168.0,27.0,348.0
2.0,1643.0,541.0,636.0,2.0,2076.0,2076.0,458.0,178.0,0.0,541.0
2.0,1104.0,568.0,647.0,1107.0,1592.0,1592.0,458.0,189.0,0.0,568.0
2.0,1643.0,415.0,648.0,1487.0,525.0,525.0,451.0,197.0,0.0,415.0
2.0,2715.0,62.0,634.0,2076.0,0.0,0.0,436.0,198.0,0.0,62.0
2.0,4729.0,31.0,611.0,1592.0,0.0,0.0,413.0,198.0,31.0,0.0
2.0,6290.0,463.0,595.0,525.0,0.0,0.0,397.0,198.0,463.0,0.0
2.0,6352.0,910.0,592.0,0.0,0.0,0.0,397.0,195.0,910.0,0.0
2.0,5442.0,1327.0,608.0,0.0,0.0,0.0,420.0,188.0,1327.0,0.0
2.0,4115.0,1313.0,622.0,0.0,308.0,308.0,445.0,177.0,1313.0,0.0
2.0,2802.0,1027.0,632.0,0.0,1385.0,1385.0,462.0,170.0,856.0,171.0
2.0,1775.0,372.0,632.0,0.0,1757.0,1757.0,462.0,170.0,0.0,372.0
2.0,1403.0,561.0,643.0,308.0,2065.0,2065.0,462.0,181.0,0.0,561.0
2.0,1150.0,578.0,654.0,1385.0,1313.0,1313.0,462.0,192.0,0.0,578.0
2.0,1957.0,394.0,654.0,1757.0,0.0,0.0,455.0,199.0,0.0,394.0
2.0,3320.0,23.0,639.0,2065.0,0.0,0.0,439.0,200.0,0.0,23.0
2.0,5362.0,53.0,617.0,1313.0,0.0,0.0,417.0,200.0,53.0,0.0
2.0,6622.0,512.0,603.0,0.0,0.0,0.0,403.0,200.0,512.0,0.0
2.0,6110.0,974.0,601.0,0.0,0.0,0.0,405.0,196.0,974.0,0.0
2.0,5136.0,1371.0,617.0,0.0,0.0,0.0,428.0,189.0,1371.0,0.0
2.0,3765.0,1308.0,631.0,0.0,698.0,698.0,453.0,178.0,1308.0,0.0
2.0,2457.0,970.0,639.0,0.0,1708.0,1708.0,468.0,171.0,784.0,186.0
2.0,1487.0,379.0,639.0,0.0,2087.0,2087.0,468.0,171.0,0.0,379.0
2.0,1108.0,579.0,650.0,698.0,2023.0,2023.0,468.0,182.0,0.0,579.0
2.0,1227.0,589.0,661.0,1708.0,959.0,959.0,468.0,193.0,0.0,589.0
2.0,2346.0,405.0,661.0,2087.0,0.0,0.0,460.0,201.0,0.0,405.0
2.0,4028.0,18.0,646.0,2023.0,0.0,0.0,444.0,202.0,0.0,18.0
2.0,6033.0,64.0,622.0,959.0,0.0,0.0,420.0,202.0,64.0,0.0
2.0,6928.0,516.0,606.0,0.0,0.0,0.0,404.0,202.0,516.0,0.0
2.0,6412.0,969.0,603.0,0.0,0.0,0.0,405.0,198.0,969.0,0.0
2.0,5443.0,1372.0,624.0,0.0,0.0,0.0,432.0,192.0,1372.0,0.0
2.0,4071.0,1330.0,639.0,0.0,454.0,454.0,457.0,182.0,1330.0,0.0
2.0,2741.0,1024.0,648.0,0.0,1523.0,1523.0,473.0,175.0,825.0,199.0
2.0,1717.0,395.0,648.0,0.0,1918.0,1918.0,473.0,175.0,0.0,395.0
2.0,1322.0,590.0,658.0,454.0,2104.0,2104.0,473.0,185.0,0.0,590.0
2.0,1186.0,585.0,669.0,1523.0,1221.0,1221.0,473.0,196.0,0.0,585.0
2.0,2124.0,385.0,670.0,1918.0,0.0,0.0,466.0,204.0,0.0,385.0
2.0,3657.0,0.0,654.0,2104.0,0.0,0.0,450.0,204.0,0.0,0.0
2.0,5761.0,63.0,631.0,1221.0,0.0,0.0,427.0,204.0,63.0,0.0
2.0,6919.0,524.0,616.0,0.0,0.0,0.0,412.0,204.0,524.0,0.0
2.0,6395.0,981.0,613.0,0.0,0.0,0.0,413.0,200.0,981.0,0.0
2.0,5414.0,1371.0,630.0,0.0,0.0,0.0,437.0,193.0,1371.0,0.0
2.0,4043.0,1315.0,645.0,0.0,497.0,497.0,462.0,183.0,1298.0,17.0
2.0,2728.0,1008.0,654.0,0.0,1550.0,1550.0,478.0,176.0,789.0,219.0
2.0,1720.0,420.0,654.0,0.0,1970.0,1970.0,478.0,176.0,0.0,420.0
2.0,1300.0,604.0,666.0,497.0,2137.0,2137.0,478.0,188.0,0.0,604.0
2.0,1193.0,582.0,677.0,1550.0,1224.0,1224.0,478.0,199.0,0.0,582.0
2.0,2161.0,364.0,676.0,1970.0,0.0,0.0,470.0,206.0,0.0,364.0
2.0,3767.0,0.0,659.0,2137.0,0.0,0.0,453.0,206.0,0.0,0.0
2.0,5904.0,146.0,637.0,1224.0,0.0,0.0,431.0,206.0,146.0,0.0
2.0,6982.0,619.0,623.0,0.0,0.0,0.0,417.0,206.0,619.0,0.0
2.0,6363.0,1106.0,624.0,0.0,0.0,0.0,421.0,203.0,1106.0,0.0
2.0,5257.0,1442.0,644.0,0.0,0.0,0.0,448.0,196.0,1442.0,0.0
2.0,3815.0,1318.0,659.0,0.0,798.0,798.0,473.0,186.0,1296.0,22.0
2.0,2497.0,879.0,666.0,0.0,1712.0,1712.0,486.0,180.0,659.0,220.0
2.0,1618.0,416.0,666.0,0.0,2128.0,2128.0,486.0,180.0,0.0,416.0
2.0,1202.0,592.0,676.0,798.0,1972.0,1972.0,486.0,190.0,0.0,592.0
2.0,1408.0,576.0,686.0,1712.0,886.0,886.0,485.0,201.0,0.0,576.0
2.0,2544.0,362.0,684.0,2128.0,0.0,0.0,476.0,208.0,0.0,362.0
2.0,4310.0,0.0,667.0,1972.0,0.0,0.0,459.0,208.0,0.0,0.0
2.0,6282.0,99.0,643.0,886.0,0.0,0.0,435.0,208.0,99.0,0.0
2.0,7069.0,568.0,629.0,0.0,0.0,0.0,421.0,208.0,568.0,0.0
2.0,6501.0,1040.0,629.0,0.0,0.0,0.0,425.0,204.0,1040.0,0.0
2.0,5461.0,1420.0,649.0,0.0,0.0,0.0,452.0,197.0,1420.0,0.0
2.0,4041.0,1372.0,665.0,0.0,656.0,656.0,477.0,188.0,1321.0,51.0
2.0,2669.0,1019.0,673.0,0.0,1715.0,1715.0,492.0,181.0,761.0,258.0
2.0,1650.0,466.0,675.0,0.0,2191.0,2191.0,492.0,183.0,0.0,466.0
2.0,1184.0,617.0,686.0,656.0,2207.0,2207.0,492.0,194.0,0.0,617.0
2.0,1223.0,560.0,696.0,1715.0,1102.0,1102.0,491.0,205.0,0.0,560.0
2.0,2378.0,298.0,692.0,2191.0,0.0,0.0,481.0,211.0,0.0,298.0
2.0,4271.0,0.0,673.0,2207.0,0.0,0.0,462.0,211.0,0.0,0.0
2.0,6478.0,115.0,649.0,1102.0,0.0,0.0,438.0,211.0,115.0,0.0
2.0,7465.0,594.0,635.0,0.0,0.0,0.0,424.0,211.0,594.0,0.0
2.0,6871.0,1067.0,637.0,0.0,0.0,0.0,430.0,207.0,1067.0,0.0
2.0,5804.0,1434.0,657.0,0.0,0.0,0.0,457.0,200.0,1434.0,0.0
2.0,4370.0,1385.0,673.0,0.0,380.0,380.0,483.0,190.0,1319.0,66.0
2.0,2985.0,993.0,681.0,0.0,1413.0,1413.0,497.0,184.0,728.0,265.0
2.0,1992.0,462.0,682.0,0.0,1880.0,1880.0,497.0,185.0,0.0,462.0
2.0,1530.0,595.0,693.0,380.0,2150.0,2150.0,497.0,196.0,0.0,595.0
2.0,1315.0,537.0,702.0,1413.0,1319.0,1319.0,496.0,206.0,0.0,537.0
2.0,2191.0,290.0,698.0,1880.0,0.0,0.0,486.0,212.0,0.0,290.0
2.0,3781.0,0.0,679.0,2150.0,0.0,0.0,467.0,212.0,0.0,0.0
2.0,5931.0,149.0,656.0,1319.0,0.0,0.0,444.0,212.0,149.0,0.0
2.0,7101.0,625.0,642.0,0.0,0.0,0.0,430.0,212.0,625.0,0.0
2.0,6476.0,1094.0,643.0,0.0,0.0,0.0,435.0,208.0,1094.0,0.0
2.0,5382.0,1418.0,662.0,0.0,0.0,0.0,462.0,200.0,1418.0,0.0
2.0,3964.0,1387.0,678.0,0.0,813.0,813.0,487.0,191.0,1285.0,102.0
2.0,2577.0,1004.0,686.0,0.0,1857.0,1857.0,500.0,186.0,689.0,315.0
2.0,1573.0,520.0,688.0,0.0,2387.0,2387.0,500.0,188.0,0.0,520.0
2.0,1053.0,622.0,700.0,813.0,2256.0,2256.0,500.0,200.0,0.0,622.0
2.0,1244.0,510.0,709.0,1857.0,954.0,954.0,499.0,210.0,0.0,510.0
2.0,2591.0,196.0,703.0,2387.0,0.0,0.0,489.0,214.0,0.0,196.0
2.0,4782.0,0.0,684.0,2256.0,0.0,0.0,470.0,214.0,0.0,0.0
2.0,7038.0,186.0,661.0,954.0,0.0,0.0,447.0,214.0,186.0,0.0
2.0,7806.0,688.0,650.0,0.0,0.0,0.0,436.0,214.0,688.0,0.0
2.0,7118.0,1184.0,652.0,0.0,0.0,0.0,443.0,209.0,1184.0,0.0
2.0,5934.0,1486.0,673.0,0.0,0.0,0.0,472.0,201.0,1486.0,0.0
2.0,4448.0,1386.0,688.0,0.0,378.0,378.0,496.0,192.0,1262.0,124.0
2.0,3062.0,893.0,694.0,0.0,1301.0,1301.0,507.0,187.0,561.0,332.0
2.0,2169.0,538.0,698.0,0.0,1859.0,1859.0,507.0,191.0,0.0,538.0
2.0,1631.0,626.0,710.0,378.0,2167.0,2167.0,507.0,203.0,0.0,626.0
2.0,1383.0,507.0,716.0,1301.0,1403.0,1403.0,504.0,212.0,0.0,507.0
2.0,2177.0,186.0,708.0,1859.0,0.0,0.0,492.0,216.0,0.0,186.0
2.0,3850.0,0.0,687.0,2167.0,0.0,0.0,471.0,216.0,0.0,0.0
2.0,6017.0,212.0,663.0,1403.0,0.0,0.0,447.0,216.0,212.0,0.0
2.0,7208.0,691.0,652.0,0.0,0.0,0.0,436.0,216.0,691.0,0.0
2.0,6517.0,1185.0,657.0,0.0,0.0,0.0,446.0,211.0,1185.0,0.0
2.0,5332.0,1483.0,677.0,0.0,0.0,0.0,474.0,203.0,1483.0,0.0
2.0,3849.0,1438.0,694.0,0.0,1059.0,1059.0,499.0,195.0,1304.0,134.0
2.0,2411.0,959.0,701.0,0.0,2053.0,2053.0,511.0,190.0,616.0,343.0
2.0,1452.0,549.0,705.0,0.0,2622.0,2622.0,511.0,194.0,0.0,549.0
2.0,903.0,624.0,717.0,1059.0,2247.0,2247.0,511.0,206.0,0.0,624.0
2.0,1338.0,489.0,724.0,2053.0,718.0,718.0,509.0,215.0,0.0,489.0
2.0,2902.0,152.0,716.0,2622.0,0.0,0.0,498.0,218.0,0.0,152.0
2.0,5372.0,0.0,696.0,2247.0,0.0,0.0,478.0,218.0,0.0,0.0
2.0,7619.0,186.0,673.0,718.0,0.0,0.0,455.0,218.0,186.0,0.0
2.0,8151.0,686.0,659.0,0.0,0.0,0.0,442.0,217.0,686.0,0.0
2.0,7465.0,1172.0,662.0,0.0,0.0,0.0,450.0,212.0,1172.0,0.0
2.0,6293.0,1475.0,682.0,0.0,0.0,0.0,479.0,203.0,1475.0,0.0
2.0,4818.0,1468.0,699.0,0.0,145.0,145.0,504.0,195.0,1289.0,179.0
2.0,3350.0,1009.0,706.0,0.0,1189.0,1189.0,515.0,191.0,620.0,389.0
2.0,2341.0,607.0,712.0,0.0,1826.0,1826.0,515.0,197.0,0.0,607.0
2.0,1734.0,646.0,725.0,145.0,2392.0,2392.0,515.0,210.0,0.0,646.0
2.0,1233.0,477.0,732.0,1189.0,1715.0,1715.0,513.0,219.0,0.0,477.0
2.0,1945.0,84.0,722.0,1826.0,0.0,0.0,502.0,220.0,0.0,84.0
2.0,3687.0,0.0,701.0,2392.0,0.0,0.0,481.0,220.0,0.0,0.0
2.0,6079.0,237.0,678.0,1715.0,0.0,0.0,458.0,220.0,237.0,0.0
2.0,7557.0,729.0,666.0,0.0,0.0,0.0,447.0,219.0,729.0,0.0
2.0,6828.0,1239.0,671.0,0.0,0.0,0.0,457.0,214.0,1239.0,0.0
2.0,5589.0,1514.0,691.0,0.0,0.0,0.0,486.0,205.0,1514.0,0.0
2.0,4075.0,1464.0,708.0,0.0,929.0,929.0,511.0,197.0,1294.0,170.0
2.0,2611.0,945.0,716.0,0.0,1914.0,1914.0,522.0,194.0,563.0,382.0
2.0,1666.0,594.0,722.0,0.0,2538.0,2538.0,522.0,200.0,0.0,594.0
2.0,1072.0,636.0,734.0,929.0,2305.0,2305.0,522.0,212.0,0.0,636.0
2.0,1365.0,477.0,740.0,1914.0,898.0,898.0,519.0,221.0,0.0,477.0
2.0,2802.0,105.0,730.0,2538.0,0.0,0.0,507.0,223.0,0.0,105.0
2.0,5235.0,0.0,709.0,2305.0,0.0,0.0,486.0,223.0,0.0,0.0
2.0,7540.0,246.0,686.0,898.0,0.0,0.0,463.0,223.0,246.0,0.0
2.0,8192.0,766.0,674.0,0.0,0.0,0.0,453.0,221.0,766.0,0.0
2.0,7426.0,1270.0,679.0,0.0,0.0,0.0,464.0,215.0,1270.0,0.0
2.0,6156.0,1539.0,699.0,0.0,0.0,0.0,494.0,205.0,1539.0,0.0
2.0,4617.0,1463.0,715.0,0.0,421.0,421.0,518.0,197.0,1279.0,184.0
2.0,3154.0,925.0,724.0,0.0,1391.0,1391.0,529.0,195.0,521.0,404.0
2.0,2229.0,632.0,732.0,0.0,2063.0,2063.0,529.0,203.0,0.0,632.0
2.0,1597.0,666.0,745.0,421.0,2373.0,2373.0,529.0,216.0,0.0,666.0
2.0,1352.0,481.0,750.0,1391.0,1488.0,1488.0,525.0,225.0,0.0,481.0
2.0,2262.0,65.0,739.0,2063.0,0.0,0.0,512.0,227.0,0.0,65.0
2.0,4260.0,0.0,716.0,2373.0,0.0,0.0,489.0,227.0,0.0,0.0
2.0,6633.0,244.0,692.0,1488.0,0.0,0.0,465.0,227.0,244.0,0.0
2.0,7877.0,768.0,680.0,0.0,0.0,0.0,456.0,224.0,768.0,0.0
2.0,7109.0,1278.0,687.0,0.0,0.0,0.0,469.0,218.0,1278.0,0.0
2.0,5831.0,1553.0,706.0,0.0,0.0,0.0,499.0,207.0,1553.0,0.0
2.0,4278.0,1467.0,723.0,0.0,804.0,804.0,524.0,199.0,1297.0,170.0
2.0,2811.0,913.0,730.0,0.0,1752.0,1752.0,534.0,196.0,528.0,385.0
2.0,1898.0,609.0,738.0,0.0,2401.0,2401.0,534.0,204.0,0.0,609.0
2.0,1289.0,660.0,751.0,804.0,2322.0,2322.0,534.0,217.0,0.0,660.0
2.0,1433.0,498.0,757.0,1752.0,1098.0,1098.0,530.0,227.0,0.0,498.0
2.0,2687.0,116.0,746.0,2401.0,0.0,0.0,517.0,229.0,0.0,116.0
2.0,4972.0,0.0,723.0,2322.0,0.0,0.0,494.0,229.0,0.0,0.0
2.0,7294.0,265.0,700.0,1098.0,0.0,0.0,471.0,229.0,265.0,0.0
2.0,8127.0,764.0,686.0,0.0,0.0,0.0,460.0,226.0,764.0,0.0
2.0,7363.0,1266.0,693.0,0.0,0.0,0.0,473.0,220.0,1266.0,0.0
2.0,6097.0,1525.0,711.0,0.0,0.0,0.0,502.0,209.0,1525.0,0.0
2.0,4572.0,1446.0,727.0,0.0,509.0,509.0,527.0,200.0,1291.0,155.0
2.0,3126.0,946.0,736.0,0.0,1500.0,1500.0,538.0,198.0,562.0,384.0
2.0,2180.0,610.0,745.0,0.0,2155.0,2155.0,538.0,207.0,0.0,610.0
2.0,1570.0,677.0,758.0,509.0,2388.0,2388.0,538.0,220.0,0.0,677.0
2.0,1402.0,515.0,764.0,1500.0,1433.0,1433.0,534.0,230.0,0.0,515.0
2.0,2387.0,131.0,753.0,2155.0,0.0,0.0,521.0,232.0,0.0,131.0
2.0,4411.0,0.0,730.0,2388.0,0.0,0.0,498.0,232.0,0.0,0.0
2.0,6799.0,298.0,708.0,1433.0,0.0,0.0,476.0,232.0,298.0,0.0
2.0,7934.0,838.0,696.0,0.0,0.0,0.0,467.0,229.0,838.0,0.0
2.0,7096.0,1364.0,704.0,0.0,0.0,0.0,482.0,222.0,1364.0,0.0
2.0,5732.0,1583.0,722.0,0.0,0.0,0.0,512.0,210.0,1583.0,0.0
2.0,4149.0,1408.0,736.0,0.0,939.0,939.0,536.0,200.0,1261.0,147.0
2.0,2741.0,788.0,742.0,0.0,1757.0,1757.0,544.0,198.0,415.0,373.0
2.0,1953.0,601.0,752.0,0.0,2408.0,2408.0,544.0,208.0,0.0,601.0
2.0,1352.0,685.0,765.0,939.0,2219.0,2219.0,544.0,221.0,0.0,685.0
2.0,1606.0,548.0,772.0,1757.0,1045.0,1045.0,540.0,232.0,0.0,548.0
2.0,2815.0,171.0,761.0,2408.0,0.0,0.0,526.0,235.0,0.0,171.0
2.0,5052.0,0.0,737.0,2219.0,0.0,0.0,502.0,235.0,0.0,0.0
2.0,7271.0,337.0,714.0,1045.0,0.0,0.0,479.0,235.0,337.0,0.0
2.0,7979.0,862.0,703.0,0.0,0.0,0.0,471.0,232.0,862.0,0.0
2.0,7117.0,1409.0,712.0,0.0,0.0,0.0,487.0,225.0,1409.0,0.0
2.0,5708.0,1615.0,731.0,0.0,0.0,0.0,518.0,213.0,1615.0,0.0
2.0,4093.0,1403.0,746.0,0.0,1040.0,1040.0,543.0,203.0,1292.0,111.0
2.0,2690.0,757.0,751.0,0.0,1822.0,1822.0,551.0,200.0,417.0,340.0
2.0,1933.0,569.0,760.0,0.0,2436.0,2436.0,551.0,209.0,0.0,569.0
2.0,1364.0,685.0,774.0,1040.0,2151.0,2151.0,551.0,223.0,0.0,685.0
2.0,1719.0,572.0,780.0,1822.0,931.0,931.0,546.0,234.0,0.0,572.0
2.0,2969.0,235.0,770.0,2436.0,0.0,0.0,532.0,238.0,0.0,235.0
2.0,5170.0,0.0,745.0,2151.0,0.0,0.0,507.0,238.0,0.0,0.0
2.0,7321.0,297.0,721.0,931.0,0.0,0.0,483.0,238.0,297.0,0.0
2.0,7955.0,824.0,709.0,0.0,0.0,0.0,474.0,235.0,824.0,0.0
2.0,7131.0,1360.0,718.0,0.0,0.0,0.0,491.0,227.0,1360.0,0.0
2.0,5771.0,1594.0,736.0,0.0,0.0,0.0,521.0,215.0,1594.0,0.0
2.0,4177.0,1422.0,750.0,0.0,995.0,995.0,546.0,204.0,1298.0,124.0
2.0,2755.0,840.0,757.0,0.0,1870.0,1870.0,555.0,202.0,480.0,360.0
2.0,1915.0,599.0,767.0,0.0,2519.0,2519.0,555.0,212.0,0.0,599.0
2.0,1316.0,710.0,781.0,995.0,2304.0,2304.0,555.0,226.0,0.0,710.0
2.0,1601.0,582.0,788.0,1870.0,1051.0,1051.0,551.0,237.0,0.0,582.0
2.0,2889.0,215.0,777.0,2519.0,0.0,0.0,536.0,241.0,0.0,215.0
2.0,5193.0,0.0,752.0,2304.0,0.0,0.0,511.0,241.0,0.0,0.0
2.0,7497.0,328.0,729.0,1051.0,0.0,0.0,488.0,241.0,328.0,0.0
2.0,8220.0,861.0,718.0,0.0,0.0,0.0,480.0,238.0,861.0,0.0
2.0,7359.0,1404.0,726.0,0.0,0.0,0.0,496.0,230.0,1404.0,0.0
2.0,5955.0,1625.0,747.0,0.0,0.0,0.0,528.0,219.0,1625.0,0.0
2.0,4330.0,1399.0,761.0,0.0,874.0,874.0,553.0,208.0,1315.0,84.0
2.0,2931.0,770.0,766.0,0.0,1669.0,1669.0,562.0,204.0,455.0,315.0
2.0,2161.0,545.0,774.0,0.0,2254.0,2254.0,562.0,212.0,0.0,545.0
2.0,1616.0,690.0,788.0,874.0,2140.0,2140.0,562.0,226.0,0.0,690.0
2.0,1800.0,609.0,794.0,1669.0,1110.0,1110.0,557.0,237.0,0.0,609.0
2.0,2860.0,301.0,785.0,2254.0,0.0,0.0,542.0,243.0,0.0,301.0
2.0,4813.0,0.0,761.0,2140.0,0.0,0.0,518.0,243.0,0.0,0.0
2.0,6953.0,333.0,738.0,1110.0,0.0,0.0,495.0,243.0,333.0,0.0
2.0,7730.0,866.0,726.0,0.0,0.0,0.0,486.0,240.0,866.0,0.0
2.0,6864.0,1406.0,736.0,0.0,0.0,0.0,503.0,233.0,1406.0,0.0
2.0,5458.0,1620.0,755.0,0.0,0.0,0.0,534.0,221.0,1620.0,0.0
2.0,3838.0,1379.0,769.0,0.0,1386.0,1386.0,559.0,210.0,1293.0,86.0
2.0,2459.0,773.0,773.0,0.0,2179.0,2179.0,567.0,206.0,451.0,322.0
2.0,1686.0,562.0,781.0,0.0,2781.0,2781.0,567.0,214.0,0.0,562.0
2.0,1124.0,707.0,795.0,1386.0,2172.0,2172.0,567.0,228.0,0.0,707.0
2.0,1803.0,620.0,802.0,2179.0,648.0,648.0,562.0,240.0,0.0,620.0
2.0,3362.0,291.0,790.0,2781.0,0.0,0.0,545.0,245.0,0.0,291.0
2.0,5852.0,0.0,764.0,2172.0,0.0,0.0,519.0,245.0,0.0,0.0
2.0,8024.0,353.0,741.0,648.0,0.0,0.0,496.0,245.0,353.0,0.0
2.0,8319.0,915.0,732.0,0.0,0.0,0.0,489.0,243.0,915.0,0.0
2.0,7404.0,1485.0,745.0,0.0,0.0,0.0,510.0,235.0,1485.0,0.0
2.0,5919.0,1690.0,766.0,0.0,0.0,0.0,542.0,224.0,1690.0,0.0
2.0,4229.0,1411.0,779.0,0.0,1077.0,1077.0,567.0,212.0,1322.0,89.0
2.0,2818.0,695.0,783.0,0.0,1792.0,1792.0,575.0,208.0,372.0,323.0
2.0,2123.0,558.0,790.0,0.0,2385.0,2385.0,575.0,215.0,0.0,558.0
2.0,1565.0,709.0,804.0,1077.0,2087.0,2087.0,575.0,229.0,0.0,709.0
2.0,1933.0,625.0,809.0,1792.0,945.0,945.0,568.0,241.0,0.0,625.0
2.0,3100.0,306.0,799.0,2385.0,0.0,0.0,552.0,247.0,0.0,306.0
2.0,5179.0,0.0,771.0,2087.0,0.0,0.0,524.0,247.0,0.0,0.0
2.0,7266.0,319.0,747.0,945.0,0.0,0.0,500.0,247.0,319.0,0.0
2.0,7892.0,862.0,736.0,0.0,0.0,0.0,491.0,245.0,862.0,0.0
2.0,7030.0,1402.0,748.0,0.0,0.0,0.0,510.0,238.0,1402.0,0.0
2.0,5628.0,1654.0,769.0,0.0,0.0,0.0,542.0,227.0,1654.0,0.0
2.0,3974.0,1455.0,784.0,0.0,1401.0,1401.0,568.0,216.0,1362.0,93.0
2.0,2519.0,867.0,790.0,0.0,2298.0,2298.0,578.0,212.0,524.0,343.0
2.0,1652.0,584.0,796.0,0.0,2912.0,2912.0,578.0,218.0,0.0,584.0
2.0,1068.0,724.0,810.0,1401.0,2305.0,2305.0,578.0,232.0,0.0,724.0
2.0,1745.0,613.0,817.0,2298.0,655.0,655.0,573.0,244.0,0.0,613.0
2.0,3430.0,263.0,806.0,2912.0,0.0,0.0,557.0,249.0,0.0,263.0
2.0,6079.0,0.0,780.0,2305.0,0.0,0.0,531.0,249.0,0.0,0.0
2.0,8384.0,350.0,756.0,655.0,0.0,0.0,507.0,249.0,350.0,0.0
2.0,8689.0,911.0,746.0,0.0,0.0,0.0,499.0,247.0,911.0,0.0
2.0,7778.0,1465.0,758.0,0.0,0.0,0.0,518.0,240.0,1465.0,0.0
2.0,6313.0,1668.0,778.0,0.0,0.0,0.0,550.0,228.0,1668.0,0.0
2.0,4645.0,1427.0,792.0,0.0,742.0,742.0,575.0,217.0,1311.0,116.0
2.0,3218.0,759.0,795.0,0.0,1516.0,1516.0,583.0,212.0,407.0,352.0
2.0,2459.0,598.0,803.0,0.0,2154.0,2154.0,583.0,220.0,0.0,598.0
2.0,1861.0,721.0,817.0,742.0,2203.0,2203.0,583.0,234.0,0.0,721.0
2.0,1882.0,610.0,822.0,1516.0,1322.0,1322.0,577.0,245.0,0.0,610.0
2.0,2788.0,258.0,810.0,2154.0,0.0,0.0,560.0,250.0,0.0,258.0
2.0,4684.0,0.0,783.0,2203.0,0.0,0.0,533.0,250.0,0.0,0.0
2.0,6887.0,405.0,760.0,1322.0,0.0,0.0,510.0,250.0,405.0,0.0
2.0,7804.0,968.0,752.0,0.0,0.0,0.0,503.0,249.0,968.0,0.0
2.0,6836.0,1533.0,767.0,0.0,0.0,0.0,524.0,243.0,1533.0,0.0
2.0,5303.0,1696.0,789.0,0.0,338.0,338.0,557.0,232.0,1696.0,0.0
2.0,3607.0,1421.0,803.0,0.0,1829.0,1829.0,582.0,221.0,1299.0,122.0
2.0,2186.0,697.0,805.0,0.0,2536.0,2536.0,588.0,217.0,332.0,365.0
2.0,1489.0,606.0,810.0,338.0,2829.0,2829.0,588.0,222.0,0.0,606.0
2.0,1221.0,720.0,824.0,1829.0,1790.0,1790.0,588.0,236.0,0.0,720.0
2.0,2330.0,589.0,830.0,2536.0,0.0,0.0,582.0,248.0,0.0,589.0
2.0,4277.0,226.0,817.0,2829.0,0.0,0.0,565.0,252.0,0.0,226.0
2.0,6880.0,0.0,790.0,1790.0,0.0,0.0,538.0,252.0,0.0,0.0
2.0,8670.0,404.0,766.0,0.0,0.0,0.0,514.0,252.0,404.0,0.0
2.0,8266.0,984.0,759.0,0.0,0.0,0.0,509.0,250.0,984.0,0.0
2.0,7282.0,1551.0,774.0,0.0,0.0,0.0,530.0,244.0,1551.0,0.0
2.0,5731.0,1713.0,796.0,0.0,0.0,0.0,563.0,233.0,1713.0,0.0
2.0,4018.0,1455.0,810.0,0.0,1487.0,1487.0,587.0,223.0,1290.0,165.0
2.0,2563.0,722.0,812.0,0.0,2219.0,2219.0,593.0,219.0,314.0,408.0
2.0,1841.0,654.0,819.0,0.0,2908.0,2908.0,593.0,226.0,0.0,654.0
2.0,1187.0,739.0,833.0,1487.0,2230.0,2230.0,593.0,240.0,0.0,739.0
2.0,1935.0,576.0,838.0,2219.0,612.0,612.0,587.0,251.0,0.0,576.0
2.0,3578.0,162.0,823.0,2908.0,0.0,0.0,569.0,254.0,0.0,162.0
2.0,6324.0,0.0,795.0,2230.0,0.0,0.0,541.0,254.0,0.0,0.0
2.0,8554.0,435.0,770.0,612.0,0.0,0.0,516.0,254.0,435.0,0.0
2.0,8731.0,1009.0,762.0,0.0,0.0,0.0,510.0,252.0,1009.0,0.0
2.0,7722.0,1593.0,780.0,0.0,0.0,0.0,534.0,246.0,1593.0,0.0
2.0,6129.0,1745.0,803.0,0.0,0.0,0.0,567.0,236.0,1745.0,0.0
2.0,4384.0,1507.0,818.0,0.0,1213.0,1213.0,593.0,225.0,1325.0,182.0
2.0,2877.0,736.0,821.0,0.0,1964.0,1964.0,599.0,222.0,303.0,433.0
2.0,2141.0,675.0,828.0,0.0,2674.0,2674.0,599.0,229.0,0.0,675.0
2.0,1466.0,739.0,842.0,1213.0,2270.0,2270.0,599.0,243.0,0.0,739.0
2.0,1940.0,551.0,847.0,1964.0,882.0,882.0,593.0,254.0,0.0,551.0
2.0,3353.0,126.0,832.0,2674.0,0.0,0.0,576.0,256.0,0.0,126.0
2.0,5901.0,0.0,805.0,2270.0,0.0,0.0,549.0,256.0,0.0,0.0
2.0,8171.0,394.0,781.0,882.0,0.0,0.0,525.0,256.0,394.0,0.0
2.0,8659.0,966.0,771.0,0.0,0.0,0.0,517.0,254.0,966.0,0.0
2.0,7693.0,1528.0,785.0,0.0,0.0,0.0,537.0,248.0,1528.0,0.0
2.0,6165.0,1702.0,805.0,0.0,0.0,0.0,569.0,236.0,1702.0,0.0
2.0,4463.0,1523.0,821.0,0.0,1165.0,1165.0,595.0,226.0,1320.0,203.0
2.0,2940.0,846.0,825.0,0.0,2031.0,2031.0,602.0,223.0,385.0,461.0
2.0,2094.0,712.0,834.0,0.0,2788.0,2788.0,602.0,232.0,0.0,712.0
2.0,1382.0,762.0,849.0,1165.0,2460.0,2460.0,602.0,247.0,0.0,762.0
2.0,1785.0,548.0,852.0,2031.0,992.0,992.0,595.0,257.0,0.0,548.0
2.0,3268.0,81.0,837.0,2788.0,0.0,0.0,578.0,259.0,0.0,81.0
2.0,5975.0,0.0,809.0,2460.0,0.0,0.0,550.0,259.0,0.0,0.0
2.0,8435.0,469.0,786.0,992.0,0.0,0.0,527.0,259.0,469.0,0.0
2.0,8958.0,1066.0,779.0,0.0,0.0,0.0,522.0,257.0,1066.0,0.0
2.0,7892.0,1654.0,796.0,0.0,0.0,0.0,546.0,250.0,1654.0,0.0
2.0,6238.0,1770.0,818.0,0.0,0.0,0.0,580.0,238.0,1770.0,0.0
2.0,4468.0,1492.0,833.0,0.0,1189.0,1189.0,605.0,228.0,1287.0,205.0
2.0,2976.0,661.0,834.0,0.0,1855.0,1855.0,609.0,225.0,212.0,449.0
2.0,2315.0,695.0,843.0,0.0,2595.0,2595.0,609.0,234.0,0.0,695.0
2.0,1620.0,741.0,857.0,1189.0,2217.0,2217.0,609.0,248.0,0.0,741.0
2.0,2068.0,544.0,859.0,1855.0,916.0,916.0,601.0,258.0,0.0,544.0
2.0,3379.0,109.0,843.0,2595.0,0.0,0.0,582.0,261.0,0.0,109.0
2.0,5865.0,0.0,814.0,2217.0,0.0,0.0,553.0,261.0,0.0,0.0
2.0,8082.0,486.0,791.0,916.0,0.0,0.0,530.0,261.0,486.0,0.0
2.0,8512.0,1075.0,783.0,0.0,0.0,0.0,525.0,258.0,1075.0,0.0
2.0,7437.0,1660.0,802.0,0.0,0.0,0.0,551.0,251.0,1660.0,0.0
2.0,5777.0,1764.0,825.0,0.0,112.0,112.0,585.0,240.0,1764.0,0.0
2.0,4013.0,1518.0,839.0,0.0,1700.0,1700.0,609.0,230.0,1284.0,234.0
2.0,2495.0,716.0,842.0,0.0,2431.0,2431.0,614.0,228.0,227.0,489.0
2.0,1779.0,741.0,852.0,112.0,3110.0,3110.0,614.0,238.0,0.0,741.0
2.0,1150.0,757.0,867.0,1700.0,2242.0,2242.0,614.0,253.0,0.0,757.0
2.0,2093.0,525.0,869.0,2431.0,346.0,346.0,606.0,263.0,0.0,525.0
2.0,3999.0,34.0,850.0,3110.0,0.0,0.0,587.0,263.0,0.0,34.0
2.0,7075.0,0.0,820.0,2242.0,0.0,0.0,557.0,263.0,0.0,0.0
2.0,9317.0,479.0,797.0,346.0,0.0,0.0,534.0,263.0,479.0,0.0
2.0,9184.0,1085.0,790.0,0.0,0.0,0.0,530.0,260.0,1085.0,0.0
2.0,8099.0,1696.0,808.0,0.0,0.0,0.0,556.0,252.0,1696.0,0.0
2.0,6403.0,1817.0,831.0,0.0,0.0,0.0,591.0,240.0,1806.0,11.0
2.0,4586.0,1565.0,847.0,0.0,1214.0,1214.0,616.0,231.0,1307.0,258.0
2.0,3021.0,704.0,849.0,0.0,1928.0,1928.0,620.0,229.0,198.0,506.0
2.0,2317.0,750.0,861.0,0.0,2738.0,2738.0,620.0,241.0,0.0,750.0
2.0,1567.0,754.0,875.0,1214.0,2348.0,2348.0,620.0,255.0,0.0,754.0
2.0,2027.0,509.0,876.0,1928.0,934.0,934.0,611.0,265.0,0.0,509.0
2.0,3446.0,18.0,857.0,2738.0,0.0,0.0,592.0,265.0,0.0,18.0
2.0,6166.0,0.0,826.0,2348.0,0.0,0.0,561.0,265.0,0.0,0.0
2.0,8514.0,474.0,802.0,934.0,0.0,0.0,537.0,265.0,474.0,0.0
2.0,8974.0,1068.0,794.0,0.0,0.0,0.0,532.0,262.0,1068.0,0.0
2.0,7906.0,1662.0,812.0,0.0,0.0,0.0,558.0,254.0,1662.0,0.0
2.0,6244.0,1817.0,834.0,0.0,0.0,0.0,593.0,241.0,1791.0,26.0
2.0,4427.0,1623.0,850.0,0.0,1446.0,1446.0,618.0,232.0,1336.0,287.0
2.0,2804.0,835.0,856.0,0.0,2311.0,2311.0,624.0,232.0,291.0,544.0
2.0,1969.0,778.0,869.0,0.0,3154.0,3154.0,624.0,245.0,0.0,778.0
2.0,1191.0,745.0,883.0,1446.0,2523.0,2523.0,624.0,259.0,0.0,745.0
2.0,1892.0,460.0,884.0,2311.0,677.0,677.0,616.0,268.0,0.0,460.0
2.0,3743.0,0.0,866.0,3154.0,0.0,0.0,598.0,268.0,0.0,0.0
2.0,6897.0,0.0,836.0,2523.0,0.0,0.0,568.0,268.0,0.0,0.0
2.0,9420.0,504.0,813.0,677.0,0.0,0.0,545.0,268.0,504.0,0.0
2.0,9593.0,1112.0,805.0,0.0,0.0,0.0,541.0,264.0,1112.0,0.0
2.0,8481.0,1720.0,822.0,0.0,0.0,0.0,567.0,255.0,1720.0,0.0
2.0,6761.0,1857.0,844.0,0.0,0.0,0.0,602.0,242.0,1814.0,43.0
2.0,4904.0,1591.0,860.0,0.0,987.0,987.0,627.0,233.0,1295.0,296.0
2.0,3313.0,735.0,863.0,0.0,1737.0,1737.0,630.0,233.0,183.0,552.0
2.0,2578.0,775.0,877.0,0.0,2582.0,2582.0,630.0,247.0,0.0,775.0
2.0,1803.0,741.0,891.0,987.0,2406.0,2406.0,630.0,261.0,0.0,741.0
2.0,2049.0,449.0,891.0,1737.0,1118.0,1118.0,621.0,270.0,0.0,449.0
2.0,3337.0,0.0,871.0,2582.0,0.0,0.0,601.0,270.0,0.0,0.0
2.0,5919.0,0.0,839.0,2406.0,0.0,0.0,569.0,270.0,0.0,0.0
2.0,8325.0,544.0,815.0,1118.0,0.0,0.0,545.0,270.0,544.0,0.0
2.0,8899.0,1161.0,809.0,0.0,0.0,0.0,543.0,266.0,1161.0,0.0
2.0,7738.0,1791.0,830.0,0.0,0.0,0.0,573.0,257.0,1791.0,0.0
2.0,5947.0,1926.0,854.0,0.0,249.0,249.0,609.0,245.0,1872.0,54.0
2.0,4021.0,1636.0,872.0,0.0,1975.0,1975.0,635.0,237.0,1318.0,318.0
2.0,2385.0,701.0,874.0,0.0,2686.0,2686.0,637.0,237.0,129.0,572.0
2.0,1684.0,775.0,887.0,249.0,3277.0,3277.0,637.0,250.0,0.0,775.0
2.0,1158.0,716.0,901.0,1975.0,2088.0,2088.0,637.0,264.0,0.0,716.0
2.0,2417.0,411.0,900.0,2686.0,0.0,0.0,628.0,272.0,0.0,411.0
2.0,4692.0,0.0,879.0,3277.0,0.0,0.0,607.0,272.0,0.0,0.0
2.0,7969.0,0.0,847.0,2088.0,0.0,0.0,575.0,272.0,0.0,0.0
2.0,10057.0,491.0,823.0,0.0,0.0,0.0,551.0,272.0,491.0,0.0
2.0,9566.0,1089.0,814.0,0.0,0.0,0.0,547.0,267.0,1089.0,0.0
2.0,8477.0,1700.0,833.0,0.0,0.0,0.0,575.0,258.0,1700.0,0.0
2.0,6777.0,1927.0,856.0,0.0,0.0,0.0,610.0,246.0,1825.0,102.0
2.0,4850.0,1720.0,874.0,0.0,1240.0,1240.0,636.0,238.0,1351.0,369.0
2.0,3130.0,917.0,882.0,0.0,2197.0,2197.0,642.0,240.0,278.0,639.0
2.0,2213.0,805.0,897.0,0.0,3077.0,3077.0,642.0,255.0,0.0,805.0
2.0,1408.0,706.0,911.0,1240.0,2613.0,2613.0,642.0,269.0,0.0,706.0
2.0,1942.0,333.0,908.0,2197.0,734.0,734.0,633.0,275.0,0.0,333.0
2.0,3806.0,0.0,887.0,3077.0,0.0,0.0,612.0,275.0,0.0,0.0
2.0,6883.0,0.0,854.0,2613.0,0.0,0.0,579.0,275.0,0.0,0.0
2.0,9496.0,536.0,830.0,734.0,0.0,0.0,555.0,275.0,536.0,0.0
2.0,9694.0,1158.0,822.0,0.0,0.0,0.0,552.0,270.0,1158.0,0.0
2.0,8536.0,1786.0,842.0,0.0,0.0,0.0,582.0,260.0,1786.0,0.0
2.0,6750.0,1956.0,865.0,0.0,0.0,0.0,618.0,247.0,1871.0,85.0
2.0,4794.0,1679.0,884.0,0.0,1305.0,1305.0,644.0,240.0,1329.0,350.0
2.0,3115.0,770.0,889.0,0.0,2100.0,2100.0,647.0,242.0,158.0,612.0
2.0,2345.0,794.0,903.0,0.0,2964.0,2964.0,647.0,256.0,0.0,794.0
2.0,1551.0,711.0,917.0,1305.0,2440.0,2440.0,647.0,270.0,0.0,711.0
2.0,2145.0,377.0,915.0,2100.0,707.0,707.0,638.0,277.0,0.0,377.0
2.0,3868.0,0.0,894.0,2964.0,0.0,0.0,617.0,277.0,0.0,0.0
2.0,6832.0,0.0,862.0,2440.0,0.0,0.0,585.0,277.0,0.0,0.0
2.0,9272.0,573.0,839.0,707.0,0.0,0.0,562.0,277.0,573.0,0.0
2.0,9406.0,1197.0,830.0,0.0,0.0,0.0,559.0,271.0,1197.0,0.0
2.0,8209.0,1813.0,849.0,0.0,0.0,0.0,588.0,261.0,1813.0,0.0
2.0,6396.0,1961.0,872.0,0.0,0.0,0.0,624.0,248.0,1870.0,91.0
2.0,4435.0,1676.0,890.0,0.0,1691.0,1691.0,650.0,240.0,1316.0,360.0
2.0,2759.0,763.0,896.0,0.0,2484.0,2484.0,652.0,244.0,130.0,633.0
2.0,1996.0,813.0,911.0,0.0,3372.0,3372.0,652.0,259.0,0.0,813.0
2.0,1183.0,729.0,925.0,1691.0,2480.0,2480.0,652.0,273.0,0.0,729.0
2.0,2145.0,360.0,922.0,2484.0,341.0,341.0,642.0,280.0,0.0,360.0
2.0,4269.0,0.0,901.0,3372.0,0.0,0.0,621.0,280.0,0.0,0.0
2.0,7641.0,0.0,868.0,2480.0,0.0,0.0,588.0,280.0,0.0,0.0
2.0,10121.0,581.0,843.0,341.0,0.0,0.0,564.0,279.0,581.0,0.0
2.0,9881.0,1226.0,837.0,0.0,0.0,0.0,563.0,274.0,1226.0,0.0
2.0,8655.0,1867.0,858.0,0.0,0.0,0.0,595.0,263.0,1867.0,0.0
2.0,6788.0,1992.0,882.0,0.0,0.0,0.0,632.0,250.0,1916.0,76.0
2.0,4796.0,1655.0,900.0,0.0,1359.0,1359.0,658.0,242.0,1315.0,340.0
2.0,3141.0,683.0,904.0,0.0,2062.0,2062.0,659.0,245.0,75.0,608.0
2.0,2458.0,805.0,919.0,0.0,2942.0,2942.0,659.0,260.0,0.0,805.0
2.0,1653.0,749.0,934.0,1359.0,2407.0,2407.0,659.0,275.0,0.0,749.0
2.0,2263.0,417.0,931.0,2062.0,747.0,747.0,648.0,283.0,0.0,417.0
2.0,3908.0,0.0,909.0,2942.0,0.0,0.0,626.0,283.0,0.0,0.0
2.0,6850.0,0.0,875.0,2407.0,0.0,0.0,592.0,283.0,0.0,0.0
2.0,9257.0,589.0,849.0,747.0,0.0,0.0,567.0,282.0,589.0,0.0
2.0,9415.0,1214.0,841.0,0.0,0.0,0.0,565.0,276.0,1214.0,0.0
2.0,8201.0,1860.0,863.0,0.0,0.0,0.0,598.0,265.0,1860.0,0.0
2.0,6341.0,1967.0,886.0,0.0,56.0,56.0,635.0,251.0,1904.0,63.0
2.0,4374.0,1692.0,905.0,0.0,1843.0,1843.0,661.0,244.0,1346.0,346.0
2.0,2682.0,749.0,911.0,0.0,2622.0,2622.0,663.0,248.0,127.0,622.0
2.0,1933.0,833.0,927.0,56.0,3479.0,3479.0,663.0,264.0,0.0,833.0
2.0,1156.0,759.0,942.0,1843.0,2470.0,2470.0,663.0,279.0,0.0,759.0
2.0,2240.0,407.0,940.0,2622.0,245.0,245.0,654.0,286.0,0.0,407.0
2.0,4455.0,0.0,919.0,3479.0,0.0,0.0,633.0,286.0,0.0,0.0
2.0,7934.0,0.0,886.0,2470.0,0.0,0.0,600.0,286.0,0.0,0.0
2.0,10404.0,587.0,860.0,245.0,0.0,0.0,576.0,284.0,587.0,0.0
2.0,10062.0,1223.0,851.0,0.0,0.0,0.0,574.0,277.0,1223.0,0.0
2.0,8839.0,1855.0,869.0,0.0,0.0,0.0,604.0,265.0,1855.0,0.0
2.0,6984.0,1954.0,892.0,0.0,0.0,0.0,641.0,251.0,1893.0,61.0
2.0,5030.0,1650.0,910.0,0.0,1170.0,1170.0,666.0,244.0,1312.0,338.0
2.0,3380.0,725.0,917.0,0.0,1930.0,1930.0,668.0,249.0,104.0,621.0
2.0,2655.0,843.0,933.0,0.0,2853.0,2853.0,668.0,265.0,0.0,843.0
2.0,1812.0,787.0,949.0,1170.0,2550.0,2550.0,668.0,281.0,0.0,787.0
2.0,2195.0,450.0,947.0,1930.0,1060.0,1060.0,658.0,289.0,0.0,450.0
2.0,3675.0,0.0,924.0,2853.0,0.0,0.0,635.0,289.0,0.0,0.0
2.0,6528.0,24.0,890.0,2550.0,0.0,0.0,601.0,289.0,24.0,0.0
2.0,9054.0,664.0,866.0,1060.0,0.0,0.0,578.0,288.0,664.0,0.0
2.0,9450.0,1319.0,859.0,0.0,0.0,0.0,578.0,281.0,1319.0,0.0
2.0,8131.0,1960.0,882.0,0.0,0.0,0.0,613.0,269.0,1960.0,0.0
2.0,6171.0,1969.0,904.0,0.0,318.0,318.0,650.0,254.0,1948.0,21.0
2.0,4202.0,1589.0,921.0,0.0,1992.0,1992.0,675.0,246.0,1287.0,302.0
2.0,2613.0,580.0,925.0,0.0,2592.0,2592.0,675.0,250.0,0.0,580.0
2.0,2033.0,834.0,941.0,318.0,3188.0,3188.0,675.0,266.0,0.0,834.0
2.0,1517.0,810.0,957.0,1992.0,2086.0,2086.0,675.0,282.0,0.0,810.0
2.0,2699.0,515.0,956.0,2592.0,4.0,4.0,664.0,292.0,0.0,515.0
2.0,4776.0,0.0,933.0,3188.0,0.0,0.0,641.0,292.0,0.0,0.0
2.0,7964.0,6.0,898.0,2086.0,0.0,0.0,606.0,292.0,6.0,0.0
2.0,10044.0,661.0,873.0,4.0,0.0,0.0,583.0,290.0,661.0,0.0
2.0,9387.0,1310.0,866.0,0.0,0.0,0.0,583.0,283.0,1310.0,0.0
2.0,8077.0,1951.0,889.0,0.0,0.0,0.0,618.0,271.0,1951.0,0.0
2.0,6126.0,1959.0,911.0,0.0,388.0,388.0,655.0,256.0,1937.0,22.0
2.0,4167.0,1575.0,928.0,0.0,2048.0,2048.0,680.0,248.0,1274.0,301.0
2.0,2592.0,587.0,932.0,0.0,2655.0,2655.0,680.0,252.0,0.0,587.0
2.0,2005.0,854.0,948.0,388.0,3201.0,3201.0,680.0,268.0,0.0,854.0
2.0,1539.0,835.0,964.0,2048.0,2068.0,2068.0,680.0,284.0,0.0,835.0
2.0,2752.0,523.0,962.0,2655.0,0.0,0.0,668.0,294.0,0.0,523.0
2.0,4884.0,0.0,939.0,3201.0,0.0,0.0,645.0,294.0,0.0,0.0
2.0,8085.0,32.0,903.0,2068.0,0.0,0.0,609.0,294.0,32.0,0.0
2.0,10121.0,680.0,879.0,0.0,0.0,0.0,586.0,293.0,680.0,0.0
2.0,9441.0,1349.0,872.0,0.0,0.0,0.0,586.0,286.0,1349.0,0.0
2.0,8092.0,1982.0,898.0,0.0,0.0,0.0,623.0,275.0,1982.0,0.0
2.0,6110.0,1977.0,920.0,0.0,467.0,467.0,661.0,259.0,1966.0,11.0
2.0,4133.0,1571.0,936.0,0.0,2118.0,2118.0,685.0,251.0,1276.0,295.0
2.0,2562.0,574.0,939.0,0.0,2707.0,2707.0,685.0,254.0,0.0,574.0
2.0,1988.0,842.0,955.0,467.0,3162.0,3162.0,685.0,270.0,0.0,842.0
2.0,1613.0,830.0,971.0,2118.0,1954.0,1954.0,685.0,286.0,0.0,830.0
2.0,2901.0,547.0,970.0,2707.0,0.0,0.0,674.0,296.0,0.0,547.0
2.0,5061.0,0.0,947.0,3162.0,0.0,0.0,651.0,296.0,0.0,0.0
2.0,8223.0,29.0,912.0,1954.0,0.0,0.0,616.0,296.0,29.0,0.0
2.0,10148.0,689.0,887.0,0.0,0.0,0.0,592.0,295.0,689.0,0.0
2.0,9459.0,1342.0,881.0,0.0,0.0,0.0,592.0,289.0,1342.0,0.0
2.0,8117.0,1975.0,905.0,0.0,0.0,0.0,628.0,277.0,1975.0,0.0
2.0,6142.0,1972.0,926.0,0.0,460.0,460.0,665.0,261.0,1942.0,30.0
2.0,4170.0,1589.0,942.0,0.0,2129.0,2129.0,689.0,253.0,1271.0,318.0
2.0,2581.0,605.0,945.0,0.0,2749.0,2749.0,689.0,256.0,0.0,605.0
2.0,1976.0,867.0,962.0,460.0,3241.0,3241.0,689.0,273.0,0.0,867.0
2.0,1569.0,831.0,978.0,2129.0,2023.0,2023.0,689.0,289.0,0.0,831.0
2.0,2867.0,503.0,977.0,2749.0,0.0,0.0,678.0,299.0,0.0,503.0
2.0,5113.0,0.0,954.0,3241.0,0.0,0.0,655.0,299.0,0.0,0.0
2.0,8354.0,39.0,919.0,2023.0,0.0,0.0,620.0,299.0,39.0,0.0
2.0,10338.0,725.0,895.0,0.0,0.0,0.0,597.0,298.0,725.0,0.0
2.0,9613.0,1410.0,890.0,0.0,0.0,0.0,599.0,291.0,1410.0,0.0
2.0,8203.0,2052.0,916.0,0.0,0.0,0.0,637.0,279.0,2052.0,0.0
2.0,6151.0,2004.0,938.0,0.0,543.0,543.0,675.0,263.0,1986.0,18.0
2.0,4147.0,1532.0,952.0,0.0,2145.0,2145.0,698.0,254.0,1231.0,301.0
2.0,2615.0,586.0,955.0,0.0,2746.0,2746.0,698.0,257.0,0.0,586.0
2.0,2029.0,852.0,971.0,543.0,3135.0,3135.0,698.0,273.0,0.0,852.0
2.0,1720.0,842.0,987.0,2145.0,1912.0,1912.0,698.0,289.0,0.0,842.0
2.0,3023.0,552.0,985.0,2746.0,0.0,0.0,685.0,300.0,0.0,552.0
2.0,5217.0,0.0,960.0,3135.0,0.0,0.0,660.0,300.0,0.0,0.0
2.0,8352.0,0.0,922.0,1912.0,0.0,0.0,622.0,300.0,0.0,0.0
2.0,10264.0,633.0,896.0,0.0,0.0,0.0,597.0,299.0,633.0,0.0
2.0,9631.0,1300.0,891.0,0.0,0.0,0.0,597.0,294.0,1300.0,0.0
2.0,8331.0,1975.0,917.0,0.0,0.0,0.0,635.0,282.0,1975.0,0.0
2.0,6356.0,2075.0,941.0,0.0,424.0,424.0,674.0,267.0,2042.0,33.0
2.0,4281.0,1750.0,960.0,0.0,2269.0,2269.0,702.0,258.0,1425.0,325.0
2.0,2531.0,746.0,964.0,0.0,3035.0,3035.0,704.0,260.0,132.0,614.0
2.0,1785.0,874.0,980.0,424.0,3565.0,3565.0,704.0,276.0,0.0,874.0
2.0,1335.0,830.0,996.0,2269.0,2206.0,2206.0,704.0,292.0,0.0,830.0
2.0,2774.0,499.0,993.0,3035.0,0.0,0.0,691.0,302.0,0.0,499.0
2.0,5310.0,0.0,968.0,3565.0,0.0,0.0,666.0,302.0,0.0,0.0
2.0,8875.0,0.0,931.0,2206.0,0.0,0.0,629.0,302.0,0.0,0.0
2.0,11081.0,590.0,905.0,0.0,0.0,0.0,603.0,302.0,590.0,0.0
2.0,10491.0,1274.0,899.0,0.0,0.0,0.0,603.0,296.0,1274.0,0.0
2.0,9217.0,1947.0,924.0,0.0,0.0,0.0,640.0,284.0,1947.0,0.0
2.0,7270.0,2061.0,948.0,0.0,0.0,0.0,679.0,269.0,2022.0,39.0
2.0,5209.0,1754.0,966.0,0.0,1375.0,1375.0,707.0,259.0,1427.0,327.0
2.0,3455.0,775.0,971.0,0.0,2175.0,2175.0,710.0,261.0,158.0,617.0
2.0,2680.0,876.0,988.0,0.0,3136.0,3136.0,710.0,278.0,0.0,876.0
2.0,1804.0,840.0,1003.0,1375.0,2676.0,2676.0,709.0,294.0,0.0,840.0
2.0,2339.0,513.0,1000.0,2175.0,999.0,999.0,696.0,304.0,0.0,513.0
2.0,4001.0,0.0,974.0,3136.0,0.0,0.0,670.0,304.0,0.0,0.0
2.0,7137.0,0.0,936.0,2676.0,0.0,0.0,632.0,304.0,0.0,0.0
2.0,9813.0,651.0,910.0,999.0,0.0,0.0,607.0,303.0,651.0,0.0
2.0,10161.0,1330.0,906.0,0.0,0.0,0.0,608.0,298.0,1330.0,0.0
2.0,8831.0,2010.0,933.0,0.0,0.0,0.0,646.0,287.0,2010.0,0.0
2.0,6821.0,2094.0,957.0,0.0,58.0,58.0,686.0,271.0,2051.0,43.0
2.0,4727.0,1742.0,975.0,0.0,1890.0,1890.0,713.0,262.0,1409.0,333.0
2.0,2985.0,713.0,978.0,0.0,2618.0,2618.0,715.0,263.0,90.0,623.0
2.0,2272.0,869.0,995.0,58.0,3514.0,3514.0,715.0,280.0,0.0,869.0
2.0,1461.0,833.0,1010.0,1890.0,2532.0,2532.0,714.0,296.0,0.0,833.0
2.0,2518.0,501.0,1007.0,2618.0,400.0,400.0,701.0,306.0,0.0,501.0
2.0,4635.0,0.0,981.0,3514.0,0.0,0.0,675.0,306.0,0.0,0.0
2.0,8149.0,0.0,943.0,2532.0,0.0,0.0,637.0,306.0,0.0,0.0
2.0,10681.0,668.0,917.0,400.0,0.0,0.0,612.0,305.0,668.0,0.0
2.0,10413.0,1357.0,913.0,0.0,0.0,0.0,614.0,299.0,1357.0,0.0
2.0,9056.0,2050.0,941.0,0.0,0.0,0.0,654.0,287.0,2050.0,0.0
2.0,7006.0,2136.0,965.0,0.0,0.0,0.0,693.0,272.0,2067.0,69.0
2.0,4870.0,1765.0,983.0,0.0,1810.0,1810.0,720.0,263.0,1402.0,363.0
2.0,3105.0,705.0,987.0,0.0,2535.0,2535.0,721.0,266.0,38.0,667.0
2.0,2400.0,896.0,1004.0,0.0,3516.0,3516.0,721.0,283.0,0.0,896.0
2.0,1504.0,827.0,1019.0,1810.0,2608.0,2608.0,720.0,299.0,0.0,827.0
2.0,2487.0,453.0,1014.0,2535.0,501.0,501.0,706.0,308.0,0.0,453.0
2.0,4569.0,0.0,987.0,3516.0,0.0,0.0,679.0,308.0,0.0,0.0
2.0,8085.0,0.0,948.0,2608.0,0.0,0.0,640.0,308.0,0.0,0.0
2.0,10693.0,688.0,923.0,501.0,0.0,0.0,615.0,308.0,688.0,0.0
2.0,10506.0,1391.0,920.0,0.0,0.0,0.0,618.0,302.0,1391.0,0.0
2.0,9115.0,2102.0,949.0,0.0,0.0,0.0,658.0,291.0,2102.0,0.0
2.0,7013.0,2201.0,975.0,0.0,63.0,63.0,699.0,276.0,2127.0,74.0
2.0,4812.0,1797.0,994.0,0.0,1955.0,1955.0,727.0,267.0,1428.0,369.0
2.0,3015.0,669.0,996.0,0.0,2634.0,2634.0,727.0,269.0,9.0,660.0
2.0,2346.0,877.0,1012.0,63.0,3528.0,3528.0,727.0,285.0,0.0,877.0
2.0,1532.0,805.0,1028.0,1955.0,2458.0,2458.0,727.0,301.0,0.0,805.0
2.0,2682.0,443.0,1024.0,2634.0,247.0,247.0,715.0,309.0,0.0,443.0
2.0,4873.0,0.0,999.0,3528.0,0.0,0.0,690.0,309.0,0.0,0.0
2.0,8401.0,0.0,961.0,2458.0,0.0,0.0,652.0,309.0,0.0,0.0
2.0,10859.0,649.0,934.0,247.0,0.0,0.0,625.0,309.0,649.0,0.0
2.0,10457.0,1325.0,926.0,0.0,0.0,0.0,623.0,303.0,1325.0,0.0
2.0,9132.0,2007.0,950.0,0.0,0.0,0.0,659.0,291.0,2007.0,0.0
2.0,7125.0,2178.0,975.0,0.0,0.0,0.0,699.0,276.0,2063.0,115.0
2.0,4947.0,1870.0,995.0,0.0,1898.0,1898.0,727.0,268.0,1451.0,419.0
2.0,3077.0,878.0,1003.0,0.0,2816.0,2816.0,730.0,273.0,157.0,721.0
2.0,2199.0,908.0,1020.0,0.0,3809.0,3809.0,730.0,290.0,0.0,908.0
2.0,1291.0,785.0,1035.0,1898.0,2771.0,2771.0,730.0,305.0,0.0,785.0
2.0,2404.0,364.0,1030.0,2816.0,294.0,294.0,718.0,312.0,0.0,364.0
2.0,4856.0,0.0,1006.0,3809.0,0.0,0.0,694.0,312.0,0.0,0.0
2.0,8665.0,0.0,968.0,2771.0,0.0,0.0,656.0,312.0,0.0,0.0
2.0,11436.0,693.0,942.0,294.0,0.0,0.0,631.0,311.0,693.0,0.0
2.0,11037.0,1404.0,935.0,0.0,0.0,0.0,630.0,305.0,1404.0,0.0
2.0,9633.0,2107.0,961.0,0.0,0.0,0.0,668.0,293.0,2107.0,0.0
2.0,7526.0,2244.0,987.0,0.0,0.0,0.0,708.0,279.0,2118.0,126.0
2.0,5282.0,1830.0,1007.0,0.0,1583.0,1583.0,736.0,271.0,1406.0,424.0
2.0,3452.0,719.0,1011.0,0.0,2322.0,2322.0,736.0,275.0,0.0,719.0
2.0,2733.0,888.0,1028.0,0.0,3295.0,3295.0,736.0,292.0,0.0,888.0
2.0,1845.0,772.0,1043.0,1583.0,2559.0,2559.0,736.0,307.0,0.0,772.0
2.0,2656.0,360.0,1037.0,2322.0,567.0,567.0,723.0,314.0,0.0,360.0
2.0,4618.0,0.0,1011.0,3295.0,0.0,0.0,697.0,314.0,0.0,0.0
2.0,7913.0,45.0,974.0,2559.0,0.0,0.0,660.0,314.0,45.0,0.0
2.0,10427.0,741.0,947.0,567.0,0.0,0.0,634.0,313.0,741.0,0.0
2.0,10253.0,1456.0,941.0,0.0,0.0,0.0,635.0,306.0,1456.0,0.0
2.0,8797.0,2120.0,968.0,0.0,0.0,0.0,674.0,294.0,2120.0,0.0
2.0,6677.0,2256.0,996.0,0.0,559.0,559.0,715.0,281.0,2098.0,158.0
2.0,4421.0,1824.0,1015.0,0.0,2478.0,2478.0,741.0,274.0,1360.0,464.0
2.0,2597.0,772.0,1020.0,0.0,3275.0,3275.0,741.0,279.0,0.0,772.0
2.0,1825.0,914.0,1037.0,559.0,3715.0,3715.0,741.0,296.0,0.0,914.0
2.0,1470.0,748.0,1052.0,2478.0,2060.0,2060.0,741.0,311.0,0.0,748.0
2.0,3200.0,277.0,1044.0,3275.0,0.0,0.0,728.0,316.0,0.0,277.0
2.0,6198.0,0.0,1018.0,3715.0,0.0,0.0,702.0,316.0,0.0,0.0
2.0,9913.0,57.0,980.0,2060.0,0.0,0.0,664.0,316.0,57.0,0.0
2.0,11916.0,779.0,954.0,0.0,0.0,0.0,639.0,315.0,779.0,0.0
2.0,11137.0,1492.0,949.0,0.0,0.0,0.0,641.0,308.0,1492.0,0.0
2.0,9645.0,2149.0,976.0,0.0,0.0,0.0,681.0,295.0,2149.0,0.0
2.0,7496.0,2259.0,1002.0,0.0,0.0,0.0,721.0,281.0,2079.0,180.0
2.0,5237.0,1777.0,1021.0,0.0,1645.0,1645.0,746.0,275.0,1294.0,483.0
2.0,3460.0,787.0,1027.0,0.0,2462.0,2462.0,746.0,281.0,0.0,787.0
2.0,2673.0,921.0,1045.0,0.0,3473.0,3473.0,746.0,299.0,0.0,921.0
2.0,1752.0,751.0,1059.0,1645.0,2649.0,2649.0,746.0,313.0,0.0,751.0
2.0,2646.0,272.0,1051.0,2462.0,419.0,419.0,733.0,318.0,0.0,272.0
2.0,4836.0,0.0,1024.0,3473.0,0.0,0.0,706.0,318.0,0.0,0.0
2.0,8309.0,74.0,985.0,2649.0,0.0,0.0,667.0,318.0,74.0,0.0
2.0,10884.0,778.0,958.0,419.0,0.0,0.0,641.0,317.0,778.0,0.0
2.0,10525.0,1491.0,952.0,0.0,0.0,0.0,642.0,310.0,1491.0,0.0
2.0,9034.0,2141.0,980.0,0.0,0.0,0.0,683.0,297.0,2141.0,0.0
2.0,6893.0,2257.0,1008.0,0.0,404.0,404.0,724.0,284.0,2089.0,168.0
2.0,4636.0,1809.0,1026.0,0.0,2303.0,2303.0,749.0,277.0,1329.0,480.0
2.0,2827.0,787.0,1033.0,0.0,3125.0,3125.0,749.0,284.0,0.0,787.0
2.0,2040.0,924.0,1051.0,404.0,3735.0,3735.0,749.0,302.0,0.0,924.0
2.0,1520.0,749.0,1065.0,2303.0,2251.0,2251.0,749.0,316.0,0.0,749.0
2.0,3074.0,273.0,1058.0,3125.0,0.0,0.0,737.0,321.0,0.0,273.0
2.0,5926.0,0.0,1032.0,3735.0,0.0,0.0,711.0,321.0,0.0,0.0
2.0,9661.0,113.0,996.0,2251.0,0.0,0.0,675.0,321.0,113.0,0.0
2.0,11799.0,848.0,970.0,0.0,0.0,0.0,651.0,319.0,848.0,0.0
2.0,10951.0,1571.0,965.0,0.0,0.0,0.0,654.0,311.0,1571.0,0.0
2.0,9380.0,2168.0,989.0,0.0,0.0,0.0,692.0,297.0,2168.0,0.0
2.0,7212.0,2207.0,1014.0,0.0,65.0,65.0,731.0,283.0,2024.0,183.0
2.0,5005.0,1673.0,1032.0,0.0,1828.0,1828.0,754.0,278.0,1181.0,492.0
2.0,3332.0,804.0,1040.0,0.0,2672.0,2672.0,754.0,286.0,0.0,804.0
2.0,2528.0,936.0,1058.0,65.0,3633.0,3633.0,754.0,304.0,0.0,936.0
2.0,1657.0,758.0,1073.0,1828.0,2638.0,2638.0,754.0,319.0,0.0,758.0
2.0,2727.0,265.0,1065.0,2672.0,191.0,191.0,741.0,324.0,0.0,265.0
2.0,5134.0,0.0,1038.0,3633.0,0.0,0.0,714.0,324.0,0.0,0.0
2.0,8767.0,165.0,1000.0,2638.0,0.0,0.0,676.0,324.0,165.0,0.0
2.0,11240.0,897.0,974.0,191.0,0.0,0.0,653.0,321.0,897.0,0.0
2.0,10534.0,1641.0,970.0,0.0,0.0,0.0,657.0,313.0,1641.0,0.0
2.0,8893.0,2227.0,999.0,0.0,0.0,0.0,700.0,299.0,2227.0,0.0
2.0,6666.0,2255.0,1026.0,0.0,719.0,719.0,740.0,286.0,2068.0,187.0
2.0,4411.0,1645.0,1043.0,0.0,2449.0,2449.0,762.0,281.0,1147.0,498.0
2.0,2766.0,803.0,1051.0,0.0,3292.0,3292.0,762.0,289.0,0.0,803.0
2.0,1963.0,927.0,1069.0,719.0,3590.0,3590.0,762.0,307.0,0.0,927.0
2.0,1755.0,741.0,1082.0,2449.0,1947.0,1947.0,761.0,321.0,0.0,741.0
2.0,3463.0,261.0,1073.0,3292.0,0.0,0.0,747.0,326.0,0.0,261.0
2.0,6494.0,0.0,1045.0,3590.0,0.0,0.0,719.0,326.0,0.0,0.0
2.0,10084.0,110.0,1006.0,1947.0,0.0,0.0,680.0,326.0,110.0,0.0
2.0,11921.0,835.0,979.0,0.0,0.0,0.0,656.0,323.0,835.0,0.0
2.0,11086.0,1567.0,974.0,0.0,0.0,0.0,660.0,314.0,1567.0,0.0
2.0,9519.0,2185.0,1001.0,0.0,0.0,0.0,702.0,299.0,2185.0,0.0
2.0,7334.0,2303.0,1028.0,0.0,109.0,109.0,742.0,286.0,2090.0,213.0
2.0,5031.0,1800.0,1049.0,0.0,2014.0,2014.0,767.0,282.0,1270.0,530.0
2.0,3231.0,848.0,1060.0,0.0,2917.0,2917.0,767.0,293.0,0.0,848.0
2.0,2383.0,955.0,1078.0,109.0,3853.0,3853.0,767.0,311.0,0.0,955.0
2.0,1537.0,738.0,1090.0,2014.0,2637.0,2637.0,765.0,325.0,0.0,738.0
2.0,2813.0,204.0,1079.0,2917.0,0.0,0.0,750.0,329.0,0.0,204.0
2.0,5526.0,0.0,1051.0,3853.0,0.0,0.0,722.0,329.0,0.0,0.0
2.0,9379.0,137.0,1012.0,2637.0,0.0,0.0,683.0,329.0,137.0,0.0
2.0,11879.0,882.0,986.0,0.0,0.0,0.0,660.0,326.0,882.0,0.0
2.0,10997.0,1623.0,982.0,0.0,0.0,0.0,666.0,316.0,1623.0,0.0
2.0,9374.0,2223.0,1010.0,0.0,0.0,0.0,709.0,301.0,2223.0,0.0
2.0,7151.0,2304.0,1037.0,0.0,338.0,338.0,749.0,288.0,2095.0,209.0
2.0,4847.0,1724.0,1056.0,0.0,2157.0,2157.0,773.0,283.0,1205.0,519.0
2.0,3123.0,832.0,1067.0,0.0,3044.0,3044.0,773.0,294.0,0.0,832.0
2.0,2291.0,938.0,1085.0,338.0,3734.0,3734.0,773.0,312.0,0.0,938.0
2.0,1691.0,745.0,1097.0,2157.0,2382.0,2382.0,771.0,326.0,0.0,745.0
2.0,3103.0,237.0,1087.0,3044.0,0.0,0.0,756.0,331.0,0.0,237.0
2.0,5910.0,0.0,1059.0,3734.0,0.0,0.0,728.0,331.0,0.0,0.0
2.0,9644.0,163.0,1020.0,2382.0,0.0,0.0,689.0,331.0,163.0,0.0
2.0,11863.0,894.0,994.0,0.0,0.0,0.0,666.0,328.0,894.0,0.0
2.0,10969.0,1632.0,990.0,0.0,0.0,0.0,672.0,318.0,1632.0,0.0
2.0,9337.0,2211.0,1018.0,0.0,0.0,0.0,715.0,303.0,2211.0,0.0
2.0,7126.0,2286.0,1045.0,0.0,385.0,385.0,755.0,290.0,2068.0,218.0
2.0,4840.0,1735.0,1064.0,0.0,2215.0,2215.0,778.0,286.0,1191.0,544.0
2.0,3105.0,871.0,1075.0,0.0,3141.0,3141.0,778.0,297.0,0.0,871.0
2.0,2234.0,974.0,1094.0,385.0,3825.0,3825.0,778.0,316.0,0.0,974.0
2.0,1645.0,747.0,1105.0,2215.0,2412.0,2412.0,775.0,330.0,0.0,747.0
2.0,3113.0,192.0,1093.0,3141.0,0.0,0.0,759.0,334.0,0.0,192.0
2.0,6062.0,0.0,1063.0,3825.0,0.0,0.0,729.0,334.0,0.0,0.0
2.0,9887.0,193.0,1025.0,2412.0,0.0,0.0,691.0,334.0,193.0,0.0
2.0,12106.0,952.0,1000.0,0.0,0.0,0.0,670.0,330.0,952.0,0.0
2.0,11154.0,1714.0,1001.0,0.0,0.0,0.0,680.0,321.0,1714.0,0.0
2.0,9440.0,2266.0,1030.0,0.0,0.0,0.0,724.0,306.0,2266.0,0.0
2.0,7174.0,2268.0,1056.0,0.0,374.0,374.0,764.0,292.0,2055.0,213.0
2.0,4906.0,1608.0,1071.0,0.0,2057.0,2057.0,784.0,287.0,1077.0,531.0
2.0,3298.0,853.0,1083.0,0.0,2970.0,2970.0,784.0,299.0,0.0,853.0
2.0,2445.0,965.0,1101.0,374.0,3651.0,3651.0,784.0,317.0,0.0,965.0
2.0,1854.0,761.0,1113.0,2057.0,2415.0,2415.0,781.0,332.0,0.0,761.0
2.0,3150.0,237.0,1100.0,2970.0,0.0,0.0,764.0,336.0,0.0,237.0
2.0,5883.0,0.0,1068.0,3651.0,0.0,0.0,732.0,336.0,0.0,0.0
2.0,9534.0,208.0,1029.0,2415.0,0.0,0.0,693.0,336.0,208.0,0.0
2.0,11741.0,951.0,1005.0,0.0,0.0,0.0,672.0,333.0,951.0,0.0
2.0,10790.0,1706.0,1006.0,0.0,0.0,0.0,683.0,323.0,1706.0,0.0
2.0,9084.0,2265.0,1034.0,0.0,0.0,0.0,726.0,308.0,2265.0,0.0
2.0,6819.0,2281.0,1060.0,0.0,762.0,762.0,766.0,294.0,2084.0,197.0
2.0,4538.0,1655.0,1078.0,0.0,2507.0,2507.0,788.0,290.0,1133.0,522.0
2.0,2883.0,846.0,1089.0,0.0,3408.0,3408.0,788.0,301.0,0.0,846.0
2.0,2037.0,969.0,1107.0,762.0,3705.0,3705.0,788.0,319.0,0.0,969.0
2.0,1830.0,769.0,1120.0,2507.0,2032.0,2032.0,786.0,334.0,0.0,769.0
2.0,3568.0,242.0,1109.0,3408.0,0.0,0.0,770.0,339.0,0.0,242.0
2.0,6734.0,0.0,1079.0,3705.0,0.0,0.0,740.0,339.0,0.0,0.0
2.0,10439.0,177.0,1040.0,2032.0,0.0,0.0,701.0,339.0,177.0,0.0
2.0,12294.0,945.0,1014.0,0.0,0.0,0.0,679.0,335.0,945.0,0.0
2.0,11349.0,1693.0,1012.0,0.0,0.0,0.0,687.0,325.0,1693.0,0.0
2.0,9656.0,2266.0,1039.0,0.0,0.0,0.0,731.0,308.0,2266.0,0.0
2.0,7390.0,2290.0,1065.0,0.0,225.0,225.0,771.0,294.0,2074.0,216.0
2.0,5100.0,1689.0,1083.0,0.0,2004.0,2004.0,793.0,290.0,1145.0,544.0
2.0,3411.0,871.0,1096.0,0.0,2940.0,2940.0,793.0,303.0,0.0,871.0
2.0,2540.0,986.0,1115.0,225.0,3796.0,3796.0,793.0,322.0,0.0,986.0
2.0,1779.0,778.0,1127.0,2004.0,2630.0,2630.0,790.0,337.0,0.0,778.0
2.0,3005.0,228.0,1114.0,2940.0,0.0,0.0,773.0,341.0,0.0,228.0
2.0,5717.0,0.0,1083.0,3796.0,0.0,0.0,742.0,341.0,0.0,0.0
2.0,9513.0,219.0,1045.0,2630.0,0.0,0.0,704.0,341.0,219.0,0.0
2.0,11924.0,987.0,1019.0,0.0,0.0,0.0,682.0,337.0,987.0,0.0
2.0,10937.0,1754.0,1020.0,0.0,0.0,0.0,693.0,327.0,1754.0,0.0
2.0,9183.0,2307.0,1048.0,0.0,0.0,0.0,737.0,311.0,2307.0,0.0
2.0,6876.0,2281.0,1074.0,0.0,775.0,775.0,777.0,297.0,2085.0,196.0
2.0,4595.0,1607.0,1091.0,0.0,2467.0,2467.0,798.0,293.0,1083.0,524.0
2.0,2988.0,849.0,1103.0,0.0,3376.0,3376.0,798.0,305.0,0.0,849.0
2.0,2139.0,977.0,1121.0,775.0,3668.0,3668.0,798.0,323.0,0.0,977.0
2.0,1937.0,786.0,1134.0,2467.0,2052.0,2052.0,795.0,339.0,0.0,786.0
2.0,3618.0,267.0,1122.0,3376.0,0.0,0.0,778.0,344.0,0.0,267.0
2.0,6727.0,0.0,1090.0,3668.0,0.0,0.0,746.0,344.0,0.0,0.0
2.0,10395.0,232.0,1052.0,2052.0,0.0,0.0,708.0,344.0,232.0,0.0
2.0,12215.0,1000.0,1028.0,0.0,0.0,0.0,688.0,340.0,1000.0,0.0
2.0,11215.0,1766.0,1028.0,0.0,0.0,0.0,699.0,329.0,1766.0,0.0
2.0,9449.0,2300.0,1055.0,0.0,0.0,0.0,743.0,312.0,2300.0,0.0
2.0,7149.0,2277.0,1081.0,0.0,533.0,533.0,783.0,298.0,2067.0,210.0
2.0,4872.0,1621.0,1097.0,0.0,2234.0,2234.0,803.0,294.0,1076.0,545.0
2.0,3251.0,883.0,1110.0,0.0,3182.0,3182.0,803.0,307.0,0.0,883.0
2.0,2368.0,1006.0,1129.0,533.0,3750.0,3750.0,803.0,326.0,0.0,1006.0
2.0,1895.0,788.0,1142.0,2234.0,2369.0,2369.0,800.0,342.0,0.0,788.0
2.0,3341.0,231.0,1127.0,3182.0,0.0,0.0,781.0,346.0,0.0,231.0
2.0,6292.0,0.0,1094.0,3750.0,0.0,0.0,748.0,346.0,0.0,0.0
2.0,10042.0,293.0,1057.0,2369.0,0.0,0.0,711.0,346.0,293.0,0.0
2.0,12118.0,1065.0,1034.0,0.0,0.0,0.0,692.0,342.0,1065.0,0.0
2.0,11053.0,1856.0,1038.0,0.0,0.0,0.0,706.0,332.0,1856.0,0.0
2.0,9197.0,2350.0,1067.0,0.0,0.0,0.0,752.0,315.0,2350.0,0.0
2.0,6847.0,2268.0,1092.0,0.0,881.0,881.0,791.0,301.0,2068.0,200.0
2.0,4579.0,1508.0,1106.0,0.0,2459.0,2459.0,810.0,296.0,980.0,528.0
2.0,3071.0,854.0,1118.0,0.0,3373.0,3373.0,810.0,308.0,0.0,854.0
2.0,2217.0,994.0,1137.0,881.0,3581.0,3581.0,810.0,327.0,0.0,994.0
2.0,2104.0,801.0,1148.0,2459.0,1978.0,1978.0,806.0,342.0,0.0,801.0
2.0,3762.0,282.0,1136.0,3373.0,0.0,0.0,788.0,348.0,0.0,282.0
2.0,6853.0,0.0,1103.0,3581.0,0.0,0.0,755.0,348.0,0.0,0.0
2.0,10434.0,255.0,1065.0,1978.0,0.0,0.0,717.0,348.0,255.0,0.0
2.0,12157.0,1013.0,1040.0,0.0,0.0,0.0,696.0,344.0,1013.0,0.0
2.0,11144.0,1787.0,1043.0,0.0,0.0,0.0,709.0,334.0,1787.0,0.0
2.0,9357.0,2310.0,1071.0,0.0,0.0,0.0,753.0,318.0,2310.0,0.0
2.0,7047.0,2307.0,1096.0,0.0,740.0,740.0,793.0,303.0,2088.0,219.0
2.0,4740.0,1662.0,1113.0,0.0,2487.0,2487.0,814.0,299.0,1104.0,558.0
2.0,3078.0,898.0,1126.0,0.0,3450.0,3450.0,814.0,312.0,0.0,898.0
2.0,2180.0,1012.0,1145.0,740.0,3817.0,3817.0,814.0,331.0,0.0,1012.0
2.0,1908.0,790.0,1158.0,2487.0,2185.0,2185.0,811.0,347.0,0.0,790.0
2.0,3605.0,225.0,1144.0,3450.0,0.0,0.0,793.0,351.0,0.0,225.0
2.0,6830.0,0.0,1111.0,3817.0,0.0,0.0,760.0,351.0,0.0,0.0
2.0,10647.0,292.0,1073.0,2185.0,0.0,0.0,722.0,351.0,292.0,0.0
2.0,12540.0,1092.0,1050.0,0.0,0.0,0.0,703.0,347.0,1092.0,0.0
2.0,11448.0,1890.0,1054.0,0.0,0.0,0.0,718.0,336.0,1890.0,0.0
2.0,9558.0,2385.0,1084.0,0.0,0.0,0.0,764.0,320.0,2385.0,0.0
2.0,7173.0,2301.0,1108.0,0.0,668.0,668.0,803.0,305.0,2072.0,229.0
2.0,4872.0,1529.0,1123.0,0.0,2272.0,2272.0,822.0,301.0,965.0,564.0
2.0,3343.0,906.0,1136.0,0.0,3243.0,3243.0,822.0,314.0,0.0,906.0
2.0,2437.0,1015.0,1155.0,668.0,3685.0,3685.0,822.0,333.0,0.0,1015.0
2.0,2090.0,791.0,1167.0,2272.0,2264.0,2264.0,818.0,349.0,0.0,791.0
2.0,3571.0,220.0,1152.0,3243.0,0.0,0.0,799.0,353.0,0.0,220.0
2.0,6594.0,0.0,1118.0,3685.0,0.0,0.0,765.0,353.0,0.0,0.0
2.0,10279.0,272.0,1079.0,2264.0,0.0,0.0,726.0,353.0,272.0,0.0
2.0,12271.0,1061.0,1055.0,0.0,0.0,0.0,706.0,349.0,1061.0,0.0
2.0,11210.0,1856.0,1060.0,0.0,0.0,0.0,721.0,339.0,1856.0,0.0
2.0,9354.0,2387.0,1090.0,0.0,0.0,0.0,767.0,323.0,2387.0,0.0
2.0,6967.0,2364.0,1116.0,0.0,977.0,977.0,808.0,308.0,2131.0,233.0
2.0,4603.0,1637.0,1132.0,0.0,2694.0,2694.0,828.0,304.0,1064.0,573.0
2.0,2966.0,912.0,1145.0,0.0,3671.0,3671.0,828.0,317.0,0.0,912.0
2.0,2054.0,1011.0,1164.0,977.0,3800.0,3800.0,828.0,336.0,0.0,1011.0
2.0,2020.0,773.0,1175.0,2694.0,1934.0,1934.0,824.0,351.0,0.0,773.0
2.0,3941.0,208.0,1160.0,3671.0,0.0,0.0,805.0,355.0,0.0,208.0
2.0,7404.0,0.0,1126.0,3800.0,0.0,0.0,771.0,355.0,0.0,0.0
2.0,11204.0,258.0,1086.0,1934.0,0.0,0.0,731.0,355.0,258.0,0.0
2.0,12880.0,1061.0,1063.0,0.0,0.0,0.0,712.0,351.0,1061.0,0.0
2.0,11819.0,1841.0,1067.0,0.0,0.0,0.0,727.0,340.0,1841.0,0.0
2.0,9978.0,2372.0,1095.0,0.0,0.0,0.0,772.0,323.0,2372.0,0.0
2.0,7606.0,2373.0,1122.0,0.0,377.0,377.0,813.0,309.0,2101.0,272.0
2.0,5233.0,1665.0,1139.0,0.0,2127.0,2127.0,833.0,306.0,1054.0,611.0
2.0,3568.0,952.0,1153.0,0.0,3149.0,3149.0,833.0,320.0,0.0,952.0
2.0,2616.0,1030.0,1173.0,377.0,3902.0,3902.0,833.0,340.0,0.0,1030.0
2.0,1963.0,760.0,1182.0,2127.0,2580.0,2580.0,828.0,354.0,0.0,760.0
2.0,3330.0,146.0,1164.0,3149.0,0.0,0.0,807.0,357.0,0.0,146.0
2.0,6333.0,0.0,1128.0,3902.0,0.0,0.0,771.0,357.0,0.0,0.0
2.0,10235.0,303.0,1089.0,2580.0,0.0,0.0,732.0,357.0,303.0,0.0
2.0,12512.0,1099.0,1066.0,0.0,0.0,0.0,713.0,353.0,1099.0,0.0
2.0,11413.0,1909.0,1074.0,0.0,0.0,0.0,731.0,343.0,1909.0,0.0
2.0,9504.0,2413.0,1105.0,0.0,0.0,0.0,778.0,327.0,2413.0,0.0
2.0,7091.0,2400.0,1131.0,0.0,964.0,964.0,818.0,313.0,2119.0,281.0
2.0,4691.0,1648.0,1148.0,0.0,2697.0,2697.0,838.0,310.0,1021.0,627.0
2.0,3043.0,960.0,1161.0,0.0,3722.0,3722.0,838.0,323.0,0.0,960.0
2.0,2083.0,1019.0,1180.0,964.0,3872.0,3872.0,838.0,342.0,0.0,1019.0
2.0,2028.0,736.0,1189.0,2697.0,1956.0,1956.0,833.0,356.0,0.0,736.0
2.0,3989.0,119.0,1173.0,3722.0,0.0,0.0,814.0,359.0,0.0,119.0
2.0,7592.0,0.0,1138.0,3872.0,0.0,0.0,779.0,359.0,0.0,0.0
2.0,11464.0,296.0,1099.0,1956.0,0.0,0.0,740.0,359.0,296.0,0.0
2.0,13124.0,1106.0,1076.0,0.0,0.0,0.0,722.0,354.0,1106.0,0.0
2.0,12018.0,1905.0,1081.0,0.0,0.0,0.0,737.0,344.0,1905.0,0.0
2.0,10113.0,2412.0,1109.0,0.0,0.0,0.0,783.0,326.0,2412.0,0.0
2.0,7701.0,2437.0,1137.0,0.0,421.0,421.0,824.0,313.0,2113.0,324.0
2.0,5264.0,1697.0,1155.0,0.0,2208.0,2208.0,844.0,311.0,1026.0,671.0
2.0,3567.0,1025.0,1170.0,0.0,3308.0,3308.0,844.0,326.0,0.0,1025.0
2.0,2542.0,1047.0,1190.0,421.0,4034.0,4034.0,844.0,346.0,0.0,1047.0
2.0,1916.0,722.0,1198.0,2208.0,2588.0,2588.0,838.0,360.0,0.0,722.0
2.0,3402.0,38.0,1178.0,3308.0,0.0,0.0,817.0,361.0,0.0,38.0
2.0,6672.0,0.0,1142.0,4034.0,0.0,0.0,781.0,361.0,0.0,0.0
2.0,10706.0,328.0,1102.0,2588.0,0.0,0.0,741.0,361.0,328.0,0.0
2.0,12966.0,1149.0,1081.0,0.0,0.0,0.0,724.0,357.0,1149.0,0.0
2.0,11817.0,1973.0,1089.0,0.0,0.0,0.0,743.0,346.0,1973.0,0.0
2.0,9844.0,2463.0,1118.0,0.0,0.0,0.0,790.0,328.0,2463.0,0.0
2.0,7381.0,2455.0,1146.0,0.0,804.0,804.0,831.0,315.0,2131.0,324.0
2.0,4926.0,1615.0,1162.0,0.0,2499.0,2499.0,849.0,313.0,948.0,667.0
2.0,3311.0,1015.0,1177.0,0.0,3589.0,3589.0,849.0,328.0,0.0,1015.0
2.0,2296.0,1038.0,1197.0,804.0,3923.0,3923.0,849.0,348.0,0.0,1038.0
2.0,2062.0,722.0,1206.0,2499.0,2191.0,2191.0,844.0,362.0,0.0,722.0
2.0,3839.0,61.0,1187.0,3589.0,0.0,0.0,824.0,363.0,0.0,61.0
2.0,7367.0,0.0,1151.0,3923.0,0.0,0.0,788.0,363.0,0.0,0.0
2.0,11290.0,311.0,1111.0,2191.0,0.0,0.0,748.0,363.0,311.0,0.0
2.0,13170.0,1110.0,1088.0,0.0,0.0,0.0,729.0,359.0,1110.0,0.0
2.0,12060.0,1919.0,1093.0,0.0,0.0,0.0,745.0,348.0,1919.0,0.0
2.0,10141.0,2428.0,1122.0,0.0,0.0,0.0,792.0,330.0,2428.0,0.0
2.0,7713.0,2491.0,1150.0,0.0,528.0,528.0,833.0,317.0,2150.0,341.0
2.0,5222.0,1741.0,1169.0,0.0,2364.0,2364.0,853.0,316.0,1051.0,690.0
2.0,3481.0,1040.0,1185.0,0.0,3484.0,3484.0,853.0,332.0,0.0,1040.0
2.0,2441.0,1046.0,1205.0,528.0,4102.0,4102.0,853.0,352.0,0.0,1046.0
2.0,1923.0,704.0,1213.0,2364.0,2482.0,2482.0,848.0,365.0,0.0,704.0
2.0,3583.0,10.0,1193.0,3484.0,0.0,0.0,828.0,365.0,0.0,10.0
2.0,7057.0,0.0,1157.0,4102.0,0.0,0.0,792.0,365.0,0.0,0.0
2.0,11159.0,327.0,1118.0,2482.0,0.0,0.0,753.0,365.0,327.0,0.0
2.0,13314.0,1151.0,1095.0,0.0,0.0,0.0,735.0,360.0,1151.0,0.0
2.0,12163.0,1979.0,1101.0,0.0,0.0,0.0,753.0,348.0,1979.0,0.0
2.0,10184.0,2485.0,1130.0,0.0,0.0,0.0,800.0,330.0,2466.0,19.0
2.0,7699.0,2512.0,1159.0,0.0,608.0,608.0,841.0,318.0,2138.0,374.0
2.0,5187.0,1698.0,1177.0,0.0,2396.0,2396.0,860.0,317.0,978.0,720.0
2.0,3489.0,1052.0,1194.0,0.0,3533.0,3533.0,860.0,334.0,0.0,1052.0
2.0,2437.0,1031.0,1214.0,608.0,4056.0,4056.0,860.0,354.0,0.0,1031.0
2.0,2014.0,665.0,1221.0,2396.0,2360.0,2360.0,854.0,367.0,0.0,665.0
2.0,3745.0,0.0,1200.0,3533.0,0.0,0.0,833.0,367.0,0.0,0.0
2.0,7278.0,0.0,1163.0,4056.0,0.0,0.0,796.0,367.0,0.0,0.0
2.0,11334.0,350.0,1124.0,2360.0,0.0,0.0,757.0,367.0,350.0,0.0
2.0,13344.0,1165.0,1100.0,0.0,0.0,0.0,738.0,362.0,1165.0,0.0
2.0,12179.0,1989.0,1107.0,0.0,0.0,0.0,757.0,350.0,1989.0,0.0
2.0,10190.0,2509.0,1137.0,0.0,0.0,0.0,805.0,332.0,2474.0,35.0
2.0,7681.0,2536.0,1166.0,0.0,685.0,685.0,846.0,320.0,2139.0,397.0
2.0,5145.0,1734.0,1185.0,0.0,2514.0,2514.0,865.0,320.0,981.0,753.0
2.0,3411.0,1067.0,1203.0,0.0,3671.0,3671.0,865.0,338.0,0.0,1067.0
2.0,2344.0,1019.0,1223.0,685.0,4105.0,4105.0,865.0,358.0,0.0,1019.0
2.0,2010.0,621.0,1229.0,2514.0,2242.0,2242.0,859.0,370.0,0.0,621.0
2.0,3903.0,0.0,1208.0,3671.0,0.0,0.0,838.0,370.0,0.0,0.0
2.0,7574.0,0.0,1171.0,4105.0,0.0,0.0,801.0,370.0,0.0,0.0
2.0,11679.0,349.0,1131.0,2242.0,0.0,0.0,761.0,370.0,349.0,0.0
2.0,13572.0,1179.0,1107.0,0.0,0.0,0.0,743.0,364.0,1179.0,0.0
2.0,12393.0,2014.0,1113.0,0.0,0.0,0.0,762.0,351.0,2014.0,0.0
2.0,10379.0,2542.0,1142.0,0.0,0.0,0.0,810.0,332.0,2490.0,52.0
2.0,7837.0,2550.0,1171.0,0.0,568.0,568.0,851.0,320.0,2139.0,411.0
2.0,5287.0,1725.0,1191.0,0.0,2393.0,2393.0,870.0,321.0,959.0,766.0
2.0,3562.0,1069.0,1211.0,0.0,3562.0,3562.0,870.0,341.0,0.0,1069.0
2.0,2493.0,1016.0,1230.0,568.0,4105.0,4105.0,870.0,360.0,0.0,1016.0
2.0,2045.0,612.0,1235.0,2393.0,2349.0,2349.0,863.0,372.0,0.0,612.0
2.0,3826.0,0.0,1213.0,3562.0,0.0,0.0,841.0,372.0,0.0,0.0
2.0,7388.0,0.0,1175.0,4105.0,0.0,0.0,803.0,372.0,0.0,0.0
2.0,11493.0,380.0,1135.0,2349.0,0.0,0.0,763.0,372.0,380.0,0.0
2.0,13462.0,1218.0,1112.0,0.0,0.0,0.0,746.0,366.0,1218.0,0.0
2.0,12244.0,2069.0,1120.0,0.0,0.0,0.0,767.0,353.0,2069.0,0.0
2.0,10175.0,2606.0,1151.0,0.0,0.0,0.0,816.0,335.0,2540.0,66.0
2.0,7569.0,2585.0,1181.0,0.0,921.0,921.0,858.0,323.0,2161.0,424.0
2.0,4984.0,1712.0,1200.0,0.0,2728.0,2728.0,876.0,324.0,931.0,781.0
2.0,3272.0,1072.0,1219.0,0.0,3895.0,3895.0,876.0,343.0,0.0,1072.0
2.0,2200.0,1008.0,1239.0,921.0,4082.0,4082.0,876.0,363.0,0.0,1008.0
2.0,2113.0,595.0,1244.0,2728.0,1974.0,1974.0,870.0,374.0,0.0,595.0
2.0,4246.0,0.0,1222.0,3895.0,0.0,0.0,848.0,374.0,0.0,0.0
2.0,8141.0,0.0,1185.0,4082.0,0.0,0.0,811.0,374.0,0.0,0.0
2.0,12223.0,337.0,1145.0,1974.0,0.0,0.0,771.0,374.0,337.0,0.0
2.0,13860.0,1186.0,1121.0,0.0,0.0,0.0,753.0,368.0,1186.0,0.0
2.0,12674.0,2020.0,1125.0,0.0,0.0,0.0,771.0,354.0,2020.0,0.0
2.0,10654.0,2601.0,1156.0,0.0,0.0,0.0,820.0,336.0,2517.0,84.0
2.0,8053.0,2620.0,1186.0,0.0,497.0,497.0,862.0,324.0,2177.0,443.0
2.0,5433.0,1823.0,1207.0,0.0,2425.0,2425.0,881.0,326.0,1018.0,805.0
2.0,3610.0,1087.0,1228.0,0.0,3617.0,3617.0,881.0,347.0,0.0,1087.0
2.0,2523.0,1008.0,1247.0,497.0,4223.0,4223.0,881.0,366.0,0.0,1008.0
2.0,2012.0,562.0,1252.0,2425.0,2385.0,2385.0,875.0,377.0,0.0,562.0
2.0,3875.0,0.0,1230.0,3617.0,0.0,0.0,853.0,377.0,0.0,0.0
2.0,7492.0,0.0,1192.0,4223.0,0.0,0.0,815.0,377.0,0.0,0.0
2.0,11715.0,347.0,1151.0,2385.0,0.0,0.0,774.0,377.0,347.0,0.0
2.0,13753.0,1215.0,1126.0,0.0,0.0,0.0,756.0,370.0,1215.0,0.0
2.0,12538.0,2075.0,1133.0,0.0,0.0,0.0,777.0,356.0,2075.0,0.0
2.0,10463.0,2656.0,1164.0,0.0,0.0,0.0,827.0,337.0,2581.0,75.0
2.0,7807.0,2634.0,1195.0,0.0,802.0,802.0,869.0,326.0,2198.0,436.0
2.0,5173.0,1754.0,1216.0,0.0,2661.0,2661.0,888.0,328.0,959.0,795.0
2.0,3419.0,1086.0,1237.0,0.0,3852.0,3852.0,888.0,349.0,0.0,1086.0
2.0,2333.0,1015.0,1256.0,802.0,4160.0,4160.0,888.0,368.0,0.0,1015.0
2.0,2120.0,586.0,1261.0,2661.0,2110.0,2110.0,881.0,380.0,0.0,586.0
2.0,4195.0,0.0,1238.0,3852.0,0.0,0.0,858.0,380.0,0.0,0.0
2.0,8047.0,0.0,1200.0,4160.0,0.0,0.0,820.0,380.0,0.0,0.0
2.0,12207.0,324.0,1158.0,2110.0,0.0,0.0,779.0,379.0,324.0,0.0
2.0,13993.0,1170.0,1131.0,0.0,0.0,0.0,760.0,371.0,1170.0,0.0
2.0,12823.0,2018.0,1137.0,0.0,0.0,0.0,780.0,357.0,2018.0,0.0
2.0,10805.0,2641.0,1167.0,0.0,0.0,0.0,829.0,338.0,2558.0,83.0
2.0,8164.0,2698.0,1200.0,0.0,534.0,534.0,873.0,327.0,2250.0,448.0
2.0,5466.0,1909.0,1225.0,0.0,2568.0,2568.0,894.0,331.0,1086.0,823.0
2.0,3557.0,1110.0,1246.0,0.0,3783.0,3783.0,894.0,352.0,0.0,1110.0
2.0,2447.0,1023.0,1266.0,534.0,4372.0,4372.0,894.0,372.0,0.0,1023.0
2.0,1958.0,564.0,1270.0,2568.0,2388.0,2388.0,887.0,383.0,0.0,564.0
2.0,3962.0,0.0,1247.0,3783.0,0.0,0.0,864.0,383.0,0.0,0.0
2.0,7745.0,0.0,1208.0,4372.0,0.0,0.0,825.0,383.0,0.0,0.0
2.0,12117.0,322.0,1166.0,2388.0,0.0,0.0,784.0,382.0,322.0,0.0
2.0,14183.0,1182.0,1139.0,0.0,0.0,0.0,765.0,374.0,1182.0,0.0
2.0,13001.0,2054.0,1145.0,0.0,0.0,0.0,786.0,359.0,2054.0,0.0
2.0,10947.0,2661.0,1176.0,0.0,0.0,0.0,836.0,340.0,2583.0,78.0
2.0,8286.0,2699.0,1209.0,0.0,458.0,458.0,880.0,329.0,2260.0,439.0
2.0,5587.0,1868.0,1233.0,0.0,2446.0,2446.0,900.0,333.0,1062.0,806.0
2.0,3719.0,1095.0,1254.0,0.0,3646.0,3646.0,900.0,354.0,0.0,1095.0
2.0,2624.0,1028.0,1274.0,458.0,4316.0,4316.0,900.0,374.0,0.0,1028.0
2.0,2054.0,598.0,1278.0,2446.0,2488.0,2488.0,893.0,385.0,0.0,598.0
2.0,3902.0,0.0,1254.0,3646.0,0.0,0.0,869.0,385.0,0.0,0.0
2.0,7548.0,0.0,1214.0,4316.0,0.0,0.0,829.0,385.0,0.0,0.0
2.0,11864.0,329.0,1171.0,2488.0,0.0,0.0,787.0,384.0,329.0,0.0
2.0,14023.0,1183.0,1144.0,0.0,0.0,0.0,768.0,376.0,1183.0,0.0
2.0,12840.0,2038.0,1150.0,0.0,0.0,0.0,789.0,361.0,2038.0,0.0
2.0,10802.0,2664.0,1181.0,0.0,0.0,0.0,839.0,342.0,2586.0,78.0
2.0,8138.0,2726.0,1214.0,0.0,658.0,658.0,883.0,331.0,2273.0,453.0
2.0,5412.0,1938.0,1239.0,0.0,2721.0,2721.0,904.0,335.0,1114.0,824.0
2.0,3474.0,1114.0,1261.0,0.0,3945.0,3945.0,904.0,357.0,0.0,1114.0
2.0,2360.0,1029.0,1280.0,658.0,4411.0,4411.0,904.0,376.0,0.0,1029.0
2.0,1989.0,570.0,1285.0,2721.0,2285.0,2285.0,898.0,387.0,0.0,570.0
2.0,4140.0,0.0,1262.0,3945.0,0.0,0.0,875.0,387.0,0.0,0.0
2.0,8085.0,0.0,1223.0,4411.0,0.0,0.0,836.0,387.0,0.0,0.0
2.0,12496.0,311.0,1180.0,2285.0,0.0,0.0,794.0,386.0,311.0,0.0
2.0,14470.0,1191.0,1152.0,0.0,0.0,0.0,775.0,377.0,1191.0,0.0
2.0,13279.0,2059.0,1157.0,0.0,0.0,0.0,795.0,362.0,2059.0,0.0
2.0,11220.0,2678.0,1187.0,0.0,0.0,0.0,845.0,342.0,2602.0,76.0
2.0,8542.0,2707.0,1220.0,0.0,265.0,265.0,888.0,332.0,2260.0,447.0
2.0,5835.0,1883.0,1246.0,0.0,2278.0,2278.0,909.0,337.0,1062.0,821.0
2.0,3952.0,1123.0,1267.0,0.0,3506.0,3506.0,909.0,358.0,0.0,1123.0
2.0,2829.0,1050.0,1287.0,265.0,4391.0,4391.0,909.0,378.0,0.0,1050.0
2.0,2044.0,603.0,1292.0,2278.0,2741.0,2741.0,902.0,390.0,0.0,603.0
2.0,3719.0,0.0,1269.0,3506.0,0.0,0.0,879.0,390.0,0.0,0.0
2.0,7225.0,0.0,1229.0,4391.0,0.0,0.0,839.0,390.0,0.0,0.0
2.0,11616.0,386.0,1185.0,2741.0,0.0,0.0,797.0,388.0,386.0,0.0
2.0,13971.0,1254.0,1158.0,0.0,0.0,0.0,778.0,380.0,1254.0,0.0
2.0,12717.0,2147.0,1166.0,0.0,0.0,0.0,801.0,365.0,2147.0,0.0
2.0,10570.0,2708.0,1197.0,0.0,0.0,0.0,852.0,345.0,2653.0,55.0
2.0,7862.0,2721.0,1230.0,0.0,1009.0,1009.0,896.0,334.0,2286.0,435.0
2.0,5141.0,1812.0,1253.0,0.0,2936.0,2936.0,915.0,338.0,1001.0,811.0
2.0,3329.0,1132.0,1275.0,0.0,4178.0,4178.0,915.0,360.0,0.0,1132.0
2.0,2197.0,1071.0,1296.0,1009.0,4345.0,4345.0,915.0,381.0,0.0,1071.0
2.0,2135.0,638.0,1302.0,2936.0,2077.0,2077.0,909.0,393.0,0.0,638.0
2.0,4433.0,0.0,1280.0,4178.0,0.0,0.0,887.0,393.0,0.0,0.0
2.0,8611.0,0.0,1241.0,4345.0,0.0,0.0,848.0,393.0,0.0,0.0
2.0,12956.0,318.0,1196.0,2077.0,0.0,0.0,805.0,391.0,318.0,0.0
2.0,14715.0,1185.0,1167.0,0.0,0.0,0.0,784.0,383.0,1185.0,0.0
2.0,13530.0,2046.0,1170.0,0.0,0.0,0.0,803.0,367.0,2046.0,0.0
2.0,11484.0,2646.0,1199.0,0.0,0.0,0.0,853.0,346.0,2602.0,44.0
2.0,8838.0,2730.0,1232.0,0.0,52.0,52.0,897.0,335.0,2307.0,423.0
2.0,6108.0,1953.0,1258.0,0.0,2135.0,2135.0,919.0,339.0,1147.0,806.0
2.0,4155.0,1145.0,1280.0,0.0,3390.0,3390.0,919.0,361.0,0.0,1145.0
2.0,3010.0,1099.0,1302.0,52.0,4547.0,4547.0,919.0,383.0,0.0,1099.0
2.0,1963.0,666.0,1308.0,2135.0,3108.0,3108.0,913.0,395.0,0.0,666.0
2.0,3432.0,0.0,1285.0,3390.0,0.0,0.0,890.0,395.0,0.0,0.0
2.0,6822.0,0.0,1246.0,4547.0,0.0,0.0,851.0,395.0,0.0,0.0
2.0,11369.0,381.0,1203.0,3108.0,0.0,0.0,809.0,394.0,381.0,0.0
2.0,14096.0,1272.0,1175.0,0.0,0.0,0.0,790.0,385.0,1272.0,0.0
2.0,12824.0,2157.0,1181.0,0.0,0.0,0.0,811.0,370.0,2157.0,0.0
2.0,10667.0,2676.0,1211.0,0.0,0.0,0.0,862.0,349.0,2655.0,21.0
2.0,7991.0,2647.0,1242.0,0.0,866.0,866.0,905.0,337.0,2252.0,395.0
2.0,5344.0,1741.0,1264.0,0.0,2717.0,2717.0,924.0,340.0,969.0,772.0
2.0,3603.0,1134.0,1286.0,0.0,3961.0,3961.0,924.0,362.0,0.0,1134.0
2.0,2469.0,1118.0,1308.0,866.0,4323.0,4323.0,924.0,384.0,0.0,1118.0
2.0,2217.0,726.0,1315.0,2717.0,2367.0,2367.0,917.0,398.0,0.0,726.0
2.0,4208.0,0.0,1292.0,3961.0,0.0,0.0,894.0,398.0,0.0,0.0
2.0,8169.0,0.0,1253.0,4323.0,0.0,0.0,855.0,398.0,0.0,0.0
2.0,12492.0,420.0,1210.0,2367.0,0.0,0.0,814.0,396.0,420.0,0.0
2.0,14439.0,1293.0,1182.0,0.0,0.0,0.0,795.0,387.0,1293.0,0.0
2.0,13146.0,2176.0,1187.0,0.0,0.0,0.0,815.0,372.0,2176.0,0.0
2.0,10970.0,2668.0,1217.0,0.0,0.0,0.0,866.0,351.0,2644.0,24.0
2.0,8302.0,2668.0,1248.0,0.0,606.0,606.0,909.0,339.0,2254.0,414.0
2.0,5634.0,1777.0,1271.0,0.0,2498.0,2498.0,928.0,343.0,980.0,797.0
2.0,3857.0,1154.0,1293.0,0.0,3762.0,3762.0,928.0,365.0,0.0,1154.0
2.0,2703.0,1117.0,1315.0,606.0,4383.0,4383.0,928.0,387.0,0.0,1117.0
2.0,2192.0,697.0,1322.0,2498.0,2617.0,2617.0,922.0,400.0,0.0,697.0
2.0,3993.0,0.0,1299.0,3762.0,0.0,0.0,899.0,400.0,0.0,0.0
2.0,7755.0,0.0,1260.0,4383.0,0.0,0.0,860.0,400.0,0.0,0.0
2.0,12138.0,477.0,1218.0,2617.0,0.0,0.0,819.0,399.0,477.0,0.0
2.0,14278.0,1377.0,1192.0,0.0,0.0,0.0,802.0,390.0,1377.0,0.0
2.0,12901.0,2283.0,1199.0,0.0,0.0,0.0,825.0,374.0,2283.0,0.0
2.0,10618.0,2740.0,1230.0,0.0,0.0,0.0,877.0,353.0,2706.0,34.0
2.0,7878.0,2627.0,1261.0,0.0,1054.0,1054.0,920.0,341.0,2212.0,415.0
2.0,5251.0,1611.0,1281.0,0.0,2765.0,2765.0,936.0,345.0,815.0,796.0
2.0,3640.0,1145.0,1303.0,0.0,4020.0,4020.0,936.0,367.0,0.0,1145.0
2.0,2495.0,1119.0,1325.0,1054.0,4195.0,4195.0,936.0,389.0,0.0,1119.0
2.0,2430.0,709.0,1330.0,2765.0,2164.0,2164.0,928.0,402.0,0.0,709.0
2.0,4486.0,0.0,1306.0,4020.0,0.0,0.0,904.0,402.0,0.0,0.0
2.0,8506.0,0.0,1265.0,4195.0,0.0,0.0,863.0,402.0,0.0,0.0
2.0,12701.0,490.0,1222.0,2164.0,0.0,0.0,821.0,401.0,490.0,0.0
2.0,14375.0,1371.0,1197.0,0.0,0.0,0.0,804.0,393.0,1371.0,0.0
2.0,13004.0,2274.0,1205.0,0.0,0.0,0.0,828.0,377.0,2274.0,0.0
2.0,10730.0,2719.0,1236.0,0.0,0.0,0.0,880.0,356.0,2684.0,35.0
2.0,8011.0,2651.0,1267.0,0.0,975.0,975.0,923.0,344.0,2225.0,426.0
2.0,5360.0,1683.0,1286.0,0.0,2753.0,2753.0,939.0,347.0,864.0,819.0
2.0,3677.0,1168.0,1309.0,0.0,4036.0,4036.0,939.0,370.0,0.0,1168.0
2.0,2509.0,1121.0,1330.0,975.0,4287.0,4287.0,939.0,391.0,0.0,1121.0
2.0,2363.0,681.0,1337.0,2753.0,2250.0,2250.0,933.0,404.0,0.0,681.0
2.0,4435.0,0.0,1314.0,4036.0,0.0,0.0,910.0,404.0,0.0,0.0
2.0,8471.0,0.0,1275.0,4287.0,0.0,0.0,871.0,404.0,0.0,0.0
2.0,12758.0,494.0,1233.0,2250.0,0.0,0.0,830.0,403.0,494.0,0.0
2.0,14514.0,1399.0,1208.0,0.0,0.0,0.0,813.0,395.0,1399.0,0.0
2.0,13115.0,2300.0,1215.0,0.0,0.0,0.0,835.0,380.0,2300.0,0.0
2.0,10815.0,2752.0,1246.0,0.0,0.0,0.0,887.0,359.0,2704.0,48.0
2.0,8063.0,2644.0,1275.0,0.0,956.0,956.0,929.0,346.0,2205.0,439.0
2.0,5419.0,1649.0,1294.0,0.0,2700.0,2700.0,945.0,349.0,821.0,828.0
2.0,3770.0,1167.0,1317.0,0.0,3982.0,3982.0,945.0,372.0,0.0,1167.0
2.0,2603.0,1115.0,1338.0,956.0,4246.0,4246.0,945.0,393.0,0.0,1115.0
2.0,2444.0,677.0,1344.0,2700.0,2253.0,2253.0,938.0,406.0,0.0,677.0
2.0,4467.0,0.0,1319.0,3982.0,0.0,0.0,913.0,406.0,0.0,0.0
2.0,8449.0,0.0,1278.0,4246.0,0.0,0.0,872.0,406.0,0.0,0.0
2.0,12695.0,522.0,1237.0,2253.0,0.0,0.0,831.0,406.0,522.0,0.0
2.0,14426.0,1434.0,1213.0,0.0,0.0,0.0,815.0,398.0,1434.0,0.0
2.0,12992.0,2364.0,1225.0,0.0,0.0,0.0,842.0,383.0,2364.0,0.0
2.0,10628.0,2819.0,1257.0,0.0,0.0,0.0,895.0,362.0,2770.0,49.0
2.0,7809.0,2691.0,1288.0,0.0,1322.0,1322.0,939.0,349.0,2249.0,442.0
2.0,5118.0,1621.0,1305.0,0.0,3028.0,3028.0,954.0,351.0,791.0,830.0
2.0,3497.0,1164.0,1328.0,0.0,4307.0,4307.0,954.0,374.0,0.0,1164.0
2.0,2333.0,1109.0,1349.0,1322.0,4199.0,4199.0,954.0,395.0,0.0,1109.0
2.0,2546.0,673.0,1354.0,3028.0,1869.0,1869.0,946.0,408.0,0.0,673.0
2.0,4901.0,0.0,1329.0,4307.0,0.0,0.0,921.0,408.0,0.0,0.0
2.0,9208.0,0.0,1287.0,4199.0,0.0,0.0,879.0,408.0,0.0,0.0
2.0,13407.0,445.0,1244.0,1869.0,0.0,0.0,837.0,407.0,445.0,0.0
2.0,14831.0,1359.0,1220.0,0.0,0.0,0.0,820.0,400.0,1359.0,0.0
2.0,13472.0,2271.0,1228.0,0.0,0.0,0.0,844.0,384.0,2271.0,0.0
2.0,11201.0,2814.0,1261.0,0.0,0.0,0.0,897.0,364.0,2730.0,84.0
2.0,8387.0,2762.0,1292.0,0.0,835.0,835.0,941.0,351.0,2288.0,474.0
2.0,5625.0,1810.0,1314.0,0.0,2755.0,2755.0,959.0,355.0,941.0,869.0
2.0,3815.0,1180.0,1336.0,0.0,4045.0,4045.0,959.0,377.0,0.0,1180.0
2.0,2635.0,1096.0,1357.0,835.0,4411.0,4411.0,959.0,398.0,0.0,1096.0
2.0,2374.0,616.0,1360.0,2755.0,2287.0,2287.0,950.0,410.0,0.0,616.0
2.0,4513.0,0.0,1333.0,4045.0,0.0,0.0,923.0,410.0,0.0,0.0
2.0,8558.0,0.0,1289.0,4411.0,0.0,0.0,879.0,410.0,0.0,0.0
2.0,12969.0,475.0,1246.0,2287.0,0.0,0.0,836.0,410.0,475.0,0.0
2.0,14781.0,1399.0,1223.0,0.0,0.0,0.0,821.0,402.0,1399.0,0.0
2.0,13382.0,2328.0,1236.0,0.0,0.0,0.0,850.0,386.0,2328.0,0.0
2.0,11054.0,2869.0,1269.0,0.0,0.0,0.0,903.0,366.0,2781.0,88.0
2.0,8185.0,2783.0,1302.0,0.0,1108.0,1108.0,948.0,354.0,2305.0,478.0
2.0,5402.0,1764.0,1322.0,0.0,2972.0,2972.0,965.0,357.0,898.0,866.0
2.0,3638.0,1167.0,1344.0,0.0,4249.0,4249.0,965.0,379.0,0.0,1167.0
2.0,2471.0,1087.0,1365.0,1108.0,4333.0,4333.0,965.0,400.0,0.0,1087.0
2.0,2492.0,616.0,1368.0,2972.0,1992.0,1992.0,956.0,412.0,0.0,616.0
2.0,4848.0,0.0,1341.0,4249.0,0.0,0.0,929.0,412.0,0.0,0.0
2.0,9097.0,0.0,1298.0,4333.0,0.0,0.0,886.0,412.0,0.0,0.0
2.0,13430.0,455.0,1254.0,1992.0,0.0,0.0,843.0,411.0,455.0,0.0
2.0,14967.0,1374.0,1229.0,0.0,0.0,0.0,826.0,403.0,1374.0,0.0
2.0,13593.0,2290.0,1241.0,0.0,0.0,0.0,854.0,387.0,2290.0,0.0
2.0,11303.0,2873.0,1274.0,0.0,0.0,0.0,907.0,367.0,2749.0,124.0
2.0,8430.0,2825.0,1307.0,0.0,930.0,930.0,951.0,356.0,2302.0,523.0
2.0,5605.0,1877.0,1329.0,0.0,2917.0,2917.0,969.0,360.0,953.0,924.0
2.0,3728.0,1199.0,1352.0,0.0,4231.0,4231.0,969.0,383.0,0.0,1199.0
2.0,2529.0,1071.0,1373.0,930.0,4477.0,4477.0,969.0,404.0,0.0,1071.0
2.0,2388.0,542.0,1374.0,2917.0,2107.0,2107.0,960.0,414.0,0.0,542.0
2.0,4763.0,0.0,1347.0,4231.0,0.0,0.0,933.0,414.0,0.0,0.0
2.0,8994.0,0.0,1303.0,4477.0,0.0,0.0,889.0,414.0,0.0,0.0
2.0,13471.0,516.0,1259.0,2107.0,0.0,0.0,846.0,413.0,516.0,0.0
2.0,15062.0,1458.0,1237.0,0.0,0.0,0.0,832.0,405.0,1458.0,0.0
2.0,13604.0,2389.0,1251.0,0.0,0.0,0.0,862.0,389.0,2389.0,0.0
2.0,11215.0,2934.0,1285.0,0.0,0.0,0.0,916.0,369.0,2804.0,130.0
2.0,8281.0,2787.0,1318.0,0.0,1096.0,1096.0,960.0,358.0,2258.0,529.0
2.0,5494.0,1716.0,1338.0,0.0,2912.0,2912.0,975.0,363.0,794.0,922.0
2.0,3778.0,1189.0,1360.0,0.0,4211.0,4211.0,975.0,385.0,0.0,1189.0
2.0,2589.0,1062.0,1381.0,1096.0,4282.0,4282.0,975.0,406.0,0.0,1062.0
2.0,2623.0,547.0,1381.0,2912.0,1917.0,1917.0,965.0,416.0,0.0,547.0
2.0,4988.0,0.0,1353.0,4211.0,0.0,0.0,937.0,416.0,0.0,0.0
2.0,9199.0,0.0,1308.0,4282.0,0.0,0.0,892.0,416.0,0.0,0.0
2.0,13481.0,540.0,1264.0,1917.0,0.0,0.0,849.0,415.0,540.0,0.0
2.0,14858.0,1474.0,1241.0,0.0,0.0,0.0,834.0,407.0,1474.0,0.0
2.0,13384.0,2422.0,1256.0,0.0,0.0,0.0,865.0,391.0,2422.0,0.0
2.0,10962.0,2978.0,1291.0,0.0,0.0,0.0,920.0,371.0,2828.0,150.0
2.0,7984.0,2853.0,1325.0,0.0,1494.0,1494.0,964.0,361.0,2297.0,556.0
2.0,5131.0,1769.0,1346.0,0.0,3368.0,3368.0,980.0,366.0,813.0,956.0
2.0,3362.0,1209.0,1370.0,0.0,4697.0,4697.0,980.0,390.0,0.0,1209.0
2.0,2153.0,1051.0,1390.0,1494.0,4354.0,4354.0,980.0,410.0,0.0,1051.0
2.0,2596.0,495.0,1390.0,3368.0,1481.0,1481.0,971.0,419.0,0.0,495.0
2.0,5469.0,0.0,1364.0,4697.0,0.0,0.0,945.0,419.0,0.0,0.0
2.0,10166.0,0.0,1320.0,4354.0,0.0,0.0,901.0,419.0,0.0,0.0
2.0,14520.0,492.0,1276.0,1481.0,0.0,0.0,858.0,418.0,492.0,0.0
2.0,15509.0,1431.0,1250.0,0.0,0.0,0.0,842.0,408.0,1431.0,0.0
2.0,14078.0,2354.0,1261.0,0.0,0.0,0.0,869.0,392.0,2354.0,0.0
2.0,11724.0,2957.0,1295.0,0.0,0.0,0.0,923.0,372.0,2793.0,164.0
2.0,8767.0,2866.0,1329.0,0.0,744.0,744.0,967.0,362.0,2303.0,563.0
2.0,5901.0,1866.0,1353.0,0.0,2730.0,2730.0,984.0,369.0,896.0,970.0
2.0,4035.0,1209.0,1376.0,0.0,4054.0,4054.0,984.0,392.0,0.0,1209.0
2.0,2826.0,1054.0,1396.0,744.0,4464.0,4464.0,984.0,412.0,0.0,1054.0
2.0,2516.0,497.0,1397.0,2730.0,2236.0,2236.0,975.0,422.0,0.0,497.0
2.0,4749.0,0.0,1370.0,4054.0,0.0,0.0,948.0,422.0,0.0,0.0
2.0,8803.0,0.0,1325.0,4464.0,0.0,0.0,903.0,422.0,0.0,0.0
2.0,13267.0,555.0,1280.0,2236.0,0.0,0.0,860.0,420.0,555.0,0.0
2.0,14948.0,1497.0,1256.0,0.0,0.0,0.0,845.0,411.0,1497.0,0.0
2.0,13451.0,2449.0,1269.0,0.0,0.0,0.0,875.0,394.0,2449.0,0.0
2.0,11002.0,3002.0,1304.0,0.0,0.0,0.0,929.0,375.0,2841.0,161.0
2.0,8000.0,2859.0,1338.0,0.0,1549.0,1549.0,973.0,365.0,2293.0,566.0
2.0,5141.0,1768.0,1361.0,0.0,3432.0,3432.0,989.0,372.0,802.0,966.0
2.0,3373.0,1208.0,1384.0,0.0,4755.0,4755.0,989.0,395.0,0.0,1208.0
2.0,2165.0,1045.0,1404.0,1549.0,4351.0,4351.0,989.0,415.0,0.0,1045.0
2.0,2669.0,487.0,1404.0,3432.0,1406.0,1406.0,980.0,424.0,0.0,487.0
2.0,5614.0,0.0,1378.0,4755.0,0.0,0.0,954.0,424.0,0.0,0.0
2.0,10369.0,0.0,1334.0,4351.0,0.0,0.0,910.0,424.0,0.0,0.0
2.0,14720.0,559.0,1290.0,1406.0,0.0,0.0,868.0,422.0,559.0,0.0
2.0,15567.0,1500.0,1264.0,0.0,0.0,0.0,852.0,412.0,1500.0,0.0
2.0,14067.0,2439.0,1275.0,0.0,0.0,0.0,881.0,394.0,2439.0,0.0
2.0,11628.0,3004.0,1310.0,0.0,0.0,0.0,935.0,375.0,2823.0,181.0
2.0,8624.0,2855.0,1343.0,0.0,946.0,946.0,978.0,365.0,2260.0,595.0
2.0,5769.0,1781.0,1367.0,0.0,2847.0,2847.0,993.0,374.0,779.0,1002.0
2.0,3988.0,1233.0,1391.0,0.0,4200.0,4200.0,993.0,398.0,0.0,1233.0
2.0,2755.0,1046.0,1411.0,946.0,4400.0,4400.0,993.0,418.0,0.0,1046.0
2.0,2655.0,449.0,1411.0,2847.0,2002.0,2002.0,984.0,427.0,0.0,449.0
2.0,5053.0,0.0,1382.0,4200.0,0.0,0.0,955.0,427.0,0.0,0.0
2.0,9253.0,0.0,1337.0,4400.0,0.0,0.0,910.0,427.0,0.0,0.0
2.0,13653.0,636.0,1292.0,2002.0,0.0,0.0,868.0,424.0,636.0,0.0
2.0,15019.0,1602.0,1269.0,0.0,0.0,0.0,855.0,414.0,1602.0,0.0
2.0,13417.0,2564.0,1285.0,0.0,0.0,0.0,889.0,396.0,2564.0,0.0
2.0,10853.0,3066.0,1322.0,0.0,0.0,0.0,945.0,377.0,2887.0,179.0
2.0,7787.0,2823.0,1356.0,0.0,1816.0,1816.0,988.0,368.0,2236.0,587.0
2.0,4964.0,1604.0,1376.0,0.0,3520.0,3520.0,1000.0,376.0,611.0,993.0
2.0,3360.0,1218.0,1400.0,0.0,4858.0,4858.0,1000.0,400.0,0.0,1218.0
2.0,2142.0,1040.0,1420.0,1816.0,4182.0,4182.0,1000.0,420.0,0.0,1040.0
2.0,2918.0,459.0,1418.0,3520.0,1111.0,1111.0,989.0,429.0,0.0,459.0
2.0,5979.0,0.0,1390.0,4858.0,0.0,0.0,961.0,429.0,0.0,0.0
2.0,10837.0,0.0,1343.0,4182.0,0.0,0.0,914.0,429.0,0.0,0.0
2.0,15019.0,653.0,1298.0,1111.0,0.0,0.0,872.0,426.0,653.0,0.0
2.0,15477.0,1598.0,1274.0,0.0,0.0,0.0,859.0,415.0,1598.0,0.0
2.0,13879.0,2556.0,1289.0,0.0,0.0,0.0,892.0,397.0,2556.0,0.0
2.0,11323.0,3071.0,1325.0,0.0,0.0,0.0,948.0,377.0,2862.0,209.0
2.0,8252.0,2862.0,1360.0,0.0,1410.0,1410.0,991.0,369.0,2241.0,621.0
2.0,5390.0,1704.0,1383.0,0.0,3229.0,3229.0,1003.0,380.0,667.0,1037.0
2.0,3686.0,1244.0,1407.0,0.0,4593.0,4593.0,1003.0,404.0,0.0,1244.0
2.0,2442.0,1035.0,1426.0,1410.0,4313.0,4313.0,1003.0,423.0,0.0,1035.0
2.0,2817.0,405.0,1425.0,3229.0,1484.0,1484.0,994.0,431.0,0.0,405.0
2.0,5641.0,0.0,1397.0,4593.0,0.0,0.0,966.0,431.0,0.0,0.0
2.0,10234.0,0.0,1352.0,4313.0,0.0,0.0,921.0,431.0,0.0,0.0
2.0,14547.0,687.0,1309.0,1484.0,0.0,0.0,881.0,428.0,687.0,0.0
2.0,15344.0,1664.0,1285.0,0.0,0.0,0.0,868.0,417.0,1664.0,0.0
2.0,13680.0,2632.0,1301.0,0.0,0.0,0.0,902.0,399.0,2632.0,0.0
2.0,11048.0,3104.0,1337.0,0.0,0.0,0.0,958.0,379.0,2903.0,201.0
2.0,7944.0,2807.0,1371.0,0.0,1718.0,1718.0,1000.0,371.0,2196.0,611.0
2.0,5137.0,1542.0,1391.0,0.0,3360.0,3360.0,1010.0,381.0,523.0,1019.0
2.0,3595.0,1230.0,1414.0,0.0,4705.0,4705.0,1010.0,404.0,0.0,1230.0
2.0,2365.0,1040.0,1434.0,1718.0,4127.0,4127.0,1010.0,424.0,0.0,1040.0
2.0,3043.0,447.0,1432.0,3360.0,1204.0,1204.0,999.0,433.0,0.0,447.0
2.0,5956.0,0.0,1403.0,4705.0,0.0,0.0,970.0,433.0,0.0,0.0
2.0,10661.0,0.0,1356.0,4127.0,0.0,0.0,923.0,433.0,0.0,0.0
2.0,14788.0,704.0,1312.0,1204.0,0.0,0.0,882.0,430.0,704.0,0.0
2.0,15288.0,1663.0,1289.0,0.0,0.0,0.0,870.0,419.0,1663.0,0.0
2.0,13625.0,2629.0,1305.0,0.0,0.0,0.0,905.0,400.0,2629.0,0.0
2.0,10996.0,3107.0,1342.0,0.0,0.0,0.0,961.0,381.0,2905.0,202.0
2.0,7889.0,2835.0,1377.0,0.0,1831.0,1831.0,1004.0,373.0,2216.0,619.0
2.0,5054.0,1604.0,1399.0,0.0,3545.0,3545.0,1015.0,384.0,564.0,1040.0
2.0,3450.0,1254.0,1423.0,0.0,4919.0,4919.0,1015.0,408.0,0.0,1254.0
2.0,2196.0,1048.0,1443.0,1831.0,4236.0,4236.0,1015.0,428.0,0.0,1048.0
2.0,2979.0,424.0,1440.0,3545.0,1100.0,1100.0,1004.0,436.0,0.0,424.0
2.0,6100.0,0.0,1411.0,4919.0,0.0,0.0,975.0,436.0,0.0,0.0
2.0,11019.0,0.0,1364.0,4236.0,0.0,0.0,928.0,436.0,0.0,0.0
2.0,15255.0,741.0,1320.0,1100.0,0.0,0.0,888.0,432.0,741.0,0.0
2.0,15614.0,1715.0,1299.0,0.0,0.0,0.0,878.0,421.0,1715.0,0.0
2.0,13899.0,2690.0,1316.0,0.0,0.0,0.0,914.0,402.0,2690.0,0.0
2.0,11209.0,3128.0,1353.0,0.0,0.0,0.0,971.0,382.0,2929.0,199.0
2.0,8081.0,2800.0,1387.0,0.0,1654.0,1654.0,1013.0,374.0,2183.0,617.0
2.0,5281.0,1507.0,1407.0,0.0,3261.0,3261.0,1022.0,385.0,468.0,1039.0
2.0,3774.0,1268.0,1431.0,0.0,4649.0,4649.0,1022.0,409.0,0.0,1268.0
2.0,2506.0,1072.0,1452.0,1654.0,4172.0,4172.0,1022.0,430.0,0.0,1072.0
2.0,3088.0,452.0,1448.0,3261.0,1343.0,1343.0,1009.0,439.0,0.0,452.0
2.0,5897.0,0.0,1418.0,4649.0,0.0,0.0,979.0,439.0,0.0,0.0
2.0,10546.0,0.0,1368.0,4172.0,0.0,0.0,929.0,439.0,0.0,0.0
2.0,14718.0,784.0,1324.0,1343.0,0.0,0.0,889.0,435.0,784.0,0.0
2.0,15277.0,1759.0,1304.0,0.0,0.0,0.0,880.0,424.0,1759.0,0.0
2.0,13518.0,2745.0,1326.0,0.0,0.0,0.0,921.0,405.0,2745.0,0.0
2.0,10773.0,3126.0,1362.0,0.0,0.0,0.0,977.0,385.0,2950.0,176.0
2.0,7647.0,2778.0,1395.0,0.0,2106.0,2106.0,1019.0,376.0,2180.0,598.0
2.0,4869.0,1439.0,1414.0,0.0,3640.0,3640.0,1027.0,387.0,419.0,1020.0
2.0,3430.0,1262.0,1438.0,0.0,5022.0,5022.0,1027.0,411.0,0.0,1262.0
2.0,2168.0,1083.0,1459.0,2106.0,4104.0,4104.0,1027.0,432.0,0.0,1083.0
2.0,3191.0,483.0,1456.0,3640.0,932.0,932.0,1015.0,441.0,0.0,483.0
2.0,6348.0,0.0,1425.0,5022.0,0.0,0.0,984.0,441.0,0.0,0.0
2.0,11370.0,0.0,1376.0,4104.0,0.0,0.0,935.0,441.0,0.0,0.0
2.0,15474.0,771.0,1332.0,932.0,0.0,0.0,895.0,437.0,771.0,0.0
2.0,15635.0,1748.0,1310.0,0.0,0.0,0.0,885.0,425.0,1748.0,0.0
2.0,13887.0,2722.0,1331.0,0.0,0.0,0.0,925.0,406.0,2722.0,0.0
2.0,11165.0,3099.0,1366.0,0.0,0.0,0.0,981.0,385.0,2919.0,180.0
2.0,8066.0,2763.0,1399.0,0.0,1692.0,1692.0,1022.0,377.0,2157.0,606.0
2.0,5303.0,1465.0,1420.0,0.0,3262.0,3262.0,1031.0,389.0,429.0,1036.0
2.0,3838.0,1284.0,1445.0,0.0,4671.0,4671.0,1031.0,414.0,0.0,1284.0
2.0,2554.0,1102.0,1466.0,1692.0,4186.0,4186.0,1031.0,435.0,0.0,1102.0
2.0,3144.0,484.0,1461.0,3262.0,1383.0,1383.0,1017.0,444.0,0.0,484.0
2.0,5922.0,0.0,1429.0,4671.0,0.0,0.0,985.0,444.0,0.0,0.0
2.0,10593.0,0.0,1379.0,4186.0,0.0,0.0,935.0,444.0,0.0,0.0
2.0,14779.0,834.0,1335.0,1383.0,0.0,0.0,895.0,440.0,834.0,0.0
2.0,15328.0,1836.0,1317.0,0.0,0.0,0.0,888.0,429.0,1836.0,0.0
2.0,13492.0,2845.0,1342.0,0.0,0.0,0.0,933.0,409.0,2845.0,0.0
2.0,10647.0,3179.0,1379.0,0.0,0.0,0.0,991.0,388.0,3015.0,164.0
2.0,7468.0,2756.0,1412.0,0.0,2348.0,2348.0,1032.0,380.0,2170.0,586.0
2.0,4712.0,1311.0,1428.0,0.0,3739.0,3739.0,1038.0,390.0,304.0,1007.0
2.0,3401.0,1264.0,1453.0,0.0,5128.0,5128.0,1038.0,415.0,0.0,1264.0
2.0,2137.0,1104.0,1474.0,2348.0,3989.0,3989.0,1038.0,436.0,0.0,1104.0
2.0,3381.0,530.0,1471.0,3739.0,765.0,765.0,1025.0,446.0,0.0,530.0
2.0,6590.0,0.0,1439.0,5128.0,0.0,0.0,993.0,446.0,0.0,0.0
2.0,11718.0,0.0,1388.0,3989.0,0.0,0.0,942.0,446.0,0.0,0.0
2.0,15707.0,812.0,1344.0,765.0,0.0,0.0,902.0,442.0,812.0,0.0
2.0,15660.0,1794.0,1324.0,0.0,0.0,0.0,894.0,430.0,1794.0,0.0
2.0,13866.0,2784.0,1347.0,0.0,0.0,0.0,937.0,410.0,2784.0,0.0
2.0,11082.0,3150.0,1384.0,0.0,0.0,0.0,994.0,390.0,2968.0,182.0
2.0,7932.0,2801.0,1417.0,0.0,1954.0,1954.0,1036.0,381.0,2190.0,611.0
2.0,5131.0,1462.0,1437.0,0.0,3516.0,3516.0,1044.0,393.0,420.0,1042.0
2.0,3669.0,1289.0,1462.0,0.0,4930.0,4930.0,1044.0,418.0,0.0,1289.0
2.0,2380.0,1106.0,1483.0,1954.0,4187.0,4187.0,1044.0,439.0,0.0,1106.0
2.0,3228.0,485.0,1479.0,3516.0,1136.0,1136.0,1030.0,449.0,0.0,485.0
2.0,6259.0,0.0,1446.0,4930.0,0.0,0.0,997.0,449.0,0.0,0.0
2.0,11189.0,0.0,1394.0,4187.0,0.0,0.0,945.0,449.0,0.0,0.0
2.0,15376.0,812.0,1349.0,1136.0,0.0,0.0,904.0,445.0,812.0,0.0
2.0,15700.0,1822.0,1330.0,0.0,0.0,0.0,897.0,433.0,1822.0,0.0
2.0,13878.0,2828.0,1356.0,0.0,0.0,0.0,943.0,413.0,2828.0,0.0
2.0,11050.0,3195.0,1393.0,0.0,0.0,0.0,1001.0,392.0,3013.0,182.0
2.0,7855.0,2803.0,1426.0,0.0,2078.0,2078.0,1043.0,383.0,2197.0,606.0
2.0,5052.0,1394.0,1444.0,0.0,3562.0,3562.0,1050.0,394.0,365.0,1029.0
2.0,3658.0,1276.0,1469.0,0.0,4963.0,4963.0,1050.0,419.0,0.0,1276.0
2.0,2382.0,1108.0,1490.0,2078.0,4098.0,4098.0,1050.0,440.0,0.0,1108.0
2.0,3352.0,512.0,1485.0,3562.0,1023.0,1023.0,1035.0,450.0,0.0,512.0
2.0,6402.0,0.0,1451.0,4963.0,0.0,0.0,1001.0,450.0,0.0,0.0
2.0,11365.0,0.0,1398.0,4098.0,0.0,0.0,948.0,450.0,0.0,0.0
2.0,15463.0,835.0,1354.0,1023.0,0.0,0.0,907.0,447.0,835.0,0.0
2.0,15651.0,1829.0,1336.0,0.0,0.0,0.0,901.0,435.0,1829.0,0.0
2.0,13822.0,2828.0,1362.0,0.0,0.0,0.0,947.0,415.0,2828.0,0.0
2.0,10994.0,3212.0,1400.0,0.0,0.0,0.0,1005.0,395.0,3009.0,203.0
2.0,7782.0,2841.0,1434.0,0.0,2229.0,2229.0,1047.0,387.0,2196.0,645.0
2.0,4941.0,1442.0,1452.0,0.0,3761.0,3761.0,1054.0,398.0,365.0,1077.0
2.0,3499.0,1305.0,1477.0,0.0,5191.0,5191.0,1054.0,423.0,0.0,1305.0
2.0,2194.0,1087.0,1498.0,2229.0,4154.0,4154.0,1054.0,444.0,0.0,1087.0
2.0,3336.0,436.0,1491.0,3761.0,794.0,794.0,1039.0,452.0,0.0,436.0
2.0,6661.0,0.0,1458.0,5191.0,0.0,0.0,1006.0,452.0,0.0,0.0
2.0,11852.0,0.0,1405.0,4154.0,0.0,0.0,953.0,452.0,0.0,0.0
2.0,16006.0,853.0,1363.0,794.0,0.0,0.0,914.0,449.0,853.0,0.0
2.0,15947.0,1876.0,1345.0,0.0,0.0,0.0,908.0,437.0,1876.0,0.0
2.0,14071.0,2885.0,1372.0,0.0,0.0,0.0,955.0,417.0,2885.0,0.0
2.0,11186.0,3237.0,1411.0,0.0,0.0,0.0,1014.0,397.0,3032.0,205.0
2.0,7949.0,2792.0,1443.0,0.0,2058.0,2058.0,1055.0,388.0,2157.0,635.0
2.0,5157.0,1349.0,1460.0,0.0,3492.0,3492.0,1061.0,399.0,276.0,1073.0
2.0,3808.0,1305.0,1485.0,0.0,4922.0,4922.0,1061.0,424.0,0.0,1305.0
2.0,2503.0,1109.0,1506.0,2058.0,4078.0,4078.0,1061.0,445.0,0.0,1109.0
2.0,3452.0,472.0,1500.0,3492.0,1028.0,1028.0,1045.0,455.0,0.0,472.0
2.0,6472.0,0.0,1464.0,4922.0,0.0,0.0,1009.0,455.0,0.0,0.0
2.0,11394.0,0.0,1410.0,4078.0,0.0,0.0,955.0,455.0,0.0,0.0
2.0,15472.0,907.0,1365.0,1028.0,0.0,0.0,914.0,451.0,907.0,0.0
2.0,15593.0,1916.0,1349.0,0.0,0.0,0.0,909.0,440.0,1916.0,0.0
2.0,13677.0,2935.0,1381.0,0.0,0.0,0.0,960.0,421.0,2935.0,0.0
2.0,10742.0,3274.0,1419.0,0.0,0.0,0.0,1019.0,400.0,3066.0,208.0
2.0,7468.0,2815.0,1452.0,0.0,2607.0,2607.0,1060.0,392.0,2171.0,644.0
2.0,4653.0,1321.0,1467.0,0.0,4003.0,4003.0,1065.0,402.0,246.0,1075.0
2.0,3332.0,1297.0,1492.0,0.0,5425.0,5425.0,1065.0,427.0,0.0,1297.0
2.0,2035.0,1085.0,1513.0,2607.0,4008.0,4008.0,1065.0,448.0,0.0,1085.0
2.0,3557.0,452.0,1507.0,4003.0,427.0,427.0,1050.0,457.0,0.0,452.0
2.0,7108.0,0.0,1472.0,5425.0,0.0,0.0,1015.0,457.0,0.0,0.0
2.0,12533.0,0.0,1418.0,4008.0,0.0,0.0,961.0,457.0,0.0,0.0
2.0,16541.0,913.0,1375.0,427.0,0.0,0.0,922.0,453.0,913.0,0.0
2.0,16055.0,1925.0,1358.0,0.0,0.0,0.0,917.0,441.0,1925.0,0.0
2.0,14130.0,2929.0,1386.0,0.0,0.0,0.0,965.0,421.0,2929.0,0.0
2.0,11201.0,3266.0,1424.0,0.0,0.0,0.0,1023.0,401.0,3019.0,247.0
2.0,7935.0,2800.0,1457.0,0.0,2150.0,2150.0,1064.0,393.0,2117.0,683.0
2.0,5135.0,1362.0,1473.0,0.0,3592.0,3592.0,1068.0,405.0,233.0,1129.0
2.0,3773.0,1320.0,1499.0,0.0,5042.0,5042.0,1068.0,431.0,0.0,1320.0
2.0,2453.0,1074.0,1520.0,2150.0,4071.0,4071.0,1068.0,452.0,0.0,1074.0
2.0,3529.0,381.0,1512.0,3592.0,820.0,820.0,1053.0,459.0,0.0,381.0
2.0,6740.0,0.0,1477.0,5042.0,0.0,0.0,1018.0,459.0,0.0,0.0
2.0,11782.0,0.0,1422.0,4071.0,0.0,0.0,963.0,459.0,0.0,0.0
2.0,15853.0,1016.0,1380.0,820.0,0.0,0.0,925.0,455.0,1016.0,0.0
2.0,15657.0,2061.0,1366.0,0.0,0.0,0.0,922.0,444.0,2061.0,0.0
2.0,13596.0,3101.0,1399.0,0.0,0.0,0.0,975.0,424.0,3101.0,0.0
2.0,10495.0,3377.0,1439.0,0.0,77.0,77.0,1035.0,404.0,3113.0,264.0
2.0,7118.0,2772.0,1472.0,0.0,3014.0,3014.0,1075.0,397.0,2071.0,701.0
2.0,4346.0,1136.0,1484.0,0.0,4210.0,4210.0,1075.0,409.0,0.0,1136.0
2.0,3210.0,1307.0,1509.0,77.0,5565.0,5565.0,1075.0,434.0,0.0,1307.0
2.0,1980.0,1048.0,1529.0,3014.0,3699.0,3699.0,1075.0,454.0,0.0,1048.0
2.0,3946.0,350.0,1520.0,4210.0,0.0,0.0,1059.0,461.0,0.0,350.0
2.0,7806.0,0.0,1484.0,5565.0,0.0,0.0,1023.0,461.0,0.0,0.0
2.0,13371.0,0.0,1430.0,3699.0,0.0,0.0,969.0,461.0,0.0,0.0
2.0,17070.0,989.0,1387.0,0.0,0.0,0.0,930.0,457.0,989.0,0.0
2.0,16081.0,2021.0,1371.0,0.0,0.0,0.0,927.0,444.0,2021.0,0.0
2.0,14060.0,3049.0,1402.0,0.0,0.0,0.0,978.0,424.0,3049.0,0.0
2.0,11011.0,3408.0,1443.0,0.0,0.0,0.0,1038.0,405.0,3095.0,313.0
2.0,7603.0,2865.0,1476.0,0.0,2642.0,2642.0,1078.0,398.0,2108.0,757.0
2.0,4738.0,1302.0,1493.0,0.0,4029.0,4029.0,1080.0,413.0,103.0,1199.0
2.0,3436.0,1335.0,1519.0,0.0,5494.0,5494.0,1080.0,439.0,0.0,1335.0
2.0,2101.0,1017.0,1538.0,2642.0,3964.0,3964.0,1080.0,458.0,0.0,1017.0
2.0,3726.0,258.0,1527.0,4029.0,138.0,138.0,1064.0,463.0,0.0,258.0
2.0,7497.0,0.0,1491.0,5494.0,0.0,0.0,1028.0,463.0,0.0,0.0
2.0,12991.0,0.0,1435.0,3964.0,0.0,0.0,972.0,463.0,0.0,0.0
2.0,16955.0,1002.0,1392.0,138.0,0.0,0.0,933.0,459.0,1002.0,0.0
2.0,16091.0,2047.0,1378.0,0.0,0.0,0.0,931.0,447.0,2047.0,0.0
2.0,14044.0,3090.0,1411.0,0.0,0.0,0.0,985.0,426.0,3090.0,0.0
2.0,10954.0,3450.0,1453.0,0.0,0.0,0.0,1046.0,407.0,3128.0,322.0
2.0,7504.0,2876.0,1487.0,0.0,2807.0,2807.0,1086.0,401.0,2117.0,759.0
2.0,4628.0,1256.0,1502.0,0.0,4138.0,4138.0,1087.0,415.0,56.0,1200.0
2.0,3372.0,1319.0,1527.0,0.0,5582.0,5582.0,1087.0,440.0,0.0,1319.0
2.0,2053.0,1012.0,1546.0,2807.0,3882.0,3882.0,1087.0,459.0,0.0,1012.0
2.0,3848.0,261.0,1534.0,4138.0,0.0,0.0,1070.0,464.0,0.0,261.0
2.0,7725.0,0.0,1497.0,5582.0,0.0,0.0,1033.0,464.0,0.0,0.0
2.0,13307.0,0.0,1441.0,3882.0,0.0,0.0,977.0,464.0,0.0,0.0
2.0,17189.0,999.0,1397.0,0.0,0.0,0.0,937.0,460.0,999.0,0.0
2.0,16190.0,2030.0,1382.0,0.0,0.0,0.0,934.0,448.0,2030.0,0.0
2.0,14160.0,3073.0,1416.0,0.0,0.0,0.0,989.0,427.0,3073.0,0.0
2.0,11087.0,3463.0,1457.0,0.0,0.0,0.0,1048.0,409.0,3112.0,351.0
2.0,7624.0,2942.0,1493.0,0.0,2783.0,2783.0,1089.0,404.0,2135.0,807.0
2.0,4682.0,1374.0,1511.0,0.0,4247.0,4247.0,1092.0,419.0,120.0,1254.0
2.0,3308.0,1349.0,1537.0,0.0,5726.0,5726.0,1092.0,445.0,0.0,1349.0
2.0,1959.0,988.0,1556.0,2783.0,4026.0,4026.0,1092.0,464.0,0.0,988.0
2.0,3754.0,181.0,1542.0,4247.0,0.0,0.0,1074.0,468.0,0.0,181.0
2.0,7820.0,0.0,1505.0,5726.0,0.0,0.0,1037.0,468.0,0.0,0.0
2.0,13546.0,0.0,1449.0,4026.0,0.0,0.0,981.0,468.0,0.0,0.0
2.0,17572.0,1015.0,1405.0,0.0,0.0,0.0,942.0,463.0,1015.0,0.0
2.0,16557.0,2079.0,1392.0,0.0,0.0,0.0,942.0,450.0,2079.0,0.0
2.0,14478.0,3123.0,1425.0,0.0,0.0,0.0,997.0,428.0,3123.0,0.0
2.0,11355.0,3507.0,1468.0,0.0,0.0,0.0,1058.0,410.0,3144.0,363.0
2.0,7848.0,2910.0,1503.0,0.0,2577.0,2577.0,1098.0,405.0,2103.0,807.0
2.0,4938.0,1285.0,1520.0,0.0,3947.0,3947.0,1099.0,421.0,32.0,1253.0
2.0,3653.0,1341.0,1546.0,0.0,5418.0,5418.0,1099.0,447.0,0.0,1341.0
2.0,2312.0,987.0,1565.0,2577.0,3923.0,3923.0,1099.0,466.0,0.0,987.0
2.0,3902.0,192.0,1549.0,3947.0,88.0,88.0,1079.0,470.0,0.0,192.0
2.0,7657.0,0.0,1510.0,5418.0,0.0,0.0,1040.0,470.0,0.0,0.0
2.0,13075.0,4.0,1450.0,3923.0,0.0,0.0,980.0,470.0,4.0,0.0
2.0,16994.0,1052.0,1405.0,88.0,0.0,0.0,940.0,465.0,1052.0,0.0
2.0,16030.0,2119.0,1392.0,0.0,0.0,0.0,941.0,451.0,2119.0,0.0
2.0,13911.0,3183.0,1431.0,0.0,0.0,0.0,1002.0,429.0,3183.0,0.0
2.0,10728.0,3582.0,1476.0,0.0,234.0,234.0,1064.0,412.0,3202.0,380.0
2.0,7146.0,2964.0,1512.0,0.0,3378.0,3378.0,1105.0,407.0,2133.0,831.0
2.0,4182.0,1279.0,1530.0,0.0,4747.0,4747.0,1105.0,425.0,0.0,1279.0
2.0,2903.0,1347.0,1556.0,234.0,5990.0,5990.0,1105.0,451.0,0.0,1347.0
2.0,1790.0,965.0,1575.0,3378.0,3672.0,3672.0,1105.0,470.0,0.0,965.0
2.0,4203.0,145.0,1559.0,4747.0,0.0,0.0,1086.0,473.0,0.0,145.0
2.0,8805.0,0.0,1520.0,5990.0,0.0,0.0,1047.0,473.0,0.0,0.0
2.0,14795.0,0.0,1462.0,3672.0,0.0,0.0,989.0,473.0,0.0,0.0
2.0,18467.0,986.0,1415.0,0.0,0.0,0.0,948.0,467.0,986.0,0.0
2.0,17481.0,2035.0,1399.0,0.0,0.0,0.0,947.0,452.0,2035.0,0.0
2.0,15446.0,3089.0,1433.0,0.0,0.0,0.0,1004.0,429.0,3089.0,0.0
2.0,12357.0,3550.0,1476.0,0.0,0.0,0.0,1065.0,411.0,3147.0,403.0
2.0,8807.0,3036.0,1514.0,0.0,1799.0,1799.0,1106.0,408.0,2182.0,854.0
2.0,5771.0,1466.0,1537.0,0.0,3380.0,3380.0,1109.0,428.0,154.0,1312.0
2.0,4305.0,1372.0,1563.0,0.0,4882.0,4882.0,1109.0,454.0,0.0,1372.0
2.0,2933.0,975.0,1582.0,1799.0,4153.0,4153.0,1109.0,473.0,0.0,975.0
2.0,3757.0,116.0,1565.0,3380.0,804.0,804.0,1090.0,475.0,0.0,116.0
2.0,7021.0,0.0,1526.0,4882.0,0.0,0.0,1051.0,475.0,0.0,0.0
2.0,11903.0,0.0,1466.0,4153.0,0.0,0.0,991.0,475.0,0.0,0.0
2.0,16056.0,1024.0,1420.0,804.0,0.0,0.0,951.0,469.0,1024.0,0.0
2.0,15836.0,2087.0,1405.0,0.0,0.0,0.0,950.0,455.0,2087.0,0.0
2.0,13749.0,3159.0,1442.0,0.0,0.0,0.0,1010.0,432.0,3159.0,0.0
2.0,10590.0,3593.0,1486.0,0.0,433.0,433.0,1072.0,414.0,3198.0,395.0
2.0,6997.0,3031.0,1524.0,0.0,3654.0,3654.0,1113.0,411.0,2181.0,850.0
2.0,3966.0,1385.0,1546.0,0.0,5149.0,5149.0,1115.0,431.0,83.0,1302.0
2.0,2581.0,1361.0,1572.0,433.0,6207.0,6207.0,1115.0,457.0,0.0,1361.0
2.0,1653.0,970.0,1591.0,3654.0,3618.0,3618.0,1115.0,476.0,0.0,970.0
2.0,4337.0,125.0,1574.0,5149.0,0.0,0.0,1096.0,478.0,0.0,125.0
2.0,9361.0,0.0,1535.0,6207.0,0.0,0.0,1057.0,478.0,0.0,0.0
2.0,15568.0,0.0,1476.0,3618.0,0.0,0.0,998.0,478.0,0.0,0.0
2.0,19186.0,1038.0,1429.0,0.0,0.0,0.0,958.0,471.0,1038.0,0.0
2.0,18148.0,2101.0,1413.0,0.0,0.0,0.0,957.0,456.0,2101.0,0.0
2.0,16047.0,3157.0,1448.0,0.0,0.0,0.0,1016.0,432.0,3157.0,0.0
2.0,12890.0,3575.0,1490.0,0.0,0.0,0.0,1077.0,413.0,3174.0,401.0
2.0,9315.0,3009.0,1529.0,0.0,1339.0,1339.0,1118.0,411.0,2148.0,861.0
2.0,6306.0,1396.0,1552.0,0.0,2850.0,2850.0,1119.0,433.0,67.0,1329.0
2.0,4910.0,1389.0,1579.0,0.0,4374.0,4374.0,1119.0,460.0,0.0,1389.0
2.0,3521.0,987.0,1598.0,1339.0,4117.0,4117.0,1119.0,479.0,0.0,987.0
2.0,3873.0,113.0,1581.0,2850.0,1295.0,1295.0,1100.0,481.0,0.0,113.0
2.0,6610.0,0.0,1541.0,4374.0,0.0,0.0,1060.0,481.0,0.0,0.0
2.0,10984.0,4.0,1481.0,4117.0,0.0,0.0,1000.0,481.0,4.0,0.0
2.0,15097.0,1085.0,1434.0,1295.0,0.0,0.0,960.0,474.0,1085.0,0.0
2.0,15307.0,2171.0,1419.0,0.0,0.0,0.0,961.0,458.0,2171.0,0.0
2.0,13136.0,3250.0,1457.0,0.0,0.0,0.0,1023.0,434.0,3250.0,0.0
2.0,9886.0,3632.0,1502.0,0.0,1256.0,1256.0,1086.0,416.0,3249.0,383.0
2.0,6254.0,2981.0,1540.0,0.0,4427.0,4427.0,1127.0,413.0,2136.0,845.0
2.0,3273.0,1302.0,1561.0,0.0,5834.0,5834.0,1127.0,434.0,0.0,1302.0
2.0,1971.0,1381.0,1588.0,1256.0,6094.0,6094.0,1127.0,461.0,0.0,1381.0
2.0,1846.0,1000.0,1607.0,4427.0,2762.0,2762.0,1127.0,480.0,0.0,1000.0
2.0,5273.0,171.0,1591.0,5834.0,0.0,0.0,1107.0,484.0,0.0,171.0
2.0,10936.0,0.0,1550.0,6094.0,0.0,0.0,1066.0,484.0,0.0,0.0
2.0,17030.0,0.0,1489.0,2762.0,0.0,0.0,1005.0,484.0,0.0,0.0
2.0,19792.0,1013.0,1439.0,0.0,0.0,0.0,963.0,476.0,1013.0,0.0
2.0,18779.0,2092.0,1422.0,0.0,0.0,0.0,962.0,460.0,2092.0,0.0
2.0,16687.0,3167.0,1459.0,0.0,0.0,0.0,1023.0,436.0,3167.0,0.0
2.0,13520.0,3637.0,1502.0,0.0,0.0,0.0,1085.0,417.0,3250.0,387.0
2.0,9883.0,3114.0,1544.0,0.0,951.0,951.0,1129.0,415.0,2260.0,854.0
2.0,6769.0,1497.0,1570.0,0.0,2578.0,2578.0,1132.0,438.0,179.0,1318.0
2.0,5272.0,1395.0,1596.0,0.0,4103.0,4103.0,1132.0,464.0,0.0,1395.0
2.0,3877.0,1001.0,1616.0,951.0,4253.0,4253.0,1132.0,484.0,0.0,1001.0
2.0,3827.0,146.0,1599.0,2578.0,1736.0,1736.0,1113.0,486.0,0.0,146.0
2.0,6259.0,0.0,1560.0,4103.0,0.0,0.0,1074.0,486.0,0.0,0.0
2.0,10362.0,0.0,1501.0,4253.0,0.0,0.0,1015.0,486.0,0.0,0.0
2.0,14615.0,985.0,1452.0,1736.0,0.0,0.0,973.0,479.0,985.0,0.0
2.0,15366.0,2081.0,1433.0,0.0,0.0,0.0,971.0,462.0,2081.0,0.0
2.0,13285.0,3160.0,1466.0,0.0,0.0,0.0,1029.0,437.0,3160.0,0.0
2.0,10125.0,3621.0,1509.0,0.0,1041.0,1041.0,1091.0,418.0,3241.0,380.0
2.0,6504.0,3086.0,1549.0,0.0,4327.0,4327.0,1134.0,415.0,2243.0,843.0
2.0,3418.0,1482.0,1576.0,0.0,5944.0,5944.0,1138.0,438.0,175.0,1307.0
2.0,1936.0,1401.0,1603.0,1041.0,6439.0,6439.0,1138.0,465.0,0.0,1401.0
2.0,1576.0,1032.0,1623.0,4327.0,3244.0,3244.0,1138.0,485.0,0.0,1032.0
2.0,4871.0,194.0,1607.0,5944.0,0.0,0.0,1118.0,489.0,0.0,194.0
2.0,10621.0,0.0,1567.0,6439.0,0.0,0.0,1078.0,489.0,0.0,0.0
2.0,17060.0,0.0,1506.0,3244.0,0.0,0.0,1017.0,489.0,0.0,0.0
2.0,20304.0,1060.0,1457.0,0.0,0.0,0.0,976.0,481.0,1060.0,0.0
2.0,19244.0,2153.0,1440.0,0.0,0.0,0.0,975.0,465.0,2153.0,0.0
2.0,17091.0,3257.0,1476.0,0.0,0.0,0.0,1036.0,440.0,3257.0,0.0
2.0,13834.0,3642.0,1521.0,0.0,0.0,0.0,1100.0,421.0,3288.0,354.0
2.0,10192.0,3045.0,1560.0,0.0,653.0,653.0,1142.0,418.0,2223.0,822.0
2.0,7147.0,1329.0,1583.0,0.0,2097.0,2097.0,1143.0,440.0,41.0,1288.0
2.0,5818.0,1398.0,1610.0,0.0,3630.0,3630.0,1143.0,467.0,0.0,1398.0
2.0,4420.0,1051.0,1630.0,653.0,4128.0,4128.0,1143.0,487.0,0.0,1051.0
2.0,4022.0,229.0,1615.0,2097.0,2185.0,2185.0,1123.0,492.0,0.0,229.0
2.0,5890.0,0.0,1575.0,3630.0,0.0,0.0,1083.0,492.0,0.0,0.0
2.0,9520.0,0.0,1514.0,4128.0,0.0,0.0,1022.0,492.0,0.0,0.0
2.0,13648.0,1038.0,1465.0,2185.0,0.0,0.0,981.0,484.0,1038.0,0.0
2.0,14795.0,2131.0,1448.0,0.0,0.0,0.0,981.0,467.0,2131.0,0.0
2.0,12664.0,3217.0,1483.0,0.0,0.0,0.0,1041.0,442.0,3217.0,0.0
2.0,9447.0,3627.0,1526.0,0.0,1810.0,1810.0,1104.0,422.0,3276.0,351.0
2.0,5820.0,3062.0,1566.0,0.0,5072.0,5072.0,1147.0,419.0,2242.0,820.0
2.0,2758.0,1416.0,1591.0,0.0,6613.0,6613.0,1150.0,441.0,123.0,1293.0
2.0,1342.0,1419.0,1619.0,1810.0,6362.0,6362.0,1150.0,469.0,0.0,1419.0
2.0,1733.0,1071.0,1639.0,5072.0,2461.0,2461.0,1150.0,489.0,0.0,1071.0
2.0,5734.0,243.0,1623.0,6613.0,0.0,0.0,1129.0,494.0,0.0,243.0
2.0,12104.0,0.0,1581.0,6362.0,0.0,0.0,1087.0,494.0,0.0,0.0
2.0,18466.0,0.0,1519.0,2461.0,0.0,0.0,1025.0,494.0,0.0,0.0
2.0,20927.0,1060.0,1469.0,0.0,0.0,0.0,983.0,486.0,1060.0,0.0
2.0,19867.0,2168.0,1453.0,0.0,0.0,0.0,983.0,470.0,2168.0,0.0
2.0,17699.0,3277.0,1491.0,0.0,0.0,0.0,1046.0,445.0,3277.0,0.0
2.0,14422.0,3669.0,1535.0,0.0,0.0,0.0,1110.0,425.0,3319.0,350.0
2.0,10753.0,3073.0,1575.0,0.0,195.0,195.0,1153.0,422.0,2253.0,820.0
2.0,7680.0,1356.0,1598.0,0.0,1666.0,1666.0,1155.0,443.0,66.0,1290.0
2.0,6324.0,1410.0,1626.0,0.0,3216.0,3216.0,1155.0,471.0,0.0,1410.0
2.0,4914.0,1058.0,1646.0,195.0,4179.0,4179.0,1155.0,491.0,0.0,1058.0
2.0,4051.0,242.0,1631.0,1666.0,2680.0,2680.0,1135.0,496.0,0.0,242.0
2.0,5475.0,0.0,1591.0,3216.0,0.0,0.0,1095.0,496.0,0.0,0.0
2.0,8691.0,0.0,1530.0,4179.0,0.0,0.0,1034.0,496.0,0.0,0.0
2.0,12870.0,1053.0,1480.0,2680.0,0.0,0.0,992.0,488.0,1053.0,0.0
2.0,14497.0,2140.0,1461.0,0.0,0.0,0.0,989.0,472.0,2140.0,0.0
2.0,12357.0,3229.0,1494.0,0.0,0.0,0.0,1048.0,446.0,3229.0,0.0
2.0,9128.0,3645.0,1537.0,0.0,2202.0,2202.0,1111.0,426.0,3285.0,360.0
2.0,5483.0,3111.0,1578.0,0.0,5518.0,5518.0,1155.0,423.0,2270.0,841.0
2.0,2372.0,1486.0,1604.0,0.0,7134.0,7134.0,1158.0,446.0,168.0,1318.0
2.0,886.0,1430.0,1631.0,2202.0,6497.0,6497.0,1158.0,473.0,0.0,1430.0
2.0,1658.0,1057.0,1652.0,5518.0,2141.0,2141.0,1158.0,494.0,0.0,1057.0
2.0,6119.0,209.0,1637.0,7134.0,0.0,0.0,1139.0,498.0,0.0,209.0
2.0,13044.0,0.0,1597.0,6497.0,0.0,0.0,1099.0,498.0,0.0,0.0
2.0,19541.0,0.0,1536.0,2141.0,0.0,0.0,1038.0,498.0,0.0,0.0
2.0,21682.0,1059.0,1486.0,0.0,0.0,0.0,996.0,490.0,1059.0,0.0
2.0,20623.0,2181.0,1469.0,0.0,0.0,0.0,995.0,474.0,2181.0,0.0
2.0,18442.0,3291.0,1504.0,0.0,0.0,0.0,1055.0,449.0,3291.0,0.0
2.0,15151.0,3699.0,1548.0,0.0,0.0,0.0,1119.0,429.0,3337.0,362.0
2.0,11452.0,3090.0,1588.0,0.0,0.0,0.0,1163.0,425.0,2250.0,840.0
2.0,8362.0,1369.0,1611.0,0.0,1062.0,1062.0,1164.0,447.0,53.0,1316.0
2.0,6993.0,1428.0,1638.0,0.0,2625.0,2625.0,1164.0,474.0,0.0,1428.0
2.0,5565.0,1062.0,1659.0,0.0,3792.0,3792.0,1164.0,495.0,0.0,1062.0
2.0,4503.0,220.0,1642.0,1062.0,2865.0,2865.0,1143.0,499.0,0.0,220.0
2.0,5345.0,0.0,1601.0,2625.0,35.0,35.0,1102.0,499.0,0.0,0.0
2.0,7970.0,0.0,1538.0,3792.0,0.0,0.0,1039.0,499.0,0.0,0.0
2.0,11762.0,1089.0,1489.0,2865.0,0.0,0.0,997.0,492.0,1089.0,0.0
2.0,13538.0,2202.0,1472.0,35.0,0.0,0.0,996.0,476.0,2202.0,0.0
2.0,11371.0,3332.0,1512.0,0.0,0.0,0.0,1060.0,452.0,3332.0,0.0
2.0,8039.0,3742.0,1557.0,0.0,3488.0,3488.0,1125.0,432.0,3367.0,375.0
2.0,4297.0,3141.0,1596.0,0.0,6824.0,6824.0,1168.0,428.0,2283.0,858.0
2.0,1156.0,1395.0,1620.0,0.0,8099.0,8099.0,1170.0,450.0,57.0,1338.0
2.0,1.0,1437.0,1647.0,3488.0,6423.0,6423.0,1170.0,477.0,0.0,1437.0
2.0,1812.0,1056.0,1668.0,6824.0,760.0,760.0,1170.0,498.0,0.0,1056.0
2.0,7580.0,420.0,1656.0,8099.0,0.0,0.0,1150.0,506.0,0.0,420.0
2.0,15259.0,0.0,1615.0,6423.0,0.0,0.0,1109.0,506.0,0.0,0.0
2.0,21682.0,0.0,1553.0,760.0,0.0,0.0,1047.0,506.0,0.0,0.0
2.0,22442.0,1067.0,1503.0,0.0,0.0,0.0,1004.0,499.0,1067.0,0.0
2.0,21375.0,2179.0,1486.0,0.0,0.0,0.0,1003.0,483.0,2179.0,0.0
2.0,19196.0,3287.0,1522.0,0.0,0.0,0.0,1064.0,458.0,3287.0,0.0
2.0,15909.0,3488.0,1562.0,0.0,0.0,0.0,1128.0,434.0,3327.0,161.0
2.0,12421.0,2907.0,1598.0,0.0,0.0,0.0,1172.0,426.0,2270.0,637.0
2.0,9514.0,1219.0,1616.0,0.0,0.0,0.0,1174.0,442.0,105.0,1114.0
2.0,8295.0,1434.0,1644.0,0.0,1359.0,1359.0,1174.0,470.0,0.0,1434.0
2.0,6861.0,1284.0,1669.0,0.0,2768.0,2768.0,1174.0,495.0,0.0,1284.0
2.0,5577.0,653.0,1660.0,0.0,3376.0,3376.0,1153.0,507.0,0.0,653.0
2.0,4924.0,0.0,1618.0,1359.0,1807.0,1807.0,1111.0,507.0,0.0,0.0
2.0,6283.0,32.0,1556.0,2768.0,0.0,0.0,1049.0,507.0,32.0,0.0
2.0,9019.0,1143.0,1508.0,3376.0,0.0,0.0,1007.0,501.0,1143.0,0.0
2.0,11252.0,2259.0,1492.0,1807.0,0.0,0.0,1007.0,485.0,2259.0,0.0
2.0,10800.0,3350.0,1530.0,0.0,200.0,200.0,1070.0,460.0,3350.0,0.0
2.0,7450.0,3513.0,1571.0,0.0,3918.0,3918.0,1135.0,436.0,3346.0,167.0
2.0,3937.0,2872.0,1606.0,0.0,6965.0,6965.0,1178.0,428.0,2220.0,652.0
2.0,1065.0,1130.0,1623.0,200.0,7980.0,7980.0,1178.0,445.0,0.0,1130.0
2.0,135.0,1443.0,1651.0,3918.0,5645.0,5645.0,1178.0,473.0,0.0,1443.0
2.0,2610.0,1270.0,1676.0,6965.0,75.0,75.0,1178.0,498.0,0.0,1270.0
2.0,8305.0,625.0,1667.0,7980.0,0.0,0.0,1157.0,510.0,0.0,625.0
2.0,15660.0,0.0,1626.0,5645.0,0.0,0.0,1116.0,510.0,0.0,0.0
2.0,21305.0,57.0,1565.0,75.0,0.0,0.0,1055.0,510.0,57.0,0.0
2.0,21323.0,1198.0,1518.0,0.0,0.0,0.0,1015.0,503.0,1198.0,0.0
2.0,20125.0,2331.0,1502.0,0.0,0.0,0.0,1016.0,486.0,2331.0,0.0
2.0,17794.0,3398.0,1539.0,0.0,0.0,0.0,1078.0,461.0,3398.0,0.0
2.0,14396.0,3510.0,1579.0,0.0,0.0,0.0,1142.0,437.0,3313.0,197.0
2.0,10886.0,2798.0,1613.0,0.0,0.0,0.0,1183.0,430.0,2114.0,684.0
2.0,8088.0,1173.0,1632.0,0.0,1245.0,1245.0,1183.0,449.0,0.0,1173.0
2.0,6915.0,1460.0,1660.0,0.0,2845.0,2845.0,1183.0,477.0,0.0,1460.0
2.0,5455.0,1263.0,1684.0,0.0,4228.0,4228.0,1183.0,501.0,0.0,1263.0
2.0,4192.0,571.0,1674.0,1245.0,3504.0,3504.0,1162.0,512.0,0.0,571.0
2.0,4866.0,0.0,1632.0,2845.0,449.0,449.0,1120.0,512.0,0.0,0.0
2.0,7711.0,83.0,1571.0,4228.0,0.0,0.0,1059.0,512.0,83.0,0.0
2.0,11856.0,1217.0,1523.0,3504.0,0.0,0.0,1018.0,505.0,1217.0,0.0
2.0,14143.0,2359.0,1509.0,449.0,0.0,0.0,1020.0,489.0,2359.0,0.0
2.0,12233.0,3424.0,1549.0,0.0,0.0,0.0,1085.0,464.0,3424.0,0.0
2.0,8809.0,3552.0,1589.0,0.0,2688.0,2688.0,1149.0,440.0,3343.0,209.0
2.0,5257.0,2799.0,1623.0,0.0,5657.0,5657.0,1190.0,433.0,2106.0,693.0
2.0,2458.0,1174.0,1642.0,0.0,6926.0,6926.0,1190.0,452.0,0.0,1174.0
2.0,1284.0,1443.0,1669.0,2688.0,5816.0,5816.0,1190.0,479.0,0.0,1443.0
2.0,2529.0,1233.0,1693.0,5657.0,1512.0,1512.0,1190.0,503.0,0.0,1233.0
2.0,6953.0,550.0,1683.0,6926.0,0.0,0.0,1169.0,514.0,0.0,550.0
2.0,13329.0,0.0,1640.0,5816.0,0.0,0.0,1126.0,514.0,0.0,0.0
2.0,19145.0,60.0,1577.0,1512.0,0.0,0.0,1063.0,514.0,60.0,0.0
2.0,20597.0,1185.0,1527.0,0.0,0.0,0.0,1021.0,506.0,1185.0,0.0
2.0,19412.0,2316.0,1512.0,0.0,0.0,0.0,1022.0,490.0,2316.0,0.0
2.0,17096.0,3384.0,1550.0,0.0,0.0,0.0,1086.0,464.0,3384.0,0.0
2.0,13712.0,3598.0,1591.0,0.0,0.0,0.0,1150.0,441.0,3341.0,257.0
2.0,10114.0,2923.0,1628.0,0.0,949.0,949.0,1192.0,436.0,2174.0,749.0
2.0,7191.0,1240.0,1643.0,0.0,2264.0,2264.0,1192.0,451.0,0.0,1240.0
2.0,5951.0,1469.0,1672.0,0.0,3878.0,3878.0,1192.0,480.0,0.0,1469.0
2.0,4482.0,1204.0,1695.0,949.0,4248.0,4248.0,1192.0,503.0,0.0,1204.0
2.0,4227.0,456.0,1683.0,2264.0,2380.0,2380.0,1172.0,511.0,0.0,456.0
2.0,6035.0,0.0,1641.0,3878.0,0.0,0.0,1130.0,511.0,0.0,0.0
2.0,9913.0,119.0,1580.0,4248.0,0.0,0.0,1069.0,511.0,119.0,0.0
2.0,14042.0,1278.0,1537.0,2380.0,0.0,0.0,1029.0,508.0,1278.0,0.0
2.0,15144.0,2426.0,1528.0,0.0,0.0,0.0,1032.0,496.0,2426.0,0.0
2.0,12718.0,3452.0,1572.0,0.0,0.0,0.0,1097.0,475.0,3452.0,0.0
2.0,9266.0,3585.0,1612.0,0.0,2379.0,2379.0,1160.0,452.0,3313.0,272.0
2.0,5681.0,2782.0,1641.0,0.0,5306.0,5306.0,1199.0,442.0,2027.0,755.0
2.0,2899.0,1245.0,1653.0,0.0,6611.0,6611.0,1199.0,454.0,0.0,1245.0
2.0,1654.0,1463.0,1681.0,2379.0,5835.0,5835.0,1199.0,482.0,0.0,1463.0
2.0,2570.0,1209.0,1704.0,5306.0,1853.0,1853.0,1199.0,505.0,0.0,1209.0
2.0,6667.0,461.0,1691.0,6611.0,0.0,0.0,1177.0,514.0,0.0,461.0
2.0,12817.0,0.0,1647.0,5835.0,0.0,0.0,1133.0,514.0,0.0,0.0
2.0,18652.0,141.0,1586.0,1853.0,0.0,0.0,1072.0,514.0,141.0,0.0
2.0,20364.0,1286.0,1543.0,0.0,0.0,0.0,1032.0,511.0,1286.0,0.0
2.0,19078.0,2430.0,1534.0,0.0,0.0,0.0,1036.0,498.0,2430.0,0.0
2.0,16648.0,3447.0,1578.0,0.0,0.0,0.0,1102.0,476.0,3447.0,0.0
2.0,13201.0,3605.0,1620.0,0.0,0.0,0.0,1166.0,454.0,3317.0,288.0
2.0,9596.0,2833.0,1650.0,0.0,1487.0,1487.0,1205.0,445.0,2045.0,788.0
2.0,6763.0,1281.0,1662.0,0.0,2828.0,2828.0,1205.0,457.0,0.0,1281.0
2.0,5482.0,1483.0,1691.0,0.0,4456.0,4456.0,1205.0,486.0,0.0,1483.0
2.0,3999.0,1187.0,1713.0,1487.0,4266.0,4266.0,1204.0,509.0,0.0,1187.0
2.0,4299.0,398.0,1697.0,2828.0,1756.0,1756.0,1181.0,516.0,0.0,398.0
2.0,6729.0,0.0,1652.0,4456.0,0.0,0.0,1136.0,516.0,0.0,0.0
2.0,11185.0,163.0,1590.0,4266.0,0.0,0.0,1074.0,516.0,163.0,0.0
2.0,15288.0,1325.0,1549.0,1756.0,0.0,0.0,1036.0,513.0,1325.0,0.0
2.0,15719.0,2490.0,1543.0,0.0,0.0,0.0,1043.0,500.0,2490.0,0.0
2.0,13229.0,3487.0,1587.0,0.0,0.0,0.0,1110.0,477.0,3487.0,0.0
2.0,9742.0,3607.0,1629.0,0.0,2010.0,2010.0,1174.0,455.0,3309.0,298.0
2.0,6135.0,2750.0,1657.0,0.0,4900.0,4900.0,1212.0,445.0,1962.0,788.0
2.0,3385.0,1289.0,1671.0,0.0,6259.0,6259.0,1212.0,459.0,0.0,1289.0
2.0,2096.0,1491.0,1700.0,2010.0,5885.0,5885.0,1212.0,488.0,0.0,1491.0
2.0,2615.0,1203.0,1721.0,4900.0,2293.0,2293.0,1210.0,511.0,0.0,1203.0
2.0,6312.0,415.0,1706.0,6259.0,0.0,0.0,1187.0,519.0,0.0,415.0
2.0,12156.0,0.0,1660.0,5885.0,0.0,0.0,1141.0,519.0,0.0,0.0
2.0,18041.0,167.0,1598.0,2293.0,0.0,0.0,1079.0,519.0,167.0,0.0
2.0,20167.0,1311.0,1555.0,0.0,0.0,0.0,1040.0,515.0,1311.0,0.0
2.0,18856.0,2469.0,1549.0,0.0,0.0,0.0,1047.0,502.0,2469.0,0.0
2.0,16387.0,3470.0,1592.0,0.0,0.0,0.0,1113.0,479.0,3470.0,0.0
2.0,12917.0,3618.0,1635.0,0.0,0.0,0.0,1178.0,457.0,3336.0,282.0
2.0,9299.0,2810.0,1665.0,0.0,1836.0,1836.0,1217.0,448.0,2030.0,780.0
2.0,6489.0,1276.0,1679.0,0.0,3182.0,3182.0,1217.0,462.0,0.0,1276.0
2.0,5213.0,1490.0,1708.0,0.0,4817.0,4817.0,1217.0,491.0,0.0,1490.0
2.0,3723.0,1210.0,1729.0,1836.0,4296.0,4296.0,1215.0,514.0,0.0,1210.0
2.0,4349.0,438.0,1715.0,3182.0,1482.0,1482.0,1193.0,522.0,0.0,438.0
2.0,7093.0,0.0,1670.0,4817.0,0.0,0.0,1148.0,522.0,0.0,0.0
2.0,11910.0,174.0,1608.0,4296.0,0.0,0.0,1086.0,522.0,174.0,0.0
2.0,16032.0,1345.0,1565.0,1482.0,0.0,0.0,1048.0,517.0,1345.0,0.0
2.0,16169.0,2502.0,1557.0,0.0,0.0,0.0,1054.0,503.0,2502.0,0.0
2.0,13667.0,3477.0,1600.0,0.0,0.0,0.0,1121.0,479.0,3477.0,0.0
2.0,10190.0,3588.0,1641.0,0.0,1603.0,1603.0,1184.0,457.0,3296.0,292.0
2.0,6602.0,2749.0,1671.0,0.0,4502.0,4502.0,1222.0,449.0,1961.0,788.0
2.0,3853.0,1291.0,1687.0,0.0,5873.0,5873.0,1222.0,465.0,0.0,1291.0
2.0,2562.0,1509.0,1716.0,1603.0,5924.0,5924.0,1222.0,494.0,0.0,1509.0
2.0,2656.0,1223.0,1737.0,4502.0,2750.0,2750.0,1220.0,517.0,0.0,1223.0
2.0,5935.0,434.0,1721.0,5873.0,0.0,0.0,1195.0,526.0,0.0,434.0
2.0,11374.0,0.0,1675.0,5924.0,0.0,0.0,1149.0,526.0,0.0,0.0
2.0,17298.0,245.0,1613.0,2750.0,0.0,0.0,1087.0,526.0,245.0,0.0
2.0,19803.0,1417.0,1571.0,0.0,0.0,0.0,1051.0,520.0,1417.0,0.0
2.0,18386.0,2593.0,1567.0,0.0,0.0,0.0,1061.0,506.0,2593.0,0.0
2.0,15793.0,3537.0,1611.0,0.0,0.0,0.0,1129.0,482.0,3537.0,0.0
2.0,12256.0,3567.0,1652.0,0.0,0.0,0.0,1193.0,459.0,3287.0,280.0
2.0,8689.0,2640.0,1679.0,0.0,2346.0,2346.0,1228.0,451.0,1863.0,777.0
2.0,6049.0,1280.0,1695.0,0.0,3706.0,3706.0,1228.0,467.0,0.0,1280.0
2.0,4769.0,1500.0,1723.0,0.0,5346.0,5346.0,1228.0,495.0,0.0,1500.0
2.0,3269.0,1229.0,1745.0,2346.0,4339.0,4339.0,1226.0,519.0,0.0,1229.0
2.0,4386.0,454.0,1729.0,3706.0,1007.0,1007.0,1201.0,528.0,0.0,454.0
2.0,7638.0,0.0,1682.0,5346.0,0.0,0.0,1154.0,528.0,0.0,0.0
2.0,12984.0,213.0,1620.0,4339.0,0.0,0.0,1092.0,528.0,213.0,0.0
2.0,17110.0,1373.0,1577.0,1007.0,0.0,0.0,1055.0,522.0,1373.0,0.0
2.0,16744.0,2547.0,1571.0,0.0,0.0,0.0,1064.0,507.0,2547.0,0.0
2.0,14197.0,3501.0,1614.0,0.0,0.0,0.0,1132.0,482.0,3501.0,0.0
2.0,10696.0,3596.0,1654.0,0.0,1170.0,1170.0,1195.0,459.0,3309.0,287.0
2.0,7100.0,2741.0,1685.0,0.0,4066.0,4066.0,1233.0,452.0,1949.0,792.0
2.0,4359.0,1308.0,1702.0,0.0,5459.0,5459.0,1233.0,469.0,0.0,1308.0
2.0,3051.0,1528.0,1732.0,1170.0,5967.0,5967.0,1233.0,499.0,0.0,1528.0
2.0,2693.0,1240.0,1753.0,4066.0,3246.0,3246.0,1230.0,523.0,0.0,1240.0
2.0,5519.0,429.0,1735.0,5459.0,0.0,0.0,1204.0,531.0,0.0,429.0
2.0,10549.0,0.0,1687.0,5967.0,0.0,0.0,1156.0,531.0,0.0,0.0
2.0,16516.0,274.0,1626.0,3246.0,0.0,0.0,1095.0,531.0,274.0,0.0
2.0,19488.0,1465.0,1584.0,0.0,0.0,0.0,1059.0,525.0,1465.0,0.0
2.0,18023.0,2653.0,1582.0,0.0,0.0,0.0,1072.0,510.0,2653.0,0.0
2.0,15370.0,3567.0,1626.0,0.0,0.0,0.0,1141.0,485.0,3567.0,0.0
2.0,11803.0,3555.0,1666.0,0.0,82.0,82.0,1204.0,462.0,3278.0,277.0
2.0,8248.0,2581.0,1693.0,0.0,2798.0,2798.0,1239.0,454.0,1801.0,780.0
2.0,5667.0,1280.0,1709.0,0.0,4158.0,4158.0,1239.0,470.0,0.0,1280.0
2.0,4387.0,1510.0,1738.0,82.0,5731.0,5731.0,1239.0,499.0,0.0,1510.0
2.0,2959.0,1239.0,1758.0,2798.0,4272.0,4272.0,1235.0,523.0,0.0,1239.0
2.0,4518.0,477.0,1742.0,4158.0,511.0,511.0,1210.0,532.0,0.0,477.0
2.0,8199.0,0.0,1695.0,5731.0,0.0,0.0,1163.0,532.0,0.0,0.0
2.0,13930.0,276.0,1633.0,4272.0,0.0,0.0,1101.0,532.0,276.0,0.0
2.0,17926.0,1456.0,1592.0,511.0,0.0,0.0,1065.0,527.0,1456.0,0.0
2.0,16981.0,2639.0,1589.0,0.0,0.0,0.0,1077.0,512.0,2639.0,0.0
2.0,14342.0,3531.0,1632.0,0.0,0.0,0.0,1145.0,487.0,3531.0,0.0
2.0,10811.0,3565.0,1672.0,0.0,1114.0,1114.0,1208.0,464.0,3275.0,290.0
2.0,7246.0,2633.0,1699.0,0.0,3882.0,3882.0,1243.0,456.0,1834.0,799.0
2.0,4613.0,1313.0,1716.0,0.0,5280.0,5280.0,1243.0,473.0,0.0,1313.0
2.0,3300.0,1535.0,1746.0,1114.0,5851.0,5851.0,1243.0,503.0,0.0,1535.0
2.0,2879.0,1243.0,1767.0,3882.0,3317.0,3317.0,1240.0,527.0,0.0,1243.0
2.0,5518.0,439.0,1749.0,5280.0,0.0,0.0,1214.0,535.0,0.0,439.0
2.0,10359.0,0.0,1701.0,5851.0,0.0,0.0,1166.0,535.0,0.0,0.0
2.0,16210.0,321.0,1640.0,3317.0,0.0,0.0,1105.0,535.0,321.0,0.0
2.0,19206.0,1517.0,1600.0,0.0,0.0,0.0,1071.0,529.0,1517.0,0.0
2.0,17689.0,2715.0,1599.0,0.0,0.0,0.0,1085.0,514.0,2715.0,0.0
2.0,14974.0,3578.0,1643.0,0.0,0.0,0.0,1154.0,489.0,3578.0,0.0
2.0,11396.0,3531.0,1683.0,0.0,550.0,550.0,1217.0,466.0,3247.0,284.0
2.0,7865.0,2499.0,1707.0,0.0,3169.0,3169.0,1249.0,458.0,1708.0,791.0
2.0,5366.0,1303.0,1723.0,0.0,4552.0,4552.0,1249.0,474.0,0.0,1303.0
2.0,4063.0,1538.0,1753.0,550.0,5690.0,5690.0,1249.0,504.0,0.0,1538.0
2.0,3075.0,1266.0,1773.0,3169.0,3887.0,3887.0,1245.0,528.0,0.0,1266.0
2.0,4978.0,477.0,1754.0,4552.0,0.0,0.0,1217.0,537.0,0.0,477.0
2.0,9053.0,0.0,1705.0,5690.0,0.0,0.0,1168.0,537.0,0.0,0.0
2.0,14743.0,340.0,1643.0,3887.0,0.0,0.0,1106.0,537.0,340.0,0.0
2.0,18290.0,1521.0,1604.0,0.0,0.0,0.0,1072.0,532.0,1521.0,0.0
2.0,16769.0,2708.0,1605.0,0.0,0.0,0.0,1088.0,517.0,2708.0,0.0
2.0,14061.0,3584.0,1649.0,0.0,0.0,0.0,1157.0,492.0,3584.0,0.0
2.0,10477.0,3524.0,1689.0,0.0,1492.0,1492.0,1220.0,469.0,3268.0,256.0
2.0,6953.0,2542.0,1714.0,0.0,4159.0,4159.0,1254.0,460.0,1770.0,772.0
2.0,4411.0,1284.0,1730.0,0.0,5523.0,5523.0,1254.0,476.0,0.0,1284.0
2.0,3127.0,1546.0,1759.0,1492.0,5722.0,5722.0,1254.0,505.0,0.0,1546.0
2.0,3073.0,1285.0,1780.0,4159.0,2953.0,2953.0,1250.0,530.0,0.0,1285.0
2.0,5947.0,514.0,1764.0,5523.0,0.0,0.0,1224.0,540.0,0.0,514.0
2.0,10956.0,0.0,1715.0,5722.0,0.0,0.0,1175.0,540.0,0.0,0.0
2.0,16678.0,334.0,1654.0,2953.0,0.0,0.0,1114.0,540.0,334.0,0.0
2.0,19297.0,1536.0,1615.0,0.0,0.0,0.0,1080.0,535.0,1536.0,0.0
2.0,17761.0,2732.0,1614.0,0.0,0.0,0.0,1095.0,519.0,2732.0,0.0
2.0,15029.0,3592.0,1658.0,0.0,0.0,0.0,1164.0,494.0,3592.0,0.0
2.0,11437.0,3514.0,1697.0,0.0,562.0,562.0,1227.0,470.0,3260.0,254.0
2.0,7923.0,2499.0,1721.0,0.0,3181.0,3181.0,1260.0,461.0,1729.0,770.0
2.0,5424.0,1293.0,1737.0,0.0,4554.0,4554.0,1260.0,477.0,0.0,1293.0
2.0,4131.0,1559.0,1767.0,562.0,5701.0,5701.0,1260.0,507.0,0.0,1559.0
2.0,3134.0,1304.0,1787.0,3181.0,3924.0,3924.0,1255.0,532.0,0.0,1304.0
2.0,5011.0,523.0,1768.0,4554.0,0.0,0.0,1226.0,542.0,0.0,523.0
2.0,9042.0,0.0,1717.0,5701.0,0.0,0.0,1175.0,542.0,0.0,0.0
2.0,14743.0,389.0,1656.0,3924.0,0.0,0.0,1114.0,542.0,389.0,0.0
2.0,18278.0,1602.0,1619.0,0.0,0.0,0.0,1082.0,537.0,1602.0,0.0
2.0,16676.0,2827.0,1624.0,0.0,0.0,0.0,1102.0,522.0,2827.0,0.0
2.0,13849.0,3651.0,1669.0,0.0,0.0,0.0,1172.0,497.0,3651.0,0.0
2.0,10198.0,3504.0,1708.0,0.0,1846.0,1846.0,1235.0,473.0,3261.0,243.0
2.0,6694.0,2394.0,1730.0,0.0,4350.0,4350.0,1266.0,464.0,1635.0,759.0
2.0,4300.0,1276.0,1745.0,0.0,5701.0,5701.0,1266.0,479.0,0.0,1276.0
2.0,3024.0,1550.0,1775.0,1846.0,5555.0,5555.0,1266.0,509.0,0.0,1550.0
2.0,3320.0,1306.0,1795.0,4350.0,2611.0,2611.0,1261.0,534.0,0.0,1306.0
2.0,6364.0,551.0,1778.0,5701.0,0.0,0.0,1233.0,545.0,0.0,551.0
2.0,11514.0,0.0,1727.0,5555.0,0.0,0.0,1182.0,545.0,0.0,0.0
2.0,17069.0,362.0,1666.0,2611.0,0.0,0.0,1121.0,545.0,362.0,0.0
2.0,19318.0,1574.0,1627.0,0.0,0.0,0.0,1088.0,539.0,1574.0,0.0
2.0,17744.0,2777.0,1630.0,0.0,0.0,0.0,1106.0,524.0,2777.0,0.0
2.0,14967.0,3624.0,1674.0,0.0,0.0,0.0,1176.0,498.0,3624.0,0.0
2.0,11343.0,3510.0,1713.0,0.0,732.0,732.0,1239.0,474.0,3264.0,246.0
2.0,7833.0,2473.0,1737.0,0.0,3325.0,3325.0,1272.0,465.0,1701.0,772.0
2.0,5360.0,1293.0,1753.0,0.0,4698.0,4698.0,1272.0,481.0,0.0,1293.0
2.0,4067.0,1568.0,1783.0,732.0,5684.0,5684.0,1272.0,511.0,0.0,1568.0
2.0,3231.0,1311.0,1802.0,3325.0,3765.0,3765.0,1266.0,536.0,0.0,1311.0
2.0,5245.0,530.0,1783.0,4698.0,0.0,0.0,1236.0,547.0,0.0,530.0
2.0,9413.0,0.0,1731.0,5684.0,0.0,0.0,1184.0,547.0,0.0,0.0
2.0,15097.0,413.0,1670.0,3765.0,0.0,0.0,1123.0,547.0,413.0,0.0
2.0,18449.0,1635.0,1633.0,0.0,0.0,0.0,1092.0,541.0,1635.0,0.0
2.0,16814.0,2865.0,1640.0,0.0,0.0,0.0,1114.0,526.0,2865.0,0.0
2.0,13949.0,3671.0,1686.0,0.0,0.0,0.0,1185.0,501.0,3671.0,0.0
2.0,10278.0,3514.0,1724.0,0.0,1856.0,1856.0,1248.0,476.0,3259.0,255.0
2.0,6764.0,2382.0,1746.0,0.0,4348.0,4348.0,1279.0,467.0,1608.0,774.0
2.0,4382.0,1291.0,1761.0,0.0,5714.0,5714.0,1279.0,482.0,0.0,1291.0
2.0,3091.0,1555.0,1791.0,1856.0,5563.0,5563.0,1279.0,512.0,0.0,1555.0
2.0,3392.0,1302.0,1809.0,4348.0,2607.0,2607.0,1272.0,537.0,0.0,1302.0
2.0,6438.0,537.0,1791.0,5714.0,0.0,0.0,1243.0,548.0,0.0,537.0
2.0,11615.0,0.0,1739.0,5563.0,0.0,0.0,1191.0,548.0,0.0,0.0
2.0,17178.0,410.0,1678.0,2607.0,0.0,0.0,1130.0,548.0,410.0,0.0
2.0,19375.0,1618.0,1641.0,0.0,0.0,0.0,1098.0,543.0,1618.0,0.0
2.0,17757.0,2824.0,1646.0,0.0,0.0,0.0,1118.0,528.0,2824.0,0.0
2.0,14933.0,3635.0,1691.0,0.0,0.0,0.0,1188.0,503.0,3635.0,0.0
2.0,11298.0,3525.0,1730.0,0.0,877.0,877.0,1251.0,479.0,3248.0,277.0
2.0,7773.0,2471.0,1753.0,0.0,3463.0,3463.0,1283.0,470.0,1659.0,812.0
2.0,5302.0,1335.0,1769.0,0.0,4878.0,4878.0,1283.0,486.0,0.0,1335.0
2.0,3967.0,1580.0,1799.0,877.0,5731.0,5731.0,1283.0,516.0,0.0,1580.0
2.0,3264.0,1285.0,1817.0,3463.0,3643.0,3643.0,1276.0,541.0,0.0,1285.0
2.0,5442.0,470.0,1797.0,4878.0,0.0,0.0,1247.0,550.0,0.0,470.0
2.0,9850.0,0.0,1744.0,5731.0,0.0,0.0,1194.0,550.0,0.0,0.0
2.0,15581.0,468.0,1684.0,3643.0,0.0,0.0,1134.0,550.0,468.0,0.0
2.0,18756.0,1706.0,1649.0,0.0,0.0,0.0,1104.0,545.0,1706.0,0.0
2.0,17050.0,2939.0,1657.0,0.0,0.0,0.0,1127.0,530.0,2939.0,0.0
2.0,14111.0,3686.0,1703.0,0.0,0.0,0.0,1198.0,505.0,3686.0,0.0
2.0,10425.0,3489.0,1741.0,0.0,1769.0,1769.0,1260.0,481.0,3187.0,302.0
2.0,6936.0,2298.0,1760.0,0.0,4162.0,4162.0,1288.0,472.0,1471.0,827.0
2.0,4638.0,1353.0,1776.0,0.0,5595.0,5595.0,1288.0,488.0,0.0,1353.0
2.0,3285.0,1583.0,1806.0,1769.0,5559.0,5559.0,1288.0,518.0,0.0,1583.0
2.0,3471.0,1289.0,1823.0,4162.0,2771.0,2771.0,1280.0,543.0,0.0,1289.0
2.0,6344.0,461.0,1802.0,5595.0,0.0,0.0,1250.0,552.0,0.0,461.0
2.0,11478.0,0.0,1747.0,5559.0,0.0,0.0,1195.0,552.0,0.0,0.0
2.0,17037.0,508.0,1687.0,2771.0,0.0,0.0,1135.0,552.0,508.0,0.0
2.0,19300.0,1733.0,1652.0,0.0,0.0,0.0,1105.0,547.0,1733.0,0.0
2.0,17567.0,2978.0,1664.0,0.0,0.0,0.0,1131.0,533.0,2978.0,0.0
2.0,14589.0,3719.0,1711.0,0.0,0.0,0.0,1203.0,508.0,3719.0,0.0
2.0,10870.0,3528.0,1749.0,0.0,1403.0,1403.0,1265.0,484.0,3228.0,300.0
2.0,7342.0,2319.0,1768.0,0.0,3817.0,3817.0,1293.0,475.0,1487.0,832.0
2.0,5023.0,1364.0,1783.0,0.0,5256.0,5256.0,1293.0,490.0,0.0,1364.0
2.0,3659.0,1585.0,1814.0,1403.0,5593.0,5593.0,1293.0,521.0,0.0,1585.0
2.0,3477.0,1273.0,1831.0,3817.0,3134.0,3134.0,1286.0,545.0,0.0,1273.0
2.0,6021.0,435.0,1810.0,5256.0,0.0,0.0,1256.0,554.0,0.0,435.0
2.0,10842.0,0.0,1757.0,5593.0,0.0,0.0,1203.0,554.0,0.0,0.0
2.0,16435.0,460.0,1696.0,3134.0,0.0,0.0,1142.0,554.0,460.0,0.0
2.0,19109.0,1691.0,1661.0,0.0,0.0,0.0,1112.0,549.0,1691.0,0.0
2.0,17418.0,2923.0,1669.0,0.0,0.0,0.0,1135.0,534.0,2923.0,0.0
2.0,14495.0,3688.0,1715.0,0.0,0.0,0.0,1206.0,509.0,3688.0,0.0
2.0,10807.0,3550.0,1753.0,0.0,1508.0,1508.0,1268.0,485.0,3233.0,317.0
2.0,7257.0,2396.0,1774.0,0.0,4009.0,4009.0,1298.0,476.0,1549.0,847.0
2.0,4861.0,1383.0,1791.0,0.0,5477.0,5477.0,1298.0,493.0,0.0,1383.0
2.0,3478.0,1599.0,1822.0,1508.0,5723.0,5723.0,1298.0,524.0,0.0,1599.0
2.0,3387.0,1282.0,1838.0,4009.0,3076.0,3076.0,1290.0,548.0,0.0,1282.0
2.0,6114.0,427.0,1815.0,5477.0,0.0,0.0,1259.0,556.0,0.0,427.0
2.0,11164.0,0.0,1760.0,5723.0,0.0,0.0,1204.0,556.0,0.0,0.0
2.0,16887.0,517.0,1699.0,3076.0,0.0,0.0,1143.0,556.0,517.0,0.0
2.0,19446.0,1764.0,1665.0,0.0,0.0,0.0,1114.0,551.0,1764.0,0.0
2.0,17682.0,3002.0,1678.0,0.0,0.0,0.0,1141.0,537.0,3002.0,0.0
2.0,14680.0,3742.0,1725.0,0.0,0.0,0.0,1213.0,512.0,3742.0,0.0
2.0,10938.0,3557.0,1763.0,0.0,1434.0,1434.0,1275.0,488.0,3234.0,323.0
2.0,7381.0,2329.0,1783.0,0.0,3863.0,3863.0,1303.0,480.0,1473.0,856.0
2.0,5052.0,1383.0,1799.0,0.0,5326.0,5326.0,1303.0,496.0,0.0,1383.0
2.0,3669.0,1587.0,1829.0,1434.0,5629.0,5629.0,1303.0,526.0,0.0,1587.0
2.0,3516.0,1262.0,1847.0,3863.0,3118.0,3118.0,1296.0,551.0,0.0,1262.0
2.0,6117.0,419.0,1823.0,5326.0,0.0,0.0,1264.0,559.0,0.0,419.0
2.0,11024.0,0.0,1769.0,5629.0,0.0,0.0,1210.0,559.0,0.0,0.0
2.0,16653.0,497.0,1709.0,3118.0,0.0,0.0,1150.0,559.0,497.0,0.0
2.0,19274.0,1739.0,1674.0,0.0,0.0,0.0,1121.0,553.0,1739.0,0.0
2.0,17535.0,2977.0,1684.0,0.0,0.0,0.0,1146.0,538.0,2977.0,0.0
2.0,14558.0,3712.0,1730.0,0.0,0.0,0.0,1218.0,512.0,3712.0,0.0
2.0,10846.0,3565.0,1767.0,0.0,1554.0,1554.0,1279.0,488.0,3210.0,355.0
2.0,7281.0,2374.0,1789.0,0.0,4038.0,4038.0,1308.0,481.0,1482.0,892.0
2.0,4907.0,1433.0,1807.0,0.0,5561.0,5561.0,1308.0,499.0,0.0,1433.0
2.0,3474.0,1619.0,1839.0,1554.0,5786.0,5786.0,1308.0,531.0,0.0,1619.0
2.0,3409.0,1259.0,1854.0,4038.0,3082.0,3082.0,1299.0,555.0,0.0,1259.0
2.0,6188.0,358.0,1828.0,5561.0,0.0,0.0,1266.0,562.0,0.0,358.0
2.0,11391.0,0.0,1771.0,5786.0,0.0,0.0,1209.0,562.0,0.0,0.0
2.0,17177.0,590.0,1712.0,3082.0,0.0,0.0,1150.0,562.0,590.0,0.0
2.0,19669.0,1856.0,1680.0,0.0,0.0,0.0,1124.0,556.0,1856.0,0.0
2.0,17813.0,3132.0,1696.0,0.0,0.0,0.0,1156.0,540.0,3132.0,0.0
2.0,14681.0,3805.0,1743.0,0.0,0.0,0.0,1229.0,514.0,3805.0,0.0
2.0,10876.0,3540.0,1781.0,0.0,1569.0,1569.0,1291.0,490.0,3189.0,351.0
2.0,7336.0,2185.0,1798.0,0.0,3839.0,3839.0,1316.0,482.0,1302.0,883.0
2.0,5151.0,1415.0,1817.0,0.0,5349.0,5349.0,1316.0,501.0,0.0,1415.0
2.0,3736.0,1606.0,1848.0,1569.0,5541.0,5541.0,1316.0,532.0,0.0,1606.0
2.0,3699.0,1263.0,1862.0,3839.0,3035.0,3035.0,1306.0,556.0,0.0,1263.0
2.0,6275.0,389.0,1836.0,5349.0,0.0,0.0,1273.0,563.0,0.0,389.0
2.0,11235.0,0.0,1778.0,5541.0,0.0,0.0,1215.0,563.0,0.0,0.0
2.0,16776.0,544.0,1717.0,3035.0,0.0,0.0,1154.0,563.0,544.0,0.0
2.0,19267.0,1779.0,1684.0,0.0,0.0,0.0,1126.0,558.0,1779.0,0.0
2.0,17488.0,3025.0,1698.0,0.0,0.0,0.0,1156.0,542.0,3025.0,0.0
2.0,14463.0,3749.0,1743.0,0.0,0.0,0.0,1228.0,515.0,3749.0,0.0
2.0,10714.0,3608.0,1782.0,0.0,1804.0,1804.0,1290.0,492.0,3242.0,366.0
2.0,7106.0,2403.0,1804.0,0.0,4317.0,4317.0,1319.0,485.0,1492.0,911.0
2.0,4703.0,1450.0,1824.0,0.0,5867.0,5867.0,1319.0,505.0,0.0,1450.0
2.0,3253.0,1618.0,1855.0,1804.0,5836.0,5836.0,1319.0,536.0,0.0,1618.0
2.0,3439.0,1239.0,1869.0,4317.0,2828.0,2828.0,1310.0,559.0,0.0,1239.0
2.0,6517.0,326.0,1844.0,5867.0,0.0,0.0,1278.0,566.0,0.0,326.0
2.0,12058.0,0.0,1788.0,5836.0,0.0,0.0,1222.0,566.0,0.0,0.0
2.0,17894.0,569.0,1728.0,2828.0,0.0,0.0,1162.0,566.0,569.0,0.0
2.0,20153.0,1839.0,1695.0,0.0,0.0,0.0,1135.0,560.0,1839.0,0.0
2.0,18314.0,3097.0,1708.0,0.0,0.0,0.0,1165.0,543.0,3097.0,0.0
2.0,15217.0,3794.0,1755.0,0.0,0.0,0.0,1238.0,517.0,3794.0,0.0
2.0,11423.0,3608.0,1793.0,0.0,1150.0,1150.0,1299.0,494.0,3206.0,402.0
2.0,7815.0,2302.0,1812.0,0.0,3547.0,3547.0,1325.0,487.0,1362.0,940.0
2.0,5513.0,1481.0,1832.0,0.0,5128.0,5128.0,1325.0,507.0,0.0,1481.0
2.0,4032.0,1624.0,1864.0,1150.0,5762.0,5762.0,1325.0,539.0,0.0,1624.0
2.0,3558.0,1237.0,1877.0,3547.0,3517.0,3517.0,1315.0,562.0,0.0,1237.0
2.0,5868.0,299.0,1850.0,5128.0,0.0,0.0,1282.0,568.0,0.0,299.0
2.0,10697.0,0.0,1792.0,5762.0,0.0,0.0,1224.0,568.0,0.0,0.0
2.0,16459.0,601.0,1731.0,3517.0,0.0,0.0,1163.0,568.0,601.0,0.0
2.0,19375.0,1868.0,1699.0,0.0,0.0,0.0,1137.0,562.0,1868.0,0.0
2.0,17507.0,3147.0,1715.0,0.0,0.0,0.0,1169.0,546.0,3147.0,0.0
2.0,14360.0,3818.0,1762.0,0.0,0.0,0.0,1243.0,519.0,3818.0,0.0
2.0,10542.0,3625.0,1801.0,0.0,2088.0,2088.0,1305.0,496.0,3226.0,399.0
2.0,6917.0,2294.0,1821.0,0.0,4482.0,4482.0,1331.0,490.0,1353.0,941.0
2.0,4623.0,1482.0,1841.0,0.0,6064.0,6064.0,1331.0,510.0,0.0,1482.0
2.0,3141.0,1622.0,1873.0,2088.0,5758.0,5758.0,1331.0,542.0,0.0,1622.0
2.0,3607.0,1227.0,1886.0,4482.0,2568.0,2568.0,1321.0,565.0,0.0,1227.0
2.0,6862.0,289.0,1859.0,6064.0,0.0,0.0,1288.0,571.0,0.0,289.0
2.0,12637.0,0.0,1802.0,5758.0,0.0,0.0,1231.0,571.0,0.0,0.0
2.0,18395.0,571.0,1741.0,2568.0,0.0,0.0,1170.0,571.0,571.0,0.0
2.0,20392.0,1842.0,1708.0,0.0,0.0,0.0,1144.0,564.0,1842.0,0.0
2.0,18550.0,3126.0,1722.0,0.0,0.0,0.0,1175.0,547.0,3126.0,0.0
2.0,15424.0,3824.0,1768.0,0.0,0.0,0.0,1249.0,519.0,3824.0,0.0
2.0,11600.0,3675.0,1807.0,0.0,1110.0,1110.0,1311.0,496.0,3249.0,426.0
2.0,7925.0,2357.0,1829.0,0.0,3577.0,3577.0,1338.0,491.0,1390.0,967.0
2.0,5568.0,1516.0,1851.0,0.0,5203.0,5203.0,1338.0,513.0,0.0,1516.0
2.0,4052.0,1643.0,1882.0,1110.0,5891.0,5891.0,1338.0,544.0,0.0,1643.0
2.0,3519.0,1226.0,1895.0,3577.0,3605.0,3605.0,1327.0,568.0,0.0,1226.0
2.0,5870.0,252.0,1864.0,5203.0,0.0,0.0,1291.0,573.0,0.0,252.0
2.0,10821.0,0.0,1804.0,5891.0,0.0,0.0,1231.0,573.0,0.0,0.0
2.0,16712.0,584.0,1742.0,3605.0,0.0,0.0,1169.0,573.0,584.0,0.0
2.0,19733.0,1850.0,1709.0,0.0,0.0,0.0,1143.0,566.0,1850.0,0.0
2.0,17883.0,3138.0,1728.0,0.0,0.0,0.0,1179.0,549.0,3138.0,0.0
2.0,14745.0,3844.0,1774.0,0.0,0.0,0.0,1252.0,522.0,3844.0,0.0
2.0,10901.0,3700.0,1815.0,0.0,1874.0,1874.0,1316.0,499.0,3280.0,420.0
2.0,7201.0,2385.0,1836.0,0.0,4364.0,4364.0,1343.0,493.0,1418.0,967.0
2.0,4816.0,1515.0,1858.0,0.0,5989.0,5989.0,1343.0,515.0,0.0,1515.0
2.0,3301.0,1641.0,1890.0,1874.0,5916.0,5916.0,1343.0,547.0,0.0,1641.0
2.0,3534.0,1225.0,1902.0,4364.0,2837.0,2837.0,1332.0,570.0,0.0,1225.0
2.0,6673.0,262.0,1873.0,5989.0,0.0,0.0,1298.0,575.0,0.0,262.0
2.0,12400.0,0.0,1815.0,5916.0,0.0,0.0,1240.0,575.0,0.0,0.0
2.0,18316.0,569.0,1754.0,2837.0,0.0,0.0,1179.0,575.0,569.0,0.0
2.0,20584.0,1846.0,1720.0,0.0,0.0,0.0,1152.0,568.0,1846.0,0.0
2.0,18738.0,3117.0,1734.0,0.0,0.0,0.0,1183.0,551.0,3117.0,0.0
2.0,15621.0,3823.0,1780.0,0.0,0.0,0.0,1257.0,523.0,3823.0,0.0
2.0,11798.0,3691.0,1820.0,0.0,993.0,993.0,1320.0,500.0,3268.0,423.0
2.0,8107.0,2431.0,1842.0,0.0,3534.0,3534.0,1347.0,495.0,1449.0,982.0
2.0,5676.0,1536.0,1865.0,0.0,5185.0,5185.0,1347.0,518.0,0.0,1536.0
2.0,4140.0,1669.0,1897.0,993.0,6021.0,6021.0,1347.0,550.0,0.0,1669.0
2.0,3464.0,1239.0,1911.0,3534.0,3796.0,3796.0,1337.0,574.0,0.0,1239.0
2.0,5759.0,259.0,1880.0,5185.0,0.0,0.0,1301.0,579.0,0.0,259.0
2.0,10685.0,0.0,1821.0,6021.0,0.0,0.0,1242.0,579.0,0.0,0.0
2.0,16706.0,607.0,1759.0,3796.0,0.0,0.0,1180.0,579.0,607.0,0.0
2.0,19895.0,1909.0,1726.0,0.0,0.0,0.0,1155.0,571.0,1909.0,0.0
2.0,17986.0,3210.0,1744.0,0.0,0.0,0.0,1191.0,553.0,3210.0,0.0
2.0,14776.0,3887.0,1791.0,0.0,0.0,0.0,1266.0,525.0,3887.0,0.0
2.0,10889.0,3664.0,1829.0,0.0,1920.0,1920.0,1328.0,501.0,3262.0,402.0
2.0,7225.0,2274.0,1850.0,0.0,4299.0,4299.0,1354.0,496.0,1327.0,947.0
2.0,4951.0,1499.0,1873.0,0.0,5913.0,5913.0,1354.0,519.0,0.0,1499.0
2.0,3452.0,1650.0,1904.0,1920.0,5798.0,5798.0,1354.0,550.0,0.0,1650.0
2.0,3722.0,1268.0,1917.0,4299.0,2832.0,2832.0,1342.0,575.0,0.0,1268.0
2.0,6753.0,328.0,1887.0,5913.0,0.0,0.0,1306.0,581.0,0.0,328.0
2.0,12338.0,0.0,1827.0,5798.0,0.0,0.0,1246.0,581.0,0.0,0.0
2.0,18136.0,610.0,1765.0,2832.0,0.0,0.0,1184.0,581.0,610.0,0.0
2.0,20358.0,1903.0,1733.0,0.0,0.0,0.0,1159.0,574.0,1903.0,0.0
2.0,18455.0,3195.0,1749.0,0.0,0.0,0.0,1194.0,555.0,3195.0,0.0
2.0,15260.0,3887.0,1796.0,0.0,0.0,0.0,1269.0,527.0,3887.0,0.0
2.0,11373.0,3682.0,1835.0,0.0,1484.0,1484.0,1332.0,503.0,3285.0,397.0
2.0,7691.0,2351.0,1857.0,0.0,3945.0,3945.0,1359.0,498.0,1396.0,955.0
2.0,5340.0,1512.0,1881.0,0.0,5577.0,5577.0,1359.0,522.0,0.0,1512.0
2.0,3828.0,1677.0,1913.0,1484.0,5930.0,5930.0,1359.0,554.0,0.0,1677.0
2.0,3635.0,1278.0,1926.0,3945.0,3328.0,3328.0,1348.0,578.0,0.0,1278.0
2.0,6302.0,322.0,1898.0,5577.0,0.0,0.0,1313.0,585.0,0.0,322.0
2.0,11557.0,0.0,1837.0,5930.0,0.0,0.0,1252.0,585.0,0.0,0.0
2.0,17487.0,607.0,1776.0,3328.0,0.0,0.0,1191.0,585.0,607.0,0.0
2.0,20208.0,1922.0,1741.0,0.0,0.0,0.0,1165.0,576.0,1922.0,0.0
2.0,18286.0,3211.0,1758.0,0.0,0.0,0.0,1200.0,558.0,3211.0,0.0
2.0,15075.0,3890.0,1804.0,0.0,0.0,0.0,1275.0,529.0,3890.0,0.0
2.0,11185.0,3642.0,1842.0,0.0,1667.0,1667.0,1338.0,504.0,3263.0,379.0
2.0,7543.0,2280.0,1863.0,0.0,4052.0,4052.0,1364.0,499.0,1348.0,932.0
2.0,5263.0,1499.0,1887.0,0.0,5671.0,5671.0,1364.0,523.0,0.0,1499.0
2.0,3764.0,1683.0,1919.0,1667.0,5847.0,5847.0,1364.0,555.0,0.0,1683.0
2.0,3748.0,1314.0,1932.0,4052.0,3174.0,3174.0,1352.0,580.0,0.0,1314.0
2.0,6486.0,371.0,1905.0,5671.0,0.0,0.0,1317.0,588.0,0.0,371.0
2.0,11786.0,0.0,1844.0,5847.0,0.0,0.0,1256.0,588.0,0.0,0.0
2.0,17633.0,667.0,1783.0,3174.0,0.0,0.0,1195.0,588.0,667.0,0.0
2.0,20140.0,1965.0,1749.0,0.0,0.0,0.0,1170.0,579.0,1965.0,0.0
2.0,18175.0,3267.0,1767.0,0.0,0.0,0.0,1206.0,561.0,3267.0,0.0
2.0,14908.0,3916.0,1813.0,0.0,0.0,0.0,1281.0,532.0,3916.0,0.0
2.0,10992.0,3613.0,1851.0,0.0,1876.0,1876.0,1344.0,507.0,3259.0,354.0
2.0,7379.0,2220.0,1870.0,0.0,4191.0,4191.0,1369.0,501.0,1305.0,915.0
2.0,5159.0,1474.0,1893.0,0.0,5780.0,5780.0,1369.0,524.0,0.0,1474.0
2.0,3685.0,1677.0,1926.0,1876.0,5746.0,5746.0,1369.0,557.0,0.0,1677.0
2.0,3884.0,1321.0,1940.0,4191.0,2946.0,2946.0,1358.0,582.0,0.0,1321.0
2.0,6754.0,406.0,1912.0,5780.0,0.0,0.0,1322.0,590.0,0.0,406.0
2.0,12128.0,0.0,1852.0,5746.0,0.0,0.0,1262.0,590.0,0.0,0.0
2.0,17874.0,677.0,1792.0,2946.0,0.0,0.0,1202.0,590.0,677.0,0.0
2.0,20143.0,1990.0,1759.0,0.0,0.0,0.0,1177.0,582.0,1990.0,0.0
2.0,18153.0,3296.0,1776.0,0.0,0.0,0.0,1213.0,563.0,3296.0,0.0
2.0,14857.0,3925.0,1821.0,0.0,0.0,0.0,1288.0,533.0,3925.0,0.0
2.0,10932.0,3585.0,1858.0,0.0,1943.0,1943.0,1350.0,508.0,3229.0,356.0
2.0,7347.0,2163.0,1876.0,0.0,4196.0,4196.0,1374.0,502.0,1240.0,923.0
2.0,5184.0,1486.0,1899.0,0.0,5797.0,5797.0,1374.0,525.0,0.0,1486.0
2.0,3698.0,1697.0,1932.0,1943.0,5716.0,5716.0,1374.0,558.0,0.0,1697.0
2.0,3944.0,1337.0,1946.0,4196.0,2927.0,2927.0,1362.0,584.0,0.0,1337.0
2.0,6803.0,415.0,1918.0,5797.0,0.0,0.0,1326.0,592.0,0.0,415.0
2.0,12185.0,0.0,1856.0,5716.0,0.0,0.0,1264.0,592.0,0.0,0.0
2.0,17901.0,719.0,1795.0,2927.0,0.0,0.0,1203.0,592.0,719.0,0.0
2.0,20109.0,2034.0,1763.0,0.0,0.0,0.0,1179.0,584.0,2034.0,0.0
2.0,18075.0,3360.0,1785.0,0.0,0.0,0.0,1219.0,566.0,3360.0,0.0
2.0,14715.0,3974.0,1832.0,0.0,0.0,0.0,1295.0,537.0,3974.0,0.0
2.0,10741.0,3603.0,1870.0,0.0,2212.0,2212.0,1358.0,512.0,3262.0,341.0
2.0,7138.0,2119.0,1886.0,0.0,4411.0,4411.0,1381.0,505.0,1211.0,908.0
2.0,5019.0,1468.0,1908.0,0.0,5989.0,5989.0,1381.0,527.0,0.0,1468.0
2.0,3551.0,1690.0,1940.0,2212.0,5627.0,5627.0,1381.0,559.0,0.0,1690.0
2.0,4073.0,1346.0,1954.0,4411.0,2632.0,2632.0,1369.0,585.0,0.0,1346.0
2.0,7138.0,449.0,1927.0,5989.0,0.0,0.0,1333.0,594.0,0.0,449.0
2.0,12678.0,0.0,1865.0,5627.0,0.0,0.0,1271.0,594.0,0.0,0.0
2.0,18305.0,686.0,1804.0,2632.0,0.0,0.0,1210.0,594.0,686.0,0.0
2.0,20251.0,1991.0,1771.0,0.0,0.0,0.0,1185.0,586.0,1991.0,0.0
2.0,18260.0,3286.0,1789.0,0.0,0.0,0.0,1221.0,568.0,3286.0,0.0
2.0,14974.0,3917.0,1835.0,0.0,0.0,0.0,1296.0,539.0,3917.0,0.0
2.0,11057.0,3599.0,1872.0,0.0,1902.0,1902.0,1359.0,513.0,3250.0,349.0
2.0,7458.0,2221.0,1890.0,0.0,4213.0,4213.0,1384.0,506.0,1299.0,922.0
2.0,5237.0,1491.0,1913.0,0.0,5819.0,5819.0,1384.0,529.0,0.0,1491.0
2.0,3746.0,1714.0,1946.0,1902.0,5796.0,5796.0,1384.0,562.0,0.0,1714.0
2.0,3934.0,1355.0,1960.0,4213.0,3008.0,3008.0,1372.0,588.0,0.0,1355.0
2.0,6792.0,428.0,1931.0,5819.0,0.0,0.0,1335.0,596.0,0.0,428.0
2.0,12183.0,0.0,1870.0,5796.0,0.0,0.0,1274.0,596.0,0.0,0.0
2.0,17979.0,761.0,1809.0,3008.0,0.0,0.0,1213.0,596.0,761.0,0.0
2.0,20226.0,2091.0,1780.0,0.0,0.0,0.0,1191.0,589.0,2091.0,0.0
2.0,18135.0,3425.0,1802.0,0.0,0.0,0.0,1231.0,571.0,3425.0,0.0
2.0,14710.0,3990.0,1850.0,0.0,0.0,0.0,1308.0,542.0,3990.0,0.0
2.0,10720.0,3554.0,1885.0,0.0,2259.0,2259.0,1369.0,516.0,3214.0,340.0
2.0,7166.0,2010.0,1899.0,0.0,4339.0,4339.0,1391.0,508.0,1107.0,903.0
2.0,5156.0,1470.0,1921.0,0.0,5919.0,5919.0,1391.0,530.0,0.0,1470.0
2.0,3686.0,1705.0,1953.0,2259.0,5525.0,5525.0,1391.0,562.0,0.0,1705.0
2.0,4240.0,1370.0,1967.0,4339.0,2626.0,2626.0,1378.0,589.0,0.0,1370.0
2.0,7209.0,467.0,1938.0,5919.0,0.0,0.0,1340.0,598.0,0.0,467.0
2.0,12661.0,0.0,1875.0,5525.0,0.0,0.0,1277.0,598.0,0.0,0.0
2.0,18186.0,765.0,1815.0,2626.0,0.0,0.0,1217.0,598.0,765.0,0.0
2.0,20047.0,2082.0,1785.0,0.0,0.0,0.0,1194.0,591.0,2082.0,0.0
2.0,17965.0,3406.0,1807.0,0.0,0.0,0.0,1234.0,573.0,3406.0,0.0
2.0,14559.0,3983.0,1856.0,0.0,0.0,0.0,1311.0,545.0,3983.0,0.0
2.0,10576.0,3575.0,1892.0,0.0,2459.0,2459.0,1373.0,519.0,3232.0,343.0
2.0,7001.0,2077.0,1906.0,0.0,4606.0,4606.0,1395.0,511.0,1161.0,916.0
2.0,4924.0,1495.0,1927.0,0.0,6206.0,6206.0,1395.0,532.0,0.0,1495.0
2.0,3429.0,1720.0,1960.0,2459.0,5632.0,5632.0,1395.0,565.0,0.0,1720.0
2.0,4168.0,1369.0,1974.0,4606.0,2465.0,2465.0,1382.0,592.0,0.0,1369.0
2.0,7405.0,438.0,1944.0,6206.0,0.0,0.0,1344.0,600.0,0.0,438.0
2.0,13173.0,0.0,1881.0,5632.0,0.0,0.0,1281.0,600.0,0.0,0.0
2.0,18805.0,805.0,1821.0,2465.0,0.0,0.0,1221.0,600.0,805.0,0.0
2.0,20465.0,2149.0,1793.0,0.0,0.0,0.0,1200.0,593.0,2149.0,0.0
2.0,18316.0,3492.0,1819.0,0.0,0.0,0.0,1243.0,576.0,3492.0,0.0
2.0,14824.0,4026.0,1868.0,0.0,0.0,0.0,1321.0,547.0,4026.0,0.0
2.0,10798.0,3551.0,1903.0,0.0,2268.0,2268.0,1382.0,521.0,3206.0,345.0
2.0,7247.0,1960.0,1915.0,0.0,4288.0,4288.0,1402.0,513.0,1041.0,919.0
2.0,5287.0,1490.0,1936.0,0.0,5883.0,5883.0,1402.0,534.0,0.0,1490.0
2.0,3797.0,1719.0,1969.0,2268.0,5499.0,5499.0,1402.0,567.0,0.0,1719.0
2.0,4346.0,1382.0,1982.0,4288.0,2658.0,2658.0,1389.0,593.0,0.0,1382.0
2.0,7252.0,465.0,1951.0,5883.0,0.0,0.0,1349.0,602.0,0.0,465.0
2.0,12670.0,0.0,1887.0,5499.0,0.0,0.0,1285.0,602.0,0.0,0.0
2.0,18169.0,808.0,1826.0,2658.0,0.0,0.0,1224.0,602.0,808.0,0.0
2.0,20019.0,2143.0,1798.0,0.0,0.0,0.0,1202.0,596.0,2143.0,0.0
2.0,17876.0,3479.0,1824.0,0.0,0.0,0.0,1246.0,578.0,3479.0,0.0
2.0,14397.0,4023.0,1873.0,0.0,0.0,0.0,1323.0,550.0,4023.0,0.0
2.0,10374.0,3586.0,1910.0,0.0,2762.0,2762.0,1386.0,524.0,3237.0,349.0
2.0,6788.0,2028.0,1923.0,0.0,4855.0,4855.0,1407.0,516.0,1102.0,926.0
2.0,4760.0,1499.0,1943.0,0.0,6454.0,6454.0,1407.0,536.0,0.0,1499.0
2.0,3261.0,1723.0,1976.0,2762.0,5580.0,5580.0,1407.0,569.0,0.0,1723.0
2.0,4300.0,1377.0,1990.0,4855.0,2172.0,2172.0,1394.0,596.0,0.0,1377.0
2.0,7778.0,450.0,1960.0,6454.0,0.0,0.0,1355.0,605.0,0.0,450.0
2.0,13782.0,0.0,1897.0,5580.0,0.0,0.0,1292.0,605.0,0.0,0.0
2.0,19362.0,817.0,1838.0,2172.0,0.0,0.0,1233.0,605.0,817.0,0.0
2.0,20717.0,2161.0,1810.0,0.0,0.0,0.0,1212.0,598.0,2161.0,0.0
2.0,18556.0,3500.0,1834.0,0.0,0.0,0.0,1254.0,580.0,3500.0,0.0
2.0,15056.0,4017.0,1882.0,0.0,0.0,0.0,1331.0,551.0,4017.0,0.0
2.0,11039.0,3573.0,1919.0,0.0,2129.0,2129.0,1393.0,526.0,3202.0,371.0
2.0,7466.0,1999.0,1931.0,0.0,4188.0,4188.0,1413.0,518.0,1051.0,948.0
2.0,5467.0,1529.0,1952.0,0.0,5822.0,5822.0,1413.0,539.0,0.0,1529.0
2.0,3938.0,1734.0,1985.0,2129.0,5592.0,5592.0,1413.0,572.0,0.0,1734.0
2.0,4333.0,1364.0,1997.0,4188.0,2828.0,2828.0,1398.0,599.0,0.0,1364.0
2.0,7157.0,407.0,1964.0,5822.0,0.0,0.0,1358.0,606.0,0.0,407.0
2.0,12572.0,0.0,1898.0,5592.0,0.0,0.0,1292.0,606.0,0.0,0.0
2.0,18164.0,879.0,1838.0,2828.0,0.0,0.0,1232.0,606.0,879.0,0.0
2.0,20113.0,2233.0,1814.0,0.0,0.0,0.0,1214.0,600.0,2233.0,0.0
2.0,17880.0,3598.0,1844.0,0.0,0.0,0.0,1262.0,582.0,3598.0,0.0
2.0,14282.0,4085.0,1894.0,0.0,0.0,0.0,1340.0,554.0,4085.0,0.0
2.0,10197.0,3579.0,1931.0,0.0,3037.0,3037.0,1402.0,529.0,3203.0,376.0
2.0,6618.0,1905.0,1941.0,0.0,4992.0,4992.0,1420.0,521.0,947.0,958.0
2.0,4713.0,1530.0,1961.0,0.0,6622.0,6622.0,1420.0,541.0,0.0,1530.0
2.0,3183.0,1729.0,1994.0,3037.0,5479.0,5479.0,1420.0,574.0,0.0,1729.0
2.0,4491.0,1345.0,2005.0,4992.0,1887.0,1887.0,1405.0,600.0,0.0,1345.0
2.0,8138.0,395.0,1973.0,6622.0,0.0,0.0,1365.0,608.0,0.0,395.0
2.0,14365.0,0.0,1908.0,5479.0,0.0,0.0,1300.0,608.0,0.0,0.0
2.0,19844.0,828.0,1847.0,1887.0,0.0,0.0,1239.0,608.0,828.0,0.0
2.0,20903.0,2174.0,1820.0,0.0,0.0,0.0,1219.0,601.0,2174.0,0.0
2.0,18729.0,3530.0,1848.0,0.0,0.0,0.0,1264.0,584.0,3530.0,0.0
2.0,15199.0,4054.0,1897.0,0.0,0.0,0.0,1342.0,555.0,4054.0,0.0
2.0,11145.0,3639.0,1934.0,0.0,2164.0,2164.0,1404.0,530.0,3229.0,410.0
2.0,7506.0,2052.0,1947.0,0.0,4281.0,4281.0,1424.0,523.0,1054.0,998.0
2.0,5454.0,1576.0,1968.0,0.0,5962.0,5962.0,1424.0,544.0,0.0,1576.0
2.0,3878.0,1747.0,2002.0,2164.0,5715.0,5715.0,1424.0,578.0,0.0,1747.0
2.0,4295.0,1327.0,2013.0,4281.0,2816.0,2816.0,1409.0,604.0,0.0,1327.0
2.0,7249.0,330.0,1978.0,5962.0,0.0,0.0,1368.0,610.0,0.0,330.0
2.0,12881.0,0.0,1911.0,5715.0,0.0,0.0,1301.0,610.0,0.0,0.0
2.0,18596.0,854.0,1850.0,2816.0,0.0,0.0,1240.0,610.0,854.0,0.0
2.0,20558.0,2214.0,1823.0,0.0,0.0,0.0,1220.0,603.0,2214.0,0.0
2.0,18344.0,3576.0,1855.0,0.0,0.0,0.0,1269.0,586.0,3576.0,0.0
2.0,14768.0,4081.0,1905.0,0.0,0.0,0.0,1348.0,557.0,4081.0,0.0
2.0,10687.0,3670.0,1942.0,0.0,2693.0,2693.0,1410.0,532.0,3229.0,441.0
2.0,7017.0,2024.0,1954.0,0.0,4777.0,4777.0,1429.0,525.0,1005.0,1019.0
2.0,4993.0,1600.0,1976.0,0.0,6487.0,6487.0,1429.0,547.0,0.0,1600.0
2.0,3393.0,1740.0,2010.0,2693.0,5704.0,5704.0,1429.0,581.0,0.0,1740.0
2.0,4346.0,1306.0,2020.0,4777.0,2283.0,2283.0,1414.0,606.0,0.0,1306.0
2.0,7817.0,300.0,1984.0,6487.0,0.0,0.0,1372.0,612.0,0.0,300.0
2.0,14004.0,0.0,1917.0,5704.0,0.0,0.0,1305.0,612.0,0.0,0.0
2.0,19708.0,887.0,1857.0,2283.0,0.0,0.0,1245.0,612.0,887.0,0.0
2.0,21104.0,2246.0,1831.0,0.0,0.0,0.0,1226.0,605.0,2246.0,0.0
2.0,18858.0,3599.0,1861.0,0.0,0.0,0.0,1274.0,587.0,3599.0,0.0
2.0,15259.0,4071.0,1910.0,0.0,0.0,0.0,1352.0,558.0,4071.0,0.0
2.0,11188.0,3663.0,1948.0,0.0,2215.0,2215.0,1414.0,534.0,3193.0,470.0
2.0,7525.0,2018.0,1960.0,0.0,4293.0,4293.0,1432.0,528.0,962.0,1056.0
2.0,5507.0,1643.0,1983.0,0.0,6051.0,6051.0,1432.0,551.0,0.0,1643.0
2.0,3864.0,1754.0,2017.0,2215.0,5760.0,5760.0,1432.0,585.0,0.0,1754.0
2.0,4325.0,1278.0,2026.0,4293.0,2790.0,2790.0,1417.0,609.0,0.0,1278.0
2.0,7340.0,220.0,1988.0,6051.0,0.0,0.0,1375.0,613.0,0.0,220.0
2.0,13171.0,0.0,1921.0,5760.0,0.0,0.0,1308.0,613.0,0.0,0.0
2.0,18931.0,954.0,1862.0,2790.0,0.0,0.0,1249.0,613.0,954.0,0.0
2.0,20767.0,2332.0,1838.0,0.0,0.0,0.0,1232.0,606.0,2332.0,0.0
2.0,18435.0,3716.0,1871.0,0.0,0.0,0.0,1283.0,588.0,3716.0,0.0
2.0,14719.0,4135.0,1922.0,0.0,0.0,0.0,1363.0,559.0,4135.0,0.0
2.0,10584.0,3655.0,1958.0,0.0,2861.0,2861.0,1423.0,535.0,3151.0,504.0
2.0,6929.0,1887.0,1969.0,0.0,4803.0,4803.0,1439.0,530.0,801.0,1086.0
2.0,5042.0,1672.0,1993.0,0.0,6595.0,6595.0,1439.0,554.0,0.0,1672.0
2.0,3370.0,1761.0,2027.0,2861.0,5665.0,5665.0,1439.0,588.0,0.0,1761.0
2.0,4470.0,1271.0,2034.0,4803.0,2168.0,2168.0,1422.0,612.0,0.0,1271.0
2.0,8002.0,192.0,1995.0,6595.0,0.0,0.0,1379.0,616.0,0.0,192.0
2.0,14405.0,0.0,1926.0,5665.0,0.0,0.0,1310.0,616.0,0.0,0.0
2.0,20070.0,945.0,1865.0,2168.0,0.0,0.0,1249.0,616.0,945.0,0.0
2.0,21293.0,2316.0,1841.0,0.0,0.0,0.0,1232.0,609.0,2316.0,0.0
2.0,18977.0,3688.0,1875.0,0.0,0.0,0.0,1285.0,590.0,3688.0,0.0
2.0,15289.0,4148.0,1926.0,0.0,0.0,0.0,1365.0,561.0,4148.0,0.0
2.0,11141.0,3723.0,1964.0,0.0,2402.0,2402.0,1427.0,537.0,3220.0,503.0
2.0,7418.0,2013.0,1977.0,0.0,4480.0,4480.0,1444.0,533.0,916.0,1097.0
2.0,5405.0,1681.0,2001.0,0.0,6281.0,6281.0,1444.0,557.0,0.0,1681.0
2.0,3724.0,1765.0,2035.0,2402.0,5814.0,5814.0,1444.0,591.0,0.0,1765.0
2.0,4361.0,1254.0,2043.0,4480.0,2628.0,2628.0,1428.0,615.0,0.0,1254.0
2.0,7587.0,165.0,2006.0,6281.0,0.0,0.0,1387.0,619.0,0.0,165.0
2.0,13703.0,0.0,1938.0,5814.0,0.0,0.0,1319.0,619.0,0.0,0.0
2.0,19517.0,871.0,1877.0,2628.0,0.0,0.0,1258.0,619.0,871.0,0.0
2.0,21274.0,2257.0,1850.0,0.0,0.0,0.0,1239.0,611.0,2257.0,0.0
2.0,19017.0,3628.0,1880.0,0.0,0.0,0.0,1288.0,592.0,3628.0,0.0
2.0,15389.0,4127.0,1929.0,0.0,0.0,0.0,1368.0,561.0,4127.0,0.0
2.0,11262.0,3787.0,1968.0,0.0,2365.0,2365.0,1430.0,538.0,3252.0,535.0
2.0,7475.0,2140.0,1984.0,0.0,4585.0,4585.0,1450.0,534.0,1009.0,1131.0
2.0,5335.0,1727.0,2011.0,0.0,6447.0,6447.0,1450.0,561.0,0.0,1727.0
2.0,3608.0,1787.0,2045.0,2365.0,6039.0,6039.0,1450.0,595.0,0.0,1787.0
2.0,4186.0,1258.0,2053.0,4585.0,2752.0,2752.0,1433.0,620.0,0.0,1258.0
2.0,7513.0,124.0,2013.0,6447.0,0.0,0.0,1391.0,622.0,0.0,124.0
2.0,13836.0,0.0,1944.0,6039.0,0.0,0.0,1322.0,622.0,0.0,0.0
2.0,19875.0,927.0,1883.0,2752.0,0.0,0.0,1261.0,622.0,927.0,0.0
2.0,21700.0,2318.0,1857.0,0.0,0.0,0.0,1244.0,613.0,2318.0,0.0
2.0,19382.0,3716.0,1890.0,0.0,0.0,0.0,1296.0,594.0,3716.0,0.0
2.0,15666.0,4185.0,1939.0,0.0,0.0,0.0,1376.0,563.0,4185.0,0.0
2.0,11481.0,3770.0,1978.0,0.0,2179.0,2179.0,1439.0,539.0,3259.0,511.0
2.0,7711.0,2032.0,1993.0,0.0,4286.0,4286.0,1457.0,536.0,931.0,1101.0
2.0,5679.0,1693.0,2019.0,0.0,6109.0,6109.0,1457.0,562.0,0.0,1693.0
2.0,3986.0,1773.0,2053.0,2179.0,5873.0,5873.0,1457.0,596.0,0.0,1773.0
2.0,4392.0,1269.0,2061.0,4286.0,2896.0,2896.0,1440.0,621.0,0.0,1269.0
2.0,7409.0,174.0,2021.0,6109.0,0.0,0.0,1397.0,624.0,0.0,174.0
2.0,13344.0,0.0,1951.0,5873.0,0.0,0.0,1327.0,624.0,0.0,0.0
2.0,19217.0,902.0,1891.0,2896.0,0.0,0.0,1267.0,624.0,902.0,0.0
2.0,21211.0,2291.0,1864.0,0.0,0.0,0.0,1249.0,615.0,2291.0,0.0
2.0,18920.0,3690.0,1897.0,0.0,0.0,0.0,1302.0,595.0,3690.0,0.0
2.0,15230.0,4168.0,1945.0,0.0,0.0,0.0,1382.0,563.0,4168.0,0.0
2.0,11062.0,3801.0,1984.0,0.0,2659.0,2659.0,1444.0,540.0,3257.0,544.0
2.0,7261.0,2105.0,2000.0,0.0,4844.0,4844.0,1463.0,537.0,965.0,1140.0
2.0,5156.0,1740.0,2029.0,0.0,6729.0,6729.0,1463.0,566.0,0.0,1740.0
2.0,3416.0,1802.0,2064.0,2659.0,6047.0,6047.0,1463.0,601.0,0.0,1802.0
2.0,4273.0,1258.0,2070.0,4844.0,2491.0,2491.0,1445.0,625.0,0.0,1258.0
2.0,7859.0,115.0,2028.0,6729.0,0.0,0.0,1400.0,628.0,0.0,115.0
2.0,14473.0,0.0,1956.0,6047.0,0.0,0.0,1328.0,628.0,0.0,0.0
2.0,20520.0,939.0,1895.0,2491.0,0.0,0.0,1267.0,628.0,939.0,0.0
2.0,22072.0,2341.0,1869.0,0.0,0.0,0.0,1251.0,618.0,2341.0,0.0
2.0,19731.0,3741.0,1905.0,0.0,0.0,0.0,1308.0,597.0,3741.0,0.0
2.0,15990.0,4205.0,1954.0,0.0,0.0,0.0,1389.0,565.0,4205.0,0.0
2.0,11785.0,3799.0,1993.0,0.0,1979.0,1979.0,1452.0,541.0,3270.0,529.0
2.0,7986.0,2045.0,2007.0,0.0,4094.0,4094.0,1469.0,538.0,923.0,1122.0
2.0,5941.0,1721.0,2037.0,0.0,5965.0,5965.0,1469.0,568.0,0.0,1721.0
2.0,4220.0,1797.0,2071.0,1979.0,5953.0,5953.0,1469.0,602.0,0.0,1797.0
2.0,4402.0,1277.0,2078.0,4094.0,3171.0,3171.0,1451.0,627.0,0.0,1277.0
2.0,7219.0,159.0,2037.0,5965.0,0.0,0.0,1407.0,630.0,0.0,159.0
2.0,13025.0,0.0,1966.0,5953.0,0.0,0.0,1336.0,630.0,0.0,0.0
2.0,18978.0,938.0,1904.0,3171.0,0.0,0.0,1274.0,630.0,938.0,0.0
2.0,21211.0,2321.0,1877.0,0.0,0.0,0.0,1257.0,620.0,2321.0,0.0
2.0,18890.0,3706.0,1909.0,0.0,0.0,0.0,1310.0,599.0,3706.0,0.0
2.0,15184.0,4171.0,1958.0,0.0,0.0,0.0,1391.0,567.0,4171.0,0.0
2.0,11013.0,3789.0,1996.0,0.0,2756.0,2756.0,1453.0,543.0,3264.0,525.0
2.0,7224.0,2112.0,2013.0,0.0,4953.0,4953.0,1472.0,541.0,981.0,1131.0
2.0,5112.0,1735.0,2043.0,0.0,6838.0,6838.0,1472.0,571.0,0.0,1735.0
2.0,3377.0,1811.0,2078.0,2756.0,6068.0,6068.0,1472.0,606.0,0.0,1811.0
2.0,4322.0,1278.0,2085.0,4953.0,2428.0,2428.0,1455.0,630.0,0.0,1278.0
2.0,7997.0,143.0,2045.0,6838.0,0.0,0.0,1412.0,633.0,0.0,143.0
2.0,14692.0,0.0,1975.0,6068.0,0.0,0.0,1342.0,633.0,0.0,0.0
2.0,20760.0,951.0,1914.0,2428.0,0.0,0.0,1281.0,633.0,951.0,0.0
2.0,22237.0,2370.0,1887.0,0.0,0.0,0.0,1264.0,623.0,2370.0,0.0
2.0,19867.0,3779.0,1918.0,0.0,0.0,0.0,1317.0,601.0,3779.0,0.0
2.0,16088.0,4224.0,1967.0,0.0,0.0,0.0,1399.0,568.0,4224.0,0.0
2.0,11864.0,3770.0,2004.0,0.0,1926.0,1926.0,1461.0,543.0,3244.0,526.0
2.0,8094.0,1988.0,2019.0,0.0,3989.0,3989.0,1478.0,541.0,864.0,1124.0
2.0,6106.0,1735.0,2050.0,0.0,5879.0,5879.0,1478.0,572.0,0.0,1735.0
2.0,4371.0,1815.0,2085.0,1926.0,5943.0,5943.0,1478.0,607.0,0.0,1815.0
2.0,4482.0,1300.0,2092.0,3989.0,3289.0,3289.0,1460.0,632.0,0.0,1300.0
2.0,7171.0,178.0,2050.0,5879.0,0.0,0.0,1415.0,635.0,0.0,178.0
2.0,12872.0,0.0,1979.0,5943.0,0.0,0.0,1344.0,635.0,0.0,0.0
2.0,18815.0,996.0,1918.0,3289.0,0.0,0.0,1283.0,635.0,996.0,0.0
2.0,21108.0,2408.0,1891.0,0.0,0.0,0.0,1266.0,625.0,2408.0,0.0
2.0,18700.0,3820.0,1926.0,0.0,0.0,0.0,1322.0,604.0,3820.0,0.0
2.0,14880.0,4249.0,1975.0,0.0,0.0,0.0,1403.0,572.0,4249.0,0.0
2.0,10631.0,3776.0,2013.0,0.0,3210.0,3210.0,1466.0,547.0,3260.0,516.0
2.0,6855.0,1969.0,2027.0,0.0,5249.0,5249.0,1482.0,545.0,848.0,1121.0
2.0,4886.0,1724.0,2056.0,0.0,7118.0,7118.0,1482.0,574.0,0.0,1724.0
2.0,3162.0,1811.0,2091.0,3210.0,5894.0,5894.0,1482.0,609.0,0.0,1811.0
2.0,4561.0,1292.0,2099.0,5249.0,1977.0,1977.0,1465.0,634.0,0.0,1292.0
2.0,8518.0,178.0,2058.0,7118.0,0.0,0.0,1421.0,637.0,0.0,178.0
2.0,15458.0,0.0,1987.0,5894.0,0.0,0.0,1350.0,637.0,0.0,0.0
2.0,21352.0,993.0,1926.0,1977.0,0.0,0.0,1289.0,637.0,993.0,0.0
2.0,22336.0,2409.0,1900.0,0.0,0.0,0.0,1273.0,627.0,2409.0,0.0
2.0,19927.0,3830.0,1933.0,0.0,0.0,0.0,1328.0,605.0,3830.0,0.0
2.0,16097.0,4242.0,1981.0,0.0,0.0,0.0,1409.0,572.0,4242.0,0.0
2.0,11855.0,3769.0,2019.0,0.0,2009.0,2009.0,1472.0,547.0,3240.0,529.0
2.0,8086.0,1971.0,2033.0,0.0,4050.0,4050.0,1488.0,545.0,835.0,1136.0
2.0,6115.0,1752.0,2064.0,0.0,5957.0,5957.0,1488.0,576.0,0.0,1752.0
2.0,4363.0,1835.0,2100.0,2009.0,5963.0,5963.0,1488.0,612.0,0.0,1835.0
2.0,4537.0,1314.0,2107.0,4050.0,3262.0,3262.0,1470.0,637.0,0.0,1314.0
2.0,7273.0,171.0,2065.0,5957.0,0.0,0.0,1425.0,640.0,0.0,171.0
2.0,13059.0,0.0,1993.0,5963.0,0.0,0.0,1353.0,640.0,0.0,0.0
2.0,19022.0,1049.0,1932.0,3262.0,0.0,0.0,1292.0,640.0,1049.0,0.0
2.0,21235.0,2462.0,1906.0,0.0,0.0,0.0,1276.0,630.0,2462.0,0.0
2.0,18773.0,3880.0,1941.0,0.0,0.0,0.0,1333.0,608.0,3880.0,0.0
2.0,14893.0,4264.0,1990.0,0.0,0.0,0.0,1415.0,575.0,4264.0,0.0
2.0,10629.0,3744.0,2028.0,0.0,3255.0,3255.0,1478.0,550.0,3234.0,510.0
2.0,6885.0,1899.0,2040.0,0.0,5214.0,5214.0,1492.0,548.0,775.0,1124.0
2.0,4986.0,1737.0,2070.0,0.0,7101.0,7101.0,1492.0,578.0,0.0,1737.0
2.0,3249.0,1833.0,2105.0,3255.0,5854.0,5854.0,1492.0,613.0,0.0,1833.0
2.0,4671.0,1318.0,2112.0,5214.0,1993.0,1993.0,1474.0,638.0,0.0,1318.0
2.0,8567.0,194.0,2072.0,7101.0,0.0,0.0,1430.0,642.0,0.0,194.0
2.0,15474.0,0.0,2000.0,5854.0,0.0,0.0,1358.0,642.0,0.0,0.0
2.0,21328.0,1056.0,1941.0,1993.0,0.0,0.0,1299.0,642.0,1056.0,0.0
2.0,22265.0,2488.0,1916.0,0.0,0.0,0.0,1284.0,632.0,2488.0,0.0
2.0,19777.0,3891.0,1950.0,0.0,0.0,0.0,1340.0,610.0,3891.0,0.0
2.0,15886.0,4249.0,1998.0,0.0,0.0,0.0,1421.0,577.0,4249.0,0.0
2.0,11637.0,3707.0,2035.0,0.0,2245.0,2245.0,1483.0,552.0,3191.0,516.0
2.0,7930.0,1876.0,2046.0,0.0,4176.0,4176.0,1497.0,549.0,740.0,1136.0
2.0,6054.0,1754.0,2077.0,0.0,6085.0,6085.0,1497.0,580.0,0.0,1754.0
2.0,4300.0,1853.0,2113.0,2245.0,5873.0,5873.0,1497.0,616.0,0.0,1853.0
2.0,4692.0,1327.0,2121.0,4176.0,3064.0,3064.0,1479.0,642.0,0.0,1327.0
2.0,7541.0,180.0,2078.0,6085.0,0.0,0.0,1433.0,645.0,0.0,180.0
2.0,13446.0,0.0,2005.0,5873.0,0.0,0.0,1360.0,645.0,0.0,0.0
2.0,19319.0,1126.0,1946.0,3064.0,0.0,0.0,1301.0,645.0,1126.0,0.0
2.0,21257.0,2570.0,1923.0,0.0,0.0,0.0,1288.0,635.0,2570.0,0.0
2.0,18687.0,4006.0,1961.0,0.0,0.0,0.0,1348.0,613.0,4006.0,0.0
2.0,14681.0,4312.0,2011.0,0.0,0.0,0.0,1431.0,580.0,4312.0,0.0
2.0,10369.0,3672.0,2047.0,0.0,3538.0,3538.0,1492.0,555.0,3168.0,504.0
2.0,6697.0,1694.0,2054.0,0.0,5267.0,5267.0,1503.0,551.0,579.0,1115.0
2.0,5003.0,1727.0,2084.0,0.0,7144.0,7144.0,1503.0,581.0,0.0,1727.0
2.0,3276.0,1838.0,2119.0,3538.0,5619.0,5619.0,1503.0,616.0,0.0,1838.0
2.0,4976.0,1337.0,2126.0,5267.0,1724.0,1724.0,1484.0,642.0,0.0,1337.0
2.0,8906.0,231.0,2084.0,7144.0,0.0,0.0,1438.0,646.0,0.0,231.0
2.0,15819.0,0.0,2010.0,5619.0,0.0,0.0,1364.0,646.0,0.0,0.0
2.0,21438.0,1136.0,1950.0,1724.0,0.0,0.0,1304.0,646.0,1136.0,0.0
2.0,22026.0,2559.0,1927.0,0.0,0.0,0.0,1291.0,636.0,2559.0,0.0
2.0,19467.0,3993.0,1966.0,0.0,0.0,0.0,1351.0,615.0,3993.0,0.0
2.0,15474.0,4302.0,2016.0,0.0,0.0,0.0,1434.0,582.0,4302.0,0.0
2.0,11172.0,3718.0,2053.0,0.0,2811.0,2811.0,1496.0,557.0,3191.0,527.0
2.0,7454.0,1787.0,2062.0,0.0,4643.0,4643.0,1508.0,554.0,641.0,1146.0
2.0,5667.0,1764.0,2093.0,0.0,6562.0,6562.0,1508.0,585.0,0.0,1764.0
2.0,3903.0,1851.0,2128.0,2811.0,5777.0,5777.0,1508.0,620.0,0.0,1851.0
2.0,4863.0,1315.0,2135.0,4643.0,2484.0,2484.0,1489.0,646.0,0.0,1315.0
2.0,8191.0,169.0,2091.0,6562.0,0.0,0.0,1442.0,649.0,0.0,169.0
2.0,14584.0,0.0,2018.0,5777.0,0.0,0.0,1369.0,649.0,0.0,0.0
2.0,20361.0,1137.0,1958.0,2484.0,0.0,0.0,1309.0,649.0,1137.0,0.0
2.0,21708.0,2590.0,1936.0,0.0,0.0,0.0,1297.0,639.0,2590.0,0.0
2.0,19118.0,4027.0,1975.0,0.0,0.0,0.0,1358.0,617.0,4027.0,0.0
2.0,15091.0,4321.0,2024.0,0.0,0.0,0.0,1441.0,583.0,4321.0,0.0
2.0,10770.0,3710.0,2061.0,0.0,3245.0,3245.0,1502.0,559.0,3157.0,553.0
2.0,7060.0,1730.0,2069.0,0.0,5015.0,5015.0,1513.0,556.0,565.0,1165.0
2.0,5330.0,1786.0,2100.0,0.0,6956.0,6956.0,1513.0,587.0,0.0,1786.0
2.0,3544.0,1859.0,2135.0,3245.0,5745.0,5745.0,1513.0,622.0,0.0,1859.0
2.0,4930.0,1312.0,2140.0,5015.0,2067.0,2067.0,1492.0,648.0,0.0,1312.0
2.0,8633.0,147.0,2096.0,6956.0,0.0,0.0,1445.0,651.0,0.0,147.0
2.0,15442.0,0.0,2022.0,5745.0,0.0,0.0,1371.0,651.0,0.0,0.0
2.0,21187.0,1189.0,1962.0,2067.0,0.0,0.0,1311.0,651.0,1189.0,0.0
2.0,22065.0,2631.0,1941.0,0.0,0.0,0.0,1300.0,641.0,2631.0,0.0
2.0,19434.0,4081.0,1982.0,0.0,0.0,0.0,1363.0,619.0,4081.0,0.0
2.0,15353.0,4345.0,2033.0,0.0,0.0,0.0,1447.0,586.0,4345.0,0.0
2.0,11008.0,3715.0,2069.0,0.0,3052.0,3052.0,1508.0,561.0,3164.0,551.0
2.0,7293.0,1709.0,2076.0,0.0,4796.0,4796.0,1518.0,558.0,534.0,1175.0
2.0,5584.0,1798.0,2107.0,0.0,6749.0,6749.0,1518.0,589.0,0.0,1798.0
2.0,3786.0,1863.0,2143.0,3052.0,5740.0,5740.0,1518.0,625.0,0.0,1863.0
2.0,4975.0,1303.0,2148.0,4796.0,2272.0,2272.0,1498.0,650.0,0.0,1303.0
2.0,8468.0,121.0,2102.0,6749.0,0.0,0.0,1450.0,652.0,0.0,121.0
2.0,15096.0,0.0,2027.0,5740.0,0.0,0.0,1375.0,652.0,0.0,0.0
2.0,20836.0,1163.0,1968.0,2272.0,0.0,0.0,1316.0,652.0,1163.0,0.0
2.0,21945.0,2625.0,1947.0,0.0,0.0,0.0,1305.0,642.0,2625.0,0.0
2.0,19320.0,4076.0,1990.0,0.0,0.0,0.0,1369.0,621.0,4076.0,0.0
2.0,15244.0,4358.0,2040.0,0.0,0.0,0.0,1453.0,587.0,4358.0,0.0
2.0,10886.0,3740.0,2076.0,0.0,3234.0,3234.0,1514.0,562.0,3169.0,571.0
2.0,7146.0,1743.0,2084.0,0.0,5017.0,5017.0,1524.0,560.0,552.0,1191.0
2.0,5403.0,1817.0,2115.0,0.0,6989.0,6989.0,1524.0,591.0,0.0,1817.0
2.0,3586.0,1878.0,2151.0,3234.0,5813.0,5813.0,1524.0,627.0,0.0,1878.0
2.0,4942.0,1314.0,2155.0,5017.0,2130.0,2130.0,1503.0,652.0,0.0,1314.0
2.0,8645.0,118.0,2108.0,6989.0,0.0,0.0,1453.0,655.0,0.0,118.0
2.0,15516.0,0.0,2031.0,5813.0,0.0,0.0,1376.0,655.0,0.0,0.0
2.0,21329.0,1213.0,1972.0,2130.0,0.0,0.0,1317.0,655.0,1213.0,0.0
2.0,22246.0,2657.0,1952.0,0.0,0.0,0.0,1307.0,645.0,2657.0,0.0
2.0,19589.0,4126.0,1999.0,0.0,0.0,0.0,1375.0,624.0,4126.0,0.0
2.0,15463.0,4383.0,2049.0,0.0,0.0,0.0,1459.0,590.0,4383.0,0.0
2.0,11080.0,3756.0,2087.0,0.0,3111.0,3111.0,1521.0,566.0,3188.0,568.0
2.0,7324.0,1714.0,2094.0,0.0,4860.0,4860.0,1531.0,563.0,524.0,1190.0
2.0,5610.0,1811.0,2125.0,0.0,6826.0,6826.0,1531.0,594.0,0.0,1811.0
2.0,3799.0,1865.0,2160.0,3111.0,5755.0,5755.0,1531.0,629.0,0.0,1865.0
2.0,5045.0,1296.0,2163.0,4860.0,2206.0,2206.0,1509.0,654.0,0.0,1296.0
2.0,8609.0,115.0,2117.0,6826.0,0.0,0.0,1460.0,657.0,0.0,115.0
2.0,15320.0,0.0,2040.0,5755.0,0.0,0.0,1383.0,657.0,0.0,0.0
2.0,21075.0,1203.0,1980.0,2206.0,0.0,0.0,1323.0,657.0,1203.0,0.0
2.0,22078.0,2653.0,1959.0,0.0,0.0,0.0,1313.0,646.0,2653.0,0.0
2.0,19425.0,4104.0,2004.0,0.0,0.0,0.0,1380.0,624.0,4104.0,0.0
2.0,15321.0,4362.0,2053.0,0.0,0.0,0.0,1463.0,590.0,4362.0,0.0
2.0,10959.0,3782.0,2091.0,0.0,3278.0,3278.0,1525.0,566.0,3185.0,597.0
2.0,7177.0,1778.0,2100.0,0.0,5101.0,5101.0,1535.0,565.0,549.0,1229.0
2.0,5399.0,1857.0,2132.0,0.0,7118.0,7118.0,1535.0,597.0,0.0,1857.0
2.0,3542.0,1885.0,2168.0,3278.0,5905.0,5905.0,1535.0,633.0,0.0,1885.0
2.0,4935.0,1280.0,2171.0,5101.0,2099.0,2099.0,1513.0,658.0,0.0,1280.0
2.0,8756.0,49.0,2123.0,7118.0,0.0,0.0,1464.0,659.0,0.0,49.0
2.0,15825.0,0.0,2045.0,5905.0,0.0,0.0,1386.0,659.0,0.0,0.0
2.0,21730.0,1245.0,1986.0,2099.0,0.0,0.0,1327.0,659.0,1245.0,0.0
2.0,22584.0,2724.0,1967.0,0.0,0.0,0.0,1319.0,648.0,2724.0,0.0
2.0,19860.0,4191.0,2014.0,0.0,0.0,0.0,1388.0,626.0,4191.0,0.0
2.0,15669.0,4418.0,2065.0,0.0,0.0,0.0,1473.0,592.0,4418.0,0.0
2.0,11251.0,3771.0,2102.0,0.0,3030.0,3030.0,1534.0,568.0,3148.0,623.0
2.0,7480.0,1671.0,2108.0,0.0,4731.0,4731.0,1542.0,566.0,427.0,1244.0
2.0,5809.0,1866.0,2142.0,0.0,6767.0,6767.0,1542.0,600.0,0.0,1866.0
2.0,3943.0,1867.0,2177.0,3030.0,5779.0,5779.0,1542.0,635.0,0.0,1867.0
2.0,5106.0,1254.0,2179.0,4731.0,2312.0,2312.0,1519.0,660.0,0.0,1254.0
2.0,8583.0,22.0,2129.0,6767.0,0.0,0.0,1469.0,660.0,0.0,22.0
2.0,15328.0,0.0,2050.0,5779.0,0.0,0.0,1390.0,660.0,0.0,0.0
2.0,21107.0,1279.0,1991.0,2312.0,0.0,0.0,1331.0,660.0,1279.0,0.0
2.0,22140.0,2743.0,1972.0,0.0,0.0,0.0,1323.0,649.0,2743.0,0.0
2.0,19397.0,4218.0,2021.0,0.0,0.0,0.0,1394.0,627.0,4218.0,0.0
2.0,15179.0,4440.0,2072.0,0.0,0.0,0.0,1479.0,593.0,4410.0,30.0
2.0,10739.0,3814.0,2109.0,0.0,3620.0,3620.0,1539.0,570.0,3149.0,665.0
2.0,6925.0,1712.0,2117.0,0.0,5372.0,5372.0,1547.0,570.0,412.0,1300.0
2.0,5213.0,1902.0,2151.0,0.0,7444.0,7444.0,1547.0,604.0,0.0,1902.0
2.0,3311.0,1863.0,2187.0,3620.0,5867.0,5867.0,1547.0,640.0,0.0,1863.0
2.0,5068.0,1191.0,2188.0,5372.0,1691.0,1691.0,1525.0,663.0,0.0,1191.0
2.0,9249.0,0.0,2137.0,7444.0,0.0,0.0,1474.0,663.0,0.0,0.0
2.0,16693.0,0.0,2059.0,5867.0,0.0,0.0,1396.0,663.0,0.0,0.0
2.0,22560.0,1296.0,2000.0,1691.0,0.0,0.0,1337.0,663.0,1296.0,0.0
2.0,22955.0,2779.0,1982.0,0.0,0.0,0.0,1330.0,652.0,2779.0,0.0
2.0,20176.0,4267.0,2030.0,0.0,0.0,0.0,1401.0,629.0,4267.0,0.0
2.0,15909.0,4491.0,2081.0,0.0,0.0,0.0,1486.0,595.0,4445.0,46.0
2.0,11418.0,3809.0,2119.0,0.0,2986.0,2986.0,1547.0,572.0,3134.0,675.0
2.0,7609.0,1645.0,2124.0,0.0,4656.0,4656.0,1553.0,571.0,340.0,1305.0
2.0,5964.0,1890.0,2158.0,0.0,6716.0,6716.0,1553.0,605.0,0.0,1890.0
2.0,4074.0,1853.0,2194.0,2986.0,5763.0,5763.0,1553.0,641.0,0.0,1853.0
2.0,5207.0,1184.0,2194.0,4656.0,2291.0,2291.0,1530.0,664.0,0.0,1184.0
2.0,8679.0,0.0,2143.0,6716.0,0.0,0.0,1479.0,664.0,0.0,0.0
2.0,15395.0,0.0,2064.0,5763.0,0.0,0.0,1400.0,664.0,0.0,0.0
2.0,21158.0,1317.0,2005.0,2291.0,0.0,0.0,1341.0,664.0,1317.0,0.0
2.0,22132.0,2779.0,1986.0,0.0,0.0,0.0,1333.0,653.0,2779.0,0.0
2.0,19353.0,4255.0,2034.0,0.0,0.0,0.0,1404.0,630.0,4255.0,0.0
2.0,15098.0,4520.0,2087.0,0.0,0.0,0.0,1490.0,597.0,4436.0,84.0
2.0,10578.0,3877.0,2125.0,0.0,3924.0,3924.0,1550.0,575.0,3155.0,722.0
2.0,6701.0,1747.0,2134.0,0.0,5716.0,5716.0,1558.0,576.0,391.0,1356.0
2.0,4954.0,1901.0,2168.0,0.0,7787.0,7787.0,1558.0,610.0,0.0,1901.0
2.0,3053.0,1810.0,2203.0,3924.0,5848.0,5848.0,1558.0,645.0,0.0,1810.0
2.0,5167.0,1091.0,2201.0,5716.0,1213.0,1213.0,1535.0,666.0,0.0,1091.0
2.0,9792.0,0.0,2150.0,7787.0,0.0,0.0,1484.0,666.0,0.0,0.0
2.0,17579.0,0.0,2071.0,5848.0,0.0,0.0,1405.0,666.0,0.0,0.0
2.0,23427.0,1320.0,2012.0,1213.0,0.0,0.0,1346.0,666.0,1320.0,0.0
2.0,23320.0,2812.0,1994.0,0.0,0.0,0.0,1339.0,655.0,2812.0,0.0
2.0,20508.0,4288.0,2042.0,0.0,0.0,0.0,1411.0,631.0,4288.0,0.0
2.0,16220.0,4587.0,2095.0,0.0,0.0,0.0,1497.0,598.0,4456.0,131.0
2.0,11633.0,3889.0,2133.0,0.0,2921.0,2921.0,1557.0,576.0,3125.0,764.0
2.0,7744.0,1720.0,2142.0,0.0,4686.0,4686.0,1563.0,579.0,324.0,1396.0
2.0,6024.0,1908.0,2177.0,0.0,6769.0,6769.0,1563.0,614.0,0.0,1908.0
2.0,4116.0,1787.0,2212.0,2921.0,5810.0,5810.0,1563.0,649.0,0.0,1787.0
2.0,5250.0,1031.0,2207.0,4686.0,2130.0,2130.0,1539.0,668.0,0.0,1031.0
2.0,8905.0,0.0,2155.0,6769.0,0.0,0.0,1487.0,668.0,0.0,0.0
2.0,15674.0,0.0,2074.0,5810.0,0.0,0.0,1406.0,668.0,0.0,0.0
2.0,21484.0,1363.0,2015.0,2130.0,0.0,0.0,1347.0,668.0,1363.0,0.0
2.0,22251.0,2865.0,1998.0,0.0,0.0,0.0,1342.0,656.0,2865.0,0.0
2.0,19386.0,4375.0,2051.0,0.0,0.0,0.0,1418.0,633.0,4375.0,0.0
2.0,15011.0,4667.0,2105.0,0.0,181.0,181.0,1505.0,600.0,4518.0,149.0
2.0,10344.0,3944.0,2144.0,0.0,4320.0,4320.0,1565.0,579.0,3150.0,794.0
2.0,6400.0,1684.0,2152.0,0.0,6044.0,6044.0,1570.0,582.0,254.0,1430.0
2.0,4716.0,1918.0,2189.0,181.0,7966.0,7966.0,1570.0,619.0,0.0,1918.0
2.0,2979.0,1760.0,2223.0,4320.0,5576.0,5576.0,1570.0,653.0,0.0,1760.0
2.0,5539.0,971.0,2217.0,6044.0,473.0,473.0,1546.0,671.0,0.0,971.0
2.0,10612.0,0.0,2164.0,7966.0,0.0,0.0,1493.0,671.0,0.0,0.0
2.0,18578.0,0.0,2083.0,5576.0,0.0,0.0,1412.0,671.0,0.0,0.0
2.0,24154.0,1328.0,2024.0,473.0,0.0,0.0,1353.0,671.0,1328.0,0.0
2.0,23299.0,2812.0,2004.0,0.0,0.0,0.0,1346.0,658.0,2812.0,0.0
2.0,20487.0,4313.0,2054.0,0.0,0.0,0.0,1421.0,633.0,4313.0,0.0
2.0,16174.0,4668.0,2107.0,0.0,0.0,0.0,1507.0,600.0,4484.0,184.0
2.0,11506.0,4010.0,2149.0,0.0,3249.0,3249.0,1569.0,580.0,3183.0,827.0
2.0,7496.0,1840.0,2161.0,0.0,5149.0,5149.0,1576.0,585.0,371.0,1469.0
2.0,5656.0,1935.0,2199.0,0.0,7274.0,7274.0,1576.0,623.0,0.0,1935.0
2.0,3721.0,1754.0,2232.0,3249.0,5944.0,5944.0,1576.0,656.0,0.0,1754.0
2.0,5216.0,927.0,2225.0,5149.0,1687.0,1687.0,1551.0,674.0,0.0,927.0
2.0,9438.0,0.0,2171.0,7274.0,0.0,0.0,1497.0,674.0,0.0,0.0
2.0,16712.0,0.0,2089.0,5944.0,0.0,0.0,1415.0,674.0,0.0,0.0
2.0,22656.0,1348.0,2029.0,1687.0,0.0,0.0,1356.0,673.0,1348.0,0.0
2.0,22995.0,2860.0,2010.0,0.0,0.0,0.0,1350.0,660.0,2860.0,0.0
2.0,20135.0,4361.0,2063.0,0.0,0.0,0.0,1428.0,635.0,4361.0,0.0
2.0,15774.0,4684.0,2117.0,0.0,0.0,0.0,1515.0,602.0,4514.0,170.0
2.0,11090.0,3969.0,2157.0,0.0,3664.0,3664.0,1575.0,582.0,3160.0,809.0
2.0,7121.0,1752.0,2168.0,0.0,5471.0,5471.0,1581.0,587.0,302.0,1450.0
2.0,5369.0,1922.0,2205.0,0.0,7578.0,7578.0,1581.0,624.0,0.0,1922.0
2.0,3447.0,1755.0,2239.0,3664.0,5839.0,5839.0,1581.0,658.0,0.0,1755.0
2.0,5356.0,960.0,2232.0,5471.0,1293.0,1293.0,1556.0,676.0,0.0,960.0
2.0,9867.0,0.0,2178.0,7578.0,0.0,0.0,1502.0,676.0,0.0,0.0
2.0,17445.0,0.0,2097.0,5839.0,0.0,0.0,1421.0,676.0,0.0,0.0
2.0,23284.0,1366.0,2037.0,1293.0,0.0,0.0,1362.0,675.0,1366.0,0.0
2.0,23211.0,2876.0,2017.0,0.0,0.0,0.0,1356.0,661.0,2876.0,0.0
2.0,20335.0,4374.0,2068.0,0.0,0.0,0.0,1433.0,635.0,4374.0,0.0
2.0,15961.0,4704.0,2121.0,0.0,0.0,0.0,1519.0,602.0,4510.0,194.0
2.0,11257.0,3989.0,2163.0,0.0,3547.0,3547.0,1580.0,583.0,3149.0,840.0
2.0,7268.0,1777.0,2177.0,0.0,5394.0,5394.0,1586.0,591.0,287.0,1490.0
2.0,5491.0,1950.0,2214.0,0.0,7529.0,7529.0,1586.0,628.0,0.0,1950.0
2.0,3541.0,1758.0,2248.0,3547.0,5910.0,5910.0,1586.0,662.0,0.0,1758.0
2.0,5330.0,916.0,2240.0,5394.0,1392.0,1392.0,1560.0,680.0,0.0,916.0
2.0,9808.0,0.0,2186.0,7529.0,0.0,0.0,1506.0,680.0,0.0,0.0
2.0,17337.0,0.0,2104.0,5910.0,0.0,0.0,1424.0,680.0,0.0,0.0
2.0,23247.0,1412.0,2042.0,1392.0,0.0,0.0,1365.0,677.0,1412.0,0.0
2.0,23227.0,2937.0,2024.0,0.0,0.0,0.0,1361.0,663.0,2937.0,0.0
2.0,20290.0,4464.0,2077.0,0.0,0.0,0.0,1441.0,636.0,4464.0,0.0
2.0,15826.0,4748.0,2132.0,0.0,0.0,0.0,1529.0,603.0,4566.0,182.0
2.0,11078.0,3965.0,2173.0,0.0,3752.0,3752.0,1589.0,584.0,3138.0,827.0
2.0,7113.0,1653.0,2186.0,0.0,5470.0,5470.0,1593.0,593.0,180.0,1473.0
2.0,5460.0,1942.0,2223.0,0.0,7597.0,7597.0,1593.0,630.0,0.0,1942.0
2.0,3518.0,1776.0,2257.0,3752.0,5791.0,5791.0,1593.0,664.0,0.0,1776.0
2.0,5494.0,956.0,2248.0,5470.0,1232.0,1232.0,1566.0,682.0,0.0,956.0
2.0,10008.0,0.0,2193.0,7597.0,0.0,0.0,1511.0,682.0,0.0,0.0
2.0,17605.0,0.0,2109.0,5791.0,0.0,0.0,1427.0,682.0,0.0,0.0
2.0,23396.0,1424.0,2048.0,1232.0,0.0,0.0,1368.0,680.0,1424.0,0.0
2.0,23204.0,2932.0,2028.0,0.0,0.0,0.0,1364.0,664.0,2932.0,0.0
2.0,20272.0,4458.0,2081.0,0.0,0.0,0.0,1444.0,637.0,4458.0,0.0
2.0,15814.0,4743.0,2135.0,0.0,0.0,0.0,1532.0,603.0,4565.0,178.0
2.0,11071.0,4006.0,2179.0,0.0,3830.0,3830.0,1593.0,586.0,3168.0,838.0
2.0,7065.0,1730.0,2194.0,0.0,5635.0,5635.0,1598.0,596.0,236.0,1494.0
2.0,5335.0,1967.0,2232.0,0.0,7792.0,7792.0,1598.0,634.0,0.0,1967.0
2.0,3368.0,1782.0,2266.0,3830.0,5914.0,5914.0,1598.0,668.0,0.0,1782.0
2.0,5416.0,940.0,2258.0,5635.0,1179.0,1179.0,1572.0,686.0,0.0,940.0
2.0,10111.0,0.0,2204.0,7792.0,0.0,0.0,1518.0,686.0,0.0,0.0
2.0,17903.0,0.0,2121.0,5914.0,0.0,0.0,1435.0,686.0,0.0,0.0
2.0,23817.0,1424.0,2058.0,1179.0,0.0,0.0,1376.0,682.0,1424.0,0.0
2.0,23572.0,2952.0,2038.0,0.0,0.0,0.0,1372.0,666.0,2952.0,0.0
2.0,20620.0,4464.0,2089.0,0.0,0.0,0.0,1451.0,638.0,4464.0,0.0
2.0,16156.0,4719.0,2142.0,0.0,0.0,0.0,1538.0,604.0,4545.0,174.0
2.0,11437.0,3946.0,2184.0,0.0,3429.0,3429.0,1598.0,586.0,3120.0,826.0
2.0,7491.0,1675.0,2199.0,0.0,5179.0,5179.0,1602.0,597.0,196.0,1479.0
2.0,5816.0,1964.0,2237.0,0.0,7333.0,7333.0,1602.0,635.0,0.0,1964.0
2.0,3852.0,1793.0,2271.0,3429.0,5867.0,5867.0,1602.0,669.0,0.0,1793.0
2.0,5488.0,973.0,2264.0,5179.0,1626.0,1626.0,1576.0,688.0,0.0,973.0
2.0,9694.0,0.0,2209.0,7333.0,0.0,0.0,1521.0,688.0,0.0,0.0
2.0,17027.0,0.0,2125.0,5867.0,0.0,0.0,1437.0,688.0,0.0,0.0
2.0,22894.0,1487.0,2064.0,1626.0,0.0,0.0,1379.0,685.0,1487.0,0.0
2.0,23033.0,3022.0,2045.0,0.0,0.0,0.0,1376.0,669.0,3022.0,0.0
2.0,20011.0,4553.0,2099.0,0.0,0.0,0.0,1458.0,641.0,4553.0,0.0
2.0,15458.0,4777.0,2154.0,0.0,89.0,89.0,1546.0,608.0,4607.0,170.0
2.0,10681.0,3946.0,2196.0,0.0,4245.0,4245.0,1606.0,590.0,3117.0,829.0
2.0,6735.0,1586.0,2208.0,0.0,5891.0,5891.0,1608.0,600.0,100.0,1486.0
2.0,5149.0,1978.0,2246.0,89.0,7970.0,7970.0,1608.0,638.0,0.0,1978.0
2.0,3260.0,1801.0,2281.0,4245.0,5701.0,5701.0,1608.0,673.0,0.0,1801.0
2.0,5704.0,970.0,2273.0,5891.0,740.0,740.0,1582.0,691.0,0.0,970.0
2.0,10625.0,0.0,2218.0,7970.0,0.0,0.0,1527.0,691.0,0.0,0.0
2.0,18595.0,0.0,2134.0,5701.0,0.0,0.0,1443.0,691.0,0.0,0.0
2.0,24296.0,1480.0,2072.0,740.0,0.0,0.0,1384.0,688.0,1480.0,0.0
2.0,23556.0,3017.0,2053.0,0.0,0.0,0.0,1382.0,671.0,3017.0,0.0
2.0,20539.0,4549.0,2107.0,0.0,0.0,0.0,1464.0,643.0,4549.0,0.0
2.0,15990.0,4762.0,2160.0,0.0,0.0,0.0,1552.0,608.0,4602.0,160.0
2.0,11228.0,3937.0,2202.0,0.0,3719.0,3719.0,1612.0,590.0,3117.0,820.0
2.0,7291.0,1603.0,2215.0,0.0,5387.0,5387.0,1614.0,601.0,115.0,1488.0
2.0,5688.0,1992.0,2254.0,0.0,7574.0,7574.0,1614.0,640.0,0.0,1992.0
2.0,3696.0,1832.0,2289.0,3719.0,5862.0,5862.0,1614.0,675.0,0.0,1832.0
2.0,5583.0,998.0,2281.0,5387.0,1433.0,1433.0,1587.0,694.0,0.0,998.0
2.0,9972.0,0.0,2225.0,7574.0,0.0,0.0,1531.0,694.0,0.0,0.0
2.0,17546.0,0.0,2139.0,5862.0,0.0,0.0,1445.0,694.0,0.0,0.0
2.0,23408.0,1487.0,2076.0,1433.0,0.0,0.0,1386.0,690.0,1487.0,0.0
2.0,23354.0,3034.0,2059.0,0.0,0.0,0.0,1384.0,675.0,3034.0,0.0
2.0,20320.0,4592.0,2115.0,0.0,0.0,0.0,1469.0,646.0,4592.0,0.0
2.0,15728.0,4784.0,2169.0,0.0,0.0,0.0,1558.0,611.0,4659.0,125.0
2.0,10944.0,3957.0,2211.0,0.0,4068.0,4068.0,1619.0,592.0,3168.0,789.0
2.0,6987.0,1558.0,2223.0,0.0,5686.0,5686.0,1621.0,602.0,112.0,1446.0
2.0,5429.0,1979.0,2261.0,0.0,7855.0,7855.0,1621.0,640.0,0.0,1979.0
2.0,3450.0,1851.0,2296.0,4068.0,5813.0,5813.0,1621.0,675.0,0.0,1851.0
2.0,5667.0,1068.0,2290.0,5686.0,1165.0,1165.0,1594.0,696.0,0.0,1068.0
2.0,10285.0,0.0,2233.0,7855.0,0.0,0.0,1537.0,696.0,0.0,0.0
2.0,18140.0,0.0,2148.0,5813.0,0.0,0.0,1452.0,696.0,0.0,0.0
2.0,23953.0,1448.0,2085.0,1165.0,0.0,0.0,1392.0,693.0,1448.0,0.0
2.0,23670.0,2986.0,2064.0,0.0,0.0,0.0,1388.0,676.0,2986.0,0.0
2.0,20684.0,4515.0,2119.0,0.0,0.0,0.0,1471.0,648.0,4515.0,0.0
2.0,16169.0,4727.0,2171.0,0.0,0.0,0.0,1559.0,612.0,4608.0,119.0
2.0,11442.0,3965.0,2213.0,0.0,3588.0,3588.0,1620.0,593.0,3179.0,786.0
2.0,7477.0,1686.0,2228.0,0.0,5349.0,5349.0,1625.0,603.0,227.0,1459.0
2.0,5791.0,2005.0,2267.0,0.0,7549.0,7549.0,1625.0,642.0,0.0,2005.0
2.0,3786.0,1878.0,2303.0,3588.0,6019.0,6019.0,1625.0,678.0,0.0,1878.0
2.0,5496.0,1075.0,2295.0,5349.0,1705.0,1705.0,1597.0,698.0,0.0,1075.0
2.0,9770.0,0.0,2238.0,7549.0,0.0,0.0,1540.0,698.0,0.0,0.0
2.0,17319.0,0.0,2153.0,6019.0,0.0,0.0,1455.0,698.0,0.0,0.0
2.0,23338.0,1504.0,2091.0,1705.0,0.0,0.0,1396.0,695.0,1504.0,0.0
2.0,23539.0,3062.0,2074.0,0.0,0.0,0.0,1395.0,679.0,3062.0,0.0
2.0,20477.0,4619.0,2131.0,0.0,0.0,0.0,1480.0,651.0,4619.0,0.0
2.0,15858.0,4766.0,2185.0,0.0,0.0,0.0,1570.0,615.0,4665.0,101.0
2.0,11092.0,3894.0,2225.0,0.0,3927.0,3927.0,1630.0,595.0,3131.0,763.0
2.0,7198.0,1478.0,2235.0,0.0,5455.0,5455.0,1631.0,604.0,56.0,1422.0
2.0,5720.0,1990.0,2273.0,0.0,7635.0,7635.0,1631.0,642.0,0.0,1990.0
2.0,3730.0,1893.0,2309.0,3927.0,5781.0,5781.0,1631.0,678.0,0.0,1893.0
2.0,5764.0,1139.0,2303.0,5455.0,1435.0,1435.0,1603.0,700.0,0.0,1139.0
2.0,10080.0,0.0,2244.0,7635.0,0.0,0.0,1544.0,700.0,0.0,0.0
2.0,17715.0,0.0,2157.0,5781.0,0.0,0.0,1457.0,700.0,0.0,0.0
2.0,23496.0,1526.0,2095.0,1435.0,0.0,0.0,1398.0,697.0,1526.0,0.0
2.0,23405.0,3086.0,2078.0,0.0,0.0,0.0,1397.0,681.0,3086.0,0.0
2.0,20319.0,4650.0,2136.0,0.0,0.0,0.0,1484.0,652.0,4650.0,0.0
2.0,15669.0,4808.0,2192.0,0.0,99.0,99.0,1575.0,617.0,4696.0,112.0
2.0,10861.0,3955.0,2233.0,0.0,4259.0,4259.0,1636.0,597.0,3168.0,787.0
2.0,6906.0,1543.0,2243.0,0.0,5852.0,5852.0,1637.0,606.0,85.0,1458.0
2.0,5363.0,2012.0,2282.0,99.0,7960.0,7960.0,1637.0,645.0,0.0,2012.0
2.0,3450.0,1885.0,2318.0,4259.0,5766.0,5766.0,1637.0,681.0,0.0,1885.0
2.0,5824.0,1087.0,2311.0,5852.0,966.0,966.0,1609.0,702.0,0.0,1087.0
2.0,10589.0,0.0,2253.0,7960.0,0.0,0.0,1551.0,702.0,0.0,0.0
2.0,18549.0,0.0,2165.0,5766.0,0.0,0.0,1463.0,702.0,0.0,0.0
2.0,24315.0,1506.0,2103.0,966.0,0.0,0.0,1404.0,699.0,1506.0,0.0
2.0,23775.0,3072.0,2086.0,0.0,0.0,0.0,1403.0,683.0,3072.0,0.0
2.0,20703.0,4620.0,2145.0,0.0,0.0,0.0,1490.0,655.0,4620.0,0.0
2.0,16083.0,4789.0,2198.0,0.0,0.0,0.0,1579.0,619.0,4664.0,125.0
2.0,11294.0,3953.0,2239.0,0.0,3854.0,3854.0,1640.0,599.0,3155.0,798.0
2.0,7341.0,1575.0,2250.0,0.0,5484.0,5484.0,1642.0,608.0,110.0,1465.0
2.0,5766.0,2008.0,2289.0,0.0,7687.0,7687.0,1642.0,647.0,0.0,2008.0
2.0,3758.0,1885.0,2325.0,3854.0,5898.0,5898.0,1642.0,683.0,0.0,1885.0
2.0,5727.0,1090.0,2318.0,5484.0,1469.0,1469.0,1614.0,704.0,0.0,1090.0
2.0,10121.0,0.0,2259.0,7687.0,0.0,0.0,1555.0,704.0,0.0,0.0
2.0,17808.0,6.0,2171.0,5898.0,0.0,0.0,1467.0,704.0,6.0,0.0
2.0,23700.0,1566.0,2109.0,1469.0,0.0,0.0,1408.0,701.0,1566.0,0.0
2.0,23603.0,3122.0,2093.0,0.0,0.0,0.0,1407.0,686.0,3122.0,0.0
2.0,20481.0,4674.0,2152.0,0.0,0.0,0.0,1494.0,658.0,4674.0,0.0
2.0,15807.0,4817.0,2207.0,0.0,45.0,45.0,1584.0,623.0,4682.0,135.0
2.0,10990.0,3945.0,2248.0,0.0,4195.0,4195.0,1645.0,603.0,3139.0,806.0
2.0,7045.0,1502.0,2256.0,0.0,5737.0,5737.0,1645.0,611.0,26.0,1476.0
2.0,5543.0,2005.0,2294.0,45.0,7887.0,7887.0,1645.0,649.0,0.0,2005.0
2.0,3583.0,1869.0,2330.0,4195.0,5741.0,5741.0,1645.0,685.0,0.0,1869.0
2.0,5909.0,1059.0,2323.0,5737.0,1028.0,1028.0,1617.0,706.0,0.0,1059.0
2.0,10587.0,0.0,2266.0,7887.0,0.0,0.0,1560.0,706.0,0.0,0.0
2.0,18474.0,0.0,2179.0,5741.0,0.0,0.0,1473.0,706.0,0.0,0.0
2.0,24215.0,1572.0,2118.0,1028.0,0.0,0.0,1415.0,703.0,1572.0,0.0
2.0,23671.0,3144.0,2102.0,0.0,0.0,0.0,1414.0,688.0,3144.0,0.0
2.0,20527.0,4708.0,2160.0,0.0,0.0,0.0,1500.0,660.0,4708.0,0.0
2.0,15819.0,4876.0,2216.0,0.0,137.0,137.0,1591.0,625.0,4700.0,176.0
2.0,10943.0,3969.0,2256.0,0.0,4306.0,4306.0,1651.0,605.0,3120.0,849.0
2.0,6974.0,1528.0,2265.0,0.0,5879.0,5879.0,1651.0,614.0,0.0,1528.0
2.0,5446.0,2027.0,2304.0,137.0,7964.0,7964.0,1651.0,653.0,0.0,2027.0
2.0,3556.0,1849.0,2339.0,4306.0,5682.0,5682.0,1651.0,688.0,0.0,1849.0
2.0,6013.0,991.0,2330.0,5879.0,749.0,749.0,1622.0,708.0,0.0,991.0
2.0,10901.0,0.0,2271.0,7964.0,0.0,0.0,1563.0,708.0,0.0,0.0
2.0,18865.0,37.0,2183.0,5682.0,0.0,0.0,1475.0,708.0,37.0,0.0
2.0,24510.0,1610.0,2122.0,749.0,0.0,0.0,1416.0,706.0,1610.0,0.0
2.0,23649.0,3189.0,2108.0,0.0,0.0,0.0,1417.0,691.0,3189.0,0.0
2.0,20460.0,4734.0,2171.0,0.0,0.0,0.0,1507.0,664.0,4734.0,0.0
2.0,15726.0,4897.0,2227.0,0.0,306.0,306.0,1598.0,629.0,4711.0,186.0
2.0,10829.0,3947.0,2266.0,0.0,4448.0,4448.0,1657.0,609.0,3089.0,858.0
2.0,6882.0,1528.0,2273.0,0.0,6011.0,6011.0,1657.0,616.0,0.0,1528.0
2.0,5354.0,2015.0,2312.0,306.0,7915.0,7915.0,1657.0,655.0,0.0,2015.0
2.0,3645.0,1830.0,2347.0,4448.0,5472.0,5472.0,1657.0,690.0,0.0,1830.0
2.0,6263.0,984.0,2337.0,6011.0,395.0,395.0,1628.0,709.0,0.0,984.0
2.0,11290.0,0.0,2277.0,7915.0,0.0,0.0,1568.0,709.0,0.0,0.0
2.0,19205.0,34.0,2189.0,5472.0,0.0,0.0,1480.0,709.0,34.0,0.0
2.0,24643.0,1600.0,2127.0,395.0,0.0,0.0,1420.0,707.0,1600.0,0.0
2.0,23438.0,3161.0,2112.0,0.0,0.0,0.0,1420.0,692.0,3161.0,0.0
2.0,20277.0,4703.0,2173.0,0.0,0.0,0.0,1509.0,664.0,4703.0,0.0
2.0,15574.0,4916.0,2229.0,0.0,487.0,487.0,1599.0,630.0,4692.0,224.0
2.0,10658.0,4031.0,2270.0,0.0,4723.0,4723.0,1659.0,611.0,3126.0,905.0
2.0,6627.0,1610.0,2280.0,0.0,6383.0,6383.0,1660.0,620.0,24.0,1586.0
2.0,5017.0,2045.0,2320.0,487.0,8141.0,8141.0,1660.0,660.0,0.0,2045.0
2.0,3459.0,1814.0,2355.0,4723.0,5407.0,5407.0,1660.0,695.0,0.0,1814.0
2.0,6368.0,906.0,2343.0,6383.0,0.0,0.0,1631.0,712.0,0.0,906.0
2.0,11845.0,0.0,2284.0,8141.0,0.0,0.0,1572.0,712.0,0.0,0.0
2.0,19986.0,79.0,2196.0,5407.0,0.0,0.0,1484.0,712.0,79.0,0.0
2.0,25314.0,1676.0,2137.0,0.0,0.0,0.0,1427.0,710.0,1676.0,0.0
2.0,23638.0,3283.0,2123.0,0.0,0.0,0.0,1429.0,694.0,3283.0,0.0
2.0,20355.0,4787.0,2185.0,0.0,0.0,0.0,1519.0,666.0,4787.0,0.0
2.0,15568.0,4915.0,2241.0,0.0,552.0,552.0,1609.0,632.0,4689.0,226.0
2.0,10653.0,3886.0,2280.0,0.0,4633.0,4633.0,1667.0,613.0,2987.0,899.0
2.0,6767.0,1573.0,2289.0,0.0,6251.0,6251.0,1667.0,622.0,0.0,1573.0
2.0,5194.0,2029.0,2328.0,552.0,7923.0,7923.0,1667.0,661.0,0.0,2029.0
2.0,3717.0,1813.0,2363.0,4633.0,5278.0,5278.0,1667.0,696.0,0.0,1813.0
2.0,6537.0,926.0,2350.0,6251.0,0.0,0.0,1636.0,714.0,0.0,926.0
2.0,11862.0,0.0,2290.0,7923.0,0.0,0.0,1576.0,714.0,0.0,0.0
2.0,19785.0,76.0,2202.0,5278.0,0.0,0.0,1488.0,714.0,76.0,0.0
2.0,24987.0,1655.0,2141.0,0.0,0.0,0.0,1430.0,711.0,1655.0,0.0
2.0,23332.0,3241.0,2128.0,0.0,0.0,0.0,1432.0,696.0,3241.0,0.0
2.0,20091.0,4757.0,2190.0,0.0,0.0,0.0,1523.0,667.0,4757.0,0.0
2.0,15334.0,4945.0,2247.0,0.0,846.0,846.0,1613.0,634.0,4691.0,254.0
2.0,10389.0,4002.0,2288.0,0.0,5053.0,5053.0,1672.0,616.0,3055.0,947.0
2.0,6387.0,1633.0,2299.0,0.0,6741.0,6741.0,1672.0,627.0,0.0,1633.0
2.0,4754.0,2057.0,2338.0,846.0,8147.0,8147.0,1672.0,666.0,0.0,2057.0
2.0,3543.0,1789.0,2373.0,5053.0,5058.0,5058.0,1672.0,701.0,0.0,1789.0
2.0,6807.0,840.0,2359.0,6741.0,0.0,0.0,1642.0,717.0,0.0,840.0
2.0,12708.0,0.0,2298.0,8147.0,0.0,0.0,1581.0,717.0,0.0,0.0
2.0,20855.0,105.0,2210.0,5058.0,0.0,0.0,1493.0,717.0,105.0,0.0
2.0,25808.0,1707.0,2149.0,0.0,0.0,0.0,1435.0,714.0,1707.0,0.0
2.0,24101.0,3309.0,2136.0,0.0,0.0,0.0,1439.0,697.0,3309.0,0.0
2.0,20792.0,4804.0,2199.0,0.0,0.0,0.0,1531.0,668.0,4804.0,0.0
2.0,15988.0,4956.0,2255.0,0.0,243.0,243.0,1621.0,634.0,4690.0,266.0
2.0,11032.0,3912.0,2295.0,0.0,4355.0,4355.0,1678.0,617.0,2965.0,947.0
2.0,7120.0,1631.0,2307.0,0.0,6046.0,6046.0,1678.0,629.0,0.0,1631.0
2.0,5489.0,2055.0,2347.0,243.0,8058.0,8058.0,1678.0,669.0,0.0,2055.0
2.0,3677.0,1794.0,2380.0,4355.0,5662.0,5662.0,1677.0,703.0,0.0,1794.0
2.0,6238.0,851.0,2366.0,6046.0,397.0,397.0,1647.0,719.0,0.0,851.0
2.0,11433.0,0.0,2304.0,8058.0,0.0,0.0,1585.0,719.0,0.0,0.0
2.0,19491.0,113.0,2215.0,5662.0,0.0,0.0,1496.0,719.0,113.0,0.0
2.0,25040.0,1705.0,2155.0,397.0,0.0,0.0,1439.0,716.0,1705.0,0.0
2.0,23732.0,3298.0,2142.0,0.0,0.0,0.0,1443.0,699.0,3298.0,0.0
2.0,20434.0,4797.0,2205.0,0.0,0.0,0.0,1535.0,670.0,4797.0,0.0
2.0,15637.0,4969.0,2261.0,0.0,637.0,637.0,1625.0,636.0,4703.0,266.0
2.0,10668.0,3968.0,2302.0,0.0,4810.0,4810.0,1683.0,619.0,3016.0,952.0
2.0,6700.0,1640.0,2315.0,0.0,6515.0,6515.0,1683.0,632.0,0.0,1640.0
2.0,5060.0,2055.0,2355.0,637.0,8133.0,8133.0,1683.0,672.0,0.0,2055.0
2.0,3642.0,1786.0,2389.0,4810.0,5279.0,5279.0,1683.0,706.0,0.0,1786.0
2.0,6666.0,835.0,2374.0,6515.0,0.0,0.0,1652.0,722.0,0.0,835.0
2.0,12346.0,0.0,2313.0,8133.0,0.0,0.0,1591.0,722.0,0.0,0.0
2.0,20479.0,123.0,2225.0,5279.0,0.0,0.0,1503.0,722.0,123.0,0.0
2.0,25635.0,1731.0,2164.0,0.0,0.0,0.0,1446.0,718.0,1731.0,0.0
2.0,23904.0,3333.0,2150.0,0.0,0.0,0.0,1450.0,700.0,3333.0,0.0
2.0,20571.0,4800.0,2212.0,0.0,0.0,0.0,1542.0,670.0,4800.0,0.0
2.0,15771.0,4951.0,2268.0,0.0,520.0,520.0,1632.0,636.0,4666.0,285.0
2.0,10820.0,3901.0,2308.0,0.0,4621.0,4621.0,1688.0,620.0,2930.0,971.0
2.0,6919.0,1661.0,2322.0,0.0,6352.0,6352.0,1688.0,634.0,0.0,1661.0
2.0,5258.0,2075.0,2362.0,520.0,8107.0,8107.0,1688.0,674.0,0.0,2075.0
2.0,3703.0,1795.0,2395.0,4621.0,5446.0,5446.0,1686.0,709.0,0.0,1795.0
2.0,6529.0,826.0,2379.0,6352.0,0.0,0.0,1654.0,725.0,0.0,826.0
2.0,12055.0,0.0,2316.0,8107.0,0.0,0.0,1591.0,725.0,0.0,0.0
2.0,20162.0,208.0,2228.0,5446.0,0.0,0.0,1503.0,725.0,208.0,0.0
2.0,25400.0,1823.0,2168.0,0.0,0.0,0.0,1448.0,720.0,1823.0,0.0
2.0,23577.0,3444.0,2160.0,0.0,0.0,0.0,1457.0,703.0,3444.0,0.0
2.0,20133.0,4863.0,2223.0,0.0,0.0,0.0,1550.0,673.0,4863.0,0.0
2.0,15270.0,4937.0,2279.0,0.0,1062.0,1062.0,1640.0,639.0,4654.0,283.0
2.0,10333.0,3790.0,2317.0,0.0,5042.0,5042.0,1694.0,623.0,2821.0,969.0
2.0,6543.0,1657.0,2331.0,0.0,6769.0,6769.0,1694.0,637.0,0.0,1657.0
2.0,4886.0,2065.0,2371.0,1062.0,7972.0,7972.0,1694.0,677.0,0.0,2065.0
2.0,3883.0,1785.0,2403.0,5042.0,4875.0,4875.0,1692.0,711.0,0.0,1785.0
2.0,7140.0,823.0,2388.0,6769.0,0.0,0.0,1661.0,727.0,0.0,823.0
2.0,13086.0,0.0,2325.0,7972.0,0.0,0.0,1598.0,727.0,0.0,0.0
2.0,21058.0,170.0,2237.0,4875.0,0.0,0.0,1510.0,727.0,170.0,0.0
2.0,25763.0,1774.0,2176.0,0.0,0.0,0.0,1454.0,722.0,1774.0,0.0
2.0,23989.0,3382.0,2164.0,0.0,0.0,0.0,1460.0,704.0,3382.0,0.0
2.0,20607.0,4823.0,2225.0,0.0,0.0,0.0,1553.0,672.0,4823.0,0.0
2.0,15784.0,4972.0,2281.0,0.0,593.0,593.0,1643.0,638.0,4672.0,300.0
2.0,10812.0,3929.0,2322.0,0.0,4727.0,4727.0,1699.0,623.0,2926.0,1003.0
2.0,6883.0,1701.0,2339.0,0.0,6513.0,6513.0,1699.0,640.0,0.0,1701.0
2.0,5182.0,2096.0,2379.0,593.0,8216.0,8216.0,1699.0,680.0,0.0,2096.0
2.0,3679.0,1790.0,2412.0,4727.0,5444.0,5444.0,1697.0,715.0,0.0,1790.0
2.0,6616.0,783.0,2394.0,6513.0,0.0,0.0,1664.0,730.0,0.0,783.0
2.0,12346.0,0.0,2331.0,8216.0,0.0,0.0,1601.0,730.0,0.0,0.0
2.0,20562.0,225.0,2243.0,5444.0,0.0,0.0,1513.0,730.0,225.0,0.0
2.0,25781.0,1848.0,2183.0,0.0,0.0,0.0,1458.0,725.0,1848.0,0.0
2.0,23933.0,3473.0,2174.0,0.0,0.0,0.0,1468.0,706.0,3473.0,0.0
2.0,20460.0,4870.0,2236.0,0.0,0.0,0.0,1561.0,675.0,4870.0,0.0
2.0,15590.0,4929.0,2292.0,0.0,799.0,799.0,1651.0,641.0,4648.0,281.0
2.0,10661.0,3770.0,2330.0,0.0,4759.0,4759.0,1705.0,625.0,2796.0,974.0
2.0,6891.0,1667.0,2346.0,0.0,6506.0,6506.0,1705.0,641.0,0.0,1667.0
2.0,5224.0,2081.0,2386.0,799.0,7988.0,7988.0,1705.0,681.0,0.0,2081.0
2.0,3942.0,1807.0,2418.0,4759.0,5196.0,5196.0,1702.0,716.0,0.0,1807.0
2.0,6894.0,845.0,2402.0,6506.0,0.0,0.0,1670.0,732.0,0.0,845.0
2.0,12555.0,0.0,2338.0,7988.0,0.0,0.0,1606.0,732.0,0.0,0.0
2.0,20543.0,245.0,2251.0,5196.0,0.0,0.0,1519.0,732.0,245.0,0.0
2.0,25494.0,1874.0,2191.0,0.0,0.0,0.0,1464.0,727.0,1874.0,0.0
2.0,23620.0,3503.0,2182.0,0.0,0.0,0.0,1474.0,708.0,3503.0,0.0
2.0,20117.0,4876.0,2244.0,0.0,0.0,0.0,1567.0,677.0,4876.0,0.0
2.0,15241.0,4915.0,2299.0,0.0,1169.0,1169.0,1656.0,643.0,4635.0,280.0
2.0,10326.0,3752.0,2337.0,0.0,5111.0,5111.0,1710.0,627.0,2770.0,982.0
2.0,6574.0,1680.0,2354.0,0.0,6876.0,6876.0,1710.0,644.0,0.0,1680.0
2.0,4894.0,2098.0,2394.0,1169.0,8005.0,8005.0,1710.0,684.0,0.0,2098.0
2.0,3965.0,1812.0,2426.0,5111.0,4866.0,4866.0,1707.0,719.0,0.0,1812.0
2.0,7264.0,827.0,2409.0,6876.0,0.0,0.0,1674.0,735.0,0.0,827.0
2.0,13313.0,0.0,2345.0,8005.0,0.0,0.0,1610.0,735.0,0.0,0.0
2.0,21318.0,267.0,2258.0,4866.0,0.0,0.0,1523.0,735.0,267.0,0.0
2.0,25917.0,1915.0,2199.0,0.0,0.0,0.0,1470.0,729.0,1915.0,0.0
2.0,24002.0,3564.0,2192.0,0.0,0.0,0.0,1482.0,710.0,3564.0,0.0
2.0,20438.0,4924.0,2256.0,0.0,0.0,0.0,1577.0,679.0,4924.0,0.0
2.0,15514.0,4922.0,2310.0,0.0,958.0,958.0,1666.0,644.0,4634.0,288.0
2.0,10592.0,3675.0,2347.0,0.0,4818.0,4818.0,1718.0,629.0,2691.0,984.0
2.0,6917.0,1684.0,2363.0,0.0,6582.0,6582.0,1718.0,645.0,0.0,1684.0
2.0,5233.0,2102.0,2404.0,958.0,7931.0,7931.0,1718.0,686.0,0.0,2102.0
2.0,4089.0,1827.0,2435.0,4818.0,5095.0,5095.0,1714.0,721.0,0.0,1827.0
2.0,7080.0,845.0,2416.0,6582.0,0.0,0.0,1679.0,737.0,0.0,845.0
2.0,12817.0,0.0,2349.0,7931.0,0.0,0.0,1612.0,737.0,0.0,0.0
2.0,20748.0,260.0,2261.0,5095.0,0.0,0.0,1524.0,737.0,260.0,0.0
2.0,25583.0,1877.0,2201.0,0.0,0.0,0.0,1470.0,731.0,1877.0,0.0
2.0,23706.0,3511.0,2197.0,0.0,0.0,0.0,1484.0,713.0,3511.0,0.0
2.0,20195.0,4897.0,2259.0,0.0,0.0,0.0,1578.0,681.0,4897.0,0.0
2.0,15298.0,4949.0,2314.0,0.0,1221.0,1221.0,1668.0,646.0,4678.0,271.0
2.0,10349.0,3796.0,2353.0,0.0,5212.0,5212.0,1722.0,631.0,2818.0,978.0
2.0,6553.0,1687.0,2370.0,0.0,6984.0,6984.0,1722.0,648.0,0.0,1687.0
2.0,4866.0,2116.0,2410.0,1221.0,8079.0,8079.0,1722.0,688.0,0.0,2116.0
2.0,3971.0,1839.0,2443.0,5212.0,4871.0,4871.0,1719.0,724.0,0.0,1839.0
2.0,7344.0,853.0,2425.0,6984.0,0.0,0.0,1685.0,740.0,0.0,853.0
2.0,13475.0,0.0,2360.0,8079.0,0.0,0.0,1620.0,740.0,0.0,0.0
2.0,21554.0,246.0,2272.0,4871.0,0.0,0.0,1532.0,740.0,246.0,0.0
2.0,26179.0,1894.0,2212.0,0.0,0.0,0.0,1478.0,734.0,1894.0,0.0
2.0,24285.0,3535.0,2205.0,0.0,0.0,0.0,1490.0,715.0,3535.0,0.0
2.0,20750.0,4918.0,2266.0,0.0,0.0,0.0,1584.0,682.0,4918.0,0.0
2.0,15832.0,4929.0,2321.0,0.0,702.0,702.0,1674.0,647.0,4664.0,265.0
2.0,10903.0,3741.0,2358.0,0.0,4628.0,4628.0,1727.0,631.0,2772.0,969.0
2.0,7162.0,1685.0,2376.0,0.0,6403.0,6403.0,1727.0,649.0,0.0,1685.0
2.0,5477.0,2131.0,2417.0,702.0,8037.0,8037.0,1727.0,690.0,0.0,2131.0
2.0,4048.0,1868.0,2449.0,4628.0,5437.0,5437.0,1723.0,726.0,0.0,1868.0
2.0,6808.0,887.0,2431.0,6403.0,0.0,0.0,1688.0,743.0,0.0,887.0
2.0,12324.0,0.0,2364.0,8037.0,0.0,0.0,1621.0,743.0,0.0,0.0
2.0,20361.0,274.0,2275.0,5437.0,0.0,0.0,1532.0,743.0,274.0,0.0
2.0,25524.0,1923.0,2217.0,0.0,0.0,0.0,1480.0,737.0,1923.0,0.0
2.0,23601.0,3583.0,2213.0,0.0,0.0,0.0,1495.0,718.0,3583.0,0.0
2.0,20018.0,4962.0,2277.0,0.0,0.0,0.0,1591.0,686.0,4962.0,0.0
2.0,15056.0,4928.0,2332.0,0.0,1532.0,1532.0,1681.0,651.0,4696.0,232.0
2.0,10128.0,3692.0,2368.0,0.0,5404.0,5404.0,1734.0,634.0,2751.0,941.0
2.0,6436.0,1641.0,2383.0,0.0,7120.0,7120.0,1734.0,649.0,0.0,1641.0
2.0,4795.0,2111.0,2424.0,1532.0,7904.0,7904.0,1734.0,690.0,0.0,2111.0
2.0,4216.0,1875.0,2455.0,5404.0,4530.0,4530.0,1729.0,726.0,0.0,1875.0
2.0,7745.0,944.0,2437.0,7120.0,0.0,0.0,1693.0,744.0,0.0,944.0
2.0,13921.0,0.0,2370.0,7904.0,0.0,0.0,1626.0,744.0,0.0,0.0
2.0,21825.0,256.0,2281.0,4530.0,0.0,0.0,1537.0,744.0,256.0,0.0
2.0,26099.0,1909.0,2223.0,0.0,0.0,0.0,1484.0,739.0,1909.0,0.0
2.0,24190.0,3552.0,2219.0,0.0,0.0,0.0,1499.0,720.0,3552.0,0.0
2.0,20638.0,4947.0,2283.0,0.0,0.0,0.0,1595.0,688.0,4947.0,0.0
2.0,15691.0,4945.0,2337.0,0.0,939.0,939.0,1685.0,652.0,4683.0,262.0
2.0,10746.0,3766.0,2374.0,0.0,4890.0,4890.0,1738.0,636.0,2791.0,975.0
2.0,6980.0,1686.0,2391.0,0.0,6661.0,6661.0,1738.0,653.0,0.0,1686.0
2.0,5294.0,2135.0,2432.0,939.0,8062.0,8062.0,1738.0,694.0,0.0,2135.0
2.0,4098.0,1865.0,2463.0,4890.0,5192.0,5192.0,1733.0,730.0,0.0,1865.0
2.0,7123.0,889.0,2443.0,6661.0,0.0,0.0,1696.0,747.0,0.0,889.0
2.0,12895.0,0.0,2375.0,8062.0,0.0,0.0,1628.0,747.0,0.0,0.0
2.0,20957.0,285.0,2286.0,5192.0,0.0,0.0,1539.0,747.0,285.0,0.0
2.0,25864.0,1941.0,2228.0,0.0,0.0,0.0,1487.0,741.0,1941.0,0.0
2.0,23923.0,3603.0,2226.0,0.0,0.0,0.0,1504.0,722.0,3603.0,0.0
2.0,20320.0,4987.0,2290.0,0.0,0.0,0.0,1600.0,690.0,4987.0,0.0
2.0,15333.0,4952.0,2345.0,0.0,1344.0,1344.0,1691.0,654.0,4697.0,255.0
2.0,10381.0,3703.0,2381.0,0.0,5227.0,5227.0,1743.0,638.0,2739.0,964.0
2.0,6678.0,1676.0,2397.0,0.0,6983.0,6983.0,1743.0,654.0,0.0,1676.0
2.0,5002.0,2133.0,2438.0,1344.0,7977.0,7977.0,1743.0,695.0,0.0,2133.0
2.0,4213.0,1886.0,2469.0,5227.0,4791.0,4791.0,1738.0,731.0,0.0,1886.0
2.0,7554.0,922.0,2451.0,6983.0,0.0,0.0,1702.0,749.0,0.0,922.0
2.0,13615.0,0.0,2384.0,7977.0,0.0,0.0,1635.0,749.0,0.0,0.0
2.0,21592.0,286.0,2295.0,4791.0,0.0,0.0,1546.0,749.0,286.0,0.0
2.0,26097.0,1944.0,2237.0,0.0,0.0,0.0,1493.0,744.0,1944.0,0.0
2.0,24153.0,3597.0,2233.0,0.0,0.0,0.0,1508.0,725.0,3597.0,0.0
2.0,20556.0,4976.0,2296.0,0.0,0.0,0.0,1604.0,692.0,4976.0,0.0
2.0,15580.0,4959.0,2352.0,0.0,1139.0,1139.0,1695.0,657.0,4705.0,254.0
2.0,10621.0,3759.0,2388.0,0.0,5078.0,5078.0,1748.0,640.0,2787.0,972.0
2.0,6862.0,1686.0,2404.0,0.0,6844.0,6844.0,1748.0,656.0,0.0,1686.0
2.0,5176.0,2149.0,2445.0,1139.0,8059.0,8059.0,1748.0,697.0,0.0,2149.0
2.0,4166.0,1882.0,2476.0,5078.0,5018.0,5018.0,1743.0,733.0,0.0,1882.0
2.0,7362.0,904.0,2458.0,6844.0,0.0,0.0,1707.0,751.0,0.0,904.0
2.0,13302.0,0.0,2390.0,8059.0,0.0,0.0,1639.0,751.0,0.0,0.0
2.0,21361.0,288.0,2301.0,5018.0,0.0,0.0,1550.0,751.0,288.0,0.0
2.0,26091.0,1972.0,2244.0,0.0,0.0,0.0,1498.0,746.0,1972.0,0.0
2.0,24119.0,3648.0,2242.0,0.0,0.0,0.0,1515.0,727.0,3648.0,0.0
2.0,20471.0,5018.0,2307.0,0.0,0.0,0.0,1612.0,695.0,5018.0,0.0
2.0,15453.0,4968.0,2361.0,0.0,1320.0,1320.0,1702.0,659.0,4700.0,268.0
2.0,10485.0,3690.0,2396.0,0.0,5185.0,5185.0,1754.0,642.0,2707.0,983.0
2.0,6795.0,1695.0,2411.0,0.0,6955.0,6955.0,1754.0,657.0,0.0,1695.0
2.0,5100.0,2152.0,2453.0,1320.0,7997.0,7997.0,1754.0,699.0,0.0,2152.0
2.0,4268.0,1887.0,2484.0,5185.0,4854.0,4854.0,1749.0,735.0,0.0,1887.0
2.0,7566.0,906.0,2464.0,6955.0,0.0,0.0,1712.0,752.0,0.0,906.0
2.0,13615.0,0.0,2395.0,7997.0,0.0,0.0,1643.0,752.0,0.0,0.0
2.0,21612.0,290.0,2305.0,4854.0,0.0,0.0,1553.0,752.0,290.0,0.0
2.0,26176.0,1956.0,2248.0,0.0,0.0,0.0,1500.0,748.0,1956.0,0.0
2.0,24220.0,3635.0,2247.0,0.0,0.0,0.0,1517.0,730.0,3635.0,0.0
2.0,20585.0,5031.0,2312.0,0.0,0.0,0.0,1614.0,698.0,5031.0,0.0
2.0,15554.0,5028.0,2369.0,0.0,1319.0,1319.0,1706.0,663.0,4761.0,267.0
2.0,10526.0,3788.0,2405.0,0.0,5287.0,5287.0,1759.0,646.0,2802.0,986.0
2.0,6738.0,1699.0,2419.0,0.0,7056.0,7056.0,1759.0,660.0,0.0,1699.0
2.0,5039.0,2143.0,2461.0,1319.0,8090.0,8090.0,1759.0,702.0,0.0,2143.0
2.0,4215.0,1871.0,2493.0,5287.0,4834.0,4834.0,1755.0,738.0,0.0,1871.0
2.0,7631.0,889.0,2473.0,7056.0,0.0,0.0,1718.0,755.0,0.0,889.0
2.0,13798.0,0.0,2405.0,8090.0,0.0,0.0,1650.0,755.0,0.0,0.0
2.0,21888.0,266.0,2315.0,4834.0,0.0,0.0,1560.0,755.0,266.0,0.0
2.0,26456.0,1945.0,2257.0,0.0,0.0,0.0,1507.0,750.0,1945.0,0.0
2.0,24511.0,3611.0,2254.0,0.0,0.0,0.0,1523.0,731.0,3611.0,0.0
2.0,20900.0,5011.0,2317.0,0.0,0.0,0.0,1619.0,698.0,5011.0,0.0
2.0,15889.0,5050.0,2373.0,0.0,1026.0,1026.0,1710.0,663.0,4747.0,303.0
2.0,10839.0,3840.0,2411.0,0.0,5056.0,5056.0,1764.0,647.0,2814.0,1026.0
2.0,6999.0,1745.0,2428.0,0.0,6886.0,6886.0,1764.0,664.0,0.0,1745.0
2.0,5254.0,2166.0,2469.0,1026.0,8231.0,8231.0,1764.0,705.0,0.0,2166.0
2.0,4114.0,1867.0,2500.0,5056.0,5197.0,5197.0,1759.0,741.0,0.0,1867.0
2.0,7303.0,836.0,2479.0,6886.0,0.0,0.0,1722.0,757.0,0.0,836.0
2.0,13353.0,0.0,2409.0,8231.0,0.0,0.0,1652.0,757.0,0.0,0.0
2.0,21584.0,346.0,2320.0,5197.0,0.0,0.0,1563.0,757.0,346.0,0.0
2.0,26435.0,2033.0,2264.0,0.0,0.0,0.0,1512.0,752.0,2033.0,0.0
2.0,24402.0,3718.0,2265.0,0.0,0.0,0.0,1531.0,734.0,3718.0,0.0
2.0,20684.0,5064.0,2329.0,0.0,0.0,0.0,1628.0,701.0,5064.0,0.0
2.0,15620.0,5023.0,2385.0,0.0,1328.0,1328.0,1719.0,666.0,4722.0,301.0
2.0,10597.0,3705.0,2421.0,0.0,5213.0,5213.0,1771.0,650.0,2689.0,1016.0
2.0,6892.0,1734.0,2436.0,0.0,7022.0,7022.0,1771.0,665.0,0.0,1734.0
2.0,5158.0,2151.0,2477.0,1328.0,8050.0,8050.0,1771.0,706.0,0.0,2151.0
2.0,4335.0,1860.0,2507.0,5213.0,4847.0,4847.0,1765.0,742.0,0.0,1860.0
2.0,7688.0,851.0,2487.0,7022.0,0.0,0.0,1728.0,759.0,0.0,851.0
2.0,13859.0,0.0,2417.0,8050.0,0.0,0.0,1658.0,759.0,0.0,0.0
2.0,21909.0,329.0,2328.0,4847.0,0.0,0.0,1569.0,759.0,329.0,0.0
2.0,26427.0,2014.0,2271.0,0.0,0.0,0.0,1517.0,754.0,2014.0,0.0
2.0,24413.0,3696.0,2270.0,0.0,0.0,0.0,1535.0,735.0,3696.0,0.0
2.0,20717.0,5040.0,2335.0,0.0,0.0,0.0,1632.0,703.0,5040.0,0.0
2.0,15677.0,5044.0,2390.0,0.0,1317.0,1317.0,1722.0,668.0,4707.0,337.0
2.0,10633.0,3775.0,2426.0,0.0,5272.0,5272.0,1774.0,652.0,2713.0,1062.0
2.0,6858.0,1788.0,2443.0,0.0,7145.0,7145.0,1774.0,669.0,0.0,1788.0
2.0,5070.0,2170.0,2485.0,1317.0,8208.0,8208.0,1774.0,711.0,0.0,2170.0
2.0,4217.0,1826.0,2515.0,5272.0,4912.0,4912.0,1769.0,746.0,0.0,1826.0
2.0,7663.0,760.0,2491.0,7145.0,0.0,0.0,1731.0,760.0,0.0,760.0
2.0,14048.0,0.0,2421.0,8208.0,0.0,0.0,1661.0,760.0,0.0,0.0
2.0,22256.0,399.0,2332.0,4912.0,0.0,0.0,1572.0,760.0,399.0,0.0
2.0,26769.0,2102.0,2277.0,0.0,0.0,0.0,1522.0,755.0,2102.0,0.0
2.0,24667.0,3816.0,2279.0,0.0,0.0,0.0,1543.0,736.0,3816.0,0.0
2.0,20851.0,5112.0,2346.0,0.0,0.0,0.0,1642.0,704.0,5112.0,0.0
2.0,15739.0,5077.0,2402.0,0.0,1348.0,1348.0,1732.0,670.0,4704.0,373.0
2.0,10662.0,3663.0,2436.0,0.0,5181.0,5181.0,1782.0,654.0,2571.0,1092.0
2.0,6999.0,1813.0,2454.0,0.0,7084.0,7084.0,1782.0,672.0,0.0,1813.0
2.0,5186.0,2171.0,2496.0,1348.0,8117.0,8117.0,1782.0,714.0,0.0,2171.0
2.0,4363.0,1804.0,2524.0,5181.0,4880.0,4880.0,1776.0,748.0,0.0,1804.0
2.0,7740.0,721.0,2500.0,7084.0,0.0,0.0,1738.0,762.0,0.0,721.0
2.0,14103.0,0.0,2431.0,8117.0,0.0,0.0,1669.0,762.0,0.0,0.0
2.0,22220.0,387.0,2341.0,4880.0,0.0,0.0,1579.0,762.0,387.0,0.0
2.0,26713.0,2072.0,2285.0,0.0,0.0,0.0,1528.0,757.0,2072.0,0.0
2.0,24641.0,3770.0,2284.0,0.0,0.0,0.0,1546.0,738.0,3770.0,0.0
2.0,20871.0,5086.0,2349.0,0.0,0.0,0.0,1644.0,705.0,5086.0,0.0
2.0,15785.0,5120.0,2407.0,0.0,1370.0,1370.0,1735.0,672.0,4725.0,395.0
2.0,10665.0,3794.0,2443.0,0.0,5344.0,5344.0,1786.0,657.0,2664.0,1130.0
2.0,6871.0,1859.0,2462.0,0.0,7298.0,7298.0,1786.0,676.0,0.0,1859.0
2.0,5012.0,2188.0,2504.0,1370.0,8326.0,8326.0,1786.0,718.0,0.0,2188.0
2.0,4194.0,1783.0,2533.0,5344.0,4910.0,4910.0,1781.0,752.0,0.0,1783.0
2.0,7755.0,652.0,2509.0,7298.0,0.0,0.0,1744.0,765.0,0.0,652.0
2.0,14401.0,0.0,2439.0,8326.0,0.0,0.0,1674.0,765.0,0.0,0.0
2.0,22727.0,402.0,2350.0,4910.0,0.0,0.0,1585.0,765.0,402.0,0.0
2.0,27235.0,2099.0,2293.0,0.0,0.0,0.0,1534.0,759.0,2099.0,0.0
2.0,25136.0,3805.0,2293.0,0.0,0.0,0.0,1554.0,739.0,3805.0,0.0
2.0,21331.0,5094.0,2358.0,0.0,0.0,0.0,1652.0,706.0,5094.0,0.0
2.0,16237.0,5095.0,2414.0,0.0,928.0,928.0,1742.0,672.0,4684.0,411.0
2.0,11142.0,3716.0,2449.0,0.0,4819.0,4819.0,1791.0,658.0,2575.0,1141.0
2.0,7426.0,1870.0,2469.0,0.0,6789.0,6789.0,1791.0,678.0,0.0,1870.0
2.0,5556.0,2188.0,2511.0,928.0,8259.0,8259.0,1791.0,720.0,0.0,2188.0
2.0,4296.0,1785.0,2538.0,4819.0,5360.0,5360.0,1784.0,754.0,0.0,1785.0
2.0,7330.0,654.0,2512.0,6789.0,0.0,0.0,1745.0,767.0,0.0,654.0
2.0,13465.0,0.0,2441.0,8259.0,0.0,0.0,1674.0,767.0,0.0,0.0
2.0,21724.0,471.0,2353.0,5360.0,0.0,0.0,1586.0,767.0,471.0,0.0
2.0,26613.0,2179.0,2298.0,0.0,0.0,0.0,1537.0,761.0,2179.0,0.0
2.0,24434.0,3879.0,2302.0,0.0,0.0,0.0,1560.0,742.0,3879.0,0.0
2.0,20555.0,5124.0,2366.0,0.0,0.0,0.0,1658.0,708.0,5124.0,0.0
2.0,15431.0,5085.0,2423.0,0.0,1769.0,1769.0,1748.0,675.0,4660.0,425.0
2.0,10346.0,3647.0,2458.0,0.0,5591.0,5591.0,1796.0,662.0,2492.0,1155.0
2.0,6699.0,1882.0,2477.0,0.0,7568.0,7568.0,1796.0,681.0,0.0,1882.0
2.0,4817.0,2187.0,2520.0,1769.0,8201.0,8201.0,1796.0,724.0,0.0,2187.0
2.0,4399.0,1762.0,2546.0,5591.0,4502.0,4502.0,1789.0,757.0,0.0,1762.0
2.0,8228.0,617.0,2520.0,7568.0,0.0,0.0,1751.0,769.0,0.0,617.0
2.0,15179.0,0.0,2448.0,8201.0,0.0,0.0,1679.0,769.0,0.0,0.0
2.0,23380.0,505.0,2361.0,4502.0,0.0,0.0,1592.0,769.0,505.0,0.0
2.0,27377.0,2224.0,2307.0,0.0,0.0,0.0,1544.0,763.0,2224.0,0.0
2.0,25153.0,3932.0,2310.0,0.0,0.0,0.0,1568.0,742.0,3932.0,0.0
2.0,21221.0,5139.0,2375.0,0.0,0.0,0.0,1667.0,708.0,5139.0,0.0
2.0,16082.0,5084.0,2431.0,0.0,1157.0,1157.0,1756.0,675.0,4622.0,462.0
2.0,10998.0,3592.0,2465.0,0.0,4919.0,4919.0,1802.0,663.0,2396.0,1196.0
2.0,7406.0,1937.0,2488.0,0.0,6971.0,6971.0,1802.0,686.0,0.0,1937.0
2.0,5469.0,2212.0,2530.0,1157.0,8236.0,8236.0,1802.0,728.0,0.0,2212.0
2.0,4414.0,1753.0,2556.0,4919.0,5200.0,5200.0,1794.0,762.0,0.0,1753.0
2.0,7580.0,553.0,2527.0,6971.0,0.0,0.0,1754.0,773.0,0.0,553.0
2.0,13998.0,0.0,2453.0,8236.0,0.0,0.0,1680.0,773.0,0.0,0.0
2.0,22234.0,559.0,2366.0,5200.0,0.0,0.0,1593.0,773.0,559.0,0.0
2.0,26875.0,2275.0,2311.0,0.0,0.0,0.0,1546.0,765.0,2275.0,0.0
2.0,24600.0,3997.0,2317.0,0.0,0.0,0.0,1573.0,744.0,3997.0,0.0
2.0,20603.0,5168.0,2382.0,0.0,0.0,0.0,1673.0,709.0,5168.0,0.0
2.0,15435.0,5088.0,2439.0,0.0,1848.0,1848.0,1762.0,677.0,4629.0,459.0
2.0,10347.0,3552.0,2472.0,0.0,5565.0,5565.0,1807.0,665.0,2353.0,1199.0
2.0,6795.0,1932.0,2495.0,0.0,7612.0,7612.0,1807.0,688.0,0.0,1932.0
2.0,4863.0,2207.0,2538.0,1848.0,8186.0,8186.0,1807.0,731.0,0.0,2207.0
2.0,4504.0,1747.0,2564.0,5565.0,4498.0,4498.0,1800.0,764.0,0.0,1747.0
2.0,8322.0,554.0,2535.0,7612.0,0.0,0.0,1760.0,775.0,0.0,554.0
2.0,15380.0,0.0,2462.0,8186.0,0.0,0.0,1687.0,775.0,0.0,0.0
2.0,23566.0,567.0,2375.0,4498.0,0.0,0.0,1600.0,775.0,567.0,0.0
2.0,27497.0,2290.0,2321.0,0.0,0.0,0.0,1554.0,767.0,2290.0,0.0
2.0,25207.0,4006.0,2325.0,0.0,0.0,0.0,1579.0,746.0,4006.0,0.0
2.0,21201.0,5150.0,2388.0,0.0,0.0,0.0,1678.0,710.0,5150.0,0.0
2.0,16051.0,5056.0,2444.0,0.0,1225.0,1225.0,1767.0,677.0,4593.0,463.0
2.0,10995.0,3541.0,2478.0,0.0,4936.0,4936.0,1812.0,666.0,2331.0,1210.0
2.0,7454.0,1955.0,2503.0,0.0,7016.0,7016.0,1812.0,691.0,0.0,1955.0
2.0,5499.0,2239.0,2546.0,1225.0,8245.0,8245.0,1812.0,734.0,0.0,2239.0
2.0,4485.0,1771.0,2572.0,4936.0,5210.0,5210.0,1804.0,768.0,0.0,1771.0
2.0,7650.0,557.0,2542.0,7016.0,0.0,0.0,1763.0,779.0,0.0,557.0
2.0,14109.0,0.0,2469.0,8245.0,0.0,0.0,1690.0,779.0,0.0,0.0
2.0,22354.0,603.0,2383.0,5210.0,0.0,0.0,1604.0,779.0,603.0,0.0
2.0,26961.0,2348.0,2330.0,0.0,0.0,0.0,1559.0,771.0,2348.0,0.0
2.0,24613.0,4092.0,2337.0,0.0,0.0,0.0,1588.0,749.0,4092.0,0.0
2.0,20521.0,5219.0,2402.0,0.0,0.0,0.0,1689.0,713.0,5219.0,0.0
2.0,15302.0,5031.0,2456.0,0.0,2009.0,2009.0,1777.0,679.0,4596.0,435.0
2.0,10271.0,3407.0,2487.0,0.0,5571.0,5571.0,1820.0,667.0,2234.0,1173.0
2.0,6864.0,1911.0,2511.0,0.0,7602.0,7602.0,1820.0,691.0,0.0,1911.0
2.0,4953.0,2220.0,2554.0,2009.0,8028.0,8028.0,1820.0,734.0,0.0,2220.0
2.0,4742.0,1792.0,2580.0,5571.0,4379.0,4379.0,1811.0,769.0,0.0,1792.0
2.0,8521.0,634.0,2550.0,7602.0,0.0,0.0,1769.0,781.0,0.0,634.0
2.0,15489.0,0.0,2475.0,8028.0,0.0,0.0,1694.0,781.0,0.0,0.0
2.0,23517.0,596.0,2388.0,4379.0,0.0,0.0,1607.0,781.0,596.0,0.0
2.0,27300.0,2327.0,2335.0,0.0,0.0,0.0,1562.0,773.0,2327.0,0.0
2.0,24973.0,4051.0,2342.0,0.0,0.0,0.0,1592.0,750.0,4051.0,0.0
2.0,20922.0,5189.0,2406.0,0.0,0.0,0.0,1692.0,714.0,5189.0,0.0
2.0,15733.0,5034.0,2461.0,0.0,1606.0,1606.0,1781.0,680.0,4607.0,427.0
2.0,10699.0,3474.0,2494.0,0.0,5245.0,5245.0,1825.0,669.0,2299.0,1175.0
2.0,7225.0,1922.0,2519.0,0.0,7292.0,7292.0,1825.0,694.0,0.0,1922.0
2.0,5303.0,2239.0,2562.0,1606.0,8140.0,8140.0,1825.0,737.0,0.0,2239.0
2.0,4670.0,1805.0,2587.0,5245.0,4825.0,4825.0,1815.0,772.0,0.0,1805.0
2.0,8110.0,627.0,2556.0,7292.0,0.0,0.0,1772.0,784.0,0.0,627.0
2.0,14775.0,0.0,2481.0,8140.0,0.0,0.0,1697.0,784.0,0.0,0.0
2.0,22915.0,628.0,2394.0,4825.0,0.0,0.0,1610.0,784.0,628.0,0.0
2.0,27112.0,2375.0,2342.0,0.0,0.0,0.0,1567.0,775.0,2375.0,0.0
2.0,24737.0,4113.0,2352.0,0.0,0.0,0.0,1600.0,752.0,4113.0,0.0
2.0,20624.0,5222.0,2415.0,0.0,0.0,0.0,1700.0,715.0,5222.0,0.0
2.0,15402.0,4996.0,2469.0,0.0,1939.0,1939.0,1788.0,681.0,4564.0,432.0
2.0,10406.0,3360.0,2499.0,0.0,5449.0,5449.0,1830.0,669.0,2186.0,1174.0
2.0,7046.0,1921.0,2526.0,0.0,7505.0,7505.0,1830.0,696.0,0.0,1921.0
2.0,5125.0,2240.0,2569.0,1939.0,8021.0,8021.0,1830.0,739.0,0.0,2240.0
2.0,4824.0,1821.0,2593.0,5449.0,4513.0,4513.0,1819.0,774.0,0.0,1821.0
2.0,8452.0,650.0,2562.0,7505.0,0.0,0.0,1776.0,786.0,0.0,650.0
2.0,15307.0,0.0,2485.0,8021.0,0.0,0.0,1699.0,786.0,0.0,0.0
2.0,23328.0,683.0,2399.0,4513.0,0.0,0.0,1613.0,786.0,683.0,0.0
2.0,27158.0,2419.0,2348.0,0.0,0.0,0.0,1570.0,778.0,2419.0,0.0
2.0,24739.0,4158.0,2359.0,0.0,0.0,0.0,1605.0,754.0,4158.0,0.0
2.0,20581.0,5228.0,2422.0,0.0,0.0,0.0,1705.0,717.0,5228.0,0.0
2.0,15353.0,4986.0,2476.0,0.0,2013.0,2013.0,1793.0,683.0,4567.0,419.0
2.0,10367.0,3326.0,2507.0,0.0,5494.0,5494.0,1835.0,672.0,2158.0,1168.0
2.0,7041.0,1922.0,2533.0,0.0,7546.0,7546.0,1835.0,698.0,0.0,1922.0
2.0,5119.0,2249.0,2576.0,2013.0,7997.0,7997.0,1835.0,741.0,0.0,2249.0
2.0,4883.0,1826.0,2600.0,5494.0,4449.0,4449.0,1824.0,776.0,0.0,1826.0
2.0,8551.0,651.0,2569.0,7546.0,0.0,0.0,1780.0,789.0,0.0,651.0
2.0,15446.0,0.0,2492.0,7997.0,0.0,0.0,1703.0,789.0,0.0,0.0
2.0,23443.0,678.0,2406.0,4449.0,0.0,0.0,1617.0,789.0,678.0,0.0
2.0,27214.0,2430.0,2355.0,0.0,0.0,0.0,1575.0,780.0,2430.0,0.0
2.0,24784.0,4176.0,2367.0,0.0,0.0,0.0,1610.0,757.0,4176.0,0.0
2.0,20608.0,5234.0,2430.0,0.0,0.0,0.0,1711.0,719.0,5234.0,0.0
2.0,15374.0,4954.0,2482.0,0.0,1990.0,1990.0,1798.0,684.0,4536.0,418.0
2.0,10420.0,3274.0,2512.0,0.0,5414.0,5414.0,1839.0,673.0,2108.0,1166.0
2.0,7146.0,1919.0,2538.0,0.0,7463.0,7463.0,1839.0,699.0,0.0,1919.0
2.0,5227.0,2261.0,2581.0,1990.0,7949.0,7949.0,1839.0,742.0,0.0,2261.0
2.0,4956.0,1848.0,2605.0,5414.0,4503.0,4503.0,1827.0,778.0,0.0,1848.0
2.0,8522.0,676.0,2573.0,7463.0,0.0,0.0,1782.0,791.0,0.0,676.0
2.0,15309.0,0.0,2494.0,7949.0,0.0,0.0,1703.0,791.0,0.0,0.0
2.0,23258.0,733.0,2408.0,4503.0,0.0,0.0,1617.0,791.0,733.0,0.0
2.0,27028.0,2492.0,2359.0,0.0,0.0,0.0,1577.0,782.0,2492.0,0.0
2.0,24536.0,4258.0,2376.0,0.0,0.0,0.0,1616.0,760.0,4258.0,0.0
2.0,20278.0,5290.0,2440.0,0.0,0.0,0.0,1717.0,723.0,5290.0,0.0
2.0,14988.0,4956.0,2493.0,0.0,2433.0,2433.0,1805.0,688.0,4547.0,409.0
2.0,10032.0,3195.0,2520.0,0.0,5763.0,5763.0,1844.0,676.0,2032.0,1163.0
2.0,6837.0,1914.0,2545.0,0.0,7802.0,7802.0,1844.0,701.0,0.0,1914.0
2.0,4923.0,2255.0,2588.0,2433.0,7839.0,7839.0,1844.0,744.0,0.0,2255.0
2.0,5101.0,1845.0,2612.0,5763.0,4041.0,4041.0,1832.0,780.0,0.0,1845.0
2.0,9019.0,690.0,2581.0,7802.0,0.0,0.0,1788.0,793.0,0.0,690.0
2.0,16131.0,0.0,2503.0,7839.0,0.0,0.0,1710.0,793.0,0.0,0.0
2.0,23970.0,744.0,2417.0,4041.0,0.0,0.0,1624.0,793.0,744.0,0.0
2.0,27267.0,2487.0,2369.0,0.0,0.0,0.0,1584.0,785.0,2487.0,0.0
2.0,24780.0,4236.0,2383.0,0.0,0.0,0.0,1621.0,762.0,4236.0,0.0
2.0,20544.0,5241.0,2447.0,0.0,0.0,0.0,1722.0,725.0,5241.0,0.0
2.0,15303.0,4940.0,2499.0,0.0,2132.0,2132.0,1809.0,690.0,4526.0,414.0
2.0,10363.0,3230.0,2526.0,0.0,5497.0,5497.0,1848.0,678.0,2058.0,1172.0
2.0,7133.0,1931.0,2551.0,0.0,7553.0,7553.0,1848.0,703.0,0.0,1931.0
2.0,5202.0,2274.0,2595.0,2132.0,7915.0,7915.0,1848.0,747.0,0.0,2274.0
2.0,5060.0,1860.0,2618.0,5497.0,4393.0,4393.0,1836.0,782.0,0.0,1860.0
2.0,8697.0,678.0,2586.0,7553.0,0.0,0.0,1790.0,796.0,0.0,678.0
2.0,15572.0,0.0,2507.0,7915.0,0.0,0.0,1711.0,796.0,0.0,0.0
2.0,23487.0,804.0,2422.0,4393.0,0.0,0.0,1626.0,796.0,804.0,0.0
2.0,27076.0,2585.0,2375.0,0.0,0.0,0.0,1588.0,787.0,2585.0,0.0
2.0,24491.0,4356.0,2395.0,0.0,0.0,0.0,1630.0,765.0,4356.0,0.0
2.0,20135.0,5308.0,2460.0,0.0,0.0,0.0,1732.0,728.0,5308.0,0.0
2.0,14827.0,4891.0,2511.0,0.0,2619.0,2619.0,1819.0,692.0,4492.0,399.0
2.0,9936.0,3050.0,2535.0,0.0,5789.0,5789.0,1855.0,680.0,1893.0,1157.0
2.0,6886.0,1912.0,2559.0,0.0,7821.0,7821.0,1855.0,704.0,0.0,1912.0
2.0,4974.0,2269.0,2602.0,2619.0,7686.0,7686.0,1855.0,747.0,0.0,2269.0
2.0,5324.0,1878.0,2626.0,5789.0,3895.0,3895.0,1842.0,784.0,0.0,1878.0
2.0,9235.0,726.0,2592.0,7821.0,0.0,0.0,1795.0,797.0,0.0,726.0
2.0,16330.0,0.0,2512.0,7686.0,0.0,0.0,1715.0,797.0,0.0,0.0
2.0,24016.0,824.0,2428.0,3895.0,0.0,0.0,1631.0,797.0,824.0,0.0
2.0,27087.0,2589.0,2382.0,0.0,0.0,0.0,1593.0,789.0,2589.0,0.0
2.0,24498.0,4352.0,2402.0,0.0,0.0,0.0,1635.0,767.0,4352.0,0.0
2.0,20146.0,5297.0,2467.0,0.0,0.0,0.0,1737.0,730.0,5297.0,0.0
2.0,14849.0,4888.0,2517.0,0.0,2624.0,2624.0,1823.0,694.0,4488.0,400.0
2.0,9961.0,3070.0,2542.0,0.0,5819.0,5819.0,1860.0,682.0,1905.0,1165.0
2.0,6891.0,1933.0,2566.0,0.0,7872.0,7872.0,1860.0,706.0,0.0,1933.0
2.0,4958.0,2289.0,2610.0,2624.0,7757.0,7757.0,1860.0,750.0,0.0,2289.0
2.0,5293.0,1880.0,2634.0,5819.0,3938.0,3938.0,1847.0,787.0,0.0,1880.0
2.0,9232.0,702.0,2600.0,7872.0,0.0,0.0,1800.0,800.0,0.0,702.0
2.0,16402.0,0.0,2520.0,7757.0,0.0,0.0,1720.0,800.0,0.0,0.0
2.0,24159.0,846.0,2435.0,3938.0,0.0,0.0,1635.0,800.0,846.0,0.0
2.0,27251.0,2636.0,2391.0,0.0,0.0,0.0,1599.0,792.0,2636.0,0.0
2.0,24615.0,4420.0,2413.0,0.0,0.0,0.0,1643.0,770.0,4420.0,0.0
2.0,20195.0,5350.0,2479.0,0.0,0.0,0.0,1746.0,733.0,5350.0,0.0
2.0,14845.0,4894.0,2529.0,0.0,2694.0,2694.0,1832.0,697.0,4486.0,408.0
2.0,9951.0,2995.0,2551.0,0.0,5799.0,5799.0,1867.0,684.0,1823.0,1172.0
2.0,6956.0,1935.0,2575.0,0.0,7854.0,7854.0,1867.0,708.0,0.0,1935.0
2.0,5021.0,2289.0,2619.0,2694.0,7669.0,7669.0,1867.0,752.0,0.0,2289.0
2.0,5426.0,1881.0,2641.0,5799.0,3861.0,3861.0,1853.0,788.0,0.0,1881.0
2.0,9344.0,714.0,2607.0,7854.0,0.0,0.0,1805.0,802.0,0.0,714.0
2.0,16484.0,0.0,2525.0,7669.0,0.0,0.0,1723.0,802.0,0.0,0.0
2.0,24153.0,842.0,2440.0,3861.0,0.0,0.0,1638.0,802.0,842.0,0.0
2.0,27172.0,2613.0,2395.0,0.0,0.0,0.0,1601.0,794.0,2613.0,0.0
2.0,24559.0,4393.0,2418.0,0.0,0.0,0.0,1646.0,772.0,4393.0,0.0
2.0,20166.0,5344.0,2484.0,0.0,0.0,0.0,1749.0,735.0,5344.0,0.0
2.0,14822.0,4932.0,2536.0,0.0,2790.0,2790.0,1836.0,700.0,4527.0,405.0
2.0,9890.0,3086.0,2560.0,0.0,5996.0,5996.0,1873.0,687.0,1917.0,1169.0
2.0,6804.0,1933.0,2583.0,0.0,8044.0,8044.0,1873.0,710.0,0.0,1933.0
2.0,4871.0,2283.0,2627.0,2790.0,7757.0,7757.0,1873.0,754.0,0.0,2283.0
2.0,5378.0,1873.0,2648.0,5996.0,3739.0,3739.0,1858.0,790.0,0.0,1873.0
2.0,9501.0,703.0,2615.0,8044.0,0.0,0.0,1811.0,804.0,0.0,703.0
2.0,16842.0,0.0,2533.0,7757.0,0.0,0.0,1729.0,804.0,0.0,0.0
2.0,24599.0,841.0,2449.0,3739.0,0.0,0.0,1645.0,804.0,841.0,0.0
2.0,27497.0,2630.0,2404.0,0.0,0.0,0.0,1608.0,796.0,2630.0,0.0
2.0,24867.0,4411.0,2426.0,0.0,0.0,0.0,1653.0,773.0,4411.0,0.0
2.0,20456.0,5337.0,2492.0,0.0,0.0,0.0,1756.0,736.0,5337.0,0.0
2.0,15119.0,4932.0,2543.0,0.0,2528.0,2528.0,1842.0,701.0,4487.0,445.0
2.0,10187.0,3072.0,2567.0,0.0,5720.0,5720.0,1878.0,689.0,1862.0,1210.0
2.0,7115.0,1977.0,2592.0,0.0,7822.0,7822.0,1878.0,714.0,0.0,1977.0
2.0,5138.0,2305.0,2636.0,2528.0,7819.0,7819.0,1878.0,758.0,0.0,2305.0
2.0,5361.0,1857.0,2657.0,5720.0,4061.0,4061.0,1863.0,794.0,0.0,1857.0
2.0,9224.0,640.0,2619.0,7822.0,0.0,0.0,1813.0,806.0,0.0,640.0
2.0,16406.0,0.0,2535.0,7819.0,0.0,0.0,1729.0,806.0,0.0,0.0
2.0,24225.0,887.0,2450.0,4061.0,0.0,0.0,1644.0,806.0,887.0,0.0
2.0,27399.0,2682.0,2407.0,0.0,0.0,0.0,1609.0,798.0,2682.0,0.0
2.0,24717.0,4491.0,2435.0,0.0,0.0,0.0,1659.0,776.0,4491.0,0.0
2.0,20226.0,5398.0,2502.0,0.0,0.0,0.0,1763.0,739.0,5398.0,0.0
2.0,14828.0,4954.0,2554.0,0.0,2896.0,2896.0,1850.0,704.0,4507.0,447.0
2.0,9874.0,3013.0,2575.0,0.0,6014.0,6014.0,1884.0,691.0,1800.0,1213.0
2.0,6861.0,1975.0,2599.0,0.0,8109.0,8109.0,1884.0,715.0,0.0,1975.0
2.0,4886.0,2288.0,2643.0,2896.0,7721.0,7721.0,1884.0,759.0,0.0,2288.0
2.0,5494.0,1849.0,2663.0,6014.0,3656.0,3656.0,1868.0,795.0,0.0,1849.0
2.0,9659.0,644.0,2626.0,8109.0,0.0,0.0,1819.0,807.0,0.0,644.0
2.0,17124.0,0.0,2542.0,7721.0,0.0,0.0,1735.0,807.0,0.0,0.0
2.0,24845.0,864.0,2457.0,3656.0,0.0,0.0,1650.0,807.0,864.0,0.0
2.0,27637.0,2659.0,2415.0,0.0,0.0,0.0,1615.0,800.0,2659.0,0.0
2.0,24978.0,4455.0,2441.0,0.0,0.0,0.0,1664.0,777.0,4455.0,0.0
2.0,20523.0,5392.0,2507.0,0.0,0.0,0.0,1767.0,740.0,5392.0,0.0
2.0,15131.0,5025.0,2560.0,0.0,2694.0,2694.0,1855.0,705.0,4539.0,486.0
2.0,10106.0,3134.0,2584.0,0.0,5948.0,5948.0,1891.0,693.0,1877.0,1257.0
2.0,6972.0,2033.0,2610.0,0.0,8111.0,8111.0,1891.0,719.0,0.0,2033.0
2.0,4939.0,2318.0,2655.0,2694.0,7960.0,7960.0,1891.0,764.0,0.0,2318.0
2.0,5315.0,1823.0,2673.0,5948.0,3925.0,3925.0,1874.0,799.0,0.0,1823.0
2.0,9440.0,553.0,2633.0,8111.0,0.0,0.0,1824.0,809.0,0.0,553.0
2.0,16998.0,0.0,2548.0,7960.0,0.0,0.0,1739.0,809.0,0.0,0.0
2.0,24958.0,880.0,2462.0,3925.0,0.0,0.0,1653.0,809.0,880.0,0.0
2.0,28003.0,2685.0,2419.0,0.0,0.0,0.0,1618.0,801.0,2685.0,0.0
2.0,25318.0,4494.0,2449.0,0.0,0.0,0.0,1670.0,779.0,4494.0,0.0
2.0,20824.0,5414.0,2516.0,0.0,0.0,0.0,1774.0,742.0,5414.0,0.0
2.0,15410.0,5025.0,2568.0,0.0,2455.0,2455.0,1861.0,707.0,4538.0,487.0
2.0,10385.0,3091.0,2591.0,0.0,5661.0,5661.0,1896.0,695.0,1838.0,1253.0
2.0,7294.0,2019.0,2616.0,0.0,7805.0,7805.0,1896.0,720.0,0.0,2019.0
2.0,5275.0,2301.0,2660.0,2455.0,7871.0,7871.0,1896.0,764.0,0.0,2301.0
2.0,5429.0,1825.0,2679.0,5661.0,4130.0,4130.0,1880.0,799.0,0.0,1825.0
2.0,9265.0,581.0,2641.0,7805.0,0.0,0.0,1830.0,811.0,0.0,581.0
2.0,16489.0,0.0,2556.0,7871.0,0.0,0.0,1745.0,811.0,0.0,0.0
2.0,24360.0,892.0,2471.0,4130.0,0.0,0.0,1660.0,811.0,892.0,0.0
2.0,27598.0,2685.0,2427.0,0.0,0.0,0.0,1624.0,803.0,2685.0,0.0
2.0,24913.0,4482.0,2454.0,0.0,0.0,0.0,1674.0,780.0,4482.0,0.0
2.0,20431.0,5394.0,2520.0,0.0,0.0,0.0,1777.0,743.0,5394.0,0.0
2.0,15037.0,5040.0,2573.0,0.0,2868.0,2868.0,1864.0,709.0,4515.0,525.0
2.0,9997.0,3161.0,2598.0,0.0,6154.0,6154.0,1900.0,698.0,1857.0,1304.0
2.0,6836.0,2083.0,2625.0,0.0,8372.0,8372.0,1900.0,725.0,0.0,2083.0
2.0,4753.0,2330.0,2670.0,2868.0,8059.0,8059.0,1900.0,770.0,0.0,2330.0
2.0,5291.0,1794.0,2688.0,6154.0,3789.0,3789.0,1884.0,804.0,0.0,1794.0
2.0,9651.0,484.0,2647.0,8372.0,0.0,0.0,1833.0,814.0,0.0,484.0
2.0,17539.0,0.0,2562.0,8059.0,0.0,0.0,1748.0,814.0,0.0,0.0
2.0,25598.0,931.0,2478.0,3789.0,0.0,0.0,1664.0,814.0,931.0,0.0
2.0,28456.0,2766.0,2435.0,0.0,0.0,0.0,1630.0,805.0,2766.0,0.0
2.0,25690.0,4594.0,2465.0,0.0,0.0,0.0,1683.0,782.0,4594.0,0.0
2.0,21096.0,5473.0,2532.0,0.0,0.0,0.0,1788.0,744.0,5473.0,0.0
2.0,15623.0,5049.0,2585.0,0.0,2351.0,2351.0,1875.0,710.0,4505.0,544.0
2.0,10574.0,3024.0,2607.0,0.0,5485.0,5485.0,1908.0,699.0,1709.0,1315.0
2.0,7550.0,2096.0,2635.0,0.0,7721.0,7721.0,1908.0,727.0,0.0,2096.0
2.0,5454.0,2333.0,2680.0,2351.0,7928.0,7928.0,1908.0,772.0,0.0,2333.0
2.0,5472.0,1795.0,2698.0,5485.0,4328.0,4328.0,1891.0,807.0,0.0,1795.0
2.0,9162.0,485.0,2655.0,7721.0,0.0,0.0,1839.0,816.0,0.0,485.0
2.0,16398.0,0.0,2569.0,7928.0,0.0,0.0,1753.0,816.0,0.0,0.0
2.0,24326.0,944.0,2483.0,4328.0,0.0,0.0,1667.0,816.0,944.0,0.0
2.0,27710.0,2741.0,2441.0,0.0,0.0,0.0,1633.0,808.0,2741.0,0.0
2.0,24969.0,4570.0,2470.0,0.0,0.0,0.0,1686.0,784.0,4570.0,0.0
2.0,20399.0,5453.0,2537.0,0.0,0.0,0.0,1791.0,746.0,5453.0,0.0
2.0,14946.0,5087.0,2592.0,0.0,3101.0,3101.0,1879.0,713.0,4544.0,543.0
2.0,9859.0,3111.0,2616.0,0.0,6332.0,6332.0,1913.0,703.0,1791.0,1320.0
2.0,6748.0,2092.0,2643.0,0.0,8559.0,8559.0,1913.0,730.0,0.0,2092.0
2.0,4656.0,2322.0,2688.0,3101.0,8005.0,8005.0,1913.0,775.0,0.0,2322.0
2.0,5435.0,1784.0,2705.0,6332.0,3542.0,3542.0,1896.0,809.0,0.0,1784.0
2.0,9983.0,479.0,2664.0,8559.0,0.0,0.0,1845.0,819.0,0.0,479.0
2.0,18063.0,0.0,2579.0,8005.0,0.0,0.0,1760.0,819.0,0.0,0.0
2.0,26068.0,898.0,2492.0,3542.0,0.0,0.0,1673.0,819.0,898.0,0.0
2.0,28712.0,2722.0,2447.0,0.0,0.0,0.0,1638.0,809.0,2722.0,0.0
2.0,25990.0,4547.0,2475.0,0.0,0.0,0.0,1690.0,785.0,4547.0,0.0
2.0,21443.0,5460.0,2541.0,0.0,0.0,0.0,1795.0,746.0,5460.0,0.0
2.0,15983.0,5136.0,2594.0,0.0,2123.0,2123.0,1882.0,712.0,4562.0,574.0
2.0,10847.0,3193.0,2621.0,0.0,5451.0,5451.0,1918.0,703.0,1837.0,1356.0
2.0,7654.0,2140.0,2652.0,0.0,7746.0,7746.0,1918.0,734.0,0.0,2140.0
2.0,5514.0,2356.0,2697.0,2123.0,8204.0,8204.0,1918.0,779.0,0.0,2356.0
2.0,5281.0,1781.0,2714.0,5451.0,4619.0,4619.0,1901.0,813.0,0.0,1781.0
2.0,8951.0,422.0,2671.0,7746.0,0.0,0.0,1849.0,822.0,0.0,422.0
2.0,16275.0,0.0,2585.0,8204.0,0.0,0.0,1763.0,822.0,0.0,0.0
2.0,24479.0,910.0,2498.0,4619.0,0.0,0.0,1676.0,822.0,910.0,0.0
2.0,28188.0,2732.0,2453.0,0.0,0.0,0.0,1641.0,812.0,2732.0,0.0
2.0,25456.0,4566.0,2482.0,0.0,0.0,0.0,1694.0,788.0,4566.0,0.0
2.0,20890.0,5487.0,2548.0,0.0,0.0,0.0,1799.0,749.0,5487.0,0.0
2.0,15403.0,5146.0,2604.0,0.0,2763.0,2763.0,1888.0,716.0,4583.0,563.0
2.0,10257.0,3194.0,2630.0,0.0,6087.0,6087.0,1923.0,707.0,1854.0,1340.0
2.0,7063.0,2120.0,2659.0,0.0,8352.0,8352.0,1923.0,736.0,0.0,2120.0
2.0,4943.0,2339.0,2704.0,2763.0,8153.0,8153.0,1923.0,781.0,0.0,2339.0
2.0,5367.0,1781.0,2721.0,6087.0,3932.0,3932.0,1906.0,815.0,0.0,1781.0
2.0,9673.0,450.0,2678.0,8352.0,0.0,0.0,1854.0,824.0,0.0,450.0
2.0,17575.0,0.0,2592.0,8153.0,0.0,0.0,1768.0,824.0,0.0,0.0
2.0,25728.0,901.0,2506.0,3932.0,0.0,0.0,1682.0,824.0,901.0,0.0
2.0,28759.0,2744.0,2462.0,0.0,0.0,0.0,1648.0,814.0,2744.0,0.0
2.0,26015.0,4566.0,2489.0,0.0,0.0,0.0,1700.0,789.0,4566.0,0.0
2.0,21449.0,5482.0,2554.0,0.0,0.0,0.0,1805.0,749.0,5482.0,0.0
2.0,15967.0,5141.0,2608.0,0.0,2214.0,2214.0,1893.0,715.0,4557.0,584.0
2.0,10826.0,3202.0,2635.0,0.0,5551.0,5551.0,1928.0,707.0,1827.0,1375.0
2.0,7624.0,2164.0,2667.0,0.0,7875.0,7875.0,1928.0,739.0,0.0,2164.0
2.0,5460.0,2366.0,2713.0,2214.0,8257.0,8257.0,1928.0,785.0,0.0,2366.0
2.0,5308.0,1775.0,2729.0,5551.0,4561.0,4561.0,1910.0,819.0,0.0,1775.0
2.0,9084.0,395.0,2684.0,7875.0,0.0,0.0,1857.0,827.0,0.0,395.0
2.0,16564.0,0.0,2596.0,8257.0,0.0,0.0,1769.0,827.0,0.0,0.0
2.0,24821.0,969.0,2509.0,4561.0,0.0,0.0,1682.0,827.0,969.0,0.0
2.0,28413.0,2815.0,2465.0,0.0,0.0,0.0,1649.0,816.0,2815.0,0.0
2.0,25598.0,4662.0,2497.0,0.0,0.0,0.0,1706.0,791.0,4662.0,0.0
2.0,20936.0,5532.0,2564.0,0.0,0.0,0.0,1813.0,751.0,5532.0,0.0
2.0,15404.0,5138.0,2617.0,0.0,2819.0,2819.0,1900.0,717.0,4553.0,585.0
2.0,10266.0,3081.0,2642.0,0.0,6025.0,6025.0,1933.0,709.0,1712.0,1369.0
2.0,7185.0,2152.0,2674.0,0.0,8337.0,8337.0,1933.0,741.0,0.0,2152.0
2.0,5033.0,2356.0,2719.0,2819.0,8099.0,8099.0,1933.0,786.0,0.0,2356.0
2.0,5496.0,1775.0,2735.0,6025.0,3929.0,3929.0,1915.0,820.0,0.0,1775.0
2.0,9746.0,414.0,2690.0,8337.0,0.0,0.0,1862.0,828.0,0.0,414.0
2.0,17669.0,0.0,2602.0,8099.0,0.0,0.0,1774.0,828.0,0.0,0.0
2.0,25768.0,964.0,2516.0,3929.0,0.0,0.0,1688.0,828.0,964.0,0.0
2.0,28733.0,2785.0,2472.0,0.0,0.0,0.0,1654.0,818.0,2785.0,0.0
2.0,25948.0,4613.0,2500.0,0.0,0.0,0.0,1708.0,792.0,4613.0,0.0
2.0,21335.0,5496.0,2566.0,0.0,0.0,0.0,1814.0,752.0,5496.0,0.0
2.0,15839.0,5173.0,2621.0,0.0,2439.0,2439.0,1902.0,719.0,4567.0,606.0
2.0,10666.0,3211.0,2649.0,0.0,5790.0,5790.0,1937.0,712.0,1813.0,1398.0
2.0,7455.0,2189.0,2682.0,0.0,8144.0,8144.0,1937.0,745.0,0.0,2189.0
2.0,5266.0,2373.0,2727.0,2439.0,8303.0,8303.0,1937.0,790.0,0.0,2373.0
2.0,5332.0,1765.0,2744.0,5790.0,4363.0,4363.0,1920.0,824.0,0.0,1765.0
2.0,9357.0,367.0,2698.0,8144.0,0.0,0.0,1867.0,831.0,0.0,367.0
2.0,17134.0,0.0,2611.0,8303.0,0.0,0.0,1780.0,831.0,0.0,0.0
2.0,25437.0,1002.0,2525.0,4363.0,0.0,0.0,1694.0,831.0,1002.0,0.0
2.0,28798.0,2859.0,2481.0,0.0,0.0,0.0,1661.0,820.0,2859.0,0.0
2.0,25939.0,4710.0,2511.0,0.0,0.0,0.0,1717.0,794.0,4710.0,0.0
2.0,21229.0,5549.0,2576.0,0.0,0.0,0.0,1823.0,753.0,5549.0,0.0
2.0,15680.0,5135.0,2629.0,0.0,2600.0,2600.0,1910.0,719.0,4530.0,605.0
2.0,10545.0,3063.0,2654.0,0.0,5788.0,5788.0,1942.0,712.0,1669.0,1394.0
2.0,7482.0,2182.0,2688.0,0.0,8140.0,8140.0,1942.0,746.0,0.0,2182.0
2.0,5300.0,2376.0,2734.0,2600.0,8146.0,8146.0,1942.0,792.0,0.0,2376.0
2.0,5524.0,1783.0,2751.0,5788.0,4226.0,4226.0,1925.0,826.0,0.0,1783.0
2.0,9529.0,393.0,2705.0,8140.0,0.0,0.0,1872.0,833.0,0.0,393.0
2.0,17276.0,0.0,2618.0,8146.0,0.0,0.0,1785.0,833.0,0.0,0.0
2.0,25422.0,1059.0,2532.0,4226.0,0.0,0.0,1699.0,833.0,1059.0,0.0
2.0,28589.0,2913.0,2490.0,0.0,0.0,0.0,1667.0,823.0,2913.0,0.0
2.0,25676.0,4769.0,2520.0,0.0,0.0,0.0,1723.0,797.0,4769.0,0.0
2.0,20907.0,5576.0,2587.0,0.0,0.0,0.0,1831.0,756.0,5576.0,0.0
2.0,15331.0,5111.0,2640.0,0.0,2980.0,2980.0,1918.0,722.0,4521.0,590.0
2.0,10220.0,2984.0,2663.0,0.0,6079.0,6079.0,1948.0,715.0,1602.0,1382.0
2.0,7236.0,2176.0,2696.0,0.0,8420.0,8420.0,1948.0,748.0,0.0,2176.0
2.0,5060.0,2380.0,2742.0,2980.0,8050.0,8050.0,1948.0,794.0,0.0,2380.0
2.0,5660.0,1790.0,2759.0,6079.0,3846.0,3846.0,1931.0,828.0,0.0,1790.0
2.0,9949.0,415.0,2714.0,8420.0,0.0,0.0,1878.0,836.0,0.0,415.0
2.0,17954.0,0.0,2626.0,8050.0,0.0,0.0,1790.0,836.0,0.0,0.0
2.0,26004.0,1032.0,2541.0,3846.0,0.0,0.0,1705.0,836.0,1032.0,0.0
2.0,28818.0,2897.0,2498.0,0.0,0.0,0.0,1673.0,825.0,2897.0,0.0
2.0,25921.0,4755.0,2527.0,0.0,0.0,0.0,1729.0,798.0,4755.0,0.0
2.0,21166.0,5586.0,2594.0,0.0,0.0,0.0,1837.0,757.0,5586.0,0.0
2.0,15580.0,5142.0,2647.0,0.0,2797.0,2797.0,1924.0,723.0,4541.0,601.0
2.0,10438.0,3053.0,2672.0,0.0,5975.0,5975.0,1956.0,716.0,1650.0,1403.0
2.0,7385.0,2200.0,2706.0,0.0,8345.0,8345.0,1956.0,750.0,0.0,2200.0
2.0,5185.0,2405.0,2753.0,2797.0,8188.0,8188.0,1956.0,797.0,0.0,2405.0
2.0,5577.0,1802.0,2768.0,5975.0,4090.0,4090.0,1937.0,831.0,0.0,1802.0
2.0,9750.0,394.0,2722.0,8345.0,0.0,0.0,1883.0,839.0,0.0,394.0
2.0,17701.0,0.0,2632.0,8188.0,0.0,0.0,1793.0,839.0,0.0,0.0
2.0,25889.0,1033.0,2546.0,4090.0,0.0,0.0,1707.0,839.0,1033.0,0.0
2.0,28946.0,2898.0,2503.0,0.0,0.0,0.0,1675.0,828.0,2898.0,0.0
2.0,26048.0,4764.0,2535.0,0.0,0.0,0.0,1734.0,801.0,4764.0,0.0
2.0,21284.0,5606.0,2602.0,0.0,0.0,0.0,1842.0,760.0,5606.0,0.0
2.0,15678.0,5158.0,2656.0,0.0,2760.0,2760.0,1930.0,726.0,4581.0,577.0
2.0,10520.0,3063.0,2680.0,0.0,5943.0,5943.0,1962.0,718.0,1682.0,1381.0
2.0,7457.0,2180.0,2714.0,0.0,8293.0,8293.0,1962.0,752.0,0.0,2180.0
2.0,5277.0,2402.0,2760.0,2760.0,8165.0,8165.0,1962.0,798.0,0.0,2402.0
2.0,5635.0,1818.0,2776.0,5943.0,4120.0,4120.0,1943.0,833.0,0.0,1818.0
2.0,9760.0,438.0,2732.0,8293.0,0.0,0.0,1890.0,842.0,0.0,438.0
2.0,17615.0,0.0,2643.0,8165.0,0.0,0.0,1801.0,842.0,0.0,0.0
2.0,25780.0,1005.0,2557.0,4120.0,0.0,0.0,1715.0,842.0,1005.0,0.0
2.0,28895.0,2868.0,2512.0,0.0,0.0,0.0,1682.0,830.0,2868.0,0.0
2.0,26027.0,4732.0,2541.0,0.0,0.0,0.0,1738.0,803.0,4732.0,0.0
2.0,21295.0,5581.0,2607.0,0.0,0.0,0.0,1846.0,761.0,5581.0,0.0
2.0,15714.0,5150.0,2660.0,0.0,2736.0,2736.0,1934.0,726.0,4574.0,576.0
2.0,10564.0,3114.0,2686.0,0.0,5980.0,5980.0,1967.0,719.0,1727.0,1387.0
2.0,7450.0,2193.0,2721.0,0.0,8348.0,8348.0,1967.0,754.0,0.0,2193.0
2.0,5257.0,2429.0,2768.0,2736.0,8276.0,8276.0,1967.0,801.0,0.0,2429.0
2.0,5564.0,1839.0,2783.0,5980.0,4210.0,4210.0,1947.0,836.0,0.0,1839.0
2.0,9705.0,441.0,2737.0,8348.0,0.0,0.0,1892.0,845.0,0.0,441.0
2.0,17612.0,0.0,2647.0,8276.0,0.0,0.0,1802.0,845.0,0.0,0.0
2.0,25888.0,1061.0,2561.0,4210.0,0.0,0.0,1716.0,845.0,1061.0,0.0
2.0,29037.0,2942.0,2518.0,0.0,0.0,0.0,1685.0,833.0,2942.0,0.0
2.0,26095.0,4835.0,2552.0,0.0,0.0,0.0,1746.0,806.0,4835.0,0.0
2.0,21260.0,5656.0,2619.0,0.0,0.0,0.0,1855.0,764.0,5656.0,0.0
2.0,15604.0,5112.0,2671.0,0.0,2863.0,2863.0,1942.0,729.0,4563.0,549.0
2.0,10492.0,2930.0,2694.0,0.0,5908.0,5908.0,1973.0,721.0,1581.0,1349.0
2.0,7562.0,2152.0,2728.0,0.0,8230.0,8230.0,1973.0,755.0,0.0,2152.0
2.0,5410.0,2410.0,2774.0,2863.0,8007.0,8007.0,1973.0,801.0,0.0,2410.0
2.0,5863.0,1867.0,2790.0,5908.0,4046.0,4046.0,1953.0,837.0,0.0,1867.0
2.0,9904.0,522.0,2743.0,8230.0,0.0,0.0,1896.0,847.0,0.0,522.0
2.0,17612.0,0.0,2652.0,8007.0,0.0,0.0,1805.0,847.0,0.0,0.0
2.0,25619.0,1047.0,2565.0,4046.0,0.0,0.0,1718.0,847.0,1047.0,0.0
2.0,28618.0,2909.0,2523.0,0.0,0.0,0.0,1687.0,836.0,2909.0,0.0
2.0,25709.0,4790.0,2557.0,0.0,0.0,0.0,1748.0,809.0,4790.0,0.0
2.0,20919.0,5626.0,2623.0,0.0,0.0,0.0,1856.0,767.0,5626.0,0.0
2.0,15293.0,5162.0,2677.0,0.0,3254.0,3254.0,1945.0,732.0,4616.0,546.0
2.0,10131.0,3074.0,2702.0,0.0,6453.0,6453.0,1978.0,724.0,1712.0,1362.0
2.0,7057.0,2168.0,2736.0,0.0,8791.0,8791.0,1978.0,758.0,0.0,2168.0
2.0,4889.0,2424.0,2782.0,3254.0,8191.0,8191.0,1978.0,804.0,0.0,2424.0
2.0,5719.0,1863.0,2798.0,6453.0,3681.0,3681.0,1958.0,840.0,0.0,1863.0
2.0,10309.0,494.0,2751.0,8791.0,0.0,0.0,1902.0,849.0,0.0,494.0
2.0,18606.0,0.0,2660.0,8191.0,0.0,0.0,1811.0,849.0,0.0,0.0
2.0,26797.0,1025.0,2572.0,3681.0,0.0,0.0,1723.0,849.0,1025.0,0.0
2.0,29453.0,2917.0,2530.0,0.0,0.0,0.0,1692.0,838.0,2917.0,0.0
2.0,26536.0,4799.0,2563.0,0.0,0.0,0.0,1752.0,811.0,4799.0,0.0
2.0,21737.0,5659.0,2630.0,0.0,0.0,0.0,1861.0,769.0,5659.0,0.0
2.0,16078.0,5187.0,2683.0,0.0,2524.0,2524.0,1950.0,733.0,4618.0,569.0
2.0,10891.0,3071.0,2708.0,0.0,5720.0,5720.0,1983.0,725.0,1694.0,1377.0
2.0,7820.0,2181.0,2743.0,0.0,8076.0,8076.0,1983.0,760.0,0.0,2181.0
2.0,5639.0,2424.0,2789.0,2524.0,8206.0,8206.0,1983.0,806.0,0.0,2424.0
2.0,5739.0,1860.0,2805.0,5720.0,4426.0,4426.0,1963.0,842.0,0.0,1860.0
2.0,9599.0,489.0,2758.0,8076.0,0.0,0.0,1907.0,851.0,0.0,489.0
2.0,17186.0,0.0,2667.0,8206.0,0.0,0.0,1816.0,851.0,0.0,0.0
2.0,25392.0,1063.0,2579.0,4426.0,0.0,0.0,1728.0,851.0,1063.0,0.0
2.0,28755.0,2937.0,2537.0,0.0,0.0,0.0,1697.0,840.0,2937.0,0.0
2.0,25818.0,4832.0,2571.0,0.0,0.0,0.0,1757.0,814.0,4832.0,0.0
2.0,20986.0,5653.0,2638.0,0.0,0.0,0.0,1866.0,772.0,5653.0,0.0
2.0,15333.0,5191.0,2692.0,0.0,3318.0,3318.0,1955.0,737.0,4616.0,575.0
2.0,10142.0,3065.0,2715.0,0.0,6498.0,6498.0,1987.0,728.0,1678.0,1387.0
2.0,7077.0,2196.0,2749.0,0.0,8864.0,8864.0,1987.0,762.0,0.0,2196.0
2.0,4881.0,2431.0,2796.0,3318.0,8212.0,8212.0,1987.0,809.0,0.0,2431.0
2.0,5768.0,1848.0,2812.0,6498.0,3642.0,3642.0,1968.0,844.0,0.0,1848.0
2.0,10418.0,461.0,2765.0,8864.0,0.0,0.0,1912.0,853.0,0.0,461.0
2.0,18821.0,0.0,2674.0,8212.0,0.0,0.0,1821.0,853.0,0.0,0.0
2.0,27033.0,1103.0,2588.0,3642.0,0.0,0.0,1735.0,853.0,1103.0,0.0
2.0,29572.0,3004.0,2547.0,0.0,0.0,0.0,1705.0,842.0,3004.0,0.0
2.0,26568.0,4902.0,2582.0,0.0,0.0,0.0,1766.0,816.0,4902.0,0.0
2.0,21666.0,5687.0,2648.0,0.0,0.0,0.0,1875.0,773.0,5687.0,0.0
2.0,15979.0,5171.0,2701.0,0.0,2697.0,2697.0,1963.0,738.0,4575.0,596.0
2.0,10808.0,2968.0,2723.0,0.0,5775.0,5775.0,1993.0,730.0,1559.0,1409.0
2.0,7840.0,2230.0,2757.0,0.0,8175.0,8175.0,1993.0,764.0,0.0,2230.0
2.0,5610.0,2447.0,2804.0,2697.0,8160.0,8160.0,1993.0,811.0,0.0,2447.0
2.0,5860.0,1852.0,2820.0,5775.0,4317.0,4317.0,1973.0,847.0,0.0,1852.0
2.0,9783.0,432.0,2771.0,8175.0,0.0,0.0,1916.0,855.0,0.0,432.0
2.0,17526.0,0.0,2678.0,8160.0,0.0,0.0,1823.0,855.0,0.0,0.0
2.0,25686.0,1131.0,2591.0,4317.0,0.0,0.0,1736.0,855.0,1131.0,0.0
2.0,28872.0,3032.0,2552.0,0.0,0.0,0.0,1707.0,845.0,3032.0,0.0
2.0,25840.0,4950.0,2591.0,0.0,0.0,0.0,1772.0,819.0,4950.0,0.0
2.0,20890.0,5731.0,2659.0,0.0,0.0,0.0,1882.0,777.0,5731.0,0.0
2.0,15159.0,5207.0,2713.0,0.0,3613.0,3613.0,1971.0,742.0,4608.0,599.0
2.0,9952.0,2969.0,2735.0,0.0,6692.0,6692.0,2001.0,734.0,1561.0,1408.0
2.0,6983.0,2218.0,2767.0,0.0,9070.0,9070.0,2001.0,766.0,0.0,2218.0
2.0,4765.0,2431.0,2814.0,3613.0,8123.0,8123.0,2001.0,813.0,0.0,2431.0
2.0,5947.0,1830.0,2829.0,6692.0,3336.0,3336.0,1981.0,848.0,0.0,1830.0
2.0,10809.0,430.0,2781.0,9070.0,0.0,0.0,1925.0,856.0,0.0,430.0
2.0,19449.0,0.0,2688.0,8123.0,0.0,0.0,1832.0,856.0,0.0,0.0
2.0,27572.0,1070.0,2601.0,3336.0,0.0,0.0,1745.0,856.0,1070.0,0.0
2.0,29838.0,2967.0,2559.0,0.0,0.0,0.0,1713.0,846.0,2967.0,0.0
2.0,26871.0,4864.0,2594.0,0.0,0.0,0.0,1774.0,820.0,4864.0,0.0
2.0,22007.0,5685.0,2661.0,0.0,0.0,0.0,1883.0,778.0,5685.0,0.0
2.0,16322.0,5280.0,2716.0,0.0,2538.0,2538.0,1972.0,744.0,4637.0,643.0
2.0,11042.0,3158.0,2741.0,0.0,5821.0,5821.0,2005.0,736.0,1698.0,1460.0
2.0,7884.0,2279.0,2775.0,0.0,8270.0,8270.0,2005.0,770.0,0.0,2279.0
2.0,5605.0,2455.0,2823.0,2538.0,8427.0,8427.0,2005.0,818.0,0.0,2455.0
2.0,5688.0,1805.0,2837.0,5821.0,4481.0,4481.0,1985.0,852.0,0.0,1805.0
2.0,9704.0,335.0,2788.0,8270.0,0.0,0.0,1929.0,859.0,0.0,335.0
2.0,17639.0,0.0,2696.0,8427.0,0.0,0.0,1837.0,859.0,0.0,0.0
2.0,26066.0,1137.0,2609.0,4481.0,0.0,0.0,1750.0,859.0,1137.0,0.0
2.0,29410.0,3049.0,2568.0,0.0,0.0,0.0,1720.0,848.0,3049.0,0.0
2.0,26361.0,4967.0,2604.0,0.0,0.0,0.0,1783.0,821.0,4967.0,0.0
2.0,21394.0,5738.0,2672.0,0.0,0.0,0.0,1893.0,779.0,5738.0,0.0
2.0,15656.0,5239.0,2726.0,0.0,3213.0,3213.0,1981.0,745.0,4588.0,651.0
2.0,10417.0,2988.0,2748.0,0.0,6311.0,6311.0,2010.0,738.0,1523.0,1465.0
2.0,7429.0,2278.0,2782.0,0.0,8759.0,8759.0,2010.0,772.0,0.0,2278.0
2.0,5151.0,2443.0,2829.0,3213.0,8224.0,8224.0,2010.0,819.0,0.0,2443.0
2.0,5921.0,1800.0,2844.0,6311.0,3788.0,3788.0,1990.0,854.0,0.0,1800.0
2.0,10432.0,347.0,2794.0,8759.0,0.0,0.0,1934.0,860.0,0.0,347.0
2.0,18844.0,0.0,2701.0,8224.0,0.0,0.0,1841.0,860.0,0.0,0.0
2.0,27068.0,1174.0,2614.0,3788.0,0.0,0.0,1754.0,860.0,1174.0,0.0
2.0,29682.0,3076.0,2574.0,0.0,0.0,0.0,1725.0,849.0,3076.0,0.0
2.0,26606.0,4985.0,2611.0,0.0,0.0,0.0,1788.0,823.0,4985.0,0.0
2.0,21621.0,5720.0,2678.0,0.0,0.0,0.0,1898.0,780.0,5720.0,0.0
2.0,15901.0,5254.0,2733.0,0.0,3018.0,3018.0,1986.0,747.0,4574.0,680.0
2.0,10647.0,3005.0,2755.0,0.0,6133.0,6133.0,2015.0,740.0,1503.0,1502.0
2.0,7642.0,2319.0,2791.0,0.0,8632.0,8632.0,2015.0,776.0,0.0,2319.0
2.0,5323.0,2457.0,2838.0,3018.0,8306.0,8306.0,2015.0,823.0,0.0,2457.0
2.0,5884.0,1770.0,2851.0,6133.0,4008.0,4008.0,1994.0,857.0,0.0,1770.0
2.0,10247.0,271.0,2798.0,8632.0,0.0,0.0,1936.0,862.0,0.0,271.0
2.0,18608.0,0.0,2704.0,8306.0,0.0,0.0,1842.0,862.0,0.0,0.0
2.0,26914.0,1210.0,2618.0,4008.0,0.0,0.0,1756.0,862.0,1210.0,0.0
2.0,29712.0,3128.0,2579.0,0.0,0.0,0.0,1728.0,851.0,3128.0,0.0
2.0,26584.0,5056.0,2619.0,0.0,0.0,0.0,1795.0,824.0,5056.0,0.0
2.0,21528.0,5761.0,2687.0,0.0,0.0,0.0,1906.0,781.0,5761.0,0.0
2.0,15767.0,5255.0,2742.0,0.0,3198.0,3198.0,1994.0,748.0,4541.0,714.0
2.0,10512.0,2923.0,2761.0,0.0,6216.0,6216.0,2020.0,741.0,1392.0,1531.0
2.0,7589.0,2351.0,2798.0,0.0,8752.0,8752.0,2020.0,778.0,0.0,2351.0
2.0,5238.0,2461.0,2846.0,3198.0,8255.0,8255.0,2020.0,826.0,0.0,2461.0
2.0,5975.0,1753.0,2858.0,6216.0,3852.0,3852.0,1999.0,859.0,0.0,1753.0
2.0,10438.0,233.0,2804.0,8752.0,0.0,0.0,1940.0,864.0,0.0,233.0
2.0,18957.0,0.0,2709.0,8255.0,0.0,0.0,1845.0,864.0,0.0,0.0
2.0,27212.0,1242.0,2623.0,3852.0,0.0,0.0,1759.0,864.0,1242.0,0.0
2.0,29822.0,3153.0,2583.0,0.0,0.0,0.0,1731.0,852.0,3153.0,0.0
2.0,26669.0,5069.0,2623.0,0.0,0.0,0.0,1798.0,825.0,5069.0,0.0
2.0,21600.0,5757.0,2692.0,0.0,0.0,0.0,1909.0,783.0,5757.0,0.0
2.0,15843.0,5274.0,2746.0,0.0,3161.0,3161.0,1996.0,750.0,4538.0,736.0
2.0,10569.0,2971.0,2768.0,0.0,6242.0,6242.0,2023.0,745.0,1409.0,1562.0
2.0,7598.0,2383.0,2805.0,0.0,8810.0,8810.0,2023.0,782.0,0.0,2383.0
2.0,5215.0,2467.0,2853.0,3161.0,8356.0,8356.0,2023.0,830.0,0.0,2467.0
2.0,5909.0,1730.0,2866.0,6242.0,3909.0,3909.0,2003.0,863.0,0.0,1730.0
2.0,10421.0,175.0,2812.0,8810.0,0.0,0.0,1946.0,866.0,0.0,175.0
2.0,19056.0,0.0,2718.0,8356.0,0.0,0.0,1852.0,866.0,0.0,0.0
2.0,27412.0,1265.0,2633.0,3909.0,0.0,0.0,1767.0,866.0,1265.0,0.0
2.0,30056.0,3203.0,2594.0,0.0,0.0,0.0,1740.0,854.0,3203.0,0.0
2.0,26853.0,5131.0,2632.0,0.0,0.0,0.0,1806.0,826.0,5131.0,0.0
2.0,21722.0,5780.0,2699.0,0.0,0.0,0.0,1917.0,782.0,5780.0,0.0
2.0,15942.0,5251.0,2753.0,0.0,3074.0,3074.0,2003.0,750.0,4493.0,758.0
2.0,10691.0,2869.0,2773.0,0.0,6043.0,6043.0,2028.0,745.0,1285.0,1584.0
2.0,7822.0,2413.0,2813.0,0.0,8656.0,8656.0,2028.0,785.0,0.0,2413.0
2.0,5409.0,2494.0,2861.0,3074.0,8316.0,8316.0,2028.0,833.0,0.0,2494.0
2.0,5989.0,1741.0,2873.0,6043.0,4074.0,4074.0,2006.0,867.0,0.0,1741.0
2.0,10291.0,155.0,2817.0,8656.0,0.0,0.0,1947.0,870.0,0.0,155.0
2.0,18792.0,0.0,2722.0,8316.0,0.0,0.0,1852.0,870.0,0.0,0.0
2.0,27108.0,1317.0,2637.0,4074.0,0.0,0.0,1767.0,870.0,1317.0,0.0
2.0,29865.0,3264.0,2598.0,0.0,0.0,0.0,1741.0,857.0,3264.0,0.0
2.0,26601.0,5224.0,2641.0,0.0,0.0,0.0,1812.0,829.0,5224.0,0.0
2.0,21377.0,5848.0,2710.0,0.0,0.0,0.0,1925.0,785.0,5848.0,0.0
2.0,15529.0,5259.0,2764.0,0.0,3550.0,3550.0,2012.0,752.0,4523.0,736.0
2.0,10270.0,2789.0,2784.0,0.0,6439.0,6439.0,2036.0,748.0,1226.0,1563.0
2.0,7481.0,2392.0,2823.0,0.0,9026.0,9026.0,2036.0,787.0,0.0,2392.0
2.0,5089.0,2482.0,2871.0,3550.0,8198.0,8198.0,2036.0,835.0,0.0,2482.0
2.0,6157.0,1747.0,2881.0,6439.0,3556.0,3556.0,2013.0,868.0,0.0,1747.0
2.0,10849.0,188.0,2826.0,9026.0,0.0,0.0,1954.0,872.0,0.0,188.0
2.0,19687.0,0.0,2730.0,8198.0,0.0,0.0,1858.0,872.0,0.0,0.0
2.0,27885.0,1256.0,2644.0,3556.0,0.0,0.0,1772.0,872.0,1256.0,0.0
2.0,30185.0,3183.0,2604.0,0.0,0.0,0.0,1745.0,859.0,3183.0,0.0
2.0,27002.0,5118.0,2645.0,0.0,0.0,0.0,1815.0,830.0,5118.0,0.0
2.0,21884.0,5802.0,2712.0,0.0,0.0,0.0,1926.0,786.0,5802.0,0.0
2.0,16082.0,5314.0,2767.0,0.0,3067.0,3067.0,2014.0,753.0,4557.0,757.0
2.0,10768.0,2986.0,2790.0,0.0,6168.0,6168.0,2041.0,749.0,1391.0,1595.0
2.0,7782.0,2429.0,2832.0,0.0,8807.0,8807.0,2041.0,791.0,0.0,2429.0
2.0,5353.0,2505.0,2880.0,3067.0,8485.0,8485.0,2041.0,839.0,0.0,2505.0
2.0,5915.0,1742.0,2891.0,6168.0,4114.0,4114.0,2018.0,873.0,0.0,1742.0
2.0,10341.0,138.0,2832.0,8807.0,0.0,0.0,1957.0,875.0,0.0,138.0
2.0,19010.0,0.0,2735.0,8485.0,0.0,0.0,1860.0,875.0,0.0,0.0
2.0,27495.0,1305.0,2649.0,4114.0,0.0,0.0,1774.0,875.0,1305.0,0.0
2.0,30304.0,3245.0,2612.0,0.0,0.0,0.0,1750.0,862.0,3245.0,0.0
2.0,27059.0,5200.0,2655.0,0.0,0.0,0.0,1823.0,832.0,5200.0,0.0
2.0,21859.0,5847.0,2722.0,0.0,0.0,0.0,1935.0,787.0,5847.0,0.0
2.0,16012.0,5302.0,2777.0,0.0,3175.0,3175.0,2023.0,754.0,4543.0,759.0
2.0,10710.0,2868.0,2798.0,0.0,6148.0,6148.0,2047.0,751.0,1278.0,1590.0
2.0,7842.0,2419.0,2840.0,0.0,8777.0,8777.0,2047.0,793.0,0.0,2419.0
2.0,5423.0,2495.0,2888.0,3175.0,8337.0,8337.0,2047.0,841.0,0.0,2495.0
2.0,6103.0,1743.0,2898.0,6148.0,3982.0,3982.0,2023.0,875.0,0.0,1743.0
2.0,10508.0,169.0,2841.0,8777.0,0.0,0.0,1963.0,878.0,0.0,169.0
2.0,19116.0,0.0,2743.0,8337.0,0.0,0.0,1865.0,878.0,0.0,0.0
2.0,27453.0,1304.0,2658.0,3982.0,0.0,0.0,1780.0,878.0,1304.0,0.0
2.0,30131.0,3252.0,2619.0,0.0,0.0,0.0,1755.0,864.0,3252.0,0.0
2.0,26879.0,5197.0,2662.0,0.0,0.0,0.0,1828.0,834.0,5197.0,0.0
2.0,21682.0,5844.0,2728.0,0.0,0.0,0.0,1940.0,788.0,5844.0,0.0
2.0,15838.0,5315.0,2782.0,0.0,3387.0,3387.0,2027.0,755.0,4548.0,767.0
2.0,10523.0,2926.0,2806.0,0.0,6433.0,6433.0,2053.0,753.0,1316.0,1610.0
2.0,7597.0,2455.0,2850.0,0.0,9108.0,9108.0,2053.0,797.0,0.0,2455.0
2.0,5142.0,2526.0,2898.0,3387.0,8487.0,8487.0,2053.0,845.0,0.0,2526.0
2.0,6003.0,1752.0,2907.0,6433.0,3851.0,3851.0,2028.0,879.0,0.0,1752.0
2.0,10684.0,132.0,2848.0,9108.0,0.0,0.0,1967.0,881.0,0.0,132.0
2.0,19660.0,0.0,2749.0,8487.0,0.0,0.0,1868.0,881.0,0.0,0.0
2.0,28147.0,1344.0,2664.0,3851.0,0.0,0.0,1783.0,881.0,1344.0,0.0
2.0,30654.0,3307.0,2627.0,0.0,0.0,0.0,1760.0,867.0,3307.0,0.0
2.0,27347.0,5278.0,2673.0,0.0,0.0,0.0,1837.0,836.0,5278.0,0.0
2.0,22069.0,5888.0,2740.0,0.0,0.0,0.0,1950.0,790.0,5888.0,0.0
2.0,16181.0,5275.0,2793.0,0.0,3059.0,3059.0,2037.0,756.0,4527.0,748.0
2.0,10906.0,2777.0,2813.0,0.0,5936.0,5936.0,2060.0,753.0,1192.0,1585.0
2.0,8129.0,2432.0,2857.0,0.0,8588.0,8588.0,2060.0,797.0,0.0,2432.0
2.0,5697.0,2529.0,2906.0,3059.0,8303.0,8303.0,2060.0,846.0,0.0,2529.0
2.0,6227.0,1788.0,2915.0,5936.0,4200.0,4200.0,2035.0,880.0,0.0,1788.0
2.0,10375.0,203.0,2856.0,8588.0,0.0,0.0,1972.0,884.0,0.0,203.0
2.0,18760.0,0.0,2756.0,8303.0,0.0,0.0,1872.0,884.0,0.0,0.0
2.0,27063.0,1358.0,2669.0,4200.0,0.0,0.0,1785.0,884.0,1358.0,0.0
2.0,29905.0,3313.0,2632.0,0.0,0.0,0.0,1762.0,870.0,3313.0,0.0
2.0,26592.0,5276.0,2680.0,0.0,0.0,0.0,1840.0,840.0,5276.0,0.0
2.0,21316.0,5892.0,2747.0,0.0,0.0,0.0,1953.0,794.0,5892.0,0.0
2.0,15424.0,5266.0,2801.0,0.0,3847.0,3847.0,2041.0,760.0,4555.0,711.0
2.0,10158.0,2802.0,2821.0,0.0,6749.0,6749.0,2065.0,756.0,1245.0,1557.0
2.0,7356.0,2393.0,2864.0,0.0,9357.0,9357.0,2065.0,799.0,0.0,2393.0
2.0,4963.0,2521.0,2912.0,3847.0,8271.0,8271.0,2065.0,847.0,0.0,2521.0
2.0,6289.0,1809.0,2922.0,6749.0,3381.0,3381.0,2040.0,882.0,0.0,1809.0
2.0,11229.0,255.0,2866.0,9357.0,0.0,0.0,1979.0,887.0,0.0,255.0
2.0,20331.0,0.0,2768.0,8271.0,0.0,0.0,1881.0,887.0,0.0,0.0
2.0,28602.0,1356.0,2682.0,3381.0,0.0,0.0,1795.0,887.0,1356.0,0.0
2.0,30627.0,3321.0,2644.0,0.0,0.0,0.0,1772.0,872.0,3321.0,0.0
2.0,27306.0,5270.0,2688.0,0.0,0.0,0.0,1846.0,842.0,5270.0,0.0
2.0,22036.0,5863.0,2754.0,0.0,0.0,0.0,1959.0,795.0,5863.0,0.0
2.0,16173.0,5227.0,2806.0,0.0,3084.0,3084.0,2046.0,760.0,4511.0,716.0
2.0,10946.0,2767.0,2826.0,0.0,5951.0,5951.0,2069.0,757.0,1207.0,1560.0
2.0,8179.0,2408.0,2870.0,0.0,8579.0,8579.0,2069.0,801.0,0.0,2408.0
2.0,5771.0,2545.0,2919.0,3084.0,8285.0,8285.0,2069.0,850.0,0.0,2545.0
2.0,6310.0,1831.0,2929.0,5951.0,4215.0,4215.0,2044.0,885.0,0.0,1831.0
2.0,10430.0,261.0,2871.0,8579.0,0.0,0.0,1981.0,890.0,0.0,261.0
2.0,18748.0,0.0,2771.0,8285.0,0.0,0.0,1881.0,890.0,0.0,0.0
2.0,27033.0,1427.0,2686.0,4215.0,0.0,0.0,1796.0,890.0,1427.0,0.0
2.0,29821.0,3398.0,2649.0,0.0,0.0,0.0,1774.0,875.0,3398.0,0.0
2.0,26423.0,5375.0,2698.0,0.0,0.0,0.0,1853.0,845.0,5375.0,0.0
2.0,21048.0,5923.0,2765.0,0.0,0.0,0.0,1967.0,798.0,5923.0,0.0
2.0,15125.0,5177.0,2817.0,0.0,4137.0,4137.0,2054.0,763.0,4495.0,682.0
2.0,9948.0,2609.0,2833.0,0.0,6826.0,6826.0,2074.0,759.0,1087.0,1522.0
2.0,7339.0,2364.0,2875.0,0.0,9400.0,9400.0,2074.0,801.0,0.0,2364.0
2.0,4975.0,2531.0,2924.0,4137.0,8039.0,8039.0,2074.0,850.0,0.0,2531.0
2.0,6581.0,1857.0,2935.0,6826.0,3125.0,3125.0,2049.0,886.0,0.0,1857.0
2.0,11550.0,342.0,2879.0,9400.0,0.0,0.0,1987.0,892.0,0.0,342.0
2.0,20608.0,0.0,2779.0,8039.0,0.0,0.0,1887.0,892.0,0.0,0.0
2.0,28647.0,1439.0,2694.0,3125.0,0.0,0.0,1802.0,892.0,1439.0,0.0
2.0,30333.0,3427.0,2658.0,0.0,0.0,0.0,1781.0,877.0,3427.0,0.0
2.0,26906.0,5402.0,2705.0,0.0,0.0,0.0,1859.0,846.0,5402.0,0.0
2.0,21504.0,5933.0,2772.0,0.0,0.0,0.0,1973.0,799.0,5933.0,0.0
2.0,15571.0,5174.0,2824.0,0.0,3723.0,3723.0,2060.0,764.0,4488.0,686.0
2.0,10397.0,2599.0,2840.0,0.0,6402.0,6402.0,2080.0,760.0,1059.0,1540.0
2.0,7798.0,2398.0,2883.0,0.0,9015.0,9015.0,2080.0,803.0,0.0,2398.0
2.0,5400.0,2560.0,2933.0,3723.0,8102.0,8102.0,2080.0,853.0,0.0,2560.0
2.0,6563.0,1865.0,2942.0,6402.0,3610.0,3610.0,2054.0,888.0,0.0,1865.0
2.0,11100.0,310.0,2884.0,9015.0,0.0,0.0,1990.0,894.0,0.0,310.0
2.0,19805.0,0.0,2783.0,8102.0,0.0,0.0,1889.0,894.0,0.0,0.0
2.0,27907.0,1446.0,2698.0,3610.0,0.0,0.0,1804.0,894.0,1446.0,0.0
2.0,30071.0,3433.0,2663.0,0.0,0.0,0.0,1783.0,880.0,3433.0,0.0
2.0,26638.0,5420.0,2714.0,0.0,0.0,0.0,1864.0,850.0,5420.0,0.0
2.0,21218.0,5955.0,2781.0,0.0,0.0,0.0,1978.0,803.0,5955.0,0.0
2.0,15263.0,5181.0,2832.0,0.0,4078.0,4078.0,2065.0,767.0,4517.0,664.0
2.0,10082.0,2589.0,2848.0,0.0,6747.0,6747.0,2086.0,762.0,1074.0,1515.0
2.0,7493.0,2360.0,2889.0,0.0,9312.0,9312.0,2086.0,803.0,0.0,2360.0
2.0,5133.0,2552.0,2938.0,4078.0,8031.0,8031.0,2086.0,852.0,0.0,2552.0
2.0,6659.0,1886.0,2948.0,6747.0,3220.0,3220.0,2060.0,888.0,0.0,1886.0
2.0,11520.0,377.0,2892.0,9312.0,0.0,0.0,1996.0,896.0,0.0,377.0
2.0,20455.0,0.0,2791.0,8031.0,0.0,0.0,1895.0,896.0,0.0,0.0
2.0,28486.0,1437.0,2705.0,3220.0,0.0,0.0,1809.0,896.0,1437.0,0.0
2.0,30269.0,3413.0,2669.0,0.0,0.0,0.0,1787.0,882.0,3413.0,0.0
2.0,26856.0,5377.0,2718.0,0.0,0.0,0.0,1866.0,852.0,5377.0,0.0
2.0,21479.0,5922.0,2786.0,0.0,0.0,0.0,1980.0,806.0,5922.0,0.0
2.0,15557.0,5167.0,2837.0,0.0,3795.0,3795.0,2067.0,770.0,4503.0,664.0
2.0,10390.0,2663.0,2854.0,0.0,6543.0,6543.0,2089.0,765.0,1140.0,1523.0
2.0,7727.0,2377.0,2895.0,0.0,9125.0,9125.0,2089.0,806.0,0.0,2377.0
2.0,5350.0,2559.0,2944.0,3795.0,8134.0,8134.0,2089.0,855.0,0.0,2559.0
2.0,6586.0,1883.0,2954.0,6543.0,3524.0,3524.0,2063.0,891.0,0.0,1883.0
2.0,11246.0,348.0,2897.0,9125.0,0.0,0.0,1999.0,898.0,0.0,348.0
2.0,20023.0,0.0,2796.0,8134.0,0.0,0.0,1898.0,898.0,0.0,0.0
2.0,28157.0,1506.0,2712.0,3524.0,0.0,0.0,1814.0,898.0,1506.0,0.0
2.0,30175.0,3507.0,2678.0,0.0,0.0,0.0,1794.0,884.0,3507.0,0.0
2.0,26668.0,5505.0,2731.0,0.0,0.0,0.0,1877.0,854.0,5505.0,0.0
2.0,21163.0,5981.0,2800.0,0.0,0.0,0.0,1992.0,808.0,5981.0,0.0
2.0,15182.0,5129.0,2850.0,0.0,4197.0,4197.0,2078.0,772.0,4449.0,680.0
2.0,10053.0,2463.0,2862.0,0.0,6720.0,6720.0,2096.0,766.0,935.0,1528.0
2.0,7590.0,2388.0,2903.0,0.0,9313.0,9313.0,2096.0,807.0,0.0,2388.0
2.0,5202.0,2564.0,2952.0,4197.0,7925.0,7925.0,2096.0,856.0,0.0,2564.0
2.0,6835.0,1894.0,2961.0,6720.0,3144.0,3144.0,2068.0,893.0,0.0,1894.0
2.0,11661.0,365.0,2903.0,9313.0,0.0,0.0,2003.0,900.0,0.0,365.0
2.0,20609.0,0.0,2799.0,7925.0,0.0,0.0,1899.0,900.0,0.0,0.0
2.0,28534.0,1538.0,2715.0,3144.0,0.0,0.0,1815.0,900.0,1538.0,0.0
2.0,30140.0,3532.0,2684.0,0.0,0.0,0.0,1797.0,887.0,3532.0,0.0
2.0,26608.0,5533.0,2739.0,0.0,0.0,0.0,1882.0,857.0,5533.0,0.0
2.0,21075.0,6010.0,2810.0,0.0,0.0,0.0,1998.0,812.0,6010.0,0.0
2.0,15065.0,5161.0,2860.0,0.0,4396.0,4396.0,2084.0,776.0,4486.0,675.0
2.0,9904.0,2486.0,2872.0,0.0,6942.0,6942.0,2102.0,770.0,955.0,1531.0
2.0,7418.0,2383.0,2911.0,0.0,9520.0,9520.0,2102.0,809.0,0.0,2383.0
2.0,5035.0,2561.0,2960.0,4396.0,7930.0,7930.0,2102.0,858.0,0.0,2561.0
2.0,6870.0,1880.0,2970.0,6942.0,2918.0,2918.0,2075.0,895.0,0.0,1880.0
2.0,11932.0,355.0,2910.0,9520.0,0.0,0.0,2009.0,901.0,0.0,355.0
2.0,21097.0,0.0,2806.0,7930.0,0.0,0.0,1905.0,901.0,0.0,0.0
2.0,29027.0,1483.0,2720.0,2918.0,0.0,0.0,1819.0,901.0,1483.0,0.0
2.0,30462.0,3483.0,2688.0,0.0,0.0,0.0,1800.0,888.0,3483.0,0.0
2.0,26979.0,5480.0,2744.0,0.0,0.0,0.0,1885.0,859.0,5480.0,0.0
2.0,21499.0,5988.0,2812.0,0.0,0.0,0.0,2000.0,812.0,5988.0,0.0
2.0,15511.0,5214.0,2864.0,0.0,4023.0,4023.0,2087.0,777.0,4506.0,708.0
2.0,10297.0,2600.0,2878.0,0.0,6693.0,6693.0,2107.0,771.0,1030.0,1570.0
2.0,7697.0,2430.0,2919.0,0.0,9328.0,9328.0,2107.0,812.0,0.0,2430.0
2.0,5267.0,2585.0,2969.0,4023.0,8140.0,8140.0,2107.0,862.0,0.0,2585.0
2.0,6705.0,1873.0,2977.0,6693.0,3360.0,3360.0,2079.0,898.0,0.0,1873.0
2.0,11525.0,298.0,2916.0,9328.0,0.0,0.0,2013.0,903.0,0.0,298.0
2.0,20555.0,0.0,2812.0,8140.0,0.0,0.0,1909.0,903.0,0.0,0.0
2.0,28695.0,1549.0,2727.0,3360.0,0.0,0.0,1824.0,903.0,1549.0,0.0
2.0,30506.0,3556.0,2696.0,0.0,0.0,0.0,1805.0,891.0,3556.0,0.0
2.0,26950.0,5554.0,2753.0,0.0,0.0,0.0,1892.0,861.0,5554.0,0.0
2.0,21396.0,6026.0,2823.0,0.0,0.0,0.0,2007.0,816.0,6026.0,0.0
2.0,15370.0,5193.0,2875.0,0.0,4198.0,4198.0,2094.0,781.0,4488.0,705.0
2.0,10177.0,2511.0,2886.0,0.0,6764.0,6764.0,2112.0,774.0,946.0,1565.0
2.0,7666.0,2424.0,2926.0,0.0,9388.0,9388.0,2112.0,814.0,0.0,2424.0
2.0,5242.0,2577.0,2975.0,4198.0,8012.0,8012.0,2112.0,863.0,0.0,2577.0
2.0,6863.0,1869.0,2983.0,6764.0,3157.0,3157.0,2084.0,899.0,0.0,1869.0
2.0,11758.0,309.0,2924.0,9388.0,0.0,0.0,2019.0,905.0,0.0,309.0
2.0,20837.0,0.0,2820.0,8012.0,0.0,0.0,1915.0,905.0,0.0,0.0
2.0,28849.0,1544.0,2736.0,3157.0,0.0,0.0,1831.0,905.0,1544.0,0.0
2.0,30462.0,3560.0,2705.0,0.0,0.0,0.0,1813.0,892.0,3560.0,0.0
2.0,26902.0,5559.0,2761.0,0.0,0.0,0.0,1898.0,863.0,5559.0,0.0
2.0,21343.0,6018.0,2831.0,0.0,0.0,0.0,2014.0,817.0,6018.0,0.0
2.0,15325.0,5195.0,2882.0,0.0,4280.0,4280.0,2100.0,782.0,4469.0,726.0
2.0,10130.0,2515.0,2893.0,0.0,6850.0,6850.0,2117.0,776.0,928.0,1587.0
2.0,7615.0,2458.0,2934.0,0.0,9513.0,9513.0,2117.0,817.0,0.0,2458.0
2.0,5157.0,2598.0,2984.0,4280.0,8081.0,8081.0,2117.0,867.0,0.0,2598.0
2.0,6839.0,1871.0,2991.0,6850.0,3137.0,3137.0,2088.0,903.0,0.0,1871.0
2.0,11818.0,268.0,2929.0,9513.0,0.0,0.0,2021.0,908.0,0.0,268.0
2.0,21063.0,0.0,2823.0,8081.0,0.0,0.0,1915.0,908.0,0.0,0.0
2.0,29144.0,1619.0,2739.0,3137.0,0.0,0.0,1831.0,908.0,1619.0,0.0
2.0,30662.0,3649.0,2711.0,0.0,0.0,0.0,1816.0,895.0,3649.0,0.0
2.0,27013.0,5680.0,2773.0,0.0,0.0,0.0,1907.0,866.0,5680.0,0.0
2.0,21333.0,6093.0,2844.0,0.0,0.0,0.0,2024.0,820.0,6093.0,0.0
2.0,15240.0,5177.0,2894.0,0.0,4407.0,4407.0,2110.0,784.0,4455.0,722.0
2.0,10063.0,2359.0,2903.0,0.0,6811.0,6811.0,2125.0,778.0,778.0,1581.0
2.0,7704.0,2442.0,2943.0,0.0,9453.0,9453.0,2125.0,818.0,0.0,2442.0
2.0,5262.0,2584.0,2993.0,4407.0,7880.0,7880.0,2125.0,868.0,0.0,2584.0
2.0,7085.0,1869.0,2999.0,6811.0,2968.0,2968.0,2095.0,904.0,0.0,1869.0
2.0,12027.0,298.0,2937.0,9453.0,0.0,0.0,2027.0,910.0,0.0,298.0
2.0,21182.0,0.0,2831.0,7880.0,0.0,0.0,1921.0,910.0,0.0,0.0
2.0,29062.0,1622.0,2747.0,2968.0,0.0,0.0,1837.0,910.0,1622.0,0.0
2.0,30408.0,3632.0,2717.0,0.0,0.0,0.0,1820.0,897.0,3632.0,0.0
2.0,26776.0,5639.0,2777.0,0.0,0.0,0.0,1910.0,867.0,5639.0,0.0
2.0,21137.0,6046.0,2848.0,0.0,0.0,0.0,2027.0,821.0,6046.0,0.0
2.0,15091.0,5191.0,2898.0,0.0,4590.0,4590.0,2112.0,786.0,4449.0,742.0
2.0,9900.0,2451.0,2909.0,0.0,7096.0,7096.0,2128.0,781.0,842.0,1609.0
2.0,7449.0,2477.0,2950.0,0.0,9778.0,9778.0,2128.0,822.0,0.0,2477.0
2.0,4972.0,2600.0,3000.0,4590.0,8038.0,8038.0,2128.0,872.0,0.0,2600.0
2.0,6962.0,1853.0,3008.0,7096.0,2835.0,2835.0,2100.0,908.0,0.0,1853.0
2.0,12205.0,241.0,2945.0,9778.0,0.0,0.0,2033.0,912.0,0.0,241.0
2.0,21742.0,0.0,2839.0,8038.0,0.0,0.0,1927.0,912.0,0.0,0.0
2.0,29780.0,1664.0,2756.0,2835.0,0.0,0.0,1844.0,912.0,1664.0,0.0
2.0,30951.0,3703.0,2728.0,0.0,0.0,0.0,1829.0,899.0,3703.0,0.0
2.0,27248.0,5727.0,2787.0,0.0,0.0,0.0,1919.0,868.0,5727.0,0.0
2.0,21521.0,6083.0,2858.0,0.0,0.0,0.0,2036.0,822.0,6083.0,0.0
2.0,15438.0,5188.0,2908.0,0.0,4290.0,4290.0,2121.0,787.0,4405.0,783.0
2.0,10250.0,2345.0,2917.0,0.0,6680.0,6680.0,2134.0,783.0,703.0,1642.0
2.0,7905.0,2509.0,2959.0,0.0,9399.0,9399.0,2134.0,825.0,0.0,2509.0
2.0,5396.0,2600.0,3009.0,4290.0,7959.0,7959.0,2134.0,875.0,0.0,2600.0
2.0,7086.0,1831.0,3015.0,6680.0,3140.0,3140.0,2105.0,910.0,0.0,1831.0
2.0,11935.0,198.0,2950.0,9399.0,0.0,0.0,2036.0,914.0,0.0,198.0
2.0,21136.0,0.0,2843.0,7959.0,0.0,0.0,1929.0,914.0,0.0,0.0
2.0,29095.0,1714.0,2760.0,3140.0,0.0,0.0,1846.0,914.0,1714.0,0.0
2.0,30521.0,3752.0,2733.0,0.0,0.0,0.0,1832.0,901.0,3752.0,0.0
2.0,26769.0,5785.0,2796.0,0.0,0.0,0.0,1925.0,871.0,5785.0,0.0
2.0,20984.0,6109.0,2867.0,0.0,0.0,0.0,2043.0,824.0,6109.0,0.0
2.0,14875.0,5175.0,2917.0,0.0,4885.0,4885.0,2127.0,790.0,4387.0,788.0
2.0,9700.0,2306.0,2926.0,0.0,7236.0,7236.0,2140.0,786.0,644.0,1662.0
2.0,7394.0,2530.0,2968.0,0.0,9976.0,9976.0,2140.0,828.0,0.0,2530.0
2.0,4864.0,2607.0,3018.0,4885.0,7948.0,7948.0,2140.0,878.0,0.0,2607.0
2.0,7142.0,1816.0,3023.0,7236.0,2553.0,2553.0,2110.0,913.0,0.0,1816.0
2.0,12562.0,161.0,2957.0,9976.0,0.0,0.0,2041.0,916.0,0.0,161.0
2.0,22377.0,0.0,2851.0,7948.0,0.0,0.0,1935.0,916.0,0.0,0.0
2.0,30325.0,1707.0,2768.0,2553.0,0.0,0.0,1852.0,916.0,1707.0,0.0
2.0,31171.0,3752.0,2740.0,0.0,0.0,0.0,1838.0,902.0,3752.0,0.0
2.0,27419.0,5795.0,2803.0,0.0,0.0,0.0,1931.0,872.0,5795.0,0.0
2.0,21624.0,6125.0,2874.0,0.0,0.0,0.0,2049.0,825.0,6125.0,0.0
2.0,15499.0,5220.0,2924.0,0.0,4341.0,4341.0,2134.0,790.0,4407.0,813.0
2.0,10279.0,2330.0,2933.0,0.0,6716.0,6716.0,2146.0,787.0,645.0,1685.0
2.0,7949.0,2565.0,2977.0,0.0,9501.0,9501.0,2146.0,831.0,0.0,2565.0
2.0,5384.0,2629.0,3027.0,4341.0,8039.0,8039.0,2146.0,881.0,0.0,2629.0
2.0,7096.0,1820.0,3031.0,6716.0,3163.0,3163.0,2115.0,916.0,0.0,1820.0
2.0,11992.0,130.0,2964.0,9501.0,0.0,0.0,2045.0,919.0,0.0,130.0
2.0,21363.0,0.0,2855.0,8039.0,0.0,0.0,1936.0,919.0,0.0,0.0
2.0,29402.0,1693.0,2770.0,3163.0,0.0,0.0,1851.0,919.0,1693.0,0.0
2.0,30872.0,3737.0,2742.0,0.0,0.0,0.0,1837.0,905.0,3737.0,0.0
2.0,27135.0,5790.0,2809.0,0.0,0.0,0.0,1934.0,875.0,5790.0,0.0
2.0,21345.0,6160.0,2880.0,0.0,0.0,0.0,2052.0,828.0,6160.0,0.0
2.0,15185.0,5296.0,2932.0,0.0,4771.0,4771.0,2138.0,794.0,4481.0,815.0
2.0,9889.0,2420.0,2942.0,0.0,7241.0,7241.0,2152.0,790.0,732.0,1688.0
2.0,7469.0,2556.0,2986.0,0.0,10017.0,10017.0,2152.0,834.0,0.0,2556.0
2.0,4913.0,2616.0,3036.0,4771.0,8112.0,8112.0,2152.0,884.0,0.0,2616.0
2.0,7068.0,1812.0,3040.0,7241.0,2703.0,2703.0,2121.0,919.0,0.0,1812.0
2.0,12497.0,137.0,2972.0,10017.0,0.0,0.0,2051.0,921.0,0.0,137.0
2.0,22377.0,0.0,2864.0,8112.0,0.0,0.0,1943.0,921.0,0.0,0.0
2.0,30489.0,1642.0,2779.0,2703.0,0.0,0.0,1858.0,921.0,1642.0,0.0
2.0,31550.0,3680.0,2751.0,0.0,0.0,0.0,1844.0,907.0,3680.0,0.0
2.0,27870.0,5711.0,2813.0,0.0,0.0,0.0,1937.0,876.0,5711.0,0.0
2.0,22159.0,6111.0,2884.0,0.0,0.0,0.0,2055.0,829.0,6111.0,0.0
2.0,16048.0,5310.0,2936.0,0.0,3942.0,3942.0,2141.0,795.0,4480.0,830.0
2.0,10738.0,2545.0,2949.0,0.0,6552.0,6552.0,2157.0,792.0,836.0,1709.0
2.0,8193.0,2599.0,2994.0,0.0,9376.0,9376.0,2157.0,837.0,0.0,2599.0
2.0,5594.0,2651.0,3045.0,3942.0,8340.0,8340.0,2157.0,888.0,0.0,2651.0
2.0,6885.0,1821.0,3048.0,6552.0,3624.0,3624.0,2125.0,923.0,0.0,1821.0
2.0,11616.0,99.0,2979.0,9376.0,0.0,0.0,2054.0,925.0,0.0,99.0
2.0,20893.0,0.0,2869.0,8340.0,0.0,0.0,1944.0,925.0,0.0,0.0
2.0,29233.0,1697.0,2784.0,3624.0,0.0,0.0,1859.0,925.0,1697.0,0.0
2.0,31160.0,3760.0,2757.0,0.0,0.0,0.0,1847.0,910.0,3760.0,0.0
2.0,27400.0,5833.0,2823.0,0.0,0.0,0.0,1945.0,878.0,5833.0,0.0
2.0,21567.0,6191.0,2895.0,0.0,0.0,0.0,2065.0,830.0,6191.0,0.0
2.0,15376.0,5279.0,2947.0,0.0,4638.0,4638.0,2151.0,796.0,4474.0,805.0
2.0,10097.0,2372.0,2957.0,0.0,7060.0,7060.0,2164.0,793.0,687.0,1685.0
2.0,7725.0,2560.0,3002.0,0.0,9845.0,9845.0,2164.0,838.0,0.0,2560.0
2.0,5165.0,2640.0,3053.0,4638.0,8102.0,8102.0,2164.0,889.0,0.0,2640.0
2.0,7163.0,1840.0,3055.0,7060.0,2892.0,2892.0,2131.0,924.0,0.0,1840.0
2.0,12383.0,175.0,2987.0,9845.0,0.0,0.0,2059.0,928.0,0.0,175.0
2.0,22053.0,0.0,2875.0,8102.0,0.0,0.0,1947.0,928.0,0.0,0.0
2.0,30155.0,1674.0,2790.0,2892.0,0.0,0.0,1862.0,928.0,1674.0,0.0
2.0,31373.0,3731.0,2763.0,0.0,0.0,0.0,1850.0,913.0,3731.0,0.0
2.0,27642.0,5792.0,2830.0,0.0,0.0,0.0,1949.0,881.0,5792.0,0.0
2.0,21850.0,6184.0,2899.0,0.0,0.0,0.0,2067.0,832.0,6184.0,0.0
2.0,15666.0,5312.0,2951.0,0.0,4401.0,4401.0,2154.0,797.0,4520.0,792.0
2.0,10354.0,2470.0,2964.0,0.0,6936.0,6936.0,2170.0,794.0,792.0,1678.0
2.0,7884.0,2562.0,3011.0,0.0,9733.0,9733.0,2170.0,841.0,0.0,2562.0
2.0,5322.0,2652.0,3062.0,4401.0,8239.0,8239.0,2170.0,892.0,0.0,2652.0
2.0,7071.0,1852.0,3064.0,6936.0,3165.0,3165.0,2137.0,927.0,0.0,1852.0
2.0,12155.0,171.0,2996.0,9733.0,0.0,0.0,2065.0,931.0,0.0,171.0
2.0,21717.0,0.0,2884.0,8239.0,0.0,0.0,1953.0,931.0,0.0,0.0
2.0,29956.0,1657.0,2798.0,3165.0,0.0,0.0,1867.0,931.0,1657.0,0.0
2.0,31464.0,3723.0,2769.0,0.0,0.0,0.0,1854.0,915.0,3723.0,0.0
2.0,27741.0,5783.0,2835.0,0.0,0.0,0.0,1953.0,882.0,5783.0,0.0
2.0,21958.0,6200.0,2905.0,0.0,0.0,0.0,2072.0,833.0,6200.0,0.0
2.0,15758.0,5349.0,2958.0,0.0,4381.0,4381.0,2160.0,798.0,4549.0,800.0
2.0,10409.0,2509.0,2971.0,0.0,6955.0,6955.0,2176.0,795.0,826.0,1683.0
2.0,7900.0,2570.0,3018.0,0.0,9760.0,9760.0,2176.0,842.0,0.0,2570.0
2.0,5330.0,2660.0,3069.0,4381.0,8294.0,8294.0,2176.0,893.0,0.0,2660.0
2.0,7051.0,1872.0,3072.0,6955.0,3226.0,3226.0,2143.0,929.0,0.0,1872.0
2.0,12134.0,192.0,3004.0,9760.0,0.0,0.0,2071.0,933.0,0.0,192.0
2.0,21702.0,0.0,2893.0,8294.0,0.0,0.0,1960.0,933.0,0.0,0.0
2.0,29996.0,1675.0,2806.0,3226.0,0.0,0.0,1873.0,933.0,1675.0,0.0
2.0,31547.0,3741.0,2776.0,0.0,0.0,0.0,1859.0,917.0,3741.0,0.0
2.0,27806.0,5793.0,2842.0,0.0,0.0,0.0,1957.0,885.0,5793.0,0.0
2.0,22013.0,6186.0,2912.0,0.0,0.0,0.0,2076.0,836.0,6186.0,0.0
2.0,15827.0,5314.0,2964.0,0.0,4307.0,4307.0,2163.0,801.0,4526.0,788.0
2.0,10513.0,2495.0,2976.0,0.0,6862.0,6862.0,2178.0,798.0,816.0,1679.0
2.0,8018.0,2570.0,3023.0,0.0,9667.0,9667.0,2178.0,845.0,0.0,2570.0
2.0,5448.0,2668.0,3074.0,4307.0,8283.0,8283.0,2178.0,896.0,0.0,2668.0
2.0,7087.0,1871.0,3079.0,6862.0,3317.0,3317.0,2147.0,932.0,0.0,1871.0
2.0,12078.0,189.0,3012.0,9667.0,0.0,0.0,2076.0,936.0,0.0,189.0
2.0,21556.0,0.0,2902.0,8283.0,0.0,0.0,1966.0,936.0,0.0,0.0
2.0,29839.0,1714.0,2818.0,3317.0,0.0,0.0,1882.0,936.0,1714.0,0.0
2.0,31442.0,3796.0,2788.0,0.0,0.0,0.0,1868.0,920.0,3796.0,0.0
2.0,27646.0,5861.0,2852.0,0.0,0.0,0.0,1965.0,887.0,5861.0,0.0
2.0,21785.0,6207.0,2921.0,0.0,0.0,0.0,2084.0,837.0,6207.0,0.0
2.0,15578.0,5261.0,2972.0,0.0,4543.0,4543.0,2171.0,801.0,4480.0,781.0
2.0,10317.0,2361.0,2982.0,0.0,6954.0,6954.0,2184.0,798.0,689.0,1672.0
2.0,7956.0,2564.0,3030.0,0.0,9758.0,9758.0,2184.0,846.0,0.0,2564.0
2.0,5392.0,2684.0,3081.0,4543.0,8154.0,8154.0,2184.0,897.0,0.0,2684.0
2.0,7251.0,1907.0,3085.0,6954.0,3127.0,3127.0,2151.0,934.0,0.0,1907.0
2.0,12298.0,229.0,3017.0,9758.0,0.0,0.0,2079.0,938.0,0.0,229.0
2.0,21827.0,0.0,2905.0,8154.0,0.0,0.0,1967.0,938.0,0.0,0.0
2.0,29981.0,1765.0,2820.0,3127.0,0.0,0.0,1882.0,938.0,1765.0,0.0
2.0,31343.0,3843.0,2792.0,0.0,0.0,0.0,1869.0,923.0,3843.0,0.0
2.0,27500.0,5938.0,2860.0,0.0,0.0,0.0,1970.0,890.0,5938.0,0.0
2.0,21562.0,6270.0,2932.0,0.0,0.0,0.0,2091.0,841.0,6270.0,0.0
2.0,15292.0,5278.0,2983.0,0.0,4901.0,4901.0,2178.0,805.0,4520.0,758.0
2.0,10014.0,2306.0,2992.0,0.0,7252.0,7252.0,2191.0,801.0,656.0,1650.0
2.0,7708.0,2539.0,3038.0,0.0,10021.0,10021.0,2191.0,847.0,0.0,2539.0
2.0,5169.0,2669.0,3089.0,4901.0,8044.0,8044.0,2191.0,898.0,0.0,2669.0
2.0,7401.0,1908.0,3093.0,7252.0,2720.0,2720.0,2158.0,935.0,0.0,1908.0
2.0,12745.0,263.0,3027.0,10021.0,0.0,0.0,2087.0,940.0,0.0,263.0
2.0,22503.0,0.0,2915.0,8044.0,0.0,0.0,1975.0,940.0,0.0,0.0
2.0,30547.0,1701.0,2829.0,2720.0,0.0,0.0,1889.0,940.0,1701.0,0.0
2.0,31566.0,3781.0,2800.0,0.0,0.0,0.0,1875.0,925.0,3781.0,0.0
2.0,27785.0,5851.0,2864.0,0.0,0.0,0.0,1972.0,892.0,5851.0,0.0
2.0,21934.0,6228.0,2935.0,0.0,0.0,0.0,2092.0,843.0,6228.0,0.0
2.0,15706.0,5317.0,2986.0,0.0,4541.0,4541.0,2179.0,807.0,4536.0,781.0
2.0,10389.0,2466.0,2998.0,0.0,7067.0,7067.0,2194.0,804.0,788.0,1678.0
2.0,7923.0,2576.0,3044.0,0.0,9873.0,9873.0,2194.0,850.0,0.0,2576.0
2.0,5347.0,2696.0,3096.0,4541.0,8288.0,8288.0,2194.0,902.0,0.0,2696.0
2.0,7192.0,1909.0,3101.0,7067.0,3155.0,3155.0,2162.0,939.0,0.0,1909.0
2.0,12350.0,219.0,3034.0,9873.0,0.0,0.0,2091.0,943.0,0.0,219.0
2.0,22004.0,0.0,2923.0,8288.0,0.0,0.0,1980.0,943.0,0.0,0.0
2.0,30292.0,1747.0,2837.0,3155.0,0.0,0.0,1894.0,943.0,1747.0,0.0
2.0,31700.0,3845.0,2807.0,0.0,0.0,0.0,1880.0,927.0,3845.0,0.0
2.0,27855.0,5947.0,2874.0,0.0,0.0,0.0,1979.0,895.0,5947.0,0.0
2.0,21908.0,6287.0,2946.0,0.0,0.0,0.0,2100.0,846.0,6287.0,0.0
2.0,15621.0,5279.0,2996.0,0.0,4638.0,4638.0,2187.0,809.0,4524.0,755.0
2.0,10342.0,2308.0,3004.0,0.0,6986.0,6986.0,2199.0,805.0,659.0,1649.0
2.0,8034.0,2540.0,3049.0,0.0,9751.0,9751.0,2199.0,850.0,0.0,2540.0
2.0,5494.0,2680.0,3100.0,4638.0,8048.0,8048.0,2199.0,901.0,0.0,2680.0
2.0,7452.0,1927.0,3105.0,6986.0,3014.0,3014.0,2167.0,938.0,0.0,1927.0
2.0,12511.0,291.0,3039.0,9751.0,0.0,0.0,2095.0,944.0,0.0,291.0
2.0,21971.0,0.0,2928.0,8048.0,0.0,0.0,1984.0,944.0,0.0,0.0
2.0,30019.0,1724.0,2842.0,3014.0,0.0,0.0,1898.0,944.0,1724.0,0.0
2.0,31309.0,3815.0,2813.0,0.0,0.0,0.0,1884.0,929.0,3815.0,0.0
2.0,27494.0,5908.0,2879.0,0.0,0.0,0.0,1982.0,897.0,5908.0,0.0
2.0,21586.0,6276.0,2950.0,0.0,0.0,0.0,2103.0,847.0,6276.0,0.0
2.0,15310.0,5327.0,3002.0,0.0,5027.0,5027.0,2191.0,811.0,4560.0,767.0
2.0,9983.0,2437.0,3012.0,0.0,7514.0,7514.0,2205.0,807.0,764.0,1673.0
2.0,7546.0,2574.0,3058.0,0.0,10318.0,10318.0,2205.0,853.0,0.0,2574.0
2.0,4972.0,2705.0,3110.0,5027.0,8256.0,8256.0,2205.0,905.0,0.0,2705.0
2.0,7294.0,1923.0,3114.0,7514.0,2685.0,2685.0,2172.0,942.0,0.0,1923.0
2.0,12885.0,238.0,3045.0,10318.0,0.0,0.0,2099.0,946.0,0.0,238.0
2.0,22965.0,0.0,2933.0,8256.0,0.0,0.0,1987.0,946.0,0.0,0.0
2.0,31221.0,1765.0,2847.0,2685.0,0.0,0.0,1901.0,946.0,1765.0,0.0
2.0,32141.0,3866.0,2820.0,0.0,0.0,0.0,1889.0,931.0,3866.0,0.0
2.0,28275.0,5976.0,2890.0,0.0,0.0,0.0,1991.0,899.0,5976.0,0.0
2.0,22299.0,6306.0,2962.0,0.0,0.0,0.0,2112.0,850.0,6306.0,0.0
2.0,15993.0,5324.0,3013.0,0.0,4396.0,4396.0,2200.0,813.0,4535.0,789.0
2.0,10669.0,2333.0,3021.0,0.0,6769.0,6769.0,2212.0,809.0,645.0,1688.0
2.0,8336.0,2589.0,3066.0,0.0,9583.0,9583.0,2212.0,854.0,0.0,2589.0
2.0,5747.0,2699.0,3118.0,4396.0,8146.0,8146.0,2212.0,906.0,0.0,2699.0
2.0,7444.0,1918.0,3121.0,6769.0,3310.0,3310.0,2178.0,943.0,0.0,1918.0
2.0,12295.0,227.0,3052.0,9583.0,0.0,0.0,2104.0,948.0,0.0,227.0
2.0,21651.0,0.0,2938.0,8146.0,0.0,0.0,1990.0,948.0,0.0,0.0
2.0,29797.0,1808.0,2852.0,3310.0,0.0,0.0,1904.0,948.0,1808.0,0.0
2.0,31299.0,3892.0,2825.0,0.0,0.0,0.0,1892.0,933.0,3892.0,0.0
2.0,27407.0,5985.0,2896.0,0.0,0.0,0.0,1995.0,901.0,5985.0,0.0
2.0,21422.0,6293.0,2969.0,0.0,0.0,0.0,2116.0,853.0,6293.0,0.0
2.0,15129.0,5323.0,3020.0,0.0,5294.0,5294.0,2203.0,817.0,4525.0,798.0
2.0,9806.0,2356.0,3028.0,0.0,7690.0,7690.0,2215.0,813.0,655.0,1701.0
2.0,7450.0,2600.0,3073.0,0.0,10515.0,10515.0,2215.0,858.0,0.0,2600.0
2.0,4850.0,2703.0,3124.0,5294.0,8179.0,8179.0,2215.0,909.0,0.0,2703.0
2.0,7441.0,1897.0,3129.0,7690.0,2411.0,2411.0,2183.0,946.0,0.0,1897.0
2.0,13234.0,199.0,3060.0,10515.0,0.0,0.0,2110.0,950.0,0.0,199.0
2.0,23550.0,0.0,2947.0,8179.0,0.0,0.0,1997.0,950.0,0.0,0.0
2.0,31729.0,1798.0,2862.0,2411.0,0.0,0.0,1912.0,950.0,1798.0,0.0
2.0,32342.0,3921.0,2835.0,0.0,0.0,0.0,1900.0,935.0,3921.0,0.0
2.0,28421.0,6021.0,2903.0,0.0,0.0,0.0,2001.0,902.0,6021.0,0.0
2.0,22400.0,6321.0,2975.0,0.0,0.0,0.0,2122.0,853.0,6321.0,0.0
2.0,16079.0,5327.0,3026.0,0.0,4378.0,4378.0,2209.0,817.0,4503.0,824.0
2.0,10752.0,2332.0,3034.0,0.0,6750.0,6750.0,2221.0,813.0,604.0,1728.0
2.0,8420.0,2638.0,3081.0,0.0,9623.0,9623.0,2221.0,860.0,0.0,2638.0
2.0,5782.0,2719.0,3133.0,4378.0,8224.0,8224.0,2221.0,912.0,0.0,2719.0
2.0,7441.0,1891.0,3136.0,6750.0,3380.0,3380.0,2187.0,949.0,0.0,1891.0
2.0,12300.0,153.0,3065.0,9623.0,0.0,0.0,2113.0,952.0,0.0,153.0
2.0,21770.0,0.0,2951.0,8224.0,0.0,0.0,1999.0,952.0,0.0,0.0
2.0,29994.0,1867.0,2866.0,3380.0,0.0,0.0,1914.0,952.0,1867.0,0.0
2.0,31507.0,3987.0,2840.0,0.0,0.0,0.0,1903.0,937.0,3987.0,0.0
2.0,27520.0,6119.0,2913.0,0.0,0.0,0.0,2008.0,905.0,6119.0,0.0
2.0,21401.0,6369.0,2988.0,0.0,0.0,0.0,2131.0,857.0,6369.0,0.0
2.0,15032.0,5345.0,3038.0,0.0,5503.0,5503.0,2217.0,821.0,4501.0,844.0
2.0,9687.0,2238.0,3045.0,0.0,7776.0,7776.0,2227.0,818.0,491.0,1747.0
2.0,7449.0,2648.0,3090.0,0.0,10649.0,10649.0,2227.0,863.0,0.0,2648.0
2.0,4801.0,2708.0,3142.0,5503.0,8114.0,8114.0,2227.0,915.0,0.0,2708.0
2.0,7596.0,1864.0,3145.0,7776.0,2217.0,2217.0,2194.0,951.0,0.0,1864.0
2.0,13508.0,127.0,3073.0,10649.0,0.0,0.0,2120.0,953.0,0.0,127.0
2.0,24030.0,0.0,2960.0,8114.0,0.0,0.0,2007.0,953.0,0.0,0.0
2.0,32144.0,1848.0,2875.0,2217.0,0.0,0.0,1922.0,953.0,1848.0,0.0
2.0,32513.0,3959.0,2849.0,0.0,0.0,0.0,1910.0,939.0,3959.0,0.0
2.0,28554.0,6082.0,2919.0,0.0,0.0,0.0,2012.0,907.0,6082.0,0.0
2.0,22472.0,6354.0,2992.0,0.0,0.0,0.0,2135.0,857.0,6354.0,0.0
2.0,16118.0,5404.0,3044.0,0.0,4506.0,4506.0,2222.0,822.0,4522.0,882.0
2.0,10714.0,2360.0,3051.0,0.0,6901.0,6901.0,2232.0,819.0,566.0,1794.0
2.0,8354.0,2702.0,3099.0,0.0,9843.0,9843.0,2232.0,867.0,0.0,2702.0
2.0,5652.0,2733.0,3151.0,4506.0,8330.0,8330.0,2232.0,919.0,0.0,2733.0
2.0,7425.0,1846.0,3153.0,6901.0,3285.0,3285.0,2198.0,955.0,0.0,1846.0
2.0,12480.0,48.0,3080.0,9843.0,0.0,0.0,2124.0,956.0,0.0,48.0
2.0,22275.0,0.0,2965.0,8330.0,0.0,0.0,2009.0,956.0,0.0,0.0
2.0,30605.0,1882.0,2880.0,3285.0,0.0,0.0,1924.0,956.0,1882.0,0.0
2.0,32008.0,4012.0,2855.0,0.0,0.0,0.0,1914.0,941.0,4012.0,0.0
2.0,27996.0,6139.0,2928.0,0.0,0.0,0.0,2020.0,908.0,6139.0,0.0
2.0,21857.0,6389.0,3001.0,0.0,0.0,0.0,2143.0,858.0,6389.0,0.0
2.0,15468.0,5392.0,3053.0,0.0,5189.0,5189.0,2229.0,824.0,4496.0,896.0
2.0,10076.0,2273.0,3059.0,0.0,7492.0,7492.0,2238.0,821.0,473.0,1800.0
2.0,7803.0,2707.0,3107.0,0.0,10439.0,10439.0,2238.0,869.0,0.0,2707.0
2.0,5096.0,2721.0,3160.0,5189.0,8236.0,8236.0,2238.0,922.0,0.0,2721.0
2.0,7564.0,1840.0,3160.0,7492.0,2584.0,2584.0,2203.0,957.0,0.0,1840.0
2.0,13216.0,47.0,3086.0,10439.0,0.0,0.0,2128.0,958.0,0.0,47.0
2.0,23608.0,0.0,2971.0,8236.0,0.0,0.0,2013.0,958.0,0.0,0.0
2.0,31844.0,1895.0,2887.0,2584.0,0.0,0.0,1929.0,958.0,1895.0,0.0
2.0,32533.0,4011.0,2861.0,0.0,0.0,0.0,1919.0,942.0,4011.0,0.0
2.0,28522.0,6131.0,2934.0,0.0,0.0,0.0,2024.0,910.0,6131.0,0.0
2.0,22391.0,6368.0,3007.0,0.0,0.0,0.0,2147.0,860.0,6368.0,0.0
2.0,16023.0,5404.0,3058.0,0.0,4671.0,4671.0,2233.0,825.0,4491.0,913.0
2.0,10619.0,2330.0,3067.0,0.0,7046.0,7046.0,2243.0,824.0,505.0,1825.0
2.0,8289.0,2743.0,3116.0,0.0,10034.0,10034.0,2243.0,873.0,0.0,2743.0
2.0,5546.0,2741.0,3169.0,4671.0,8369.0,8369.0,2243.0,926.0,0.0,2741.0
2.0,7476.0,1827.0,3169.0,7046.0,3150.0,3150.0,2208.0,961.0,0.0,1827.0
2.0,12695.0,0.0,3094.0,10034.0,0.0,0.0,2133.0,961.0,0.0,0.0
2.0,22729.0,0.0,2978.0,8369.0,0.0,0.0,2017.0,961.0,0.0,0.0
2.0,31098.0,1927.0,2894.0,3150.0,0.0,0.0,1933.0,961.0,1927.0,0.0
2.0,32321.0,4081.0,2869.0,0.0,0.0,0.0,1924.0,945.0,4081.0,0.0
2.0,28240.0,6222.0,2944.0,0.0,0.0,0.0,2032.0,912.0,6222.0,0.0
2.0,22018.0,6439.0,3017.0,0.0,0.0,0.0,2156.0,861.0,6422.0,17.0
2.0,15579.0,5393.0,3069.0,0.0,5159.0,5159.0,2242.0,827.0,4465.0,928.0
2.0,10186.0,2206.0,3075.0,0.0,7395.0,7395.0,2249.0,826.0,362.0,1844.0
2.0,7980.0,2744.0,3125.0,0.0,10389.0,10389.0,2249.0,876.0,0.0,2744.0
2.0,5236.0,2738.0,3177.0,5159.0,8228.0,8228.0,2249.0,928.0,0.0,2738.0
2.0,7657.0,1818.0,3176.0,7395.0,2646.0,2646.0,2213.0,963.0,0.0,1818.0
2.0,13234.0,0.0,3099.0,10389.0,0.0,0.0,2136.0,963.0,0.0,0.0
2.0,23623.0,0.0,2982.0,8228.0,0.0,0.0,2019.0,963.0,0.0,0.0
2.0,31851.0,1962.0,2897.0,2646.0,0.0,0.0,1934.0,963.0,1962.0,0.0
2.0,32535.0,4095.0,2873.0,0.0,0.0,0.0,1926.0,947.0,4095.0,0.0
2.0,28440.0,6240.0,2950.0,0.0,0.0,0.0,2037.0,913.0,6240.0,0.0
2.0,22200.0,6454.0,3023.0,0.0,0.0,0.0,2160.0,863.0,6433.0,21.0
2.0,15746.0,5426.0,3076.0,0.0,5060.0,5060.0,2247.0,829.0,4489.0,937.0
2.0,10320.0,2250.0,3083.0,0.0,7345.0,7345.0,2254.0,829.0,398.0,1852.0
2.0,8070.0,2746.0,3133.0,0.0,10341.0,10341.0,2254.0,879.0,0.0,2746.0
2.0,5324.0,2726.0,3185.0,5060.0,8267.0,8267.0,2254.0,931.0,0.0,2726.0
2.0,7658.0,1798.0,3185.0,7345.0,2720.0,2720.0,2219.0,966.0,0.0,1798.0
2.0,13205.0,0.0,3109.0,10341.0,0.0,0.0,2143.0,966.0,0.0,0.0
2.0,23546.0,0.0,2992.0,8267.0,0.0,0.0,2026.0,966.0,0.0,0.0
2.0,31813.0,1946.0,2907.0,2720.0,0.0,0.0,1941.0,966.0,1946.0,0.0
2.0,32587.0,4093.0,2882.0,0.0,0.0,0.0,1933.0,949.0,4093.0,0.0
2.0,28494.0,6237.0,2957.0,0.0,0.0,0.0,2042.0,915.0,6237.0,0.0
2.0,22257.0,6473.0,3029.0,0.0,0.0,0.0,2165.0,864.0,6420.0,53.0
2.0,15784.0,5440.0,3081.0,0.0,5061.0,5061.0,2251.0,830.0,4471.0,969.0
2.0,10344.0,2259.0,3088.0,0.0,7355.0,7355.0,2258.0,830.0,376.0,1883.0
2.0,8085.0,2754.0,3140.0,0.0,10369.0,10369.0,2258.0,882.0,0.0,2754.0
2.0,5331.0,2708.0,3193.0,5061.0,8281.0,8281.0,2258.0,935.0,0.0,2708.0
2.0,7684.0,1749.0,3190.0,7355.0,2660.0,2660.0,2222.0,968.0,0.0,1749.0
2.0,13290.0,0.0,3113.0,10369.0,0.0,0.0,2145.0,968.0,0.0,0.0
2.0,23659.0,0.0,2995.0,8281.0,0.0,0.0,2027.0,968.0,0.0,0.0
2.0,31940.0,2016.0,2911.0,2660.0,0.0,0.0,1943.0,968.0,2016.0,0.0
2.0,32584.0,4166.0,2887.0,0.0,0.0,0.0,1936.0,951.0,4166.0,0.0
2.0,28418.0,6329.0,2965.0,0.0,0.0,0.0,2049.0,916.0,6329.0,0.0
2.0,22089.0,6541.0,3039.0,0.0,0.0,0.0,2174.0,865.0,6478.0,63.0
2.0,15548.0,5453.0,3092.0,0.0,5365.0,5365.0,2260.0,832.0,4470.0,983.0
2.0,10095.0,2192.0,3098.0,0.0,7587.0,7587.0,2265.0,833.0,283.0,1909.0
2.0,7903.0,2762.0,3151.0,0.0,10614.0,10614.0,2265.0,886.0,0.0,2762.0
2.0,5141.0,2700.0,3203.0,5365.0,8209.0,8209.0,2265.0,938.0,0.0,2700.0
2.0,7806.0,1716.0,3200.0,7587.0,2323.0,2323.0,2229.0,971.0,0.0,1716.0
2.0,13677.0,0.0,3122.0,10614.0,0.0,0.0,2151.0,971.0,0.0,0.0
2.0,24291.0,0.0,3005.0,8209.0,0.0,0.0,2034.0,971.0,0.0,0.0
2.0,32500.0,1982.0,2920.0,2323.0,0.0,0.0,1949.0,971.0,1982.0,0.0
2.0,32841.0,4138.0,2895.0,0.0,0.0,0.0,1942.0,953.0,4138.0,0.0
2.0,28703.0,6285.0,2972.0,0.0,0.0,0.0,2054.0,918.0,6285.0,0.0
2.0,22418.0,6525.0,3044.0,0.0,0.0,0.0,2178.0,866.0,6454.0,71.0
2.0,15893.0,5452.0,3096.0,0.0,5039.0,5039.0,2263.0,833.0,4461.0,991.0
2.0,10441.0,2267.0,3105.0,0.0,7351.0,7351.0,2270.0,835.0,346.0,1921.0
2.0,8174.0,2777.0,3158.0,0.0,10393.0,10393.0,2270.0,888.0,0.0,2777.0
2.0,5397.0,2710.0,3210.0,5039.0,8324.0,8324.0,2270.0,940.0,0.0,2710.0
2.0,7726.0,1712.0,3206.0,7351.0,2665.0,2665.0,2233.0,973.0,0.0,1712.0
2.0,13365.0,0.0,3128.0,10393.0,0.0,0.0,2155.0,973.0,0.0,0.0
2.0,23758.0,0.0,3008.0,8324.0,0.0,0.0,2035.0,973.0,0.0,0.0
2.0,32082.0,2031.0,2923.0,2665.0,0.0,0.0,1950.0,973.0,2031.0,0.0
2.0,32716.0,4201.0,2900.0,0.0,0.0,0.0,1945.0,955.0,4201.0,0.0
2.0,28515.0,6378.0,2980.0,0.0,0.0,0.0,2061.0,919.0,6378.0,0.0
2.0,22137.0,6575.0,3054.0,0.0,0.0,0.0,2186.0,868.0,6515.0,60.0
2.0,15562.0,5450.0,3106.0,0.0,5418.0,5418.0,2272.0,834.0,4470.0,980.0
2.0,10112.0,2140.0,3113.0,0.0,7593.0,7593.0,2277.0,836.0,240.0,1900.0
2.0,7972.0,2762.0,3166.0,0.0,10620.0,10620.0,2277.0,889.0,0.0,2762.0
2.0,5210.0,2711.0,3218.0,5418.0,8173.0,8173.0,2277.0,941.0,0.0,2711.0
2.0,7917.0,1752.0,3214.0,7593.0,2312.0,2312.0,2239.0,975.0,0.0,1752.0
2.0,13758.0,0.0,3135.0,10620.0,0.0,0.0,2160.0,975.0,0.0,0.0
2.0,24378.0,0.0,3015.0,8173.0,0.0,0.0,2040.0,975.0,0.0,0.0
2.0,32551.0,2007.0,2929.0,2312.0,0.0,0.0,1955.0,974.0,2007.0,0.0
2.0,32856.0,4159.0,2905.0,0.0,0.0,0.0,1949.0,956.0,4159.0,0.0
2.0,28697.0,6303.0,2983.0,0.0,0.0,0.0,2063.0,920.0,6303.0,0.0
2.0,22394.0,6555.0,3056.0,0.0,0.0,0.0,2187.0,869.0,6467.0,88.0
2.0,15839.0,5496.0,3109.0,0.0,5202.0,5202.0,2273.0,836.0,4481.0,1015.0
2.0,10343.0,2316.0,3119.0,0.0,7568.0,7568.0,2280.0,839.0,362.0,1954.0
2.0,8027.0,2797.0,3173.0,0.0,10635.0,10635.0,2280.0,893.0,0.0,2797.0
2.0,5230.0,2712.0,3225.0,5202.0,8405.0,8405.0,2280.0,945.0,0.0,2712.0
2.0,7720.0,1683.0,3221.0,7568.0,2500.0,2500.0,2243.0,978.0,0.0,1683.0
2.0,13605.0,0.0,3142.0,10635.0,0.0,0.0,2164.0,978.0,0.0,0.0
2.0,24240.0,0.0,3022.0,8405.0,0.0,0.0,2044.0,978.0,0.0,0.0
2.0,32645.0,2050.0,2937.0,2500.0,0.0,0.0,1960.0,977.0,2050.0,0.0
2.0,33095.0,4234.0,2913.0,0.0,0.0,0.0,1955.0,958.0,4234.0,0.0
2.0,28861.0,6412.0,2994.0,0.0,0.0,0.0,2072.0,922.0,6412.0,0.0
2.0,22449.0,6596.0,3067.0,0.0,0.0,0.0,2197.0,870.0,6531.0,65.0
2.0,15853.0,5448.0,3120.0,0.0,5195.0,5195.0,2283.0,837.0,4458.0,990.0
2.0,10405.0,2127.0,3127.0,0.0,7357.0,7357.0,2287.0,840.0,208.0,1919.0
2.0,8278.0,2795.0,3181.0,0.0,10422.0,10422.0,2287.0,894.0,0.0,2795.0
2.0,5483.0,2739.0,3234.0,5195.0,8231.0,8231.0,2287.0,947.0,0.0,2739.0
2.0,7939.0,1755.0,3229.0,7357.0,2604.0,2604.0,2248.0,981.0,0.0,1755.0
2.0,13541.0,0.0,3149.0,10422.0,0.0,0.0,2168.0,981.0,0.0,0.0
2.0,23963.0,0.0,3027.0,8231.0,0.0,0.0,2046.0,981.0,0.0,0.0
2.0,32194.0,2071.0,2940.0,2604.0,0.0,0.0,1961.0,979.0,2071.0,0.0
2.0,32727.0,4242.0,2917.0,0.0,0.0,0.0,1957.0,960.0,4242.0,0.0
2.0,28485.0,6421.0,2999.0,0.0,0.0,0.0,2075.0,924.0,6421.0,0.0
2.0,22064.0,6577.0,3072.0,0.0,0.0,0.0,2201.0,871.0,6537.0,40.0
2.0,15487.0,5448.0,3125.0,0.0,5586.0,5586.0,2287.0,838.0,4472.0,976.0
2.0,10039.0,2150.0,3133.0,0.0,7776.0,7776.0,2291.0,842.0,234.0,1916.0
2.0,7889.0,2810.0,3187.0,0.0,10856.0,10856.0,2291.0,896.0,0.0,2810.0
2.0,5079.0,2768.0,3240.0,5586.0,8303.0,8303.0,2291.0,949.0,0.0,2768.0
2.0,7897.0,1784.0,3237.0,7776.0,2296.0,2296.0,2253.0,984.0,0.0,1784.0
2.0,13889.0,0.0,3158.0,10856.0,0.0,0.0,2174.0,984.0,0.0,0.0
2.0,24745.0,0.0,3037.0,8303.0,0.0,0.0,2053.0,984.0,0.0,0.0
2.0,33048.0,2079.0,2951.0,2296.0,0.0,0.0,1969.0,982.0,2079.0,0.0
2.0,33265.0,4267.0,2928.0,0.0,0.0,0.0,1965.0,963.0,4267.0,0.0
2.0,28998.0,6449.0,3008.0,0.0,0.0,0.0,2082.0,926.0,6449.0,0.0
2.0,22549.0,6571.0,3081.0,0.0,0.0,0.0,2208.0,873.0,6543.0,28.0
2.0,15978.0,5407.0,3134.0,0.0,5099.0,5099.0,2294.0,840.0,4445.0,962.0
2.0,10571.0,2076.0,3140.0,0.0,7205.0,7205.0,2297.0,843.0,182.0,1894.0
2.0,8495.0,2803.0,3194.0,0.0,10278.0,10278.0,2297.0,897.0,0.0,2803.0
2.0,5692.0,2786.0,3248.0,5099.0,8235.0,8235.0,2297.0,951.0,0.0,2786.0
2.0,8005.0,1828.0,3244.0,7205.0,2838.0,2838.0,2258.0,986.0,0.0,1828.0
2.0,13382.0,0.0,3163.0,10278.0,0.0,0.0,2177.0,986.0,0.0,0.0
2.0,23660.0,0.0,3041.0,8235.0,0.0,0.0,2055.0,986.0,0.0,0.0
2.0,31895.0,2136.0,2955.0,2838.0,0.0,0.0,1970.0,985.0,2136.0,0.0
2.0,32597.0,4312.0,2933.0,0.0,0.0,0.0,1967.0,966.0,4312.0,0.0
2.0,28285.0,6505.0,3017.0,0.0,0.0,0.0,2088.0,929.0,6505.0,0.0
2.0,21780.0,6589.0,3091.0,0.0,264.0,264.0,2214.0,877.0,6569.0,20.0
2.0,15191.0,5408.0,3143.0,0.0,5932.0,5932.0,2300.0,843.0,4447.0,961.0
2.0,9783.0,2023.0,3148.0,0.0,7980.0,7980.0,2302.0,846.0,121.0,1902.0
2.0,7760.0,2819.0,3202.0,264.0,10805.0,10805.0,2302.0,900.0,0.0,2819.0
2.0,5205.0,2800.0,3256.0,5932.0,7943.0,7943.0,2302.0,954.0,0.0,2800.0
2.0,8337.0,1834.0,3252.0,7980.0,1777.0,1777.0,2263.0,989.0,0.0,1834.0
2.0,14483.0,0.0,3172.0,10805.0,0.0,0.0,2183.0,989.0,0.0,0.0
2.0,25288.0,0.0,3051.0,7943.0,0.0,0.0,2062.0,989.0,0.0,0.0
2.0,33231.0,2142.0,2967.0,1777.0,0.0,0.0,1979.0,988.0,2142.0,0.0
2.0,32866.0,4330.0,2944.0,0.0,0.0,0.0,1976.0,968.0,4330.0,0.0
2.0,28536.0,6506.0,3024.0,0.0,0.0,0.0,2094.0,930.0,6506.0,0.0
2.0,22030.0,6543.0,3097.0,0.0,0.0,0.0,2220.0,877.0,6537.0,6.0
2.0,15487.0,5343.0,3148.0,0.0,5596.0,5596.0,2305.0,843.0,4397.0,946.0
2.0,10144.0,1991.0,3153.0,0.0,7612.0,7612.0,2306.0,847.0,97.0,1894.0
2.0,8153.0,2831.0,3207.0,0.0,10713.0,10713.0,2306.0,901.0,0.0,2831.0
2.0,5322.0,2826.0,3262.0,5596.0,8218.0,8218.0,2306.0,956.0,0.0,2826.0
2.0,8092.0,1868.0,3259.0,7612.0,2459.0,2459.0,2267.0,992.0,0.0,1868.0
2.0,13836.0,0.0,3178.0,10713.0,0.0,0.0,2186.0,992.0,0.0,0.0
2.0,24549.0,43.0,3055.0,8218.0,0.0,0.0,2063.0,992.0,43.0,0.0
2.0,32724.0,2242.0,2971.0,2459.0,0.0,0.0,1981.0,990.0,2242.0,0.0
2.0,32941.0,4449.0,2951.0,0.0,0.0,0.0,1980.0,971.0,4449.0,0.0
2.0,28492.0,6615.0,3038.0,0.0,0.0,0.0,2104.0,934.0,6615.0,0.0
2.0,21877.0,6574.0,3111.0,0.0,252.0,252.0,2230.0,881.0,6574.0,0.0
2.0,15303.0,5239.0,3159.0,0.0,5731.0,5731.0,2313.0,846.0,4317.0,922.0
2.0,10064.0,1867.0,3161.0,0.0,7608.0,7608.0,2313.0,848.0,0.0,1867.0
2.0,8197.0,2804.0,3215.0,252.0,10430.0,10430.0,2313.0,902.0,0.0,2804.0
2.0,5645.0,2823.0,3269.0,5731.0,7792.0,7792.0,2313.0,956.0,0.0,2823.0
2.0,8553.0,1900.0,3266.0,7608.0,2069.0,2069.0,2273.0,993.0,0.0,1900.0
2.0,14261.0,38.0,3185.0,10430.0,0.0,0.0,2192.0,993.0,0.0,38.0
2.0,24653.0,31.0,3062.0,7792.0,0.0,0.0,2069.0,993.0,31.0,0.0
2.0,32414.0,2225.0,2979.0,2069.0,0.0,0.0,1986.0,993.0,2225.0,0.0
2.0,32258.0,4416.0,2959.0,0.0,0.0,0.0,1985.0,974.0,4416.0,0.0
2.0,27842.0,6587.0,3044.0,0.0,0.0,0.0,2107.0,937.0,6587.0,0.0
2.0,21255.0,6570.0,3116.0,0.0,895.0,895.0,2233.0,883.0,6570.0,0.0
2.0,14685.0,5307.0,3165.0,0.0,6447.0,6447.0,2317.0,848.0,4372.0,935.0
2.0,9378.0,1881.0,3167.0,0.0,8338.0,8338.0,2317.0,850.0,0.0,1881.0
2.0,7497.0,2828.0,3221.0,895.0,10541.0,10541.0,2317.0,904.0,0.0,2828.0
2.0,5564.0,2830.0,3275.0,6447.0,7194.0,7194.0,2317.0,958.0,0.0,2830.0
2.0,9181.0,1890.0,3272.0,8338.0,731.0,731.0,2277.0,995.0,0.0,1890.0
2.0,15629.0,0.0,3190.0,10541.0,0.0,0.0,2195.0,995.0,0.0,0.0
2.0,26170.0,51.0,3067.0,7194.0,0.0,0.0,2072.0,995.0,51.0,0.0
2.0,33313.0,2271.0,2984.0,731.0,0.0,0.0,1990.0,994.0,2271.0,0.0
2.0,31773.0,4489.0,2967.0,0.0,0.0,0.0,1991.0,976.0,4489.0,0.0
2.0,27284.0,6638.0,3054.0,0.0,0.0,0.0,2115.0,939.0,6638.0,0.0
2.0,20646.0,6594.0,3128.0,0.0,1588.0,1588.0,2242.0,886.0,6571.0,23.0
2.0,14052.0,5259.0,3175.0,0.0,7082.0,7082.0,2324.0,851.0,4293.0,966.0
2.0,8793.0,1909.0,3176.0,0.0,8996.0,8996.0,2324.0,852.0,0.0,1909.0
2.0,6884.0,2831.0,3231.0,1588.0,10514.0,10514.0,2324.0,907.0,0.0,2831.0
2.0,5641.0,2821.0,3285.0,7082.0,6523.0,6523.0,2324.0,961.0,0.0,2821.0
2.0,9902.0,1859.0,3280.0,8996.0,0.0,0.0,2283.0,997.0,0.0,1859.0
2.0,17039.0,0.0,3197.0,10514.0,0.0,0.0,2200.0,997.0,0.0,0.0
2.0,27553.0,55.0,3073.0,6523.0,0.0,0.0,2076.0,997.0,55.0,0.0
2.0,34021.0,2259.0,2989.0,0.0,0.0,0.0,1993.0,996.0,2259.0,0.0
2.0,31762.0,4462.0,2971.0,0.0,0.0,0.0,1993.0,978.0,4462.0,0.0
2.0,27300.0,6626.0,3060.0,0.0,0.0,0.0,2119.0,941.0,6626.0,0.0
2.0,20674.0,6607.0,3133.0,0.0,1598.0,1598.0,2245.0,888.0,6583.0,24.0
2.0,14067.0,5317.0,3182.0,0.0,7160.0,7160.0,2329.0,853.0,4339.0,978.0
2.0,8750.0,1926.0,3183.0,0.0,9091.0,9091.0,2329.0,854.0,0.0,1926.0
2.0,6824.0,2847.0,3238.0,1598.0,10615.0,10615.0,2329.0,909.0,0.0,2847.0
2.0,5575.0,2815.0,3292.0,7160.0,6540.0,6540.0,2329.0,963.0,0.0,2815.0
2.0,9920.0,1836.0,3286.0,9091.0,0.0,0.0,2287.0,999.0,0.0,1836.0
2.0,17175.0,0.0,3203.0,10615.0,0.0,0.0,2204.0,999.0,0.0,0.0
2.0,27790.0,86.0,3080.0,6540.0,0.0,0.0,2081.0,999.0,86.0,0.0
2.0,34244.0,2312.0,2997.0,0.0,0.0,0.0,1999.0,998.0,2312.0,0.0
2.0,31932.0,4536.0,2982.0,0.0,0.0,0.0,2002.0,980.0,4536.0,0.0
2.0,27396.0,6674.0,3073.0,0.0,0.0,0.0,2129.0,944.0,6674.0,0.0
2.0,20722.0,6615.0,3145.0,0.0,1618.0,1618.0,2255.0,890.0,6572.0,43.0
2.0,14107.0,5231.0,3192.0,0.0,7084.0,7084.0,2337.0,855.0,4241.0,990.0
2.0,8876.0,1941.0,3193.0,0.0,9030.0,9030.0,2337.0,856.0,0.0,1941.0
2.0,6935.0,2854.0,3248.0,1618.0,10541.0,10541.0,2337.0,911.0,0.0,2854.0
2.0,5699.0,2814.0,3301.0,7084.0,6536.0,6536.0,2336.0,965.0,0.0,2814.0
2.0,9969.0,1824.0,3293.0,9030.0,0.0,0.0,2293.0,1000.0,0.0,1824.0
2.0,17175.0,0.0,3207.0,10541.0,0.0,0.0,2207.0,1000.0,0.0,0.0
2.0,27716.0,93.0,3082.0,6536.0,0.0,0.0,2082.0,1000.0,93.0,0.0
2.0,34159.0,2300.0,2999.0,0.0,0.0,0.0,1999.0,1000.0,2300.0,0.0
2.0,31859.0,4512.0,2986.0,0.0,0.0,0.0,2003.0,983.0,4512.0,0.0
2.0,27347.0,6653.0,3078.0,0.0,0.0,0.0,2131.0,947.0,6653.0,0.0
2.0,20694.0,6626.0,3152.0,0.0,1692.0,1692.0,2258.0,894.0,6587.0,39.0
2.0,14068.0,5289.0,3198.0,0.0,7211.0,7211.0,2340.0,858.0,4298.0,991.0
2.0,8779.0,1947.0,3199.0,0.0,9163.0,9163.0,2340.0,859.0,0.0,1947.0
2.0,6832.0,2859.0,3253.0,1692.0,10600.0,10600.0,2340.0,913.0,0.0,2859.0
2.0,5665.0,2816.0,3308.0,7211.0,6480.0,6480.0,2340.0,968.0,0.0,2816.0
2.0,10060.0,1816.0,3300.0,9163.0,0.0,0.0,2297.0,1003.0,0.0,1816.0
2.0,17407.0,0.0,3215.0,10600.0,0.0,0.0,2212.0,1003.0,0.0,0.0
2.0,28007.0,118.0,3091.0,6480.0,0.0,0.0,2088.0,1003.0,118.0,0.0
2.0,34369.0,2360.0,3010.0,0.0,0.0,0.0,2007.0,1003.0,2360.0,0.0
2.0,32009.0,4580.0,2996.0,0.0,0.0,0.0,2011.0,985.0,4580.0,0.0
2.0,27429.0,6682.0,3087.0,0.0,0.0,0.0,2139.0,948.0,6682.0,0.0
2.0,20747.0,6604.0,3160.0,0.0,1657.0,1657.0,2265.0,895.0,6548.0,56.0
2.0,14143.0,5213.0,3206.0,0.0,7100.0,7100.0,2346.0,860.0,4199.0,1014.0
2.0,8930.0,1970.0,3208.0,0.0,9080.0,9080.0,2346.0,862.0,0.0,1970.0
2.0,6960.0,2875.0,3263.0,1657.0,10573.0,10573.0,2346.0,917.0,0.0,2875.0
2.0,5742.0,2821.0,3316.0,7100.0,6559.0,6559.0,2345.0,971.0,0.0,2821.0
2.0,10021.0,1803.0,3307.0,9080.0,0.0,0.0,2301.0,1006.0,0.0,1803.0
2.0,17298.0,0.0,3221.0,10573.0,0.0,0.0,2215.0,1006.0,0.0,0.0
2.0,27871.0,155.0,3096.0,6559.0,0.0,0.0,2090.0,1006.0,155.0,0.0
2.0,34275.0,2387.0,3015.0,0.0,0.0,0.0,2010.0,1005.0,2387.0,0.0
2.0,31888.0,4638.0,3003.0,0.0,0.0,0.0,2016.0,987.0,4638.0,0.0
2.0,27250.0,6728.0,3096.0,0.0,0.0,0.0,2146.0,950.0,6728.0,0.0
2.0,20522.0,6620.0,3169.0,0.0,1943.0,1943.0,2272.0,897.0,6571.0,49.0
2.0,13902.0,5158.0,3214.0,0.0,7326.0,7326.0,2352.0,862.0,4156.0,1002.0
2.0,8744.0,1954.0,3216.0,0.0,9290.0,9290.0,2352.0,864.0,0.0,1954.0
2.0,6790.0,2859.0,3271.0,1943.0,10481.0,10481.0,2352.0,919.0,0.0,2859.0
2.0,5874.0,2812.0,3324.0,7326.0,6232.0,6232.0,2351.0,973.0,0.0,2812.0
2.0,10388.0,1823.0,3316.0,9290.0,0.0,0.0,2308.0,1008.0,0.0,1823.0
2.0,17855.0,0.0,3230.0,10481.0,0.0,0.0,2222.0,1008.0,0.0,0.0
2.0,28336.0,112.0,3105.0,6232.0,0.0,0.0,2097.0,1008.0,112.0,0.0
2.0,34456.0,2348.0,3022.0,0.0,0.0,0.0,2015.0,1007.0,2348.0,0.0
2.0,32108.0,4585.0,3008.0,0.0,0.0,0.0,2020.0,988.0,4585.0,0.0
2.0,27523.0,6708.0,3100.0,0.0,0.0,0.0,2149.0,951.0,6708.0,0.0
2.0,20815.0,6681.0,3174.0,0.0,1736.0,1736.0,2276.0,898.0,6596.0,85.0
2.0,14134.0,5307.0,3222.0,0.0,7283.0,7283.0,2358.0,864.0,4261.0,1046.0
2.0,8827.0,2013.0,3226.0,0.0,9316.0,9316.0,2358.0,868.0,0.0,2013.0
2.0,6814.0,2889.0,3281.0,1736.0,10744.0,10744.0,2358.0,923.0,0.0,2889.0
2.0,5661.0,2797.0,3333.0,7283.0,6518.0,6518.0,2356.0,977.0,0.0,2797.0
2.0,10147.0,1738.0,3322.0,9316.0,0.0,0.0,2312.0,1010.0,0.0,1738.0
2.0,17725.0,0.0,3234.0,10744.0,0.0,0.0,2224.0,1010.0,0.0,0.0
2.0,28469.0,149.0,3109.0,6518.0,0.0,0.0,2099.0,1010.0,149.0,0.0
2.0,34838.0,2400.0,3029.0,0.0,0.0,0.0,2019.0,1010.0,2400.0,0.0
2.0,32438.0,4652.0,3017.0,0.0,0.0,0.0,2026.0,991.0,4652.0,0.0
2.0,27786.0,6745.0,3109.0,0.0,0.0,0.0,2156.0,953.0,6745.0,0.0
2.0,21041.0,6673.0,3183.0,0.0,1547.0,1547.0,2283.0,900.0,6586.0,87.0
2.0,14368.0,5211.0,3229.0,0.0,6988.0,6988.0,2363.0,866.0,4170.0,1041.0
2.0,9157.0,1993.0,3232.0,0.0,8996.0,8996.0,2363.0,869.0,0.0,1993.0
2.0,7164.0,2873.0,3287.0,1547.0,10597.0,10597.0,2363.0,924.0,0.0,2873.0
2.0,5838.0,2792.0,3339.0,6988.0,6661.0,6661.0,2361.0,978.0,0.0,2792.0
2.0,10034.0,1766.0,3329.0,8996.0,0.0,0.0,2317.0,1012.0,0.0,1766.0
2.0,17264.0,0.0,3242.0,10597.0,0.0,0.0,2230.0,1012.0,0.0,0.0
2.0,27861.0,151.0,3117.0,6661.0,0.0,0.0,2105.0,1012.0,151.0,0.0
2.0,34371.0,2382.0,3035.0,0.0,0.0,0.0,2024.0,1011.0,2382.0,0.0
2.0,31989.0,4619.0,3022.0,0.0,0.0,0.0,2030.0,992.0,4619.0,0.0
2.0,27370.0,6721.0,3115.0,0.0,0.0,0.0,2160.0,955.0,6721.0,0.0
2.0,20649.0,6714.0,3188.0,0.0,2005.0,2005.0,2286.0,902.0,6590.0,124.0
2.0,13935.0,5322.0,3237.0,0.0,7572.0,7572.0,2368.0,869.0,4235.0,1087.0
2.0,8613.0,2052.0,3241.0,0.0,9644.0,9644.0,2368.0,873.0,0.0,2052.0
2.0,6561.0,2890.0,3297.0,2005.0,10809.0,10809.0,2368.0,929.0,0.0,2890.0
2.0,5676.0,2760.0,3348.0,7572.0,6252.0,6252.0,2366.0,982.0,0.0,2760.0
2.0,10488.0,1668.0,3334.0,9644.0,0.0,0.0,2320.0,1014.0,0.0,1668.0
2.0,18464.0,0.0,3246.0,10809.0,0.0,0.0,2232.0,1014.0,0.0,0.0
2.0,29273.0,201.0,3122.0,6252.0,0.0,0.0,2108.0,1014.0,201.0,0.0
2.0,35324.0,2475.0,3042.0,0.0,0.0,0.0,2029.0,1013.0,2475.0,0.0
2.0,32849.0,4727.0,3033.0,0.0,0.0,0.0,2039.0,994.0,4727.0,0.0
2.0,28122.0,6773.0,3126.0,0.0,0.0,0.0,2170.0,956.0,6773.0,0.0
2.0,21349.0,6700.0,3198.0,0.0,1341.0,1341.0,2295.0,903.0,6543.0,157.0
2.0,14649.0,5186.0,3245.0,0.0,6762.0,6762.0,2374.0,871.0,4067.0,1119.0
2.0,9463.0,2082.0,3250.0,0.0,8869.0,8869.0,2374.0,876.0,0.0,2082.0
2.0,7381.0,2893.0,3306.0,1341.0,10701.0,10701.0,2374.0,932.0,0.0,2893.0
2.0,5829.0,2747.0,3356.0,6762.0,6936.0,6936.0,2371.0,985.0,0.0,2747.0
2.0,9844.0,1633.0,3341.0,8869.0,0.0,0.0,2325.0,1016.0,0.0,1633.0
2.0,17080.0,0.0,3252.0,10701.0,0.0,0.0,2236.0,1016.0,0.0,0.0
2.0,27781.0,206.0,3126.0,6936.0,0.0,0.0,2110.0,1016.0,206.0,0.0
2.0,34511.0,2440.0,3046.0,0.0,0.0,0.0,2031.0,1015.0,2440.0,0.0
2.0,32071.0,4697.0,3037.0,0.0,0.0,0.0,2041.0,996.0,4697.0,0.0
2.0,27374.0,6773.0,3129.0,0.0,0.0,0.0,2171.0,958.0,6773.0,0.0
2.0,20601.0,6774.0,3204.0,0.0,2193.0,2193.0,2298.0,906.0,6604.0,170.0
2.0,13827.0,5306.0,3253.0,0.0,7744.0,7744.0,2379.0,874.0,4170.0,1136.0
2.0,8521.0,2105.0,3259.0,0.0,9879.0,9879.0,2379.0,880.0,0.0,2105.0
2.0,6416.0,2896.0,3314.0,2193.0,10857.0,10857.0,2379.0,935.0,0.0,2896.0
2.0,5713.0,2723.0,3364.0,7744.0,6086.0,6086.0,2376.0,988.0,0.0,2723.0
2.0,10734.0,1584.0,3349.0,9879.0,0.0,0.0,2331.0,1018.0,0.0,1584.0
2.0,19029.0,0.0,3261.0,10857.0,0.0,0.0,2243.0,1018.0,0.0,0.0
2.0,29886.0,184.0,3136.0,6086.0,0.0,0.0,2118.0,1018.0,184.0,0.0
2.0,35788.0,2442.0,3055.0,0.0,0.0,0.0,2038.0,1017.0,2442.0,0.0
2.0,33346.0,4692.0,3042.0,0.0,0.0,0.0,2046.0,996.0,4692.0,0.0
2.0,28654.0,6762.0,3134.0,0.0,0.0,0.0,2176.0,958.0,6762.0,0.0
2.0,21892.0,6777.0,3209.0,0.0,930.0,930.0,2303.0,906.0,6580.0,197.0
2.0,15115.0,5313.0,3257.0,0.0,6483.0,6483.0,2382.0,875.0,4146.0,1167.0
2.0,9802.0,2138.0,3264.0,0.0,8656.0,8656.0,2382.0,882.0,0.0,2138.0
2.0,7664.0,2921.0,3320.0,930.0,10927.0,10927.0,2382.0,938.0,0.0,2921.0
2.0,5673.0,2730.0,3370.0,6483.0,7424.0,7424.0,2379.0,991.0,0.0,2730.0
2.0,9426.0,1561.0,3354.0,8656.0,249.0,249.0,2333.0,1021.0,0.0,1561.0
2.0,16521.0,0.0,3265.0,10927.0,0.0,0.0,2244.0,1021.0,0.0,0.0
2.0,27448.0,274.0,3140.0,7424.0,0.0,0.0,2119.0,1021.0,274.0,0.0
2.0,34598.0,2540.0,3061.0,249.0,0.0,0.0,2042.0,1019.0,2540.0,0.0
2.0,32307.0,4817.0,3053.0,0.0,0.0,0.0,2054.0,999.0,4817.0,0.0
2.0,27490.0,6814.0,3146.0,0.0,0.0,0.0,2185.0,961.0,6814.0,0.0
2.0,20676.0,6743.0,3220.0,0.0,2167.0,2167.0,2311.0,909.0,6551.0,192.0
2.0,13933.0,5168.0,3266.0,0.0,7565.0,7565.0,2388.0,878.0,4007.0,1161.0
2.0,8765.0,2133.0,3273.0,0.0,9733.0,9733.0,2388.0,885.0,0.0,2133.0
2.0,6632.0,2910.0,3329.0,2167.0,10756.0,10756.0,2388.0,941.0,0.0,2910.0
2.0,5889.0,2724.0,3378.0,7565.0,6160.0,6160.0,2385.0,993.0,0.0,2724.0
2.0,10730.0,1570.0,3363.0,9733.0,0.0,0.0,2339.0,1024.0,0.0,1570.0
2.0,18893.0,0.0,3275.0,10756.0,0.0,0.0,2251.0,1024.0,0.0,0.0
2.0,29649.0,257.0,3150.0,6160.0,0.0,0.0,2126.0,1024.0,257.0,0.0
2.0,35552.0,2524.0,3069.0,0.0,0.0,0.0,2048.0,1021.0,2524.0,0.0
2.0,33028.0,4794.0,3059.0,0.0,0.0,0.0,2059.0,1000.0,4794.0,0.0
2.0,28234.0,6809.0,3151.0,0.0,0.0,0.0,2190.0,961.0,6809.0,0.0
2.0,21425.0,6760.0,3225.0,0.0,1460.0,1460.0,2316.0,909.0,6558.0,202.0
2.0,14665.0,5213.0,3273.0,0.0,6913.0,6913.0,2394.0,879.0,4035.0,1178.0
2.0,9452.0,2154.0,3282.0,0.0,9112.0,9112.0,2394.0,888.0,0.0,2154.0
2.0,7298.0,2936.0,3339.0,1460.0,10873.0,10873.0,2394.0,945.0,0.0,2936.0
2.0,5822.0,2731.0,3387.0,6913.0,6931.0,6931.0,2390.0,997.0,0.0,2731.0
2.0,10004.0,1546.0,3369.0,9112.0,0.0,0.0,2342.0,1027.0,0.0,1546.0
2.0,17570.0,0.0,3278.0,10873.0,0.0,0.0,2251.0,1027.0,0.0,0.0
2.0,28443.0,281.0,3153.0,6931.0,0.0,0.0,2126.0,1027.0,281.0,0.0
2.0,35093.0,2562.0,3074.0,0.0,0.0,0.0,2050.0,1024.0,2562.0,0.0
2.0,32531.0,4853.0,3067.0,0.0,0.0,0.0,2065.0,1002.0,4853.0,0.0
2.0,27678.0,6861.0,3159.0,0.0,0.0,0.0,2197.0,962.0,6861.0,0.0
2.0,20817.0,6761.0,3233.0,0.0,2109.0,2109.0,2323.0,910.0,6580.0,181.0
2.0,14056.0,5149.0,3279.0,0.0,7488.0,7488.0,2400.0,879.0,3998.0,1151.0
2.0,8907.0,2122.0,3289.0,0.0,9660.0,9660.0,2400.0,889.0,0.0,2122.0
2.0,6785.0,2920.0,3345.0,2109.0,10751.0,10751.0,2400.0,945.0,0.0,2920.0
2.0,5974.0,2748.0,3394.0,7488.0,6256.0,6256.0,2396.0,998.0,0.0,2748.0
2.0,10714.0,1606.0,3378.0,9660.0,0.0,0.0,2349.0,1029.0,0.0,1606.0
2.0,18768.0,0.0,3288.0,10751.0,0.0,0.0,2259.0,1029.0,0.0,0.0
2.0,29519.0,273.0,3163.0,6256.0,0.0,0.0,2134.0,1029.0,273.0,0.0
2.0,35502.0,2547.0,3081.0,0.0,0.0,0.0,2056.0,1025.0,2547.0,0.0
2.0,32955.0,4818.0,3072.0,0.0,0.0,0.0,2068.0,1004.0,4818.0,0.0
2.0,28137.0,6836.0,3163.0,0.0,0.0,0.0,2200.0,963.0,6836.0,0.0
2.0,21301.0,6773.0,3238.0,0.0,1662.0,1662.0,2327.0,911.0,6585.0,188.0
2.0,14528.0,5237.0,3286.0,0.0,7139.0,7139.0,2405.0,881.0,4062.0,1175.0
2.0,9291.0,2153.0,3297.0,0.0,9347.0,9347.0,2405.0,892.0,0.0,2153.0
2.0,7138.0,2945.0,3354.0,1662.0,10915.0,10915.0,2405.0,949.0,0.0,2945.0
2.0,5855.0,2747.0,3403.0,7139.0,6768.0,6768.0,2401.0,1002.0,0.0,2747.0
2.0,10247.0,1581.0,3386.0,9347.0,0.0,0.0,2354.0,1032.0,0.0,1581.0
2.0,18013.0,0.0,3296.0,10915.0,0.0,0.0,2264.0,1032.0,0.0,0.0
2.0,28928.0,296.0,3172.0,6768.0,0.0,0.0,2140.0,1032.0,296.0,0.0
2.0,35400.0,2599.0,3091.0,0.0,0.0,0.0,2063.0,1028.0,2599.0,0.0
2.0,32801.0,4898.0,3083.0,0.0,0.0,0.0,2077.0,1006.0,4898.0,0.0
2.0,27903.0,6885.0,3175.0,0.0,0.0,0.0,2210.0,965.0,6885.0,0.0
2.0,21018.0,6743.0,3248.0,0.0,1965.0,1965.0,2336.0,912.0,6562.0,181.0
2.0,14275.0,5113.0,3294.0,0.0,7308.0,7308.0,2412.0,882.0,3951.0,1162.0
2.0,9162.0,2146.0,3305.0,0.0,9509.0,9509.0,2412.0,893.0,0.0,2146.0
2.0,7016.0,2950.0,3362.0,1965.0,10779.0,10779.0,2412.0,950.0,0.0,2950.0
2.0,6031.0,2779.0,3410.0,7308.0,6490.0,6490.0,2407.0,1003.0,0.0,2779.0
2.0,10560.0,1616.0,3392.0,9509.0,0.0,0.0,2358.0,1034.0,0.0,1616.0
2.0,18453.0,0.0,3299.0,10779.0,0.0,0.0,2265.0,1034.0,0.0,0.0
2.0,29232.0,323.0,3174.0,6490.0,0.0,0.0,2140.0,1034.0,323.0,0.0
2.0,35399.0,2613.0,3096.0,0.0,0.0,0.0,2065.0,1031.0,2613.0,0.0
2.0,32786.0,4913.0,3090.0,0.0,0.0,0.0,2082.0,1008.0,4913.0,0.0
2.0,27873.0,6890.0,3182.0,0.0,0.0,0.0,2215.0,967.0,6890.0,0.0
2.0,20983.0,6723.0,3255.0,0.0,2015.0,2015.0,2341.0,914.0,6573.0,150.0
2.0,14260.0,5079.0,3301.0,0.0,7324.0,7324.0,2417.0,884.0,3945.0,1134.0
2.0,9181.0,2115.0,3311.0,0.0,9489.0,9489.0,2417.0,894.0,0.0,2115.0
2.0,7066.0,2947.0,3368.0,2015.0,10706.0,10706.0,2417.0,951.0,0.0,2947.0
2.0,6134.0,2794.0,3417.0,7324.0,6421.0,6421.0,2412.0,1005.0,0.0,2794.0
2.0,10664.0,1666.0,3400.0,9489.0,0.0,0.0,2363.0,1037.0,0.0,1666.0
2.0,18487.0,0.0,3308.0,10706.0,0.0,0.0,2271.0,1037.0,0.0,0.0
2.0,29193.0,349.0,3184.0,6421.0,0.0,0.0,2147.0,1037.0,349.0,0.0
2.0,35265.0,2648.0,3105.0,0.0,0.0,0.0,2072.0,1033.0,2648.0,0.0
2.0,32617.0,4936.0,3099.0,0.0,0.0,0.0,2089.0,1010.0,4936.0,0.0
2.0,27681.0,6877.0,3190.0,0.0,0.0,0.0,2221.0,969.0,6877.0,0.0
2.0,20804.0,6699.0,3263.0,0.0,2210.0,2210.0,2347.0,916.0,6526.0,173.0
2.0,14105.0,5050.0,3307.0,0.0,7480.0,7480.0,2422.0,885.0,3888.0,1162.0
2.0,9055.0,2150.0,3319.0,0.0,9690.0,9690.0,2422.0,897.0,0.0,2150.0
2.0,6905.0,2974.0,3376.0,2210.0,10739.0,10739.0,2422.0,954.0,0.0,2974.0
2.0,6141.0,2799.0,3424.0,7480.0,6298.0,6298.0,2416.0,1008.0,0.0,2799.0
2.0,10822.0,1633.0,3406.0,9690.0,0.0,0.0,2367.0,1039.0,0.0,1633.0
2.0,18879.0,0.0,3313.0,10739.0,0.0,0.0,2274.0,1039.0,0.0,0.0
2.0,29618.0,418.0,3189.0,6298.0,0.0,0.0,2150.0,1039.0,418.0,0.0
2.0,35498.0,2718.0,3112.0,0.0,0.0,0.0,2076.0,1036.0,2718.0,0.0
2.0,32780.0,5027.0,3109.0,0.0,0.0,0.0,2095.0,1014.0,5027.0,0.0
2.0,27753.0,6930.0,3202.0,0.0,0.0,0.0,2229.0,973.0,6930.0,0.0
2.0,20823.0,6674.0,3274.0,0.0,2221.0,2221.0,2354.0,920.0,6524.0,150.0
2.0,14149.0,4940.0,3316.0,0.0,7371.0,7371.0,2427.0,889.0,3805.0,1135.0
2.0,9209.0,2121.0,3326.0,0.0,9542.0,9542.0,2427.0,899.0,0.0,2121.0
2.0,7088.0,2958.0,3382.0,2221.0,10559.0,10559.0,2427.0,955.0,0.0,2958.0
2.0,6351.0,2807.0,3431.0,7371.0,6240.0,6240.0,2422.0,1009.0,0.0,2807.0
2.0,10915.0,1679.0,3415.0,9542.0,0.0,0.0,2373.0,1042.0,0.0,1679.0
2.0,18778.0,0.0,3322.0,10559.0,0.0,0.0,2280.0,1042.0,0.0,0.0
2.0,29337.0,403.0,3199.0,6240.0,0.0,0.0,2157.0,1042.0,403.0,0.0
2.0,35174.0,2702.0,3120.0,0.0,0.0,0.0,2082.0,1038.0,2702.0,0.0
2.0,32472.0,4993.0,3116.0,0.0,0.0,0.0,2100.0,1016.0,4993.0,0.0
2.0,27479.0,6893.0,3206.0,0.0,0.0,0.0,2232.0,974.0,6893.0,0.0
2.0,20586.0,6670.0,3278.0,0.0,2474.0,2474.0,2357.0,921.0,6502.0,168.0
2.0,13916.0,4996.0,3321.0,0.0,7685.0,7685.0,2431.0,890.0,3834.0,1162.0
2.0,8920.0,2156.0,3332.0,0.0,9896.0,9896.0,2431.0,901.0,0.0,2156.0
2.0,6764.0,2980.0,3390.0,2474.0,10692.0,10692.0,2431.0,959.0,0.0,2980.0
2.0,6258.0,2811.0,3438.0,7685.0,6058.0,6058.0,2425.0,1013.0,0.0,2811.0
2.0,11132.0,1639.0,3420.0,9896.0,0.0,0.0,2376.0,1044.0,0.0,1639.0
2.0,19389.0,0.0,3325.0,10692.0,0.0,0.0,2281.0,1044.0,0.0,0.0
2.0,30081.0,462.0,3202.0,6058.0,0.0,0.0,2158.0,1044.0,462.0,0.0
2.0,35677.0,2781.0,3126.0,0.0,0.0,0.0,2085.0,1041.0,2781.0,0.0
2.0,32896.0,5108.0,3125.0,0.0,0.0,0.0,2107.0,1018.0,5108.0,0.0
2.0,27788.0,6968.0,3218.0,0.0,0.0,0.0,2241.0,977.0,6968.0,0.0
2.0,20820.0,6646.0,3289.0,0.0,2271.0,2271.0,2366.0,923.0,6490.0,156.0
2.0,14174.0,4825.0,3329.0,0.0,7296.0,7296.0,2437.0,892.0,3681.0,1144.0
2.0,9349.0,2132.0,3339.0,0.0,9478.0,9478.0,2437.0,902.0,0.0,2132.0
2.0,7217.0,2967.0,3396.0,2271.0,10459.0,10459.0,2437.0,959.0,0.0,2967.0
2.0,6521.0,2821.0,3444.0,7296.0,6224.0,6224.0,2431.0,1013.0,0.0,2821.0
2.0,10996.0,1682.0,3425.0,9478.0,0.0,0.0,2380.0,1045.0,0.0,1682.0
2.0,18792.0,0.0,3331.0,10459.0,0.0,0.0,2286.0,1045.0,0.0,0.0
2.0,29251.0,458.0,3207.0,6224.0,0.0,0.0,2162.0,1045.0,458.0,0.0
2.0,35017.0,2767.0,3132.0,0.0,0.0,0.0,2089.0,1043.0,2767.0,0.0
2.0,32250.0,5073.0,3132.0,0.0,0.0,0.0,2111.0,1021.0,5073.0,0.0
2.0,27177.0,6939.0,3224.0,0.0,0.0,0.0,2244.0,980.0,6939.0,0.0
2.0,20238.0,6674.0,3296.0,0.0,2916.0,2916.0,2369.0,927.0,6506.0,168.0
2.0,13564.0,4920.0,3337.0,0.0,8041.0,8041.0,2442.0,895.0,3754.0,1166.0
2.0,8644.0,2164.0,3347.0,0.0,10255.0,10255.0,2442.0,905.0,0.0,2164.0
2.0,6480.0,2989.0,3404.0,2916.0,10613.0,10613.0,2442.0,962.0,0.0,2989.0
2.0,6407.0,2812.0,3451.0,8041.0,5619.0,5619.0,2435.0,1016.0,0.0,2812.0
2.0,11636.0,1638.0,3432.0,10255.0,0.0,0.0,2384.0,1048.0,0.0,1638.0
2.0,20253.0,0.0,3337.0,10613.0,0.0,0.0,2289.0,1048.0,0.0,0.0
2.0,30866.0,488.0,3214.0,5619.0,0.0,0.0,2166.0,1048.0,488.0,0.0
2.0,35997.0,2818.0,3140.0,0.0,0.0,0.0,2095.0,1045.0,2818.0,0.0
2.0,33179.0,5146.0,3141.0,0.0,0.0,0.0,2119.0,1022.0,5146.0,0.0
2.0,28033.0,6984.0,3234.0,0.0,0.0,0.0,2253.0,981.0,6984.0,0.0
2.0,21049.0,6676.0,3305.0,0.0,2152.0,2152.0,2378.0,927.0,6495.0,181.0
2.0,14373.0,4838.0,3345.0,0.0,7190.0,7190.0,2449.0,896.0,3663.0,1175.0
2.0,9535.0,2173.0,3355.0,0.0,9413.0,9413.0,2449.0,906.0,0.0,2173.0
2.0,7362.0,2994.0,3413.0,2152.0,10545.0,10545.0,2449.0,964.0,0.0,2994.0
2.0,6520.0,2814.0,3459.0,7190.0,6399.0,6399.0,2441.0,1018.0,0.0,2814.0
2.0,10896.0,1637.0,3438.0,9413.0,0.0,0.0,2388.0,1050.0,0.0,1637.0
2.0,18672.0,0.0,3342.0,10545.0,0.0,0.0,2292.0,1050.0,0.0,0.0
2.0,29217.0,495.0,3218.0,6399.0,0.0,0.0,2168.0,1050.0,495.0,0.0
2.0,35121.0,2817.0,3144.0,0.0,0.0,0.0,2097.0,1047.0,2817.0,0.0
2.0,32304.0,5136.0,3147.0,0.0,0.0,0.0,2122.0,1025.0,5136.0,0.0
2.0,27168.0,6982.0,3240.0,0.0,0.0,0.0,2256.0,984.0,6982.0,0.0
2.0,20186.0,6699.0,3313.0,0.0,3078.0,3078.0,2382.0,931.0,6511.0,188.0
2.0,13487.0,4910.0,3353.0,0.0,8188.0,8188.0,2453.0,900.0,3719.0,1191.0
2.0,8577.0,2189.0,3363.0,0.0,10427.0,10427.0,2453.0,910.0,0.0,2189.0
2.0,6388.0,2993.0,3420.0,3078.0,10627.0,10627.0,2453.0,967.0,0.0,2993.0
2.0,6473.0,2796.0,3466.0,8188.0,5465.0,5465.0,2445.0,1021.0,0.0,2796.0
2.0,11865.0,1606.0,3446.0,10427.0,0.0,0.0,2394.0,1052.0,0.0,1606.0
2.0,20686.0,0.0,3350.0,10627.0,0.0,0.0,2298.0,1052.0,0.0,0.0
2.0,31313.0,489.0,3226.0,5465.0,0.0,0.0,2174.0,1052.0,489.0,0.0
2.0,36289.0,2831.0,3153.0,0.0,0.0,0.0,2104.0,1049.0,2831.0,0.0
2.0,33458.0,5164.0,3155.0,0.0,0.0,0.0,2129.0,1026.0,5164.0,0.0
2.0,28294.0,6998.0,3249.0,0.0,0.0,0.0,2264.0,985.0,6998.0,0.0
2.0,21296.0,6719.0,3321.0,0.0,2028.0,2028.0,2389.0,932.0,6491.0,228.0
2.0,14577.0,4888.0,3360.0,0.0,7111.0,7111.0,2459.0,901.0,3659.0,1229.0
2.0,9689.0,2233.0,3372.0,0.0,9404.0,9404.0,2459.0,913.0,0.0,2233.0
2.0,7456.0,3015.0,3430.0,2028.0,10681.0,10681.0,2459.0,971.0,0.0,3015.0
2.0,6469.0,2787.0,3474.0,7111.0,6577.0,6577.0,2450.0,1024.0,0.0,2787.0
2.0,10793.0,1550.0,3451.0,9404.0,0.0,0.0,2397.0,1054.0,0.0,1550.0
2.0,18647.0,0.0,3352.0,10681.0,0.0,0.0,2298.0,1054.0,0.0,0.0
2.0,29328.0,534.0,3229.0,6577.0,0.0,0.0,2175.0,1054.0,534.0,0.0
2.0,35371.0,2879.0,3156.0,0.0,0.0,0.0,2105.0,1051.0,2879.0,0.0
2.0,32492.0,5236.0,3164.0,0.0,0.0,0.0,2135.0,1029.0,5236.0,0.0
2.0,27256.0,7062.0,3259.0,0.0,0.0,0.0,2271.0,988.0,7062.0,0.0
2.0,20194.0,6753.0,3332.0,0.0,3219.0,3219.0,2397.0,935.0,6532.0,221.0
2.0,13441.0,4859.0,3371.0,0.0,8273.0,8273.0,2466.0,905.0,3631.0,1228.0
2.0,8582.0,2225.0,3381.0,0.0,10548.0,10548.0,2466.0,915.0,0.0,2225.0
2.0,6357.0,2999.0,3439.0,3219.0,10618.0,10618.0,2466.0,973.0,0.0,2999.0
2.0,6577.0,2775.0,3484.0,8273.0,5345.0,5345.0,2458.0,1026.0,0.0,2775.0
2.0,12075.0,1554.0,3460.0,10548.0,0.0,0.0,2404.0,1056.0,0.0,1554.0
2.0,21069.0,0.0,3363.0,10618.0,0.0,0.0,2307.0,1056.0,0.0,0.0
2.0,31687.0,469.0,3238.0,5345.0,0.0,0.0,2182.0,1056.0,469.0,0.0
2.0,36563.0,2809.0,3164.0,0.0,0.0,0.0,2111.0,1053.0,2809.0,0.0
2.0,33754.0,5140.0,3168.0,0.0,0.0,0.0,2138.0,1030.0,5140.0,0.0
2.0,28614.0,7018.0,3262.0,0.0,0.0,0.0,2273.0,989.0,7018.0,0.0
2.0,21596.0,6819.0,3335.0,0.0,1898.0,1898.0,2399.0,936.0,6558.0,261.0
2.0,14777.0,5056.0,3379.0,0.0,7174.0,7174.0,2472.0,907.0,3782.0,1274.0
2.0,9721.0,2279.0,3391.0,0.0,9513.0,9513.0,2472.0,919.0,0.0,2279.0
2.0,7442.0,3025.0,3449.0,1898.0,10930.0,10930.0,2472.0,977.0,0.0,3025.0
2.0,6315.0,2760.0,3492.0,7174.0,6731.0,6731.0,2462.0,1030.0,0.0,2760.0
2.0,10729.0,1482.0,3467.0,9513.0,0.0,0.0,2408.0,1059.0,0.0,1482.0
2.0,18760.0,0.0,3368.0,10930.0,0.0,0.0,2309.0,1059.0,0.0,0.0
2.0,29690.0,490.0,3243.0,6731.0,0.0,0.0,2184.0,1059.0,490.0,0.0
2.0,35931.0,2864.0,3170.0,0.0,0.0,0.0,2115.0,1055.0,2864.0,0.0
2.0,33067.0,5231.0,3178.0,0.0,0.0,0.0,2145.0,1033.0,5231.0,0.0
2.0,27836.0,7086.0,3272.0,0.0,0.0,0.0,2281.0,991.0,7086.0,0.0
2.0,20750.0,6826.0,3345.0,0.0,2801.0,2801.0,2407.0,938.0,6565.0,261.0
2.0,13924.0,4936.0,3387.0,0.0,7947.0,7947.0,2478.0,909.0,3673.0,1263.0
2.0,8988.0,2264.0,3399.0,0.0,10271.0,10271.0,2478.0,921.0,0.0,2264.0
2.0,6724.0,3008.0,3457.0,2801.0,10768.0,10768.0,2478.0,979.0,0.0,3008.0
2.0,6517.0,2762.0,3500.0,7947.0,5798.0,5798.0,2468.0,1032.0,0.0,2762.0
2.0,11702.0,1510.0,3475.0,10271.0,0.0,0.0,2414.0,1061.0,0.0,1510.0
2.0,20463.0,0.0,3376.0,10768.0,0.0,0.0,2315.0,1061.0,0.0,0.0
2.0,31231.0,483.0,3251.0,5798.0,0.0,0.0,2190.0,1061.0,483.0,0.0
2.0,36546.0,2830.0,3177.0,0.0,0.0,0.0,2120.0,1057.0,2830.0,0.0
2.0,33716.0,5179.0,3182.0,0.0,0.0,0.0,2148.0,1034.0,5179.0,0.0
2.0,28537.0,7055.0,3275.0,0.0,0.0,0.0,2283.0,992.0,7055.0,0.0
2.0,21482.0,6860.0,3350.0,0.0,2128.0,2128.0,2410.0,940.0,6579.0,281.0
2.0,14622.0,5056.0,3393.0,0.0,7399.0,7399.0,2482.0,911.0,3765.0,1291.0
2.0,9566.0,2300.0,3406.0,0.0,9764.0,9764.0,2482.0,924.0,0.0,2300.0
2.0,7266.0,3027.0,3465.0,2128.0,10958.0,10958.0,2482.0,983.0,0.0,3027.0
2.0,6367.0,2739.0,3508.0,7399.0,6513.0,6513.0,2473.0,1035.0,0.0,2739.0
2.0,11027.0,1452.0,3481.0,9764.0,0.0,0.0,2418.0,1063.0,0.0,1452.0
2.0,19339.0,0.0,3382.0,10958.0,0.0,0.0,2319.0,1063.0,0.0,0.0
2.0,30297.0,515.0,3258.0,6513.0,0.0,0.0,2195.0,1063.0,515.0,0.0
2.0,36295.0,2878.0,3184.0,0.0,0.0,0.0,2125.0,1059.0,2878.0,0.0
2.0,33417.0,5240.0,3190.0,0.0,0.0,0.0,2155.0,1035.0,5240.0,0.0
2.0,28177.0,7091.0,3284.0,0.0,0.0,0.0,2292.0,992.0,7091.0,0.0
2.0,21086.0,6879.0,3358.0,0.0,2583.0,2583.0,2418.0,940.0,6570.0,309.0
2.0,14207.0,4998.0,3401.0,0.0,7796.0,7796.0,2489.0,912.0,3682.0,1316.0
2.0,9209.0,2330.0,3416.0,0.0,10201.0,10201.0,2489.0,927.0,0.0,2330.0
2.0,6879.0,3041.0,3474.0,2583.0,10949.0,10949.0,2489.0,985.0,0.0,3041.0
2.0,6421.0,2742.0,3517.0,7796.0,6110.0,6110.0,2479.0,1038.0,0.0,2742.0
2.0,11475.0,1427.0,3489.0,10201.0,0.0,0.0,2423.0,1066.0,0.0,1427.0
2.0,20249.0,0.0,3389.0,10949.0,0.0,0.0,2323.0,1066.0,0.0,0.0
2.0,31198.0,529.0,3263.0,6110.0,0.0,0.0,2197.0,1066.0,529.0,0.0
2.0,36779.0,2877.0,3188.0,0.0,0.0,0.0,2127.0,1061.0,2877.0,0.0
2.0,33902.0,5234.0,3196.0,0.0,0.0,0.0,2158.0,1038.0,5234.0,0.0
2.0,28668.0,7081.0,3289.0,0.0,0.0,0.0,2294.0,995.0,7081.0,0.0
2.0,21587.0,6878.0,3363.0,0.0,2106.0,2106.0,2420.0,943.0,6584.0,294.0
2.0,14709.0,5032.0,3407.0,0.0,7358.0,7358.0,2492.0,915.0,3729.0,1303.0
2.0,9677.0,2314.0,3421.0,0.0,9742.0,9742.0,2492.0,929.0,0.0,2314.0
2.0,7363.0,3036.0,3480.0,2106.0,10967.0,10967.0,2492.0,988.0,0.0,3036.0
2.0,6433.0,2744.0,3523.0,7358.0,6568.0,6568.0,2483.0,1040.0,0.0,2744.0
2.0,11047.0,1445.0,3497.0,9742.0,0.0,0.0,2429.0,1068.0,0.0,1445.0
2.0,19344.0,0.0,3398.0,10967.0,0.0,0.0,2330.0,1068.0,0.0,0.0
2.0,30311.0,569.0,3274.0,6568.0,0.0,0.0,2206.0,1068.0,569.0,0.0
2.0,36310.0,2940.0,3200.0,0.0,0.0,0.0,2137.0,1063.0,2940.0,0.0
2.0,33370.0,5301.0,3205.0,0.0,0.0,0.0,2166.0,1039.0,5301.0,0.0
2.0,28069.0,7093.0,3297.0,0.0,0.0,0.0,2302.0,995.0,7093.0,0.0
2.0,20976.0,6840.0,3371.0,0.0,2719.0,2719.0,2428.0,943.0,6523.0,317.0
2.0,14136.0,4922.0,3412.0,0.0,7846.0,7846.0,2497.0,915.0,3595.0,1327.0
2.0,9214.0,2344.0,3429.0,0.0,10275.0,10275.0,2497.0,932.0,0.0,2344.0
2.0,6870.0,3051.0,3487.0,2719.0,10897.0,10897.0,2497.0,990.0,0.0,3051.0
2.0,6538.0,2744.0,3530.0,7846.0,6010.0,6010.0,2487.0,1043.0,0.0,2744.0
2.0,11640.0,1413.0,3502.0,10275.0,0.0,0.0,2432.0,1070.0,0.0,1413.0
2.0,20502.0,0.0,3402.0,10897.0,0.0,0.0,2332.0,1070.0,0.0,0.0
2.0,31399.0,638.0,3278.0,6010.0,0.0,0.0,2208.0,1070.0,638.0,0.0
2.0,36771.0,3019.0,3204.0,0.0,0.0,0.0,2139.0,1065.0,3019.0,0.0
2.0,33752.0,5406.0,3214.0,0.0,0.0,0.0,2173.0,1041.0,5406.0,0.0
2.0,28346.0,7149.0,3307.0,0.0,0.0,0.0,2310.0,997.0,7149.0,0.0
2.0,21197.0,6825.0,3382.0,0.0,2538.0,2538.0,2436.0,946.0,6516.0,309.0
2.0,14372.0,4807.0,3420.0,0.0,7535.0,7535.0,2502.0,918.0,3475.0,1332.0
2.0,9565.0,2346.0,3436.0,0.0,9961.0,9961.0,2502.0,934.0,0.0,2346.0
2.0,7219.0,3052.0,3495.0,2538.0,10770.0,10770.0,2502.0,993.0,0.0,3052.0
2.0,6705.0,2744.0,3539.0,7535.0,6199.0,6199.0,2493.0,1046.0,0.0,2744.0
2.0,11496.0,1423.0,3512.0,9961.0,0.0,0.0,2439.0,1073.0,0.0,1423.0
2.0,20034.0,0.0,3412.0,10770.0,0.0,0.0,2339.0,1073.0,0.0,0.0
2.0,30804.0,615.0,3288.0,6199.0,0.0,0.0,2215.0,1073.0,615.0,0.0
2.0,36388.0,2989.0,3214.0,0.0,0.0,0.0,2146.0,1068.0,2989.0,0.0
2.0,33399.0,5358.0,3220.0,0.0,0.0,0.0,2177.0,1043.0,5358.0,0.0
2.0,28041.0,7128.0,3312.0,0.0,0.0,0.0,2314.0,998.0,7128.0,0.0
2.0,20913.0,6842.0,3385.0,0.0,2854.0,2854.0,2439.0,946.0,6524.0,318.0
2.0,14071.0,4899.0,3428.0,0.0,7968.0,7968.0,2508.0,920.0,3554.0,1345.0
2.0,9172.0,2369.0,3445.0,0.0,10422.0,10422.0,2508.0,937.0,0.0,2369.0
2.0,6803.0,3074.0,3504.0,2854.0,10937.0,10937.0,2508.0,996.0,0.0,3074.0
2.0,6583.0,2760.0,3547.0,7968.0,5944.0,5944.0,2498.0,1049.0,0.0,2760.0
2.0,11791.0,1409.0,3518.0,10422.0,0.0,0.0,2442.0,1076.0,0.0,1409.0
2.0,20804.0,0.0,3418.0,10937.0,0.0,0.0,2342.0,1076.0,0.0,0.0
2.0,31741.0,660.0,3294.0,5944.0,0.0,0.0,2218.0,1076.0,660.0,0.0
2.0,37025.0,3047.0,3221.0,0.0,0.0,0.0,2150.0,1071.0,3047.0,0.0
2.0,33978.0,5438.0,3229.0,0.0,0.0,0.0,2184.0,1045.0,5438.0,0.0
2.0,28540.0,7168.0,3322.0,0.0,0.0,0.0,2322.0,1000.0,7168.0,0.0
2.0,21372.0,6794.0,3394.0,0.0,2392.0,2392.0,2447.0,947.0,6510.0,284.0
2.0,14578.0,4761.0,3434.0,0.0,7353.0,7353.0,2514.0,920.0,3458.0,1303.0
2.0,9817.0,2326.0,3451.0,0.0,9764.0,9764.0,2514.0,937.0,0.0,2326.0
2.0,7491.0,3067.0,3510.0,2392.0,10734.0,10734.0,2514.0,996.0,0.0,3067.0
2.0,6816.0,2790.0,3553.0,7353.0,6386.0,6386.0,2503.0,1050.0,0.0,2790.0
2.0,11379.0,1500.0,3527.0,9764.0,0.0,0.0,2448.0,1079.0,0.0,1500.0
2.0,19643.0,0.0,3426.0,10734.0,0.0,0.0,2347.0,1079.0,0.0,0.0
2.0,30377.0,680.0,3303.0,6386.0,0.0,0.0,2224.0,1079.0,680.0,0.0
2.0,36083.0,3071.0,3230.0,0.0,0.0,0.0,2157.0,1073.0,3071.0,0.0
2.0,33012.0,5450.0,3238.0,0.0,0.0,0.0,2190.0,1048.0,5450.0,0.0
2.0,27562.0,7163.0,3331.0,0.0,0.0,0.0,2328.0,1003.0,7163.0,0.0
2.0,20399.0,6780.0,3403.0,0.0,3396.0,3396.0,2453.0,950.0,6496.0,284.0
2.0,13619.0,4764.0,3442.0,0.0,8355.0,8355.0,2519.0,923.0,3449.0,1315.0
2.0,8855.0,2350.0,3459.0,0.0,10790.0,10790.0,2519.0,940.0,0.0,2350.0
2.0,6505.0,3089.0,3519.0,3396.0,10783.0,10783.0,2519.0,1000.0,0.0,3089.0
2.0,6812.0,2795.0,3561.0,8355.0,5433.0,5433.0,2508.0,1053.0,0.0,2795.0
2.0,12372.0,1468.0,3533.0,10790.0,0.0,0.0,2451.0,1082.0,0.0,1468.0
2.0,21694.0,0.0,3431.0,10783.0,0.0,0.0,2349.0,1082.0,0.0,0.0
2.0,32477.0,717.0,3309.0,5433.0,0.0,0.0,2227.0,1082.0,717.0,0.0
2.0,37193.0,3125.0,3238.0,0.0,0.0,0.0,2162.0,1076.0,3125.0,0.0
2.0,34068.0,5522.0,3249.0,0.0,0.0,0.0,2199.0,1050.0,5522.0,0.0
2.0,28546.0,7193.0,3342.0,0.0,0.0,0.0,2337.0,1005.0,7193.0,0.0
2.0,21353.0,6727.0,3413.0,0.0,2439.0,2439.0,2461.0,952.0,6453.0,274.0
2.0,14626.0,4622.0,3449.0,0.0,7241.0,7241.0,2525.0,924.0,3322.0,1300.0
2.0,10004.0,2332.0,3467.0,0.0,9663.0,9663.0,2525.0,942.0,0.0,2332.0
2.0,7672.0,3088.0,3526.0,2439.0,10607.0,10607.0,2525.0,1001.0,0.0,3088.0
2.0,7023.0,2822.0,3568.0,7241.0,6398.0,6398.0,2513.0,1055.0,0.0,2822.0
2.0,11442.0,1527.0,3540.0,9663.0,0.0,0.0,2455.0,1085.0,0.0,1527.0
2.0,19578.0,0.0,3436.0,10607.0,0.0,0.0,2351.0,1085.0,0.0,0.0
2.0,30185.0,778.0,3313.0,6398.0,0.0,0.0,2228.0,1085.0,778.0,0.0
2.0,35805.0,3162.0,3243.0,0.0,0.0,0.0,2164.0,1079.0,3162.0,0.0
2.0,32643.0,5575.0,3257.0,0.0,0.0,0.0,2204.0,1053.0,5575.0,0.0
2.0,27068.0,7205.0,3350.0,0.0,0.0,0.0,2342.0,1008.0,7205.0,0.0
2.0,19863.0,6721.0,3421.0,0.0,3963.0,3963.0,2467.0,954.0,6459.0,262.0
2.0,13142.0,4592.0,3456.0,0.0,8730.0,8730.0,2530.0,926.0,3300.0,1292.0
2.0,8550.0,2323.0,3474.0,0.0,11143.0,11143.0,2530.0,944.0,0.0,2323.0
2.0,6227.0,3089.0,3533.0,3963.0,10564.0,10564.0,2530.0,1003.0,0.0,3089.0
2.0,7101.0,2821.0,3575.0,8730.0,4865.0,4865.0,2518.0,1057.0,0.0,2821.0
2.0,13010.0,1532.0,3548.0,11143.0,0.0,0.0,2461.0,1087.0,0.0,1532.0
2.0,22621.0,0.0,3445.0,10564.0,0.0,0.0,2358.0,1087.0,0.0,0.0
2.0,33185.0,770.0,3323.0,4865.0,0.0,0.0,2236.0,1087.0,770.0,0.0
2.0,37280.0,3181.0,3252.0,0.0,0.0,0.0,2171.0,1081.0,3181.0,0.0
2.0,34099.0,5575.0,3265.0,0.0,0.0,0.0,2210.0,1055.0,5575.0,0.0
2.0,28524.0,7202.0,3358.0,0.0,0.0,0.0,2349.0,1009.0,7202.0,0.0
2.0,21322.0,6718.0,3427.0,0.0,2531.0,2531.0,2472.0,955.0,6435.0,283.0
2.0,14604.0,4596.0,3463.0,0.0,7307.0,7307.0,2535.0,928.0,3279.0,1317.0
2.0,10008.0,2352.0,3481.0,0.0,9749.0,9749.0,2535.0,946.0,0.0,2352.0
2.0,7656.0,3111.0,3541.0,2531.0,10629.0,10629.0,2535.0,1006.0,0.0,3111.0
2.0,7076.0,2827.0,3583.0,7307.0,6359.0,6359.0,2523.0,1060.0,0.0,2827.0
2.0,11556.0,1507.0,3553.0,9749.0,0.0,0.0,2464.0,1089.0,0.0,1507.0
2.0,19798.0,0.0,3449.0,10629.0,0.0,0.0,2360.0,1089.0,0.0,0.0
2.0,30427.0,820.0,3327.0,6359.0,0.0,0.0,2238.0,1089.0,820.0,0.0
2.0,35966.0,3243.0,3259.0,0.0,0.0,0.0,2175.0,1084.0,3243.0,0.0
2.0,32723.0,5668.0,3276.0,0.0,0.0,0.0,2217.0,1059.0,5668.0,0.0
2.0,27055.0,7262.0,3371.0,0.0,0.0,0.0,2357.0,1014.0,7262.0,0.0
2.0,19793.0,6705.0,3441.0,0.0,4117.0,4117.0,2481.0,960.0,6439.0,266.0
2.0,13088.0,4468.0,3473.0,0.0,8745.0,8745.0,2542.0,931.0,3171.0,1297.0
2.0,8620.0,2325.0,3489.0,0.0,11150.0,11150.0,2542.0,947.0,0.0,2325.0
2.0,6295.0,3090.0,3548.0,4117.0,10418.0,10418.0,2542.0,1006.0,0.0,3090.0
2.0,7322.0,2825.0,3590.0,8745.0,4708.0,4708.0,2529.0,1061.0,0.0,2825.0
2.0,13242.0,1539.0,3560.0,11150.0,0.0,0.0,2470.0,1090.0,0.0,1539.0
2.0,22853.0,0.0,3455.0,10418.0,0.0,0.0,2365.0,1090.0,0.0,0.0
2.0,33271.0,814.0,3333.0,4708.0,0.0,0.0,2243.0,1090.0,814.0,0.0
2.0,37165.0,3234.0,3265.0,0.0,0.0,0.0,2180.0,1085.0,3234.0,0.0
2.0,33931.0,5655.0,3282.0,0.0,0.0,0.0,2222.0,1060.0,5655.0,0.0
2.0,28276.0,7242.0,3376.0,0.0,0.0,0.0,2362.0,1014.0,7242.0,0.0
2.0,21034.0,6715.0,3446.0,0.0,2911.0,2911.0,2485.0,961.0,6427.0,288.0
2.0,14319.0,4521.0,3479.0,0.0,7597.0,7597.0,2547.0,932.0,3195.0,1326.0
2.0,9798.0,2375.0,3497.0,0.0,10062.0,10062.0,2547.0,950.0,0.0,2375.0
2.0,7423.0,3123.0,3557.0,2911.0,10574.0,10574.0,2547.0,1010.0,0.0,3123.0
2.0,7211.0,2827.0,3597.0,7597.0,6004.0,6004.0,2533.0,1064.0,0.0,2827.0
2.0,11981.0,1484.0,3566.0,10062.0,0.0,0.0,2473.0,1093.0,0.0,1484.0
2.0,20559.0,0.0,3460.0,10574.0,0.0,0.0,2367.0,1093.0,0.0,0.0
2.0,31133.0,855.0,3338.0,6004.0,0.0,0.0,2245.0,1093.0,855.0,0.0
2.0,36282.0,3283.0,3272.0,0.0,0.0,0.0,2184.0,1088.0,3283.0,0.0
2.0,32999.0,5712.0,3292.0,0.0,0.0,0.0,2230.0,1062.0,5712.0,0.0
2.0,27287.0,7288.0,3388.0,0.0,0.0,0.0,2370.0,1018.0,7288.0,0.0
2.0,19999.0,6720.0,3458.0,0.0,4011.0,4011.0,2494.0,964.0,6433.0,287.0
2.0,13279.0,4456.0,3489.0,0.0,8622.0,8622.0,2554.0,935.0,3134.0,1322.0
2.0,8823.0,2357.0,3505.0,0.0,11059.0,11059.0,2554.0,951.0,0.0,2357.0
2.0,6466.0,3110.0,3565.0,4011.0,10458.0,10458.0,2554.0,1011.0,0.0,3110.0
2.0,7367.0,2827.0,3604.0,8622.0,4858.0,4858.0,2539.0,1065.0,0.0,2827.0
2.0,13162.0,1508.0,3572.0,11059.0,0.0,0.0,2478.0,1094.0,0.0,1508.0
2.0,22713.0,0.0,3465.0,10458.0,0.0,0.0,2371.0,1094.0,0.0,0.0
2.0,33171.0,849.0,3343.0,4858.0,0.0,0.0,2249.0,1094.0,849.0,0.0
2.0,37180.0,3263.0,3276.0,0.0,0.0,0.0,2187.0,1089.0,3263.0,0.0
2.0,33917.0,5676.0,3297.0,0.0,0.0,0.0,2233.0,1064.0,5676.0,0.0
2.0,28241.0,7251.0,3392.0,0.0,0.0,0.0,2372.0,1020.0,7251.0,0.0
2.0,20990.0,6728.0,3462.0,0.0,3048.0,3048.0,2496.0,966.0,6427.0,301.0
2.0,14262.0,4544.0,3495.0,0.0,7757.0,7757.0,2557.0,938.0,3192.0,1352.0
2.0,9718.0,2393.0,3511.0,0.0,10230.0,10230.0,2557.0,954.0,0.0,2393.0
2.0,7325.0,3133.0,3571.0,3048.0,10615.0,10615.0,2557.0,1014.0,0.0,3133.0
2.0,7240.0,2818.0,3611.0,7757.0,5876.0,5876.0,2542.0,1069.0,0.0,2818.0
2.0,12179.0,1459.0,3578.0,10230.0,0.0,0.0,2481.0,1097.0,0.0,1459.0
2.0,20950.0,0.0,3471.0,10615.0,0.0,0.0,2374.0,1097.0,0.0,0.0
2.0,31565.0,886.0,3350.0,5876.0,0.0,0.0,2253.0,1097.0,886.0,0.0
2.0,36555.0,3323.0,3284.0,0.0,0.0,0.0,2193.0,1091.0,3323.0,0.0
2.0,33232.0,5758.0,3306.0,0.0,0.0,0.0,2240.0,1066.0,5758.0,0.0
2.0,27474.0,7299.0,3402.0,0.0,0.0,0.0,2381.0,1021.0,7299.0,0.0
2.0,20175.0,6688.0,3470.0,0.0,3863.0,3863.0,2503.0,967.0,6382.0,306.0
2.0,13487.0,4414.0,3500.0,0.0,8427.0,8427.0,2562.0,938.0,3061.0,1353.0
2.0,9073.0,2392.0,3517.0,0.0,10904.0,10904.0,2562.0,955.0,0.0,2392.0
2.0,6681.0,3130.0,3578.0,3863.0,10476.0,10476.0,2562.0,1016.0,0.0,3130.0
2.0,7414.0,2821.0,3617.0,8427.0,5065.0,5065.0,2547.0,1070.0,0.0,2821.0
2.0,13020.0,1474.0,3582.0,10904.0,0.0,0.0,2484.0,1098.0,0.0,1474.0
2.0,22450.0,0.0,3473.0,10476.0,0.0,0.0,2375.0,1098.0,0.0,0.0
2.0,32926.0,952.0,3352.0,5065.0,0.0,0.0,2254.0,1098.0,952.0,0.0
2.0,37039.0,3381.0,3288.0,0.0,0.0,0.0,2195.0,1093.0,3381.0,0.0
2.0,33658.0,5831.0,3314.0,0.0,0.0,0.0,2246.0,1068.0,5831.0,0.0
2.0,27827.0,7333.0,3410.0,0.0,0.0,0.0,2387.0,1023.0,7333.0,0.0
2.0,20494.0,6719.0,3480.0,0.0,3625.0,3625.0,2510.0,970.0,6402.0,317.0
2.0,13775.0,4373.0,3510.0,0.0,8148.0,8148.0,2568.0,942.0,3009.0,1364.0
2.0,9402.0,2406.0,3527.0,0.0,10639.0,10639.0,2568.0,959.0,0.0,2406.0
2.0,6996.0,3129.0,3587.0,3625.0,10443.0,10443.0,2568.0,1019.0,0.0,3129.0
2.0,7492.0,2804.0,3626.0,8148.0,5294.0,5294.0,2553.0,1073.0,0.0,2804.0
2.0,12836.0,1443.0,3591.0,10639.0,0.0,0.0,2490.0,1101.0,0.0,1443.0
2.0,22032.0,0.0,3483.0,10443.0,0.0,0.0,2382.0,1101.0,0.0,0.0
2.0,32475.0,900.0,3361.0,5294.0,0.0,0.0,2260.0,1101.0,900.0,0.0
2.0,36869.0,3344.0,3295.0,0.0,0.0,0.0,2200.0,1095.0,3344.0,0.0
2.0,33525.0,5781.0,3320.0,0.0,0.0,0.0,2250.0,1070.0,5781.0,0.0
2.0,27744.0,7309.0,3415.0,0.0,0.0,0.0,2391.0,1024.0,7309.0,0.0
2.0,20435.0,6763.0,3485.0,0.0,3753.0,3753.0,2514.0,971.0,6404.0,359.0
2.0,13672.0,4478.0,3516.0,0.0,8386.0,8386.0,2573.0,943.0,3074.0,1404.0
2.0,9194.0,2459.0,3535.0,0.0,10940.0,10940.0,2573.0,962.0,0.0,2459.0
2.0,6735.0,3148.0,3596.0,3753.0,10640.0,10640.0,2573.0,1023.0,0.0,3148.0
2.0,7340.0,2791.0,3632.0,8386.0,5225.0,5225.0,2556.0,1076.0,0.0,2791.0
2.0,12935.0,1374.0,3596.0,10940.0,0.0,0.0,2493.0,1103.0,0.0,1374.0
2.0,22501.0,0.0,3487.0,10640.0,0.0,0.0,2384.0,1103.0,0.0,0.0
2.0,33141.0,978.0,3365.0,5225.0,0.0,0.0,2262.0,1103.0,978.0,0.0
2.0,37388.0,3417.0,3301.0,0.0,0.0,0.0,2204.0,1097.0,3417.0,0.0
2.0,33971.0,5869.0,3329.0,0.0,0.0,0.0,2257.0,1072.0,5869.0,0.0
2.0,28102.0,7350.0,3424.0,0.0,0.0,0.0,2398.0,1026.0,7350.0,0.0
2.0,20752.0,6747.0,3494.0,0.0,3465.0,3465.0,2521.0,973.0,6392.0,355.0
2.0,14005.0,4369.0,3524.0,0.0,7984.0,7984.0,2578.0,946.0,2967.0,1402.0
2.0,9636.0,2450.0,3542.0,0.0,10524.0,10524.0,2578.0,964.0,0.0,2450.0
2.0,7186.0,3138.0,3603.0,3465.0,10502.0,10502.0,2578.0,1025.0,0.0,3138.0
2.0,7513.0,2784.0,3640.0,7984.0,5487.0,5487.0,2562.0,1078.0,0.0,2784.0
2.0,12713.0,1385.0,3604.0,10524.0,0.0,0.0,2499.0,1105.0,0.0,1385.0
2.0,21852.0,0.0,3495.0,10502.0,0.0,0.0,2390.0,1105.0,0.0,0.0
2.0,32354.0,974.0,3374.0,5487.0,0.0,0.0,2269.0,1105.0,974.0,0.0
2.0,36867.0,3422.0,3310.0,0.0,0.0,0.0,2211.0,1099.0,3422.0,0.0
2.0,33445.0,5870.0,3336.0,0.0,0.0,0.0,2263.0,1073.0,5870.0,0.0
2.0,27575.0,7332.0,3431.0,0.0,0.0,0.0,2404.0,1027.0,7332.0,0.0
2.0,20243.0,6752.0,3500.0,0.0,4009.0,4009.0,2526.0,974.0,6368.0,384.0
2.0,13491.0,4402.0,3531.0,0.0,8566.0,8566.0,2583.0,948.0,2963.0,1439.0
2.0,9089.0,2497.0,3550.0,0.0,11158.0,11158.0,2583.0,967.0,0.0,2497.0
2.0,6592.0,3162.0,3611.0,4009.0,10616.0,10616.0,2583.0,1028.0,0.0,3162.0
2.0,7439.0,2771.0,3648.0,8566.0,5006.0,5006.0,2566.0,1082.0,0.0,2771.0
2.0,13234.0,1322.0,3609.0,11158.0,0.0,0.0,2502.0,1107.0,0.0,1322.0
2.0,23070.0,0.0,3499.0,10616.0,0.0,0.0,2392.0,1107.0,0.0,0.0
2.0,33686.0,1043.0,3378.0,5006.0,0.0,0.0,2271.0,1107.0,1043.0,0.0
2.0,37649.0,3527.0,3317.0,0.0,0.0,0.0,2216.0,1101.0,3527.0,0.0
2.0,34122.0,5993.0,3348.0,0.0,0.0,0.0,2273.0,1075.0,5993.0,0.0
2.0,28129.0,7406.0,3444.0,0.0,0.0,0.0,2415.0,1029.0,7406.0,0.0
2.0,20723.0,6735.0,3514.0,0.0,3582.0,3582.0,2537.0,977.0,6332.0,403.0
2.0,13988.0,4234.0,3540.0,0.0,7946.0,7946.0,2590.0,950.0,2783.0,1451.0
2.0,9754.0,2501.0,3560.0,0.0,10547.0,10547.0,2590.0,970.0,0.0,2501.0
2.0,7253.0,3145.0,3621.0,3582.0,10415.0,10415.0,2590.0,1031.0,0.0,3145.0
2.0,7690.0,2748.0,3655.0,7946.0,5387.0,5387.0,2572.0,1083.0,0.0,2748.0
2.0,12888.0,1309.0,3616.0,10547.0,0.0,0.0,2507.0,1109.0,0.0,1309.0
2.0,22126.0,0.0,3504.0,10415.0,0.0,0.0,2395.0,1109.0,0.0,0.0
2.0,32541.0,1058.0,3383.0,5387.0,0.0,0.0,2274.0,1109.0,1058.0,0.0
2.0,36870.0,3507.0,3321.0,0.0,0.0,0.0,2219.0,1102.0,3507.0,0.0
2.0,33363.0,5962.0,3351.0,0.0,0.0,0.0,2275.0,1076.0,5962.0,0.0
2.0,27401.0,7369.0,3447.0,0.0,0.0,0.0,2417.0,1030.0,7369.0,0.0
2.0,20032.0,6779.0,3517.0,0.0,4332.0,4332.0,2539.0,978.0,6329.0,450.0
2.0,13253.0,4355.0,3547.0,0.0,8837.0,8837.0,2594.0,953.0,2848.0,1507.0
2.0,8898.0,2561.0,3569.0,0.0,11508.0,11508.0,2594.0,975.0,0.0,2561.0
2.0,6337.0,3169.0,3630.0,4332.0,10650.0,10650.0,2594.0,1036.0,0.0,3169.0
2.0,7500.0,2716.0,3664.0,8837.0,4699.0,4699.0,2576.0,1088.0,0.0,2716.0
2.0,13621.0,1205.0,3623.0,11508.0,0.0,0.0,2512.0,1111.0,0.0,1205.0
2.0,23924.0,0.0,3512.0,10650.0,0.0,0.0,2401.0,1111.0,0.0,0.0
2.0,34574.0,1082.0,3392.0,4699.0,0.0,0.0,2281.0,1111.0,1082.0,0.0
2.0,38191.0,3562.0,3330.0,0.0,0.0,0.0,2226.0,1104.0,3562.0,0.0
2.0,34629.0,6030.0,3360.0,0.0,0.0,0.0,2283.0,1077.0,6030.0,0.0
2.0,28599.0,7417.0,3456.0,0.0,0.0,0.0,2426.0,1030.0,7417.0,0.0
2.0,21182.0,6780.0,3526.0,0.0,3228.0,3228.0,2547.0,979.0,6311.0,469.0
2.0,14402.0,4266.0,3554.0,0.0,7634.0,7634.0,2600.0,954.0,2742.0,1524.0
2.0,10136.0,2580.0,3577.0,0.0,10329.0,10329.0,2600.0,977.0,0.0,2580.0
2.0,7556.0,3177.0,3639.0,3228.0,10588.0,10588.0,2600.0,1039.0,0.0,3177.0
2.0,7607.0,2718.0,3672.0,7634.0,5837.0,5837.0,2581.0,1091.0,0.0,2718.0
2.0,12523.0,1200.0,3630.0,10329.0,0.0,0.0,2516.0,1114.0,0.0,1200.0
2.0,21652.0,0.0,3517.0,10588.0,0.0,0.0,2403.0,1114.0,0.0,0.0
2.0,32240.0,1116.0,3397.0,5837.0,0.0,0.0,2283.0,1114.0,1116.0,0.0
2.0,36961.0,3583.0,3336.0,0.0,0.0,0.0,2229.0,1107.0,3583.0,0.0
2.0,33378.0,6056.0,3368.0,0.0,0.0,0.0,2288.0,1080.0,6056.0,0.0
2.0,27322.0,7421.0,3464.0,0.0,0.0,0.0,2431.0,1033.0,7421.0,0.0
2.0,19901.0,6780.0,3534.0,0.0,4549.0,4549.0,2552.0,982.0,6310.0,470.0
2.0,13121.0,4266.0,3563.0,0.0,8960.0,8960.0,2605.0,958.0,2734.0,1532.0
2.0,8855.0,2591.0,3586.0,0.0,11666.0,11666.0,2605.0,981.0,0.0,2591.0
2.0,6264.0,3173.0,3647.0,4549.0,10595.0,10595.0,2605.0,1042.0,0.0,3173.0
2.0,7640.0,2699.0,3680.0,8960.0,4499.0,4499.0,2586.0,1094.0,0.0,2699.0
2.0,13901.0,1177.0,3636.0,11666.0,0.0,0.0,2520.0,1116.0,0.0,1177.0
2.0,24390.0,0.0,3523.0,10595.0,0.0,0.0,2407.0,1116.0,0.0,0.0
2.0,34985.0,1148.0,3404.0,4499.0,0.0,0.0,2288.0,1116.0,1148.0,0.0
2.0,38336.0,3626.0,3345.0,0.0,0.0,0.0,2236.0,1109.0,3626.0,0.0
2.0,34710.0,6099.0,3377.0,0.0,0.0,0.0,2296.0,1081.0,6099.0,0.0
2.0,28611.0,7425.0,3472.0,0.0,0.0,0.0,2439.0,1033.0,7425.0,0.0
2.0,21186.0,6760.0,3541.0,0.0,3279.0,3279.0,2559.0,982.0,6263.0,497.0
2.0,14426.0,4189.0,3569.0,0.0,7608.0,7608.0,2610.0,959.0,2634.0,1555.0
2.0,10237.0,2619.0,3594.0,0.0,10352.0,10352.0,2610.0,984.0,0.0,2619.0
2.0,7618.0,3190.0,3655.0,3279.0,10568.0,10568.0,2610.0,1045.0,0.0,3190.0
2.0,7707.0,2704.0,3687.0,7608.0,5824.0,5824.0,2590.0,1097.0,0.0,2704.0
2.0,12611.0,1147.0,3641.0,10352.0,0.0,0.0,2522.0,1119.0,0.0,1147.0
2.0,21816.0,0.0,3526.0,10568.0,0.0,0.0,2407.0,1119.0,0.0,0.0
2.0,32384.0,1187.0,3406.0,5824.0,0.0,0.0,2287.0,1119.0,1187.0,0.0
2.0,37021.0,3672.0,3347.0,0.0,0.0,0.0,2236.0,1111.0,3672.0,0.0
2.0,33349.0,6166.0,3384.0,0.0,0.0,0.0,2301.0,1083.0,6166.0,0.0
2.0,27183.0,7483.0,3480.0,0.0,0.0,0.0,2445.0,1035.0,7483.0,0.0
2.0,19700.0,6804.0,3550.0,0.0,4854.0,4854.0,2566.0,984.0,6307.0,497.0
2.0,12896.0,4163.0,3577.0,0.0,9152.0,9152.0,2616.0,961.0,2605.0,1558.0
2.0,8733.0,2619.0,3603.0,0.0,11901.0,11901.0,2616.0,987.0,0.0,2619.0
2.0,6114.0,3189.0,3664.0,4854.0,10541.0,10541.0,2616.0,1048.0,0.0,3189.0
2.0,7779.0,2694.0,3696.0,9152.0,4243.0,4243.0,2596.0,1100.0,0.0,2694.0
2.0,14237.0,1146.0,3651.0,11901.0,0.0,0.0,2529.0,1122.0,0.0,1146.0
2.0,24992.0,0.0,3536.0,10541.0,0.0,0.0,2414.0,1122.0,0.0,0.0
2.0,35533.0,1125.0,3416.0,4243.0,0.0,0.0,2294.0,1122.0,1125.0,0.0
2.0,38651.0,3604.0,3354.0,0.0,0.0,0.0,2241.0,1113.0,3604.0,0.0
2.0,35047.0,6085.0,3388.0,0.0,0.0,0.0,2304.0,1084.0,6085.0,0.0
2.0,28962.0,7442.0,3482.0,0.0,0.0,0.0,2447.0,1035.0,7442.0,0.0
2.0,21520.0,6833.0,3552.0,0.0,3073.0,3073.0,2568.0,984.0,6323.0,510.0
2.0,14687.0,4319.0,3583.0,0.0,7547.0,7547.0,2621.0,962.0,2741.0,1578.0
2.0,10368.0,2653.0,3611.0,0.0,10340.0,10340.0,2621.0,990.0,0.0,2653.0
2.0,7715.0,3213.0,3673.0,3073.0,10790.0,10790.0,2621.0,1052.0,0.0,3213.0
2.0,7575.0,2700.0,3703.0,7547.0,6093.0,6093.0,2600.0,1103.0,0.0,2700.0
2.0,12422.0,1110.0,3657.0,10340.0,0.0,0.0,2532.0,1125.0,0.0,1110.0
2.0,21652.0,0.0,3541.0,10790.0,0.0,0.0,2416.0,1125.0,0.0,0.0
2.0,32442.0,1181.0,3421.0,6093.0,0.0,0.0,2296.0,1125.0,1181.0,0.0
2.0,37354.0,3689.0,3362.0,0.0,0.0,0.0,2246.0,1116.0,3689.0,0.0
2.0,33665.0,6199.0,3398.0,0.0,0.0,0.0,2312.0,1086.0,6199.0,0.0
2.0,27466.0,7507.0,3493.0,0.0,0.0,0.0,2456.0,1037.0,7507.0,0.0
2.0,19959.0,6798.0,3563.0,0.0,4654.0,4654.0,2578.0,985.0,6304.0,494.0
2.0,13161.0,4147.0,3590.0,0.0,8936.0,8936.0,2627.0,963.0,2593.0,1554.0
2.0,9014.0,2623.0,3617.0,0.0,11694.0,11694.0,2627.0,990.0,0.0,2623.0
2.0,6391.0,3198.0,3679.0,4654.0,10548.0,10548.0,2627.0,1052.0,0.0,3198.0
2.0,7847.0,2722.0,3710.0,8936.0,4489.0,4489.0,2606.0,1104.0,0.0,2722.0
2.0,14061.0,1176.0,3664.0,11694.0,0.0,0.0,2537.0,1127.0,0.0,1176.0
2.0,24579.0,0.0,3548.0,10548.0,0.0,0.0,2421.0,1127.0,0.0,0.0
2.0,35127.0,1176.0,3428.0,4489.0,0.0,0.0,2301.0,1127.0,1176.0,0.0
2.0,38440.0,3665.0,3368.0,0.0,0.0,0.0,2250.0,1118.0,3665.0,0.0
2.0,34775.0,6164.0,3404.0,0.0,0.0,0.0,2316.0,1088.0,6164.0,0.0
2.0,28611.0,7491.0,3498.0,0.0,0.0,0.0,2460.0,1038.0,7491.0,0.0
2.0,21120.0,6820.0,3568.0,0.0,3540.0,3540.0,2581.0,987.0,6329.0,491.0
2.0,14300.0,4231.0,3598.0,0.0,7921.0,7921.0,2633.0,965.0,2668.0,1563.0
2.0,10069.0,2641.0,3626.0,0.0,10702.0,10702.0,2633.0,993.0,0.0,2641.0
2.0,7428.0,3219.0,3688.0,3540.0,10691.0,10691.0,2633.0,1055.0,0.0,3219.0
2.0,7749.0,2722.0,3718.0,7921.0,5642.0,5642.0,2611.0,1107.0,0.0,2722.0
2.0,12948.0,1152.0,3671.0,10702.0,0.0,0.0,2541.0,1130.0,0.0,1152.0
2.0,22498.0,0.0,3554.0,10691.0,0.0,0.0,2424.0,1130.0,0.0,0.0
2.0,33189.0,1177.0,3433.0,5642.0,0.0,0.0,2303.0,1130.0,1177.0,0.0
2.0,37654.0,3683.0,3374.0,0.0,0.0,0.0,2254.0,1120.0,3683.0,0.0
2.0,33971.0,6191.0,3412.0,0.0,0.0,0.0,2322.0,1090.0,6191.0,0.0
2.0,27780.0,7517.0,3507.0,0.0,0.0,0.0,2467.0,1040.0,7517.0,0.0
2.0,20263.0,6821.0,3577.0,0.0,4443.0,4443.0,2589.0,988.0,6333.0,488.0
2.0,13442.0,4206.0,3605.0,0.0,8789.0,8789.0,2639.0,966.0,2646.0,1560.0
2.0,9236.0,2634.0,3633.0,0.0,11563.0,11563.0,2639.0,994.0,0.0,2634.0
2.0,6602.0,3228.0,3695.0,4443.0,10658.0,10658.0,2639.0,1056.0,0.0,3228.0
2.0,7817.0,2747.0,3726.0,8789.0,4771.0,4771.0,2617.0,1109.0,0.0,2747.0
2.0,13859.0,1190.0,3678.0,11563.0,0.0,0.0,2546.0,1132.0,0.0,1190.0
2.0,24232.0,0.0,3559.0,10658.0,0.0,0.0,2427.0,1132.0,0.0,0.0
2.0,34890.0,1208.0,3439.0,4771.0,0.0,0.0,2307.0,1132.0,1208.0,0.0
2.0,38453.0,3708.0,3380.0,0.0,0.0,0.0,2257.0,1123.0,3708.0,0.0
2.0,34745.0,6199.0,3419.0,0.0,0.0,0.0,2326.0,1093.0,6199.0,0.0
2.0,28546.0,7513.0,3512.0,0.0,0.0,0.0,2470.0,1042.0,7513.0,0.0
2.0,21033.0,6799.0,3582.0,0.0,3676.0,3676.0,2592.0,990.0,6327.0,472.0
2.0,14234.0,4207.0,3611.0,0.0,8028.0,8028.0,2643.0,968.0,2652.0,1555.0
2.0,10027.0,2631.0,3640.0,0.0,10804.0,10804.0,2643.0,997.0,0.0,2631.0
2.0,7396.0,3235.0,3702.0,3676.0,10673.0,10673.0,2643.0,1059.0,0.0,3235.0
2.0,7837.0,2753.0,3733.0,8028.0,5553.0,5553.0,2621.0,1112.0,0.0,2753.0
2.0,13112.0,1198.0,3687.0,10804.0,0.0,0.0,2552.0,1135.0,0.0,1198.0
2.0,22718.0,0.0,3570.0,10673.0,0.0,0.0,2435.0,1135.0,0.0,0.0
2.0,33391.0,1233.0,3451.0,5553.0,0.0,0.0,2316.0,1135.0,1233.0,0.0
2.0,37711.0,3752.0,3391.0,0.0,0.0,0.0,2266.0,1125.0,3752.0,0.0
2.0,33959.0,6268.0,3429.0,0.0,0.0,0.0,2334.0,1095.0,6268.0,0.0
2.0,27691.0,7545.0,3523.0,0.0,0.0,0.0,2479.0,1044.0,7545.0,0.0
2.0,20146.0,6768.0,3591.0,0.0,4577.0,4577.0,2600.0,991.0,6287.0,481.0
2.0,13378.0,4083.0,3618.0,0.0,8795.0,8795.0,2649.0,969.0,2525.0,1558.0
2.0,9295.0,2641.0,3648.0,0.0,11586.0,11586.0,2649.0,999.0,0.0,2641.0
2.0,6654.0,3252.0,3710.0,4577.0,10571.0,10571.0,2649.0,1061.0,0.0,3252.0
2.0,7979.0,2773.0,3740.0,8795.0,4699.0,4699.0,2626.0,1114.0,0.0,2773.0
2.0,14001.0,1211.0,3693.0,11586.0,0.0,0.0,2555.0,1138.0,0.0,1211.0
2.0,24376.0,0.0,3574.0,10571.0,0.0,0.0,2436.0,1138.0,0.0,0.0
2.0,34947.0,1287.0,3454.0,4699.0,0.0,0.0,2316.0,1138.0,1287.0,0.0
2.0,38359.0,3816.0,3396.0,0.0,0.0,0.0,2268.0,1128.0,3816.0,0.0
2.0,34543.0,6348.0,3439.0,0.0,0.0,0.0,2341.0,1098.0,6348.0,0.0
2.0,28195.0,7593.0,3535.0,0.0,0.0,0.0,2487.0,1048.0,7593.0,0.0
2.0,20602.0,6755.0,3603.0,0.0,4168.0,4168.0,2608.0,995.0,6303.0,452.0
2.0,13847.0,3999.0,3627.0,0.0,8287.0,8287.0,2655.0,972.0,2468.0,1531.0
2.0,9848.0,2618.0,3655.0,0.0,11045.0,11045.0,2655.0,1000.0,0.0,2618.0
2.0,7230.0,3244.0,3717.0,4168.0,10431.0,10431.0,2655.0,1062.0,0.0,3244.0
2.0,8154.0,2791.0,3749.0,8287.0,5095.0,5095.0,2633.0,1116.0,0.0,2791.0
2.0,13650.0,1252.0,3702.0,11045.0,0.0,0.0,2562.0,1140.0,0.0,1252.0
2.0,23443.0,0.0,3584.0,10431.0,0.0,0.0,2444.0,1140.0,0.0,0.0
2.0,33874.0,1238.0,3463.0,5095.0,0.0,0.0,2323.0,1140.0,1238.0,0.0
2.0,37731.0,3754.0,3405.0,0.0,0.0,0.0,2274.0,1131.0,3754.0,0.0
2.0,33977.0,6260.0,3444.0,0.0,0.0,0.0,2343.0,1101.0,6260.0,0.0
2.0,27717.0,7555.0,3538.0,0.0,0.0,0.0,2488.0,1050.0,7555.0,0.0
2.0,20162.0,6790.0,3607.0,0.0,4663.0,4663.0,2610.0,997.0,6336.0,454.0
2.0,13372.0,4153.0,3634.0,0.0,8951.0,8951.0,2660.0,974.0,2610.0,1543.0
2.0,9219.0,2632.0,3662.0,0.0,11723.0,11723.0,2660.0,1002.0,0.0,2632.0
2.0,6587.0,3262.0,3725.0,4663.0,10637.0,10637.0,2660.0,1065.0,0.0,3262.0
2.0,7988.0,2803.0,3757.0,8951.0,4649.0,4649.0,2638.0,1119.0,0.0,2803.0
2.0,14136.0,1249.0,3710.0,11723.0,0.0,0.0,2567.0,1143.0,0.0,1249.0
2.0,24610.0,0.0,3591.0,10637.0,0.0,0.0,2448.0,1143.0,0.0,0.0
2.0,35247.0,1264.0,3470.0,4649.0,0.0,0.0,2327.0,1143.0,1264.0,0.0
2.0,38632.0,3808.0,3413.0,0.0,0.0,0.0,2279.0,1134.0,3808.0,0.0
2.0,34824.0,6343.0,3454.0,0.0,0.0,0.0,2350.0,1104.0,6343.0,0.0
2.0,28481.0,7615.0,3549.0,0.0,0.0,0.0,2496.0,1053.0,7615.0,0.0
2.0,20866.0,6766.0,3617.0,0.0,3985.0,3985.0,2618.0,999.0,6333.0,433.0
2.0,14100.0,4021.0,3642.0,0.0,8131.0,8131.0,2666.0,976.0,2509.0,1512.0
2.0,10079.0,2595.0,3669.0,0.0,10861.0,10861.0,2666.0,1003.0,0.0,2595.0
2.0,7484.0,3251.0,3731.0,3985.0,10437.0,10437.0,2666.0,1065.0,0.0,3251.0
2.0,8218.0,2830.0,3762.0,8131.0,5291.0,5291.0,2643.0,1119.0,0.0,2830.0
2.0,13519.0,1321.0,3717.0,10861.0,0.0,0.0,2572.0,1145.0,0.0,1321.0
2.0,23059.0,0.0,3598.0,10437.0,0.0,0.0,2453.0,1145.0,0.0,0.0
2.0,33496.0,1239.0,3477.0,5291.0,0.0,0.0,2332.0,1145.0,1239.0,0.0
2.0,37548.0,3769.0,3419.0,0.0,0.0,0.0,2283.0,1136.0,3769.0,0.0
2.0,33779.0,6308.0,3459.0,0.0,0.0,0.0,2353.0,1106.0,6308.0,0.0
2.0,27471.0,7602.0,3554.0,0.0,0.0,0.0,2499.0,1055.0,7602.0,0.0
2.0,19869.0,6805.0,3623.0,0.0,5051.0,5051.0,2622.0,1001.0,6375.0,430.0
2.0,13064.0,4138.0,3650.0,0.0,9324.0,9324.0,2672.0,978.0,2616.0,1522.0
2.0,8926.0,2610.0,3677.0,0.0,12069.0,12069.0,2672.0,1005.0,0.0,2610.0
2.0,6316.0,3263.0,3740.0,5051.0,10596.0,10596.0,2672.0,1068.0,0.0,3263.0
2.0,8104.0,2829.0,3771.0,9324.0,4256.0,4256.0,2649.0,1122.0,0.0,2829.0
2.0,14599.0,1302.0,3723.0,12069.0,0.0,0.0,2576.0,1147.0,0.0,1302.0
2.0,25366.0,0.0,3603.0,10596.0,0.0,0.0,2456.0,1147.0,0.0,0.0
2.0,35962.0,1239.0,3482.0,4256.0,0.0,0.0,2335.0,1147.0,1239.0,0.0
2.0,38979.0,3787.0,3425.0,0.0,0.0,0.0,2287.0,1138.0,3787.0,0.0
2.0,35192.0,6341.0,3468.0,0.0,0.0,0.0,2360.0,1108.0,6341.0,0.0
2.0,28851.0,7642.0,3564.0,0.0,0.0,0.0,2507.0,1057.0,7642.0,0.0
2.0,21209.0,6832.0,3633.0,0.0,3788.0,3788.0,2630.0,1003.0,6398.0,434.0
2.0,14377.0,4101.0,3659.0,0.0,8019.0,8019.0,2680.0,979.0,2579.0,1522.0
2.0,10276.0,2609.0,3686.0,0.0,10763.0,10763.0,2680.0,1006.0,0.0,2609.0
2.0,7667.0,3266.0,3748.0,3788.0,10551.0,10551.0,2680.0,1068.0,0.0,3266.0
2.0,8189.0,2837.0,3778.0,8019.0,5519.0,5519.0,2655.0,1123.0,0.0,2837.0
2.0,13371.0,1315.0,3729.0,10763.0,0.0,0.0,2581.0,1148.0,0.0,1315.0
2.0,22819.0,0.0,3607.0,10551.0,0.0,0.0,2459.0,1148.0,0.0,0.0
2.0,33370.0,1217.0,3485.0,5519.0,0.0,0.0,2337.0,1148.0,1217.0,0.0
2.0,37672.0,3747.0,3428.0,0.0,0.0,0.0,2288.0,1140.0,3747.0,0.0
2.0,33925.0,6300.0,3471.0,0.0,0.0,0.0,2361.0,1110.0,6300.0,0.0
2.0,27625.0,7638.0,3568.0,0.0,0.0,0.0,2508.0,1060.0,7638.0,0.0
2.0,19987.0,6884.0,3638.0,0.0,5087.0,5087.0,2632.0,1006.0,6438.0,446.0
2.0,13103.0,4232.0,3666.0,0.0,9459.0,9459.0,2684.0,982.0,2694.0,1538.0
2.0,8871.0,2629.0,3692.0,0.0,12218.0,12218.0,2684.0,1008.0,0.0,2629.0
2.0,6242.0,3269.0,3755.0,5087.0,10715.0,10715.0,2684.0,1071.0,0.0,3269.0
2.0,8060.0,2822.0,3786.0,9459.0,4233.0,4233.0,2660.0,1126.0,0.0,2822.0
2.0,14697.0,1285.0,3738.0,12218.0,0.0,0.0,2588.0,1150.0,0.0,1285.0
2.0,25630.0,0.0,3617.0,10715.0,0.0,0.0,2467.0,1150.0,0.0,0.0
2.0,36345.0,1212.0,3495.0,4233.0,0.0,0.0,2345.0,1150.0,1212.0,0.0
2.0,39366.0,3769.0,3438.0,0.0,0.0,0.0,2296.0,1142.0,3769.0,0.0
2.0,35597.0,6307.0,3479.0,0.0,0.0,0.0,2367.0,1112.0,6307.0,0.0
2.0,29290.0,7631.0,3575.0,0.0,0.0,0.0,2514.0,1061.0,7631.0,0.0
2.0,21659.0,6881.0,3645.0,0.0,3447.0,3447.0,2637.0,1008.0,6408.0,473.0
2.0,14778.0,4217.0,3672.0,0.0,7799.0,7799.0,2688.0,984.0,2650.0,1567.0
2.0,10561.0,2667.0,3699.0,0.0,10601.0,10601.0,2688.0,1011.0,0.0,2667.0
2.0,7894.0,3289.0,3762.0,3447.0,10758.0,10758.0,2688.0,1074.0,0.0,3289.0
2.0,8052.0,2816.0,3792.0,7799.0,5925.0,5925.0,2664.0,1128.0,0.0,2816.0
2.0,13035.0,1239.0,3742.0,10601.0,0.0,0.0,2590.0,1152.0,0.0,1239.0
2.0,22397.0,0.0,3621.0,10758.0,0.0,0.0,2469.0,1152.0,0.0,0.0
2.0,33155.0,1285.0,3499.0,5925.0,0.0,0.0,2347.0,1152.0,1285.0,0.0
2.0,37795.0,3836.0,3443.0,0.0,0.0,0.0,2299.0,1144.0,3836.0,0.0
2.0,33959.0,6405.0,3489.0,0.0,0.0,0.0,2374.0,1115.0,6405.0,0.0
2.0,27554.0,7688.0,3587.0,0.0,0.0,0.0,2522.0,1065.0,7688.0,0.0
2.0,19866.0,6887.0,3657.0,0.0,5306.0,5306.0,2645.0,1012.0,6404.0,483.0
2.0,12979.0,4133.0,3682.0,0.0,9564.0,9564.0,2694.0,988.0,2558.0,1575.0
2.0,8846.0,2664.0,3707.0,0.0,12353.0,12353.0,2694.0,1013.0,0.0,2664.0
2.0,6182.0,3272.0,3770.0,5306.0,10634.0,10634.0,2694.0,1076.0,0.0,3272.0
2.0,8216.0,2792.0,3800.0,9564.0,4012.0,4012.0,2670.0,1130.0,0.0,2792.0
2.0,14988.0,1227.0,3752.0,12353.0,0.0,0.0,2598.0,1154.0,0.0,1227.0
2.0,26114.0,0.0,3630.0,10634.0,0.0,0.0,2476.0,1154.0,0.0,0.0
2.0,36748.0,1258.0,3508.0,4012.0,0.0,0.0,2354.0,1154.0,1258.0,0.0
2.0,39502.0,3813.0,3450.0,0.0,0.0,0.0,2305.0,1145.0,3813.0,0.0
2.0,35689.0,6368.0,3493.0,0.0,0.0,0.0,2377.0,1116.0,6368.0,0.0
2.0,29321.0,7662.0,3590.0,0.0,0.0,0.0,2524.0,1066.0,7662.0,0.0
2.0,21659.0,6937.0,3661.0,0.0,3583.0,3583.0,2648.0,1013.0,6416.0,521.0
2.0,14722.0,4238.0,3688.0,0.0,7956.0,7956.0,2698.0,990.0,2617.0,1621.0
2.0,10484.0,2716.0,3715.0,0.0,10807.0,10807.0,2698.0,1017.0,0.0,2716.0
2.0,7768.0,3291.0,3778.0,3583.0,10830.0,10830.0,2698.0,1080.0,0.0,3291.0
2.0,8060.0,2771.0,3808.0,7956.0,5795.0,5795.0,2674.0,1134.0,0.0,2771.0
2.0,13245.0,1151.0,3758.0,10807.0,0.0,0.0,2602.0,1156.0,0.0,1151.0
2.0,22901.0,0.0,3636.0,10830.0,0.0,0.0,2480.0,1156.0,0.0,0.0
2.0,33731.0,1307.0,3514.0,5795.0,0.0,0.0,2358.0,1156.0,1307.0,0.0
2.0,38219.0,3878.0,3457.0,0.0,0.0,0.0,2309.0,1148.0,3878.0,0.0
2.0,34341.0,6450.0,3502.0,0.0,0.0,0.0,2384.0,1118.0,6450.0,0.0
2.0,27891.0,7714.0,3600.0,0.0,0.0,0.0,2532.0,1068.0,7714.0,0.0
2.0,20177.0,6947.0,3671.0,0.0,5125.0,5125.0,2655.0,1016.0,6406.0,541.0
2.0,13230.0,4155.0,3697.0,0.0,9410.0,9410.0,2704.0,993.0,2519.0,1636.0
2.0,9075.0,2731.0,3724.0,0.0,12276.0,12276.0,2704.0,1020.0,0.0,2731.0
2.0,6344.0,3291.0,3787.0,5125.0,10757.0,10757.0,2704.0,1083.0,0.0,3291.0
2.0,8178.0,2755.0,3816.0,9410.0,4247.0,4247.0,2680.0,1136.0,0.0,2755.0
2.0,14833.0,1128.0,-40.60962425755406,12276.0,0.0,0.0,-30.53050270038284,-10.07912155717122,0.0,1128.0
2.0,25981.0,0.0,1301.1367565600403,10757.0,0.0,0.0,1307.0072039516692,-5.8704473916287725,0.0,0.0
2.0,36738.0,1299.0,3838.7980520366664,4247.0,0.0,0.0,3835.5400493055427,3.258002731123838,1299.0,0.0
2.0,39686.0,3863.0,6383.922685906439,0.0,0.0,0.0,6377.116254598628,6.806431307811295,3863.0,0.0
2.0,35823.0,6432.0,7685.158784927116,0.0,9035.0,9035.0,7709.186530657002,-24.02774572988551,6432.0,0.0
2.0,29391.0,7698.0,6905.598572218929,0.0,12835.0,12835.0,6382.069734653425,523.5288375655041,7698.0,0.0
2.0,21693.0,6979.0,4173.512785953478,0.0,6154.0,6154.0,2566.6617617829843,1606.8510241704932,6415.0,564.0
2.0,14714.0,4238.0,2606.217187636825,9035.0,0.0,0.0,-85.25353711630169,2691.470724753127,2571.0,1667.0
2.0,19511.0,2771.0,3307.5547990317477,12835.0,0.0,0.0,4.436863456748597,3303.117935574999,0.0,2771.0
2.0,29575.0,3306.0,2789.985675744081,6154.0,0.0,0.0,7.2747021487411985,2782.71097359534,0.0,3306.0
2.0,32423.0,2736.0,1108.159915463618,0.0,0.0,0.0,-9.721219964418196,1117.8811354280363,0.0,2736.0
2.0,29687.0,1062.0,-39.462736085801794,0.0,0.0,0.0,-30.25654388935436,-9.206192196447432,0.0,1062.0
2.0,28625.0,0.0,1329.573037358825,0.0,0.0,0.0,1334.994493241019,-5.421455882193868,0.0,0.0
2.0,28625.0,1308.0,3867.0339816717965,0.0,0.0,0.0,3864.096842774481,2.9371388973154353,1308.0,0.0
2.0,27317.0,3897.0,6408.584397755615,0.0,8623.0,8623.0,6402.6372796899705,5.947118065644986,3897.0,0.0
2.0,23420.0,6485.0,7687.626074895412,0.0,21504.0,21504.0,7712.755296536009,-25.12922164059762,6485.0,0.0
2.0,16935.0,7746.0,6893.159801733777,0.0,25277.0,25277.0,6354.9957472172955,538.1640545164822,7746.0,0.0
2.0,9189.0,7016.0,4142.8315494051785,8623.0,9918.0,9918.0,2523.8068301965395,1619.0247192086395,6420.0,596.0
2.0,10796.0,4195.0,2620.2284888997888,21504.0,0.0,0.0,-87.07887102524046,2707.3073599250292,2501.0,1694.0
2.0,28105.0,2804.0,3306.6671862889607,25277.0,0.0,0.0,3.2742051190989514,3303.3929811698617,0.0,2804.0
2.0,50578.0,3314.0,2778.7972639232244,9918.0,0.0,0.0,6.805988145863466,2771.991275777361,0.0,3314.0
2.0,57182.0,2729.0,1081.683070205291,0.0,0.0,0.0,-11.21116860817574,1092.8942388134667,0.0,2729.0
2.0,54453.0,1032.0,-43.8977574660463,0.0,0.0,0.0,-36.81949227777113,-7.078265188275168,0.0,1032.0
2.0,53421.0,0.0,1358.5865897741637,0.0,0.0,0.0,1362.8372637021876,-4.2506739280238435,0.0,0.0
2.0,53421.0,1317.0,3884.7750244848257,0.0,0.0,0.0,3882.67017083434,2.104853650485893,1317.0,0.0
2.0,52104.0,3894.0,6428.137442833893,0.0,0.0,0.0,6422.46707237793,5.670370455963052,3894.0,0.0
2.0,48210.0,6477.0,7684.677951996531,0.0,0.0,0.0,7712.846087057393,-28.168135060861914,6477.0,0.0
2.0,41733.0,7757.0,6887.955642606532,0.0,464.0,464.0,6335.243412176951,552.7122304295813,7757.0,0.0
2.0,33976.0,7061.0,4114.851916988313,0.0,0.0,0.0,2484.5995506589047,1630.2523663294078,6459.0,602.0
2.0,26915.0,4264.0,2632.9215744932967,0.0,0.0,0.0,-88.0529644338626,2720.9745389271593,2557.0,1707.0
2.0,22651.0,2811.0,3311.8740245442054,464.0,0.0,0.0,5.254295598577755,3306.6197289456277,0.0,2811.0
2.0,20304.0,3311.0,2768.492937360362,0.0,0.0,0.0,6.681071816617077,2761.8118655437447,0.0,3311.0
2.0,16993.0,2711.0,1058.7374082777385,0.0,0.0,0.0,-8.399202040283399,1067.136610318022,0.0,2711.0
2.0,14282.0,1015.0,-42.23206201486471,0.0,0.0,0.0,-35.007015068539204,-7.225046946325506,0.0,1015.0
2.0,13267.0,0.0,1382.867227057908,0.0,0.0,0.0,1386.1895540226787,-3.3223269647708094,0.0,0.0
2.0,13267.0,1291.0,3905.671290628682,0.0,7553.0,7553.0,3903.5913544751565,2.079936153525523,1291.0,0.0
2.0,11976.0,3872.0,6445.180403178828,0.0,24122.0,24122.0,6440.5223230570255,4.6580801218027545,3872.0,0.0
2.0,8104.0,6458.0,7678.570608384737,0.0,36747.0,36747.0,7707.989111612738,-29.41850322800076,6458.0,0.0
2.0,1646.0,7742.0,6875.6212483059335,7553.0,32921.0,32921.0,6312.175635859222,563.445612446711,7742.0,0.0
2.0,1457.0,7087.0,4088.691557444177,24122.0,1952.0,1952.0,2450.343251262235,1638.348306181942,6453.0,634.0
2.0,18492.0,4325.0,2645.3852390686156,36747.0,0.0,0.0,-87.128551852501,2732.5137909211167,2590.0,1735.0
2.0,50914.0,2846.0,3310.4067369435634,32921.0,0.0,0.0,3.443881810286257,3306.962855133277,0.0,2846.0
2.0,80989.0,3332.0,2760.0197274015272,1952.0,0.0,0.0,5.86570309572835,2754.154024305799,0.0,3332.0
2.0,79609.0,2709.0,1041.2011455162183,0.0,0.0,0.0,-9.907404023130312,1051.1085495393486,0.0,2709.0
2.0,76900.0,972.0,-45.1179462484871,0.0,0.0,0.0,-39.03195570009257,-6.085990548394534,0.0,972.0
2.0,75928.0,0.0,1402.0718418775655,0.0,0.0,0.0,1404.2665499839936,-2.1947081064282656,0.0,0.0
2.0,75928.0,1350.0,3916.3319355901695,0.0,0.0,0.0,3914.8989012293123,1.4330343608569365,1350.0,0.0
2.0,74578.0,3943.0,6459.23550331086,0.0,0.0,0.0,6455.345304195109,3.89019911575042,3943.0,0.0
2.0,70635.0,6537.0,7679.73000100994,0.0,0.0,0.0,7709.23224336707,-29.502242357129603,6537.0,0.0
2.0,64098.0,7783.0,6872.800860938973,0.0,0.0,0.0,6298.561819392294,574.2390415466793,7783.0,0.0
