agg_orders_level_0,agg_orders_level_1
5445.0,27225.0
5700.0,27870.0
5565.0,27855.0
5505.0,22755.0
5460.0,255.0
5475.0,0.0
0.0,0.0
0.0,0.0
0.0,0.0
0.0,0.0
0.0,0.0
0.0,0.0
0.0,0.0
0.0,0.0
0.0,0.0
0.0,0.0
0.0,0.0
0.0,0.0
0.0,0.0
0.0,0.0
0.0,0.0
0.0,0.0
0.0,0.0
0.0,0.0
0.0,0.0
0.0,0.0
0.0,0.0
915.0,0.0
2127.0,0.0
3184.0,0.0
3431.0,0.0
2513.0,0.0
259.0,0.0
0.0,0.0
0.0,0.0
0.0,0.0
0.0,0.0
0.0,0.0
270.0,0.0
1221.0,0.0
2382.0,0.0
3279.0,0.0
3186.0,0.0
1950.0,0.0
0.0,0.0
0.0,0.0
0.0,0.0
0.0,0.0
0.0,0.0
72.0,0.0
1068.0,0.0
2096.0,0.0
3090.0,0.0
3165.0,0.0
2311.0,0.0
460.0,0.0
0.0,0.0
0.0,0.0
0.0,0.0
0.0,0.0
236.0,0.0
1157.0,0.0
2210.0,0.0
3078.0,0.0
3184.0,0.0
2114.0,0.0
198.0,0.0
0.0,0.0
0.0,0.0
0.0,0.0
2.0,0.0
893.0,0.0
2138.0,0.0
3114.0,0.0
3319.0,0.0
2237.0,0.0
519.0,0.0
0.0,0.0
0.0,0.0
0.0,0.0
0.0,0.0
296.0,0.0
1376.0,0.0
2660.0,0.0
3687.0,2062.0
3292.0,5669.0
1829.0,5967.0
135.0,5766.0
0.0,97.0
0.0,0.0
0.0,0.0
0.0,0.0
0.0,0.0
855.0,0.0
2229.0,0.0
3525.0,0.0
4158.0,0.0
3147.0,2331.0
951.0,3372.0
0.0,3372.0
0.0,1041.0
0.0,0.0
0.0,0.0
0.0,0.0
0.0,0.0
970.0,0.0
2200.0,0.0
3538.0,0.0
3879.0,3693.0
3137.0,6357.0
835.0,6447.0
0.0,4347.0
0.0,0.0
0.0,0.0
0.0,0.0
0.0,0.0
245.0,0.0
1580.0,0.0
2822.0,0.0
3774.0,0.0
3571.0,0.0
2132.0,1515.0
69.0,1584.0
0.0,1494.0
0.0,0.0
0.0,0.0
0.0,0.0
0.0,0.0
770.0,0.0
1988.0,0.0
3335.0,2499.0
3872.0,6422.0
3427.0,6747.0
1769.0,6897.0
120.0,3486.0
1145.0,0.0
191.0,0.0
0.0,0.0
0.0,0.0
126.0,0.0
1017.0,0.0
2183.0,0.0
3128.0,0.0
3455.0,0.0
2700.0,521.0
1045.0,1586.0
545.0,1966.0
0.0,1110.0
0.0,0.0
0.0,0.0
477.0,0.0
1407.0,0.0
2573.0,540.0
3480.0,4360.0
3210.0,6802.0
1831.0,6967.0
865.0,5921.0
611.0,0.0
783.0,0.0
0.0,0.0
0.0,0.0
818.0,0.0
1814.0,0.0
2738.0,0.0
2892.0,0.0
2268.0,0.0
688.0,0.0
980.0,0.0
1089.0,912.0
922.0,1759.0
338.0,1862.0
0.0,590.0
811.0,0.0
1906.0,0.0
2758.0,1824.0
2958.0,5067.0
2303.0,6852.0
1066.0,6903.0
1230.0,3220.0
1236.0,0.0
610.0,0.0
0.0,0.0
0.0,0.0
649.0,0.0
1762.0,0.0
2683.0,0.0
3006.0,0.0
2589.0,0.0
1322.0,9.0
1195.0,1152.0
1209.0,2476.0
800.0,3327.0
18.0,2088.0
0.0,0.0
241.0,0.0
1110.0,0.0
2173.0,0.0
3110.0,281.0
3602.0,4178.0
2781.0,6955.0
1344.0,7138.0
1240.0,5594.0
761.0,0.0
812.0,0.0
0.0,0.0
0.0,0.0
570.0,0.0
1492.0,0.0
2392.0,0.0
2818.0,0.0
2346.0,0.0
1223.0,0.0
633.0,0.0
1125.0,31.0
1428.0,1287.0
1284.0,2441.0
818.0,3023.0
1187.0,2818.0
2151.0,2668.0
2926.0,2761.0
2757.0,2870.0
1524.0,1776.0
0.0,0.0
300.0,0.0
762.0,0.0
1203.0,0.0
1374.0,0.0
1815.0,4.0
1956.0,1424.0
2529.0,4093.0
2824.0,6909.0
2185.0,7175.0
753.0,4584.0
0.0,0.0
105.0,0.0
510.0,0.0
936.0,0.0
1332.0,0.0
2604.0,0.0
3390.0,0.0
3636.0,0.0
3392.0,2091.0
1884.0,4040.0
0.0,3955.0
0.0,1864.0
0.0,0.0
189.0,0.0
699.0,0.0
1146.0,0.0
1537.0,0.0
2196.0,0.0
2509.0,97.0
3131.0,3137.0
3351.0,6683.0
2458.0,7515.0
411.0,6438.0
12.0,30.0
363.0,0.0
765.0,0.0
1209.0,0.0
1287.0,0.0
1349.0,0.0
1681.0,0.0
2637.0,0.0
3478.0,0.0
3214.0,2107.0
1625.0,3742.0
122.0,3754.0
581.0,2208.0
1070.0,187.0
1428.0,0.0
1231.0,0.0
698.0,0.0
808.0,0.0
1938.0,0.0
2990.0,2415.0
3334.0,5999.0
2447.0,8000.0
824.0,6920.0
632.0,1428.0
1097.0,0.0
1371.0,0.0
1204.0,0.0
515.0,0.0
514.0,0.0
1573.0,0.0
2731.0,0.0
3366.0,0.0
2921.0,712.0
1665.0,2417.0
794.0,3026.0
1316.0,3430.0
1485.0,2293.0
1126.0,398.0
308.0,0.0
362.0,0.0
1346.0,0.0
2415.0,0.0
3136.0,2154.0
2954.0,5328.0
1948.0,7346.0
662.0,5769.0
1241.0,1597.0
1626.0,0.0
1450.0,0.0
644.0,0.0
897.0,0.0
2062.0,0.0
3107.0,0.0
3326.0,194.0
2383.0,2615.0
251.0,2786.0
161.0,2643.0
626.0,574.0
1136.0,0.0
1473.0,0.0
1483.0,0.0
1920.0,516.0
2449.0,2637.0
3546.0,6508.0
3501.0,8220.0
2054.0,8315.0
0.0,2642.0
70.0,0.0
488.0,0.0
1028.0,0.0
1471.0,0.0
1499.0,0.0
2320.0,0.0
2648.0,0.0
3644.0,0.0
3544.0,342.0
2195.0,2652.0
0.0,2517.0
36.0,2101.0
246.0,101.0
753.0,0.0
1197.0,0.0
1431.0,0.0
2008.0,228.0
2794.0,2839.0
3412.0,6436.0
3804.0,8360.0
2746.0,8500.0
619.0,4447.0
256.0,0.0
456.0,0.0
906.0,0.0
1247.0,0.0
1265.0,0.0
935.0,0.0
1639.0,0.0
2435.0,0.0
3447.0,0.0
3588.0,0.0
2394.0,1843.0
681.0,2444.0
823.0,3287.0
1293.0,2767.0
1430.0,1703.0
1078.0,0.0
515.0,0.0
785.0,0.0
1830.0,0.0
3074.0,1078.0
3483.0,4791.0
2876.0,7799.0
1469.0,8049.0
882.0,4259.0
1417.0,0.0
1630.0,0.0
1234.0,0.0
590.0,0.0
985.0,0.0
2100.0,0.0
2919.0,40.0
3058.0,993.0
2246.0,1348.0
1010.0,1379.0
693.0,996.0
1230.0,968.0
1685.0,2014.0
1865.0,2710.0
1979.0,2772.0
2254.0,2784.0
3271.0,3655.0
3355.0,4277.0
2238.0,4217.0
708.0,1255.0
0.0,0.0
314.0,0.0
815.0,0.0
1331.0,0.0
1841.0,0.0
2639.0,630.0
3216.0,2650.0
3749.0,5254.0
3841.0,6862.0
2397.0,7420.0
456.0,3671.0
359.0,309.0
392.0,0.0
971.0,0.0
1546.0,0.0
1867.0,0.0
1961.0,136.0
2408.0,1166.0
3373.0,2602.0
4033.0,3055.0
3235.0,4217.0
1438.0,3258.0
18.0,2540.0
298.0,1434.0
841.0,0.0
1321.0,0.0
1551.0,0.0
1506.0,0.0
1508.0,0.0
2302.0,0.0
3366.0,1976.0
3678.0,5053.0
2749.0,6831.0
1182.0,6881.0
454.0,2414.0
994.0,500.0
1468.0,324.0
1530.0,30.0
1186.0,0.0
838.0,0.0
1922.0,972.0
3218.0,2448.0
4102.0,3175.0
3535.0,3200.0
2063.0,3285.0
792.0,2276.0
1332.0,3004.0
1683.0,2178.0
1419.0,878.0
624.0,0.0
320.0,0.0
943.0,0.0
2239.0,0.0
3233.0,0.0
3627.0,1446.0
2837.0,4433.0
1939.0,6377.0
1221.0,6017.0
1644.0,3073.0
1551.0,826.0
912.0,0.0
389.0,0.0
1118.0,0.0
2180.0,248.0
3163.0,1631.0
3326.0,2560.0
2608.0,2571.0
1948.0,2246.0
1190.0,1700.0
1654.0,2750.0
1598.0,2776.0
1075.0,1746.0
694.0,0.0
1494.0,0.0
2736.0,0.0
3527.0,652.0
3338.0,3183.0
2136.0,5394.0
1039.0,5731.0
1054.0,3562.0
1635.0,558.0
1745.0,0.0
1585.0,0.0
1239.0,0.0
2222.0,956.0
3414.0,2487.0
3942.0,3703.0
3055.0,6448.0
1557.0,5533.0
256.0,4316.0
850.0,1404.0
1384.0,0.0
1722.0,0.0
1687.0,0.0
1571.0,0.0
2290.0,0.0
3638.0,0.0
4438.0,1820.0
3621.0,5661.0
1789.0,7460.0
382.0,5932.0
943.0,1244.0
1337.0,0.0
1555.0,0.0
1182.0,0.0
891.0,0.0
997.0,0.0
2525.0,551.0
3568.0,2093.0
4070.0,3319.0
3144.0,5227.0
2057.0,5455.0
1224.0,4140.0
1629.0,3354.0
1398.0,1022.0
890.0,0.0
343.0,0.0
545.0,0.0
1982.0,0.0
3291.0,0.0
4177.0,0.0
3925.0,2442.0
2762.0,5314.0
1586.0,6945.0
1890.0,6503.0
1693.0,2897.0
785.0,9.0
143.0,0.0
615.0,0.0
1943.0,0.0
3213.0,290.0
4083.0,1674.0
3637.0,2497.0
2744.0,3426.0
1709.0,3466.0
1940.0,3346.0
1959.0,3910.0
1120.0,2766.0
386.0,0.0
814.0,0.0
2209.0,0.0
3372.0,52.0
3944.0,1226.0
3040.0,2919.0
1890.0,4772.0
814.0,4280.0
1513.0,3054.0
1956.0,1200.0
1787.0,0.0
1449.0,0.0
1363.0,0.0
2841.0,1531.0
3764.0,3042.0
3859.0,6041.0
2505.0,7656.0
1051.0,6140.0
475.0,3738.0
1117.0,0.0
1672.0,0.0
1818.0,0.0
1830.0,0.0
2003.0,0.0
2986.0,0.0
3813.0,214.0
3769.0,1508.0
2202.0,3770.0
891.0,4397.0
340.0,3169.0
955.0,1038.0
1557.0,0.0
1868.0,0.0
2115.0,380.0
2764.0,1348.0
3750.0,3689.0
4858.0,7555.0
4486.0,10700.0
2242.0,8498.0
171.0,4940.0
540.0,0.0
1176.0,0.0
1638.0,0.0
1746.0,0.0
1449.0,0.0
1737.0,0.0
2696.0,0.0
4063.0,0.0
4395.0,202.0
3289.0,1625.0
1296.0,2846.0
608.0,3207.0
1265.0,2932.0
1715.0,1891.0
1731.0,592.0
1074.0,0.0
913.0,0.0
2121.0,0.0
3661.0,2289.0
4639.0,7288.0
4175.0,10985.0
2492.0,10352.0
1017.0,5635.0
1597.0,0.0
2085.0,0.0
1790.0,0.0
945.0,0.0
530.0,0.0
1674.0,0.0
3169.0,0.0
4013.0,0.0
4014.0,594.0
2386.0,1071.0
1166.0,2182.0
1236.0,2764.0
1850.0,3523.0
2030.0,3276.0
1829.0,2146.0
1265.0,319.0
2232.0,1254.0
3205.0,2483.0
3964.0,3893.0
3299.0,6163.0
2176.0,6038.0
647.0,5882.0
878.0,2538.0
1568.0,0.0
2156.0,0.0
2520.0,0.0
2464.0,0.0
2880.0,126.0
3805.0,1751.0
3911.0,2589.0
2854.0,4924.0
1578.0,4751.0
152.0,4024.0
752.0,1822.0
1475.0,0.0
2105.0,0.0
2623.0,0.0
2904.0,0.0
3450.0,1076.0
4353.0,4175.0
4210.0,8735.0
2712.0,10353.0
960.0,7440.0
117.0,2334.0
538.0,0.0
1183.0,0.0
1693.0,0.0
2116.0,0.0
2279.0,0.0
2934.0,0.0
3863.0,0.0
4623.0,1368.0
3983.0,1929.0
2288.0,3986.0
251.0,2724.0
897.0,2336.0
1518.0,1188.0
1945.0,612.0
1813.0,0.0
1603.0,0.0
1835.0,174.0
3294.0,2479.0
4284.0,7073.0
4179.0,11001.0
2974.0,10204.0
1702.0,7340.0
1223.0,836.0
1787.0,0.0
1989.0,0.0
1769.0,0.0
1378.0,0.0
1664.0,0.0
3022.0,0.0
3647.0,267.0
3606.0,797.0
2838.0,817.0
1966.0,1963.0
1142.0,2173.0
1834.0,3120.0
2172.0,3264.0
2240.0,3181.0
1770.0,1626.0
2255.0,2645.0
3288.0,3843.0
3831.0,3786.0
3192.0,4166.0
2544.0,5764.0
1050.0,6588.0
914.0,3906.0
1607.0,0.0
2412.0,0.0
2778.0,0.0
2439.0,0.0
2664.0,0.0
3500.0,570.0
3708.0,1134.0
3322.0,3206.0
2314.0,5055.0
495.0,4820.0
873.0,3104.0
1584.0,0.0
2444.0,0.0
2829.0,1245.0
2562.0,2854.0
2861.0,3920.0
3682.0,4055.0
3846.0,4538.0
3345.0,5392.0
2136.0,7648.0
177.0,5674.0
770.0,568.0
1490.0,0.0
2015.0,0.0
2640.0,0.0
2347.0,0.0
3186.0,0.0
4122.0,0.0
4807.0,1165.0
3601.0,3699.0
2244.0,5988.0
247.0,4895.0
880.0,2530.0
1546.0,0.0
1968.0,0.0
2176.0,262.0
1926.0,1129.0
2360.0,2730.0
3594.0,4055.0
4435.0,4513.0
4195.0,6947.0
3192.0,7468.0
1800.0,8238.0
1258.0,4772.0
1856.0,0.0
2036.0,0.0
1642.0,0.0
1431.0,0.0
1396.0,0.0
3108.0,0.0
4098.0,126.0
4356.0,973.0
3624.0,1138.0
2966.0,3951.0
1598.0,4451.0
2108.0,5401.0
2064.0,3688.0
1493.0,1510.0
1158.0,0.0
1341.0,331.0
2620.0,2110.0
3464.0,3588.0
3903.0,3883.0
3652.0,3769.0
3181.0,4882.0
1872.0,6126.0
2065.0,5514.0
2342.0,2260.0
2261.0,0.0
1788.0,0.0
1739.0,0.0
2621.0,649.0
3098.0,1716.0
3296.0,1681.0
3584.0,1110.0
2906.0,2844.0
1526.0,3784.0
1869.0,4794.0
2543.0,3544.0
2910.0,1479.0
2447.0,1711.0
1804.0,3679.0
2650.0,4325.0
2948.0,4067.0
3436.0,343.0
3444.0,3058.0
2491.0,5428.0
741.0,5598.0
1447.0,3268.0
2229.0,0.0
2953.0,0.0
2897.0,0.0
3125.0,0.0
3496.0,578.0
3832.0,1517.0
3598.0,4038.0
2886.0,6446.0
1278.0,6674.0
527.0,4050.0
1319.0,0.0
1848.0,0.0
2482.0,0.0
2539.0,1002.0
3150.0,2671.0
3798.0,4290.0
4640.0,4385.0
4304.0,5908.0
3033.0,6024.0
1257.0,6978.0
576.0,4136.0
1352.0,0.0
1849.0,0.0
2148.0,0.0
2165.0,0.0
2346.0,0.0
3274.0,0.0
4489.0,0.0
4694.0,1390.0
3552.0,5087.0
2300.0,7382.0
846.0,6703.0
1519.0,3115.0
1874.0,15.0
1871.0,0.0
1873.0,0.0
1811.0,499.0
2892.0,2438.0
4176.0,4382.0
4811.0,4505.0
3966.0,6487.0
3054.0,6380.0
1402.0,7028.0
1770.0,4344.0
2126.0,0.0
1896.0,0.0
1785.0,0.0
1377.0,0.0
2519.0,0.0
3662.0,0.0
4300.0,566.0
3743.0,1065.0
3242.0,4407.0
2148.0,5914.0
1805.0,6554.0
2388.0,4450.0
2456.0,892.0
2169.0,764.0
1637.0,1689.0
2750.0,2980.0
3477.0,3759.0
3754.0,2557.0
3510.0,1728.0
2929.0,4582.0
1316.0,5338.0
1565.0,4342.0
2137.0,1060.0
2586.0,0.0
2471.0,0.0
2444.0,0.0
3370.0,1209.0
4038.0,2788.0
4064.0,4719.0
3448.0,7168.0
2236.0,7402.0
638.0,5888.0
1457.0,1252.0
2110.0,0.0
2691.0,0.0
2648.0,0.0
3144.0,0.0
4115.0,2146.0
4944.0,3902.0
4707.0,6736.0
3230.0,7985.0
1398.0,6800.0
678.0,4676.0
1470.0,0.0
2038.0,0.0
2280.0,0.0
2286.0,0.0
2519.0,0.0
3580.0,0.0
4963.0,693.0
5081.0,4049.0
3670.0,7904.0
2216.0,9432.0
878.0,6156.0
1638.0,704.0
2124.0,0.0
2017.0,0.0
1833.0,0.0
1608.0,174.0
2865.0,2122.0
4400.0,4216.0
5091.0,4700.0
4307.0,5677.0
3185.0,4910.0
1579.0,5780.0
1974.0,4898.0
2442.0,1788.0
2185.0,0.0
1845.0,0.0
1387.0,0.0
2897.0,0.0
4197.0,0.0
4839.0,1295.0
3882.0,4350.0
3143.0,7588.0
1673.0,7876.0
1863.0,5334.0
2420.0,554.0
2458.0,0.0
2139.0,237.0
1693.0,1823.0
2824.0,3904.0
3861.0,4795.0
4198.0,4466.0
3784.0,1565.0
3004.0,4068.0
1616.0,5194.0
1683.0,4998.0
2378.0,2438.0
2870.0,0.0
2796.0,0.0
2234.0,0.0
3292.0,0.0
4056.0,754.0
4166.0,1971.0
3590.0,5776.0
2234.0,7271.0
360.0,6122.0
1209.0,1920.0
2092.0,0.0
3045.0,721.0
3314.0,2348.0
3438.0,4193.0
4037.0,4705.0
5143.0,4835.0
4806.0,4383.0
3708.0,6590.0
1442.0,7990.0
388.0,5110.0
1246.0,0.0
2063.0,0.0
2518.0,0.0
2823.0,0.0
2408.0,0.0
3696.0,0.0
5010.0,0.0
5570.0,1672.0
3874.0,5731.0
2254.0,7965.0
469.0,6592.0
1285.0,2536.0
1979.0,0.0
2332.0,0.0
2201.0,0.0
1863.0,944.0
2662.0,2815.0
4579.0,4785.0
5697.0,4905.0
5079.0,7871.0
3404.0,6992.0
1715.0,8092.0
1963.0,5478.0
2517.0,266.0
2360.0,0.0
1419.0,0.0
943.0,0.0
2161.0,0.0
4175.0,0.0
5519.0,0.0
5524.0,1377.0
3816.0,5333.0
2632.0,7945.0
2132.0,8640.0
2685.0,6037.0
2343.0,768.0
1379.0,0.0
894.0,0.0
2028.0,0.0
3783.0,1747.0
4976.0,3699.0
4874.0,4605.0
3937.0,5419.0
3004.0,4934.0
2006.0,6064.0
2688.0,5456.0
2551.0,2364.0
1849.0,0.0
1114.0,0.0
2323.0,0.0
4020.0,28.0
4929.0,1765.0
4648.0,2300.0
3672.0,5669.0
2370.0,6259.0
1696.0,6226.0
2506.0,4578.0
2616.0,1122.0
2438.0,0.0
1690.0,0.0
2941.0,1868.0
4354.0,4163.0
5012.0,5135.0
4141.0,5641.0
3333.0,5076.0
1695.0,6338.0
1591.0,5500.0
2368.0,1952.0
2556.0,0.0
2448.0,0.0
1977.0,0.0
3313.0,0.0
4854.0,93.0
5652.0,1744.0
4427.0,6115.0
3212.0,9309.0
1034.0,8464.0
1731.0,4554.0
2406.0,0.0
2481.0,0.0
2067.0,0.0
1616.0,143.0
3149.0,2098.0
4833.0,4463.0
5823.0,5125.0
4955.0,6912.0
3372.0,5881.0
1603.0,6332.0
1996.0,5228.0
2617.0,1716.0
2346.0,0.0
1431.0,0.0
1018.0,0.0
2447.0,0.0
4466.0,0.0
5725.0,12.0
5619.0,3960.0
3878.0,7963.0
2468.0,10414.0
2220.0,8704.0
2696.0,3587.0
2275.0,0.0
1157.0,0.0
785.0,0.0
1760.0,0.0
3573.0,676.0
4948.0,2687.0
5344.0,3911.0
4221.0,4064.0
3460.0,4927.0
2107.0,4758.0
2753.0,6080.0
2575.0,4484.0
1960.0,966.0
1428.0,0.0
2643.0,0.0
4091.0,1235.0
4875.0,2855.0
4357.0,3037.0
3798.0,5184.0
2620.0,5392.0
1844.0,6378.0
2532.0,4824.0
2563.0,1330.0
2400.0,0.0
1933.0,0.0
3114.0,1524.0
4422.0,3843.0
5075.0,5270.0
4058.0,5161.0
3280.0,4736.0
1602.0,5826.0
1623.0,5186.0
2400.0,2034.0
2625.0,0.0
2590.0,0.0
2357.0,0.0
3866.0,0.0
5573.0,817.0
6178.0,5184.0
4307.0,9706.0
2712.0,11606.0
896.0,7258.0
1778.0,1056.0
2516.0,0.0
2535.0,0.0
2194.0,0.0
1929.0,0.0
3417.0,1483.0
5355.0,3933.0
6263.0,5270.0
5095.0,7326.0
3266.0,6719.0
1075.0,5792.0
1960.0,4434.0
2565.0,770.0
2408.0,0.0
1787.0,0.0
1542.0,0.0
3183.0,0.0
5186.0,0.0
6323.0,2292.0
5540.0,8157.0
3657.0,11904.0
1815.0,11347.0
2277.0,5502.0
2748.0,344.0
2235.0,0.0
1308.0,0.0
870.0,0.0
2581.0,0.0
4561.0,1317.0
5985.0,3542.0
5714.0,4865.0
3971.0,5231.0
2631.0,4330.0
2339.0,4578.0
2855.0,5336.0
2432.0,4126.0
1520.0,668.0
1033.0,0.0
2653.0,0.0
4690.0,0.0
5859.0,940.0
5471.0,4183.0
3934.0,8252.0
2363.0,9650.0
2206.0,7643.0
2828.0,2592.0
2579.0,0.0
1763.0,0.0
1331.0,0.0
2923.0,744.0
4838.0,3235.0
5795.0,5204.0
5024.0,5788.0
3672.0,6335.0
2126.0,5660.0
2172.0,6086.0
2845.0,3812.0
2665.0,196.0
1947.0,0.0
1588.0,0.0
3489.0,0.0
5255.0,0.0
6196.0,1267.0
4982.0,6539.0
3261.0,9855.0
1069.0,9527.0
1932.0,4940.0
2639.0,185.0
2663.0,0.0
2255.0,0.0
2174.0,276.0
3960.0,2525.0
5694.0,5066.0
6431.0,5525.0
4686.0,8234.0
2722.0,6220.0
962.0,6412.0
1952.0,3648.0
2617.0,0.0
2612.0,0.0
2072.0,0.0
1956.0,0.0
3831.0,0.0
5864.0,0.0
6831.0,4428.0
5504.0,10242.0
3137.0,13397.0
1251.0,10117.0
2143.0,2073.0
2788.0,0.0
2479.0,0.0
1556.0,0.0
1164.0,0.0
2997.0,0.0
5076.0,2147.0
6538.0,4484.0
5995.0,5624.0
3967.0,7044.0
2114.0,4634.0
2299.0,5546.0
2838.0,4704.0
2470.0,2508.0
1539.0,0.0
989.0,0.0
2834.0,0.0
5050.0,0.0
6587.0,104.0
6213.0,5513.0
4238.0,9881.0
2663.0,12435.0
2570.0,9542.0
3054.0,2865.0
2485.0,0.0
1497.0,0.0
1059.0,0.0
2829.0,0.0
4816.0,859.0
6031.0,2976.0
5540.0,3915.0
4062.0,5433.0
2344.0,4766.0
2229.0,4946.0
2946.0,4856.0
2868.0,3246.0
2416.0,0.0
1937.0,0.0
3897.0,0.0
5654.0,2585.0
6471.0,5987.0
4998.0,11270.0
3276.0,12026.0
819.0,8326.0
1890.0,2506.0
2646.0,0.0
2871.0,0.0
2649.0,0.0
2468.0,0.0
3934.0,0.0
5801.0,1203.0
6563.0,3084.0
4985.0,6487.0
3041.0,8345.0
735.0,5982.0
1716.0,3620.0
2501.0,0.0
2771.0,0.0
2687.0,0.0
2576.0,0.0
4015.0,1002.0
6003.0,3687.0
7030.0,10686.0
5420.0,15394.0
3304.0,13618.0
1033.0,8458.0
2041.0,0.0
2717.0,0.0
2695.0,0.0
1955.0,0.0
1726.0,0.0
3087.0,0.0
5234.0,0.0
6580.0,306.0
6025.0,1399.0
4068.0,3966.0
2072.0,5697.0
2220.0,6588.0
2843.0,5640.0
2581.0,3042.0
1539.0,0.0
1127.0,0.0
2587.0,0.0
4935.0,1669.0
6469.0,4237.0
6349.0,10040.0
4593.0,13124.0
3306.0,12228.0
2612.0,8474.0
3120.0,2128.0
2527.0,0.0
1222.0,0.0
897.0,0.0
2605.0,0.0
4934.0,0.0
6579.0,0.0
6402.0,1418.0
4584.0,1856.0
3159.0,5040.0
2707.0,6339.0
3218.0,7776.0
2682.0,5816.0
1314.0,2594.0
977.0,0.0
2483.0,0.0
4850.0,1139.0
6303.0,3528.0
6272.0,4907.0
4403.0,8361.0
2917.0,7765.0
2270.0,7996.0
3061.0,5666.0
2912.0,1032.0
2074.0,0.0
1330.0,0.0
2904.0,0.0
5153.0,121.0
6526.0,2505.0
6145.0,4238.0
4269.0,8526.0
2543.0,8559.0
2316.0,7368.0
3112.0,4708.0
2896.0,200.0
1810.0,0.0
1146.0,0.0
2682.0,0.0
5073.0,956.0
6597.0,3475.0
6351.0,6853.0
4324.0,10351.0
2569.0,9460.0
2210.0,7396.0
2908.0,3256.0
2786.0,0.0
1713.0,0.0
1278.0,0.0
2593.0,0.0
5146.0,0.0
6799.0,1493.0
6942.0,4409.0
4914.0,9493.0
3444.0,11529.0
2661.0,9921.0
3174.0,5564.0
2592.0,0.0
1255.0,0.0
840.0,0.0
2290.0,0.0
4736.0,0.0
6452.0,2260.0
6922.0,4112.0
5454.0,6999.0
4270.0,9159.0
2761.0,7943.0
3164.0,7642.0
2502.0,3752.0
1032.0,0.0
847.0,0.0
1901.0,0.0
4488.0,0.0
6206.0,1270.0
6897.0,3135.0
5664.0,5064.0
4913.0,8902.0
2991.0,8848.0
3411.0,8656.0
2646.0,5048.0
1033.0,0.0
919.0,0.0
1945.0,0.0
4290.0,37.0
5850.0,2549.0
6371.0,3998.0
5026.0,4099.0
4088.0,5168.0
2236.0,4362.0
3155.0,6610.0
3163.0,5922.0
2400.0,3172.0
1631.0,0.0
2676.0,0.0
4899.0,1393.0
6162.0,3694.0
5869.0,4586.0
4439.0,7169.0
2700.0,6165.0
1852.0,7062.0
2848.0,5046.0
3213.0,1314.0
2903.0,0.0
2274.0,0.0
3555.0,0.0
5687.0,2125.0
6910.0,4461.0
5861.0,9891.0
3820.0,11656.0
1288.0,9098.0
1730.0,5292.0
2629.0,0.0
3140.0,0.0
2784.0,0.0
2423.0,0.0
3800.0,0.0
6242.0,173.0
7948.0,2967.0
6936.0,10303.0
4001.0,14211.0
1029.0,12128.0
2058.0,4924.0
2794.0,0.0
2914.0,0.0
1909.0,0.0
1594.0,0.0
2445.0,0.0
5064.0,0.0
7078.0,1732.0
7412.0,3826.0
5174.0,9019.0
3166.0,10498.0
2425.0,9237.0
3186.0,6016.0
2908.0,1576.0
1708.0,0.0
1110.0,0.0
2153.0,0.0
4944.0,0.0
7017.0,1026.0
7593.0,3495.0
5785.0,9535.0
3896.0,12470.0
2620.0,11615.0
3276.0,6628.0
2857.0,502.0
1528.0,0.0
672.0,0.0
1606.0,0.0
4234.0,0.0
6248.0,583.0
7253.0,2742.0
6102.0,4711.0
4706.0,8984.0
2621.0,8833.0
3372.0,7956.0
3103.0,5210.0
1679.0,92.0
767.0,0.0
1944.0,0.0
4536.0,0.0
6474.0,1638.0
7176.0,3686.0
5587.0,7765.0
4105.0,10332.0
2443.0,9044.0
3324.0,7022.0
3185.0,2532.0
1915.0,0.0
1358.0,0.0
2799.0,0.0
5464.0,0.0
7201.0,2508.0
6932.0,4317.0
4539.0,9031.0
2486.0,8964.0
2182.0,7396.0
3090.0,4888.0
3197.0,966.0
2167.0,0.0
1586.0,0.0
3041.0,0.0
5718.0,0.0
7677.0,2349.0
7481.0,9531.0
4787.0,14468.0
2086.0,14130.0
2219.0,6858.0
3056.0,0.0
3120.0,0.0
2098.0,0.0
1607.0,0.0
2820.0,0.0
5748.0,0.0
7909.0,1627.0
7937.0,5617.0
5340.0,11167.0
2600.0,12100.0
2491.0,9069.0
3238.0,3586.0
2985.0,0.0
1784.0,0.0
969.0,0.0
2035.0,0.0
4753.0,0.0
7016.0,0.0
7797.0,3454.0
6165.0,9879.0
3921.0,13885.0
2528.0,13039.0
3230.0,6630.0
2937.0,0.0
1706.0,0.0
814.0,0.0
1655.0,0.0
4464.0,0.0
6822.0,0.0
7925.0,1879.0
6651.0,5795.0
4537.0,10472.0
2656.0,11319.0
3453.0,9177.0
3079.0,3990.0
1700.0,0.0
646.0,0.0
1588.0,0.0
4236.0,0.0
6412.0,0.0
7587.0,1818.0
6555.0,5732.0
4646.0,10523.0
2523.0,11268.0
3304.0,9005.0
3163.0,3472.0
1870.0,0.0
1209.0,0.0
2121.0,0.0
4837.0,0.0
6741.0,736.0
7424.0,2831.0
5739.0,7546.0
3847.0,10732.0
2395.0,10331.0
3251.0,6434.0
3347.0,1988.0
2289.0,0.0
1885.0,0.0
3096.0,0.0
5719.0,418.0
7485.0,3281.0
7168.0,7320.0
4660.0,11702.0
2200.0,10546.0
2008.0,6830.0
2930.0,1754.0
3382.0,0.0
2772.0,0.0
2604.0,0.0
3657.0,0.0
6444.0,0.0
8116.0,4072.0
7271.0,11798.0
4404.0,16307.0
1242.0,13312.0
1947.0,4090.0
2870.0,0.0
3257.0,0.0
2468.0,0.0
2332.0,0.0
3081.0,0.0
5880.0,0.0
8008.0,2686.0
7842.0,5530.0
5170.0,10870.0
2315.0,10424.0
2131.0,7176.0
2978.0,3554.0
3136.0,0.0
2190.0,0.0
1842.0,0.0
2250.0,0.0
5010.0,0.0
7144.0,601.0
7771.0,7187.0
6178.0,13640.0
3838.0,16952.0
2422.0,12237.0
3135.0,1956.0
3081.0,0.0
1976.0,0.0
1414.0,0.0
1958.0,0.0
4748.0,0.0
6925.0,1077.0
7740.0,3344.0
6368.0,4767.0
4377.0,8162.0
2533.0,7386.0
3396.0,7202.0
3311.0,5784.0
2068.0,2436.0
1455.0,0.0
2300.0,0.0
5177.0,0.0
7183.0,1415.0
7514.0,3873.0
5455.0,9568.0
3523.0,11701.0
2194.0,9962.0
3124.0,5304.0
3354.0,0.0
2452.0,0.0
2171.0,0.0
3151.0,0.0
6005.0,889.0
7891.0,3976.0
7564.0,9139.0
5023.0,13483.0
2538.0,11975.0
2333.0,7694.0
3220.0,1492.0
3461.0,0.0
2460.0,0.0
2184.0,0.0
3527.0,0.0
6443.0,0.0
8333.0,1477.0
7714.0,7902.0
4641.0,12703.0
1825.0,12931.0
2262.0,7291.0
3112.0,0.0
3334.0,0.0
2287.0,0.0
2043.0,0.0
3389.0,0.0
6481.0,919.0
8524.0,4170.0
8122.0,11748.0
4955.0,15949.0
2152.0,13841.0
2477.0,6906.0
3273.0,0.0
3183.0,0.0
2038.0,0.0
1462.0,0.0
2963.0,0.0
5865.0,0.0
8241.0,0.0
8532.0,3436.0
5926.0,9602.0
2875.0,12437.0
2766.0,11832.0
3479.0,5899.0
3168.0,0.0
1878.0,0.0
857.0,0.0
2421.0,0.0
5244.0,0.0
7572.0,672.0
8394.0,4905.0
6549.0,11784.0
3913.0,15075.0
2835.0,13045.0
3552.0,5376.0
3223.0,0.0
1838.0,0.0
985.0,0.0
2596.0,0.0
5552.0,0.0
7809.0,0.0
8172.0,1944.0
5971.0,7443.0
3695.0,11163.0
2864.0,12128.0
3728.0,8558.0
3503.0,2350.0
1944.0,0.0
1189.0,0.0
3187.0,0.0
6023.0,0.0
8087.0,2007.0
7743.0,5740.0
4883.0,10788.0
2229.0,10905.0
2437.0,7617.0
3417.0,3176.0
3614.0,0.0
2547.0,0.0
2231.0,0.0
4260.0,0.0
7282.0,1017.0
9030.0,7202.0
7726.0,15428.0
4071.0,18557.0
1027.0,12177.0
2218.0,1952.0
3161.0,0.0
3421.0,0.0
2508.0,0.0
2084.0,0.0
3643.0,0.0
6771.0,0.0
8920.0,782.0
8152.0,4956.0
4967.0,10073.0
1532.0,10663.0
2554.0,8326.0
3384.0,2002.0
3407.0,0.0
2176.0,0.0
1686.0,0.0
3706.0,0.0
6821.0,0.0
9068.0,7060.0
8488.0,16083.0
5213.0,20915.0
1705.0,15966.0
2698.0,2656.0
3498.0,0.0
3377.0,0.0
2042.0,0.0
1265.0,0.0
3200.0,0.0
6279.0,0.0
8780.0,0.0
8588.0,1680.0
5628.0,5901.0
1999.0,7755.0
2697.0,8842.0
3514.0,6675.0
3416.0,3572.0
2092.0,276.0
1294.0,0.0
3358.0,0.0
6305.0,0.0
8612.0,3962.0
8354.0,12886.0
5650.0,18746.0
2215.0,16874.0
2751.0,6754.0
3643.0,0.0
3540.0,0.0
2164.0,0.0
1741.0,0.0
3927.0,0.0
7007.0,0.0
8977.0,1157.0
8088.0,3582.0
4435.0,8142.0
1086.0,7851.0
2472.0,6731.0
3441.0,3192.0
3696.0,1634.0
2571.0,0.0
2785.0,0.0
4630.0,0.0
7703.0,3072.0
9048.0,12845.0
7486.0,20811.0
3292.0,20268.0
901.0,8827.0
2188.0,0.0
3198.0,0.0
3659.0,0.0
2912.0,0.0
3269.0,0.0
4950.0,0.0
8093.0,0.0
9489.0,1725.0
7546.0,4590.0
3094.0,7639.0
979.0,6658.0
2281.0,4379.0
3255.0,2174.0
3608.0,1348.0
2692.0,12.0
2733.0,0.0
4464.0,0.0
7658.0,5679.0
9546.0,15970.0
8193.0,21824.0
4102.0,21409.0
1201.0,8172.0
2497.0,0.0
3395.0,0.0
3481.0,0.0
2320.0,0.0
2023.0,0.0
4049.0,0.0
7170.0,0.0
9458.0,0.0
8792.0,1710.0
5145.0,5487.0
1505.0,6792.0
2864.0,8021.0
3700.0,6424.0
3545.0,3956.0
2146.0,1382.0
1633.0,0.0
4176.0,0.0
7338.0,0.0
9492.0,7674.0
8542.0,16801.0
4883.0,21127.0
1559.0,15509.0
2998.0,1751.0
3871.0,0.0
3659.0,0.0
2128.0,0.0
2004.0,0.0
4597.0,0.0
7797.0,0.0
9432.0,1523.0
8042.0,5224.0
3564.0,8823.0
1288.0,8368.0
2665.0,5779.0
3704.0,2460.0
3790.0,228.0
2504.0,0.0
2594.0,0.0
4957.0,0.0
7913.0,4518.0
9266.0,14594.0
7423.0,22044.0
2858.0,20812.0
940.0,6903.0
2314.0,0.0
3443.0,0.0
3892.0,0.0
3121.0,0.0
3843.0,0.0
5576.0,0.0
8502.0,0.0
9176.0,1893.0
6665.0,4001.0
1939.0,5800.0
764.0,4411.0
2105.0,2500.0
3235.0,2372.0
3857.0,3192.0
3331.0,3124.0
4502.0,3628.0
6099.0,4239.0
9198.0,10693.0
9518.0,17363.0
6610.0,19419.0
1447.0,10633.0
977.0,0.0
2315.0,0.0
3337.0,0.0
3650.0,0.0
2664.0,0.0
3363.0,0.0
5335.0,0.0
8689.0,0.0
9962.0,3624.0
7781.0,11451.0
2692.0,14028.0
1564.0,11768.0
2962.0,3364.0
3899.0,1971.0
3658.0,0.0
2034.0,0.0
1789.0,0.0
4509.0,0.0
7734.0,0.0
9651.0,5172.0
8400.0,14122.0
4504.0,18711.0
1700.0,15034.0
3116.0,4136.0
4109.0,0.0
3777.0,0.0
2074.0,0.0
1566.0,0.0
4630.0,0.0
7821.0,0.0
9496.0,0.0
8266.0,8276.0
4052.0,12393.0
1667.0,13845.0
2999.0,8553.0
4086.0,1546.0
3817.0,0.0
2234.0,0.0
2358.0,0.0
5257.0,0.0
8577.0,418.0
9920.0,8450.0
7823.0,16813.0
2741.0,19086.0
1521.0,11937.0
2988.0,0.0
4017.0,0.0
3951.0,0.0
2367.0,0.0
2611.0,0.0
5303.0,0.0
8528.0,0.0
9441.0,3067.0
7267.0,10814.0
2282.0,13001.0
1185.0,10879.0
2643.0,2703.0
3810.0,0.0
4086.0,0.0
3199.0,0.0
4460.0,0.0
6918.0,900.0
9915.0,7993.0
9790.0,18568.0
6161.0,23620.0
603.0,16429.0
1129.0,1878.0
2503.0,0.0
3609.0,0.0
3914.0,0.0
2814.0,0.0
3829.0,0.0
6160.0,0.0
9522.0,0.0
10094.0,258.0
7216.0,7079.0
1402.0,8221.0
1345.0,9068.0
2755.0,4809.0
3798.0,2170.0
3854.0,652.0
2497.0,0.0
3235.0,0.0
5835.0,0.0
9201.0,7604.0
10125.0,18544.0
7744.0,24093.0
2438.0,21412.0
1730.0,4398.0
3170.0,0.0
4137.0,0.0
3784.0,0.0
1986.0,0.0
1980.0,0.0
5237.0,0.0
8522.0,0.0
10094.0,0.0
8202.0,1967.0
3570.0,5492.0
1909.0,7206.0
3337.0,8666.0
4293.0,7637.0
3749.0,4025.0
1906.0,0.0
1665.0,0.0
4963.0,0.0
8180.0,842.0
9794.0,10000.0
8279.0,18819.0
3928.0,21915.0
1942.0,13657.0
3391.0,1621.0
4401.0,0.0
3986.0,0.0
2074.0,0.0
2465.0,0.0
5818.0,0.0
9147.0,0.0
9891.0,1292.0
7427.0,6620.0
1932.0,8377.0
1480.0,8335.0
2908.0,4633.0
4042.0,1738.0
4047.0,0.0
2631.0,0.0
3665.0,0.0
6410.0,2678.0
9841.0,11461.0
10176.0,21751.0
7049.0,24314.0
1013.0,16550.0
1350.0,1400.0
2793.0,0.0
3921.0,0.0
4038.0,0.0
2706.0,0.0
3941.0,0.0
6440.0,0.0
9869.0,0.0
10274.0,478.0
7303.0,5445.0
1130.0,6275.0
1404.0,6976.0
2847.0,4458.0
3940.0,2323.0
3958.0,1382.0
2602.0,1242.0
3823.0,1780.0
6318.0,4390.0
9779.0,11532.0
10523.0,21115.0
7872.0,24682.0
2036.0,15311.0
1719.0,2846.0
3141.0,0.0
4050.0,0.0
3741.0,0.0
2098.0,0.0
2186.0,0.0
4968.0,0.0
8446.0,0.0
10210.0,0.0
8766.0,832.0
4385.0,5217.0
2041.0,7073.0
3483.0,9859.0
4406.0,9228.0
3874.0,5844.0
2012.0,300.0
1785.0,0.0
5095.0,0.0
8546.0,334.0
10273.0,8124.0
8597.0,17261.0
4119.0,21051.0
1913.0,14630.0
3449.0,3858.0
4425.0,554.0
3988.0,0.0
2072.0,0.0
2082.0,0.0
5316.0,0.0
8649.0,0.0
10199.0,334.0
8351.0,6157.0
3488.0,9610.0
1652.0,10703.0
3134.0,7720.0
4289.0,2429.0
4146.0,0.0
2536.0,0.0
2960.0,0.0
6017.0,0.0
9315.0,6632.0
10243.0,16674.0
7678.0,22270.0
2267.0,20297.0
1426.0,4809.0
2896.0,390.0
4090.0,0.0
4134.0,0.0
2780.0,0.0
3878.0,0.0
6627.0,0.0
10029.0,0.0
10516.0,2928.0
7430.0,9853.0
1133.0,10706.0
1419.0,8972.0
2856.0,2242.0
3933.0,0.0
3981.0,0.0
2634.0,0.0
3614.0,0.0
6333.0,3744.0
10000.0,10738.0
10912.0,19755.0
8048.0,22841.0
2087.0,17455.0
1864.0,4688.0
3285.0,603.0
4244.0,0.0
3847.0,0.0
2118.0,0.0
2156.0,0.0
5263.0,0.0
8876.0,0.0
10574.0,0.0
9136.0,3631.0
4430.0,8066.0
2285.0,10186.0
3741.0,10456.0
4582.0,7212.0
3800.0,4488.0
1754.0,48.0
1589.0,0.0
5152.0,0.0
8752.0,0.0
10664.0,7144.0
9224.0,15777.0
4546.0,20343.0
2058.0,15052.0
3594.0,4402.0
4545.0,2228.0
4032.0,0.0
1942.0,0.0
1339.0,0.0
4863.0,0.0
8322.0,0.0
10584.0,99.0
9252.0,6018.0
5161.0,11289.0
2111.0,13106.0
3635.0,10798.0
4635.0,4224.0
4015.0,0.0
1946.0,0.0
1626.0,0.0
5199.0,0.0
8645.0,1004.0
10393.0,8538.0
8666.0,16636.0
4003.0,19635.0
1898.0,12795.0
3416.0,4010.0
4540.0,2283.0
4205.0,0.0
2289.0,0.0
2835.0,0.0
6248.0,0.0
9999.0,0.0
11015.0,2900.0
8369.0,10757.0
2354.0,12921.0
1954.0,11790.0
3481.0,4649.0
4626.0,1004.0
4241.0,0.0
2305.0,0.0
2333.0,0.0
5830.0,0.0
9488.0,5040.0
10958.0,13786.0
8664.0,21289.0
3229.0,20974.0
1856.0,8864.0
3386.0,2905.0
4469.0,0.0
4194.0,0.0
2323.0,0.0
2118.0,0.0
5354.0,0.0
9012.0,0.0
10756.0,1647.0
9115.0,5884.0
4330.0,10194.0
2057.0,10414.0
3590.0,8275.0
4620.0,5098.0
4036.0,3430.0
2018.0,0.0
1682.0,0.0
5262.0,0.0
8889.0,682.0
10812.0,8482.0
9096.0,17394.0
4535.0,21237.0
2192.0,14767.0
3815.0,4462.0
4785.0,2081.0
4129.0,0.0
1898.0,0.0
1983.0,0.0
5507.0,0.0
9020.0,0.0
10566.0,467.0
8638.0,5617.0
3482.0,8989.0
1763.0,10045.0
3371.0,7909.0
4549.0,3634.0
4406.0,1466.0
2592.0,0.0
3279.0,0.0
6522.0,0.0
10149.0,6742.0
10623.0,17921.0
7662.0,23850.0
1220.0,20131.0
1386.0,3521.0
3033.0,0.0
4400.0,0.0
4676.0,0.0
3694.0,0.0
5136.0,0.0
8147.0,0.0
11301.0,819.0
10593.0,7409.0
5981.0,13650.0
116.0,12517.0
1007.0,5810.0
2597.0,0.0
4014.0,0.0
4579.0,0.0
3740.0,0.0
5290.0,0.0
7560.0,3594.0
11312.0,12545.0
11258.0,22683.0
7354.0,25327.0
190.0,16038.0
1209.0,2145.0
2742.0,0.0
4073.0,0.0
4463.0,0.0
3317.0,0.0
4268.0,0.0
6742.0,0.0
10456.0,0.0
11130.0,1819.0
8200.0,6860.0
1816.0,8381.0
1425.0,7722.0
3018.0,3985.0
4348.0,2716.0
4507.0,2360.0
3103.0,1668.0
3775.0,1316.0
6491.0,3112.0
10325.0,9077.0
11238.0,19904.0
8459.0,25531.0
2286.0,18735.0
1505.0,4204.0
3134.0,0.0
4417.0,0.0
4508.0,0.0
2964.0,0.0
3377.0,0.0
6269.0,0.0
9877.0,0.0
10992.0,0.0
8593.0,6457.0
2739.0,9031.0
1486.0,10207.0
3109.0,6814.0
4514.0,2227.0
4669.0,0.0
3222.0,0.0
4103.0,0.0
7226.0,3244.0
11034.0,12673.0
11540.0,23815.0
8227.0,27071.0
1345.0,19163.0
1496.0,2706.0
3104.0,0.0
4476.0,0.0
4642.0,0.0
3131.0,0.0
3733.0,0.0
6805.0,0.0
10580.0,0.0
11355.0,0.0
8247.0,4197.0
1589.0,5551.0
1244.0,6485.0
2900.0,5148.0
4312.0,3914.0
4748.0,3072.0
3471.0,2852.0
4355.0,3016.0
6964.0,4462.0
10785.0,11991.0
11287.0,21212.0
8173.0,25155.0
1107.0,14219.0
1009.0,1108.0
2605.0,0.0
4040.0,0.0
4675.0,0.0
3765.0,0.0
5175.0,0.0
7397.0,0.0
11340.0,0.0
11649.0,4185.0
7897.0,12542.0
652.0,12834.0
1079.0,9393.0
2657.0,2157.0
4005.0,732.0
4540.0,0.0
3539.0,0.0
4590.0,0.0
6744.0,0.0
10575.0,7610.0
11490.0,20055.0
8665.0,28125.0
2277.0,23702.0
1380.0,4712.0
2976.0,0.0
4261.0,0.0
4507.0,0.0
3130.0,0.0
3766.0,0.0
6445.0,0.0
10268.0,0.0
11515.0,0.0
9006.0,4487.0
3079.0,7426.0
1582.0,8713.0
3202.0,7443.0
4488.0,4580.0
4568.0,1662.0
2974.0,0.0
3424.0,0.0
6316.0,2078.0
10105.0,9328.0
11300.0,20764.0
8847.0,25128.0
3094.0,21754.0
1503.0,5091.0
3165.0,349.0
4441.0,0.0
4564.0,0.0
3088.0,0.0
4063.0,0.0
6941.0,0.0
10788.0,0.0
11616.0,1660.0
8527.0,7759.0
2007.0,9576.0
1677.0,9303.0
3363.0,4872.0
4675.0,1920.0
4621.0,430.0
2908.0,0.0
4195.0,0.0
7448.0,4412.0
11297.0,13050.0
11697.0,23407.0
8035.0,26569.0
982.0,17542.0
1634.0,3544.0
3317.0,0.0
4711.0,0.0
4826.0,0.0
3398.0,0.0
4980.0,0.0
8127.0,0.0
11995.0,0.0
11623.0,2469.0
7336.0,8932.0
265.0,8812.0
1322.0,7355.0
2939.0,1464.0
4306.0,370.0
4628.0,0.0
3324.0,458.0
4449.0,3014.0
7098.0,7584.0
11005.0,16798.0
11648.0,24827.0
8348.0,27661.0
1444.0,12022.0
1438.0,2389.0
3088.0,0.0
4393.0,0.0
4563.0,0.0
3125.0,0.0
4071.0,0.0
6983.0,0.0
10820.0,0.0
11905.0,0.0
8878.0,4762.0
2538.0,7120.0
1936.0,8801.0
3592.0,7676.0
4908.0,5554.0
4652.0,2526.0
2824.0,678.0
3543.0,0.0
7073.0,1162.0
10989.0,8360.0
11862.0,21202.0
8787.0,26618.0
2234.0,22991.0
1857.0,4846.0
3555.0,0.0
4892.0,0.0
4739.0,0.0
2861.0,0.0
3603.0,0.0
7068.0,0.0
10972.0,0.0
11801.0,641.0
8663.0,7715.0
2006.0,9456.0
1672.0,10192.0
3373.0,5840.0
4759.0,1262.0
4845.0,0.0
3164.0,0.0
4307.0,0.0
7515.0,4030.0
11476.0,14366.0
11963.0,25453.0
8364.0,28730.0
1133.0,18665.0
1499.0,2105.0
3173.0,0.0
4602.0,0.0
4828.0,0.0
3386.0,0.0
4547.0,0.0
7514.0,0.0
11463.0,0.0
11877.0,0.0
8320.0,5381.0
1147.0,6203.0
1354.0,7257.0
3070.0,4936.0
4477.0,3255.0
4848.0,2118.0
3637.0,2514.0
5179.0,3968.0
7932.0,7024.0
12042.0,16103.0
12408.0,25538.0
8508.0,26967.0
764.0,11763.0
1429.0,1130.0
3145.0,0.0
4443.0,0.0
4691.0,0.0
3262.0,0.0
4038.0,0.0
6919.0,0.0
11065.0,0.0
12264.0,0.0
9482.0,7423.0
2879.0,10107.0
1723.0,11545.0
3448.0,7625.0
4696.0,2504.0
4611.0,0.0
2900.0,0.0
2891.0,0.0
6071.0,0.0
10197.0,6732.0
12204.0,19204.0
10225.0,26893.0
4670.0,28017.0
2009.0,10542.0
3749.0,1063.0
4967.0,0.0
4698.0,0.0
2665.0,0.0
2311.0,0.0
5793.0,0.0
9733.0,0.0
11969.0,0.0
10274.0,942.0
5136.0,5712.0
2013.0,7460.0
3810.0,10363.0
5034.0,9735.0
4794.0,6804.0
2712.0,2384.0
2824.0,0.0
6254.0,0.0
10342.0,1028.0
11978.0,11628.0
9763.0,22041.0
3836.0,24784.0
1752.0,14608.0
3471.0,2032.0
4889.0,0.0
4850.0,0.0
3167.0,0.0
3401.0,0.0
6801.0,0.0
10890.0,0.0
12238.0,2089.0
9421.0,10671.0
3051.0,13577.0
1709.0,12912.0
3476.0,5737.0
4874.0,138.0
4884.0,0.0
3184.0,0.0
3817.0,0.0
7124.0,574.0
11245.0,8556.0
12418.0,20844.0
9268.0,26475.0
2311.0,23628.0
1604.0,4832.0
3308.0,0.0
4610.0,0.0
4800.0,0.0
3256.0,0.0
3680.0,0.0
6764.0,0.0
10906.0,0.0
12517.0,2401.0
9861.0,9325.0
3524.0,12704.0
1919.0,11952.0
3632.0,6359.0
4817.0,2174.0
4677.0,0.0
2803.0,0.0
2725.0,0.0
6171.0,206.0
10428.0,7436.0
12592.0,17098.0
10607.0,24261.0
4947.0,25645.0
2335.0,10652.0
4068.0,4625.0
5180.0,273.0
4585.0,0.0
2390.0,0.0
1701.0,0.0
5712.0,0.0
9892.0,0.0
12522.0,0.0
11107.0,3115.0
6117.0,8990.0
2553.0,11318.0
4377.0,12695.0
5439.0,9339.0
4677.0,6166.0
2130.0,650.0
1388.0,0.0
5440.0,0.0
9625.0,0.0
12279.0,5560.0
10943.0,15558.0
5848.0,21496.0
2028.0,17689.0
3870.0,6066.0
5203.0,2497.0
4972.0,0.0
2923.0,0.0
2303.0,0.0
6083.0,0.0
10226.0,0.0
12369.0,2037.0
10350.0,13077.0
4692.0,17779.0
1848.0,17300.0
3642.0,7905.0
5068.0,0.0
5053.0,0.0
3199.0,0.0
3008.0,0.0
6599.0,0.0
10695.0,558.0
12535.0,10783.0
10036.0,21439.0
3928.0,24714.0
1694.0,15340.0
3488.0,2866.0
4894.0,0.0
4988.0,0.0
3354.0,0.0
3749.0,0.0
7089.0,0.0
11315.0,0.0
12813.0,3202.0
10050.0,13216.0
3337.0,16368.0
1932.0,14848.0
3723.0,5475.0
5020.0,0.0
4870.0,0.0
2929.0,0.0
2695.0,0.0
6302.0,0.0
10578.0,4186.0
12785.0,13538.0
10830.0,24261.0
5099.0,25871.0
2315.0,14423.0
4124.0,4954.0
5341.0,1101.0
4850.0,0.0
2466.0,0.0
1591.0,0.0
5699.0,0.0
9827.0,0.0
12531.0,0.0
11110.0,2930.0
6176.0,8008.0
2443.0,10211.0
4276.0,11687.0
5547.0,9531.0
4940.0,7252.0
2503.0,2886.0
1853.0,0.0
6036.0,0.0
10263.0,0.0
12583.0,5726.0
10820.0,16937.0
5432.0,22414.0
2272.0,18685.0
4147.0,5990.0
5561.0,1486.0
5149.0,0.0
2838.0,0.0
2926.0,0.0
7149.0,0.0
11371.0,0.0
12614.0,4943.0
9697.0,15225.0
2988.0,18028.0
1919.0,14719.0
3755.0,3279.0
5187.0,0.0
5140.0,0.0
3257.0,0.0
4058.0,0.0
7743.0,0.0
12006.0,3594.0
12825.0,17474.0
9167.0,27156.0
1669.0,24916.0
1868.0,9015.0
3662.0,0.0
5198.0,0.0
5157.0,0.0
3334.0,0.0
4503.0,0.0
8111.0,0.0
12374.0,0.0
12980.0,3422.0
9265.0,13177.0
1566.0,14383.0
1929.0,12615.0
3708.0,3261.0
5177.0,0.0
5066.0,0.0
3266.0,0.0
4116.0,0.0
7772.0,124.0
12029.0,9513.0
12878.0,23396.0
9605.0,29951.0
2497.0,26071.0
2145.0,4555.0
4002.0,0.0
5345.0,0.0
5045.0,0.0
2882.0,0.0
3566.0,0.0
7548.0,0.0
11881.0,0.0
13012.0,0.0
9892.0,7856.0
2871.0,10457.0
2307.0,12499.0
4230.0,9008.0
5556.0,4362.0
5082.0,0.0
2652.0,0.0
3090.0,0.0
7299.0,0.0
11629.0,7738.0
12857.0,20802.0
9774.0,28335.0
3037.0,26245.0
2238.0,7401.0
4152.0,234.0
5567.0,0.0
5264.0,0.0
2960.0,0.0
3784.0,0.0
7879.0,0.0
12156.0,0.0
12881.0,2160.0
9427.0,10006.0
2078.0,11779.0
2065.0,11389.0
3919.0,5357.0
5403.0,2000.0
5270.0,0.0
3259.0,0.0
4526.0,0.0
8340.0,3354.0
12741.0,13486.0
12854.0,26670.0
8684.0,29979.0
525.0,19789.0
1725.0,3000.0
3621.0,0.0
5242.0,0.0
5443.0,0.0
4287.0,0.0
5943.0,0.0
9470.0,0.0
13288.0,0.0
12626.0,3389.0
7518.0,10069.0
245.0,9819.0
1541.0,7636.0
3389.0,1884.0
4998.0,1290.0
5395.0,736.0
4390.0,1856.0
6215.0,4726.0
9360.0,10158.0
13427.0,21095.0
12916.0,29097.0
7988.0,28500.0
324.0,7475.0
1613.0,639.0
3494.0,0.0
5087.0,0.0
5286.0,0.0
3649.0,0.0
5251.0,0.0
8644.0,0.0
13161.0,0.0
13478.0,1371.0
9199.0,11045.0
797.0,11392.0
1811.0,11497.0
3638.0,4160.0
5200.0,0.0
5267.0,0.0
3516.0,0.0
4455.0,0.0
8035.0,3630.0
12488.0,15177.0
13264.0,28641.0
9733.0,32436.0
2170.0,22862.0
1962.0,2737.0
3876.0,0.0
5386.0,0.0
5314.0,0.0
3283.0,0.0
4124.0,0.0
7807.0,0.0
12359.0,0.0
13294.0,0.0
9983.0,4139.0
2441.0,6310.0
2007.0,7982.0
3936.0,7739.0
5522.0,6916.0
5432.0,3981.0
3479.0,1550.0
4320.0,170.0
8318.0,2500.0
12677.0,12119.0
13401.0,26495.0
9569.0,32128.0
1603.0,23308.0
1757.0,2899.0
3662.0,0.0
5319.0,0.0
5485.0,0.0
3749.0,0.0
4909.0,0.0
8456.0,0.0
13053.0,0.0
13425.0,0.0
9367.0,8050.0
1031.0,8701.0
1627.0,9978.0
3466.0,5369.0
5157.0,1815.0
5531.0,0.0
4009.0,0.0
5475.0,1968.0
8920.0,7892.0
13555.0,21388.0
13721.0,30380.0
9360.0,33195.0
461.0,14927.0
1621.0,758.0
3526.0,0.0
5127.0,0.0
5468.0,0.0
3817.0,0.0
5131.0,0.0
8420.0,0.0
12957.0,0.0
13773.0,0.0
9965.0,5957.0
1995.0,7627.0
1872.0,9164.0
3849.0,7111.0
5328.0,4937.0
5376.0,2350.0
3354.0,1360.0
3758.0,556.0
7532.0,3080.0
12153.0,10873.0
13749.0,25186.0
10721.0,31318.0
3481.0,25895.0
2155.0,5871.0
4126.0,0.0
5655.0,0.0
5456.0,0.0
3211.0,0.0
3174.0,0.0
7188.0,0.0
11592.0,0.0
13397.0,0.0
10800.0,4619.0
4122.0,8621.0
1978.0,10269.0
3976.0,9646.0
5611.0,6711.0
5589.0,1751.0
3548.0,0.0
3658.0,0.0
7615.0,102.0
12118.0,9627.0
13543.0,24310.0
10499.0,31669.0
3220.0,28785.0
1792.0,5907.0
3757.0,0.0
5492.0,0.0
5704.0,0.0
3957.0,0.0
4405.0,0.0
8084.0,0.0
12541.0,0.0
13516.0,0.0
10016.0,7678.0
2153.0,9546.0
1503.0,10674.0
3411.0,6372.0
5169.0,1985.0
5733.0,0.0
4320.0,0.0
5715.0,1130.0
8979.0,7034.0
13564.0,20425.0
13853.0,30744.0
9479.0,33735.0
644.0,17062.0
1364.0,693.0
3314.0,0.0
5019.0,0.0
5608.0,0.0
4307.0,0.0
5830.0,0.0
8856.0,0.0
13549.0,0.0
13956.0,41.0
9772.0,6898.0
1260.0,7728.0
1698.0,9025.0
3639.0,5811.0
5206.0,3479.0
5467.0,1782.0
3817.0,2066.0
5045.0,3242.0
8415.0,6900.0
13042.0,16017.0
13930.0,27855.0
10206.0,31761.0
2461.0,17905.0
2029.0,3783.0
4012.0,0.0
5504.0,0.0
5479.0,0.0
3453.0,0.0
4493.0,0.0
8184.0,0.0
12943.0,0.0
14142.0,0.0
10705.0,8080.0
3001.0,10841.0
2302.0,12813.0
4276.0,9039.0
5724.0,4052.0
5378.0,0.0
3094.0,0.0
3658.0,0.0
7743.0,512.0
12385.0,9412.0
13817.0,24063.0
10724.0,31290.0
3600.0,29008.0
2423.0,7058.0
4427.0,55.0
5867.0,0.0
5394.0,0.0
2956.0,0.0
3645.0,0.0
7937.0,0.0
12655.0,0.0
13866.0,0.0
10675.0,7659.0
3281.0,10760.0
2478.0,12943.0
4491.0,9790.0
5933.0,4983.0
5498.0,434.0
3068.0,0.0
4067.0,0.0
8558.0,1346.0
13326.0,11006.0
14098.0,25393.0
10260.0,30848.0
2168.0,25819.0
2455.0,5783.0
4477.0,106.0
5879.0,0.0
5491.0,0.0
3075.0,0.0
4424.0,0.0
8753.0,0.0
13484.0,0.0
14119.0,2548.0
9957.0,10334.0
1661.0,11640.0
2321.0,11103.0
4322.0,5176.0
5765.0,2630.0
5484.0,854.0
3181.0,0.0
4692.0,0.0
8933.0,4612.0
13676.0,14428.0
14235.0,27789.0
10046.0,31675.0
1758.0,22693.0
2462.0,5603.0
4514.0,0.0
5880.0,0.0
5401.0,0.0
2834.0,0.0
4018.0,0.0
8310.0,0.0
12927.0,0.0
14053.0,685.0
10559.0,6251.0
2941.0,8902.0
2620.0,10572.0
4621.0,9107.0
6071.0,6501.0
5455.0,5514.0
2790.0,2552.0
3645.0,0.0
8340.0,0.0
13036.0,4954.0
14068.0,19254.0
10530.0,30369.0
2767.0,27867.0
2699.0,11047.0
4742.0,451.0
6225.0,0.0
5542.0,0.0
2771.0,0.0
3922.0,0.0
8707.0,0.0
13318.0,0.0
14113.0,1915.0
10162.0,11495.0
2225.0,13360.0
2525.0,13690.0
4508.0,6833.0
6102.0,1670.0
5605.0,0.0
3155.0,0.0
4754.0,0.0
9239.0,2210.0
13961.0,13181.0
14114.0,28430.0
9726.0,32674.0
797.0,23602.0
2299.0,3914.0
4342.0,0.0
5979.0,0.0
5714.0,0.0
3384.0,0.0
5199.0,0.0
9626.0,0.0
14516.0,0.0
14505.0,2617.0
9698.0,10844.0
576.0,10915.0
2361.0,10364.0
4404.0,4074.0
5929.0,2588.0
5623.0,958.0
3307.0,114.0
4633.0,118.0
9077.0,5096.0
13995.0,16645.0
14692.0,29994.0
10484.0,34045.0
1853.0,23135.0
2588.0,4158.0
4643.0,0.0
6138.0,0.0
5548.0,0.0
2903.0,0.0
3468.0,0.0
8375.0,0.0
13238.0,0.0
14780.0,0.0
11302.0,5256.0
3731.0,8752.0
2904.0,11396.0
4992.0,11347.0
6210.0,9025.0
5349.0,3902.0
2404.0,0.0
2684.0,0.0
7467.0,0.0
12345.0,4326.0
14527.0,17536.0
11965.0,30211.0
5554.0,31389.0
3077.0,16680.0
5162.0,3195.0
6285.0,0.0
5299.0,0.0
2260.0,0.0
2549.0,0.0
7172.0,0.0
12021.0,0.0
14184.0,0.0
11785.0,2469.0
5050.0,7292.0
2616.0,9613.0
4728.0,12002.0
6291.0,11116.0
5835.0,8230.0
3165.0,3652.0
3442.0,0.0
8289.0,0.0
13077.0,54.0
14484.0,14500.0
11030.0,26165.0
3338.0,29204.0
2408.0,16807.0
4550.0,466.0
6247.0,0.0
5987.0,0.0
3633.0,0.0
4799.0,0.0
9225.0,0.0
14094.0,0.0
14392.0,7307.0
9858.0,17670.0
814.0,17974.0
1776.0,12078.0
3900.0,48.0
5675.0,0.0
5942.0,0.0
4519.0,0.0
6501.0,0.0
10113.0,1164.0
14724.0,15062.0
14278.0,30430.0
9055.0,35414.0
306.0,23390.0
1748.0,793.0
3836.0,0.0
5555.0,0.0
5901.0,0.0
4276.0,0.0
6303.0,0.0
9814.0,0.0
14669.0,0.0
14726.0,1564.0
9816.0,10597.0
584.0,10641.0
2044.0,10806.0
4156.0,4545.0
5841.0,1210.0
5858.0,0.0
3883.0,0.0
5726.0,1464.0
9663.0,7666.0
14465.0,22069.0
14688.0,33177.0
10216.0,36110.0
1172.0,18141.0
2351.0,736.0
4463.0,0.0
6143.0,0.0
5880.0,0.0
3727.0,0.0
5634.0,0.0
10064.0,0.0
14726.0,0.0
14612.0,752.0
9476.0,7778.0
589.0,7817.0
2357.0,9077.0
4478.0,5857.0
6199.0,4374.0
5969.0,2808.0
4193.0,2486.0
5830.0,2468.0
10410.0,6625.0
14761.0,20245.0
14381.0,33363.0
8751.0,34866.0
371.0,15570.0
2161.0,0.0
4330.0,0.0
6143.0,0.0
6133.0,0.0
4953.0,0.0
6599.0,0.0
11062.0,0.0
15017.0,0.0
13942.0,2411.0
7876.0,10687.0
321.0,10498.0
2057.0,9774.0
4187.0,3264.0
6050.0,725.0
6162.0,0.0
5534.0,0.0
7207.0,2986.0
11362.0,13498.0
14880.0,29753.0
13453.0,36585.0
7088.0,35090.0
251.0,5148.0
1788.0,0.0
3900.0,0.0
5806.0,0.0
6169.0,0.0
6169.0,0.0
8076.0,0.0
11903.0,0.0
15232.0,0.0
13468.0,1261.0
6543.0,8009.0
294.0,7733.0
1762.0,7839.0
3901.0,3751.0
5725.0,2805.0
6096.0,1456.0
5346.0,748.0
7237.0,5466.0
11018.0,13759.0
15119.0,29520.0
14330.0,36023.0
8354.0,33600.0
393.0,6923.0
2108.0,0.0
4172.0,0.0
5909.0,0.0
5928.0,0.0
4026.0,0.0
6029.0,0.0
10272.0,0.0
15009.0,0.0
14920.0,0.0
9671.0,6975.0
478.0,6913.0
2429.0,8982.0
4580.0,6562.0
6246.0,5860.0
5962.0,2350.0
3732.0,854.0
5459.0,1120.0
10072.0,6290.0
14758.0,20440.0
14702.0,33861.0
9697.0,37190.0
691.0,18910.0
2440.0,328.0
4690.0,0.0
6404.0,0.0
6106.0,0.0
4417.0,0.0
6259.0,0.0
10990.0,0.0
15148.0,0.0
14117.0,1720.0
8054.0,7921.0
366.0,7767.0
2258.0,7930.0
4418.0,4247.0
6278.0,3366.0
6291.0,3170.0
5881.0,4042.0
7644.0,5476.0
12009.0,14230.0
15369.0,27007.0
13589.0,34588.0
6682.0,28982.0
319.0,2938.0
1949.0,0.0
4100.0,0.0
5965.0,0.0
6200.0,0.0
5807.0,0.0
7859.0,0.0
11832.0,0.0
15574.0,0.0
14024.0,8891.0
7203.0,16379.0
372.0,16221.0
1981.0,8931.0
4198.0,2980.0
6016.0,2754.0
6225.0,1124.0
5215.0,0.0
7367.0,0.0
11431.0,1223.0
15560.0,16139.0
14557.0,31861.0
8274.0,37765.0
420.0,22988.0
2060.0,0.0
4205.0,0.0
5945.0,0.0
6039.0,0.0
4203.0,0.0
6300.0,0.0
10277.0,0.0
15280.0,0.0
15213.0,1030.0
9950.0,10541.0
710.0,10706.0
2361.0,11672.0
4611.0,5762.0
6327.0,3370.0
6114.0,1195.0
3959.0,0.0
5805.0,0.0
10280.0,4686.0
15025.0,19857.0
14850.0,34366.0
9840.0,37805.0
893.0,22097.0
2335.0,193.0
4588.0,0.0
6383.0,0.0
6286.0,0.0
4821.0,0.0
6694.0,0.0
11163.0,0.0
15337.0,0.0
14211.0,2541.0
8199.0,8258.0
353.0,8076.0
2138.0,7278.0
4391.0,3276.0
6273.0,3408.0
6403.0,3682.0
6192.0,4844.0
7944.0,6298.0
12201.0,14889.0
15405.0,26890.0
13430.0,33516.0
6173.0,26596.0
220.0,1717.0
1730.0,0.0
3920.0,0.0
5920.0,0.0
6374.0,0.0
6657.0,0.0
8662.0,0.0
12596.0,0.0
15803.0,1332.0
13713.0,13332.0
6287.0,19814.0
293.0,18235.0
1893.0,6396.0
4098.0,1192.0
5968.0,118.0
6313.0,0.0
6091.0,0.0
8144.0,1836.0
12069.0,6299.0
15828.0,18812.0
14278.0,30114.0
7521.0,33906.0
428.0,16208.0
2193.0,0.0
4362.0,0.0
6136.0,0.0
6187.0,0.0
4931.0,0.0
7257.0,0.0
11513.0,0.0
15866.0,0.0
14917.0,8501.0
8834.0,17745.0
578.0,17773.0
2567.0,11474.0
4814.0,3253.0
6450.0,2112.0
6088.0,0.0
3850.0,0.0
6029.0,0.0
10812.0,438.0
15736.0,12226.0
15467.0,28973.0
9866.0,37977.0
928.0,27113.0
2863.0,2658.0
5128.0,0.0
6722.0,0.0
6055.0,0.0
3600.0,0.0
5524.0,0.0
10604.0,0.0
15369.0,0.0
15182.0,1726.0
9824.0,11968.0
1095.0,12593.0
2944.0,13481.0
5233.0,6606.0
6886.0,3252.0
6204.0,99.0
4306.0,0.0
6282.0,0.0
11323.0,3778.0
15582.0,20518.0
14584.0,35953.0
8350.0,38515.0
473.0,20719.0
2462.0,0.0
4757.0,0.0
6537.0,0.0
6337.0,0.0
5299.0,0.0
7130.0,0.0
12037.0,0.0
15782.0,0.0
14384.0,2737.0
7622.0,8369.0
455.0,8274.0
2445.0,7632.0
4713.0,3951.0
6436.0,3992.0
6295.0,3930.0
5345.0,4038.0
7478.0,4384.0
12306.0,12067.0
16100.0,25619.0
14479.0,35512.0
7427.0,32479.0
512.0,6792.0
2563.0,0.0
4837.0,0.0
6599.0,0.0
6283.0,0.0
4891.0,0.0
7058.0,0.0
11921.0,0.0
16232.0,0.0
14938.0,7691.0
8424.0,16420.0
577.0,16407.0
2733.0,11139.0
5040.0,3767.0
6686.0,3241.0
6251.0,820.0
4079.0,0.0
6321.0,0.0
11467.0,0.0
16152.0,14841.0
15497.0,31538.0
9425.0,39260.0
650.0,26577.0
2954.0,0.0
5252.0,0.0
6834.0,0.0
6100.0,0.0
3407.0,0.0
5359.0,0.0
10754.0,0.0
15788.0,0.0
15863.0,1778.0
10465.0,12798.0
1495.0,13803.0
3167.0,14887.0
5501.0,7610.0
6930.0,1378.0
6115.0,0.0
3203.0,0.0
5283.0,0.0
10480.0,852.0
15526.0,16519.0
15608.0,33387.0
10596.0,39336.0
1699.0,28421.0
3023.0,498.0
5357.0,0.0
6936.0,0.0
6250.0,0.0
3709.0,0.0
5543.0,0.0
10897.0,0.0
15720.0,0.0
15578.0,1817.0
9973.0,10315.0
1269.0,11064.0
2846.0,11763.0
5117.0,6580.0
6801.0,2744.0
6232.0,0.0
3876.0,0.0
5608.0,0.0
10885.0,5426.0
15778.0,22659.0
15686.0,38361.0
10210.0,39635.0
1346.0,23046.0
2893.0,0.0
5215.0,0.0
6849.0,0.0
6272.0,0.0
3710.0,0.0
5275.0,0.0
10622.0,0.0
15836.0,0.0
15942.0,0.0
10691.0,5819.0
1554.0,6858.0
2935.0,9488.0
5293.0,9147.0
6925.0,9364.0
6294.0,5745.0
3573.0,2588.0
5230.0,0.0
10733.0,1180.0
15955.0,13602.0
16275.0,31142.0
10985.0,39085.0
1751.0,29131.0
3124.0,1667.0
5443.0,0.0
6957.0,0.0
6215.0,0.0
3161.0,0.0
4639.0,0.0
9997.0,0.0
15329.0,0.0
16156.0,707.0
11689.0,11366.0
2572.0,13523.0
3127.0,15648.0
5422.0,9869.0
7014.0,3495.0
6266.0,0.0
3421.0,0.0
4781.0,0.0
10098.0,0.0
15234.0,12978.0
15776.0,29989.0
11115.0,38633.0
2459.0,30745.0
2953.0,3399.0
5347.0,0.0
7025.0,0.0
6403.0,0.0
3951.0,0.0
5638.0,0.0
11085.0,0.0
15862.0,0.0
15616.0,2997.0
9908.0,12362.0
1286.0,13103.0
2837.0,12613.0
5225.0,5616.0
7061.0,2132.0
6561.0,0.0
4679.0,0.0
6670.0,0.0
12000.0,7073.0
16491.0,24999.0
15437.0,39446.0
8880.0,39866.0
465.0,18639.0
2558.0,0.0
4943.0,0.0
6842.0,0.0
6711.0,0.0
5501.0,0.0
7535.0,0.0
12437.0,0.0
16598.0,0.0
15279.0,1258.0
8255.0,8042.0
436.0,7843.0
2356.0,8576.0
4705.0,5384.0
6582.0,4323.0
6596.0,2008.0
5449.0,2212.0
7494.0,3662.0
12104.0,13600.0
16593.0,29326.0
15471.0,40145.0
8852.0,37907.0
472.0,8423.0
2441.0,0.0
4796.0,0.0
6679.0,0.0
6566.0,0.0
4991.0,0.0
7110.0,0.0
11936.0,0.0
16530.0,0.0
15700.0,166.0
9438.0,8975.0
526.0,8876.0
2634.0,10974.0
5019.0,7123.0
6842.0,5214.0
6626.0,1181.0
5034.0,0.0
6989.0,722.0
11910.0,9176.0
16391.0,27017.0
15568.0,38926.0
9206.0,40439.0
504.0,16360.0
2624.0,0.0
5069.0,0.0
6929.0,0.0
6693.0,0.0
5212.0,0.0
7243.0,0.0
12418.0,0.0
16799.0,0.0
15523.0,2078.0
8538.0,8478.0
456.0,8319.0
2682.0,8543.0
5010.0,5020.0
6942.0,3978.0
6663.0,3246.0
4909.0,2474.0
7023.0,2222.0
12111.0,11412.0
16702.0,27200.0
15446.0,39473.0
8842.0,39504.0
425.0,12144.0
2504.0,0.0
4892.0,0.0
6819.0,0.0
6748.0,0.0
5599.0,0.0
7651.0,0.0
12706.0,0.0
17010.0,0.0
15625.0,972.0
8473.0,9795.0
487.0,9692.0
2533.0,10868.0
4915.0,5978.0
6858.0,3114.0
6701.0,721.0
5080.0,0.0
7366.0,1056.0
12240.0,11685.0
17016.0,30286.0
15963.0,40915.0
9475.0,41245.0
506.0,14303.0
2546.0,0.0
4922.0,0.0
6744.0,0.0
6601.0,0.0
4654.0,0.0
6546.0,0.0
11370.0,0.0
16570.0,0.0
16476.0,0.0
10768.0,5737.0
1495.0,6712.0
2866.0,9208.0
5236.0,8712.0
6959.0,8929.0
6538.0,5694.0
4141.0,1862.0
5571.0,0.0
10820.0,2148.0
15988.0,16562.0
16412.0,34284.0
11431.0,41148.0
2778.0,30008.0
3248.0,201.0
5666.0,0.0
7341.0,0.0
6547.0,0.0
3901.0,0.0
5380.0,0.0
11087.0,0.0
16038.0,0.0
16301.0,2440.0
10960.0,11501.0
2574.0,13675.0
3167.0,14047.0
5597.0,8143.0
7365.0,3006.0
6613.0,0.0
4161.0,0.0
5744.0,0.0
11385.0,2025.0
16191.0,19726.0
15909.0,36920.0
10092.0,41264.0
1886.0,27162.0
2798.0,0.0
5261.0,0.0
7093.0,0.0
6788.0,0.0
4913.0,0.0
7147.0,0.0
12269.0,0.0
16998.0,0.0
16042.0,1405.0
9305.0,11085.0
613.0,11113.0
2645.0,11978.0
5090.0,6023.0
6988.0,1928.0
6821.0,0.0
5535.0,0.0
7828.0,658.0
12719.0,12767.0
17238.0,31520.0
15954.0,41630.0
8870.0,41205.0
566.0,12950.0
2507.0,0.0
4913.0,0.0
6744.0,0.0
6688.0,0.0
4982.0,0.0
7417.0,0.0
12159.0,0.0
17195.0,0.0
16572.0,384.0
10201.0,7198.0
856.0,7434.0
2802.0,9492.0
5274.0,7703.0
7005.0,7434.0
6612.0,4119.0
4360.0,2778.0
6382.0,1842.0
11456.0,5230.0
16620.0,20218.0
16690.0,36371.0
11055.0,42050.0
2111.0,24104.0
3104.0,0.0
5540.0,0.0
7192.0,0.0
6578.0,0.0
3992.0,0.0
5608.0,0.0
11028.0,0.0
16230.0,0.0
16467.0,1031.0
11140.0,9118.0
2470.0,11143.0
3160.0,12927.0
5689.0,9568.0
7435.0,5895.0
6738.0,858.0
4194.0,0.0
6143.0,0.0
11814.0,3066.0
16776.0,21392.0
16529.0,39251.0
10470.0,42375.0
1716.0,26989.0
3110.0,0.0
5615.0,0.0
7383.0,0.0
6754.0,0.0
4485.0,0.0
6462.0,0.0
12154.0,0.0
16969.0,0.0
16325.0,1525.0
10082.0,8328.0
1041.0,8819.0
2966.0,9905.0
5411.0,7033.0
7228.0,5417.0
6773.0,3092.0
4744.0,1498.0
6995.0,622.0
12541.0,8618.0
17497.0,26217.0
16559.0,42180.0
9929.0,42289.0
683.0,19091.0
3058.0,0.0
5503.0,0.0
7344.0,0.0
6764.0,0.0
4558.0,0.0
6888.0,0.0
12525.0,0.0
17765.0,0.0
17035.0,176.0
10399.0,8135.0
822.0,8342.0
3261.0,11107.0
5637.0,8769.0
7263.0,7850.0
6489.0,2787.0
3676.0,618.0
5282.0,0.0
11196.0,3402.0
16797.0,18814.0
17399.0,37593.0
12076.0,42254.0
3151.0,30799.0
3849.0,1882.0
6203.0,0.0
7343.0,0.0
5969.0,0.0
2817.0,0.0
4884.0,0.0
10816.0,0.0
16244.0,0.0
17302.0,519.0
12527.0,6695.0
4073.0,10443.0
4021.0,13685.0
6446.0,13626.0
7471.0,10744.0
5991.0,5452.0
2635.0,0.0
5115.0,0.0
10905.0,0.0
16448.0,6856.0
17072.0,25283.0
12219.0,38152.0
3708.0,34664.0
3949.0,13060.0
6460.0,0.0
7653.0,0.0
6230.0,0.0
3094.0,0.0
5982.0,0.0
11893.0,0.0
17127.0,0.0
16779.0,4007.0
10788.0,14000.0
2126.0,15626.0
3675.0,15004.0
6228.0,7387.0
7656.0,3186.0
6528.0,0.0
3554.0,0.0
6388.0,0.0
12248.0,302.0
17343.0,18776.0
16743.0,36814.0
10311.0,42675.0
1156.0,29058.0
3333.0,0.0
5886.0,0.0
7635.0,0.0
6795.0,0.0
4809.0,0.0
7324.0,0.0
13376.0,0.0
17905.0,0.0
16416.0,4345.0
8966.0,13576.0
819.0,13775.0
3309.0,12484.0
5865.0,5058.0
7578.0,1770.0
6741.0,0.0
4573.0,0.0
7109.0,0.0
13103.0,8895.0
17942.0,28182.0
16840.0,43100.0
9643.0,42937.0
1005.0,19498.0
3513.0,0.0
6006.0,0.0
7467.0,0.0
6504.0,0.0
3796.0,0.0
6434.0,0.0
12347.0,0.0
17429.0,0.0
17011.0,0.0
10740.0,5855.0
2044.0,7359.0
3888.0,11032.0
6423.0,11915.0
7623.0,12339.0
6294.0,7061.0
3314.0,362.0
6707.0,0.0
12507.0,0.0
17611.0,14878.0
16869.0,33022.0
10367.0,41174.0
1781.0,30117.0
3910.0,755.0
6531.0,0.0
7772.0,0.0
6505.0,0.0
3802.0,0.0
7185.0,0.0
13225.0,0.0
17862.0,1679.0
16609.0,9000.0
9193.0,18523.0
926.0,17125.0
3491.0,11296.0
6083.0,2864.0
7749.0,0.0
6832.0,0.0
4851.0,0.0
7370.0,0.0
13341.0,5756.0
17720.0,24889.0
16269.0,40388.0
8979.0,42402.0
665.0,21032.0
3194.0,0.0
5795.0,0.0
7638.0,0.0
6967.0,0.0
5567.0,0.0
8016.0,0.0
13881.0,0.0
18240.0,294.0
16323.0,5404.0
8446.0,12017.0
834.0,11922.0
3411.0,9634.0
5961.0,4754.0
7668.0,5206.0
6843.0,3634.0
4742.0,1524.0
7317.0,0.0
13357.0,6240.0
18102.0,24368.0
16758.0,42356.0
9430.0,43097.0
960.0,21793.0
3522.0,0.0
6129.0,0.0
7800.0,0.0
6798.0,0.0
4384.0,0.0
7067.0,0.0
13053.0,0.0
17945.0,0.0
16982.0,1833.0
9923.0,8885.0
940.0,9180.0
3507.0,10559.0
6102.0,7991.0
7749.0,6630.0
6750.0,3726.0
4333.0,984.0
7157.0,0.0
13152.0,6651.0
18096.0,25423.0
17093.0,43283.0
9987.0,43614.0
1101.0,22570.0
3732.0,0.0
6342.0,0.0
7815.0,0.0
6648.0,0.0
3967.0,0.0
6942.0,0.0
12884.0,0.0
17948.0,0.0
16965.0,256.0
10130.0,7281.0
1083.0,7724.0
3588.0,10731.0
6177.0,9687.0
7848.0,9811.0
6915.0,5315.0
4913.0,1354.0
7568.0,0.0
13529.0,4872.0
18031.0,23209.0
16473.0,40942.0
8984.0,42990.0
744.0,22209.0
3312.0,0.0
5913.0,0.0
7824.0,0.0
7218.0,0.0
6365.0,0.0
8653.0,0.0
14618.0,0.0
18326.0,132.0
15873.0,5009.0
7358.0,12323.0
668.0,12169.0
3122.0,9937.0
5729.0,4138.0
7698.0,3456.0
7207.0,1268.0
6293.0,836.0
8901.0,2092.0
14703.0,15362.0
18630.0,34866.0
16191.0,44745.0
7510.0,42468.0
694.0,7611.0
3093.0,0.0
5709.0,0.0
7607.0,0.0
7043.0,0.0
5335.0,0.0
7956.0,0.0
13831.0,0.0
18801.0,0.0
17359.0,2459.0
9688.0,10044.0
962.0,10346.0
3623.0,11230.0
6191.0,7582.0
7839.0,5160.0
6817.0,2566.0
4123.0,66.0
6711.0,0.0
12720.0,6343.0
18026.0,25933.0
17457.0,44556.0
10930.0,44807.0
1916.0,25185.0
3836.0,0.0
6481.0,0.0
7961.0,0.0
6750.0,0.0
4030.0,0.0
6913.0,0.0
12929.0,0.0
18103.0,0.0
17359.0,0.0
10692.0,6516.0
1719.0,7655.0
3727.0,11042.0
6427.0,10963.0
8010.0,11253.0
6950.0,6431.0
4456.0,678.0
7359.0,0.0
13345.0,1800.0
18176.0,20547.0
16950.0,38822.0
9728.0,43236.0
955.0,26898.0
3355.0,0.0
6064.0,0.0
8001.0,0.0
7382.0,0.0
6186.0,0.0
8595.0,0.0
14518.0,0.0
18435.0,2368.0
16122.0,7128.0
7687.0,15002.0
606.0,12570.0
2788.0,7820.0
5407.0,3448.0
7453.0,1508.0
7386.0,0.0
7237.0,0.0
9843.0,3396.0
15025.0,17838.0
18739.0,38287.0
16165.0,45445.0
7253.0,41776.0
626.0,3420.0
2675.0,0.0
5303.0,0.0
7377.0,0.0
7342.0,0.0
6865.0,0.0
9716.0,0.0
14845.0,0.0
18909.0,0.0
16700.0,4554.0
8149.0,11510.0
696.0,11506.0
2793.0,9375.0
5430.0,3420.0
7323.0,2420.0
7182.0,844.0
5714.0,778.0
8505.0,2863.0
13680.0,15989.0
18611.0,35462.0
17437.0,45430.0
9962.0,44010.0
1016.0,10538.0
3143.0,0.0
5801.0,0.0
7663.0,0.0
7178.0,0.0
5245.0,0.0
7759.0,0.0
13276.0,0.0
18283.0,0.0
17381.0,1818.0
10502.0,7641.0
1687.0,8718.0
3293.0,9798.0
5978.0,8120.0
7909.0,7256.0
7307.0,4858.0
5419.0,2920.0
7719.0,844.0
13427.0,8886.0
18203.0,25864.0
17126.0,42210.0
9928.0,43897.0
1501.0,20070.0
3037.0,0.0
5773.0,0.0
7691.0,0.0
7366.0,0.0
5943.0,0.0
8450.0,0.0
13853.0,0.0
18453.0,0.0
16899.0,2952.0
9359.0,11342.0
1078.0,11820.0
2897.0,11340.0
5573.0,5441.0
7600.0,1088.0
7442.0,0.0
6636.0,0.0
9311.0,3941.0
14702.0,19263.0
18882.0,38387.0
16863.0,45995.0
8407.0,39519.0
687.0,11450.0
2732.0,0.0
5408.0,0.0
7436.0,0.0
7353.0,0.0
6490.0,0.0
9482.0,0.0
14764.0,0.0
19355.0,0.0
17448.0,2398.0
8900.0,8470.0
793.0,8603.0
2930.0,8725.0
5603.0,5893.0
7435.0,4690.0
7190.0,2580.0
5700.0,1896.0
8193.0,3790.0
13410.0,14895.0
18384.0,32993.0
17953.0,46000.0
11196.0,44116.0
2813.0,14697.0
3489.0,0.0
6143.0,0.0
7776.0,0.0
6954.0,0.0
4900.0,0.0
6208.0,0.0
12220.0,0.0
17353.0,0.0
17998.0,1904.0
12291.0,5776.0
4411.0,9882.0
3787.0,11425.0
6359.0,12048.0
8071.0,10197.0
6975.0,7588.0
4724.0,2054.0
5523.0,0.0
11779.0,1837.0
17096.0,11677.0
17973.0,31095.0
12636.0,42574.0
5006.0,35653.0
3763.0,13626.0
6427.0,0.0
8156.0,0.0
7126.0,0.0
4825.0,0.0
5504.0,0.0
11806.0,0.0
16980.0,0.0
17839.0,1911.0
12394.0,7885.0
4966.0,12611.0
3592.0,13937.0
6289.0,12316.0
8166.0,7756.0
7328.0,1632.0
5125.0,0.0
6035.0,0.0
12312.0,4225.0
17314.0,18954.0
17609.0,37161.0
11605.0,44884.0
4302.0,30986.0
3383.0,7690.0
6155.0,0.0
8017.0,0.0
7385.0,0.0
5323.0,0.0
6660.0,0.0
12800.0,0.0
17804.0,0.0
18071.0,2405.0
11656.0,7784.0
3936.0,11350.0
3595.0,12210.0
6283.0,10849.0
8101.0,7785.0
7287.0,3768.0
5051.0,0.0
6141.0,0.0
12509.0,4406.0
17586.0,20232.0
18055.0,38427.0
11905.0,45399.0
4210.0,31299.0
3681.0,6420.0
6330.0,0.0
8156.0,0.0
7253.0,0.0
4869.0,0.0
5877.0,0.0
12283.0,0.0
17733.0,0.0
18365.0,1410.0
12741.0,7562.0
4727.0,11954.0
3877.0,14106.0
6487.0,13196.0
8076.0,9563.0
6974.0,3118.0
4421.0,0.0
5138.0,0.0
11599.0,1189.0
17101.0,13013.0
18330.0,32758.0
13357.0,45611.0
6025.0,38413.0
4116.0,13450.0
6779.0,0.0
8129.0,0.0
6773.0,0.0
4106.0,0.0
5018.0,0.0
11355.0,0.0
16689.0,0.0
18143.0,948.0
13241.0,3262.0
6108.0,8763.0
3967.0,11457.0
6749.0,15079.0
8350.0,14826.0
7182.0,10458.0
4703.0,2720.0
5699.0,0.0
12102.0,1603.0
17252.0,8525.0
17965.0,24899.0
12227.0,36098.0
4951.0,32219.0
3573.0,16644.0
6345.0,0.0
8241.0,0.0
7461.0,0.0
5463.0,0.0
6430.0,0.0
12511.0,0.0
17477.0,0.0
17628.0,7368.0
11549.0,19417.0
4405.0,23462.0
3338.0,19057.0
6059.0,5814.0
7989.0,0.0
7507.0,0.0
5864.0,0.0
7149.0,54.0
12942.0,6344.0
17845.0,15572.0
17838.0,32091.0
11326.0,40153.0
4060.0,28256.0
3250.0,12770.0
5998.0,0.0
7910.0,0.0
7399.0,0.0
5722.0,0.0
6887.0,0.0
12688.0,0.0
17749.0,0.0
18257.0,3438.0
12073.0,13314.0
4827.0,17826.0
3592.0,17675.0
6377.0,10953.0
8133.0,2058.0
7262.0,0.0
5151.0,0.0
5763.0,0.0
11823.0,4646.0
17107.0,16195.0
18252.0,34536.0
13122.0,44928.0
6201.0,34729.0
3882.0,14214.0
6622.0,0.0
8398.0,0.0
7288.0,0.0
4982.0,0.0
5250.0,0.0
11671.0,0.0
16794.0,0.0
18148.0,1855.0
12964.0,3285.0
6327.0,8838.0
3715.0,10343.0
6589.0,13752.0
8497.0,13611.0
7626.0,10472.0
5375.0,3368.0
5517.0,0.0
12070.0,5116.0
17033.0,12172.0
18045.0,26196.0
12423.0,35518.0
5895.0,29046.0
3479.0,18376.0
6320.0,0.0
8333.0,0.0
7716.0,0.0
6143.0,0.0
6764.0,0.0
12962.0,0.0
17768.0,0.0
17972.0,7332.0
11353.0,19205.0
4587.0,23477.0
3177.0,18912.0
5958.0,5695.0
8076.0,0.0
7761.0,0.0
6517.0,0.0
7466.0,2493.0
13291.0,9204.0
18145.0,17286.0
18140.0,31980.0
11309.0,37404.0
4168.0,28886.0
3070.0,14082.0
5911.0,0.0
8070.0,0.0
7856.0,0.0
6557.0,0.0
7659.0,0.0
13213.0,0.0
18118.0,0.0
18053.0,2008.0
11543.0,12074.0
4221.0,15890.0
2974.0,16446.0
5719.0,10156.0
7846.0,2357.0
7725.0,1214.0
6578.0,225.0
7740.0,1760.0
13072.0,7141.0
18092.0,23961.0
18285.0,40554.0
11769.0,43624.0
4657.0,29604.0
3161.0,6346.0
5981.0,0.0
8004.0,0.0
7675.0,0.0
6098.0,0.0
6812.0,0.0
12538.0,0.0
17648.0,0.0
18442.0,3224.0
12663.0,6729.0
5611.0,12080.0
3426.0,11872.0
6273.0,11426.0
8304.0,8054.0
7740.0,5528.0
5881.0,0.0
6220.0,574.0
12268.0,7080.0
17263.0,18822.0
18290.0,35336.0
12578.0,44136.0
5934.0,31656.0
3263.0,13788.0
6170.0,0.0
8294.0,0.0
7848.0,0.0
6395.0,0.0
6785.0,0.0
12638.0,0.0
17318.0,0.0
17700.0,3326.0
11467.0,4190.0
4955.0,8845.0
2697.0,7721.0
5598.0,9039.0
7896.0,8462.0
8136.0,8772.0
7649.0,5650.0
9171.0,5504.0
14413.0,12547.0
18897.0,23292.0
17928.0,37919.0
10118.0,37942.0
2950.0,27302.0
2511.0,6446.0
5349.0,0.0
7634.0,0.0
8087.0,0.0
7819.0,0.0
9837.0,0.0
14694.0,0.0
19271.0,0.0
18130.0,2863.0
10106.0,11569.0
2571.0,13620.0
2503.0,12760.0
5455.0,6576.0
7745.0,1310.0
8068.0,1557.0
7603.0,2420.0
9541.0,5336.0
14482.0,16197.0
19165.0,34252.0
18362.0,47765.0
10568.0,37740.0
2872.0,22164.0
2561.0,0.0
5408.0,0.0
7721.0,0.0
7998.0,0.0
7299.0,0.0
8890.0,0.0
13753.0,0.0
18735.0,0.0
18415.0,3497.0
11443.0,6783.0
3786.0,10139.0
2733.0,8890.0
5631.0,7658.0
7835.0,6098.0
7985.0,5580.0
6955.0,3122.0
8400.0,3803.0
13453.0,11876.0
18516.0,27516.0
18535.0,42020.0
11866.0,43509.0
4388.0,27506.0
2855.0,2932.0
5834.0,0.0
8063.0,0.0
8124.0,0.0
7070.0,0.0
8316.0,0.0
13669.0,0.0
18667.0,0.0
18583.0,1956.0
11659.0,9382.0
4201.0,13253.0
2705.0,13487.0
5642.0,9532.0
7916.0,4010.0
8109.0,1392.0
7218.0,813.0
8493.0,2597.0
13613.0,10647.0
18565.0,29934.0
18460.0,46662.0
11475.0,43208.0
4087.0,27098.0
2501.0,0.0
5390.0,0.0
7679.0,0.0
8112.0,0.0
7408.0,0.0
9149.0,0.0
13958.0,0.0
18943.0,0.0
18621.0,3523.0
11411.0,9177.0
3653.0,12440.0
2496.0,10888.0
5424.0,6955.0
7601.0,2798.0
8039.0,216.0
7045.0,0.0
8894.0,2812.0
13644.0,16371.0
18914.0,36176.0
18978.0,49495.0
12166.0,45077.0
3975.0,22598.0
2763.0,0.0
5643.0,0.0
7715.0,0.0
7847.0,0.0
6328.0,0.0
7752.0,0.0
12868.0,0.0
18447.0,0.0
19441.0,540.0
13441.0,3735.0
5172.0,8622.0
3248.0,10865.0
6200.0,13240.0
8212.0,12825.0
7982.0,9392.0
5915.0,3310.0
7127.0,0.0
12751.0,1376.0
18405.0,13973.0
19465.0,35043.0
13720.0,48162.0
5550.0,39509.0
3442.0,12916.0
6409.0,0.0
8411.0,0.0
7876.0,0.0
5643.0,0.0
6443.0,0.0
12303.0,0.0
17950.0,0.0
19209.0,2335.0
13837.0,5762.0
5982.0,11579.0
3426.0,12220.0
6420.0,12783.0
8501.0,9645.0
8039.0,7118.0
6131.0,1082.0
6999.0,0.0
13127.0,5447.0
18438.0,18196.0
19086.0,37175.0
12734.0,46864.0
4941.0,33354.0
3141.0,11818.0
6084.0,0.0
8261.0,0.0
8120.0,0.0
6617.0,0.0
7868.0,0.0
13413.0,0.0
18646.0,0.0
18937.0,2755.0
12209.0,7749.0
4368.0,11797.0
2816.0,11368.0
5774.0,9338.0
8009.0,5575.0
8169.0,2746.0
7085.0,0.0
8656.0,2065.0
13862.0,11785.0
19196.0,32336.0
19214.0,48139.0
12181.0,46104.0
3888.0,26642.0
2788.0,0.0
5731.0,0.0
7970.0,0.0
8149.0,0.0
6938.0,0.0
8348.0,0.0
13449.0,0.0
18824.0,0.0
19312.0,1543.0
12749.0,6826.0
4518.0,10979.0
2790.0,11726.0
5769.0,10694.0
7982.0,7837.0
8102.0,3813.0
6684.0,0.0
7979.0,0.0
13209.0,7106.0
18743.0,27074.0
19577.0,46605.0
13467.0,49122.0
5443.0,33326.0
3239.0,1350.0
6236.0,0.0
8350.0,0.0
8087.0,0.0
6226.0,0.0
7069.0,0.0
12880.0,0.0
18418.0,0.0
19631.0,1950.0
13748.0,7302.0
5860.0,12932.0
3362.0,13884.0
6374.0,12926.0
8494.0,8553.0
8111.0,2864.0
6050.0,0.0
6672.0,0.0
12638.0,4939.0
18229.0,20506.0
19315.0,40116.0
13527.0,49246.0
5850.0,35883.0
3199.0,10588.0
6199.0,0.0
8479.0,0.0
8331.0,0.0
6670.0,0.0
7826.0,0.0
13617.0,0.0
18998.0,0.0
19246.0,2627.0
12446.0,5466.0
4468.0,9594.0
2870.0,9327.0
5873.0,9634.0
8251.0,8281.0
8426.0,7406.0
7354.0,4240.0
8983.0,3222.0
14420.0,10391.0
19574.0,27175.0
19250.0,41923.0
11788.0,46272.0
3366.0,27138.0
2508.0,2890.0
5460.0,0.0
7855.0,0.0
8320.0,0.0
7500.0,0.0
9279.0,0.0
14169.0,0.0
19586.0,0.0
19438.0,1325.0
12230.0,10993.0
3721.0,14264.0
2673.0,15087.0
5655.0,9699.0
7875.0,3435.0
8169.0,1972.0
6926.0,0.0
8542.0,72.0
13537.0,7721.0
19230.0,28241.0
19714.0,48473.0
13177.0,49578.0
4626.0,31574.0
3020.0,0.0
6023.0,0.0
8196.0,0.0
8188.0,0.0
6467.0,0.0
7800.0,0.0
13205.0,0.0
18883.0,0.0
19749.0,1852.0
13685.0,7690.0
5336.0,12721.0
3226.0,13605.0
6232.0,12112.0
8375.0,7816.0
8194.0,2570.0
6315.0,0.0
7505.0,0.0
13102.0,4818.0
18695.0,24084.0
19623.0,44145.0
13548.0,49922.0
5431.0,35849.0
3181.0,6102.0
6193.0,0.0
8424.0,0.0
8279.0,0.0
6748.0,0.0
8206.0,0.0
13677.0,0.0
18997.0,0.0
19266.0,2110.0
12751.0,6008.0
4669.0,10372.0
2942.0,10689.0
5996.0,10532.0
8309.0,8374.0
8382.0,5502.0
7266.0,2092.0
9259.0,1135.0
14508.0,10187.0
19799.0,29439.0
19342.0,46443.0
11942.0,47784.0
3664.0,27656.0
2744.0,0.0
5753.0,0.0
8101.0,0.0
8414.0,0.0
7600.0,0.0
9673.0,0.0
14769.0,0.0
20091.0,0.0
19610.0,3421.0
11944.0,12797.0
3510.0,15857.0
2797.0,14718.0
5836.0,7692.0
8070.0,0.0
8279.0,0.0
7183.0,0.0
9259.0,2349.0
14315.0,14006.0
19779.0,35170.0
19647.0,51080.0
12476.0,47271.0
4178.0,25648.0
3010.0,0.0
6037.0,0.0
8138.0,0.0
8173.0,0.0
6810.0,0.0
8693.0,0.0
13928.0,0.0
19611.0,0.0
19875.0,1457.0
13250.0,5812.0
4961.0,10438.0
3464.0,11980.0
6497.0,12635.0
8587.0,10829.0
8099.0,6408.0
6305.0,1282.0
7555.0,0.0
13519.0,3537.0
19184.0,20937.0
20062.0,42649.0
13798.0,50413.0
5943.0,38436.0
3782.0,9360.0
6859.0,0.0
8918.0,0.0
8184.0,0.0
6230.0,0.0
6951.0,0.0
13382.0,0.0
18900.0,0.0
19886.0,2922.0
13727.0,4797.0
6309.0,10931.0
3698.0,11257.0
6869.0,13259.0
9025.0,11298.0
8417.0,9268.0
6606.0,2754.0
7360.0,405.0
13801.0,7659.0
18998.0,17219.0
19473.0,35045.0
12765.0,43663.0
5716.0,33166.0
3278.0,16780.0
6326.0,0.0
8541.0,0.0
8353.0,0.0
7230.0,0.0
8474.0,0.0
14350.0,0.0
19525.0,0.0
19568.0,4221.0
12374.0,11670.0
5105.0,16480.0
3282.0,15071.0
6324.0,9680.0
8492.0,2678.0
8297.0,0.0
6941.0,0.0
8287.0,2242.0
14047.0,9436.0
19424.0,29834.0
19791.0,45974.0
12927.0,47430.0
5538.0,32882.0
3433.0,5628.0
6508.0,0.0
8598.0,0.0
8201.0,0.0
6480.0,0.0
7304.0,0.0
13429.0,0.0
18939.0,0.0
20065.0,1372.0
13849.0,3530.0
6431.0,9721.0
3716.0,11630.0
6761.0,14921.0
8804.0,14179.0
8157.0,10206.0
6083.0,2138.0
6706.0,0.0
13064.0,2941.0
18695.0,11935.0
20054.0,33564.0
14251.0,45579.0
7265.0,40526.0
4102.0,20128.0
7168.0,0.0
9193.0,0.0
8151.0,0.0
5886.0,0.0
5921.0,0.0
12956.0,0.0
18476.0,0.0
19865.0,3705.0
14017.0,6977.0
7069.0,13901.0
3982.0,13748.0
7141.0,13902.0
9441.0,10204.0
8579.0,6520.0
6610.0,0.0
6947.0,1660.0
14032.0,9121.0
19289.0,19145.0
19572.0,35660.0
12762.0,42873.0
5623.0,33348.0
3608.0,16942.0
6782.0,0.0
9185.0,0.0
8769.0,0.0
7423.0,0.0
8258.0,0.0
14957.0,0.0
19962.0,0.0
19536.0,3471.0
11738.0,10961.0
4331.0,14882.0
3243.0,14174.0
6324.0,9517.0
8823.0,3608.0
8718.0,612.0
7826.0,1882.0
8937.0,5937.0
15159.0,13872.0
20294.0,32187.0
19870.0,48507.0
12086.0,41392.0
4207.0,30960.0
3314.0,1562.0
6431.0,0.0
8825.0,0.0
8664.0,0.0
7472.0,0.0
8547.0,0.0
14776.0,0.0
20140.0,0.0
20024.0,2505.0
12779.0,8477.0
5052.0,13129.0
3634.0,13828.0
6748.0,12179.0
9075.0,8435.0
8573.0,2755.0
6920.0,279.0
7678.0,2170.0
14276.0,8194.0
19745.0,26676.0
20061.0,44763.0
13109.0,47859.0
5595.0,33404.0
3732.0,8114.0
6903.0,0.0
9207.0,0.0
8556.0,0.0
6729.0,0.0
7230.0,0.0
14022.0,0.0
19444.0,0.0
20004.0,3510.0
13393.0,5761.0
5887.0,11338.0
3725.0,11068.0
6848.0,12095.0
9186.0,10240.0
8626.0,8658.0
6939.0,2068.0
7335.0,2908.0
14219.0,10478.0
19481.0,20543.0
20018.0,36843.0
13183.0,43259.0
5785.0,34014.0
3645.0,16706.0
6897.0,0.0
9291.0,0.0
8898.0,0.0
7385.0,0.0
8167.0,0.0
14819.0,0.0
19891.0,0.0
19708.0,2397.0
12414.0,8899.0
4913.0,13437.0
3213.0,13728.0
6405.0,11139.0
8899.0,6631.0
8866.0,2098.0
8044.0,2313.0
9457.0,4744.0
15540.0,12457.0
20561.0,32200.0
19729.0,48725.0
11618.0,42374.0
3955.0,29468.0
3014.0,0.0
6185.0,0.0
8625.0,0.0
8845.0,0.0
8121.0,0.0
9785.0,0.0
15552.0,0.0
20946.0,14.0
20225.0,5560.0
12111.0,13123.0
4037.0,16646.0
3323.0,13904.0
6503.0,7454.0
8843.0,3054.0
8688.0,0.0
7405.0,0.0
8832.0,2450.0
14914.0,12438.0
20273.0,34006.0
20211.0,50439.0
12942.0,48396.0
4925.0,30352.0
3574.0,0.0
6781.0,0.0
9138.0,0.0
8741.0,0.0
7292.0,0.0
8532.0,0.0
14996.0,0.0
20354.0,0.0
20192.0,2310.0
12559.0,8597.0
4754.0,12911.0
3557.0,13648.0
6755.0,11741.0
9178.0,8113.0
8822.0,2717.0
7466.0,1139.0
8690.0,3021.0
15116.0,9408.0
20264.0,30018.0
19933.0,48540.0
12420.0,46234.0
4769.0,32110.0
3471.0,3032.0
6696.0,0.0
9127.0,0.0
8824.0,0.0
7733.0,0.0
8965.0,0.0
15361.0,0.0
20446.0,0.0
19859.0,5027.0
11991.0,9570.0
4506.0,13681.0
3497.0,11636.0
6713.0,8644.0
9182.0,6352.0
8904.0,3152.0
7862.0,115.0
9165.0,5086.0
15599.0,13201.0
20579.0,32344.0
19772.0,48785.0
11662.0,44451.0
4132.0,31800.0
3404.0,2670.0
6635.0,0.0
9109.0,0.0
9054.0,0.0
8126.0,0.0
9540.0,0.0
15930.0,0.0
20714.0,0.0
19641.0,2795.0
11558.0,8320.0
3785.0,11590.0
3336.0,11611.0
6561.0,9787.0
9080.0,7317.0
9048.0,4189.0
8173.0,3475.0
9435.0,6303.0
15855.0,14474.0
20951.0,33500.0
20220.0,49022.0
11962.0,40083.0
4220.0,29898.0
3623.0,0.0
6875.0,0.0
9319.0,0.0
8896.0,0.0
7675.0,0.0
8324.0,0.0
15124.0,0.0
20089.0,2394.0
20031.0,7688.0
12567.0,11250.0
5726.0,14252.0
3798.0,10054.0
6993.0,10294.0
9416.0,8130.0
8860.0,4324.0
7617.0,0.0
7890.0,2381.0
14816.0,10553.0
19640.0,25264.0
19716.0,41726.0
12664.0,47076.0
6167.0,34992.0
3902.0,13440.0
7238.0,0.0
9706.0,0.0
9394.0,0.0
7901.0,0.0
8416.0,0.0
15373.0,0.0
19845.0,0.0
19031.0,2881.0
12078.0,3834.0
4949.0,8388.0
3544.0,8521.0
6814.0,11371.0
9432.0,12400.0
9752.0,13031.0
8794.0,9324.0
9876.0,8580.0
16140.0,13903.0
20575.0,22265.0
19008.0,34208.0
11644.0,34430.0
3582.0,31574.0
3270.0,10692.0
6576.0,0.0
9240.0,0.0
9831.0,0.0
9118.0,0.0
10478.0,0.0
16404.0,0.0
20985.0,5299.0
19239.0,9448.0
11540.0,19608.0
3202.0,16926.0
3167.0,13816.0
6377.0,6954.0
9084.0,278.0
9595.0,0.0
8930.0,0.0
10291.0,570.0
16226.0,10771.0
21000.0,33231.0
19626.0,51858.0
11804.0,48790.0
3764.0,30148.0
3383.0,0.0
6590.0,0.0
9160.0,0.0
9366.0,0.0
8652.0,0.0
9776.0,0.0
15957.0,0.0
20899.0,0.0
20084.0,4806.0
12328.0,11442.0
4655.0,15602.0
3730.0,13981.0
7057.0,9521.0
9572.0,5132.0
9457.0,0.0
8261.0,1705.0
8912.0,7276.0
15607.0,15667.0
20203.0,31742.0
19725.0,48618.0
12546.0,40776.0
5483.0,34564.0
3717.0,6360.0
7050.0,0.0
9571.0,0.0
9573.0,0.0
8208.0,0.0
8630.0,0.0
15278.0,0.0
20055.0,0.0
19559.0,2552.0
12764.0,4233.0
5938.0,9861.0
3962.0,10701.0
7250.0,13543.0
9767.0,13374.0
9793.0,11831.0
8245.0,5308.0
8524.0,7444.0
15211.0,12122.0
19597.0,19027.0
18971.0,32079.0
12686.0,33918.0
5880.0,35190.0
3901.0,16464.0
7282.0,0.0
9829.0,0.0
10231.0,0.0
8891.0,0.0
9659.0,0.0
16003.0,2663.0
20150.0,9994.0
18434.0,13243.0
12160.0,16532.0
4453.0,10536.0
3667.0,11276.0
6907.0,9038.0
9509.0,5640.0
9878.0,704.0
8786.0,0.0
9667.0,0.0
15914.0,5175.0
20434.0,26699.0
19060.0,47229.0
12254.0,48785.0
4651.0,33474.0
3847.0,4402.0
7072.0,0.0
9663.0,0.0
9706.0,0.0
8538.0,0.0
9145.0,0.0
15923.0,0.0
20497.0,7316.0
19598.0,11509.0
12624.0,15563.0
5220.0,13037.0
4122.0,10300.0
7425.0,10338.0
9846.0,8700.0
9478.0,4854.0
7914.0,0.0
8049.0,0.0
15422.0,5009.0
20154.0,19456.0
19916.0,40912.0
13132.0,49600.0
6705.0,36584.0
4532.0,15212.0
7934.0,0.0
10071.0,0.0
9409.0,0.0
7278.0,0.0
7911.0,0.0
14995.0,0.0
19560.0,6096.0
19490.0,10340.0
13416.0,10055.0
7332.0,10263.0
4502.0,7654.0
7814.0,12318.0
10056.0,13724.0
9823.0,12378.0
7936.0,3206.0
8405.0,583.0
15059.0,9034.0
19184.0,16352.0
18444.0,30740.0
13164.0,35475.0
6786.0,31610.0
4232.0,21802.0
7592.0,590.0
10080.0,0.0
10363.0,0.0
8630.0,0.0
