id,inv,demand,forecast,received_shipment,order,Order_Supplier_0,Order_Supplier_1,Order_Supplier_2,Forecast_Retailer_0,Forecast_Retailer_1,Forecast_Retailer_2,Demand_Retailer_0,Demand_Retailer_1,Demand_Retailer_2,Inv_Product_0,Inv_Product_1,Inv_Product_2,Order_Product_0,Order_Product_1,Order_Product_2,Forecast_Product_0,Forecast_Product_1,Forecast_Product_2
0.0,0.0,716.0,716.0,0.0,3580.0,1170.0,1230.0,1180.0,234.0,246.0,236.0,234.0,246.0,236.0,0.0,0.0,0.0,1170.0,1230.0,1180.0,234.0,246.0,236.0
0.0,0.0,730.0,723.0,0.0,3615.0,1190.0,1235.0,1190.0,238.0,247.0,238.0,241.0,248.0,241.0,0.0,0.0,0.0,1190.0,1235.0,1190.0,238.0,247.0,238.0
0.0,0.0,761.0,736.0,0.0,3680.0,1215.0,1245.0,1220.0,243.0,249.0,244.0,255.0,252.0,254.0,0.0,0.0,0.0,1215.0,1245.0,1220.0,243.0,249.0,244.0
0.0,0.0,727.0,734.0,0.0,3670.0,1230.0,1230.0,1210.0,246.0,246.0,242.0,256.0,236.0,235.0,0.0,0.0,0.0,1230.0,1230.0,1210.0,246.0,246.0,242.0
0.0,0.0,759.0,739.0,0.0,3695.0,1240.0,1240.0,1215.0,248.0,248.0,243.0,253.0,259.0,247.0,0.0,0.0,0.0,1240.0,1240.0,1215.0,248.0,248.0,243.0
0.0,0.0,751.0,741.0,0.0,3705.0,1250.0,1245.0,1210.0,250.0,249.0,242.0,261.0,252.0,238.0,0.0,0.0,0.0,1250.0,1245.0,1210.0,250.0,249.0,242.0
0.0,0.0,771.0,745.0,14545.0,0.0,0.0,0.0,0.0,252.0,252.0,241.0,267.0,269.0,235.0,0.0,0.0,0.0,0.0,0.0,0.0,252.0,252.0,241.0
0.0,9330.0,750.0,745.0,3695.0,0.0,0.0,0.0,0.0,253.0,250.0,242.0,260.0,240.0,250.0,3038.0,3178.0,3114.0,0.0,0.0,0.0,253.0,250.0,242.0
0.0,12275.0,749.0,746.0,3705.0,0.0,0.0,0.0,0.0,252.0,249.0,245.0,241.0,238.0,270.0,4018.0,4178.0,4079.0,0.0,0.0,0.0,252.0,249.0,245.0
0.0,15231.0,746.0,746.0,0.0,0.0,0.0,0.0,0.0,250.0,249.0,247.0,232.0,247.0,267.0,5027.0,5185.0,5019.0,0.0,0.0,0.0,250.0,249.0,247.0
0.0,14485.0,720.0,744.0,0.0,0.0,0.0,0.0,0.0,249.0,246.0,249.0,235.0,224.0,261.0,4795.0,4938.0,4752.0,0.0,0.0,0.0,249.0,246.0,249.0
0.0,13765.0,706.0,741.0,0.0,0.0,0.0,0.0,0.0,248.0,245.0,248.0,239.0,230.0,237.0,4560.0,4714.0,4491.0,0.0,0.0,0.0,248.0,245.0,248.0
0.0,13059.0,687.0,737.0,0.0,0.0,0.0,0.0,0.0,246.0,245.0,246.0,218.0,248.0,221.0,4321.0,4484.0,4254.0,0.0,0.0,0.0,246.0,245.0,246.0
0.0,12372.0,724.0,736.0,0.0,0.0,0.0,0.0,0.0,245.0,245.0,246.0,237.0,237.0,250.0,4103.0,4236.0,4033.0,0.0,0.0,0.0,245.0,245.0,246.0
0.0,11648.0,681.0,732.0,0.0,0.0,0.0,0.0,0.0,244.0,244.0,244.0,229.0,228.0,224.0,3866.0,3999.0,3783.0,0.0,0.0,0.0,244.0,244.0,244.0
0.0,10967.0,726.0,731.0,0.0,0.0,0.0,0.0,0.0,243.0,244.0,244.0,233.0,247.0,246.0,3637.0,3771.0,3559.0,0.0,0.0,0.0,243.0,244.0,244.0
0.0,10241.0,696.0,730.0,0.0,0.0,0.0,0.0,0.0,243.0,243.0,244.0,233.0,235.0,228.0,3404.0,3524.0,3313.0,0.0,0.0,0.0,243.0,243.0,244.0
0.0,9545.0,695.0,728.0,0.0,0.0,0.0,0.0,0.0,242.0,243.0,243.0,232.0,234.0,229.0,3171.0,3289.0,3085.0,0.0,0.0,0.0,242.0,243.0,243.0
0.0,8850.0,695.0,726.0,0.0,0.0,0.0,0.0,0.0,242.0,242.0,242.0,235.0,228.0,232.0,2939.0,3055.0,2856.0,0.0,0.0,0.0,242.0,242.0,242.0
0.0,8155.0,715.0,725.0,0.0,0.0,0.0,0.0,0.0,241.0,242.0,242.0,236.0,245.0,234.0,2704.0,2827.0,2624.0,0.0,0.0,0.0,241.0,242.0,242.0
0.0,7440.0,678.0,723.0,0.0,0.0,0.0,0.0,0.0,240.0,241.0,242.0,222.0,219.0,237.0,2468.0,2582.0,2390.0,0.0,0.0,0.0,240.0,241.0,242.0
0.0,6762.0,697.0,721.0,0.0,0.0,0.0,0.0,0.0,240.0,241.0,240.0,233.0,246.0,218.0,2246.0,2363.0,2153.0,0.0,0.0,0.0,240.0,241.0,240.0
0.0,6065.0,704.0,721.0,0.0,0.0,0.0,0.0,0.0,239.0,241.0,241.0,215.0,244.0,245.0,2013.0,2117.0,1935.0,0.0,0.0,0.0,239.0,241.0,241.0
0.0,5361.0,702.0,720.0,0.0,0.0,0.0,0.0,0.0,238.0,241.0,241.0,227.0,236.0,239.0,1798.0,1873.0,1690.0,0.0,0.0,0.0,238.0,241.0,241.0
0.0,4659.0,739.0,721.0,0.0,1.0,0.0,0.0,1.0,238.0,242.0,241.0,237.0,255.0,247.0,1571.0,1637.0,1451.0,0.0,0.0,1.0,238.0,242.0,241.0
0.0,3920.0,723.0,721.0,0.0,408.0,93.0,69.0,246.0,238.0,242.0,241.0,237.0,241.0,245.0,1334.0,1382.0,1204.0,93.0,69.0,246.0,238.0,242.0,241.0
0.0,3197.0,726.0,721.0,0.0,1134.0,332.0,312.0,490.0,238.0,242.0,241.0,239.0,243.0,244.0,1097.0,1141.0,959.0,332.0,312.0,490.0,238.0,242.0,241.0
0.0,2471.0,739.0,723.0,1.0,1882.0,583.0,547.0,752.0,239.0,242.0,242.0,246.0,235.0,258.0,858.0,898.0,715.0,583.0,547.0,752.0,239.0,242.0,242.0
0.0,1733.0,758.0,723.0,408.0,2232.0,748.0,720.0,764.0,239.0,242.0,242.0,258.0,242.0,258.0,612.0,663.0,458.0,748.0,720.0,764.0,239.0,242.0,242.0
0.0,1383.0,783.0,725.0,1134.0,1891.0,690.0,663.0,538.0,240.0,242.0,243.0,269.0,255.0,259.0,447.0,490.0,446.0,690.0,663.0,538.0,240.0,242.0,243.0
0.0,1734.0,778.0,727.0,1882.0,797.0,373.0,380.0,44.0,241.0,243.0,243.0,261.0,259.0,258.0,510.0,547.0,677.0,373.0,380.0,44.0,241.0,243.0,243.0
0.0,2838.0,777.0,729.0,2232.0,0.0,0.0,0.0,0.0,242.0,243.0,244.0,268.0,260.0,249.0,832.0,835.0,1171.0,0.0,0.0,0.0,242.0,243.0,244.0
0.0,4293.0,788.0,731.0,1891.0,0.0,0.0,0.0,0.0,243.0,244.0,244.0,266.0,264.0,258.0,1312.0,1295.0,1686.0,0.0,0.0,0.0,243.0,244.0,244.0
0.0,5396.0,792.0,732.0,797.0,0.0,0.0,0.0,0.0,243.0,245.0,244.0,269.0,276.0,247.0,1736.0,1694.0,1966.0,0.0,0.0,0.0,243.0,245.0,244.0
0.0,5401.0,792.0,734.0,0.0,0.0,0.0,0.0,0.0,244.0,245.0,245.0,262.0,265.0,265.0,1840.0,1798.0,1763.0,0.0,0.0,0.0,244.0,245.0,245.0
0.0,4609.0,772.0,735.0,0.0,0.0,0.0,0.0,0.0,244.0,246.0,245.0,259.0,272.0,241.0,1578.0,1533.0,1498.0,0.0,0.0,0.0,244.0,246.0,245.0
0.0,3837.0,751.0,735.0,0.0,589.0,148.0,224.0,217.0,244.0,246.0,245.0,247.0,255.0,249.0,1319.0,1261.0,1257.0,148.0,224.0,217.0,244.0,246.0,245.0
0.0,3086.0,750.0,736.0,0.0,1344.0,403.0,504.0,437.0,245.0,247.0,244.0,250.0,275.0,225.0,1072.0,1006.0,1008.0,403.0,504.0,437.0,245.0,247.0,244.0
0.0,2336.0,761.0,736.0,0.0,2105.0,661.0,766.0,678.0,245.0,247.0,244.0,258.0,262.0,241.0,822.0,731.0,783.0,661.0,766.0,678.0,245.0,247.0,244.0
0.0,1575.0,790.0,737.0,589.0,2311.0,778.0,821.0,712.0,245.0,248.0,244.0,265.0,274.0,251.0,564.0,469.0,542.0,778.0,821.0,712.0,245.0,248.0,244.0
0.0,1374.0,746.0,737.0,1344.0,1713.0,616.0,577.0,520.0,245.0,248.0,244.0,241.0,260.0,245.0,447.0,419.0,508.0,616.0,577.0,520.0,245.0,248.0,244.0
0.0,1972.0,762.0,738.0,2105.0,375.0,225.0,64.0,86.0,246.0,248.0,244.0,265.0,253.0,244.0,609.0,663.0,700.0,225.0,64.0,86.0,246.0,248.0,244.0
0.0,3315.0,751.0,739.0,2311.0,0.0,0.0,0.0,0.0,246.0,248.0,245.0,262.0,227.0,262.0,1005.0,1176.0,1134.0,0.0,0.0,0.0,246.0,248.0,245.0
0.0,4875.0,724.0,738.0,1713.0,0.0,0.0,0.0,0.0,246.0,247.0,245.0,254.0,224.0,246.0,1521.0,1770.0,1584.0,0.0,0.0,0.0,246.0,247.0,245.0
0.0,5864.0,717.0,738.0,375.0,0.0,0.0,0.0,0.0,246.0,247.0,245.0,246.0,232.0,239.0,1883.0,2123.0,1858.0,0.0,0.0,0.0,246.0,247.0,245.0
0.0,5522.0,700.0,737.0,0.0,0.0,0.0,0.0,0.0,246.0,247.0,244.0,236.0,224.0,240.0,1862.0,1955.0,1705.0,0.0,0.0,0.0,246.0,247.0,244.0
0.0,4822.0,723.0,737.0,0.0,11.0,0.0,0.0,11.0,246.0,246.0,245.0,248.0,224.0,251.0,1626.0,1731.0,1465.0,0.0,0.0,11.0,246.0,246.0,245.0
0.0,4099.0,718.0,737.0,0.0,355.0,102.0,0.0,253.0,246.0,246.0,245.0,250.0,226.0,242.0,1378.0,1507.0,1214.0,102.0,0.0,253.0,246.0,246.0,245.0
0.0,3381.0,716.0,735.0,0.0,1010.0,351.0,169.0,490.0,246.0,245.0,244.0,249.0,225.0,242.0,1128.0,1281.0,972.0,351.0,169.0,490.0,246.0,245.0,244.0
0.0,2665.0,747.0,736.0,11.0,1751.0,599.0,414.0,738.0,246.0,245.0,245.0,248.0,245.0,254.0,879.0,1056.0,730.0,599.0,414.0,738.0,246.0,245.0,245.0
0.0,1929.0,742.0,736.0,355.0,2138.0,741.0,662.0,735.0,246.0,245.0,245.0,244.0,248.0,250.0,631.0,811.0,487.0,741.0,662.0,735.0,246.0,245.0,245.0
0.0,1542.0,747.0,737.0,1010.0,1880.0,628.0,763.0,489.0,246.0,246.0,245.0,238.0,265.0,244.0,489.0,563.0,490.0,628.0,763.0,489.0,246.0,246.0,245.0
0.0,1805.0,768.0,738.0,1751.0,902.0,292.0,599.0,11.0,247.0,246.0,245.0,258.0,250.0,260.0,602.0,467.0,736.0,292.0,599.0,11.0,247.0,246.0,245.0
0.0,2788.0,816.0,739.0,2138.0,222.0,0.0,222.0,0.0,247.0,246.0,246.0,272.0,285.0,259.0,943.0,631.0,1214.0,0.0,222.0,0.0,247.0,246.0,246.0
0.0,4110.0,790.0,740.0,1880.0,0.0,0.0,0.0,0.0,247.0,247.0,246.0,262.0,268.0,260.0,1412.0,1008.0,1690.0,0.0,0.0,0.0,247.0,247.0,246.0
0.0,5200.0,833.0,742.0,902.0,0.0,0.0,0.0,0.0,248.0,248.0,246.0,283.0,280.0,270.0,1778.0,1503.0,1919.0,0.0,0.0,0.0,248.0,248.0,246.0
0.0,5269.0,864.0,743.0,222.0,0.0,0.0,0.0,0.0,248.0,248.0,247.0,286.0,300.0,278.0,1787.0,1822.0,1660.0,0.0,0.0,0.0,248.0,248.0,247.0
0.0,4627.0,858.0,746.0,0.0,166.0,33.0,0.0,133.0,249.0,249.0,248.0,289.0,294.0,275.0,1501.0,1744.0,1382.0,33.0,0.0,133.0,249.0,249.0,248.0
0.0,3769.0,815.0,746.0,0.0,776.0,302.0,66.0,408.0,249.0,249.0,248.0,269.0,271.0,275.0,1212.0,1450.0,1107.0,302.0,66.0,408.0,249.0,249.0,248.0
0.0,2954.0,829.0,748.0,0.0,1615.0,572.0,361.0,682.0,249.0,250.0,249.0,270.0,290.0,269.0,943.0,1179.0,832.0,572.0,361.0,682.0,249.0,250.0,249.0
0.0,2125.0,826.0,750.0,166.0,2285.0,812.0,659.0,814.0,250.0,251.0,249.0,268.0,293.0,265.0,673.0,889.0,563.0,812.0,659.0,814.0,250.0,251.0,249.0
0.0,1465.0,823.0,751.0,776.0,2337.0,767.0,877.0,693.0,250.0,252.0,249.0,257.0,279.0,287.0,438.0,596.0,431.0,767.0,877.0,693.0,250.0,252.0,249.0
0.0,1418.0,827.0,753.0,1615.0,1559.0,481.0,797.0,281.0,251.0,253.0,249.0,281.0,276.0,270.0,483.0,383.0,552.0,481.0,797.0,281.0,251.0,253.0,249.0
0.0,2206.0,785.0,754.0,2285.0,394.0,0.0,394.0,0.0,251.0,253.0,250.0,259.0,256.0,270.0,774.0,468.0,964.0,0.0,394.0,0.0,251.0,253.0,250.0
0.0,3706.0,803.0,757.0,2337.0,0.0,0.0,0.0,0.0,252.0,254.0,251.0,266.0,259.0,278.0,1327.0,871.0,1508.0,0.0,0.0,0.0,252.0,254.0,251.0
0.0,5240.0,788.0,759.0,1559.0,0.0,0.0,0.0,0.0,253.0,254.0,252.0,261.0,250.0,277.0,1828.0,1489.0,1923.0,0.0,0.0,0.0,253.0,254.0,252.0
0.0,6011.0,787.0,760.0,394.0,0.0,0.0,0.0,0.0,254.0,254.0,252.0,278.0,239.0,270.0,2048.0,2036.0,1927.0,0.0,0.0,0.0,254.0,254.0,252.0
0.0,5618.0,789.0,762.0,0.0,0.0,0.0,0.0,0.0,255.0,254.0,253.0,276.0,242.0,271.0,1770.0,2191.0,1657.0,0.0,0.0,0.0,255.0,254.0,253.0
0.0,4829.0,780.0,763.0,0.0,201.0,49.0,0.0,152.0,255.0,254.0,254.0,268.0,244.0,268.0,1494.0,1949.0,1386.0,49.0,0.0,152.0,255.0,254.0,254.0
0.0,4049.0,741.0,763.0,0.0,701.0,289.0,0.0,412.0,255.0,254.0,254.0,240.0,241.0,260.0,1226.0,1705.0,1118.0,289.0,0.0,412.0,255.0,254.0,254.0
0.0,3308.0,759.0,766.0,0.0,1281.0,550.0,54.0,677.0,256.0,255.0,255.0,256.0,243.0,260.0,986.0,1464.0,858.0,550.0,54.0,677.0,256.0,255.0,255.0
0.0,2549.0,770.0,766.0,201.0,1850.0,758.0,300.0,792.0,256.0,255.0,255.0,257.0,246.0,267.0,730.0,1221.0,598.0,758.0,300.0,792.0,256.0,255.0,255.0
0.0,1980.0,784.0,769.0,701.0,1948.0,730.0,573.0,645.0,257.0,256.0,256.0,256.0,268.0,260.0,522.0,975.0,483.0,730.0,573.0,645.0,257.0,256.0,256.0
0.0,1897.0,770.0,770.0,1281.0,1442.0,419.0,791.0,232.0,257.0,256.0,257.0,239.0,272.0,259.0,555.0,707.0,635.0,419.0,791.0,232.0,257.0,256.0,257.0
0.0,2408.0,786.0,772.0,1850.0,780.0,0.0,780.0,0.0,258.0,257.0,257.0,261.0,284.0,241.0,866.0,489.0,1053.0,0.0,780.0,0.0,258.0,257.0,257.0
0.0,3472.0,749.0,772.0,1948.0,465.0,0.0,465.0,0.0,258.0,257.0,257.0,236.0,258.0,255.0,1363.0,505.0,1604.0,0.0,465.0,0.0,258.0,257.0,257.0
0.0,4671.0,779.0,773.0,1442.0,0.0,0.0,0.0,0.0,258.0,258.0,257.0,247.0,271.0,261.0,1857.0,820.0,1994.0,0.0,0.0,0.0,258.0,258.0,257.0
0.0,5334.0,785.0,774.0,780.0,0.0,0.0,0.0,0.0,259.0,258.0,257.0,269.0,271.0,245.0,2029.0,1340.0,1965.0,0.0,0.0,0.0,259.0,258.0,257.0
0.0,5329.0,806.0,776.0,465.0,0.0,0.0,0.0,0.0,259.0,259.0,258.0,270.0,267.0,269.0,1760.0,1849.0,1720.0,0.0,0.0,0.0,259.0,259.0,258.0
0.0,4988.0,829.0,777.0,0.0,211.0,107.0,0.0,104.0,260.0,259.0,258.0,297.0,267.0,265.0,1490.0,2047.0,1451.0,107.0,0.0,104.0,260.0,259.0,258.0
0.0,4159.0,843.0,779.0,0.0,776.0,400.0,0.0,376.0,261.0,260.0,258.0,288.0,283.0,272.0,1193.0,1780.0,1186.0,400.0,0.0,376.0,261.0,260.0,258.0
0.0,3316.0,840.0,780.0,0.0,1424.0,686.0,93.0,645.0,261.0,261.0,258.0,286.0,285.0,269.0,905.0,1497.0,914.0,686.0,93.0,645.0,261.0,261.0,258.0
0.0,2476.0,848.0,781.0,211.0,2066.0,875.0,389.0,802.0,262.0,261.0,258.0,291.0,296.0,261.0,619.0,1212.0,645.0,875.0,389.0,802.0,262.0,261.0,258.0
0.0,1839.0,830.0,782.0,776.0,2125.0,760.0,659.0,706.0,262.0,261.0,259.0,285.0,270.0,275.0,435.0,916.0,488.0,760.0,659.0,706.0,262.0,261.0,259.0
0.0,1785.0,863.0,784.0,1157.0,1841.0,559.0,865.0,417.0,263.0,262.0,259.0,280.0,294.0,289.0,550.0,646.0,589.0,559.0,865.0,417.0,263.0,262.0,259.0
0.0,2079.0,849.0,785.0,692.0,2003.0,652.0,754.0,597.0,263.0,262.0,260.0,294.0,278.0,277.0,756.0,445.0,878.0,652.0,754.0,597.0,263.0,262.0,260.0
0.0,1922.0,860.0,787.0,1960.0,913.0,106.0,602.0,205.0,264.0,262.0,261.0,289.0,275.0,296.0,663.0,556.0,703.0,106.0,602.0,205.0,264.0,262.0,261.0
0.0,3022.0,870.0,788.0,2887.0,563.0,0.0,563.0,0.0,264.0,263.0,261.0,291.0,293.0,286.0,1214.0,708.0,1100.0,0.0,563.0,0.0,264.0,263.0,261.0
0.0,5039.0,840.0,790.0,2362.0,0.0,0.0,0.0,0.0,265.0,263.0,262.0,270.0,285.0,285.0,2276.0,752.0,2011.0,0.0,0.0,0.0,265.0,263.0,262.0
0.0,6561.0,883.0,792.0,1314.0,0.0,0.0,0.0,0.0,265.0,264.0,263.0,291.0,300.0,292.0,2658.0,1580.0,2323.0,0.0,0.0,0.0,265.0,264.0,263.0
0.0,6992.0,839.0,794.0,563.0,0.0,0.0,0.0,0.0,266.0,264.0,264.0,273.0,269.0,297.0,2473.0,2283.0,2236.0,0.0,0.0,0.0,266.0,264.0,264.0
0.0,6716.0,869.0,795.0,0.0,0.0,0.0,0.0,0.0,266.0,264.0,265.0,290.0,294.0,285.0,2200.0,2577.0,1939.0,0.0,0.0,0.0,266.0,264.0,265.0
0.0,5847.0,833.0,797.0,0.0,0.0,0.0,0.0,0.0,267.0,264.0,266.0,272.0,272.0,289.0,1910.0,2283.0,1654.0,0.0,0.0,0.0,267.0,264.0,266.0
0.0,5014.0,804.0,798.0,0.0,229.0,0.0,0.0,229.0,267.0,265.0,266.0,269.0,271.0,264.0,1638.0,2011.0,1365.0,0.0,0.0,229.0,267.0,265.0,266.0
0.0,4210.0,819.0,799.0,0.0,764.0,243.0,0.0,521.0,267.0,265.0,267.0,277.0,255.0,287.0,1369.0,1740.0,1101.0,243.0,0.0,521.0,267.0,265.0,267.0
0.0,3391.0,826.0,801.0,0.0,1440.0,529.0,119.0,792.0,268.0,266.0,267.0,281.0,274.0,271.0,1092.0,1485.0,814.0,529.0,119.0,792.0,268.0,266.0,267.0
0.0,2565.0,807.0,803.0,229.0,2028.0,798.0,385.0,845.0,268.0,267.0,268.0,269.0,261.0,277.0,811.0,1211.0,543.0,798.0,385.0,845.0,268.0,267.0,268.0
0.0,1987.0,800.0,805.0,764.0,2074.0,813.0,662.0,599.0,268.0,268.0,269.0,258.0,272.0,270.0,542.0,950.0,495.0,813.0,662.0,599.0,268.0,268.0,269.0
0.0,1951.0,767.0,805.0,1440.0,1401.0,531.0,804.0,66.0,268.0,268.0,269.0,247.0,261.0,259.0,527.0,678.0,746.0,531.0,804.0,66.0,268.0,268.0,269.0
0.0,2624.0,768.0,806.0,2028.0,673.0,0.0,673.0,0.0,268.0,269.0,269.0,244.0,249.0,275.0,809.0,536.0,1279.0,0.0,673.0,0.0,268.0,269.0,269.0
0.0,3884.0,766.0,808.0,2074.0,260.0,0.0,260.0,0.0,269.0,269.0,270.0,262.0,249.0,255.0,1363.0,672.0,1849.0,0.0,260.0,0.0,269.0,269.0,270.0
0.0,5192.0,786.0,808.0,1401.0,0.0,0.0,0.0,0.0,269.0,269.0,270.0,269.0,250.0,267.0,1914.0,1085.0,2193.0,0.0,0.0,0.0,269.0,269.0,270.0
0.0,5807.0,800.0,810.0,673.0,0.0,0.0,0.0,0.0,269.0,270.0,271.0,264.0,252.0,284.0,2176.0,1639.0,1992.0,0.0,0.0,0.0,269.0,270.0,271.0
0.0,5680.0,793.0,811.0,260.0,0.0,0.0,0.0,0.0,270.0,270.0,271.0,263.0,274.0,256.0,1912.0,2060.0,1708.0,0.0,0.0,0.0,270.0,270.0,271.0
0.0,5147.0,830.0,811.0,0.0,177.0,0.0,0.0,177.0,270.0,270.0,271.0,290.0,266.0,274.0,1649.0,2046.0,1452.0,0.0,0.0,177.0,270.0,270.0,271.0
0.0,4317.0,850.0,813.0,0.0,751.0,275.0,0.0,476.0,271.0,270.0,272.0,279.0,277.0,294.0,1359.0,1780.0,1178.0,275.0,0.0,476.0,271.0,270.0,272.0
0.0,3467.0,885.0,814.0,0.0,1488.0,567.0,137.0,784.0,271.0,270.0,273.0,292.0,290.0,303.0,1080.0,1503.0,884.0,567.0,137.0,784.0,271.0,270.0,273.0
0.0,2582.0,880.0,816.0,177.0,2201.0,881.0,437.0,883.0,272.0,271.0,273.0,309.0,295.0,276.0,788.0,1213.0,581.0,881.0,437.0,883.0,272.0,271.0,273.0
0.0,1879.0,882.0,816.0,751.0,2332.0,892.0,741.0,699.0,272.0,271.0,273.0,286.0,304.0,292.0,479.0,918.0,482.0,892.0,741.0,699.0,272.0,271.0,273.0
0.0,1748.0,925.0,816.0,1488.0,1769.0,635.0,918.0,216.0,272.0,271.0,273.0,310.0,314.0,301.0,468.0,614.0,666.0,635.0,918.0,216.0,272.0,271.0,273.0
0.0,2311.0,913.0,819.0,2201.0,859.0,58.0,801.0,0.0,273.0,272.0,274.0,299.0,315.0,299.0,725.0,437.0,1149.0,58.0,801.0,0.0,273.0,272.0,274.0
0.0,3599.0,900.0,819.0,1872.0,361.0,0.0,361.0,0.0,273.0,272.0,274.0,301.0,301.0,298.0,1307.0,559.0,1733.0,0.0,361.0,0.0,273.0,272.0,274.0
0.0,4571.0,921.0,821.0,1915.0,0.0,0.0,0.0,0.0,274.0,272.0,275.0,295.0,310.0,316.0,1438.0,999.0,2134.0,0.0,0.0,0.0,274.0,272.0,275.0
0.0,5565.0,908.0,824.0,749.0,0.0,0.0,0.0,0.0,275.0,273.0,276.0,294.0,293.0,321.0,1924.0,1607.0,2034.0,0.0,0.0,0.0,275.0,273.0,276.0
0.0,5406.0,897.0,825.0,700.0,0.0,0.0,0.0,0.0,275.0,273.0,277.0,295.0,299.0,303.0,2002.0,1691.0,1713.0,0.0,0.0,0.0,275.0,273.0,277.0
0.0,5209.0,892.0,827.0,85.0,291.0,0.0,0.0,291.0,275.0,274.0,278.0,281.0,300.0,311.0,1707.0,2092.0,1410.0,0.0,0.0,291.0,275.0,274.0,278.0
0.0,4402.0,895.0,829.0,0.0,854.0,254.0,0.0,600.0,276.0,275.0,278.0,300.0,286.0,309.0,1426.0,1877.0,1099.0,254.0,0.0,600.0,276.0,275.0,278.0
0.0,3507.0,887.0,830.0,0.0,1530.0,548.0,71.0,911.0,276.0,275.0,279.0,294.0,287.0,306.0,1126.0,1591.0,790.0,548.0,71.0,911.0,276.0,275.0,279.0
0.0,2620.0,872.0,832.0,291.0,2121.0,849.0,365.0,907.0,277.0,276.0,279.0,296.0,289.0,287.0,832.0,1304.0,484.0,849.0,365.0,907.0,277.0,276.0,279.0
0.0,2039.0,863.0,833.0,854.0,2135.0,894.0,655.0,586.0,277.0,277.0,279.0,299.0,285.0,279.0,536.0,1015.0,488.0,894.0,655.0,586.0,277.0,277.0,279.0
0.0,2030.0,820.0,834.0,1530.0,1478.0,645.0,833.0,0.0,278.0,277.0,279.0,294.0,249.0,277.0,491.0,730.0,809.0,645.0,833.0,0.0,278.0,277.0,279.0
0.0,2740.0,843.0,837.0,2121.0,826.0,92.0,734.0,0.0,279.0,278.0,280.0,291.0,261.0,291.0,745.0,552.0,1443.0,92.0,734.0,0.0,279.0,278.0,280.0
0.0,4018.0,816.0,837.0,2135.0,345.0,0.0,345.0,0.0,279.0,278.0,280.0,280.0,266.0,270.0,1303.0,656.0,2059.0,0.0,345.0,0.0,279.0,278.0,280.0
0.0,5337.0,804.0,838.0,1478.0,0.0,0.0,0.0,0.0,279.0,279.0,280.0,263.0,279.0,262.0,1917.0,1045.0,2375.0,0.0,0.0,0.0,279.0,279.0,280.0
0.0,6011.0,796.0,839.0,826.0,0.0,0.0,0.0,0.0,280.0,279.0,280.0,270.0,269.0,257.0,2299.0,1599.0,2113.0,0.0,0.0,0.0,280.0,279.0,280.0
0.0,6041.0,827.0,839.0,345.0,0.0,0.0,0.0,0.0,280.0,279.0,280.0,262.0,292.0,273.0,2121.0,2064.0,1856.0,0.0,0.0,0.0,280.0,279.0,280.0
0.0,5559.0,818.0,840.0,0.0,95.0,0.0,0.0,95.0,280.0,279.0,281.0,257.0,288.0,273.0,1859.0,2117.0,1583.0,0.0,0.0,95.0,280.0,279.0,281.0
0.0,4741.0,818.0,841.0,0.0,436.0,77.0,0.0,359.0,281.0,279.0,281.0,274.0,280.0,264.0,1602.0,1829.0,1310.0,77.0,0.0,359.0,281.0,279.0,281.0
0.0,3923.0,839.0,842.0,0.0,1126.0,349.0,136.0,641.0,281.0,280.0,281.0,272.0,285.0,282.0,1328.0,1549.0,1046.0,349.0,136.0,641.0,281.0,280.0,281.0
0.0,3084.0,843.0,843.0,95.0,1879.0,625.0,427.0,827.0,281.0,280.0,282.0,276.0,291.0,276.0,1056.0,1264.0,764.0,625.0,427.0,827.0,281.0,280.0,282.0
0.0,2336.0,856.0,845.0,436.0,2309.0,838.0,719.0,752.0,282.0,281.0,282.0,285.0,287.0,284.0,780.0,973.0,583.0,838.0,719.0,752.0,282.0,281.0,282.0
0.0,1916.0,901.0,846.0,1126.0,2089.0,794.0,886.0,409.0,282.0,281.0,283.0,305.0,303.0,293.0,572.0,686.0,658.0,794.0,886.0,409.0,282.0,281.0,283.0
0.0,2141.0,921.0,847.0,1879.0,1267.0,483.0,784.0,0.0,282.0,282.0,283.0,314.0,320.0,287.0,616.0,519.0,1006.0,483.0,784.0,0.0,282.0,282.0,283.0
0.0,3099.0,942.0,849.0,2074.0,377.0,0.0,377.0,0.0,283.0,282.0,284.0,328.0,312.0,302.0,927.0,626.0,1546.0,0.0,377.0,0.0,283.0,282.0,284.0
0.0,4231.0,938.0,852.0,2112.0,0.0,0.0,0.0,0.0,284.0,283.0,285.0,318.0,319.0,301.0,1437.0,1033.0,1761.0,0.0,0.0,0.0,284.0,283.0,285.0
0.0,5405.0,951.0,853.0,1479.0,0.0,0.0,0.0,0.0,284.0,284.0,285.0,328.0,303.0,320.0,1701.0,1600.0,2104.0,0.0,0.0,0.0,284.0,284.0,285.0
0.0,5933.0,961.0,855.0,377.0,0.0,0.0,0.0,0.0,285.0,284.0,286.0,329.0,300.0,332.0,2068.0,2081.0,1784.0,0.0,0.0,0.0,285.0,284.0,286.0
0.0,5349.0,962.0,857.0,0.0,334.0,14.0,0.0,320.0,286.0,284.0,287.0,323.0,302.0,337.0,1739.0,2158.0,1452.0,14.0,0.0,320.0,286.0,284.0,287.0
0.0,4387.0,917.0,859.0,0.0,959.0,301.0,0.0,658.0,286.0,285.0,288.0,287.0,297.0,333.0,1416.0,1856.0,1115.0,301.0,0.0,658.0,286.0,285.0,288.0
0.0,3470.0,969.0,860.0,0.0,1799.0,616.0,187.0,996.0,286.0,285.0,289.0,315.0,321.0,333.0,1129.0,1559.0,782.0,616.0,187.0,996.0,286.0,285.0,289.0
0.0,2501.0,922.0,862.0,334.0,2397.0,911.0,488.0,998.0,287.0,285.0,290.0,304.0,301.0,317.0,814.0,1238.0,449.0,911.0,488.0,998.0,287.0,285.0,290.0
0.0,1913.0,938.0,863.0,959.0,2381.0,914.0,804.0,663.0,287.0,286.0,290.0,304.0,311.0,323.0,524.0,937.0,452.0,914.0,804.0,663.0,287.0,286.0,290.0
0.0,1934.0,929.0,865.0,1799.0,1528.0,606.0,922.0,0.0,288.0,286.0,291.0,303.0,305.0,321.0,521.0,626.0,787.0,606.0,922.0,0.0,288.0,286.0,291.0
0.0,2804.0,884.0,865.0,2397.0,730.0,0.0,730.0,0.0,288.0,286.0,291.0,303.0,296.0,285.0,834.0,508.0,1462.0,0.0,730.0,0.0,288.0,286.0,291.0
0.0,4317.0,904.0,867.0,2381.0,240.0,0.0,240.0,0.0,289.0,287.0,291.0,303.0,309.0,292.0,1442.0,700.0,2175.0,0.0,240.0,0.0,289.0,287.0,291.0
0.0,5794.0,894.0,868.0,1528.0,0.0,0.0,0.0,0.0,289.0,288.0,291.0,297.0,305.0,292.0,2053.0,1195.0,2546.0,0.0,0.0,0.0,289.0,288.0,291.0
0.0,6428.0,894.0,870.0,730.0,0.0,0.0,0.0,0.0,289.0,289.0,292.0,282.0,301.0,311.0,2362.0,1812.0,2254.0,0.0,0.0,0.0,289.0,289.0,292.0
0.0,6264.0,877.0,871.0,240.0,0.0,0.0,0.0,0.0,290.0,289.0,292.0,295.0,296.0,286.0,2080.0,2241.0,1943.0,0.0,0.0,0.0,290.0,289.0,292.0
0.0,5627.0,841.0,872.0,0.0,62.0,0.0,0.0,62.0,290.0,290.0,292.0,285.0,297.0,259.0,1785.0,2185.0,1657.0,0.0,0.0,62.0,290.0,290.0,292.0
0.0,4786.0,864.0,873.0,0.0,584.0,252.0,0.0,332.0,291.0,290.0,292.0,297.0,297.0,270.0,1500.0,1888.0,1398.0,252.0,0.0,332.0,291.0,290.0,292.0
0.0,3922.0,876.0,874.0,0.0,1324.0,533.0,170.0,621.0,291.0,291.0,292.0,281.0,306.0,289.0,1203.0,1591.0,1128.0,533.0,170.0,621.0,291.0,291.0,292.0
0.0,3046.0,854.0,876.0,62.0,2126.0,820.0,462.0,844.0,292.0,292.0,292.0,282.0,287.0,285.0,922.0,1285.0,839.0,820.0,462.0,844.0,292.0,292.0,292.0
0.0,2254.0,847.0,877.0,584.0,2394.0,842.0,747.0,805.0,292.0,292.0,293.0,274.0,285.0,288.0,640.0,998.0,616.0,842.0,747.0,805.0,292.0,292.0,293.0
0.0,1991.0,852.0,879.0,1324.0,1932.0,589.0,861.0,482.0,292.0,293.0,294.0,280.0,279.0,293.0,618.0,713.0,660.0,589.0,861.0,482.0,292.0,293.0,294.0
0.0,2463.0,881.0,881.0,2126.0,757.0,64.0,693.0,0.0,293.0,294.0,294.0,290.0,289.0,302.0,871.0,604.0,988.0,64.0,693.0,0.0,293.0,294.0,294.0
0.0,3708.0,868.0,882.0,2394.0,242.0,0.0,242.0,0.0,293.0,294.0,295.0,284.0,296.0,288.0,1401.0,777.0,1530.0,0.0,242.0,0.0,293.0,294.0,295.0
0.0,5234.0,925.0,884.0,1590.0,0.0,0.0,0.0,0.0,294.0,295.0,295.0,309.0,313.0,303.0,1959.0,1228.0,2047.0,0.0,0.0,0.0,294.0,295.0,295.0
0.0,5899.0,907.0,884.0,1099.0,0.0,0.0,0.0,0.0,294.0,295.0,295.0,314.0,292.0,301.0,1988.0,1776.0,2135.0,0.0,0.0,0.0,294.0,295.0,295.0
0.0,6091.0,920.0,886.0,242.0,0.0,0.0,0.0,0.0,295.0,295.0,296.0,312.0,289.0,319.0,1989.0,2177.0,1925.0,0.0,0.0,0.0,295.0,295.0,296.0
0.0,5413.0,920.0,887.0,0.0,283.0,104.0,0.0,179.0,295.0,296.0,296.0,306.0,309.0,305.0,1677.0,2130.0,1606.0,104.0,0.0,179.0,295.0,296.0,296.0
0.0,4493.0,989.0,889.0,0.0,965.0,444.0,0.0,521.0,296.0,296.0,297.0,335.0,317.0,337.0,1371.0,1821.0,1301.0,444.0,0.0,521.0,296.0,296.0,297.0
0.0,3504.0,983.0,890.0,0.0,1929.0,772.0,295.0,862.0,296.0,296.0,298.0,328.0,319.0,336.0,1036.0,1504.0,964.0,772.0,295.0,862.0,296.0,296.0,298.0
0.0,2521.0,1020.0,892.0,283.0,2676.0,992.0,650.0,1034.0,296.0,297.0,299.0,324.0,350.0,346.0,708.0,1185.0,628.0,992.0,650.0,1034.0,296.0,297.0,299.0
0.0,1784.0,990.0,894.0,965.0,2711.0,875.0,957.0,879.0,297.0,297.0,300.0,322.0,307.0,361.0,488.0,835.0,461.0,875.0,957.0,879.0,297.0,297.0,300.0
0.0,1759.0,997.0,895.0,1929.0,1784.0,445.0,986.0,353.0,298.0,297.0,300.0,337.0,324.0,336.0,610.0,528.0,621.0,445.0,986.0,353.0,298.0,297.0,300.0
0.0,2691.0,968.0,896.0,2676.0,670.0,0.0,670.0,0.0,298.0,298.0,300.0,316.0,329.0,323.0,1045.0,499.0,1147.0,0.0,670.0,0.0,298.0,298.0,300.0
0.0,4399.0,977.0,897.0,2711.0,48.0,0.0,48.0,0.0,298.0,298.0,301.0,314.0,335.0,328.0,1721.0,820.0,1858.0,0.0,48.0,0.0,298.0,298.0,301.0
0.0,6133.0,964.0,899.0,1784.0,0.0,0.0,0.0,0.0,299.0,299.0,301.0,298.0,334.0,332.0,2282.0,1442.0,2409.0,0.0,0.0,0.0,299.0,299.0,301.0
0.0,6953.0,971.0,900.0,670.0,0.0,0.0,0.0,0.0,299.0,300.0,301.0,327.0,322.0,322.0,2429.0,2094.0,2430.0,0.0,0.0,0.0,299.0,300.0,301.0
0.0,6652.0,952.0,901.0,48.0,0.0,0.0,0.0,0.0,300.0,300.0,301.0,320.0,320.0,312.0,2102.0,2442.0,2108.0,0.0,0.0,0.0,300.0,300.0,301.0
0.0,5748.0,911.0,902.0,0.0,40.0,40.0,0.0,0.0,300.0,301.0,301.0,322.0,305.0,284.0,1782.0,2170.0,1796.0,40.0,0.0,0.0,300.0,301.0,301.0
0.0,4837.0,906.0,904.0,0.0,662.0,358.0,0.0,304.0,301.0,301.0,302.0,313.0,287.0,306.0,1460.0,1865.0,1512.0,358.0,0.0,304.0,301.0,301.0,302.0
0.0,3931.0,902.0,905.0,0.0,1496.0,677.0,228.0,591.0,301.0,302.0,302.0,319.0,296.0,287.0,1147.0,1578.0,1206.0,677.0,228.0,591.0,301.0,302.0,302.0
0.0,3029.0,870.0,905.0,40.0,2326.0,948.0,510.0,868.0,301.0,302.0,302.0,311.0,282.0,277.0,828.0,1282.0,919.0,948.0,510.0,868.0,301.0,302.0,302.0
0.0,2199.0,871.0,906.0,662.0,2540.0,905.0,779.0,856.0,302.0,302.0,302.0,310.0,269.0,292.0,557.0,1000.0,642.0,905.0,779.0,856.0,302.0,302.0,302.0
0.0,1990.0,878.0,908.0,1496.0,1932.0,531.0,832.0,569.0,303.0,302.0,303.0,298.0,281.0,299.0,605.0,731.0,654.0,531.0,832.0,569.0,303.0,302.0,303.0
0.0,2608.0,855.0,909.0,2326.0,609.0,0.0,609.0,0.0,303.0,302.0,304.0,283.0,287.0,285.0,984.0,678.0,946.0,0.0,609.0,0.0,303.0,302.0,304.0
0.0,4079.0,884.0,910.0,2540.0,123.0,0.0,123.0,0.0,304.0,302.0,304.0,303.0,293.0,288.0,1649.0,901.0,1529.0,0.0,123.0,0.0,304.0,302.0,304.0
0.0,5735.0,863.0,911.0,1425.0,0.0,0.0,0.0,0.0,304.0,303.0,304.0,276.0,299.0,288.0,2251.0,1387.0,2097.0,0.0,0.0,0.0,304.0,303.0,304.0
0.0,6297.0,910.0,913.0,1116.0,0.0,0.0,0.0,0.0,305.0,303.0,305.0,294.0,306.0,310.0,2192.0,1920.0,2185.0,0.0,0.0,0.0,305.0,303.0,305.0
0.0,6503.0,924.0,914.0,123.0,0.0,0.0,0.0,0.0,305.0,304.0,305.0,300.0,326.0,298.0,2212.0,2223.0,2068.0,0.0,0.0,0.0,305.0,304.0,305.0
0.0,5702.0,929.0,917.0,0.0,67.0,0.0,0.0,67.0,306.0,305.0,306.0,300.0,322.0,307.0,1912.0,2020.0,1770.0,0.0,0.0,67.0,306.0,305.0,306.0
0.0,4773.0,968.0,917.0,0.0,780.0,242.0,155.0,383.0,306.0,305.0,306.0,324.0,328.0,316.0,1612.0,1698.0,1463.0,242.0,155.0,383.0,306.0,305.0,306.0
0.0,3805.0,1002.0,920.0,0.0,1797.0,572.0,504.0,721.0,307.0,306.0,307.0,325.0,344.0,333.0,1288.0,1370.0,1147.0,572.0,504.0,721.0,307.0,306.0,307.0
0.0,2803.0,1025.0,922.0,67.0,2765.0,903.0,855.0,1007.0,307.0,307.0,308.0,331.0,346.0,348.0,963.0,1026.0,814.0,903.0,855.0,1007.0,307.0,307.0,308.0
0.0,1845.0,1010.0,923.0,780.0,3000.0,1006.0,1031.0,963.0,307.0,307.0,309.0,345.0,331.0,334.0,632.0,680.0,533.0,1006.0,1031.0,963.0,307.0,307.0,309.0
0.0,1615.0,1018.0,925.0,1797.0,2231.0,778.0,871.0,582.0,308.0,307.0,310.0,339.0,344.0,335.0,529.0,504.0,582.0,778.0,871.0,582.0,308.0,307.0,310.0
0.0,2394.0,1030.0,926.0,2765.0,584.0,230.0,354.0,0.0,308.0,308.0,310.0,355.0,333.0,342.0,762.0,664.0,968.0,230.0,354.0,0.0,308.0,308.0,310.0
0.0,4129.0,1031.0,928.0,3000.0,0.0,0.0,0.0,0.0,309.0,309.0,310.0,344.0,339.0,348.0,1310.0,1186.0,1633.0,0.0,0.0,0.0,309.0,309.0,310.0
0.0,6098.0,1032.0,930.0,2231.0,0.0,0.0,0.0,0.0,309.0,310.0,311.0,332.0,349.0,351.0,1972.0,1878.0,2248.0,0.0,0.0,0.0,309.0,310.0,311.0
0.0,7297.0,992.0,930.0,584.0,0.0,0.0,0.0,0.0,309.0,310.0,311.0,315.0,334.0,343.0,2418.0,2400.0,2479.0,0.0,0.0,0.0,309.0,310.0,311.0
0.0,6889.0,967.0,931.0,0.0,0.0,0.0,0.0,0.0,309.0,311.0,311.0,317.0,326.0,324.0,2333.0,2420.0,2136.0,0.0,0.0,0.0,309.0,311.0,311.0
0.0,5922.0,970.0,932.0,0.0,64.0,0.0,0.0,64.0,310.0,311.0,311.0,335.0,314.0,321.0,2016.0,2094.0,1812.0,0.0,0.0,64.0,310.0,311.0,311.0
0.0,4952.0,969.0,932.0,0.0,677.0,193.0,101.0,383.0,310.0,311.0,311.0,324.0,326.0,319.0,1681.0,1780.0,1491.0,193.0,101.0,383.0,310.0,311.0,311.0
0.0,3983.0,961.0,933.0,0.0,1643.0,519.0,420.0,704.0,311.0,311.0,311.0,321.0,319.0,321.0,1357.0,1454.0,1172.0,519.0,420.0,704.0,311.0,311.0,311.0
0.0,3022.0,985.0,934.0,64.0,2569.0,858.0,750.0,961.0,311.0,312.0,311.0,339.0,325.0,321.0,1036.0,1135.0,851.0,858.0,750.0,961.0,311.0,312.0,311.0
0.0,2101.0,961.0,935.0,677.0,2858.0,978.0,973.0,907.0,311.0,312.0,312.0,313.0,324.0,324.0,697.0,810.0,594.0,978.0,973.0,907.0,311.0,312.0,312.0
0.0,1817.0,948.0,937.0,1643.0,2173.0,783.0,881.0,509.0,312.0,313.0,312.0,319.0,323.0,306.0,577.0,587.0,653.0,783.0,881.0,509.0,312.0,313.0,312.0
0.0,2512.0,955.0,938.0,2569.0,707.0,249.0,458.0,0.0,313.0,313.0,312.0,319.0,327.0,309.0,777.0,684.0,1051.0,249.0,458.0,0.0,313.0,313.0,312.0
0.0,4126.0,956.0,939.0,2702.0,0.0,0.0,0.0,0.0,313.0,313.0,313.0,326.0,316.0,314.0,1316.0,1107.0,1703.0,0.0,0.0,0.0,313.0,313.0,313.0
0.0,5872.0,933.0,941.0,2107.0,0.0,0.0,0.0,0.0,314.0,314.0,313.0,310.0,330.0,293.0,1968.0,1764.0,2140.0,0.0,0.0,0.0,314.0,314.0,313.0
0.0,7046.0,909.0,942.0,929.0,0.0,0.0,0.0,0.0,314.0,314.0,314.0,306.0,303.0,300.0,2441.0,2315.0,2290.0,0.0,0.0,0.0,314.0,314.0,314.0
0.0,7066.0,936.0,943.0,0.0,0.0,0.0,0.0,0.0,314.0,315.0,314.0,294.0,329.0,313.0,2384.0,2470.0,2212.0,0.0,0.0,0.0,314.0,315.0,314.0
0.0,6130.0,934.0,945.0,0.0,0.0,0.0,0.0,0.0,315.0,315.0,315.0,312.0,310.0,312.0,2090.0,2141.0,1899.0,0.0,0.0,0.0,315.0,315.0,315.0
0.0,5196.0,909.0,945.0,0.0,438.0,110.0,49.0,279.0,315.0,315.0,315.0,313.0,305.0,291.0,1778.0,1831.0,1587.0,110.0,49.0,279.0,315.0,315.0,315.0
0.0,4287.0,933.0,947.0,0.0,1381.0,419.0,373.0,589.0,316.0,316.0,315.0,304.0,319.0,310.0,1465.0,1526.0,1296.0,419.0,373.0,589.0,316.0,316.0,315.0
0.0,3354.0,960.0,949.0,0.0,2351.0,734.0,697.0,920.0,316.0,317.0,316.0,315.0,319.0,326.0,1161.0,1207.0,986.0,734.0,697.0,920.0,316.0,317.0,316.0
0.0,2394.0,974.0,951.0,438.0,2897.0,939.0,979.0,979.0,317.0,317.0,317.0,310.0,331.0,333.0,846.0,888.0,660.0,939.0,979.0,979.0,317.0,317.0,317.0
0.0,1858.0,975.0,952.0,1381.0,2496.0,846.0,929.0,721.0,317.0,318.0,317.0,326.0,318.0,331.0,646.0,606.0,606.0,846.0,929.0,721.0,317.0,318.0,317.0
0.0,2264.0,1022.0,954.0,2351.0,1177.0,469.0,549.0,159.0,318.0,318.0,318.0,352.0,317.0,353.0,739.0,661.0,864.0,469.0,549.0,159.0,318.0,318.0,318.0
0.0,3593.0,1025.0,957.0,2897.0,0.0,0.0,0.0,0.0,319.0,319.0,319.0,348.0,332.0,345.0,1121.0,1041.0,1431.0,0.0,0.0,0.0,319.0,319.0,319.0
0.0,5465.0,1075.0,959.0,2496.0,0.0,0.0,0.0,0.0,320.0,319.0,320.0,373.0,339.0,363.0,1712.0,1688.0,2065.0,0.0,0.0,0.0,320.0,319.0,320.0
0.0,6886.0,1027.0,960.0,1177.0,0.0,0.0,0.0,0.0,320.0,320.0,320.0,348.0,331.0,348.0,2185.0,2278.0,2423.0,0.0,0.0,0.0,320.0,320.0,320.0
0.0,7036.0,1044.0,961.0,0.0,0.0,0.0,0.0,0.0,321.0,320.0,320.0,360.0,344.0,340.0,2306.0,2496.0,2234.0,0.0,0.0,0.0,321.0,320.0,320.0
0.0,5992.0,1035.0,961.0,0.0,64.0,10.0,0.0,54.0,321.0,320.0,320.0,351.0,336.0,348.0,1946.0,2152.0,1894.0,10.0,0.0,54.0,321.0,320.0,320.0
0.0,4957.0,1058.0,963.0,0.0,916.0,369.0,140.0,407.0,322.0,321.0,320.0,354.0,351.0,353.0,1595.0,1816.0,1546.0,369.0,140.0,407.0,322.0,321.0,320.0
0.0,3899.0,1033.0,963.0,0.0,1949.0,714.0,492.0,743.0,322.0,321.0,320.0,345.0,352.0,336.0,1241.0,1465.0,1193.0,714.0,492.0,743.0,322.0,321.0,320.0
0.0,2866.0,1036.0,964.0,64.0,2926.0,1039.0,823.0,1064.0,322.0,321.0,321.0,335.0,331.0,370.0,896.0,1113.0,857.0,1039.0,823.0,1064.0,322.0,321.0,321.0
0.0,1894.0,1011.0,966.0,916.0,3031.0,1005.0,1046.0,980.0,323.0,322.0,321.0,330.0,358.0,323.0,571.0,782.0,541.0,1005.0,1046.0,980.0,323.0,322.0,321.0
0.0,1799.0,1052.0,967.0,1949.0,2139.0,660.0,904.0,575.0,324.0,322.0,321.0,364.0,350.0,338.0,610.0,564.0,625.0,660.0,904.0,575.0,324.0,322.0,321.0
0.0,2696.0,1024.0,967.0,2926.0,421.0,0.0,421.0,0.0,324.0,322.0,321.0,335.0,340.0,349.0,960.0,706.0,1030.0,0.0,421.0,0.0,324.0,322.0,321.0
0.0,4598.0,1010.0,969.0,2694.0,0.0,0.0,0.0,0.0,324.0,323.0,322.0,318.0,361.0,331.0,1664.0,1189.0,1745.0,0.0,0.0,0.0,324.0,323.0,322.0
0.0,6282.0,993.0,971.0,1926.0,0.0,0.0,0.0,0.0,324.0,324.0,323.0,331.0,343.0,319.0,2351.0,1874.0,2057.0,0.0,0.0,0.0,324.0,324.0,323.0
0.0,7215.0,977.0,972.0,825.0,0.0,0.0,0.0,0.0,325.0,325.0,322.0,343.0,330.0,304.0,2680.0,2112.0,2423.0,0.0,0.0,0.0,325.0,325.0,322.0
0.0,7063.0,973.0,973.0,146.0,0.0,0.0,0.0,0.0,325.0,325.0,323.0,331.0,322.0,320.0,2337.0,2380.0,2346.0,0.0,0.0,0.0,325.0,325.0,323.0
0.0,6236.0,1003.0,976.0,0.0,0.0,0.0,0.0,0.0,326.0,326.0,324.0,345.0,324.0,334.0,2006.0,2204.0,2026.0,0.0,0.0,0.0,326.0,326.0,324.0
0.0,5233.0,972.0,978.0,0.0,629.0,306.0,80.0,243.0,326.0,327.0,325.0,337.0,325.0,310.0,1661.0,1880.0,1692.0,306.0,80.0,243.0,326.0,327.0,325.0
0.0,4261.0,969.0,980.0,0.0,1608.0,634.0,401.0,573.0,327.0,328.0,325.0,323.0,316.0,330.0,1324.0,1555.0,1382.0,634.0,401.0,573.0,327.0,328.0,325.0
0.0,3292.0,975.0,981.0,0.0,2588.0,950.0,720.0,918.0,327.0,328.0,326.0,316.0,319.0,340.0,1001.0,1239.0,1052.0,950.0,720.0,918.0,327.0,328.0,326.0
0.0,2317.0,952.0,984.0,629.0,2926.0,958.0,951.0,1017.0,328.0,329.0,327.0,309.0,306.0,337.0,685.0,920.0,712.0,958.0,951.0,1017.0,328.0,329.0,327.0
0.0,1994.0,971.0,985.0,1608.0,2294.0,636.0,866.0,792.0,328.0,329.0,328.0,312.0,316.0,343.0,682.0,694.0,618.0,636.0,866.0,792.0,328.0,329.0,328.0
0.0,2631.0,977.0,987.0,2588.0,700.0,0.0,483.0,217.0,328.0,330.0,329.0,307.0,332.0,338.0,1004.0,779.0,848.0,0.0,483.0,217.0,328.0,330.0,329.0
0.0,4242.0,1015.0,989.0,2926.0,0.0,0.0,0.0,0.0,329.0,330.0,330.0,337.0,330.0,348.0,1647.0,1167.0,1428.0,0.0,0.0,0.0,329.0,330.0,330.0
0.0,6153.0,1027.0,990.0,2294.0,0.0,0.0,0.0,0.0,330.0,330.0,330.0,348.0,341.0,338.0,2268.0,1788.0,2097.0,0.0,0.0,0.0,330.0,330.0,330.0
0.0,7420.0,1026.0,991.0,700.0,0.0,0.0,0.0,0.0,330.0,330.0,331.0,331.0,341.0,354.0,2556.0,2313.0,2551.0,0.0,0.0,0.0,330.0,330.0,331.0
0.0,7094.0,1056.0,993.0,0.0,0.0,0.0,0.0,0.0,331.0,331.0,331.0,341.0,363.0,352.0,2225.0,2455.0,2414.0,0.0,0.0,0.0,331.0,331.0,331.0
0.0,6038.0,1037.0,993.0,0.0,114.0,114.0,0.0,0.0,331.0,331.0,331.0,343.0,352.0,342.0,1884.0,2092.0,2062.0,114.0,0.0,0.0,331.0,331.0,331.0
0.0,5001.0,1071.0,994.0,0.0,1040.0,470.0,271.0,299.0,331.0,331.0,332.0,356.0,356.0,359.0,1541.0,1740.0,1720.0,470.0,271.0,299.0,331.0,331.0,332.0
0.0,3930.0,1033.0,994.0,0.0,2073.0,809.0,627.0,637.0,331.0,331.0,332.0,339.0,356.0,338.0,1185.0,1384.0,1361.0,809.0,627.0,637.0,331.0,331.0,332.0
0.0,2897.0,1085.0,995.0,114.0,3049.0,1052.0,1004.0,993.0,331.0,332.0,332.0,357.0,372.0,356.0,846.0,1028.0,1023.0,1052.0,1004.0,993.0,331.0,332.0,332.0
0.0,1926.0,1095.0,997.0,1040.0,3114.0,963.0,1106.0,1045.0,332.0,333.0,332.0,376.0,368.0,351.0,603.0,656.0,667.0,963.0,1106.0,1045.0,332.0,333.0,332.0
0.0,1871.0,1088.0,997.0,2073.0,2129.0,512.0,854.0,763.0,332.0,333.0,332.0,358.0,375.0,355.0,697.0,559.0,615.0,512.0,854.0,763.0,332.0,333.0,332.0
0.0,2856.0,1071.0,999.0,3049.0,332.0,0.0,215.0,117.0,333.0,334.0,332.0,364.0,360.0,347.0,1148.0,811.0,897.0,0.0,215.0,117.0,333.0,334.0,332.0
0.0,4834.0,1054.0,1001.0,2551.0,0.0,0.0,0.0,0.0,334.0,334.0,333.0,348.0,346.0,360.0,1836.0,1455.0,1543.0,0.0,0.0,0.0,334.0,334.0,333.0
0.0,6331.0,1071.0,1003.0,1996.0,0.0,0.0,0.0,0.0,334.0,335.0,334.0,366.0,355.0,350.0,1922.0,2215.0,2194.0,0.0,0.0,0.0,334.0,335.0,334.0
0.0,7256.0,1039.0,1004.0,1028.0,0.0,0.0,0.0,0.0,335.0,335.0,334.0,350.0,341.0,348.0,2434.0,2714.0,2108.0,0.0,0.0,0.0,335.0,335.0,334.0
0.0,7245.0,1024.0,1005.0,0.0,0.0,0.0,0.0,0.0,335.0,336.0,334.0,345.0,338.0,341.0,2247.0,2588.0,2410.0,0.0,0.0,0.0,335.0,336.0,334.0
0.0,6221.0,1069.0,1007.0,0.0,150.0,150.0,0.0,0.0,336.0,336.0,335.0,372.0,349.0,348.0,1902.0,2250.0,2069.0,150.0,0.0,0.0,336.0,336.0,335.0
0.0,5152.0,1036.0,1008.0,0.0,924.0,496.0,119.0,309.0,336.0,336.0,336.0,346.0,340.0,350.0,1530.0,1901.0,1721.0,496.0,119.0,309.0,336.0,336.0,336.0
0.0,4116.0,1008.0,1009.0,0.0,1937.0,839.0,449.0,649.0,337.0,336.0,336.0,338.0,330.0,340.0,1184.0,1561.0,1371.0,839.0,449.0,649.0,337.0,336.0,336.0
0.0,3108.0,1014.0,1011.0,150.0,2811.0,1038.0,787.0,986.0,337.0,337.0,337.0,349.0,333.0,332.0,846.0,1231.0,1031.0,1038.0,787.0,986.0,337.0,337.0,337.0
0.0,2244.0,1003.0,1012.0,924.0,2895.0,891.0,991.0,1013.0,338.0,337.0,337.0,344.0,323.0,336.0,647.0,898.0,699.0,891.0,991.0,1013.0,338.0,337.0,337.0
0.0,2165.0,1016.0,1014.0,1937.0,1984.0,407.0,865.0,712.0,339.0,337.0,338.0,350.0,323.0,343.0,799.0,694.0,672.0,407.0,865.0,712.0,339.0,337.0,338.0
0.0,3086.0,996.0,1014.0,2811.0,472.0,0.0,420.0,52.0,339.0,337.0,338.0,328.0,342.0,326.0,1288.0,820.0,978.0,0.0,420.0,52.0,339.0,337.0,338.0
0.0,4901.0,1033.0,1017.0,2895.0,0.0,0.0,0.0,0.0,340.0,338.0,339.0,340.0,351.0,342.0,1998.0,1265.0,1638.0,0.0,0.0,0.0,340.0,338.0,339.0
0.0,6763.0,1029.0,1018.0,1984.0,0.0,0.0,0.0,0.0,340.0,338.0,340.0,338.0,347.0,344.0,2549.0,1905.0,2309.0,0.0,0.0,0.0,340.0,338.0,340.0
0.0,7718.0,1007.0,1021.0,472.0,0.0,0.0,0.0,0.0,341.0,339.0,341.0,324.0,338.0,345.0,2618.0,2423.0,2677.0,0.0,0.0,0.0,341.0,339.0,341.0
0.0,7183.0,1045.0,1023.0,0.0,0.0,0.0,0.0,0.0,341.0,340.0,342.0,334.0,349.0,362.0,2294.0,2505.0,2384.0,0.0,0.0,0.0,341.0,340.0,342.0
0.0,6138.0,1034.0,1023.0,0.0,115.0,76.0,0.0,39.0,341.0,340.0,342.0,331.0,352.0,351.0,1960.0,2156.0,2022.0,76.0,0.0,39.0,341.0,340.0,342.0
0.0,5104.0,1073.0,1027.0,0.0,1104.0,453.0,256.0,395.0,343.0,341.0,343.0,367.0,355.0,351.0,1629.0,1804.0,1671.0,453.0,256.0,395.0,343.0,341.0,343.0
0.0,4031.0,1048.0,1027.0,0.0,2152.0,801.0,601.0,750.0,343.0,341.0,343.0,348.0,345.0,355.0,1262.0,1449.0,1320.0,801.0,601.0,750.0,343.0,341.0,343.0
0.0,2983.0,1080.0,1028.0,115.0,3122.0,1084.0,969.0,1069.0,343.0,342.0,343.0,359.0,363.0,358.0,914.0,1104.0,965.0,1084.0,969.0,1069.0,343.0,342.0,343.0
0.0,2018.0,1066.0,1029.0,1104.0,3089.0,992.0,1076.0,1021.0,343.0,343.0,343.0,361.0,358.0,347.0,631.0,741.0,646.0,992.0,1076.0,1021.0,343.0,343.0,343.0
0.0,2056.0,1106.0,1030.0,2152.0,2048.0,564.0,826.0,658.0,343.0,343.0,344.0,373.0,351.0,382.0,723.0,639.0,694.0,564.0,826.0,658.0,343.0,343.0,344.0
0.0,3102.0,1098.0,1031.0,3122.0,203.0,0.0,203.0,0.0,344.0,343.0,344.0,379.0,346.0,373.0,1151.0,889.0,1062.0,0.0,203.0,0.0,344.0,343.0,344.0
0.0,5126.0,1106.0,1031.0,2203.0,0.0,0.0,0.0,0.0,344.0,343.0,344.0,386.0,354.0,366.0,1856.0,1512.0,1758.0,0.0,0.0,0.0,344.0,343.0,344.0
0.0,6223.0,1089.0,1034.0,2066.0,0.0,0.0,0.0,0.0,345.0,344.0,345.0,371.0,359.0,359.0,2122.0,1835.0,2266.0,0.0,0.0,0.0,345.0,344.0,345.0
0.0,7200.0,1096.0,1034.0,1071.0,0.0,0.0,0.0,0.0,345.0,344.0,345.0,371.0,369.0,356.0,2655.0,2200.0,2345.0,0.0,0.0,0.0,345.0,344.0,345.0
0.0,7175.0,1097.0,1035.0,0.0,0.0,0.0,0.0,0.0,345.0,345.0,345.0,356.0,376.0,365.0,2284.0,2535.0,2356.0,0.0,0.0,0.0,345.0,345.0,345.0
0.0,6078.0,1071.0,1036.0,0.0,251.0,159.0,0.0,92.0,346.0,345.0,345.0,357.0,356.0,358.0,1928.0,2159.0,1991.0,159.0,0.0,92.0,346.0,345.0,345.0
0.0,5007.0,1124.0,1038.0,0.0,1307.0,551.0,299.0,457.0,347.0,345.0,346.0,387.0,377.0,360.0,1571.0,1803.0,1633.0,551.0,299.0,457.0,347.0,345.0,346.0
0.0,3883.0,1122.0,1039.0,0.0,2434.0,921.0,682.0,831.0,347.0,346.0,346.0,370.0,378.0,374.0,1184.0,1426.0,1273.0,921.0,682.0,831.0,347.0,346.0,346.0
0.0,2761.0,1075.0,1040.0,251.0,3263.0,1115.0,1045.0,1103.0,347.0,346.0,347.0,353.0,363.0,359.0,814.0,1048.0,899.0,1115.0,1045.0,1103.0,347.0,346.0,347.0
0.0,1937.0,1070.0,1041.0,1307.0,3031.0,918.0,1107.0,1006.0,348.0,346.0,347.0,349.0,361.0,360.0,620.0,685.0,632.0,918.0,1107.0,1006.0,348.0,346.0,347.0
0.0,2174.0,1103.0,1043.0,2434.0,1710.0,349.0,812.0,549.0,348.0,347.0,348.0,352.0,382.0,369.0,822.0,623.0,729.0,349.0,812.0,549.0,348.0,347.0,348.0
0.0,3505.0,1074.0,1046.0,3263.0,132.0,0.0,132.0,0.0,349.0,348.0,349.0,361.0,360.0,353.0,1391.0,923.0,1191.0,0.0,132.0,0.0,349.0,348.0,349.0
0.0,5694.0,1081.0,1048.0,3031.0,0.0,0.0,0.0,0.0,349.0,349.0,350.0,360.0,363.0,358.0,2145.0,1608.0,1941.0,0.0,0.0,0.0,349.0,349.0,350.0
0.0,7644.0,1054.0,1048.0,1710.0,0.0,0.0,0.0,0.0,349.0,349.0,350.0,350.0,351.0,353.0,2703.0,2352.0,2589.0,0.0,0.0,0.0,349.0,349.0,350.0
0.0,8300.0,1059.0,1050.0,132.0,0.0,0.0,0.0,0.0,349.0,350.0,351.0,341.0,347.0,371.0,2702.0,2813.0,2785.0,0.0,0.0,0.0,349.0,350.0,351.0
0.0,7373.0,1034.0,1052.0,0.0,0.0,0.0,0.0,0.0,350.0,350.0,352.0,361.0,333.0,340.0,2361.0,2598.0,2414.0,0.0,0.0,0.0,350.0,350.0,352.0
0.0,6339.0,1046.0,1053.0,0.0,145.0,104.0,0.0,41.0,351.0,350.0,352.0,349.0,342.0,355.0,2000.0,2265.0,2074.0,104.0,0.0,41.0,351.0,350.0,352.0
0.0,5293.0,1026.0,1054.0,0.0,1003.0,443.0,164.0,396.0,351.0,351.0,352.0,339.0,332.0,355.0,1651.0,1923.0,1719.0,443.0,164.0,396.0,351.0,351.0,352.0
0.0,4267.0,1016.0,1055.0,0.0,2024.0,788.0,498.0,738.0,352.0,351.0,352.0,340.0,334.0,342.0,1312.0,1591.0,1364.0,788.0,498.0,738.0,352.0,351.0,352.0
0.0,3251.0,1049.0,1057.0,145.0,2938.0,1029.0,847.0,1062.0,353.0,351.0,353.0,340.0,349.0,360.0,972.0,1257.0,1022.0,1029.0,847.0,1062.0,353.0,351.0,353.0
0.0,2347.0,1040.0,1057.0,1003.0,2975.0,905.0,1032.0,1038.0,352.0,352.0,353.0,324.0,344.0,372.0,736.0,908.0,703.0,905.0,1032.0,1038.0,352.0,352.0,353.0
0.0,2310.0,1103.0,1059.0,2024.0,2064.0,481.0,907.0,676.0,353.0,352.0,354.0,359.0,373.0,371.0,855.0,728.0,727.0,481.0,907.0,676.0,353.0,352.0,354.0
0.0,3231.0,1088.0,1060.0,2938.0,423.0,0.0,423.0,0.0,353.0,353.0,354.0,357.0,358.0,373.0,1284.0,853.0,1094.0,0.0,423.0,0.0,353.0,353.0,354.0
0.0,5081.0,1109.0,1061.0,2158.0,0.0,0.0,0.0,0.0,354.0,353.0,354.0,367.0,375.0,367.0,1956.0,1342.0,1783.0,0.0,0.0,0.0,354.0,353.0,354.0
0.0,6130.0,1110.0,1062.0,2198.0,0.0,0.0,0.0,0.0,354.0,353.0,355.0,377.0,378.0,355.0,2197.0,1882.0,2051.0,0.0,0.0,0.0,354.0,353.0,355.0
0.0,7218.0,1139.0,1064.0,1106.0,0.0,0.0,0.0,0.0,355.0,354.0,355.0,395.0,369.0,375.0,2598.0,2162.0,2458.0,0.0,0.0,0.0,355.0,354.0,355.0
0.0,7185.0,1111.0,1065.0,0.0,0.0,0.0,0.0,0.0,356.0,354.0,355.0,381.0,368.0,362.0,2203.0,2582.0,2400.0,0.0,0.0,0.0,356.0,354.0,355.0
0.0,6074.0,1133.0,1066.0,0.0,455.0,337.0,0.0,118.0,356.0,354.0,356.0,379.0,378.0,376.0,1822.0,2214.0,2038.0,337.0,0.0,118.0,356.0,354.0,356.0
0.0,4941.0,1176.0,1067.0,0.0,1570.0,737.0,328.0,505.0,357.0,354.0,356.0,395.0,394.0,387.0,1443.0,1836.0,1662.0,737.0,328.0,505.0,357.0,354.0,356.0
0.0,3765.0,1172.0,1069.0,0.0,2752.0,1129.0,739.0,884.0,357.0,355.0,357.0,392.0,406.0,374.0,1048.0,1442.0,1275.0,1129.0,739.0,884.0,357.0,355.0,357.0
0.0,2593.0,1136.0,1070.0,455.0,3438.0,1164.0,1133.0,1141.0,357.0,356.0,357.0,372.0,389.0,375.0,656.0,1036.0,901.0,1164.0,1133.0,1141.0,357.0,356.0,357.0
0.0,1912.0,1145.0,1073.0,1570.0,3028.0,814.0,1203.0,1011.0,358.0,357.0,358.0,382.0,393.0,370.0,621.0,647.0,644.0,814.0,1203.0,1011.0,358.0,357.0,358.0
0.0,2337.0,1134.0,1073.0,2752.0,1410.0,56.0,852.0,502.0,358.0,357.0,358.0,371.0,388.0,375.0,976.0,582.0,779.0,56.0,852.0,502.0,358.0,357.0,358.0
0.0,3955.0,1150.0,1075.0,3438.0,128.0,0.0,128.0,0.0,359.0,358.0,358.0,375.0,404.0,371.0,1734.0,933.0,1288.0,0.0,128.0,0.0,359.0,358.0,358.0
0.0,6243.0,1115.0,1077.0,3028.0,0.0,0.0,0.0,0.0,359.0,359.0,359.0,361.0,369.0,385.0,2523.0,1662.0,2058.0,0.0,0.0,0.0,359.0,359.0,359.0
0.0,8156.0,1129.0,1078.0,1410.0,0.0,0.0,0.0,0.0,359.0,359.0,360.0,380.0,363.0,386.0,2976.0,2496.0,2684.0,0.0,0.0,0.0,359.0,359.0,360.0
0.0,8437.0,1095.0,1080.0,128.0,0.0,0.0,0.0,0.0,360.0,360.0,360.0,384.0,361.0,350.0,2652.0,2985.0,2800.0,0.0,0.0,0.0,360.0,360.0,360.0
0.0,7470.0,1114.0,1082.0,0.0,0.0,0.0,0.0,0.0,361.0,360.0,361.0,379.0,358.0,377.0,2268.0,2752.0,2450.0,0.0,0.0,0.0,361.0,360.0,361.0
0.0,6356.0,1067.0,1082.0,0.0,382.0,293.0,0.0,89.0,361.0,360.0,361.0,377.0,333.0,357.0,1889.0,2394.0,2073.0,293.0,0.0,89.0,361.0,360.0,361.0
0.0,5289.0,1067.0,1084.0,0.0,1198.0,628.0,96.0,474.0,361.0,361.0,362.0,335.0,352.0,380.0,1512.0,2061.0,1716.0,628.0,96.0,474.0,361.0,361.0,362.0
0.0,4222.0,1082.0,1085.0,0.0,2285.0,995.0,443.0,847.0,361.0,361.0,363.0,367.0,347.0,368.0,1177.0,1709.0,1336.0,995.0,443.0,847.0,361.0,361.0,363.0
0.0,3140.0,1083.0,1086.0,382.0,2991.0,1067.0,796.0,1128.0,362.0,361.0,363.0,360.0,353.0,370.0,810.0,1362.0,968.0,1067.0,796.0,1128.0,362.0,361.0,363.0
0.0,2439.0,1072.0,1087.0,1198.0,2870.0,794.0,1049.0,1027.0,362.0,361.0,364.0,355.0,349.0,368.0,743.0,1009.0,687.0,794.0,1049.0,1027.0,362.0,361.0,364.0
0.0,2565.0,1082.0,1088.0,2285.0,1672.0,147.0,980.0,545.0,362.0,362.0,364.0,348.0,369.0,365.0,1016.0,756.0,793.0,147.0,980.0,545.0,362.0,362.0,364.0
0.0,3768.0,1095.0,1091.0,2937.0,566.0,0.0,566.0,0.0,363.0,363.0,365.0,355.0,377.0,363.0,1663.0,830.0,1275.0,0.0,566.0,0.0,363.0,363.0,365.0
0.0,5610.0,1111.0,1091.0,2101.0,0.0,0.0,0.0,0.0,363.0,363.0,365.0,361.0,378.0,372.0,2321.0,1249.0,2040.0,0.0,0.0,0.0,363.0,363.0,365.0
0.0,6600.0,1117.0,1093.0,2091.0,0.0,0.0,0.0,0.0,364.0,364.0,365.0,360.0,386.0,371.0,2442.0,1920.0,2238.0,0.0,0.0,0.0,364.0,364.0,365.0
0.0,7574.0,1114.0,1094.0,895.0,0.0,0.0,0.0,0.0,364.0,364.0,366.0,366.0,375.0,373.0,2595.0,2295.0,2684.0,0.0,0.0,0.0,364.0,364.0,366.0
0.0,7355.0,1156.0,1096.0,75.0,0.0,0.0,0.0,0.0,365.0,365.0,366.0,390.0,379.0,387.0,2229.0,2630.0,2496.0,0.0,0.0,0.0,365.0,365.0,366.0
0.0,6274.0,1127.0,1096.0,0.0,449.0,364.0,0.0,85.0,365.0,365.0,366.0,378.0,385.0,364.0,1839.0,2326.0,2109.0,364.0,0.0,85.0,365.0,365.0,366.0
0.0,5147.0,1184.0,1099.0,0.0,1532.0,774.0,287.0,471.0,366.0,366.0,367.0,405.0,398.0,381.0,1461.0,1941.0,1745.0,774.0,287.0,471.0,366.0,366.0,367.0
0.0,3963.0,1180.0,1101.0,0.0,2722.0,1181.0,693.0,848.0,367.0,367.0,367.0,402.0,401.0,377.0,1056.0,1543.0,1364.0,1181.0,693.0,848.0,367.0,367.0,367.0
0.0,2783.0,1177.0,1102.0,449.0,3455.0,1213.0,1099.0,1143.0,367.0,368.0,367.0,396.0,401.0,380.0,654.0,1142.0,987.0,1213.0,1099.0,1143.0,367.0,368.0,367.0
0.0,2055.0,1188.0,1104.0,1532.0,3121.0,840.0,1212.0,1069.0,367.0,369.0,368.0,401.0,395.0,392.0,622.0,741.0,692.0,840.0,1212.0,1069.0,367.0,369.0,368.0
0.0,2399.0,1193.0,1106.0,2722.0,1602.0,57.0,919.0,626.0,368.0,370.0,368.0,393.0,395.0,405.0,995.0,633.0,771.0,57.0,919.0,626.0,368.0,370.0,368.0
0.0,3928.0,1188.0,1107.0,3455.0,218.0,0.0,218.0,0.0,368.0,370.0,369.0,403.0,398.0,387.0,1783.0,931.0,1214.0,0.0,218.0,0.0,368.0,370.0,369.0
0.0,6195.0,1177.0,1109.0,3121.0,0.0,0.0,0.0,0.0,369.0,370.0,370.0,396.0,384.0,397.0,2593.0,1632.0,1970.0,0.0,0.0,0.0,369.0,370.0,370.0
0.0,8139.0,1160.0,1111.0,1602.0,0.0,0.0,0.0,0.0,370.0,371.0,370.0,384.0,386.0,390.0,3037.0,2460.0,2642.0,0.0,0.0,0.0,370.0,371.0,370.0
0.0,8581.0,1154.0,1111.0,218.0,0.0,0.0,0.0,0.0,369.0,371.0,371.0,376.0,392.0,386.0,2710.0,2993.0,2878.0,0.0,0.0,0.0,369.0,371.0,371.0
0.0,7645.0,1188.0,1113.0,0.0,0.0,0.0,0.0,0.0,370.0,372.0,371.0,387.0,401.0,400.0,2334.0,2819.0,2492.0,0.0,0.0,0.0,370.0,372.0,371.0
0.0,6457.0,1186.0,1114.0,0.0,465.0,296.0,0.0,169.0,370.0,372.0,372.0,393.0,392.0,401.0,1947.0,2418.0,2092.0,296.0,0.0,169.0,370.0,372.0,372.0
0.0,5271.0,1181.0,1117.0,0.0,1495.0,685.0,225.0,585.0,371.0,373.0,373.0,384.0,386.0,411.0,1554.0,2026.0,1691.0,685.0,225.0,585.0,371.0,373.0,373.0
0.0,4090.0,1152.0,1118.0,0.0,2652.0,1079.0,606.0,967.0,372.0,373.0,373.0,389.0,381.0,382.0,1170.0,1640.0,1280.0,1079.0,606.0,967.0,372.0,373.0,373.0
0.0,2938.0,1149.0,1119.0,465.0,3341.0,1165.0,992.0,1184.0,372.0,373.0,374.0,382.0,386.0,381.0,781.0,1259.0,898.0,1165.0,992.0,1184.0,372.0,373.0,374.0
0.0,2254.0,1118.0,1120.0,1495.0,2969.0,869.0,1126.0,974.0,373.0,373.0,374.0,384.0,359.0,375.0,695.0,873.0,686.0,869.0,1126.0,974.0,373.0,373.0,374.0
0.0,2631.0,1154.0,1122.0,2652.0,1481.0,168.0,913.0,400.0,373.0,374.0,375.0,378.0,388.0,388.0,996.0,739.0,896.0,168.0,913.0,400.0,373.0,374.0,375.0
0.0,4129.0,1128.0,1123.0,3208.0,305.0,0.0,305.0,0.0,374.0,374.0,375.0,379.0,384.0,365.0,1697.0,957.0,1475.0,0.0,305.0,0.0,374.0,374.0,375.0
0.0,6209.0,1094.0,1124.0,2300.0,0.0,0.0,0.0,0.0,374.0,375.0,375.0,359.0,370.0,365.0,2350.0,1565.0,2294.0,0.0,0.0,0.0,374.0,375.0,375.0
0.0,7415.0,1121.0,1126.0,1802.0,0.0,0.0,0.0,0.0,374.0,376.0,376.0,375.0,379.0,367.0,2435.0,2077.0,2903.0,0.0,0.0,0.0,374.0,376.0,376.0
0.0,8096.0,1110.0,1128.0,786.0,0.0,0.0,0.0,0.0,375.0,377.0,376.0,364.0,375.0,371.0,2786.0,2374.0,2936.0,0.0,0.0,0.0,375.0,377.0,376.0
0.0,7772.0,1108.0,1128.0,0.0,0.0,0.0,0.0,0.0,375.0,377.0,376.0,370.0,364.0,374.0,2422.0,2785.0,2565.0,0.0,0.0,0.0,375.0,377.0,376.0
0.0,6664.0,1121.0,1131.0,0.0,257.0,194.0,0.0,63.0,376.0,378.0,377.0,366.0,386.0,369.0,2052.0,2421.0,2191.0,194.0,0.0,63.0,376.0,378.0,377.0
0.0,5543.0,1124.0,1133.0,0.0,1246.0,577.0,237.0,432.0,377.0,379.0,377.0,378.0,377.0,369.0,1686.0,2035.0,1822.0,577.0,237.0,432.0,377.0,379.0,377.0
0.0,4419.0,1126.0,1132.0,0.0,2367.0,950.0,601.0,816.0,377.0,378.0,377.0,373.0,369.0,384.0,1308.0,1658.0,1453.0,950.0,601.0,816.0,377.0,378.0,377.0
0.0,3293.0,1189.0,1134.0,257.0,3309.0,1163.0,1007.0,1139.0,378.0,379.0,377.0,402.0,401.0,386.0,935.0,1289.0,1069.0,1163.0,1007.0,1139.0,378.0,379.0,377.0
0.0,2361.0,1153.0,1135.0,1246.0,3221.0,971.0,1162.0,1088.0,378.0,380.0,377.0,385.0,387.0,381.0,727.0,888.0,746.0,971.0,1162.0,1088.0,378.0,380.0,377.0
0.0,2454.0,1193.0,1137.0,2367.0,2057.0,424.0,948.0,685.0,379.0,380.0,378.0,398.0,387.0,408.0,919.0,738.0,797.0,424.0,948.0,685.0,379.0,380.0,378.0
0.0,3628.0,1233.0,1138.0,3309.0,346.0,0.0,346.0,0.0,379.0,380.0,379.0,415.0,405.0,413.0,1471.0,952.0,1205.0,0.0,346.0,0.0,379.0,380.0,379.0
0.0,5704.0,1246.0,1141.0,3221.0,0.0,0.0,0.0,0.0,380.0,381.0,380.0,429.0,413.0,404.0,2219.0,1554.0,1931.0,0.0,0.0,0.0,380.0,381.0,380.0
0.0,7679.0,1232.0,1143.0,2057.0,0.0,0.0,0.0,0.0,381.0,382.0,380.0,418.0,413.0,401.0,2761.0,2303.0,2615.0,0.0,0.0,0.0,381.0,382.0,380.0
0.0,8504.0,1226.0,1144.0,346.0,0.0,0.0,0.0,0.0,381.0,382.0,381.0,411.0,389.0,426.0,2767.0,2838.0,2899.0,0.0,0.0,0.0,381.0,382.0,381.0
0.0,7624.0,1242.0,1145.0,0.0,0.0,0.0,0.0,0.0,381.0,382.0,382.0,397.0,417.0,428.0,2356.0,2795.0,2473.0,0.0,0.0,0.0,381.0,382.0,382.0
0.0,6382.0,1241.0,1148.0,0.0,644.0,355.0,0.0,289.0,382.0,383.0,383.0,404.0,418.0,419.0,1959.0,2378.0,2045.0,355.0,0.0,289.0,382.0,383.0,383.0
0.0,5141.0,1230.0,1149.0,0.0,1834.0,756.0,372.0,706.0,382.0,383.0,384.0,401.0,417.0,412.0,1555.0,1960.0,1626.0,756.0,372.0,706.0,382.0,383.0,384.0
0.0,3911.0,1264.0,1152.0,0.0,3113.0,1175.0,798.0,1140.0,383.0,384.0,385.0,414.0,421.0,429.0,1154.0,1543.0,1214.0,1175.0,798.0,1140.0,383.0,384.0,385.0
0.0,2647.0,1221.0,1153.0,644.0,3695.0,1227.0,1212.0,1256.0,384.0,384.0,385.0,402.0,414.0,405.0,740.0,1122.0,785.0,1227.0,1212.0,1256.0,384.0,384.0,385.0
0.0,2070.0,1208.0,1155.0,1834.0,3079.0,854.0,1249.0,976.0,384.0,385.0,386.0,383.0,404.0,421.0,693.0,708.0,669.0,854.0,1249.0,976.0,384.0,385.0,386.0
0.0,2696.0,1203.0,1156.0,3113.0,1174.0,99.0,838.0,237.0,385.0,385.0,386.0,415.0,387.0,401.0,1066.0,676.0,954.0,99.0,838.0,237.0,385.0,385.0,386.0
0.0,4606.0,1190.0,1158.0,3623.0,102.0,0.0,102.0,0.0,385.0,386.0,387.0,394.0,399.0,397.0,1826.0,1087.0,1693.0,0.0,102.0,0.0,385.0,386.0,387.0
0.0,7039.0,1169.0,1159.0,1525.0,0.0,0.0,0.0,0.0,385.0,386.0,388.0,389.0,384.0,396.0,2659.0,1828.0,2552.0,0.0,0.0,0.0,385.0,386.0,388.0
0.0,7395.0,1184.0,1161.0,2800.0,0.0,0.0,0.0,0.0,386.0,387.0,388.0,409.0,382.0,393.0,2524.0,2190.0,2681.0,0.0,0.0,0.0,386.0,387.0,388.0
0.0,9011.0,1141.0,1163.0,102.0,0.0,0.0,0.0,0.0,387.0,388.0,388.0,393.0,387.0,361.0,2814.0,3221.0,2976.0,0.0,0.0,0.0,387.0,388.0,388.0
0.0,7972.0,1151.0,1164.0,0.0,0.0,0.0,0.0,0.0,387.0,389.0,388.0,386.0,382.0,383.0,2421.0,2936.0,2615.0,0.0,0.0,0.0,387.0,389.0,388.0
0.0,6821.0,1137.0,1165.0,0.0,375.0,292.0,0.0,83.0,388.0,389.0,388.0,387.0,375.0,375.0,2035.0,2554.0,2232.0,292.0,0.0,83.0,388.0,389.0,388.0
0.0,5684.0,1123.0,1165.0,0.0,1264.0,680.0,133.0,451.0,388.0,389.0,388.0,388.0,367.0,368.0,1648.0,2179.0,1857.0,680.0,133.0,451.0,388.0,389.0,388.0
0.0,4561.0,1131.0,1167.0,0.0,2405.0,1072.0,504.0,829.0,389.0,389.0,389.0,387.0,371.0,373.0,1260.0,1812.0,1489.0,1072.0,504.0,829.0,389.0,389.0,389.0
0.0,3430.0,1100.0,1167.0,375.0,3130.0,1146.0,876.0,1108.0,389.0,389.0,389.0,366.0,372.0,362.0,873.0,1441.0,1116.0,1146.0,876.0,1108.0,389.0,389.0,389.0
0.0,2705.0,1163.0,1168.0,1264.0,3034.0,870.0,1128.0,1036.0,390.0,389.0,389.0,399.0,385.0,379.0,799.0,1069.0,837.0,870.0,1128.0,1036.0,390.0,389.0,389.0
0.0,2806.0,1186.0,1170.0,2405.0,1825.0,198.0,1042.0,585.0,391.0,390.0,389.0,395.0,413.0,378.0,1080.0,817.0,909.0,198.0,1042.0,585.0,391.0,390.0,389.0
0.0,4025.0,1195.0,1170.0,3130.0,569.0,0.0,569.0,0.0,391.0,390.0,389.0,391.0,403.0,401.0,1757.0,908.0,1360.0,0.0,569.0,0.0,391.0,390.0,389.0
0.0,5960.0,1201.0,1172.0,3034.0,0.0,0.0,0.0,0.0,391.0,391.0,390.0,396.0,410.0,395.0,2512.0,1381.0,2067.0,0.0,0.0,0.0,391.0,391.0,390.0
0.0,7793.0,1234.0,1174.0,1825.0,0.0,0.0,0.0,0.0,392.0,392.0,390.0,403.0,417.0,414.0,2986.0,2099.0,2708.0,0.0,0.0,0.0,392.0,392.0,390.0
0.0,8384.0,1254.0,1175.0,569.0,0.0,0.0,0.0,0.0,392.0,392.0,391.0,421.0,426.0,407.0,2781.0,2724.0,2879.0,0.0,0.0,0.0,392.0,392.0,391.0
0.0,7699.0,1260.0,1177.0,0.0,19.0,19.0,0.0,0.0,392.0,393.0,392.0,419.0,434.0,407.0,2360.0,2867.0,2472.0,19.0,0.0,0.0,392.0,393.0,392.0
0.0,6439.0,1288.0,1179.0,0.0,789.0,445.0,0.0,344.0,393.0,393.0,393.0,421.0,423.0,444.0,1941.0,2433.0,2065.0,445.0,0.0,344.0,393.0,393.0,393.0
0.0,5151.0,1288.0,1181.0,0.0,2042.0,885.0,392.0,765.0,394.0,394.0,393.0,435.0,432.0,421.0,1520.0,2010.0,1621.0,885.0,392.0,765.0,394.0,394.0,393.0
0.0,3863.0,1295.0,1183.0,19.0,3328.0,1295.0,848.0,1185.0,394.0,395.0,394.0,429.0,451.0,415.0,1085.0,1578.0,1200.0,1295.0,848.0,1185.0,394.0,395.0,394.0
0.0,2587.0,1233.0,1184.0,789.0,3777.0,1273.0,1246.0,1258.0,395.0,395.0,394.0,418.0,398.0,417.0,675.0,1127.0,785.0,1273.0,1246.0,1258.0,395.0,395.0,394.0
0.0,2143.0,1269.0,1186.0,2042.0,3014.0,812.0,1274.0,928.0,395.0,396.0,395.0,424.0,415.0,430.0,702.0,729.0,712.0,812.0,1274.0,928.0,395.0,396.0,395.0
0.0,2916.0,1277.0,1188.0,3328.0,1025.0,0.0,839.0,186.0,396.0,396.0,396.0,426.0,413.0,438.0,1163.0,706.0,1047.0,0.0,839.0,186.0,396.0,396.0,396.0
0.0,4967.0,1225.0,1189.0,3777.0,9.0,0.0,9.0,0.0,396.0,397.0,396.0,401.0,411.0,413.0,2032.0,1141.0,1794.0,0.0,9.0,0.0,396.0,397.0,396.0
0.0,7519.0,1250.0,1191.0,2572.0,0.0,0.0,0.0,0.0,397.0,397.0,397.0,404.0,409.0,437.0,2904.0,1976.0,2639.0,0.0,0.0,0.0,397.0,397.0,397.0
0.0,8841.0,1249.0,1192.0,1330.0,0.0,0.0,0.0,0.0,397.0,397.0,398.0,417.0,399.0,433.0,3312.0,2399.0,3130.0,0.0,0.0,0.0,397.0,397.0,398.0
0.0,8922.0,1295.0,1194.0,146.0,0.0,0.0,0.0,0.0,398.0,398.0,398.0,416.0,431.0,448.0,2895.0,3144.0,2883.0,0.0,0.0,0.0,398.0,398.0,398.0
0.0,7773.0,1233.0,1195.0,0.0,0.0,0.0,0.0,0.0,398.0,398.0,399.0,412.0,399.0,422.0,2479.0,2859.0,2435.0,0.0,0.0,0.0,398.0,398.0,399.0
0.0,6540.0,1231.0,1197.0,0.0,743.0,348.0,0.0,395.0,399.0,398.0,400.0,420.0,403.0,408.0,2067.0,2460.0,2013.0,348.0,0.0,395.0,399.0,398.0,400.0
0.0,5309.0,1196.0,1198.0,0.0,1877.0,746.0,337.0,794.0,399.0,399.0,400.0,398.0,399.0,399.0,1647.0,2057.0,1605.0,746.0,337.0,794.0,399.0,399.0,400.0
0.0,4113.0,1208.0,1200.0,0.0,3095.0,1143.0,749.0,1203.0,400.0,400.0,400.0,392.0,407.0,409.0,1249.0,1658.0,1206.0,1143.0,749.0,1203.0,400.0,400.0,400.0
0.0,2905.0,1184.0,1201.0,743.0,3541.0,1188.0,1156.0,1197.0,400.0,400.0,401.0,393.0,407.0,384.0,857.0,1251.0,797.0,1188.0,1156.0,1197.0,400.0,400.0,401.0
0.0,2464.0,1192.0,1203.0,1877.0,2866.0,845.0,1230.0,791.0,401.0,401.0,401.0,398.0,406.0,388.0,812.0,844.0,808.0,845.0,1230.0,791.0,401.0,401.0,401.0
0.0,3149.0,1196.0,1204.0,3095.0,985.0,88.0,897.0,0.0,401.0,401.0,402.0,386.0,416.0,394.0,1160.0,775.0,1214.0,88.0,897.0,0.0,401.0,401.0,402.0
0.0,5048.0,1157.0,1205.0,3541.0,149.0,0.0,149.0,0.0,401.0,402.0,402.0,386.0,403.0,368.0,1917.0,1108.0,2023.0,0.0,149.0,0.0,401.0,402.0,402.0
0.0,7432.0,1180.0,1206.0,2866.0,0.0,0.0,0.0,0.0,401.0,403.0,402.0,382.0,414.0,384.0,2719.0,1861.0,2852.0,0.0,0.0,0.0,401.0,403.0,402.0
0.0,9118.0,1176.0,1207.0,985.0,0.0,0.0,0.0,0.0,402.0,403.0,402.0,388.0,393.0,395.0,3182.0,2677.0,3259.0,0.0,0.0,0.0,402.0,403.0,402.0
0.0,8927.0,1202.0,1209.0,149.0,0.0,0.0,0.0,0.0,402.0,404.0,403.0,390.0,416.0,396.0,2882.0,3181.0,2864.0,0.0,0.0,0.0,402.0,404.0,403.0
0.0,7874.0,1238.0,1211.0,0.0,0.0,0.0,0.0,0.0,403.0,405.0,403.0,410.0,413.0,415.0,2492.0,2914.0,2468.0,0.0,0.0,0.0,403.0,405.0,403.0
0.0,6636.0,1268.0,1212.0,0.0,753.0,355.0,0.0,398.0,403.0,405.0,404.0,422.0,415.0,431.0,2082.0,2501.0,2053.0,355.0,0.0,398.0,403.0,405.0,404.0
0.0,5368.0,1263.0,1214.0,0.0,1965.0,780.0,353.0,832.0,404.0,405.0,405.0,420.0,414.0,429.0,1660.0,2086.0,1622.0,780.0,353.0,832.0,404.0,405.0,405.0
0.0,4105.0,1272.0,1216.0,0.0,3247.0,1210.0,771.0,1266.0,404.0,406.0,406.0,430.0,413.0,429.0,1240.0,1672.0,1193.0,1210.0,771.0,1266.0,404.0,406.0,406.0
0.0,2833.0,1270.0,1217.0,753.0,3769.0,1292.0,1169.0,1308.0,405.0,406.0,406.0,432.0,398.0,440.0,810.0,1259.0,764.0,1292.0,1169.0,1308.0,405.0,406.0,406.0
0.0,2316.0,1294.0,1218.0,1965.0,3103.0,957.0,1234.0,912.0,405.0,406.0,407.0,445.0,418.0,431.0,733.0,861.0,722.0,957.0,1234.0,912.0,405.0,406.0,407.0
0.0,2987.0,1312.0,1220.0,3247.0,1178.0,193.0,888.0,97.0,406.0,406.0,408.0,441.0,425.0,446.0,1068.0,796.0,1123.0,193.0,888.0,97.0,406.0,406.0,408.0
0.0,4922.0,1304.0,1221.0,2925.0,154.0,0.0,154.0,0.0,406.0,407.0,408.0,452.0,424.0,428.0,1837.0,1142.0,1943.0,0.0,154.0,0.0,406.0,407.0,408.0
0.0,6543.0,1316.0,1222.0,2413.0,0.0,0.0,0.0,0.0,407.0,407.0,408.0,424.0,438.0,454.0,2192.0,1881.0,2470.0,0.0,0.0,0.0,407.0,407.0,408.0
0.0,7640.0,1301.0,1222.0,2712.0,0.0,0.0,0.0,0.0,407.0,407.0,408.0,433.0,434.0,434.0,2609.0,2436.0,2595.0,0.0,0.0,0.0,407.0,407.0,408.0
0.0,9051.0,1317.0,1225.0,154.0,0.0,0.0,0.0,0.0,408.0,408.0,409.0,429.0,443.0,445.0,2970.0,3137.0,2944.0,0.0,0.0,0.0,408.0,408.0,409.0
0.0,7888.0,1288.0,1225.0,0.0,0.0,0.0,0.0,0.0,408.0,408.0,409.0,419.0,433.0,436.0,2541.0,2848.0,2499.0,0.0,0.0,0.0,408.0,408.0,409.0
0.0,6600.0,1309.0,1227.0,0.0,844.0,344.0,71.0,429.0,408.0,409.0,410.0,426.0,441.0,442.0,2122.0,2415.0,2063.0,344.0,71.0,429.0,408.0,409.0,410.0
0.0,5291.0,1257.0,1228.0,0.0,2106.0,757.0,506.0,843.0,409.0,409.0,410.0,408.0,435.0,414.0,1696.0,1974.0,1621.0,757.0,506.0,843.0,409.0,409.0,410.0
0.0,4034.0,1284.0,1229.0,0.0,3395.0,1197.0,939.0,1259.0,409.0,410.0,410.0,440.0,428.0,416.0,1288.0,1539.0,1207.0,1197.0,939.0,1259.0,409.0,410.0,410.0
0.0,2750.0,1244.0,1230.0,844.0,3800.0,1268.0,1282.0,1250.0,410.0,410.0,410.0,410.0,414.0,420.0,848.0,1111.0,791.0,1268.0,1282.0,1250.0,410.0,410.0,410.0
0.0,2350.0,1274.0,1233.0,2106.0,2983.0,946.0,1211.0,826.0,411.0,411.0,411.0,430.0,430.0,414.0,782.0,768.0,800.0,946.0,1211.0,826.0,411.0,411.0,411.0
0.0,3182.0,1213.0,1234.0,3395.0,845.0,159.0,686.0,0.0,411.0,412.0,411.0,410.0,409.0,394.0,1109.0,844.0,1229.0,159.0,686.0,0.0,411.0,412.0,411.0
0.0,5364.0,1230.0,1235.0,3800.0,0.0,0.0,0.0,0.0,411.0,412.0,412.0,428.0,396.0,406.0,1896.0,1374.0,2094.0,0.0,0.0,0.0,411.0,412.0,412.0
0.0,7934.0,1235.0,1237.0,2983.0,0.0,0.0,0.0,0.0,412.0,413.0,412.0,410.0,415.0,410.0,2736.0,2260.0,2938.0,0.0,0.0,0.0,412.0,413.0,412.0
0.0,9682.0,1195.0,1238.0,845.0,0.0,0.0,0.0,0.0,412.0,413.0,413.0,410.0,392.0,393.0,3272.0,3056.0,3354.0,0.0,0.0,0.0,412.0,413.0,413.0
0.0,9332.0,1206.0,1238.0,0.0,0.0,0.0,0.0,0.0,412.0,413.0,413.0,406.0,391.0,409.0,3021.0,3350.0,2961.0,0.0,0.0,0.0,412.0,413.0,413.0
0.0,8126.0,1205.0,1241.0,0.0,0.0,0.0,0.0,0.0,413.0,414.0,414.0,413.0,401.0,391.0,2615.0,2959.0,2552.0,0.0,0.0,0.0,413.0,414.0,414.0
0.0,6921.0,1194.0,1243.0,0.0,586.0,268.0,0.0,318.0,414.0,414.0,415.0,400.0,390.0,404.0,2202.0,2558.0,2161.0,268.0,0.0,318.0,414.0,414.0,415.0
0.0,5727.0,1214.0,1244.0,0.0,1707.0,642.0,309.0,756.0,413.0,415.0,416.0,379.0,402.0,433.0,1802.0,2168.0,1757.0,642.0,309.0,756.0,413.0,415.0,416.0
0.0,4513.0,1222.0,1243.0,0.0,2924.0,1046.0,702.0,1176.0,413.0,414.0,416.0,404.0,398.0,420.0,1423.0,1766.0,1324.0,1046.0,702.0,1176.0,413.0,414.0,416.0
0.0,3291.0,1240.0,1245.0,586.0,3588.0,1203.0,1106.0,1279.0,414.0,414.0,417.0,420.0,404.0,416.0,1019.0,1368.0,904.0,1203.0,1106.0,1279.0,414.0,414.0,417.0
0.0,2637.0,1292.0,1247.0,1707.0,3183.0,984.0,1230.0,969.0,414.0,415.0,418.0,423.0,428.0,441.0,867.0,964.0,806.0,984.0,1230.0,969.0,414.0,415.0,418.0
0.0,3052.0,1321.0,1248.0,2924.0,1585.0,386.0,962.0,237.0,415.0,415.0,418.0,443.0,434.0,444.0,1086.0,845.0,1121.0,386.0,962.0,237.0,415.0,415.0,418.0
0.0,4655.0,1361.0,1251.0,3251.0,315.0,0.0,315.0,0.0,416.0,416.0,419.0,453.0,454.0,454.0,1689.0,1113.0,1853.0,0.0,315.0,0.0,416.0,416.0,419.0
0.0,6545.0,1359.0,1252.0,2810.0,0.0,0.0,0.0,0.0,416.0,416.0,420.0,448.0,465.0,446.0,2403.0,1765.0,2377.0,0.0,0.0,0.0,416.0,416.0,420.0
0.0,7996.0,1346.0,1254.0,1862.0,0.0,0.0,0.0,0.0,417.0,417.0,420.0,439.0,455.0,452.0,2955.0,2339.0,2702.0,0.0,0.0,0.0,417.0,417.0,420.0
0.0,8512.0,1369.0,1254.0,748.0,0.0,0.0,0.0,0.0,417.0,417.0,420.0,465.0,458.0,446.0,2922.0,2604.0,2986.0,0.0,0.0,0.0,417.0,417.0,420.0
0.0,7891.0,1360.0,1256.0,0.0,114.0,92.0,0.0,22.0,418.0,417.0,421.0,459.0,444.0,457.0,2457.0,2894.0,2540.0,92.0,0.0,22.0,418.0,417.0,421.0
0.0,6531.0,1344.0,1258.0,0.0,1103.0,535.0,89.0,479.0,418.0,418.0,422.0,443.0,449.0,452.0,1998.0,2450.0,2083.0,535.0,89.0,479.0,418.0,418.0,422.0
0.0,5187.0,1367.0,1260.0,0.0,2480.0,1001.0,544.0,935.0,419.0,419.0,422.0,461.0,450.0,456.0,1555.0,2001.0,1631.0,1001.0,544.0,935.0,419.0,419.0,422.0
0.0,3820.0,1325.0,1261.0,114.0,3696.0,1343.0,1003.0,1350.0,419.0,420.0,422.0,434.0,454.0,437.0,1094.0,1551.0,1175.0,1343.0,1003.0,1350.0,419.0,420.0,422.0
0.0,2609.0,1318.0,1263.0,1103.0,3921.0,1237.0,1359.0,1325.0,420.0,420.0,423.0,424.0,445.0,449.0,752.0,1097.0,760.0,1237.0,1359.0,1325.0,420.0,420.0,423.0
0.0,2394.0,1304.0,1264.0,2480.0,2750.0,668.0,1253.0,829.0,420.0,421.0,423.0,432.0,433.0,439.0,863.0,741.0,790.0,668.0,1253.0,829.0,420.0,421.0,423.0
0.0,3570.0,1298.0,1265.0,3696.0,677.0,0.0,677.0,0.0,421.0,421.0,423.0,443.0,427.0,428.0,1432.0,852.0,1286.0,0.0,677.0,0.0,421.0,421.0,423.0
0.0,5968.0,1274.0,1265.0,3921.0,0.0,0.0,0.0,0.0,421.0,421.0,423.0,425.0,417.0,432.0,2332.0,1428.0,2208.0,0.0,0.0,0.0,421.0,421.0,423.0
0.0,8615.0,1279.0,1266.0,2750.0,0.0,0.0,0.0,0.0,422.0,421.0,423.0,452.0,408.0,419.0,3144.0,2370.0,3101.0,0.0,0.0,0.0,422.0,421.0,423.0
0.0,10086.0,1262.0,1266.0,677.0,0.0,0.0,0.0,0.0,422.0,421.0,423.0,426.0,411.0,425.0,3360.0,3215.0,3511.0,0.0,0.0,0.0,422.0,421.0,423.0
0.0,9501.0,1267.0,1268.0,0.0,0.0,0.0,0.0,0.0,423.0,422.0,423.0,441.0,417.0,409.0,2934.0,3481.0,3086.0,0.0,0.0,0.0,423.0,422.0,423.0
0.0,8234.0,1264.0,1268.0,0.0,56.0,56.0,0.0,0.0,423.0,422.0,423.0,434.0,420.0,410.0,2493.0,3064.0,2677.0,56.0,0.0,0.0,423.0,422.0,423.0
0.0,6970.0,1252.0,1270.0,0.0,748.0,485.0,0.0,263.0,424.0,422.0,424.0,424.0,418.0,410.0,2059.0,2644.0,2267.0,485.0,0.0,263.0,424.0,422.0,424.0
0.0,5718.0,1264.0,1271.0,0.0,1901.0,921.0,309.0,671.0,425.0,422.0,424.0,431.0,425.0,408.0,1635.0,2226.0,1857.0,921.0,309.0,671.0,425.0,422.0,424.0
0.0,4454.0,1267.0,1273.0,56.0,3122.0,1269.0,756.0,1097.0,425.0,423.0,425.0,404.0,442.0,421.0,1204.0,1801.0,1449.0,1269.0,756.0,1097.0,425.0,423.0,425.0
0.0,3243.0,1286.0,1276.0,748.0,3675.0,1216.0,1192.0,1267.0,426.0,424.0,426.0,427.0,431.0,428.0,856.0,1359.0,1028.0,1216.0,1192.0,1267.0,426.0,424.0,426.0
0.0,2705.0,1261.0,1276.0,1901.0,3035.0,709.0,1312.0,1014.0,426.0,424.0,426.0,414.0,429.0,418.0,914.0,928.0,863.0,709.0,1312.0,1014.0,426.0,424.0,426.0
0.0,3345.0,1301.0,1280.0,3122.0,1376.0,0.0,995.0,381.0,427.0,425.0,428.0,413.0,434.0,454.0,1421.0,808.0,1116.0,0.0,995.0,381.0,427.0,425.0,428.0
0.0,5166.0,1287.0,1281.0,3189.0,223.0,0.0,223.0,0.0,428.0,425.0,428.0,430.0,420.0,437.0,2277.0,1130.0,1759.0,0.0,223.0,0.0,428.0,425.0,428.0
0.0,7068.0,1312.0,1282.0,2582.0,0.0,0.0,0.0,0.0,428.0,425.0,429.0,440.0,445.0,427.0,2577.0,1902.0,2589.0,0.0,0.0,0.0,428.0,425.0,429.0
0.0,8338.0,1327.0,1284.0,1716.0,0.0,0.0,0.0,0.0,429.0,426.0,429.0,446.0,444.0,437.0,3332.0,2318.0,2688.0,0.0,0.0,0.0,429.0,426.0,429.0
0.0,8727.0,1355.0,1285.0,822.0,0.0,0.0,0.0,0.0,430.0,426.0,429.0,466.0,446.0,443.0,2886.0,2721.0,3120.0,0.0,0.0,0.0,430.0,426.0,429.0
0.0,8194.0,1362.0,1287.0,0.0,196.0,196.0,0.0,0.0,430.0,427.0,430.0,466.0,437.0,459.0,2420.0,3097.0,2677.0,196.0,0.0,0.0,430.0,427.0,430.0
0.0,6832.0,1365.0,1289.0,0.0,1059.0,674.0,0.0,385.0,431.0,428.0,430.0,473.0,439.0,453.0,1954.0,2660.0,2218.0,674.0,0.0,385.0,431.0,428.0,430.0
0.0,5467.0,1351.0,1289.0,0.0,2329.0,1133.0,354.0,842.0,431.0,428.0,430.0,459.0,435.0,457.0,1481.0,2221.0,1765.0,1133.0,354.0,842.0,431.0,428.0,430.0
0.0,4116.0,1382.0,1291.0,196.0,3525.0,1407.0,804.0,1314.0,432.0,428.0,431.0,465.0,450.0,467.0,1022.0,1786.0,1308.0,1407.0,804.0,1314.0,432.0,428.0,431.0
0.0,2930.0,1409.0,1293.0,1059.0,3885.0,1200.0,1290.0,1395.0,432.0,430.0,431.0,467.0,476.0,466.0,753.0,1336.0,841.0,1200.0,1290.0,1395.0,432.0,430.0,431.0
0.0,2580.0,1367.0,1294.0,2329.0,2928.0,530.0,1392.0,1006.0,433.0,430.0,431.0,458.0,456.0,453.0,960.0,860.0,760.0,530.0,1392.0,1006.0,433.0,430.0,431.0
0.0,3542.0,1376.0,1296.0,3525.0,1210.0,0.0,1065.0,145.0,433.0,431.0,432.0,456.0,472.0,448.0,1635.0,758.0,1149.0,0.0,1065.0,145.0,433.0,431.0,432.0
0.0,5691.0,1365.0,1297.0,3885.0,223.0,0.0,223.0,0.0,434.0,431.0,432.0,454.0,448.0,463.0,2586.0,1090.0,2015.0,0.0,223.0,0.0,434.0,431.0,432.0
0.0,8211.0,1357.0,1297.0,2928.0,0.0,0.0,0.0,0.0,434.0,431.0,432.0,454.0,457.0,446.0,3332.0,1932.0,2947.0,0.0,0.0,0.0,434.0,431.0,432.0
0.0,9782.0,1337.0,1299.0,1210.0,0.0,0.0,0.0,0.0,435.0,432.0,432.0,444.0,465.0,428.0,3408.0,2867.0,3507.0,0.0,0.0,0.0,435.0,432.0,432.0
0.0,9655.0,1361.0,1300.0,223.0,0.0,0.0,0.0,0.0,435.0,432.0,433.0,442.0,466.0,453.0,2964.0,3467.0,3224.0,0.0,0.0,0.0,435.0,432.0,433.0
0.0,8517.0,1310.0,1300.0,0.0,91.0,91.0,0.0,0.0,435.0,432.0,433.0,438.0,437.0,435.0,2522.0,3224.0,2771.0,91.0,0.0,0.0,435.0,432.0,433.0
0.0,7207.0,1318.0,1302.0,0.0,797.0,534.0,0.0,263.0,436.0,433.0,433.0,438.0,446.0,434.0,2084.0,2787.0,2336.0,534.0,0.0,263.0,436.0,433.0,433.0
0.0,5889.0,1336.0,1302.0,0.0,1957.0,990.0,280.0,687.0,436.0,433.0,433.0,456.0,456.0,424.0,1646.0,2341.0,1902.0,990.0,280.0,687.0,436.0,433.0,433.0
0.0,4553.0,1329.0,1305.0,91.0,3210.0,1348.0,743.0,1119.0,437.0,434.0,434.0,444.0,458.0,427.0,1190.0,1885.0,1478.0,1348.0,743.0,1119.0,437.0,434.0,434.0
0.0,3315.0,1314.0,1307.0,797.0,3737.0,1263.0,1181.0,1293.0,437.0,435.0,435.0,449.0,433.0,432.0,837.0,1427.0,1051.0,1263.0,1181.0,1293.0,437.0,435.0,435.0
0.0,2798.0,1282.0,1308.0,1957.0,3067.0,704.0,1328.0,1035.0,438.0,435.0,435.0,426.0,427.0,429.0,922.0,994.0,882.0,704.0,1328.0,1035.0,438.0,435.0,435.0
0.0,3473.0,1278.0,1310.0,3210.0,1373.0,0.0,1008.0,365.0,438.0,436.0,436.0,416.0,418.0,444.0,1486.0,847.0,1140.0,0.0,1008.0,365.0,438.0,436.0,436.0
0.0,5405.0,1292.0,1312.0,3146.0,259.0,0.0,259.0,0.0,438.0,437.0,437.0,420.0,427.0,445.0,2418.0,1172.0,1815.0,0.0,259.0,0.0,438.0,437.0,437.0
0.0,7259.0,1281.0,1313.0,3094.0,0.0,0.0,0.0,0.0,439.0,437.0,437.0,437.0,421.0,423.0,2670.0,1926.0,2663.0,0.0,0.0,0.0,439.0,437.0,437.0
0.0,9072.0,1315.0,1315.0,1548.0,0.0,0.0,0.0,0.0,439.0,438.0,438.0,437.0,443.0,435.0,3528.0,2450.0,3094.0,0.0,0.0,0.0,439.0,438.0,438.0
0.0,9305.0,1321.0,1317.0,648.0,0.0,0.0,0.0,0.0,440.0,439.0,438.0,433.0,442.0,446.0,3091.0,3009.0,3205.0,0.0,0.0,0.0,440.0,439.0,438.0
0.0,8632.0,1311.0,1319.0,0.0,0.0,0.0,0.0,0.0,441.0,439.0,439.0,428.0,435.0,448.0,2658.0,3215.0,2759.0,0.0,0.0,0.0,441.0,439.0,439.0
0.0,7321.0,1358.0,1321.0,0.0,771.0,417.0,0.0,354.0,441.0,440.0,440.0,442.0,451.0,465.0,2230.0,2780.0,2311.0,417.0,0.0,354.0,441.0,440.0,440.0
0.0,5963.0,1377.0,1323.0,0.0,2029.0,871.0,328.0,830.0,442.0,441.0,440.0,449.0,452.0,476.0,1788.0,2329.0,1846.0,871.0,328.0,830.0,442.0,441.0,440.0
0.0,4586.0,1363.0,1323.0,0.0,3392.0,1328.0,781.0,1283.0,442.0,441.0,440.0,457.0,453.0,453.0,1339.0,1877.0,1370.0,1328.0,781.0,1283.0,442.0,441.0,440.0
0.0,3223.0,1376.0,1324.0,771.0,4002.0,1357.0,1247.0,1398.0,442.0,441.0,441.0,446.0,466.0,464.0,882.0,1424.0,917.0,1357.0,1247.0,1398.0,442.0,441.0,441.0
0.0,2618.0,1395.0,1325.0,2029.0,3373.0,952.0,1398.0,1023.0,442.0,442.0,441.0,466.0,474.0,455.0,853.0,958.0,807.0,952.0,1398.0,1023.0,442.0,442.0,441.0
0.0,3252.0,1414.0,1326.0,3392.0,1400.0,104.0,1090.0,206.0,443.0,442.0,441.0,475.0,473.0,466.0,1258.0,812.0,1182.0,104.0,1090.0,206.0,443.0,442.0,441.0
0.0,5230.0,1438.0,1327.0,4002.0,315.0,0.0,315.0,0.0,443.0,442.0,442.0,490.0,472.0,476.0,2111.0,1120.0,1999.0,0.0,315.0,0.0,443.0,442.0,442.0
0.0,7794.0,1436.0,1329.0,3373.0,0.0,0.0,0.0,0.0,444.0,443.0,442.0,475.0,478.0,483.0,2978.0,1895.0,2921.0,0.0,0.0,0.0,444.0,443.0,442.0
0.0,9731.0,1438.0,1331.0,1400.0,0.0,0.0,0.0,0.0,444.0,444.0,443.0,483.0,483.0,472.0,3455.0,2815.0,3461.0,0.0,0.0,0.0,444.0,444.0,443.0
0.0,9693.0,1419.0,1331.0,315.0,0.0,0.0,0.0,0.0,444.0,444.0,443.0,462.0,492.0,465.0,3076.0,3422.0,3195.0,0.0,0.0,0.0,444.0,444.0,443.0
0.0,8589.0,1389.0,1333.0,0.0,71.0,71.0,0.0,0.0,445.0,445.0,443.0,460.0,471.0,458.0,2614.0,3245.0,2730.0,71.0,0.0,0.0,445.0,445.0,443.0
0.0,7200.0,1353.0,1333.0,0.0,897.0,495.0,0.0,402.0,445.0,445.0,443.0,424.0,470.0,459.0,2154.0,2774.0,2272.0,495.0,0.0,402.0,445.0,445.0,443.0
0.0,5847.0,1395.0,1336.0,0.0,2228.0,962.0,402.0,864.0,446.0,446.0,444.0,462.0,476.0,457.0,1730.0,2304.0,1813.0,962.0,402.0,864.0,446.0,446.0,444.0
0.0,4452.0,1377.0,1336.0,71.0,3534.0,1353.0,857.0,1324.0,446.0,446.0,444.0,462.0,455.0,460.0,1268.0,1828.0,1356.0,1353.0,857.0,1324.0,446.0,446.0,444.0
0.0,3146.0,1399.0,1339.0,897.0,4051.0,1337.0,1323.0,1391.0,447.0,447.0,445.0,474.0,461.0,464.0,877.0,1373.0,896.0,1337.0,1323.0,1391.0,447.0,447.0,445.0
0.0,2644.0,1336.0,1340.0,2228.0,3164.0,829.0,1363.0,972.0,447.0,448.0,445.0,454.0,437.0,445.0,898.0,912.0,834.0,829.0,1363.0,972.0,447.0,448.0,445.0
0.0,3536.0,1330.0,1342.0,3509.0,1030.0,0.0,945.0,85.0,448.0,448.0,446.0,459.0,439.0,432.0,1406.0,877.0,1253.0,0.0,945.0,85.0,448.0,448.0,446.0
0.0,5715.0,1339.0,1343.0,3632.0,63.0,0.0,63.0,0.0,448.0,449.0,446.0,450.0,436.0,453.0,2275.0,1295.0,2145.0,0.0,63.0,0.0,448.0,449.0,446.0
0.0,8008.0,1349.0,1344.0,2315.0,0.0,0.0,0.0,0.0,448.0,449.0,447.0,443.0,450.0,456.0,2743.0,2182.0,3083.0,0.0,0.0,0.0,448.0,449.0,447.0
0.0,8974.0,1322.0,1346.0,2207.0,0.0,0.0,0.0,0.0,448.0,450.0,448.0,443.0,438.0,441.0,3573.0,2464.0,2937.0,0.0,0.0,0.0,448.0,450.0,448.0
0.0,9859.0,1318.0,1347.0,179.0,0.0,0.0,0.0,0.0,448.0,450.0,449.0,442.0,428.0,448.0,3130.0,3486.0,3243.0,0.0,0.0,0.0,448.0,450.0,449.0
0.0,8720.0,1346.0,1348.0,0.0,11.0,11.0,0.0,0.0,449.0,450.0,449.0,454.0,431.0,461.0,2688.0,3237.0,2795.0,11.0,0.0,0.0,449.0,450.0,449.0
0.0,7374.0,1353.0,1350.0,0.0,821.0,455.0,0.0,366.0,450.0,450.0,450.0,439.0,464.0,450.0,2234.0,2806.0,2334.0,455.0,0.0,366.0,450.0,450.0,450.0
0.0,6021.0,1349.0,1352.0,0.0,2088.0,887.0,370.0,831.0,450.0,451.0,451.0,432.0,457.0,460.0,1795.0,2342.0,1884.0,887.0,370.0,831.0,450.0,451.0,451.0
0.0,4672.0,1366.0,1353.0,11.0,3448.0,1324.0,824.0,1300.0,451.0,451.0,451.0,443.0,454.0,469.0,1363.0,1885.0,1424.0,1324.0,824.0,1300.0,451.0,451.0,451.0
0.0,3317.0,1390.0,1355.0,821.0,4027.0,1318.0,1300.0,1409.0,451.0,452.0,452.0,449.0,471.0,470.0,931.0,1431.0,955.0,1318.0,1300.0,1409.0,451.0,452.0,452.0
0.0,2748.0,1371.0,1355.0,2088.0,3310.0,880.0,1392.0,1038.0,451.0,452.0,452.0,449.0,462.0,460.0,937.0,960.0,851.0,880.0,1392.0,1038.0,451.0,452.0,452.0
0.0,3465.0,1434.0,1358.0,3448.0,1311.0,35.0,1048.0,228.0,452.0,453.0,453.0,474.0,475.0,485.0,1375.0,868.0,1222.0,35.0,1048.0,228.0,452.0,453.0,453.0
0.0,5479.0,1394.0,1359.0,4027.0,222.0,0.0,222.0,0.0,451.0,454.0,454.0,456.0,469.0,469.0,2225.0,1217.0,2037.0,0.0,222.0,0.0,451.0,454.0,454.0
0.0,8112.0,1432.0,1360.0,3310.0,0.0,0.0,0.0,0.0,452.0,454.0,454.0,478.0,478.0,476.0,3087.0,2048.0,2977.0,0.0,0.0,0.0,452.0,454.0,454.0
0.0,9990.0,1428.0,1361.0,1311.0,0.0,0.0,0.0,0.0,452.0,455.0,454.0,492.0,467.0,469.0,3489.0,2962.0,3539.0,0.0,0.0,0.0,452.0,455.0,454.0
0.0,9873.0,1445.0,1363.0,222.0,0.0,0.0,0.0,0.0,452.0,456.0,455.0,476.0,482.0,487.0,3032.0,3543.0,3298.0,0.0,0.0,0.0,452.0,456.0,455.0
0.0,8650.0,1472.0,1364.0,0.0,201.0,201.0,0.0,0.0,453.0,456.0,455.0,492.0,487.0,493.0,2556.0,3283.0,2811.0,201.0,0.0,0.0,453.0,456.0,455.0
0.0,7178.0,1452.0,1365.0,0.0,1140.0,699.0,0.0,441.0,453.0,456.0,456.0,498.0,475.0,479.0,2064.0,2796.0,2318.0,699.0,0.0,441.0,453.0,456.0,456.0
0.0,5726.0,1461.0,1367.0,0.0,2570.0,1190.0,445.0,935.0,454.0,457.0,456.0,486.0,481.0,494.0,1566.0,2321.0,1839.0,1190.0,445.0,935.0,454.0,457.0,456.0
0.0,4265.0,1404.0,1368.0,201.0,3778.0,1452.0,913.0,1413.0,454.0,457.0,457.0,463.0,468.0,473.0,1080.0,1840.0,1345.0,1452.0,913.0,1413.0,454.0,457.0,457.0
0.0,3062.0,1412.0,1368.0,1140.0,4050.0,1220.0,1385.0,1445.0,454.0,457.0,457.0,467.0,472.0,473.0,818.0,1372.0,872.0,1220.0,1385.0,1445.0,454.0,457.0,457.0
0.0,2790.0,1418.0,1370.0,2570.0,2908.0,517.0,1420.0,971.0,455.0,458.0,457.0,482.0,475.0,461.0,1050.0,900.0,840.0,517.0,1420.0,971.0,455.0,458.0,457.0
0.0,3942.0,1438.0,1371.0,3258.0,1093.0,57.0,987.0,49.0,455.0,458.0,458.0,472.0,480.0,486.0,1758.0,870.0,1314.0,57.0,987.0,49.0,455.0,458.0,458.0
0.0,5762.0,1406.0,1373.0,4351.0,218.0,0.0,218.0,0.0,456.0,458.0,459.0,469.0,472.0,465.0,2218.0,1303.0,2241.0,0.0,218.0,0.0,456.0,458.0,459.0
0.0,8707.0,1430.0,1376.0,1870.0,0.0,0.0,0.0,0.0,457.0,459.0,460.0,474.0,467.0,489.0,3414.0,2072.0,3221.0,0.0,0.0,0.0,457.0,459.0,460.0
0.0,9147.0,1403.0,1376.0,2350.0,0.0,0.0,0.0,0.0,457.0,459.0,460.0,477.0,460.0,466.0,3532.0,2558.0,3057.0,0.0,0.0,0.0,457.0,459.0,460.0
0.0,10094.0,1413.0,1378.0,218.0,0.0,0.0,0.0,0.0,458.0,459.0,461.0,464.0,468.0,481.0,3112.0,3696.0,3286.0,0.0,0.0,0.0,458.0,459.0,461.0
0.0,8899.0,1399.0,1379.0,0.0,108.0,108.0,0.0,0.0,458.0,459.0,462.0,466.0,457.0,476.0,2648.0,3446.0,2805.0,108.0,0.0,0.0,458.0,459.0,462.0
0.0,7500.0,1396.0,1381.0,0.0,1017.0,575.0,0.0,442.0,458.0,460.0,463.0,467.0,473.0,456.0,2182.0,2989.0,2329.0,575.0,0.0,442.0,458.0,460.0,463.0
0.0,6104.0,1366.0,1382.0,0.0,2172.0,1037.0,232.0,903.0,459.0,460.0,463.0,457.0,448.0,461.0,1715.0,2516.0,1873.0,1037.0,232.0,903.0,459.0,460.0,463.0
0.0,4738.0,1391.0,1385.0,108.0,3470.0,1390.0,701.0,1379.0,460.0,461.0,464.0,456.0,464.0,471.0,1258.0,2068.0,1412.0,1390.0,701.0,1379.0,460.0,461.0,464.0
0.0,3455.0,1397.0,1387.0,1017.0,3860.0,1285.0,1164.0,1411.0,461.0,462.0,464.0,465.0,458.0,474.0,910.0,1604.0,941.0,1285.0,1164.0,1411.0,461.0,462.0,464.0
0.0,3075.0,1372.0,1388.0,2172.0,3065.0,690.0,1388.0,987.0,461.0,462.0,465.0,442.0,456.0,474.0,1020.0,1146.0,909.0,690.0,1388.0,987.0,461.0,462.0,465.0
0.0,3875.0,1391.0,1390.0,3470.0,1227.0,0.0,1150.0,77.0,461.0,463.0,466.0,469.0,458.0,464.0,1615.0,922.0,1338.0,0.0,1150.0,77.0,461.0,463.0,466.0
0.0,5954.0,1393.0,1391.0,3860.0,451.0,0.0,451.0,0.0,462.0,463.0,466.0,471.0,465.0,457.0,2536.0,1165.0,2253.0,0.0,451.0,0.0,462.0,463.0,466.0
0.0,8421.0,1377.0,1393.0,3065.0,0.0,0.0,0.0,0.0,462.0,464.0,467.0,444.0,463.0,470.0,3350.0,1864.0,3207.0,0.0,0.0,0.0,462.0,464.0,467.0
0.0,10109.0,1380.0,1394.0,1227.0,0.0,0.0,0.0,0.0,463.0,464.0,467.0,466.0,451.0,463.0,3596.0,2789.0,3724.0,0.0,0.0,0.0,463.0,464.0,467.0
0.0,9956.0,1410.0,1393.0,451.0,0.0,0.0,0.0,0.0,463.0,464.0,466.0,479.0,476.0,455.0,3130.0,3488.0,3338.0,0.0,0.0,0.0,463.0,464.0,466.0
0.0,8997.0,1409.0,1395.0,0.0,147.0,147.0,0.0,0.0,464.0,464.0,467.0,478.0,463.0,468.0,2651.0,3463.0,2883.0,147.0,0.0,0.0,464.0,464.0,467.0
0.0,7588.0,1443.0,1397.0,0.0,1040.0,638.0,0.0,402.0,465.0,465.0,467.0,486.0,475.0,482.0,2173.0,3000.0,2415.0,638.0,0.0,402.0,465.0,465.0,467.0
0.0,6145.0,1463.0,1397.0,0.0,2303.0,1134.0,289.0,880.0,465.0,465.0,467.0,496.0,489.0,478.0,1687.0,2525.0,1933.0,1134.0,289.0,880.0,465.0,465.0,467.0
0.0,4682.0,1472.0,1399.0,147.0,3638.0,1499.0,778.0,1361.0,466.0,465.0,468.0,507.0,489.0,476.0,1191.0,2036.0,1455.0,1499.0,778.0,1361.0,466.0,465.0,468.0
0.0,3357.0,1467.0,1399.0,1040.0,4065.0,1357.0,1265.0,1443.0,466.0,465.0,468.0,496.0,487.0,484.0,831.0,1547.0,979.0,1357.0,1265.0,1443.0,466.0,465.0,468.0
0.0,2930.0,1496.0,1401.0,2303.0,3268.0,743.0,1474.0,1051.0,467.0,466.0,468.0,515.0,493.0,488.0,973.0,1060.0,897.0,743.0,1474.0,1051.0,467.0,466.0,468.0
0.0,3737.0,1496.0,1401.0,3255.0,1509.0,124.0,1194.0,191.0,467.0,466.0,468.0,497.0,498.0,501.0,1592.0,856.0,1289.0,124.0,1194.0,191.0,467.0,466.0,468.0
0.0,5496.0,1492.0,1402.0,3943.0,446.0,0.0,446.0,0.0,467.0,466.0,469.0,489.0,517.0,486.0,2211.0,1136.0,2149.0,0.0,446.0,0.0,467.0,466.0,469.0
0.0,7947.0,1491.0,1405.0,2902.0,0.0,0.0,0.0,0.0,468.0,467.0,470.0,499.0,491.0,501.0,2957.0,1884.0,3106.0,0.0,0.0,0.0,468.0,467.0,470.0
0.0,9358.0,1496.0,1407.0,2206.0,0.0,0.0,0.0,0.0,469.0,468.0,470.0,489.0,510.0,497.0,3706.0,2357.0,3295.0,0.0,0.0,0.0,469.0,468.0,470.0
0.0,10068.0,1456.0,1409.0,620.0,0.0,0.0,0.0,0.0,470.0,468.0,471.0,485.0,485.0,486.0,3341.0,3377.0,3350.0,0.0,0.0,0.0,470.0,468.0,471.0
0.0,9232.0,1446.0,1409.0,0.0,0.0,0.0,0.0,0.0,470.0,468.0,471.0,479.0,486.0,481.0,2856.0,3512.0,2864.0,0.0,0.0,0.0,470.0,468.0,471.0
0.0,7786.0,1474.0,1412.0,0.0,940.0,476.0,0.0,464.0,471.0,469.0,472.0,498.0,489.0,487.0,2377.0,3026.0,2383.0,476.0,0.0,464.0,471.0,469.0,472.0
0.0,6312.0,1446.0,1413.0,0.0,2199.0,966.0,284.0,949.0,471.0,470.0,472.0,490.0,471.0,485.0,1879.0,2537.0,1896.0,966.0,284.0,949.0,471.0,470.0,472.0
0.0,4866.0,1432.0,1415.0,0.0,3641.0,1451.0,754.0,1436.0,472.0,470.0,473.0,480.0,470.0,482.0,1389.0,2066.0,1411.0,1451.0,754.0,1436.0,472.0,470.0,473.0
0.0,3434.0,1398.0,1417.0,940.0,4109.0,1442.0,1222.0,1445.0,472.0,471.0,474.0,467.0,463.0,468.0,909.0,1596.0,929.0,1442.0,1222.0,1445.0,472.0,471.0,474.0
0.0,2976.0,1405.0,1418.0,2199.0,3320.0,962.0,1391.0,967.0,473.0,471.0,474.0,481.0,453.0,471.0,918.0,1133.0,925.0,962.0,1391.0,967.0,473.0,471.0,474.0
0.0,3770.0,1406.0,1418.0,3641.0,1111.0,0.0,1111.0,0.0,473.0,471.0,474.0,464.0,474.0,468.0,1403.0,964.0,1403.0,0.0,1111.0,0.0,473.0,471.0,474.0
0.0,6005.0,1385.0,1420.0,4109.0,351.0,0.0,351.0,0.0,473.0,472.0,475.0,454.0,457.0,474.0,2390.0,1244.0,2371.0,0.0,351.0,0.0,473.0,472.0,475.0
0.0,8729.0,1407.0,1422.0,3320.0,0.0,0.0,0.0,0.0,474.0,473.0,475.0,463.0,474.0,470.0,3378.0,2009.0,3342.0,0.0,0.0,0.0,474.0,473.0,475.0
0.0,10642.0,1379.0,1422.0,1111.0,0.0,0.0,0.0,0.0,474.0,472.0,476.0,466.0,445.0,468.0,3877.0,2926.0,3839.0,0.0,0.0,0.0,474.0,472.0,476.0
0.0,10374.0,1430.0,1424.0,351.0,0.0,0.0,0.0,0.0,475.0,473.0,476.0,475.0,478.0,477.0,3411.0,3592.0,3371.0,0.0,0.0,0.0,475.0,473.0,476.0
0.0,9295.0,1419.0,1424.0,0.0,0.0,0.0,0.0,0.0,475.0,473.0,476.0,469.0,475.0,475.0,2936.0,3465.0,2894.0,0.0,0.0,0.0,475.0,473.0,476.0
0.0,7876.0,1422.0,1425.0,0.0,815.0,392.0,0.0,423.0,476.0,473.0,476.0,479.0,481.0,462.0,2467.0,2990.0,2419.0,392.0,0.0,423.0,476.0,473.0,476.0
0.0,6454.0,1445.0,1426.0,0.0,2121.0,860.0,360.0,901.0,476.0,474.0,476.0,468.0,499.0,478.0,1988.0,2509.0,1957.0,860.0,360.0,901.0,476.0,474.0,476.0
0.0,5009.0,1476.0,1428.0,0.0,3607.0,1353.0,869.0,1385.0,477.0,475.0,476.0,488.0,504.0,484.0,1520.0,2010.0,1479.0,1353.0,869.0,1385.0,477.0,475.0,476.0
0.0,3533.0,1504.0,1430.0,815.0,4306.0,1459.0,1386.0,1461.0,477.0,476.0,477.0,498.0,512.0,494.0,1032.0,1506.0,995.0,1459.0,1386.0,1461.0,477.0,476.0,477.0
0.0,2844.0,1511.0,1431.0,2121.0,3701.0,1116.0,1539.0,1046.0,478.0,476.0,477.0,512.0,513.0,486.0,926.0,994.0,924.0,1116.0,1539.0,1046.0,478.0,476.0,477.0
0.0,3454.0,1511.0,1432.0,3607.0,1610.0,274.0,1181.0,155.0,478.0,477.0,477.0,511.0,506.0,494.0,1274.0,841.0,1339.0,274.0,1181.0,155.0,478.0,477.0,477.0
0.0,5550.0,1531.0,1434.0,3894.0,301.0,0.0,301.0,0.0,479.0,477.0,478.0,520.0,506.0,505.0,2116.0,1204.0,2230.0,0.0,301.0,0.0,479.0,477.0,478.0
0.0,7913.0,1505.0,1436.0,2735.0,0.0,0.0,0.0,0.0,480.0,478.0,478.0,508.0,505.0,492.0,2643.0,2084.0,3186.0,0.0,0.0,0.0,480.0,478.0,478.0
0.0,9143.0,1509.0,1436.0,2988.0,0.0,0.0,0.0,0.0,480.0,478.0,478.0,514.0,498.0,497.0,3243.0,2802.0,3098.0,0.0,0.0,0.0,480.0,478.0,478.0
0.0,10622.0,1522.0,1437.0,301.0,0.0,0.0,0.0,0.0,480.0,479.0,478.0,510.0,515.0,497.0,3423.0,3801.0,3398.0,0.0,0.0,0.0,480.0,479.0,478.0
0.0,9401.0,1514.0,1440.0,0.0,7.0,0.0,0.0,7.0,481.0,480.0,479.0,491.0,510.0,513.0,2913.0,3587.0,2901.0,0.0,0.0,7.0,481.0,480.0,479.0
0.0,7887.0,1520.0,1442.0,0.0,1018.0,488.0,0.0,530.0,482.0,480.0,480.0,500.0,502.0,518.0,2422.0,3077.0,2388.0,488.0,0.0,530.0,482.0,480.0,480.0
0.0,6367.0,1499.0,1444.0,0.0,2352.0,980.0,322.0,1050.0,482.0,481.0,481.0,492.0,492.0,515.0,1922.0,2575.0,1870.0,980.0,322.0,1050.0,482.0,481.0,481.0
0.0,4868.0,1470.0,1444.0,7.0,3815.0,1457.0,807.0,1551.0,482.0,481.0,481.0,477.0,485.0,508.0,1430.0,2083.0,1355.0,1457.0,807.0,1551.0,482.0,481.0,481.0
0.0,3405.0,1480.0,1445.0,1018.0,4282.0,1471.0,1293.0,1518.0,482.0,481.0,482.0,502.0,486.0,492.0,953.0,1598.0,854.0,1471.0,1293.0,1518.0,482.0,481.0,482.0
0.0,2943.0,1490.0,1446.0,2352.0,3425.0,987.0,1457.0,981.0,483.0,481.0,482.0,491.0,486.0,513.0,939.0,1112.0,892.0,987.0,1457.0,981.0,483.0,481.0,482.0
0.0,3805.0,1488.0,1448.0,3815.0,1163.0,17.0,1146.0,0.0,483.0,482.0,483.0,487.0,491.0,510.0,1428.0,948.0,1429.0,17.0,1146.0,0.0,483.0,482.0,483.0
0.0,6132.0,1477.0,1449.0,4282.0,345.0,0.0,345.0,0.0,484.0,482.0,483.0,491.0,492.0,494.0,2398.0,1264.0,2470.0,0.0,345.0,0.0,484.0,482.0,483.0
0.0,8937.0,1452.0,1450.0,3425.0,0.0,0.0,0.0,0.0,484.0,483.0,483.0,494.0,472.0,486.0,3378.0,2065.0,3494.0,0.0,0.0,0.0,484.0,483.0,483.0
0.0,10910.0,1478.0,1452.0,1163.0,0.0,0.0,0.0,0.0,485.0,483.0,484.0,504.0,488.0,486.0,3871.0,3050.0,3989.0,0.0,0.0,0.0,485.0,483.0,484.0
0.0,10595.0,1451.0,1453.0,345.0,0.0,0.0,0.0,0.0,485.0,484.0,484.0,485.0,489.0,477.0,3384.0,3708.0,3503.0,0.0,0.0,0.0,485.0,484.0,484.0
0.0,9489.0,1459.0,1454.0,0.0,17.0,17.0,0.0,0.0,486.0,484.0,484.0,486.0,491.0,482.0,2899.0,3564.0,3026.0,17.0,0.0,0.0,486.0,484.0,484.0
0.0,8030.0,1448.0,1456.0,0.0,867.0,507.0,0.0,360.0,486.0,485.0,485.0,490.0,479.0,479.0,2413.0,3073.0,2544.0,507.0,0.0,360.0,486.0,485.0,485.0
0.0,6582.0,1451.0,1457.0,0.0,2154.0,992.0,322.0,840.0,487.0,485.0,485.0,480.0,491.0,480.0,1923.0,2594.0,2065.0,992.0,322.0,840.0,487.0,485.0,485.0
0.0,5131.0,1452.0,1458.0,17.0,3594.0,1460.0,814.0,1320.0,487.0,486.0,485.0,485.0,487.0,480.0,1443.0,2103.0,1585.0,1460.0,814.0,1320.0,487.0,486.0,485.0
0.0,3696.0,1441.0,1458.0,867.0,4168.0,1427.0,1309.0,1432.0,487.0,486.0,485.0,474.0,495.0,472.0,975.0,1616.0,1105.0,1427.0,1309.0,1432.0,487.0,486.0,485.0
0.0,3122.0,1459.0,1460.0,2154.0,3483.0,931.0,1487.0,1065.0,488.0,487.0,485.0,491.0,495.0,473.0,1008.0,1121.0,993.0,931.0,1487.0,1065.0,488.0,487.0,485.0
0.0,3817.0,1475.0,1463.0,3594.0,1412.0,0.0,1177.0,235.0,489.0,488.0,486.0,491.0,499.0,485.0,1509.0,948.0,1360.0,0.0,1177.0,235.0,489.0,488.0,486.0
0.0,5936.0,1511.0,1464.0,3916.0,381.0,0.0,381.0,0.0,489.0,489.0,486.0,510.0,508.0,493.0,2478.0,1263.0,2195.0,0.0,381.0,0.0,489.0,489.0,486.0
0.0,8341.0,1494.0,1466.0,3001.0,0.0,0.0,0.0,0.0,490.0,489.0,487.0,500.0,502.0,492.0,3143.0,2064.0,3134.0,0.0,0.0,0.0,490.0,489.0,487.0
0.0,9848.0,1496.0,1467.0,1516.0,0.0,0.0,0.0,0.0,490.0,490.0,487.0,510.0,506.0,480.0,3826.0,2701.0,3321.0,0.0,0.0,0.0,490.0,490.0,487.0
0.0,9868.0,1553.0,1468.0,1011.0,0.0,0.0,0.0,0.0,491.0,490.0,487.0,534.0,512.0,507.0,3316.0,3090.0,3462.0,0.0,0.0,0.0,491.0,490.0,487.0
0.0,9326.0,1538.0,1470.0,0.0,196.0,196.0,0.0,0.0,491.0,491.0,488.0,523.0,501.0,514.0,2782.0,3589.0,2955.0,196.0,0.0,0.0,491.0,491.0,488.0
0.0,7788.0,1559.0,1472.0,0.0,1256.0,723.0,0.0,533.0,492.0,491.0,489.0,522.0,508.0,529.0,2259.0,3088.0,2441.0,723.0,0.0,533.0,492.0,491.0,489.0
0.0,6229.0,1565.0,1474.0,0.0,2706.0,1246.0,396.0,1064.0,492.0,492.0,490.0,523.0,516.0,526.0,1737.0,2580.0,1912.0,1246.0,396.0,1064.0,492.0,492.0,490.0
0.0,4664.0,1558.0,1474.0,196.0,4068.0,1562.0,913.0,1593.0,492.0,492.0,490.0,512.0,517.0,529.0,1214.0,2064.0,1386.0,1562.0,913.0,1593.0,492.0,492.0,490.0
0.0,3302.0,1588.0,1476.0,1256.0,4410.0,1370.0,1449.0,1591.0,493.0,492.0,491.0,526.0,536.0,526.0,898.0,1547.0,857.0,1370.0,1449.0,1591.0,493.0,492.0,491.0
0.0,2970.0,1550.0,1478.0,2706.0,3264.0,623.0,1582.0,1059.0,493.0,493.0,492.0,499.0,524.0,527.0,1095.0,1011.0,864.0,623.0,1582.0,1059.0,493.0,493.0,492.0
0.0,4126.0,1537.0,1478.0,4068.0,1181.0,0.0,1181.0,0.0,493.0,493.0,492.0,506.0,512.0,519.0,1842.0,883.0,1401.0,0.0,1181.0,0.0,493.0,493.0,492.0
0.0,6657.0,1545.0,1480.0,4410.0,239.0,0.0,239.0,0.0,494.0,493.0,493.0,509.0,507.0,529.0,2898.0,1284.0,2475.0,0.0,239.0,0.0,494.0,493.0,493.0
0.0,9522.0,1574.0,1482.0,3264.0,0.0,0.0,0.0,0.0,494.0,494.0,494.0,505.0,542.0,527.0,3759.0,2226.0,3537.0,0.0,0.0,0.0,494.0,494.0,494.0
0.0,11212.0,1554.0,1484.0,1181.0,0.0,0.0,0.0,0.0,494.0,495.0,495.0,499.0,514.0,541.0,3877.0,3266.0,4069.0,0.0,0.0,0.0,494.0,495.0,495.0
0.0,10839.0,1520.0,1486.0,239.0,0.0,0.0,0.0,0.0,495.0,496.0,495.0,499.0,518.0,503.0,3378.0,3933.0,3528.0,0.0,0.0,0.0,495.0,496.0,495.0
0.0,9558.0,1551.0,1488.0,0.0,106.0,106.0,0.0,0.0,495.0,497.0,496.0,510.0,509.0,532.0,2879.0,3654.0,3025.0,106.0,0.0,0.0,495.0,497.0,496.0
0.0,8007.0,1501.0,1491.0,0.0,1091.0,607.0,0.0,484.0,496.0,498.0,497.0,496.0,513.0,492.0,2369.0,3145.0,2493.0,607.0,0.0,484.0,496.0,498.0,497.0
0.0,6506.0,1495.0,1491.0,0.0,2444.0,1115.0,350.0,979.0,496.0,498.0,497.0,508.0,492.0,495.0,1873.0,2632.0,2001.0,1115.0,350.0,979.0,496.0,498.0,497.0
0.0,5011.0,1434.0,1492.0,106.0,3777.0,1498.0,816.0,1463.0,497.0,498.0,497.0,484.0,466.0,484.0,1365.0,2140.0,1506.0,1498.0,816.0,1463.0,497.0,498.0,497.0
0.0,3683.0,1456.0,1493.0,1091.0,4147.0,1380.0,1290.0,1477.0,497.0,498.0,498.0,489.0,474.0,493.0,987.0,1674.0,1022.0,1380.0,1290.0,1477.0,497.0,498.0,498.0
0.0,3318.0,1464.0,1495.0,2444.0,3177.0,760.0,1427.0,990.0,498.0,499.0,498.0,490.0,482.0,492.0,1105.0,1200.0,1013.0,760.0,1427.0,990.0,498.0,499.0,498.0
0.0,4298.0,1436.0,1495.0,3777.0,1098.0,0.0,1090.0,8.0,498.0,499.0,498.0,476.0,479.0,481.0,1730.0,1068.0,1500.0,0.0,1090.0,8.0,498.0,499.0,498.0
0.0,6639.0,1465.0,1496.0,3549.0,298.0,0.0,298.0,0.0,498.0,500.0,498.0,494.0,493.0,478.0,2752.0,1405.0,2482.0,0.0,298.0,0.0,498.0,500.0,498.0
0.0,8723.0,1463.0,1498.0,3193.0,0.0,0.0,0.0,0.0,499.0,500.0,499.0,490.0,488.0,485.0,3040.0,2202.0,3481.0,0.0,0.0,0.0,499.0,500.0,499.0
0.0,10453.0,1502.0,1498.0,1680.0,0.0,0.0,0.0,0.0,499.0,500.0,499.0,487.0,515.0,500.0,3908.0,2950.0,3595.0,0.0,0.0,0.0,499.0,500.0,499.0
0.0,10631.0,1465.0,1498.0,298.0,0.0,0.0,0.0,0.0,499.0,500.0,499.0,490.0,500.0,475.0,3421.0,3716.0,3494.0,0.0,0.0,0.0,499.0,500.0,499.0
0.0,9464.0,1508.0,1499.0,0.0,62.0,62.0,0.0,0.0,499.0,501.0,499.0,498.0,517.0,493.0,2931.0,3514.0,3019.0,62.0,0.0,0.0,499.0,501.0,499.0
0.0,7956.0,1545.0,1501.0,0.0,1094.0,589.0,16.0,489.0,500.0,501.0,500.0,522.0,508.0,515.0,2433.0,2997.0,2526.0,589.0,16.0,489.0,500.0,501.0,500.0
0.0,6411.0,1587.0,1502.0,0.0,2686.0,1107.0,553.0,1026.0,500.0,501.0,501.0,518.0,537.0,532.0,1911.0,2489.0,2011.0,1107.0,553.0,1026.0,500.0,501.0,501.0
0.0,4824.0,1572.0,1502.0,62.0,4196.0,1567.0,1072.0,1557.0,500.0,501.0,501.0,522.0,519.0,531.0,1393.0,1952.0,1479.0,1567.0,1072.0,1557.0,500.0,501.0,501.0
0.0,3314.0,1604.0,1505.0,1094.0,4721.0,1518.0,1599.0,1604.0,501.0,502.0,502.0,535.0,538.0,531.0,933.0,1433.0,948.0,1518.0,1599.0,1604.0,501.0,502.0,502.0
0.0,2804.0,1637.0,1508.0,2686.0,3687.0,974.0,1589.0,1124.0,502.0,503.0,503.0,558.0,538.0,541.0,987.0,911.0,906.0,974.0,1589.0,1124.0,502.0,503.0,503.0
0.0,3853.0,1605.0,1509.0,4196.0,1157.0,0.0,1045.0,112.0,502.0,503.0,504.0,537.0,528.0,540.0,1536.0,926.0,1391.0,0.0,1045.0,112.0,502.0,503.0,504.0
0.0,6444.0,1611.0,1510.0,4721.0,0.0,0.0,0.0,0.0,502.0,503.0,505.0,538.0,530.0,543.0,2566.0,1470.0,2408.0,0.0,0.0,0.0,502.0,503.0,505.0
0.0,9554.0,1596.0,1512.0,3687.0,0.0,0.0,0.0,0.0,503.0,504.0,505.0,528.0,538.0,530.0,3546.0,2539.0,3469.0,0.0,0.0,0.0,503.0,504.0,505.0
0.0,11645.0,1584.0,1513.0,1157.0,0.0,0.0,0.0,0.0,504.0,504.0,505.0,530.0,524.0,530.0,3992.0,3590.0,4063.0,0.0,0.0,0.0,504.0,504.0,505.0
0.0,11218.0,1567.0,1514.0,0.0,0.0,0.0,0.0,0.0,504.0,505.0,505.0,508.0,530.0,529.0,3462.0,4111.0,3645.0,0.0,0.0,0.0,504.0,505.0,505.0
0.0,9651.0,1564.0,1517.0,0.0,85.0,85.0,0.0,0.0,505.0,506.0,506.0,514.0,515.0,535.0,2954.0,3581.0,3116.0,85.0,0.0,0.0,505.0,506.0,506.0
0.0,8087.0,1557.0,1517.0,0.0,1075.0,605.0,0.0,470.0,505.0,506.0,506.0,520.0,516.0,521.0,2440.0,3066.0,2581.0,605.0,0.0,470.0,505.0,506.0,506.0
0.0,6530.0,1546.0,1520.0,0.0,2616.0,1128.0,489.0,999.0,506.0,507.0,507.0,518.0,504.0,524.0,1920.0,2550.0,2060.0,1128.0,489.0,999.0,506.0,507.0,507.0
0.0,4984.0,1540.0,1520.0,85.0,4071.0,1560.0,1002.0,1509.0,506.0,507.0,507.0,517.0,513.0,510.0,1402.0,2046.0,1536.0,1560.0,1002.0,1509.0,506.0,507.0,507.0
0.0,3529.0,1515.0,1521.0,1075.0,4516.0,1473.0,1502.0,1541.0,507.0,507.0,507.0,513.0,500.0,502.0,970.0,1533.0,1026.0,1473.0,1502.0,1541.0,507.0,507.0,507.0
0.0,3089.0,1514.0,1522.0,2616.0,3419.0,860.0,1510.0,1049.0,507.0,508.0,507.0,515.0,492.0,507.0,1062.0,1033.0,994.0,860.0,1510.0,1049.0,507.0,508.0,507.0
0.0,4191.0,1505.0,1522.0,4071.0,1046.0,0.0,1014.0,32.0,507.0,508.0,507.0,507.0,506.0,492.0,1675.0,1030.0,1486.0,0.0,1014.0,32.0,507.0,508.0,507.0
0.0,6757.0,1502.0,1523.0,3820.0,26.0,0.0,26.0,0.0,507.0,508.0,508.0,488.0,514.0,500.0,2728.0,1526.0,2503.0,0.0,26.0,0.0,507.0,508.0,508.0
0.0,9075.0,1493.0,1524.0,3552.0,0.0,0.0,0.0,0.0,507.0,509.0,508.0,495.0,501.0,497.0,3017.0,2514.0,3544.0,0.0,0.0,0.0,507.0,509.0,508.0
0.0,11134.0,1516.0,1526.0,1608.0,0.0,0.0,0.0,0.0,508.0,509.0,509.0,506.0,509.0,501.0,4078.0,2960.0,4096.0,0.0,0.0,0.0,508.0,509.0,509.0
0.0,11226.0,1525.0,1527.0,27.0,0.0,0.0,0.0,0.0,508.0,510.0,509.0,514.0,510.0,501.0,3572.0,4027.0,3627.0,0.0,0.0,0.0,508.0,510.0,509.0
0.0,9728.0,1538.0,1528.0,0.0,3.0,3.0,0.0,0.0,509.0,510.0,509.0,516.0,526.0,496.0,3058.0,3544.0,3126.0,3.0,0.0,0.0,509.0,510.0,509.0
0.0,8190.0,1529.0,1530.0,0.0,989.0,506.0,51.0,432.0,509.0,511.0,510.0,503.0,514.0,512.0,2542.0,3018.0,2630.0,506.0,51.0,432.0,509.0,511.0,510.0
0.0,6661.0,1541.0,1532.0,0.0,2540.0,1027.0,566.0,947.0,510.0,511.0,511.0,516.0,515.0,510.0,2039.0,2504.0,2118.0,1027.0,566.0,947.0,510.0,511.0,511.0
0.0,5120.0,1575.0,1534.0,3.0,4122.0,1553.0,1085.0,1484.0,511.0,511.0,512.0,524.0,519.0,532.0,1523.0,1989.0,1608.0,1553.0,1085.0,1484.0,511.0,511.0,512.0
0.0,3548.0,1574.0,1535.0,989.0,4712.0,1565.0,1573.0,1574.0,511.0,512.0,512.0,518.0,534.0,522.0,1002.0,1470.0,1076.0,1565.0,1573.0,1574.0,511.0,512.0,512.0
0.0,2963.0,1573.0,1536.0,2540.0,3750.0,1056.0,1534.0,1160.0,511.0,512.0,513.0,518.0,527.0,528.0,990.0,987.0,986.0,1056.0,1534.0,1160.0,511.0,512.0,513.0
0.0,3930.0,1613.0,1539.0,4122.0,1256.0,49.0,992.0,215.0,512.0,513.0,514.0,541.0,538.0,534.0,1499.0,1026.0,1405.0,49.0,992.0,215.0,512.0,513.0,514.0
0.0,6439.0,1616.0,1540.0,4712.0,0.0,0.0,0.0,0.0,512.0,513.0,515.0,530.0,529.0,557.0,2511.0,1573.0,2355.0,0.0,0.0,0.0,512.0,513.0,515.0
0.0,9535.0,1616.0,1541.0,3750.0,0.0,0.0,0.0,0.0,512.0,514.0,515.0,546.0,533.0,537.0,3546.0,2617.0,3372.0,0.0,0.0,0.0,512.0,514.0,515.0
0.0,11669.0,1635.0,1543.0,1256.0,0.0,0.0,0.0,0.0,513.0,514.0,516.0,555.0,526.0,554.0,4056.0,3618.0,3995.0,0.0,0.0,0.0,513.0,514.0,516.0
0.0,11290.0,1644.0,1545.0,0.0,0.0,0.0,0.0,0.0,513.0,515.0,517.0,534.0,535.0,575.0,3550.0,4084.0,3656.0,0.0,0.0,0.0,513.0,515.0,517.0
0.0,9646.0,1635.0,1547.0,0.0,175.0,97.0,0.0,78.0,514.0,515.0,518.0,543.0,523.0,569.0,3016.0,3549.0,3081.0,97.0,0.0,78.0,514.0,515.0,518.0
0.0,8011.0,1643.0,1547.0,0.0,1367.0,647.0,89.0,631.0,514.0,515.0,518.0,550.0,540.0,553.0,2473.0,3026.0,2512.0,647.0,89.0,631.0,514.0,515.0,518.0
0.0,6368.0,1620.0,1548.0,0.0,2992.0,1190.0,620.0,1182.0,515.0,515.0,518.0,538.0,531.0,551.0,1923.0,2486.0,1959.0,1190.0,620.0,1182.0,515.0,515.0,518.0
0.0,4748.0,1632.0,1550.0,175.0,4459.0,1629.0,1166.0,1664.0,515.0,516.0,519.0,536.0,541.0,555.0,1385.0,1955.0,1408.0,1629.0,1166.0,1664.0,515.0,516.0,519.0
0.0,3291.0,1625.0,1551.0,1367.0,4722.0,1525.0,1619.0,1578.0,516.0,516.0,519.0,538.0,542.0,545.0,946.0,1414.0,931.0,1525.0,1619.0,1578.0,516.0,516.0,519.0
0.0,3033.0,1635.0,1553.0,2992.0,3375.0,886.0,1544.0,945.0,517.0,516.0,520.0,546.0,545.0,544.0,1055.0,961.0,1017.0,886.0,1544.0,945.0,517.0,516.0,520.0
0.0,4390.0,1595.0,1554.0,4459.0,920.0,0.0,920.0,0.0,517.0,517.0,520.0,532.0,537.0,526.0,1699.0,1036.0,1655.0,0.0,920.0,0.0,517.0,517.0,520.0
0.0,7254.0,1604.0,1555.0,3765.0,209.0,0.0,209.0,0.0,518.0,517.0,520.0,542.0,531.0,531.0,2796.0,1665.0,2793.0,0.0,209.0,0.0,518.0,517.0,520.0
0.0,9415.0,1593.0,1556.0,3721.0,0.0,0.0,0.0,0.0,518.0,518.0,520.0,530.0,552.0,511.0,3199.0,2376.0,3840.0,0.0,0.0,0.0,518.0,518.0,520.0
0.0,11543.0,1563.0,1557.0,1531.0,0.0,0.0,0.0,0.0,519.0,518.0,520.0,524.0,540.0,499.0,4135.0,3324.0,4084.0,0.0,0.0,0.0,519.0,518.0,520.0
0.0,11511.0,1566.0,1558.0,209.0,0.0,0.0,0.0,0.0,519.0,519.0,520.0,529.0,527.0,510.0,3611.0,4125.0,3775.0,0.0,0.0,0.0,519.0,519.0,520.0
0.0,10154.0,1538.0,1561.0,0.0,35.0,35.0,0.0,0.0,520.0,520.0,521.0,517.0,510.0,511.0,3082.0,3807.0,3265.0,35.0,0.0,0.0,520.0,520.0,521.0
0.0,8616.0,1538.0,1563.0,0.0,909.0,553.0,0.0,356.0,521.0,521.0,521.0,513.0,520.0,505.0,2565.0,3297.0,2754.0,553.0,0.0,356.0,521.0,521.0,521.0
0.0,7078.0,1533.0,1563.0,0.0,2270.0,1062.0,333.0,875.0,521.0,521.0,521.0,509.0,505.0,519.0,2052.0,2777.0,2249.0,1062.0,333.0,875.0,521.0,521.0,521.0
0.0,5545.0,1535.0,1565.0,35.0,3780.0,1518.0,858.0,1404.0,521.0,522.0,522.0,491.0,520.0,524.0,1543.0,2272.0,1730.0,1518.0,858.0,1404.0,521.0,522.0,522.0
0.0,4045.0,1538.0,1567.0,909.0,4419.0,1483.0,1368.0,1568.0,522.0,522.0,523.0,513.0,510.0,515.0,1087.0,1752.0,1206.0,1483.0,1368.0,1568.0,522.0,522.0,523.0
0.0,3416.0,1540.0,1569.0,2270.0,3699.0,924.0,1554.0,1221.0,522.0,523.0,524.0,503.0,514.0,523.0,1127.0,1242.0,1047.0,924.0,1554.0,1221.0,522.0,523.0,524.0
0.0,4146.0,1571.0,1569.0,3780.0,1565.0,0.0,1230.0,335.0,522.0,523.0,524.0,519.0,534.0,518.0,1686.0,1061.0,1399.0,0.0,1230.0,335.0,522.0,523.0,524.0
0.0,6355.0,1607.0,1572.0,4419.0,402.0,0.0,402.0,0.0,523.0,524.0,525.0,541.0,535.0,531.0,2685.0,1385.0,2285.0,0.0,402.0,0.0,523.0,524.0,525.0
0.0,9167.0,1599.0,1574.0,3699.0,0.0,0.0,0.0,0.0,524.0,524.0,526.0,532.0,535.0,532.0,3627.0,2218.0,3322.0,0.0,0.0,0.0,524.0,524.0,526.0
0.0,11267.0,1624.0,1575.0,1565.0,0.0,0.0,0.0,0.0,524.0,525.0,526.0,541.0,536.0,547.0,4019.0,3237.0,4011.0,0.0,0.0,0.0,524.0,525.0,526.0
0.0,11208.0,1647.0,1577.0,402.0,0.0,0.0,0.0,0.0,525.0,525.0,527.0,565.0,534.0,548.0,3478.0,3931.0,3799.0,0.0,0.0,0.0,525.0,525.0,527.0
0.0,9963.0,1678.0,1578.0,0.0,280.0,280.0,0.0,0.0,526.0,525.0,527.0,563.0,560.0,555.0,2913.0,3799.0,3251.0,280.0,0.0,0.0,526.0,525.0,527.0
0.0,8285.0,1700.0,1581.0,0.0,1371.0,855.0,0.0,516.0,527.0,526.0,528.0,570.0,558.0,572.0,2350.0,3239.0,2696.0,855.0,0.0,516.0,527.0,526.0,528.0
0.0,6585.0,1682.0,1581.0,0.0,3002.0,1413.0,511.0,1078.0,527.0,526.0,528.0,558.0,562.0,562.0,1780.0,2681.0,2124.0,1413.0,511.0,1078.0,527.0,526.0,528.0
0.0,4903.0,1685.0,1583.0,280.0,4417.0,1699.0,1063.0,1655.0,527.0,527.0,529.0,566.0,547.0,572.0,1222.0,2119.0,1562.0,1699.0,1063.0,1655.0,527.0,527.0,529.0
0.0,3498.0,1681.0,1585.0,1371.0,4737.0,1398.0,1619.0,1720.0,528.0,527.0,530.0,549.0,556.0,576.0,936.0,1572.0,990.0,1398.0,1619.0,1720.0,528.0,527.0,530.0
0.0,3188.0,1646.0,1585.0,3002.0,3381.0,530.0,1655.0,1196.0,528.0,527.0,530.0,545.0,547.0,554.0,1242.0,1016.0,930.0,530.0,1655.0,1196.0,528.0,527.0,530.0
0.0,4544.0,1675.0,1587.0,4417.0,1266.0,0.0,1159.0,107.0,528.0,528.0,531.0,552.0,562.0,561.0,2110.0,980.0,1454.0,0.0,1159.0,107.0,528.0,528.0,531.0
0.0,7286.0,1649.0,1589.0,4565.0,272.0,0.0,272.0,0.0,529.0,529.0,531.0,538.0,555.0,556.0,3257.0,1481.0,2548.0,0.0,272.0,0.0,529.0,529.0,531.0
0.0,10202.0,1622.0,1590.0,2483.0,0.0,0.0,0.0,0.0,530.0,529.0,531.0,549.0,534.0,539.0,4117.0,2373.0,3712.0,0.0,0.0,0.0,530.0,529.0,531.0
0.0,11063.0,1631.0,1590.0,2336.0,0.0,0.0,0.0,0.0,530.0,529.0,531.0,564.0,543.0,524.0,4098.0,2801.0,4164.0,0.0,0.0,0.0,530.0,529.0,531.0
0.0,11768.0,1608.0,1593.0,272.0,0.0,0.0,0.0,0.0,531.0,530.0,532.0,527.0,530.0,551.0,3534.0,4282.0,3952.0,0.0,0.0,0.0,531.0,530.0,532.0
0.0,10432.0,1596.0,1594.0,0.0,184.0,184.0,0.0,0.0,531.0,530.0,533.0,536.0,510.0,550.0,3007.0,4024.0,3401.0,184.0,0.0,0.0,531.0,530.0,533.0
0.0,8836.0,1607.0,1595.0,0.0,1079.0,742.0,0.0,337.0,532.0,530.0,533.0,553.0,531.0,523.0,2471.0,3514.0,2851.0,742.0,0.0,337.0,532.0,530.0,533.0
0.0,7229.0,1617.0,1597.0,0.0,2373.0,1282.0,212.0,879.0,532.0,531.0,534.0,540.0,540.0,537.0,1918.0,2983.0,2328.0,1282.0,212.0,879.0,532.0,531.0,534.0
0.0,5612.0,1567.0,1599.0,184.0,3766.0,1652.0,733.0,1381.0,533.0,532.0,534.0,549.0,516.0,502.0,1378.0,2443.0,1791.0,1652.0,733.0,1381.0,533.0,532.0,534.0
0.0,4229.0,1584.0,1600.0,1079.0,4276.0,1440.0,1260.0,1576.0,534.0,532.0,534.0,525.0,527.0,532.0,1013.0,1927.0,1289.0,1440.0,1260.0,1576.0,534.0,532.0,534.0
0.0,3724.0,1584.0,1601.0,2373.0,3492.0,691.0,1572.0,1229.0,534.0,532.0,535.0,533.0,524.0,527.0,1230.0,1400.0,1094.0,691.0,1572.0,1229.0,534.0,532.0,535.0
0.0,4513.0,1564.0,1603.0,3766.0,1731.0,0.0,1368.0,363.0,535.0,533.0,535.0,525.0,524.0,515.0,1979.0,1088.0,1446.0,0.0,1368.0,363.0,535.0,533.0,535.0
0.0,6715.0,1596.0,1604.0,4276.0,659.0,0.0,659.0,0.0,535.0,533.0,536.0,525.0,551.0,520.0,3106.0,1297.0,2312.0,0.0,659.0,0.0,535.0,533.0,536.0
0.0,9395.0,1588.0,1604.0,3492.0,0.0,0.0,0.0,0.0,535.0,533.0,536.0,527.0,527.0,534.0,4021.0,2006.0,3368.0,0.0,0.0,0.0,535.0,533.0,536.0
0.0,11299.0,1614.0,1606.0,1731.0,0.0,0.0,0.0,0.0,535.0,534.0,537.0,516.0,549.0,549.0,4185.0,3051.0,4063.0,0.0,0.0,0.0,535.0,534.0,537.0
0.0,11416.0,1614.0,1608.0,659.0,0.0,0.0,0.0,0.0,536.0,534.0,538.0,523.0,536.0,555.0,3669.0,3870.0,3877.0,0.0,0.0,0.0,536.0,534.0,538.0
0.0,10461.0,1648.0,1609.0,0.0,86.0,86.0,0.0,0.0,536.0,535.0,538.0,552.0,543.0,553.0,3146.0,3993.0,3322.0,86.0,0.0,0.0,536.0,535.0,538.0
0.0,8813.0,1682.0,1611.0,0.0,1136.0,642.0,0.0,494.0,537.0,535.0,539.0,551.0,563.0,568.0,2594.0,3450.0,2769.0,642.0,0.0,494.0,537.0,535.0,539.0
0.0,7131.0,1670.0,1614.0,0.0,2609.0,1206.0,344.0,1059.0,538.0,536.0,540.0,559.0,551.0,560.0,2043.0,2887.0,2201.0,1206.0,344.0,1059.0,538.0,536.0,540.0
0.0,5461.0,1687.0,1614.0,86.0,4210.0,1685.0,906.0,1619.0,538.0,536.0,540.0,565.0,562.0,560.0,1484.0,2336.0,1641.0,1685.0,906.0,1619.0,538.0,536.0,540.0
0.0,3860.0,1703.0,1617.0,1136.0,4792.0,1622.0,1469.0,1701.0,539.0,537.0,541.0,574.0,558.0,571.0,1005.0,1774.0,1081.0,1622.0,1469.0,1701.0,539.0,537.0,541.0
0.0,3293.0,1708.0,1618.0,2609.0,3896.0,979.0,1695.0,1222.0,539.0,538.0,541.0,563.0,565.0,580.0,1073.0,1216.0,1004.0,979.0,1695.0,1222.0,539.0,538.0,541.0
0.0,4194.0,1690.0,1619.0,4210.0,1523.0,0.0,1345.0,178.0,539.0,538.0,542.0,564.0,556.0,570.0,1716.0,995.0,1483.0,0.0,1345.0,178.0,539.0,538.0,542.0
0.0,6714.0,1718.0,1621.0,4792.0,447.0,0.0,447.0,0.0,540.0,539.0,542.0,583.0,566.0,569.0,2837.0,1345.0,2532.0,0.0,447.0,0.0,540.0,539.0,542.0
0.0,9788.0,1687.0,1622.0,3211.0,0.0,0.0,0.0,0.0,541.0,539.0,542.0,569.0,553.0,565.0,3876.0,2248.0,3664.0,0.0,0.0,0.0,541.0,539.0,542.0
0.0,11312.0,1699.0,1623.0,2110.0,0.0,0.0,0.0,0.0,541.0,540.0,542.0,571.0,560.0,568.0,3813.0,3178.0,4321.0,0.0,0.0,0.0,541.0,540.0,542.0
0.0,11723.0,1655.0,1624.0,545.0,0.0,0.0,0.0,0.0,542.0,540.0,542.0,553.0,556.0,546.0,3715.0,4077.0,3931.0,0.0,0.0,0.0,542.0,540.0,542.0
0.0,10613.0,1690.0,1624.0,0.0,116.0,116.0,0.0,0.0,542.0,540.0,542.0,568.0,548.0,574.0,3162.0,4066.0,3385.0,116.0,0.0,0.0,542.0,540.0,542.0
0.0,8923.0,1660.0,1624.0,0.0,1130.0,674.0,0.0,456.0,542.0,540.0,542.0,558.0,545.0,557.0,2594.0,3518.0,2811.0,674.0,0.0,456.0,542.0,540.0,542.0
0.0,7263.0,1664.0,1626.0,0.0,2531.0,1238.0,278.0,1015.0,543.0,540.0,543.0,559.0,551.0,554.0,2036.0,2973.0,2254.0,1238.0,278.0,1015.0,543.0,540.0,543.0
0.0,5599.0,1658.0,1626.0,116.0,4073.0,1682.0,813.0,1578.0,543.0,540.0,543.0,560.0,535.0,563.0,1477.0,2422.0,1700.0,1682.0,813.0,1578.0,543.0,540.0,543.0
0.0,4057.0,1678.0,1628.0,1130.0,4631.0,1556.0,1394.0,1681.0,543.0,541.0,544.0,548.0,576.0,554.0,1033.0,1887.0,1137.0,1556.0,1394.0,1681.0,543.0,541.0,544.0
0.0,3509.0,1657.0,1631.0,2531.0,3772.0,861.0,1683.0,1228.0,544.0,542.0,545.0,538.0,562.0,557.0,1159.0,1311.0,1039.0,861.0,1683.0,1228.0,544.0,542.0,545.0
0.0,4383.0,1640.0,1631.0,4073.0,1616.0,0.0,1427.0,189.0,544.0,542.0,545.0,544.0,557.0,539.0,1859.0,1027.0,1497.0,0.0,1427.0,189.0,544.0,542.0,545.0
0.0,6816.0,1670.0,1634.0,4631.0,604.0,0.0,604.0,0.0,545.0,543.0,546.0,565.0,566.0,539.0,2997.0,1283.0,2536.0,0.0,604.0,0.0,545.0,543.0,546.0
0.0,9777.0,1631.0,1635.0,3772.0,0.0,0.0,0.0,0.0,545.0,543.0,547.0,558.0,529.0,544.0,3988.0,2111.0,3678.0,0.0,0.0,0.0,545.0,543.0,547.0
0.0,11918.0,1621.0,1637.0,1616.0,0.0,0.0,0.0,0.0,546.0,544.0,547.0,539.0,553.0,529.0,4291.0,3265.0,4362.0,0.0,0.0,0.0,546.0,544.0,547.0
0.0,11913.0,1604.0,1637.0,604.0,0.0,0.0,0.0,0.0,546.0,544.0,547.0,536.0,531.0,537.0,3752.0,4139.0,4022.0,0.0,0.0,0.0,546.0,544.0,547.0
0.0,10913.0,1638.0,1640.0,0.0,64.0,64.0,0.0,0.0,547.0,545.0,548.0,545.0,547.0,546.0,3216.0,4212.0,3485.0,64.0,0.0,0.0,547.0,545.0,548.0
0.0,9275.0,1621.0,1641.0,0.0,948.0,604.0,0.0,344.0,548.0,545.0,548.0,535.0,543.0,543.0,2671.0,3665.0,2939.0,604.0,0.0,344.0,548.0,545.0,548.0
0.0,7654.0,1621.0,1643.0,0.0,2182.0,1131.0,137.0,914.0,548.0,546.0,549.0,527.0,529.0,565.0,2136.0,3122.0,2396.0,1131.0,137.0,914.0,548.0,546.0,549.0
0.0,6033.0,1656.0,1645.0,64.0,3784.0,1628.0,688.0,1468.0,549.0,546.0,550.0,556.0,551.0,549.0,1609.0,2593.0,1831.0,1628.0,688.0,1468.0,549.0,546.0,550.0
0.0,4441.0,1683.0,1645.0,948.0,4519.0,1580.0,1246.0,1693.0,549.0,546.0,550.0,556.0,558.0,569.0,1117.0,2042.0,1282.0,1580.0,1246.0,1693.0,549.0,546.0,550.0
0.0,3706.0,1654.0,1647.0,2182.0,4001.0,987.0,1668.0,1346.0,549.0,547.0,551.0,538.0,554.0,562.0,1165.0,1484.0,1057.0,987.0,1668.0,1346.0,549.0,547.0,551.0
0.0,4234.0,1693.0,1648.0,3784.0,1984.0,0.0,1538.0,446.0,550.0,547.0,551.0,567.0,558.0,568.0,1758.0,1067.0,1409.0,0.0,1538.0,446.0,550.0,547.0,551.0
0.0,6325.0,1728.0,1650.0,3940.0,861.0,0.0,861.0,0.0,550.0,548.0,552.0,579.0,564.0,585.0,2819.0,1197.0,2309.0,0.0,861.0,0.0,550.0,548.0,552.0
0.0,8537.0,1717.0,1651.0,4285.0,0.0,0.0,0.0,0.0,551.0,548.0,552.0,587.0,557.0,573.0,3241.0,1879.0,3417.0,0.0,0.0,0.0,551.0,548.0,552.0
0.0,11105.0,1747.0,1652.0,1898.0,0.0,0.0,0.0,0.0,551.0,548.0,553.0,587.0,574.0,586.0,3973.0,2990.0,4142.0,0.0,0.0,0.0,551.0,548.0,553.0
0.0,11256.0,1740.0,1652.0,1242.0,0.0,0.0,0.0,0.0,551.0,548.0,553.0,580.0,587.0,573.0,3633.0,3573.0,4050.0,0.0,0.0,0.0,551.0,548.0,553.0
0.0,10758.0,1748.0,1654.0,0.0,289.0,289.0,0.0,0.0,552.0,549.0,553.0,582.0,587.0,579.0,3053.0,4228.0,3477.0,289.0,0.0,0.0,552.0,549.0,553.0
0.0,9010.0,1751.0,1655.0,0.0,1306.0,871.0,0.0,435.0,552.0,550.0,553.0,582.0,601.0,568.0,2471.0,3641.0,2898.0,871.0,0.0,435.0,552.0,550.0,553.0
0.0,7259.0,1721.0,1657.0,0.0,2747.0,1449.0,306.0,992.0,553.0,551.0,553.0,573.0,591.0,557.0,1889.0,3040.0,2330.0,1449.0,306.0,992.0,553.0,551.0,553.0
0.0,5538.0,1711.0,1657.0,289.0,4169.0,1728.0,886.0,1555.0,553.0,551.0,553.0,568.0,580.0,563.0,1316.0,2449.0,1773.0,1728.0,886.0,1555.0,553.0,551.0,553.0
0.0,4116.0,1732.0,1659.0,1306.0,4605.0,1441.0,1480.0,1684.0,554.0,552.0,553.0,579.0,589.0,564.0,1037.0,1869.0,1210.0,1441.0,1480.0,1684.0,554.0,552.0,553.0
0.0,3690.0,1712.0,1661.0,2747.0,3580.0,550.0,1766.0,1264.0,554.0,553.0,554.0,558.0,587.0,567.0,1329.0,1280.0,1081.0,550.0,1766.0,1264.0,554.0,553.0,554.0
0.0,4725.0,1700.0,1661.0,4169.0,1726.0,0.0,1452.0,274.0,554.0,553.0,554.0,563.0,572.0,565.0,2220.0,999.0,1506.0,0.0,1452.0,274.0,554.0,553.0,554.0
0.0,7194.0,1691.0,1664.0,4605.0,552.0,0.0,552.0,0.0,555.0,554.0,555.0,549.0,575.0,567.0,3385.0,1313.0,2496.0,0.0,552.0,0.0,555.0,554.0,555.0
0.0,10108.0,1696.0,1665.0,3580.0,0.0,0.0,0.0,0.0,555.0,555.0,555.0,572.0,570.0,554.0,4277.0,2218.0,3613.0,0.0,0.0,0.0,555.0,555.0,555.0
0.0,11992.0,1684.0,1668.0,1726.0,0.0,0.0,0.0,0.0,556.0,556.0,556.0,575.0,551.0,558.0,4255.0,3414.0,4323.0,0.0,0.0,0.0,556.0,556.0,556.0
0.0,12034.0,1683.0,1668.0,552.0,0.0,0.0,0.0,0.0,556.0,556.0,556.0,571.0,558.0,554.0,3680.0,4315.0,4039.0,0.0,0.0,0.0,556.0,556.0,556.0
0.0,10903.0,1692.0,1671.0,0.0,247.0,247.0,0.0,0.0,557.0,557.0,557.0,571.0,555.0,566.0,3109.0,4309.0,3485.0,247.0,0.0,0.0,557.0,557.0,557.0
0.0,9211.0,1657.0,1672.0,0.0,1242.0,810.0,0.0,432.0,557.0,557.0,558.0,563.0,533.0,561.0,2538.0,3754.0,2919.0,810.0,0.0,432.0,557.0,557.0,558.0
0.0,7554.0,1669.0,1673.0,0.0,2480.0,1373.0,107.0,1000.0,558.0,557.0,558.0,558.0,543.0,568.0,1975.0,3221.0,2358.0,1373.0,107.0,1000.0,558.0,557.0,558.0
0.0,5885.0,1657.0,1676.0,247.0,3905.0,1686.0,664.0,1555.0,559.0,558.0,559.0,555.0,552.0,550.0,1417.0,2678.0,1790.0,1686.0,664.0,1555.0,559.0,558.0,559.0
0.0,4475.0,1666.0,1677.0,1242.0,4334.0,1422.0,1213.0,1699.0,559.0,558.0,560.0,546.0,549.0,571.0,1109.0,2126.0,1240.0,1422.0,1213.0,1699.0,559.0,558.0,560.0
0.0,4051.0,1683.0,1680.0,2480.0,3552.0,613.0,1672.0,1267.0,560.0,559.0,561.0,559.0,561.0,563.0,1373.0,1577.0,1101.0,613.0,1672.0,1267.0,560.0,559.0,561.0
0.0,4848.0,1678.0,1680.0,3672.0,1850.0,0.0,1564.0,286.0,560.0,559.0,561.0,548.0,556.0,574.0,2187.0,1123.0,1538.0,0.0,1564.0,286.0,560.0,559.0,561.0
0.0,6842.0,1663.0,1681.0,4463.0,907.0,0.0,907.0,0.0,561.0,559.0,561.0,543.0,556.0,564.0,3092.0,1231.0,2519.0,0.0,907.0,0.0,561.0,559.0,561.0
0.0,9642.0,1725.0,1683.0,3656.0,0.0,0.0,0.0,0.0,561.0,560.0,562.0,572.0,575.0,578.0,4100.0,1888.0,3654.0,0.0,0.0,0.0,561.0,560.0,562.0
0.0,11573.0,1727.0,1684.0,1241.0,0.0,0.0,0.0,0.0,562.0,560.0,562.0,590.0,563.0,574.0,4245.0,2985.0,4343.0,0.0,0.0,0.0,562.0,560.0,562.0
0.0,11087.0,1734.0,1684.0,1516.0,0.0,0.0,0.0,0.0,562.0,560.0,562.0,573.0,589.0,572.0,3655.0,3377.0,4055.0,0.0,0.0,0.0,562.0,560.0,562.0
0.0,10869.0,1762.0,1685.0,0.0,316.0,316.0,0.0,0.0,562.0,561.0,562.0,588.0,604.0,570.0,3082.0,4304.0,3483.0,316.0,0.0,0.0,562.0,561.0,562.0
0.0,9107.0,1782.0,1688.0,0.0,1408.0,910.0,0.0,498.0,563.0,562.0,563.0,589.0,597.0,596.0,2494.0,3700.0,2913.0,910.0,0.0,498.0,563.0,562.0,563.0
0.0,7325.0,1770.0,1689.0,0.0,2890.0,1504.0,303.0,1083.0,563.0,563.0,563.0,594.0,591.0,585.0,1905.0,3103.0,2317.0,1504.0,303.0,1083.0,563.0,563.0,563.0
0.0,5555.0,1775.0,1690.0,316.0,4354.0,1791.0,892.0,1671.0,564.0,563.0,563.0,598.0,589.0,588.0,1311.0,2512.0,1732.0,1791.0,892.0,1671.0,564.0,563.0,563.0
0.0,4096.0,1740.0,1691.0,1408.0,4691.0,1465.0,1490.0,1736.0,564.0,564.0,563.0,584.0,593.0,563.0,1029.0,1923.0,1144.0,1465.0,1490.0,1736.0,564.0,564.0,563.0
0.0,3764.0,1776.0,1692.0,2890.0,3582.0,550.0,1801.0,1231.0,564.0,565.0,563.0,589.0,609.0,578.0,1355.0,1330.0,1079.0,550.0,1801.0,1231.0,564.0,565.0,563.0
0.0,4878.0,1758.0,1693.0,4354.0,1658.0,0.0,1504.0,154.0,564.0,565.0,564.0,574.0,595.0,589.0,2270.0,1024.0,1584.0,0.0,1504.0,154.0,564.0,565.0,564.0
0.0,7474.0,1739.0,1695.0,4691.0,602.0,0.0,602.0,0.0,565.0,566.0,564.0,578.0,583.0,578.0,3487.0,1321.0,2666.0,0.0,602.0,0.0,565.0,566.0,564.0
0.0,10426.0,1723.0,1695.0,3582.0,0.0,0.0,0.0,0.0,565.0,566.0,564.0,570.0,577.0,576.0,4374.0,2228.0,3824.0,0.0,0.0,0.0,565.0,566.0,564.0
0.0,12285.0,1731.0,1697.0,1658.0,0.0,0.0,0.0,0.0,565.0,567.0,565.0,569.0,579.0,583.0,4354.0,3452.0,4479.0,0.0,0.0,0.0,565.0,567.0,565.0
0.0,12212.0,1727.0,1698.0,602.0,0.0,0.0,0.0,0.0,565.0,568.0,565.0,563.0,591.0,573.0,3785.0,4377.0,4050.0,0.0,0.0,0.0,565.0,568.0,565.0
0.0,11087.0,1727.0,1700.0,0.0,198.0,198.0,0.0,0.0,566.0,568.0,566.0,590.0,564.0,573.0,3222.0,4388.0,3477.0,198.0,0.0,0.0,566.0,568.0,566.0
0.0,9360.0,1720.0,1700.0,0.0,1278.0,782.0,0.0,496.0,566.0,568.0,566.0,584.0,566.0,570.0,2632.0,3824.0,2904.0,782.0,0.0,496.0,566.0,568.0,566.0
0.0,7640.0,1708.0,1701.0,0.0,2573.0,1349.0,149.0,1075.0,567.0,568.0,566.0,562.0,567.0,579.0,2048.0,3258.0,2334.0,1349.0,149.0,1075.0,567.0,568.0,566.0
0.0,5932.0,1712.0,1703.0,198.0,4097.0,1723.0,725.0,1649.0,567.0,569.0,567.0,572.0,571.0,569.0,1486.0,2691.0,1755.0,1723.0,725.0,1649.0,567.0,569.0,567.0
0.0,4418.0,1729.0,1705.0,1278.0,4558.0,1515.0,1300.0,1743.0,568.0,569.0,568.0,569.0,575.0,585.0,1112.0,2120.0,1186.0,1515.0,1300.0,1743.0,568.0,569.0,568.0
0.0,3967.0,1714.0,1706.0,2573.0,3704.0,731.0,1745.0,1228.0,568.0,570.0,568.0,565.0,589.0,560.0,1325.0,1545.0,1097.0,731.0,1745.0,1228.0,568.0,570.0,568.0
0.0,4826.0,1710.0,1707.0,3919.0,1760.0,0.0,1599.0,161.0,568.0,570.0,569.0,554.0,579.0,577.0,2109.0,1105.0,1612.0,0.0,1599.0,161.0,568.0,570.0,569.0
0.0,7035.0,1708.0,1710.0,4360.0,863.0,0.0,863.0,0.0,569.0,571.0,570.0,570.0,559.0,579.0,3100.0,1251.0,2684.0,0.0,863.0,0.0,569.0,571.0,570.0
0.0,9687.0,1678.0,1710.0,3912.0,0.0,0.0,0.0,0.0,569.0,571.0,570.0,557.0,562.0,559.0,3847.0,1992.0,3848.0,0.0,0.0,0.0,569.0,571.0,570.0
0.0,11921.0,1711.0,1712.0,1149.0,0.0,0.0,0.0,0.0,569.0,572.0,571.0,565.0,573.0,573.0,4397.0,3175.0,4349.0,0.0,0.0,0.0,569.0,572.0,571.0
0.0,11359.0,1713.0,1714.0,1536.0,0.0,0.0,0.0,0.0,570.0,573.0,571.0,568.0,576.0,569.0,3832.0,3422.0,4105.0,0.0,0.0,0.0,570.0,573.0,571.0
0.0,11182.0,1731.0,1715.0,106.0,172.0,172.0,0.0,0.0,571.0,573.0,571.0,581.0,580.0,570.0,3264.0,4382.0,3536.0,172.0,0.0,0.0,571.0,573.0,571.0
0.0,9557.0,1723.0,1716.0,0.0,1212.0,732.0,0.0,480.0,571.0,574.0,571.0,560.0,572.0,591.0,2683.0,3908.0,2966.0,732.0,0.0,480.0,571.0,574.0,571.0
0.0,7834.0,1764.0,1718.0,0.0,2520.0,1338.0,112.0,1070.0,572.0,574.0,572.0,601.0,578.0,585.0,2123.0,3336.0,2375.0,1338.0,112.0,1070.0,572.0,574.0,572.0
0.0,6070.0,1755.0,1719.0,172.0,4108.0,1776.0,684.0,1648.0,573.0,574.0,572.0,605.0,572.0,578.0,1522.0,2758.0,1790.0,1776.0,684.0,1648.0,573.0,574.0,572.0
0.0,4487.0,1761.0,1720.0,1212.0,4662.0,1651.0,1265.0,1746.0,573.0,575.0,572.0,607.0,576.0,578.0,1089.0,2186.0,1212.0,1651.0,1265.0,1746.0,573.0,575.0,572.0
0.0,3938.0,1811.0,1721.0,2520.0,3958.0,946.0,1741.0,1271.0,574.0,575.0,572.0,628.0,588.0,595.0,1214.0,1610.0,1114.0,946.0,1741.0,1271.0,574.0,575.0,572.0
0.0,4647.0,1802.0,1723.0,4108.0,1875.0,0.0,1664.0,211.0,575.0,576.0,572.0,612.0,602.0,588.0,1924.0,1134.0,1589.0,0.0,1664.0,211.0,575.0,576.0,572.0
0.0,6953.0,1802.0,1724.0,4662.0,985.0,0.0,985.0,0.0,575.0,576.0,573.0,617.0,586.0,599.0,3088.0,1216.0,2649.0,0.0,985.0,0.0,575.0,576.0,573.0
0.0,9813.0,1818.0,1725.0,3958.0,0.0,0.0,0.0,0.0,576.0,576.0,573.0,601.0,611.0,606.0,4122.0,1895.0,3796.0,0.0,0.0,0.0,576.0,576.0,573.0
0.0,11953.0,1816.0,1726.0,1875.0,0.0,0.0,0.0,0.0,576.0,576.0,574.0,614.0,602.0,600.0,4467.0,3025.0,4461.0,0.0,0.0,0.0,576.0,576.0,574.0
0.0,12012.0,1796.0,1728.0,985.0,0.0,0.0,0.0,0.0,577.0,576.0,575.0,601.0,599.0,596.0,3853.0,4087.0,4072.0,0.0,0.0,0.0,577.0,576.0,575.0
0.0,11201.0,1795.0,1729.0,0.0,224.0,224.0,0.0,0.0,577.0,577.0,575.0,591.0,615.0,589.0,3252.0,4473.0,3476.0,224.0,0.0,0.0,577.0,577.0,575.0
0.0,9406.0,1820.0,1731.0,0.0,1436.0,840.0,0.0,596.0,578.0,577.0,576.0,611.0,606.0,603.0,2661.0,3858.0,2887.0,840.0,0.0,596.0,578.0,577.0,576.0
0.0,7586.0,1803.0,1733.0,0.0,2882.0,1428.0,246.0,1208.0,578.0,578.0,577.0,588.0,608.0,607.0,2050.0,3252.0,2284.0,1428.0,246.0,1208.0,578.0,578.0,577.0
0.0,5783.0,1767.0,1734.0,224.0,4430.0,1800.0,848.0,1782.0,579.0,578.0,577.0,591.0,602.0,574.0,1462.0,2644.0,1677.0,1800.0,848.0,1782.0,579.0,578.0,577.0
0.0,4240.0,1784.0,1737.0,1436.0,4793.0,1554.0,1451.0,1788.0,580.0,579.0,578.0,589.0,598.0,597.0,1095.0,2042.0,1103.0,1554.0,1451.0,1788.0,580.0,579.0,578.0
0.0,3892.0,1775.0,1737.0,2882.0,3686.0,711.0,1797.0,1178.0,580.0,579.0,578.0,585.0,592.0,598.0,1346.0,1444.0,1102.0,711.0,1797.0,1178.0,580.0,579.0,578.0
0.0,4999.0,1758.0,1739.0,4064.0,1547.0,0.0,1547.0,0.0,580.0,580.0,579.0,596.0,593.0,569.0,2189.0,1098.0,1712.0,0.0,1547.0,0.0,580.0,580.0,579.0
0.0,7305.0,1764.0,1740.0,4468.0,671.0,0.0,671.0,0.0,581.0,580.0,579.0,597.0,575.0,592.0,3027.0,1353.0,2925.0,0.0,671.0,0.0,581.0,580.0,579.0
0.0,10009.0,1754.0,1742.0,4355.0,0.0,0.0,0.0,0.0,581.0,581.0,580.0,590.0,588.0,576.0,3659.0,2229.0,4121.0,0.0,0.0,0.0,581.0,581.0,580.0
0.0,12610.0,1732.0,1743.0,1569.0,0.0,0.0,0.0,0.0,581.0,582.0,580.0,562.0,580.0,590.0,4471.0,3438.0,4701.0,0.0,0.0,0.0,581.0,582.0,580.0
0.0,12447.0,1762.0,1745.0,671.0,0.0,0.0,0.0,0.0,582.0,582.0,581.0,588.0,576.0,598.0,3909.0,4405.0,4133.0,0.0,0.0,0.0,582.0,582.0,581.0
0.0,11356.0,1714.0,1746.0,0.0,161.0,161.0,0.0,0.0,582.0,583.0,581.0,572.0,572.0,570.0,3321.0,4500.0,3535.0,161.0,0.0,0.0,582.0,583.0,581.0
0.0,9642.0,1705.0,1746.0,0.0,1235.0,723.0,0.0,512.0,582.0,583.0,581.0,562.0,571.0,572.0,2749.0,3928.0,2965.0,723.0,0.0,512.0,582.0,583.0,581.0
0.0,7937.0,1741.0,1748.0,0.0,2544.0,1306.0,147.0,1091.0,583.0,584.0,581.0,578.0,584.0,579.0,2187.0,3357.0,2393.0,1306.0,147.0,1091.0,583.0,584.0,581.0
0.0,6196.0,1742.0,1748.0,161.0,4125.0,1725.0,732.0,1668.0,583.0,584.0,581.0,580.0,585.0,577.0,1609.0,2773.0,1814.0,1725.0,732.0,1668.0,583.0,584.0,581.0
0.0,4615.0,1727.0,1751.0,1235.0,4632.0,1578.0,1323.0,1731.0,584.0,585.0,582.0,571.0,586.0,570.0,1190.0,2188.0,1237.0,1578.0,1323.0,1731.0,584.0,585.0,582.0
0.0,4123.0,1792.0,1752.0,2544.0,3885.0,888.0,1770.0,1227.0,585.0,585.0,582.0,611.0,594.0,587.0,1342.0,1602.0,1179.0,888.0,1770.0,1227.0,585.0,585.0,582.0
0.0,4875.0,1778.0,1753.0,4125.0,1794.0,0.0,1656.0,138.0,585.0,586.0,582.0,586.0,613.0,579.0,2037.0,1155.0,1683.0,0.0,1656.0,138.0,585.0,586.0,582.0
0.0,7222.0,1807.0,1754.0,4632.0,959.0,0.0,959.0,0.0,585.0,587.0,582.0,591.0,621.0,595.0,3176.0,1274.0,2772.0,0.0,959.0,0.0,585.0,587.0,582.0
0.0,10047.0,1814.0,1755.0,3885.0,0.0,0.0,0.0,0.0,585.0,587.0,583.0,603.0,626.0,585.0,4163.0,1976.0,3908.0,0.0,0.0,0.0,585.0,587.0,583.0
0.0,12118.0,1860.0,1757.0,1794.0,0.0,0.0,0.0,0.0,586.0,588.0,583.0,632.0,617.0,611.0,4448.0,3120.0,4550.0,0.0,0.0,0.0,586.0,588.0,583.0
0.0,12052.0,1860.0,1758.0,959.0,0.0,0.0,0.0,0.0,587.0,588.0,583.0,620.0,635.0,605.0,3816.0,4159.0,4077.0,0.0,0.0,0.0,587.0,588.0,583.0
0.0,11151.0,1837.0,1759.0,0.0,397.0,358.0,0.0,39.0,587.0,589.0,583.0,619.0,622.0,596.0,3196.0,4483.0,3472.0,358.0,0.0,39.0,587.0,589.0,583.0
0.0,9314.0,1857.0,1762.0,0.0,1632.0,982.0,0.0,650.0,588.0,590.0,584.0,619.0,632.0,606.0,2577.0,3861.0,2876.0,982.0,0.0,650.0,588.0,590.0,584.0
0.0,7457.0,1859.0,1763.0,0.0,3217.0,1592.0,349.0,1276.0,588.0,590.0,585.0,610.0,628.0,621.0,1958.0,3229.0,2270.0,1592.0,349.0,1276.0,588.0,590.0,585.0
0.0,5598.0,1840.0,1766.0,397.0,4675.0,1844.0,973.0,1858.0,589.0,591.0,586.0,605.0,619.0,616.0,1348.0,2601.0,1649.0,1844.0,973.0,1858.0,589.0,591.0,586.0
0.0,4155.0,1853.0,1767.0,1632.0,4901.0,1464.0,1594.0,1843.0,589.0,591.0,587.0,602.0,621.0,630.0,1101.0,1982.0,1072.0,1464.0,1594.0,1843.0,589.0,591.0,587.0
0.0,3934.0,1852.0,1770.0,3217.0,3551.0,488.0,1867.0,1196.0,590.0,592.0,588.0,611.0,617.0,624.0,1481.0,1361.0,1092.0,488.0,1867.0,1196.0,590.0,592.0,588.0
0.0,5299.0,1826.0,1772.0,4634.0,1501.0,0.0,1501.0,0.0,591.0,593.0,588.0,612.0,602.0,612.0,2462.0,1093.0,1744.0,0.0,1501.0,0.0,591.0,593.0,588.0
0.0,8107.0,1820.0,1773.0,4942.0,507.0,0.0,507.0,0.0,591.0,593.0,589.0,593.0,600.0,627.0,3653.0,1464.0,2990.0,0.0,507.0,0.0,591.0,593.0,589.0
0.0,11229.0,1795.0,1775.0,2697.0,0.0,0.0,0.0,0.0,592.0,593.0,590.0,605.0,586.0,604.0,4565.0,2458.0,4206.0,0.0,0.0,0.0,592.0,593.0,590.0
0.0,12131.0,1828.0,1776.0,2355.0,0.0,0.0,0.0,0.0,592.0,594.0,590.0,611.0,614.0,603.0,4448.0,3739.0,3944.0,0.0,0.0,0.0,592.0,594.0,590.0
0.0,12658.0,1786.0,1778.0,507.0,0.0,0.0,0.0,0.0,593.0,594.0,591.0,594.0,582.0,610.0,3837.0,4626.0,4195.0,0.0,0.0,0.0,593.0,594.0,591.0
0.0,11379.0,1803.0,1780.0,0.0,320.0,320.0,0.0,0.0,593.0,595.0,592.0,598.0,592.0,613.0,3243.0,4551.0,3585.0,320.0,0.0,0.0,593.0,595.0,592.0
0.0,9576.0,1773.0,1781.0,0.0,1496.0,915.0,0.0,581.0,594.0,595.0,592.0,590.0,590.0,593.0,2645.0,3959.0,2972.0,915.0,0.0,581.0,594.0,595.0,592.0
0.0,7803.0,1770.0,1781.0,0.0,2872.0,1499.0,205.0,1168.0,594.0,595.0,592.0,584.0,599.0,587.0,2055.0,3369.0,2379.0,1499.0,205.0,1168.0,594.0,595.0,592.0
0.0,6033.0,1775.0,1783.0,320.0,4337.0,1776.0,793.0,1768.0,595.0,595.0,593.0,592.0,588.0,595.0,1471.0,2770.0,1792.0,1776.0,793.0,1768.0,595.0,595.0,593.0
0.0,4578.0,1770.0,1784.0,1496.0,4616.0,1441.0,1402.0,1773.0,595.0,596.0,593.0,580.0,604.0,586.0,1199.0,2182.0,1197.0,1441.0,1402.0,1773.0,595.0,596.0,593.0
0.0,4304.0,1789.0,1787.0,2872.0,3548.0,537.0,1813.0,1198.0,596.0,597.0,594.0,590.0,611.0,588.0,1534.0,1578.0,1192.0,537.0,1813.0,1198.0,596.0,597.0,594.0
0.0,5387.0,1784.0,1788.0,4337.0,1655.0,0.0,1630.0,25.0,596.0,598.0,594.0,584.0,605.0,595.0,2443.0,1172.0,1772.0,0.0,1630.0,25.0,596.0,598.0,594.0
0.0,7940.0,1773.0,1788.0,4616.0,830.0,0.0,830.0,0.0,596.0,598.0,594.0,591.0,602.0,580.0,3635.0,1360.0,2945.0,0.0,830.0,0.0,596.0,598.0,594.0
0.0,10783.0,1790.0,1790.0,3548.0,0.0,0.0,0.0,0.0,597.0,599.0,594.0,590.0,613.0,587.0,4485.0,2160.0,4138.0,0.0,0.0,0.0,597.0,599.0,594.0
0.0,12541.0,1791.0,1792.0,1655.0,0.0,0.0,0.0,0.0,597.0,600.0,595.0,595.0,600.0,596.0,4432.0,3360.0,4749.0,0.0,0.0,0.0,597.0,600.0,595.0
0.0,12405.0,1832.0,1792.0,830.0,0.0,0.0,0.0,0.0,597.0,600.0,595.0,609.0,613.0,610.0,3837.0,4390.0,4178.0,0.0,0.0,0.0,597.0,600.0,595.0
0.0,11403.0,1848.0,1795.0,0.0,397.0,380.0,0.0,17.0,598.0,601.0,596.0,618.0,625.0,605.0,3228.0,4607.0,3568.0,380.0,0.0,17.0,598.0,601.0,596.0
0.0,9555.0,1837.0,1796.0,0.0,1617.0,999.0,0.0,618.0,598.0,602.0,596.0,619.0,617.0,601.0,2610.0,3982.0,2963.0,999.0,0.0,618.0,598.0,602.0,596.0
0.0,7718.0,1847.0,1796.0,0.0,3109.0,1634.0,241.0,1234.0,598.0,602.0,596.0,635.0,596.0,616.0,1991.0,3365.0,2362.0,1634.0,241.0,1234.0,598.0,602.0,596.0
0.0,5871.0,1874.0,1798.0,397.0,4596.0,1900.0,852.0,1844.0,599.0,602.0,597.0,641.0,611.0,622.0,1356.0,2769.0,1746.0,1900.0,852.0,1844.0,599.0,602.0,597.0
0.0,4394.0,1869.0,1799.0,1617.0,4853.0,1537.0,1476.0,1840.0,599.0,603.0,597.0,636.0,619.0,614.0,1095.0,2158.0,1141.0,1537.0,1476.0,1840.0,599.0,603.0,597.0
0.0,4142.0,1900.0,1801.0,3109.0,3654.0,555.0,1852.0,1247.0,600.0,603.0,598.0,647.0,617.0,636.0,1458.0,1539.0,1145.0,555.0,1852.0,1247.0,600.0,603.0,598.0
0.0,5351.0,1841.0,1801.0,3941.0,1622.0,0.0,1605.0,17.0,600.0,603.0,598.0,622.0,605.0,614.0,2445.0,1163.0,1743.0,0.0,1605.0,17.0,600.0,603.0,598.0
0.0,7451.0,1883.0,1802.0,4977.0,742.0,0.0,742.0,0.0,600.0,603.0,599.0,628.0,613.0,642.0,3068.0,1410.0,2973.0,0.0,742.0,0.0,600.0,603.0,599.0
0.0,10545.0,1877.0,1805.0,3354.0,0.0,0.0,0.0,0.0,601.0,604.0,600.0,616.0,632.0,629.0,4101.0,2273.0,4171.0,0.0,0.0,0.0,601.0,604.0,600.0
0.0,12022.0,1862.0,1805.0,1802.0,0.0,0.0,0.0,0.0,601.0,604.0,600.0,619.0,626.0,617.0,4571.0,3493.0,3958.0,0.0,0.0,0.0,601.0,604.0,600.0
0.0,11962.0,1850.0,1806.0,1393.0,0.0,0.0,0.0,0.0,601.0,604.0,601.0,608.0,602.0,640.0,3952.0,3821.0,4189.0,0.0,0.0,0.0,601.0,604.0,601.0
0.0,11505.0,1884.0,1809.0,0.0,377.0,291.0,0.0,86.0,602.0,605.0,602.0,625.0,634.0,625.0,3344.0,4612.0,3549.0,291.0,0.0,86.0,602.0,605.0,602.0
0.0,9621.0,1852.0,1810.0,0.0,1613.0,913.0,0.0,700.0,603.0,605.0,602.0,617.0,621.0,614.0,2719.0,3978.0,2924.0,913.0,0.0,700.0,603.0,605.0,602.0
0.0,7769.0,1862.0,1811.0,0.0,3148.0,1540.0,292.0,1316.0,603.0,606.0,602.0,627.0,619.0,616.0,2102.0,3357.0,2310.0,1540.0,292.0,1316.0,603.0,606.0,602.0
0.0,5907.0,1816.0,1813.0,377.0,4597.0,1858.0,897.0,1842.0,604.0,606.0,603.0,604.0,605.0,607.0,1475.0,2738.0,1694.0,1858.0,897.0,1842.0,604.0,606.0,603.0
0.0,4468.0,1825.0,1814.0,1613.0,4814.0,1555.0,1519.0,1740.0,604.0,607.0,603.0,610.0,617.0,598.0,1162.0,2133.0,1173.0,1555.0,1519.0,1740.0,604.0,607.0,603.0
0.0,4256.0,1815.0,1815.0,3148.0,3486.0,618.0,1829.0,1039.0,604.0,607.0,604.0,603.0,602.0,610.0,1465.0,1516.0,1275.0,618.0,1829.0,1039.0,604.0,607.0,604.0
0.0,5589.0,1797.0,1816.0,4597.0,1533.0,0.0,1533.0,0.0,605.0,607.0,604.0,603.0,601.0,593.0,2402.0,1206.0,1981.0,0.0,1533.0,0.0,605.0,607.0,604.0
0.0,8389.0,1788.0,1817.0,4814.0,610.0,0.0,610.0,0.0,605.0,608.0,604.0,597.0,591.0,600.0,3657.0,1502.0,3230.0,0.0,610.0,0.0,605.0,608.0,604.0
0.0,11415.0,1774.0,1819.0,3486.0,0.0,0.0,0.0,0.0,606.0,608.0,605.0,598.0,579.0,597.0,4615.0,2430.0,4370.0,0.0,0.0,0.0,606.0,608.0,605.0
0.0,13127.0,1799.0,1819.0,1533.0,0.0,0.0,0.0,0.0,606.0,608.0,605.0,597.0,609.0,593.0,4635.0,3680.0,4812.0,0.0,0.0,0.0,606.0,608.0,605.0
0.0,12861.0,1779.0,1821.0,610.0,0.0,0.0,0.0,0.0,607.0,609.0,605.0,597.0,588.0,594.0,4038.0,4604.0,4219.0,0.0,0.0,0.0,607.0,609.0,605.0
0.0,11692.0,1775.0,1821.0,0.0,189.0,189.0,0.0,0.0,607.0,609.0,605.0,595.0,593.0,587.0,3441.0,4626.0,3625.0,189.0,0.0,0.0,607.0,609.0,605.0
0.0,9917.0,1809.0,1823.0,0.0,1392.0,801.0,0.0,591.0,608.0,609.0,606.0,607.0,603.0,599.0,2846.0,4033.0,3038.0,801.0,0.0,591.0,608.0,609.0,606.0
0.0,8108.0,1842.0,1823.0,0.0,2849.0,1422.0,230.0,1197.0,608.0,609.0,606.0,621.0,615.0,606.0,2239.0,3430.0,2439.0,1422.0,230.0,1197.0,608.0,609.0,606.0
0.0,6266.0,1847.0,1824.0,189.0,4512.0,1846.0,840.0,1826.0,608.0,609.0,607.0,613.0,610.0,624.0,1618.0,2815.0,1833.0,1846.0,840.0,1826.0,608.0,609.0,607.0
0.0,4608.0,1886.0,1827.0,1392.0,5021.0,1680.0,1472.0,1869.0,609.0,610.0,608.0,630.0,627.0,629.0,1194.0,2205.0,1209.0,1680.0,1472.0,1869.0,609.0,610.0,608.0
0.0,4114.0,1919.0,1829.0,2849.0,4101.0,900.0,1888.0,1313.0,610.0,610.0,609.0,637.0,646.0,636.0,1365.0,1578.0,1171.0,900.0,1888.0,1313.0,610.0,610.0,609.0
0.0,5044.0,1919.0,1829.0,4494.0,1806.0,0.0,1688.0,118.0,610.0,610.0,609.0,648.0,640.0,631.0,2150.0,1162.0,1732.0,0.0,1688.0,118.0,610.0,610.0,609.0
0.0,7619.0,1922.0,1831.0,4781.0,853.0,0.0,853.0,0.0,611.0,610.0,610.0,646.0,637.0,639.0,3330.0,1362.0,2927.0,0.0,853.0,0.0,611.0,610.0,610.0
0.0,10478.0,1951.0,1833.0,3516.0,0.0,0.0,0.0,0.0,611.0,611.0,611.0,646.0,658.0,647.0,4222.0,2197.0,4059.0,0.0,0.0,0.0,611.0,611.0,611.0
0.0,12043.0,1936.0,1834.0,2364.0,0.0,0.0,0.0,0.0,611.0,611.0,612.0,635.0,642.0,659.0,4636.0,3427.0,3980.0,0.0,0.0,0.0,611.0,611.0,612.0
0.0,12471.0,1933.0,1836.0,1138.0,0.0,0.0,0.0,0.0,612.0,612.0,612.0,640.0,647.0,646.0,4001.0,4188.0,4282.0,0.0,0.0,0.0,612.0,612.0,612.0
0.0,11676.0,1938.0,1837.0,0.0,412.0,326.0,0.0,86.0,612.0,612.0,613.0,627.0,654.0,657.0,3361.0,4679.0,3636.0,326.0,0.0,86.0,612.0,612.0,613.0
0.0,9738.0,1954.0,1840.0,0.0,1726.0,967.0,0.0,759.0,613.0,613.0,614.0,636.0,650.0,668.0,2734.0,4025.0,2979.0,967.0,0.0,759.0,613.0,613.0,614.0
0.0,7784.0,1886.0,1840.0,0.0,3302.0,1595.0,317.0,1390.0,613.0,613.0,614.0,628.0,627.0,631.0,2098.0,3375.0,2311.0,1595.0,317.0,1390.0,613.0,613.0,614.0
0.0,5898.0,1929.0,1843.0,412.0,4834.0,1902.0,976.0,1956.0,614.0,614.0,615.0,628.0,654.0,647.0,1470.0,2748.0,1680.0,1902.0,976.0,1956.0,614.0,614.0,615.0
0.0,4381.0,1897.0,1844.0,1726.0,5010.0,1554.0,1615.0,1841.0,614.0,615.0,615.0,619.0,634.0,644.0,1168.0,2094.0,1119.0,1554.0,1615.0,1841.0,614.0,615.0,615.0
0.0,4210.0,1892.0,1846.0,3302.0,3610.0,599.0,1937.0,1074.0,615.0,616.0,615.0,635.0,634.0,623.0,1516.0,1460.0,1234.0,599.0,1937.0,1074.0,615.0,616.0,615.0
0.0,5620.0,1875.0,1847.0,4834.0,1578.0,0.0,1578.0,0.0,615.0,616.0,616.0,634.0,617.0,624.0,2476.0,1143.0,2001.0,0.0,1578.0,0.0,615.0,616.0,616.0
0.0,8579.0,1872.0,1849.0,5010.0,593.0,0.0,593.0,0.0,616.0,617.0,616.0,636.0,625.0,611.0,3744.0,1502.0,3333.0,0.0,593.0,0.0,616.0,617.0,616.0
0.0,11717.0,1864.0,1850.0,3610.0,0.0,0.0,0.0,0.0,617.0,617.0,616.0,646.0,603.0,615.0,4662.0,2492.0,4563.0,0.0,0.0,0.0,617.0,617.0,616.0
0.0,13463.0,1837.0,1851.0,1578.0,0.0,0.0,0.0,0.0,618.0,617.0,616.0,623.0,606.0,608.0,4615.0,3826.0,5022.0,0.0,0.0,0.0,618.0,617.0,616.0
0.0,13204.0,1838.0,1851.0,593.0,0.0,0.0,0.0,0.0,618.0,617.0,616.0,630.0,606.0,602.0,3992.0,4798.0,4414.0,0.0,0.0,0.0,618.0,617.0,616.0
0.0,11959.0,1837.0,1854.0,0.0,347.0,347.0,0.0,0.0,619.0,618.0,617.0,614.0,616.0,607.0,3362.0,4785.0,3812.0,347.0,0.0,0.0,619.0,618.0,617.0
0.0,10122.0,1828.0,1855.0,0.0,1460.0,967.0,0.0,493.0,620.0,618.0,617.0,615.0,600.0,613.0,2748.0,4169.0,3205.0,967.0,0.0,493.0,620.0,618.0,617.0
0.0,8294.0,1846.0,1856.0,0.0,2832.0,1579.0,145.0,1108.0,620.0,618.0,618.0,612.0,624.0,610.0,2133.0,3569.0,2592.0,1579.0,145.0,1108.0,620.0,618.0,618.0
0.0,6448.0,1843.0,1856.0,347.0,4328.0,1843.0,764.0,1721.0,620.0,618.0,618.0,611.0,619.0,613.0,1521.0,2945.0,1982.0,1843.0,764.0,1721.0,620.0,618.0,618.0
0.0,4952.0,1863.0,1859.0,1460.0,4746.0,1499.0,1391.0,1856.0,621.0,619.0,619.0,618.0,622.0,623.0,1257.0,2326.0,1369.0,1499.0,1391.0,1856.0,621.0,619.0,619.0
0.0,4549.0,1859.0,1859.0,2832.0,3773.0,535.0,1882.0,1356.0,621.0,619.0,619.0,615.0,636.0,608.0,1606.0,1704.0,1239.0,535.0,1882.0,1356.0,621.0,619.0,619.0
0.0,5522.0,1875.0,1861.0,4023.0,2008.0,0.0,1738.0,270.0,622.0,619.0,620.0,625.0,620.0,630.0,2570.0,1213.0,1739.0,0.0,1738.0,270.0,622.0,619.0,620.0
0.0,7670.0,1912.0,1863.0,5051.0,999.0,0.0,999.0,0.0,623.0,620.0,620.0,638.0,647.0,627.0,3483.0,1357.0,2830.0,0.0,999.0,0.0,623.0,620.0,620.0
0.0,10809.0,1934.0,1864.0,3215.0,0.0,0.0,0.0,0.0,623.0,620.0,621.0,658.0,637.0,639.0,4649.0,2101.0,4059.0,0.0,0.0,0.0,623.0,620.0,621.0
0.0,12090.0,1942.0,1867.0,1773.0,0.0,0.0,0.0,0.0,624.0,621.0,622.0,642.0,650.0,650.0,4526.0,3346.0,4218.0,0.0,0.0,0.0,624.0,621.0,622.0
0.0,11921.0,1956.0,1869.0,1433.0,0.0,0.0,0.0,0.0,624.0,622.0,623.0,639.0,652.0,665.0,3884.0,3641.0,4396.0,0.0,0.0,0.0,624.0,622.0,623.0
0.0,11398.0,1960.0,1870.0,359.0,543.0,529.0,0.0,14.0,624.0,623.0,623.0,654.0,676.0,630.0,3245.0,4422.0,3731.0,529.0,0.0,14.0,624.0,623.0,623.0
0.0,9797.0,1950.0,1872.0,0.0,1879.0,1193.0,0.0,686.0,625.0,623.0,624.0,659.0,624.0,667.0,2591.0,4105.0,3101.0,1193.0,0.0,686.0,625.0,623.0,624.0
0.0,7847.0,1949.0,1873.0,0.0,3467.0,1851.0,278.0,1338.0,625.0,624.0,624.0,658.0,639.0,652.0,1932.0,3481.0,2434.0,1851.0,278.0,1338.0,625.0,624.0,624.0
0.0,5898.0,1980.0,1875.0,543.0,4914.0,1975.0,946.0,1993.0,625.0,625.0,625.0,653.0,663.0,664.0,1274.0,2842.0,1782.0,1975.0,946.0,1993.0,625.0,625.0,625.0
0.0,4461.0,1965.0,1877.0,1879.0,5010.0,1446.0,1582.0,1982.0,626.0,625.0,626.0,659.0,636.0,670.0,1150.0,2179.0,1132.0,1446.0,1582.0,1982.0,626.0,625.0,626.0
0.0,4375.0,1940.0,1878.0,3467.0,3488.0,253.0,1946.0,1289.0,627.0,625.0,626.0,653.0,642.0,645.0,1684.0,1543.0,1148.0,253.0,1946.0,1289.0,627.0,625.0,626.0
0.0,5902.0,1929.0,1880.0,4914.0,1645.0,0.0,1645.0,0.0,627.0,626.0,627.0,640.0,640.0,649.0,2882.0,1179.0,1841.0,0.0,1645.0,0.0,627.0,626.0,627.0
0.0,8887.0,1924.0,1881.0,5010.0,699.0,0.0,699.0,0.0,628.0,626.0,627.0,635.0,636.0,653.0,4217.0,1485.0,3185.0,0.0,699.0,0.0,628.0,626.0,627.0
0.0,11973.0,1933.0,1882.0,3488.0,0.0,0.0,0.0,0.0,628.0,627.0,627.0,636.0,659.0,638.0,5028.0,2431.0,4514.0,0.0,0.0,0.0,628.0,627.0,627.0
0.0,13528.0,1903.0,1882.0,1645.0,0.0,0.0,0.0,0.0,628.0,627.0,627.0,637.0,641.0,625.0,4645.0,3718.0,5165.0,0.0,0.0,0.0,628.0,627.0,627.0
0.0,13270.0,1905.0,1884.0,699.0,0.0,0.0,0.0,0.0,628.0,628.0,628.0,638.0,636.0,631.0,4008.0,4722.0,4540.0,0.0,0.0,0.0,628.0,628.0,628.0
0.0,12064.0,1893.0,1885.0,0.0,401.0,401.0,0.0,0.0,629.0,628.0,628.0,626.0,651.0,616.0,3370.0,4785.0,3909.0,401.0,0.0,0.0,629.0,628.0,628.0
0.0,10171.0,1891.0,1886.0,0.0,1506.0,1035.0,0.0,471.0,629.0,629.0,628.0,634.0,633.0,624.0,2744.0,4134.0,3293.0,1035.0,0.0,471.0,629.0,629.0,628.0
0.0,8280.0,1887.0,1887.0,0.0,3042.0,1672.0,279.0,1091.0,630.0,629.0,628.0,632.0,635.0,620.0,2110.0,3501.0,2669.0,1672.0,279.0,1091.0,630.0,629.0,628.0
0.0,6393.0,1870.0,1889.0,401.0,4521.0,1901.0,916.0,1704.0,630.0,630.0,629.0,630.0,632.0,608.0,1478.0,2866.0,2049.0,1901.0,916.0,1704.0,630.0,630.0,629.0
0.0,4924.0,1893.0,1891.0,1506.0,4918.0,1496.0,1569.0,1853.0,631.0,631.0,629.0,625.0,648.0,620.0,1249.0,2234.0,1441.0,1496.0,1569.0,1853.0,631.0,631.0,629.0
0.0,4537.0,1871.0,1893.0,3042.0,3757.0,459.0,1921.0,1377.0,632.0,632.0,629.0,630.0,626.0,615.0,1659.0,1586.0,1292.0,459.0,1921.0,1377.0,632.0,632.0,629.0
0.0,5708.0,1860.0,1894.0,4133.0,1927.0,0.0,1622.0,305.0,632.0,632.0,630.0,616.0,617.0,627.0,2701.0,1239.0,1768.0,0.0,1622.0,305.0,632.0,632.0,630.0
0.0,7981.0,1874.0,1896.0,5246.0,692.0,0.0,692.0,0.0,632.0,633.0,631.0,617.0,634.0,623.0,3598.0,1538.0,2845.0,0.0,692.0,0.0,632.0,633.0,631.0
0.0,11353.0,1878.0,1898.0,3738.0,0.0,0.0,0.0,0.0,633.0,634.0,631.0,629.0,620.0,629.0,4805.0,2473.0,4075.0,0.0,0.0,0.0,633.0,634.0,631.0
0.0,13213.0,1893.0,1899.0,1570.0,0.0,0.0,0.0,0.0,633.0,634.0,632.0,627.0,624.0,642.0,4695.0,3774.0,4744.0,0.0,0.0,0.0,633.0,634.0,632.0
0.0,12890.0,1934.0,1901.0,1128.0,0.0,0.0,0.0,0.0,634.0,634.0,633.0,639.0,635.0,660.0,4068.0,4336.0,4486.0,0.0,0.0,0.0,634.0,634.0,633.0
0.0,12084.0,1940.0,1903.0,0.0,393.0,393.0,0.0,0.0,634.0,635.0,634.0,652.0,634.0,654.0,3429.0,4829.0,3826.0,393.0,0.0,0.0,634.0,635.0,634.0
0.0,10144.0,1961.0,1905.0,0.0,1731.0,1056.0,0.0,675.0,635.0,635.0,635.0,658.0,631.0,672.0,2777.0,4195.0,3172.0,1056.0,0.0,675.0,635.0,635.0,635.0
0.0,8183.0,1971.0,1905.0,0.0,3313.0,1720.0,258.0,1335.0,635.0,635.0,635.0,664.0,647.0,660.0,2119.0,3564.0,2500.0,1720.0,258.0,1335.0,635.0,635.0,635.0
0.0,6212.0,1984.0,1907.0,393.0,4914.0,1998.0,901.0,2015.0,636.0,635.0,636.0,666.0,643.0,675.0,1455.0,2917.0,1840.0,1998.0,901.0,2015.0,636.0,635.0,636.0
0.0,4621.0,2017.0,1908.0,1731.0,5205.0,1619.0,1562.0,2024.0,636.0,635.0,637.0,677.0,661.0,679.0,1182.0,2274.0,1165.0,1619.0,1562.0,2024.0,636.0,635.0,637.0
0.0,4335.0,2002.0,1909.0,3313.0,3899.0,576.0,1959.0,1364.0,637.0,635.0,637.0,672.0,655.0,675.0,1561.0,1613.0,1161.0,576.0,1959.0,1364.0,637.0,635.0,637.0
0.0,5646.0,2012.0,1911.0,4914.0,1765.0,0.0,1729.0,36.0,637.0,636.0,638.0,664.0,666.0,682.0,2609.0,1216.0,1821.0,0.0,1729.0,36.0,637.0,636.0,638.0
0.0,8548.0,2025.0,1913.0,5205.0,860.0,0.0,860.0,0.0,638.0,637.0,638.0,663.0,688.0,674.0,3943.0,1451.0,3154.0,0.0,860.0,0.0,638.0,637.0,638.0
0.0,11728.0,1991.0,1914.0,3899.0,0.0,0.0,0.0,0.0,638.0,637.0,639.0,649.0,666.0,676.0,4899.0,2325.0,4504.0,0.0,0.0,0.0,638.0,637.0,639.0
0.0,13636.0,1986.0,1915.0,1765.0,0.0,0.0,0.0,0.0,639.0,637.0,639.0,647.0,673.0,666.0,4826.0,3618.0,5192.0,0.0,0.0,0.0,639.0,637.0,639.0
0.0,13415.0,1967.0,1916.0,860.0,0.0,0.0,0.0,0.0,639.0,638.0,639.0,636.0,680.0,651.0,4179.0,4674.0,4562.0,0.0,0.0,0.0,639.0,638.0,639.0
0.0,12308.0,1976.0,1917.0,0.0,297.0,297.0,0.0,0.0,639.0,639.0,639.0,645.0,676.0,655.0,3543.0,4854.0,3911.0,297.0,0.0,0.0,639.0,639.0,639.0
0.0,10332.0,1973.0,1918.0,0.0,1547.0,965.0,0.0,582.0,640.0,639.0,639.0,663.0,667.0,643.0,2898.0,4178.0,3256.0,965.0,0.0,582.0,640.0,639.0,639.0
0.0,8359.0,1928.0,1919.0,0.0,3164.0,1612.0,343.0,1209.0,640.0,640.0,639.0,647.0,654.0,627.0,2235.0,3511.0,2613.0,1612.0,343.0,1209.0,640.0,640.0,639.0
0.0,6431.0,1967.0,1922.0,297.0,4849.0,1979.0,1006.0,1864.0,641.0,641.0,640.0,659.0,658.0,650.0,1588.0,2857.0,1986.0,1979.0,1006.0,1864.0,641.0,641.0,640.0
0.0,4761.0,1922.0,1922.0,1547.0,5224.0,1666.0,1644.0,1914.0,641.0,641.0,640.0,652.0,638.0,632.0,1226.0,2199.0,1336.0,1666.0,1644.0,1914.0,641.0,641.0,640.0
0.0,4386.0,1929.0,1923.0,3164.0,3994.0,698.0,1960.0,1336.0,641.0,642.0,640.0,644.0,654.0,631.0,1539.0,1561.0,1286.0,698.0,1960.0,1336.0,641.0,642.0,640.0
0.0,5621.0,1920.0,1925.0,4567.0,1691.0,0.0,1587.0,104.0,642.0,642.0,641.0,660.0,633.0,627.0,2507.0,1250.0,1864.0,0.0,1587.0,104.0,642.0,642.0,641.0
0.0,8268.0,1883.0,1925.0,5027.0,558.0,0.0,558.0,0.0,642.0,642.0,641.0,649.0,615.0,619.0,3544.0,1623.0,3101.0,0.0,558.0,0.0,642.0,642.0,641.0
0.0,11412.0,1902.0,1927.0,4473.0,0.0,0.0,0.0,0.0,642.0,643.0,642.0,624.0,650.0,628.0,4364.0,2652.0,4396.0,0.0,0.0,0.0,642.0,643.0,642.0
0.0,13983.0,1918.0,1929.0,1340.0,0.0,0.0,0.0,0.0,643.0,644.0,642.0,645.0,626.0,647.0,4917.0,3962.0,5104.0,0.0,0.0,0.0,643.0,644.0,642.0
0.0,13405.0,1892.0,1930.0,909.0,0.0,0.0,0.0,0.0,643.0,644.0,643.0,623.0,637.0,632.0,4272.0,4572.0,4561.0,0.0,0.0,0.0,643.0,644.0,643.0
0.0,12422.0,1925.0,1930.0,0.0,198.0,198.0,0.0,0.0,643.0,644.0,643.0,632.0,647.0,646.0,3649.0,4844.0,3929.0,198.0,0.0,0.0,643.0,644.0,643.0
0.0,10497.0,1941.0,1933.0,0.0,1427.0,845.0,0.0,582.0,644.0,645.0,644.0,642.0,654.0,645.0,3017.0,4197.0,3283.0,845.0,0.0,582.0,644.0,645.0,644.0
0.0,8556.0,1942.0,1934.0,0.0,3056.0,1484.0,327.0,1245.0,644.0,645.0,645.0,639.0,645.0,658.0,2375.0,3543.0,2638.0,1484.0,327.0,1245.0,644.0,645.0,645.0
0.0,6614.0,1979.0,1936.0,198.0,4847.0,1950.0,986.0,1911.0,645.0,646.0,645.0,659.0,654.0,666.0,1736.0,2898.0,1980.0,1950.0,986.0,1911.0,645.0,646.0,645.0
0.0,4833.0,2014.0,1937.0,1427.0,5439.0,1770.0,1652.0,2017.0,645.0,646.0,646.0,665.0,666.0,683.0,1275.0,2244.0,1314.0,1770.0,1652.0,2017.0,645.0,646.0,646.0
0.0,4246.0,2021.0,1939.0,3056.0,4414.0,939.0,2028.0,1447.0,645.0,647.0,647.0,653.0,698.0,670.0,1455.0,1578.0,1213.0,939.0,2028.0,1447.0,645.0,647.0,647.0
0.0,5281.0,2033.0,1942.0,4847.0,1951.0,0.0,1727.0,224.0,646.0,648.0,648.0,670.0,680.0,683.0,2286.0,1207.0,1788.0,0.0,1727.0,224.0,646.0,648.0,648.0
0.0,8095.0,2027.0,1943.0,5439.0,753.0,0.0,753.0,0.0,647.0,648.0,648.0,682.0,678.0,667.0,3566.0,1513.0,3016.0,0.0,753.0,0.0,647.0,648.0,648.0
0.0,11507.0,2041.0,1945.0,4414.0,0.0,0.0,0.0,0.0,647.0,649.0,649.0,677.0,682.0,682.0,4654.0,2487.0,4366.0,0.0,0.0,0.0,647.0,649.0,649.0
0.0,13880.0,2056.0,1947.0,1951.0,0.0,0.0,0.0,0.0,648.0,650.0,649.0,681.0,688.0,687.0,4916.0,3833.0,5131.0,0.0,0.0,0.0,648.0,650.0,649.0
0.0,13775.0,2076.0,1949.0,753.0,0.0,0.0,0.0,0.0,648.0,651.0,650.0,687.0,694.0,695.0,4235.0,4872.0,4668.0,0.0,0.0,0.0,648.0,651.0,650.0
0.0,12452.0,2025.0,1950.0,0.0,376.0,376.0,0.0,0.0,649.0,651.0,650.0,679.0,674.0,672.0,3548.0,4931.0,3973.0,376.0,0.0,0.0,649.0,651.0,650.0
0.0,10427.0,1998.0,1951.0,0.0,1656.0,1040.0,0.0,616.0,649.0,652.0,650.0,664.0,667.0,667.0,2869.0,4257.0,3301.0,1040.0,0.0,616.0,649.0,652.0,650.0
0.0,8429.0,1993.0,1951.0,0.0,3319.0,1710.0,333.0,1276.0,649.0,652.0,650.0,670.0,663.0,660.0,2205.0,3590.0,2634.0,1710.0,333.0,1276.0,649.0,652.0,650.0
0.0,6436.0,1974.0,1951.0,376.0,4917.0,1994.0,993.0,1930.0,649.0,652.0,650.0,660.0,660.0,654.0,1535.0,2927.0,1974.0,1994.0,993.0,1930.0,649.0,652.0,650.0
0.0,4838.0,1981.0,1953.0,1656.0,5252.0,1612.0,1668.0,1972.0,650.0,653.0,650.0,653.0,670.0,658.0,1251.0,2267.0,1320.0,1612.0,1668.0,1972.0,650.0,653.0,650.0
0.0,4513.0,1967.0,1954.0,3319.0,3905.0,555.0,1999.0,1351.0,650.0,653.0,651.0,653.0,664.0,650.0,1638.0,1597.0,1278.0,555.0,1999.0,1351.0,650.0,653.0,651.0
0.0,5865.0,1983.0,1956.0,4917.0,1748.0,0.0,1675.0,73.0,651.0,654.0,651.0,667.0,664.0,652.0,2695.0,1266.0,1904.0,0.0,1675.0,73.0,651.0,654.0,651.0
0.0,8799.0,1975.0,1956.0,5252.0,679.0,0.0,679.0,0.0,651.0,654.0,651.0,664.0,672.0,639.0,4022.0,1595.0,3182.0,0.0,679.0,0.0,651.0,654.0,651.0
0.0,12076.0,1980.0,1958.0,3905.0,0.0,0.0,0.0,0.0,652.0,654.0,652.0,664.0,654.0,662.0,4970.0,2591.0,4515.0,0.0,0.0,0.0,652.0,654.0,652.0
0.0,14001.0,1971.0,1960.0,1157.0,0.0,0.0,0.0,0.0,652.0,655.0,653.0,652.0,666.0,653.0,4861.0,3936.0,5204.0,0.0,0.0,0.0,652.0,655.0,653.0
0.0,13187.0,1978.0,1963.0,1270.0,0.0,0.0,0.0,0.0,653.0,656.0,654.0,658.0,661.0,659.0,4209.0,4354.0,4624.0,0.0,0.0,0.0,653.0,656.0,654.0
0.0,12479.0,1950.0,1963.0,0.0,361.0,361.0,0.0,0.0,653.0,656.0,654.0,647.0,653.0,650.0,3551.0,4963.0,3965.0,361.0,0.0,0.0,653.0,656.0,654.0
0.0,10529.0,1950.0,1964.0,0.0,1617.0,1004.0,0.0,613.0,653.0,656.0,655.0,643.0,654.0,653.0,2904.0,4310.0,3315.0,1004.0,0.0,613.0,653.0,656.0,655.0
0.0,8579.0,1940.0,1966.0,0.0,3191.0,1655.0,285.0,1251.0,654.0,657.0,655.0,646.0,656.0,638.0,2261.0,3656.0,2662.0,1655.0,285.0,1251.0,654.0,657.0,655.0
0.0,6639.0,1945.0,1967.0,361.0,4780.0,1927.0,945.0,1908.0,654.0,657.0,656.0,633.0,660.0,652.0,1615.0,3000.0,2024.0,1927.0,945.0,1908.0,654.0,657.0,656.0
0.0,5055.0,1965.0,1969.0,1617.0,5138.0,1579.0,1618.0,1941.0,655.0,658.0,656.0,651.0,668.0,646.0,1343.0,2340.0,1372.0,1579.0,1618.0,1941.0,655.0,658.0,656.0
0.0,4707.0,1995.0,1972.0,3191.0,3957.0,600.0,2008.0,1349.0,656.0,659.0,657.0,671.0,670.0,654.0,1696.0,1672.0,1339.0,600.0,2008.0,1349.0,656.0,659.0,657.0
0.0,5903.0,1995.0,1973.0,4780.0,1846.0,0.0,1733.0,113.0,656.0,660.0,657.0,658.0,665.0,672.0,2680.0,1287.0,1936.0,0.0,1733.0,113.0,656.0,660.0,657.0
0.0,8688.0,1996.0,1975.0,5138.0,792.0,0.0,792.0,0.0,656.0,661.0,658.0,652.0,672.0,672.0,3949.0,1567.0,3172.0,0.0,792.0,0.0,656.0,661.0,658.0
0.0,11830.0,2015.0,1976.0,3957.0,0.0,0.0,0.0,0.0,657.0,661.0,658.0,668.0,667.0,680.0,4876.0,2513.0,4441.0,0.0,0.0,0.0,657.0,661.0,658.0
0.0,13772.0,2019.0,1977.0,1846.0,0.0,0.0,0.0,0.0,657.0,662.0,658.0,665.0,670.0,684.0,4808.0,3854.0,5110.0,0.0,0.0,0.0,657.0,662.0,658.0
0.0,13599.0,2034.0,1978.0,792.0,0.0,0.0,0.0,0.0,657.0,662.0,659.0,683.0,669.0,682.0,4143.0,4917.0,4539.0,0.0,0.0,0.0,657.0,662.0,659.0
0.0,12357.0,2102.0,1981.0,0.0,683.0,527.0,0.0,156.0,658.0,663.0,660.0,697.0,692.0,713.0,3460.0,5040.0,3857.0,527.0,0.0,156.0,658.0,663.0,660.0
0.0,10255.0,2074.0,1982.0,0.0,2065.0,1227.0,0.0,838.0,658.0,664.0,660.0,700.0,692.0,682.0,2763.0,4348.0,3144.0,1227.0,0.0,838.0,658.0,664.0,660.0
0.0,8181.0,2060.0,1982.0,0.0,3789.0,1913.0,342.0,1534.0,658.0,664.0,660.0,686.0,678.0,696.0,2063.0,3656.0,2462.0,1913.0,342.0,1534.0,658.0,664.0,660.0
0.0,6121.0,2074.0,1984.0,683.0,5190.0,2086.0,1041.0,2063.0,659.0,665.0,660.0,695.0,694.0,685.0,1377.0,2978.0,1766.0,2086.0,1041.0,2063.0,659.0,665.0,660.0
0.0,4730.0,2073.0,1985.0,2065.0,5203.0,1563.0,1732.0,1908.0,660.0,665.0,660.0,699.0,691.0,683.0,1209.0,2284.0,1237.0,1563.0,1732.0,1908.0,660.0,665.0,660.0
0.0,4722.0,2082.0,1987.0,3789.0,3506.0,355.0,2080.0,1071.0,661.0,665.0,661.0,700.0,690.0,692.0,1737.0,1593.0,1392.0,355.0,2080.0,1071.0,661.0,665.0,661.0
0.0,6429.0,2064.0,1988.0,4366.0,1744.0,0.0,1744.0,0.0,661.0,666.0,661.0,674.0,700.0,690.0,2950.0,1245.0,2234.0,0.0,1744.0,0.0,661.0,666.0,661.0
0.0,8731.0,2037.0,1989.0,5480.0,707.0,0.0,707.0,0.0,662.0,666.0,661.0,670.0,695.0,672.0,3538.0,1586.0,3607.0,0.0,707.0,0.0,662.0,666.0,661.0
0.0,12174.0,2042.0,1992.0,3531.0,0.0,0.0,0.0,0.0,663.0,667.0,662.0,676.0,693.0,673.0,4708.0,2623.0,4843.0,0.0,0.0,0.0,663.0,667.0,662.0
0.0,13663.0,2016.0,1991.0,2058.0,0.0,0.0,0.0,0.0,662.0,667.0,662.0,649.0,687.0,680.0,4934.0,4010.0,4719.0,0.0,0.0,0.0,662.0,667.0,662.0
0.0,13705.0,2026.0,1994.0,915.0,0.0,0.0,0.0,0.0,663.0,668.0,663.0,671.0,683.0,672.0,4285.0,4859.0,4561.0,0.0,0.0,0.0,663.0,668.0,663.0
0.0,12594.0,1998.0,1995.0,0.0,463.0,375.0,0.0,88.0,663.0,668.0,664.0,674.0,667.0,657.0,3614.0,5091.0,3889.0,375.0,0.0,88.0,663.0,668.0,664.0
0.0,10596.0,2005.0,1995.0,0.0,1801.0,1047.0,0.0,754.0,663.0,668.0,664.0,672.0,667.0,666.0,2940.0,4424.0,3232.0,1047.0,0.0,754.0,663.0,668.0,664.0
0.0,8591.0,1994.0,1997.0,0.0,3388.0,1713.0,250.0,1425.0,664.0,668.0,665.0,661.0,667.0,666.0,2268.0,3757.0,2566.0,1713.0,250.0,1425.0,664.0,668.0,665.0
0.0,6597.0,2002.0,1999.0,463.0,4937.0,2008.0,925.0,2004.0,664.0,669.0,666.0,670.0,670.0,662.0,1607.0,3090.0,1900.0,2008.0,925.0,2004.0,664.0,669.0,666.0
0.0,5058.0,2006.0,2001.0,1801.0,5152.0,1622.0,1602.0,1928.0,664.0,670.0,667.0,661.0,672.0,673.0,1312.0,2420.0,1326.0,1622.0,1602.0,1928.0,664.0,670.0,667.0
0.0,4853.0,1988.0,2002.0,3388.0,3757.0,585.0,2010.0,1162.0,665.0,670.0,667.0,671.0,658.0,659.0,1698.0,1748.0,1407.0,585.0,2010.0,1162.0,665.0,670.0,667.0
0.0,6253.0,1967.0,2004.0,4937.0,1733.0,0.0,1733.0,0.0,665.0,671.0,668.0,652.0,643.0,672.0,2740.0,1340.0,2173.0,0.0,1733.0,0.0,665.0,671.0,668.0
0.0,9223.0,1994.0,2006.0,5152.0,779.0,0.0,779.0,0.0,666.0,671.0,669.0,655.0,648.0,691.0,4096.0,1622.0,3505.0,0.0,779.0,0.0,666.0,671.0,669.0
0.0,12381.0,1997.0,2006.0,3757.0,0.0,0.0,0.0,0.0,666.0,671.0,669.0,655.0,661.0,681.0,5063.0,2576.0,4742.0,0.0,0.0,0.0,666.0,671.0,669.0
0.0,14141.0,1990.0,2008.0,1733.0,0.0,0.0,0.0,0.0,667.0,671.0,670.0,665.0,658.0,667.0,4993.0,3925.0,5223.0,0.0,0.0,0.0,667.0,671.0,670.0
0.0,13884.0,1974.0,2009.0,779.0,0.0,0.0,0.0,0.0,667.0,672.0,670.0,643.0,659.0,672.0,4328.0,5000.0,4556.0,0.0,0.0,0.0,667.0,672.0,670.0
0.0,12689.0,2024.0,2009.0,0.0,467.0,320.0,0.0,147.0,667.0,672.0,670.0,670.0,673.0,681.0,3685.0,5120.0,3884.0,320.0,0.0,147.0,667.0,672.0,670.0
0.0,10665.0,2059.0,2009.0,0.0,1843.0,1009.0,0.0,834.0,667.0,672.0,670.0,689.0,683.0,687.0,3015.0,4447.0,3203.0,1009.0,0.0,834.0,667.0,672.0,670.0
0.0,8606.0,2075.0,2011.0,0.0,3524.0,1702.0,291.0,1531.0,668.0,672.0,671.0,688.0,695.0,692.0,2326.0,3764.0,2516.0,1702.0,291.0,1531.0,668.0,672.0,671.0
0.0,6531.0,2068.0,2011.0,467.0,5125.0,2067.0,980.0,2078.0,668.0,672.0,671.0,685.0,689.0,694.0,1638.0,3069.0,1824.0,2067.0,980.0,2078.0,668.0,672.0,671.0
0.0,4930.0,2102.0,2014.0,1843.0,5399.0,1770.0,1687.0,1942.0,669.0,673.0,672.0,707.0,702.0,693.0,1273.0,2380.0,1277.0,1770.0,1687.0,1942.0,669.0,673.0,672.0
0.0,4671.0,2113.0,2015.0,3524.0,3993.0,783.0,2109.0,1101.0,670.0,673.0,672.0,710.0,713.0,690.0,1575.0,1678.0,1418.0,783.0,2109.0,1101.0,670.0,673.0,672.0
0.0,6082.0,2101.0,2016.0,5125.0,1849.0,0.0,1849.0,0.0,670.0,674.0,672.0,705.0,715.0,681.0,2567.0,1256.0,2259.0,0.0,1849.0,0.0,670.0,674.0,672.0
0.0,9106.0,2111.0,2016.0,5399.0,881.0,0.0,881.0,0.0,670.0,674.0,672.0,694.0,719.0,698.0,3929.0,1521.0,3656.0,0.0,881.0,0.0,670.0,674.0,672.0
0.0,12394.0,2110.0,2017.0,3530.0,0.0,0.0,0.0,0.0,670.0,675.0,672.0,694.0,712.0,704.0,5005.0,2489.0,4900.0,0.0,0.0,0.0,670.0,675.0,672.0
0.0,13814.0,2098.0,2020.0,2312.0,0.0,0.0,0.0,0.0,671.0,676.0,673.0,694.0,705.0,699.0,5094.0,3886.0,4834.0,0.0,0.0,0.0,671.0,676.0,673.0
0.0,14028.0,2114.0,2022.0,881.0,0.0,0.0,0.0,0.0,671.0,677.0,674.0,684.0,719.0,711.0,4400.0,5030.0,4598.0,0.0,0.0,0.0,671.0,677.0,674.0
0.0,12795.0,2074.0,2024.0,0.0,507.0,311.0,0.0,196.0,671.0,678.0,675.0,672.0,694.0,708.0,3716.0,5192.0,3887.0,311.0,0.0,196.0,671.0,678.0,675.0
0.0,10721.0,2083.0,2026.0,0.0,1897.0,997.0,0.0,900.0,672.0,678.0,676.0,681.0,703.0,699.0,3044.0,4498.0,3179.0,997.0,0.0,900.0,672.0,678.0,676.0
0.0,8638.0,2041.0,2028.0,0.0,3543.0,1689.0,279.0,1575.0,673.0,679.0,676.0,687.0,679.0,675.0,2363.0,3795.0,2480.0,1689.0,279.0,1575.0,673.0,679.0,676.0
0.0,6597.0,2061.0,2029.0,507.0,5102.0,2062.0,969.0,2071.0,673.0,679.0,677.0,684.0,690.0,687.0,1676.0,3116.0,1805.0,2062.0,969.0,2071.0,673.0,679.0,677.0
0.0,5043.0,2047.0,2030.0,1897.0,5257.0,1753.0,1632.0,1872.0,673.0,679.0,678.0,688.0,663.0,696.0,1303.0,2426.0,1314.0,1753.0,1632.0,1872.0,673.0,679.0,678.0
0.0,4893.0,2051.0,2031.0,3543.0,3770.0,758.0,2033.0,979.0,674.0,679.0,678.0,689.0,680.0,682.0,1612.0,1763.0,1518.0,758.0,2033.0,979.0,674.0,679.0,678.0
0.0,6385.0,2055.0,2033.0,5102.0,1731.0,0.0,1731.0,0.0,675.0,679.0,679.0,695.0,667.0,693.0,2612.0,1362.0,2411.0,0.0,1731.0,0.0,675.0,679.0,679.0
0.0,9432.0,2062.0,2036.0,5257.0,774.0,0.0,774.0,0.0,676.0,680.0,680.0,704.0,670.0,688.0,3979.0,1664.0,3789.0,0.0,774.0,0.0,676.0,680.0,680.0
0.0,12627.0,2046.0,2036.0,3770.0,0.0,0.0,0.0,0.0,676.0,680.0,680.0,687.0,672.0,687.0,5028.0,2626.0,4973.0,0.0,0.0,0.0,676.0,680.0,680.0
0.0,14351.0,2015.0,2038.0,1731.0,0.0,0.0,0.0,0.0,677.0,680.0,681.0,663.0,672.0,680.0,5099.0,3987.0,5265.0,0.0,0.0,0.0,677.0,680.0,681.0
0.0,14067.0,1990.0,2039.0,774.0,0.0,0.0,0.0,0.0,677.0,680.0,682.0,648.0,656.0,686.0,4436.0,5046.0,4585.0,0.0,0.0,0.0,677.0,680.0,682.0
0.0,12851.0,2070.0,2042.0,0.0,487.0,271.0,0.0,216.0,678.0,681.0,683.0,669.0,701.0,700.0,3788.0,5164.0,3899.0,271.0,0.0,216.0,678.0,681.0,683.0
0.0,10781.0,2045.0,2043.0,0.0,1854.0,941.0,0.0,913.0,678.0,681.0,684.0,670.0,683.0,692.0,3119.0,4463.0,3199.0,941.0,0.0,913.0,678.0,681.0,684.0
0.0,8736.0,2031.0,2044.0,0.0,3515.0,1603.0,308.0,1604.0,678.0,682.0,684.0,662.0,678.0,691.0,2449.0,3780.0,2507.0,1603.0,308.0,1604.0,678.0,682.0,684.0
0.0,6705.0,2082.0,2045.0,487.0,5115.0,2012.0,1011.0,2092.0,678.0,682.0,685.0,680.0,703.0,699.0,1787.0,3102.0,1816.0,2012.0,1011.0,2092.0,678.0,682.0,685.0
0.0,5110.0,2075.0,2047.0,1854.0,5346.0,1755.0,1726.0,1865.0,679.0,683.0,685.0,679.0,710.0,686.0,1378.0,2399.0,1333.0,1755.0,1726.0,1865.0,679.0,683.0,685.0
0.0,4889.0,2087.0,2048.0,3515.0,3923.0,850.0,2119.0,954.0,679.0,684.0,685.0,698.0,696.0,693.0,1640.0,1689.0,1560.0,850.0,2119.0,954.0,679.0,684.0,685.0
0.0,6317.0,2095.0,2050.0,5115.0,1805.0,0.0,1805.0,0.0,680.0,684.0,686.0,700.0,697.0,698.0,2545.0,1301.0,2471.0,0.0,1805.0,0.0,680.0,684.0,686.0
0.0,9337.0,2097.0,2050.0,5346.0,768.0,0.0,768.0,0.0,680.0,684.0,686.0,714.0,689.0,694.0,3857.0,1615.0,3865.0,0.0,768.0,0.0,680.0,684.0,686.0
0.0,12586.0,2112.0,2052.0,3727.0,0.0,0.0,0.0,0.0,681.0,685.0,686.0,701.0,705.0,706.0,4898.0,2652.0,5036.0,0.0,0.0,0.0,681.0,685.0,686.0
0.0,14201.0,2095.0,2052.0,1001.0,0.0,0.0,0.0,0.0,681.0,685.0,686.0,715.0,694.0,686.0,5047.0,4066.0,5088.0,0.0,0.0,0.0,681.0,685.0,686.0
0.0,13107.0,2130.0,2053.0,1768.0,0.0,0.0,0.0,0.0,681.0,686.0,686.0,718.0,721.0,691.0,4332.0,4177.0,4598.0,0.0,0.0,0.0,681.0,686.0,686.0
0.0,12745.0,2113.0,2054.0,0.0,728.0,500.0,0.0,228.0,682.0,686.0,686.0,704.0,704.0,705.0,3614.0,5224.0,3907.0,500.0,0.0,228.0,682.0,686.0,686.0
0.0,10632.0,2147.0,2055.0,0.0,2168.0,1230.0,0.0,938.0,682.0,686.0,687.0,730.0,712.0,705.0,2910.0,4520.0,3202.0,1230.0,0.0,938.0,682.0,686.0,687.0
0.0,8485.0,2113.0,2055.0,0.0,3903.0,1934.0,323.0,1646.0,682.0,686.0,687.0,704.0,701.0,708.0,2180.0,3808.0,2497.0,1934.0,323.0,1646.0,682.0,686.0,687.0
0.0,6372.0,2137.0,2056.0,728.0,5317.0,2156.0,1028.0,2133.0,683.0,686.0,687.0,717.0,705.0,715.0,1476.0,3107.0,1789.0,2156.0,1028.0,2133.0,683.0,686.0,687.0
0.0,4963.0,2127.0,2059.0,2168.0,5291.0,1627.0,1747.0,1917.0,684.0,687.0,688.0,696.0,714.0,717.0,1259.0,2402.0,1302.0,1627.0,1747.0,1917.0,684.0,687.0,688.0
0.0,5004.0,2115.0,2060.0,3903.0,3508.0,391.0,2125.0,992.0,684.0,687.0,689.0,698.0,701.0,716.0,1793.0,1688.0,1523.0,391.0,2125.0,992.0,684.0,687.0,689.0
0.0,6792.0,2140.0,2063.0,5317.0,1819.0,0.0,1819.0,0.0,685.0,688.0,690.0,711.0,717.0,712.0,3029.0,1310.0,2453.0,0.0,1819.0,0.0,685.0,688.0,690.0
0.0,9969.0,2113.0,2064.0,5291.0,773.0,0.0,773.0,0.0,686.0,688.0,690.0,703.0,701.0,709.0,4474.0,1621.0,3874.0,0.0,773.0,0.0,686.0,688.0,690.0
0.0,13147.0,2102.0,2066.0,3508.0,0.0,0.0,0.0,0.0,686.0,689.0,691.0,703.0,708.0,691.0,5398.0,2667.0,5082.0,0.0,0.0,0.0,686.0,689.0,691.0
0.0,14553.0,2092.0,2068.0,1819.0,0.0,0.0,0.0,0.0,687.0,689.0,692.0,703.0,694.0,695.0,5086.0,4084.0,5383.0,0.0,0.0,0.0,687.0,689.0,692.0
0.0,14280.0,2095.0,2070.0,773.0,0.0,0.0,0.0,0.0,688.0,690.0,692.0,687.0,706.0,702.0,4383.0,5209.0,4688.0,0.0,0.0,0.0,688.0,690.0,692.0
0.0,12958.0,2078.0,2071.0,0.0,620.0,437.0,0.0,183.0,688.0,690.0,693.0,693.0,681.0,704.0,3696.0,5276.0,3986.0,437.0,0.0,183.0,688.0,690.0,693.0
0.0,10880.0,2061.0,2072.0,0.0,1992.0,1121.0,0.0,871.0,688.0,691.0,693.0,684.0,689.0,688.0,3003.0,4595.0,3282.0,1121.0,0.0,871.0,688.0,691.0,693.0
0.0,8819.0,2070.0,2074.0,0.0,3621.0,1816.0,234.0,1571.0,689.0,691.0,694.0,690.0,685.0,695.0,2319.0,3906.0,2594.0,1816.0,234.0,1571.0,689.0,691.0,694.0
0.0,6749.0,2051.0,2076.0,620.0,5062.0,2058.0,905.0,2099.0,689.0,692.0,695.0,679.0,666.0,706.0,1629.0,3221.0,1899.0,2058.0,905.0,2099.0,689.0,692.0,695.0
0.0,5318.0,2065.0,2077.0,1992.0,5140.0,1623.0,1580.0,1937.0,690.0,692.0,695.0,681.0,675.0,709.0,1387.0,2555.0,1376.0,1623.0,1580.0,1937.0,690.0,692.0,695.0
0.0,5245.0,2062.0,2077.0,3621.0,3581.0,488.0,2030.0,1063.0,690.0,692.0,695.0,681.0,684.0,697.0,1827.0,1880.0,1538.0,488.0,2030.0,1063.0,690.0,692.0,695.0
0.0,6804.0,2042.0,2080.0,5062.0,1805.0,0.0,1805.0,0.0,691.0,693.0,696.0,684.0,675.0,683.0,2962.0,1430.0,2412.0,0.0,1805.0,0.0,691.0,693.0,696.0
0.0,9824.0,2075.0,2081.0,4358.0,911.0,0.0,911.0,0.0,692.0,693.0,696.0,690.0,686.0,699.0,4336.0,1660.0,3828.0,0.0,911.0,0.0,692.0,693.0,696.0
0.0,12107.0,2048.0,2081.0,4363.0,0.0,0.0,0.0,0.0,692.0,693.0,696.0,692.0,669.0,687.0,4487.0,2554.0,5066.0,0.0,0.0,0.0,692.0,693.0,696.0
0.0,14422.0,2109.0,2083.0,1805.0,0.0,0.0,0.0,0.0,692.0,694.0,697.0,697.0,701.0,711.0,5065.0,3915.0,5442.0,0.0,0.0,0.0,692.0,694.0,697.0
0.0,14118.0,2111.0,2084.0,911.0,0.0,0.0,0.0,0.0,693.0,694.0,697.0,709.0,699.0,703.0,4368.0,5019.0,4731.0,0.0,0.0,0.0,693.0,694.0,697.0
0.0,12918.0,2148.0,2084.0,0.0,707.0,538.0,0.0,169.0,693.0,694.0,697.0,732.0,704.0,712.0,3659.0,5231.0,4028.0,538.0,0.0,169.0,693.0,694.0,697.0
0.0,10770.0,2159.0,2086.0,0.0,2161.0,1275.0,0.0,886.0,694.0,694.0,698.0,732.0,715.0,712.0,2927.0,4527.0,3316.0,1275.0,0.0,886.0,694.0,694.0,698.0
0.0,8611.0,2176.0,2086.0,0.0,3995.0,2011.0,382.0,1602.0,694.0,694.0,698.0,736.0,724.0,716.0,2195.0,3812.0,2604.0,2011.0,382.0,1602.0,694.0,694.0,698.0
0.0,6435.0,2204.0,2089.0,707.0,5507.0,2222.0,1114.0,2171.0,695.0,695.0,699.0,744.0,727.0,733.0,1459.0,3088.0,1888.0,2222.0,1114.0,2171.0,695.0,695.0,699.0
0.0,4938.0,2170.0,2091.0,2161.0,5526.0,1670.0,1852.0,2004.0,696.0,695.0,700.0,718.0,738.0,714.0,1253.0,2361.0,1324.0,1670.0,1852.0,2004.0,696.0,695.0,700.0
0.0,4929.0,2199.0,2092.0,3995.0,3735.0,388.0,2219.0,1128.0,696.0,696.0,700.0,729.0,744.0,726.0,1810.0,1623.0,1496.0,388.0,2219.0,1128.0,696.0,696.0,700.0
0.0,6725.0,2186.0,2094.0,5507.0,1843.0,0.0,1843.0,0.0,697.0,696.0,701.0,711.0,738.0,737.0,3092.0,1261.0,2372.0,0.0,1843.0,0.0,697.0,696.0,701.0
0.0,10046.0,2183.0,2094.0,5526.0,720.0,0.0,720.0,0.0,697.0,696.0,701.0,714.0,729.0,740.0,4603.0,1637.0,3806.0,0.0,720.0,0.0,697.0,696.0,701.0
0.0,13389.0,2183.0,2097.0,3735.0,0.0,0.0,0.0,0.0,698.0,697.0,702.0,718.0,737.0,728.0,5559.0,2760.0,5070.0,0.0,0.0,0.0,698.0,697.0,702.0
0.0,14941.0,2158.0,2098.0,1843.0,0.0,0.0,0.0,0.0,699.0,697.0,702.0,727.0,712.0,719.0,5229.0,4242.0,5470.0,0.0,0.0,0.0,699.0,697.0,702.0
0.0,14626.0,2133.0,2100.0,720.0,0.0,0.0,0.0,0.0,699.0,698.0,703.0,705.0,710.0,718.0,4502.0,5373.0,4751.0,0.0,0.0,0.0,699.0,698.0,703.0
0.0,13213.0,2117.0,2102.0,0.0,626.0,415.0,0.0,211.0,700.0,698.0,704.0,712.0,681.0,724.0,3797.0,5383.0,4033.0,415.0,0.0,211.0,700.0,698.0,704.0
0.0,11096.0,2143.0,2104.0,0.0,2073.0,1143.0,0.0,930.0,701.0,699.0,704.0,723.0,701.0,719.0,3085.0,4702.0,3309.0,1143.0,0.0,930.0,701.0,699.0,704.0
0.0,8953.0,2104.0,2105.0,0.0,3676.0,1842.0,186.0,1648.0,701.0,699.0,705.0,699.0,692.0,713.0,2362.0,4001.0,2590.0,1842.0,186.0,1648.0,701.0,699.0,705.0
0.0,6849.0,2137.0,2106.0,626.0,5192.0,2142.0,894.0,2156.0,701.0,700.0,705.0,715.0,703.0,719.0,1663.0,3309.0,1877.0,2142.0,894.0,2156.0,701.0,700.0,705.0
0.0,5338.0,2098.0,2106.0,2073.0,5217.0,1705.0,1581.0,1931.0,701.0,700.0,705.0,706.0,687.0,705.0,1363.0,2606.0,1369.0,1705.0,1581.0,1931.0,701.0,700.0,705.0
0.0,5313.0,2074.0,2107.0,3676.0,3620.0,559.0,2081.0,980.0,701.0,700.0,706.0,696.0,686.0,692.0,1800.0,1919.0,1594.0,559.0,2081.0,980.0,701.0,700.0,706.0
0.0,6915.0,2107.0,2109.0,5192.0,1906.0,0.0,1906.0,0.0,702.0,701.0,706.0,701.0,714.0,692.0,2946.0,1419.0,2550.0,0.0,1906.0,0.0,702.0,701.0,706.0
0.0,10000.0,2092.0,2111.0,4323.0,1031.0,0.0,1031.0,0.0,703.0,702.0,706.0,702.0,701.0,689.0,4387.0,1599.0,4014.0,0.0,1031.0,0.0,703.0,702.0,706.0
0.0,12231.0,2072.0,2111.0,4514.0,0.0,0.0,0.0,0.0,703.0,702.0,706.0,686.0,695.0,691.0,4496.0,2479.0,5256.0,0.0,0.0,0.0,703.0,702.0,706.0
0.0,14673.0,2088.0,2112.0,1828.0,0.0,0.0,0.0,0.0,704.0,702.0,706.0,697.0,693.0,698.0,5263.0,3865.0,5545.0,0.0,0.0,0.0,704.0,702.0,706.0
0.0,14413.0,2091.0,2113.0,931.0,0.0,0.0,0.0,0.0,705.0,702.0,706.0,698.0,701.0,692.0,4566.0,5000.0,4847.0,0.0,0.0,0.0,705.0,702.0,706.0
0.0,13253.0,2114.0,2114.0,178.0,418.0,348.0,0.0,70.0,705.0,703.0,706.0,691.0,728.0,695.0,3868.0,5230.0,4155.0,348.0,0.0,70.0,705.0,703.0,706.0
0.0,11317.0,2151.0,2115.0,0.0,1851.0,1077.0,0.0,774.0,706.0,703.0,706.0,724.0,723.0,704.0,3177.0,4680.0,3460.0,1077.0,0.0,774.0,706.0,703.0,706.0
0.0,9166.0,2160.0,2116.0,0.0,3574.0,1805.0,294.0,1475.0,706.0,704.0,706.0,728.0,731.0,701.0,2453.0,3957.0,2756.0,1805.0,294.0,1475.0,706.0,704.0,706.0
0.0,7006.0,2191.0,2118.0,418.0,5357.0,2182.0,1027.0,2148.0,707.0,704.0,707.0,720.0,733.0,738.0,1725.0,3226.0,2055.0,2182.0,1027.0,2148.0,707.0,704.0,707.0
0.0,5233.0,2181.0,2120.0,1851.0,5697.0,1835.0,1758.0,2104.0,707.0,705.0,708.0,730.0,726.0,725.0,1353.0,2493.0,1387.0,1835.0,1758.0,2104.0,707.0,705.0,708.0
0.0,4903.0,2215.0,2122.0,3574.0,4348.0,782.0,2197.0,1369.0,708.0,706.0,708.0,747.0,728.0,740.0,1700.0,1767.0,1436.0,782.0,2197.0,1369.0,708.0,706.0,708.0
0.0,6262.0,2202.0,2123.0,5357.0,1910.0,0.0,1910.0,0.0,708.0,706.0,709.0,739.0,740.0,723.0,2758.0,1333.0,2171.0,0.0,1910.0,0.0,708.0,706.0,709.0
0.0,9417.0,2197.0,2126.0,5697.0,887.0,0.0,887.0,0.0,709.0,707.0,710.0,727.0,730.0,740.0,4201.0,1620.0,3596.0,0.0,887.0,0.0,709.0,707.0,710.0
0.0,12917.0,2223.0,2127.0,4348.0,0.0,0.0,0.0,0.0,709.0,707.0,711.0,750.0,729.0,744.0,5309.0,2648.0,4960.0,0.0,0.0,0.0,709.0,707.0,711.0
0.0,15042.0,2218.0,2129.0,1910.0,0.0,0.0,0.0,0.0,710.0,707.0,712.0,737.0,728.0,753.0,5341.0,4116.0,5585.0,0.0,0.0,0.0,710.0,707.0,712.0
0.0,14734.0,2225.0,2130.0,887.0,0.0,0.0,0.0,0.0,710.0,708.0,712.0,750.0,730.0,745.0,4604.0,5298.0,4832.0,0.0,0.0,0.0,710.0,708.0,712.0
0.0,13396.0,2200.0,2132.0,0.0,634.0,433.0,0.0,201.0,711.0,709.0,712.0,732.0,740.0,728.0,3854.0,5455.0,4087.0,433.0,0.0,201.0,711.0,709.0,712.0
0.0,11196.0,2202.0,2133.0,0.0,2110.0,1161.0,0.0,949.0,711.0,709.0,713.0,728.0,731.0,743.0,3122.0,4715.0,3359.0,1161.0,0.0,949.0,711.0,709.0,713.0
0.0,8994.0,2223.0,2135.0,0.0,3904.0,1916.0,301.0,1687.0,712.0,710.0,713.0,750.0,735.0,738.0,2394.0,3984.0,2616.0,1916.0,301.0,1687.0,712.0,710.0,713.0
0.0,6771.0,2170.0,2137.0,634.0,5450.0,2211.0,1018.0,2221.0,713.0,710.0,714.0,723.0,717.0,730.0,1644.0,3249.0,1878.0,2211.0,1018.0,2221.0,713.0,710.0,714.0
0.0,5235.0,2152.0,2137.0,2110.0,5492.0,1766.0,1735.0,1991.0,713.0,710.0,714.0,716.0,717.0,719.0,1354.0,2532.0,1349.0,1766.0,1735.0,1991.0,713.0,710.0,714.0
0.0,5193.0,2201.0,2138.0,3904.0,3794.0,577.0,2170.0,1047.0,713.0,710.0,715.0,727.0,736.0,738.0,1799.0,1815.0,1579.0,577.0,2170.0,1047.0,713.0,710.0,715.0
0.0,6896.0,2189.0,2140.0,5034.0,1885.0,0.0,1885.0,0.0,714.0,711.0,715.0,735.0,728.0,726.0,2988.0,1380.0,2528.0,0.0,1885.0,0.0,714.0,711.0,715.0
0.0,9741.0,2156.0,2141.0,5508.0,875.0,0.0,875.0,0.0,714.0,711.0,716.0,713.0,725.0,718.0,4048.0,1670.0,4023.0,0.0,875.0,0.0,714.0,711.0,716.0
0.0,13093.0,2138.0,2143.0,4194.0,0.0,0.0,0.0,0.0,715.0,712.0,716.0,712.0,719.0,707.0,5117.0,2680.0,5296.0,0.0,0.0,0.0,715.0,712.0,716.0
0.0,15149.0,2163.0,2144.0,1885.0,0.0,0.0,0.0,0.0,715.0,713.0,716.0,721.0,733.0,709.0,5382.0,4131.0,5636.0,0.0,0.0,0.0,715.0,713.0,716.0
0.0,14871.0,2124.0,2146.0,875.0,0.0,0.0,0.0,0.0,715.0,714.0,717.0,683.0,720.0,721.0,4661.0,5283.0,4927.0,0.0,0.0,0.0,715.0,714.0,717.0
0.0,13622.0,2131.0,2148.0,0.0,400.0,301.0,0.0,99.0,716.0,715.0,717.0,699.0,712.0,720.0,3978.0,5438.0,4206.0,301.0,0.0,99.0,716.0,715.0,717.0
0.0,11491.0,2127.0,2148.0,0.0,1817.0,1014.0,0.0,803.0,716.0,715.0,717.0,713.0,710.0,704.0,3279.0,4726.0,3486.0,1014.0,0.0,803.0,716.0,715.0,717.0
0.0,9364.0,2107.0,2150.0,0.0,3493.0,1720.0,275.0,1498.0,717.0,716.0,717.0,701.0,711.0,695.0,2566.0,4016.0,2782.0,1720.0,275.0,1498.0,717.0,716.0,717.0
0.0,7257.0,2116.0,2151.0,400.0,5214.0,2113.0,1002.0,2099.0,717.0,717.0,717.0,694.0,722.0,700.0,1865.0,3305.0,2087.0,2113.0,1002.0,2099.0,717.0,717.0,717.0
0.0,5541.0,2168.0,2152.0,1817.0,5570.0,1836.0,1723.0,2011.0,718.0,717.0,717.0,732.0,721.0,715.0,1472.0,2583.0,1486.0,1836.0,1723.0,2011.0,718.0,717.0,717.0
0.0,5190.0,2156.0,2154.0,3493.0,4243.0,825.0,2176.0,1242.0,718.0,718.0,718.0,709.0,723.0,724.0,1754.0,1862.0,1574.0,825.0,2176.0,1242.0,718.0,718.0,718.0
0.0,6527.0,2196.0,2157.0,5214.0,1918.0,0.0,1918.0,0.0,719.0,719.0,719.0,726.0,739.0,731.0,2765.0,1414.0,2348.0,0.0,1918.0,0.0,719.0,719.0,719.0
0.0,9545.0,2212.0,2158.0,5570.0,931.0,0.0,931.0,0.0,719.0,720.0,719.0,736.0,731.0,745.0,4152.0,1677.0,3716.0,0.0,931.0,0.0,719.0,720.0,719.0
0.0,12903.0,2221.0,2159.0,4243.0,0.0,0.0,0.0,0.0,719.0,720.0,720.0,748.0,733.0,740.0,5252.0,2669.0,4982.0,0.0,0.0,0.0,719.0,720.0,720.0
0.0,14925.0,2245.0,2162.0,1918.0,0.0,0.0,0.0,0.0,720.0,721.0,721.0,749.0,745.0,751.0,5329.0,4112.0,5484.0,0.0,0.0,0.0,720.0,721.0,721.0
0.0,14598.0,2251.0,2162.0,931.0,0.0,0.0,0.0,0.0,720.0,721.0,721.0,755.0,750.0,746.0,4580.0,5285.0,4733.0,0.0,0.0,0.0,720.0,721.0,721.0
0.0,13278.0,2252.0,2164.0,0.0,915.0,531.0,0.0,384.0,720.0,722.0,722.0,756.0,735.0,761.0,3825.0,5466.0,3987.0,531.0,0.0,384.0,720.0,722.0,722.0
0.0,11026.0,2257.0,2166.0,0.0,2437.0,1288.0,0.0,1149.0,721.0,722.0,723.0,752.0,745.0,760.0,3069.0,4731.0,3226.0,1288.0,0.0,1149.0,721.0,722.0,723.0
0.0,8769.0,2286.0,2167.0,0.0,4352.0,2038.0,388.0,1926.0,721.0,722.0,724.0,750.0,764.0,772.0,2317.0,3986.0,2466.0,2038.0,388.0,1926.0,721.0,722.0,724.0
0.0,6483.0,2249.0,2169.0,915.0,5696.0,2236.0,1160.0,2300.0,722.0,723.0,724.0,724.0,767.0,758.0,1567.0,3222.0,1694.0,2236.0,1160.0,2300.0,722.0,723.0,724.0
0.0,5149.0,2249.0,2169.0,2437.0,5508.0,1693.0,1916.0,1899.0,722.0,723.0,724.0,745.0,756.0,748.0,1374.0,2455.0,1320.0,1693.0,1916.0,1899.0,722.0,723.0,724.0
0.0,5337.0,2240.0,2170.0,4352.0,3401.0,380.0,2280.0,741.0,722.0,723.0,725.0,725.0,752.0,763.0,1917.0,1699.0,1721.0,380.0,2280.0,741.0,722.0,723.0,725.0
0.0,7449.0,2185.0,2171.0,5696.0,1865.0,0.0,1865.0,0.0,722.0,724.0,725.0,717.0,740.0,728.0,3230.0,1335.0,2884.0,0.0,1865.0,0.0,722.0,724.0,725.0
0.0,10960.0,2242.0,2174.0,5508.0,701.0,0.0,701.0,0.0,723.0,725.0,726.0,749.0,747.0,746.0,4749.0,1755.0,4456.0,0.0,701.0,0.0,723.0,725.0,726.0
0.0,14226.0,2215.0,2175.0,3401.0,0.0,0.0,0.0,0.0,723.0,726.0,726.0,725.0,742.0,748.0,5693.0,2924.0,5609.0,0.0,0.0,0.0,723.0,726.0,726.0
0.0,15412.0,2199.0,2177.0,1620.0,0.0,0.0,0.0,0.0,724.0,727.0,726.0,739.0,738.0,722.0,5348.0,4462.0,5602.0,0.0,0.0,0.0,724.0,727.0,726.0
0.0,14833.0,2176.0,2177.0,946.0,0.0,0.0,0.0,0.0,724.0,727.0,726.0,730.0,723.0,723.0,4609.0,5344.0,4880.0,0.0,0.0,0.0,724.0,727.0,726.0
0.0,13603.0,2191.0,2178.0,0.0,695.0,470.0,0.0,225.0,724.0,727.0,727.0,729.0,715.0,747.0,3879.0,5567.0,4157.0,470.0,0.0,225.0,724.0,727.0,727.0
0.0,11412.0,2177.0,2180.0,0.0,2152.0,1212.0,0.0,940.0,725.0,728.0,727.0,737.0,725.0,715.0,3150.0,4852.0,3410.0,1212.0,0.0,940.0,725.0,728.0,727.0
0.0,9235.0,2152.0,2182.0,0.0,3827.0,1936.0,231.0,1660.0,726.0,729.0,727.0,719.0,713.0,720.0,2413.0,4127.0,2695.0,1936.0,231.0,1660.0,726.0,729.0,727.0
0.0,7083.0,2161.0,2183.0,695.0,5298.0,2194.0,945.0,2159.0,726.0,729.0,728.0,728.0,714.0,719.0,1694.0,3414.0,1975.0,2194.0,945.0,2159.0,726.0,729.0,728.0
0.0,5617.0,2134.0,2183.0,2152.0,5280.0,1706.0,1645.0,1929.0,726.0,729.0,728.0,724.0,700.0,710.0,1436.0,2700.0,1481.0,1706.0,1645.0,1929.0,726.0,729.0,728.0
0.0,5635.0,2159.0,2185.0,3827.0,3622.0,504.0,2128.0,990.0,727.0,729.0,729.0,729.0,714.0,716.0,1924.0,2000.0,1711.0,504.0,2128.0,990.0,727.0,729.0,729.0
0.0,7303.0,2171.0,2187.0,5298.0,1923.0,0.0,1923.0,0.0,728.0,730.0,729.0,715.0,735.0,721.0,3131.0,1517.0,2655.0,0.0,1923.0,0.0,728.0,730.0,729.0
0.0,10430.0,2209.0,2189.0,5280.0,1025.0,0.0,1025.0,0.0,728.0,731.0,730.0,730.0,742.0,737.0,4610.0,1727.0,4093.0,0.0,1025.0,0.0,728.0,731.0,730.0
0.0,13501.0,2193.0,2191.0,3622.0,0.0,0.0,0.0,0.0,729.0,731.0,731.0,742.0,735.0,716.0,5586.0,2630.0,5285.0,0.0,0.0,0.0,729.0,731.0,731.0
0.0,14930.0,2237.0,2192.0,1923.0,0.0,0.0,0.0,0.0,730.0,731.0,731.0,748.0,748.0,741.0,5348.0,4023.0,5559.0,0.0,0.0,0.0,730.0,731.0,731.0
0.0,14616.0,2237.0,2194.0,1025.0,0.0,0.0,0.0,0.0,730.0,732.0,732.0,748.0,751.0,738.0,4600.0,5198.0,4818.0,0.0,0.0,0.0,730.0,732.0,732.0
0.0,13404.0,2291.0,2195.0,0.0,899.0,559.0,0.0,340.0,731.0,732.0,732.0,756.0,775.0,760.0,3852.0,5472.0,4080.0,559.0,0.0,340.0,731.0,732.0,732.0
0.0,11113.0,2276.0,2198.0,0.0,2447.0,1349.0,0.0,1098.0,732.0,733.0,733.0,785.0,738.0,753.0,3096.0,4697.0,3320.0,1349.0,0.0,1098.0,732.0,733.0,733.0
0.0,8837.0,2305.0,2199.0,0.0,4463.0,2139.0,469.0,1855.0,733.0,733.0,733.0,785.0,763.0,757.0,2311.0,3959.0,2567.0,2139.0,469.0,1855.0,733.0,733.0,733.0
0.0,6532.0,2262.0,2200.0,899.0,5831.0,2341.0,1205.0,2285.0,733.0,733.0,734.0,761.0,736.0,765.0,1526.0,3196.0,1810.0,2341.0,1205.0,2285.0,733.0,733.0,734.0
0.0,5169.0,2316.0,2203.0,2447.0,5715.0,1773.0,1981.0,1961.0,734.0,734.0,735.0,776.0,771.0,769.0,1324.0,2460.0,1385.0,1773.0,1981.0,1961.0,734.0,734.0,735.0
0.0,5300.0,2328.0,2204.0,4463.0,3585.0,405.0,2294.0,886.0,734.0,735.0,735.0,771.0,777.0,780.0,1897.0,1689.0,1714.0,405.0,2294.0,886.0,734.0,735.0,735.0
0.0,7435.0,2291.0,2207.0,5831.0,1853.0,0.0,1853.0,0.0,735.0,736.0,736.0,762.0,759.0,770.0,3265.0,1381.0,2789.0,0.0,1853.0,0.0,735.0,736.0,736.0
0.0,10975.0,2285.0,2207.0,5715.0,631.0,0.0,631.0,0.0,735.0,736.0,736.0,758.0,759.0,768.0,4844.0,1827.0,4304.0,0.0,631.0,0.0,735.0,736.0,736.0
0.0,14405.0,2275.0,2208.0,3528.0,0.0,0.0,0.0,0.0,735.0,736.0,737.0,757.0,758.0,760.0,5859.0,3049.0,5497.0,0.0,0.0,0.0,735.0,736.0,737.0
0.0,15658.0,2286.0,2210.0,1910.0,0.0,0.0,0.0,0.0,736.0,737.0,737.0,759.0,761.0,766.0,5507.0,4585.0,5566.0,0.0,0.0,0.0,736.0,737.0,737.0
0.0,15282.0,2233.0,2211.0,631.0,0.0,0.0,0.0,0.0,736.0,737.0,738.0,751.0,728.0,754.0,4748.0,5677.0,4857.0,0.0,0.0,0.0,736.0,737.0,738.0
0.0,13680.0,2252.0,2212.0,0.0,786.0,440.0,0.0,346.0,737.0,737.0,738.0,752.0,741.0,759.0,3997.0,5580.0,4103.0,440.0,0.0,346.0,737.0,737.0,738.0
0.0,11428.0,2250.0,2214.0,0.0,2295.0,1201.0,0.0,1094.0,737.0,738.0,739.0,761.0,746.0,743.0,3245.0,4839.0,3344.0,1201.0,0.0,1094.0,737.0,738.0,739.0
0.0,9178.0,2230.0,2215.0,0.0,4127.0,1958.0,335.0,1834.0,738.0,738.0,739.0,752.0,738.0,740.0,2484.0,4093.0,2601.0,1958.0,335.0,1834.0,738.0,738.0,739.0
0.0,6948.0,2224.0,2215.0,786.0,5565.0,2272.0,1070.0,2223.0,738.0,738.0,739.0,754.0,735.0,735.0,1732.0,3355.0,1861.0,2272.0,1070.0,2223.0,738.0,738.0,739.0
0.0,5510.0,2232.0,2216.0,2295.0,5507.0,1833.0,1803.0,1871.0,739.0,738.0,739.0,757.0,733.0,742.0,1418.0,2620.0,1472.0,1833.0,1803.0,1871.0,739.0,738.0,739.0
0.0,5573.0,2204.0,2218.0,4127.0,3594.0,640.0,2212.0,742.0,740.0,739.0,739.0,760.0,739.0,705.0,1862.0,1887.0,1824.0,640.0,2212.0,742.0,740.0,739.0,739.0
0.0,7496.0,2228.0,2220.0,5565.0,1886.0,0.0,1886.0,0.0,741.0,739.0,740.0,752.0,744.0,732.0,3060.0,1483.0,2953.0,0.0,1886.0,0.0,741.0,739.0,740.0
0.0,10833.0,2227.0,2221.0,5507.0,836.0,0.0,836.0,0.0,742.0,739.0,740.0,740.0,753.0,734.0,4580.0,1809.0,4444.0,0.0,836.0,0.0,742.0,739.0,740.0
0.0,14113.0,2209.0,2222.0,3594.0,0.0,0.0,0.0,0.0,742.0,740.0,740.0,735.0,744.0,730.0,5673.0,2859.0,5581.0,0.0,0.0,0.0,742.0,740.0,740.0
0.0,15498.0,2180.0,2224.0,1886.0,0.0,0.0,0.0,0.0,743.0,741.0,740.0,719.0,736.0,725.0,5578.0,4327.0,5593.0,0.0,0.0,0.0,743.0,741.0,740.0
0.0,15204.0,2211.0,2225.0,836.0,0.0,0.0,0.0,0.0,743.0,741.0,741.0,733.0,746.0,732.0,4859.0,5477.0,4868.0,0.0,0.0,0.0,743.0,741.0,741.0
0.0,13829.0,2217.0,2228.0,0.0,630.0,318.0,0.0,312.0,744.0,742.0,742.0,724.0,755.0,738.0,4126.0,5567.0,4136.0,318.0,0.0,312.0,744.0,742.0,742.0
0.0,11612.0,2211.0,2228.0,0.0,2099.0,1047.0,0.0,1052.0,744.0,742.0,742.0,729.0,742.0,740.0,3402.0,4812.0,3398.0,1047.0,0.0,1052.0,744.0,742.0,742.0
0.0,9401.0,2250.0,2231.0,0.0,4004.0,1804.0,392.0,1808.0,745.0,743.0,743.0,752.0,747.0,751.0,2673.0,4070.0,2658.0,1804.0,392.0,1808.0,745.0,743.0,743.0
0.0,7151.0,2266.0,2231.0,630.0,5640.0,2240.0,1149.0,2251.0,745.0,743.0,743.0,754.0,757.0,755.0,1921.0,3323.0,1907.0,2240.0,1149.0,2251.0,745.0,743.0,743.0
0.0,5515.0,2282.0,2233.0,2099.0,5833.0,1966.0,1896.0,1971.0,746.0,743.0,744.0,768.0,747.0,767.0,1485.0,2566.0,1464.0,1966.0,1896.0,1971.0,746.0,743.0,744.0
0.0,5332.0,2296.0,2234.0,4004.0,4130.0,928.0,2263.0,939.0,746.0,744.0,744.0,766.0,754.0,776.0,1764.0,1819.0,1749.0,928.0,2263.0,939.0,746.0,744.0,744.0
0.0,7040.0,2315.0,2236.0,5640.0,1873.0,0.0,1873.0,0.0,747.0,744.0,745.0,788.0,759.0,768.0,2802.0,1457.0,2781.0,0.0,1873.0,0.0,747.0,744.0,745.0
0.0,10365.0,2311.0,2236.0,5420.0,744.0,0.0,744.0,0.0,747.0,744.0,745.0,781.0,767.0,763.0,4254.0,1847.0,4264.0,0.0,744.0,0.0,747.0,744.0,745.0
0.0,13474.0,2331.0,2239.0,4537.0,0.0,0.0,0.0,0.0,748.0,745.0,746.0,790.0,750.0,791.0,5026.0,2976.0,5472.0,0.0,0.0,0.0,748.0,745.0,746.0
0.0,15680.0,2334.0,2240.0,1169.0,0.0,0.0,0.0,0.0,749.0,745.0,746.0,783.0,773.0,778.0,5577.0,4489.0,5614.0,0.0,0.0,0.0,749.0,745.0,746.0
0.0,14515.0,2332.0,2240.0,1454.0,0.0,0.0,0.0,0.0,749.0,745.0,746.0,775.0,771.0,786.0,4794.0,4879.0,4842.0,0.0,0.0,0.0,749.0,745.0,746.0
0.0,13637.0,2316.0,2243.0,0.0,950.0,496.0,0.0,454.0,750.0,746.0,747.0,765.0,776.0,775.0,4019.0,5562.0,4056.0,496.0,0.0,454.0,750.0,746.0,747.0
0.0,11321.0,2317.0,2243.0,0.0,2480.0,1261.0,0.0,1219.0,750.0,746.0,747.0,765.0,787.0,765.0,3254.0,4786.0,3281.0,1261.0,0.0,1219.0,750.0,746.0,747.0
0.0,9004.0,2326.0,2245.0,0.0,4547.0,2036.0,519.0,1992.0,751.0,747.0,747.0,770.0,783.0,773.0,2489.0,3999.0,2516.0,2036.0,519.0,1992.0,751.0,747.0,747.0
0.0,6678.0,2321.0,2248.0,950.0,5933.0,2312.0,1320.0,2301.0,752.0,748.0,748.0,767.0,796.0,758.0,1719.0,3216.0,1743.0,2312.0,1320.0,2301.0,752.0,748.0,748.0
0.0,5307.0,2283.0,2248.0,2480.0,5736.0,1801.0,2098.0,1837.0,752.0,748.0,748.0,750.0,778.0,755.0,1448.0,2420.0,1439.0,1801.0,2098.0,1837.0,752.0,748.0,748.0
0.0,5504.0,2258.0,2250.0,4547.0,3457.0,540.0,2336.0,581.0,753.0,749.0,748.0,770.0,752.0,736.0,1959.0,1642.0,1903.0,540.0,2336.0,581.0,753.0,749.0,748.0
0.0,7793.0,2249.0,2250.0,5933.0,1774.0,0.0,1774.0,0.0,753.0,749.0,748.0,760.0,758.0,731.0,3225.0,1409.0,3159.0,0.0,1774.0,0.0,753.0,749.0,748.0
0.0,11477.0,2286.0,2252.0,5736.0,442.0,0.0,442.0,0.0,754.0,750.0,748.0,769.0,761.0,756.0,4777.0,1971.0,4729.0,0.0,442.0,0.0,754.0,750.0,748.0
0.0,14927.0,2243.0,2253.0,3457.0,0.0,0.0,0.0,0.0,755.0,750.0,748.0,754.0,753.0,736.0,5809.0,3308.0,5810.0,0.0,0.0,0.0,755.0,750.0,748.0
0.0,16141.0,2256.0,2255.0,1774.0,0.0,0.0,0.0,0.0,755.0,751.0,749.0,763.0,758.0,735.0,5595.0,4891.0,5655.0,0.0,0.0,0.0,755.0,751.0,749.0
0.0,15659.0,2209.0,2256.0,442.0,0.0,0.0,0.0,0.0,756.0,751.0,749.0,746.0,726.0,737.0,4832.0,5907.0,4920.0,0.0,0.0,0.0,756.0,751.0,749.0
0.0,13892.0,2238.0,2257.0,0.0,751.0,444.0,0.0,307.0,756.0,752.0,749.0,750.0,743.0,745.0,4086.0,5623.0,4183.0,444.0,0.0,307.0,756.0,752.0,749.0
0.0,11654.0,2202.0,2259.0,0.0,2218.0,1186.0,0.0,1032.0,756.0,753.0,750.0,742.0,740.0,720.0,3336.0,4880.0,3438.0,1186.0,0.0,1032.0,756.0,753.0,750.0
0.0,9452.0,2258.0,2261.0,0.0,4111.0,1931.0,366.0,1814.0,757.0,753.0,751.0,740.0,741.0,777.0,2594.0,4140.0,2718.0,1931.0,366.0,1814.0,757.0,753.0,751.0
0.0,7194.0,2234.0,2262.0,751.0,5599.0,2224.0,1107.0,2268.0,757.0,753.0,752.0,737.0,741.0,756.0,1854.0,3399.0,1941.0,2224.0,1107.0,2268.0,757.0,753.0,752.0
0.0,5711.0,2264.0,2262.0,2218.0,5645.0,1782.0,1852.0,2011.0,757.0,753.0,752.0,744.0,745.0,775.0,1561.0,2658.0,1492.0,1782.0,1852.0,2011.0,757.0,753.0,752.0
0.0,5665.0,2222.0,2263.0,4111.0,3761.0,586.0,2227.0,948.0,757.0,753.0,753.0,735.0,741.0,746.0,2003.0,1913.0,1749.0,586.0,2227.0,948.0,757.0,753.0,753.0
0.0,7554.0,2312.0,2264.0,5599.0,1902.0,0.0,1902.0,0.0,757.0,754.0,753.0,766.0,777.0,769.0,3199.0,1538.0,2817.0,0.0,1902.0,0.0,757.0,754.0,753.0
0.0,10841.0,2304.0,2266.0,4868.0,810.0,0.0,810.0,0.0,758.0,754.0,754.0,776.0,760.0,768.0,4657.0,1868.0,4316.0,0.0,810.0,0.0,758.0,754.0,754.0
0.0,13405.0,2342.0,2266.0,4516.0,0.0,0.0,0.0,0.0,758.0,754.0,754.0,772.0,785.0,785.0,5663.0,2960.0,4782.0,0.0,0.0,0.0,758.0,754.0,754.0
0.0,15579.0,2341.0,2268.0,1113.0,0.0,0.0,0.0,0.0,758.0,755.0,755.0,771.0,781.0,789.0,5477.0,4402.0,5700.0,0.0,0.0,0.0,758.0,755.0,755.0
0.0,14351.0,2351.0,2270.0,1621.0,0.0,0.0,0.0,0.0,758.0,756.0,756.0,783.0,787.0,781.0,4706.0,4712.0,4933.0,0.0,0.0,0.0,758.0,756.0,756.0
0.0,13621.0,2396.0,2272.0,0.0,1087.0,672.0,0.0,415.0,759.0,757.0,756.0,800.0,809.0,787.0,3923.0,5546.0,4152.0,672.0,0.0,415.0,759.0,757.0,756.0
0.0,11225.0,2375.0,2272.0,0.0,2670.0,1469.0,0.0,1201.0,759.0,757.0,756.0,797.0,792.0,786.0,3123.0,4737.0,3365.0,1469.0,0.0,1201.0,759.0,757.0,756.0
0.0,8850.0,2393.0,2274.0,0.0,4913.0,2256.0,649.0,2008.0,759.0,758.0,757.0,787.0,804.0,802.0,2326.0,3945.0,2579.0,2256.0,649.0,2008.0,759.0,758.0,757.0
0.0,6457.0,2378.0,2276.0,1087.0,6214.0,2383.0,1445.0,2386.0,760.0,759.0,757.0,794.0,791.0,793.0,1539.0,3141.0,1777.0,2383.0,1445.0,2386.0,760.0,759.0,757.0
0.0,5166.0,2360.0,2277.0,2670.0,5909.0,1686.0,2239.0,1984.0,760.0,759.0,758.0,772.0,794.0,794.0,1417.0,2350.0,1399.0,1686.0,2239.0,1984.0,760.0,759.0,758.0
0.0,5476.0,2331.0,2279.0,4913.0,3337.0,207.0,2376.0,754.0,761.0,760.0,758.0,772.0,781.0,778.0,2114.0,1556.0,1806.0,207.0,2376.0,754.0,761.0,760.0,758.0
0.0,8058.0,2333.0,2279.0,6214.0,1701.0,0.0,1701.0,0.0,761.0,760.0,758.0,779.0,770.0,784.0,3598.0,1424.0,3036.0,0.0,1701.0,0.0,761.0,760.0,758.0
0.0,11939.0,2322.0,2281.0,5909.0,234.0,0.0,234.0,0.0,761.0,761.0,759.0,772.0,767.0,783.0,5202.0,2099.0,4638.0,0.0,234.0,0.0,761.0,761.0,759.0
0.0,15526.0,2303.0,2282.0,3337.0,0.0,0.0,0.0,0.0,762.0,761.0,759.0,767.0,776.0,760.0,6116.0,3571.0,5839.0,0.0,0.0,0.0,762.0,761.0,759.0
0.0,16560.0,2292.0,2284.0,1701.0,0.0,0.0,0.0,0.0,762.0,762.0,760.0,751.0,768.0,773.0,5556.0,5171.0,5833.0,0.0,0.0,0.0,762.0,762.0,760.0
0.0,15969.0,2308.0,2284.0,234.0,0.0,0.0,0.0,0.0,762.0,762.0,760.0,780.0,764.0,764.0,4805.0,6104.0,5060.0,0.0,0.0,0.0,762.0,762.0,760.0
0.0,13895.0,2310.0,2286.0,0.0,847.0,561.0,0.0,286.0,762.0,763.0,761.0,776.0,757.0,777.0,4025.0,5574.0,4296.0,561.0,0.0,286.0,762.0,763.0,761.0
0.0,11585.0,2275.0,2286.0,0.0,2362.0,1317.0,0.0,1045.0,762.0,763.0,761.0,756.0,760.0,759.0,3249.0,4817.0,3519.0,1317.0,0.0,1045.0,762.0,763.0,761.0
0.0,9310.0,2298.0,2289.0,0.0,4433.0,2097.0,529.0,1807.0,763.0,764.0,762.0,775.0,766.0,757.0,2493.0,4057.0,2760.0,2097.0,529.0,1807.0,763.0,764.0,762.0
0.0,7012.0,2277.0,2289.0,847.0,5863.0,2301.0,1290.0,2272.0,763.0,764.0,762.0,765.0,761.0,751.0,1718.0,3291.0,2003.0,2301.0,1290.0,2272.0,763.0,764.0,762.0
0.0,5582.0,2297.0,2290.0,2362.0,5803.0,1747.0,2054.0,2002.0,763.0,764.0,763.0,763.0,764.0,770.0,1514.0,2530.0,1538.0,1747.0,2054.0,2002.0,763.0,764.0,763.0
0.0,5647.0,2271.0,2292.0,4433.0,3651.0,420.0,2278.0,953.0,764.0,764.0,764.0,765.0,753.0,753.0,2068.0,1766.0,1813.0,420.0,2278.0,953.0,764.0,764.0,764.0
0.0,7809.0,2276.0,2294.0,5863.0,1756.0,0.0,1756.0,0.0,765.0,765.0,764.0,748.0,763.0,765.0,3400.0,1542.0,2867.0,0.0,1756.0,0.0,765.0,765.0,764.0
0.0,11396.0,2290.0,2295.0,4858.0,468.0,0.0,468.0,0.0,765.0,765.0,765.0,761.0,766.0,763.0,4953.0,2069.0,4374.0,0.0,468.0,0.0,765.0,765.0,765.0
0.0,13964.0,2287.0,2297.0,4596.0,0.0,0.0,0.0,0.0,766.0,766.0,765.0,764.0,767.0,756.0,4994.0,3357.0,5613.0,0.0,0.0,0.0,766.0,766.0,765.0
0.0,16273.0,2332.0,2299.0,893.0,0.0,0.0,0.0,0.0,767.0,766.0,766.0,770.0,780.0,782.0,5595.0,4868.0,5810.0,0.0,0.0,0.0,767.0,766.0,766.0
0.0,14834.0,2368.0,2301.0,1331.0,0.0,0.0,0.0,0.0,767.0,767.0,767.0,785.0,796.0,787.0,4825.0,4981.0,5028.0,0.0,0.0,0.0,767.0,767.0,767.0
0.0,13797.0,2362.0,2303.0,0.0,962.0,585.0,0.0,377.0,768.0,768.0,767.0,785.0,794.0,783.0,4040.0,5516.0,4241.0,585.0,0.0,377.0,768.0,768.0,767.0
0.0,11435.0,2371.0,2305.0,0.0,2550.0,1368.0,0.0,1182.0,768.0,769.0,768.0,783.0,788.0,800.0,3255.0,4722.0,3458.0,1368.0,0.0,1182.0,768.0,769.0,768.0
0.0,9064.0,2375.0,2306.0,0.0,4841.0,2185.0,687.0,1969.0,769.0,769.0,768.0,812.0,776.0,787.0,2472.0,3934.0,2658.0,2185.0,687.0,1969.0,769.0,769.0,768.0
0.0,6689.0,2392.0,2308.0,962.0,6281.0,2391.0,1483.0,2407.0,769.0,770.0,769.0,791.0,791.0,810.0,1660.0,3158.0,1871.0,2391.0,1483.0,2407.0,769.0,770.0,769.0
0.0,5259.0,2407.0,2309.0,2550.0,6143.0,1823.0,2285.0,2035.0,769.0,770.0,770.0,800.0,802.0,805.0,1454.0,2367.0,1438.0,1823.0,2285.0,2035.0,769.0,770.0,770.0
0.0,5402.0,2364.0,2311.0,4841.0,3676.0,438.0,2382.0,856.0,770.0,771.0,770.0,795.0,779.0,790.0,2022.0,1565.0,1815.0,438.0,2382.0,856.0,770.0,771.0,770.0
0.0,7879.0,2356.0,2311.0,6281.0,1682.0,0.0,1682.0,0.0,770.0,771.0,770.0,801.0,783.0,772.0,3412.0,1473.0,2994.0,0.0,1682.0,0.0,770.0,771.0,770.0
0.0,11804.0,2367.0,2312.0,6143.0,166.0,0.0,166.0,0.0,771.0,771.0,770.0,807.0,769.0,791.0,5002.0,2173.0,4629.0,0.0,166.0,0.0,771.0,771.0,770.0
0.0,15580.0,2385.0,2312.0,3676.0,0.0,0.0,0.0,0.0,771.0,771.0,770.0,805.0,780.0,800.0,6018.0,3689.0,5873.0,0.0,0.0,0.0,771.0,771.0,770.0
0.0,16871.0,2406.0,2315.0,1682.0,0.0,0.0,0.0,0.0,772.0,772.0,771.0,794.0,812.0,800.0,5651.0,5291.0,5929.0,0.0,0.0,0.0,772.0,772.0,771.0
0.0,16147.0,2400.0,2316.0,166.0,0.0,0.0,0.0,0.0,772.0,772.0,772.0,781.0,813.0,806.0,4857.0,6161.0,5129.0,0.0,0.0,0.0,772.0,772.0,772.0
0.0,13913.0,2373.0,2316.0,0.0,891.0,564.0,0.0,327.0,772.0,772.0,772.0,780.0,803.0,790.0,4076.0,5514.0,4323.0,564.0,0.0,327.0,772.0,772.0,772.0
0.0,11540.0,2370.0,2319.0,0.0,2473.0,1348.0,0.0,1125.0,773.0,773.0,773.0,779.0,798.0,793.0,3296.0,4711.0,3533.0,1348.0,0.0,1125.0,773.0,773.0,773.0
0.0,9170.0,2360.0,2321.0,0.0,4795.0,2142.0,745.0,1908.0,773.0,774.0,774.0,794.0,788.0,778.0,2517.0,3913.0,2740.0,2142.0,745.0,1908.0,773.0,774.0,774.0
0.0,6810.0,2340.0,2322.0,891.0,6249.0,2361.0,1543.0,2345.0,774.0,774.0,774.0,778.0,798.0,764.0,1723.0,3125.0,1962.0,2361.0,1543.0,2345.0,774.0,774.0,774.0
0.0,5361.0,2352.0,2324.0,2473.0,6138.0,1806.0,2333.0,1999.0,774.0,775.0,775.0,793.0,785.0,774.0,1509.0,2327.0,1525.0,1806.0,2333.0,1999.0,774.0,775.0,775.0
0.0,5482.0,2367.0,2327.0,4795.0,3725.0,453.0,2394.0,878.0,775.0,776.0,776.0,784.0,801.0,782.0,2064.0,1542.0,1876.0,453.0,2394.0,878.0,775.0,776.0,776.0
0.0,7910.0,2344.0,2327.0,5713.0,1638.0,0.0,1638.0,0.0,775.0,776.0,776.0,783.0,787.0,774.0,3422.0,1486.0,3002.0,0.0,1638.0,0.0,775.0,776.0,776.0
0.0,11279.0,2341.0,2330.0,6606.0,94.0,0.0,94.0,0.0,776.0,777.0,777.0,791.0,784.0,766.0,4464.0,2242.0,4573.0,0.0,94.0,0.0,776.0,777.0,777.0
0.0,15544.0,2321.0,2332.0,3764.0,0.0,0.0,0.0,0.0,776.0,778.0,778.0,769.0,772.0,780.0,5947.0,3791.0,5806.0,0.0,0.0,0.0,776.0,778.0,778.0
0.0,16987.0,2331.0,2334.0,592.0,0.0,0.0,0.0,0.0,777.0,778.0,779.0,784.0,763.0,784.0,5699.0,5384.0,5904.0,0.0,0.0,0.0,777.0,778.0,779.0
0.0,15248.0,2311.0,2335.0,1169.0,0.0,0.0,0.0,0.0,777.0,779.0,779.0,754.0,778.0,779.0,4915.0,5213.0,5120.0,0.0,0.0,0.0,777.0,779.0,779.0
0.0,14106.0,2313.0,2337.0,0.0,837.0,488.0,0.0,349.0,778.0,779.0,780.0,759.0,764.0,790.0,4161.0,5604.0,4341.0,488.0,0.0,349.0,778.0,779.0,780.0
0.0,11793.0,2297.0,2338.0,0.0,2376.0,1243.0,0.0,1133.0,778.0,780.0,780.0,755.0,758.0,784.0,3402.0,4840.0,3551.0,1243.0,0.0,1133.0,778.0,780.0,780.0
0.0,9496.0,2336.0,2340.0,0.0,4540.0,2016.0,608.0,1916.0,779.0,781.0,780.0,768.0,785.0,783.0,2647.0,4082.0,2767.0,2016.0,608.0,1916.0,779.0,781.0,780.0
0.0,7160.0,2376.0,2341.0,837.0,6084.0,2316.0,1394.0,2374.0,779.0,781.0,781.0,788.0,786.0,802.0,1879.0,3297.0,1984.0,2316.0,1394.0,2374.0,779.0,781.0,781.0
0.0,5621.0,2385.0,2343.0,2376.0,6103.0,1876.0,2179.0,2048.0,780.0,781.0,782.0,798.0,785.0,802.0,1579.0,2511.0,1531.0,1876.0,2179.0,2048.0,780.0,781.0,782.0
0.0,5612.0,2394.0,2343.0,4540.0,3957.0,663.0,2368.0,926.0,780.0,781.0,782.0,803.0,797.0,794.0,2024.0,1726.0,1862.0,663.0,2368.0,926.0,780.0,781.0,782.0
0.0,7758.0,2433.0,2345.0,6084.0,1802.0,0.0,1802.0,0.0,781.0,782.0,782.0,810.0,823.0,800.0,3237.0,1537.0,2984.0,0.0,1802.0,0.0,781.0,782.0,782.0
0.0,11409.0,2406.0,2346.0,6103.0,409.0,0.0,409.0,0.0,781.0,782.0,783.0,803.0,786.0,817.0,4743.0,2108.0,4558.0,0.0,409.0,0.0,781.0,782.0,783.0
0.0,15106.0,2428.0,2346.0,3957.0,0.0,0.0,0.0,0.0,781.0,782.0,783.0,804.0,812.0,812.0,5816.0,3501.0,5789.0,0.0,0.0,0.0,781.0,782.0,783.0
0.0,16635.0,2425.0,2348.0,1802.0,0.0,0.0,0.0,0.0,782.0,783.0,783.0,819.0,821.0,785.0,5675.0,5057.0,5903.0,0.0,0.0,0.0,782.0,783.0,783.0
0.0,16012.0,2447.0,2349.0,409.0,0.0,0.0,0.0,0.0,783.0,783.0,783.0,826.0,818.0,803.0,4856.0,6038.0,5118.0,0.0,0.0,0.0,783.0,783.0,783.0
0.0,13974.0,2418.0,2350.0,0.0,1090.0,692.0,0.0,398.0,783.0,784.0,783.0,807.0,813.0,798.0,4030.0,5629.0,4315.0,692.0,0.0,398.0,783.0,784.0,783.0
0.0,11556.0,2414.0,2350.0,0.0,2671.0,1486.0,0.0,1185.0,783.0,784.0,783.0,794.0,833.0,787.0,3223.0,4816.0,3517.0,1486.0,0.0,1185.0,783.0,784.0,783.0
0.0,9142.0,2411.0,2352.0,0.0,5029.0,2279.0,779.0,1971.0,784.0,785.0,783.0,788.0,837.0,786.0,2429.0,3983.0,2730.0,2279.0,779.0,1971.0,784.0,785.0,783.0
0.0,6731.0,2411.0,2354.0,1090.0,6360.0,2380.0,1604.0,2376.0,784.0,786.0,784.0,793.0,820.0,798.0,1641.0,3146.0,1944.0,2380.0,1604.0,2376.0,784.0,786.0,784.0
0.0,5410.0,2417.0,2356.0,2671.0,6116.0,1710.0,2426.0,1980.0,785.0,787.0,784.0,811.0,817.0,789.0,1540.0,2326.0,1544.0,1710.0,2426.0,1980.0,785.0,787.0,784.0
0.0,5664.0,2379.0,2357.0,5029.0,3471.0,226.0,2445.0,800.0,785.0,788.0,784.0,795.0,793.0,791.0,2215.0,1509.0,1940.0,226.0,2445.0,800.0,785.0,788.0,784.0
0.0,8314.0,2382.0,2359.0,6360.0,1631.0,0.0,1631.0,0.0,786.0,788.0,785.0,788.0,790.0,804.0,3699.0,1495.0,3120.0,0.0,1631.0,0.0,786.0,788.0,785.0
0.0,12292.0,2377.0,2361.0,6116.0,0.0,0.0,0.0,0.0,786.0,789.0,786.0,792.0,790.0,795.0,5291.0,2309.0,4692.0,0.0,0.0,0.0,786.0,789.0,786.0
0.0,16031.0,2374.0,2361.0,3471.0,0.0,0.0,0.0,0.0,786.0,789.0,786.0,793.0,789.0,792.0,6209.0,3945.0,5877.0,0.0,0.0,0.0,786.0,789.0,786.0
0.0,17128.0,2375.0,2363.0,915.0,0.0,0.0,0.0,0.0,787.0,789.0,787.0,799.0,776.0,800.0,5642.0,5601.0,5885.0,0.0,0.0,0.0,787.0,789.0,787.0
0.0,15668.0,2363.0,2364.0,716.0,0.0,0.0,0.0,0.0,787.0,790.0,787.0,787.0,789.0,787.0,4843.0,5740.0,5085.0,0.0,0.0,0.0,787.0,790.0,787.0
0.0,14021.0,2354.0,2366.0,0.0,1100.0,665.0,0.0,435.0,788.0,790.0,788.0,781.0,780.0,793.0,4056.0,5667.0,4298.0,665.0,0.0,435.0,788.0,790.0,788.0
0.0,11667.0,2372.0,2368.0,0.0,2690.0,1448.0,0.0,1242.0,788.0,791.0,789.0,783.0,787.0,802.0,3275.0,4887.0,3505.0,1448.0,0.0,1242.0,788.0,791.0,789.0
0.0,9295.0,2378.0,2369.0,0.0,4928.0,2233.0,656.0,2039.0,788.0,792.0,789.0,785.0,796.0,797.0,2492.0,4100.0,2703.0,2233.0,656.0,2039.0,788.0,792.0,789.0
0.0,6917.0,2363.0,2371.0,1100.0,6201.0,2358.0,1448.0,2395.0,789.0,792.0,790.0,785.0,792.0,786.0,1707.0,3304.0,1906.0,2358.0,1448.0,2395.0,789.0,792.0,790.0
0.0,5654.0,2354.0,2372.0,2690.0,5870.0,1699.0,2232.0,1939.0,790.0,792.0,790.0,784.0,784.0,786.0,1587.0,2512.0,1555.0,1699.0,2232.0,1939.0,790.0,792.0,790.0
0.0,5990.0,2352.0,2374.0,4928.0,3304.0,243.0,2368.0,693.0,790.0,793.0,791.0,777.0,787.0,788.0,2251.0,1728.0,2011.0,243.0,2368.0,693.0,790.0,793.0,791.0
0.0,8566.0,2362.0,2374.0,6201.0,1718.0,0.0,1718.0,0.0,790.0,793.0,791.0,772.0,798.0,792.0,3707.0,1597.0,3262.0,0.0,1718.0,0.0,790.0,793.0,791.0
0.0,12405.0,2408.0,2375.0,5870.0,293.0,0.0,293.0,0.0,790.0,793.0,792.0,787.0,807.0,814.0,5293.0,2247.0,4865.0,0.0,293.0,0.0,790.0,793.0,792.0
0.0,15867.0,2430.0,2376.0,3304.0,0.0,0.0,0.0,0.0,790.0,794.0,792.0,806.0,811.0,813.0,6205.0,3672.0,5990.0,0.0,0.0,0.0,790.0,794.0,792.0
0.0,16741.0,2419.0,2377.0,1718.0,0.0,0.0,0.0,0.0,791.0,794.0,792.0,800.0,811.0,808.0,5642.0,5229.0,5870.0,0.0,0.0,0.0,791.0,794.0,792.0
0.0,16040.0,2452.0,2379.0,293.0,0.0,0.0,0.0,0.0,791.0,795.0,793.0,822.0,819.0,811.0,4842.0,6136.0,5062.0,0.0,0.0,0.0,791.0,795.0,793.0
0.0,13881.0,2459.0,2380.0,0.0,1289.0,755.0,0.0,534.0,791.0,796.0,793.0,820.0,819.0,820.0,4020.0,5610.0,4251.0,755.0,0.0,534.0,791.0,796.0,793.0
0.0,11422.0,2461.0,2381.0,0.0,2944.0,1583.0,12.0,1349.0,792.0,796.0,793.0,823.0,823.0,815.0,3200.0,4791.0,3431.0,1583.0,12.0,1349.0,792.0,796.0,793.0
0.0,8961.0,2454.0,2383.0,0.0,5408.0,2426.0,831.0,2151.0,793.0,797.0,793.0,838.0,814.0,802.0,2377.0,3968.0,2616.0,2426.0,831.0,2151.0,793.0,797.0,793.0
0.0,6507.0,2478.0,2384.0,1289.0,6602.0,2499.0,1658.0,2445.0,793.0,797.0,794.0,828.0,827.0,823.0,1539.0,3154.0,1814.0,2499.0,1658.0,2445.0,793.0,797.0,794.0
0.0,5318.0,2438.0,2387.0,2944.0,6111.0,1755.0,2446.0,1910.0,794.0,798.0,795.0,834.0,795.0,809.0,1466.0,2327.0,1525.0,1755.0,2446.0,1910.0,794.0,798.0,795.0
0.0,5824.0,2452.0,2388.0,5408.0,3160.0,138.0,2438.0,584.0,794.0,799.0,795.0,809.0,818.0,825.0,2215.0,1544.0,2065.0,138.0,2438.0,584.0,794.0,799.0,795.0
0.0,8780.0,2464.0,2389.0,6602.0,1594.0,0.0,1594.0,0.0,794.0,799.0,796.0,824.0,814.0,826.0,3832.0,1557.0,3391.0,0.0,1594.0,0.0,794.0,799.0,796.0
0.0,12918.0,2469.0,2390.0,4071.0,0.0,0.0,0.0,0.0,795.0,799.0,796.0,819.0,818.0,832.0,5507.0,2401.0,5010.0,0.0,0.0,0.0,795.0,799.0,796.0
0.0,14520.0,2425.0,2391.0,5056.0,0.0,0.0,0.0,0.0,795.0,799.0,797.0,782.0,828.0,815.0,5178.0,4029.0,5313.0,0.0,0.0,0.0,795.0,799.0,797.0
0.0,17151.0,2438.0,2393.0,690.0,0.0,0.0,0.0,0.0,796.0,800.0,797.0,808.0,820.0,810.0,5799.0,5495.0,5857.0,0.0,0.0,0.0,796.0,800.0,797.0
0.0,15403.0,2454.0,2394.0,1048.0,0.0,0.0,0.0,0.0,796.0,800.0,798.0,823.0,813.0,818.0,4991.0,5365.0,5047.0,0.0,0.0,0.0,796.0,800.0,798.0
0.0,13997.0,2449.0,2396.0,0.0,1226.0,634.0,0.0,592.0,797.0,800.0,799.0,817.0,806.0,826.0,4168.0,5600.0,4229.0,634.0,0.0,592.0,797.0,800.0,799.0
0.0,11548.0,2416.0,2397.0,0.0,2853.0,1440.0,26.0,1387.0,797.0,801.0,799.0,806.0,815.0,795.0,3351.0,4794.0,3403.0,1440.0,26.0,1387.0,797.0,801.0,799.0
0.0,9132.0,2416.0,2399.0,0.0,5279.0,2251.0,832.0,2196.0,798.0,801.0,800.0,806.0,806.0,804.0,2545.0,3979.0,2608.0,2251.0,832.0,2196.0,798.0,801.0,800.0
0.0,6716.0,2408.0,2400.0,1226.0,6466.0,2411.0,1634.0,2421.0,798.0,801.0,801.0,794.0,802.0,812.0,1739.0,3173.0,1804.0,2411.0,1634.0,2421.0,798.0,801.0,801.0
0.0,5534.0,2425.0,2401.0,2853.0,6043.0,1774.0,2427.0,1842.0,798.0,802.0,801.0,803.0,814.0,808.0,1579.0,2371.0,1584.0,1774.0,2427.0,1842.0,798.0,802.0,801.0
0.0,5962.0,2389.0,2403.0,5279.0,3163.0,304.0,2404.0,455.0,798.0,803.0,802.0,781.0,804.0,804.0,2216.0,1583.0,2163.0,304.0,2404.0,455.0,798.0,803.0,802.0
0.0,8852.0,2389.0,2403.0,6466.0,1574.0,0.0,1574.0,0.0,798.0,803.0,802.0,784.0,804.0,801.0,3686.0,1611.0,3555.0,0.0,1574.0,0.0,798.0,803.0,802.0
0.0,12929.0,2403.0,2406.0,6043.0,0.0,0.0,0.0,0.0,799.0,804.0,803.0,801.0,799.0,803.0,5313.0,2441.0,5175.0,0.0,0.0,0.0,799.0,804.0,803.0
0.0,16569.0,2378.0,2407.0,3163.0,0.0,0.0,0.0,0.0,800.0,804.0,803.0,791.0,791.0,796.0,6286.0,4069.0,6214.0,0.0,0.0,0.0,800.0,804.0,803.0
0.0,17354.0,2375.0,2409.0,1574.0,0.0,0.0,0.0,0.0,801.0,805.0,803.0,790.0,780.0,805.0,5799.0,5682.0,5873.0,0.0,0.0,0.0,801.0,805.0,803.0
0.0,16553.0,2399.0,2409.0,0.0,0.0,0.0,0.0,0.0,801.0,805.0,803.0,798.0,805.0,796.0,5009.0,6476.0,5068.0,0.0,0.0,0.0,801.0,805.0,803.0
0.0,14154.0,2446.0,2410.0,0.0,1179.0,630.0,0.0,549.0,802.0,805.0,803.0,831.0,809.0,806.0,4211.0,5671.0,4272.0,630.0,0.0,549.0,802.0,805.0,803.0
0.0,11708.0,2429.0,2411.0,0.0,2799.0,1455.0,0.0,1344.0,802.0,806.0,803.0,825.0,809.0,795.0,3380.0,4862.0,3466.0,1455.0,0.0,1344.0,802.0,806.0,803.0
0.0,9279.0,2423.0,2413.0,0.0,5209.0,2278.0,779.0,2152.0,803.0,806.0,804.0,818.0,802.0,803.0,2555.0,4053.0,2671.0,2278.0,779.0,2152.0,803.0,806.0,804.0
0.0,6856.0,2475.0,2413.0,1179.0,6505.0,2495.0,1592.0,2418.0,803.0,806.0,804.0,847.0,813.0,815.0,1737.0,3251.0,1868.0,2495.0,1592.0,2418.0,803.0,806.0,804.0
0.0,5560.0,2477.0,2415.0,2799.0,6193.0,1882.0,2420.0,1891.0,804.0,807.0,804.0,837.0,823.0,817.0,1520.0,2438.0,1602.0,1882.0,2420.0,1891.0,804.0,807.0,804.0
0.0,5882.0,2481.0,2416.0,5209.0,3470.0,456.0,2458.0,556.0,805.0,807.0,804.0,847.0,817.0,817.0,2138.0,1615.0,2129.0,456.0,2458.0,556.0,805.0,807.0,804.0
0.0,8610.0,2499.0,2417.0,6233.0,1700.0,0.0,1700.0,0.0,805.0,807.0,805.0,835.0,834.0,830.0,3569.0,1577.0,3464.0,0.0,1700.0,0.0,805.0,807.0,805.0
0.0,12344.0,2508.0,2417.0,5499.0,121.0,0.0,121.0,0.0,805.0,807.0,805.0,829.0,841.0,838.0,4957.0,2335.0,5052.0,0.0,121.0,0.0,805.0,807.0,805.0
0.0,15335.0,2511.0,2420.0,4436.0,0.0,0.0,0.0,0.0,806.0,808.0,806.0,841.0,842.0,828.0,6282.0,3914.0,5139.0,0.0,0.0,0.0,806.0,808.0,806.0
0.0,17260.0,2501.0,2422.0,981.0,0.0,0.0,0.0,0.0,807.0,808.0,807.0,823.0,833.0,845.0,5897.0,5530.0,5833.0,0.0,0.0,0.0,807.0,808.0,807.0
0.0,15740.0,2500.0,2423.0,840.0,0.0,0.0,0.0,0.0,807.0,808.0,808.0,819.0,840.0,841.0,5074.0,5678.0,4988.0,0.0,0.0,0.0,807.0,808.0,808.0
0.0,14080.0,2514.0,2425.0,0.0,1363.0,616.0,0.0,747.0,808.0,808.0,809.0,831.0,834.0,849.0,4255.0,5678.0,4147.0,616.0,0.0,747.0,808.0,808.0,809.0
0.0,11566.0,2473.0,2426.0,0.0,3037.0,1427.0,21.0,1589.0,808.0,808.0,810.0,811.0,825.0,837.0,3424.0,4844.0,3298.0,1427.0,21.0,1589.0,808.0,808.0,810.0
0.0,9093.0,2456.0,2428.0,0.0,5503.0,2235.0,845.0,2423.0,808.0,809.0,811.0,808.0,819.0,829.0,2613.0,4019.0,2461.0,2235.0,845.0,2423.0,808.0,809.0,811.0
0.0,6637.0,2485.0,2430.0,1363.0,6635.0,2451.0,1673.0,2511.0,809.0,810.0,811.0,827.0,823.0,835.0,1805.0,3200.0,1632.0,2451.0,1673.0,2511.0,809.0,810.0,811.0
0.0,5515.0,2446.0,2431.0,3037.0,6049.0,1829.0,2463.0,1757.0,809.0,810.0,812.0,805.0,811.0,830.0,1594.0,2377.0,1544.0,1829.0,2463.0,1757.0,809.0,810.0,812.0
0.0,6106.0,2457.0,2433.0,5503.0,3013.0,414.0,2452.0,147.0,810.0,811.0,812.0,815.0,829.0,813.0,2216.0,1587.0,2303.0,414.0,2452.0,147.0,810.0,811.0,812.0
0.0,9152.0,2436.0,2434.0,6635.0,1585.0,0.0,1585.0,0.0,810.0,811.0,813.0,817.0,806.0,813.0,3636.0,1603.0,3913.0,0.0,1585.0,0.0,810.0,811.0,813.0
0.0,13351.0,2431.0,2435.0,6049.0,0.0,0.0,0.0,0.0,810.0,812.0,813.0,806.0,804.0,821.0,5270.0,2470.0,5611.0,0.0,0.0,0.0,810.0,812.0,813.0
0.0,16969.0,2399.0,2437.0,3013.0,0.0,0.0,0.0,0.0,811.0,812.0,814.0,803.0,798.0,798.0,6293.0,4129.0,6547.0,0.0,0.0,0.0,811.0,812.0,814.0
0.0,17583.0,2401.0,2436.0,1585.0,0.0,0.0,0.0,0.0,811.0,812.0,813.0,815.0,792.0,794.0,5904.0,5783.0,5896.0,0.0,0.0,0.0,811.0,812.0,813.0
0.0,16767.0,2433.0,2438.0,0.0,0.0,0.0,0.0,0.0,812.0,812.0,814.0,808.0,807.0,818.0,5089.0,6576.0,5102.0,0.0,0.0,0.0,812.0,812.0,814.0
0.0,14334.0,2399.0,2439.0,0.0,1156.0,574.0,0.0,582.0,812.0,813.0,814.0,795.0,808.0,796.0,4281.0,5769.0,4284.0,574.0,0.0,582.0,812.0,813.0,814.0
0.0,11935.0,2425.0,2439.0,0.0,2767.0,1382.0,0.0,1385.0,812.0,813.0,814.0,808.0,814.0,803.0,3486.0,4961.0,3488.0,1382.0,0.0,1385.0,812.0,813.0,814.0
0.0,9510.0,2442.0,2442.0,0.0,5142.0,2207.0,741.0,2194.0,813.0,814.0,815.0,820.0,818.0,804.0,2678.0,4147.0,2685.0,2207.0,741.0,2194.0,813.0,814.0,815.0
0.0,7068.0,2415.0,2443.0,1156.0,6406.0,2438.0,1547.0,2421.0,814.0,814.0,815.0,800.0,806.0,809.0,1858.0,3329.0,1881.0,2438.0,1547.0,2421.0,814.0,814.0,815.0
0.0,5809.0,2454.0,2443.0,2767.0,6093.0,1875.0,2381.0,1837.0,814.0,814.0,815.0,819.0,834.0,801.0,1632.0,2523.0,1654.0,1875.0,2381.0,1837.0,814.0,814.0,815.0
0.0,6122.0,2489.0,2445.0,5142.0,3450.0,519.0,2478.0,453.0,815.0,815.0,815.0,846.0,833.0,810.0,2195.0,1689.0,2238.0,519.0,2478.0,453.0,815.0,815.0,815.0
0.0,8775.0,2515.0,2446.0,6406.0,1772.0,0.0,1772.0,0.0,816.0,815.0,815.0,842.0,841.0,832.0,3556.0,1597.0,3622.0,0.0,1772.0,0.0,816.0,815.0,815.0
0.0,12666.0,2534.0,2447.0,4221.0,250.0,0.0,250.0,0.0,816.0,816.0,815.0,851.0,854.0,829.0,5152.0,2303.0,5211.0,0.0,250.0,0.0,816.0,816.0,815.0
0.0,14353.0,2521.0,2450.0,5319.0,0.0,0.0,0.0,0.0,817.0,817.0,816.0,848.0,846.0,827.0,5191.0,3830.0,5332.0,0.0,0.0,0.0,817.0,817.0,816.0
0.0,17151.0,2524.0,2450.0,791.0,0.0,0.0,0.0,0.0,817.0,817.0,816.0,845.0,838.0,841.0,5847.0,5459.0,5845.0,0.0,0.0,0.0,817.0,817.0,816.0
0.0,15418.0,2563.0,2453.0,1234.0,0.0,0.0,0.0,0.0,818.0,818.0,817.0,863.0,854.0,846.0,5002.0,5412.0,5004.0,0.0,0.0,0.0,818.0,818.0,817.0
0.0,14089.0,2580.0,2454.0,0.0,1597.0,807.0,0.0,790.0,818.0,818.0,818.0,856.0,866.0,858.0,4139.0,5792.0,4158.0,807.0,0.0,790.0,818.0,818.0,818.0
0.0,11509.0,2535.0,2456.0,0.0,3306.0,1658.0,3.0,1645.0,819.0,819.0,818.0,846.0,834.0,855.0,3283.0,4926.0,3300.0,1658.0,3.0,1645.0,819.0,819.0,818.0
0.0,8974.0,2537.0,2458.0,0.0,5853.0,2496.0,853.0,2504.0,819.0,820.0,819.0,838.0,845.0,854.0,2437.0,4092.0,2445.0,2496.0,853.0,2504.0,819.0,820.0,819.0
0.0,6437.0,2505.0,2458.0,1597.0,6761.0,2511.0,1688.0,2562.0,819.0,820.0,819.0,822.0,835.0,848.0,1599.0,3247.0,1591.0,2511.0,1688.0,2562.0,819.0,820.0,819.0
0.0,5529.0,2540.0,2461.0,3306.0,6010.0,1694.0,2536.0,1780.0,820.0,821.0,820.0,836.0,846.0,858.0,1584.0,2412.0,1533.0,1694.0,2536.0,1780.0,820.0,821.0,820.0
0.0,6295.0,2510.0,2462.0,5853.0,2672.0,25.0,2515.0,132.0,820.0,821.0,821.0,827.0,832.0,851.0,2406.0,1569.0,2320.0,25.0,2515.0,132.0,820.0,821.0,821.0
0.0,9638.0,2503.0,2463.0,6761.0,1645.0,0.0,1645.0,0.0,821.0,821.0,821.0,832.0,818.0,853.0,4075.0,1590.0,3973.0,0.0,1645.0,0.0,821.0,821.0,821.0
0.0,13896.0,2487.0,2464.0,6010.0,0.0,0.0,0.0,0.0,821.0,821.0,822.0,840.0,810.0,837.0,5754.0,2460.0,5682.0,0.0,0.0,0.0,821.0,821.0,822.0
0.0,17419.0,2524.0,2465.0,2672.0,0.0,0.0,0.0,0.0,822.0,821.0,822.0,842.0,839.0,843.0,6608.0,4186.0,6625.0,0.0,0.0,0.0,822.0,821.0,822.0
0.0,17567.0,2511.0,2466.0,1645.0,0.0,0.0,0.0,0.0,822.0,821.0,823.0,841.0,826.0,844.0,5791.0,5862.0,5914.0,0.0,0.0,0.0,822.0,821.0,823.0
0.0,16701.0,2497.0,2468.0,0.0,18.0,18.0,0.0,0.0,823.0,822.0,823.0,853.0,819.0,825.0,4950.0,6681.0,5070.0,18.0,0.0,0.0,823.0,822.0,823.0
0.0,14204.0,2476.0,2469.0,0.0,1544.0,863.0,0.0,681.0,824.0,822.0,823.0,840.0,825.0,811.0,4097.0,5862.0,4245.0,863.0,0.0,681.0,824.0,822.0,823.0
0.0,11728.0,2472.0,2470.0,0.0,3194.0,1682.0,0.0,1512.0,824.0,822.0,824.0,819.0,827.0,826.0,3257.0,5037.0,3434.0,1682.0,0.0,1512.0,824.0,822.0,824.0
0.0,9256.0,2450.0,2472.0,18.0,5536.0,2483.0,726.0,2327.0,825.0,823.0,824.0,814.0,821.0,815.0,2438.0,4210.0,2608.0,2483.0,726.0,2327.0,825.0,823.0,824.0
0.0,6824.0,2474.0,2473.0,1544.0,6471.0,2464.0,1552.0,2455.0,826.0,823.0,824.0,839.0,826.0,809.0,1642.0,3389.0,1793.0,2464.0,1552.0,2455.0,826.0,823.0,824.0
0.0,5894.0,2457.0,2474.0,3194.0,5739.0,1591.0,2392.0,1756.0,826.0,824.0,824.0,809.0,835.0,813.0,1666.0,2563.0,1665.0,1591.0,2392.0,1756.0,826.0,824.0,824.0
0.0,6631.0,2443.0,2476.0,5536.0,2728.0,0.0,2485.0,243.0,827.0,824.0,825.0,815.0,819.0,809.0,2539.0,1728.0,2364.0,0.0,2485.0,243.0,827.0,824.0,825.0
0.0,9724.0,2467.0,2477.0,5646.0,1778.0,0.0,1778.0,0.0,828.0,825.0,824.0,834.0,840.0,793.0,4207.0,1635.0,3882.0,0.0,1778.0,0.0,828.0,825.0,824.0
0.0,12903.0,2505.0,2479.0,5636.0,217.0,0.0,217.0,0.0,828.0,826.0,825.0,839.0,826.0,840.0,5012.0,2347.0,5544.0,0.0,217.0,0.0,828.0,826.0,825.0
0.0,16034.0,2511.0,2480.0,3656.0,0.0,0.0,0.0,0.0,828.0,826.0,826.0,831.0,835.0,845.0,6589.0,3913.0,5532.0,0.0,0.0,0.0,828.0,826.0,826.0
0.0,17179.0,2537.0,2483.0,718.0,0.0,0.0,0.0,0.0,829.0,827.0,827.0,842.0,848.0,847.0,5758.0,5563.0,5858.0,0.0,0.0,0.0,829.0,827.0,827.0
0.0,15360.0,2510.0,2485.0,1277.0,63.0,63.0,0.0,0.0,829.0,828.0,828.0,834.0,828.0,848.0,4916.0,5433.0,5011.0,63.0,0.0,0.0,829.0,828.0,828.0
0.0,14127.0,2536.0,2485.0,0.0,1736.0,911.0,0.0,825.0,829.0,828.0,828.0,848.0,840.0,848.0,4082.0,5882.0,4163.0,911.0,0.0,825.0,829.0,828.0,828.0
0.0,11591.0,2568.0,2487.0,0.0,3461.0,1769.0,0.0,1692.0,829.0,829.0,829.0,858.0,848.0,862.0,3234.0,5042.0,3315.0,1769.0,0.0,1692.0,829.0,829.0,829.0
0.0,9023.0,2580.0,2489.0,63.0,5939.0,2575.0,807.0,2557.0,830.0,829.0,830.0,864.0,856.0,860.0,2376.0,4194.0,2453.0,2575.0,807.0,2557.0,830.0,829.0,830.0
0.0,6506.0,2576.0,2491.0,1736.0,6789.0,2526.0,1657.0,2606.0,830.0,830.0,831.0,862.0,845.0,869.0,1575.0,3338.0,1593.0,2526.0,1657.0,2606.0,830.0,830.0,831.0
0.0,5666.0,2599.0,2492.0,3461.0,5932.0,1626.0,2526.0,1780.0,831.0,830.0,831.0,864.0,869.0,866.0,1624.0,2493.0,1549.0,1626.0,2526.0,1780.0,831.0,830.0,831.0
0.0,6528.0,2575.0,2494.0,5939.0,2644.0,0.0,2561.0,83.0,832.0,830.0,832.0,878.0,842.0,855.0,2529.0,1624.0,2375.0,0.0,2561.0,83.0,832.0,830.0,832.0
0.0,9892.0,2590.0,2495.0,6789.0,1773.0,0.0,1773.0,0.0,832.0,831.0,832.0,858.0,864.0,868.0,4226.0,1589.0,4077.0,0.0,1773.0,0.0,832.0,831.0,832.0
0.0,14091.0,2545.0,2496.0,5932.0,100.0,0.0,100.0,0.0,833.0,831.0,832.0,853.0,853.0,839.0,5894.0,2382.0,5815.0,0.0,100.0,0.0,833.0,831.0,832.0
0.0,17478.0,2588.0,2498.0,2644.0,0.0,0.0,0.0,0.0,833.0,832.0,833.0,847.0,862.0,879.0,6667.0,4055.0,6756.0,0.0,0.0,0.0,833.0,832.0,833.0
0.0,17534.0,2581.0,2500.0,1773.0,0.0,0.0,0.0,0.0,834.0,832.0,834.0,844.0,868.0,869.0,5820.0,5754.0,5960.0,0.0,0.0,0.0,834.0,832.0,834.0
0.0,16726.0,2569.0,2502.0,100.0,56.0,56.0,0.0,0.0,835.0,833.0,834.0,857.0,856.0,856.0,4976.0,6659.0,5091.0,56.0,0.0,0.0,835.0,833.0,834.0
0.0,14257.0,2537.0,2503.0,0.0,1665.0,893.0,0.0,772.0,835.0,834.0,834.0,837.0,863.0,837.0,4119.0,5903.0,4235.0,893.0,0.0,772.0,835.0,834.0,834.0
0.0,11720.0,2540.0,2505.0,0.0,3359.0,1743.0,0.0,1616.0,836.0,835.0,834.0,845.0,851.0,844.0,3282.0,5040.0,3398.0,1743.0,0.0,1616.0,836.0,835.0,834.0
0.0,9180.0,2517.0,2506.0,56.0,5811.0,2523.0,835.0,2453.0,836.0,835.0,835.0,836.0,849.0,832.0,2437.0,4189.0,2554.0,2523.0,835.0,2453.0,836.0,835.0,835.0
0.0,6719.0,2514.0,2508.0,1665.0,6670.0,2481.0,1682.0,2507.0,837.0,836.0,835.0,846.0,842.0,826.0,1657.0,3340.0,1722.0,2481.0,1682.0,2507.0,837.0,836.0,835.0
0.0,5870.0,2463.0,2509.0,3359.0,5779.0,1586.0,2495.0,1698.0,838.0,836.0,835.0,843.0,813.0,807.0,1704.0,2498.0,1668.0,1586.0,2495.0,1698.0,838.0,836.0,835.0
0.0,6766.0,2523.0,2510.0,5748.0,2587.0,0.0,2507.0,80.0,838.0,837.0,835.0,846.0,842.0,835.0,2604.0,1685.0,2477.0,0.0,2507.0,80.0,838.0,837.0,835.0
0.0,9991.0,2477.0,2512.0,5723.0,1636.0,0.0,1636.0,0.0,839.0,837.0,836.0,844.0,811.0,822.0,4218.0,1678.0,4095.0,0.0,1636.0,0.0,839.0,837.0,836.0
0.0,13237.0,2486.0,2512.0,5801.0,0.0,0.0,0.0,0.0,839.0,837.0,836.0,836.0,825.0,825.0,4908.0,2549.0,5780.0,0.0,0.0,0.0,839.0,837.0,836.0
0.0,16552.0,2493.0,2515.0,3575.0,0.0,0.0,0.0,0.0,840.0,838.0,837.0,842.0,827.0,824.0,6668.0,4219.0,5665.0,0.0,0.0,0.0,840.0,838.0,837.0
0.0,17634.0,2482.0,2516.0,703.0,0.0,0.0,0.0,0.0,841.0,838.0,837.0,842.0,812.0,828.0,5826.0,5899.0,5909.0,0.0,0.0,0.0,841.0,838.0,837.0
0.0,15855.0,2504.0,2517.0,933.0,54.0,54.0,0.0,0.0,841.0,838.0,838.0,833.0,830.0,841.0,4984.0,5790.0,5081.0,54.0,0.0,0.0,841.0,838.0,838.0
0.0,14284.0,2518.0,2519.0,0.0,1699.0,898.0,0.0,801.0,842.0,838.0,839.0,839.0,833.0,846.0,4151.0,5893.0,4240.0,898.0,0.0,801.0,842.0,838.0,839.0
0.0,11766.0,2494.0,2520.0,0.0,3355.0,1724.0,0.0,1631.0,842.0,839.0,839.0,826.0,838.0,830.0,3312.0,5060.0,3394.0,1724.0,0.0,1631.0,842.0,839.0,839.0
0.0,9272.0,2569.0,2521.0,54.0,5848.0,2525.0,829.0,2494.0,842.0,839.0,840.0,855.0,856.0,858.0,2486.0,4222.0,2564.0,2525.0,829.0,2494.0,842.0,839.0,840.0
0.0,6757.0,2587.0,2523.0,1699.0,6746.0,2493.0,1692.0,2561.0,843.0,839.0,841.0,861.0,863.0,863.0,1685.0,3366.0,1706.0,2493.0,1692.0,2561.0,843.0,839.0,841.0
0.0,5869.0,2578.0,2524.0,3355.0,5974.0,1622.0,2565.0,1787.0,843.0,840.0,841.0,853.0,868.0,857.0,1722.0,2503.0,1644.0,1622.0,2565.0,1787.0,843.0,840.0,841.0
0.0,6646.0,2612.0,2525.0,5848.0,2776.0,0.0,2611.0,165.0,843.0,840.0,842.0,870.0,875.0,867.0,2593.0,1635.0,2418.0,0.0,2611.0,165.0,843.0,840.0,842.0
0.0,9882.0,2626.0,2528.0,6746.0,1789.0,0.0,1789.0,0.0,844.0,841.0,843.0,885.0,865.0,876.0,4248.0,1589.0,4045.0,0.0,1789.0,0.0,844.0,841.0,843.0
0.0,14002.0,2635.0,2528.0,5974.0,107.0,0.0,107.0,0.0,844.0,841.0,843.0,866.0,883.0,886.0,5856.0,2416.0,5730.0,0.0,107.0,0.0,844.0,841.0,843.0
0.0,17341.0,2638.0,2530.0,2776.0,0.0,0.0,0.0,0.0,845.0,841.0,844.0,886.0,869.0,883.0,6612.0,4098.0,6631.0,0.0,0.0,0.0,845.0,841.0,844.0
0.0,17479.0,2650.0,2532.0,1789.0,0.0,0.0,0.0,0.0,845.0,842.0,845.0,875.0,874.0,901.0,5726.0,5840.0,5913.0,0.0,0.0,0.0,845.0,842.0,845.0
0.0,16618.0,2605.0,2534.0,107.0,328.0,243.0,0.0,85.0,846.0,843.0,845.0,864.0,869.0,872.0,4851.0,6755.0,5012.0,243.0,0.0,85.0,846.0,843.0,845.0
0.0,14120.0,2598.0,2535.0,0.0,2074.0,1104.0,0.0,970.0,846.0,843.0,846.0,861.0,857.0,880.0,3987.0,5993.0,4140.0,1104.0,0.0,970.0,846.0,843.0,846.0
0.0,11522.0,2614.0,2536.0,0.0,3824.0,1976.0,0.0,1848.0,847.0,843.0,846.0,867.0,869.0,878.0,3126.0,5136.0,3260.0,1976.0,0.0,1848.0,847.0,843.0,846.0
0.0,8908.0,2591.0,2538.0,328.0,6045.0,2578.0,826.0,2641.0,847.0,844.0,847.0,845.0,873.0,873.0,2259.0,4267.0,2382.0,2578.0,826.0,2641.0,847.0,844.0,847.0
0.0,6645.0,2600.0,2540.0,2074.0,6581.0,2355.0,1682.0,2544.0,848.0,845.0,847.0,876.0,851.0,873.0,1657.0,3394.0,1594.0,2355.0,1682.0,2544.0,848.0,845.0,847.0
0.0,6119.0,2547.0,2541.0,3824.0,5309.0,1230.0,2542.0,1537.0,848.0,846.0,847.0,851.0,855.0,841.0,1885.0,2543.0,1691.0,1230.0,2542.0,1537.0,848.0,846.0,847.0
0.0,7396.0,2561.0,2543.0,5439.0,2670.0,115.0,2555.0,0.0,849.0,846.0,848.0,852.0,839.0,870.0,3010.0,1688.0,2698.0,115.0,2555.0,0.0,849.0,846.0,848.0
0.0,10274.0,2548.0,2542.0,6549.0,1721.0,0.0,1721.0,0.0,849.0,846.0,847.0,869.0,848.0,831.0,4130.0,1675.0,4469.0,0.0,1721.0,0.0,849.0,846.0,847.0
0.0,14275.0,2547.0,2543.0,4995.0,41.0,0.0,41.0,0.0,849.0,847.0,847.0,864.0,857.0,826.0,5978.0,2509.0,5788.0,0.0,41.0,0.0,849.0,847.0,847.0
0.0,16723.0,2554.0,2545.0,3622.0,0.0,0.0,0.0,0.0,850.0,847.0,848.0,866.0,850.0,838.0,6588.0,4194.0,5941.0,0.0,0.0,0.0,850.0,847.0,848.0
0.0,17791.0,2526.0,2547.0,663.0,0.0,0.0,0.0,0.0,851.0,848.0,848.0,859.0,835.0,832.0,5837.0,5899.0,6055.0,0.0,0.0,0.0,851.0,848.0,848.0
0.0,15928.0,2549.0,2548.0,1099.0,126.0,126.0,0.0,0.0,851.0,848.0,849.0,849.0,848.0,852.0,4978.0,5727.0,5223.0,126.0,0.0,0.0,851.0,848.0,849.0
0.0,14478.0,2504.0,2548.0,0.0,1657.0,956.0,0.0,701.0,851.0,848.0,849.0,830.0,847.0,827.0,4129.0,5978.0,4371.0,956.0,0.0,701.0,851.0,848.0,849.0
0.0,11974.0,2535.0,2551.0,0.0,3351.0,1796.0,0.0,1555.0,852.0,849.0,850.0,835.0,851.0,849.0,3299.0,5131.0,3544.0,1796.0,0.0,1555.0,852.0,849.0,850.0
0.0,9439.0,2563.0,2552.0,126.0,5758.0,2511.0,844.0,2403.0,852.0,850.0,850.0,841.0,874.0,848.0,2464.0,4280.0,2695.0,2511.0,844.0,2403.0,852.0,850.0,850.0
0.0,7002.0,2553.0,2554.0,1657.0,6664.0,2397.0,1699.0,2568.0,852.0,850.0,852.0,842.0,855.0,856.0,1749.0,3406.0,1847.0,2397.0,1699.0,2568.0,852.0,850.0,852.0
0.0,6106.0,2530.0,2555.0,3351.0,5848.0,1430.0,2560.0,1858.0,852.0,851.0,852.0,829.0,856.0,845.0,1863.0,2551.0,1692.0,1430.0,2560.0,1858.0,852.0,851.0,852.0
0.0,6927.0,2594.0,2556.0,5758.0,2900.0,0.0,2587.0,313.0,853.0,851.0,852.0,865.0,871.0,858.0,2830.0,1695.0,2402.0,0.0,2587.0,313.0,853.0,851.0,852.0
0.0,10091.0,2596.0,2557.0,6664.0,1752.0,0.0,1752.0,0.0,853.0,852.0,852.0,880.0,859.0,857.0,4476.0,1668.0,3947.0,0.0,1752.0,0.0,853.0,852.0,852.0
0.0,14159.0,2607.0,2558.0,5848.0,51.0,0.0,51.0,0.0,854.0,852.0,852.0,886.0,859.0,862.0,5993.0,2508.0,5658.0,0.0,51.0,0.0,854.0,852.0,852.0
0.0,17400.0,2606.0,2560.0,2900.0,0.0,0.0,0.0,0.0,855.0,852.0,853.0,871.0,851.0,884.0,6537.0,4209.0,6654.0,0.0,0.0,0.0,855.0,852.0,853.0
0.0,17694.0,2642.0,2562.0,1752.0,0.0,0.0,0.0,0.0,855.0,853.0,854.0,890.0,859.0,893.0,5666.0,5945.0,6083.0,0.0,0.0,0.0,855.0,853.0,854.0
0.0,16804.0,2624.0,2563.0,51.0,374.0,374.0,0.0,0.0,856.0,853.0,854.0,870.0,867.0,887.0,4776.0,6838.0,5190.0,374.0,0.0,0.0,856.0,853.0,854.0
0.0,14231.0,2649.0,2563.0,0.0,2122.0,1278.0,0.0,844.0,856.0,853.0,854.0,904.0,868.0,877.0,3906.0,6022.0,4303.0,1278.0,0.0,844.0,856.0,853.0,854.0
0.0,11582.0,2633.0,2564.0,0.0,3881.0,2147.0,0.0,1734.0,856.0,853.0,855.0,869.0,879.0,885.0,3002.0,5154.0,3426.0,2147.0,0.0,1734.0,856.0,853.0,855.0
0.0,8949.0,2665.0,2567.0,374.0,6177.0,2664.0,874.0,2639.0,857.0,854.0,856.0,886.0,879.0,900.0,2133.0,4275.0,2541.0,2664.0,874.0,2639.0,857.0,854.0,856.0
0.0,6658.0,2669.0,2568.0,2122.0,6729.0,2275.0,1771.0,2683.0,857.0,855.0,856.0,889.0,892.0,888.0,1621.0,3396.0,1641.0,2275.0,1771.0,2683.0,857.0,855.0,856.0
0.0,6111.0,2658.0,2570.0,3881.0,5516.0,1019.0,2655.0,1842.0,858.0,855.0,857.0,886.0,884.0,888.0,2010.0,2504.0,1597.0,1019.0,2655.0,1842.0,858.0,855.0,857.0
0.0,7334.0,2630.0,2571.0,5314.0,2837.0,93.0,2664.0,80.0,858.0,856.0,857.0,875.0,878.0,877.0,3271.0,1620.0,2443.0,93.0,2664.0,80.0,858.0,856.0,857.0
0.0,10018.0,2622.0,2572.0,7592.0,1774.0,0.0,1774.0,0.0,859.0,856.0,857.0,857.0,881.0,884.0,4197.0,1616.0,4205.0,0.0,1774.0,0.0,859.0,856.0,857.0
0.0,14988.0,2638.0,2573.0,4691.0,23.0,0.0,23.0,0.0,859.0,857.0,857.0,869.0,899.0,870.0,6478.0,2506.0,6004.0,0.0,23.0,0.0,859.0,857.0,857.0
0.0,17041.0,2605.0,2575.0,3234.0,0.0,0.0,0.0,0.0,860.0,857.0,858.0,868.0,880.0,857.0,6628.0,4262.0,6151.0,0.0,0.0,0.0,860.0,857.0,858.0
0.0,17670.0,2626.0,2576.0,934.0,0.0,0.0,0.0,0.0,860.0,858.0,858.0,874.0,882.0,870.0,5853.0,5618.0,6199.0,0.0,0.0,0.0,860.0,858.0,858.0
0.0,15978.0,2624.0,2578.0,1291.0,205.0,205.0,0.0,0.0,861.0,858.0,859.0,879.0,884.0,861.0,4979.0,5670.0,5329.0,205.0,0.0,0.0,861.0,858.0,859.0
0.0,14645.0,2601.0,2580.0,0.0,1775.0,1080.0,0.0,695.0,861.0,859.0,860.0,875.0,863.0,863.0,4100.0,6077.0,4468.0,1080.0,0.0,695.0,861.0,859.0,860.0
0.0,12044.0,2599.0,2582.0,0.0,3508.0,1970.0,0.0,1538.0,862.0,860.0,860.0,885.0,871.0,843.0,3225.0,5214.0,3605.0,1970.0,0.0,1538.0,862.0,860.0,860.0
0.0,9445.0,2575.0,2583.0,205.0,5840.0,2638.0,820.0,2382.0,863.0,860.0,860.0,868.0,863.0,844.0,2340.0,4343.0,2762.0,2638.0,820.0,2382.0,863.0,860.0,860.0
0.0,7075.0,2558.0,2585.0,1775.0,6633.0,2412.0,1678.0,2543.0,863.0,861.0,861.0,854.0,853.0,851.0,1677.0,3480.0,1918.0,2412.0,1678.0,2543.0,863.0,861.0,861.0
0.0,6292.0,2585.0,2588.0,3508.0,5725.0,1316.0,2549.0,1860.0,864.0,862.0,862.0,869.0,866.0,850.0,1903.0,2627.0,1762.0,1316.0,2549.0,1860.0,864.0,862.0,862.0
0.0,7215.0,2545.0,2588.0,5840.0,2903.0,0.0,2573.0,330.0,864.0,862.0,862.0,849.0,844.0,852.0,3004.0,1761.0,2450.0,0.0,2573.0,330.0,864.0,862.0,862.0
0.0,10510.0,2572.0,2590.0,6633.0,1750.0,0.0,1750.0,0.0,864.0,863.0,863.0,854.0,850.0,868.0,4793.0,1737.0,3980.0,0.0,1750.0,0.0,864.0,863.0,863.0
0.0,14571.0,2578.0,2590.0,5725.0,53.0,0.0,53.0,0.0,864.0,863.0,863.0,856.0,852.0,870.0,6351.0,2565.0,5655.0,0.0,53.0,0.0,864.0,863.0,863.0
0.0,17718.0,2560.0,2592.0,2903.0,0.0,0.0,0.0,0.0,864.0,864.0,864.0,839.0,847.0,874.0,6811.0,4262.0,6645.0,0.0,0.0,0.0,864.0,864.0,864.0
0.0,18061.0,2616.0,2594.0,1750.0,0.0,0.0,0.0,0.0,865.0,864.0,865.0,870.0,873.0,873.0,5972.0,5988.0,6101.0,0.0,0.0,0.0,865.0,864.0,865.0
0.0,17195.0,2638.0,2595.0,53.0,107.0,107.0,0.0,0.0,866.0,864.0,865.0,879.0,868.0,891.0,5102.0,6865.0,5228.0,107.0,0.0,0.0,866.0,864.0,865.0
0.0,14610.0,2646.0,2597.0,0.0,1880.0,990.0,0.0,890.0,866.0,865.0,866.0,883.0,866.0,897.0,4223.0,6050.0,4337.0,990.0,0.0,890.0,866.0,865.0,866.0
0.0,11964.0,2651.0,2599.0,0.0,3682.0,1886.0,20.0,1776.0,867.0,865.0,867.0,891.0,879.0,881.0,3340.0,5184.0,3440.0,1886.0,20.0,1776.0,867.0,865.0,867.0
0.0,9313.0,2664.0,2599.0,107.0,6239.0,2666.0,905.0,2668.0,867.0,865.0,867.0,887.0,885.0,892.0,2449.0,4305.0,2559.0,2666.0,905.0,2668.0,867.0,865.0,867.0
0.0,6756.0,2714.0,2601.0,1880.0,7083.0,2578.0,1820.0,2685.0,867.0,866.0,868.0,902.0,910.0,902.0,1669.0,3420.0,1667.0,2578.0,1820.0,2685.0,867.0,866.0,868.0
0.0,5922.0,2731.0,2602.0,3682.0,6137.0,1612.0,2708.0,1817.0,868.0,866.0,868.0,915.0,908.0,908.0,1757.0,2510.0,1655.0,1612.0,2708.0,1817.0,868.0,866.0,868.0
0.0,6873.0,2714.0,2604.0,5979.0,2882.0,108.0,2724.0,50.0,869.0,867.0,868.0,897.0,916.0,901.0,2728.0,1622.0,2523.0,108.0,2724.0,50.0,869.0,867.0,868.0
0.0,10138.0,2719.0,2606.0,6040.0,1816.0,0.0,1816.0,0.0,869.0,868.0,869.0,890.0,907.0,922.0,4237.0,1611.0,4290.0,0.0,1816.0,0.0,869.0,868.0,869.0
0.0,13459.0,2674.0,2607.0,6233.0,21.0,0.0,21.0,0.0,869.0,869.0,869.0,885.0,908.0,881.0,4882.0,2524.0,6053.0,0.0,21.0,0.0,869.0,869.0,869.0
0.0,17018.0,2685.0,2608.0,4089.0,0.0,0.0,0.0,0.0,870.0,869.0,869.0,905.0,893.0,887.0,6912.0,4324.0,5782.0,0.0,0.0,0.0,870.0,869.0,869.0
0.0,18422.0,2647.0,2609.0,881.0,0.0,0.0,0.0,0.0,870.0,870.0,869.0,871.0,902.0,874.0,6115.0,6155.0,6152.0,0.0,0.0,0.0,870.0,870.0,869.0
0.0,16656.0,2653.0,2610.0,956.0,1.0,1.0,0.0,0.0,871.0,870.0,869.0,890.0,887.0,876.0,5244.0,6134.0,5278.0,1.0,0.0,0.0,871.0,870.0,869.0
0.0,14959.0,2631.0,2611.0,0.0,1687.0,884.0,0.0,803.0,871.0,871.0,869.0,883.0,888.0,860.0,4354.0,6203.0,4402.0,884.0,0.0,803.0,871.0,871.0,869.0
0.0,12328.0,2643.0,2612.0,0.0,3459.0,1789.0,0.0,1670.0,872.0,871.0,869.0,900.0,876.0,867.0,3471.0,5315.0,3542.0,1789.0,0.0,1670.0,872.0,871.0,869.0
0.0,9685.0,2620.0,2614.0,1.0,6004.0,2688.0,783.0,2533.0,873.0,872.0,869.0,895.0,862.0,863.0,2571.0,4439.0,2675.0,2688.0,783.0,2533.0,873.0,872.0,869.0
0.0,7066.0,2641.0,2615.0,1687.0,6963.0,2686.0,1663.0,2614.0,873.0,872.0,870.0,882.0,880.0,879.0,1677.0,3577.0,1812.0,2686.0,1663.0,2614.0,873.0,872.0,870.0
0.0,6112.0,2586.0,2616.0,3459.0,6095.0,1764.0,2523.0,1808.0,873.0,872.0,871.0,867.0,860.0,859.0,1679.0,2697.0,1736.0,1764.0,2523.0,1808.0,873.0,872.0,871.0
0.0,6985.0,2645.0,2618.0,6004.0,2774.0,0.0,2626.0,148.0,874.0,873.0,871.0,891.0,881.0,873.0,2601.0,1837.0,2547.0,0.0,2626.0,148.0,874.0,873.0,871.0
0.0,10344.0,2618.0,2620.0,6963.0,1831.0,0.0,1831.0,0.0,874.0,874.0,872.0,887.0,863.0,868.0,4398.0,1739.0,4207.0,0.0,1831.0,0.0,874.0,874.0,872.0
0.0,14689.0,2592.0,2620.0,6095.0,173.0,0.0,173.0,0.0,874.0,874.0,872.0,860.0,865.0,867.0,6197.0,2539.0,5953.0,0.0,173.0,0.0,874.0,874.0,872.0
0.0,18192.0,2602.0,2622.0,2774.0,0.0,0.0,0.0,0.0,875.0,874.0,873.0,873.0,873.0,856.0,7101.0,4197.0,6894.0,0.0,0.0,0.0,875.0,874.0,873.0
0.0,18364.0,2601.0,2624.0,1831.0,0.0,0.0,0.0,0.0,876.0,875.0,873.0,856.0,878.0,867.0,6228.0,5950.0,6186.0,0.0,0.0,0.0,876.0,875.0,873.0
0.0,17594.0,2625.0,2625.0,173.0,0.0,0.0,0.0,0.0,876.0,875.0,874.0,857.0,883.0,885.0,5372.0,6903.0,5319.0,0.0,0.0,0.0,876.0,875.0,874.0
0.0,15142.0,2635.0,2627.0,0.0,1558.0,717.0,0.0,841.0,876.0,876.0,875.0,852.0,883.0,900.0,4515.0,6193.0,4434.0,717.0,0.0,841.0,876.0,876.0,875.0
0.0,12507.0,2669.0,2629.0,0.0,3344.0,1602.0,0.0,1742.0,877.0,876.0,876.0,880.0,893.0,896.0,3663.0,5310.0,3534.0,1602.0,0.0,1742.0,877.0,876.0,876.0
0.0,9838.0,2679.0,2632.0,0.0,6001.0,2489.0,854.0,2658.0,878.0,877.0,877.0,882.0,886.0,911.0,2783.0,4417.0,2638.0,2489.0,854.0,2658.0,878.0,877.0,877.0
0.0,7159.0,2687.0,2633.0,1558.0,7135.0,2665.0,1740.0,2730.0,878.0,877.0,878.0,893.0,886.0,908.0,1901.0,3531.0,1727.0,2665.0,1740.0,2730.0,878.0,877.0,878.0
0.0,6030.0,2722.0,2634.0,3344.0,6518.0,1973.0,2661.0,1884.0,878.0,878.0,878.0,910.0,916.0,896.0,1725.0,2645.0,1660.0,1973.0,2661.0,1884.0,878.0,878.0,878.0
0.0,6652.0,2732.0,2637.0,6001.0,3264.0,400.0,2719.0,145.0,879.0,879.0,879.0,911.0,907.0,914.0,2417.0,1729.0,2506.0,400.0,2719.0,145.0,879.0,879.0,879.0
0.0,9921.0,2742.0,2640.0,6307.0,1888.0,0.0,1888.0,0.0,880.0,880.0,880.0,916.0,904.0,922.0,3995.0,1676.0,4250.0,0.0,1888.0,0.0,880.0,880.0,880.0
0.0,13486.0,2721.0,2641.0,6049.0,122.0,0.0,122.0,0.0,880.0,881.0,880.0,920.0,890.0,911.0,4916.0,2512.0,6058.0,0.0,122.0,0.0,880.0,881.0,880.0
0.0,16814.0,2715.0,2641.0,4412.0,0.0,0.0,0.0,0.0,880.0,881.0,880.0,904.0,914.0,897.0,6797.0,4283.0,5734.0,0.0,0.0,0.0,880.0,881.0,880.0
0.0,18511.0,2721.0,2644.0,744.0,0.0,0.0,0.0,0.0,881.0,882.0,881.0,910.0,902.0,909.0,6293.0,5939.0,6279.0,0.0,0.0,0.0,881.0,882.0,881.0
0.0,16534.0,2703.0,2644.0,1415.0,0.0,0.0,0.0,0.0,881.0,882.0,881.0,896.0,889.0,918.0,5383.0,5781.0,5370.0,0.0,0.0,0.0,881.0,882.0,881.0
0.0,15246.0,2689.0,2645.0,0.0,1668.0,818.0,0.0,850.0,882.0,882.0,881.0,895.0,897.0,897.0,4487.0,6307.0,4452.0,818.0,0.0,850.0,882.0,882.0,881.0
0.0,12557.0,2708.0,2647.0,0.0,3475.0,1716.0,0.0,1759.0,882.0,883.0,882.0,898.0,906.0,904.0,3592.0,5410.0,3555.0,1716.0,0.0,1759.0,882.0,883.0,882.0
0.0,9849.0,2711.0,2647.0,0.0,6097.0,2621.0,811.0,2665.0,882.0,883.0,882.0,905.0,900.0,906.0,2694.0,4504.0,2651.0,2621.0,811.0,2665.0,882.0,883.0,882.0
0.0,7138.0,2722.0,2650.0,1668.0,7166.0,2721.0,1723.0,2722.0,883.0,884.0,883.0,913.0,907.0,902.0,1789.0,3604.0,1745.0,2721.0,1723.0,2722.0,883.0,884.0,883.0
0.0,6084.0,2643.0,2650.0,3475.0,6334.0,1894.0,2584.0,1856.0,884.0,883.0,883.0,884.0,866.0,893.0,1694.0,2697.0,1693.0,1894.0,2584.0,1856.0,884.0,883.0,883.0
0.0,6916.0,2694.0,2651.0,6097.0,2936.0,169.0,2679.0,88.0,884.0,883.0,884.0,896.0,906.0,892.0,2526.0,1831.0,2559.0,169.0,2679.0,88.0,884.0,883.0,884.0
0.0,10319.0,2679.0,2653.0,7166.0,1851.0,0.0,1851.0,0.0,885.0,884.0,884.0,894.0,890.0,895.0,4251.0,1736.0,4332.0,0.0,1851.0,0.0,885.0,884.0,884.0
0.0,14806.0,2686.0,2654.0,6334.0,164.0,0.0,164.0,0.0,885.0,884.0,885.0,900.0,897.0,889.0,6078.0,2569.0,6159.0,0.0,164.0,0.0,885.0,884.0,885.0
0.0,18454.0,2667.0,2655.0,2936.0,0.0,0.0,0.0,0.0,886.0,884.0,885.0,899.0,890.0,878.0,7072.0,4256.0,7126.0,0.0,0.0,0.0,886.0,884.0,885.0
0.0,18723.0,2684.0,2657.0,1851.0,0.0,0.0,0.0,0.0,886.0,885.0,886.0,894.0,896.0,894.0,6342.0,6045.0,6336.0,0.0,0.0,0.0,886.0,885.0,886.0
0.0,17890.0,2639.0,2657.0,164.0,0.0,0.0,0.0,0.0,886.0,885.0,886.0,878.0,895.0,866.0,5448.0,7000.0,5442.0,0.0,0.0,0.0,886.0,885.0,886.0
0.0,15415.0,2663.0,2660.0,0.0,1490.0,751.0,0.0,739.0,887.0,886.0,887.0,886.0,897.0,880.0,4570.0,6269.0,4576.0,751.0,0.0,739.0,887.0,886.0,887.0
0.0,12752.0,2677.0,2662.0,0.0,3285.0,1637.0,0.0,1648.0,887.0,887.0,888.0,886.0,887.0,904.0,3684.0,5372.0,3696.0,1637.0,0.0,1648.0,887.0,887.0,888.0
0.0,10075.0,2643.0,2664.0,0.0,5888.0,2508.0,845.0,2535.0,887.0,888.0,889.0,871.0,890.0,882.0,2798.0,4485.0,2792.0,2508.0,845.0,2535.0,887.0,888.0,889.0
0.0,7432.0,2667.0,2665.0,1490.0,7070.0,2656.0,1733.0,2681.0,888.0,888.0,889.0,894.0,888.0,885.0,1927.0,3595.0,1910.0,2656.0,1733.0,2681.0,888.0,888.0,889.0
0.0,6255.0,2649.0,2666.0,3285.0,6439.0,1896.0,2616.0,1927.0,888.0,889.0,889.0,877.0,878.0,894.0,1784.0,2707.0,1764.0,1896.0,2616.0,1927.0,888.0,889.0,889.0
0.0,6891.0,2659.0,2669.0,5888.0,3225.0,271.0,2661.0,293.0,889.0,890.0,890.0,878.0,885.0,896.0,2544.0,1829.0,2518.0,271.0,2661.0,293.0,889.0,890.0,890.0
0.0,10120.0,2708.0,2671.0,6977.0,1826.0,0.0,1826.0,0.0,890.0,890.0,891.0,894.0,898.0,916.0,4174.0,1789.0,4157.0,0.0,1826.0,0.0,890.0,890.0,891.0
0.0,14389.0,2671.0,2671.0,5583.0,83.0,0.0,83.0,0.0,890.0,890.0,891.0,898.0,873.0,900.0,5843.0,2624.0,5922.0,0.0,83.0,0.0,890.0,890.0,891.0
0.0,17301.0,2712.0,2672.0,4174.0,0.0,0.0,0.0,0.0,890.0,891.0,891.0,897.0,910.0,905.0,6934.0,4367.0,6000.0,0.0,0.0,0.0,890.0,891.0,891.0
0.0,18763.0,2729.0,2674.0,785.0,0.0,0.0,0.0,0.0,891.0,891.0,892.0,917.0,901.0,911.0,6308.0,6118.0,6337.0,0.0,0.0,0.0,891.0,891.0,892.0
0.0,16819.0,2781.0,2676.0,1124.0,6.0,6.0,0.0,0.0,892.0,892.0,892.0,937.0,917.0,927.0,5391.0,6002.0,5426.0,6.0,0.0,0.0,892.0,892.0,892.0
0.0,15162.0,2778.0,2678.0,0.0,1842.0,954.0,0.0,888.0,893.0,892.0,893.0,943.0,913.0,922.0,4454.0,6209.0,4499.0,954.0,0.0,888.0,893.0,892.0,893.0
0.0,12384.0,2748.0,2678.0,0.0,3754.0,1874.0,71.0,1809.0,893.0,892.0,893.0,920.0,907.0,921.0,3511.0,5296.0,3577.0,1874.0,71.0,1809.0,893.0,892.0,893.0
0.0,9636.0,2748.0,2678.0,6.0,6496.0,2799.0,981.0,2716.0,893.0,892.0,893.0,931.0,910.0,907.0,2591.0,4389.0,2656.0,2799.0,981.0,2716.0,893.0,892.0,893.0
0.0,6894.0,2747.0,2679.0,1842.0,7406.0,2770.0,1902.0,2734.0,894.0,892.0,893.0,920.0,921.0,906.0,1666.0,3479.0,1749.0,2770.0,1902.0,2734.0,894.0,892.0,893.0
0.0,5989.0,2735.0,2679.0,3754.0,6387.0,1813.0,2747.0,1827.0,894.0,892.0,893.0,917.0,916.0,902.0,1700.0,2558.0,1731.0,1813.0,2747.0,1827.0,894.0,892.0,893.0
0.0,7008.0,2775.0,2682.0,6496.0,2740.0,0.0,2706.0,34.0,895.0,893.0,894.0,922.0,935.0,918.0,2657.0,1713.0,2638.0,0.0,2706.0,34.0,895.0,893.0,894.0
0.0,10729.0,2733.0,2683.0,7406.0,1716.0,0.0,1716.0,0.0,896.0,893.0,894.0,916.0,912.0,905.0,4534.0,1759.0,4436.0,0.0,1716.0,0.0,896.0,893.0,894.0
0.0,15402.0,2721.0,2685.0,6387.0,0.0,0.0,0.0,0.0,896.0,894.0,895.0,908.0,905.0,908.0,6388.0,2749.0,6265.0,0.0,0.0,0.0,896.0,894.0,895.0
0.0,19068.0,2732.0,2686.0,2740.0,0.0,0.0,0.0,0.0,896.0,894.0,896.0,898.0,923.0,911.0,7293.0,4591.0,7184.0,0.0,0.0,0.0,896.0,894.0,896.0
0.0,19076.0,2728.0,2688.0,1716.0,0.0,0.0,0.0,0.0,896.0,895.0,897.0,897.0,907.0,924.0,6395.0,6374.0,6307.0,0.0,0.0,0.0,896.0,895.0,897.0
0.0,18064.0,2720.0,2690.0,0.0,28.0,0.0,0.0,28.0,896.0,896.0,898.0,906.0,893.0,921.0,5498.0,7183.0,5383.0,0.0,0.0,28.0,896.0,896.0,898.0
0.0,15344.0,2706.0,2692.0,0.0,1742.0,803.0,0.0,939.0,897.0,896.0,899.0,910.0,890.0,906.0,4592.0,6290.0,4462.0,803.0,0.0,939.0,897.0,896.0,899.0
0.0,12638.0,2710.0,2694.0,0.0,3574.0,1718.0,0.0,1856.0,898.0,896.0,900.0,910.0,888.0,912.0,3682.0,5400.0,3556.0,1718.0,0.0,1856.0,898.0,896.0,900.0
0.0,9928.0,2681.0,2694.0,28.0,6195.0,2628.0,853.0,2714.0,898.0,896.0,900.0,910.0,885.0,886.0,2772.0,4512.0,2644.0,2628.0,853.0,2714.0,898.0,896.0,900.0
0.0,7275.0,2693.0,2697.0,1742.0,7161.0,2737.0,1738.0,2686.0,899.0,897.0,901.0,907.0,880.0,906.0,1862.0,3627.0,1786.0,2737.0,1738.0,2686.0,899.0,897.0,901.0
0.0,6324.0,2625.0,2697.0,3574.0,6212.0,1892.0,2598.0,1722.0,899.0,897.0,901.0,873.0,860.0,892.0,1758.0,2747.0,1819.0,1892.0,2598.0,1722.0,899.0,897.0,901.0
0.0,7273.0,2671.0,2698.0,6195.0,2785.0,163.0,2622.0,0.0,899.0,897.0,902.0,899.0,877.0,895.0,2603.0,1887.0,2783.0,163.0,2622.0,0.0,899.0,897.0,902.0
0.0,10797.0,2645.0,2699.0,7095.0,1759.0,0.0,1759.0,0.0,900.0,897.0,902.0,879.0,875.0,891.0,4332.0,1863.0,4602.0,0.0,1759.0,0.0,900.0,897.0,902.0
0.0,15247.0,2698.0,2701.0,4124.0,52.0,0.0,52.0,0.0,901.0,897.0,903.0,898.0,891.0,909.0,6124.0,2726.0,6397.0,0.0,52.0,0.0,901.0,897.0,903.0
0.0,16673.0,2715.0,2701.0,4939.0,0.0,0.0,0.0,0.0,901.0,897.0,903.0,894.0,903.0,918.0,6007.0,4433.0,6233.0,0.0,0.0,0.0,901.0,897.0,903.0
0.0,18897.0,2724.0,2702.0,1045.0,0.0,0.0,0.0,0.0,902.0,897.0,903.0,902.0,906.0,916.0,6453.0,6152.0,6292.0,0.0,0.0,0.0,902.0,897.0,903.0
0.0,17218.0,2706.0,2703.0,766.0,35.0,0.0,0.0,35.0,902.0,898.0,903.0,899.0,911.0,896.0,5551.0,6291.0,5376.0,0.0,0.0,35.0,902.0,898.0,903.0
0.0,15278.0,2737.0,2704.0,0.0,1717.0,778.0,0.0,939.0,903.0,898.0,903.0,915.0,918.0,904.0,4652.0,6146.0,4480.0,778.0,0.0,939.0,903.0,898.0,903.0
0.0,12541.0,2728.0,2703.0,0.0,3702.0,1678.0,170.0,1854.0,902.0,898.0,903.0,905.0,908.0,915.0,3737.0,5228.0,3576.0,1678.0,170.0,1854.0,902.0,898.0,903.0
0.0,9813.0,2792.0,2705.0,35.0,6469.0,2622.0,1112.0,2735.0,903.0,899.0,903.0,939.0,937.0,916.0,2832.0,4320.0,2661.0,2622.0,1112.0,2735.0,903.0,899.0,903.0
0.0,7056.0,2790.0,2706.0,1717.0,7547.0,2776.0,2056.0,2715.0,903.0,900.0,903.0,932.0,939.0,919.0,1893.0,3383.0,1780.0,2776.0,2056.0,2715.0,903.0,900.0,903.0
0.0,5983.0,2772.0,2708.0,3702.0,6627.0,2012.0,2831.0,1784.0,903.0,901.0,904.0,914.0,940.0,918.0,1739.0,2444.0,1800.0,2012.0,2831.0,1784.0,903.0,901.0,904.0
0.0,6913.0,2798.0,2709.0,6469.0,2997.0,342.0,2655.0,0.0,904.0,901.0,904.0,947.0,936.0,915.0,2503.0,1674.0,2736.0,342.0,2655.0,0.0,904.0,901.0,904.0
0.0,10584.0,2810.0,2710.0,7547.0,1524.0,0.0,1524.0,0.0,905.0,901.0,904.0,950.0,925.0,935.0,4178.0,1850.0,4556.0,0.0,1524.0,0.0,905.0,901.0,904.0
0.0,15321.0,2769.0,2711.0,6627.0,0.0,0.0,0.0,0.0,905.0,902.0,904.0,923.0,927.0,919.0,6004.0,2981.0,6336.0,0.0,0.0,0.0,905.0,902.0,904.0
0.0,19179.0,2800.0,2714.0,2997.0,0.0,0.0,0.0,0.0,906.0,903.0,905.0,938.0,924.0,938.0,7093.0,4885.0,7201.0,0.0,0.0,0.0,906.0,903.0,905.0
0.0,19376.0,2763.0,2715.0,1524.0,0.0,0.0,0.0,0.0,906.0,903.0,906.0,916.0,916.0,931.0,6497.0,6616.0,6263.0,0.0,0.0,0.0,906.0,903.0,906.0
0.0,18137.0,2762.0,2716.0,0.0,127.0,0.0,0.0,127.0,906.0,904.0,906.0,900.0,933.0,929.0,5581.0,7224.0,5332.0,0.0,0.0,127.0,906.0,904.0,906.0
0.0,15375.0,2772.0,2717.0,0.0,1833.0,764.0,0.0,1069.0,906.0,904.0,907.0,915.0,920.0,937.0,4681.0,6291.0,4403.0,764.0,0.0,1069.0,906.0,904.0,907.0
0.0,12603.0,2791.0,2720.0,0.0,3788.0,1690.0,83.0,2015.0,907.0,905.0,908.0,921.0,929.0,941.0,3766.0,5371.0,3466.0,1690.0,83.0,2015.0,907.0,905.0,908.0
0.0,9812.0,2772.0,2721.0,127.0,6438.0,2615.0,1004.0,2819.0,908.0,905.0,908.0,920.0,921.0,931.0,2845.0,4442.0,2525.0,2615.0,1004.0,2819.0,908.0,905.0,908.0
0.0,7167.0,2750.0,2723.0,1833.0,7365.0,2771.0,1923.0,2671.0,908.0,906.0,909.0,920.0,914.0,916.0,1925.0,3521.0,1721.0,2771.0,1923.0,2671.0,908.0,906.0,909.0
0.0,6250.0,2750.0,2724.0,3788.0,6332.0,2003.0,2748.0,1581.0,908.0,906.0,910.0,922.0,908.0,920.0,1769.0,2607.0,1874.0,2003.0,2748.0,1581.0,908.0,906.0,910.0
0.0,7288.0,2748.0,2725.0,6438.0,2968.0,312.0,2656.0,0.0,909.0,906.0,910.0,919.0,912.0,917.0,2537.0,1782.0,2969.0,312.0,2656.0,0.0,909.0,906.0,910.0
0.0,10978.0,2730.0,2727.0,7268.0,1645.0,0.0,1645.0,0.0,909.0,907.0,911.0,913.0,907.0,910.0,4233.0,1874.0,4871.0,0.0,1645.0,0.0,909.0,907.0,911.0
0.0,15516.0,2722.0,2728.0,5573.0,0.0,0.0,0.0,0.0,910.0,907.0,911.0,905.0,904.0,913.0,5994.0,2890.0,6632.0,0.0,0.0,0.0,910.0,907.0,911.0
0.0,18367.0,2717.0,2729.0,3824.0,0.0,0.0,0.0,0.0,910.0,907.0,912.0,904.0,904.0,909.0,7189.0,4734.0,6444.0,0.0,0.0,0.0,910.0,907.0,912.0
0.0,19474.0,2733.0,2729.0,781.0,0.0,0.0,0.0,0.0,910.0,907.0,912.0,899.0,916.0,918.0,6597.0,6486.0,6391.0,0.0,0.0,0.0,910.0,907.0,912.0
0.0,17522.0,2700.0,2732.0,864.0,0.0,0.0,0.0,0.0,911.0,908.0,913.0,897.0,903.0,900.0,5698.0,6351.0,5473.0,0.0,0.0,0.0,911.0,908.0,913.0
0.0,15686.0,2700.0,2732.0,0.0,1533.0,644.0,0.0,889.0,911.0,908.0,913.0,890.0,913.0,897.0,4801.0,6312.0,4573.0,644.0,0.0,889.0,911.0,908.0,913.0
0.0,12986.0,2713.0,2733.0,0.0,3392.0,1542.0,49.0,1801.0,911.0,909.0,913.0,898.0,903.0,912.0,3911.0,5399.0,3676.0,1542.0,49.0,1801.0,911.0,909.0,913.0
0.0,10273.0,2751.0,2735.0,0.0,6153.0,2456.0,976.0,2721.0,912.0,909.0,914.0,909.0,927.0,915.0,3013.0,4496.0,2764.0,2456.0,976.0,2721.0,912.0,909.0,914.0
0.0,7522.0,2761.0,2736.0,1533.0,7386.0,2731.0,1898.0,2757.0,912.0,910.0,914.0,919.0,917.0,925.0,2104.0,3569.0,1849.0,2731.0,1898.0,2757.0,912.0,910.0,914.0
0.0,6294.0,2755.0,2738.0,3392.0,6759.0,2118.0,2772.0,1869.0,913.0,911.0,914.0,924.0,918.0,913.0,1829.0,2652.0,1813.0,2118.0,2772.0,1869.0,913.0,911.0,914.0
0.0,6931.0,2788.0,2739.0,6153.0,3399.0,594.0,2720.0,85.0,913.0,911.0,915.0,932.0,924.0,932.0,2447.0,1783.0,2701.0,594.0,2720.0,85.0,913.0,911.0,915.0
0.0,10296.0,2796.0,2740.0,7386.0,1743.0,0.0,1743.0,0.0,914.0,911.0,915.0,946.0,921.0,929.0,3971.0,1835.0,4490.0,0.0,1743.0,0.0,914.0,911.0,915.0
0.0,14886.0,2804.0,2740.0,6759.0,0.0,0.0,0.0,0.0,914.0,911.0,915.0,954.0,917.0,933.0,5756.0,2812.0,6318.0,0.0,0.0,0.0,914.0,911.0,915.0
0.0,18841.0,2814.0,2742.0,3399.0,0.0,0.0,0.0,0.0,915.0,912.0,915.0,956.0,929.0,929.0,6920.0,4667.0,7254.0,0.0,0.0,0.0,915.0,912.0,915.0
0.0,19426.0,2814.0,2742.0,1743.0,0.0,0.0,0.0,0.0,915.0,912.0,915.0,934.0,950.0,930.0,6558.0,6458.0,6410.0,0.0,0.0,0.0,915.0,912.0,915.0
0.0,18355.0,2832.0,2744.0,0.0,46.0,0.0,0.0,46.0,915.0,913.0,916.0,943.0,943.0,946.0,5624.0,7251.0,5480.0,0.0,0.0,46.0,915.0,913.0,916.0
0.0,15523.0,2840.0,2747.0,0.0,1836.0,849.0,0.0,987.0,916.0,914.0,917.0,950.0,954.0,936.0,4681.0,6308.0,4534.0,849.0,0.0,987.0,916.0,914.0,917.0
0.0,12683.0,2871.0,2749.0,0.0,3933.0,1793.0,190.0,1950.0,916.0,915.0,918.0,944.0,969.0,958.0,3731.0,5354.0,3598.0,1793.0,190.0,1950.0,916.0,915.0,918.0
0.0,9812.0,2826.0,2750.0,46.0,6718.0,2739.0,1140.0,2839.0,917.0,915.0,918.0,941.0,950.0,935.0,2787.0,4385.0,2640.0,2739.0,1140.0,2839.0,917.0,915.0,918.0
0.0,7032.0,2819.0,2752.0,1836.0,7711.0,2825.0,2091.0,2795.0,917.0,916.0,919.0,935.0,946.0,938.0,1846.0,3435.0,1751.0,2825.0,2091.0,2795.0,917.0,916.0,919.0
0.0,6049.0,2827.0,2753.0,3933.0,6610.0,1955.0,2864.0,1791.0,917.0,917.0,919.0,923.0,958.0,946.0,1760.0,2489.0,1800.0,1955.0,2864.0,1791.0,917.0,917.0,919.0
0.0,7155.0,2827.0,2755.0,6718.0,2830.0,162.0,2668.0,0.0,918.0,917.0,920.0,941.0,944.0,942.0,2630.0,1721.0,2804.0,162.0,2668.0,0.0,918.0,917.0,920.0
0.0,11046.0,2794.0,2756.0,7009.0,1512.0,0.0,1512.0,0.0,918.0,918.0,920.0,919.0,930.0,945.0,4428.0,1917.0,4701.0,0.0,1512.0,0.0,918.0,918.0,920.0
0.0,15261.0,2807.0,2758.0,5789.0,0.0,0.0,0.0,0.0,919.0,918.0,921.0,940.0,922.0,945.0,5632.0,3078.0,6551.0,0.0,0.0,0.0,919.0,918.0,921.0
0.0,18243.0,2805.0,2761.0,4353.0,0.0,0.0,0.0,0.0,920.0,919.0,922.0,931.0,922.0,952.0,6790.0,5020.0,6433.0,0.0,0.0,0.0,920.0,919.0,922.0
0.0,19791.0,2783.0,2761.0,743.0,0.0,0.0,0.0,0.0,920.0,919.0,922.0,916.0,924.0,943.0,6580.0,6766.0,6445.0,0.0,0.0,0.0,920.0,919.0,922.0
0.0,17751.0,2755.0,2763.0,769.0,31.0,0.0,0.0,31.0,920.0,920.0,923.0,923.0,914.0,918.0,5664.0,6585.0,5502.0,0.0,0.0,31.0,920.0,920.0,923.0
0.0,15765.0,2761.0,2764.0,0.0,1742.0,793.0,0.0,949.0,920.0,921.0,923.0,934.0,909.0,918.0,4741.0,6440.0,4584.0,793.0,0.0,949.0,920.0,921.0,923.0
0.0,13004.0,2725.0,2766.0,0.0,3578.0,1711.0,0.0,1867.0,921.0,921.0,924.0,913.0,899.0,913.0,3807.0,5531.0,3666.0,1711.0,0.0,1867.0,921.0,921.0,924.0
0.0,10279.0,2725.0,2767.0,31.0,6250.0,2615.0,882.0,2753.0,921.0,922.0,924.0,904.0,904.0,917.0,2894.0,4632.0,2753.0,2615.0,882.0,2753.0,921.0,922.0,924.0
0.0,7585.0,2725.0,2768.0,1742.0,7238.0,2737.0,1792.0,2709.0,922.0,922.0,924.0,910.0,910.0,905.0,1990.0,3728.0,1867.0,2737.0,1792.0,2709.0,922.0,922.0,924.0
0.0,6602.0,2706.0,2769.0,3578.0,6371.0,1931.0,2693.0,1747.0,922.0,923.0,924.0,905.0,896.0,905.0,1873.0,2818.0,1911.0,1931.0,2693.0,1747.0,922.0,923.0,924.0
0.0,7474.0,2731.0,2769.0,6250.0,2940.0,220.0,2720.0,0.0,922.0,923.0,924.0,904.0,909.0,918.0,2679.0,1922.0,2873.0,220.0,2720.0,0.0,922.0,923.0,924.0
0.0,10993.0,2784.0,2770.0,7238.0,1870.0,0.0,1870.0,0.0,923.0,923.0,924.0,924.0,942.0,918.0,4390.0,1895.0,4708.0,0.0,1870.0,0.0,923.0,923.0,924.0
0.0,15447.0,2802.0,2772.0,6371.0,122.0,0.0,122.0,0.0,923.0,924.0,925.0,935.0,940.0,927.0,6203.0,2745.0,6499.0,0.0,122.0,0.0,923.0,924.0,925.0
0.0,19016.0,2815.0,2774.0,2940.0,0.0,0.0,0.0,0.0,924.0,925.0,925.0,932.0,950.0,933.0,7199.0,4498.0,7319.0,0.0,0.0,0.0,924.0,925.0,925.0
0.0,19141.0,2796.0,2774.0,1870.0,0.0,0.0,0.0,0.0,924.0,925.0,925.0,951.0,927.0,918.0,6487.0,6268.0,6386.0,0.0,0.0,0.0,924.0,925.0,925.0
0.0,18215.0,2841.0,2776.0,122.0,141.0,39.0,0.0,102.0,925.0,925.0,926.0,950.0,951.0,940.0,5536.0,7211.0,5468.0,39.0,0.0,102.0,925.0,925.0,926.0
0.0,15496.0,2865.0,2777.0,0.0,2044.0,997.0,0.0,1047.0,925.0,926.0,926.0,958.0,962.0,945.0,4586.0,6382.0,4528.0,997.0,0.0,1047.0,925.0,926.0,926.0
0.0,12631.0,2882.0,2779.0,0.0,4146.0,1965.0,171.0,2010.0,926.0,926.0,927.0,963.0,961.0,958.0,3628.0,5420.0,3583.0,1965.0,171.0,2010.0,926.0,926.0,927.0
0.0,9749.0,2903.0,2782.0,141.0,6923.0,2906.0,1148.0,2869.0,927.0,927.0,928.0,975.0,972.0,956.0,2665.0,4459.0,2625.0,2906.0,1148.0,2869.0,927.0,927.0,928.0
0.0,6987.0,2885.0,2783.0,2044.0,7769.0,2873.0,2121.0,2775.0,927.0,928.0,928.0,964.0,968.0,953.0,1729.0,3487.0,1771.0,2873.0,2121.0,2775.0,927.0,928.0,928.0
0.0,6146.0,2870.0,2784.0,4146.0,6498.0,1854.0,2917.0,1727.0,927.0,928.0,929.0,946.0,967.0,957.0,1762.0,2519.0,1865.0,1854.0,2917.0,1727.0,927.0,928.0,929.0
0.0,7422.0,2886.0,2787.0,6923.0,2742.0,0.0,2742.0,0.0,928.0,929.0,930.0,956.0,968.0,962.0,2781.0,1723.0,2918.0,0.0,2742.0,0.0,928.0,929.0,930.0
0.0,11459.0,2847.0,2788.0,7769.0,1565.0,0.0,1565.0,0.0,928.0,930.0,930.0,945.0,939.0,963.0,4731.0,1903.0,4825.0,0.0,1565.0,0.0,928.0,930.0,930.0
0.0,16381.0,2851.0,2790.0,5472.0,0.0,0.0,0.0,0.0,929.0,930.0,931.0,940.0,952.0,959.0,6659.0,3085.0,6637.0,0.0,0.0,0.0,929.0,930.0,931.0
0.0,19002.0,2824.0,2790.0,3768.0,0.0,0.0,0.0,0.0,929.0,930.0,931.0,935.0,933.0,956.0,7573.0,5050.0,6379.0,0.0,0.0,0.0,929.0,930.0,931.0
0.0,19946.0,2840.0,2791.0,1022.0,0.0,0.0,0.0,0.0,930.0,930.0,931.0,942.0,942.0,956.0,6638.0,6859.0,6449.0,0.0,0.0,0.0,930.0,930.0,931.0
0.0,18128.0,2838.0,2793.0,543.0,117.0,0.0,0.0,117.0,930.0,931.0,932.0,942.0,946.0,950.0,5696.0,6939.0,5493.0,0.0,0.0,117.0,930.0,931.0,932.0
0.0,15833.0,2813.0,2794.0,0.0,1901.0,841.0,0.0,1060.0,931.0,931.0,932.0,940.0,930.0,943.0,4754.0,6536.0,4543.0,841.0,0.0,1060.0,931.0,931.0,932.0
0.0,13020.0,2806.0,2795.0,0.0,3798.0,1772.0,0.0,2026.0,931.0,931.0,933.0,931.0,914.0,961.0,3814.0,5606.0,3600.0,1772.0,0.0,2026.0,931.0,931.0,933.0
0.0,10214.0,2784.0,2796.0,117.0,6433.0,2698.0,878.0,2857.0,931.0,931.0,934.0,926.0,915.0,943.0,2883.0,4692.0,2639.0,2698.0,878.0,2857.0,931.0,931.0,934.0
0.0,7547.0,2798.0,2798.0,1901.0,7340.0,2802.0,1811.0,2727.0,932.0,932.0,934.0,940.0,928.0,930.0,1957.0,3777.0,1813.0,2802.0,1811.0,2727.0,932.0,932.0,934.0
0.0,6650.0,2788.0,2798.0,3798.0,6330.0,1966.0,2735.0,1629.0,932.0,932.0,934.0,936.0,924.0,928.0,1858.0,2849.0,1943.0,1966.0,2735.0,1629.0,932.0,932.0,934.0
0.0,7660.0,2822.0,2801.0,6433.0,3031.0,223.0,2808.0,0.0,933.0,933.0,935.0,950.0,946.0,926.0,2694.0,1925.0,3041.0,223.0,2808.0,0.0,933.0,933.0,935.0
0.0,11271.0,2772.0,2800.0,7340.0,1929.0,0.0,1929.0,0.0,933.0,933.0,934.0,925.0,932.0,915.0,4442.0,1857.0,4972.0,0.0,1929.0,0.0,933.0,933.0,934.0
0.0,15839.0,2807.0,2803.0,6330.0,154.0,0.0,154.0,0.0,934.0,934.0,935.0,934.0,955.0,918.0,6319.0,2736.0,6784.0,0.0,154.0,0.0,934.0,934.0,935.0
0.0,19362.0,2787.0,2805.0,3031.0,0.0,0.0,0.0,0.0,935.0,935.0,935.0,935.0,941.0,911.0,7351.0,4516.0,7495.0,0.0,0.0,0.0,935.0,935.0,935.0
0.0,19606.0,2781.0,2807.0,1929.0,0.0,0.0,0.0,0.0,936.0,936.0,935.0,927.0,935.0,919.0,6639.0,6383.0,6584.0,0.0,0.0,0.0,936.0,936.0,935.0
0.0,18754.0,2836.0,2808.0,154.0,0.0,0.0,0.0,0.0,936.0,936.0,936.0,933.0,967.0,936.0,5712.0,7377.0,5665.0,0.0,0.0,0.0,936.0,936.0,936.0
0.0,16072.0,2805.0,2809.0,0.0,1710.0,837.0,0.0,873.0,936.0,937.0,936.0,936.0,947.0,922.0,4779.0,6564.0,4729.0,837.0,0.0,873.0,936.0,937.0,936.0
0.0,13267.0,2875.0,2811.0,0.0,3663.0,1807.0,38.0,1818.0,937.0,938.0,936.0,965.0,965.0,945.0,3843.0,5617.0,3807.0,1807.0,38.0,1818.0,937.0,938.0,936.0
0.0,10392.0,2859.0,2812.0,0.0,6527.0,2751.0,1009.0,2767.0,937.0,939.0,936.0,944.0,966.0,949.0,2878.0,4652.0,2862.0,2751.0,1009.0,2767.0,937.0,939.0,936.0
0.0,7533.0,2867.0,2814.0,1710.0,7694.0,2884.0,1962.0,2848.0,938.0,939.0,937.0,965.0,953.0,949.0,1934.0,3686.0,1913.0,2884.0,1962.0,2848.0,938.0,939.0,937.0
0.0,6376.0,2917.0,2816.0,3663.0,6958.0,2060.0,2891.0,2007.0,938.0,940.0,938.0,983.0,962.0,972.0,1806.0,2733.0,1837.0,2060.0,2891.0,2007.0,938.0,940.0,938.0
0.0,7122.0,2910.0,2818.0,6527.0,3351.0,287.0,2853.0,211.0,939.0,941.0,938.0,973.0,966.0,971.0,2630.0,1809.0,2683.0,287.0,2853.0,211.0,939.0,941.0,938.0
0.0,10739.0,2910.0,2819.0,7694.0,1862.0,0.0,1862.0,0.0,939.0,941.0,939.0,969.0,971.0,970.0,4408.0,1852.0,4479.0,0.0,1862.0,0.0,939.0,941.0,939.0
0.0,15523.0,2916.0,2821.0,5944.0,0.0,0.0,0.0,0.0,940.0,941.0,940.0,973.0,958.0,985.0,6323.0,2843.0,6357.0,0.0,0.0,0.0,940.0,941.0,940.0
0.0,18551.0,2908.0,2822.0,4365.0,0.0,0.0,0.0,0.0,940.0,941.0,941.0,972.0,952.0,984.0,7410.0,4776.0,6365.0,0.0,0.0,0.0,940.0,941.0,941.0
0.0,20008.0,2916.0,2824.0,1531.0,0.0,0.0,0.0,0.0,941.0,942.0,941.0,968.0,974.0,974.0,6725.0,6677.0,6606.0,0.0,0.0,0.0,941.0,942.0,941.0
0.0,18623.0,2894.0,2825.0,331.0,40.0,0.0,0.0,40.0,941.0,942.0,942.0,962.0,970.0,962.0,5757.0,7234.0,5632.0,0.0,0.0,40.0,941.0,942.0,942.0
0.0,16060.0,2883.0,2826.0,0.0,1889.0,878.0,0.0,1011.0,942.0,942.0,942.0,963.0,949.0,971.0,4795.0,6595.0,4670.0,878.0,0.0,1011.0,942.0,942.0,942.0
0.0,13177.0,2897.0,2828.0,0.0,3860.0,1846.0,39.0,1975.0,943.0,942.0,943.0,963.0,975.0,959.0,3832.0,5646.0,3699.0,1846.0,39.0,1975.0,943.0,942.0,943.0
0.0,10280.0,2865.0,2828.0,40.0,6685.0,2791.0,991.0,2903.0,943.0,942.0,943.0,945.0,952.0,968.0,2869.0,4671.0,2740.0,2791.0,991.0,2903.0,943.0,942.0,943.0
0.0,7455.0,2881.0,2830.0,1889.0,7687.0,2865.0,1956.0,2866.0,943.0,943.0,944.0,952.0,960.0,969.0,1924.0,3719.0,1812.0,2865.0,1956.0,2866.0,943.0,943.0,944.0
0.0,6463.0,2885.0,2832.0,3860.0,6722.0,1987.0,2877.0,1858.0,944.0,944.0,944.0,963.0,955.0,967.0,1850.0,2759.0,1854.0,1987.0,2877.0,1858.0,944.0,944.0,944.0
0.0,7438.0,2857.0,2832.0,6685.0,2996.0,156.0,2840.0,0.0,944.0,944.0,944.0,960.0,954.0,943.0,2733.0,1843.0,2862.0,156.0,2840.0,0.0,944.0,944.0,944.0
0.0,11266.0,2857.0,2834.0,7687.0,1841.0,0.0,1841.0,0.0,945.0,945.0,944.0,956.0,952.0,949.0,4564.0,1880.0,4822.0,0.0,1841.0,0.0,945.0,945.0,944.0
0.0,16096.0,2829.0,2835.0,6722.0,0.0,0.0,0.0,0.0,946.0,945.0,944.0,957.0,940.0,932.0,6473.0,2884.0,6739.0,0.0,0.0,0.0,946.0,945.0,944.0
0.0,19989.0,2843.0,2836.0,2996.0,0.0,0.0,0.0,0.0,946.0,946.0,944.0,956.0,953.0,934.0,7503.0,4821.0,7665.0,0.0,0.0,0.0,946.0,946.0,944.0
0.0,20142.0,2823.0,2838.0,1841.0,0.0,0.0,0.0,0.0,946.0,947.0,945.0,935.0,946.0,942.0,6703.0,6708.0,6731.0,0.0,0.0,0.0,946.0,947.0,945.0
0.0,19160.0,2805.0,2840.0,0.0,0.0,0.0,0.0,0.0,947.0,948.0,945.0,928.0,944.0,933.0,5768.0,7603.0,5789.0,0.0,0.0,0.0,947.0,948.0,945.0
0.0,16355.0,2813.0,2842.0,0.0,1634.0,821.0,0.0,813.0,947.0,949.0,946.0,926.0,948.0,939.0,4840.0,6659.0,4856.0,821.0,0.0,813.0,947.0,949.0,946.0
0.0,13542.0,2849.0,2845.0,0.0,3544.0,1779.0,0.0,1765.0,948.0,950.0,947.0,953.0,949.0,947.0,3914.0,5711.0,3917.0,1779.0,0.0,1765.0,948.0,950.0,947.0
0.0,10693.0,2811.0,2846.0,0.0,6348.0,2714.0,929.0,2705.0,949.0,950.0,947.0,930.0,941.0,940.0,2961.0,4762.0,2970.0,2714.0,929.0,2705.0,949.0,950.0,947.0
0.0,7882.0,2842.0,2847.0,1634.0,7561.0,2836.0,1874.0,2851.0,949.0,950.0,948.0,943.0,945.0,954.0,2031.0,3821.0,2030.0,2836.0,1874.0,2851.0,949.0,950.0,948.0
0.0,6674.0,2871.0,2848.0,3544.0,6893.0,2008.0,2817.0,2068.0,949.0,950.0,949.0,951.0,943.0,977.0,1909.0,2876.0,1889.0,2008.0,2817.0,2068.0,949.0,950.0,949.0
0.0,7347.0,2892.0,2849.0,6348.0,3442.0,269.0,2847.0,326.0,950.0,950.0,949.0,970.0,959.0,963.0,2737.0,1933.0,2677.0,269.0,2847.0,326.0,950.0,950.0,949.0
0.0,10803.0,2882.0,2851.0,7561.0,1938.0,0.0,1938.0,0.0,950.0,951.0,950.0,954.0,960.0,968.0,4481.0,1903.0,4419.0,0.0,1938.0,0.0,950.0,951.0,950.0
0.0,15482.0,2913.0,2853.0,5719.0,75.0,0.0,75.0,0.0,951.0,951.0,951.0,977.0,954.0,982.0,6363.0,2817.0,6302.0,0.0,75.0,0.0,951.0,951.0,951.0
0.0,18288.0,2954.0,2855.0,4616.0,0.0,0.0,0.0,0.0,951.0,952.0,952.0,994.0,981.0,979.0,7394.0,4680.0,6214.0,0.0,0.0,0.0,951.0,952.0,952.0
0.0,19950.0,2961.0,2857.0,1624.0,0.0,0.0,0.0,0.0,952.0,952.0,953.0,996.0,973.0,992.0,6669.0,6546.0,6735.0,0.0,0.0,0.0,952.0,952.0,953.0
0.0,18613.0,2984.0,2857.0,389.0,93.0,77.0,0.0,16.0,952.0,952.0,953.0,990.0,1000.0,994.0,5673.0,7197.0,5743.0,77.0,0.0,16.0,952.0,952.0,953.0
0.0,16018.0,2974.0,2860.0,0.0,2071.0,1063.0,0.0,1008.0,953.0,953.0,954.0,981.0,1006.0,987.0,4683.0,6586.0,4749.0,1063.0,0.0,1008.0,953.0,953.0,954.0
0.0,13044.0,2982.0,2863.0,0.0,4253.0,2063.0,187.0,2003.0,954.0,954.0,955.0,995.0,997.0,990.0,3702.0,5580.0,3762.0,2063.0,187.0,2003.0,954.0,954.0,955.0
0.0,10062.0,2938.0,2863.0,93.0,7098.0,2946.0,1167.0,2985.0,954.0,954.0,955.0,960.0,980.0,998.0,2707.0,4583.0,2772.0,2946.0,1167.0,2985.0,954.0,954.0,955.0
0.0,7217.0,2948.0,2865.0,2071.0,7985.0,2863.0,2159.0,2963.0,954.0,955.0,956.0,980.0,987.0,981.0,1824.0,3603.0,1790.0,2863.0,2159.0,2963.0,954.0,955.0,956.0
0.0,6340.0,2912.0,2866.0,4253.0,6649.0,1778.0,2944.0,1927.0,955.0,955.0,956.0,973.0,972.0,967.0,1907.0,2616.0,1817.0,1778.0,2944.0,1927.0,955.0,955.0,956.0
0.0,7681.0,2899.0,2868.0,7098.0,2750.0,0.0,2750.0,0.0,956.0,956.0,956.0,972.0,968.0,959.0,2997.0,1831.0,2853.0,0.0,2750.0,0.0,956.0,956.0,956.0
0.0,11880.0,2903.0,2868.0,7985.0,1552.0,0.0,1552.0,0.0,956.0,956.0,956.0,969.0,961.0,973.0,4971.0,2030.0,4879.0,0.0,1552.0,0.0,956.0,956.0,956.0
0.0,16962.0,2887.0,2869.0,6649.0,0.0,0.0,0.0,0.0,957.0,956.0,956.0,969.0,961.0,957.0,6865.0,3228.0,6869.0,0.0,0.0,0.0,957.0,956.0,956.0
0.0,20724.0,2880.0,2870.0,2750.0,0.0,0.0,0.0,0.0,957.0,957.0,956.0,976.0,957.0,947.0,7674.0,5211.0,7839.0,0.0,0.0,0.0,957.0,957.0,956.0
0.0,20594.0,2848.0,2872.0,1552.0,0.0,0.0,0.0,0.0,958.0,958.0,956.0,957.0,951.0,940.0,6698.0,7004.0,6892.0,0.0,0.0,0.0,958.0,958.0,956.0
0.0,19298.0,2853.0,2872.0,0.0,4.0,4.0,0.0,0.0,958.0,958.0,956.0,955.0,951.0,947.0,5741.0,7605.0,5952.0,4.0,0.0,0.0,958.0,958.0,956.0
0.0,16445.0,2847.0,2874.0,0.0,1694.0,974.0,0.0,720.0,959.0,959.0,956.0,965.0,937.0,945.0,4786.0,6654.0,5005.0,974.0,0.0,720.0,959.0,959.0,956.0
0.0,13598.0,2866.0,2875.0,0.0,3643.0,1934.0,35.0,1674.0,959.0,959.0,957.0,960.0,957.0,949.0,3821.0,5717.0,4060.0,1934.0,35.0,1674.0,959.0,959.0,957.0
0.0,10732.0,2861.0,2876.0,4.0,6505.0,2891.0,993.0,2621.0,960.0,959.0,957.0,956.0,958.0,947.0,2861.0,4760.0,3111.0,2891.0,993.0,2621.0,960.0,959.0,957.0
0.0,7875.0,2874.0,2878.0,1694.0,7695.0,2882.0,1944.0,2869.0,960.0,960.0,958.0,965.0,946.0,963.0,1909.0,3802.0,2164.0,2882.0,1944.0,2869.0,960.0,960.0,958.0
0.0,6695.0,2862.0,2879.0,3643.0,6919.0,1891.0,2869.0,2159.0,960.0,960.0,959.0,943.0,960.0,959.0,1918.0,2856.0,1921.0,1891.0,2869.0,2159.0,960.0,960.0,959.0
0.0,7476.0,2865.0,2881.0,6505.0,3329.0,0.0,2832.0,497.0,961.0,960.0,960.0,955.0,956.0,954.0,2909.0,1931.0,2636.0,0.0,2832.0,497.0,961.0,960.0,960.0
0.0,11116.0,2885.0,2883.0,7695.0,1853.0,0.0,1853.0,0.0,961.0,961.0,961.0,955.0,960.0,970.0,4845.0,1968.0,4303.0,0.0,1853.0,0.0,961.0,961.0,961.0
0.0,15926.0,2920.0,2884.0,6462.0,0.0,0.0,0.0,0.0,962.0,961.0,961.0,978.0,972.0,970.0,6772.0,2952.0,6202.0,0.0,0.0,0.0,962.0,961.0,961.0
0.0,19468.0,2899.0,2886.0,3786.0,0.0,0.0,0.0,0.0,963.0,961.0,962.0,952.0,986.0,961.0,7685.0,4849.0,6934.0,0.0,0.0,0.0,963.0,961.0,962.0
0.0,20355.0,2932.0,2888.0,1286.0,0.0,0.0,0.0,0.0,963.0,962.0,963.0,968.0,979.0,985.0,6733.0,6695.0,6927.0,0.0,0.0,0.0,963.0,962.0,963.0
0.0,18709.0,2962.0,2889.0,567.0,28.0,28.0,0.0,0.0,963.0,962.0,964.0,978.0,987.0,997.0,5765.0,7002.0,5942.0,28.0,0.0,0.0,963.0,962.0,964.0
0.0,16314.0,2979.0,2891.0,0.0,1898.0,1035.0,0.0,863.0,964.0,963.0,964.0,1002.0,989.0,988.0,4787.0,6582.0,4945.0,1035.0,0.0,863.0,964.0,963.0,964.0
0.0,13335.0,2963.0,2892.0,0.0,4088.0,2023.0,198.0,1867.0,964.0,963.0,965.0,988.0,976.0,999.0,3785.0,5593.0,3957.0,2023.0,198.0,1867.0,964.0,963.0,965.0
0.0,10372.0,2973.0,2894.0,28.0,7043.0,3013.0,1160.0,2870.0,965.0,963.0,966.0,1013.0,962.0,998.0,2797.0,4617.0,2958.0,3013.0,1160.0,2870.0,965.0,963.0,966.0
0.0,7427.0,2995.0,2895.0,1898.0,8145.0,2995.0,2135.0,3015.0,966.0,963.0,966.0,1012.0,975.0,1008.0,1812.0,3655.0,1960.0,2995.0,2135.0,3015.0,966.0,963.0,966.0
0.0,6330.0,2988.0,2896.0,4088.0,7050.0,1975.0,2918.0,2157.0,966.0,963.0,967.0,1003.0,981.0,1004.0,1835.0,2680.0,1815.0,1975.0,2918.0,2157.0,966.0,963.0,967.0
0.0,7430.0,2987.0,2898.0,7043.0,3041.0,0.0,2741.0,300.0,967.0,964.0,967.0,996.0,978.0,1013.0,2855.0,1897.0,2678.0,0.0,2741.0,300.0,967.0,964.0,967.0
0.0,11486.0,2935.0,2898.0,8145.0,1582.0,0.0,1582.0,0.0,967.0,964.0,967.0,974.0,976.0,985.0,4872.0,2079.0,4535.0,0.0,1582.0,0.0,967.0,964.0,967.0
0.0,16696.0,2962.0,2899.0,7050.0,0.0,0.0,0.0,0.0,967.0,964.0,968.0,985.0,967.0,1010.0,6893.0,3238.0,6565.0,0.0,0.0,0.0,967.0,964.0,968.0
0.0,20784.0,2940.0,2901.0,3041.0,0.0,0.0,0.0,0.0,967.0,965.0,969.0,968.0,984.0,988.0,7883.0,5189.0,7712.0,0.0,0.0,0.0,967.0,965.0,969.0
0.0,20885.0,2948.0,2902.0,1582.0,0.0,0.0,0.0,0.0,968.0,965.0,969.0,976.0,991.0,981.0,6915.0,6946.0,7024.0,0.0,0.0,0.0,968.0,965.0,969.0
0.0,19519.0,2945.0,2903.0,0.0,0.0,0.0,0.0,0.0,968.0,966.0,969.0,981.0,993.0,971.0,5939.0,7537.0,6043.0,0.0,0.0,0.0,968.0,966.0,969.0
0.0,16574.0,2938.0,2904.0,0.0,1612.0,864.0,0.0,748.0,969.0,966.0,969.0,977.0,986.0,975.0,4958.0,6544.0,5072.0,864.0,0.0,748.0,969.0,966.0,969.0
0.0,13636.0,2936.0,2905.0,0.0,3825.0,1852.0,250.0,1723.0,969.0,967.0,969.0,988.0,973.0,975.0,3981.0,5558.0,4097.0,1852.0,250.0,1723.0,969.0,967.0,969.0
0.0,10700.0,2931.0,2907.0,0.0,6766.0,2836.0,1233.0,2697.0,970.0,967.0,970.0,979.0,983.0,969.0,2993.0,4585.0,3122.0,2836.0,1233.0,2697.0,970.0,967.0,970.0
0.0,7769.0,2885.0,2907.0,1612.0,8039.0,2936.0,2194.0,2909.0,970.0,967.0,970.0,964.0,961.0,960.0,2014.0,3602.0,2153.0,2936.0,2194.0,2909.0,970.0,967.0,970.0
0.0,6496.0,2894.0,2908.0,3825.0,7113.0,2050.0,2933.0,2130.0,970.0,968.0,970.0,966.0,984.0,944.0,1914.0,2641.0,1941.0,2050.0,2933.0,2130.0,970.0,968.0,970.0
0.0,7427.0,2900.0,2910.0,6766.0,3257.0,174.0,2686.0,397.0,970.0,969.0,971.0,960.0,981.0,959.0,2800.0,1907.0,2720.0,174.0,2686.0,397.0,970.0,969.0,971.0
0.0,11293.0,2885.0,2911.0,8039.0,1456.0,0.0,1456.0,0.0,971.0,969.0,971.0,964.0,964.0,957.0,4676.0,2159.0,4458.0,0.0,1456.0,0.0,971.0,969.0,971.0
0.0,16447.0,2910.0,2913.0,7113.0,0.0,0.0,0.0,0.0,971.0,970.0,972.0,974.0,973.0,963.0,6648.0,3389.0,6410.0,0.0,0.0,0.0,971.0,970.0,972.0
0.0,20650.0,2894.0,2914.0,3257.0,0.0,0.0,0.0,0.0,972.0,970.0,972.0,965.0,971.0,958.0,7724.0,5349.0,7577.0,0.0,0.0,0.0,972.0,970.0,972.0
0.0,21013.0,2906.0,2915.0,1016.0,0.0,0.0,0.0,0.0,972.0,970.0,973.0,964.0,969.0,973.0,6933.0,7064.0,7016.0,0.0,0.0,0.0,972.0,970.0,973.0
0.0,19123.0,2903.0,2917.0,440.0,0.0,0.0,0.0,0.0,973.0,971.0,973.0,952.0,984.0,967.0,5969.0,7111.0,6043.0,0.0,0.0,0.0,973.0,971.0,973.0
0.0,16660.0,2942.0,2920.0,0.0,1618.0,843.0,0.0,775.0,974.0,972.0,974.0,990.0,971.0,981.0,5017.0,6567.0,5076.0,843.0,0.0,775.0,974.0,972.0,974.0
0.0,13718.0,2928.0,2920.0,0.0,3810.0,1819.0,226.0,1765.0,974.0,972.0,974.0,976.0,962.0,990.0,4027.0,5596.0,4095.0,1819.0,226.0,1765.0,974.0,972.0,974.0
0.0,10790.0,2971.0,2922.0,0.0,6791.0,2831.0,1192.0,2768.0,975.0,972.0,975.0,1007.0,966.0,998.0,3051.0,4634.0,3105.0,2831.0,1192.0,2768.0,975.0,972.0,975.0
0.0,7819.0,2983.0,2924.0,1618.0,8166.0,2980.0,2188.0,2998.0,976.0,973.0,975.0,987.0,991.0,1005.0,2044.0,3668.0,2107.0,2980.0,2188.0,2998.0,976.0,973.0,975.0
0.0,6454.0,2972.0,2925.0,3810.0,7333.0,2158.0,2935.0,2240.0,976.0,973.0,976.0,997.0,973.0,1002.0,1900.0,2677.0,1877.0,2158.0,2935.0,2240.0,976.0,973.0,976.0
0.0,7292.0,3006.0,2926.0,6791.0,3553.0,363.0,2738.0,452.0,977.0,973.0,976.0,1031.0,995.0,980.0,2722.0,1930.0,2640.0,363.0,2738.0,452.0,977.0,973.0,976.0
0.0,11077.0,2990.0,2927.0,8166.0,1540.0,0.0,1540.0,0.0,977.0,974.0,976.0,1000.0,985.0,1005.0,4522.0,2127.0,4428.0,0.0,1540.0,0.0,977.0,974.0,976.0
0.0,16253.0,3025.0,2927.0,7107.0,0.0,0.0,0.0,0.0,977.0,974.0,976.0,1014.0,1010.0,1001.0,6502.0,3330.0,6421.0,0.0,0.0,0.0,977.0,974.0,976.0
0.0,20335.0,3015.0,2928.0,3779.0,0.0,0.0,0.0,0.0,978.0,974.0,976.0,1005.0,1008.0,1002.0,7420.0,5255.0,7660.0,0.0,0.0,0.0,978.0,974.0,976.0
0.0,21099.0,3027.0,2929.0,1540.0,0.0,0.0,0.0,0.0,978.0,974.0,977.0,997.0,1021.0,1009.0,7004.0,6985.0,7110.0,0.0,0.0,0.0,978.0,974.0,977.0
0.0,19612.0,3031.0,2931.0,0.0,0.0,0.0,0.0,0.0,979.0,975.0,977.0,1019.0,1000.0,1012.0,6007.0,7504.0,6101.0,0.0,0.0,0.0,979.0,975.0,977.0
0.0,16581.0,3000.0,2932.0,0.0,1709.0,894.0,0.0,815.0,979.0,975.0,978.0,987.0,999.0,1014.0,4988.0,6504.0,5089.0,894.0,0.0,815.0,979.0,975.0,978.0
0.0,13581.0,3006.0,2934.0,0.0,4095.0,1900.0,383.0,1812.0,980.0,976.0,978.0,1001.0,1008.0,997.0,4001.0,5505.0,4075.0,1900.0,383.0,1812.0,980.0,976.0,978.0
0.0,10575.0,2995.0,2935.0,0.0,7095.0,2901.0,1384.0,2810.0,980.0,976.0,979.0,1001.0,1001.0,993.0,3000.0,4497.0,3078.0,2901.0,1384.0,2810.0,980.0,976.0,979.0
0.0,7580.0,2998.0,2936.0,1709.0,8389.0,2989.0,2400.0,3000.0,980.0,977.0,979.0,982.0,1011.0,1005.0,1999.0,3496.0,2085.0,2989.0,2400.0,3000.0,980.0,977.0,979.0
0.0,6291.0,2944.0,2938.0,4095.0,7248.0,2063.0,3015.0,2170.0,980.0,978.0,980.0,974.0,993.0,977.0,1911.0,2485.0,1895.0,2063.0,3015.0,2170.0,980.0,978.0,980.0
0.0,7442.0,2948.0,2940.0,7095.0,3111.0,138.0,2624.0,349.0,980.0,979.0,981.0,976.0,988.0,984.0,2837.0,1875.0,2730.0,138.0,2624.0,349.0,980.0,979.0,981.0
0.0,11589.0,2954.0,2942.0,8389.0,1202.0,0.0,1202.0,0.0,981.0,979.0,982.0,985.0,978.0,991.0,4762.0,2271.0,4556.0,0.0,1202.0,0.0,981.0,979.0,982.0
0.0,17024.0,2953.0,2944.0,7248.0,0.0,0.0,0.0,0.0,982.0,980.0,982.0,992.0,987.0,974.0,6766.0,3693.0,6565.0,0.0,0.0,0.0,982.0,980.0,982.0
0.0,21319.0,2917.0,2945.0,3111.0,0.0,0.0,0.0,0.0,982.0,980.0,983.0,990.0,951.0,976.0,7837.0,5721.0,7761.0,0.0,0.0,0.0,982.0,980.0,983.0
0.0,21513.0,2918.0,2946.0,1116.0,0.0,0.0,0.0,0.0,983.0,980.0,983.0,982.0,967.0,969.0,6985.0,7394.0,7134.0,0.0,0.0,0.0,983.0,980.0,983.0
0.0,19711.0,2907.0,2947.0,86.0,0.0,0.0,0.0,0.0,983.0,980.0,984.0,978.0,956.0,973.0,6003.0,7543.0,6165.0,0.0,0.0,0.0,983.0,980.0,984.0
0.0,16890.0,2933.0,2947.0,0.0,1596.0,874.0,0.0,722.0,983.0,980.0,984.0,984.0,955.0,994.0,5025.0,6673.0,5192.0,874.0,0.0,722.0,983.0,980.0,984.0
0.0,13957.0,2967.0,2950.0,0.0,3760.0,1859.0,177.0,1724.0,984.0,981.0,985.0,980.0,990.0,997.0,4041.0,5718.0,4198.0,1859.0,177.0,1724.0,984.0,981.0,985.0
0.0,10990.0,2947.0,2951.0,0.0,6712.0,2835.0,1172.0,2705.0,984.0,982.0,985.0,976.0,990.0,981.0,3061.0,4728.0,3201.0,2835.0,1172.0,2705.0,984.0,982.0,985.0
0.0,8043.0,2959.0,2953.0,1596.0,8085.0,2936.0,2165.0,2984.0,985.0,982.0,986.0,970.0,993.0,996.0,2085.0,3738.0,2220.0,2936.0,2165.0,2984.0,985.0,982.0,986.0
0.0,6680.0,2964.0,2953.0,3760.0,7289.0,2065.0,2972.0,2252.0,985.0,982.0,986.0,988.0,984.0,992.0,1989.0,2745.0,1946.0,2065.0,2972.0,2252.0,985.0,982.0,986.0
0.0,7476.0,2981.0,2956.0,6712.0,3573.0,225.0,2808.0,540.0,986.0,983.0,987.0,990.0,1003.0,988.0,2860.0,1938.0,2678.0,225.0,2808.0,540.0,986.0,983.0,987.0
0.0,11207.0,3007.0,2956.0,7438.0,1652.0,0.0,1652.0,0.0,986.0,983.0,987.0,991.0,1009.0,1007.0,4705.0,2107.0,4395.0,0.0,1652.0,0.0,986.0,983.0,987.0
0.0,15638.0,3014.0,2958.0,6790.0,0.0,0.0,0.0,0.0,987.0,984.0,987.0,1001.0,1011.0,1002.0,6003.0,3263.0,6372.0,0.0,0.0,0.0,987.0,984.0,987.0
0.0,19414.0,3070.0,2959.0,4719.0,0.0,0.0,0.0,0.0,987.0,984.0,988.0,1025.0,1021.0,1024.0,6568.0,5224.0,7622.0,0.0,0.0,0.0,987.0,984.0,988.0
0.0,21063.0,3080.0,2961.0,1652.0,0.0,0.0,0.0,0.0,988.0,985.0,988.0,1036.0,1028.0,1016.0,6914.0,7011.0,7138.0,0.0,0.0,0.0,988.0,985.0,988.0
0.0,19635.0,3062.0,2964.0,0.0,79.0,79.0,0.0,0.0,988.0,987.0,989.0,1017.0,1026.0,1019.0,5878.0,7635.0,6122.0,79.0,0.0,0.0,988.0,987.0,989.0
0.0,16573.0,3062.0,2965.0,0.0,1952.0,1083.0,0.0,869.0,988.0,988.0,989.0,1004.0,1031.0,1027.0,4861.0,6609.0,5103.0,1083.0,0.0,869.0,988.0,988.0,989.0
0.0,13511.0,3061.0,2966.0,0.0,4380.0,2108.0,395.0,1877.0,988.0,989.0,989.0,1025.0,1028.0,1008.0,3857.0,5578.0,4076.0,2108.0,395.0,1877.0,988.0,989.0,989.0
0.0,10450.0,3044.0,2967.0,79.0,7350.0,3042.0,1408.0,2900.0,989.0,989.0,989.0,1008.0,1013.0,1023.0,2832.0,4550.0,3068.0,3042.0,1408.0,2900.0,989.0,989.0,989.0
0.0,7485.0,3019.0,2968.0,1952.0,8422.0,2977.0,2430.0,3015.0,989.0,990.0,989.0,1018.0,1017.0,984.0,1903.0,3537.0,2045.0,2977.0,2430.0,3015.0,989.0,990.0,989.0
0.0,6418.0,3012.0,2970.0,4380.0,7064.0,1878.0,3038.0,2148.0,990.0,991.0,989.0,1004.0,998.0,1010.0,1968.0,2520.0,1930.0,1878.0,3038.0,2148.0,990.0,991.0,989.0
0.0,7786.0,3031.0,2972.0,7350.0,2889.0,0.0,2621.0,268.0,991.0,991.0,990.0,1025.0,991.0,1015.0,3072.0,1917.0,2797.0,0.0,2621.0,268.0,991.0,991.0,990.0
0.0,12105.0,3025.0,2972.0,8422.0,1202.0,0.0,1202.0,0.0,991.0,991.0,990.0,1004.0,1011.0,1010.0,5089.0,2334.0,4682.0,0.0,1202.0,0.0,991.0,991.0,990.0
0.0,17502.0,3018.0,2974.0,7064.0,0.0,0.0,0.0,0.0,992.0,991.0,991.0,1011.0,991.0,1016.0,7062.0,3753.0,6687.0,0.0,0.0,0.0,992.0,991.0,991.0
0.0,21548.0,2980.0,2975.0,2889.0,0.0,0.0,0.0,0.0,992.0,991.0,992.0,993.0,1000.0,987.0,7929.0,5800.0,7819.0,0.0,0.0,0.0,992.0,991.0,992.0
0.0,21457.0,2959.0,2976.0,1186.0,0.0,0.0,0.0,0.0,992.0,992.0,992.0,979.0,990.0,990.0,6936.0,7421.0,7100.0,0.0,0.0,0.0,992.0,992.0,992.0
0.0,19684.0,3004.0,2977.0,16.0,13.0,13.0,0.0,0.0,993.0,992.0,992.0,1005.0,996.0,1003.0,5957.0,7617.0,6110.0,13.0,0.0,0.0,993.0,992.0,992.0
0.0,16696.0,3008.0,2979.0,0.0,1871.0,1018.0,0.0,853.0,993.0,993.0,993.0,1005.0,1008.0,995.0,4952.0,6637.0,5107.0,1018.0,0.0,853.0,993.0,993.0,993.0
0.0,13688.0,2980.0,2981.0,0.0,4197.0,2029.0,343.0,1825.0,994.0,993.0,994.0,1006.0,1007.0,967.0,3947.0,5629.0,4112.0,2029.0,343.0,1825.0,994.0,993.0,994.0
0.0,10708.0,2975.0,2983.0,13.0,7169.0,3012.0,1344.0,2813.0,995.0,994.0,994.0,991.0,996.0,988.0,2941.0,4622.0,3145.0,3012.0,1344.0,2813.0,995.0,994.0,994.0
0.0,7746.0,2987.0,2984.0,1871.0,8290.0,2974.0,2346.0,2970.0,995.0,994.0,995.0,980.0,1002.0,1005.0,1963.0,3626.0,2157.0,2974.0,2346.0,2970.0,995.0,994.0,995.0
0.0,6630.0,2953.0,2985.0,4197.0,7051.0,1918.0,3004.0,2129.0,995.0,995.0,995.0,973.0,996.0,984.0,2001.0,2624.0,2005.0,1918.0,3004.0,2129.0,995.0,995.0,995.0
0.0,7874.0,3016.0,2988.0,7169.0,3012.0,0.0,2663.0,349.0,996.0,995.0,997.0,990.0,1003.0,1023.0,3057.0,1971.0,2846.0,0.0,2663.0,349.0,996.0,995.0,997.0
0.0,12027.0,2977.0,2989.0,7979.0,1313.0,0.0,1313.0,0.0,996.0,996.0,997.0,992.0,991.0,994.0,5079.0,2312.0,4636.0,0.0,1313.0,0.0,996.0,996.0,997.0
0.0,17029.0,2999.0,2991.0,7362.0,0.0,0.0,0.0,0.0,997.0,996.0,998.0,980.0,1009.0,1010.0,6750.0,3667.0,6612.0,0.0,0.0,0.0,997.0,996.0,998.0
0.0,21392.0,3006.0,2993.0,3012.0,0.0,0.0,0.0,0.0,997.0,997.0,999.0,989.0,1005.0,1012.0,7999.0,5662.0,7731.0,0.0,0.0,0.0,997.0,997.0,999.0
0.0,21398.0,2998.0,2994.0,1313.0,0.0,0.0,0.0,0.0,997.0,998.0,999.0,994.0,996.0,1008.0,7010.0,7320.0,7068.0,0.0,0.0,0.0,997.0,998.0,999.0
0.0,19713.0,3016.0,2995.0,0.0,0.0,0.0,0.0,0.0,997.0,999.0,999.0,993.0,1015.0,1008.0,6016.0,7637.0,6060.0,0.0,0.0,0.0,997.0,999.0,999.0
0.0,16697.0,3040.0,2995.0,0.0,1941.0,982.0,0.0,959.0,997.0,999.0,999.0,1020.0,1004.0,1016.0,5023.0,6622.0,5052.0,982.0,0.0,959.0,997.0,999.0,999.0
0.0,13657.0,3034.0,2996.0,0.0,4357.0,2021.0,375.0,1961.0,998.0,999.0,999.0,1034.0,998.0,1002.0,4003.0,5618.0,4036.0,2021.0,375.0,1961.0,998.0,999.0,999.0
0.0,10623.0,3066.0,2998.0,0.0,7433.0,3051.0,1393.0,2989.0,998.0,1000.0,1000.0,1030.0,1013.0,1023.0,2969.0,4620.0,3034.0,3051.0,1393.0,2989.0,998.0,1000.0,1000.0
0.0,7557.0,3058.0,2998.0,1941.0,8550.0,3091.0,2413.0,3046.0,998.0,1000.0,1000.0,1022.0,1020.0,1016.0,1939.0,3607.0,2011.0,3091.0,2413.0,3046.0,998.0,1000.0,1000.0
0.0,6440.0,3069.0,3000.0,4357.0,7272.0,2108.0,3072.0,2092.0,999.0,1001.0,1000.0,1033.0,1029.0,1007.0,1899.0,2587.0,1954.0,2108.0,3072.0,2092.0,999.0,1001.0,1000.0
0.0,7728.0,3100.0,3002.0,7433.0,2949.0,106.0,2703.0,140.0,1000.0,1001.0,1001.0,1044.0,1024.0,1032.0,2887.0,1933.0,2908.0,106.0,2703.0,140.0,1000.0,1001.0,1001.0
0.0,12061.0,3110.0,3002.0,8550.0,1329.0,0.0,1329.0,0.0,1000.0,1001.0,1001.0,1047.0,1039.0,1024.0,4894.0,2302.0,4865.0,0.0,1329.0,0.0,1000.0,1001.0,1001.0
0.0,17501.0,3092.0,3005.0,7272.0,0.0,0.0,0.0,0.0,1001.0,1002.0,1002.0,1026.0,1035.0,1031.0,6938.0,3676.0,6887.0,0.0,0.0,0.0,1001.0,1002.0,1002.0
0.0,21681.0,3056.0,3006.0,2832.0,0.0,0.0,0.0,0.0,1001.0,1003.0,1002.0,1013.0,1026.0,1017.0,8020.0,5713.0,7948.0,0.0,0.0,0.0,1001.0,1003.0,1002.0
0.0,21457.0,3032.0,3006.0,1252.0,0.0,0.0,0.0,0.0,1001.0,1003.0,1002.0,999.0,1031.0,1002.0,7113.0,7273.0,7071.0,0.0,0.0,0.0,1001.0,1003.0,1002.0
0.0,19677.0,3074.0,3007.0,194.0,0.0,0.0,0.0,0.0,1001.0,1004.0,1002.0,1002.0,1044.0,1028.0,6114.0,7494.0,6069.0,0.0,0.0,0.0,1001.0,1004.0,1002.0
0.0,16797.0,3041.0,3009.0,0.0,1901.0,913.0,0.0,988.0,1002.0,1004.0,1003.0,1015.0,1012.0,1014.0,5112.0,6644.0,5041.0,913.0,0.0,988.0,1002.0,1004.0,1003.0
0.0,13756.0,3066.0,3011.0,0.0,4365.0,1936.0,428.0,2001.0,1003.0,1005.0,1003.0,1018.0,1035.0,1013.0,4097.0,5632.0,4027.0,1936.0,428.0,2001.0,1003.0,1005.0,1003.0
0.0,10690.0,3040.0,3012.0,0.0,7410.0,2955.0,1441.0,3014.0,1003.0,1005.0,1004.0,1019.0,1013.0,1008.0,3079.0,4597.0,3014.0,2955.0,1441.0,3014.0,1003.0,1005.0,1004.0
0.0,7650.0,3065.0,3015.0,1901.0,8589.0,3061.0,2467.0,3061.0,1004.0,1006.0,1005.0,1014.0,1021.0,1030.0,2060.0,3584.0,2006.0,3061.0,2467.0,3061.0,1004.0,1006.0,1005.0
0.0,6486.0,3015.0,3015.0,4365.0,7239.0,2126.0,3042.0,2071.0,1004.0,1006.0,1005.0,1001.0,1003.0,1011.0,1959.0,2563.0,1964.0,2126.0,3042.0,2071.0,1004.0,1006.0,1005.0
0.0,7836.0,3019.0,3017.0,7410.0,2858.0,169.0,2615.0,74.0,1004.0,1007.0,1006.0,998.0,1009.0,1012.0,2894.0,1988.0,2954.0,169.0,2615.0,74.0,1004.0,1007.0,1006.0
0.0,12227.0,3048.0,3020.0,7691.0,1156.0,0.0,1156.0,0.0,1005.0,1008.0,1007.0,1009.0,1003.0,1036.0,4851.0,2420.0,4956.0,0.0,1156.0,0.0,1005.0,1008.0,1007.0
0.0,16870.0,2985.0,3021.0,6820.0,0.0,0.0,0.0,0.0,1005.0,1008.0,1008.0,996.0,978.0,1011.0,6005.0,3884.0,6981.0,0.0,0.0,0.0,1005.0,1008.0,1008.0
0.0,20705.0,2999.0,3023.0,4175.0,0.0,0.0,0.0,0.0,1006.0,1009.0,1008.0,1011.0,978.0,1010.0,6716.0,5948.0,8041.0,0.0,0.0,0.0,1006.0,1009.0,1008.0
0.0,21881.0,2980.0,3023.0,1156.0,0.0,0.0,0.0,0.0,1006.0,1009.0,1008.0,984.0,990.0,1006.0,7191.0,7585.0,7105.0,0.0,0.0,0.0,1006.0,1009.0,1008.0
0.0,20057.0,2992.0,3024.0,0.0,0.0,0.0,0.0,0.0,1006.0,1009.0,1009.0,1012.0,987.0,993.0,6207.0,7751.0,6099.0,0.0,0.0,0.0,1006.0,1009.0,1009.0
0.0,17065.0,3000.0,3025.0,0.0,1786.0,834.0,0.0,952.0,1007.0,1009.0,1009.0,994.0,993.0,1013.0,5195.0,6764.0,5106.0,834.0,0.0,952.0,1007.0,1009.0,1009.0
0.0,14065.0,3053.0,3026.0,0.0,4118.0,1841.0,289.0,1988.0,1007.0,1009.0,1010.0,1007.0,1015.0,1031.0,4201.0,5771.0,4093.0,1841.0,289.0,1988.0,1007.0,1009.0,1010.0
0.0,11012.0,3039.0,3028.0,0.0,7167.0,2861.0,1304.0,3002.0,1008.0,1010.0,1010.0,1015.0,1010.0,1014.0,3194.0,4756.0,3062.0,2861.0,1304.0,3002.0,1008.0,1010.0,1010.0
0.0,7973.0,3072.0,3029.0,1786.0,8458.0,3046.0,2321.0,3091.0,1008.0,1010.0,1011.0,1019.0,1017.0,1036.0,2179.0,3746.0,2048.0,3046.0,2321.0,3091.0,1008.0,1010.0,1011.0
0.0,6687.0,3060.0,3029.0,4118.0,7400.0,2218.0,3058.0,2124.0,1008.0,1010.0,1011.0,1013.0,1026.0,1021.0,1994.0,2729.0,1964.0,2218.0,3058.0,2124.0,1008.0,1010.0,1011.0
0.0,7745.0,3086.0,3030.0,7167.0,3324.0,396.0,2781.0,147.0,1009.0,1010.0,1011.0,1034.0,1027.0,1025.0,2822.0,1992.0,2931.0,396.0,2781.0,147.0,1009.0,1010.0,1011.0
0.0,11826.0,3116.0,3030.0,8458.0,1498.0,0.0,1498.0,0.0,1009.0,1010.0,1011.0,1057.0,1038.0,1021.0,4649.0,2269.0,4908.0,0.0,1498.0,0.0,1009.0,1010.0,1011.0
0.0,17168.0,3110.0,3032.0,6650.0,0.0,0.0,0.0,0.0,1009.0,1011.0,1012.0,1035.0,1039.0,1036.0,6638.0,3552.0,6978.0,0.0,0.0,0.0,1009.0,1011.0,1012.0
0.0,20708.0,3138.0,3033.0,4074.0,0.0,0.0,0.0,0.0,1010.0,1011.0,1012.0,1030.0,1064.0,1044.0,7821.0,5571.0,7316.0,0.0,0.0,0.0,1010.0,1011.0,1012.0
0.0,21644.0,3142.0,3035.0,1498.0,0.0,0.0,0.0,0.0,1010.0,1012.0,1013.0,1042.0,1061.0,1039.0,7187.0,7288.0,7169.0,0.0,0.0,0.0,1010.0,1012.0,1013.0
0.0,20000.0,3126.0,3037.0,0.0,0.0,0.0,0.0,0.0,1011.0,1013.0,1013.0,1037.0,1048.0,1041.0,6145.0,7725.0,6130.0,0.0,0.0,0.0,1011.0,1013.0,1013.0
0.0,16874.0,3116.0,3038.0,0.0,1989.0,971.0,0.0,1018.0,1011.0,1013.0,1014.0,1024.0,1055.0,1037.0,5108.0,6677.0,5089.0,971.0,0.0,1018.0,1011.0,1013.0,1014.0
0.0,13758.0,3111.0,3040.0,0.0,4553.0,1996.0,493.0,2064.0,1011.0,1014.0,1015.0,1025.0,1045.0,1041.0,4084.0,5622.0,4052.0,1996.0,493.0,2064.0,1011.0,1014.0,1015.0
0.0,10647.0,3086.0,3041.0,0.0,7644.0,3021.0,1530.0,3093.0,1011.0,1015.0,1015.0,1025.0,1032.0,1029.0,3059.0,4577.0,3011.0,3021.0,1530.0,3093.0,1011.0,1015.0,1015.0
0.0,7561.0,3096.0,3042.0,1989.0,8756.0,3079.0,2558.0,3119.0,1012.0,1015.0,1015.0,1024.0,1028.0,1044.0,2034.0,3545.0,1982.0,3079.0,2558.0,3119.0,1012.0,1015.0,1015.0
0.0,6454.0,3088.0,3044.0,4553.0,7301.0,2112.0,3092.0,2097.0,1012.0,1016.0,1016.0,1029.0,1022.0,1037.0,1981.0,2517.0,1956.0,2112.0,3092.0,2097.0,1012.0,1016.0,1016.0
0.0,7919.0,3096.0,3047.0,7644.0,2768.0,130.0,2601.0,37.0,1013.0,1017.0,1017.0,1034.0,1034.0,1028.0,2948.0,1988.0,2983.0,130.0,2601.0,37.0,1013.0,1017.0,1017.0
0.0,12467.0,3074.0,3048.0,8756.0,1067.0,0.0,1067.0,0.0,1014.0,1017.0,1017.0,1032.0,1024.0,1018.0,4935.0,2484.0,5048.0,0.0,1067.0,0.0,1014.0,1017.0,1017.0
0.0,18149.0,3074.0,3049.0,7301.0,0.0,0.0,0.0,0.0,1014.0,1017.0,1018.0,1031.0,1010.0,1033.0,6982.0,4018.0,7149.0,0.0,0.0,0.0,1014.0,1017.0,1018.0
0.0,22376.0,3078.0,3050.0,2768.0,0.0,0.0,0.0,0.0,1015.0,1017.0,1018.0,1042.0,1004.0,1032.0,8063.0,6100.0,8213.0,0.0,0.0,0.0,1015.0,1017.0,1018.0
0.0,22066.0,3064.0,3053.0,1067.0,0.0,0.0,0.0,0.0,1016.0,1017.0,1020.0,1034.0,1005.0,1025.0,7151.0,7697.0,7218.0,0.0,0.0,0.0,1016.0,1017.0,1020.0
0.0,20069.0,3029.0,3054.0,0.0,0.0,0.0,0.0,0.0,1016.0,1018.0,1020.0,994.0,1016.0,1019.0,6117.0,7759.0,6193.0,0.0,0.0,0.0,1016.0,1018.0,1020.0
0.0,17040.0,3052.0,3054.0,0.0,1913.0,969.0,0.0,944.0,1016.0,1018.0,1020.0,1012.0,1022.0,1018.0,5123.0,6743.0,5174.0,969.0,0.0,944.0,1016.0,1018.0,1020.0
0.0,13988.0,3046.0,3057.0,0.0,4343.0,1972.0,397.0,1974.0,1017.0,1019.0,1021.0,998.0,1023.0,1025.0,4111.0,5721.0,4156.0,1972.0,397.0,1974.0,1017.0,1019.0,1021.0
0.0,10942.0,3026.0,3057.0,0.0,7369.0,2975.0,1412.0,2982.0,1017.0,1019.0,1021.0,1003.0,1015.0,1008.0,3113.0,4698.0,3131.0,2975.0,1412.0,2982.0,1017.0,1019.0,1021.0
0.0,7916.0,3053.0,3058.0,1913.0,8514.0,3022.0,2445.0,3047.0,1017.0,1020.0,1021.0,1016.0,1028.0,1009.0,2110.0,3683.0,2123.0,3022.0,2445.0,3047.0,1017.0,1020.0,1021.0
0.0,6776.0,3073.0,3060.0,4343.0,7254.0,2065.0,3085.0,2104.0,1018.0,1020.0,1022.0,1010.0,1037.0,1026.0,2063.0,2655.0,2058.0,2065.0,3085.0,2104.0,1018.0,1020.0,1022.0
0.0,8046.0,3047.0,3061.0,7369.0,2937.0,109.0,2687.0,141.0,1019.0,1020.0,1022.0,1014.0,1014.0,1019.0,3025.0,2015.0,3006.0,109.0,2687.0,141.0,1019.0,1020.0,1022.0
0.0,12368.0,3085.0,3062.0,8514.0,1272.0,0.0,1272.0,0.0,1019.0,1021.0,1022.0,1037.0,1025.0,1023.0,4986.0,2413.0,4969.0,0.0,1272.0,0.0,1019.0,1021.0,1022.0
0.0,17797.0,3087.0,3064.0,7102.0,0.0,0.0,0.0,0.0,1020.0,1021.0,1023.0,1020.0,1027.0,1040.0,6971.0,3833.0,6993.0,0.0,0.0,0.0,1020.0,1021.0,1023.0
0.0,21812.0,3115.0,3065.0,3089.0,0.0,0.0,0.0,0.0,1020.0,1022.0,1023.0,1042.0,1033.0,1040.0,8016.0,5891.0,7905.0,0.0,0.0,0.0,1020.0,1022.0,1023.0
0.0,21786.0,3121.0,3067.0,1272.0,0.0,0.0,0.0,0.0,1021.0,1022.0,1024.0,1055.0,1037.0,1029.0,7083.0,7545.0,7158.0,0.0,0.0,0.0,1021.0,1022.0,1024.0
0.0,19937.0,3126.0,3068.0,0.0,160.0,133.0,0.0,27.0,1021.0,1023.0,1024.0,1056.0,1034.0,1036.0,6028.0,7780.0,6129.0,133.0,0.0,27.0,1021.0,1023.0,1024.0
0.0,16811.0,3142.0,3069.0,0.0,2265.0,1186.0,0.0,1079.0,1022.0,1023.0,1024.0,1048.0,1042.0,1052.0,4972.0,6746.0,5093.0,1186.0,0.0,1079.0,1022.0,1023.0,1024.0
0.0,13669.0,3123.0,3070.0,0.0,4804.0,2245.0,430.0,2129.0,1022.0,1023.0,1025.0,1059.0,1019.0,1045.0,3924.0,5704.0,4041.0,2245.0,430.0,2129.0,1022.0,1023.0,1025.0
0.0,10546.0,3155.0,3071.0,160.0,7804.0,3181.0,1476.0,3147.0,1023.0,1023.0,1025.0,1064.0,1046.0,1045.0,2865.0,4685.0,2996.0,3181.0,1476.0,3147.0,1023.0,1023.0,1025.0
0.0,7551.0,3160.0,3072.0,2265.0,8704.0,3051.0,2515.0,3138.0,1023.0,1023.0,1026.0,1056.0,1039.0,1065.0,1934.0,3639.0,1978.0,3051.0,2515.0,3138.0,1023.0,1023.0,1026.0
0.0,6656.0,3161.0,3074.0,4804.0,7071.0,1857.0,3153.0,2061.0,1023.0,1024.0,1027.0,1051.0,1063.0,1047.0,2064.0,2600.0,1992.0,1857.0,3153.0,2061.0,1023.0,1024.0,1027.0
0.0,8299.0,3146.0,3075.0,7804.0,2712.0,0.0,2712.0,0.0,1024.0,1024.0,1027.0,1047.0,1035.0,1064.0,3258.0,1967.0,3074.0,0.0,2712.0,0.0,1024.0,1024.0,1027.0
0.0,12957.0,3116.0,3077.0,7618.0,1235.0,0.0,1235.0,0.0,1025.0,1024.0,1028.0,1042.0,1038.0,1036.0,5392.0,2408.0,5157.0,0.0,1235.0,0.0,1025.0,1024.0,1028.0
0.0,17459.0,3122.0,3078.0,7053.0,0.0,0.0,0.0,0.0,1025.0,1024.0,1029.0,1029.0,1042.0,1051.0,6315.0,3885.0,7259.0,0.0,0.0,0.0,1025.0,1024.0,1029.0
0.0,21390.0,3150.0,3080.0,3816.0,0.0,0.0,0.0,0.0,1026.0,1025.0,1029.0,1037.0,1060.0,1053.0,7125.0,5996.0,8269.0,0.0,0.0,0.0,1026.0,1025.0,1029.0
0.0,22056.0,3133.0,3081.0,1235.0,0.0,0.0,0.0,0.0,1026.0,1025.0,1030.0,1044.0,1035.0,1054.0,7192.0,7648.0,7216.0,0.0,0.0,0.0,1026.0,1025.0,1030.0
0.0,20158.0,3087.0,3083.0,0.0,22.0,0.0,0.0,22.0,1026.0,1026.0,1031.0,1012.0,1046.0,1029.0,6148.0,7848.0,6162.0,0.0,0.0,22.0,1026.0,1026.0,1031.0
0.0,17071.0,3130.0,3084.0,0.0,2100.0,1046.0,0.0,1054.0,1027.0,1026.0,1031.0,1047.0,1051.0,1032.0,5136.0,6802.0,5133.0,1046.0,0.0,1054.0,1027.0,1026.0,1031.0
0.0,13941.0,3125.0,3085.0,0.0,4609.0,2088.0,424.0,2097.0,1027.0,1027.0,1031.0,1042.0,1040.0,1043.0,4089.0,5751.0,4101.0,2088.0,424.0,2097.0,1027.0,1027.0,1031.0
0.0,10816.0,3079.0,3087.0,22.0,7676.0,3119.0,1445.0,3112.0,1028.0,1027.0,1032.0,1026.0,1021.0,1032.0,3047.0,4711.0,3058.0,3119.0,1445.0,3112.0,1028.0,1027.0,1032.0
0.0,7759.0,3073.0,3087.0,2100.0,8649.0,3098.0,2478.0,3073.0,1028.0,1028.0,1031.0,1025.0,1028.0,1020.0,2021.0,3690.0,2048.0,3098.0,2478.0,3073.0,1028.0,1028.0,1031.0
0.0,6786.0,3076.0,3090.0,4609.0,7131.0,2041.0,3083.0,2007.0,1029.0,1029.0,1032.0,1026.0,1024.0,1026.0,2042.0,2662.0,2082.0,2041.0,3083.0,2007.0,1029.0,1029.0,1032.0
0.0,8319.0,3085.0,3091.0,7676.0,2663.0,0.0,2663.0,0.0,1029.0,1030.0,1032.0,1028.0,1020.0,1037.0,3104.0,2062.0,3153.0,0.0,2663.0,0.0,1029.0,1030.0,1032.0
0.0,12910.0,3061.0,3092.0,8649.0,1200.0,0.0,1200.0,0.0,1030.0,1030.0,1032.0,1018.0,1015.0,1028.0,5195.0,2487.0,5228.0,0.0,1200.0,0.0,1030.0,1030.0,1032.0
0.0,18498.0,3073.0,3094.0,6610.0,0.0,0.0,0.0,0.0,1030.0,1031.0,1033.0,1032.0,1028.0,1013.0,7275.0,3950.0,7273.0,0.0,0.0,0.0,1030.0,1031.0,1033.0
0.0,22035.0,3093.0,3095.0,3184.0,0.0,0.0,0.0,0.0,1031.0,1031.0,1033.0,1028.0,1026.0,1039.0,8284.0,6005.0,7746.0,0.0,0.0,0.0,1031.0,1031.0,1033.0
0.0,22126.0,3094.0,3096.0,1200.0,0.0,0.0,0.0,0.0,1031.0,1032.0,1033.0,1023.0,1037.0,1034.0,7256.0,7642.0,7228.0,0.0,0.0,0.0,1031.0,1032.0,1033.0
0.0,20232.0,3112.0,3098.0,0.0,14.0,0.0,0.0,14.0,1032.0,1032.0,1034.0,1033.0,1041.0,1038.0,6233.0,7805.0,6194.0,0.0,0.0,14.0,1032.0,1032.0,1034.0
0.0,17120.0,3122.0,3099.0,0.0,2063.0,1008.0,0.0,1055.0,1032.0,1033.0,1034.0,1048.0,1033.0,1041.0,5200.0,6764.0,5156.0,1008.0,0.0,1055.0,1032.0,1033.0,1034.0
0.0,13998.0,3148.0,3100.0,0.0,4650.0,2075.0,476.0,2099.0,1033.0,1033.0,1034.0,1062.0,1042.0,1044.0,4152.0,5731.0,4115.0,2075.0,476.0,2099.0,1033.0,1033.0,1034.0
0.0,10850.0,3190.0,3103.0,14.0,7841.0,3149.0,1551.0,3141.0,1034.0,1034.0,1035.0,1069.0,1070.0,1051.0,3090.0,4689.0,3071.0,3149.0,1551.0,3141.0,1034.0,1034.0,1035.0
0.0,7674.0,3164.0,3104.0,2063.0,8947.0,3208.0,2593.0,3146.0,1034.0,1034.0,1036.0,1067.0,1042.0,1055.0,2021.0,3619.0,2034.0,3208.0,2593.0,3146.0,1034.0,1034.0,1036.0
0.0,6573.0,3202.0,3106.0,4650.0,7509.0,2210.0,3201.0,2098.0,1035.0,1035.0,1036.0,1072.0,1079.0,1051.0,1962.0,2577.0,2034.0,2210.0,3201.0,2098.0,1035.0,1035.0,1036.0
0.0,8021.0,3223.0,3106.0,7841.0,2891.0,132.0,2736.0,23.0,1035.0,1035.0,1036.0,1071.0,1086.0,1066.0,2965.0,1974.0,3082.0,132.0,2736.0,23.0,1035.0,1035.0,1036.0
0.0,12639.0,3206.0,3108.0,8947.0,1218.0,0.0,1218.0,0.0,1036.0,1035.0,1037.0,1076.0,1075.0,1055.0,5043.0,2439.0,5157.0,0.0,1218.0,0.0,1036.0,1035.0,1037.0
0.0,18380.0,3220.0,3109.0,7509.0,0.0,0.0,0.0,0.0,1036.0,1036.0,1037.0,1056.0,1081.0,1083.0,7175.0,3957.0,7248.0,0.0,0.0,0.0,1036.0,1036.0,1037.0
0.0,22669.0,3259.0,3112.0,2891.0,0.0,0.0,0.0,0.0,1037.0,1037.0,1038.0,1066.0,1102.0,1091.0,8329.0,6077.0,8263.0,0.0,0.0,0.0,1037.0,1037.0,1038.0
0.0,22301.0,3177.0,3114.0,1218.0,0.0,0.0,0.0,0.0,1038.0,1037.0,1039.0,1040.0,1063.0,1074.0,7395.0,7711.0,7195.0,0.0,0.0,0.0,1038.0,1037.0,1039.0
0.0,20342.0,3213.0,3116.0,0.0,159.0,0.0,0.0,159.0,1038.0,1038.0,1040.0,1057.0,1076.0,1080.0,6355.0,7866.0,6121.0,0.0,0.0,159.0,1038.0,1038.0,1040.0
0.0,17129.0,3182.0,3118.0,0.0,2173.0,951.0,0.0,1222.0,1039.0,1039.0,1040.0,1054.0,1065.0,1063.0,5298.0,6790.0,5041.0,951.0,0.0,1222.0,1039.0,1039.0,1040.0
0.0,13947.0,3177.0,3119.0,0.0,4825.0,2003.0,519.0,2303.0,1039.0,1039.0,1041.0,1052.0,1049.0,1076.0,4244.0,5725.0,3978.0,2003.0,519.0,2303.0,1039.0,1039.0,1041.0
0.0,10770.0,3151.0,3121.0,159.0,7827.0,3036.0,1580.0,3211.0,1039.0,1040.0,1042.0,1033.0,1056.0,1062.0,3192.0,4676.0,2902.0,3036.0,1580.0,3211.0,1039.0,1040.0,1042.0
0.0,7778.0,3147.0,3122.0,2173.0,8806.0,3157.0,2628.0,3021.0,1040.0,1040.0,1042.0,1067.0,1048.0,1032.0,2159.0,3620.0,1999.0,3157.0,2628.0,3021.0,1040.0,1040.0,1042.0
0.0,6804.0,3125.0,3123.0,4825.0,7111.0,2215.0,3146.0,1750.0,1040.0,1041.0,1042.0,1061.0,1032.0,1032.0,2043.0,2572.0,2189.0,2215.0,3146.0,1750.0,1040.0,1041.0,1042.0
0.0,8504.0,3136.0,3124.0,7827.0,2845.0,235.0,2610.0,0.0,1041.0,1041.0,1042.0,1051.0,1044.0,1041.0,2985.0,2059.0,3460.0,235.0,2610.0,0.0,1041.0,1041.0,1042.0
0.0,13195.0,3110.0,3125.0,8806.0,1014.0,0.0,1014.0,0.0,1041.0,1042.0,1042.0,1052.0,1027.0,1031.0,4970.0,2595.0,5630.0,0.0,1014.0,0.0,1041.0,1042.0,1042.0
0.0,18891.0,3115.0,3127.0,6734.0,0.0,0.0,0.0,0.0,1042.0,1042.0,1043.0,1036.0,1031.0,1048.0,7075.0,4196.0,7620.0,0.0,0.0,0.0,1042.0,1042.0,1043.0
0.0,22510.0,3114.0,3127.0,3222.0,0.0,0.0,0.0,0.0,1042.0,1042.0,1043.0,1044.0,1036.0,1034.0,8254.0,6311.0,7945.0,0.0,0.0,0.0,1042.0,1042.0,1043.0
0.0,22618.0,3138.0,3129.0,1014.0,0.0,0.0,0.0,0.0,1043.0,1043.0,1043.0,1050.0,1053.0,1035.0,7445.0,7885.0,7288.0,0.0,0.0,0.0,1043.0,1043.0,1043.0
0.0,20494.0,3090.0,3132.0,0.0,0.0,0.0,0.0,0.0,1044.0,1044.0,1044.0,1023.0,1054.0,1013.0,6395.0,7846.0,6253.0,0.0,0.0,0.0,1044.0,1044.0,1044.0
0.0,17404.0,3155.0,3133.0,0.0,1933.0,911.0,0.0,1022.0,1045.0,1044.0,1044.0,1058.0,1055.0,1042.0,5372.0,6792.0,5240.0,911.0,0.0,1022.0,1045.0,1044.0,1044.0
0.0,14249.0,3112.0,3134.0,0.0,4533.0,1943.0,538.0,2052.0,1045.0,1045.0,1044.0,1032.0,1050.0,1030.0,4314.0,5737.0,4198.0,1943.0,538.0,2052.0,1045.0,1045.0,1044.0
0.0,11137.0,3154.0,3137.0,0.0,7702.0,2997.0,1611.0,3094.0,1046.0,1046.0,1045.0,1049.0,1068.0,1037.0,3282.0,4687.0,3168.0,2997.0,1611.0,3094.0,1046.0,1046.0,1045.0
0.0,7983.0,3125.0,3137.0,1933.0,8894.0,3128.0,2658.0,3108.0,1046.0,1046.0,1045.0,1042.0,1047.0,1036.0,2233.0,3619.0,2131.0,3128.0,2658.0,3108.0,1046.0,1046.0,1045.0
0.0,6791.0,3172.0,3139.0,4533.0,7543.0,2252.0,3184.0,2107.0,1047.0,1047.0,1045.0,1062.0,1059.0,1051.0,2102.0,2572.0,2117.0,2252.0,3184.0,2107.0,1047.0,1047.0,1045.0
0.0,8152.0,3201.0,3140.0,7702.0,3047.0,311.0,2652.0,84.0,1047.0,1047.0,1046.0,1056.0,1079.0,1066.0,2983.0,2051.0,3118.0,311.0,2652.0,84.0,1047.0,1047.0,1046.0
0.0,12653.0,3199.0,3141.0,8728.0,1078.0,0.0,1078.0,0.0,1047.0,1048.0,1046.0,1069.0,1079.0,1051.0,4924.0,2583.0,5146.0,0.0,1078.0,0.0,1047.0,1048.0,1046.0
0.0,18182.0,3241.0,3144.0,6447.0,0.0,0.0,0.0,0.0,1048.0,1049.0,1047.0,1078.0,1086.0,1077.0,6817.0,4162.0,7203.0,0.0,0.0,0.0,1048.0,1049.0,1047.0
0.0,21388.0,3238.0,3145.0,4309.0,0.0,0.0,0.0,0.0,1048.0,1050.0,1047.0,1077.0,1087.0,1074.0,6895.0,6260.0,8233.0,0.0,0.0,0.0,1048.0,1050.0,1047.0
0.0,22459.0,3238.0,3147.0,1078.0,0.0,0.0,0.0,0.0,1048.0,1051.0,1048.0,1081.0,1071.0,1086.0,7391.0,7825.0,7243.0,0.0,0.0,0.0,1048.0,1051.0,1048.0
0.0,20299.0,3237.0,3149.0,0.0,198.0,24.0,0.0,174.0,1049.0,1051.0,1049.0,1089.0,1062.0,1086.0,6310.0,7832.0,6157.0,24.0,0.0,174.0,1049.0,1051.0,1049.0
0.0,17062.0,3219.0,3150.0,0.0,2360.0,1089.0,0.0,1271.0,1049.0,1052.0,1049.0,1065.0,1057.0,1097.0,5221.0,6770.0,5071.0,1089.0,0.0,1271.0,1049.0,1052.0,1049.0
0.0,13843.0,3229.0,3151.0,0.0,5141.0,2151.0,621.0,2369.0,1049.0,1052.0,1050.0,1062.0,1074.0,1093.0,4156.0,5713.0,3974.0,2151.0,621.0,2369.0,1049.0,1052.0,1050.0
0.0,10614.0,3229.0,3154.0,198.0,8187.0,3201.0,1699.0,3287.0,1050.0,1053.0,1051.0,1069.0,1073.0,1087.0,3094.0,4639.0,2881.0,3201.0,1699.0,3287.0,1050.0,1053.0,1051.0
0.0,7583.0,3214.0,3155.0,2360.0,9046.0,3172.0,2792.0,3082.0,1050.0,1054.0,1051.0,1060.0,1088.0,1066.0,2049.0,3566.0,1968.0,3172.0,2792.0,3082.0,1050.0,1054.0,1051.0
0.0,6729.0,3199.0,3157.0,5141.0,7114.0,2081.0,3236.0,1797.0,1051.0,1054.0,1052.0,1055.0,1065.0,1079.0,2078.0,2478.0,2173.0,2081.0,3236.0,1797.0,1051.0,1054.0,1052.0
0.0,8671.0,3210.0,3157.0,8187.0,2612.0,0.0,2612.0,0.0,1051.0,1054.0,1052.0,1065.0,1075.0,1070.0,3174.0,2034.0,3463.0,0.0,2612.0,0.0,1051.0,1054.0,1052.0
0.0,13648.0,3226.0,3159.0,9046.0,911.0,0.0,911.0,0.0,1051.0,1055.0,1053.0,1059.0,1086.0,1081.0,5310.0,2658.0,5680.0,0.0,911.0,0.0,1051.0,1055.0,1053.0
0.0,19468.0,3222.0,3163.0,7114.0,0.0,0.0,0.0,0.0,1053.0,1056.0,1054.0,1068.0,1073.0,1081.0,7423.0,4364.0,7681.0,0.0,0.0,0.0,1053.0,1056.0,1054.0
0.0,23360.0,3209.0,3164.0,2612.0,0.0,0.0,0.0,0.0,1053.0,1057.0,1054.0,1064.0,1085.0,1060.0,8436.0,6527.0,8397.0,0.0,0.0,0.0,1053.0,1057.0,1054.0
0.0,22763.0,3179.0,3164.0,911.0,0.0,0.0,0.0,0.0,1053.0,1057.0,1054.0,1061.0,1074.0,1044.0,7372.0,8054.0,7337.0,0.0,0.0,0.0,1053.0,1057.0,1054.0
0.0,20495.0,3146.0,3166.0,0.0,27.0,19.0,0.0,8.0,1054.0,1058.0,1054.0,1060.0,1055.0,1031.0,6311.0,7891.0,6293.0,19.0,0.0,8.0,1054.0,1058.0,1054.0
0.0,17349.0,3156.0,3168.0,0.0,2145.0,1089.0,0.0,1056.0,1055.0,1058.0,1055.0,1065.0,1048.0,1043.0,5251.0,6836.0,5262.0,1089.0,0.0,1056.0,1055.0,1058.0,1055.0
0.0,14193.0,3153.0,3169.0,0.0,4805.0,2153.0,565.0,2087.0,1055.0,1059.0,1055.0,1064.0,1058.0,1031.0,4186.0,5788.0,4219.0,2153.0,565.0,2087.0,1055.0,1059.0,1055.0
0.0,11040.0,3150.0,3171.0,27.0,7938.0,3186.0,1634.0,3118.0,1056.0,1060.0,1055.0,1047.0,1064.0,1039.0,3122.0,4730.0,3188.0,3186.0,1634.0,3118.0,1056.0,1060.0,1055.0
0.0,7917.0,3130.0,3171.0,2145.0,8923.0,3133.0,2685.0,3105.0,1056.0,1060.0,1055.0,1036.0,1051.0,1043.0,2094.0,3666.0,2157.0,3133.0,2685.0,3105.0,1056.0,1060.0,1055.0
0.0,6932.0,3139.0,3173.0,4805.0,7267.0,2012.0,3189.0,2066.0,1056.0,1061.0,1056.0,1032.0,1064.0,1043.0,2147.0,2615.0,2170.0,2012.0,3189.0,2066.0,1056.0,1061.0,1056.0
0.0,8598.0,3134.0,3174.0,7938.0,2617.0,0.0,2617.0,0.0,1056.0,1062.0,1056.0,1028.0,1057.0,1049.0,3268.0,2116.0,3214.0,0.0,2617.0,0.0,1056.0,1062.0,1056.0
0.0,13402.0,3144.0,3174.0,8326.0,986.0,0.0,986.0,0.0,1056.0,1062.0,1056.0,1043.0,1054.0,1047.0,5426.0,2693.0,5283.0,0.0,986.0,0.0,1056.0,1062.0,1056.0
0.0,18584.0,3176.0,3176.0,7864.0,0.0,0.0,0.0,0.0,1057.0,1062.0,1057.0,1054.0,1057.0,1065.0,6919.0,4324.0,7341.0,0.0,0.0,0.0,1057.0,1062.0,1057.0
0.0,23272.0,3197.0,3177.0,2617.0,0.0,0.0,0.0,0.0,1057.0,1063.0,1057.0,1070.0,1059.0,1068.0,8474.0,6456.0,8342.0,0.0,0.0,0.0,1057.0,1063.0,1057.0
0.0,22692.0,3212.0,3178.0,986.0,0.0,0.0,0.0,0.0,1057.0,1063.0,1058.0,1062.0,1066.0,1084.0,7404.0,8014.0,7274.0,0.0,0.0,0.0,1057.0,1063.0,1058.0
0.0,20466.0,3272.0,3180.0,0.0,254.0,48.0,0.0,206.0,1058.0,1063.0,1059.0,1100.0,1071.0,1101.0,6342.0,7934.0,6190.0,48.0,0.0,206.0,1058.0,1063.0,1059.0
0.0,17194.0,3268.0,3182.0,0.0,2444.0,1155.0,0.0,1289.0,1059.0,1064.0,1059.0,1102.0,1083.0,1083.0,5242.0,6863.0,5089.0,1155.0,0.0,1289.0,1059.0,1064.0,1059.0
0.0,13926.0,3248.0,3183.0,0.0,5237.0,2261.0,613.0,2363.0,1059.0,1064.0,1060.0,1106.0,1073.0,1069.0,4140.0,5780.0,4006.0,2261.0,613.0,2363.0,1059.0,1064.0,1060.0
0.0,10678.0,3271.0,3184.0,254.0,8259.0,3309.0,1698.0,3252.0,1060.0,1064.0,1060.0,1091.0,1085.0,1095.0,3034.0,4707.0,2937.0,3309.0,1698.0,3252.0,1060.0,1064.0,1060.0
0.0,7661.0,3279.0,3185.0,2444.0,9099.0,3249.0,2783.0,3067.0,1060.0,1064.0,1061.0,1095.0,1085.0,1099.0,1991.0,3622.0,2048.0,3249.0,2783.0,3067.0,1060.0,1064.0,1061.0
0.0,6826.0,3267.0,3186.0,5237.0,7134.0,2068.0,3251.0,1815.0,1060.0,1064.0,1062.0,1080.0,1081.0,1106.0,2051.0,2537.0,2238.0,2068.0,3251.0,1815.0,1060.0,1064.0,1062.0
0.0,8796.0,3296.0,3187.0,8259.0,2651.0,0.0,2651.0,0.0,1061.0,1064.0,1062.0,1099.0,1098.0,1099.0,3232.0,2069.0,3495.0,0.0,2651.0,0.0,1061.0,1064.0,1062.0
0.0,13759.0,3238.0,3188.0,9099.0,942.0,0.0,942.0,0.0,1062.0,1064.0,1062.0,1070.0,1074.0,1094.0,5442.0,2669.0,5648.0,0.0,942.0,0.0,1062.0,1064.0,1062.0
0.0,19620.0,3242.0,3188.0,6260.0,0.0,0.0,0.0,0.0,1062.0,1064.0,1062.0,1073.0,1082.0,1087.0,7621.0,4378.0,7621.0,0.0,0.0,0.0,1062.0,1064.0,1062.0
0.0,22638.0,3277.0,3191.0,3525.0,0.0,0.0,0.0,0.0,1063.0,1065.0,1063.0,1089.0,1085.0,1103.0,8616.0,6547.0,7475.0,0.0,0.0,0.0,1063.0,1065.0,1063.0
0.0,22886.0,3245.0,3192.0,942.0,0.0,0.0,0.0,0.0,1064.0,1065.0,1063.0,1098.0,1070.0,1077.0,7527.0,8113.0,7246.0,0.0,0.0,0.0,1064.0,1065.0,1063.0
0.0,20583.0,3236.0,3193.0,0.0,228.0,0.0,0.0,228.0,1064.0,1066.0,1063.0,1076.0,1078.0,1082.0,6429.0,7985.0,6169.0,0.0,0.0,228.0,1064.0,1066.0,1063.0
0.0,17347.0,3235.0,3194.0,0.0,2354.0,1040.0,0.0,1314.0,1064.0,1066.0,1064.0,1073.0,1081.0,1081.0,5353.0,6907.0,5087.0,1040.0,0.0,1314.0,1064.0,1066.0,1064.0
0.0,14112.0,3178.0,3196.0,0.0,5046.0,2094.0,573.0,2379.0,1064.0,1067.0,1065.0,1054.0,1064.0,1060.0,4280.0,5826.0,4006.0,2094.0,573.0,2379.0,1064.0,1067.0,1065.0
0.0,10934.0,3198.0,3197.0,228.0,8021.0,3190.0,1622.0,3209.0,1065.0,1067.0,1065.0,1091.0,1049.0,1058.0,3226.0,4762.0,2946.0,3190.0,1622.0,3209.0,1065.0,1067.0,1065.0
0.0,7964.0,3187.0,3200.0,2354.0,8869.0,3230.0,2691.0,2948.0,1066.0,1068.0,1066.0,1075.0,1064.0,1048.0,2135.0,3713.0,2116.0,3230.0,2691.0,2948.0,1066.0,1068.0,1066.0
0.0,7131.0,3173.0,3200.0,5046.0,6996.0,2187.0,3176.0,1633.0,1066.0,1068.0,1066.0,1051.0,1058.0,1064.0,2100.0,2649.0,2382.0,2187.0,3176.0,1633.0,1066.0,1068.0,1066.0
0.0,9004.0,3176.0,3200.0,8021.0,2665.0,69.0,2596.0,0.0,1066.0,1068.0,1066.0,1072.0,1042.0,1062.0,3143.0,2164.0,3697.0,69.0,2596.0,0.0,1066.0,1068.0,1066.0
0.0,13849.0,3186.0,3203.0,7635.0,971.0,0.0,971.0,0.0,1067.0,1069.0,1067.0,1066.0,1061.0,1059.0,5261.0,2744.0,5844.0,0.0,971.0,0.0,1067.0,1069.0,1067.0
0.0,18298.0,3173.0,3204.0,6998.0,0.0,0.0,0.0,0.0,1067.0,1069.0,1068.0,1055.0,1058.0,1060.0,6191.0,4374.0,7733.0,0.0,0.0,0.0,1067.0,1069.0,1068.0
0.0,22123.0,3198.0,3205.0,3897.0,0.0,0.0,0.0,0.0,1067.0,1069.0,1069.0,1053.0,1064.0,1081.0,7325.0,6492.0,8306.0,0.0,0.0,0.0,1067.0,1069.0,1069.0
0.0,22822.0,3214.0,3207.0,971.0,0.0,0.0,0.0,0.0,1068.0,1069.0,1070.0,1067.0,1066.0,1081.0,7573.0,8024.0,7225.0,0.0,0.0,0.0,1068.0,1069.0,1070.0
0.0,20579.0,3204.0,3207.0,0.0,271.0,0.0,0.0,271.0,1068.0,1069.0,1070.0,1068.0,1071.0,1065.0,6506.0,7929.0,6144.0,0.0,0.0,271.0,1068.0,1069.0,1070.0
0.0,17375.0,3237.0,3210.0,0.0,2344.0,985.0,0.0,1359.0,1069.0,1070.0,1071.0,1078.0,1076.0,1083.0,5438.0,6858.0,5079.0,985.0,0.0,1359.0,1069.0,1070.0,1071.0
0.0,14138.0,3281.0,3212.0,0.0,5203.0,2084.0,658.0,2461.0,1070.0,1070.0,1072.0,1094.0,1090.0,1097.0,4360.0,5782.0,3996.0,2084.0,658.0,2461.0,1070.0,1070.0,1072.0
0.0,10857.0,3292.0,3213.0,271.0,8229.0,3186.0,1753.0,3290.0,1070.0,1071.0,1072.0,1102.0,1090.0,1100.0,3266.0,4692.0,2899.0,3186.0,1753.0,3290.0,1070.0,1071.0,1072.0
0.0,7836.0,3309.0,3216.0,2344.0,9209.0,3312.0,2849.0,3048.0,1071.0,1071.0,1074.0,1106.0,1096.0,1107.0,2164.0,3602.0,2070.0,3312.0,2849.0,3048.0,1071.0,1071.0,1074.0
0.0,6871.0,3326.0,3217.0,5203.0,7337.0,2343.0,3298.0,1696.0,1072.0,1071.0,1074.0,1110.0,1107.0,1109.0,2043.0,2506.0,2322.0,2343.0,3298.0,1696.0,1072.0,1071.0,1074.0
0.0,8748.0,3314.0,3219.0,8229.0,2905.0,253.0,2652.0,0.0,1072.0,1072.0,1075.0,1096.0,1102.0,1116.0,3017.0,2057.0,3674.0,253.0,2652.0,0.0,1072.0,1072.0,1075.0
0.0,13663.0,3309.0,3220.0,9209.0,895.0,0.0,895.0,0.0,1072.0,1072.0,1076.0,1097.0,1092.0,1120.0,5107.0,2708.0,5848.0,0.0,895.0,0.0,1072.0,1072.0,1076.0
0.0,19563.0,3326.0,3222.0,6678.0,0.0,0.0,0.0,0.0,1073.0,1073.0,1076.0,1112.0,1094.0,1120.0,7322.0,4465.0,7776.0,0.0,0.0,0.0,1073.0,1073.0,1076.0
0.0,22915.0,3320.0,3224.0,3564.0,0.0,0.0,0.0,0.0,1074.0,1074.0,1076.0,1107.0,1108.0,1105.0,8553.0,6669.0,7693.0,0.0,0.0,0.0,1074.0,1074.0,1076.0
0.0,23159.0,3328.0,3225.0,895.0,0.0,0.0,0.0,0.0,1074.0,1074.0,1077.0,1101.0,1111.0,1116.0,7699.0,8213.0,7247.0,0.0,0.0,0.0,1074.0,1074.0,1077.0
0.0,20726.0,3292.0,3227.0,0.0,353.0,0.0,0.0,353.0,1075.0,1075.0,1077.0,1100.0,1093.0,1099.0,6598.0,7997.0,6131.0,0.0,0.0,353.0,1075.0,1075.0,1077.0
0.0,17434.0,3260.0,3228.0,0.0,2409.0,962.0,0.0,1447.0,1075.0,1075.0,1078.0,1085.0,1086.0,1089.0,5498.0,6904.0,5032.0,962.0,0.0,1447.0,1075.0,1075.0,1078.0
0.0,14174.0,3250.0,3228.0,0.0,5216.0,2060.0,640.0,2516.0,1076.0,1075.0,1077.0,1093.0,1083.0,1074.0,4413.0,5818.0,3943.0,2060.0,640.0,2516.0,1076.0,1075.0,1077.0
0.0,10924.0,3255.0,3229.0,353.0,8123.0,3139.0,1727.0,3257.0,1076.0,1075.0,1078.0,1079.0,1087.0,1089.0,3320.0,4735.0,2869.0,3139.0,1727.0,3257.0,1076.0,1075.0,1078.0
0.0,8022.0,3243.0,3230.0,2409.0,8962.0,3271.0,2810.0,2881.0,1077.0,1075.0,1078.0,1089.0,1083.0,1071.0,2241.0,3648.0,2133.0,3271.0,2810.0,2881.0,1077.0,1075.0,1078.0
0.0,7188.0,3272.0,3231.0,5216.0,7023.0,2313.0,3278.0,1432.0,1078.0,1076.0,1077.0,1097.0,1103.0,1072.0,2114.0,2565.0,2509.0,2313.0,3278.0,1432.0,1078.0,1076.0,1077.0
0.0,9132.0,3242.0,3232.0,8123.0,2888.0,257.0,2631.0,0.0,1078.0,1076.0,1078.0,1083.0,1080.0,1079.0,3077.0,2102.0,3953.0,257.0,2631.0,0.0,1078.0,1076.0,1078.0
0.0,14013.0,3263.0,3233.0,8634.0,901.0,0.0,901.0,0.0,1079.0,1076.0,1078.0,1105.0,1080.0,1078.0,5133.0,2749.0,6131.0,0.0,901.0,0.0,1079.0,1076.0,1078.0
0.0,19384.0,3234.0,3235.0,7314.0,0.0,0.0,0.0,0.0,1080.0,1076.0,1079.0,1095.0,1086.0,1053.0,6971.0,4479.0,7934.0,0.0,0.0,0.0,1080.0,1076.0,1079.0
0.0,23464.0,3261.0,3237.0,2925.0,0.0,0.0,0.0,0.0,1080.0,1077.0,1080.0,1093.0,1092.0,1076.0,8480.0,6671.0,8313.0,0.0,0.0,0.0,1080.0,1077.0,1080.0
0.0,23128.0,3221.0,3238.0,901.0,0.0,0.0,0.0,0.0,1080.0,1078.0,1080.0,1074.0,1079.0,1068.0,7681.0,8210.0,7237.0,0.0,0.0,0.0,1080.0,1078.0,1080.0
0.0,20808.0,3217.0,3239.0,0.0,316.0,0.0,0.0,316.0,1080.0,1078.0,1081.0,1060.0,1077.0,1080.0,6607.0,8032.0,6169.0,0.0,0.0,316.0,1080.0,1078.0,1081.0
0.0,17591.0,3235.0,3241.0,0.0,2330.0,922.0,0.0,1408.0,1081.0,1078.0,1082.0,1064.0,1084.0,1087.0,5547.0,6955.0,5089.0,922.0,0.0,1408.0,1081.0,1078.0,1082.0
0.0,14356.0,3238.0,3244.0,0.0,5102.0,2002.0,610.0,2490.0,1082.0,1079.0,1083.0,1075.0,1086.0,1077.0,4483.0,5871.0,4002.0,2002.0,610.0,2490.0,1082.0,1079.0,1083.0
0.0,11118.0,3247.0,3245.0,316.0,8038.0,3077.0,1695.0,3266.0,1083.0,1079.0,1083.0,1070.0,1085.0,1092.0,3408.0,4785.0,2925.0,3077.0,1695.0,3266.0,1083.0,1079.0,1083.0
0.0,8187.0,3279.0,3247.0,2330.0,8997.0,3240.0,2803.0,2954.0,1083.0,1080.0,1084.0,1085.0,1103.0,1091.0,2338.0,3700.0,2149.0,3240.0,2803.0,2954.0,1083.0,1080.0,1084.0
0.0,7238.0,3269.0,3250.0,5102.0,7179.0,2330.0,3291.0,1558.0,1084.0,1081.0,1085.0,1087.0,1093.0,1089.0,2175.0,2597.0,2466.0,2330.0,3291.0,1558.0,1084.0,1081.0,1085.0
0.0,9071.0,3291.0,3251.0,8038.0,3044.0,342.0,2702.0,0.0,1084.0,1082.0,1085.0,1089.0,1101.0,1101.0,3090.0,2114.0,3867.0,342.0,2702.0,0.0,1084.0,1082.0,1085.0
0.0,13818.0,3331.0,3254.0,8997.0,1006.0,0.0,1006.0,0.0,1085.0,1083.0,1086.0,1112.0,1102.0,1117.0,5078.0,2708.0,6032.0,0.0,1006.0,0.0,1085.0,1083.0,1086.0
0.0,19484.0,3324.0,3255.0,6872.0,0.0,0.0,0.0,0.0,1086.0,1083.0,1086.0,1123.0,1081.0,1120.0,7206.0,4409.0,7869.0,0.0,0.0,0.0,1086.0,1083.0,1086.0
0.0,23032.0,3325.0,3256.0,2686.0,0.0,0.0,0.0,0.0,1086.0,1083.0,1087.0,1110.0,1093.0,1122.0,8413.0,6619.0,8000.0,0.0,0.0,0.0,1086.0,1083.0,1087.0
0.0,22393.0,3339.0,3257.0,1671.0,0.0,0.0,0.0,0.0,1086.0,1083.0,1088.0,1124.0,1101.0,1114.0,7645.0,7563.0,7185.0,0.0,0.0,0.0,1086.0,1083.0,1088.0
0.0,20725.0,3331.0,3259.0,0.0,506.0,35.0,0.0,471.0,1087.0,1084.0,1088.0,1121.0,1108.0,1102.0,6521.0,8133.0,6071.0,35.0,0.0,471.0,1087.0,1084.0,1088.0
0.0,17394.0,3355.0,3260.0,0.0,2753.0,1154.0,0.0,1599.0,1087.0,1084.0,1089.0,1119.0,1113.0,1123.0,5400.0,7025.0,4969.0,1154.0,0.0,1599.0,1087.0,1084.0,1089.0
0.0,14039.0,3330.0,3262.0,0.0,5601.0,2271.0,619.0,2711.0,1088.0,1085.0,1089.0,1112.0,1106.0,1112.0,4281.0,5912.0,3846.0,2271.0,619.0,2711.0,1088.0,1085.0,1089.0
0.0,10709.0,3331.0,3262.0,506.0,8426.0,3334.0,1740.0,3352.0,1088.0,1085.0,1089.0,1098.0,1121.0,1112.0,3169.0,4806.0,2734.0,3334.0,1740.0,3352.0,1088.0,1085.0,1089.0
0.0,7884.0,3335.0,3264.0,2753.0,9018.0,3302.0,2854.0,2862.0,1089.0,1086.0,1089.0,1117.0,1109.0,1109.0,2106.0,3685.0,2093.0,3302.0,2854.0,2862.0,1089.0,1086.0,1089.0
0.0,7302.0,3322.0,3266.0,5601.0,6749.0,2124.0,3363.0,1262.0,1089.0,1087.0,1090.0,1093.0,1123.0,1106.0,2143.0,2576.0,2583.0,2124.0,3363.0,1262.0,1089.0,1087.0,1090.0
0.0,9581.0,3320.0,3266.0,8426.0,2756.0,0.0,2756.0,0.0,1089.0,1088.0,1089.0,1093.0,1128.0,1099.0,3321.0,2072.0,4188.0,0.0,2756.0,0.0,1089.0,1088.0,1089.0
0.0,14687.0,3321.0,3269.0,9018.0,1023.0,0.0,1023.0,0.0,1090.0,1089.0,1090.0,1106.0,1116.0,1099.0,5562.0,2684.0,6441.0,0.0,1023.0,0.0,1090.0,1089.0,1090.0
0.0,20384.0,3305.0,3269.0,6749.0,0.0,0.0,0.0,0.0,1090.0,1089.0,1090.0,1102.0,1112.0,1091.0,7758.0,4422.0,8204.0,0.0,0.0,0.0,1090.0,1089.0,1090.0
0.0,23828.0,3298.0,3270.0,2756.0,0.0,0.0,0.0,0.0,1090.0,1090.0,1090.0,1094.0,1124.0,1080.0,8780.0,6673.0,8375.0,0.0,0.0,0.0,1090.0,1090.0,1090.0
0.0,23286.0,3277.0,3272.0,1023.0,0.0,0.0,0.0,0.0,1091.0,1091.0,1090.0,1095.0,1099.0,1083.0,7686.0,8305.0,7295.0,0.0,0.0,0.0,1091.0,1091.0,1090.0
0.0,21032.0,3280.0,3273.0,0.0,339.0,0.0,0.0,339.0,1091.0,1091.0,1091.0,1098.0,1086.0,1096.0,6591.0,8229.0,6212.0,0.0,0.0,339.0,1091.0,1091.0,1091.0
0.0,17752.0,3275.0,3276.0,0.0,2508.0,1060.0,0.0,1448.0,1092.0,1092.0,1092.0,1093.0,1078.0,1104.0,5493.0,7143.0,5116.0,1060.0,0.0,1448.0,1092.0,1092.0,1092.0
0.0,14477.0,3272.0,3278.0,0.0,5185.0,2163.0,472.0,2550.0,1093.0,1092.0,1093.0,1098.0,1077.0,1097.0,4400.0,6065.0,4012.0,2163.0,472.0,2550.0,1093.0,1092.0,1093.0
0.0,11205.0,3238.0,3279.0,339.0,8089.0,3241.0,1560.0,3288.0,1093.0,1093.0,1093.0,1078.0,1083.0,1077.0,3302.0,4988.0,2915.0,3241.0,1560.0,3288.0,1093.0,1093.0,1093.0
0.0,8306.0,3243.0,3280.0,2508.0,8829.0,3269.0,2632.0,2928.0,1093.0,1093.0,1094.0,1088.0,1072.0,1083.0,2224.0,3905.0,2177.0,3269.0,2632.0,2928.0,1093.0,1093.0,1094.0
0.0,7571.0,3272.0,3282.0,5185.0,6926.0,2207.0,3252.0,1467.0,1094.0,1094.0,1094.0,1096.0,1087.0,1089.0,2196.0,2833.0,2542.0,2207.0,3252.0,1467.0,1094.0,1094.0,1094.0
0.0,9484.0,3257.0,3284.0,8089.0,2824.0,55.0,2769.0,0.0,1095.0,1094.0,1095.0,1084.0,1077.0,1096.0,3263.0,2218.0,4003.0,55.0,2769.0,0.0,1095.0,1094.0,1095.0
0.0,14316.0,3247.0,3284.0,8566.0,1214.0,0.0,1214.0,0.0,1095.0,1094.0,1095.0,1077.0,1077.0,1093.0,5420.0,2701.0,6195.0,0.0,1214.0,0.0,1095.0,1094.0,1095.0
0.0,19635.0,3284.0,3285.0,7036.0,0.0,0.0,0.0,0.0,1095.0,1094.0,1096.0,1084.0,1088.0,1112.0,7612.0,4256.0,7767.0,0.0,0.0,0.0,1095.0,1094.0,1096.0
0.0,23387.0,3308.0,3286.0,2977.0,0.0,0.0,0.0,0.0,1095.0,1095.0,1096.0,1098.0,1104.0,1106.0,8735.0,6420.0,8232.0,0.0,0.0,0.0,1095.0,1095.0,1096.0
0.0,23056.0,3319.0,3287.0,1214.0,0.0,0.0,0.0,0.0,1096.0,1095.0,1096.0,1101.0,1106.0,1112.0,7692.0,8085.0,7279.0,0.0,0.0,0.0,1096.0,1095.0,1096.0
0.0,20951.0,3373.0,3289.0,0.0,460.0,16.0,0.0,444.0,1096.0,1096.0,1097.0,1127.0,1120.0,1126.0,6591.0,8193.0,6167.0,16.0,0.0,444.0,1096.0,1096.0,1097.0
0.0,17578.0,3352.0,3289.0,0.0,2685.0,1123.0,0.0,1562.0,1096.0,1096.0,1097.0,1107.0,1127.0,1118.0,5464.0,7073.0,5041.0,1123.0,0.0,1562.0,1096.0,1096.0,1097.0
0.0,14226.0,3398.0,3291.0,0.0,5627.0,2271.0,685.0,2671.0,1097.0,1097.0,1097.0,1143.0,1146.0,1109.0,4357.0,5946.0,3923.0,2271.0,685.0,2671.0,1097.0,1097.0,1097.0
0.0,10828.0,3392.0,3292.0,460.0,8564.0,3368.0,1838.0,3358.0,1097.0,1098.0,1097.0,1113.0,1148.0,1131.0,3214.0,4800.0,2814.0,3368.0,1838.0,3358.0,1097.0,1098.0,1097.0
0.0,7896.0,3397.0,3295.0,2685.0,9291.0,3381.0,2981.0,2929.0,1098.0,1099.0,1098.0,1131.0,1138.0,1128.0,2117.0,3652.0,2127.0,3381.0,2981.0,2929.0,1098.0,1099.0,1098.0
0.0,7184.0,3378.0,3295.0,5627.0,7042.0,2229.0,3443.0,1370.0,1098.0,1100.0,1097.0,1119.0,1142.0,1117.0,2109.0,2514.0,2561.0,2229.0,3443.0,1370.0,1098.0,1100.0,1097.0
0.0,9433.0,3383.0,3296.0,8564.0,2739.0,0.0,2739.0,0.0,1098.0,1100.0,1098.0,1133.0,1134.0,1116.0,3261.0,2057.0,4115.0,0.0,2739.0,0.0,1098.0,1100.0,1098.0
0.0,14614.0,3358.0,3298.0,9291.0,886.0,0.0,886.0,0.0,1099.0,1101.0,1098.0,1114.0,1123.0,1121.0,5496.0,2761.0,6357.0,0.0,886.0,0.0,1099.0,1101.0,1098.0
0.0,20547.0,3339.0,3298.0,6185.0,0.0,0.0,0.0,0.0,1099.0,1101.0,1098.0,1107.0,1133.0,1099.0,7763.0,4619.0,8165.0,0.0,0.0,0.0,1099.0,1101.0,1098.0
0.0,23393.0,3343.0,3300.0,3596.0,0.0,0.0,0.0,0.0,1099.0,1102.0,1099.0,1111.0,1105.0,1127.0,8028.0,6929.0,8436.0,0.0,0.0,0.0,1099.0,1102.0,1099.0
0.0,23646.0,3379.0,3302.0,886.0,0.0,0.0,0.0,0.0,1099.0,1103.0,1100.0,1109.0,1141.0,1129.0,7774.0,8563.0,7309.0,0.0,0.0,0.0,1099.0,1103.0,1100.0
0.0,21153.0,3301.0,3303.0,0.0,422.0,0.0,0.0,422.0,1100.0,1103.0,1100.0,1095.0,1104.0,1102.0,6665.0,8308.0,6180.0,0.0,0.0,422.0,1100.0,1103.0,1100.0
0.0,17852.0,3308.0,3303.0,0.0,2561.0,1047.0,0.0,1514.0,1100.0,1103.0,1100.0,1117.0,1099.0,1092.0,5570.0,7204.0,5078.0,1047.0,0.0,1514.0,1100.0,1103.0,1100.0
0.0,14544.0,3281.0,3304.0,0.0,5257.0,2139.0,508.0,2610.0,1100.0,1103.0,1101.0,1092.0,1098.0,1091.0,4453.0,6105.0,3986.0,2139.0,508.0,2610.0,1100.0,1103.0,1101.0
0.0,11263.0,3331.0,3306.0,422.0,8176.0,3268.0,1607.0,3301.0,1101.0,1104.0,1101.0,1124.0,1094.0,1113.0,3361.0,5007.0,2895.0,3268.0,1607.0,3301.0,1101.0,1104.0,1101.0
0.0,8354.0,3299.0,3307.0,2561.0,8919.0,3330.0,2686.0,2903.0,1101.0,1104.0,1102.0,1109.0,1079.0,1111.0,2237.0,3913.0,2204.0,3330.0,2686.0,2903.0,1101.0,1104.0,1102.0
0.0,7616.0,3346.0,3309.0,5257.0,7018.0,2313.0,3290.0,1415.0,1102.0,1104.0,1103.0,1117.0,1112.0,1117.0,2175.0,2834.0,2607.0,2313.0,3290.0,1415.0,1102.0,1104.0,1103.0
0.0,9527.0,3291.0,3310.0,8176.0,2918.0,144.0,2774.0,0.0,1102.0,1104.0,1104.0,1099.0,1091.0,1101.0,3197.0,2230.0,4100.0,144.0,2774.0,0.0,1102.0,1104.0,1104.0
0.0,14412.0,3298.0,3310.0,8919.0,1180.0,0.0,1180.0,0.0,1102.0,1104.0,1104.0,1093.0,1092.0,1113.0,5366.0,2746.0,6300.0,0.0,1180.0,0.0,1102.0,1104.0,1104.0
0.0,20033.0,3302.0,3313.0,7018.0,0.0,0.0,0.0,0.0,1103.0,1105.0,1105.0,1103.0,1099.0,1100.0,7603.0,4340.0,8090.0,0.0,0.0,0.0,1103.0,1105.0,1105.0
0.0,23749.0,3301.0,3313.0,2913.0,0.0,0.0,0.0,0.0,1103.0,1105.0,1105.0,1089.0,1112.0,1100.0,8813.0,6531.0,8405.0,0.0,0.0,0.0,1103.0,1105.0,1105.0
0.0,23361.0,3306.0,3315.0,1185.0,0.0,0.0,0.0,0.0,1103.0,1106.0,1106.0,1080.0,1123.0,1103.0,7868.0,8188.0,7305.0,0.0,0.0,0.0,1103.0,1106.0,1106.0
0.0,21240.0,3316.0,3317.0,0.0,431.0,0.0,0.0,431.0,1104.0,1107.0,1106.0,1096.0,1117.0,1103.0,6788.0,8250.0,6202.0,0.0,0.0,431.0,1104.0,1107.0,1106.0
0.0,17924.0,3343.0,3317.0,0.0,2468.0,918.0,0.0,1550.0,1104.0,1107.0,1106.0,1090.0,1134.0,1119.0,5692.0,7133.0,5099.0,918.0,0.0,1550.0,1104.0,1107.0,1106.0
0.0,14581.0,3363.0,3319.0,0.0,5377.0,2028.0,672.0,2677.0,1104.0,1108.0,1107.0,1110.0,1131.0,1122.0,4602.0,5999.0,3980.0,2028.0,672.0,2677.0,1104.0,1108.0,1107.0
0.0,11218.0,3389.0,3321.0,431.0,8345.0,3164.0,1793.0,3388.0,1105.0,1108.0,1108.0,1131.0,1121.0,1137.0,3492.0,4868.0,2858.0,3164.0,1793.0,3388.0,1105.0,1108.0,1108.0
0.0,8260.0,3378.0,3323.0,2468.0,9265.0,3387.0,2912.0,2966.0,1106.0,1109.0,1108.0,1136.0,1114.0,1128.0,2361.0,3747.0,2152.0,3387.0,2912.0,2966.0,1106.0,1109.0,1108.0
0.0,7350.0,3397.0,3324.0,5377.0,7290.0,2494.0,3378.0,1418.0,1106.0,1110.0,1108.0,1135.0,1133.0,1129.0,2143.0,2633.0,2574.0,2494.0,3378.0,1418.0,1106.0,1110.0,1108.0
0.0,9330.0,3387.0,3324.0,8345.0,3181.0,469.0,2712.0,0.0,1106.0,1110.0,1108.0,1139.0,1127.0,1121.0,3036.0,2172.0,4122.0,469.0,2712.0,0.0,1106.0,1110.0,1108.0
0.0,14288.0,3405.0,3326.0,8806.0,935.0,0.0,935.0,0.0,1107.0,1111.0,1108.0,1141.0,1130.0,1134.0,5061.0,2838.0,6389.0,0.0,935.0,0.0,1107.0,1111.0,1108.0
0.0,19689.0,3389.0,3327.0,6239.0,0.0,0.0,0.0,0.0,1107.0,1111.0,1109.0,1138.0,1134.0,1117.0,6848.0,4620.0,8221.0,0.0,0.0,0.0,1107.0,1111.0,1109.0
0.0,22539.0,3397.0,3329.0,4691.0,0.0,0.0,0.0,0.0,1108.0,1112.0,1109.0,1144.0,1132.0,1121.0,7153.0,6864.0,8522.0,0.0,0.0,0.0,1108.0,1112.0,1109.0
0.0,23833.0,3381.0,3329.0,935.0,0.0,0.0,0.0,0.0,1108.0,1112.0,1109.0,1136.0,1129.0,1116.0,7988.0,8444.0,7401.0,0.0,0.0,0.0,1108.0,1112.0,1109.0
0.0,21387.0,3397.0,3330.0,0.0,402.0,0.0,0.0,402.0,1109.0,1112.0,1109.0,1130.0,1125.0,1142.0,6852.0,8250.0,6285.0,0.0,0.0,402.0,1109.0,1112.0,1109.0
0.0,17990.0,3407.0,3332.0,0.0,2490.0,954.0,0.0,1536.0,1109.0,1113.0,1110.0,1131.0,1147.0,1129.0,5722.0,7125.0,5143.0,954.0,0.0,1536.0,1109.0,1113.0,1110.0
0.0,14583.0,3380.0,3332.0,0.0,5457.0,2062.0,728.0,2667.0,1109.0,1113.0,1110.0,1108.0,1141.0,1131.0,4591.0,5978.0,4014.0,2062.0,728.0,2667.0,1109.0,1113.0,1110.0
0.0,11203.0,3419.0,3335.0,402.0,8489.0,3209.0,1874.0,3406.0,1110.0,1114.0,1111.0,1142.0,1141.0,1136.0,3483.0,4837.0,2883.0,3209.0,1874.0,3406.0,1110.0,1114.0,1111.0
0.0,8186.0,3389.0,3337.0,2490.0,9398.0,3390.0,3003.0,3005.0,1111.0,1114.0,1112.0,1130.0,1129.0,1130.0,2341.0,3696.0,2149.0,3390.0,3003.0,3005.0,1111.0,1114.0,1112.0
0.0,7287.0,3373.0,3337.0,5457.0,7314.0,2440.0,3414.0,1460.0,1111.0,1114.0,1112.0,1112.0,1139.0,1122.0,2165.0,2567.0,2555.0,2440.0,3414.0,1460.0,1111.0,1114.0,1112.0
0.0,9371.0,3355.0,3338.0,8489.0,3018.0,357.0,2661.0,0.0,1111.0,1114.0,1113.0,1126.0,1121.0,1108.0,3115.0,2156.0,4100.0,357.0,2661.0,0.0,1111.0,1114.0,1113.0
0.0,14505.0,3356.0,3340.0,9398.0,783.0,0.0,783.0,0.0,1112.0,1115.0,1113.0,1115.0,1120.0,1121.0,5198.0,2909.0,6398.0,0.0,783.0,0.0,1112.0,1115.0,1113.0
0.0,20547.0,3379.0,3342.0,7108.0,0.0,0.0,0.0,0.0,1112.0,1116.0,1114.0,1119.0,1136.0,1124.0,7473.0,4792.0,8282.0,0.0,0.0,0.0,1112.0,1116.0,1114.0
0.0,24276.0,3381.0,3344.0,3224.0,0.0,0.0,0.0,0.0,1113.0,1117.0,1114.0,1113.0,1136.0,1132.0,8794.0,7070.0,8412.0,0.0,0.0,0.0,1113.0,1117.0,1114.0
0.0,24119.0,3376.0,3346.0,783.0,0.0,0.0,0.0,0.0,1113.0,1118.0,1115.0,1127.0,1122.0,1127.0,8038.0,8595.0,7486.0,0.0,0.0,0.0,1113.0,1118.0,1115.0
0.0,21526.0,3299.0,3348.0,0.0,331.0,0.0,0.0,331.0,1114.0,1118.0,1116.0,1095.0,1094.0,1110.0,6911.0,8256.0,6359.0,0.0,0.0,331.0,1114.0,1118.0,1116.0
0.0,18227.0,3345.0,3349.0,0.0,2317.0,860.0,0.0,1457.0,1114.0,1119.0,1116.0,1106.0,1113.0,1126.0,5816.0,7162.0,5249.0,860.0,0.0,1457.0,1114.0,1119.0,1116.0
0.0,14882.0,3313.0,3350.0,0.0,5181.0,1951.0,643.0,2587.0,1114.0,1119.0,1117.0,1091.0,1097.0,1125.0,4710.0,6049.0,4123.0,1951.0,643.0,2587.0,1114.0,1119.0,1117.0
0.0,11569.0,3329.0,3350.0,331.0,8179.0,3057.0,1756.0,3366.0,1114.0,1119.0,1117.0,1106.0,1113.0,1110.0,3619.0,4952.0,2998.0,3057.0,1756.0,3366.0,1114.0,1119.0,1117.0
0.0,8571.0,3349.0,3353.0,2317.0,9226.0,3308.0,2883.0,3035.0,1115.0,1120.0,1118.0,1106.0,1122.0,1121.0,2513.0,3839.0,2219.0,3308.0,2883.0,3035.0,1115.0,1120.0,1118.0
0.0,7539.0,3334.0,3354.0,5181.0,7384.0,2459.0,3357.0,1568.0,1115.0,1121.0,1118.0,1102.0,1112.0,1120.0,2267.0,2717.0,2555.0,2459.0,3357.0,1568.0,1115.0,1121.0,1118.0
0.0,9386.0,3361.0,3355.0,8179.0,3246.0,542.0,2704.0,0.0,1116.0,1121.0,1118.0,1135.0,1103.0,1123.0,3116.0,2248.0,4022.0,542.0,2704.0,0.0,1116.0,1121.0,1118.0
0.0,14204.0,3402.0,3357.0,9226.0,943.0,0.0,943.0,0.0,1117.0,1121.0,1119.0,1145.0,1122.0,1135.0,5038.0,2901.0,6265.0,0.0,943.0,0.0,1117.0,1121.0,1119.0
0.0,20028.0,3398.0,3357.0,7384.0,0.0,0.0,0.0,0.0,1117.0,1121.0,1119.0,1135.0,1123.0,1140.0,7201.0,4662.0,8165.0,0.0,0.0,0.0,1117.0,1121.0,1119.0
0.0,24014.0,3417.0,3358.0,3246.0,0.0,0.0,0.0,0.0,1118.0,1121.0,1119.0,1152.0,1139.0,1126.0,8525.0,6896.0,8593.0,0.0,0.0,0.0,1118.0,1121.0,1119.0
0.0,23843.0,3426.0,3359.0,943.0,0.0,0.0,0.0,0.0,1118.0,1121.0,1120.0,1152.0,1142.0,1132.0,7915.0,8461.0,7467.0,0.0,0.0,0.0,1118.0,1121.0,1120.0
0.0,21360.0,3453.0,3361.0,0.0,394.0,0.0,0.0,394.0,1119.0,1122.0,1120.0,1158.0,1166.0,1129.0,6763.0,8262.0,6335.0,0.0,0.0,394.0,1119.0,1122.0,1120.0
0.0,17907.0,3434.0,3361.0,0.0,2681.0,1160.0,0.0,1521.0,1119.0,1122.0,1120.0,1170.0,1137.0,1127.0,5605.0,7096.0,5206.0,1160.0,0.0,1521.0,1119.0,1122.0,1120.0
0.0,14473.0,3454.0,3362.0,0.0,5791.0,2316.0,805.0,2670.0,1120.0,1122.0,1120.0,1151.0,1154.0,1149.0,4435.0,5959.0,4079.0,2316.0,805.0,2670.0,1120.0,1122.0,1120.0
0.0,11019.0,3467.0,3364.0,394.0,8874.0,3487.0,1962.0,3425.0,1121.0,1122.0,1121.0,1166.0,1157.0,1144.0,3284.0,4805.0,2930.0,3487.0,1962.0,3425.0,1121.0,1122.0,1121.0
0.0,7946.0,3423.0,3365.0,2681.0,9621.0,3470.0,3120.0,3031.0,1121.0,1123.0,1121.0,1143.0,1153.0,1127.0,2118.0,3648.0,2180.0,3470.0,3120.0,3031.0,1121.0,1123.0,1121.0
0.0,7204.0,3447.0,3367.0,5791.0,7287.0,2299.0,3470.0,1518.0,1122.0,1123.0,1122.0,1140.0,1155.0,1152.0,2135.0,2495.0,2574.0,2299.0,3470.0,1518.0,1122.0,1123.0,1122.0
0.0,9548.0,3444.0,3369.0,8874.0,2667.0,0.0,2667.0,0.0,1123.0,1124.0,1122.0,1155.0,1154.0,1135.0,3311.0,2145.0,4092.0,0.0,2667.0,0.0,1123.0,1124.0,1122.0
0.0,14978.0,3456.0,3371.0,9621.0,713.0,0.0,713.0,0.0,1123.0,1125.0,1123.0,1139.0,1161.0,1156.0,5643.0,2953.0,6382.0,0.0,713.0,0.0,1123.0,1125.0,1123.0
0.0,21143.0,3391.0,3372.0,7287.0,0.0,0.0,0.0,0.0,1124.0,1125.0,1123.0,1118.0,1138.0,1135.0,7974.0,4912.0,8257.0,0.0,0.0,0.0,1124.0,1125.0,1123.0
0.0,25039.0,3401.0,3374.0,1597.0,0.0,0.0,0.0,0.0,1124.0,1126.0,1124.0,1139.0,1115.0,1147.0,9155.0,7244.0,8640.0,0.0,0.0,0.0,1124.0,1126.0,1124.0
0.0,23235.0,3389.0,3376.0,1783.0,0.0,0.0,0.0,0.0,1125.0,1126.0,1125.0,1126.0,1125.0,1138.0,8016.0,7726.0,7493.0,0.0,0.0,0.0,1125.0,1126.0,1125.0
0.0,21629.0,3370.0,3378.0,0.0,405.0,0.0,0.0,405.0,1125.0,1127.0,1126.0,1122.0,1118.0,1130.0,6890.0,8384.0,6355.0,0.0,0.0,405.0,1125.0,1127.0,1126.0
0.0,18259.0,3387.0,3378.0,0.0,2523.0,984.0,0.0,1539.0,1125.0,1127.0,1126.0,1127.0,1126.0,1134.0,5768.0,7266.0,5225.0,984.0,0.0,1539.0,1125.0,1127.0,1126.0
0.0,14872.0,3388.0,3379.0,0.0,5411.0,2125.0,609.0,2677.0,1126.0,1127.0,1126.0,1136.0,1114.0,1138.0,4641.0,6140.0,4091.0,2125.0,609.0,2677.0,1126.0,1127.0,1126.0
0.0,11484.0,3376.0,3381.0,405.0,8392.0,3244.0,1742.0,3406.0,1126.0,1128.0,1127.0,1119.0,1128.0,1129.0,3505.0,5026.0,2953.0,3244.0,1742.0,3406.0,1126.0,1128.0,1127.0
0.0,8513.0,3337.0,3381.0,2523.0,9206.0,3372.0,2848.0,2986.0,1126.0,1128.0,1127.0,1112.0,1106.0,1119.0,2386.0,3898.0,2229.0,3372.0,2848.0,2986.0,1126.0,1128.0,1127.0
0.0,7699.0,3348.0,3383.0,5411.0,7153.0,2369.0,3340.0,1444.0,1127.0,1128.0,1128.0,1117.0,1101.0,1130.0,2258.0,2792.0,2649.0,2369.0,3340.0,1444.0,1127.0,1128.0,1128.0
0.0,9762.0,3379.0,3384.0,8392.0,2981.0,247.0,2734.0,0.0,1127.0,1129.0,1128.0,1122.0,1131.0,1126.0,3266.0,2300.0,4196.0,247.0,2734.0,0.0,1127.0,1129.0,1128.0
0.0,14775.0,3375.0,3386.0,8155.0,1028.0,0.0,1028.0,0.0,1128.0,1129.0,1129.0,1112.0,1142.0,1121.0,5388.0,2911.0,6476.0,0.0,1028.0,0.0,1128.0,1129.0,1129.0
0.0,19555.0,3374.0,3387.0,8022.0,0.0,0.0,0.0,0.0,1128.0,1130.0,1129.0,1110.0,1131.0,1133.0,6597.0,4617.0,8341.0,0.0,0.0,0.0,1128.0,1130.0,1129.0
0.0,24203.0,3379.0,3387.0,3163.0,0.0,0.0,0.0,0.0,1128.0,1130.0,1129.0,1107.0,1147.0,1125.0,8725.0,6826.0,8652.0,0.0,0.0,0.0,1128.0,1130.0,1129.0
0.0,23987.0,3399.0,3388.0,1028.0,0.0,0.0,0.0,0.0,1129.0,1130.0,1129.0,1127.0,1145.0,1127.0,8047.0,8413.0,7527.0,0.0,0.0,0.0,1129.0,1130.0,1129.0
0.0,21616.0,3461.0,3389.0,0.0,385.0,0.0,0.0,385.0,1129.0,1131.0,1129.0,1151.0,1170.0,1140.0,6920.0,8296.0,6400.0,0.0,0.0,385.0,1129.0,1131.0,1129.0
0.0,18155.0,3472.0,3392.0,0.0,2580.0,1042.0,0.0,1538.0,1130.0,1132.0,1130.0,1161.0,1163.0,1148.0,5769.0,7126.0,5260.0,1042.0,0.0,1538.0,1130.0,1132.0,1130.0
0.0,14683.0,3480.0,3392.0,0.0,5757.0,2209.0,856.0,2692.0,1130.0,1132.0,1130.0,1167.0,1159.0,1154.0,4608.0,5963.0,4112.0,2209.0,856.0,2692.0,1130.0,1132.0,1130.0
0.0,11203.0,3473.0,3395.0,385.0,8860.0,3377.0,2020.0,3463.0,1131.0,1133.0,1131.0,1163.0,1159.0,1151.0,3441.0,4804.0,2958.0,3377.0,2020.0,3463.0,1131.0,1133.0,1131.0
0.0,8115.0,3490.0,3396.0,2580.0,9775.0,3504.0,3197.0,3074.0,1131.0,1134.0,1131.0,1169.0,1172.0,1149.0,2278.0,3645.0,2192.0,3504.0,3197.0,3074.0,1131.0,1134.0,1131.0
0.0,7205.0,3492.0,3398.0,5757.0,7520.0,2479.0,3500.0,1541.0,1132.0,1134.0,1132.0,1179.0,1159.0,1154.0,2151.0,2473.0,2581.0,2479.0,3500.0,1541.0,1132.0,1134.0,1132.0
0.0,9470.0,3482.0,3400.0,8860.0,2903.0,260.0,2643.0,0.0,1132.0,1135.0,1133.0,1158.0,1158.0,1166.0,3181.0,2170.0,4119.0,260.0,2643.0,0.0,1132.0,1135.0,1133.0
0.0,14848.0,3475.0,3401.0,9775.0,602.0,0.0,602.0,0.0,1133.0,1135.0,1133.0,1165.0,1156.0,1154.0,5400.0,3032.0,6416.0,0.0,602.0,0.0,1133.0,1135.0,1133.0
0.0,21148.0,3471.0,3403.0,7242.0,0.0,0.0,0.0,0.0,1133.0,1136.0,1134.0,1141.0,1159.0,1171.0,7739.0,5073.0,8336.0,0.0,0.0,0.0,1133.0,1136.0,1134.0
0.0,24919.0,3497.0,3406.0,2795.0,0.0,0.0,0.0,0.0,1134.0,1137.0,1135.0,1159.0,1175.0,1163.0,9077.0,7414.0,8428.0,0.0,0.0,0.0,1134.0,1137.0,1135.0
0.0,24217.0,3467.0,3406.0,988.0,0.0,0.0,0.0,0.0,1134.0,1137.0,1135.0,1146.0,1150.0,1171.0,8178.0,8496.0,7543.0,0.0,0.0,0.0,1134.0,1137.0,1135.0
0.0,21738.0,3468.0,3407.0,0.0,478.0,0.0,0.0,478.0,1134.0,1137.0,1136.0,1139.0,1159.0,1170.0,7032.0,8334.0,6372.0,0.0,0.0,478.0,1134.0,1137.0,1136.0
0.0,18270.0,3460.0,3409.0,0.0,2582.0,938.0,0.0,1644.0,1135.0,1137.0,1137.0,1156.0,1143.0,1161.0,5893.0,7175.0,5202.0,938.0,0.0,1644.0,1135.0,1137.0,1137.0
0.0,14810.0,3457.0,3410.0,0.0,5697.0,2077.0,811.0,2809.0,1135.0,1138.0,1137.0,1139.0,1153.0,1165.0,4737.0,6032.0,4041.0,2077.0,811.0,2809.0,1135.0,1138.0,1137.0
0.0,11353.0,3431.0,3412.0,478.0,8660.0,3224.0,1946.0,3490.0,1136.0,1138.0,1138.0,1142.0,1135.0,1154.0,3598.0,4879.0,2876.0,3224.0,1946.0,3490.0,1136.0,1138.0,1138.0
0.0,8400.0,3473.0,3414.0,2582.0,9561.0,3449.0,3114.0,2998.0,1136.0,1139.0,1139.0,1163.0,1163.0,1147.0,2456.0,3744.0,2200.0,3449.0,3114.0,2998.0,1136.0,1139.0,1139.0
0.0,7509.0,3458.0,3416.0,5697.0,7332.0,2516.0,3459.0,1357.0,1137.0,1139.0,1140.0,1139.0,1156.0,1163.0,2231.0,2581.0,2697.0,2516.0,3459.0,1357.0,1137.0,1139.0,1140.0
0.0,9748.0,3444.0,3416.0,8660.0,3090.0,431.0,2659.0,0.0,1137.0,1139.0,1140.0,1139.0,1146.0,1159.0,3169.0,2236.0,4343.0,431.0,2659.0,0.0,1137.0,1139.0,1140.0
0.0,14964.0,3400.0,3417.0,9561.0,678.0,0.0,678.0,0.0,1138.0,1139.0,1140.0,1135.0,1133.0,1132.0,5254.0,3036.0,6674.0,0.0,678.0,0.0,1138.0,1139.0,1140.0
0.0,21125.0,3440.0,3420.0,7332.0,0.0,0.0,0.0,0.0,1138.0,1141.0,1141.0,1144.0,1161.0,1135.0,7568.0,5017.0,8540.0,0.0,0.0,0.0,1138.0,1141.0,1141.0
0.0,25017.0,3422.0,3422.0,3090.0,0.0,0.0,0.0,0.0,1139.0,1142.0,1141.0,1117.0,1157.0,1148.0,8940.0,7315.0,8762.0,0.0,0.0,0.0,1139.0,1142.0,1141.0
0.0,24685.0,3408.0,3423.0,678.0,0.0,0.0,0.0,0.0,1140.0,1142.0,1141.0,1142.0,1129.0,1137.0,8254.0,8817.0,7614.0,0.0,0.0,0.0,1140.0,1142.0,1141.0
0.0,21955.0,3391.0,3425.0,0.0,364.0,0.0,0.0,364.0,1140.0,1143.0,1142.0,1128.0,1132.0,1131.0,7112.0,8366.0,6477.0,0.0,0.0,364.0,1140.0,1143.0,1142.0
0.0,18564.0,3391.0,3426.0,0.0,2344.0,852.0,0.0,1492.0,1141.0,1143.0,1142.0,1131.0,1132.0,1128.0,5984.0,7234.0,5346.0,852.0,0.0,1492.0,1141.0,1143.0,1142.0
0.0,15173.0,3407.0,3426.0,0.0,5364.0,1983.0,748.0,2633.0,1141.0,1143.0,1142.0,1131.0,1135.0,1141.0,4853.0,6102.0,4218.0,1983.0,748.0,2633.0,1141.0,1143.0,1142.0
0.0,11766.0,3430.0,3428.0,364.0,8440.0,3128.0,1892.0,3420.0,1141.0,1144.0,1143.0,1145.0,1139.0,1146.0,3722.0,4967.0,3077.0,3128.0,1892.0,3420.0,1141.0,1144.0,1143.0
0.0,8700.0,3468.0,3429.0,2344.0,9569.0,3450.0,3040.0,3079.0,1142.0,1144.0,1143.0,1169.0,1148.0,1151.0,2577.0,3828.0,2295.0,3450.0,3040.0,3079.0,1142.0,1144.0,1143.0
0.0,7576.0,3458.0,3430.0,5364.0,7668.0,2633.0,3438.0,1597.0,1142.0,1145.0,1143.0,1166.0,1141.0,1151.0,2260.0,2680.0,2636.0,2633.0,3438.0,1597.0,1142.0,1145.0,1143.0
0.0,9482.0,3488.0,3432.0,8440.0,3385.0,673.0,2712.0,0.0,1143.0,1145.0,1144.0,1163.0,1166.0,1159.0,3077.0,2287.0,4118.0,673.0,2712.0,0.0,1143.0,1145.0,1144.0
0.0,14434.0,3498.0,3433.0,9569.0,839.0,0.0,839.0,0.0,1143.0,1146.0,1144.0,1174.0,1162.0,1162.0,5042.0,3013.0,6379.0,0.0,839.0,0.0,1143.0,1146.0,1144.0
0.0,20505.0,3516.0,3435.0,7668.0,0.0,0.0,0.0,0.0,1144.0,1146.0,1145.0,1185.0,1169.0,1162.0,7318.0,4891.0,8296.0,0.0,0.0,0.0,1144.0,1146.0,1145.0
0.0,24657.0,3541.0,3437.0,1990.0,0.0,0.0,0.0,0.0,1144.0,1147.0,1146.0,1181.0,1187.0,1173.0,8766.0,7160.0,8731.0,0.0,0.0,0.0,1144.0,1147.0,1146.0
0.0,23106.0,3542.0,3438.0,2234.0,0.0,0.0,0.0,0.0,1144.0,1147.0,1147.0,1175.0,1190.0,1177.0,8258.0,7290.0,7558.0,0.0,0.0,0.0,1144.0,1147.0,1147.0
0.0,21798.0,3547.0,3439.0,0.0,539.0,0.0,0.0,539.0,1144.0,1148.0,1147.0,1179.0,1183.0,1185.0,7083.0,8334.0,6381.0,0.0,0.0,539.0,1144.0,1148.0,1147.0
0.0,18251.0,3525.0,3441.0,0.0,2710.0,994.0,0.0,1716.0,1145.0,1148.0,1148.0,1173.0,1180.0,1172.0,5904.0,7151.0,5196.0,994.0,0.0,1716.0,1145.0,1148.0,1148.0
0.0,14726.0,3510.0,3442.0,0.0,5994.0,2150.0,960.0,2884.0,1145.0,1149.0,1148.0,1156.0,1186.0,1168.0,4731.0,5971.0,4024.0,2150.0,960.0,2884.0,1145.0,1149.0,1148.0
0.0,11216.0,3499.0,3443.0,539.0,8959.0,3295.0,2137.0,3527.0,1145.0,1149.0,1149.0,1145.0,1177.0,1177.0,3575.0,4785.0,2856.0,3295.0,2137.0,3527.0,1145.0,1149.0,1149.0
0.0,8256.0,3527.0,3446.0,2710.0,9791.0,3472.0,3327.0,2992.0,1146.0,1150.0,1150.0,1166.0,1185.0,1176.0,2430.0,3608.0,2218.0,3472.0,3327.0,2992.0,1146.0,1150.0,1150.0
0.0,7439.0,3510.0,3447.0,5994.0,7312.0,2505.0,3526.0,1281.0,1147.0,1150.0,1150.0,1178.0,1159.0,1173.0,2258.0,2423.0,2758.0,2505.0,3526.0,1281.0,1147.0,1150.0,1150.0
0.0,9923.0,3501.0,3449.0,8959.0,2918.0,364.0,2554.0,0.0,1147.0,1151.0,1151.0,1154.0,1160.0,1187.0,3230.0,2224.0,4469.0,364.0,2554.0,0.0,1147.0,1151.0,1151.0
0.0,15381.0,3489.0,3452.0,9791.0,385.0,0.0,385.0,0.0,1148.0,1152.0,1152.0,1161.0,1153.0,1175.0,5371.0,3201.0,6809.0,0.0,385.0,0.0,1148.0,1152.0,1152.0
0.0,21683.0,3475.0,3453.0,6879.0,0.0,0.0,0.0,0.0,1149.0,1152.0,1152.0,1174.0,1149.0,1152.0,7682.0,5375.0,8626.0,0.0,0.0,0.0,1149.0,1152.0,1152.0
0.0,25087.0,3472.0,3456.0,3351.0,0.0,0.0,0.0,0.0,1150.0,1153.0,1153.0,1176.0,1145.0,1151.0,8580.0,7752.0,8755.0,0.0,0.0,0.0,1150.0,1153.0,1153.0
0.0,24966.0,3440.0,3456.0,385.0,0.0,0.0,0.0,0.0,1150.0,1153.0,1153.0,1158.0,1137.0,1145.0,8201.0,9161.0,7604.0,0.0,0.0,0.0,1150.0,1153.0,1153.0
0.0,21911.0,3457.0,3457.0,0.0,472.0,0.0,0.0,472.0,1151.0,1153.0,1153.0,1164.0,1127.0,1166.0,7043.0,8409.0,6459.0,0.0,0.0,472.0,1151.0,1153.0,1153.0
0.0,18454.0,3432.0,3460.0,0.0,2652.0,1037.0,0.0,1615.0,1152.0,1154.0,1154.0,1156.0,1138.0,1138.0,5879.0,7282.0,5293.0,1037.0,0.0,1615.0,1152.0,1154.0,1154.0
0.0,15022.0,3433.0,3461.0,0.0,5716.0,2177.0,779.0,2760.0,1152.0,1155.0,1154.0,1140.0,1148.0,1145.0,4723.0,6144.0,4155.0,2177.0,779.0,2760.0,1152.0,1155.0,1154.0
0.0,11589.0,3390.0,3460.0,472.0,8629.0,3302.0,1897.0,3430.0,1152.0,1154.0,1154.0,1125.0,1123.0,1142.0,3583.0,4996.0,3010.0,3302.0,1897.0,3430.0,1152.0,1154.0,1154.0
0.0,8671.0,3416.0,3463.0,2652.0,9408.0,3405.0,3051.0,2952.0,1153.0,1155.0,1155.0,1135.0,1149.0,1132.0,2458.0,3873.0,2340.0,3405.0,3051.0,2952.0,1153.0,1155.0,1155.0
0.0,7907.0,3458.0,3464.0,5716.0,7155.0,2382.0,3428.0,1345.0,1154.0,1155.0,1155.0,1149.0,1156.0,1153.0,2360.0,2724.0,2823.0,2382.0,3428.0,1345.0,1154.0,1155.0,1155.0
0.0,10165.0,3481.0,3466.0,8629.0,2941.0,235.0,2706.0,0.0,1154.0,1156.0,1156.0,1155.0,1170.0,1156.0,3388.0,2347.0,4430.0,235.0,2706.0,0.0,1154.0,1156.0,1156.0
0.0,15313.0,3477.0,3467.0,9408.0,818.0,0.0,818.0,0.0,1155.0,1156.0,1156.0,1154.0,1163.0,1160.0,5535.0,3074.0,6704.0,0.0,818.0,0.0,1155.0,1156.0,1156.0
0.0,21244.0,3501.0,3468.0,7155.0,0.0,0.0,0.0,0.0,1155.0,1156.0,1157.0,1160.0,1175.0,1166.0,7786.0,4962.0,8496.0,0.0,0.0,0.0,1155.0,1156.0,1157.0
0.0,24898.0,3500.0,3468.0,1641.0,0.0,0.0,0.0,0.0,1155.0,1156.0,1157.0,1162.0,1186.0,1152.0,9008.0,7215.0,8675.0,0.0,0.0,0.0,1155.0,1156.0,1157.0
0.0,23039.0,3534.0,3469.0,2118.0,0.0,0.0,0.0,0.0,1155.0,1157.0,1157.0,1169.0,1181.0,1184.0,8081.0,7435.0,7523.0,0.0,0.0,0.0,1155.0,1157.0,1157.0
0.0,21623.0,3547.0,3471.0,0.0,680.0,56.0,0.0,624.0,1156.0,1157.0,1158.0,1188.0,1186.0,1173.0,6912.0,8372.0,6339.0,56.0,0.0,624.0,1156.0,1157.0,1158.0
0.0,18076.0,3568.0,3473.0,0.0,3066.0,1234.0,0.0,1832.0,1156.0,1158.0,1159.0,1178.0,1187.0,1203.0,5724.0,7186.0,5166.0,1234.0,0.0,1832.0,1156.0,1158.0,1159.0
0.0,14508.0,3556.0,3474.0,0.0,6418.0,2426.0,968.0,3024.0,1156.0,1158.0,1160.0,1192.0,1177.0,1187.0,4546.0,5999.0,3963.0,2426.0,968.0,3024.0,1156.0,1158.0,1160.0
0.0,10952.0,3568.0,3476.0,680.0,9316.0,3558.0,2166.0,3592.0,1157.0,1159.0,1160.0,1183.0,1193.0,1192.0,3354.0,4822.0,2776.0,3558.0,2166.0,3592.0,1157.0,1159.0,1160.0
0.0,8064.0,3567.0,3477.0,3066.0,9822.0,3506.0,3355.0,2961.0,1157.0,1159.0,1161.0,1182.0,1189.0,1196.0,2227.0,3629.0,2208.0,3506.0,3355.0,2961.0,1157.0,1159.0,1161.0
0.0,7563.0,3575.0,3479.0,6418.0,6989.0,2286.0,3575.0,1128.0,1158.0,1160.0,1161.0,1201.0,1183.0,1191.0,2279.0,2440.0,2844.0,2286.0,3575.0,1128.0,1158.0,1160.0,1161.0
0.0,10406.0,3533.0,3480.0,9316.0,2580.0,0.0,2580.0,0.0,1158.0,1160.0,1162.0,1178.0,1171.0,1184.0,3504.0,2225.0,4677.0,0.0,2580.0,0.0,1158.0,1160.0,1162.0
0.0,16189.0,3545.0,3481.0,9822.0,403.0,0.0,403.0,0.0,1159.0,1160.0,1162.0,1172.0,1178.0,1195.0,5884.0,3220.0,7085.0,0.0,403.0,0.0,1159.0,1160.0,1162.0
0.0,22466.0,3523.0,3482.0,6989.0,0.0,0.0,0.0,0.0,1160.0,1160.0,1162.0,1172.0,1174.0,1177.0,8218.0,5397.0,8851.0,0.0,0.0,0.0,1160.0,1160.0,1162.0
0.0,25932.0,3514.0,3484.0,2580.0,0.0,0.0,0.0,0.0,1160.0,1161.0,1163.0,1160.0,1164.0,1190.0,9332.0,7798.0,8802.0,0.0,0.0,0.0,1160.0,1161.0,1163.0
0.0,24998.0,3508.0,3485.0,403.0,0.0,0.0,0.0,0.0,1161.0,1161.0,1163.0,1186.0,1154.0,1168.0,8172.0,9214.0,7612.0,0.0,0.0,0.0,1161.0,1161.0,1163.0
0.0,21893.0,3529.0,3486.0,0.0,549.0,1.0,0.0,548.0,1161.0,1162.0,1163.0,1182.0,1170.0,1177.0,6986.0,8463.0,6444.0,1.0,0.0,548.0,1161.0,1162.0,1163.0
0.0,18364.0,3501.0,3487.0,0.0,2889.0,1170.0,0.0,1719.0,1161.0,1162.0,1164.0,1169.0,1166.0,1166.0,5804.0,7293.0,5267.0,1170.0,0.0,1719.0,1161.0,1162.0,1164.0
0.0,14863.0,3518.0,3488.0,0.0,6095.0,2349.0,855.0,2891.0,1162.0,1162.0,1164.0,1174.0,1172.0,1172.0,4635.0,6127.0,4101.0,2349.0,855.0,2891.0,1162.0,1162.0,1164.0
0.0,11345.0,3486.0,3489.0,549.0,9037.0,3516.0,2011.0,3510.0,1163.0,1162.0,1164.0,1163.0,1156.0,1167.0,3461.0,4955.0,2929.0,3516.0,2011.0,3510.0,1163.0,1162.0,1164.0
0.0,8408.0,3477.0,3490.0,2889.0,9630.0,3515.0,3155.0,2960.0,1163.0,1162.0,1165.0,1169.0,1144.0,1164.0,2299.0,3799.0,2310.0,3515.0,3155.0,2960.0,1163.0,1162.0,1165.0
0.0,7820.0,3457.0,3491.0,6095.0,6997.0,2315.0,3475.0,1207.0,1163.0,1163.0,1165.0,1149.0,1170.0,1138.0,2300.0,2655.0,2865.0,2315.0,3475.0,1207.0,1163.0,1163.0,1165.0
0.0,10458.0,3485.0,3492.0,9037.0,2630.0,0.0,2630.0,0.0,1164.0,1163.0,1165.0,1160.0,1166.0,1159.0,3500.0,2340.0,4618.0,0.0,2630.0,0.0,1164.0,1163.0,1165.0
0.0,16010.0,3482.0,3493.0,9630.0,633.0,0.0,633.0,0.0,1165.0,1163.0,1165.0,1168.0,1158.0,1156.0,5856.0,3185.0,6969.0,0.0,633.0,0.0,1165.0,1163.0,1165.0
0.0,22158.0,3498.0,3495.0,6997.0,0.0,0.0,0.0,0.0,1165.0,1164.0,1166.0,1159.0,1165.0,1174.0,8203.0,5182.0,8773.0,0.0,0.0,0.0,1165.0,1164.0,1166.0
0.0,25657.0,3479.0,3498.0,1383.0,0.0,0.0,0.0,0.0,1166.0,1165.0,1167.0,1152.0,1167.0,1160.0,9359.0,7492.0,8806.0,0.0,0.0,0.0,1166.0,1165.0,1167.0
0.0,23561.0,3507.0,3498.0,1880.0,0.0,0.0,0.0,0.0,1166.0,1165.0,1167.0,1172.0,1164.0,1171.0,8207.0,7708.0,7646.0,0.0,0.0,0.0,1166.0,1165.0,1167.0
0.0,21934.0,3537.0,3501.0,0.0,535.0,0.0,0.0,535.0,1167.0,1166.0,1168.0,1188.0,1179.0,1170.0,7035.0,8424.0,6475.0,0.0,0.0,535.0,1167.0,1166.0,1168.0
0.0,18397.0,3525.0,3502.0,0.0,2894.0,1179.0,0.0,1715.0,1168.0,1166.0,1168.0,1186.0,1159.0,1180.0,5847.0,7245.0,5305.0,1179.0,0.0,1715.0,1168.0,1166.0,1168.0
0.0,14872.0,3539.0,3503.0,0.0,6182.0,2368.0,904.0,2910.0,1168.0,1166.0,1169.0,1189.0,1160.0,1190.0,4661.0,6086.0,4125.0,2368.0,904.0,2910.0,1168.0,1166.0,1169.0
0.0,11333.0,3550.0,3505.0,535.0,9207.0,3562.0,2064.0,3581.0,1169.0,1166.0,1170.0,1189.0,1160.0,1201.0,3472.0,4926.0,2935.0,3562.0,2064.0,3581.0,1169.0,1166.0,1170.0
0.0,8318.0,3580.0,3506.0,2894.0,9898.0,3588.0,3256.0,3054.0,1169.0,1167.0,1170.0,1205.0,1187.0,1188.0,2283.0,3766.0,2269.0,3588.0,3256.0,3054.0,1169.0,1167.0,1170.0
0.0,7632.0,3594.0,3508.0,6182.0,7320.0,2447.0,3511.0,1362.0,1170.0,1167.0,1171.0,1222.0,1159.0,1213.0,2257.0,2579.0,2796.0,2447.0,3511.0,1362.0,1170.0,1167.0,1171.0
0.0,10220.0,3575.0,3509.0,9207.0,2712.0,71.0,2641.0,0.0,1170.0,1167.0,1172.0,1186.0,1194.0,1195.0,3403.0,2324.0,4493.0,71.0,2641.0,0.0,1170.0,1167.0,1172.0
0.0,15852.0,3629.0,3511.0,9898.0,583.0,0.0,583.0,0.0,1171.0,1167.0,1173.0,1211.0,1198.0,1220.0,5779.0,3194.0,6879.0,0.0,583.0,0.0,1171.0,1167.0,1173.0
0.0,22121.0,3609.0,3511.0,5713.0,0.0,0.0,0.0,0.0,1171.0,1167.0,1173.0,1199.0,1198.0,1212.0,8156.0,5252.0,8713.0,0.0,0.0,0.0,1171.0,1167.0,1173.0
0.0,24225.0,3629.0,3514.0,4319.0,0.0,0.0,0.0,0.0,1172.0,1168.0,1174.0,1207.0,1202.0,1220.0,7797.0,7565.0,8863.0,0.0,0.0,0.0,1172.0,1168.0,1174.0
0.0,24915.0,3579.0,3514.0,583.0,0.0,0.0,0.0,0.0,1172.0,1168.0,1174.0,1189.0,1210.0,1180.0,8268.0,9004.0,7643.0,0.0,0.0,0.0,1172.0,1168.0,1174.0
0.0,21919.0,3579.0,3516.0,0.0,626.0,0.0,0.0,626.0,1173.0,1168.0,1175.0,1167.0,1198.0,1214.0,7079.0,8377.0,6463.0,0.0,0.0,626.0,1173.0,1168.0,1175.0
0.0,18340.0,3598.0,3517.0,0.0,2976.0,1156.0,0.0,1820.0,1173.0,1169.0,1175.0,1203.0,1201.0,1194.0,5912.0,7179.0,5249.0,1156.0,0.0,1820.0,1173.0,1169.0,1175.0
0.0,14742.0,3583.0,3519.0,0.0,6436.0,2331.0,1087.0,3018.0,1173.0,1170.0,1176.0,1175.0,1215.0,1193.0,4709.0,5978.0,4055.0,2331.0,1087.0,3018.0,1173.0,1170.0,1176.0
0.0,11159.0,3566.0,3520.0,626.0,9381.0,3529.0,2278.0,3574.0,1174.0,1170.0,1176.0,1193.0,1191.0,1182.0,3534.0,4763.0,2862.0,3529.0,2278.0,3574.0,1174.0,1170.0,1176.0
0.0,8219.0,3554.0,3522.0,2976.0,9969.0,3563.0,3469.0,2937.0,1175.0,1171.0,1176.0,1185.0,1186.0,1183.0,2341.0,3572.0,2306.0,3563.0,3469.0,2937.0,1175.0,1171.0,1176.0
0.0,7641.0,3543.0,3523.0,6436.0,7081.0,2418.0,3576.0,1087.0,1175.0,1172.0,1176.0,1186.0,1189.0,1168.0,2312.0,2386.0,2943.0,2418.0,3576.0,1087.0,1175.0,1172.0,1176.0
0.0,10534.0,3523.0,3524.0,9381.0,2557.0,75.0,2482.0,0.0,1175.0,1173.0,1176.0,1186.0,1179.0,1158.0,3457.0,2284.0,4793.0,75.0,2482.0,0.0,1175.0,1173.0,1176.0
0.0,16392.0,3516.0,3525.0,9969.0,184.0,0.0,184.0,0.0,1175.0,1173.0,1177.0,1177.0,1171.0,1168.0,5800.0,3383.0,7209.0,0.0,184.0,0.0,1175.0,1173.0,1177.0
0.0,22845.0,3504.0,3526.0,7081.0,0.0,0.0,0.0,0.0,1176.0,1174.0,1176.0,1179.0,1169.0,1156.0,8186.0,5681.0,8978.0,0.0,0.0,0.0,1176.0,1174.0,1176.0
0.0,26422.0,3489.0,3527.0,1005.0,0.0,0.0,0.0,0.0,1176.0,1174.0,1177.0,1176.0,1158.0,1155.0,9425.0,8088.0,8909.0,0.0,0.0,0.0,1176.0,1174.0,1177.0
0.0,23938.0,3497.0,3529.0,1736.0,0.0,0.0,0.0,0.0,1177.0,1175.0,1177.0,1177.0,1164.0,1156.0,8324.0,7860.0,7754.0,0.0,0.0,0.0,1177.0,1175.0,1177.0
0.0,22177.0,3522.0,3532.0,0.0,473.0,0.0,0.0,473.0,1178.0,1176.0,1178.0,1168.0,1173.0,1181.0,7147.0,8432.0,6598.0,0.0,0.0,473.0,1178.0,1176.0,1178.0
0.0,18655.0,3506.0,3532.0,0.0,2721.0,1081.0,0.0,1640.0,1178.0,1176.0,1178.0,1170.0,1169.0,1167.0,5979.0,7259.0,5417.0,1081.0,0.0,1640.0,1178.0,1176.0,1178.0
0.0,15149.0,3536.0,3534.0,0.0,6057.0,2268.0,951.0,2838.0,1179.0,1176.0,1179.0,1182.0,1161.0,1193.0,4809.0,6090.0,4250.0,2268.0,951.0,2838.0,1179.0,1176.0,1179.0
0.0,11613.0,3518.0,3535.0,473.0,9107.0,3435.0,2121.0,3551.0,1179.0,1176.0,1180.0,1167.0,1170.0,1181.0,3627.0,4929.0,3057.0,3435.0,2121.0,3551.0,1179.0,1176.0,1180.0
0.0,8568.0,3537.0,3536.0,2721.0,9928.0,3542.0,3292.0,3094.0,1180.0,1176.0,1180.0,1183.0,1171.0,1183.0,2460.0,3759.0,2349.0,3542.0,3292.0,3094.0,1180.0,1176.0,1180.0
0.0,7752.0,3584.0,3538.0,6057.0,7465.0,2470.0,3541.0,1454.0,1180.0,1177.0,1181.0,1196.0,1195.0,1193.0,2358.0,2588.0,2806.0,2470.0,3541.0,1454.0,1180.0,1177.0,1181.0
0.0,10225.0,3615.0,3539.0,9107.0,2880.0,250.0,2630.0,0.0,1181.0,1177.0,1181.0,1210.0,1210.0,1195.0,3430.0,2344.0,4451.0,250.0,2630.0,0.0,1181.0,1177.0,1181.0
0.0,15717.0,3611.0,3542.0,8723.0,545.0,0.0,545.0,0.0,1182.0,1178.0,1182.0,1208.0,1202.0,1201.0,5655.0,3255.0,6807.0,0.0,545.0,0.0,1182.0,1178.0,1182.0
0.0,20829.0,3651.0,3543.0,8317.0,0.0,0.0,0.0,0.0,1183.0,1178.0,1182.0,1214.0,1226.0,1211.0,6784.0,5345.0,8700.0,0.0,0.0,0.0,1183.0,1178.0,1182.0
0.0,25495.0,3619.0,3544.0,3233.0,0.0,0.0,0.0,0.0,1183.0,1179.0,1182.0,1213.0,1212.0,1194.0,8892.0,7660.0,8943.0,0.0,0.0,0.0,1183.0,1179.0,1182.0
0.0,25109.0,3665.0,3546.0,545.0,0.0,0.0,0.0,0.0,1184.0,1179.0,1183.0,1228.0,1205.0,1232.0,8282.0,9078.0,7749.0,0.0,0.0,0.0,1184.0,1179.0,1183.0
0.0,21989.0,3638.0,3548.0,0.0,694.0,77.0,0.0,617.0,1184.0,1180.0,1184.0,1211.0,1213.0,1214.0,7054.0,8418.0,6517.0,77.0,0.0,617.0,1184.0,1180.0,1184.0
0.0,18351.0,3662.0,3549.0,0.0,3142.0,1298.0,0.0,1844.0,1185.0,1180.0,1184.0,1216.0,1219.0,1227.0,5843.0,7205.0,5303.0,1298.0,0.0,1844.0,1185.0,1180.0,1184.0
0.0,14689.0,3621.0,3550.0,0.0,6682.0,2503.0,1134.0,3045.0,1185.0,1181.0,1184.0,1205.0,1215.0,1201.0,4627.0,5986.0,4076.0,2503.0,1134.0,3045.0,1185.0,1181.0,1184.0
0.0,11068.0,3618.0,3553.0,694.0,9621.0,3633.0,2348.0,3640.0,1186.0,1182.0,1185.0,1202.0,1209.0,1207.0,3422.0,4771.0,2875.0,3633.0,2348.0,3640.0,1186.0,1182.0,1185.0
0.0,8144.0,3573.0,3553.0,3142.0,10052.0,3523.0,3539.0,2990.0,1186.0,1182.0,1185.0,1188.0,1191.0,1194.0,2297.0,3562.0,2285.0,3523.0,3539.0,2990.0,1186.0,1182.0,1185.0
0.0,7713.0,3601.0,3553.0,6682.0,6971.0,2218.0,3607.0,1146.0,1186.0,1182.0,1185.0,1198.0,1202.0,1201.0,2407.0,2371.0,2935.0,2218.0,3607.0,1146.0,1186.0,1182.0,1185.0
0.0,10794.0,3581.0,3555.0,9621.0,2452.0,0.0,2452.0,0.0,1187.0,1183.0,1185.0,1197.0,1188.0,1196.0,3712.0,2303.0,4779.0,0.0,2452.0,0.0,1187.0,1183.0,1185.0
0.0,16834.0,3565.0,3556.0,10052.0,90.0,0.0,90.0,0.0,1187.0,1183.0,1186.0,1184.0,1177.0,1204.0,6148.0,3463.0,7223.0,0.0,90.0,0.0,1187.0,1183.0,1186.0
0.0,23321.0,3568.0,3557.0,6971.0,0.0,0.0,0.0,0.0,1187.0,1184.0,1186.0,1192.0,1187.0,1189.0,8487.0,5825.0,9009.0,0.0,0.0,0.0,1187.0,1184.0,1186.0
0.0,26724.0,3571.0,3559.0,1206.0,0.0,0.0,0.0,0.0,1188.0,1184.0,1187.0,1194.0,1185.0,1192.0,9513.0,8245.0,8966.0,0.0,0.0,0.0,1188.0,1184.0,1187.0
0.0,24359.0,3554.0,3559.0,1336.0,0.0,0.0,0.0,0.0,1188.0,1184.0,1187.0,1183.0,1190.0,1181.0,8319.0,8266.0,7774.0,0.0,0.0,0.0,1188.0,1184.0,1187.0
0.0,22141.0,3560.0,3561.0,0.0,544.0,0.0,0.0,544.0,1188.0,1185.0,1188.0,1183.0,1180.0,1197.0,7136.0,8412.0,6593.0,0.0,0.0,544.0,1188.0,1185.0,1188.0
0.0,18581.0,3579.0,3563.0,0.0,2909.0,1195.0,0.0,1714.0,1189.0,1186.0,1188.0,1203.0,1206.0,1170.0,5953.0,7232.0,5396.0,1195.0,0.0,1714.0,1189.0,1186.0,1188.0
0.0,15002.0,3568.0,3566.0,0.0,6396.0,2376.0,1105.0,2915.0,1190.0,1187.0,1189.0,1176.0,1196.0,1196.0,4750.0,6026.0,4226.0,2376.0,1105.0,2915.0,1190.0,1187.0,1189.0
0.0,11434.0,3553.0,3566.0,544.0,9405.0,3550.0,2302.0,3553.0,1190.0,1187.0,1189.0,1174.0,1197.0,1182.0,3574.0,4830.0,3030.0,3550.0,2302.0,3553.0,1190.0,1187.0,1189.0
0.0,8425.0,3538.0,3568.0,2909.0,10044.0,3522.0,3486.0,3036.0,1190.0,1188.0,1190.0,1167.0,1179.0,1192.0,2400.0,3633.0,2392.0,3522.0,3486.0,3036.0,1190.0,1188.0,1190.0
0.0,7796.0,3558.0,3568.0,6396.0,7206.0,2336.0,3558.0,1312.0,1190.0,1188.0,1190.0,1190.0,1177.0,1191.0,2428.0,2454.0,2914.0,2336.0,3558.0,1312.0,1190.0,1188.0,1190.0
0.0,10634.0,3596.0,3570.0,9405.0,2455.0,0.0,2455.0,0.0,1191.0,1188.0,1191.0,1190.0,1199.0,1207.0,3614.0,2382.0,4638.0,0.0,2455.0,0.0,1191.0,1188.0,1191.0
0.0,16443.0,3597.0,3572.0,9568.0,184.0,0.0,184.0,0.0,1191.0,1189.0,1192.0,1190.0,1210.0,1197.0,5974.0,3485.0,6984.0,0.0,184.0,0.0,1191.0,1189.0,1192.0
0.0,22414.0,3620.0,3574.0,7682.0,0.0,0.0,0.0,0.0,1192.0,1190.0,1192.0,1196.0,1215.0,1209.0,7830.0,5761.0,8823.0,0.0,0.0,0.0,1192.0,1190.0,1192.0
0.0,26476.0,3627.0,3576.0,2455.0,0.0,0.0,0.0,0.0,1192.0,1191.0,1193.0,1199.0,1198.0,1230.0,9446.0,8104.0,8926.0,0.0,0.0,0.0,1192.0,1191.0,1193.0
0.0,25304.0,3657.0,3578.0,184.0,0.0,0.0,0.0,0.0,1192.0,1192.0,1194.0,1210.0,1223.0,1224.0,8247.0,9361.0,7696.0,0.0,0.0,0.0,1192.0,1192.0,1194.0
0.0,21831.0,3637.0,3580.0,0.0,865.0,142.0,0.0,723.0,1193.0,1193.0,1194.0,1214.0,1198.0,1225.0,7037.0,8322.0,6472.0,142.0,0.0,723.0,1193.0,1193.0,1194.0
0.0,18194.0,3661.0,3581.0,0.0,3372.0,1374.0,45.0,1953.0,1193.0,1193.0,1195.0,1232.0,1204.0,1225.0,5823.0,7124.0,5247.0,1374.0,45.0,1953.0,1193.0,1193.0,1195.0
0.0,14533.0,3656.0,3583.0,0.0,7038.0,2614.0,1255.0,3169.0,1194.0,1194.0,1195.0,1235.0,1205.0,1216.0,4591.0,5920.0,4022.0,2614.0,1255.0,3169.0,1194.0,1194.0,1195.0
0.0,10877.0,3691.0,3585.0,865.0,9874.0,3714.0,2475.0,3685.0,1195.0,1194.0,1196.0,1237.0,1220.0,1234.0,3356.0,4715.0,2806.0,3714.0,2475.0,3685.0,1195.0,1194.0,1196.0
0.0,8051.0,3690.0,3586.0,3372.0,10197.0,3585.0,3646.0,2966.0,1195.0,1195.0,1196.0,1245.0,1211.0,1234.0,2261.0,3495.0,2295.0,3585.0,3646.0,2966.0,1195.0,1195.0,1196.0
0.0,7733.0,3690.0,3588.0,7038.0,6859.0,2205.0,3619.0,1035.0,1196.0,1195.0,1197.0,1229.0,1228.0,1233.0,2390.0,2329.0,3014.0,2205.0,3619.0,1035.0,1196.0,1195.0,1197.0
0.0,11081.0,3657.0,3588.0,9874.0,2356.0,0.0,2356.0,0.0,1196.0,1195.0,1197.0,1224.0,1212.0,1221.0,3775.0,2356.0,4950.0,0.0,2356.0,0.0,1196.0,1195.0,1197.0
0.0,17298.0,3681.0,3591.0,10197.0,0.0,0.0,0.0,0.0,1197.0,1196.0,1198.0,1223.0,1233.0,1225.0,6265.0,3619.0,7414.0,0.0,0.0,0.0,1197.0,1196.0,1198.0
0.0,23814.0,3631.0,3591.0,5631.0,0.0,0.0,0.0,0.0,1197.0,1196.0,1198.0,1197.0,1221.0,1213.0,8627.0,6032.0,9155.0,0.0,0.0,0.0,1197.0,1196.0,1198.0
0.0,25814.0,3630.0,3592.0,2405.0,0.0,0.0,0.0,0.0,1197.0,1197.0,1198.0,1210.0,1215.0,1205.0,9635.0,7202.0,8977.0,0.0,0.0,0.0,1197.0,1197.0,1198.0
0.0,24589.0,3626.0,3593.0,1179.0,0.0,0.0,0.0,0.0,1198.0,1197.0,1198.0,1196.0,1219.0,1211.0,8425.0,8392.0,7772.0,0.0,0.0,0.0,1198.0,1197.0,1198.0
0.0,22142.0,3651.0,3593.0,0.0,631.0,0.0,0.0,631.0,1198.0,1197.0,1198.0,1224.0,1225.0,1202.0,7229.0,8352.0,6561.0,0.0,0.0,631.0,1198.0,1197.0,1198.0
0.0,18491.0,3616.0,3596.0,0.0,3105.0,1196.0,73.0,1836.0,1199.0,1198.0,1199.0,1206.0,1210.0,1200.0,6005.0,7127.0,5359.0,1196.0,73.0,1836.0,1199.0,1198.0,1199.0
0.0,14875.0,3640.0,3598.0,0.0,6755.0,2427.0,1277.0,3051.0,1200.0,1198.0,1200.0,1226.0,1204.0,1210.0,4799.0,5917.0,4159.0,2427.0,1277.0,3051.0,1200.0,1198.0,1200.0
0.0,11235.0,3632.0,3599.0,631.0,9761.0,3645.0,2498.0,3618.0,1200.0,1199.0,1200.0,1218.0,1216.0,1198.0,3573.0,4713.0,2949.0,3645.0,2498.0,3618.0,1200.0,1199.0,1200.0
0.0,8234.0,3621.0,3602.0,3105.0,10292.0,3655.0,3644.0,2993.0,1201.0,1200.0,1201.0,1201.0,1214.0,1206.0,2355.0,3497.0,2382.0,3655.0,3644.0,2993.0,1201.0,1200.0,1201.0
0.0,7718.0,3603.0,3603.0,6755.0,7145.0,2415.0,3578.0,1152.0,1201.0,1200.0,1202.0,1187.0,1211.0,1205.0,2350.0,2356.0,3012.0,2415.0,3578.0,1152.0,1201.0,1200.0,1202.0
0.0,10870.0,3559.0,3605.0,9761.0,2269.0,0.0,2269.0,0.0,1201.0,1201.0,1203.0,1187.0,1184.0,1188.0,3590.0,2422.0,4858.0,0.0,2269.0,0.0,1201.0,1201.0,1203.0
0.0,17072.0,3606.0,3607.0,8725.0,0.0,0.0,0.0,0.0,1202.0,1201.0,1204.0,1203.0,1196.0,1207.0,6048.0,3736.0,7288.0,0.0,0.0,0.0,1202.0,1201.0,1204.0
0.0,22191.0,3589.0,3608.0,7612.0,0.0,0.0,0.0,0.0,1202.0,1202.0,1204.0,1188.0,1197.0,1204.0,6933.0,6184.0,9074.0,0.0,0.0,0.0,1202.0,1202.0,1204.0
0.0,26214.0,3568.0,3609.0,3369.0,0.0,0.0,0.0,0.0,1202.0,1202.0,1205.0,1178.0,1178.0,1212.0,8627.0,8565.0,9022.0,0.0,0.0,0.0,1202.0,1202.0,1205.0
0.0,26015.0,3595.0,3610.0,0.0,0.0,0.0,0.0,0.0,1202.0,1203.0,1205.0,1192.0,1198.0,1205.0,8549.0,9656.0,7810.0,0.0,0.0,0.0,1202.0,1203.0,1205.0
0.0,22420.0,3640.0,3612.0,0.0,646.0,0.0,0.0,646.0,1203.0,1203.0,1206.0,1215.0,1204.0,1221.0,7357.0,8458.0,6605.0,0.0,0.0,646.0,1203.0,1203.0,1206.0
0.0,18780.0,3674.0,3615.0,0.0,2983.0,1100.0,0.0,1883.0,1204.0,1204.0,1207.0,1222.0,1220.0,1232.0,6142.0,7254.0,5384.0,1100.0,0.0,1883.0,1204.0,1204.0,1207.0
0.0,15106.0,3631.0,3615.0,0.0,6600.0,2312.0,1186.0,3102.0,1204.0,1204.0,1207.0,1212.0,1200.0,1219.0,4920.0,6034.0,4152.0,2312.0,1186.0,3102.0,1204.0,1204.0,1207.0
0.0,11475.0,3676.0,3618.0,646.0,9645.0,3545.0,2407.0,3693.0,1205.0,1205.0,1208.0,1228.0,1216.0,1232.0,3708.0,4834.0,2933.0,3545.0,2407.0,3693.0,1205.0,1205.0,1208.0
0.0,8445.0,3721.0,3619.0,2983.0,10388.0,3683.0,3654.0,3051.0,1205.0,1205.0,1209.0,1238.0,1247.0,1236.0,2480.0,3618.0,2347.0,3683.0,3654.0,3051.0,1205.0,1205.0,1209.0
0.0,7707.0,3675.0,3619.0,6600.0,7463.0,2596.0,3691.0,1176.0,1205.0,1205.0,1209.0,1225.0,1223.0,1227.0,2342.0,2371.0,2994.0,2596.0,3691.0,1176.0,1205.0,1205.0,1209.0
0.0,10632.0,3707.0,3622.0,9645.0,2814.0,292.0,2522.0,0.0,1206.0,1206.0,1210.0,1236.0,1233.0,1238.0,3429.0,2334.0,4869.0,292.0,2522.0,0.0,1206.0,1206.0,1210.0
0.0,16570.0,3713.0,3622.0,10388.0,106.0,0.0,106.0,0.0,1206.0,1206.0,1210.0,1237.0,1238.0,1238.0,5738.0,3508.0,7324.0,0.0,106.0,0.0,1206.0,1206.0,1210.0
0.0,23245.0,3703.0,3624.0,7463.0,0.0,0.0,0.0,0.0,1207.0,1207.0,1210.0,1242.0,1231.0,1230.0,8184.0,5924.0,9137.0,0.0,0.0,0.0,1207.0,1207.0,1210.0
0.0,27005.0,3709.0,3624.0,2814.0,0.0,0.0,0.0,0.0,1207.0,1207.0,1210.0,1230.0,1253.0,1226.0,9538.0,8384.0,9083.0,0.0,0.0,0.0,1207.0,1207.0,1210.0
0.0,26110.0,3720.0,3626.0,106.0,0.0,0.0,0.0,0.0,1207.0,1208.0,1211.0,1218.0,1266.0,1236.0,8600.0,9653.0,7857.0,0.0,0.0,0.0,1207.0,1208.0,1211.0
0.0,22496.0,3695.0,3628.0,0.0,654.0,0.0,0.0,654.0,1208.0,1209.0,1211.0,1229.0,1246.0,1220.0,7382.0,8493.0,6621.0,0.0,0.0,654.0,1208.0,1209.0,1211.0
0.0,18801.0,3677.0,3630.0,0.0,3026.0,1104.0,47.0,1875.0,1208.0,1210.0,1212.0,1217.0,1244.0,1216.0,6153.0,7247.0,5401.0,1104.0,47.0,1875.0,1208.0,1210.0,1212.0
0.0,15124.0,3656.0,3630.0,0.0,6682.0,2315.0,1264.0,3103.0,1208.0,1210.0,1212.0,1211.0,1217.0,1228.0,4936.0,6003.0,4185.0,2315.0,1264.0,3103.0,1208.0,1210.0,1212.0
0.0,11468.0,3646.0,3633.0,654.0,9689.0,3531.0,2490.0,3668.0,1209.0,1211.0,1213.0,1211.0,1221.0,1214.0,3725.0,4786.0,2957.0,3531.0,2490.0,3668.0,1209.0,1211.0,1213.0
0.0,8476.0,3645.0,3634.0,3026.0,10313.0,3647.0,3658.0,3008.0,1209.0,1212.0,1213.0,1220.0,1210.0,1215.0,2514.0,3565.0,2397.0,3647.0,3658.0,3008.0,1209.0,1212.0,1213.0
0.0,7857.0,3655.0,3635.0,6682.0,7291.0,2573.0,3594.0,1124.0,1210.0,1212.0,1213.0,1236.0,1200.0,1219.0,2398.0,2402.0,3057.0,2573.0,3594.0,1124.0,1210.0,1212.0,1213.0
0.0,10884.0,3631.0,3637.0,9689.0,2563.0,268.0,2295.0,0.0,1211.0,1212.0,1214.0,1221.0,1191.0,1219.0,3477.0,2466.0,4941.0,268.0,2295.0,0.0,1211.0,1212.0,1214.0
0.0,16942.0,3664.0,3639.0,10313.0,0.0,0.0,0.0,0.0,1212.0,1212.0,1215.0,1230.0,1209.0,1225.0,5787.0,3765.0,7390.0,0.0,0.0,0.0,1212.0,1212.0,1215.0
0.0,23591.0,3606.0,3640.0,7291.0,0.0,0.0,0.0,0.0,1212.0,1213.0,1215.0,1198.0,1192.0,1216.0,8204.0,6214.0,9173.0,0.0,0.0,0.0,1212.0,1213.0,1215.0
0.0,27276.0,3624.0,3641.0,2563.0,0.0,0.0,0.0,0.0,1212.0,1213.0,1216.0,1206.0,1207.0,1211.0,9579.0,8616.0,9081.0,0.0,0.0,0.0,1212.0,1213.0,1216.0
0.0,26215.0,3615.0,3641.0,0.0,0.0,0.0,0.0,0.0,1212.0,1213.0,1216.0,1198.0,1208.0,1209.0,8641.0,9704.0,7870.0,0.0,0.0,0.0,1212.0,1213.0,1216.0
0.0,22600.0,3618.0,3643.0,0.0,629.0,0.0,0.0,629.0,1213.0,1213.0,1217.0,1203.0,1210.0,1205.0,7443.0,8496.0,6661.0,0.0,0.0,629.0,1213.0,1213.0,1217.0
0.0,18982.0,3640.0,3645.0,0.0,2898.0,1040.0,0.0,1858.0,1214.0,1214.0,1217.0,1210.0,1201.0,1229.0,6240.0,7286.0,5456.0,1040.0,0.0,1858.0,1214.0,1214.0,1217.0
0.0,15342.0,3649.0,3647.0,0.0,6542.0,2239.0,1219.0,3084.0,1214.0,1215.0,1218.0,1199.0,1229.0,1221.0,5030.0,6085.0,4227.0,2239.0,1219.0,3084.0,1214.0,1215.0,1218.0
0.0,11693.0,3655.0,3647.0,629.0,9568.0,3434.0,2448.0,3686.0,1214.0,1215.0,1218.0,1195.0,1229.0,1231.0,3831.0,4856.0,3006.0,3434.0,2448.0,3686.0,1214.0,1215.0,1218.0
0.0,8667.0,3692.0,3650.0,2898.0,10377.0,3619.0,3695.0,3063.0,1215.0,1216.0,1219.0,1220.0,1242.0,1230.0,2636.0,3627.0,2404.0,3619.0,3695.0,3063.0,1215.0,1216.0,1219.0
0.0,7873.0,3684.0,3650.0,6542.0,7519.0,2592.0,3720.0,1207.0,1215.0,1216.0,1219.0,1212.0,1244.0,1228.0,2456.0,2385.0,3032.0,2592.0,3720.0,1207.0,1215.0,1216.0,1219.0
0.0,10731.0,3684.0,3652.0,9568.0,2911.0,394.0,2517.0,0.0,1216.0,1217.0,1219.0,1231.0,1240.0,1213.0,3483.0,2360.0,4888.0,394.0,2517.0,0.0,1216.0,1217.0,1219.0
0.0,16615.0,3711.0,3653.0,10377.0,79.0,0.0,79.0,0.0,1216.0,1218.0,1219.0,1231.0,1252.0,1228.0,5686.0,3568.0,7361.0,0.0,79.0,0.0,1216.0,1218.0,1219.0
0.0,23281.0,3730.0,3655.0,6288.0,0.0,0.0,0.0,0.0,1217.0,1219.0,1219.0,1249.0,1244.0,1237.0,8074.0,6011.0,9196.0,0.0,0.0,0.0,1217.0,1219.0,1219.0
0.0,25839.0,3735.0,3656.0,2775.0,0.0,0.0,0.0,0.0,1217.0,1219.0,1220.0,1247.0,1240.0,1248.0,9417.0,7256.0,9166.0,0.0,0.0,0.0,1217.0,1219.0,1220.0
0.0,24879.0,3744.0,3657.0,1446.0,0.0,0.0,0.0,0.0,1217.0,1220.0,1220.0,1260.0,1237.0,1247.0,8564.0,8397.0,7918.0,0.0,0.0,0.0,1217.0,1220.0,1220.0
0.0,22581.0,3748.0,3659.0,0.0,725.0,44.0,0.0,681.0,1218.0,1220.0,1221.0,1258.0,1243.0,1247.0,7304.0,8606.0,6671.0,44.0,0.0,681.0,1218.0,1220.0,1221.0
0.0,18833.0,3753.0,3660.0,0.0,3236.0,1314.0,0.0,1922.0,1218.0,1221.0,1221.0,1270.0,1242.0,1241.0,6046.0,7363.0,5424.0,1314.0,0.0,1922.0,1218.0,1221.0,1221.0
0.0,15080.0,3708.0,3661.0,0.0,6933.0,2565.0,1209.0,3159.0,1219.0,1221.0,1221.0,1246.0,1225.0,1237.0,4776.0,6121.0,4183.0,2565.0,1209.0,3159.0,1219.0,1221.0,1221.0
0.0,11372.0,3709.0,3661.0,725.0,9917.0,3755.0,2451.0,3711.0,1219.0,1221.0,1221.0,1234.0,1242.0,1233.0,3530.0,4896.0,2946.0,3755.0,2451.0,3711.0,1219.0,1221.0,1221.0
0.0,8388.0,3723.0,3662.0,3236.0,10409.0,3669.0,3706.0,3034.0,1219.0,1222.0,1221.0,1228.0,1250.0,1245.0,2340.0,3654.0,2394.0,3669.0,3706.0,3034.0,1219.0,1222.0,1221.0
0.0,7901.0,3705.0,3664.0,6933.0,7191.0,2339.0,3730.0,1122.0,1220.0,1222.0,1222.0,1230.0,1233.0,1242.0,2426.0,2404.0,3071.0,2339.0,3730.0,1122.0,1220.0,1222.0,1222.0
0.0,11129.0,3728.0,3666.0,9917.0,2541.0,0.0,2541.0,0.0,1220.0,1223.0,1223.0,1237.0,1257.0,1234.0,3761.0,2380.0,4988.0,0.0,2541.0,0.0,1220.0,1223.0,1223.0
0.0,17318.0,3697.0,3667.0,8852.0,64.0,0.0,64.0,0.0,1221.0,1223.0,1223.0,1227.0,1229.0,1241.0,6279.0,3574.0,7465.0,0.0,64.0,0.0,1221.0,1223.0,1223.0
0.0,22473.0,3705.0,3667.0,7730.0,0.0,0.0,0.0,0.0,1221.0,1223.0,1223.0,1248.0,1239.0,1218.0,7164.0,6051.0,9258.0,0.0,0.0,0.0,1221.0,1223.0,1223.0
0.0,26498.0,3717.0,3670.0,3559.0,0.0,0.0,0.0,0.0,1222.0,1224.0,1224.0,1236.0,1245.0,1236.0,8794.0,8542.0,9162.0,0.0,0.0,0.0,1222.0,1224.0,1224.0
0.0,26340.0,3693.0,3671.0,64.0,0.0,0.0,0.0,0.0,1222.0,1225.0,1224.0,1226.0,1244.0,1223.0,8576.0,9838.0,7926.0,0.0,0.0,0.0,1222.0,1225.0,1224.0
0.0,22711.0,3701.0,3672.0,0.0,657.0,0.0,0.0,657.0,1222.0,1225.0,1225.0,1229.0,1237.0,1235.0,7350.0,8658.0,6703.0,0.0,0.0,657.0,1222.0,1225.0,1225.0
0.0,19010.0,3678.0,3673.0,0.0,3092.0,1213.0,0.0,1879.0,1222.0,1226.0,1225.0,1224.0,1232.0,1222.0,6121.0,7421.0,5468.0,1213.0,0.0,1879.0,1222.0,1226.0,1225.0
0.0,15332.0,3686.0,3675.0,0.0,6729.0,2446.0,1175.0,3108.0,1223.0,1226.0,1226.0,1228.0,1234.0,1224.0,4897.0,6189.0,4246.0,2446.0,1175.0,3108.0,1223.0,1226.0,1226.0
0.0,11646.0,3649.0,3677.0,657.0,9731.0,3664.0,2395.0,3672.0,1224.0,1227.0,1226.0,1213.0,1215.0,1221.0,3669.0,4955.0,3022.0,3664.0,2395.0,3672.0,1224.0,1227.0,1226.0
0.0,8654.0,3682.0,3678.0,3092.0,10326.0,3681.0,3617.0,3028.0,1224.0,1227.0,1227.0,1230.0,1222.0,1230.0,2456.0,3740.0,2458.0,3681.0,3617.0,3028.0,1224.0,1227.0,1227.0
0.0,8064.0,3665.0,3679.0,6729.0,7267.0,2452.0,3657.0,1158.0,1225.0,1227.0,1227.0,1212.0,1215.0,1238.0,2439.0,2518.0,3107.0,2452.0,3657.0,1158.0,1225.0,1227.0,1227.0
0.0,11128.0,3670.0,3681.0,9731.0,2496.0,1.0,2495.0,0.0,1225.0,1228.0,1228.0,1213.0,1228.0,1229.0,3673.0,2478.0,4977.0,1.0,2495.0,0.0,1225.0,1228.0,1228.0
0.0,17189.0,3699.0,3683.0,10326.0,121.0,0.0,121.0,0.0,1226.0,1229.0,1228.0,1227.0,1238.0,1234.0,6124.0,3645.0,7420.0,0.0,121.0,0.0,1226.0,1229.0,1228.0
0.0,23816.0,3678.0,3684.0,7203.0,0.0,0.0,0.0,0.0,1226.0,1229.0,1229.0,1217.0,1220.0,1241.0,8578.0,6024.0,9214.0,0.0,0.0,0.0,1226.0,1229.0,1229.0
0.0,27341.0,3685.0,3685.0,2076.0,0.0,0.0,0.0,0.0,1226.0,1230.0,1229.0,1231.0,1228.0,1226.0,9813.0,8397.0,9131.0,0.0,0.0,0.0,1226.0,1230.0,1229.0
0.0,25732.0,3753.0,3686.0,605.0,0.0,0.0,0.0,0.0,1227.0,1230.0,1229.0,1256.0,1248.0,1249.0,8583.0,9244.0,7905.0,0.0,0.0,0.0,1227.0,1230.0,1229.0
0.0,22584.0,3739.0,3689.0,0.0,811.0,66.0,0.0,745.0,1228.0,1231.0,1230.0,1253.0,1235.0,1251.0,7327.0,8601.0,6656.0,66.0,0.0,745.0,1228.0,1231.0,1230.0
0.0,18845.0,3746.0,3689.0,0.0,3346.0,1325.0,34.0,1987.0,1228.0,1231.0,1230.0,1259.0,1245.0,1242.0,6074.0,7366.0,5405.0,1325.0,34.0,1987.0,1228.0,1231.0,1230.0
0.0,15099.0,3754.0,3690.0,0.0,7105.0,2588.0,1284.0,3233.0,1229.0,1231.0,1230.0,1258.0,1250.0,1246.0,4815.0,6121.0,4163.0,2588.0,1284.0,3233.0,1229.0,1231.0,1230.0
0.0,11345.0,3751.0,3691.0,811.0,10050.0,3778.0,2546.0,3726.0,1229.0,1232.0,1230.0,1256.0,1257.0,1238.0,3557.0,4871.0,2917.0,3778.0,2546.0,3726.0,1229.0,1232.0,1230.0
0.0,8405.0,3772.0,3692.0,3346.0,10481.0,3739.0,3757.0,2985.0,1230.0,1232.0,1230.0,1281.0,1245.0,1246.0,2367.0,3614.0,2424.0,3739.0,3757.0,2985.0,1230.0,1232.0,1230.0
0.0,7979.0,3779.0,3693.0,7105.0,7160.0,2412.0,3750.0,998.0,1230.0,1233.0,1230.0,1261.0,1272.0,1246.0,2411.0,2403.0,3165.0,2412.0,3750.0,998.0,1230.0,1233.0,1230.0
0.0,11305.0,3814.0,3695.0,10050.0,2476.0,0.0,2476.0,0.0,1231.0,1233.0,1231.0,1276.0,1272.0,1266.0,3738.0,2415.0,5152.0,0.0,2476.0,0.0,1231.0,1233.0,1231.0
0.0,17541.0,3753.0,3697.0,10481.0,0.0,0.0,0.0,0.0,1232.0,1233.0,1232.0,1248.0,1252.0,1253.0,6240.0,3689.0,7612.0,0.0,0.0,0.0,1232.0,1233.0,1232.0
0.0,24269.0,3797.0,3698.0,7160.0,0.0,0.0,0.0,0.0,1232.0,1234.0,1232.0,1262.0,1285.0,1250.0,8731.0,6194.0,9344.0,0.0,0.0,0.0,1232.0,1234.0,1232.0
0.0,27632.0,3766.0,3700.0,2476.0,0.0,0.0,0.0,0.0,1233.0,1234.0,1233.0,1246.0,1264.0,1256.0,9881.0,8659.0,9092.0,0.0,0.0,0.0,1233.0,1234.0,1233.0
0.0,26342.0,3746.0,3702.0,0.0,0.0,0.0,0.0,0.0,1234.0,1235.0,1233.0,1250.0,1249.0,1247.0,8635.0,9871.0,7836.0,0.0,0.0,0.0,1234.0,1235.0,1233.0
0.0,22596.0,3744.0,3703.0,0.0,856.0,42.0,0.0,814.0,1234.0,1235.0,1234.0,1257.0,1254.0,1233.0,7385.0,8622.0,6589.0,42.0,0.0,814.0,1234.0,1235.0,1234.0
0.0,18852.0,3753.0,3705.0,0.0,3426.0,1297.0,68.0,2061.0,1235.0,1236.0,1234.0,1250.0,1256.0,1247.0,6128.0,7368.0,5356.0,1297.0,68.0,2061.0,1235.0,1236.0,1234.0
0.0,15099.0,3756.0,3707.0,0.0,7192.0,2551.0,1309.0,3332.0,1235.0,1237.0,1235.0,1254.0,1236.0,1266.0,4878.0,6112.0,4109.0,2551.0,1309.0,3332.0,1235.0,1237.0,1235.0
0.0,11343.0,3739.0,3710.0,856.0,10090.0,3747.0,2555.0,3788.0,1236.0,1238.0,1236.0,1233.0,1241.0,1265.0,3624.0,4876.0,2843.0,3747.0,2555.0,3788.0,1236.0,1238.0,1236.0
0.0,8460.0,3715.0,3710.0,3426.0,10379.0,3691.0,3716.0,2972.0,1236.0,1238.0,1236.0,1241.0,1229.0,1245.0,2433.0,3635.0,2392.0,3691.0,3716.0,2972.0,1236.0,1238.0,1236.0
0.0,8171.0,3746.0,3713.0,7192.0,6948.0,2406.0,3646.0,896.0,1237.0,1239.0,1237.0,1261.0,1234.0,1251.0,2489.0,2474.0,3208.0,2406.0,3646.0,896.0,1237.0,1239.0,1237.0
0.0,11617.0,3700.0,3715.0,10090.0,2314.0,0.0,2314.0,0.0,1238.0,1239.0,1238.0,1236.0,1223.0,1241.0,3779.0,2549.0,5289.0,0.0,2314.0,0.0,1238.0,1239.0,1238.0
0.0,18007.0,3691.0,3716.0,10379.0,0.0,0.0,0.0,0.0,1238.0,1240.0,1238.0,1237.0,1227.0,1227.0,6290.0,3881.0,7836.0,0.0,0.0,0.0,1238.0,1240.0,1238.0
0.0,24695.0,3703.0,3718.0,6948.0,0.0,0.0,0.0,0.0,1239.0,1240.0,1239.0,1229.0,1232.0,1242.0,8744.0,6370.0,9581.0,0.0,0.0,0.0,1239.0,1240.0,1239.0
0.0,27940.0,3705.0,3719.0,2314.0,0.0,0.0,0.0,0.0,1239.0,1241.0,1239.0,1222.0,1230.0,1253.0,9921.0,8784.0,9235.0,0.0,0.0,0.0,1239.0,1241.0,1239.0
0.0,26549.0,3690.0,3720.0,0.0,0.0,0.0,0.0,0.0,1239.0,1241.0,1240.0,1214.0,1239.0,1237.0,8699.0,9868.0,7982.0,0.0,0.0,0.0,1239.0,1241.0,1240.0
0.0,22859.0,3684.0,3720.0,0.0,674.0,0.0,0.0,674.0,1240.0,1241.0,1239.0,1220.0,1240.0,1224.0,7485.0,8629.0,6745.0,0.0,0.0,674.0,1240.0,1241.0,1239.0
0.0,19175.0,3751.0,3721.0,0.0,3181.0,1186.0,65.0,1930.0,1240.0,1241.0,1240.0,1251.0,1249.0,1251.0,6265.0,7389.0,5521.0,1186.0,65.0,1930.0,1240.0,1241.0,1240.0
0.0,15424.0,3743.0,3723.0,0.0,6934.0,2434.0,1336.0,3164.0,1241.0,1242.0,1240.0,1243.0,1266.0,1234.0,5014.0,6140.0,4270.0,2434.0,1336.0,3164.0,1241.0,1242.0,1240.0
0.0,11681.0,3732.0,3723.0,674.0,9992.0,3676.0,2592.0,3724.0,1241.0,1242.0,1240.0,1242.0,1256.0,1234.0,3771.0,4874.0,3036.0,3676.0,2592.0,3724.0,1241.0,1242.0,1240.0
0.0,8623.0,3767.0,3725.0,3181.0,10588.0,3748.0,3797.0,3043.0,1242.0,1242.0,1241.0,1253.0,1270.0,1244.0,2529.0,3618.0,2476.0,3748.0,3797.0,3043.0,1242.0,1242.0,1241.0
0.0,8037.0,3770.0,3725.0,6934.0,7424.0,2591.0,3711.0,1122.0,1242.0,1242.0,1241.0,1277.0,1250.0,1243.0,2462.0,2413.0,3162.0,2591.0,3711.0,1122.0,1242.0,1242.0,1241.0
0.0,11201.0,3802.0,3727.0,9992.0,2582.0,186.0,2396.0,0.0,1243.0,1243.0,1241.0,1266.0,1272.0,1264.0,3619.0,2499.0,5083.0,186.0,2396.0,0.0,1243.0,1243.0,1241.0
0.0,17391.0,3824.0,3729.0,10588.0,0.0,0.0,0.0,0.0,1243.0,1244.0,1242.0,1271.0,1281.0,1272.0,6029.0,3819.0,7543.0,0.0,0.0,0.0,1243.0,1244.0,1242.0
0.0,24155.0,3796.0,3729.0,5910.0,0.0,0.0,0.0,0.0,1243.0,1244.0,1242.0,1267.0,1278.0,1251.0,8506.0,6335.0,9314.0,0.0,0.0,0.0,1243.0,1244.0,1242.0
0.0,26269.0,3794.0,3730.0,4096.0,0.0,0.0,0.0,0.0,1243.0,1245.0,1242.0,1263.0,1265.0,1266.0,8316.0,8768.0,9185.0,0.0,0.0,0.0,1243.0,1245.0,1242.0
0.0,26571.0,3837.0,3733.0,0.0,0.0,0.0,0.0,0.0,1244.0,1246.0,1243.0,1286.0,1271.0,1280.0,8753.0,9899.0,7919.0,0.0,0.0,0.0,1244.0,1246.0,1243.0
0.0,22734.0,3802.0,3734.0,0.0,871.0,18.0,0.0,853.0,1244.0,1246.0,1244.0,1265.0,1265.0,1272.0,7467.0,8628.0,6639.0,18.0,0.0,853.0,1244.0,1246.0,1244.0
0.0,18932.0,3819.0,3737.0,0.0,3572.0,1283.0,141.0,2148.0,1245.0,1247.0,1245.0,1260.0,1269.0,1290.0,6202.0,7363.0,5367.0,1283.0,141.0,2148.0,1245.0,1247.0,1245.0
0.0,15113.0,3797.0,3737.0,0.0,7369.0,2537.0,1406.0,3426.0,1245.0,1247.0,1245.0,1254.0,1265.0,1278.0,4942.0,6094.0,4077.0,2537.0,1406.0,3426.0,1245.0,1247.0,1245.0
0.0,11316.0,3787.0,3739.0,871.0,10295.0,3789.0,2656.0,3850.0,1246.0,1247.0,1246.0,1265.0,1250.0,1272.0,3688.0,4829.0,2799.0,3789.0,2656.0,3850.0,1246.0,1247.0,1246.0
0.0,8400.0,3806.0,3741.0,3572.0,10539.0,3765.0,3794.0,2980.0,1246.0,1248.0,1247.0,1259.0,1274.0,1273.0,2441.0,3579.0,2380.0,3765.0,3794.0,2980.0,1246.0,1248.0,1247.0
0.0,8166.0,3780.0,3743.0,7369.0,6960.0,2494.0,3631.0,835.0,1247.0,1248.0,1248.0,1261.0,1243.0,1276.0,2465.0,2446.0,3255.0,2494.0,3631.0,835.0,1247.0,1248.0,1248.0
0.0,11755.0,3785.0,3743.0,10295.0,2235.0,0.0,2235.0,0.0,1247.0,1248.0,1248.0,1260.0,1260.0,1265.0,3741.0,2609.0,5405.0,0.0,2235.0,0.0,1247.0,1248.0,1248.0
0.0,18265.0,3754.0,3745.0,10539.0,0.0,0.0,0.0,0.0,1248.0,1248.0,1249.0,1256.0,1248.0,1250.0,6270.0,4005.0,7990.0,0.0,0.0,0.0,1248.0,1248.0,1249.0
0.0,25050.0,3763.0,3746.0,6050.0,0.0,0.0,0.0,0.0,1248.0,1249.0,1249.0,1253.0,1259.0,1251.0,8779.0,6551.0,9720.0,0.0,0.0,0.0,1248.0,1249.0,1249.0
0.0,27337.0,3753.0,3747.0,2843.0,0.0,0.0,0.0,0.0,1248.0,1249.0,1250.0,1239.0,1266.0,1248.0,10020.0,8013.0,9304.0,0.0,0.0,0.0,1248.0,1249.0,1250.0
0.0,26427.0,3770.0,3749.0,302.0,0.0,0.0,0.0,0.0,1249.0,1250.0,1250.0,1246.0,1261.0,1263.0,8781.0,9590.0,8056.0,0.0,0.0,0.0,1249.0,1250.0,1250.0
0.0,22959.0,3760.0,3752.0,0.0,702.0,0.0,0.0,702.0,1250.0,1251.0,1251.0,1266.0,1254.0,1240.0,7535.0,8631.0,6793.0,0.0,0.0,702.0,1250.0,1251.0,1251.0
0.0,19199.0,3719.0,3752.0,0.0,3280.0,1212.0,134.0,1934.0,1250.0,1251.0,1251.0,1231.0,1256.0,1232.0,6269.0,7377.0,5553.0,1212.0,134.0,1934.0,1250.0,1251.0,1251.0
0.0,15480.0,3735.0,3753.0,0.0,7020.0,2452.0,1390.0,3178.0,1250.0,1252.0,1251.0,1240.0,1251.0,1244.0,5038.0,6121.0,4321.0,2452.0,1390.0,3178.0,1250.0,1252.0,1251.0
0.0,11745.0,3737.0,3755.0,702.0,10065.0,3700.0,2646.0,3719.0,1251.0,1253.0,1251.0,1243.0,1251.0,1243.0,3798.0,4870.0,3077.0,3700.0,2646.0,3719.0,1251.0,1253.0,1251.0
0.0,8710.0,3760.0,3756.0,3280.0,10550.0,3746.0,3777.0,3027.0,1252.0,1253.0,1251.0,1253.0,1265.0,1242.0,2555.0,3619.0,2536.0,3746.0,3777.0,3027.0,1252.0,1253.0,1251.0
0.0,8230.0,3776.0,3758.0,7020.0,7316.0,2571.0,3646.0,1099.0,1253.0,1254.0,1251.0,1272.0,1254.0,1250.0,2514.0,2488.0,3228.0,2571.0,3646.0,1099.0,1253.0,1254.0,1251.0
0.0,11474.0,3762.0,3759.0,10065.0,2384.0,123.0,2261.0,0.0,1253.0,1254.0,1252.0,1252.0,1261.0,1249.0,3694.0,2624.0,5156.0,123.0,2261.0,0.0,1253.0,1254.0,1252.0
0.0,17777.0,3784.0,3760.0,9290.0,0.0,0.0,0.0,0.0,1253.0,1255.0,1252.0,1257.0,1272.0,1255.0,6142.0,4009.0,7626.0,0.0,0.0,0.0,1253.0,1255.0,1252.0
0.0,23283.0,3818.0,3761.0,7074.0,0.0,0.0,0.0,0.0,1254.0,1255.0,1252.0,1283.0,1266.0,1269.0,7371.0,6514.0,9398.0,0.0,0.0,0.0,1254.0,1255.0,1252.0
0.0,26539.0,3819.0,3763.0,3886.0,0.0,0.0,0.0,0.0,1254.0,1256.0,1253.0,1283.0,1256.0,1280.0,8417.0,8894.0,9228.0,0.0,0.0,0.0,1254.0,1256.0,1253.0
0.0,26606.0,3839.0,3765.0,0.0,0.0,0.0,0.0,0.0,1255.0,1256.0,1254.0,1304.0,1260.0,1275.0,8759.0,9899.0,7948.0,0.0,0.0,0.0,1255.0,1256.0,1254.0
0.0,22767.0,3835.0,3766.0,0.0,996.0,121.0,0.0,875.0,1256.0,1256.0,1254.0,1296.0,1261.0,1278.0,7455.0,8639.0,6673.0,121.0,0.0,875.0,1256.0,1256.0,1254.0
0.0,18932.0,3834.0,3767.0,0.0,3737.0,1404.0,170.0,2163.0,1256.0,1256.0,1255.0,1283.0,1268.0,1283.0,6159.0,7378.0,5395.0,1404.0,170.0,2163.0,1256.0,1256.0,1255.0
0.0,15098.0,3839.0,3768.0,0.0,7581.0,2689.0,1443.0,3449.0,1256.0,1256.0,1256.0,1285.0,1273.0,1281.0,4876.0,6110.0,4112.0,2689.0,1443.0,3449.0,1256.0,1256.0,1256.0
0.0,11259.0,3862.0,3769.0,996.0,10452.0,3855.0,2736.0,3861.0,1256.0,1257.0,1256.0,1287.0,1288.0,1287.0,3591.0,4837.0,2831.0,3855.0,2736.0,3861.0,1256.0,1257.0,1256.0
0.0,8393.0,3840.0,3771.0,3737.0,10565.0,3739.0,3844.0,2982.0,1257.0,1257.0,1257.0,1283.0,1278.0,1279.0,2425.0,3549.0,2419.0,3739.0,3844.0,2982.0,1257.0,1257.0,1257.0
0.0,8290.0,3839.0,3772.0,7581.0,6828.0,2314.0,3684.0,830.0,1257.0,1257.0,1258.0,1264.0,1283.0,1292.0,2546.0,2441.0,3303.0,2314.0,3684.0,830.0,1257.0,1257.0,1258.0
0.0,12032.0,3814.0,3772.0,10452.0,2219.0,0.0,2219.0,0.0,1257.0,1257.0,1258.0,1254.0,1271.0,1289.0,3971.0,2601.0,5460.0,0.0,2219.0,0.0,1257.0,1257.0,1258.0
0.0,18670.0,3831.0,3774.0,10565.0,0.0,0.0,0.0,0.0,1257.0,1258.0,1259.0,1256.0,1277.0,1298.0,6572.0,4066.0,8032.0,0.0,0.0,0.0,1257.0,1258.0,1259.0
0.0,25404.0,3822.0,3776.0,6828.0,0.0,0.0,0.0,0.0,1258.0,1258.0,1260.0,1276.0,1281.0,1265.0,9055.0,6633.0,9716.0,0.0,0.0,0.0,1258.0,1258.0,1260.0
0.0,28410.0,3842.0,3778.0,2219.0,0.0,0.0,0.0,0.0,1258.0,1259.0,1261.0,1269.0,1280.0,1293.0,10093.0,9036.0,9281.0,0.0,0.0,0.0,1258.0,1259.0,1261.0
0.0,26787.0,3817.0,3779.0,0.0,0.0,0.0,0.0,0.0,1258.0,1260.0,1261.0,1255.0,1284.0,1278.0,8824.0,9975.0,7988.0,0.0,0.0,0.0,1258.0,1260.0,1261.0
0.0,22970.0,3805.0,3780.0,0.0,867.0,0.0,0.0,867.0,1259.0,1260.0,1261.0,1266.0,1267.0,1272.0,7569.0,8691.0,6710.0,0.0,0.0,867.0,1259.0,1260.0,1261.0
0.0,19165.0,3787.0,3781.0,0.0,3527.0,1244.0,156.0,2127.0,1259.0,1261.0,1261.0,1252.0,1275.0,1260.0,6303.0,7424.0,5438.0,1244.0,156.0,2127.0,1259.0,1261.0,1261.0
0.0,15378.0,3754.0,3781.0,0.0,7281.0,2508.0,1395.0,3378.0,1259.0,1261.0,1261.0,1264.0,1239.0,1251.0,5051.0,6149.0,4178.0,2508.0,1395.0,3378.0,1259.0,1261.0,1261.0
0.0,11624.0,3756.0,3782.0,867.0,10175.0,3763.0,2661.0,3751.0,1259.0,1262.0,1261.0,1255.0,1261.0,1240.0,3787.0,4910.0,2927.0,3763.0,2661.0,3751.0,1259.0,1262.0,1261.0
0.0,8735.0,3753.0,3784.0,3527.0,10411.0,3777.0,3751.0,2883.0,1260.0,1262.0,1262.0,1253.0,1246.0,1254.0,2532.0,3649.0,2554.0,3777.0,3751.0,2883.0,1260.0,1262.0,1262.0
0.0,8509.0,3748.0,3785.0,7281.0,6883.0,2523.0,3618.0,742.0,1260.0,1263.0,1262.0,1254.0,1257.0,1237.0,2523.0,2559.0,3427.0,2523.0,3618.0,742.0,1260.0,1263.0,1262.0
0.0,12042.0,3784.0,3786.0,10175.0,2236.0,19.0,2217.0,0.0,1261.0,1263.0,1262.0,1254.0,1260.0,1270.0,3777.0,2697.0,5568.0,19.0,2217.0,0.0,1261.0,1263.0,1262.0
0.0,18433.0,3767.0,3788.0,10245.0,0.0,0.0,0.0,0.0,1262.0,1264.0,1262.0,1253.0,1257.0,1257.0,6286.0,4098.0,8049.0,0.0,0.0,0.0,1262.0,1264.0,1262.0
0.0,24911.0,3760.0,3789.0,6885.0,0.0,0.0,0.0,0.0,1262.0,1264.0,1263.0,1266.0,1249.0,1245.0,8644.0,6592.0,9675.0,0.0,0.0,0.0,1262.0,1264.0,1263.0
0.0,28036.0,3809.0,3790.0,2400.0,0.0,0.0,0.0,0.0,1263.0,1264.0,1263.0,1282.0,1265.0,1262.0,9903.0,8961.0,9172.0,0.0,0.0,0.0,1263.0,1264.0,1263.0
0.0,26627.0,3812.0,3791.0,0.0,0.0,0.0,0.0,0.0,1264.0,1264.0,1263.0,1275.0,1278.0,1259.0,8804.0,9913.0,7910.0,0.0,0.0,0.0,1264.0,1264.0,1263.0
0.0,22815.0,3809.0,3793.0,0.0,997.0,66.0,0.0,931.0,1264.0,1265.0,1264.0,1275.0,1272.0,1262.0,7529.0,8635.0,6651.0,66.0,0.0,931.0,1264.0,1265.0,1264.0
0.0,19006.0,3861.0,3795.0,0.0,3830.0,1363.0,253.0,2214.0,1265.0,1265.0,1265.0,1292.0,1291.0,1278.0,6254.0,7363.0,5389.0,1363.0,253.0,2214.0,1265.0,1265.0,1265.0
0.0,15145.0,3859.0,3796.0,0.0,7694.0,2649.0,1559.0,3486.0,1265.0,1266.0,1265.0,1286.0,1301.0,1272.0,4962.0,6072.0,4111.0,2649.0,1559.0,3486.0,1265.0,1266.0,1265.0
0.0,11286.0,3885.0,3799.0,997.0,10597.0,3879.0,2863.0,3855.0,1266.0,1267.0,1266.0,1291.0,1299.0,1295.0,3676.0,4771.0,2839.0,3879.0,2863.0,3855.0,1266.0,1267.0,1266.0
0.0,8398.0,3892.0,3799.0,3830.0,10659.0,3809.0,3902.0,2948.0,1266.0,1267.0,1266.0,1293.0,1292.0,1307.0,2451.0,3472.0,2475.0,3809.0,3902.0,2948.0,1266.0,1267.0,1266.0
0.0,8336.0,3909.0,3802.0,7694.0,6889.0,2469.0,3641.0,779.0,1267.0,1267.0,1268.0,1304.0,1298.0,1307.0,2521.0,2433.0,3382.0,2469.0,3641.0,779.0,1267.0,1267.0,1268.0
0.0,12121.0,3910.0,3804.0,10597.0,2085.0,0.0,2085.0,0.0,1268.0,1268.0,1268.0,1310.0,1302.0,1298.0,3866.0,2694.0,5561.0,0.0,2085.0,0.0,1268.0,1268.0,1268.0
0.0,18808.0,3927.0,3806.0,10659.0,0.0,0.0,0.0,0.0,1268.0,1269.0,1269.0,1315.0,1310.0,1302.0,6435.0,4255.0,8118.0,0.0,0.0,0.0,1268.0,1269.0,1269.0
0.0,25540.0,3908.0,3807.0,6665.0,0.0,0.0,0.0,0.0,1269.0,1269.0,1269.0,1303.0,1297.0,1308.0,8929.0,6847.0,9764.0,0.0,0.0,0.0,1269.0,1269.0,1269.0
0.0,28297.0,3889.0,3810.0,1351.0,0.0,0.0,0.0,0.0,1270.0,1270.0,1270.0,1293.0,1287.0,1309.0,10095.0,8967.0,9235.0,0.0,0.0,0.0,1270.0,1270.0,1270.0
0.0,25759.0,3887.0,3810.0,958.0,0.0,0.0,0.0,0.0,1270.0,1270.0,1270.0,1278.0,1300.0,1309.0,8802.0,9031.0,7926.0,0.0,0.0,0.0,1270.0,1270.0,1270.0
0.0,22830.0,3877.0,3812.0,0.0,1152.0,109.0,0.0,1043.0,1270.0,1271.0,1271.0,1283.0,1289.0,1305.0,7524.0,8689.0,6617.0,109.0,0.0,1043.0,1270.0,1271.0,1271.0
0.0,18953.0,3866.0,3813.0,0.0,3978.0,1401.0,243.0,2334.0,1271.0,1271.0,1271.0,1287.0,1288.0,1291.0,6241.0,7400.0,5312.0,1401.0,243.0,2334.0,1271.0,1271.0,1271.0
0.0,15087.0,3830.0,3814.0,0.0,7813.0,2683.0,1510.0,3620.0,1271.0,1272.0,1271.0,1282.0,1262.0,1286.0,4954.0,6112.0,4021.0,2683.0,1510.0,3620.0,1271.0,1272.0,1271.0
0.0,11257.0,3849.0,3816.0,1152.0,10520.0,3879.0,2769.0,3872.0,1272.0,1272.0,1272.0,1300.0,1259.0,1290.0,3672.0,4850.0,2735.0,3879.0,2769.0,3872.0,1272.0,1272.0,1272.0
0.0,8560.0,3816.0,3817.0,3978.0,10363.0,3759.0,3799.0,2805.0,1273.0,1272.0,1272.0,1276.0,1273.0,1267.0,2481.0,3591.0,2488.0,3759.0,3799.0,2805.0,1273.0,1272.0,1272.0
0.0,8722.0,3810.0,3818.0,7813.0,6365.0,2351.0,3558.0,456.0,1273.0,1272.0,1273.0,1275.0,1269.0,1266.0,2606.0,2561.0,3555.0,2351.0,3558.0,456.0,1273.0,1272.0,1273.0
0.0,12725.0,3784.0,3819.0,10520.0,2035.0,0.0,2035.0,0.0,1274.0,1272.0,1273.0,1282.0,1246.0,1256.0,4014.0,2802.0,5909.0,0.0,2035.0,0.0,1274.0,1272.0,1273.0
0.0,19461.0,3815.0,3819.0,10363.0,0.0,0.0,0.0,0.0,1275.0,1272.0,1272.0,1293.0,1271.0,1251.0,6611.0,4325.0,8525.0,0.0,0.0,0.0,1275.0,1272.0,1272.0
0.0,26009.0,3779.0,3819.0,6365.0,0.0,0.0,0.0,0.0,1274.0,1272.0,1273.0,1254.0,1265.0,1260.0,9077.0,6853.0,10079.0,0.0,0.0,0.0,1274.0,1272.0,1273.0
0.0,28595.0,3801.0,3821.0,2035.0,0.0,0.0,0.0,0.0,1275.0,1273.0,1273.0,1259.0,1283.0,1259.0,10174.0,9146.0,9275.0,0.0,0.0,0.0,1275.0,1273.0,1273.0
0.0,26829.0,3813.0,3824.0,0.0,0.0,0.0,0.0,0.0,1276.0,1274.0,1274.0,1276.0,1285.0,1252.0,8915.0,9898.0,8016.0,0.0,0.0,0.0,1276.0,1274.0,1274.0
0.0,23016.0,3817.0,3824.0,0.0,880.0,0.0,0.0,880.0,1276.0,1274.0,1274.0,1258.0,1285.0,1274.0,7639.0,8613.0,6764.0,0.0,0.0,880.0,1276.0,1274.0,1274.0
0.0,19199.0,3824.0,3826.0,0.0,3755.0,1289.0,316.0,2150.0,1277.0,1274.0,1275.0,1285.0,1274.0,1265.0,6381.0,7328.0,5490.0,1289.0,316.0,2150.0,1277.0,1274.0,1275.0
0.0,15375.0,3830.0,3826.0,0.0,7585.0,2549.0,1616.0,3420.0,1276.0,1275.0,1275.0,1265.0,1295.0,1270.0,5096.0,6054.0,4225.0,2549.0,1616.0,3420.0,1276.0,1275.0,1275.0
0.0,11545.0,3838.0,3827.0,880.0,10548.0,3844.0,2887.0,3817.0,1277.0,1275.0,1275.0,1290.0,1271.0,1277.0,3831.0,4759.0,2955.0,3844.0,2887.0,3817.0,1277.0,1275.0,1275.0
0.0,8587.0,3852.0,3830.0,3755.0,10660.0,3848.0,3858.0,2954.0,1278.0,1276.0,1276.0,1288.0,1282.0,1282.0,2541.0,3488.0,2558.0,3848.0,3858.0,2954.0,1278.0,1276.0,1276.0
0.0,8490.0,3871.0,3830.0,7585.0,6946.0,2601.0,3519.0,826.0,1278.0,1276.0,1276.0,1302.0,1277.0,1292.0,2542.0,2522.0,3426.0,2601.0,3519.0,826.0,1278.0,1276.0,1276.0
0.0,12204.0,3876.0,3831.0,10548.0,1955.0,53.0,1902.0,0.0,1278.0,1276.0,1277.0,1296.0,1270.0,1310.0,3789.0,2861.0,5554.0,53.0,1902.0,0.0,1278.0,1276.0,1277.0
0.0,18876.0,3903.0,3832.0,10660.0,0.0,0.0,0.0,0.0,1278.0,1276.0,1278.0,1296.0,1287.0,1320.0,6337.0,4478.0,8061.0,0.0,0.0,0.0,1278.0,1276.0,1278.0
0.0,25633.0,3942.0,3835.0,6946.0,0.0,0.0,0.0,0.0,1279.0,1277.0,1279.0,1320.0,1299.0,1323.0,8889.0,7049.0,9695.0,0.0,0.0,0.0,1279.0,1277.0,1279.0
0.0,28637.0,3927.0,3837.0,1955.0,0.0,0.0,0.0,0.0,1279.0,1278.0,1280.0,1309.0,1295.0,1323.0,10170.0,9269.0,9198.0,0.0,0.0,0.0,1279.0,1278.0,1280.0
0.0,26665.0,3934.0,3838.0,0.0,0.0,0.0,0.0,0.0,1280.0,1278.0,1280.0,1303.0,1310.0,1321.0,8914.0,9876.0,7875.0,0.0,0.0,0.0,1280.0,1278.0,1280.0
0.0,22731.0,3902.0,3839.0,0.0,1258.0,86.0,0.0,1172.0,1280.0,1278.0,1281.0,1297.0,1284.0,1321.0,7611.0,8566.0,6554.0,86.0,0.0,1172.0,1280.0,1278.0,1281.0
0.0,18829.0,3915.0,3841.0,0.0,4291.0,1380.0,410.0,2501.0,1280.0,1279.0,1282.0,1294.0,1297.0,1324.0,6314.0,7282.0,5233.0,1380.0,410.0,2501.0,1280.0,1279.0,1282.0
0.0,14914.0,3923.0,3842.0,0.0,8219.0,2696.0,1706.0,3817.0,1281.0,1279.0,1282.0,1311.0,1296.0,1316.0,5020.0,5985.0,3909.0,2696.0,1706.0,3817.0,1281.0,1279.0,1282.0
0.0,10991.0,3910.0,3845.0,1258.0,10886.0,3903.0,3018.0,3965.0,1282.0,1280.0,1283.0,1288.0,1307.0,1315.0,3709.0,4689.0,2593.0,3903.0,3018.0,3965.0,1282.0,1280.0,1283.0
0.0,8339.0,3892.0,3845.0,4291.0,10487.0,3813.0,3907.0,2767.0,1282.0,1280.0,1283.0,1290.0,1299.0,1303.0,2507.0,3382.0,2450.0,3813.0,3907.0,2767.0,1282.0,1280.0,1283.0
0.0,8738.0,3918.0,3847.0,8219.0,6196.0,2434.0,3515.0,247.0,1283.0,1281.0,1283.0,1312.0,1309.0,1297.0,2597.0,2493.0,3648.0,2434.0,3515.0,247.0,1283.0,1281.0,1283.0
0.0,13039.0,3892.0,3848.0,10886.0,1800.0,0.0,1800.0,0.0,1283.0,1281.0,1284.0,1291.0,1303.0,1298.0,3981.0,2890.0,6168.0,0.0,1800.0,0.0,1283.0,1281.0,1284.0
0.0,20033.0,3880.0,3850.0,8770.0,0.0,0.0,0.0,0.0,1284.0,1282.0,1284.0,1295.0,1305.0,1280.0,6593.0,4605.0,8835.0,0.0,0.0,0.0,1284.0,1282.0,1284.0
0.0,24923.0,3872.0,3851.0,6780.0,0.0,0.0,0.0,0.0,1285.0,1282.0,1284.0,1298.0,1274.0,1300.0,7394.0,7207.0,10322.0,0.0,0.0,0.0,1285.0,1282.0,1284.0
0.0,27831.0,3841.0,3851.0,2933.0,0.0,0.0,0.0,0.0,1285.0,1282.0,1284.0,1291.0,1292.0,1258.0,9114.0,9448.0,9269.0,0.0,0.0,0.0,1285.0,1282.0,1284.0
0.0,26923.0,3819.0,3853.0,0.0,0.0,0.0,0.0,0.0,1286.0,1283.0,1284.0,1285.0,1280.0,1254.0,8956.0,9956.0,8011.0,0.0,0.0,0.0,1286.0,1283.0,1284.0
0.0,23104.0,3846.0,3855.0,0.0,995.0,62.0,0.0,933.0,1287.0,1283.0,1285.0,1298.0,1283.0,1265.0,7671.0,8676.0,6757.0,62.0,0.0,933.0,1287.0,1283.0,1285.0
0.0,19258.0,3835.0,3856.0,0.0,3857.0,1347.0,300.0,2210.0,1287.0,1284.0,1285.0,1285.0,1273.0,1277.0,6373.0,7393.0,5492.0,1347.0,300.0,2210.0,1287.0,1284.0,1285.0
0.0,15423.0,3822.0,3858.0,0.0,7689.0,2625.0,1585.0,3479.0,1288.0,1284.0,1286.0,1273.0,1285.0,1264.0,5088.0,6120.0,4215.0,2625.0,1585.0,3479.0,1288.0,1284.0,1286.0
0.0,11601.0,3821.0,3858.0,995.0,10515.0,3827.0,2855.0,3833.0,1288.0,1284.0,1286.0,1264.0,1270.0,1287.0,3815.0,4835.0,2951.0,3827.0,2855.0,3833.0,1288.0,1284.0,1286.0
0.0,8775.0,3836.0,3859.0,3857.0,10499.0,3746.0,3845.0,2908.0,1288.0,1285.0,1286.0,1266.0,1285.0,1285.0,2613.0,3565.0,2597.0,3746.0,3845.0,2908.0,1288.0,1285.0,1286.0
0.0,8796.0,3837.0,3861.0,7689.0,6657.0,2391.0,3547.0,719.0,1288.0,1286.0,1287.0,1270.0,1282.0,1285.0,2694.0,2580.0,3522.0,2391.0,3547.0,719.0,1288.0,1286.0,1287.0
0.0,12648.0,3827.0,3862.0,10515.0,1973.0,0.0,1973.0,0.0,1288.0,1286.0,1288.0,1265.0,1281.0,1281.0,4049.0,2883.0,5716.0,0.0,1973.0,0.0,1288.0,1286.0,1288.0
0.0,19336.0,3907.0,3863.0,10499.0,0.0,0.0,0.0,0.0,1288.0,1286.0,1289.0,1303.0,1289.0,1315.0,6611.0,4457.0,8268.0,0.0,0.0,0.0,1288.0,1286.0,1289.0
0.0,25928.0,3904.0,3865.0,6657.0,0.0,0.0,0.0,0.0,1289.0,1286.0,1290.0,1302.0,1287.0,1315.0,9054.0,7013.0,9861.0,0.0,0.0,0.0,1289.0,1286.0,1290.0
0.0,28681.0,3915.0,3865.0,1973.0,0.0,0.0,0.0,0.0,1289.0,1286.0,1290.0,1315.0,1289.0,1311.0,10143.0,9273.0,9265.0,0.0,0.0,0.0,1289.0,1286.0,1290.0
0.0,26739.0,3932.0,3867.0,0.0,0.0,0.0,0.0,0.0,1290.0,1286.0,1291.0,1305.0,1297.0,1330.0,8828.0,9957.0,7954.0,0.0,0.0,0.0,1290.0,1286.0,1291.0
0.0,22807.0,3958.0,3869.0,0.0,1397.0,245.0,0.0,1152.0,1290.0,1287.0,1292.0,1318.0,1324.0,1316.0,7523.0,8660.0,6624.0,245.0,0.0,1152.0,1290.0,1287.0,1292.0
0.0,18849.0,3958.0,3870.0,0.0,4459.0,1573.0,413.0,2473.0,1291.0,1287.0,1292.0,1323.0,1314.0,1321.0,6205.0,7336.0,5308.0,1573.0,413.0,2473.0,1291.0,1287.0,1292.0
0.0,14891.0,3977.0,3871.0,0.0,8441.0,2899.0,1747.0,3795.0,1291.0,1288.0,1292.0,1326.0,1329.0,1322.0,4882.0,6022.0,3987.0,2899.0,1747.0,3795.0,1291.0,1288.0,1292.0
0.0,10914.0,3988.0,3872.0,1397.0,11037.0,3975.0,3072.0,3990.0,1291.0,1288.0,1293.0,1321.0,1325.0,1342.0,3556.0,4693.0,2665.0,3975.0,3072.0,3990.0,1291.0,1288.0,1293.0
0.0,8323.0,3980.0,3874.0,4459.0,10568.0,3710.0,3996.0,2862.0,1291.0,1289.0,1294.0,1308.0,1332.0,1340.0,2480.0,3368.0,2475.0,3710.0,3996.0,2862.0,1291.0,1289.0,1294.0
0.0,8802.0,3979.0,3875.0,8441.0,6111.0,2141.0,3582.0,388.0,1292.0,1289.0,1294.0,1325.0,1333.0,1321.0,2745.0,2449.0,3608.0,2141.0,3582.0,388.0,1292.0,1289.0,1294.0
0.0,13264.0,3970.0,3877.0,11037.0,1843.0,0.0,1843.0,0.0,1292.0,1290.0,1295.0,1317.0,1328.0,1325.0,4319.0,2863.0,6082.0,0.0,1843.0,0.0,1292.0,1290.0,1295.0
0.0,20331.0,3963.0,3879.0,10568.0,0.0,0.0,0.0,0.0,1293.0,1291.0,1295.0,1309.0,1333.0,1321.0,6977.0,4607.0,8747.0,0.0,0.0,0.0,1293.0,1291.0,1295.0
0.0,26936.0,3925.0,3879.0,6111.0,0.0,0.0,0.0,0.0,1293.0,1291.0,1295.0,1316.0,1303.0,1306.0,9378.0,7270.0,10288.0,0.0,0.0,0.0,1293.0,1291.0,1295.0
0.0,29122.0,3917.0,3880.0,1843.0,0.0,0.0,0.0,0.0,1294.0,1291.0,1295.0,1317.0,1294.0,1306.0,10203.0,9549.0,9370.0,0.0,0.0,0.0,1294.0,1291.0,1295.0
0.0,27048.0,3940.0,3883.0,0.0,0.0,0.0,0.0,0.0,1295.0,1292.0,1296.0,1320.0,1312.0,1308.0,8886.0,10098.0,8064.0,0.0,0.0,0.0,1295.0,1292.0,1296.0
0.0,23108.0,3885.0,3884.0,0.0,1231.0,218.0,0.0,1013.0,1295.0,1293.0,1296.0,1309.0,1287.0,1289.0,7566.0,8786.0,6756.0,218.0,0.0,1013.0,1295.0,1293.0,1296.0
0.0,19223.0,3886.0,3884.0,0.0,4083.0,1522.0,253.0,2308.0,1295.0,1293.0,1296.0,1304.0,1287.0,1295.0,6257.0,7499.0,5467.0,1522.0,253.0,2308.0,1295.0,1293.0,1296.0
0.0,15337.0,3890.0,3886.0,0.0,7983.0,2828.0,1568.0,3587.0,1296.0,1294.0,1296.0,1301.0,1310.0,1279.0,4953.0,6212.0,4172.0,2828.0,1568.0,3587.0,1296.0,1294.0,1296.0
0.0,11447.0,3889.0,3888.0,1231.0,10651.0,3921.0,2867.0,3863.0,1296.0,1295.0,1297.0,1311.0,1294.0,1284.0,3652.0,4902.0,2893.0,3921.0,2867.0,3863.0,1296.0,1295.0,1297.0
0.0,8789.0,3848.0,3888.0,4083.0,10416.0,3692.0,3871.0,2853.0,1296.0,1294.0,1298.0,1293.0,1262.0,1293.0,2559.0,3608.0,2622.0,3692.0,3871.0,2853.0,1296.0,1294.0,1298.0
0.0,9024.0,3861.0,3890.0,7983.0,6304.0,2155.0,3603.0,546.0,1297.0,1295.0,1298.0,1286.0,1295.0,1280.0,2788.0,2599.0,3637.0,2155.0,3603.0,546.0,1297.0,1295.0,1298.0
0.0,13146.0,3889.0,3892.0,10651.0,2030.0,0.0,2030.0,0.0,1298.0,1295.0,1299.0,1296.0,1294.0,1299.0,4330.0,2872.0,5944.0,0.0,2030.0,0.0,1298.0,1295.0,1299.0
0.0,19908.0,3867.0,3893.0,10416.0,0.0,0.0,0.0,0.0,1298.0,1295.0,1300.0,1293.0,1277.0,1297.0,6955.0,4445.0,8508.0,0.0,0.0,0.0,1298.0,1295.0,1300.0
0.0,26457.0,3902.0,3895.0,6304.0,0.0,0.0,0.0,0.0,1299.0,1296.0,1300.0,1294.0,1311.0,1297.0,9354.0,7039.0,10064.0,0.0,0.0,0.0,1299.0,1296.0,1300.0
0.0,28859.0,3900.0,3896.0,2030.0,0.0,0.0,0.0,0.0,1299.0,1296.0,1301.0,1283.0,1316.0,1301.0,10215.0,9331.0,9313.0,0.0,0.0,0.0,1299.0,1296.0,1301.0
0.0,26989.0,3918.0,3898.0,0.0,0.0,0.0,0.0,0.0,1299.0,1297.0,1302.0,1299.0,1303.0,1316.0,8932.0,10045.0,8012.0,0.0,0.0,0.0,1299.0,1297.0,1302.0
0.0,23071.0,3958.0,3901.0,0.0,1324.0,179.0,0.0,1145.0,1300.0,1298.0,1303.0,1312.0,1320.0,1326.0,7633.0,8742.0,6696.0,179.0,0.0,1145.0,1300.0,1298.0,1303.0
0.0,19113.0,3963.0,3901.0,0.0,4355.0,1488.0,395.0,2472.0,1300.0,1298.0,1303.0,1309.0,1327.0,1327.0,6321.0,7422.0,5370.0,1488.0,395.0,2472.0,1300.0,1298.0,1303.0
0.0,15150.0,3957.0,3904.0,0.0,8327.0,2812.0,1716.0,3799.0,1301.0,1299.0,1304.0,1319.0,1316.0,1322.0,5012.0,6095.0,4043.0,2812.0,1716.0,3799.0,1301.0,1299.0,1304.0
0.0,11193.0,3982.0,3905.0,1324.0,10990.0,3960.0,3044.0,3986.0,1301.0,1300.0,1304.0,1327.0,1323.0,1332.0,3693.0,4779.0,2721.0,3960.0,3044.0,3986.0,1301.0,1300.0,1304.0
0.0,8535.0,4036.0,3908.0,4355.0,10686.0,3826.0,3988.0,2872.0,1302.0,1301.0,1305.0,1349.0,1334.0,1353.0,2545.0,3456.0,2534.0,3826.0,3988.0,2872.0,1302.0,1301.0,1305.0
0.0,8854.0,4006.0,3910.0,8327.0,6375.0,2365.0,3610.0,400.0,1303.0,1302.0,1305.0,1346.0,1333.0,1327.0,2684.0,2517.0,3653.0,2365.0,3610.0,400.0,1303.0,1302.0,1305.0
0.0,13175.0,3986.0,3910.0,10990.0,1891.0,0.0,1891.0,0.0,1303.0,1302.0,1305.0,1326.0,1325.0,1335.0,4150.0,2900.0,6125.0,0.0,1891.0,0.0,1303.0,1302.0,1305.0
0.0,20179.0,3986.0,3911.0,10686.0,0.0,0.0,0.0,0.0,1303.0,1302.0,1306.0,1322.0,1315.0,1349.0,6784.0,4619.0,8776.0,0.0,0.0,0.0,1303.0,1302.0,1306.0
0.0,26879.0,3981.0,3913.0,5951.0,0.0,0.0,0.0,0.0,1304.0,1303.0,1306.0,1337.0,1317.0,1327.0,9288.0,7292.0,10299.0,0.0,0.0,0.0,1304.0,1303.0,1306.0
0.0,28849.0,3962.0,3915.0,2315.0,0.0,0.0,0.0,0.0,1305.0,1304.0,1306.0,1325.0,1328.0,1309.0,9892.0,9585.0,9372.0,0.0,0.0,0.0,1305.0,1304.0,1306.0
0.0,27202.0,3969.0,3915.0,0.0,0.0,0.0,0.0,0.0,1305.0,1304.0,1306.0,1328.0,1316.0,1325.0,8991.0,10148.0,8063.0,0.0,0.0,0.0,1305.0,1304.0,1306.0
0.0,23233.0,3984.0,3917.0,0.0,1308.0,190.0,0.0,1118.0,1306.0,1305.0,1306.0,1323.0,1335.0,1326.0,7663.0,8832.0,6738.0,190.0,0.0,1118.0,1306.0,1305.0,1306.0
0.0,19249.0,3968.0,3917.0,0.0,4304.0,1518.0,348.0,2438.0,1306.0,1305.0,1306.0,1328.0,1320.0,1320.0,6340.0,7497.0,5412.0,1518.0,348.0,2438.0,1306.0,1305.0,1306.0
0.0,15281.0,3921.0,3918.0,0.0,8230.0,2822.0,1656.0,3752.0,1306.0,1305.0,1307.0,1304.0,1308.0,1309.0,5012.0,6177.0,4092.0,2822.0,1656.0,3752.0,1306.0,1305.0,1307.0
0.0,11360.0,3915.0,3919.0,1308.0,10842.0,3951.0,2947.0,3944.0,1307.0,1305.0,1307.0,1314.0,1291.0,1310.0,3708.0,4869.0,2783.0,3951.0,2947.0,3944.0,1307.0,1305.0,1307.0
0.0,8753.0,3957.0,3920.0,4304.0,10500.0,3755.0,3919.0,2826.0,1307.0,1305.0,1308.0,1322.0,1320.0,1315.0,2584.0,3578.0,2591.0,3755.0,3919.0,2826.0,1307.0,1305.0,1308.0
0.0,9100.0,3950.0,3922.0,8230.0,6230.0,2259.0,3592.0,379.0,1308.0,1306.0,1308.0,1321.0,1324.0,1305.0,2780.0,2606.0,3714.0,2259.0,3592.0,379.0,1308.0,1306.0,1308.0
0.0,13380.0,3928.0,3923.0,10842.0,1960.0,0.0,1960.0,0.0,1308.0,1306.0,1309.0,1309.0,1315.0,1304.0,4281.0,2938.0,6161.0,0.0,1960.0,0.0,1308.0,1306.0,1309.0
0.0,20294.0,3923.0,3926.0,10500.0,0.0,0.0,0.0,0.0,1309.0,1307.0,1310.0,1310.0,1313.0,1300.0,6923.0,4570.0,8801.0,0.0,0.0,0.0,1309.0,1307.0,1310.0
0.0,26871.0,3919.0,3926.0,6230.0,0.0,0.0,0.0,0.0,1309.0,1307.0,1310.0,1306.0,1306.0,1307.0,9368.0,7176.0,10327.0,0.0,0.0,0.0,1309.0,1307.0,1310.0
0.0,29182.0,3923.0,3928.0,1960.0,0.0,0.0,0.0,0.0,1309.0,1308.0,1311.0,1307.0,1305.0,1311.0,10321.0,9462.0,9399.0,0.0,0.0,0.0,1309.0,1308.0,1311.0
0.0,27219.0,3916.0,3930.0,0.0,0.0,0.0,0.0,0.0,1310.0,1308.0,1312.0,1309.0,1300.0,1307.0,9014.0,10117.0,8088.0,0.0,0.0,0.0,1310.0,1308.0,1312.0
0.0,23303.0,3920.0,3931.0,0.0,1227.0,143.0,0.0,1084.0,1310.0,1309.0,1312.0,1298.0,1317.0,1305.0,7705.0,8817.0,6781.0,143.0,0.0,1084.0,1310.0,1309.0,1312.0
0.0,19383.0,3918.0,3934.0,0.0,4205.0,1447.0,354.0,2404.0,1311.0,1310.0,1313.0,1299.0,1304.0,1315.0,6407.0,7500.0,5476.0,1447.0,354.0,2404.0,1311.0,1310.0,1313.0
0.0,15465.0,3907.0,3934.0,0.0,8112.0,2731.0,1665.0,3716.0,1311.0,1310.0,1313.0,1284.0,1311.0,1312.0,5108.0,6196.0,4161.0,2731.0,1665.0,3716.0,1311.0,1310.0,1313.0
0.0,11558.0,3942.0,3937.0,1227.0,10842.0,3892.0,2983.0,3967.0,1312.0,1311.0,1314.0,1299.0,1313.0,1330.0,3824.0,4885.0,2849.0,3892.0,2983.0,3967.0,1312.0,1311.0,1314.0
0.0,8843.0,4000.0,3940.0,4205.0,10652.0,3783.0,3967.0,2902.0,1313.0,1312.0,1315.0,1333.0,1333.0,1334.0,2668.0,3572.0,2603.0,3783.0,3967.0,2902.0,1313.0,1312.0,1315.0
0.0,9048.0,3954.0,3940.0,8112.0,6494.0,2362.0,3616.0,516.0,1313.0,1312.0,1315.0,1310.0,1314.0,1330.0,2782.0,2593.0,3673.0,2362.0,3616.0,516.0,1313.0,1312.0,1315.0
0.0,13206.0,4004.0,3941.0,10842.0,1959.0,0.0,1959.0,0.0,1313.0,1313.0,1315.0,1346.0,1321.0,1337.0,4203.0,2944.0,6059.0,0.0,1959.0,0.0,1313.0,1313.0,1315.0
0.0,20044.0,4010.0,3943.0,9458.0,0.0,0.0,0.0,0.0,1314.0,1314.0,1315.0,1339.0,1337.0,1334.0,6749.0,4606.0,8689.0,0.0,0.0,0.0,1314.0,1314.0,1315.0
0.0,25492.0,4001.0,3944.0,6611.0,0.0,0.0,0.0,0.0,1314.0,1314.0,1316.0,1329.0,1343.0,1329.0,7999.0,7236.0,10257.0,0.0,0.0,0.0,1314.0,1314.0,1316.0
0.0,28102.0,4057.0,3946.0,3036.0,0.0,0.0,0.0,0.0,1315.0,1315.0,1316.0,1363.0,1350.0,1344.0,9149.0,9509.0,9444.0,0.0,0.0,0.0,1315.0,1315.0,1316.0
0.0,27081.0,4067.0,3948.0,0.0,0.0,0.0,0.0,0.0,1316.0,1315.0,1317.0,1361.0,1344.0,1362.0,8863.0,10118.0,8100.0,0.0,0.0,0.0,1316.0,1315.0,1317.0
0.0,23014.0,4009.0,3948.0,0.0,1599.0,421.0,0.0,1178.0,1316.0,1315.0,1317.0,1343.0,1335.0,1331.0,7502.0,8774.0,6738.0,421.0,0.0,1178.0,1316.0,1315.0,1317.0
0.0,19005.0,4037.0,3949.0,0.0,4777.0,1777.0,482.0,2518.0,1317.0,1315.0,1317.0,1351.0,1346.0,1340.0,6159.0,7439.0,5407.0,1777.0,482.0,2518.0,1317.0,1315.0,1317.0
0.0,14968.0,4012.0,3949.0,0.0,8789.0,3113.0,1812.0,3864.0,1317.0,1315.0,1317.0,1336.0,1330.0,1346.0,4808.0,6093.0,4067.0,3113.0,1812.0,3864.0,1317.0,1315.0,1317.0
0.0,10956.0,4010.0,3950.0,1599.0,11205.0,4033.0,3150.0,4022.0,1318.0,1315.0,1317.0,1336.0,1338.0,1336.0,3472.0,4763.0,2721.0,4033.0,3150.0,4022.0,1318.0,1315.0,1317.0
0.0,8545.0,4058.0,3952.0,4777.0,10496.0,3590.0,4042.0,2864.0,1318.0,1316.0,1318.0,1334.0,1369.0,1355.0,2557.0,3425.0,2563.0,3590.0,4042.0,2864.0,1318.0,1316.0,1318.0
0.0,9264.0,4019.0,3954.0,8789.0,5736.0,1806.0,3588.0,342.0,1318.0,1317.0,1319.0,1329.0,1353.0,1337.0,3000.0,2538.0,3726.0,1806.0,3588.0,342.0,1318.0,1317.0,1319.0
0.0,14034.0,3995.0,3956.0,11205.0,1778.0,0.0,1778.0,0.0,1319.0,1318.0,1319.0,1335.0,1335.0,1325.0,4784.0,2997.0,6253.0,0.0,1778.0,0.0,1319.0,1318.0,1319.0
0.0,21244.0,4013.0,3957.0,10496.0,0.0,0.0,0.0,0.0,1319.0,1318.0,1320.0,1335.0,1328.0,1350.0,7482.0,4812.0,8950.0,0.0,0.0,0.0,1319.0,1318.0,1320.0
0.0,27727.0,3966.0,3958.0,5736.0,0.0,0.0,0.0,0.0,1319.0,1319.0,1320.0,1327.0,1318.0,1321.0,9737.0,7526.0,10464.0,0.0,0.0,0.0,1319.0,1319.0,1320.0
0.0,29497.0,3964.0,3960.0,1450.0,0.0,0.0,0.0,0.0,1320.0,1319.0,1321.0,1334.0,1312.0,1318.0,10216.0,9796.0,9485.0,0.0,0.0,0.0,1320.0,1319.0,1321.0
0.0,26983.0,3976.0,3961.0,328.0,0.0,0.0,0.0,0.0,1320.0,1319.0,1322.0,1325.0,1318.0,1333.0,8882.0,9934.0,8167.0,0.0,0.0,0.0,1320.0,1319.0,1322.0
0.0,23335.0,3975.0,3964.0,0.0,1486.0,376.0,0.0,1110.0,1321.0,1320.0,1323.0,1328.0,1318.0,1329.0,7557.0,8944.0,6834.0,376.0,0.0,1110.0,1321.0,1320.0,1323.0
0.0,19360.0,3954.0,3965.0,0.0,4419.0,1695.0,286.0,2438.0,1321.0,1321.0,1323.0,1319.0,1307.0,1328.0,6229.0,7626.0,5505.0,1695.0,286.0,2438.0,1321.0,1321.0,1323.0
0.0,15406.0,3956.0,3967.0,0.0,8385.0,3020.0,1605.0,3760.0,1322.0,1321.0,1324.0,1320.0,1319.0,1317.0,4910.0,6319.0,4177.0,3020.0,1605.0,3760.0,1322.0,1321.0,1324.0
0.0,11450.0,3952.0,3968.0,1486.0,10856.0,3973.0,2892.0,3991.0,1322.0,1321.0,1325.0,1329.0,1287.0,1336.0,3590.0,5000.0,2860.0,3973.0,2892.0,3991.0,1322.0,1321.0,1325.0
0.0,8984.0,3954.0,3970.0,4419.0,10401.0,3590.0,3932.0,2879.0,1323.0,1322.0,1325.0,1307.0,1321.0,1326.0,2637.0,3713.0,2634.0,3590.0,3932.0,2879.0,1323.0,1322.0,1325.0
0.0,9449.0,3973.0,3971.0,8385.0,5994.0,1869.0,3662.0,463.0,1323.0,1322.0,1326.0,1299.0,1335.0,1339.0,3025.0,2678.0,3746.0,1869.0,3662.0,463.0,1323.0,1322.0,1326.0
0.0,13861.0,3989.0,3974.0,10856.0,2105.0,0.0,2105.0,0.0,1324.0,1323.0,1327.0,1330.0,1330.0,1329.0,4746.0,2948.0,6167.0,0.0,2105.0,0.0,1324.0,1323.0,1327.0
0.0,20728.0,3981.0,3974.0,10181.0,0.0,0.0,0.0,0.0,1324.0,1323.0,1327.0,1324.0,1325.0,1332.0,7389.0,4510.0,8829.0,0.0,0.0,0.0,1324.0,1323.0,1327.0
0.0,26928.0,4002.0,3974.0,6214.0,0.0,0.0,0.0,0.0,1324.0,1323.0,1327.0,1323.0,1334.0,1345.0,9435.0,7117.0,10376.0,0.0,0.0,0.0,1324.0,1323.0,1327.0
0.0,29140.0,4011.0,3977.0,2105.0,0.0,0.0,0.0,0.0,1325.0,1324.0,1328.0,1335.0,1333.0,1343.0,10201.0,9445.0,9494.0,0.0,0.0,0.0,1325.0,1324.0,1328.0
0.0,27234.0,4024.0,3977.0,0.0,0.0,0.0,0.0,0.0,1325.0,1324.0,1328.0,1338.0,1342.0,1344.0,8866.0,10217.0,8151.0,0.0,0.0,0.0,1325.0,1324.0,1328.0
0.0,23210.0,4047.0,3978.0,0.0,1643.0,464.0,0.0,1179.0,1326.0,1324.0,1328.0,1362.0,1339.0,1346.0,7528.0,8875.0,6807.0,464.0,0.0,1179.0,1326.0,1324.0,1328.0
0.0,19163.0,4068.0,3979.0,0.0,4800.0,1830.0,449.0,2521.0,1326.0,1325.0,1328.0,1366.0,1360.0,1342.0,6166.0,7536.0,5461.0,1830.0,449.0,2521.0,1326.0,1325.0,1328.0
0.0,15095.0,4072.0,3981.0,0.0,8882.0,3203.0,1804.0,3875.0,1327.0,1325.0,1329.0,1368.0,1355.0,1349.0,4800.0,6176.0,4119.0,3203.0,1804.0,3875.0,1327.0,1325.0,1329.0
0.0,11023.0,4088.0,3982.0,1643.0,11332.0,4103.0,3172.0,4057.0,1327.0,1326.0,1329.0,1364.0,1363.0,1361.0,3432.0,4821.0,2770.0,4103.0,3172.0,4057.0,1327.0,1326.0,1329.0
0.0,8578.0,4067.0,3984.0,4800.0,10609.0,3619.0,4091.0,2899.0,1328.0,1327.0,1329.0,1341.0,1363.0,1363.0,2532.0,3458.0,2588.0,3619.0,4091.0,2899.0,1328.0,1327.0,1329.0
0.0,9311.0,4057.0,3986.0,8882.0,5794.0,1761.0,3649.0,384.0,1328.0,1328.0,1330.0,1345.0,1357.0,1355.0,3021.0,2544.0,3746.0,1761.0,3649.0,384.0,1328.0,1328.0,1330.0
0.0,14136.0,4046.0,3987.0,11332.0,1821.0,0.0,1821.0,0.0,1328.0,1328.0,1331.0,1354.0,1344.0,1348.0,4879.0,2991.0,6266.0,0.0,1821.0,0.0,1328.0,1328.0,1331.0
0.0,21422.0,4013.0,3987.0,10609.0,0.0,0.0,0.0,0.0,1328.0,1328.0,1331.0,1324.0,1340.0,1349.0,7628.0,4819.0,8975.0,0.0,0.0,0.0,1328.0,1328.0,1331.0
0.0,28018.0,4032.0,3989.0,3907.0,0.0,0.0,0.0,0.0,1329.0,1329.0,1331.0,1344.0,1346.0,1342.0,9923.0,7570.0,10525.0,0.0,0.0,0.0,1329.0,1329.0,1331.0
0.0,27893.0,4019.0,3990.0,3708.0,0.0,0.0,0.0,0.0,1329.0,1329.0,1332.0,1334.0,1332.0,1353.0,10340.0,7986.0,9567.0,0.0,0.0,0.0,1329.0,1329.0,1332.0
0.0,27582.0,4045.0,3993.0,0.0,0.0,0.0,0.0,0.0,1330.0,1330.0,1333.0,1349.0,1343.0,1353.0,9006.0,10362.0,8214.0,0.0,0.0,0.0,1330.0,1330.0,1333.0
0.0,23537.0,4039.0,3995.0,0.0,1498.0,335.0,0.0,1163.0,1330.0,1331.0,1334.0,1342.0,1343.0,1354.0,7657.0,9019.0,6861.0,335.0,0.0,1163.0,1330.0,1331.0,1334.0
0.0,19498.0,4034.0,3996.0,0.0,4516.0,1693.0,314.0,2509.0,1331.0,1331.0,1334.0,1353.0,1335.0,1346.0,6315.0,7676.0,5507.0,1693.0,314.0,2509.0,1331.0,1331.0,1334.0
0.0,15464.0,4030.0,3997.0,0.0,8551.0,3040.0,1651.0,3860.0,1331.0,1331.0,1335.0,1347.0,1337.0,1346.0,4962.0,6341.0,4161.0,3040.0,1651.0,3860.0,1331.0,1331.0,1335.0
0.0,11434.0,4015.0,3999.0,1498.0,11078.0,4053.0,2984.0,4041.0,1332.0,1331.0,1336.0,1343.0,1333.0,1339.0,3615.0,5004.0,2815.0,4053.0,2984.0,4041.0,1332.0,1331.0,1336.0
0.0,8917.0,4026.0,4001.0,4516.0,10598.0,3691.0,4016.0,2891.0,1332.0,1332.0,1337.0,1331.0,1341.0,1354.0,2607.0,3671.0,2639.0,3691.0,4016.0,2891.0,1332.0,1332.0,1337.0
0.0,9407.0,4008.0,4002.0,8551.0,6060.0,1997.0,3697.0,366.0,1333.0,1332.0,1337.0,1341.0,1332.0,1335.0,2969.0,2644.0,3794.0,1997.0,3697.0,366.0,1333.0,1332.0,1337.0
0.0,13950.0,4041.0,4005.0,11078.0,2054.0,0.0,2054.0,0.0,1334.0,1333.0,1338.0,1352.0,1336.0,1353.0,4668.0,2963.0,6319.0,0.0,2054.0,0.0,1334.0,1333.0,1338.0
0.0,20987.0,3995.0,4007.0,8874.0,0.0,0.0,0.0,0.0,1334.0,1334.0,1339.0,1312.0,1358.0,1325.0,7369.0,4611.0,9007.0,0.0,0.0,0.0,1334.0,1334.0,1339.0
0.0,25866.0,3978.0,4007.0,7561.0,0.0,0.0,0.0,0.0,1334.0,1334.0,1339.0,1315.0,1330.0,1333.0,8024.0,7269.0,10573.0,0.0,0.0,0.0,1334.0,1334.0,1339.0
0.0,29449.0,4022.0,4010.0,2277.0,0.0,0.0,0.0,0.0,1335.0,1335.0,1340.0,1340.0,1337.0,1345.0,10207.0,9636.0,9606.0,0.0,0.0,0.0,1335.0,1335.0,1340.0
0.0,27704.0,4028.0,4012.0,0.0,0.0,0.0,0.0,0.0,1336.0,1336.0,1340.0,1332.0,1345.0,1351.0,9090.0,10353.0,8261.0,0.0,0.0,0.0,1336.0,1336.0,1340.0
0.0,23676.0,4015.0,4014.0,0.0,1400.0,257.0,0.0,1143.0,1337.0,1336.0,1341.0,1330.0,1337.0,1348.0,7758.0,9008.0,6910.0,257.0,0.0,1143.0,1337.0,1336.0,1341.0
0.0,19661.0,4037.0,4014.0,0.0,4446.0,1605.0,354.0,2487.0,1337.0,1336.0,1341.0,1348.0,1345.0,1344.0,6428.0,7671.0,5562.0,1605.0,354.0,2487.0,1337.0,1336.0,1341.0
0.0,15624.0,4041.0,4016.0,0.0,8497.0,2962.0,1705.0,3830.0,1338.0,1337.0,1341.0,1352.0,1346.0,1343.0,5080.0,6326.0,4218.0,2962.0,1705.0,3830.0,1338.0,1337.0,1341.0
0.0,11583.0,4047.0,4017.0,1400.0,11149.0,4057.0,3061.0,4031.0,1338.0,1338.0,1341.0,1352.0,1351.0,1344.0,3728.0,4980.0,2875.0,4057.0,3061.0,4031.0,1338.0,1338.0,1341.0
0.0,8936.0,4066.0,4018.0,4446.0,10774.0,3812.0,4063.0,2899.0,1338.0,1338.0,1342.0,1360.0,1356.0,1350.0,2633.0,3629.0,2674.0,3812.0,4063.0,2899.0,1338.0,1338.0,1342.0
0.0,9316.0,4107.0,4019.0,8497.0,6389.0,2234.0,3729.0,426.0,1339.0,1338.0,1342.0,1379.0,1371.0,1357.0,2878.0,2627.0,3811.0,2234.0,3729.0,426.0,1339.0,1338.0,1342.0
0.0,13706.0,4094.0,4021.0,11149.0,2038.0,0.0,2038.0,0.0,1340.0,1339.0,1342.0,1377.0,1365.0,1352.0,4461.0,2961.0,6284.0,0.0,2038.0,0.0,1340.0,1339.0,1342.0
0.0,20761.0,4106.0,4021.0,10774.0,0.0,0.0,0.0,0.0,1340.0,1339.0,1342.0,1384.0,1368.0,1354.0,7141.0,4657.0,8963.0,0.0,0.0,0.0,1340.0,1339.0,1342.0
0.0,27429.0,4111.0,4024.0,5578.0,0.0,0.0,0.0,0.0,1341.0,1340.0,1343.0,1378.0,1375.0,1358.0,9569.0,7352.0,10508.0,0.0,0.0,0.0,1341.0,1340.0,1343.0
0.0,28896.0,4102.0,4024.0,2849.0,0.0,0.0,0.0,0.0,1341.0,1340.0,1343.0,1362.0,1371.0,1369.0,10425.0,8895.0,9576.0,0.0,0.0,0.0,1341.0,1340.0,1343.0
0.0,27643.0,4131.0,4028.0,0.0,0.0,0.0,0.0,0.0,1342.0,1342.0,1344.0,1377.0,1388.0,1366.0,9063.0,10373.0,8207.0,0.0,0.0,0.0,1342.0,1342.0,1344.0
0.0,23512.0,4071.0,4028.0,0.0,1607.0,375.0,0.0,1232.0,1342.0,1342.0,1344.0,1351.0,1367.0,1353.0,7686.0,8985.0,6841.0,375.0,0.0,1232.0,1342.0,1342.0,1344.0
0.0,19441.0,4072.0,4028.0,0.0,4771.0,1728.0,463.0,2580.0,1342.0,1342.0,1344.0,1353.0,1371.0,1348.0,6335.0,7618.0,5488.0,1728.0,463.0,2580.0,1342.0,1342.0,1344.0
0.0,15369.0,4075.0,4030.0,0.0,8856.0,3081.0,1845.0,3930.0,1343.0,1343.0,1344.0,1348.0,1377.0,1350.0,4982.0,6247.0,4140.0,3081.0,1845.0,3930.0,1343.0,1343.0,1344.0
0.0,11294.0,4081.0,4031.0,1607.0,11335.0,4048.0,3213.0,4074.0,1343.0,1343.0,1345.0,1342.0,1368.0,1371.0,3634.0,4870.0,2790.0,4048.0,3213.0,4074.0,1343.0,1343.0,1345.0
0.0,8820.0,4071.0,4032.0,4771.0,10640.0,3681.0,4113.0,2846.0,1343.0,1344.0,1345.0,1361.0,1358.0,1352.0,2667.0,3502.0,2651.0,3681.0,4113.0,2846.0,1343.0,1344.0,1345.0
0.0,9520.0,4055.0,4035.0,8856.0,5854.0,1951.0,3627.0,276.0,1344.0,1345.0,1346.0,1346.0,1354.0,1355.0,3034.0,2607.0,3879.0,1951.0,3627.0,276.0,1344.0,1345.0,1346.0
0.0,14321.0,4054.0,4035.0,11335.0,1766.0,0.0,1766.0,0.0,1344.0,1345.0,1346.0,1350.0,1352.0,1352.0,4769.0,3098.0,6454.0,0.0,1766.0,0.0,1344.0,1345.0,1346.0
0.0,21602.0,4070.0,4038.0,10640.0,0.0,0.0,0.0,0.0,1345.0,1346.0,1347.0,1363.0,1336.0,1371.0,7467.0,4959.0,9176.0,0.0,0.0,0.0,1345.0,1346.0,1347.0
0.0,28172.0,4046.0,4039.0,5854.0,0.0,0.0,0.0,0.0,1345.0,1346.0,1348.0,1359.0,1335.0,1352.0,9785.0,7736.0,10651.0,0.0,0.0,0.0,1345.0,1346.0,1348.0
0.0,29980.0,4012.0,4041.0,1766.0,0.0,0.0,0.0,0.0,1346.0,1347.0,1348.0,1342.0,1334.0,1336.0,10377.0,10028.0,9575.0,0.0,0.0,0.0,1346.0,1347.0,1348.0
0.0,27734.0,3997.0,4041.0,0.0,0.0,0.0,0.0,0.0,1346.0,1347.0,1348.0,1331.0,1327.0,1339.0,9035.0,10460.0,8239.0,0.0,0.0,0.0,1346.0,1347.0,1348.0
0.0,23737.0,4020.0,4042.0,0.0,1546.0,364.0,0.0,1182.0,1346.0,1348.0,1348.0,1338.0,1340.0,1342.0,7704.0,9133.0,6900.0,364.0,0.0,1182.0,1346.0,1348.0,1348.0
0.0,19717.0,3992.0,4042.0,0.0,4485.0,1686.0,276.0,2523.0,1346.0,1348.0,1348.0,1322.0,1329.0,1341.0,6366.0,7793.0,5558.0,1686.0,276.0,2523.0,1346.0,1348.0,1348.0
0.0,15725.0,4025.0,4044.0,0.0,8520.0,3019.0,1618.0,3883.0,1347.0,1348.0,1349.0,1328.0,1342.0,1355.0,5044.0,6464.0,4217.0,3019.0,1618.0,3883.0,1347.0,1348.0,1349.0
0.0,11700.0,4021.0,4044.0,1546.0,10995.0,3991.0,2946.0,4058.0,1347.0,1348.0,1349.0,1336.0,1328.0,1357.0,3716.0,5122.0,2862.0,3991.0,2946.0,4058.0,1347.0,1348.0,1349.0
0.0,9225.0,4037.0,4045.0,4485.0,10552.0,3649.0,4019.0,2884.0,1347.0,1348.0,1350.0,1344.0,1349.0,1344.0,2744.0,3794.0,2687.0,3649.0,4019.0,2884.0,1347.0,1348.0,1350.0
0.0,9673.0,4064.0,4047.0,8520.0,6106.0,1983.0,3775.0,348.0,1348.0,1349.0,1350.0,1348.0,1369.0,1347.0,3086.0,2721.0,3866.0,1983.0,3775.0,348.0,1348.0,1349.0,1350.0
0.0,14129.0,4061.0,4048.0,10995.0,2191.0,0.0,2191.0,0.0,1348.0,1350.0,1350.0,1360.0,1357.0,1344.0,4757.0,2970.0,6402.0,0.0,2191.0,0.0,1348.0,1350.0,1350.0
0.0,21063.0,4137.0,4049.0,10552.0,0.0,0.0,0.0,0.0,1349.0,1350.0,1350.0,1383.0,1385.0,1369.0,7388.0,4559.0,9116.0,0.0,0.0,0.0,1349.0,1350.0,1350.0
0.0,27478.0,4145.0,4052.0,4546.0,0.0,0.0,0.0,0.0,1350.0,1351.0,1351.0,1384.0,1392.0,1369.0,9654.0,7193.0,10631.0,0.0,0.0,0.0,1350.0,1351.0,1351.0
0.0,27879.0,4148.0,4053.0,3751.0,0.0,0.0,0.0,0.0,1350.0,1352.0,1351.0,1396.0,1386.0,1366.0,10253.0,8016.0,9610.0,0.0,0.0,0.0,1350.0,1352.0,1351.0
0.0,27482.0,4138.0,4054.0,0.0,0.0,0.0,0.0,0.0,1351.0,1352.0,1351.0,1394.0,1385.0,1359.0,8857.0,10381.0,8244.0,0.0,0.0,0.0,1351.0,1352.0,1351.0
0.0,23344.0,4154.0,4055.0,0.0,1921.0,680.0,0.0,1241.0,1351.0,1353.0,1351.0,1388.0,1395.0,1371.0,7463.0,8996.0,6885.0,680.0,0.0,1241.0,1351.0,1353.0,1351.0
0.0,19190.0,4096.0,4056.0,0.0,5186.0,2058.0,534.0,2594.0,1352.0,1353.0,1351.0,1373.0,1370.0,1353.0,6075.0,7601.0,5514.0,2058.0,534.0,2594.0,1352.0,1353.0,1351.0
0.0,15094.0,4138.0,4058.0,0.0,9334.0,3426.0,1927.0,3981.0,1352.0,1354.0,1352.0,1368.0,1388.0,1382.0,4702.0,6231.0,4161.0,3426.0,1927.0,3981.0,1352.0,1354.0,1352.0
0.0,10956.0,4157.0,4060.0,1921.0,11580.0,4127.0,3325.0,4128.0,1353.0,1355.0,1352.0,1376.0,1393.0,1388.0,3334.0,4843.0,2779.0,4127.0,3325.0,4128.0,1353.0,1355.0,1352.0
0.0,8720.0,4142.0,4063.0,5186.0,10551.0,3442.0,4178.0,2931.0,1354.0,1356.0,1353.0,1368.0,1382.0,1392.0,2638.0,3450.0,2632.0,3442.0,4178.0,2931.0,1354.0,1356.0,1353.0
0.0,9764.0,4115.0,4064.0,9334.0,5337.0,1376.0,3622.0,339.0,1354.0,1356.0,1354.0,1360.0,1371.0,1384.0,3328.0,2602.0,3834.0,1376.0,3622.0,339.0,1354.0,1356.0,1354.0
0.0,14983.0,4134.0,4067.0,11580.0,1674.0,0.0,1674.0,0.0,1355.0,1357.0,1355.0,1371.0,1372.0,1391.0,5394.0,3158.0,6431.0,0.0,1674.0,0.0,1355.0,1357.0,1355.0
0.0,22429.0,4130.0,4068.0,8766.0,0.0,0.0,0.0,0.0,1355.0,1357.0,1356.0,1378.0,1359.0,1393.0,8150.0,5111.0,9168.0,0.0,0.0,0.0,1355.0,1357.0,1356.0
0.0,27065.0,4084.0,4069.0,7122.0,0.0,0.0,0.0,0.0,1356.0,1357.0,1356.0,1367.0,1355.0,1362.0,8429.0,7930.0,10706.0,0.0,0.0,0.0,1356.0,1357.0,1356.0
0.0,30103.0,4109.0,4070.0,1674.0,0.0,0.0,0.0,0.0,1356.0,1358.0,1356.0,1369.0,1359.0,1381.0,10223.0,10197.0,9683.0,0.0,0.0,0.0,1356.0,1358.0,1356.0
0.0,27668.0,4100.0,4071.0,0.0,0.0,0.0,0.0,0.0,1356.0,1358.0,1357.0,1363.0,1352.0,1385.0,8854.0,10512.0,8302.0,0.0,0.0,0.0,1356.0,1358.0,1357.0
0.0,23568.0,4056.0,4072.0,0.0,1869.0,654.0,0.0,1215.0,1357.0,1358.0,1357.0,1360.0,1349.0,1347.0,7491.0,9160.0,6917.0,654.0,0.0,1215.0,1357.0,1358.0,1357.0
0.0,19512.0,4095.0,4074.0,0.0,4953.0,2040.0,318.0,2595.0,1358.0,1358.0,1358.0,1381.0,1339.0,1375.0,6131.0,7811.0,5570.0,2040.0,318.0,2595.0,1358.0,1358.0,1358.0
0.0,15417.0,4059.0,4075.0,0.0,9017.0,3388.0,1689.0,3940.0,1358.0,1359.0,1358.0,1348.0,1366.0,1345.0,4750.0,6472.0,4195.0,3388.0,1689.0,3940.0,1358.0,1359.0,1358.0
0.0,11358.0,4050.0,4075.0,1869.0,11198.0,4088.0,3036.0,4074.0,1358.0,1359.0,1358.0,1354.0,1347.0,1349.0,3402.0,5106.0,2850.0,4088.0,3036.0,4074.0,1358.0,1359.0,1358.0
0.0,9177.0,4044.0,4075.0,4953.0,10289.0,3395.0,4071.0,2823.0,1358.0,1359.0,1358.0,1347.0,1353.0,1344.0,2702.0,3759.0,2716.0,3395.0,4071.0,2823.0,1358.0,1359.0,1358.0
0.0,10086.0,4048.0,4077.0,9017.0,5330.0,1360.0,3751.0,219.0,1359.0,1360.0,1358.0,1348.0,1364.0,1336.0,3395.0,2724.0,3967.0,1360.0,3751.0,219.0,1359.0,1360.0,1358.0
0.0,15055.0,4070.0,4077.0,11198.0,2080.0,0.0,2080.0,0.0,1359.0,1360.0,1358.0,1358.0,1365.0,1347.0,5435.0,3049.0,6571.0,0.0,2080.0,0.0,1359.0,1360.0,1358.0
0.0,22183.0,4077.0,4079.0,10289.0,0.0,0.0,0.0,0.0,1360.0,1361.0,1358.0,1361.0,1357.0,1359.0,8165.0,4720.0,9298.0,0.0,0.0,0.0,1360.0,1361.0,1358.0
0.0,28395.0,4092.0,4080.0,3881.0,0.0,0.0,0.0,0.0,1360.0,1361.0,1359.0,1356.0,1367.0,1369.0,10199.0,7434.0,10762.0,0.0,0.0,0.0,1360.0,1361.0,1359.0
0.0,28184.0,4098.0,4082.0,3529.0,0.0,0.0,0.0,0.0,1361.0,1362.0,1359.0,1375.0,1372.0,1351.0,10203.0,8369.0,9612.0,0.0,0.0,0.0,1361.0,1362.0,1359.0
0.0,27615.0,4139.0,4083.0,0.0,0.0,0.0,0.0,0.0,1361.0,1362.0,1360.0,1367.0,1387.0,1385.0,8828.0,10526.0,8261.0,0.0,0.0,0.0,1361.0,1362.0,1360.0
0.0,23476.0,4134.0,4085.0,0.0,2036.0,735.0,0.0,1301.0,1362.0,1363.0,1360.0,1386.0,1371.0,1377.0,7461.0,9139.0,6876.0,735.0,0.0,1301.0,1362.0,1363.0,1360.0
0.0,19342.0,4158.0,4087.0,0.0,5251.0,2146.0,418.0,2687.0,1363.0,1363.0,1361.0,1406.0,1371.0,1381.0,6075.0,7768.0,5499.0,2146.0,418.0,2687.0,1363.0,1363.0,1361.0
0.0,15184.0,4148.0,4087.0,0.0,9399.0,3536.0,1800.0,4063.0,1363.0,1363.0,1361.0,1390.0,1382.0,1376.0,4669.0,6397.0,4118.0,3536.0,1800.0,4063.0,1363.0,1363.0,1361.0
0.0,11036.0,4158.0,4089.0,2036.0,11531.0,4201.0,3182.0,4148.0,1363.0,1364.0,1362.0,1400.0,1377.0,1381.0,3279.0,5015.0,2742.0,4201.0,3182.0,4148.0,1363.0,1364.0,1362.0
0.0,8914.0,4169.0,4091.0,5251.0,10459.0,3472.0,4139.0,2848.0,1364.0,1364.0,1363.0,1412.0,1375.0,1382.0,2614.0,3638.0,2662.0,3472.0,4139.0,2848.0,1364.0,1364.0,1363.0
0.0,9996.0,4169.0,4091.0,9399.0,5229.0,1324.0,3728.0,177.0,1364.0,1364.0,1363.0,1388.0,1389.0,1392.0,3348.0,2681.0,3967.0,1324.0,3728.0,177.0,1364.0,1364.0,1363.0
0.0,15226.0,4168.0,4093.0,11531.0,1931.0,0.0,1931.0,0.0,1365.0,1364.0,1364.0,1393.0,1385.0,1390.0,5496.0,3092.0,6638.0,0.0,1931.0,0.0,1365.0,1364.0,1364.0
0.0,22589.0,4153.0,4093.0,10459.0,0.0,0.0,0.0,0.0,1365.0,1364.0,1364.0,1385.0,1388.0,1380.0,8304.0,4889.0,9396.0,0.0,0.0,0.0,1365.0,1364.0,1364.0
0.0,28895.0,4178.0,4095.0,5229.0,0.0,0.0,0.0,0.0,1365.0,1365.0,1365.0,1374.0,1399.0,1405.0,10391.0,7640.0,10864.0,0.0,0.0,0.0,1365.0,1365.0,1365.0
0.0,29946.0,4174.0,4097.0,1931.0,0.0,0.0,0.0,0.0,1366.0,1365.0,1366.0,1385.0,1390.0,1399.0,10341.0,9969.0,9636.0,0.0,0.0,0.0,1366.0,1365.0,1366.0
0.0,27703.0,4152.0,4098.0,0.0,0.0,0.0,0.0,0.0,1366.0,1365.0,1367.0,1372.0,1386.0,1394.0,8956.0,10510.0,8237.0,0.0,0.0,0.0,1366.0,1365.0,1367.0
0.0,23551.0,4162.0,4100.0,0.0,2030.0,645.0,0.0,1385.0,1367.0,1366.0,1367.0,1394.0,1375.0,1393.0,7584.0,9124.0,6843.0,645.0,0.0,1385.0,1367.0,1366.0,1367.0
0.0,19389.0,4145.0,4102.0,0.0,5266.0,2030.0,457.0,2779.0,1368.0,1366.0,1368.0,1380.0,1376.0,1389.0,6190.0,7749.0,5450.0,2030.0,457.0,2779.0,1368.0,1366.0,1368.0
0.0,15244.0,4133.0,4102.0,0.0,9399.0,3408.0,1837.0,4154.0,1368.0,1366.0,1368.0,1378.0,1380.0,1375.0,4810.0,6373.0,4061.0,3408.0,1837.0,4154.0,1368.0,1366.0,1368.0
0.0,11111.0,4147.0,4105.0,2030.0,11531.0,4148.0,3219.0,4164.0,1369.0,1367.0,1369.0,1380.0,1377.0,1390.0,3432.0,4993.0,2686.0,4148.0,3219.0,4164.0,1369.0,1367.0,1369.0
0.0,8994.0,4122.0,4105.0,5266.0,10387.0,3497.0,4128.0,2762.0,1369.0,1367.0,1369.0,1379.0,1366.0,1377.0,2697.0,3616.0,2681.0,3497.0,4128.0,2762.0,1369.0,1367.0,1369.0
0.0,10138.0,4111.0,4107.0,9399.0,5133.0,1468.0,3665.0,0.0,1370.0,1368.0,1369.0,1374.0,1369.0,1368.0,3348.0,2707.0,4083.0,1468.0,3665.0,0.0,1370.0,1368.0,1369.0
0.0,15426.0,4099.0,4109.0,11531.0,1816.0,0.0,1816.0,0.0,1370.0,1369.0,1370.0,1372.0,1365.0,1362.0,5382.0,3175.0,6869.0,0.0,1816.0,0.0,1370.0,1369.0,1370.0
0.0,22858.0,4063.0,4110.0,10387.0,0.0,0.0,0.0,0.0,1371.0,1369.0,1370.0,1362.0,1351.0,1350.0,8158.0,5029.0,9671.0,0.0,0.0,0.0,1371.0,1369.0,1370.0
0.0,29182.0,4078.0,4110.0,3635.0,0.0,0.0,0.0,0.0,1371.0,1369.0,1370.0,1359.0,1357.0,1362.0,10293.0,7806.0,11083.0,0.0,0.0,0.0,1371.0,1369.0,1370.0
0.0,28739.0,4082.0,4113.0,3314.0,0.0,0.0,0.0,0.0,1372.0,1370.0,1371.0,1366.0,1347.0,1369.0,10402.0,8616.0,9721.0,0.0,0.0,0.0,1372.0,1370.0,1371.0
0.0,27971.0,4064.0,4113.0,0.0,0.0,0.0,0.0,0.0,1372.0,1370.0,1371.0,1342.0,1347.0,1375.0,9036.0,10583.0,8352.0,0.0,0.0,0.0,1372.0,1370.0,1371.0
0.0,23907.0,4095.0,4116.0,0.0,1775.0,528.0,0.0,1247.0,1373.0,1371.0,1372.0,1357.0,1374.0,1364.0,7694.0,9236.0,6977.0,528.0,0.0,1247.0,1373.0,1371.0,1372.0
0.0,19812.0,4120.0,4116.0,0.0,4888.0,1898.0,366.0,2624.0,1373.0,1371.0,1372.0,1370.0,1373.0,1377.0,6337.0,7862.0,5613.0,1898.0,366.0,2624.0,1373.0,1371.0,1372.0
0.0,15692.0,4103.0,4118.0,0.0,9001.0,3283.0,1721.0,3997.0,1374.0,1371.0,1373.0,1380.0,1355.0,1368.0,4967.0,6489.0,4236.0,3283.0,1721.0,3997.0,1374.0,1371.0,1373.0
0.0,11589.0,4128.0,4118.0,1775.0,11354.0,4137.0,3090.0,4127.0,1374.0,1371.0,1373.0,1382.0,1369.0,1377.0,3587.0,5134.0,2868.0,4137.0,3090.0,4127.0,1374.0,1371.0,1373.0
0.0,9236.0,4166.0,4118.0,4888.0,10632.0,3635.0,4110.0,2887.0,1374.0,1371.0,1373.0,1396.0,1386.0,1384.0,2733.0,3765.0,2738.0,3635.0,4110.0,2887.0,1374.0,1371.0,1373.0
0.0,9958.0,4190.0,4120.0,9001.0,5831.0,1756.0,3779.0,296.0,1375.0,1371.0,1374.0,1399.0,1390.0,1401.0,3235.0,2745.0,3978.0,1756.0,3779.0,296.0,1375.0,1371.0,1374.0
0.0,14769.0,4202.0,4122.0,11354.0,2095.0,0.0,2095.0,0.0,1375.0,1372.0,1375.0,1391.0,1401.0,1410.0,5119.0,3076.0,6574.0,0.0,2095.0,0.0,1375.0,1372.0,1375.0
0.0,21921.0,4229.0,4123.0,10433.0,0.0,0.0,0.0,0.0,1375.0,1372.0,1376.0,1419.0,1407.0,1403.0,7865.0,4765.0,9291.0,0.0,0.0,0.0,1375.0,1372.0,1376.0
0.0,28125.0,4238.0,4125.0,6007.0,0.0,0.0,0.0,0.0,1376.0,1372.0,1377.0,1413.0,1415.0,1410.0,9882.0,7468.0,10775.0,0.0,0.0,0.0,1376.0,1372.0,1377.0
0.0,29894.0,4233.0,4127.0,2118.0,0.0,0.0,0.0,0.0,1376.0,1373.0,1378.0,1399.0,1400.0,1434.0,10401.0,9832.0,9661.0,0.0,0.0,0.0,1376.0,1373.0,1378.0
0.0,27779.0,4242.0,4129.0,0.0,78.0,0.0,0.0,78.0,1377.0,1373.0,1379.0,1418.0,1414.0,1410.0,9025.0,10527.0,8227.0,0.0,0.0,78.0,1377.0,1373.0,1379.0
0.0,23537.0,4225.0,4131.0,0.0,2170.0,689.0,0.0,1481.0,1378.0,1374.0,1379.0,1406.0,1416.0,1403.0,7607.0,9113.0,6817.0,689.0,0.0,1481.0,1378.0,1374.0,1379.0
0.0,19312.0,4203.0,4131.0,0.0,5546.0,2079.0,572.0,2895.0,1378.0,1374.0,1379.0,1390.0,1399.0,1414.0,6201.0,7697.0,5414.0,2079.0,572.0,2895.0,1378.0,1374.0,1379.0
0.0,15109.0,4218.0,4134.0,78.0,9701.0,3487.0,1984.0,4230.0,1379.0,1375.0,1380.0,1403.0,1407.0,1408.0,4811.0,6298.0,4000.0,3487.0,1984.0,4230.0,1379.0,1375.0,1380.0
0.0,10969.0,4216.0,4135.0,2170.0,11752.0,4194.0,3399.0,4159.0,1379.0,1376.0,1380.0,1396.0,1410.0,1410.0,3408.0,4891.0,2670.0,4194.0,3399.0,4159.0,1379.0,1376.0,1380.0
0.0,8923.0,4192.0,4136.0,5546.0,10403.0,3519.0,4215.0,2669.0,1380.0,1376.0,1380.0,1399.0,1388.0,1405.0,2701.0,3481.0,2741.0,3519.0,4215.0,2669.0,1380.0,1376.0,1380.0
0.0,10277.0,4169.0,4138.0,9701.0,5043.0,1418.0,3625.0,0.0,1380.0,1377.0,1381.0,1386.0,1389.0,1394.0,3381.0,2665.0,4231.0,1418.0,3625.0,0.0,1380.0,1377.0,1381.0
0.0,15809.0,4160.0,4138.0,11752.0,1606.0,0.0,1606.0,0.0,1380.0,1377.0,1381.0,1387.0,1380.0,1393.0,5482.0,3260.0,7067.0,0.0,1606.0,0.0,1380.0,1377.0,1381.0
0.0,23401.0,4174.0,4140.0,10403.0,0.0,0.0,0.0,0.0,1381.0,1378.0,1381.0,1385.0,1400.0,1389.0,8289.0,5279.0,9833.0,0.0,0.0,0.0,1381.0,1378.0,1381.0
0.0,29630.0,4141.0,4142.0,3319.0,0.0,0.0,0.0,0.0,1381.0,1379.0,1382.0,1386.0,1381.0,1374.0,10423.0,8094.0,11113.0,0.0,0.0,0.0,1381.0,1379.0,1382.0
0.0,28808.0,4098.0,4142.0,3330.0,0.0,0.0,0.0,0.0,1381.0,1379.0,1382.0,1367.0,1368.0,1363.0,10455.0,8614.0,9739.0,0.0,0.0,0.0,1381.0,1379.0,1382.0
0.0,28040.0,4109.0,4143.0,0.0,0.0,0.0,0.0,0.0,1382.0,1379.0,1382.0,1393.0,1355.0,1361.0,9088.0,10576.0,8376.0,0.0,0.0,0.0,1382.0,1379.0,1382.0
0.0,23931.0,4130.0,4145.0,0.0,1868.0,584.0,0.0,1284.0,1382.0,1380.0,1383.0,1369.0,1377.0,1384.0,7695.0,9221.0,7015.0,584.0,0.0,1284.0,1382.0,1380.0,1383.0
0.0,19801.0,4143.0,4146.0,0.0,5072.0,1970.0,430.0,2672.0,1383.0,1380.0,1383.0,1381.0,1374.0,1388.0,6326.0,7844.0,5631.0,1970.0,430.0,2672.0,1383.0,1380.0,1383.0
0.0,15658.0,4135.0,4148.0,0.0,9217.0,3332.0,1832.0,4053.0,1383.0,1381.0,1384.0,1362.0,1397.0,1376.0,4945.0,6470.0,4243.0,3332.0,1832.0,4053.0,1383.0,1381.0,1384.0
0.0,11523.0,4166.0,4150.0,1868.0,11525.0,4127.0,3234.0,4164.0,1384.0,1381.0,1385.0,1374.0,1402.0,1390.0,3583.0,5073.0,2867.0,4127.0,3234.0,4164.0,1384.0,1381.0,1385.0
0.0,9225.0,4143.0,4151.0,5072.0,10601.0,3522.0,4214.0,2865.0,1384.0,1382.0,1385.0,1365.0,1405.0,1373.0,2793.0,3671.0,2761.0,3522.0,4214.0,2865.0,1384.0,1382.0,1385.0
0.0,10154.0,4162.0,4153.0,9217.0,5556.0,1571.0,3788.0,197.0,1384.0,1383.0,1386.0,1381.0,1401.0,1380.0,3398.0,2696.0,4060.0,1571.0,3788.0,197.0,1384.0,1383.0,1386.0
0.0,15209.0,4164.0,4153.0,11525.0,1945.0,0.0,1945.0,0.0,1384.0,1383.0,1386.0,1375.0,1391.0,1398.0,5349.0,3127.0,6733.0,0.0,1945.0,0.0,1384.0,1383.0,1386.0
0.0,22570.0,4202.0,4156.0,10601.0,0.0,0.0,0.0,0.0,1385.0,1384.0,1387.0,1393.0,1415.0,1394.0,8101.0,4970.0,9499.0,0.0,0.0,0.0,1385.0,1384.0,1387.0
0.0,28969.0,4221.0,4157.0,5556.0,0.0,0.0,0.0,0.0,1385.0,1385.0,1387.0,1413.0,1409.0,1399.0,10230.0,7769.0,10970.0,0.0,0.0,0.0,1385.0,1385.0,1387.0
0.0,30304.0,4244.0,4158.0,1945.0,0.0,0.0,0.0,0.0,1385.0,1386.0,1387.0,1416.0,1423.0,1405.0,10388.0,10148.0,9768.0,0.0,0.0,0.0,1385.0,1386.0,1387.0
0.0,28005.0,4244.0,4160.0,0.0,0.0,0.0,0.0,0.0,1386.0,1386.0,1388.0,1421.0,1409.0,1414.0,8972.0,10670.0,8363.0,0.0,0.0,0.0,1386.0,1386.0,1388.0
0.0,23761.0,4231.0,4162.0,0.0,2208.0,794.0,0.0,1414.0,1386.0,1387.0,1389.0,1415.0,1398.0,1418.0,7551.0,9261.0,6949.0,794.0,0.0,1414.0,1386.0,1387.0,1389.0
0.0,19530.0,4233.0,4163.0,0.0,5518.0,2197.0,468.0,2853.0,1386.0,1387.0,1390.0,1403.0,1396.0,1434.0,6136.0,7863.0,5531.0,2197.0,468.0,2853.0,1386.0,1387.0,1390.0
0.0,15297.0,4224.0,4163.0,0.0,9742.0,3609.0,1869.0,4264.0,1386.0,1387.0,1390.0,1412.0,1401.0,1411.0,4733.0,6467.0,4097.0,3609.0,1869.0,4264.0,1386.0,1387.0,1390.0
0.0,11073.0,4247.0,4166.0,2208.0,11796.0,4232.0,3293.0,4271.0,1387.0,1388.0,1391.0,1412.0,1419.0,1416.0,3321.0,5066.0,2686.0,4232.0,3293.0,4271.0,1387.0,1388.0,1391.0
0.0,9034.0,4220.0,4167.0,5518.0,10503.0,3465.0,4221.0,2817.0,1388.0,1388.0,1391.0,1425.0,1396.0,1399.0,2703.0,3647.0,2684.0,3465.0,4221.0,2817.0,1388.0,1388.0,1391.0
0.0,10332.0,4241.0,4167.0,9742.0,5029.0,1269.0,3760.0,0.0,1388.0,1388.0,1391.0,1413.0,1408.0,1420.0,3475.0,2719.0,4138.0,1269.0,3760.0,0.0,1388.0,1388.0,1391.0
0.0,15833.0,4223.0,4169.0,11796.0,1868.0,0.0,1868.0,0.0,1389.0,1388.0,1392.0,1408.0,1401.0,1414.0,5671.0,3180.0,6982.0,0.0,1868.0,0.0,1389.0,1388.0,1392.0
0.0,23406.0,4232.0,4170.0,10370.0,0.0,0.0,0.0,0.0,1389.0,1389.0,1392.0,1398.0,1418.0,1416.0,8495.0,5072.0,9839.0,0.0,0.0,0.0,1389.0,1389.0,1392.0
0.0,29544.0,4209.0,4171.0,5074.0,0.0,0.0,0.0,0.0,1389.0,1390.0,1392.0,1397.0,1406.0,1406.0,10562.0,7875.0,11107.0,0.0,0.0,0.0,1389.0,1390.0,1392.0
0.0,30409.0,4214.0,4173.0,1956.0,0.0,0.0,0.0,0.0,1390.0,1390.0,1393.0,1410.0,1397.0,1407.0,10434.0,10141.0,9834.0,0.0,0.0,0.0,1390.0,1390.0,1393.0
0.0,28151.0,4201.0,4173.0,0.0,0.0,0.0,0.0,0.0,1390.0,1390.0,1393.0,1401.0,1406.0,1394.0,9024.0,10700.0,8427.0,0.0,0.0,0.0,1390.0,1390.0,1393.0
0.0,23950.0,4198.0,4175.0,0.0,2047.0,733.0,0.0,1314.0,1391.0,1391.0,1393.0,1401.0,1415.0,1382.0,7623.0,9294.0,7033.0,733.0,0.0,1314.0,1391.0,1391.0,1393.0
0.0,19752.0,4208.0,4177.0,0.0,5341.0,2158.0,486.0,2697.0,1392.0,1392.0,1393.0,1420.0,1405.0,1383.0,6222.0,7879.0,5651.0,2158.0,486.0,2697.0,1392.0,1392.0,1393.0
0.0,15544.0,4182.0,4178.0,0.0,9528.0,3549.0,1894.0,4085.0,1392.0,1393.0,1393.0,1391.0,1403.0,1388.0,4802.0,6474.0,4268.0,3549.0,1894.0,4085.0,1392.0,1393.0,1393.0
0.0,11362.0,4167.0,4179.0,2047.0,11653.0,4209.0,3278.0,4166.0,1392.0,1393.0,1394.0,1393.0,1384.0,1390.0,3411.0,5071.0,2880.0,4209.0,3278.0,4166.0,1392.0,1393.0,1394.0
0.0,9242.0,4156.0,4181.0,5341.0,10478.0,3445.0,4202.0,2831.0,1393.0,1394.0,1394.0,1389.0,1405.0,1362.0,2751.0,3687.0,2804.0,3445.0,4202.0,2831.0,1393.0,1394.0,1394.0
0.0,10427.0,4153.0,4182.0,9528.0,5108.0,1278.0,3709.0,121.0,1393.0,1395.0,1394.0,1382.0,1396.0,1375.0,3520.0,2768.0,4139.0,1278.0,3709.0,121.0,1393.0,1395.0,1394.0
0.0,15802.0,4166.0,4184.0,11653.0,1838.0,0.0,1838.0,0.0,1393.0,1396.0,1395.0,1373.0,1402.0,1391.0,5687.0,3266.0,6849.0,0.0,1838.0,0.0,1393.0,1396.0,1395.0
0.0,23289.0,4184.0,4186.0,10478.0,0.0,0.0,0.0,0.0,1394.0,1397.0,1395.0,1397.0,1390.0,1397.0,8523.0,5142.0,9624.0,0.0,0.0,0.0,1394.0,1397.0,1395.0
0.0,29583.0,4160.0,4188.0,5108.0,0.0,0.0,0.0,0.0,1395.0,1397.0,1396.0,1375.0,1388.0,1397.0,10571.0,7954.0,11058.0,0.0,0.0,0.0,1395.0,1397.0,1396.0
0.0,30531.0,4194.0,4189.0,1838.0,0.0,0.0,0.0,0.0,1395.0,1398.0,1396.0,1386.0,1407.0,1401.0,10474.0,10275.0,9782.0,0.0,0.0,0.0,1395.0,1398.0,1396.0
0.0,28175.0,4206.0,4191.0,0.0,19.0,0.0,0.0,19.0,1396.0,1398.0,1397.0,1404.0,1387.0,1415.0,9088.0,10706.0,8381.0,0.0,0.0,19.0,1396.0,1398.0,1397.0
0.0,23969.0,4206.0,4193.0,0.0,2132.0,695.0,0.0,1437.0,1396.0,1399.0,1398.0,1399.0,1394.0,1413.0,7684.0,9319.0,6966.0,695.0,0.0,1437.0,1396.0,1399.0,1398.0
0.0,19763.0,4243.0,4194.0,0.0,5450.0,2113.0,478.0,2859.0,1396.0,1399.0,1399.0,1418.0,1408.0,1417.0,6285.0,7925.0,5553.0,2113.0,478.0,2859.0,1396.0,1399.0,1399.0
0.0,15520.0,4245.0,4195.0,19.0,9681.0,3542.0,1869.0,4270.0,1397.0,1399.0,1399.0,1424.0,1391.0,1430.0,4867.0,6517.0,4136.0,3542.0,1869.0,4270.0,1397.0,1399.0,1399.0
0.0,11294.0,4292.0,4197.0,2132.0,11851.0,4282.0,3286.0,4283.0,1398.0,1399.0,1400.0,1430.0,1417.0,1445.0,3443.0,5126.0,2725.0,4282.0,3286.0,4283.0,1398.0,1399.0,1400.0
0.0,9134.0,4318.0,4199.0,5450.0,10729.0,3602.0,4249.0,2878.0,1398.0,1400.0,1401.0,1433.0,1436.0,1449.0,2708.0,3709.0,2717.0,3602.0,4249.0,2878.0,1398.0,1400.0,1401.0
0.0,10266.0,4291.0,4200.0,9681.0,5344.0,1482.0,3799.0,63.0,1398.0,1400.0,1402.0,1422.0,1419.0,1450.0,3388.0,2751.0,4127.0,1482.0,3799.0,63.0,1398.0,1400.0,1402.0
0.0,15656.0,4287.0,4201.0,11851.0,1933.0,0.0,1933.0,0.0,1399.0,1400.0,1402.0,1427.0,1420.0,1440.0,5508.0,3201.0,6947.0,0.0,1933.0,0.0,1399.0,1400.0,1402.0
0.0,23220.0,4290.0,4202.0,10079.0,0.0,0.0,0.0,0.0,1399.0,1401.0,1402.0,1440.0,1433.0,1417.0,8363.0,5067.0,9790.0,0.0,0.0,0.0,1399.0,1401.0,1402.0
0.0,29009.0,4318.0,4203.0,4210.0,0.0,0.0,0.0,0.0,1400.0,1401.0,1402.0,1435.0,1449.0,1434.0,10525.0,7883.0,10601.0,0.0,0.0,0.0,1400.0,1401.0,1402.0
0.0,28901.0,4281.0,4205.0,3717.0,0.0,0.0,0.0,0.0,1400.0,1402.0,1403.0,1415.0,1432.0,1434.0,10572.0,8449.0,9880.0,0.0,0.0,0.0,1400.0,1402.0,1403.0
0.0,28337.0,4259.0,4205.0,0.0,0.0,0.0,0.0,0.0,1400.0,1402.0,1403.0,1427.0,1420.0,1412.0,9157.0,10734.0,8446.0,0.0,0.0,0.0,1400.0,1402.0,1403.0
0.0,24078.0,4256.0,4207.0,0.0,2073.0,682.0,0.0,1391.0,1401.0,1403.0,1403.0,1407.0,1439.0,1410.0,7730.0,9314.0,7034.0,682.0,0.0,1391.0,1401.0,1403.0,1403.0
0.0,19822.0,4252.0,4208.0,0.0,5470.0,2085.0,568.0,2817.0,1401.0,1404.0,1403.0,1403.0,1423.0,1426.0,6323.0,7875.0,5624.0,2085.0,568.0,2817.0,1401.0,1404.0,1403.0
0.0,15570.0,4223.0,4208.0,0.0,9693.0,3483.0,1988.0,4222.0,1401.0,1404.0,1403.0,1398.0,1420.0,1405.0,4920.0,6452.0,4198.0,3483.0,1988.0,4222.0,1401.0,1404.0,1403.0
0.0,11347.0,4253.0,4210.0,2073.0,11883.0,4208.0,3429.0,4246.0,1401.0,1405.0,1404.0,1407.0,1436.0,1410.0,3522.0,5032.0,2793.0,4208.0,3429.0,4246.0,1401.0,1405.0,1404.0
0.0,9167.0,4234.0,4211.0,5470.0,10652.0,3549.0,4264.0,2839.0,1402.0,1405.0,1404.0,1421.0,1403.0,1410.0,2797.0,3596.0,2774.0,3549.0,4264.0,2839.0,1402.0,1405.0,1404.0
0.0,10403.0,4192.0,4213.0,9693.0,5161.0,1483.0,3660.0,18.0,1403.0,1405.0,1405.0,1412.0,1384.0,1396.0,3461.0,2761.0,4181.0,1483.0,3660.0,18.0,1403.0,1405.0,1405.0
0.0,15904.0,4239.0,4215.0,11667.0,1639.0,0.0,1639.0,0.0,1404.0,1406.0,1405.0,1427.0,1403.0,1409.0,5532.0,3365.0,7007.0,0.0,1639.0,0.0,1404.0,1406.0,1405.0
0.0,23332.0,4213.0,4217.0,10007.0,0.0,0.0,0.0,0.0,1404.0,1407.0,1406.0,1416.0,1405.0,1392.0,8097.0,5391.0,9844.0,0.0,0.0,0.0,1404.0,1407.0,1406.0
0.0,29126.0,4188.0,4218.0,6022.0,0.0,0.0,0.0,0.0,1405.0,1407.0,1406.0,1401.0,1394.0,1393.0,9585.0,8250.0,11291.0,0.0,0.0,0.0,1405.0,1407.0,1406.0
0.0,30960.0,4188.0,4219.0,1639.0,0.0,0.0,0.0,0.0,1405.0,1408.0,1406.0,1398.0,1400.0,1390.0,10528.0,10516.0,9916.0,0.0,0.0,0.0,1405.0,1408.0,1406.0
0.0,28411.0,4200.0,4221.0,0.0,0.0,0.0,0.0,0.0,1406.0,1408.0,1407.0,1396.0,1401.0,1403.0,9130.0,10755.0,8526.0,0.0,0.0,0.0,1406.0,1408.0,1407.0
0.0,24211.0,4222.0,4221.0,0.0,2022.0,703.0,0.0,1319.0,1406.0,1408.0,1407.0,1407.0,1408.0,1407.0,7734.0,9354.0,7123.0,703.0,0.0,1319.0,1406.0,1408.0,1407.0
0.0,19989.0,4237.0,4223.0,0.0,5363.0,2105.0,520.0,2738.0,1407.0,1408.0,1408.0,1397.0,1426.0,1414.0,6327.0,7946.0,5716.0,2105.0,520.0,2738.0,1407.0,1408.0,1408.0
0.0,15752.0,4232.0,4224.0,0.0,9600.0,3511.0,1922.0,4167.0,1407.0,1408.0,1409.0,1406.0,1402.0,1424.0,4930.0,6520.0,4302.0,3511.0,1922.0,4167.0,1407.0,1408.0,1409.0
0.0,11520.0,4251.0,4226.0,2022.0,11839.0,4220.0,3348.0,4271.0,1408.0,1409.0,1409.0,1407.0,1421.0,1423.0,3524.0,5118.0,2878.0,4220.0,3348.0,4271.0,1408.0,1409.0,1409.0
0.0,9291.0,4308.0,4228.0,5363.0,10794.0,3554.0,4262.0,2978.0,1409.0,1409.0,1410.0,1434.0,1434.0,1440.0,2820.0,3697.0,2774.0,3554.0,4262.0,2978.0,1409.0,1409.0,1410.0
0.0,10346.0,4306.0,4230.0,9600.0,5510.0,1471.0,3791.0,248.0,1409.0,1410.0,1411.0,1428.0,1446.0,1432.0,3491.0,2783.0,4072.0,1471.0,3791.0,248.0,1409.0,1410.0,1411.0
0.0,15640.0,4283.0,4231.0,11839.0,1868.0,0.0,1868.0,0.0,1410.0,1410.0,1411.0,1433.0,1425.0,1425.0,5574.0,3259.0,6807.0,0.0,1868.0,0.0,1410.0,1410.0,1411.0
0.0,23196.0,4326.0,4233.0,10581.0,0.0,0.0,0.0,0.0,1410.0,1411.0,1412.0,1430.0,1444.0,1452.0,8361.0,5182.0,9653.0,0.0,0.0,0.0,1410.0,1411.0,1412.0
0.0,29451.0,4349.0,4235.0,5723.0,0.0,0.0,0.0,0.0,1410.0,1412.0,1413.0,1456.0,1441.0,1452.0,10485.0,8000.0,10966.0,0.0,0.0,0.0,1410.0,1412.0,1413.0
0.0,30825.0,4309.0,4235.0,1868.0,0.0,0.0,0.0,0.0,1411.0,1412.0,1412.0,1442.0,1435.0,1432.0,10500.0,10350.0,9975.0,0.0,0.0,0.0,1411.0,1412.0,1412.0
0.0,28384.0,4332.0,4238.0,0.0,0.0,0.0,0.0,0.0,1412.0,1413.0,1413.0,1444.0,1455.0,1433.0,9058.0,10783.0,8543.0,0.0,0.0,0.0,1412.0,1413.0,1413.0
0.0,24052.0,4338.0,4240.0,0.0,2298.0,883.0,0.0,1415.0,1412.0,1414.0,1414.0,1437.0,1446.0,1455.0,7614.0,9328.0,7110.0,883.0,0.0,1415.0,1412.0,1414.0,1414.0
0.0,19714.0,4323.0,4241.0,0.0,5814.0,2318.0,641.0,2855.0,1412.0,1415.0,1414.0,1435.0,1448.0,1440.0,6177.0,7882.0,5655.0,2318.0,641.0,2855.0,1412.0,1415.0,1414.0
0.0,15391.0,4286.0,4244.0,0.0,10115.0,3737.0,2089.0,4289.0,1413.0,1416.0,1415.0,1414.0,1443.0,1429.0,4742.0,6434.0,4215.0,3737.0,2089.0,4289.0,1413.0,1416.0,1415.0
0.0,11105.0,4273.0,4244.0,2298.0,12090.0,4276.0,3521.0,4293.0,1413.0,1416.0,1415.0,1422.0,1432.0,1419.0,3328.0,4991.0,2786.0,4276.0,3521.0,4293.0,1413.0,1416.0,1415.0
0.0,9130.0,4263.0,4244.0,5814.0,10539.0,3376.0,4297.0,2866.0,1413.0,1416.0,1415.0,1418.0,1417.0,1428.0,2789.0,3559.0,2782.0,3376.0,4297.0,2866.0,1413.0,1416.0,1415.0
0.0,10681.0,4278.0,4245.0,10115.0,4709.0,1091.0,3618.0,0.0,1414.0,1416.0,1415.0,1447.0,1410.0,1421.0,3689.0,2783.0,4209.0,1091.0,3618.0,0.0,1414.0,1416.0,1415.0
0.0,16518.0,4290.0,4248.0,12090.0,1526.0,0.0,1526.0,0.0,1415.0,1417.0,1416.0,1440.0,1424.0,1426.0,5979.0,3462.0,7077.0,0.0,1526.0,0.0,1415.0,1417.0,1416.0
0.0,24318.0,4269.0,4248.0,10539.0,0.0,0.0,0.0,0.0,1415.0,1417.0,1416.0,1433.0,1421.0,1415.0,8815.0,5559.0,9944.0,0.0,0.0,0.0,1415.0,1417.0,1416.0
0.0,30588.0,4275.0,4250.0,4709.0,0.0,0.0,0.0,0.0,1416.0,1417.0,1417.0,1451.0,1412.0,1412.0,10758.0,8435.0,11395.0,0.0,0.0,0.0,1416.0,1417.0,1417.0
0.0,31022.0,4261.0,4251.0,1526.0,0.0,0.0,0.0,0.0,1417.0,1417.0,1417.0,1439.0,1421.0,1401.0,10398.0,10641.0,9983.0,0.0,0.0,0.0,1417.0,1417.0,1417.0
0.0,28287.0,4225.0,4252.0,0.0,0.0,0.0,0.0,0.0,1417.0,1418.0,1417.0,1412.0,1416.0,1397.0,8959.0,10746.0,8582.0,0.0,0.0,0.0,1417.0,1418.0,1417.0
0.0,24062.0,4252.0,4253.0,0.0,2270.0,947.0,0.0,1323.0,1417.0,1418.0,1418.0,1409.0,1425.0,1418.0,7547.0,9330.0,7185.0,947.0,0.0,1323.0,1417.0,1418.0,1418.0
0.0,19810.0,4273.0,4256.0,0.0,5743.0,2370.0,632.0,2741.0,1418.0,1419.0,1419.0,1418.0,1442.0,1413.0,6138.0,7905.0,5767.0,2370.0,632.0,2741.0,1418.0,1419.0,1419.0
0.0,15537.0,4267.0,4258.0,0.0,10020.0,3781.0,2061.0,4178.0,1418.0,1420.0,1420.0,1411.0,1424.0,1432.0,4720.0,6463.0,4354.0,3781.0,2061.0,4178.0,1418.0,1420.0,1420.0
0.0,11270.0,4262.0,4259.0,2270.0,12017.0,4250.0,3490.0,4277.0,1419.0,1420.0,1420.0,1411.0,1429.0,1422.0,3309.0,5039.0,2922.0,4250.0,3490.0,4277.0,1419.0,1420.0,1420.0
0.0,9278.0,4243.0,4261.0,5743.0,10527.0,3282.0,4292.0,2953.0,1419.0,1421.0,1421.0,1402.0,1429.0,1412.0,2845.0,3610.0,2823.0,3282.0,4292.0,2953.0,1419.0,1421.0,1421.0
0.0,10778.0,4290.0,4263.0,10020.0,4807.0,935.0,3677.0,195.0,1420.0,1422.0,1421.0,1429.0,1441.0,1420.0,3813.0,2813.0,4152.0,935.0,3677.0,195.0,1420.0,1422.0,1421.0
0.0,16508.0,4278.0,4265.0,12017.0,1610.0,0.0,1610.0,0.0,1421.0,1422.0,1422.0,1415.0,1423.0,1440.0,6165.0,3433.0,6910.0,0.0,1610.0,0.0,1421.0,1422.0,1422.0
0.0,24247.0,4283.0,4267.0,10527.0,0.0,0.0,0.0,0.0,1422.0,1423.0,1422.0,1436.0,1418.0,1429.0,9000.0,5500.0,9747.0,0.0,0.0,0.0,1422.0,1423.0,1422.0
0.0,30491.0,4315.0,4268.0,3018.0,0.0,0.0,0.0,0.0,1422.0,1423.0,1423.0,1447.0,1426.0,1442.0,10846.0,8374.0,11271.0,0.0,0.0,0.0,1422.0,1423.0,1423.0
0.0,29194.0,4303.0,4270.0,3399.0,0.0,0.0,0.0,0.0,1423.0,1424.0,1423.0,1438.0,1422.0,1443.0,10334.0,8836.0,10024.0,0.0,0.0,0.0,1423.0,1424.0,1423.0
0.0,28290.0,4355.0,4272.0,0.0,0.0,0.0,0.0,0.0,1423.0,1425.0,1424.0,1456.0,1442.0,1457.0,8896.0,10813.0,8581.0,0.0,0.0,0.0,1423.0,1425.0,1424.0
0.0,23935.0,4355.0,4273.0,0.0,2592.0,1151.0,0.0,1441.0,1424.0,1425.0,1424.0,1471.0,1439.0,1445.0,7440.0,9371.0,7124.0,1151.0,0.0,1441.0,1424.0,1425.0,1424.0
0.0,19580.0,4350.0,4274.0,0.0,6140.0,2628.0,622.0,2890.0,1425.0,1425.0,1424.0,1472.0,1429.0,1449.0,5969.0,7932.0,5679.0,2628.0,622.0,2890.0,1425.0,1425.0,1424.0
0.0,15230.0,4355.0,4275.0,0.0,10500.0,4099.0,2078.0,4323.0,1426.0,1426.0,1423.0,1466.0,1451.0,1438.0,4497.0,6503.0,4230.0,4099.0,2078.0,4323.0,1426.0,1426.0,1423.0
0.0,10875.0,4347.0,4276.0,2592.0,12260.0,4409.0,3514.0,4337.0,1426.0,1426.0,1424.0,1461.0,1436.0,1450.0,3031.0,5052.0,2792.0,4409.0,3514.0,4337.0,1426.0,1426.0,1424.0
0.0,9120.0,4353.0,4277.0,6140.0,10478.0,3239.0,4338.0,2901.0,1427.0,1426.0,1424.0,1453.0,1446.0,1454.0,2721.0,3616.0,2783.0,3239.0,4338.0,2901.0,1427.0,1426.0,1424.0
0.0,10907.0,4367.0,4278.0,10500.0,4350.0,600.0,3721.0,29.0,1427.0,1426.0,1425.0,1460.0,1461.0,1446.0,3896.0,2792.0,4219.0,600.0,3721.0,29.0,1427.0,1426.0,1425.0
0.0,17040.0,4336.0,4280.0,12260.0,1655.0,0.0,1655.0,0.0,1428.0,1427.0,1425.0,1450.0,1443.0,1443.0,6535.0,3409.0,7096.0,0.0,1655.0,0.0,1428.0,1427.0,1425.0
0.0,24964.0,4346.0,4280.0,8476.0,0.0,0.0,0.0,0.0,1428.0,1427.0,1425.0,1443.0,1464.0,1439.0,9494.0,5480.0,9990.0,0.0,0.0,0.0,1428.0,1427.0,1425.0
0.0,29094.0,4327.0,4283.0,6352.0,0.0,0.0,0.0,0.0,1429.0,1428.0,1426.0,1436.0,1446.0,1445.0,9288.0,8354.0,11452.0,0.0,0.0,0.0,1429.0,1428.0,1426.0
0.0,31119.0,4294.0,4283.0,1655.0,0.0,0.0,0.0,0.0,1429.0,1428.0,1426.0,1428.0,1434.0,1432.0,10454.0,10629.0,10036.0,0.0,0.0,0.0,1429.0,1428.0,1426.0
0.0,28480.0,4316.0,4284.0,0.0,0.0,0.0,0.0,0.0,1430.0,1428.0,1426.0,1439.0,1453.0,1424.0,9026.0,10850.0,8604.0,0.0,0.0,0.0,1430.0,1428.0,1426.0
0.0,24164.0,4321.0,4286.0,0.0,2390.0,1026.0,0.0,1364.0,1431.0,1429.0,1426.0,1458.0,1449.0,1414.0,7587.0,9397.0,7180.0,1026.0,0.0,1364.0,1431.0,1429.0,1426.0
0.0,19843.0,4294.0,4287.0,0.0,5886.0,2462.0,631.0,2793.0,1431.0,1429.0,1427.0,1436.0,1434.0,1424.0,6129.0,7948.0,5766.0,2462.0,631.0,2793.0,1431.0,1429.0,1427.0
0.0,15549.0,4284.0,4289.0,0.0,10180.0,3900.0,2070.0,4210.0,1432.0,1430.0,1427.0,1433.0,1434.0,1417.0,4693.0,6514.0,4342.0,3900.0,2070.0,4210.0,1432.0,1430.0,1427.0
0.0,11265.0,4287.0,4290.0,2390.0,12082.0,4308.0,3485.0,4289.0,1432.0,1430.0,1428.0,1434.0,1415.0,1438.0,3260.0,5080.0,2925.0,4308.0,3485.0,4289.0,1432.0,1430.0,1428.0
0.0,9368.0,4278.0,4291.0,5886.0,10479.0,3276.0,4287.0,2916.0,1432.0,1431.0,1428.0,1430.0,1428.0,1420.0,2852.0,3665.0,2851.0,3276.0,4287.0,2916.0,1432.0,1431.0,1428.0
0.0,10976.0,4288.0,4294.0,10180.0,4602.0,804.0,3658.0,140.0,1433.0,1432.0,1429.0,1423.0,1436.0,1429.0,3884.0,2868.0,4224.0,804.0,3658.0,140.0,1433.0,1432.0,1429.0
0.0,16868.0,4275.0,4295.0,12082.0,1581.0,0.0,1581.0,0.0,1433.0,1432.0,1430.0,1430.0,1408.0,1437.0,6361.0,3502.0,7005.0,0.0,1581.0,0.0,1433.0,1432.0,1430.0
0.0,24675.0,4264.0,4296.0,10479.0,0.0,0.0,0.0,0.0,1434.0,1432.0,1430.0,1425.0,1409.0,1430.0,9239.0,5579.0,9857.0,0.0,0.0,0.0,1434.0,1432.0,1430.0
0.0,30890.0,4291.0,4297.0,3015.0,0.0,0.0,0.0,0.0,1434.0,1432.0,1431.0,1432.0,1417.0,1442.0,11090.0,8457.0,11343.0,0.0,0.0,0.0,1434.0,1432.0,1431.0
0.0,29614.0,4312.0,4299.0,3168.0,0.0,0.0,0.0,0.0,1435.0,1432.0,1432.0,1430.0,1439.0,1443.0,10462.0,9111.0,10041.0,0.0,0.0,0.0,1435.0,1432.0,1432.0
0.0,28470.0,4301.0,4300.0,0.0,6.0,0.0,0.0,6.0,1435.0,1433.0,1432.0,1432.0,1425.0,1444.0,9032.0,10840.0,8598.0,0.0,0.0,6.0,1435.0,1433.0,1432.0
0.0,24169.0,4301.0,4301.0,0.0,2448.0,999.0,0.0,1449.0,1436.0,1433.0,1432.0,1419.0,1439.0,1443.0,7600.0,9415.0,7154.0,999.0,0.0,1449.0,1436.0,1433.0,1432.0
0.0,19868.0,4330.0,4301.0,0.0,5967.0,2447.0,632.0,2888.0,1436.0,1433.0,1432.0,1448.0,1443.0,1439.0,6181.0,7976.0,5711.0,2447.0,632.0,2888.0,1436.0,1433.0,1432.0
0.0,15538.0,4328.0,4301.0,6.0,10289.0,3896.0,2081.0,4312.0,1436.0,1433.0,1432.0,1449.0,1449.0,1430.0,4733.0,6533.0,4272.0,3896.0,2081.0,4312.0,1436.0,1433.0,1432.0
0.0,11216.0,4374.0,4304.0,2448.0,12230.0,4375.0,3542.0,4313.0,1437.0,1434.0,1433.0,1473.0,1456.0,1445.0,3284.0,5084.0,2848.0,4375.0,3542.0,4313.0,1437.0,1434.0,1433.0
0.0,9290.0,4401.0,4306.0,5967.0,10674.0,3402.0,4388.0,2884.0,1438.0,1435.0,1433.0,1469.0,1473.0,1459.0,2810.0,3628.0,2852.0,3402.0,4388.0,2884.0,1438.0,1435.0,1433.0
0.0,10856.0,4372.0,4306.0,10289.0,4757.0,970.0,3775.0,12.0,1438.0,1435.0,1433.0,1464.0,1468.0,1440.0,3788.0,2787.0,4281.0,970.0,3775.0,12.0,1438.0,1435.0,1433.0
0.0,16773.0,4410.0,4307.0,11849.0,1729.0,0.0,1729.0,0.0,1438.0,1436.0,1433.0,1466.0,1491.0,1453.0,6220.0,3400.0,7153.0,0.0,1729.0,0.0,1438.0,1436.0,1433.0
0.0,24212.0,4382.0,4308.0,11055.0,0.0,0.0,0.0,0.0,1439.0,1436.0,1433.0,1458.0,1468.0,1456.0,8748.0,5451.0,10013.0,0.0,0.0,0.0,1439.0,1436.0,1433.0
0.0,30885.0,4404.0,4310.0,4757.0,0.0,0.0,0.0,0.0,1439.0,1437.0,1434.0,1460.0,1486.0,1458.0,11073.0,8371.0,11441.0,0.0,0.0,0.0,1439.0,1437.0,1434.0
0.0,31238.0,4399.0,4312.0,1729.0,0.0,0.0,0.0,0.0,1440.0,1438.0,1434.0,1464.0,1477.0,1458.0,10583.0,10660.0,9995.0,0.0,0.0,0.0,1440.0,1438.0,1434.0
0.0,28568.0,4383.0,4313.0,0.0,94.0,0.0,0.0,94.0,1441.0,1438.0,1434.0,1467.0,1455.0,1461.0,9119.0,10912.0,8537.0,0.0,0.0,94.0,1441.0,1438.0,1434.0
0.0,24185.0,4371.0,4315.0,0.0,2555.0,1011.0,0.0,1544.0,1441.0,1439.0,1435.0,1458.0,1468.0,1445.0,7652.0,9457.0,7076.0,1011.0,0.0,1544.0,1441.0,1439.0,1435.0
0.0,19814.0,4388.0,4318.0,0.0,6164.0,2476.0,671.0,3017.0,1442.0,1440.0,1436.0,1460.0,1460.0,1468.0,6194.0,7989.0,5631.0,2476.0,671.0,3017.0,1442.0,1440.0,1436.0
0.0,15426.0,4370.0,4319.0,94.0,10445.0,3936.0,2116.0,4393.0,1442.0,1440.0,1437.0,1460.0,1445.0,1465.0,4734.0,6529.0,4163.0,3936.0,2116.0,4393.0,1442.0,1440.0,1437.0
0.0,11150.0,4353.0,4320.0,2555.0,12248.0,4380.0,3557.0,4311.0,1443.0,1440.0,1437.0,1450.0,1441.0,1462.0,3274.0,5084.0,2792.0,4380.0,3557.0,4311.0,1443.0,1440.0,1437.0
0.0,9352.0,4368.0,4322.0,6164.0,10462.0,3370.0,4339.0,2753.0,1443.0,1441.0,1438.0,1466.0,1448.0,1454.0,2835.0,3643.0,2874.0,3370.0,4339.0,2753.0,1443.0,1441.0,1438.0
0.0,11148.0,4333.0,4324.0,10445.0,4542.0,875.0,3667.0,0.0,1443.0,1442.0,1439.0,1441.0,1439.0,1453.0,3845.0,2866.0,4437.0,875.0,3667.0,0.0,1443.0,1442.0,1439.0
0.0,17260.0,4327.0,4324.0,12248.0,1553.0,0.0,1553.0,0.0,1443.0,1442.0,1439.0,1452.0,1443.0,1432.0,6340.0,3543.0,7377.0,0.0,1553.0,0.0,1443.0,1442.0,1439.0
0.0,25181.0,4328.0,4326.0,10287.0,0.0,0.0,0.0,0.0,1444.0,1442.0,1440.0,1444.0,1443.0,1441.0,9268.0,5657.0,10256.0,0.0,0.0,0.0,1444.0,1442.0,1440.0
0.0,31140.0,4309.0,4327.0,4717.0,0.0,0.0,0.0,0.0,1444.0,1443.0,1440.0,1427.0,1451.0,1431.0,11194.0,8553.0,11393.0,0.0,0.0,0.0,1444.0,1443.0,1440.0
0.0,31548.0,4340.0,4329.0,1553.0,0.0,0.0,0.0,0.0,1445.0,1443.0,1441.0,1455.0,1438.0,1447.0,10642.0,10769.0,10137.0,0.0,0.0,0.0,1445.0,1443.0,1441.0
0.0,28761.0,4294.0,4329.0,0.0,0.0,0.0,0.0,0.0,1445.0,1443.0,1441.0,1418.0,1436.0,1440.0,9187.0,10884.0,8690.0,0.0,0.0,0.0,1445.0,1443.0,1441.0
0.0,24467.0,4343.0,4332.0,0.0,2304.0,901.0,0.0,1403.0,1446.0,1444.0,1442.0,1440.0,1460.0,1443.0,7769.0,9448.0,7250.0,901.0,0.0,1403.0,1446.0,1444.0,1442.0
0.0,20124.0,4353.0,4334.0,0.0,5899.0,2356.0,677.0,2866.0,1447.0,1444.0,1443.0,1450.0,1445.0,1458.0,6329.0,7988.0,5807.0,2356.0,677.0,2866.0,1447.0,1444.0,1443.0
0.0,15771.0,4349.0,4335.0,0.0,10253.0,3791.0,2148.0,4314.0,1447.0,1445.0,1443.0,1435.0,1466.0,1448.0,4879.0,6543.0,4349.0,3791.0,2148.0,4314.0,1447.0,1445.0,1443.0
0.0,11422.0,4354.0,4335.0,2304.0,12303.0,4331.0,3604.0,4368.0,1447.0,1445.0,1443.0,1441.0,1456.0,1457.0,3444.0,5077.0,2901.0,4331.0,3604.0,4368.0,1447.0,1445.0,1443.0
0.0,9372.0,4336.0,4337.0,5899.0,10750.0,3408.0,4385.0,2957.0,1447.0,1446.0,1444.0,1433.0,1453.0,1450.0,2904.0,3621.0,2847.0,3408.0,4385.0,2957.0,1447.0,1446.0,1444.0
0.0,10935.0,4393.0,4338.0,10253.0,4895.0,1073.0,3710.0,112.0,1447.0,1447.0,1444.0,1456.0,1468.0,1469.0,3827.0,2845.0,4263.0,1073.0,3710.0,112.0,1447.0,1447.0,1444.0
0.0,16795.0,4404.0,4341.0,11524.0,1580.0,0.0,1580.0,0.0,1448.0,1448.0,1445.0,1481.0,1469.0,1454.0,6162.0,3525.0,7108.0,0.0,1580.0,0.0,1448.0,1448.0,1445.0
0.0,23915.0,4403.0,4341.0,9928.0,0.0,0.0,0.0,0.0,1448.0,1448.0,1445.0,1470.0,1477.0,1456.0,8233.0,5660.0,10022.0,0.0,0.0,0.0,1448.0,1448.0,1445.0
0.0,29440.0,4384.0,4342.0,6496.0,0.0,0.0,0.0,0.0,1448.0,1449.0,1445.0,1472.0,1456.0,1456.0,9349.0,8568.0,11523.0,0.0,0.0,0.0,1448.0,1449.0,1445.0
0.0,31552.0,4419.0,4343.0,1580.0,0.0,0.0,0.0,0.0,1448.0,1450.0,1445.0,1462.0,1486.0,1471.0,10551.0,10822.0,10179.0,0.0,0.0,0.0,1448.0,1450.0,1445.0
0.0,28713.0,4435.0,4345.0,0.0,0.0,0.0,0.0,0.0,1449.0,1450.0,1446.0,1495.0,1466.0,1474.0,9089.0,10916.0,8708.0,0.0,0.0,0.0,1449.0,1450.0,1446.0
0.0,24278.0,4436.0,4347.0,0.0,2620.0,1136.0,0.0,1484.0,1449.0,1451.0,1447.0,1485.0,1468.0,1483.0,7594.0,9450.0,7234.0,1136.0,0.0,1484.0,1449.0,1451.0,1447.0
0.0,19842.0,4407.0,4348.0,0.0,6305.0,2615.0,745.0,2945.0,1450.0,1451.0,1447.0,1474.0,1472.0,1461.0,6109.0,7982.0,5751.0,2615.0,745.0,2945.0,1450.0,1451.0,1447.0
0.0,15435.0,4432.0,4348.0,0.0,10737.0,4097.0,2222.0,4418.0,1450.0,1451.0,1447.0,1482.0,1477.0,1473.0,4635.0,6510.0,4290.0,4097.0,2222.0,4418.0,1450.0,1451.0,1447.0
0.0,11003.0,4403.0,4350.0,2620.0,12530.0,4425.0,3697.0,4408.0,1450.0,1452.0,1448.0,1464.0,1470.0,1469.0,3153.0,5033.0,2817.0,4425.0,3697.0,4408.0,1450.0,1452.0,1448.0
0.0,9220.0,4417.0,4352.0,6305.0,10652.0,3278.0,4424.0,2950.0,1451.0,1452.0,1449.0,1463.0,1472.0,1482.0,2825.0,3563.0,2832.0,3278.0,4424.0,2950.0,1451.0,1452.0,1449.0
0.0,11108.0,4434.0,4353.0,10737.0,4354.0,670.0,3673.0,11.0,1452.0,1452.0,1449.0,1484.0,1471.0,1479.0,3977.0,2836.0,4295.0,670.0,3673.0,11.0,1452.0,1452.0,1449.0
0.0,17411.0,4408.0,4356.0,12530.0,1473.0,0.0,1473.0,0.0,1452.0,1454.0,1450.0,1456.0,1487.0,1465.0,6590.0,3587.0,7234.0,0.0,1473.0,0.0,1452.0,1454.0,1450.0
0.0,25533.0,4399.0,4358.0,10652.0,0.0,0.0,0.0,0.0,1453.0,1454.0,1451.0,1467.0,1459.0,1473.0,9559.0,5797.0,10177.0,0.0,0.0,0.0,1453.0,1454.0,1451.0
0.0,31786.0,4393.0,4359.0,2445.0,0.0,0.0,0.0,0.0,1453.0,1454.0,1452.0,1467.0,1461.0,1465.0,11370.0,8762.0,11654.0,0.0,0.0,0.0,1453.0,1454.0,1452.0
0.0,29838.0,4382.0,4359.0,3382.0,0.0,0.0,0.0,0.0,1453.0,1454.0,1452.0,1466.0,1464.0,1452.0,10573.0,9065.0,10200.0,0.0,0.0,0.0,1453.0,1454.0,1452.0
0.0,28838.0,4391.0,4362.0,0.0,0.0,0.0,0.0,0.0,1454.0,1455.0,1453.0,1464.0,1461.0,1466.0,9107.0,10983.0,8748.0,0.0,0.0,0.0,1454.0,1455.0,1453.0
0.0,24447.0,4347.0,4363.0,0.0,2510.0,1076.0,0.0,1434.0,1454.0,1456.0,1453.0,1449.0,1447.0,1451.0,7643.0,9522.0,7282.0,1076.0,0.0,1434.0,1454.0,1456.0,1453.0
0.0,20100.0,4372.0,4365.0,0.0,6097.0,2536.0,652.0,2909.0,1455.0,1456.0,1454.0,1455.0,1447.0,1470.0,6194.0,8075.0,5831.0,2536.0,652.0,2909.0,1455.0,1456.0,1454.0
0.0,15728.0,4360.0,4366.0,0.0,10462.0,3986.0,2097.0,4379.0,1455.0,1456.0,1455.0,1450.0,1445.0,1465.0,4739.0,6628.0,4361.0,3986.0,2097.0,4379.0,1455.0,1456.0,1455.0
0.0,11368.0,4352.0,4368.0,2510.0,12314.0,4357.0,3556.0,4401.0,1456.0,1457.0,1455.0,1442.0,1454.0,1456.0,3289.0,5183.0,2896.0,4357.0,3556.0,4401.0,1456.0,1457.0,1455.0
0.0,9526.0,4343.0,4370.0,6097.0,10570.0,3259.0,4359.0,2952.0,1456.0,1458.0,1456.0,1438.0,1450.0,1455.0,2923.0,3729.0,2874.0,3259.0,4359.0,2952.0,1456.0,1458.0,1456.0
0.0,11280.0,4357.0,4371.0,10462.0,4470.0,710.0,3723.0,37.0,1456.0,1459.0,1456.0,1437.0,1456.0,1464.0,4021.0,2931.0,4328.0,710.0,3723.0,37.0,1456.0,1459.0,1456.0
0.0,17385.0,4346.0,4372.0,12314.0,1611.0,0.0,1611.0,0.0,1456.0,1459.0,1457.0,1442.0,1444.0,1460.0,6570.0,3572.0,7243.0,0.0,1611.0,0.0,1456.0,1459.0,1457.0
0.0,25353.0,4349.0,4373.0,10570.0,0.0,0.0,0.0,0.0,1457.0,1459.0,1457.0,1458.0,1442.0,1449.0,9485.0,5684.0,10184.0,0.0,0.0,0.0,1457.0,1459.0,1457.0
0.0,31574.0,4384.0,4373.0,4470.0,0.0,0.0,0.0,0.0,1457.0,1459.0,1457.0,1462.0,1465.0,1457.0,11286.0,8601.0,11687.0,0.0,0.0,0.0,1457.0,1459.0,1457.0
0.0,31660.0,4410.0,4376.0,1611.0,0.0,0.0,0.0,0.0,1458.0,1460.0,1458.0,1486.0,1459.0,1465.0,10534.0,10859.0,10267.0,0.0,0.0,0.0,1458.0,1460.0,1458.0
0.0,28861.0,4408.0,4377.0,0.0,0.0,0.0,0.0,0.0,1459.0,1460.0,1458.0,1485.0,1460.0,1463.0,9048.0,11011.0,8802.0,0.0,0.0,0.0,1459.0,1460.0,1458.0
0.0,24453.0,4428.0,4378.0,0.0,2643.0,1214.0,0.0,1429.0,1459.0,1460.0,1459.0,1482.0,1473.0,1473.0,7563.0,9551.0,7339.0,1214.0,0.0,1429.0,1459.0,1460.0,1459.0
0.0,20025.0,4447.0,4379.0,0.0,6317.0,2702.0,713.0,2902.0,1459.0,1461.0,1459.0,1488.0,1486.0,1473.0,6081.0,8078.0,5866.0,2702.0,713.0,2902.0,1459.0,1461.0,1459.0
0.0,15578.0,4454.0,4381.0,0.0,10781.0,4201.0,2188.0,4392.0,1460.0,1461.0,1460.0,1494.0,1475.0,1485.0,4593.0,6592.0,4393.0,4201.0,2188.0,4392.0,1460.0,1461.0,1460.0
0.0,11124.0,4478.0,4383.0,2643.0,12626.0,4484.0,3681.0,4461.0,1461.0,1461.0,1461.0,1492.0,1493.0,1493.0,3099.0,5117.0,2908.0,4484.0,3681.0,4461.0,1461.0,1461.0,1461.0
0.0,9289.0,4483.0,4384.0,6317.0,10797.0,3275.0,4482.0,3040.0,1461.0,1462.0,1461.0,1493.0,1509.0,1481.0,2821.0,3624.0,2844.0,3275.0,4482.0,3040.0,1461.0,1462.0,1461.0
0.0,11123.0,4498.0,4386.0,10781.0,4524.0,586.0,3789.0,149.0,1462.0,1462.0,1462.0,1507.0,1495.0,1496.0,4030.0,2828.0,4265.0,586.0,3789.0,149.0,1462.0,1462.0,1462.0
0.0,17406.0,4473.0,4386.0,12626.0,1613.0,0.0,1613.0,0.0,1462.0,1462.0,1462.0,1484.0,1505.0,1484.0,6724.0,3521.0,7161.0,0.0,1613.0,0.0,1462.0,1462.0,1462.0
0.0,25559.0,4489.0,4389.0,10797.0,0.0,0.0,0.0,0.0,1463.0,1463.0,1463.0,1482.0,1508.0,1499.0,9724.0,5697.0,10138.0,0.0,0.0,0.0,1463.0,1463.0,1463.0
0.0,31867.0,4445.0,4391.0,4057.0,0.0,0.0,0.0,0.0,1463.0,1464.0,1464.0,1467.0,1493.0,1485.0,11517.0,8671.0,11679.0,0.0,0.0,0.0,1463.0,1464.0,1464.0
0.0,31479.0,4442.0,4391.0,2080.0,0.0,0.0,0.0,0.0,1463.0,1464.0,1464.0,1463.0,1485.0,1494.0,10636.0,10500.0,10343.0,0.0,0.0,0.0,1463.0,1464.0,1464.0
0.0,29117.0,4436.0,4393.0,0.0,0.0,0.0,0.0,0.0,1463.0,1465.0,1465.0,1475.0,1478.0,1483.0,9173.0,11095.0,8849.0,0.0,0.0,0.0,1463.0,1465.0,1465.0
0.0,24681.0,4441.0,4395.0,0.0,2531.0,1095.0,0.0,1436.0,1464.0,1466.0,1465.0,1473.0,1491.0,1477.0,7698.0,9617.0,7366.0,1095.0,0.0,1436.0,1464.0,1466.0,1465.0
0.0,20240.0,4433.0,4396.0,0.0,6173.0,2574.0,672.0,2927.0,1464.0,1466.0,1466.0,1479.0,1468.0,1486.0,6225.0,8126.0,5889.0,2574.0,672.0,2927.0,1464.0,1466.0,1466.0
0.0,15807.0,4432.0,4398.0,0.0,10615.0,4068.0,2143.0,4404.0,1465.0,1467.0,1466.0,1489.0,1466.0,1477.0,4746.0,6658.0,4403.0,4068.0,2143.0,4404.0,1465.0,1467.0,1466.0
0.0,11375.0,4421.0,4399.0,2531.0,12510.0,4444.0,3609.0,4457.0,1465.0,1467.0,1467.0,1471.0,1466.0,1484.0,3257.0,5192.0,2926.0,4444.0,3609.0,4457.0,1465.0,1467.0,1467.0
0.0,9485.0,4375.0,4400.0,6173.0,10717.0,3342.0,4389.0,2986.0,1466.0,1467.0,1467.0,1467.0,1452.0,1456.0,2881.0,3726.0,2878.0,3342.0,4389.0,2986.0,1466.0,1467.0,1467.0
0.0,11283.0,4402.0,4403.0,10615.0,4519.0,756.0,3715.0,48.0,1467.0,1468.0,1468.0,1477.0,1464.0,1461.0,3988.0,2946.0,4349.0,756.0,3715.0,48.0,1467.0,1468.0,1468.0
0.0,17496.0,4360.0,4403.0,12510.0,1547.0,0.0,1547.0,0.0,1467.0,1468.0,1468.0,1461.0,1441.0,1458.0,6579.0,3625.0,7292.0,0.0,1547.0,0.0,1467.0,1468.0,1468.0
0.0,25646.0,4391.0,4405.0,8828.0,0.0,0.0,0.0,0.0,1468.0,1468.0,1469.0,1461.0,1465.0,1465.0,9562.0,5793.0,10291.0,0.0,0.0,0.0,1468.0,1468.0,1469.0
0.0,30083.0,4370.0,4405.0,6408.0,0.0,0.0,0.0,0.0,1468.0,1468.0,1469.0,1457.0,1471.0,1442.0,9554.0,8717.0,11812.0,0.0,0.0,0.0,1468.0,1468.0,1469.0
0.0,32121.0,4406.0,4406.0,1547.0,0.0,0.0,0.0,0.0,1468.0,1469.0,1469.0,1475.0,1473.0,1458.0,10742.0,10961.0,10418.0,0.0,0.0,0.0,1468.0,1469.0,1469.0
0.0,29262.0,4392.0,4407.0,0.0,0.0,0.0,0.0,0.0,1469.0,1469.0,1469.0,1446.0,1471.0,1475.0,9267.0,11035.0,8960.0,0.0,0.0,0.0,1469.0,1469.0,1469.0
0.0,24870.0,4405.0,4408.0,0.0,2308.0,983.0,0.0,1325.0,1469.0,1470.0,1469.0,1459.0,1481.0,1465.0,7821.0,9564.0,7485.0,983.0,0.0,1325.0,1469.0,1470.0,1469.0
0.0,20465.0,4448.0,4410.0,0.0,6033.0,2468.0,766.0,2799.0,1470.0,1470.0,1470.0,1480.0,1499.0,1469.0,6362.0,8083.0,6020.0,2468.0,766.0,2799.0,1470.0,1470.0,1470.0
0.0,16017.0,4464.0,4412.0,0.0,10507.0,3966.0,2267.0,4274.0,1471.0,1471.0,1470.0,1493.0,1496.0,1475.0,4882.0,6584.0,4551.0,3966.0,2267.0,4274.0,1471.0,1471.0,1470.0
0.0,11553.0,4458.0,4413.0,2308.0,12662.0,4465.0,3770.0,4427.0,1471.0,1472.0,1470.0,1482.0,1498.0,1478.0,3389.0,5088.0,3076.0,4465.0,3770.0,4427.0,1471.0,1472.0,1470.0
0.0,9403.0,4495.0,4414.0,6033.0,11129.0,3507.0,4499.0,3123.0,1471.0,1472.0,1471.0,1510.0,1495.0,1490.0,2890.0,3590.0,2923.0,3507.0,4499.0,3123.0,1471.0,1472.0,1471.0
0.0,10941.0,4467.0,4415.0,10507.0,5094.0,1047.0,3719.0,328.0,1472.0,1472.0,1471.0,1501.0,1487.0,1479.0,3848.0,2861.0,4232.0,1047.0,3719.0,328.0,1472.0,1472.0,1471.0
0.0,16981.0,4482.0,4418.0,12662.0,1444.0,0.0,1444.0,0.0,1473.0,1473.0,1472.0,1501.0,1490.0,1491.0,6313.0,3641.0,7027.0,0.0,1444.0,0.0,1473.0,1473.0,1472.0
0.0,25161.0,4499.0,4418.0,11129.0,0.0,0.0,0.0,0.0,1473.0,1473.0,1472.0,1502.0,1494.0,1503.0,9277.0,5921.0,9963.0,0.0,0.0,0.0,1473.0,1473.0,1472.0
0.0,31791.0,4511.0,4420.0,4859.0,0.0,0.0,0.0,0.0,1473.0,1474.0,1473.0,1508.0,1500.0,1503.0,11282.0,8926.0,11583.0,0.0,0.0,0.0,1473.0,1474.0,1473.0
0.0,32139.0,4506.0,4421.0,1679.0,0.0,0.0,0.0,0.0,1474.0,1474.0,1473.0,1506.0,1505.0,1495.0,10821.0,10910.0,10408.0,0.0,0.0,0.0,1474.0,1474.0,1473.0
0.0,29312.0,4489.0,4422.0,0.0,0.0,0.0,0.0,0.0,1474.0,1474.0,1474.0,1489.0,1474.0,1526.0,9315.0,11084.0,8913.0,0.0,0.0,0.0,1474.0,1474.0,1474.0
0.0,24823.0,4497.0,4425.0,0.0,2549.0,1044.0,0.0,1505.0,1475.0,1475.0,1475.0,1495.0,1485.0,1517.0,7826.0,9610.0,7387.0,1044.0,0.0,1505.0,1475.0,1475.0,1475.0
0.0,20326.0,4486.0,4426.0,0.0,6290.0,2531.0,743.0,3016.0,1475.0,1475.0,1476.0,1487.0,1493.0,1506.0,6331.0,8125.0,5870.0,2531.0,743.0,3016.0,1475.0,1475.0,1476.0
0.0,15840.0,4498.0,4427.0,0.0,10793.0,4009.0,2256.0,4528.0,1475.0,1476.0,1476.0,1478.0,1508.0,1512.0,4844.0,6632.0,4364.0,4009.0,2256.0,4528.0,1475.0,1476.0,1476.0
0.0,11342.0,4479.0,4428.0,2549.0,12728.0,4474.0,3729.0,4525.0,1476.0,1475.0,1477.0,1504.0,1478.0,1497.0,3366.0,5124.0,2852.0,4474.0,3729.0,4525.0,1476.0,1475.0,1477.0
0.0,9412.0,4475.0,4430.0,6290.0,10923.0,3423.0,4477.0,3023.0,1476.0,1476.0,1478.0,1480.0,1486.0,1509.0,2906.0,3646.0,2860.0,3423.0,4477.0,3023.0,1476.0,1476.0,1478.0
0.0,11227.0,4476.0,4432.0,10793.0,4636.0,909.0,3727.0,0.0,1477.0,1477.0,1478.0,1490.0,1501.0,1485.0,3957.0,2903.0,4367.0,909.0,3727.0,0.0,1477.0,1477.0,1478.0
0.0,17544.0,4452.0,4433.0,12728.0,1492.0,0.0,1492.0,0.0,1477.0,1477.0,1479.0,1479.0,1494.0,1479.0,6476.0,3658.0,7410.0,0.0,1492.0,0.0,1477.0,1477.0,1479.0
0.0,25820.0,4417.0,4433.0,10923.0,0.0,0.0,0.0,0.0,1477.0,1477.0,1479.0,1484.0,1468.0,1465.0,9471.0,5893.0,10456.0,0.0,0.0,0.0,1477.0,1477.0,1479.0
0.0,32326.0,4436.0,4435.0,4636.0,0.0,0.0,0.0,0.0,1478.0,1478.0,1479.0,1486.0,1467.0,1483.0,11410.0,8902.0,12014.0,0.0,0.0,0.0,1478.0,1478.0,1479.0
0.0,32526.0,4435.0,4435.0,1492.0,0.0,0.0,0.0,0.0,1478.0,1478.0,1479.0,1482.0,1477.0,1476.0,10833.0,11162.0,10531.0,0.0,0.0,0.0,1478.0,1478.0,1479.0
0.0,29583.0,4410.0,4437.0,0.0,0.0,0.0,0.0,0.0,1479.0,1479.0,1479.0,1467.0,1467.0,1476.0,9351.0,11177.0,9055.0,0.0,0.0,0.0,1479.0,1479.0,1479.0
0.0,25173.0,4415.0,4438.0,0.0,2268.0,983.0,0.0,1285.0,1479.0,1479.0,1480.0,1472.0,1479.0,1464.0,7884.0,9710.0,7579.0,983.0,0.0,1285.0,1479.0,1479.0,1480.0
0.0,20758.0,4418.0,4440.0,0.0,5860.0,2461.0,657.0,2742.0,1480.0,1480.0,1480.0,1473.0,1488.0,1457.0,6412.0,8231.0,6115.0,2461.0,657.0,2742.0,1480.0,1480.0,1480.0
0.0,16340.0,4449.0,4441.0,0.0,10314.0,3950.0,2134.0,4230.0,1481.0,1480.0,1480.0,1484.0,1477.0,1488.0,4939.0,6743.0,4658.0,3950.0,2134.0,4230.0,1481.0,1480.0,1480.0
0.0,11891.0,4433.0,4443.0,2268.0,12489.0,4452.0,3619.0,4418.0,1482.0,1481.0,1480.0,1480.0,1480.0,1473.0,3455.0,5266.0,3170.0,4452.0,3619.0,4418.0,1482.0,1481.0,1480.0
0.0,9726.0,4429.0,4445.0,5860.0,11068.0,3479.0,4435.0,3154.0,1482.0,1482.0,1481.0,1488.0,1468.0,1473.0,2958.0,3786.0,2982.0,3479.0,4435.0,3154.0,1482.0,1482.0,1481.0
0.0,11157.0,4456.0,4446.0,10314.0,5215.0,1026.0,3776.0,413.0,1483.0,1482.0,1481.0,1492.0,1475.0,1489.0,3931.0,2975.0,4251.0,1026.0,3776.0,413.0,1483.0,1482.0,1481.0
0.0,17015.0,4470.0,4447.0,12489.0,1649.0,0.0,1649.0,0.0,1483.0,1482.0,1482.0,1489.0,1492.0,1489.0,6389.0,3634.0,6992.0,0.0,1649.0,0.0,1483.0,1482.0,1482.0
0.0,25034.0,4490.0,4448.0,11068.0,0.0,0.0,0.0,0.0,1483.0,1483.0,1482.0,1501.0,1496.0,1493.0,9352.0,5761.0,9921.0,0.0,0.0,0.0,1483.0,1483.0,1482.0
0.0,31612.0,4517.0,4451.0,5215.0,0.0,0.0,0.0,0.0,1484.0,1484.0,1483.0,1520.0,1505.0,1492.0,11330.0,8700.0,11582.0,0.0,0.0,0.0,1484.0,1484.0,1483.0
0.0,32310.0,4541.0,4452.0,1649.0,0.0,0.0,0.0,0.0,1484.0,1484.0,1484.0,1511.0,1507.0,1523.0,10836.0,10971.0,10503.0,0.0,0.0,0.0,1484.0,1484.0,1484.0
0.0,29418.0,4554.0,4455.0,0.0,0.0,0.0,0.0,0.0,1485.0,1485.0,1485.0,1510.0,1520.0,1524.0,9325.0,11113.0,8980.0,0.0,0.0,0.0,1485.0,1485.0,1485.0
0.0,24864.0,4548.0,4455.0,0.0,2627.0,1129.0,0.0,1498.0,1485.0,1485.0,1485.0,1519.0,1500.0,1529.0,7815.0,9593.0,7456.0,1129.0,0.0,1498.0,1485.0,1485.0,1485.0
0.0,20316.0,4545.0,4457.0,0.0,6514.0,2630.0,866.0,3018.0,1485.0,1486.0,1486.0,1501.0,1529.0,1515.0,6296.0,8093.0,5927.0,2630.0,866.0,3018.0,1485.0,1486.0,1486.0
0.0,15771.0,4530.0,4457.0,0.0,11044.0,4136.0,2365.0,4543.0,1485.0,1486.0,1486.0,1506.0,1499.0,1525.0,4795.0,6564.0,4412.0,4136.0,2365.0,4543.0,1485.0,1486.0,1486.0
0.0,11241.0,4553.0,4459.0,2627.0,12980.0,4511.0,3893.0,4576.0,1486.0,1486.0,1487.0,1499.0,1528.0,1526.0,3289.0,5065.0,2887.0,4511.0,3893.0,4576.0,1486.0,1486.0,1487.0
0.0,9315.0,4554.0,4461.0,6514.0,11030.0,3382.0,4574.0,3074.0,1486.0,1487.0,1488.0,1501.0,1542.0,1511.0,2919.0,3537.0,2859.0,3382.0,4574.0,3074.0,1486.0,1487.0,1488.0
0.0,11275.0,4561.0,4462.0,11044.0,4552.0,765.0,3725.0,62.0,1487.0,1487.0,1488.0,1514.0,1516.0,1531.0,4048.0,2861.0,4366.0,765.0,3725.0,62.0,1487.0,1487.0,1488.0
0.0,17758.0,4567.0,4465.0,11775.0,1356.0,0.0,1356.0,0.0,1488.0,1488.0,1489.0,1522.0,1519.0,1526.0,6670.0,3710.0,7378.0,0.0,1356.0,0.0,1488.0,1488.0,1489.0
0.0,24966.0,4526.0,4467.0,10365.0,0.0,0.0,0.0,0.0,1489.0,1488.0,1490.0,1506.0,1509.0,1511.0,8454.0,6084.0,10428.0,0.0,0.0,0.0,1489.0,1488.0,1490.0
0.0,30805.0,4494.0,4468.0,6422.0,0.0,0.0,0.0,0.0,1489.0,1489.0,1490.0,1492.0,1494.0,1508.0,9665.0,9149.0,11991.0,0.0,0.0,0.0,1489.0,1489.0,1490.0
0.0,32733.0,4491.0,4469.0,1356.0,0.0,0.0,0.0,0.0,1490.0,1489.0,1490.0,1508.0,1495.0,1488.0,10808.0,11380.0,10545.0,0.0,0.0,0.0,1490.0,1489.0,1490.0
0.0,29598.0,4476.0,4470.0,0.0,0.0,0.0,0.0,0.0,1490.0,1490.0,1490.0,1505.0,1494.0,1477.0,9300.0,11241.0,9057.0,0.0,0.0,0.0,1490.0,1490.0,1490.0
0.0,25122.0,4476.0,4470.0,0.0,2515.0,1149.0,0.0,1366.0,1490.0,1490.0,1490.0,1494.0,1486.0,1496.0,7795.0,9747.0,7580.0,1149.0,0.0,1366.0,1490.0,1490.0,1490.0
0.0,20646.0,4482.0,4473.0,0.0,6201.0,2659.0,680.0,2862.0,1491.0,1491.0,1491.0,1505.0,1486.0,1491.0,6301.0,8261.0,6084.0,2659.0,680.0,2862.0,1491.0,1491.0,1491.0
0.0,16164.0,4442.0,4473.0,0.0,10643.0,4148.0,2156.0,4339.0,1491.0,1491.0,1491.0,1489.0,1476.0,1477.0,4796.0,6775.0,4593.0,4148.0,2156.0,4339.0,1491.0,1491.0,1491.0
0.0,11722.0,4419.0,4475.0,2515.0,12557.0,4487.0,3619.0,4451.0,1492.0,1491.0,1492.0,1483.0,1463.0,1473.0,3307.0,5299.0,3116.0,4487.0,3619.0,4451.0,1492.0,1491.0,1492.0
0.0,9818.0,4461.0,4476.0,6201.0,10822.0,3313.0,4436.0,3073.0,1492.0,1492.0,1492.0,1485.0,1492.0,1484.0,2973.0,3836.0,3009.0,3313.0,4436.0,3073.0,1492.0,1492.0,1492.0
0.0,11558.0,4447.0,4478.0,10643.0,4636.0,659.0,3762.0,215.0,1493.0,1492.0,1493.0,1489.0,1482.0,1476.0,4147.0,3024.0,4387.0,659.0,3762.0,215.0,1493.0,1492.0,1493.0
0.0,17754.0,4431.0,4478.0,12557.0,1620.0,0.0,1620.0,0.0,1493.0,1492.0,1493.0,1479.0,1477.0,1475.0,6806.0,3698.0,7250.0,0.0,1620.0,0.0,1493.0,1492.0,1493.0
0.0,25880.0,4451.0,4479.0,10822.0,0.0,0.0,0.0,0.0,1494.0,1492.0,1493.0,1488.0,1487.0,1476.0,9814.0,5840.0,10226.0,0.0,0.0,0.0,1494.0,1492.0,1493.0
0.0,32251.0,4469.0,4481.0,3584.0,0.0,0.0,0.0,0.0,1494.0,1493.0,1494.0,1474.0,1494.0,1501.0,11639.0,8789.0,11823.0,0.0,0.0,0.0,1494.0,1493.0,1494.0
0.0,31366.0,4502.0,4481.0,2672.0,0.0,0.0,0.0,0.0,1494.0,1493.0,1494.0,1501.0,1505.0,1496.0,10824.0,10005.0,10537.0,0.0,0.0,0.0,1494.0,1493.0,1494.0
0.0,29536.0,4521.0,4482.0,0.0,0.0,0.0,0.0,0.0,1494.0,1493.0,1495.0,1503.0,1515.0,1503.0,9323.0,11172.0,9041.0,0.0,0.0,0.0,1494.0,1493.0,1495.0
0.0,25015.0,4537.0,4483.0,0.0,2615.0,1166.0,0.0,1449.0,1495.0,1493.0,1495.0,1511.0,1514.0,1512.0,7820.0,9657.0,7538.0,1166.0,0.0,1449.0,1495.0,1493.0,1495.0
0.0,20478.0,4510.0,4485.0,0.0,6457.0,2667.0,835.0,2955.0,1495.0,1494.0,1496.0,1501.0,1508.0,1501.0,6309.0,8143.0,6026.0,2667.0,835.0,2955.0,1495.0,1494.0,1496.0
0.0,15968.0,4541.0,4485.0,0.0,10998.0,4183.0,2357.0,4458.0,1495.0,1494.0,1496.0,1516.0,1522.0,1503.0,4808.0,6635.0,4525.0,4183.0,2357.0,4458.0,1495.0,1494.0,1496.0
0.0,11427.0,4596.0,4487.0,2615.0,12989.0,4533.0,3906.0,4550.0,1495.0,1495.0,1497.0,1516.0,1544.0,1536.0,3292.0,5113.0,3022.0,4533.0,3906.0,4550.0,1495.0,1495.0,1497.0
0.0,9446.0,4604.0,4490.0,6457.0,11151.0,3408.0,4606.0,3137.0,1496.0,1496.0,1498.0,1537.0,1530.0,1537.0,2942.0,3569.0,2935.0,3408.0,4606.0,3137.0,1496.0,1496.0,1498.0
0.0,11299.0,4607.0,4492.0,10998.0,4770.0,746.0,3792.0,232.0,1496.0,1497.0,1499.0,1521.0,1538.0,1548.0,4072.0,2874.0,4353.0,746.0,3792.0,232.0,1496.0,1497.0,1499.0
0.0,17690.0,4596.0,4494.0,12989.0,1400.0,0.0,1400.0,0.0,1497.0,1497.0,1500.0,1528.0,1514.0,1554.0,6734.0,3693.0,7263.0,0.0,1400.0,0.0,1497.0,1497.0,1500.0
0.0,26083.0,4592.0,4496.0,11151.0,0.0,0.0,0.0,0.0,1498.0,1498.0,1500.0,1527.0,1522.0,1543.0,9739.0,6085.0,10259.0,0.0,0.0,0.0,1498.0,1498.0,1500.0
0.0,32642.0,4554.0,4496.0,4770.0,0.0,0.0,0.0,0.0,1498.0,1498.0,1500.0,1512.0,1516.0,1526.0,11620.0,9169.0,11853.0,0.0,0.0,0.0,1498.0,1498.0,1500.0
0.0,32858.0,4570.0,4498.0,1400.0,0.0,0.0,0.0,0.0,1498.0,1499.0,1501.0,1505.0,1535.0,1530.0,10854.0,11445.0,10559.0,0.0,0.0,0.0,1498.0,1499.0,1501.0
0.0,29688.0,4578.0,4500.0,0.0,4.0,0.0,0.0,4.0,1499.0,1500.0,1501.0,1524.0,1526.0,1528.0,9349.0,11310.0,9029.0,0.0,0.0,4.0,1499.0,1500.0,1501.0
0.0,25110.0,4539.0,4501.0,0.0,2724.0,1185.0,0.0,1539.0,1499.0,1500.0,1502.0,1515.0,1494.0,1530.0,7825.0,9784.0,7501.0,1185.0,0.0,1539.0,1499.0,1500.0,1502.0
0.0,20571.0,4522.0,4502.0,0.0,6461.0,2692.0,713.0,3056.0,1500.0,1500.0,1502.0,1502.0,1503.0,1517.0,6310.0,8290.0,5971.0,2692.0,713.0,3056.0,1500.0,1500.0,1502.0
0.0,16049.0,4542.0,4503.0,4.0,11004.0,4210.0,2235.0,4559.0,1500.0,1501.0,1502.0,1518.0,1517.0,1507.0,4808.0,6787.0,4454.0,4210.0,2235.0,4559.0,1500.0,1501.0,1502.0
0.0,11511.0,4502.0,4505.0,2724.0,12792.0,4538.0,3730.0,4524.0,1501.0,1501.0,1503.0,1508.0,1495.0,1499.0,3290.0,5270.0,2951.0,4538.0,3730.0,4524.0,1501.0,1501.0,1503.0
0.0,9733.0,4497.0,4505.0,6461.0,10828.0,3362.0,4502.0,2964.0,1501.0,1501.0,1503.0,1516.0,1485.0,1496.0,2967.0,3775.0,2991.0,3362.0,4502.0,2964.0,1501.0,1501.0,1503.0
0.0,11697.0,4520.0,4507.0,11004.0,4450.0,674.0,3776.0,0.0,1502.0,1502.0,1503.0,1517.0,1504.0,1499.0,4143.0,3003.0,4551.0,674.0,3776.0,0.0,1502.0,1502.0,1503.0
0.0,18181.0,4501.0,4508.0,12792.0,1558.0,0.0,1558.0,0.0,1502.0,1502.0,1504.0,1498.0,1512.0,1491.0,6836.0,3734.0,7611.0,0.0,1558.0,0.0,1502.0,1502.0,1504.0
0.0,26472.0,4509.0,4510.0,10828.0,0.0,0.0,0.0,0.0,1503.0,1503.0,1504.0,1505.0,1508.0,1496.0,9876.0,5952.0,10644.0,0.0,0.0,0.0,1503.0,1503.0,1504.0
0.0,32791.0,4470.0,4512.0,4450.0,0.0,0.0,0.0,0.0,1503.0,1504.0,1505.0,1470.0,1505.0,1495.0,11733.0,8946.0,12112.0,0.0,0.0,0.0,1503.0,1504.0,1505.0
0.0,32771.0,4521.0,4514.0,1558.0,0.0,0.0,0.0,0.0,1504.0,1504.0,1506.0,1499.0,1520.0,1502.0,10937.0,11217.0,10617.0,0.0,0.0,0.0,1504.0,1504.0,1506.0
0.0,29808.0,4495.0,4514.0,0.0,0.0,0.0,0.0,0.0,1503.0,1505.0,1506.0,1477.0,1512.0,1506.0,9438.0,11255.0,9115.0,0.0,0.0,0.0,1503.0,1505.0,1506.0
0.0,25313.0,4528.0,4515.0,0.0,2504.0,1079.0,0.0,1425.0,1504.0,1505.0,1506.0,1520.0,1504.0,1504.0,7961.0,9743.0,7609.0,1079.0,0.0,1425.0,1504.0,1505.0,1506.0
0.0,20785.0,4520.0,4518.0,0.0,6325.0,2590.0,798.0,2937.0,1505.0,1506.0,1507.0,1506.0,1507.0,1507.0,6441.0,8239.0,6105.0,2590.0,798.0,2937.0,1505.0,1506.0,1507.0
0.0,16265.0,4534.0,4520.0,0.0,10869.0,4095.0,2311.0,4463.0,1505.0,1507.0,1508.0,1505.0,1508.0,1521.0,4935.0,6732.0,4598.0,4095.0,2311.0,4463.0,1505.0,1507.0,1508.0
0.0,11731.0,4586.0,4522.0,2504.0,12961.0,4550.0,3833.0,4578.0,1506.0,1507.0,1509.0,1529.0,1522.0,1535.0,3430.0,5224.0,3077.0,4550.0,3833.0,4578.0,1506.0,1507.0,1509.0
0.0,9649.0,4573.0,4523.0,6325.0,11214.0,3481.0,4560.0,3173.0,1506.0,1508.0,1509.0,1521.0,1520.0,1532.0,2980.0,3702.0,2967.0,3481.0,4560.0,3173.0,1506.0,1508.0,1509.0
0.0,11401.0,4593.0,4525.0,10869.0,4948.0,923.0,3754.0,271.0,1506.0,1508.0,1511.0,1537.0,1505.0,1551.0,4049.0,2980.0,4372.0,923.0,3754.0,271.0,1506.0,1508.0,1511.0
0.0,17677.0,4616.0,4526.0,12961.0,1449.0,0.0,1449.0,0.0,1507.0,1508.0,1511.0,1539.0,1528.0,1549.0,6607.0,3786.0,7284.0,0.0,1449.0,0.0,1507.0,1508.0,1511.0
0.0,26022.0,4619.0,4527.0,11214.0,0.0,0.0,0.0,0.0,1507.0,1508.0,1512.0,1544.0,1516.0,1559.0,9618.0,6091.0,10313.0,0.0,0.0,0.0,1507.0,1508.0,1512.0
0.0,32617.0,4622.0,4529.0,4948.0,0.0,0.0,0.0,0.0,1508.0,1509.0,1512.0,1539.0,1528.0,1555.0,11555.0,9135.0,11927.0,0.0,0.0,0.0,1508.0,1509.0,1512.0
0.0,32943.0,4635.0,4531.0,1449.0,0.0,0.0,0.0,0.0,1509.0,1509.0,1513.0,1545.0,1548.0,1542.0,10939.0,11361.0,10643.0,0.0,0.0,0.0,1509.0,1509.0,1513.0
0.0,29757.0,4587.0,4532.0,0.0,0.0,0.0,0.0,0.0,1509.0,1510.0,1513.0,1531.0,1524.0,1532.0,9394.0,11262.0,9101.0,0.0,0.0,0.0,1509.0,1510.0,1513.0
0.0,25170.0,4618.0,4533.0,0.0,2766.0,1221.0,0.0,1545.0,1510.0,1510.0,1513.0,1534.0,1535.0,1549.0,7863.0,9738.0,7569.0,1221.0,0.0,1545.0,1510.0,1510.0,1513.0
0.0,20552.0,4625.0,4534.0,0.0,6743.0,2756.0,885.0,3102.0,1510.0,1510.0,1514.0,1535.0,1538.0,1552.0,6329.0,8203.0,6020.0,2756.0,885.0,3102.0,1510.0,1510.0,1514.0
0.0,15927.0,4576.0,4535.0,0.0,11324.0,4282.0,2416.0,4626.0,1511.0,1510.0,1514.0,1521.0,1531.0,1524.0,4794.0,6665.0,4468.0,4282.0,2416.0,4626.0,1511.0,1510.0,1514.0
0.0,11351.0,4596.0,4535.0,2766.0,13154.0,4594.0,3967.0,4593.0,1511.0,1510.0,1514.0,1533.0,1551.0,1512.0,3273.0,5134.0,2944.0,4594.0,3967.0,4593.0,1511.0,1510.0,1514.0
0.0,9521.0,4594.0,4536.0,6743.0,11010.0,3367.0,4620.0,3023.0,1511.0,1511.0,1514.0,1529.0,1533.0,1532.0,2961.0,3583.0,2977.0,3367.0,4620.0,3023.0,1511.0,1511.0,1514.0
0.0,11670.0,4561.0,4538.0,11324.0,4356.0,613.0,3743.0,0.0,1512.0,1512.0,1514.0,1523.0,1534.0,1504.0,4188.0,2935.0,4547.0,613.0,3743.0,0.0,1512.0,1512.0,1514.0
0.0,18433.0,4571.0,4539.0,13154.0,1302.0,0.0,1302.0,0.0,1512.0,1512.0,1515.0,1521.0,1526.0,1524.0,6947.0,3817.0,7669.0,0.0,1302.0,0.0,1512.0,1512.0,1515.0
0.0,27016.0,4567.0,4540.0,10407.0,0.0,0.0,0.0,0.0,1512.0,1513.0,1515.0,1525.0,1530.0,1512.0,10020.0,6258.0,10738.0,0.0,0.0,0.0,1512.0,1513.0,1515.0
0.0,32856.0,4544.0,4543.0,3770.0,0.0,0.0,0.0,0.0,1513.0,1514.0,1516.0,1520.0,1520.0,1504.0,11862.0,8745.0,12249.0,0.0,0.0,0.0,1513.0,1514.0,1516.0
0.0,32082.0,4535.0,4543.0,2491.0,0.0,0.0,0.0,0.0,1513.0,1514.0,1516.0,1517.0,1521.0,1497.0,10955.0,10382.0,10745.0,0.0,0.0,0.0,1513.0,1514.0,1516.0
0.0,30038.0,4523.0,4545.0,0.0,0.0,0.0,0.0,0.0,1514.0,1515.0,1516.0,1516.0,1497.0,1510.0,9438.0,11352.0,9248.0,0.0,0.0,0.0,1514.0,1515.0,1516.0
0.0,25515.0,4516.0,4546.0,0.0,2510.0,1159.0,0.0,1351.0,1514.0,1515.0,1517.0,1511.0,1501.0,1504.0,7922.0,9855.0,7738.0,1159.0,0.0,1351.0,1514.0,1515.0,1517.0
0.0,20999.0,4554.0,4549.0,0.0,6300.0,2674.0,737.0,2889.0,1515.0,1516.0,1518.0,1510.0,1511.0,1533.0,6411.0,8354.0,6234.0,2674.0,737.0,2889.0,1515.0,1516.0,1518.0
0.0,16445.0,4554.0,4550.0,0.0,10859.0,4193.0,2246.0,4420.0,1515.0,1516.0,1519.0,1519.0,1509.0,1526.0,4901.0,6843.0,4701.0,4193.0,2246.0,4420.0,1515.0,1516.0,1519.0
0.0,11891.0,4539.0,4553.0,2510.0,12903.0,4554.0,3763.0,4586.0,1516.0,1517.0,1520.0,1515.0,1512.0,1512.0,3382.0,5334.0,3175.0,4554.0,3763.0,4586.0,1516.0,1517.0,1520.0
0.0,9862.0,4542.0,4555.0,6300.0,11155.0,3402.0,4544.0,3209.0,1517.0,1518.0,1520.0,1517.0,1513.0,1512.0,3026.0,3822.0,3014.0,3402.0,4544.0,3209.0,1517.0,1518.0,1520.0
0.0,11620.0,4554.0,4556.0,10859.0,4855.0,729.0,3809.0,317.0,1517.0,1518.0,1521.0,1520.0,1511.0,1523.0,4183.0,3046.0,4391.0,729.0,3809.0,317.0,1517.0,1518.0,1521.0
0.0,17925.0,4588.0,4558.0,12903.0,1573.0,0.0,1573.0,0.0,1518.0,1518.0,1522.0,1517.0,1527.0,1544.0,6856.0,3781.0,7288.0,0.0,1573.0,0.0,1518.0,1518.0,1522.0
0.0,26240.0,4601.0,4559.0,9321.0,0.0,0.0,0.0,0.0,1518.0,1519.0,1522.0,1522.0,1531.0,1548.0,9893.0,6017.0,10330.0,0.0,0.0,0.0,1518.0,1519.0,1522.0
0.0,30960.0,4630.0,4561.0,6689.0,0.0,0.0,0.0,0.0,1519.0,1519.0,1523.0,1538.0,1544.0,1548.0,9939.0,9030.0,11991.0,0.0,0.0,0.0,1519.0,1519.0,1523.0
0.0,33019.0,4654.0,4564.0,1573.0,0.0,0.0,0.0,0.0,1520.0,1520.0,1524.0,1558.0,1540.0,1556.0,10964.0,11295.0,10760.0,0.0,0.0,0.0,1520.0,1520.0,1524.0
0.0,29938.0,4657.0,4566.0,0.0,0.0,0.0,0.0,0.0,1521.0,1520.0,1525.0,1564.0,1544.0,1549.0,9406.0,11328.0,9204.0,0.0,0.0,0.0,1521.0,1520.0,1525.0
0.0,25281.0,4651.0,4566.0,0.0,2830.0,1306.0,0.0,1524.0,1521.0,1520.0,1525.0,1543.0,1554.0,1554.0,7842.0,9784.0,7655.0,1306.0,0.0,1524.0,1521.0,1520.0,1525.0
0.0,20630.0,4673.0,4568.0,0.0,6883.0,2846.0,942.0,3095.0,1521.0,1521.0,1526.0,1540.0,1567.0,1566.0,6299.0,8230.0,6101.0,2846.0,942.0,3095.0,1521.0,1521.0,1526.0
0.0,15957.0,4705.0,4570.0,0.0,11598.0,4420.0,2517.0,4661.0,1522.0,1522.0,1526.0,1569.0,1570.0,1566.0,4759.0,6663.0,4535.0,4420.0,2517.0,4661.0,1522.0,1522.0,1526.0
0.0,11252.0,4648.0,4571.0,2830.0,13421.0,4682.0,4066.0,4673.0,1523.0,1522.0,1526.0,1563.0,1549.0,1536.0,3190.0,5093.0,2969.0,4682.0,4066.0,4673.0,1523.0,1522.0,1526.0
0.0,9434.0,4634.0,4572.0,6883.0,11177.0,3376.0,4687.0,3114.0,1523.0,1523.0,1526.0,1540.0,1558.0,1536.0,2933.0,3544.0,2957.0,3376.0,4687.0,3114.0,1523.0,1523.0,1526.0
0.0,11683.0,4627.0,4574.0,11598.0,4229.0,502.0,3727.0,0.0,1524.0,1524.0,1526.0,1541.0,1552.0,1534.0,4239.0,2928.0,4516.0,502.0,3727.0,0.0,1524.0,1524.0,1526.0
0.0,18654.0,4605.0,4574.0,13421.0,1188.0,0.0,1188.0,0.0,1524.0,1524.0,1526.0,1539.0,1527.0,1539.0,7118.0,3893.0,7643.0,0.0,1188.0,0.0,1524.0,1524.0,1526.0
0.0,27470.0,4617.0,4575.0,11177.0,0.0,0.0,0.0,0.0,1525.0,1524.0,1526.0,1547.0,1533.0,1537.0,10261.0,6432.0,10777.0,0.0,0.0,0.0,1525.0,1524.0,1526.0
0.0,34030.0,4619.0,4577.0,4229.0,0.0,0.0,0.0,0.0,1525.0,1525.0,1527.0,1533.0,1540.0,1546.0,12090.0,9586.0,12354.0,0.0,0.0,0.0,1525.0,1525.0,1527.0
0.0,33640.0,4623.0,4578.0,1188.0,0.0,0.0,0.0,0.0,1526.0,1525.0,1527.0,1543.0,1536.0,1544.0,11059.0,11773.0,10808.0,0.0,0.0,0.0,1526.0,1525.0,1527.0
0.0,30205.0,4588.0,4579.0,0.0,0.0,0.0,0.0,0.0,1526.0,1525.0,1528.0,1540.0,1516.0,1532.0,9516.0,11425.0,9264.0,0.0,0.0,0.0,1526.0,1525.0,1528.0
0.0,25617.0,4594.0,4581.0,0.0,2639.0,1199.0,0.0,1440.0,1527.0,1526.0,1528.0,1540.0,1522.0,1532.0,7976.0,9909.0,7732.0,1199.0,0.0,1440.0,1527.0,1526.0,1528.0
0.0,21023.0,4591.0,4583.0,0.0,6483.0,2750.0,756.0,2977.0,1528.0,1526.0,1529.0,1546.0,1513.0,1532.0,6436.0,8387.0,6200.0,2750.0,756.0,2977.0,1528.0,1526.0,1529.0
0.0,16432.0,4557.0,4583.0,0.0,11040.0,4285.0,2267.0,4488.0,1528.0,1526.0,1529.0,1535.0,1511.0,1511.0,4890.0,6874.0,4668.0,4285.0,2267.0,4488.0,1528.0,1526.0,1529.0
0.0,11875.0,4564.0,4585.0,2639.0,12975.0,4604.0,3791.0,4580.0,1528.0,1527.0,1530.0,1518.0,1519.0,1527.0,3355.0,5363.0,3157.0,4604.0,3791.0,4580.0,1528.0,1527.0,1530.0
0.0,9950.0,4591.0,4586.0,6483.0,11088.0,3392.0,4567.0,3129.0,1529.0,1527.0,1530.0,1533.0,1532.0,1526.0,3036.0,3844.0,3070.0,3392.0,4567.0,3129.0,1529.0,1527.0,1530.0
0.0,11842.0,4580.0,4588.0,11040.0,4638.0,629.0,3821.0,188.0,1530.0,1527.0,1531.0,1517.0,1521.0,1542.0,4253.0,3068.0,4521.0,629.0,3821.0,188.0,1530.0,1527.0,1531.0
0.0,18302.0,4602.0,4590.0,11770.0,1565.0,0.0,1565.0,0.0,1530.0,1528.0,1532.0,1527.0,1530.0,1545.0,7021.0,3814.0,7467.0,0.0,1565.0,0.0,1530.0,1528.0,1532.0
0.0,25470.0,4568.0,4592.0,12293.0,0.0,0.0,0.0,0.0,1531.0,1528.0,1533.0,1521.0,1522.0,1525.0,8893.0,6075.0,10502.0,0.0,0.0,0.0,1531.0,1528.0,1533.0
0.0,33195.0,4591.0,4592.0,4638.0,0.0,0.0,0.0,0.0,1531.0,1528.0,1533.0,1513.0,1537.0,1541.0,11969.0,9120.0,12106.0,0.0,0.0,0.0,1531.0,1528.0,1533.0
0.0,33242.0,4591.0,4594.0,1565.0,0.0,0.0,0.0,0.0,1531.0,1529.0,1534.0,1529.0,1523.0,1539.0,11085.0,11404.0,10753.0,0.0,0.0,0.0,1531.0,1529.0,1534.0
0.0,30216.0,4621.0,4595.0,0.0,4.0,0.0,0.0,4.0,1532.0,1529.0,1534.0,1529.0,1544.0,1548.0,9556.0,11446.0,9214.0,0.0,0.0,4.0,1532.0,1529.0,1534.0
0.0,25595.0,4662.0,4597.0,0.0,2740.0,1179.0,0.0,1561.0,1532.0,1530.0,1535.0,1546.0,1564.0,1552.0,8027.0,9902.0,7666.0,1179.0,0.0,1561.0,1532.0,1530.0,1535.0
0.0,20933.0,4653.0,4599.0,0.0,6715.0,2733.0,864.0,3118.0,1533.0,1531.0,1535.0,1549.0,1547.0,1557.0,6481.0,8338.0,6114.0,2733.0,864.0,3118.0,1533.0,1531.0,1535.0
0.0,16280.0,4662.0,4599.0,4.0,11373.0,4302.0,2408.0,4663.0,1533.0,1531.0,1535.0,1569.0,1544.0,1549.0,4932.0,6791.0,4557.0,4302.0,2408.0,4663.0,1533.0,1531.0,1535.0
0.0,11622.0,4685.0,4601.0,2740.0,13328.0,4687.0,3973.0,4668.0,1534.0,1532.0,1535.0,1559.0,1560.0,1566.0,3363.0,5247.0,3012.0,4687.0,3973.0,4668.0,1534.0,1532.0,1535.0
0.0,9677.0,4679.0,4603.0,6715.0,11302.0,3519.0,4659.0,3124.0,1534.0,1533.0,1536.0,1565.0,1545.0,1569.0,2983.0,3687.0,3007.0,3519.0,4659.0,3124.0,1534.0,1533.0,1536.0
0.0,11713.0,4704.0,4604.0,11373.0,4638.0,784.0,3816.0,38.0,1535.0,1533.0,1536.0,1562.0,1565.0,1577.0,4151.0,3006.0,4556.0,784.0,3816.0,38.0,1535.0,1533.0,1536.0
0.0,18382.0,4674.0,4604.0,13328.0,1398.0,0.0,1398.0,0.0,1535.0,1533.0,1536.0,1559.0,1555.0,1560.0,6891.0,3849.0,7642.0,0.0,1398.0,0.0,1535.0,1533.0,1536.0
0.0,27036.0,4677.0,4606.0,11302.0,0.0,0.0,0.0,0.0,1535.0,1534.0,1537.0,1560.0,1554.0,1563.0,10019.0,6267.0,10750.0,0.0,0.0,0.0,1535.0,1534.0,1537.0
0.0,33661.0,4670.0,4608.0,4638.0,0.0,0.0,0.0,0.0,1536.0,1535.0,1537.0,1560.0,1569.0,1541.0,11978.0,9372.0,12311.0,0.0,0.0,0.0,1536.0,1535.0,1537.0
0.0,33629.0,4672.0,4608.0,1398.0,0.0,0.0,0.0,0.0,1536.0,1535.0,1537.0,1559.0,1552.0,1561.0,11202.0,11619.0,10808.0,0.0,0.0,0.0,1536.0,1535.0,1537.0
0.0,30355.0,4673.0,4611.0,0.0,2.0,0.0,0.0,2.0,1537.0,1536.0,1538.0,1551.0,1563.0,1559.0,9643.0,11465.0,9247.0,0.0,0.0,2.0,1537.0,1536.0,1538.0
0.0,25682.0,4632.0,4611.0,0.0,2673.0,1138.0,0.0,1535.0,1537.0,1536.0,1538.0,1545.0,1554.0,1533.0,8092.0,9902.0,7688.0,1138.0,0.0,1535.0,1537.0,1536.0,1538.0
0.0,21050.0,4637.0,4611.0,0.0,6642.0,2673.0,883.0,3086.0,1537.0,1536.0,1538.0,1535.0,1551.0,1551.0,6547.0,8348.0,6155.0,2673.0,883.0,3086.0,1537.0,1536.0,1538.0
0.0,16413.0,4683.0,4614.0,2.0,11338.0,4236.0,2459.0,4643.0,1538.0,1537.0,1539.0,1558.0,1571.0,1554.0,5012.0,6797.0,4604.0,4236.0,2459.0,4643.0,1538.0,1537.0,1539.0
0.0,11732.0,4638.0,4615.0,2673.0,13308.0,4643.0,4012.0,4653.0,1538.0,1537.0,1540.0,1545.0,1553.0,1540.0,3454.0,5226.0,3052.0,4643.0,4012.0,4653.0,1538.0,1537.0,1540.0
0.0,9767.0,4637.0,4617.0,6642.0,11313.0,3528.0,4682.0,3103.0,1539.0,1538.0,1540.0,1553.0,1548.0,1536.0,3047.0,3673.0,3047.0,3528.0,4682.0,3103.0,1539.0,1538.0,1540.0
0.0,11772.0,4641.0,4618.0,11338.0,4621.0,831.0,3788.0,2.0,1539.0,1538.0,1541.0,1539.0,1565.0,1537.0,4167.0,3008.0,4597.0,831.0,3788.0,2.0,1539.0,1538.0,1541.0
0.0,18469.0,4649.0,4621.0,13308.0,1330.0,0.0,1330.0,0.0,1540.0,1539.0,1542.0,1559.0,1549.0,1541.0,6864.0,3902.0,7703.0,0.0,1330.0,0.0,1540.0,1539.0,1542.0
0.0,27128.0,4631.0,4623.0,11313.0,0.0,0.0,0.0,0.0,1541.0,1540.0,1542.0,1548.0,1557.0,1526.0,9948.0,6365.0,10815.0,0.0,0.0,0.0,1541.0,1540.0,1542.0
0.0,33810.0,4632.0,4625.0,4621.0,0.0,0.0,0.0,0.0,1541.0,1541.0,1543.0,1529.0,1546.0,1557.0,11928.0,9490.0,12392.0,0.0,0.0,0.0,1541.0,1541.0,1543.0
0.0,33799.0,4635.0,4628.0,1330.0,0.0,0.0,0.0,0.0,1542.0,1542.0,1544.0,1537.0,1541.0,1557.0,11230.0,11732.0,10837.0,0.0,0.0,0.0,1542.0,1542.0,1544.0
0.0,30494.0,4620.0,4628.0,0.0,0.0,0.0,0.0,0.0,1542.0,1542.0,1544.0,1543.0,1524.0,1553.0,9693.0,11521.0,9280.0,0.0,0.0,0.0,1542.0,1542.0,1544.0
0.0,25874.0,4615.0,4629.0,0.0,2629.0,1089.0,0.0,1540.0,1542.0,1542.0,1545.0,1529.0,1544.0,1542.0,8150.0,9997.0,7727.0,1089.0,0.0,1540.0,1542.0,1542.0,1545.0
0.0,21259.0,4613.0,4631.0,0.0,6509.0,2607.0,790.0,3112.0,1542.0,1543.0,1546.0,1518.0,1528.0,1567.0,6621.0,8453.0,6185.0,2607.0,790.0,3112.0,1542.0,1543.0,1546.0
0.0,16646.0,4647.0,4632.0,0.0,11161.0,4155.0,2336.0,4670.0,1543.0,1543.0,1546.0,1543.0,1546.0,1558.0,5103.0,6925.0,4618.0,4155.0,2336.0,4670.0,1543.0,1543.0,1546.0
0.0,11999.0,4671.0,4635.0,2629.0,13218.0,4634.0,3886.0,4698.0,1544.0,1544.0,1547.0,1563.0,1545.0,1563.0,3560.0,5379.0,3060.0,4634.0,3886.0,4698.0,1544.0,1544.0,1547.0
0.0,9957.0,4675.0,4635.0,6509.0,11384.0,3568.0,4657.0,3159.0,1544.0,1544.0,1547.0,1541.0,1561.0,1573.0,3086.0,3834.0,3037.0,3568.0,4657.0,3159.0,1544.0,1544.0,1547.0
0.0,11791.0,4704.0,4638.0,11161.0,4942.0,992.0,3891.0,59.0,1545.0,1545.0,1548.0,1574.0,1565.0,1565.0,4152.0,3063.0,4576.0,992.0,3891.0,59.0,1545.0,1545.0,1548.0
0.0,18248.0,4695.0,4638.0,13218.0,1560.0,0.0,1560.0,0.0,1545.0,1545.0,1548.0,1570.0,1555.0,1570.0,6733.0,3834.0,7681.0,0.0,1560.0,0.0,1545.0,1545.0,1548.0
0.0,26771.0,4724.0,4639.0,11384.0,0.0,0.0,0.0,0.0,1545.0,1546.0,1548.0,1577.0,1580.0,1567.0,9797.0,6165.0,10809.0,0.0,0.0,0.0,1545.0,1546.0,1548.0
0.0,33431.0,4729.0,4640.0,3018.0,0.0,0.0,0.0,0.0,1546.0,1546.0,1548.0,1582.0,1573.0,1574.0,11788.0,9242.0,12401.0,0.0,0.0,0.0,1546.0,1546.0,1548.0
0.0,31720.0,4724.0,4641.0,3484.0,0.0,0.0,0.0,0.0,1547.0,1546.0,1548.0,1581.0,1587.0,1556.0,11198.0,9636.0,10886.0,0.0,0.0,0.0,1547.0,1546.0,1548.0
0.0,30480.0,4734.0,4642.0,0.0,0.0,0.0,0.0,0.0,1547.0,1547.0,1548.0,1586.0,1587.0,1561.0,9617.0,11533.0,9330.0,0.0,0.0,0.0,1547.0,1547.0,1548.0
0.0,25746.0,4727.0,4643.0,0.0,2824.0,1268.0,0.0,1556.0,1547.0,1547.0,1549.0,1564.0,1583.0,1580.0,8031.0,9946.0,7769.0,1268.0,0.0,1556.0,1547.0,1547.0,1549.0
0.0,21019.0,4738.0,4646.0,0.0,6949.0,2842.0,960.0,3147.0,1548.0,1548.0,1550.0,1569.0,1583.0,1586.0,6467.0,8363.0,6189.0,2842.0,960.0,3147.0,1548.0,1548.0,1550.0
0.0,16281.0,4705.0,4648.0,0.0,11664.0,4399.0,2551.0,4714.0,1548.0,1549.0,1551.0,1557.0,1586.0,1562.0,4898.0,6780.0,4603.0,4399.0,2551.0,4714.0,1548.0,1549.0,1551.0
0.0,11576.0,4713.0,4649.0,2824.0,13558.0,4689.0,4139.0,4730.0,1548.0,1550.0,1551.0,1558.0,1583.0,1572.0,3341.0,5194.0,3041.0,4689.0,4139.0,4730.0,1548.0,1550.0,1551.0
0.0,9687.0,4741.0,4652.0,6949.0,11365.0,3440.0,4763.0,3162.0,1549.0,1551.0,1552.0,1588.0,1579.0,1574.0,3051.0,3611.0,3025.0,3440.0,4763.0,3162.0,1549.0,1551.0,1552.0
0.0,11895.0,4665.0,4653.0,11664.0,4371.0,600.0,3766.0,5.0,1550.0,1551.0,1552.0,1554.0,1554.0,1557.0,4305.0,2992.0,4598.0,600.0,3766.0,5.0,1550.0,1551.0,1552.0
0.0,18894.0,4680.0,4653.0,13101.0,1185.0,0.0,1185.0,0.0,1550.0,1551.0,1552.0,1566.0,1558.0,1556.0,7150.0,3989.0,7755.0,0.0,1185.0,0.0,1550.0,1551.0,1552.0
0.0,27315.0,4687.0,4655.0,9809.0,0.0,0.0,0.0,0.0,1550.0,1552.0,1553.0,1565.0,1559.0,1563.0,9816.0,6570.0,10929.0,0.0,0.0,0.0,1550.0,1552.0,1553.0
0.0,32437.0,4663.0,4657.0,6384.0,0.0,0.0,0.0,0.0,1551.0,1553.0,1553.0,1545.0,1570.0,1548.0,10135.0,9774.0,12528.0,0.0,0.0,0.0,1551.0,1553.0,1553.0
0.0,34158.0,4632.0,4658.0,1185.0,0.0,0.0,0.0,0.0,1551.0,1554.0,1553.0,1550.0,1540.0,1542.0,11203.0,11970.0,10985.0,0.0,0.0,0.0,1551.0,1554.0,1553.0
0.0,30711.0,4638.0,4659.0,0.0,0.0,0.0,0.0,0.0,1551.0,1554.0,1554.0,1541.0,1540.0,1557.0,9653.0,11615.0,9443.0,0.0,0.0,0.0,1551.0,1554.0,1554.0
0.0,26073.0,4673.0,4661.0,0.0,2650.0,1195.0,0.0,1455.0,1551.0,1555.0,1555.0,1552.0,1555.0,1566.0,8112.0,10075.0,7886.0,1195.0,0.0,1455.0,1551.0,1555.0,1555.0
0.0,21400.0,4624.0,4662.0,0.0,6534.0,2733.0,793.0,3008.0,1551.0,1555.0,1556.0,1538.0,1538.0,1548.0,6560.0,8520.0,6320.0,2733.0,793.0,3008.0,1551.0,1555.0,1556.0
0.0,16776.0,4635.0,4663.0,0.0,11174.0,4275.0,2336.0,4563.0,1552.0,1555.0,1556.0,1537.0,1543.0,1555.0,5022.0,6982.0,4772.0,4275.0,2336.0,4563.0,1552.0,1555.0,1556.0
0.0,12141.0,4623.0,4663.0,2650.0,13147.0,4609.0,3906.0,4632.0,1552.0,1556.0,1555.0,1529.0,1565.0,1529.0,3485.0,5439.0,3217.0,4609.0,3906.0,4632.0,1552.0,1556.0,1555.0
0.0,10168.0,4661.0,4665.0,6534.0,11284.0,3425.0,4682.0,3177.0,1552.0,1557.0,1556.0,1549.0,1564.0,1548.0,3151.0,3874.0,3143.0,3425.0,4682.0,3177.0,1552.0,1557.0,1556.0
0.0,12041.0,4676.0,4666.0,11174.0,4791.0,706.0,3914.0,171.0,1553.0,1557.0,1556.0,1551.0,1568.0,1557.0,4335.0,3103.0,4603.0,706.0,3914.0,171.0,1553.0,1557.0,1556.0
0.0,18539.0,4702.0,4669.0,13147.0,1581.0,0.0,1581.0,0.0,1554.0,1558.0,1557.0,1565.0,1568.0,1569.0,7059.0,3871.0,7609.0,0.0,1581.0,0.0,1554.0,1558.0,1557.0
0.0,26984.0,4665.0,4670.0,11263.0,0.0,0.0,0.0,0.0,1554.0,1559.0,1557.0,1557.0,1562.0,1546.0,10103.0,6209.0,10672.0,0.0,0.0,0.0,1554.0,1559.0,1557.0
0.0,33582.0,4721.0,4671.0,3819.0,0.0,0.0,0.0,0.0,1555.0,1559.0,1557.0,1574.0,1576.0,1571.0,11971.0,9308.0,12303.0,0.0,0.0,0.0,1555.0,1559.0,1557.0
0.0,32680.0,4739.0,4672.0,2574.0,0.0,0.0,0.0,0.0,1556.0,1559.0,1557.0,1587.0,1578.0,1574.0,11103.0,10674.0,10903.0,0.0,0.0,0.0,1556.0,1559.0,1557.0
0.0,30515.0,4748.0,4674.0,0.0,41.0,0.0,0.0,41.0,1556.0,1560.0,1558.0,1603.0,1565.0,1580.0,9516.0,11670.0,9329.0,0.0,0.0,41.0,1556.0,1560.0,1558.0
0.0,25767.0,4717.0,4675.0,0.0,3050.0,1450.0,0.0,1600.0,1557.0,1560.0,1558.0,1578.0,1580.0,1559.0,7913.0,10105.0,7749.0,1450.0,0.0,1600.0,1557.0,1560.0,1558.0
0.0,21050.0,4740.0,4676.0,0.0,7070.0,3035.0,861.0,3174.0,1557.0,1561.0,1558.0,1585.0,1581.0,1574.0,6335.0,8525.0,6190.0,3035.0,861.0,3174.0,1557.0,1561.0,1558.0
0.0,16310.0,4758.0,4677.0,41.0,11792.0,4624.0,2448.0,4720.0,1558.0,1561.0,1558.0,1584.0,1587.0,1587.0,4750.0,6944.0,4616.0,4624.0,2448.0,4720.0,1558.0,1561.0,1558.0
0.0,11593.0,4738.0,4679.0,3050.0,13490.0,4752.0,4031.0,4707.0,1558.0,1562.0,1559.0,1578.0,1578.0,1582.0,3166.0,5357.0,3070.0,4752.0,4031.0,4707.0,1558.0,1562.0,1559.0
0.0,9905.0,4762.0,4679.0,7070.0,11182.0,3310.0,4757.0,3115.0,1558.0,1562.0,1559.0,1593.0,1587.0,1582.0,3038.0,3779.0,3088.0,3310.0,4757.0,3115.0,1558.0,1562.0,1559.0
0.0,12213.0,4748.0,4681.0,11792.0,4164.0,280.0,3884.0,0.0,1559.0,1562.0,1560.0,1589.0,1575.0,1584.0,4480.0,3053.0,4680.0,280.0,3884.0,0.0,1559.0,1562.0,1560.0
0.0,19257.0,4740.0,4682.0,13490.0,1449.0,0.0,1449.0,0.0,1559.0,1563.0,1560.0,1565.0,1591.0,1584.0,7515.0,3926.0,7816.0,0.0,1449.0,0.0,1559.0,1563.0,1560.0
0.0,28007.0,4742.0,4684.0,11182.0,0.0,0.0,0.0,0.0,1559.0,1564.0,1561.0,1565.0,1598.0,1579.0,10702.0,6366.0,10939.0,0.0,0.0,0.0,1559.0,1564.0,1561.0
0.0,34447.0,4712.0,4685.0,4164.0,0.0,0.0,0.0,0.0,1560.0,1564.0,1561.0,1576.0,1569.0,1567.0,12447.0,9525.0,12475.0,0.0,0.0,0.0,1560.0,1564.0,1561.0
0.0,33899.0,4729.0,4688.0,1449.0,0.0,0.0,0.0,0.0,1561.0,1565.0,1562.0,1569.0,1587.0,1573.0,11151.0,11840.0,10908.0,0.0,0.0,0.0,1561.0,1565.0,1562.0
0.0,30619.0,4741.0,4688.0,0.0,57.0,0.0,0.0,57.0,1561.0,1565.0,1562.0,1576.0,1583.0,1582.0,9582.0,11702.0,9335.0,0.0,0.0,57.0,1561.0,1565.0,1562.0
0.0,25878.0,4727.0,4691.0,0.0,3010.0,1377.0,0.0,1633.0,1562.0,1566.0,1563.0,1573.0,1583.0,1571.0,8006.0,10119.0,7753.0,1377.0,0.0,1633.0,1562.0,1566.0,1563.0
0.0,21151.0,4712.0,4691.0,0.0,7016.0,2961.0,866.0,3189.0,1562.0,1566.0,1563.0,1584.0,1572.0,1556.0,6433.0,8536.0,6182.0,2961.0,866.0,3189.0,1562.0,1566.0,1563.0
0.0,16439.0,4737.0,4693.0,57.0,11706.0,4549.0,2439.0,4718.0,1563.0,1566.0,1564.0,1583.0,1573.0,1581.0,4849.0,6964.0,4626.0,4549.0,2439.0,4718.0,1563.0,1566.0,1564.0
0.0,11759.0,4690.0,4694.0,3010.0,13391.0,4725.0,4018.0,4648.0,1563.0,1567.0,1564.0,1553.0,1574.0,1563.0,3266.0,5391.0,3102.0,4725.0,4018.0,4648.0,1563.0,1567.0,1564.0
0.0,10079.0,4730.0,4696.0,7016.0,11115.0,3342.0,4722.0,3051.0,1563.0,1567.0,1566.0,1578.0,1570.0,1582.0,3090.0,3817.0,3172.0,3342.0,4722.0,3051.0,1563.0,1567.0,1566.0
0.0,12365.0,4712.0,4698.0,11706.0,4223.0,355.0,3868.0,0.0,1564.0,1568.0,1566.0,1557.0,1580.0,1575.0,4473.0,3113.0,4779.0,355.0,3868.0,0.0,1564.0,1568.0,1566.0
0.0,19359.0,4694.0,4699.0,13391.0,1440.0,0.0,1440.0,0.0,1564.0,1569.0,1566.0,1547.0,1585.0,1562.0,7465.0,3972.0,7922.0,0.0,1440.0,0.0,1564.0,1569.0,1566.0
0.0,28056.0,4674.0,4700.0,11115.0,0.0,0.0,0.0,0.0,1565.0,1569.0,1566.0,1561.0,1558.0,1555.0,10643.0,6405.0,11008.0,0.0,0.0,0.0,1565.0,1569.0,1566.0
0.0,34497.0,4652.0,4700.0,3771.0,0.0,0.0,0.0,0.0,1565.0,1569.0,1566.0,1546.0,1552.0,1554.0,12424.0,9569.0,12504.0,0.0,0.0,0.0,1565.0,1569.0,1566.0
0.0,33616.0,4678.0,4701.0,1892.0,0.0,0.0,0.0,0.0,1565.0,1570.0,1566.0,1547.0,1555.0,1576.0,11233.0,11433.0,10950.0,0.0,0.0,0.0,1565.0,1570.0,1566.0
0.0,30830.0,4708.0,4703.0,0.0,31.0,0.0,0.0,31.0,1566.0,1570.0,1567.0,1560.0,1578.0,1570.0,9686.0,11770.0,9374.0,0.0,0.0,31.0,1566.0,1570.0,1567.0
0.0,26122.0,4720.0,4704.0,0.0,2884.0,1287.0,0.0,1597.0,1566.0,1571.0,1567.0,1583.0,1571.0,1566.0,8126.0,10192.0,7804.0,1287.0,0.0,1597.0,1566.0,1571.0,1567.0
0.0,21402.0,4729.0,4705.0,0.0,6852.0,2856.0,806.0,3190.0,1567.0,1571.0,1567.0,1564.0,1572.0,1593.0,6543.0,8621.0,6238.0,2856.0,806.0,3190.0,1567.0,1571.0,1567.0
0.0,16673.0,4710.0,4705.0,31.0,11531.0,4435.0,2369.0,4727.0,1567.0,1571.0,1567.0,1579.0,1563.0,1568.0,4979.0,7049.0,4645.0,4435.0,2369.0,4727.0,1567.0,1571.0,1567.0
0.0,11994.0,4724.0,4706.0,2884.0,13376.0,4729.0,3953.0,4694.0,1567.0,1572.0,1567.0,1581.0,1579.0,1564.0,3400.0,5486.0,3108.0,4729.0,3953.0,4694.0,1567.0,1572.0,1567.0
0.0,10154.0,4769.0,4707.0,6852.0,11298.0,3464.0,4732.0,3102.0,1567.0,1572.0,1568.0,1591.0,1585.0,1593.0,3106.0,3907.0,3141.0,3464.0,4732.0,3102.0,1567.0,1572.0,1568.0
0.0,12237.0,4799.0,4708.0,11531.0,4609.0,637.0,3972.0,0.0,1568.0,1572.0,1568.0,1603.0,1609.0,1587.0,4371.0,3128.0,4738.0,637.0,3972.0,0.0,1568.0,1572.0,1568.0
0.0,18969.0,4797.0,4710.0,13376.0,1624.0,0.0,1624.0,0.0,1568.0,1573.0,1569.0,1593.0,1600.0,1604.0,7203.0,3888.0,7878.0,0.0,1624.0,0.0,1568.0,1573.0,1569.0
0.0,27548.0,4814.0,4710.0,11298.0,0.0,0.0,0.0,0.0,1568.0,1573.0,1569.0,1605.0,1614.0,1595.0,10339.0,6241.0,10968.0,0.0,0.0,0.0,1568.0,1573.0,1569.0
0.0,34032.0,4822.0,4713.0,4609.0,0.0,0.0,0.0,0.0,1569.0,1574.0,1570.0,1599.0,1603.0,1620.0,12198.0,9359.0,12475.0,0.0,0.0,0.0,1569.0,1574.0,1570.0
0.0,33819.0,4815.0,4713.0,1624.0,0.0,0.0,0.0,0.0,1569.0,1574.0,1570.0,1601.0,1615.0,1599.0,11236.0,11728.0,10855.0,0.0,0.0,0.0,1569.0,1574.0,1570.0
0.0,30628.0,4816.0,4716.0,0.0,203.0,0.0,0.0,203.0,1570.0,1575.0,1571.0,1607.0,1605.0,1604.0,9635.0,11737.0,9256.0,0.0,0.0,203.0,1570.0,1575.0,1571.0
0.0,25812.0,4798.0,4718.0,0.0,3222.0,1405.0,0.0,1817.0,1571.0,1575.0,1572.0,1578.0,1611.0,1609.0,8028.0,10132.0,7652.0,1405.0,0.0,1817.0,1571.0,1575.0,1572.0
0.0,21014.0,4799.0,4720.0,0.0,7385.0,2986.0,968.0,3431.0,1571.0,1576.0,1573.0,1581.0,1609.0,1609.0,6450.0,8521.0,6043.0,2986.0,968.0,3431.0,1571.0,1576.0,1573.0
0.0,16215.0,4766.0,4720.0,203.0,11948.0,4566.0,2551.0,4831.0,1571.0,1576.0,1573.0,1580.0,1583.0,1603.0,4869.0,6912.0,4434.0,4566.0,2551.0,4831.0,1571.0,1576.0,1573.0
0.0,11652.0,4767.0,4722.0,3222.0,13503.0,4743.0,4156.0,4604.0,1571.0,1577.0,1574.0,1582.0,1600.0,1585.0,3289.0,5329.0,3034.0,4743.0,4156.0,4604.0,1571.0,1577.0,1574.0
0.0,10107.0,4786.0,4725.0,7385.0,10919.0,3352.0,4791.0,2776.0,1572.0,1578.0,1575.0,1590.0,1598.0,1598.0,3112.0,3729.0,3266.0,3352.0,4791.0,2776.0,1572.0,1578.0,1575.0
0.0,12706.0,4761.0,4726.0,11948.0,4213.0,383.0,3830.0,0.0,1573.0,1578.0,1575.0,1592.0,1590.0,1579.0,4508.0,3099.0,5099.0,383.0,3830.0,0.0,1573.0,1578.0,1575.0
0.0,19893.0,4742.0,4728.0,13503.0,1251.0,0.0,1251.0,0.0,1573.0,1579.0,1576.0,1580.0,1572.0,1590.0,7482.0,4060.0,8351.0,0.0,1251.0,0.0,1573.0,1579.0,1576.0
0.0,28654.0,4741.0,4730.0,10919.0,0.0,0.0,0.0,0.0,1574.0,1579.0,1577.0,1594.0,1575.0,1572.0,10645.0,6644.0,11365.0,0.0,0.0,0.0,1574.0,1579.0,1577.0
0.0,34832.0,4716.0,4732.0,2136.0,0.0,0.0,0.0,0.0,1575.0,1580.0,1577.0,1575.0,1566.0,1575.0,12403.0,9860.0,12569.0,0.0,0.0,0.0,1575.0,1580.0,1577.0
0.0,32252.0,4698.0,4733.0,3328.0,0.0,0.0,0.0,0.0,1576.0,1580.0,1577.0,1573.0,1560.0,1565.0,11211.0,10047.0,10994.0,0.0,0.0,0.0,1576.0,1580.0,1577.0
0.0,30882.0,4680.0,4733.0,0.0,17.0,0.0,0.0,17.0,1576.0,1580.0,1577.0,1562.0,1557.0,1561.0,9638.0,11815.0,9429.0,0.0,0.0,17.0,1576.0,1580.0,1577.0
0.0,26202.0,4717.0,4735.0,0.0,2986.0,1382.0,0.0,1604.0,1577.0,1580.0,1578.0,1573.0,1562.0,1582.0,8076.0,10258.0,7868.0,1382.0,0.0,1604.0,1577.0,1580.0,1578.0
0.0,21485.0,4712.0,4736.0,0.0,6907.0,2956.0,784.0,3167.0,1577.0,1581.0,1578.0,1574.0,1575.0,1563.0,6503.0,8696.0,6286.0,2956.0,784.0,3167.0,1577.0,1581.0,1578.0
0.0,16773.0,4724.0,4738.0,17.0,11624.0,4531.0,2363.0,4730.0,1578.0,1581.0,1579.0,1570.0,1579.0,1575.0,4929.0,7121.0,4723.0,4531.0,2363.0,4730.0,1578.0,1581.0,1579.0
0.0,12066.0,4713.0,4738.0,2986.0,13351.0,4705.0,3959.0,4687.0,1578.0,1581.0,1579.0,1556.0,1596.0,1561.0,3359.0,5542.0,3165.0,4705.0,3959.0,4687.0,1578.0,1581.0,1579.0
0.0,10339.0,4751.0,4739.0,6907.0,11200.0,3330.0,4768.0,3102.0,1578.0,1582.0,1579.0,1581.0,1588.0,1582.0,3185.0,3946.0,3208.0,3330.0,4768.0,3102.0,1578.0,1582.0,1579.0
0.0,12495.0,4795.0,4740.0,11624.0,4408.0,396.0,4012.0,0.0,1578.0,1582.0,1580.0,1597.0,1607.0,1591.0,4560.0,3142.0,4793.0,396.0,4012.0,0.0,1578.0,1582.0,1580.0
0.0,19324.0,4774.0,4742.0,13351.0,1649.0,0.0,1649.0,0.0,1579.0,1583.0,1580.0,1597.0,1591.0,1586.0,7494.0,3898.0,7932.0,0.0,1649.0,0.0,1579.0,1583.0,1580.0
0.0,27901.0,4805.0,4742.0,10976.0,0.0,0.0,0.0,0.0,1579.0,1583.0,1580.0,1608.0,1606.0,1591.0,10602.0,6266.0,11033.0,0.0,0.0,0.0,1579.0,1583.0,1580.0
0.0,34072.0,4836.0,4745.0,4632.0,0.0,0.0,0.0,0.0,1580.0,1584.0,1581.0,1619.0,1610.0,1607.0,12100.0,9428.0,12544.0,0.0,0.0,0.0,1580.0,1584.0,1581.0
0.0,33868.0,4827.0,4747.0,1649.0,0.0,0.0,0.0,0.0,1580.0,1585.0,1582.0,1600.0,1621.0,1606.0,11101.0,11830.0,10937.0,0.0,0.0,0.0,1580.0,1585.0,1582.0
0.0,30690.0,4871.0,4749.0,0.0,224.0,28.0,0.0,196.0,1581.0,1586.0,1582.0,1624.0,1630.0,1617.0,9501.0,11858.0,9331.0,28.0,0.0,196.0,1581.0,1586.0,1582.0
0.0,25819.0,4806.0,4750.0,0.0,3433.0,1625.0,0.0,1808.0,1581.0,1586.0,1583.0,1597.0,1602.0,1607.0,7877.0,10228.0,7714.0,1625.0,0.0,1808.0,1581.0,1586.0,1583.0
0.0,21013.0,4839.0,4751.0,0.0,7581.0,3236.0,905.0,3440.0,1581.0,1586.0,1584.0,1611.0,1601.0,1627.0,6280.0,8626.0,6107.0,3236.0,905.0,3440.0,1581.0,1586.0,1584.0
0.0,16174.0,4830.0,4753.0,224.0,12197.0,4824.0,2513.0,4860.0,1582.0,1587.0,1584.0,1611.0,1603.0,1616.0,4669.0,7025.0,4480.0,4824.0,2513.0,4860.0,1582.0,1587.0,1584.0
0.0,11568.0,4790.0,4753.0,3433.0,13554.0,4797.0,4081.0,4676.0,1582.0,1586.0,1585.0,1598.0,1573.0,1619.0,3086.0,5422.0,3060.0,4797.0,4081.0,4676.0,1582.0,1586.0,1585.0
0.0,10211.0,4831.0,4756.0,7581.0,10819.0,3170.0,4790.0,2859.0,1583.0,1587.0,1586.0,1604.0,1609.0,1618.0,3113.0,3849.0,3249.0,3170.0,4790.0,2859.0,1583.0,1587.0,1586.0
0.0,12961.0,4810.0,4758.0,12197.0,3873.0,0.0,3873.0,0.0,1584.0,1587.0,1587.0,1602.0,1596.0,1612.0,4745.0,3145.0,5071.0,0.0,3873.0,0.0,1584.0,1587.0,1587.0
0.0,20348.0,4812.0,4759.0,13554.0,1407.0,0.0,1407.0,0.0,1584.0,1588.0,1587.0,1593.0,1610.0,1609.0,7967.0,4062.0,8319.0,0.0,1407.0,0.0,1584.0,1588.0,1587.0
0.0,29090.0,4789.0,4760.0,10819.0,0.0,0.0,0.0,0.0,1584.0,1588.0,1588.0,1594.0,1583.0,1612.0,11171.0,6533.0,11386.0,0.0,0.0,0.0,1584.0,1588.0,1588.0
0.0,35120.0,4782.0,4761.0,1909.0,0.0,0.0,0.0,0.0,1585.0,1588.0,1588.0,1606.0,1589.0,1587.0,12747.0,9740.0,12633.0,0.0,0.0,0.0,1585.0,1588.0,1588.0
0.0,32247.0,4777.0,4762.0,3371.0,0.0,0.0,0.0,0.0,1585.0,1588.0,1589.0,1601.0,1576.0,1600.0,11141.0,10060.0,11046.0,0.0,0.0,0.0,1585.0,1588.0,1589.0
0.0,30841.0,4751.0,4763.0,0.0,79.0,0.0,0.0,79.0,1586.0,1588.0,1589.0,1602.0,1569.0,1580.0,9540.0,11855.0,9446.0,0.0,0.0,79.0,1586.0,1588.0,1589.0
0.0,26090.0,4771.0,4764.0,0.0,3263.0,1595.0,0.0,1668.0,1587.0,1588.0,1589.0,1598.0,1584.0,1589.0,7938.0,10286.0,7866.0,1595.0,0.0,1668.0,1587.0,1588.0,1589.0
0.0,21319.0,4779.0,4766.0,0.0,7290.0,3180.0,845.0,3265.0,1587.0,1589.0,1590.0,1585.0,1602.0,1592.0,6340.0,8702.0,6277.0,3180.0,845.0,3265.0,1587.0,1589.0,1590.0
0.0,16540.0,4740.0,4766.0,79.0,11951.0,4756.0,2426.0,4769.0,1587.0,1589.0,1590.0,1576.0,1581.0,1583.0,4755.0,7100.0,4685.0,4756.0,2426.0,4769.0,1587.0,1589.0,1590.0
0.0,11879.0,4761.0,4767.0,3263.0,13454.0,4739.0,4039.0,4676.0,1588.0,1589.0,1590.0,1573.0,1613.0,1575.0,3179.0,5519.0,3181.0,4739.0,4039.0,4676.0,1588.0,1589.0,1590.0
0.0,10381.0,4742.0,4768.0,7290.0,10911.0,3126.0,4799.0,2986.0,1588.0,1590.0,1590.0,1567.0,1600.0,1575.0,3201.0,3906.0,3274.0,3126.0,4799.0,2986.0,1588.0,1590.0,1590.0
0.0,12929.0,4727.0,4770.0,11951.0,3969.0,0.0,3969.0,0.0,1588.0,1591.0,1591.0,1561.0,1591.0,1575.0,4814.0,3151.0,4964.0,0.0,3969.0,0.0,1588.0,1591.0,1591.0
0.0,20153.0,4748.0,4771.0,12582.0,1520.0,0.0,1520.0,0.0,1589.0,1591.0,1591.0,1577.0,1590.0,1581.0,8009.0,3986.0,8158.0,0.0,1520.0,0.0,1589.0,1591.0,1591.0
0.0,27987.0,4769.0,4772.0,9967.0,0.0,0.0,0.0,0.0,1589.0,1592.0,1591.0,1580.0,1607.0,1582.0,10299.0,6435.0,11253.0,0.0,0.0,0.0,1589.0,1592.0,1591.0
0.0,33185.0,4774.0,4773.0,5785.0,0.0,0.0,0.0,0.0,1589.0,1592.0,1592.0,1596.0,1592.0,1586.0,10901.0,9627.0,12657.0,0.0,0.0,0.0,1589.0,1592.0,1592.0
0.0,34196.0,4802.0,4775.0,1520.0,0.0,0.0,0.0,0.0,1590.0,1593.0,1592.0,1602.0,1596.0,1604.0,11121.0,12004.0,11071.0,0.0,0.0,0.0,1590.0,1593.0,1592.0
0.0,30914.0,4833.0,4777.0,0.0,145.0,52.0,0.0,93.0,1591.0,1594.0,1592.0,1616.0,1617.0,1600.0,9519.0,11928.0,9467.0,52.0,0.0,93.0,1591.0,1594.0,1592.0
0.0,26081.0,4840.0,4780.0,0.0,3381.0,1688.0,0.0,1693.0,1592.0,1595.0,1593.0,1631.0,1614.0,1595.0,7903.0,10311.0,7867.0,1688.0,0.0,1693.0,1592.0,1595.0,1593.0
0.0,21241.0,4859.0,4781.0,0.0,7523.0,3305.0,887.0,3331.0,1592.0,1595.0,1594.0,1617.0,1609.0,1633.0,6272.0,8697.0,6272.0,3305.0,887.0,3331.0,1592.0,1595.0,1594.0
0.0,16382.0,4871.0,4783.0,145.0,12259.0,4885.0,2499.0,4875.0,1593.0,1595.0,1595.0,1627.0,1612.0,1632.0,4655.0,7088.0,4639.0,4885.0,2499.0,4875.0,1593.0,1595.0,1595.0
0.0,11656.0,4898.0,4784.0,3381.0,13781.0,4823.0,4135.0,4823.0,1593.0,1596.0,1595.0,1626.0,1631.0,1641.0,3080.0,5476.0,3100.0,4823.0,4135.0,4823.0,1593.0,1596.0,1595.0
0.0,10139.0,4884.0,4786.0,7523.0,11152.0,3142.0,4877.0,3133.0,1594.0,1596.0,1596.0,1619.0,1629.0,1636.0,3142.0,3845.0,3152.0,3142.0,4877.0,3133.0,1594.0,1596.0,1596.0
0.0,12778.0,4874.0,4787.0,12259.0,4017.0,0.0,4017.0,0.0,1594.0,1597.0,1596.0,1612.0,1634.0,1628.0,4828.0,3103.0,4847.0,0.0,4017.0,0.0,1594.0,1597.0,1596.0
0.0,20163.0,4862.0,4787.0,13781.0,1490.0,0.0,1490.0,0.0,1594.0,1596.0,1597.0,1619.0,1613.0,1630.0,8101.0,3968.0,8094.0,0.0,1490.0,0.0,1594.0,1596.0,1597.0
0.0,29082.0,4878.0,4788.0,11152.0,0.0,0.0,0.0,0.0,1594.0,1597.0,1597.0,1617.0,1633.0,1628.0,11305.0,6490.0,11287.0,0.0,0.0,0.0,1594.0,1597.0,1597.0
0.0,35356.0,4875.0,4791.0,1848.0,0.0,0.0,0.0,0.0,1595.0,1598.0,1598.0,1609.0,1636.0,1630.0,12830.0,9734.0,12792.0,0.0,0.0,0.0,1595.0,1598.0,1598.0
0.0,32329.0,4873.0,4792.0,3659.0,0.0,0.0,0.0,0.0,1596.0,1598.0,1598.0,1615.0,1630.0,1628.0,11221.0,9946.0,11162.0,0.0,0.0,0.0,1596.0,1598.0,1598.0
0.0,31115.0,4865.0,4793.0,0.0,80.0,0.0,0.0,80.0,1596.0,1599.0,1598.0,1613.0,1628.0,1624.0,9606.0,11975.0,9534.0,0.0,0.0,80.0,1596.0,1599.0,1598.0
0.0,26250.0,4845.0,4795.0,0.0,3316.0,1611.0,0.0,1705.0,1597.0,1599.0,1599.0,1619.0,1606.0,1620.0,7993.0,10347.0,7910.0,1611.0,0.0,1705.0,1597.0,1599.0,1599.0
0.0,21405.0,4822.0,4795.0,0.0,7392.0,3222.0,867.0,3303.0,1597.0,1599.0,1599.0,1611.0,1613.0,1598.0,6374.0,8741.0,6290.0,3222.0,867.0,3303.0,1597.0,1599.0,1599.0
0.0,16583.0,4801.0,4797.0,80.0,12123.0,4839.0,2451.0,4833.0,1598.0,1599.0,1600.0,1612.0,1584.0,1605.0,4763.0,7128.0,4692.0,4839.0,2451.0,4833.0,1598.0,1599.0,1600.0
0.0,11862.0,4822.0,4798.0,3316.0,13634.0,4847.0,4064.0,4723.0,1598.0,1600.0,1600.0,1619.0,1608.0,1595.0,3151.0,5544.0,3167.0,4847.0,4064.0,4723.0,1598.0,1600.0,1600.0
0.0,10356.0,4793.0,4799.0,7392.0,11040.0,3232.0,4789.0,3019.0,1599.0,1600.0,1600.0,1602.0,1592.0,1599.0,3143.0,3936.0,3277.0,3232.0,4789.0,3019.0,1599.0,1600.0,1600.0
0.0,12955.0,4765.0,4800.0,12123.0,3936.0,0.0,3936.0,0.0,1599.0,1601.0,1600.0,1606.0,1593.0,1566.0,4763.0,3211.0,4981.0,0.0,3936.0,0.0,1599.0,1601.0,1600.0
0.0,20313.0,4802.0,4802.0,12947.0,1470.0,0.0,1470.0,0.0,1600.0,1601.0,1601.0,1607.0,1598.0,1597.0,7996.0,4069.0,8248.0,0.0,1470.0,0.0,1600.0,1601.0,1601.0
0.0,28458.0,4780.0,4804.0,11727.0,0.0,0.0,0.0,0.0,1601.0,1602.0,1601.0,1602.0,1597.0,1581.0,10549.0,6535.0,11374.0,0.0,0.0,0.0,1601.0,1602.0,1601.0
0.0,35405.0,4780.0,4805.0,3936.0,0.0,0.0,0.0,0.0,1601.0,1603.0,1601.0,1599.0,1588.0,1593.0,12866.0,9727.0,12812.0,0.0,0.0,0.0,1601.0,1603.0,1601.0
0.0,34561.0,4776.0,4807.0,1470.0,0.0,0.0,0.0,0.0,1602.0,1603.0,1602.0,1597.0,1598.0,1581.0,11267.0,12075.0,11219.0,0.0,0.0,0.0,1602.0,1603.0,1602.0
0.0,31255.0,4787.0,4807.0,0.0,0.0,0.0,0.0,0.0,1602.0,1603.0,1602.0,1592.0,1589.0,1606.0,9670.0,11947.0,9638.0,0.0,0.0,0.0,1602.0,1603.0,1602.0
0.0,26468.0,4840.0,4810.0,0.0,3149.0,1546.0,0.0,1603.0,1603.0,1604.0,1603.0,1609.0,1611.0,1620.0,8078.0,10358.0,8032.0,1546.0,0.0,1603.0,1603.0,1604.0,1603.0
0.0,21628.0,4831.0,4811.0,0.0,7258.0,3149.0,889.0,3220.0,1603.0,1604.0,1604.0,1603.0,1616.0,1612.0,6469.0,8747.0,6412.0,3149.0,889.0,3220.0,1603.0,1604.0,1604.0
0.0,16797.0,4853.0,4813.0,0.0,12121.0,4767.0,2506.0,4848.0,1604.0,1604.0,1605.0,1613.0,1617.0,1623.0,4866.0,7131.0,4800.0,4767.0,2506.0,4848.0,1604.0,1604.0,1605.0
0.0,11944.0,4853.0,4814.0,3149.0,13830.0,4844.0,4126.0,4860.0,1604.0,1605.0,1605.0,1623.0,1615.0,1615.0,3253.0,5514.0,3177.0,4844.0,4126.0,4860.0,1604.0,1605.0,1605.0
0.0,10240.0,4899.0,4816.0,7258.0,11481.0,3338.0,4864.0,3279.0,1605.0,1605.0,1606.0,1638.0,1627.0,1634.0,3176.0,3899.0,3165.0,3338.0,4864.0,3279.0,1605.0,1605.0,1606.0
0.0,12599.0,4935.0,4818.0,12121.0,4305.0,224.0,4001.0,80.0,1605.0,1606.0,1607.0,1653.0,1638.0,1644.0,4687.0,3161.0,4751.0,224.0,4001.0,80.0,1605.0,1606.0,1607.0
0.0,19785.0,4937.0,4819.0,13830.0,1516.0,0.0,1516.0,0.0,1606.0,1606.0,1607.0,1653.0,1641.0,1643.0,7801.0,4029.0,7955.0,0.0,1516.0,0.0,1606.0,1606.0,1607.0
0.0,28678.0,4933.0,4821.0,11481.0,0.0,0.0,0.0,0.0,1607.0,1606.0,1608.0,1653.0,1637.0,1643.0,10992.0,6514.0,11172.0,0.0,0.0,0.0,1607.0,1606.0,1608.0
0.0,35226.0,4926.0,4823.0,3654.0,0.0,0.0,0.0,0.0,1608.0,1607.0,1608.0,1645.0,1643.0,1638.0,12677.0,9741.0,12808.0,0.0,0.0,0.0,1608.0,1607.0,1608.0
0.0,33954.0,4930.0,4825.0,2167.0,0.0,0.0,0.0,0.0,1608.0,1608.0,1609.0,1636.0,1647.0,1647.0,11256.0,11448.0,11250.0,0.0,0.0,0.0,1608.0,1608.0,1609.0
0.0,31191.0,4902.0,4826.0,0.0,139.0,48.0,0.0,91.0,1609.0,1608.0,1609.0,1623.0,1630.0,1649.0,9620.0,11968.0,9603.0,48.0,0.0,91.0,1609.0,1608.0,1609.0
0.0,26289.0,4896.0,4828.0,0.0,3415.0,1669.0,0.0,1746.0,1609.0,1609.0,1610.0,1621.0,1625.0,1650.0,7997.0,10338.0,7954.0,1669.0,0.0,1746.0,1609.0,1609.0,1610.0
0.0,21393.0,4870.0,4830.0,0.0,7627.0,3299.0,957.0,3371.0,1610.0,1610.0,1610.0,1625.0,1620.0,1625.0,6376.0,8713.0,6304.0,3299.0,957.0,3371.0,1610.0,1610.0,1610.0
0.0,16523.0,4887.0,4830.0,139.0,12375.0,4888.0,2580.0,4907.0,1610.0,1610.0,1610.0,1637.0,1623.0,1627.0,4751.0,7093.0,4679.0,4888.0,2580.0,4907.0,1610.0,1610.0,1610.0
0.0,11775.0,4880.0,4832.0,3415.0,13850.0,4851.0,4205.0,4794.0,1611.0,1610.0,1611.0,1627.0,1625.0,1628.0,3162.0,5470.0,3143.0,4851.0,4205.0,4794.0,1611.0,1610.0,1611.0
0.0,10310.0,4873.0,4833.0,7627.0,11101.0,3178.0,4878.0,3045.0,1611.0,1611.0,1611.0,1626.0,1625.0,1622.0,3204.0,3845.0,3261.0,3178.0,4878.0,3045.0,1611.0,1611.0,1611.0
0.0,13064.0,4873.0,4836.0,12375.0,3916.0,0.0,3916.0,0.0,1612.0,1612.0,1612.0,1628.0,1613.0,1632.0,4877.0,3177.0,5010.0,0.0,3916.0,0.0,1612.0,1612.0,1612.0
0.0,20566.0,4830.0,4836.0,12169.0,1315.0,0.0,1315.0,0.0,1612.0,1612.0,1612.0,1611.0,1604.0,1615.0,8137.0,4144.0,8285.0,0.0,1315.0,0.0,1612.0,1612.0,1612.0
0.0,27905.0,4825.0,4838.0,12782.0,0.0,0.0,0.0,0.0,1612.0,1613.0,1613.0,1615.0,1596.0,1614.0,9696.0,6745.0,11464.0,0.0,0.0,0.0,1612.0,1613.0,1613.0
0.0,35862.0,4858.0,4840.0,3916.0,0.0,0.0,0.0,0.0,1613.0,1613.0,1614.0,1623.0,1612.0,1623.0,12940.0,10027.0,12895.0,0.0,0.0,0.0,1613.0,1613.0,1614.0
0.0,34920.0,4827.0,4841.0,1315.0,0.0,0.0,0.0,0.0,1614.0,1613.0,1614.0,1623.0,1611.0,1593.0,11317.0,12331.0,11272.0,0.0,0.0,0.0,1614.0,1613.0,1614.0
0.0,31408.0,4813.0,4842.0,0.0,0.0,0.0,0.0,0.0,1614.0,1614.0,1614.0,1605.0,1609.0,1599.0,9694.0,12035.0,9679.0,0.0,0.0,0.0,1614.0,1614.0,1614.0
0.0,26595.0,4839.0,4843.0,0.0,3186.0,1597.0,0.0,1589.0,1615.0,1614.0,1614.0,1611.0,1629.0,1599.0,8089.0,10426.0,8080.0,1597.0,0.0,1589.0,1615.0,1614.0,1614.0
0.0,21756.0,4814.0,4844.0,0.0,7278.0,3184.0,884.0,3210.0,1615.0,1614.0,1615.0,1587.0,1611.0,1616.0,6478.0,8797.0,6481.0,3184.0,884.0,3210.0,1615.0,1614.0,1615.0
0.0,16942.0,4840.0,4847.0,0.0,12133.0,4797.0,2515.0,4821.0,1616.0,1615.0,1616.0,1608.0,1626.0,1606.0,4891.0,7186.0,4865.0,4797.0,2515.0,4821.0,1616.0,1615.0,1616.0
0.0,12102.0,4861.0,4850.0,3186.0,13823.0,4824.0,4134.0,4865.0,1617.0,1616.0,1617.0,1619.0,1614.0,1628.0,3283.0,5560.0,3259.0,4824.0,4134.0,4865.0,1617.0,1616.0,1617.0
0.0,10427.0,4857.0,4851.0,7278.0,11407.0,3255.0,4880.0,3272.0,1618.0,1616.0,1617.0,1610.0,1630.0,1617.0,3261.0,3946.0,3220.0,3255.0,4880.0,3272.0,1618.0,1616.0,1617.0
0.0,12848.0,4872.0,4853.0,12133.0,4156.0,72.0,4004.0,80.0,1618.0,1617.0,1618.0,1614.0,1634.0,1624.0,4835.0,3200.0,4813.0,72.0,4004.0,80.0,1618.0,1617.0,1618.0
0.0,20109.0,4904.0,4854.0,13823.0,1491.0,0.0,1491.0,0.0,1619.0,1617.0,1618.0,1653.0,1621.0,1630.0,8018.0,4081.0,8010.0,0.0,1491.0,0.0,1619.0,1617.0,1618.0
0.0,29028.0,4938.0,4856.0,11407.0,0.0,0.0,0.0,0.0,1619.0,1618.0,1619.0,1638.0,1654.0,1646.0,11189.0,6594.0,11245.0,0.0,0.0,0.0,1619.0,1618.0,1619.0
0.0,35497.0,4961.0,4860.0,2123.0,0.0,0.0,0.0,0.0,1620.0,1619.0,1621.0,1657.0,1645.0,1659.0,12806.0,9820.0,12871.0,0.0,0.0,0.0,1620.0,1619.0,1621.0
0.0,32659.0,4911.0,4860.0,3524.0,0.0,0.0,0.0,0.0,1620.0,1619.0,1621.0,1644.0,1621.0,1646.0,11221.0,10146.0,11292.0,0.0,0.0,0.0,1620.0,1619.0,1621.0
0.0,31272.0,4944.0,4861.0,0.0,292.0,170.0,0.0,122.0,1621.0,1619.0,1621.0,1642.0,1639.0,1663.0,9577.0,12049.0,9646.0,170.0,0.0,122.0,1621.0,1619.0,1621.0
0.0,26328.0,4941.0,4863.0,0.0,3594.0,1809.0,0.0,1785.0,1621.0,1620.0,1622.0,1639.0,1644.0,1658.0,7935.0,10410.0,7983.0,1809.0,0.0,1785.0,1621.0,1620.0,1622.0
0.0,21387.0,4968.0,4864.0,0.0,7901.0,3474.0,983.0,3444.0,1622.0,1620.0,1622.0,1660.0,1649.0,1659.0,6296.0,8766.0,6325.0,3474.0,983.0,3444.0,1622.0,1620.0,1622.0
0.0,16419.0,4934.0,4865.0,292.0,12548.0,4936.0,2620.0,4992.0,1622.0,1620.0,1623.0,1632.0,1637.0,1665.0,4636.0,7117.0,4666.0,4936.0,2620.0,4992.0,1622.0,1620.0,1623.0
0.0,11777.0,4898.0,4866.0,3594.0,13857.0,4752.0,4261.0,4844.0,1622.0,1621.0,1623.0,1625.0,1636.0,1637.0,3174.0,5480.0,3123.0,4752.0,4261.0,4844.0,1622.0,1621.0,1623.0
0.0,10473.0,4919.0,4866.0,7901.0,10875.0,2911.0,4915.0,3049.0,1622.0,1621.0,1623.0,1633.0,1637.0,1649.0,3358.0,3844.0,3271.0,2911.0,4915.0,3049.0,1622.0,1621.0,1623.0
0.0,13455.0,4897.0,4867.0,12289.0,3934.0,0.0,3934.0,0.0,1623.0,1621.0,1623.0,1632.0,1639.0,1626.0,5199.0,3190.0,5066.0,0.0,3934.0,0.0,1623.0,1621.0,1623.0
0.0,20847.0,4921.0,4868.0,13657.0,1316.0,0.0,1316.0,0.0,1623.0,1621.0,1624.0,1632.0,1643.0,1646.0,8244.0,4171.0,8432.0,0.0,1316.0,0.0,1623.0,1621.0,1624.0
0.0,29583.0,4882.0,4868.0,11334.0,0.0,0.0,0.0,0.0,1623.0,1621.0,1624.0,1623.0,1640.0,1619.0,11164.0,6789.0,11630.0,0.0,0.0,0.0,1623.0,1621.0,1624.0
0.0,36035.0,4897.0,4870.0,3934.0,0.0,0.0,0.0,0.0,1624.0,1622.0,1624.0,1627.0,1645.0,1625.0,12911.0,10064.0,13060.0,0.0,0.0,0.0,1624.0,1622.0,1624.0
0.0,35072.0,4877.0,4870.0,1316.0,0.0,0.0,0.0,0.0,1624.0,1622.0,1624.0,1635.0,1631.0,1611.0,11284.0,12353.0,11435.0,0.0,0.0,0.0,1624.0,1622.0,1624.0
0.0,31511.0,4878.0,4871.0,0.0,88.0,88.0,0.0,0.0,1624.0,1623.0,1624.0,1617.0,1634.0,1627.0,9649.0,12038.0,9824.0,88.0,0.0,0.0,1624.0,1623.0,1624.0
0.0,26633.0,4894.0,4873.0,0.0,3276.0,1722.0,0.0,1554.0,1624.0,1624.0,1625.0,1634.0,1634.0,1626.0,8032.0,10404.0,8197.0,1722.0,0.0,1554.0,1624.0,1624.0,1625.0
0.0,21739.0,4868.0,4875.0,0.0,7504.0,3363.0,989.0,3152.0,1625.0,1625.0,1625.0,1636.0,1634.0,1598.0,6398.0,8770.0,6571.0,3363.0,989.0,3152.0,1625.0,1625.0,1625.0
0.0,16871.0,4891.0,4877.0,88.0,12317.0,4919.0,2620.0,4778.0,1626.0,1625.0,1626.0,1639.0,1631.0,1621.0,4762.0,7136.0,4973.0,4919.0,2620.0,4778.0,1626.0,1625.0,1626.0
0.0,12068.0,4862.0,4878.0,3276.0,13908.0,4823.0,4256.0,4829.0,1626.0,1626.0,1626.0,1626.0,1631.0,1605.0,3211.0,5505.0,3352.0,4823.0,4256.0,4829.0,1626.0,1626.0,1626.0
0.0,10482.0,4853.0,4880.0,7504.0,11267.0,3094.0,4884.0,3289.0,1627.0,1626.0,1627.0,1629.0,1617.0,1607.0,3307.0,3874.0,3301.0,3094.0,4884.0,3289.0,1627.0,1626.0,1627.0
0.0,13133.0,4863.0,4881.0,12317.0,4024.0,0.0,3883.0,141.0,1627.0,1627.0,1627.0,1619.0,1614.0,1630.0,5041.0,3246.0,4846.0,0.0,3883.0,141.0,1627.0,1627.0,1627.0
0.0,20587.0,4872.0,4883.0,13908.0,1243.0,0.0,1243.0,0.0,1628.0,1627.0,1628.0,1629.0,1616.0,1627.0,8341.0,4252.0,7994.0,0.0,1243.0,0.0,1628.0,1627.0,1628.0
0.0,29623.0,4865.0,4885.0,11106.0,0.0,0.0,0.0,0.0,1628.0,1628.0,1629.0,1620.0,1609.0,1636.0,11535.0,6892.0,11196.0,0.0,0.0,0.0,1628.0,1628.0,1629.0
0.0,35864.0,4915.0,4887.0,2237.0,0.0,0.0,0.0,0.0,1629.0,1628.0,1630.0,1643.0,1615.0,1657.0,13009.0,10006.0,12849.0,0.0,0.0,0.0,1629.0,1628.0,1630.0
0.0,33186.0,4892.0,4887.0,3191.0,0.0,0.0,0.0,0.0,1629.0,1628.0,1630.0,1637.0,1613.0,1642.0,11366.0,10487.0,11333.0,0.0,0.0,0.0,1629.0,1628.0,1630.0
0.0,31485.0,4918.0,4889.0,0.0,178.0,57.0,0.0,121.0,1630.0,1628.0,1631.0,1636.0,1625.0,1657.0,9729.0,12065.0,9691.0,57.0,0.0,121.0,1630.0,1628.0,1631.0
0.0,26567.0,4932.0,4889.0,0.0,3468.0,1708.0,0.0,1760.0,1630.0,1628.0,1631.0,1651.0,1642.0,1639.0,8093.0,10440.0,8034.0,1708.0,0.0,1760.0,1630.0,1628.0,1631.0
0.0,21635.0,4956.0,4891.0,0.0,7776.0,3349.0,1010.0,3417.0,1630.0,1629.0,1632.0,1641.0,1663.0,1652.0,6442.0,8798.0,6395.0,3349.0,1010.0,3417.0,1630.0,1629.0,1632.0
0.0,16679.0,5003.0,4892.0,178.0,12606.0,4970.0,2674.0,4962.0,1631.0,1629.0,1632.0,1673.0,1664.0,1666.0,4801.0,7135.0,4743.0,4970.0,2674.0,4962.0,1631.0,1629.0,1632.0
0.0,11854.0,4972.0,4893.0,3468.0,14115.0,4925.0,4342.0,4848.0,1631.0,1630.0,1632.0,1663.0,1663.0,1646.0,3185.0,5471.0,3198.0,4925.0,4342.0,4848.0,1631.0,1630.0,1632.0
0.0,10350.0,5002.0,4894.0,7776.0,11346.0,3252.0,4992.0,3102.0,1631.0,1630.0,1633.0,1676.0,1660.0,1666.0,3230.0,3808.0,3312.0,3252.0,4992.0,3102.0,1631.0,1630.0,1633.0
0.0,13124.0,5023.0,4896.0,12514.0,4064.0,62.0,4002.0,0.0,1632.0,1631.0,1633.0,1683.0,1679.0,1661.0,4903.0,3158.0,5063.0,62.0,4002.0,0.0,1632.0,1631.0,1633.0
0.0,20615.0,4989.0,4897.0,13103.0,1335.0,0.0,1335.0,0.0,1633.0,1631.0,1633.0,1659.0,1675.0,1655.0,8098.0,4153.0,8364.0,0.0,1335.0,0.0,1633.0,1631.0,1633.0
0.0,28729.0,4970.0,4898.0,12450.0,0.0,0.0,0.0,0.0,1633.0,1632.0,1633.0,1655.0,1667.0,1648.0,10352.0,6820.0,11557.0,0.0,0.0,0.0,1633.0,1632.0,1633.0
0.0,36209.0,4980.0,4900.0,4064.0,0.0,0.0,0.0,0.0,1634.0,1633.0,1633.0,1649.0,1673.0,1658.0,13053.0,10145.0,13011.0,0.0,0.0,0.0,1634.0,1633.0,1633.0
0.0,35293.0,4955.0,4902.0,1335.0,0.0,0.0,0.0,0.0,1634.0,1634.0,1634.0,1651.0,1650.0,1654.0,11466.0,12474.0,11353.0,0.0,0.0,0.0,1634.0,1634.0,1634.0
0.0,31673.0,4979.0,4903.0,0.0,154.0,26.0,0.0,128.0,1635.0,1634.0,1634.0,1666.0,1656.0,1657.0,9815.0,12159.0,9699.0,26.0,0.0,128.0,1635.0,1634.0,1634.0
0.0,26694.0,4946.0,4905.0,0.0,3450.0,1684.0,0.0,1766.0,1635.0,1635.0,1635.0,1658.0,1655.0,1633.0,8149.0,10503.0,8042.0,1684.0,0.0,1766.0,1635.0,1635.0,1635.0
0.0,21748.0,4931.0,4906.0,0.0,7713.0,3338.0,954.0,3421.0,1636.0,1635.0,1635.0,1649.0,1627.0,1655.0,6491.0,8848.0,6409.0,3338.0,954.0,3421.0,1636.0,1635.0,1635.0
0.0,16817.0,4935.0,4906.0,154.0,12494.0,4969.0,2587.0,4938.0,1636.0,1635.0,1635.0,1657.0,1633.0,1645.0,4842.0,7221.0,4754.0,4969.0,2587.0,4938.0,1636.0,1635.0,1635.0
0.0,12036.0,4888.0,4909.0,3450.0,13947.0,4918.0,4221.0,4808.0,1637.0,1636.0,1636.0,1628.0,1629.0,1631.0,3211.0,5588.0,3237.0,4918.0,4221.0,4808.0,1637.0,1636.0,1636.0
0.0,10598.0,4887.0,4909.0,7713.0,11121.0,3227.0,4880.0,3014.0,1637.0,1636.0,1636.0,1647.0,1613.0,1627.0,3267.0,3959.0,3372.0,3227.0,4880.0,3014.0,1637.0,1636.0,1636.0
0.0,13424.0,4860.0,4909.0,12494.0,3919.0,0.0,3919.0,0.0,1637.0,1636.0,1636.0,1617.0,1626.0,1617.0,4958.0,3300.0,5166.0,0.0,3919.0,0.0,1637.0,1636.0,1636.0
0.0,21058.0,4913.0,4912.0,13947.0,1327.0,0.0,1327.0,0.0,1638.0,1637.0,1637.0,1649.0,1624.0,1640.0,8310.0,4261.0,8487.0,0.0,1327.0,0.0,1638.0,1637.0,1637.0
0.0,30092.0,4881.0,4913.0,11121.0,0.0,0.0,0.0,0.0,1638.0,1637.0,1638.0,1615.0,1621.0,1645.0,11579.0,6858.0,11655.0,0.0,0.0,0.0,1638.0,1637.0,1638.0
0.0,36332.0,4889.0,4913.0,3215.0,0.0,0.0,0.0,0.0,1638.0,1637.0,1638.0,1635.0,1624.0,1630.0,13191.0,10117.0,13024.0,0.0,0.0,0.0,1638.0,1637.0,1638.0
0.0,34658.0,4907.0,4915.0,2031.0,0.0,0.0,0.0,0.0,1639.0,1637.0,1639.0,1620.0,1647.0,1640.0,11556.0,11708.0,11394.0,0.0,0.0,0.0,1639.0,1637.0,1639.0
0.0,31782.0,4917.0,4917.0,0.0,75.0,0.0,0.0,75.0,1640.0,1638.0,1639.0,1651.0,1632.0,1634.0,9936.0,12092.0,9754.0,0.0,0.0,75.0,1640.0,1638.0,1639.0
0.0,26865.0,4927.0,4918.0,0.0,3265.0,1534.0,0.0,1731.0,1640.0,1638.0,1640.0,1619.0,1657.0,1651.0,8285.0,10460.0,8120.0,1534.0,0.0,1731.0,1640.0,1638.0,1640.0
0.0,21938.0,4935.0,4919.0,0.0,7592.0,3167.0,1042.0,3383.0,1640.0,1639.0,1640.0,1633.0,1650.0,1652.0,6666.0,8803.0,6469.0,3167.0,1042.0,3383.0,1640.0,1639.0,1640.0
0.0,17003.0,4977.0,4921.0,75.0,12504.0,4831.0,2704.0,4969.0,1641.0,1639.0,1641.0,1659.0,1662.0,1656.0,5033.0,7153.0,4817.0,4831.0,2704.0,4969.0,1641.0,1639.0,1641.0
0.0,12101.0,4985.0,4923.0,3265.0,14234.0,4954.0,4365.0,4915.0,1641.0,1640.0,1642.0,1657.0,1656.0,1672.0,3374.0,5491.0,3236.0,4954.0,4365.0,4915.0,1641.0,1640.0,1642.0
0.0,10381.0,4985.0,4924.0,7592.0,11632.0,3455.0,4996.0,3181.0,1642.0,1640.0,1642.0,1663.0,1673.0,1649.0,3251.0,3835.0,3295.0,3455.0,4996.0,3181.0,1642.0,1640.0,1642.0
0.0,12988.0,4996.0,4925.0,12504.0,4248.0,291.0,3957.0,0.0,1642.0,1641.0,1642.0,1667.0,1660.0,1669.0,4755.0,3204.0,5029.0,291.0,3957.0,0.0,1642.0,1641.0,1642.0
0.0,20496.0,5001.0,4927.0,12901.0,1272.0,0.0,1272.0,0.0,1643.0,1642.0,1642.0,1675.0,1675.0,1651.0,7919.0,4248.0,8329.0,0.0,1272.0,0.0,1643.0,1642.0,1642.0
0.0,28396.0,5013.0,4927.0,12965.0,0.0,0.0,0.0,0.0,1643.0,1642.0,1642.0,1671.0,1677.0,1665.0,9865.0,6938.0,11593.0,0.0,0.0,0.0,1643.0,1642.0,1642.0
0.0,36348.0,4989.0,4929.0,4248.0,0.0,0.0,0.0,0.0,1644.0,1643.0,1642.0,1676.0,1658.0,1655.0,12982.0,10257.0,13109.0,0.0,0.0,0.0,1644.0,1643.0,1642.0
0.0,35607.0,5017.0,4929.0,1272.0,0.0,0.0,0.0,0.0,1644.0,1643.0,1642.0,1675.0,1672.0,1670.0,11597.0,12556.0,11454.0,0.0,0.0,0.0,1644.0,1643.0,1642.0
0.0,31862.0,4993.0,4931.0,0.0,82.0,0.0,0.0,82.0,1645.0,1644.0,1642.0,1678.0,1659.0,1656.0,9922.0,12156.0,9784.0,0.0,0.0,82.0,1645.0,1644.0,1642.0
0.0,26869.0,4998.0,4932.0,0.0,3392.0,1654.0,0.0,1738.0,1646.0,1644.0,1642.0,1668.0,1674.0,1656.0,8244.0,10497.0,8128.0,1654.0,0.0,1738.0,1646.0,1644.0,1642.0
0.0,21871.0,5024.0,4934.0,0.0,7823.0,3324.0,1071.0,3428.0,1646.0,1645.0,1643.0,1670.0,1669.0,1685.0,6576.0,8823.0,6472.0,3324.0,1071.0,3428.0,1646.0,1645.0,1643.0
0.0,16847.0,4974.0,4936.0,82.0,12725.0,4976.0,2728.0,5021.0,1647.0,1645.0,1644.0,1647.0,1657.0,1670.0,4906.0,7154.0,4787.0,4976.0,2728.0,5021.0,1647.0,1645.0,1644.0
0.0,11955.0,4979.0,4938.0,3392.0,14322.0,4998.0,4395.0,4929.0,1648.0,1646.0,1644.0,1671.0,1662.0,1646.0,3259.0,5497.0,3199.0,4998.0,4395.0,4929.0,1648.0,1646.0,1644.0
0.0,10368.0,4965.0,4938.0,7823.0,11464.0,3336.0,4987.0,3141.0,1648.0,1646.0,1644.0,1662.0,1663.0,1640.0,3242.0,3835.0,3291.0,3336.0,4987.0,3141.0,1648.0,1646.0,1644.0
0.0,13226.0,4971.0,4940.0,12725.0,3946.0,39.0,3907.0,0.0,1649.0,1646.0,1645.0,1674.0,1648.0,1649.0,4904.0,3243.0,5079.0,39.0,3907.0,0.0,1649.0,1646.0,1645.0
0.0,20980.0,4985.0,4943.0,14322.0,1193.0,0.0,1193.0,0.0,1650.0,1647.0,1646.0,1664.0,1676.0,1645.0,8206.0,4323.0,8451.0,0.0,1193.0,0.0,1650.0,1647.0,1646.0
0.0,30317.0,4983.0,4944.0,11464.0,0.0,0.0,0.0,0.0,1651.0,1647.0,1646.0,1658.0,1658.0,1667.0,11540.0,7042.0,11735.0,0.0,0.0,0.0,1651.0,1647.0,1646.0
0.0,36798.0,4969.0,4946.0,1852.0,0.0,0.0,0.0,0.0,1651.0,1648.0,1647.0,1659.0,1664.0,1646.0,13218.0,10371.0,13209.0,0.0,0.0,0.0,1651.0,1648.0,1647.0
0.0,33681.0,4973.0,4948.0,3287.0,0.0,0.0,0.0,0.0,1651.0,1649.0,1648.0,1644.0,1667.0,1662.0,11598.0,10520.0,11563.0,0.0,0.0,0.0,1651.0,1649.0,1648.0
0.0,31995.0,4939.0,4948.0,0.0,0.0,0.0,0.0,0.0,1651.0,1649.0,1648.0,1649.0,1644.0,1646.0,9954.0,12140.0,9901.0,0.0,0.0,0.0,1651.0,1649.0,1648.0
0.0,27056.0,4938.0,4950.0,0.0,3243.0,1603.0,0.0,1640.0,1652.0,1649.0,1649.0,1648.0,1640.0,1650.0,8305.0,10496.0,8255.0,1603.0,0.0,1640.0,1652.0,1649.0,1649.0
0.0,22118.0,4938.0,4952.0,0.0,7580.0,3247.0,1033.0,3300.0,1652.0,1650.0,1650.0,1644.0,1639.0,1655.0,6657.0,8856.0,6605.0,3247.0,1033.0,3300.0,1652.0,1650.0,1650.0
0.0,17180.0,4925.0,4952.0,0.0,12505.0,4872.0,2688.0,4945.0,1652.0,1650.0,1650.0,1625.0,1655.0,1645.0,5013.0,7217.0,4950.0,4872.0,2688.0,4945.0,1652.0,1650.0,1650.0
0.0,12255.0,4946.0,4954.0,3243.0,14218.0,4914.0,4339.0,4965.0,1652.0,1651.0,1651.0,1645.0,1646.0,1655.0,3388.0,5562.0,3305.0,4914.0,4339.0,4965.0,1652.0,1651.0,1651.0
0.0,10552.0,4953.0,4957.0,7580.0,11606.0,3306.0,4968.0,3332.0,1653.0,1652.0,1652.0,1634.0,1657.0,1662.0,3346.0,3916.0,3290.0,3306.0,4968.0,3332.0,1653.0,1652.0,1652.0
0.0,13179.0,4960.0,4958.0,12505.0,4066.0,81.0,3943.0,42.0,1653.0,1653.0,1652.0,1647.0,1658.0,1655.0,4959.0,3292.0,4928.0,81.0,3943.0,42.0,1653.0,1653.0,1652.0
0.0,20724.0,4975.0,4958.0,12405.0,1256.0,0.0,1256.0,0.0,1653.0,1653.0,1652.0,1664.0,1652.0,1659.0,8184.0,4322.0,8218.0,0.0,1256.0,0.0,1653.0,1653.0,1652.0
0.0,28154.0,4998.0,4960.0,12915.0,0.0,0.0,0.0,0.0,1654.0,1654.0,1652.0,1658.0,1670.0,1670.0,9621.0,7009.0,11524.0,0.0,0.0,0.0,1654.0,1654.0,1652.0
0.0,36071.0,5008.0,4962.0,4570.0,0.0,0.0,0.0,0.0,1654.0,1655.0,1653.0,1673.0,1664.0,1671.0,12578.0,10307.0,13186.0,0.0,0.0,0.0,1654.0,1655.0,1653.0
0.0,35633.0,5005.0,4963.0,1256.0,0.0,0.0,0.0,0.0,1655.0,1655.0,1653.0,1677.0,1659.0,1669.0,11490.0,12586.0,11557.0,0.0,0.0,0.0,1655.0,1655.0,1653.0
0.0,31884.0,5047.0,4963.0,0.0,206.0,154.0,0.0,52.0,1655.0,1655.0,1653.0,1692.0,1680.0,1675.0,9813.0,12183.0,9888.0,154.0,0.0,52.0,1655.0,1655.0,1653.0
0.0,26837.0,5021.0,4965.0,0.0,3562.0,1838.0,0.0,1724.0,1656.0,1655.0,1654.0,1679.0,1675.0,1667.0,8121.0,10503.0,8213.0,1838.0,0.0,1724.0,1656.0,1655.0,1654.0
0.0,21816.0,5031.0,4966.0,0.0,8045.0,3514.0,1141.0,3390.0,1656.0,1656.0,1654.0,1676.0,1689.0,1666.0,6442.0,8828.0,6546.0,3514.0,1141.0,3390.0,1656.0,1656.0,1654.0
0.0,16785.0,5015.0,4965.0,206.0,12849.0,5023.0,2824.0,5002.0,1655.0,1656.0,1654.0,1668.0,1683.0,1664.0,4766.0,7139.0,4880.0,5023.0,2824.0,5002.0,1655.0,1656.0,1654.0
0.0,11976.0,5068.0,4966.0,3562.0,14360.0,4893.0,4524.0,4943.0,1656.0,1656.0,1654.0,1703.0,1700.0,1665.0,3252.0,5456.0,3268.0,4893.0,4524.0,4943.0,1656.0,1656.0,1654.0
0.0,10470.0,5046.0,4968.0,8045.0,11371.0,3069.0,5081.0,3221.0,1657.0,1657.0,1654.0,1685.0,1693.0,1668.0,3387.0,3756.0,3327.0,3069.0,5081.0,3221.0,1657.0,1657.0,1654.0
0.0,13469.0,5051.0,4969.0,12849.0,3949.0,0.0,3949.0,0.0,1658.0,1657.0,1654.0,1690.0,1692.0,1669.0,5216.0,3204.0,5049.0,0.0,3949.0,0.0,1658.0,1657.0,1654.0
0.0,21267.0,5029.0,4971.0,14360.0,1116.0,0.0,1116.0,0.0,1658.0,1658.0,1655.0,1669.0,1686.0,1674.0,8549.0,4336.0,8382.0,0.0,1116.0,0.0,1658.0,1658.0,1655.0
0.0,30598.0,5059.0,4972.0,11371.0,0.0,0.0,0.0,0.0,1658.0,1659.0,1655.0,1681.0,1703.0,1675.0,11773.0,7174.0,11651.0,0.0,0.0,0.0,1658.0,1659.0,1655.0
0.0,36910.0,5015.0,4973.0,3294.0,0.0,0.0,0.0,0.0,1658.0,1659.0,1656.0,1666.0,1680.0,1669.0,13161.0,10552.0,13197.0,0.0,0.0,0.0,1658.0,1659.0,1656.0
0.0,35189.0,5030.0,4974.0,1771.0,0.0,0.0,0.0,0.0,1658.0,1660.0,1656.0,1660.0,1688.0,1682.0,11495.0,12166.0,11528.0,0.0,0.0,0.0,1658.0,1660.0,1656.0
0.0,31930.0,4992.0,4977.0,0.0,250.0,139.0,0.0,111.0,1659.0,1661.0,1657.0,1679.0,1641.0,1672.0,9835.0,12249.0,9846.0,139.0,0.0,111.0,1659.0,1661.0,1657.0
0.0,26938.0,5007.0,4979.0,0.0,3606.0,1813.0,0.0,1793.0,1660.0,1661.0,1658.0,1669.0,1661.0,1677.0,8156.0,10608.0,8174.0,1813.0,0.0,1793.0,1660.0,1661.0,1658.0
0.0,21931.0,5004.0,4981.0,0.0,7978.0,3485.0,1016.0,3477.0,1660.0,1662.0,1659.0,1672.0,1653.0,1679.0,6487.0,8947.0,6497.0,3485.0,1016.0,3477.0,1660.0,1662.0,1659.0
0.0,16927.0,4990.0,4983.0,250.0,12728.0,5022.0,2670.0,5036.0,1661.0,1662.0,1660.0,1671.0,1654.0,1665.0,4815.0,7294.0,4818.0,5022.0,2670.0,5036.0,1661.0,1662.0,1660.0
0.0,12187.0,4986.0,4985.0,3606.0,14118.0,4882.0,4331.0,4905.0,1662.0,1663.0,1660.0,1668.0,1656.0,1662.0,3283.0,5640.0,3264.0,4882.0,4331.0,4905.0,1662.0,1663.0,1660.0
0.0,10807.0,4961.0,4986.0,7978.0,11106.0,3054.0,4953.0,3099.0,1662.0,1663.0,1661.0,1657.0,1638.0,1666.0,3428.0,3984.0,3395.0,3054.0,4953.0,3099.0,1662.0,1663.0,1661.0
0.0,13824.0,4960.0,4987.0,12728.0,3958.0,0.0,3958.0,0.0,1662.0,1664.0,1661.0,1634.0,1670.0,1656.0,5256.0,3362.0,5206.0,0.0,3958.0,0.0,1662.0,1664.0,1661.0
0.0,21592.0,4977.0,4990.0,14118.0,1294.0,0.0,1294.0,0.0,1663.0,1665.0,1662.0,1642.0,1662.0,1673.0,8644.0,4362.0,8586.0,0.0,1294.0,0.0,1663.0,1665.0,1662.0
0.0,30733.0,4982.0,4990.0,11106.0,0.0,0.0,0.0,0.0,1663.0,1665.0,1662.0,1657.0,1661.0,1664.0,11884.0,7031.0,11818.0,0.0,0.0,0.0,1663.0,1665.0,1662.0
0.0,36857.0,4994.0,4991.0,3958.0,0.0,0.0,0.0,0.0,1664.0,1665.0,1662.0,1673.0,1664.0,1657.0,13281.0,10323.0,13253.0,0.0,0.0,0.0,1664.0,1665.0,1662.0
0.0,35821.0,4994.0,4993.0,1294.0,0.0,0.0,0.0,0.0,1664.0,1666.0,1663.0,1660.0,1674.0,1660.0,11608.0,12617.0,11596.0,0.0,0.0,0.0,1664.0,1666.0,1663.0
0.0,32121.0,5025.0,4994.0,0.0,111.0,58.0,0.0,53.0,1665.0,1666.0,1663.0,1681.0,1670.0,1674.0,9948.0,12237.0,9936.0,58.0,0.0,53.0,1665.0,1666.0,1663.0
0.0,27096.0,5011.0,4994.0,0.0,3440.0,1714.0,0.0,1726.0,1665.0,1666.0,1663.0,1656.0,1682.0,1673.0,8267.0,10567.0,8262.0,1714.0,0.0,1726.0,1665.0,1666.0,1663.0
0.0,22085.0,5071.0,4997.0,0.0,7971.0,3418.0,1137.0,3416.0,1666.0,1667.0,1664.0,1699.0,1687.0,1685.0,6611.0,8885.0,6589.0,3418.0,1137.0,3416.0,1666.0,1667.0,1664.0
0.0,17014.0,5059.0,4997.0,111.0,12919.0,5043.0,2827.0,5049.0,1666.0,1667.0,1664.0,1683.0,1690.0,1686.0,4912.0,7198.0,4904.0,5043.0,2827.0,5049.0,1666.0,1667.0,1664.0
0.0,12066.0,5091.0,4999.0,3440.0,14580.0,5019.0,4537.0,5024.0,1666.0,1668.0,1665.0,1690.0,1705.0,1696.0,3287.0,5508.0,3271.0,5019.0,4537.0,5024.0,1666.0,1668.0,1665.0
0.0,10415.0,5078.0,5000.0,7971.0,11692.0,3305.0,5096.0,3291.0,1667.0,1668.0,1665.0,1699.0,1696.0,1683.0,3311.0,3803.0,3301.0,3305.0,5096.0,3291.0,1667.0,1668.0,1665.0
0.0,13308.0,5103.0,5002.0,12919.0,3977.0,0.0,3977.0,0.0,1667.0,1669.0,1666.0,1704.0,1703.0,1696.0,5030.0,3244.0,5034.0,0.0,3977.0,0.0,1667.0,1669.0,1666.0
0.0,21124.0,5078.0,5004.0,14580.0,1152.0,0.0,1152.0,0.0,1668.0,1670.0,1666.0,1688.0,1707.0,1683.0,8369.0,4368.0,8387.0,0.0,1152.0,0.0,1668.0,1670.0,1666.0
0.0,30626.0,5101.0,5006.0,10745.0,0.0,0.0,0.0,0.0,1668.0,1671.0,1667.0,1704.0,1702.0,1695.0,11700.0,7198.0,11728.0,0.0,0.0,0.0,1668.0,1671.0,1667.0
0.0,36270.0,5067.0,5006.0,2765.0,0.0,0.0,0.0,0.0,1668.0,1671.0,1667.0,1678.0,1704.0,1685.0,13301.0,9645.0,13324.0,0.0,0.0,0.0,1668.0,1671.0,1667.0
0.0,33968.0,5077.0,5008.0,3311.0,0.0,0.0,0.0,0.0,1669.0,1671.0,1668.0,1688.0,1687.0,1702.0,11623.0,10706.0,11639.0,0.0,0.0,0.0,1669.0,1671.0,1668.0
0.0,32202.0,5056.0,5009.0,0.0,180.0,86.0,0.0,94.0,1669.0,1672.0,1668.0,1676.0,1689.0,1691.0,9935.0,12330.0,9937.0,86.0,0.0,94.0,1669.0,1672.0,1668.0
0.0,27146.0,5057.0,5010.0,0.0,3566.0,1771.0,0.0,1795.0,1669.0,1672.0,1669.0,1685.0,1676.0,1696.0,8259.0,10641.0,8246.0,1771.0,0.0,1795.0,1669.0,1672.0,1669.0
0.0,22089.0,5019.0,5011.0,0.0,7985.0,3435.0,1065.0,3485.0,1669.0,1672.0,1670.0,1664.0,1670.0,1685.0,6574.0,8965.0,6550.0,3435.0,1065.0,3485.0,1669.0,1672.0,1670.0
0.0,17070.0,5054.0,5013.0,180.0,12869.0,5023.0,2750.0,5096.0,1669.0,1673.0,1671.0,1674.0,1680.0,1700.0,4910.0,7295.0,4865.0,5023.0,2750.0,5096.0,1669.0,1673.0,1671.0
0.0,12196.0,5035.0,5015.0,3566.0,14348.0,4929.0,4428.0,4991.0,1670.0,1673.0,1672.0,1672.0,1678.0,1685.0,3322.0,5615.0,3259.0,4929.0,4428.0,4991.0,1670.0,1673.0,1672.0
0.0,10727.0,5049.0,5015.0,7985.0,11412.0,3186.0,5036.0,3190.0,1670.0,1673.0,1672.0,1692.0,1673.0,1684.0,3421.0,3937.0,3369.0,3186.0,5036.0,3190.0,1670.0,1673.0,1672.0
0.0,13663.0,5016.0,5017.0,12869.0,3972.0,0.0,3972.0,0.0,1670.0,1674.0,1673.0,1662.0,1681.0,1673.0,5164.0,3329.0,5170.0,0.0,3972.0,0.0,1670.0,1674.0,1673.0
0.0,21516.0,5037.0,5018.0,12306.0,1214.0,0.0,1214.0,0.0,1671.0,1674.0,1673.0,1695.0,1670.0,1672.0,8525.0,4398.0,8593.0,0.0,1214.0,0.0,1671.0,1674.0,1673.0
0.0,28785.0,5000.0,5019.0,11921.0,0.0,0.0,0.0,0.0,1672.0,1674.0,1673.0,1670.0,1664.0,1666.0,9717.0,7156.0,11912.0,0.0,0.0,0.0,1672.0,1674.0,1673.0
0.0,35706.0,5020.0,5021.0,5505.0,0.0,0.0,0.0,0.0,1672.0,1675.0,1674.0,1672.0,1666.0,1682.0,11742.0,10528.0,13436.0,0.0,0.0,0.0,1672.0,1675.0,1674.0
0.0,36191.0,4989.0,5021.0,1214.0,0.0,0.0,0.0,0.0,1672.0,1675.0,1674.0,1644.0,1678.0,1667.0,11603.0,12834.0,11754.0,0.0,0.0,0.0,1672.0,1675.0,1674.0
0.0,32416.0,5009.0,5023.0,0.0,63.0,63.0,0.0,0.0,1673.0,1676.0,1674.0,1657.0,1683.0,1669.0,9959.0,12370.0,10087.0,63.0,0.0,0.0,1673.0,1676.0,1674.0
0.0,27407.0,5043.0,5025.0,0.0,3373.0,1735.0,0.0,1638.0,1673.0,1677.0,1675.0,1672.0,1690.0,1681.0,8302.0,10687.0,8418.0,1735.0,0.0,1638.0,1673.0,1677.0,1675.0
0.0,22364.0,5031.0,5026.0,0.0,7797.0,3421.0,1072.0,3304.0,1674.0,1677.0,1675.0,1681.0,1684.0,1666.0,6630.0,8997.0,6737.0,3421.0,1072.0,3304.0,1674.0,1677.0,1675.0
0.0,17333.0,5009.0,5027.0,63.0,12748.0,5022.0,2753.0,4973.0,1674.0,1678.0,1675.0,1664.0,1676.0,1669.0,4949.0,7313.0,5071.0,5022.0,2753.0,4973.0,1674.0,1678.0,1675.0
0.0,12387.0,5041.0,5029.0,3373.0,14426.0,4982.0,4428.0,5016.0,1675.0,1678.0,1676.0,1690.0,1675.0,1676.0,3348.0,5637.0,3402.0,4982.0,4428.0,5016.0,1675.0,1678.0,1676.0
0.0,10719.0,5053.0,5030.0,7797.0,11687.0,3257.0,5023.0,3407.0,1676.0,1678.0,1676.0,1691.0,1667.0,1695.0,3393.0,3962.0,3364.0,3257.0,5023.0,3407.0,1676.0,1678.0,1676.0
0.0,13463.0,5075.0,5030.0,12748.0,4075.0,0.0,3955.0,120.0,1676.0,1678.0,1676.0,1704.0,1685.0,1686.0,5123.0,3367.0,4973.0,0.0,3955.0,120.0,1676.0,1678.0,1676.0
0.0,21136.0,5100.0,5033.0,14426.0,1235.0,0.0,1235.0,0.0,1677.0,1679.0,1677.0,1704.0,1703.0,1693.0,8441.0,4435.0,8260.0,0.0,1235.0,0.0,1677.0,1679.0,1677.0
0.0,30462.0,5108.0,5034.0,11687.0,0.0,0.0,0.0,0.0,1677.0,1680.0,1677.0,1725.0,1692.0,1691.0,11719.0,7160.0,11583.0,0.0,0.0,0.0,1677.0,1680.0,1677.0
0.0,37041.0,5107.0,5036.0,4075.0,0.0,0.0,0.0,0.0,1678.0,1680.0,1678.0,1698.0,1703.0,1706.0,13251.0,10491.0,13299.0,0.0,0.0,0.0,1678.0,1680.0,1678.0
0.0,36009.0,5120.0,5037.0,1235.0,0.0,0.0,0.0,0.0,1679.0,1680.0,1678.0,1720.0,1706.0,1694.0,11553.0,12743.0,11713.0,0.0,0.0,0.0,1679.0,1680.0,1678.0
0.0,32124.0,5144.0,5040.0,0.0,375.0,292.0,0.0,83.0,1680.0,1681.0,1679.0,1725.0,1712.0,1707.0,9833.0,12272.0,10019.0,292.0,0.0,83.0,1680.0,1681.0,1679.0
0.0,26980.0,5146.0,5041.0,0.0,3807.0,2006.0,0.0,1801.0,1680.0,1681.0,1680.0,1714.0,1719.0,1713.0,8108.0,10560.0,8312.0,2006.0,0.0,1801.0,1680.0,1681.0,1680.0
0.0,21834.0,5133.0,5043.0,0.0,8514.0,3707.0,1292.0,3515.0,1680.0,1682.0,1681.0,1701.0,1723.0,1709.0,6394.0,8841.0,6599.0,3707.0,1292.0,3515.0,1680.0,1682.0,1681.0
0.0,16701.0,5136.0,5044.0,375.0,13280.0,5119.0,3005.0,5156.0,1680.0,1682.0,1682.0,1704.0,1713.0,1719.0,4693.0,7118.0,4890.0,5119.0,3005.0,5156.0,1680.0,1682.0,1682.0
0.0,11940.0,5107.0,5046.0,3807.0,14590.0,4817.0,4700.0,5073.0,1681.0,1682.0,1683.0,1699.0,1695.0,1713.0,3281.0,5405.0,3254.0,4817.0,4700.0,5073.0,1681.0,1682.0,1683.0
0.0,10640.0,5128.0,5048.0,8514.0,11214.0,2802.0,5133.0,3279.0,1681.0,1683.0,1684.0,1692.0,1720.0,1716.0,3588.0,3710.0,3342.0,2802.0,5133.0,3279.0,1681.0,1683.0,1684.0
0.0,14026.0,5119.0,5049.0,13280.0,3839.0,0.0,3839.0,0.0,1682.0,1683.0,1684.0,1704.0,1711.0,1704.0,5603.0,3282.0,5141.0,0.0,3839.0,0.0,1682.0,1683.0,1684.0
0.0,22187.0,5126.0,5052.0,14590.0,850.0,0.0,850.0,0.0,1683.0,1684.0,1685.0,1707.0,1706.0,1713.0,9018.0,4576.0,8593.0,0.0,850.0,0.0,1683.0,1684.0,1685.0
0.0,31651.0,5087.0,5053.0,11214.0,0.0,0.0,0.0,0.0,1683.0,1685.0,1685.0,1683.0,1701.0,1703.0,12128.0,7570.0,11953.0,0.0,0.0,0.0,1683.0,1685.0,1685.0
0.0,37778.0,5107.0,5055.0,3839.0,0.0,0.0,0.0,0.0,1684.0,1685.0,1686.0,1712.0,1689.0,1706.0,13247.0,11002.0,13529.0,0.0,0.0,0.0,1684.0,1685.0,1686.0
0.0,36510.0,5068.0,5056.0,850.0,0.0,0.0,0.0,0.0,1684.0,1686.0,1686.0,1694.0,1674.0,1700.0,11535.0,13152.0,11823.0,0.0,0.0,0.0,1684.0,1686.0,1686.0
0.0,32292.0,5051.0,5058.0,0.0,274.0,274.0,0.0,0.0,1685.0,1686.0,1687.0,1690.0,1677.0,1684.0,9841.0,12328.0,10123.0,274.0,0.0,0.0,1685.0,1686.0,1687.0
0.0,27241.0,5060.0,5059.0,0.0,3642.0,1969.0,0.0,1673.0,1685.0,1687.0,1687.0,1695.0,1688.0,1677.0,8151.0,10651.0,8439.0,1969.0,0.0,1673.0,1685.0,1687.0,1687.0
0.0,22181.0,5040.0,5060.0,0.0,8159.0,3645.0,1151.0,3363.0,1685.0,1688.0,1687.0,1676.0,1674.0,1690.0,6456.0,8963.0,6762.0,3645.0,1151.0,3363.0,1685.0,1688.0,1687.0
0.0,17141.0,5035.0,5062.0,274.0,12930.0,5059.0,2826.0,5045.0,1686.0,1688.0,1688.0,1683.0,1675.0,1677.0,4780.0,7289.0,5072.0,5059.0,2826.0,5045.0,1686.0,1688.0,1688.0
0.0,12380.0,5037.0,5063.0,3642.0,14330.0,4769.0,4499.0,5062.0,1687.0,1688.0,1688.0,1674.0,1673.0,1690.0,3371.0,5614.0,3395.0,4769.0,4499.0,5062.0,1687.0,1688.0,1688.0
0.0,10985.0,5042.0,5064.0,8159.0,11218.0,2800.0,5034.0,3384.0,1687.0,1688.0,1689.0,1676.0,1686.0,1680.0,3666.0,3941.0,3378.0,2800.0,5034.0,3384.0,1687.0,1688.0,1689.0
0.0,14102.0,5046.0,5066.0,12930.0,3915.0,0.0,3888.0,27.0,1688.0,1689.0,1689.0,1683.0,1675.0,1688.0,5635.0,3406.0,5061.0,0.0,3888.0,27.0,1688.0,1689.0,1689.0
0.0,21986.0,5055.0,5066.0,14330.0,1080.0,0.0,1080.0,0.0,1688.0,1689.0,1689.0,1685.0,1691.0,1679.0,9011.0,4557.0,8418.0,0.0,1080.0,0.0,1688.0,1689.0,1689.0
0.0,31261.0,5046.0,5066.0,11218.0,0.0,0.0,0.0,0.0,1688.0,1689.0,1689.0,1689.0,1692.0,1665.0,12095.0,7365.0,11801.0,0.0,0.0,0.0,1688.0,1689.0,1689.0
0.0,37433.0,5116.0,5069.0,2581.0,0.0,0.0,0.0,0.0,1689.0,1690.0,1690.0,1712.0,1712.0,1692.0,13206.0,10707.0,13520.0,0.0,0.0,0.0,1689.0,1690.0,1690.0
0.0,34898.0,5108.0,5070.0,2414.0,0.0,0.0,0.0,0.0,1690.0,1690.0,1690.0,1715.0,1702.0,1691.0,11494.0,11549.0,11855.0,0.0,0.0,0.0,1690.0,1690.0,1690.0
0.0,32204.0,5149.0,5071.0,0.0,393.0,393.0,0.0,0.0,1690.0,1691.0,1690.0,1722.0,1734.0,1693.0,9779.0,12261.0,10164.0,393.0,0.0,0.0,1690.0,1691.0,1690.0
0.0,27055.0,5159.0,5073.0,0.0,3808.0,2129.0,0.0,1679.0,1691.0,1692.0,1690.0,1731.0,1728.0,1700.0,8057.0,10527.0,8471.0,2129.0,0.0,1679.0,1691.0,1692.0,1690.0
0.0,21896.0,5159.0,5074.0,0.0,8633.0,3836.0,1400.0,3397.0,1691.0,1692.0,1691.0,1707.0,1739.0,1713.0,6326.0,8799.0,6771.0,3836.0,1400.0,3397.0,1691.0,1692.0,1691.0
0.0,16737.0,5208.0,5076.0,393.0,13458.0,5182.0,3140.0,5136.0,1692.0,1693.0,1691.0,1734.0,1735.0,1739.0,4619.0,7060.0,5058.0,5182.0,3140.0,5136.0,1692.0,1693.0,1691.0
0.0,11922.0,5158.0,5078.0,3808.0,14818.0,4802.0,4858.0,5158.0,1693.0,1693.0,1692.0,1744.0,1718.0,1696.0,3278.0,5325.0,3319.0,4802.0,4858.0,5158.0,1693.0,1693.0,1692.0
0.0,10572.0,5164.0,5079.0,8633.0,11354.0,2676.0,5193.0,3485.0,1693.0,1694.0,1692.0,1710.0,1730.0,1724.0,3663.0,3607.0,3302.0,2676.0,5193.0,3485.0,1693.0,1694.0,1692.0
0.0,14041.0,5216.0,5081.0,13458.0,3885.0,0.0,3783.0,102.0,1694.0,1694.0,1693.0,1738.0,1730.0,1748.0,5789.0,3277.0,4975.0,0.0,3783.0,102.0,1694.0,1694.0,1693.0
0.0,22283.0,5141.0,5083.0,12533.0,657.0,0.0,657.0,0.0,1694.0,1695.0,1694.0,1695.0,1727.0,1719.0,9233.0,4687.0,8363.0,0.0,657.0,0.0,1694.0,1695.0,1694.0
0.0,29675.0,5152.0,5085.0,13639.0,0.0,0.0,0.0,0.0,1695.0,1695.0,1695.0,1702.0,1715.0,1735.0,10055.0,7818.0,11802.0,0.0,0.0,0.0,1695.0,1695.0,1695.0
0.0,38162.0,5141.0,5086.0,3885.0,0.0,0.0,0.0,0.0,1695.0,1696.0,1695.0,1713.0,1721.0,1707.0,13314.0,11296.0,13552.0,0.0,0.0,0.0,1695.0,1696.0,1695.0
0.0,36906.0,5119.0,5088.0,657.0,0.0,0.0,0.0,0.0,1696.0,1697.0,1695.0,1701.0,1698.0,1720.0,11601.0,13358.0,11947.0,0.0,0.0,0.0,1696.0,1697.0,1695.0
0.0,32444.0,5108.0,5090.0,0.0,284.0,284.0,0.0,0.0,1697.0,1697.0,1696.0,1699.0,1698.0,1711.0,9900.0,12317.0,10227.0,284.0,0.0,0.0,1697.0,1697.0,1696.0
0.0,27336.0,5126.0,5091.0,0.0,3670.0,1993.0,0.0,1677.0,1697.0,1698.0,1696.0,1709.0,1704.0,1713.0,8201.0,10619.0,8516.0,1993.0,0.0,1677.0,1697.0,1698.0,1696.0
0.0,22210.0,5110.0,5093.0,0.0,8365.0,3710.0,1263.0,3392.0,1698.0,1698.0,1697.0,1712.0,1688.0,1710.0,6492.0,8915.0,6803.0,3710.0,1263.0,3392.0,1698.0,1698.0,1697.0
0.0,17100.0,5114.0,5095.0,284.0,13205.0,5145.0,2944.0,5116.0,1699.0,1698.0,1698.0,1714.0,1681.0,1719.0,4780.0,7227.0,5093.0,5145.0,2944.0,5116.0,1699.0,1698.0,1698.0
0.0,12270.0,5109.0,5096.0,3670.0,14649.0,4853.0,4662.0,5134.0,1699.0,1699.0,1698.0,1701.0,1713.0,1695.0,3350.0,5546.0,3374.0,4853.0,4662.0,5134.0,1699.0,1699.0,1698.0
0.0,10831.0,5066.0,5097.0,8365.0,11355.0,2824.0,5104.0,3427.0,1699.0,1700.0,1698.0,1681.0,1700.0,1685.0,3642.0,3833.0,3356.0,2824.0,5104.0,3427.0,1699.0,1700.0,1698.0
0.0,14130.0,5075.0,5099.0,13205.0,3851.0,0.0,3844.0,7.0,1700.0,1700.0,1699.0,1700.0,1684.0,1691.0,5671.0,3396.0,5063.0,0.0,3844.0,7.0,1700.0,1700.0,1699.0
0.0,22260.0,5096.0,5100.0,14649.0,888.0,0.0,888.0,0.0,1701.0,1700.0,1699.0,1703.0,1706.0,1687.0,9116.0,4656.0,8488.0,0.0,888.0,0.0,1701.0,1700.0,1699.0
0.0,31813.0,5079.0,5101.0,10517.0,0.0,0.0,0.0,0.0,1701.0,1701.0,1699.0,1684.0,1703.0,1692.0,12266.0,7612.0,11935.0,0.0,0.0,0.0,1701.0,1701.0,1699.0
0.0,37251.0,5079.0,5102.0,2654.0,0.0,0.0,0.0,0.0,1702.0,1701.0,1699.0,1696.0,1704.0,1679.0,13406.0,10175.0,13670.0,0.0,0.0,0.0,1702.0,1701.0,1699.0
0.0,34826.0,5076.0,5104.0,2923.0,0.0,0.0,0.0,0.0,1702.0,1702.0,1700.0,1679.0,1707.0,1690.0,11710.0,11118.0,11998.0,0.0,0.0,0.0,1702.0,1702.0,1700.0
0.0,32673.0,5102.0,5104.0,0.0,169.0,169.0,0.0,0.0,1702.0,1702.0,1700.0,1690.0,1714.0,1698.0,10031.0,12334.0,10308.0,169.0,0.0,0.0,1702.0,1702.0,1700.0
0.0,27571.0,5112.0,5106.0,0.0,3453.0,1863.0,0.0,1590.0,1702.0,1703.0,1701.0,1694.0,1723.0,1695.0,8341.0,10620.0,8610.0,1863.0,0.0,1590.0,1702.0,1703.0,1701.0
0.0,22459.0,5135.0,5108.0,0.0,8216.0,3582.0,1338.0,3296.0,1703.0,1704.0,1701.0,1714.0,1715.0,1706.0,6647.0,8897.0,6915.0,3582.0,1338.0,3296.0,1703.0,1704.0,1701.0
0.0,17324.0,5153.0,5110.0,169.0,13210.0,5125.0,3063.0,5022.0,1703.0,1705.0,1702.0,1712.0,1720.0,1721.0,4933.0,7182.0,5209.0,5125.0,3063.0,5022.0,1703.0,1705.0,1702.0
0.0,12340.0,5180.0,5111.0,3453.0,14942.0,5012.0,4788.0,5142.0,1704.0,1705.0,1702.0,1745.0,1725.0,1710.0,3390.0,5462.0,3488.0,5012.0,4788.0,5142.0,1704.0,1705.0,1702.0
0.0,10613.0,5198.0,5113.0,8216.0,11934.0,3170.0,5182.0,3582.0,1704.0,1706.0,1703.0,1740.0,1727.0,1731.0,3508.0,3737.0,3368.0,3170.0,5182.0,3582.0,1704.0,1706.0,1703.0
0.0,13631.0,5200.0,5115.0,13210.0,4146.0,0.0,3834.0,312.0,1705.0,1706.0,1704.0,1738.0,1715.0,1747.0,5350.0,3348.0,4933.0,0.0,3834.0,312.0,1705.0,1706.0,1704.0
0.0,21641.0,5215.0,5116.0,14942.0,761.0,0.0,761.0,0.0,1705.0,1706.0,1705.0,1745.0,1715.0,1755.0,8737.0,4696.0,8208.0,0.0,761.0,0.0,1705.0,1706.0,1705.0
0.0,31368.0,5208.0,5117.0,11934.0,0.0,0.0,0.0,0.0,1706.0,1706.0,1705.0,1747.0,1722.0,1739.0,12004.0,7769.0,11595.0,0.0,0.0,0.0,1706.0,1706.0,1705.0
0.0,38094.0,5195.0,5118.0,4146.0,0.0,0.0,0.0,0.0,1706.0,1706.0,1706.0,1735.0,1718.0,1742.0,13427.0,11229.0,13438.0,0.0,0.0,0.0,1706.0,1706.0,1706.0
0.0,37045.0,5168.0,5118.0,761.0,0.0,0.0,0.0,0.0,1706.0,1706.0,1706.0,1720.0,1713.0,1735.0,11692.0,13345.0,12008.0,0.0,0.0,0.0,1706.0,1706.0,1706.0
0.0,32638.0,5206.0,5121.0,0.0,299.0,287.0,0.0,12.0,1707.0,1707.0,1707.0,1724.0,1732.0,1750.0,9972.0,12393.0,10273.0,287.0,0.0,12.0,1707.0,1707.0,1707.0
0.0,27432.0,5203.0,5122.0,0.0,3768.0,2004.0,0.0,1764.0,1707.0,1707.0,1708.0,1717.0,1739.0,1747.0,8248.0,10661.0,8523.0,2004.0,0.0,1764.0,1707.0,1707.0,1708.0
0.0,22229.0,5196.0,5124.0,0.0,8587.0,3733.0,1350.0,3504.0,1708.0,1708.0,1708.0,1724.0,1732.0,1740.0,6531.0,8922.0,6776.0,3733.0,1350.0,3504.0,1708.0,1708.0,1708.0
0.0,17033.0,5169.0,5125.0,299.0,13462.0,5162.0,3071.0,5229.0,1708.0,1708.0,1709.0,1716.0,1721.0,1732.0,4807.0,7190.0,5036.0,5162.0,3071.0,5229.0,1708.0,1708.0,1709.0
0.0,12163.0,5147.0,5125.0,3768.0,14841.0,4878.0,4773.0,5190.0,1708.0,1708.0,1709.0,1720.0,1702.0,1725.0,3378.0,5469.0,3316.0,4878.0,4773.0,5190.0,1708.0,1708.0,1709.0
0.0,10784.0,5193.0,5127.0,8587.0,11457.0,2879.0,5148.0,3430.0,1709.0,1708.0,1710.0,1729.0,1725.0,1739.0,3662.0,3767.0,3355.0,2879.0,5148.0,3430.0,1709.0,1708.0,1710.0
0.0,14178.0,5159.0,5128.0,13462.0,3804.0,0.0,3804.0,0.0,1709.0,1709.0,1710.0,1713.0,1722.0,1724.0,5666.0,3392.0,5120.0,0.0,3804.0,0.0,1709.0,1709.0,1710.0
0.0,22481.0,5129.0,5128.0,14841.0,734.0,0.0,734.0,0.0,1709.0,1709.0,1710.0,1717.0,1703.0,1709.0,9115.0,4741.0,8625.0,0.0,734.0,0.0,1709.0,1709.0,1710.0
0.0,32193.0,5142.0,5130.0,11457.0,0.0,0.0,0.0,0.0,1710.0,1710.0,1710.0,1713.0,1726.0,1703.0,12276.0,7811.0,12106.0,0.0,0.0,0.0,1710.0,1710.0,1710.0
0.0,38508.0,5134.0,5132.0,3804.0,0.0,0.0,0.0,0.0,1710.0,1711.0,1711.0,1706.0,1716.0,1712.0,13442.0,11233.0,13833.0,0.0,0.0,0.0,1710.0,1711.0,1711.0
0.0,37178.0,5131.0,5134.0,734.0,0.0,0.0,0.0,0.0,1711.0,1712.0,1711.0,1730.0,1707.0,1694.0,11736.0,13321.0,12121.0,0.0,0.0,0.0,1711.0,1712.0,1711.0
0.0,32781.0,5135.0,5136.0,0.0,268.0,268.0,0.0,0.0,1712.0,1712.0,1712.0,1714.0,1715.0,1706.0,10006.0,12348.0,10427.0,268.0,0.0,0.0,1712.0,1712.0,1712.0
0.0,27646.0,5099.0,5137.0,0.0,3509.0,1963.0,0.0,1546.0,1712.0,1713.0,1712.0,1695.0,1697.0,1707.0,8292.0,10633.0,8721.0,1963.0,0.0,1546.0,1712.0,1713.0,1712.0
0.0,22547.0,5096.0,5138.0,0.0,8239.0,3663.0,1336.0,3240.0,1713.0,1713.0,1712.0,1695.0,1707.0,1694.0,6597.0,8936.0,7014.0,3663.0,1336.0,3240.0,1713.0,1713.0,1712.0
0.0,17451.0,5116.0,5140.0,268.0,13097.0,5102.0,3045.0,4950.0,1713.0,1714.0,1713.0,1707.0,1704.0,1705.0,4902.0,7229.0,5320.0,5102.0,3045.0,4950.0,1713.0,1714.0,1713.0
0.0,12603.0,5126.0,5141.0,3509.0,14719.0,4865.0,4754.0,5100.0,1714.0,1714.0,1713.0,1721.0,1709.0,1696.0,3463.0,5525.0,3615.0,4865.0,4754.0,5100.0,1714.0,1714.0,1713.0
0.0,10986.0,5182.0,5143.0,8239.0,11672.0,2918.0,5160.0,3594.0,1714.0,1715.0,1714.0,1716.0,1737.0,1729.0,3705.0,3816.0,3465.0,2918.0,5160.0,3594.0,1714.0,1715.0,1714.0
0.0,14043.0,5185.0,5145.0,13097.0,4216.0,0.0,3842.0,374.0,1715.0,1715.0,1715.0,1733.0,1727.0,1725.0,5652.0,3415.0,4976.0,0.0,3842.0,374.0,1715.0,1715.0,1715.0
0.0,21955.0,5166.0,5146.0,12739.0,802.0,0.0,802.0,0.0,1715.0,1715.0,1716.0,1719.0,1714.0,1733.0,9021.0,4733.0,8201.0,0.0,802.0,0.0,1715.0,1715.0,1716.0
0.0,29528.0,5219.0,5147.0,13652.0,0.0,0.0,0.0,0.0,1715.0,1715.0,1717.0,1746.0,1731.0,1742.0,10187.0,7773.0,11568.0,0.0,0.0,0.0,1715.0,1715.0,1717.0
0.0,37961.0,5256.0,5150.0,4216.0,0.0,0.0,0.0,0.0,1716.0,1716.0,1718.0,1759.0,1749.0,1748.0,13339.0,11202.0,13420.0,0.0,0.0,0.0,1716.0,1716.0,1718.0
0.0,36921.0,5237.0,5151.0,802.0,0.0,0.0,0.0,0.0,1717.0,1716.0,1718.0,1752.0,1734.0,1751.0,11580.0,13295.0,12046.0,0.0,0.0,0.0,1717.0,1716.0,1718.0
0.0,32486.0,5251.0,5152.0,0.0,565.0,502.0,0.0,63.0,1717.0,1716.0,1719.0,1745.0,1743.0,1763.0,9828.0,12363.0,10295.0,502.0,0.0,63.0,1717.0,1716.0,1719.0
0.0,27235.0,5274.0,5153.0,0.0,4098.0,2260.0,0.0,1838.0,1717.0,1716.0,1720.0,1758.0,1746.0,1770.0,8083.0,10620.0,8532.0,2260.0,0.0,1838.0,1717.0,1716.0,1720.0
0.0,21961.0,5238.0,5156.0,0.0,9057.0,4000.0,1463.0,3594.0,1718.0,1717.0,1721.0,1735.0,1752.0,1751.0,6325.0,8874.0,6762.0,4000.0,1463.0,3594.0,1718.0,1717.0,1721.0
0.0,16723.0,5255.0,5156.0,565.0,13747.0,5235.0,3226.0,5286.0,1718.0,1717.0,1721.0,1737.0,1763.0,1755.0,4590.0,7122.0,5011.0,5235.0,3226.0,5286.0,1718.0,1717.0,1721.0
0.0,12033.0,5255.0,5158.0,4098.0,14914.0,4716.0,4988.0,5210.0,1718.0,1718.0,1722.0,1741.0,1757.0,1757.0,3355.0,5359.0,3319.0,4716.0,4988.0,5210.0,1718.0,1718.0,1722.0
0.0,10876.0,5228.0,5160.0,9057.0,11095.0,2446.0,5278.0,3371.0,1719.0,1719.0,1722.0,1725.0,1748.0,1755.0,3874.0,3602.0,3400.0,2446.0,5278.0,3371.0,1719.0,1719.0,1722.0
0.0,14705.0,5238.0,5162.0,13747.0,3795.0,0.0,3795.0,0.0,1720.0,1719.0,1723.0,1755.0,1743.0,1740.0,6149.0,3317.0,5239.0,0.0,3795.0,0.0,1720.0,1719.0,1723.0
0.0,23214.0,5203.0,5163.0,14914.0,556.0,0.0,556.0,0.0,1720.0,1720.0,1723.0,1729.0,1744.0,1730.0,9629.0,4800.0,8785.0,0.0,556.0,0.0,1720.0,1720.0,1723.0
0.0,32925.0,5159.0,5163.0,10620.0,0.0,0.0,0.0,0.0,1720.0,1720.0,1723.0,1713.0,1714.0,1732.0,12616.0,8044.0,12265.0,0.0,0.0,0.0,1720.0,1720.0,1723.0
0.0,38386.0,5174.0,5165.0,1884.0,0.0,0.0,0.0,0.0,1721.0,1721.0,1723.0,1742.0,1721.0,1711.0,13349.0,11133.0,13904.0,0.0,0.0,0.0,1721.0,1721.0,1723.0
0.0,35096.0,5167.0,5166.0,2942.0,0.0,0.0,0.0,0.0,1722.0,1721.0,1723.0,1735.0,1719.0,1713.0,11607.0,11296.0,12193.0,0.0,0.0,0.0,1722.0,1721.0,1723.0
0.0,32871.0,5153.0,5167.0,0.0,468.0,468.0,0.0,0.0,1722.0,1722.0,1723.0,1730.0,1710.0,1713.0,9872.0,12519.0,10480.0,468.0,0.0,0.0,1722.0,1722.0,1723.0
0.0,27718.0,5157.0,5168.0,0.0,3772.0,2200.0,0.0,1572.0,1722.0,1722.0,1724.0,1732.0,1706.0,1719.0,8142.0,10809.0,8767.0,2200.0,0.0,1572.0,1722.0,1722.0,1724.0
0.0,22561.0,5174.0,5169.0,0.0,8458.0,3934.0,1229.0,3295.0,1723.0,1722.0,1724.0,1729.0,1722.0,1723.0,6410.0,9103.0,7048.0,3934.0,1229.0,3295.0,1723.0,1722.0,1724.0
0.0,17387.0,5144.0,5172.0,468.0,13149.0,5189.0,2947.0,5013.0,1724.0,1723.0,1725.0,1718.0,1713.0,1713.0,4681.0,7381.0,5325.0,5189.0,2947.0,5013.0,1724.0,1723.0,1725.0
0.0,12711.0,5169.0,5172.0,3772.0,14546.0,4711.0,4674.0,5161.0,1724.0,1723.0,1725.0,1722.0,1727.0,1720.0,3431.0,5668.0,3612.0,4711.0,4674.0,5161.0,1724.0,1723.0,1725.0
0.0,11314.0,5151.0,5175.0,8458.0,11254.0,2498.0,5181.0,3575.0,1725.0,1724.0,1726.0,1716.0,1731.0,1704.0,3909.0,3941.0,3464.0,2498.0,5181.0,3575.0,1725.0,1724.0,1726.0
0.0,14621.0,5154.0,5175.0,12569.0,4228.0,0.0,3954.0,274.0,1725.0,1724.0,1726.0,1722.0,1720.0,1712.0,6127.0,3439.0,5055.0,0.0,3954.0,274.0,1725.0,1724.0,1726.0
0.0,22036.0,5161.0,5177.0,13817.0,1011.0,0.0,1011.0,0.0,1726.0,1724.0,1727.0,1711.0,1731.0,1719.0,9014.0,4666.0,8356.0,0.0,1011.0,0.0,1726.0,1724.0,1727.0
0.0,30692.0,5184.0,5178.0,12563.0,0.0,0.0,0.0,0.0,1726.0,1725.0,1727.0,1718.0,1734.0,1732.0,11285.0,7609.0,11798.0,0.0,0.0,0.0,1726.0,1725.0,1727.0
0.0,38071.0,5209.0,5180.0,4228.0,0.0,0.0,0.0,0.0,1727.0,1725.0,1728.0,1735.0,1740.0,1734.0,13374.0,11056.0,13641.0,0.0,0.0,0.0,1727.0,1725.0,1728.0
0.0,37090.0,5220.0,5183.0,1011.0,0.0,0.0,0.0,0.0,1728.0,1726.0,1729.0,1744.0,1741.0,1735.0,11639.0,13270.0,12181.0,0.0,0.0,0.0,1728.0,1726.0,1729.0
0.0,32881.0,5199.0,5183.0,0.0,491.0,491.0,0.0,0.0,1728.0,1726.0,1729.0,1746.0,1738.0,1715.0,9895.0,12540.0,10446.0,491.0,0.0,0.0,1728.0,1726.0,1729.0
0.0,27682.0,5241.0,5184.0,0.0,3920.0,2251.0,0.0,1669.0,1729.0,1726.0,1729.0,1755.0,1731.0,1755.0,8149.0,10802.0,8731.0,2251.0,0.0,1669.0,1729.0,1726.0,1729.0
0.0,22441.0,5259.0,5185.0,0.0,8743.0,4019.0,1297.0,3427.0,1729.0,1726.0,1730.0,1768.0,1738.0,1753.0,6394.0,9071.0,6976.0,4019.0,1297.0,3427.0,1729.0,1726.0,1730.0
0.0,17182.0,5279.0,5186.0,491.0,13536.0,5283.0,3051.0,5202.0,1729.0,1727.0,1730.0,1755.0,1749.0,1775.0,4626.0,7333.0,5223.0,5283.0,3051.0,5202.0,1729.0,1727.0,1730.0
0.0,12394.0,5282.0,5189.0,3920.0,14913.0,4789.0,4814.0,5310.0,1730.0,1728.0,1731.0,1752.0,1758.0,1772.0,3362.0,5584.0,3448.0,4789.0,4814.0,5310.0,1730.0,1728.0,1731.0
0.0,11032.0,5284.0,5189.0,8743.0,11454.0,2537.0,5257.0,3660.0,1730.0,1728.0,1731.0,1767.0,1740.0,1777.0,3861.0,3826.0,3345.0,2537.0,5257.0,3660.0,1730.0,1728.0,1731.0
0.0,14491.0,5251.0,5190.0,13536.0,4160.0,0.0,3960.0,200.0,1730.0,1729.0,1731.0,1760.0,1749.0,1742.0,6113.0,3383.0,4995.0,0.0,3960.0,200.0,1730.0,1729.0,1731.0
0.0,22776.0,5263.0,5192.0,14913.0,898.0,0.0,898.0,0.0,1731.0,1729.0,1732.0,1746.0,1752.0,1765.0,9636.0,4685.0,8455.0,0.0,898.0,0.0,1731.0,1729.0,1732.0
0.0,32426.0,5248.0,5193.0,11454.0,0.0,0.0,0.0,0.0,1731.0,1730.0,1732.0,1745.0,1745.0,1758.0,12679.0,7747.0,12000.0,0.0,0.0,0.0,1731.0,1730.0,1732.0
0.0,38632.0,5223.0,5194.0,4160.0,0.0,0.0,0.0,0.0,1732.0,1730.0,1732.0,1738.0,1733.0,1752.0,13471.0,11259.0,13902.0,0.0,0.0,0.0,1732.0,1730.0,1732.0
0.0,37569.0,5230.0,5194.0,898.0,0.0,0.0,0.0,0.0,1732.0,1730.0,1732.0,1739.0,1741.0,1750.0,11733.0,13486.0,12350.0,0.0,0.0,0.0,1732.0,1730.0,1732.0
0.0,33237.0,5248.0,5196.0,0.0,426.0,426.0,0.0,0.0,1733.0,1730.0,1733.0,1755.0,1749.0,1744.0,9994.0,12643.0,10600.0,426.0,0.0,0.0,1733.0,1730.0,1733.0
0.0,27989.0,5219.0,5197.0,0.0,3709.0,2170.0,0.0,1539.0,1733.0,1731.0,1733.0,1744.0,1745.0,1730.0,8239.0,10894.0,8856.0,2170.0,0.0,1539.0,1733.0,1731.0,1733.0
0.0,22770.0,5219.0,5198.0,0.0,8439.0,3904.0,1268.0,3267.0,1733.0,1732.0,1733.0,1734.0,1757.0,1728.0,6495.0,9149.0,7126.0,3904.0,1268.0,3267.0,1733.0,1732.0,1733.0
0.0,17551.0,5226.0,5198.0,426.0,13239.0,5232.0,3030.0,4977.0,1734.0,1732.0,1732.0,1749.0,1762.0,1715.0,4761.0,7392.0,5398.0,5232.0,3030.0,4977.0,1734.0,1732.0,1732.0
0.0,12751.0,5231.0,5202.0,3709.0,14781.0,4814.0,4797.0,5170.0,1735.0,1734.0,1733.0,1747.0,1757.0,1727.0,3438.0,5630.0,3683.0,4814.0,4797.0,5170.0,1735.0,1734.0,1733.0
0.0,11229.0,5198.0,5202.0,8439.0,11540.0,2649.0,5268.0,3623.0,1735.0,1734.0,1733.0,1739.0,1739.0,1720.0,3861.0,3873.0,3495.0,2649.0,5268.0,3623.0,1735.0,1734.0,1733.0
0.0,14470.0,5214.0,5203.0,12847.0,4363.0,0.0,3993.0,370.0,1736.0,1734.0,1733.0,1735.0,1755.0,1724.0,6026.0,3402.0,5042.0,0.0,3993.0,370.0,1736.0,1734.0,1733.0
0.0,22103.0,5192.0,5205.0,14099.0,928.0,0.0,928.0,0.0,1736.0,1735.0,1734.0,1736.0,1727.0,1729.0,9131.0,4677.0,8295.0,0.0,928.0,0.0,1736.0,1735.0,1734.0
0.0,31010.0,5182.0,5205.0,12614.0,0.0,0.0,0.0,0.0,1736.0,1735.0,1734.0,1734.0,1738.0,1710.0,11527.0,7747.0,11736.0,0.0,0.0,0.0,1736.0,1735.0,1734.0
0.0,38442.0,5193.0,5208.0,4363.0,0.0,0.0,0.0,0.0,1737.0,1736.0,1735.0,1724.0,1738.0,1731.0,13516.0,11277.0,13649.0,0.0,0.0,0.0,1737.0,1736.0,1735.0
0.0,37612.0,5183.0,5209.0,928.0,0.0,0.0,0.0,0.0,1737.0,1737.0,1735.0,1720.0,1731.0,1732.0,11792.0,13532.0,12288.0,0.0,0.0,0.0,1737.0,1737.0,1735.0
0.0,33357.0,5187.0,5211.0,0.0,344.0,344.0,0.0,0.0,1738.0,1737.0,1736.0,1726.0,1731.0,1730.0,10072.0,12729.0,10556.0,344.0,0.0,0.0,1738.0,1737.0,1736.0
0.0,28170.0,5217.0,5213.0,0.0,3686.0,2086.0,0.0,1600.0,1738.0,1738.0,1737.0,1742.0,1734.0,1741.0,8346.0,10998.0,8826.0,2086.0,0.0,1600.0,1738.0,1738.0,1737.0
0.0,22953.0,5258.0,5214.0,0.0,8375.0,3839.0,1170.0,3366.0,1739.0,1738.0,1737.0,1748.0,1744.0,1766.0,6604.0,9264.0,7085.0,3839.0,1170.0,3366.0,1739.0,1738.0,1737.0
0.0,17695.0,5235.0,5215.0,344.0,13271.0,5241.0,2913.0,5117.0,1739.0,1738.0,1738.0,1746.0,1743.0,1746.0,4856.0,7520.0,5319.0,5241.0,2913.0,5117.0,1739.0,1738.0,1738.0
0.0,12804.0,5284.0,5217.0,3686.0,14879.0,4944.0,4667.0,5268.0,1740.0,1739.0,1738.0,1784.0,1749.0,1751.0,3454.0,5777.0,3573.0,4944.0,4667.0,5268.0,1740.0,1739.0,1738.0
0.0,11206.0,5313.0,5218.0,8375.0,11822.0,2899.0,5258.0,3665.0,1741.0,1739.0,1738.0,1789.0,1761.0,1763.0,3756.0,4028.0,3422.0,2899.0,5258.0,3665.0,1741.0,1739.0,1738.0
0.0,14268.0,5269.0,5219.0,13271.0,4405.0,0.0,4088.0,317.0,1741.0,1739.0,1739.0,1762.0,1743.0,1764.0,5806.0,3437.0,5025.0,0.0,4088.0,317.0,1741.0,1739.0,1739.0
0.0,22270.0,5314.0,5221.0,14879.0,1190.0,0.0,1190.0,0.0,1742.0,1740.0,1739.0,1784.0,1764.0,1766.0,9285.0,4607.0,8378.0,0.0,1190.0,0.0,1742.0,1740.0,1739.0
0.0,31835.0,5309.0,5221.0,11822.0,0.0,0.0,0.0,0.0,1742.0,1740.0,1739.0,1766.0,1768.0,1775.0,12445.0,7510.0,11880.0,0.0,0.0,0.0,1742.0,1740.0,1739.0
0.0,38348.0,5306.0,5221.0,3847.0,0.0,0.0,0.0,0.0,1742.0,1740.0,1739.0,1772.0,1758.0,1776.0,13578.0,11000.0,13770.0,0.0,0.0,0.0,1742.0,1740.0,1739.0
0.0,36889.0,5314.0,5224.0,1748.0,0.0,0.0,0.0,0.0,1743.0,1741.0,1740.0,1782.0,1774.0,1758.0,11806.0,12772.0,12311.0,0.0,0.0,0.0,1743.0,1741.0,1740.0
0.0,33323.0,5293.0,5224.0,0.0,467.0,467.0,0.0,0.0,1744.0,1741.0,1739.0,1771.0,1775.0,1747.0,10024.0,12746.0,10553.0,467.0,0.0,0.0,1744.0,1741.0,1739.0
0.0,28030.0,5271.0,5224.0,0.0,3859.0,2216.0,0.0,1643.0,1744.0,1741.0,1739.0,1749.0,1768.0,1754.0,8253.0,10971.0,8806.0,2216.0,0.0,1643.0,1744.0,1741.0,1739.0
0.0,22759.0,5303.0,5227.0,0.0,8679.0,3983.0,1280.0,3416.0,1745.0,1742.0,1740.0,1762.0,1773.0,1768.0,6504.0,9203.0,7052.0,3983.0,1280.0,3416.0,1745.0,1742.0,1740.0
0.0,17456.0,5254.0,5226.0,467.0,13461.0,5244.0,3042.0,5175.0,1744.0,1742.0,1740.0,1733.0,1762.0,1759.0,4742.0,7430.0,5284.0,5244.0,3042.0,5175.0,1744.0,1742.0,1740.0
0.0,12669.0,5265.0,5227.0,3859.0,14872.0,4769.0,4801.0,5302.0,1744.0,1742.0,1741.0,1741.0,1759.0,1765.0,3476.0,5668.0,3525.0,4769.0,4801.0,5302.0,1744.0,1742.0,1741.0
0.0,11263.0,5278.0,5229.0,8679.0,11481.0,2547.0,5290.0,3644.0,1745.0,1743.0,1741.0,1756.0,1764.0,1758.0,3951.0,3909.0,3403.0,2547.0,5290.0,3644.0,1745.0,1743.0,1741.0
0.0,14664.0,5230.0,5231.0,13446.0,4208.0,0.0,3996.0,212.0,1745.0,1744.0,1742.0,1749.0,1743.0,1738.0,6178.0,3425.0,5061.0,0.0,3996.0,212.0,1745.0,1744.0,1742.0
0.0,22880.0,5253.0,5232.0,14367.0,928.0,0.0,928.0,0.0,1746.0,1744.0,1742.0,1770.0,1733.0,1750.0,9658.0,4724.0,8498.0,0.0,928.0,0.0,1746.0,1744.0,1742.0
0.0,31994.0,5231.0,5235.0,12001.0,0.0,0.0,0.0,0.0,1747.0,1745.0,1743.0,1756.0,1746.0,1729.0,12152.0,7792.0,12050.0,0.0,0.0,0.0,1747.0,1745.0,1743.0
0.0,38764.0,5250.0,5236.0,4208.0,0.0,0.0,0.0,0.0,1747.0,1746.0,1743.0,1763.0,1743.0,1744.0,13463.0,11336.0,13965.0,0.0,0.0,0.0,1747.0,1746.0,1743.0
0.0,37722.0,5213.0,5237.0,928.0,0.0,0.0,0.0,0.0,1748.0,1746.0,1743.0,1749.0,1732.0,1732.0,11700.0,13589.0,12433.0,0.0,0.0,0.0,1748.0,1746.0,1743.0
0.0,33437.0,5220.0,5238.0,0.0,534.0,534.0,0.0,0.0,1748.0,1746.0,1744.0,1745.0,1724.0,1751.0,9951.0,12785.0,10701.0,534.0,0.0,0.0,1748.0,1746.0,1744.0
0.0,28217.0,5200.0,5238.0,0.0,3788.0,2275.0,0.0,1513.0,1748.0,1746.0,1744.0,1741.0,1716.0,1743.0,8206.0,11061.0,8950.0,2275.0,0.0,1513.0,1748.0,1746.0,1744.0
0.0,23017.0,5222.0,5240.0,0.0,8405.0,4035.0,1115.0,3255.0,1749.0,1746.0,1745.0,1755.0,1730.0,1737.0,6465.0,9345.0,7207.0,4035.0,1115.0,3255.0,1749.0,1746.0,1745.0
0.0,17795.0,5245.0,5242.0,534.0,13126.0,5258.0,2866.0,5002.0,1750.0,1746.0,1746.0,1752.0,1751.0,1742.0,4710.0,7615.0,5470.0,5258.0,2866.0,5002.0,1750.0,1746.0,1746.0
0.0,13084.0,5241.0,5244.0,3788.0,14589.0,4713.0,4619.0,5257.0,1750.0,1747.0,1747.0,1730.0,1748.0,1763.0,3492.0,5864.0,3728.0,4713.0,4619.0,5257.0,1750.0,1747.0,1747.0
0.0,11631.0,5277.0,5245.0,8405.0,11466.0,2426.0,5272.0,3768.0,1751.0,1747.0,1747.0,1743.0,1768.0,1766.0,4037.0,4116.0,3478.0,2426.0,5272.0,3768.0,1751.0,1747.0,1747.0
0.0,14759.0,5291.0,5247.0,13126.0,4705.0,0.0,4168.0,537.0,1751.0,1748.0,1748.0,1768.0,1757.0,1766.0,6329.0,3463.0,4967.0,0.0,4168.0,537.0,1751.0,1748.0,1748.0
0.0,22594.0,5285.0,5248.0,14589.0,1309.0,0.0,1309.0,0.0,1751.0,1748.0,1749.0,1748.0,1760.0,1777.0,9819.0,4572.0,8203.0,0.0,1309.0,0.0,1751.0,1748.0,1749.0
0.0,31898.0,5330.0,5250.0,10693.0,0.0,0.0,0.0,0.0,1752.0,1748.0,1750.0,1787.0,1758.0,1785.0,12784.0,7431.0,11683.0,0.0,0.0,0.0,1752.0,1748.0,1750.0
0.0,37261.0,5313.0,5252.0,3294.0,0.0,0.0,0.0,0.0,1753.0,1749.0,1750.0,1784.0,1758.0,1771.0,13423.0,10172.0,13666.0,0.0,0.0,0.0,1753.0,1749.0,1750.0
0.0,35242.0,5295.0,5252.0,3493.0,0.0,0.0,0.0,0.0,1753.0,1749.0,1750.0,1775.0,1758.0,1762.0,11639.0,11171.0,12432.0,0.0,0.0,0.0,1753.0,1749.0,1750.0
0.0,33440.0,5320.0,5254.0,0.0,668.0,668.0,0.0,0.0,1753.0,1750.0,1751.0,1767.0,1767.0,1786.0,9864.0,12906.0,10670.0,668.0,0.0,0.0,1753.0,1750.0,1751.0
0.0,28120.0,5356.0,5255.0,0.0,4104.0,2460.0,0.0,1644.0,1754.0,1750.0,1751.0,1787.0,1796.0,1773.0,8097.0,11139.0,8884.0,2460.0,0.0,1644.0,1754.0,1750.0,1751.0
0.0,22764.0,5357.0,5256.0,0.0,8873.0,4260.0,1200.0,3413.0,1754.0,1751.0,1751.0,1800.0,1788.0,1769.0,6310.0,9343.0,7111.0,4260.0,1200.0,3413.0,1754.0,1751.0,1751.0
0.0,17407.0,5336.0,5258.0,668.0,13551.0,5379.0,2983.0,5189.0,1755.0,1752.0,1751.0,1782.0,1778.0,1776.0,4510.0,7555.0,5342.0,5379.0,2983.0,5189.0,1755.0,1752.0,1751.0
0.0,12739.0,5341.0,5259.0,4104.0,14793.0,4700.0,4759.0,5334.0,1755.0,1752.0,1752.0,1781.0,1776.0,1784.0,3396.0,5777.0,3566.0,4700.0,4759.0,5334.0,1755.0,1752.0,1752.0
0.0,11502.0,5314.0,5261.0,8873.0,11244.0,2221.0,5346.0,3677.0,1756.0,1753.0,1752.0,1776.0,1782.0,1756.0,4075.0,4001.0,3426.0,2221.0,5346.0,3677.0,1756.0,1753.0,1752.0
0.0,15061.0,5325.0,5263.0,13498.0,4414.0,0.0,4145.0,269.0,1757.0,1754.0,1752.0,1767.0,1777.0,1781.0,6559.0,3419.0,5083.0,0.0,4145.0,269.0,1757.0,1754.0,1752.0
0.0,23234.0,5305.0,5264.0,14846.0,1144.0,0.0,1144.0,0.0,1757.0,1754.0,1753.0,1771.0,1758.0,1776.0,10118.0,4625.0,8491.0,0.0,1144.0,0.0,1757.0,1754.0,1753.0
0.0,32775.0,5289.0,5264.0,11244.0,0.0,0.0,0.0,0.0,1757.0,1754.0,1753.0,1762.0,1760.0,1767.0,13100.0,7626.0,12049.0,0.0,0.0,0.0,1757.0,1754.0,1753.0
0.0,38730.0,5276.0,5266.0,4414.0,0.0,0.0,0.0,0.0,1758.0,1754.0,1754.0,1763.0,1752.0,1761.0,13559.0,11212.0,13959.0,0.0,0.0,0.0,1758.0,1754.0,1754.0
0.0,37868.0,5271.0,5266.0,1144.0,0.0,0.0,0.0,0.0,1758.0,1754.0,1754.0,1760.0,1757.0,1754.0,11796.0,13605.0,12467.0,0.0,0.0,0.0,1758.0,1754.0,1754.0
0.0,33741.0,5301.0,5269.0,0.0,524.0,524.0,0.0,0.0,1759.0,1755.0,1755.0,1765.0,1770.0,1766.0,10036.0,12992.0,10713.0,524.0,0.0,0.0,1759.0,1755.0,1755.0
0.0,28440.0,5269.0,5269.0,0.0,3862.0,2287.0,0.0,1575.0,1759.0,1755.0,1755.0,1763.0,1759.0,1747.0,8271.0,11222.0,8947.0,2287.0,0.0,1575.0,1759.0,1755.0,1755.0
0.0,23171.0,5264.0,5270.0,0.0,8443.0,4053.0,1069.0,3321.0,1759.0,1755.0,1756.0,1766.0,1757.0,1741.0,6508.0,9463.0,7200.0,4053.0,1069.0,3321.0,1759.0,1755.0,1756.0
0.0,17907.0,5273.0,5272.0,524.0,13202.0,5291.0,2821.0,5090.0,1760.0,1755.0,1757.0,1757.0,1752.0,1764.0,4742.0,7706.0,5459.0,5291.0,2821.0,5090.0,1760.0,1755.0,1757.0
0.0,13158.0,5259.0,5272.0,3862.0,14599.0,4745.0,4568.0,5286.0,1760.0,1755.0,1757.0,1741.0,1747.0,1771.0,3509.0,5954.0,3695.0,4745.0,4568.0,5286.0,1760.0,1755.0,1757.0
0.0,11761.0,5271.0,5274.0,8443.0,11437.0,2434.0,5280.0,3723.0,1760.0,1756.0,1758.0,1742.0,1776.0,1753.0,4055.0,4207.0,3499.0,2434.0,5280.0,3723.0,1760.0,1756.0,1758.0
0.0,14933.0,5263.0,5275.0,13202.0,4613.0,0.0,4214.0,399.0,1760.0,1756.0,1759.0,1747.0,1755.0,1761.0,6366.0,3500.0,5067.0,0.0,4214.0,399.0,1760.0,1756.0,1759.0
0.0,22872.0,5285.0,5278.0,14599.0,1410.0,0.0,1410.0,0.0,1761.0,1757.0,1760.0,1754.0,1759.0,1772.0,9910.0,4566.0,8396.0,0.0,1410.0,0.0,1761.0,1757.0,1760.0
0.0,32186.0,5302.0,5281.0,11437.0,0.0,0.0,0.0,0.0,1762.0,1758.0,1761.0,1750.0,1774.0,1778.0,12901.0,7375.0,11910.0,0.0,0.0,0.0,1762.0,1758.0,1761.0
0.0,38321.0,5309.0,5282.0,4190.0,0.0,0.0,0.0,0.0,1762.0,1759.0,1761.0,1761.0,1780.0,1768.0,13585.0,10881.0,13855.0,0.0,0.0,0.0,1762.0,1759.0,1761.0
0.0,37202.0,5291.0,5282.0,1833.0,0.0,0.0,0.0,0.0,1762.0,1759.0,1761.0,1751.0,1763.0,1777.0,11824.0,12892.0,12486.0,0.0,0.0,0.0,1762.0,1759.0,1761.0
0.0,33744.0,5352.0,5285.0,0.0,527.0,527.0,0.0,0.0,1763.0,1760.0,1762.0,1785.0,1779.0,1788.0,10073.0,12962.0,10709.0,527.0,0.0,0.0,1763.0,1760.0,1762.0
0.0,28392.0,5337.0,5286.0,0.0,3959.0,2306.0,0.0,1653.0,1763.0,1761.0,1762.0,1779.0,1794.0,1764.0,8288.0,11183.0,8921.0,2306.0,0.0,1653.0,1763.0,1761.0,1762.0
0.0,23055.0,5360.0,5287.0,0.0,8740.0,4089.0,1205.0,3446.0,1763.0,1761.0,1763.0,1783.0,1789.0,1788.0,6509.0,9389.0,7157.0,4089.0,1205.0,3446.0,1763.0,1761.0,1763.0
0.0,17695.0,5348.0,5288.0,527.0,13566.0,5358.0,2984.0,5224.0,1763.0,1762.0,1763.0,1796.0,1774.0,1778.0,4726.0,7600.0,5369.0,5358.0,2984.0,5224.0,1763.0,1762.0,1763.0
0.0,12874.0,5380.0,5289.0,3959.0,14992.0,4860.0,4776.0,5356.0,1764.0,1762.0,1763.0,1803.0,1792.0,1785.0,3457.0,5826.0,3591.0,4860.0,4776.0,5356.0,1764.0,1762.0,1763.0
0.0,11453.0,5368.0,5290.0,8740.0,11625.0,2568.0,5351.0,3706.0,1764.0,1762.0,1764.0,1797.0,1780.0,1791.0,3960.0,4034.0,3459.0,2568.0,5351.0,3706.0,1764.0,1762.0,1764.0
0.0,14825.0,5373.0,5292.0,12854.0,4425.0,0.0,4161.0,264.0,1765.0,1763.0,1764.0,1802.0,1789.0,1782.0,6252.0,3459.0,5114.0,0.0,4161.0,264.0,1765.0,1763.0,1764.0
0.0,22306.0,5347.0,5293.0,14618.0,1186.0,0.0,1186.0,0.0,1765.0,1764.0,1764.0,1777.0,1796.0,1774.0,9096.0,4654.0,8556.0,0.0,1186.0,0.0,1765.0,1764.0,1764.0
0.0,31577.0,5359.0,5294.0,12711.0,0.0,0.0,0.0,0.0,1765.0,1764.0,1765.0,1787.0,1789.0,1783.0,11805.0,7634.0,12138.0,0.0,0.0,0.0,1765.0,1764.0,1765.0
0.0,38929.0,5369.0,5296.0,4425.0,0.0,0.0,0.0,0.0,1766.0,1764.0,1766.0,1792.0,1784.0,1793.0,13672.0,11196.0,14061.0,0.0,0.0,0.0,1766.0,1764.0,1766.0
0.0,37985.0,5364.0,5296.0,1186.0,0.0,0.0,0.0,0.0,1766.0,1764.0,1766.0,1786.0,1792.0,1786.0,11880.0,13573.0,12532.0,0.0,0.0,0.0,1766.0,1764.0,1766.0
0.0,33807.0,5362.0,5298.0,0.0,518.0,518.0,0.0,0.0,1767.0,1765.0,1766.0,1777.0,1805.0,1780.0,10094.0,12967.0,10746.0,518.0,0.0,0.0,1767.0,1765.0,1766.0
0.0,28445.0,5355.0,5301.0,0.0,3948.0,2306.0,0.0,1642.0,1768.0,1766.0,1767.0,1783.0,1799.0,1773.0,8317.0,11162.0,8966.0,2306.0,0.0,1642.0,1768.0,1766.0,1767.0
0.0,23090.0,5372.0,5303.0,0.0,8797.0,4107.0,1264.0,3426.0,1769.0,1767.0,1767.0,1796.0,1792.0,1784.0,6534.0,9363.0,7193.0,4107.0,1264.0,3426.0,1769.0,1767.0,1767.0
0.0,17718.0,5329.0,5304.0,518.0,13613.0,5359.0,3045.0,5209.0,1769.0,1767.0,1768.0,1770.0,1781.0,1778.0,4738.0,7571.0,5409.0,5359.0,3045.0,5209.0,1769.0,1767.0,1768.0
0.0,12907.0,5347.0,5305.0,3948.0,15017.0,4836.0,4831.0,5350.0,1769.0,1768.0,1768.0,1783.0,1781.0,1783.0,3486.0,5790.0,3631.0,4836.0,4831.0,5350.0,1769.0,1768.0,1768.0
0.0,11508.0,5323.0,5308.0,8797.0,11558.0,2514.0,5342.0,3702.0,1770.0,1769.0,1769.0,1780.0,1770.0,1773.0,4009.0,4009.0,3490.0,2514.0,5342.0,3702.0,1770.0,1769.0,1769.0
0.0,14982.0,5327.0,5309.0,13613.0,4340.0,0.0,4061.0,279.0,1770.0,1769.0,1770.0,1782.0,1764.0,1781.0,6336.0,3503.0,5143.0,0.0,4061.0,279.0,1770.0,1769.0,1770.0
0.0,23268.0,5301.0,5311.0,15017.0,988.0,0.0,988.0,0.0,1770.0,1770.0,1771.0,1762.0,1753.0,1786.0,9913.0,4784.0,8571.0,0.0,988.0,0.0,1770.0,1770.0,1771.0
0.0,32984.0,5299.0,5312.0,11558.0,0.0,0.0,0.0,0.0,1771.0,1770.0,1771.0,1782.0,1750.0,1767.0,12987.0,7862.0,12135.0,0.0,0.0,0.0,1771.0,1770.0,1771.0
0.0,39243.0,5307.0,5315.0,2121.0,0.0,0.0,0.0,0.0,1772.0,1771.0,1772.0,1772.0,1751.0,1784.0,13719.0,11454.0,14070.0,0.0,0.0,0.0,1772.0,1771.0,1772.0
0.0,36057.0,5314.0,5316.0,3207.0,0.0,0.0,0.0,0.0,1772.0,1771.0,1773.0,1782.0,1765.0,1767.0,11947.0,11545.0,12565.0,0.0,0.0,0.0,1772.0,1771.0,1773.0
0.0,33950.0,5311.0,5317.0,0.0,457.0,457.0,0.0,0.0,1772.0,1772.0,1773.0,1762.0,1767.0,1782.0,10165.0,12987.0,10798.0,457.0,0.0,0.0,1772.0,1772.0,1773.0
0.0,28639.0,5297.0,5318.0,0.0,3833.0,2221.0,0.0,1612.0,1773.0,1772.0,1773.0,1759.0,1775.0,1763.0,8403.0,11220.0,9016.0,2221.0,0.0,1612.0,1773.0,1772.0,1773.0
0.0,23342.0,5271.0,5319.0,0.0,8524.0,3975.0,1161.0,3388.0,1773.0,1772.0,1774.0,1754.0,1746.0,1771.0,6644.0,9445.0,7253.0,3975.0,1161.0,3388.0,1773.0,1772.0,1774.0
0.0,18071.0,5319.0,5319.0,457.0,13386.0,5291.0,2941.0,5154.0,1773.0,1772.0,1774.0,1773.0,1780.0,1766.0,4890.0,7699.0,5482.0,5291.0,2941.0,5154.0,1773.0,1772.0,1774.0
0.0,13209.0,5344.0,5321.0,3833.0,14907.0,4850.0,4728.0,5329.0,1774.0,1773.0,1774.0,1775.0,1782.0,1787.0,3574.0,5919.0,3716.0,4850.0,4728.0,5329.0,1774.0,1773.0,1774.0
0.0,11698.0,5329.0,5321.0,8524.0,11712.0,2652.0,5335.0,3725.0,1774.0,1773.0,1774.0,1777.0,1768.0,1784.0,4020.0,4137.0,3541.0,2652.0,5335.0,3725.0,1774.0,1773.0,1774.0
0.0,14893.0,5362.0,5322.0,13022.0,4537.0,0.0,4194.0,343.0,1774.0,1774.0,1774.0,1795.0,1795.0,1772.0,6218.0,3530.0,5145.0,0.0,4194.0,343.0,1774.0,1774.0,1774.0
0.0,22553.0,5410.0,5323.0,14500.0,1283.0,0.0,1283.0,0.0,1774.0,1775.0,1774.0,1806.0,1812.0,1792.0,9350.0,4676.0,8527.0,0.0,1283.0,0.0,1774.0,1775.0,1774.0
0.0,31643.0,5407.0,5324.0,12483.0,0.0,0.0,0.0,0.0,1775.0,1775.0,1774.0,1809.0,1810.0,1788.0,11987.0,7592.0,12064.0,0.0,0.0,0.0,1775.0,1775.0,1774.0
0.0,38719.0,5452.0,5327.0,4537.0,0.0,0.0,0.0,0.0,1776.0,1776.0,1775.0,1834.0,1811.0,1807.0,13601.0,11117.0,14001.0,0.0,0.0,0.0,1776.0,1776.0,1775.0
0.0,37804.0,5427.0,5329.0,1283.0,0.0,0.0,0.0,0.0,1777.0,1776.0,1776.0,1822.0,1812.0,1793.0,11767.0,13500.0,12537.0,0.0,0.0,0.0,1777.0,1776.0,1776.0
0.0,33660.0,5414.0,5330.0,0.0,746.0,746.0,0.0,0.0,1777.0,1777.0,1776.0,1806.0,1814.0,1794.0,9945.0,12971.0,10744.0,746.0,0.0,0.0,1777.0,1777.0,1776.0
0.0,28246.0,5413.0,5331.0,0.0,4290.0,2558.0,0.0,1732.0,1778.0,1777.0,1776.0,1807.0,1804.0,1802.0,8139.0,11157.0,8950.0,2558.0,0.0,1732.0,1778.0,1777.0,1776.0
0.0,22833.0,5386.0,5333.0,0.0,9218.0,4351.0,1336.0,3531.0,1778.0,1778.0,1777.0,1793.0,1799.0,1794.0,6332.0,9353.0,7148.0,4351.0,1336.0,3531.0,1778.0,1778.0,1777.0
0.0,17447.0,5390.0,5333.0,746.0,13862.0,5395.0,3126.0,5341.0,1778.0,1778.0,1777.0,1790.0,1790.0,1810.0,4539.0,7554.0,5354.0,5395.0,3126.0,5341.0,1778.0,1778.0,1777.0
0.0,12803.0,5384.0,5336.0,4290.0,14971.0,4638.0,4935.0,5398.0,1779.0,1779.0,1778.0,1796.0,1804.0,1784.0,3495.0,5764.0,3544.0,4638.0,4935.0,5398.0,1779.0,1779.0,1778.0
0.0,11709.0,5405.0,5337.0,9218.0,11163.0,2078.0,5391.0,3694.0,1779.0,1779.0,1779.0,1791.0,1792.0,1822.0,4257.0,3960.0,3492.0,2078.0,5391.0,3694.0,1779.0,1779.0,1779.0
0.0,15522.0,5368.0,5339.0,13862.0,4184.0,0.0,4042.0,142.0,1780.0,1780.0,1779.0,1807.0,1772.0,1789.0,6817.0,3504.0,5201.0,0.0,4042.0,142.0,1780.0,1780.0,1779.0
0.0,24016.0,5362.0,5341.0,14971.0,875.0,0.0,875.0,0.0,1781.0,1780.0,1780.0,1799.0,1768.0,1795.0,10405.0,4858.0,8753.0,0.0,875.0,0.0,1781.0,1780.0,1780.0
0.0,33625.0,5374.0,5342.0,11163.0,0.0,0.0,0.0,0.0,1781.0,1780.0,1781.0,1783.0,1784.0,1807.0,13244.0,8025.0,12356.0,0.0,0.0,0.0,1781.0,1780.0,1781.0
0.0,39414.0,5351.0,5345.0,2026.0,0.0,0.0,0.0,0.0,1782.0,1781.0,1782.0,1778.0,1778.0,1795.0,13539.0,11632.0,14243.0,0.0,0.0,0.0,1782.0,1781.0,1782.0
0.0,36089.0,5362.0,5346.0,3033.0,0.0,0.0,0.0,0.0,1782.0,1781.0,1783.0,1790.0,1765.0,1807.0,11761.0,11738.0,12590.0,0.0,0.0,0.0,1782.0,1781.0,1783.0
0.0,33760.0,5353.0,5348.0,0.0,739.0,739.0,0.0,0.0,1783.0,1781.0,1784.0,1795.0,1764.0,1794.0,9971.0,13006.0,10783.0,739.0,0.0,0.0,1783.0,1781.0,1784.0
0.0,28407.0,5307.0,5348.0,0.0,4212.0,2509.0,0.0,1703.0,1783.0,1781.0,1784.0,1770.0,1765.0,1772.0,8176.0,11242.0,8989.0,2509.0,0.0,1703.0,1783.0,1781.0,1784.0
0.0,23100.0,5348.0,5350.0,0.0,8998.0,4282.0,1227.0,3489.0,1784.0,1782.0,1784.0,1768.0,1794.0,1786.0,6406.0,9477.0,7217.0,4282.0,1227.0,3489.0,1784.0,1782.0,1784.0
0.0,17752.0,5390.0,5353.0,739.0,13664.0,5343.0,3030.0,5291.0,1785.0,1783.0,1785.0,1795.0,1798.0,1797.0,4638.0,7683.0,5431.0,5343.0,3030.0,5291.0,1785.0,1783.0,1785.0
0.0,13101.0,5368.0,5353.0,4212.0,14820.0,4608.0,4829.0,5383.0,1785.0,1783.0,1785.0,1774.0,1799.0,1795.0,3582.0,5885.0,3634.0,4608.0,4829.0,5383.0,1785.0,1783.0,1785.0
0.0,11945.0,5366.0,5356.0,8998.0,11203.0,2104.0,5395.0,3704.0,1786.0,1784.0,1786.0,1773.0,1788.0,1805.0,4317.0,4086.0,3542.0,2104.0,5395.0,3704.0,1786.0,1784.0,1786.0
0.0,15577.0,5382.0,5356.0,12763.0,4356.0,0.0,4154.0,202.0,1786.0,1784.0,1786.0,1804.0,1789.0,1789.0,6826.0,3525.0,5226.0,0.0,4154.0,202.0,1786.0,1784.0,1786.0
0.0,22958.0,5349.0,5357.0,15616.0,1117.0,0.0,1117.0,0.0,1787.0,1784.0,1786.0,1787.0,1792.0,1770.0,9464.0,4766.0,8728.0,0.0,1117.0,0.0,1787.0,1784.0,1786.0
0.0,33225.0,5353.0,5357.0,11308.0,0.0,0.0,0.0,0.0,1787.0,1784.0,1786.0,1788.0,1778.0,1787.0,13081.0,7803.0,12341.0,0.0,0.0,0.0,1787.0,1784.0,1786.0
0.0,39180.0,5412.0,5360.0,4356.0,0.0,0.0,0.0,0.0,1788.0,1785.0,1787.0,1808.0,1811.0,1793.0,13502.0,11420.0,14258.0,0.0,0.0,0.0,1788.0,1785.0,1787.0
0.0,38124.0,5405.0,5360.0,1117.0,0.0,0.0,0.0,0.0,1788.0,1785.0,1787.0,1803.0,1812.0,1790.0,11694.0,13763.0,12667.0,0.0,0.0,0.0,1788.0,1785.0,1787.0
0.0,33836.0,5416.0,5361.0,0.0,855.0,855.0,0.0,0.0,1788.0,1786.0,1787.0,1806.0,1800.0,1810.0,9891.0,13068.0,10877.0,855.0,0.0,0.0,1788.0,1786.0,1787.0
0.0,28420.0,5433.0,5363.0,0.0,4368.0,2692.0,0.0,1676.0,1789.0,1786.0,1788.0,1832.0,1798.0,1803.0,8085.0,11268.0,9067.0,2692.0,0.0,1676.0,1789.0,1786.0,1788.0
0.0,22987.0,5445.0,5363.0,0.0,9273.0,4510.0,1275.0,3488.0,1789.0,1786.0,1788.0,1818.0,1815.0,1812.0,6253.0,9470.0,7264.0,4510.0,1275.0,3488.0,1789.0,1786.0,1788.0
0.0,17542.0,5451.0,5366.0,855.0,13884.0,5485.0,3085.0,5314.0,1790.0,1787.0,1789.0,1825.0,1805.0,1821.0,4435.0,7655.0,5452.0,5485.0,3085.0,5314.0,1790.0,1787.0,1789.0
0.0,12946.0,5441.0,5367.0,4368.0,14962.0,4600.0,4899.0,5463.0,1790.0,1787.0,1790.0,1807.0,1814.0,1820.0,3465.0,5850.0,3631.0,4600.0,4899.0,5463.0,1790.0,1787.0,1790.0
0.0,11873.0,5423.0,5368.0,9273.0,11117.0,1905.0,5424.0,3788.0,1791.0,1787.0,1790.0,1810.0,1800.0,1813.0,4350.0,4036.0,3487.0,1905.0,5424.0,3788.0,1791.0,1787.0,1790.0
0.0,15723.0,5450.0,5370.0,13884.0,4476.0,0.0,4173.0,303.0,1791.0,1788.0,1791.0,1797.0,1829.0,1824.0,7050.0,3511.0,5162.0,0.0,4173.0,303.0,1791.0,1788.0,1791.0
0.0,24157.0,5434.0,5371.0,14962.0,1084.0,0.0,1084.0,0.0,1791.0,1788.0,1792.0,1797.0,1810.0,1827.0,10738.0,4767.0,8652.0,0.0,1084.0,0.0,1791.0,1788.0,1792.0
0.0,33685.0,5423.0,5372.0,11117.0,0.0,0.0,0.0,0.0,1792.0,1788.0,1792.0,1820.0,1791.0,1812.0,13541.0,7856.0,12288.0,0.0,0.0,0.0,1792.0,1788.0,1792.0
0.0,39379.0,5452.0,5374.0,4476.0,0.0,0.0,0.0,0.0,1792.0,1789.0,1793.0,1811.0,1820.0,1821.0,13626.0,11489.0,14264.0,0.0,0.0,0.0,1792.0,1789.0,1793.0
0.0,38403.0,5444.0,5376.0,1084.0,0.0,0.0,0.0,0.0,1793.0,1789.0,1794.0,1811.0,1823.0,1810.0,11815.0,13842.0,12746.0,0.0,0.0,0.0,1793.0,1789.0,1794.0
0.0,34043.0,5410.0,5377.0,0.0,766.0,766.0,0.0,0.0,1793.0,1790.0,1794.0,1805.0,1805.0,1800.0,10004.0,13103.0,10936.0,766.0,0.0,0.0,1793.0,1790.0,1794.0
0.0,28633.0,5435.0,5379.0,0.0,4222.0,2573.0,0.0,1649.0,1794.0,1790.0,1795.0,1802.0,1823.0,1810.0,8199.0,11298.0,9136.0,2573.0,0.0,1649.0,1794.0,1790.0,1795.0
0.0,23198.0,5424.0,5380.0,0.0,9126.0,4376.0,1295.0,3455.0,1794.0,1791.0,1795.0,1803.0,1815.0,1806.0,6397.0,9475.0,7326.0,4376.0,1295.0,3455.0,1794.0,1791.0,1795.0
0.0,17774.0,5397.0,5382.0,766.0,13767.0,5406.0,3103.0,5258.0,1794.0,1792.0,1796.0,1796.0,1803.0,1798.0,4594.0,7660.0,5520.0,5406.0,3103.0,5258.0,1794.0,1792.0,1796.0
0.0,13143.0,5374.0,5384.0,4222.0,14929.0,4639.0,4901.0,5389.0,1795.0,1793.0,1796.0,1801.0,1793.0,1780.0,3564.0,5857.0,3722.0,4639.0,4901.0,5389.0,1795.0,1793.0,1796.0
0.0,11991.0,5383.0,5385.0,9126.0,11191.0,2054.0,5410.0,3727.0,1795.0,1794.0,1796.0,1791.0,1799.0,1793.0,4336.0,4064.0,3591.0,2054.0,5410.0,3727.0,1795.0,1794.0,1796.0
0.0,15734.0,5346.0,5386.0,13007.0,4332.0,0.0,4095.0,237.0,1796.0,1794.0,1796.0,1790.0,1788.0,1768.0,6921.0,3560.0,5253.0,0.0,4095.0,237.0,1796.0,1794.0,1796.0
0.0,23395.0,5402.0,5387.0,15689.0,992.0,0.0,992.0,0.0,1796.0,1795.0,1796.0,1810.0,1793.0,1799.0,9777.0,4875.0,8743.0,0.0,992.0,0.0,1796.0,1795.0,1796.0
0.0,33682.0,5376.0,5389.0,11191.0,0.0,0.0,0.0,0.0,1797.0,1795.0,1797.0,1786.0,1784.0,1806.0,13366.0,7983.0,12333.0,0.0,0.0,0.0,1797.0,1795.0,1797.0
0.0,39497.0,5379.0,5391.0,4332.0,0.0,0.0,0.0,0.0,1797.0,1796.0,1798.0,1779.0,1787.0,1813.0,13634.0,11609.0,14254.0,0.0,0.0,0.0,1797.0,1796.0,1798.0
0.0,38450.0,5394.0,5392.0,992.0,0.0,0.0,0.0,0.0,1798.0,1796.0,1798.0,1808.0,1793.0,1793.0,11855.0,13917.0,12678.0,0.0,0.0,0.0,1798.0,1796.0,1798.0
0.0,34048.0,5396.0,5394.0,0.0,735.0,735.0,0.0,0.0,1798.0,1797.0,1799.0,1792.0,1807.0,1797.0,10047.0,13116.0,10885.0,735.0,0.0,0.0,1798.0,1797.0,1799.0
0.0,28652.0,5400.0,5395.0,0.0,4246.0,2541.0,0.0,1705.0,1799.0,1797.0,1799.0,1801.0,1801.0,1798.0,8255.0,11309.0,9088.0,2541.0,0.0,1705.0,1799.0,1797.0,1799.0
0.0,23252.0,5456.0,5398.0,0.0,9194.0,4382.0,1286.0,3526.0,1800.0,1798.0,1800.0,1836.0,1804.0,1816.0,6454.0,9508.0,7290.0,4382.0,1286.0,3526.0,1800.0,1798.0,1800.0
0.0,17796.0,5478.0,5400.0,735.0,13947.0,5483.0,3121.0,5343.0,1801.0,1799.0,1800.0,1831.0,1830.0,1817.0,4618.0,7704.0,5474.0,5483.0,3121.0,5343.0,1801.0,1799.0,1800.0
0.0,13053.0,5463.0,5401.0,4246.0,15169.0,4765.0,4940.0,5464.0,1801.0,1799.0,1801.0,1823.0,1819.0,1821.0,3522.0,5874.0,3657.0,4765.0,4940.0,5464.0,1801.0,1799.0,1801.0
0.0,11836.0,5518.0,5404.0,9194.0,11508.0,2224.0,5506.0,3778.0,1802.0,1800.0,1802.0,1836.0,1847.0,1835.0,4240.0,4055.0,3541.0,2224.0,5506.0,3778.0,1802.0,1800.0,1802.0
0.0,15512.0,5518.0,5404.0,13947.0,4490.0,0.0,4220.0,270.0,1802.0,1800.0,1802.0,1848.0,1835.0,1835.0,6786.0,3494.0,5232.0,0.0,4220.0,270.0,1802.0,1800.0,1802.0
0.0,23941.0,5494.0,5405.0,15169.0,1113.0,0.0,1113.0,0.0,1802.0,1800.0,1803.0,1825.0,1833.0,1836.0,10421.0,4780.0,8740.0,0.0,1113.0,0.0,1802.0,1800.0,1803.0
0.0,33616.0,5481.0,5407.0,11508.0,0.0,0.0,0.0,0.0,1802.0,1801.0,1804.0,1831.0,1833.0,1817.0,13361.0,7887.0,12368.0,0.0,0.0,0.0,1802.0,1801.0,1804.0
0.0,39643.0,5539.0,5410.0,2622.0,0.0,0.0,0.0,0.0,1803.0,1802.0,1805.0,1847.0,1841.0,1851.0,13754.0,11560.0,14329.0,0.0,0.0,0.0,1803.0,1802.0,1805.0
0.0,36726.0,5493.0,5412.0,2981.0,0.0,0.0,0.0,0.0,1804.0,1802.0,1806.0,1819.0,1835.0,1839.0,11907.0,12071.0,12748.0,0.0,0.0,0.0,1804.0,1802.0,1806.0
0.0,34214.0,5465.0,5413.0,0.0,735.0,735.0,0.0,0.0,1804.0,1803.0,1806.0,1803.0,1824.0,1838.0,10088.0,13217.0,10909.0,735.0,0.0,0.0,1804.0,1803.0,1806.0
0.0,28749.0,5468.0,5414.0,0.0,4334.0,2548.0,0.0,1786.0,1804.0,1803.0,1807.0,1813.0,1833.0,1822.0,8285.0,11393.0,9071.0,2548.0,0.0,1786.0,1804.0,1803.0,1807.0
0.0,23281.0,5460.0,5416.0,0.0,9259.0,4367.0,1280.0,3612.0,1805.0,1804.0,1807.0,1814.0,1820.0,1826.0,6472.0,9560.0,7249.0,4367.0,1280.0,3612.0,1805.0,1804.0,1807.0
0.0,17821.0,5444.0,5417.0,735.0,13973.0,5444.0,3098.0,5431.0,1805.0,1805.0,1807.0,1812.0,1813.0,1819.0,4658.0,7740.0,5423.0,5444.0,3098.0,5431.0,1805.0,1805.0,1807.0
0.0,13112.0,5463.0,5419.0,4334.0,15112.0,4729.0,4915.0,5468.0,1805.0,1806.0,1808.0,1833.0,1812.0,1818.0,3581.0,5927.0,3604.0,4729.0,4915.0,5468.0,1805.0,1806.0,1808.0
0.0,11983.0,5433.0,5420.0,9259.0,11291.0,2186.0,5446.0,3659.0,1806.0,1806.0,1808.0,1819.0,1811.0,1803.0,4296.0,4115.0,3572.0,2186.0,5446.0,3659.0,1806.0,1806.0,1808.0
0.0,15809.0,5416.0,5422.0,12981.0,4181.0,0.0,4160.0,21.0,1807.0,1807.0,1808.0,1816.0,1807.0,1793.0,6844.0,3584.0,5381.0,0.0,4160.0,21.0,1807.0,1807.0,1808.0
0.0,23374.0,5414.0,5422.0,15506.0,1041.0,0.0,1041.0,0.0,1807.0,1807.0,1808.0,1817.0,1796.0,1801.0,9480.0,4875.0,9019.0,0.0,1041.0,0.0,1807.0,1807.0,1808.0
0.0,33466.0,5418.0,5424.0,11889.0,0.0,0.0,0.0,0.0,1808.0,1808.0,1808.0,1810.0,1797.0,1811.0,12786.0,7994.0,12686.0,0.0,0.0,0.0,1808.0,1808.0,1808.0
0.0,39937.0,5411.0,5426.0,4181.0,0.0,0.0,0.0,0.0,1808.0,1809.0,1809.0,1787.0,1812.0,1812.0,13760.0,11643.0,14534.0,0.0,0.0,0.0,1808.0,1809.0,1809.0
0.0,38707.0,5389.0,5427.0,1041.0,0.0,0.0,0.0,0.0,1809.0,1809.0,1809.0,1806.0,1789.0,1794.0,11973.0,13991.0,12743.0,0.0,0.0,0.0,1809.0,1809.0,1809.0
0.0,34359.0,5426.0,5427.0,0.0,681.0,681.0,0.0,0.0,1809.0,1809.0,1809.0,1803.0,1815.0,1808.0,10167.0,13243.0,10949.0,681.0,0.0,0.0,1809.0,1809.0,1809.0
0.0,28933.0,5413.0,5427.0,0.0,4178.0,2482.0,0.0,1696.0,1809.0,1809.0,1809.0,1801.0,1820.0,1792.0,8364.0,11428.0,9141.0,2482.0,0.0,1696.0,1809.0,1809.0,1809.0
0.0,23520.0,5414.0,5429.0,0.0,9039.0,4294.0,1253.0,3492.0,1810.0,1810.0,1809.0,1807.0,1811.0,1796.0,6563.0,9608.0,7349.0,4294.0,1253.0,3492.0,1810.0,1810.0,1809.0
0.0,18106.0,5427.0,5429.0,681.0,13785.0,5429.0,3061.0,5295.0,1810.0,1810.0,1809.0,1816.0,1808.0,1803.0,4756.0,7797.0,5553.0,5429.0,3061.0,5295.0,1810.0,1810.0,1809.0
0.0,13360.0,5459.0,5432.0,4178.0,15081.0,4778.0,4896.0,5407.0,1811.0,1811.0,1810.0,1826.0,1830.0,1803.0,3621.0,5989.0,3750.0,4778.0,4896.0,5407.0,1811.0,1811.0,1810.0
0.0,12079.0,5451.0,5433.0,9039.0,11498.0,2292.0,5476.0,3730.0,1811.0,1812.0,1810.0,1808.0,1828.0,1815.0,4277.0,4159.0,3643.0,2292.0,5476.0,3730.0,1811.0,1812.0,1810.0
0.0,15667.0,5481.0,5435.0,13785.0,4511.0,0.0,4254.0,257.0,1812.0,1812.0,1811.0,1825.0,1839.0,1817.0,6763.0,3584.0,5320.0,0.0,4254.0,257.0,1812.0,1812.0,1811.0
0.0,23971.0,5463.0,5436.0,15081.0,1181.0,0.0,1181.0,0.0,1812.0,1813.0,1811.0,1830.0,1818.0,1815.0,10367.0,4806.0,8798.0,0.0,1181.0,0.0,1812.0,1813.0,1811.0
0.0,33589.0,5515.0,5439.0,10911.0,0.0,0.0,0.0,0.0,1813.0,1814.0,1812.0,1840.0,1846.0,1829.0,13315.0,7884.0,12390.0,0.0,0.0,0.0,1813.0,1814.0,1812.0
0.0,38985.0,5545.0,5440.0,2777.0,0.0,0.0,0.0,0.0,1813.0,1815.0,1812.0,1851.0,1852.0,1842.0,13767.0,10927.0,14291.0,0.0,0.0,0.0,1813.0,1815.0,1812.0
0.0,36217.0,5499.0,5442.0,3502.0,0.0,0.0,0.0,0.0,1814.0,1815.0,1813.0,1831.0,1829.0,1839.0,11916.0,11595.0,12706.0,0.0,0.0,0.0,1814.0,1815.0,1813.0
0.0,34220.0,5529.0,5443.0,0.0,890.0,836.0,0.0,54.0,1814.0,1815.0,1814.0,1851.0,1827.0,1851.0,10085.0,13268.0,10867.0,836.0,0.0,54.0,1814.0,1815.0,1814.0
0.0,28691.0,5543.0,5444.0,0.0,4583.0,2663.0,0.0,1920.0,1814.0,1816.0,1814.0,1827.0,1850.0,1866.0,8234.0,11441.0,9016.0,2663.0,0.0,1920.0,1814.0,1816.0,1814.0
0.0,23148.0,5513.0,5447.0,0.0,9600.0,4496.0,1334.0,3770.0,1815.0,1817.0,1815.0,1828.0,1840.0,1845.0,6407.0,9591.0,7150.0,4496.0,1334.0,3770.0,1815.0,1817.0,1815.0
0.0,17635.0,5503.0,5447.0,890.0,14213.0,5482.0,3168.0,5563.0,1815.0,1817.0,1815.0,1822.0,1834.0,1847.0,4579.0,7751.0,5305.0,5482.0,3168.0,5563.0,1815.0,1817.0,1815.0
0.0,13022.0,5501.0,5449.0,4583.0,15141.0,4649.0,5009.0,5483.0,1816.0,1817.0,1816.0,1825.0,1841.0,1835.0,3593.0,5917.0,3512.0,4649.0,5009.0,5483.0,1816.0,1817.0,1816.0
0.0,12104.0,5507.0,5450.0,9600.0,11053.0,1984.0,5508.0,3561.0,1816.0,1818.0,1816.0,1831.0,1828.0,1848.0,4431.0,4076.0,3597.0,1984.0,5508.0,3561.0,1816.0,1818.0,1816.0
0.0,16197.0,5481.0,5451.0,13781.0,4165.0,0.0,4165.0,0.0,1816.0,1818.0,1817.0,1810.0,1825.0,1846.0,7096.0,3582.0,5519.0,0.0,4165.0,0.0,1816.0,1818.0,1817.0
0.0,24497.0,5509.0,5453.0,15573.0,1005.0,0.0,1005.0,0.0,1817.0,1819.0,1817.0,1843.0,1844.0,1822.0,10336.0,4925.0,9236.0,0.0,1005.0,0.0,1817.0,1819.0,1817.0
0.0,34561.0,5488.0,5454.0,11053.0,0.0,0.0,0.0,0.0,1817.0,1819.0,1818.0,1820.0,1826.0,1842.0,13574.0,8090.0,12897.0,0.0,0.0,0.0,1817.0,1819.0,1818.0
0.0,40126.0,5496.0,5455.0,4165.0,0.0,0.0,0.0,0.0,1818.0,1819.0,1818.0,1848.0,1833.0,1815.0,13738.0,11772.0,14616.0,0.0,0.0,0.0,1818.0,1819.0,1818.0
0.0,38795.0,5436.0,5455.0,1005.0,0.0,0.0,0.0,0.0,1818.0,1819.0,1818.0,1814.0,1821.0,1801.0,11890.0,14104.0,12801.0,0.0,0.0,0.0,1818.0,1819.0,1818.0
0.0,34364.0,5434.0,5456.0,0.0,851.0,851.0,0.0,0.0,1819.0,1819.0,1818.0,1832.0,1808.0,1794.0,10076.0,13288.0,11000.0,851.0,0.0,0.0,1819.0,1819.0,1818.0
0.0,28930.0,5458.0,5457.0,0.0,4362.0,2677.0,0.0,1685.0,1819.0,1820.0,1818.0,1826.0,1831.0,1801.0,8244.0,11480.0,9206.0,2677.0,0.0,1685.0,1819.0,1820.0,1818.0
0.0,23472.0,5447.0,5459.0,0.0,9270.0,4496.0,1286.0,3488.0,1820.0,1821.0,1818.0,1814.0,1830.0,1803.0,6418.0,9649.0,7405.0,4496.0,1286.0,3488.0,1820.0,1821.0,1818.0
0.0,18025.0,5409.0,5460.0,851.0,13833.0,5445.0,3097.0,5291.0,1820.0,1821.0,1819.0,1800.0,1811.0,1798.0,4604.0,7819.0,5602.0,5445.0,3097.0,5291.0,1820.0,1821.0,1819.0
0.0,13467.0,5451.0,5461.0,4362.0,14927.0,4574.0,4940.0,5413.0,1820.0,1822.0,1819.0,1806.0,1838.0,1807.0,3655.0,6008.0,3804.0,4574.0,4940.0,5413.0,1820.0,1822.0,1819.0
0.0,12378.0,5483.0,5462.0,9270.0,11145.0,1900.0,5492.0,3753.0,1820.0,1823.0,1819.0,1822.0,1833.0,1828.0,4526.0,4170.0,3682.0,1900.0,5492.0,3753.0,1820.0,1823.0,1819.0
0.0,16165.0,5452.0,5464.0,13833.0,4493.0,0.0,4207.0,286.0,1821.0,1823.0,1820.0,1821.0,1812.0,1819.0,7200.0,3623.0,5342.0,0.0,4207.0,286.0,1821.0,1823.0,1820.0
0.0,24546.0,5468.0,5466.0,14927.0,1090.0,0.0,1090.0,0.0,1822.0,1824.0,1820.0,1826.0,1818.0,1824.0,10824.0,4908.0,8814.0,0.0,1090.0,0.0,1822.0,1824.0,1820.0
0.0,34005.0,5496.0,5467.0,11145.0,0.0,0.0,0.0,0.0,1822.0,1824.0,1821.0,1839.0,1827.0,1830.0,13572.0,8030.0,12403.0,0.0,0.0,0.0,1822.0,1824.0,1821.0
0.0,39654.0,5494.0,5469.0,3784.0,0.0,0.0,0.0,0.0,1823.0,1825.0,1821.0,1839.0,1829.0,1826.0,13633.0,11695.0,14326.0,0.0,0.0,0.0,1823.0,1825.0,1821.0
0.0,37944.0,5499.0,5470.0,1799.0,0.0,0.0,0.0,0.0,1823.0,1825.0,1822.0,1843.0,1824.0,1832.0,11794.0,13364.0,12786.0,0.0,0.0,0.0,1823.0,1825.0,1822.0
0.0,34244.0,5539.0,5471.0,0.0,1028.0,1028.0,0.0,0.0,1824.0,1825.0,1822.0,1859.0,1838.0,1842.0,9951.0,13339.0,10954.0,1028.0,0.0,0.0,1824.0,1825.0,1822.0
0.0,28705.0,5552.0,5474.0,0.0,4743.0,2896.0,0.0,1847.0,1825.0,1826.0,1823.0,1863.0,1845.0,1844.0,8092.0,11501.0,9112.0,2896.0,0.0,1847.0,1825.0,1826.0,1823.0
0.0,23153.0,5572.0,5474.0,0.0,9789.0,4768.0,1301.0,3720.0,1825.0,1826.0,1823.0,1872.0,1827.0,1873.0,6229.0,9656.0,7268.0,4768.0,1301.0,3720.0,1825.0,1826.0,1823.0
0.0,17581.0,5585.0,5476.0,1028.0,14356.0,5609.0,3155.0,5592.0,1826.0,1826.0,1824.0,1864.0,1854.0,1867.0,4357.0,7829.0,5395.0,5609.0,3155.0,5592.0,1826.0,1826.0,1824.0
0.0,13024.0,5589.0,5477.0,4743.0,15207.0,4575.0,5015.0,5617.0,1826.0,1826.0,1825.0,1862.0,1860.0,1867.0,3521.0,5975.0,3528.0,4575.0,5015.0,5617.0,1826.0,1826.0,1825.0
0.0,12178.0,5580.0,5479.0,9789.0,11008.0,1674.0,5572.0,3762.0,1827.0,1827.0,1825.0,1862.0,1853.0,1865.0,4555.0,4115.0,3508.0,1674.0,5572.0,3762.0,1827.0,1827.0,1825.0
0.0,16387.0,5553.0,5479.0,12477.0,4291.0,0.0,4278.0,13.0,1827.0,1827.0,1825.0,1849.0,1861.0,1843.0,7461.0,3563.0,5363.0,0.0,4278.0,13.0,1827.0,1827.0,1825.0
0.0,23311.0,5560.0,5481.0,16886.0,1137.0,0.0,1137.0,0.0,1827.0,1828.0,1826.0,1835.0,1869.0,1856.0,9342.0,4857.0,9112.0,0.0,1137.0,0.0,1827.0,1828.0,1826.0
0.0,34637.0,5537.0,5482.0,11208.0,0.0,0.0,0.0,0.0,1828.0,1828.0,1826.0,1842.0,1853.0,1842.0,13761.0,8003.0,12873.0,0.0,0.0,0.0,1828.0,1828.0,1826.0
0.0,40308.0,5517.0,5483.0,4291.0,0.0,0.0,0.0,0.0,1829.0,1828.0,1826.0,1841.0,1839.0,1837.0,13793.0,11722.0,14793.0,0.0,0.0,0.0,1829.0,1828.0,1826.0
0.0,39082.0,5543.0,5485.0,1137.0,0.0,0.0,0.0,0.0,1829.0,1829.0,1827.0,1850.0,1836.0,1857.0,11952.0,14161.0,12969.0,0.0,0.0,0.0,1829.0,1829.0,1827.0
0.0,34676.0,5526.0,5486.0,0.0,895.0,895.0,0.0,0.0,1830.0,1829.0,1827.0,1847.0,1842.0,1837.0,10102.0,13462.0,11112.0,895.0,0.0,0.0,1830.0,1829.0,1827.0
0.0,29150.0,5515.0,5487.0,0.0,4422.0,2732.0,0.0,1690.0,1830.0,1830.0,1827.0,1837.0,1848.0,1830.0,8255.0,11620.0,9275.0,2732.0,0.0,1690.0,1830.0,1830.0,1827.0
0.0,23635.0,5512.0,5490.0,0.0,9327.0,4580.0,1227.0,3520.0,1831.0,1831.0,1828.0,1843.0,1844.0,1825.0,6418.0,9772.0,7445.0,4580.0,1227.0,3520.0,1831.0,1831.0,1828.0
0.0,18123.0,5482.0,5490.0,895.0,13914.0,5522.0,3038.0,5354.0,1831.0,1831.0,1828.0,1837.0,1811.0,1834.0,4575.0,7928.0,5620.0,5522.0,3038.0,5354.0,1831.0,1831.0,1828.0
0.0,13536.0,5455.0,5491.0,4422.0,14952.0,4622.0,4852.0,5478.0,1831.0,1831.0,1829.0,1832.0,1814.0,1809.0,3633.0,6117.0,3786.0,4622.0,4852.0,5478.0,1831.0,1831.0,1829.0
0.0,12503.0,5473.0,5492.0,9327.0,11103.0,1887.0,5441.0,3775.0,1832.0,1831.0,1829.0,1840.0,1816.0,1817.0,4533.0,4303.0,3667.0,1887.0,5441.0,3775.0,1832.0,1831.0,1829.0
0.0,16357.0,5462.0,5493.0,13914.0,4472.0,0.0,4230.0,242.0,1832.0,1832.0,1829.0,1819.0,1822.0,1821.0,7273.0,3714.0,5370.0,0.0,4230.0,242.0,1832.0,1832.0,1829.0
0.0,24809.0,5467.0,5494.0,14952.0,1192.0,0.0,1192.0,0.0,1833.0,1832.0,1829.0,1834.0,1814.0,1819.0,10976.0,4930.0,8903.0,0.0,1192.0,0.0,1833.0,1832.0,1829.0
0.0,34294.0,5470.0,5495.0,11103.0,0.0,0.0,0.0,0.0,1833.0,1832.0,1830.0,1819.0,1826.0,1825.0,13764.0,7968.0,12562.0,0.0,0.0,0.0,1833.0,1832.0,1830.0
0.0,39927.0,5469.0,5496.0,2379.0,0.0,0.0,0.0,0.0,1834.0,1832.0,1830.0,1826.0,1817.0,1826.0,13832.0,11583.0,14512.0,0.0,0.0,0.0,1834.0,1832.0,1830.0
0.0,36837.0,5483.0,5497.0,3285.0,0.0,0.0,0.0,0.0,1834.0,1832.0,1831.0,1821.0,1821.0,1841.0,12006.0,11903.0,12928.0,0.0,0.0,0.0,1834.0,1832.0,1831.0
0.0,34639.0,5505.0,5499.0,0.0,809.0,809.0,0.0,0.0,1834.0,1833.0,1832.0,1824.0,1832.0,1849.0,10185.0,13367.0,11087.0,809.0,0.0,0.0,1834.0,1833.0,1832.0
0.0,29134.0,5532.0,5500.0,0.0,4418.0,2641.0,0.0,1777.0,1834.0,1833.0,1833.0,1832.0,1850.0,1850.0,8361.0,11535.0,9238.0,2641.0,0.0,1777.0,1834.0,1833.0,1833.0
0.0,23602.0,5565.0,5503.0,0.0,9478.0,4500.0,1341.0,3637.0,1835.0,1834.0,1834.0,1854.0,1856.0,1855.0,6529.0,9685.0,7388.0,4500.0,1341.0,3637.0,1835.0,1834.0,1834.0
0.0,18037.0,5563.0,5504.0,809.0,14237.0,5531.0,3195.0,5511.0,1835.0,1834.0,1835.0,1840.0,1854.0,1869.0,4675.0,7829.0,5533.0,5531.0,3195.0,5511.0,1835.0,1834.0,1835.0
0.0,13283.0,5581.0,5507.0,4418.0,15415.0,4759.0,5057.0,5599.0,1836.0,1835.0,1836.0,1864.0,1857.0,1860.0,3644.0,5975.0,3664.0,4759.0,5057.0,5599.0,1836.0,1835.0,1836.0
0.0,12120.0,5605.0,5508.0,9478.0,11547.0,2127.0,5588.0,3832.0,1837.0,1835.0,1836.0,1863.0,1872.0,1870.0,4421.0,4118.0,3581.0,2127.0,5588.0,3832.0,1837.0,1835.0,1836.0
0.0,15993.0,5627.0,5510.0,14018.0,4484.0,0.0,4261.0,223.0,1837.0,1836.0,1837.0,1867.0,1863.0,1897.0,7058.0,3587.0,5348.0,0.0,4261.0,223.0,1837.0,1836.0,1837.0
0.0,24384.0,5635.0,5512.0,15634.0,1066.0,0.0,1066.0,0.0,1838.0,1836.0,1838.0,1888.0,1862.0,1885.0,10503.0,4919.0,8962.0,0.0,1066.0,0.0,1838.0,1836.0,1838.0
0.0,34383.0,5626.0,5514.0,11547.0,0.0,0.0,0.0,0.0,1838.0,1837.0,1839.0,1863.0,1875.0,1888.0,13593.0,8114.0,12676.0,0.0,0.0,0.0,1838.0,1837.0,1839.0
0.0,40304.0,5594.0,5515.0,4484.0,0.0,0.0,0.0,0.0,1839.0,1837.0,1839.0,1859.0,1860.0,1875.0,13857.0,11827.0,14620.0,0.0,0.0,0.0,1839.0,1837.0,1839.0
0.0,39194.0,5570.0,5517.0,1066.0,0.0,0.0,0.0,0.0,1839.0,1838.0,1840.0,1847.0,1846.0,1877.0,11998.0,14228.0,12968.0,0.0,0.0,0.0,1839.0,1838.0,1840.0
0.0,34690.0,5560.0,5518.0,0.0,889.0,889.0,0.0,0.0,1840.0,1838.0,1840.0,1840.0,1862.0,1858.0,10151.0,13448.0,11091.0,889.0,0.0,0.0,1840.0,1838.0,1840.0
0.0,29130.0,5576.0,5519.0,0.0,4566.0,2741.0,0.0,1825.0,1840.0,1839.0,1840.0,1852.0,1866.0,1858.0,8311.0,11586.0,9233.0,2741.0,0.0,1825.0,1840.0,1839.0,1840.0
0.0,23554.0,5549.0,5520.0,0.0,9595.0,4587.0,1324.0,3684.0,1840.0,1839.0,1841.0,1846.0,1849.0,1854.0,6459.0,9720.0,7375.0,4587.0,1324.0,3684.0,1840.0,1839.0,1841.0
0.0,18005.0,5562.0,5521.0,889.0,14273.0,5562.0,3177.0,5534.0,1841.0,1839.0,1841.0,1859.0,1853.0,1850.0,4613.0,7871.0,5521.0,5562.0,3177.0,5534.0,1841.0,1839.0,1841.0
0.0,13332.0,5537.0,5522.0,4566.0,15249.0,4676.0,5031.0,5542.0,1841.0,1840.0,1841.0,1855.0,1849.0,1833.0,3643.0,6018.0,3671.0,4676.0,5031.0,5542.0,1841.0,1840.0,1841.0
0.0,12361.0,5562.0,5523.0,9595.0,11221.0,1939.0,5568.0,3714.0,1842.0,1840.0,1841.0,1845.0,1861.0,1856.0,4529.0,4169.0,3663.0,1939.0,5568.0,3714.0,1842.0,1840.0,1841.0
0.0,16394.0,5536.0,5524.0,14273.0,4246.0,0.0,4220.0,26.0,1842.0,1840.0,1842.0,1866.0,1829.0,1841.0,7271.0,3632.0,5491.0,0.0,4220.0,26.0,1842.0,1840.0,1842.0
0.0,25131.0,5524.0,5526.0,15249.0,1035.0,0.0,1035.0,0.0,1843.0,1841.0,1842.0,1862.0,1841.0,1821.0,10967.0,4980.0,9184.0,0.0,1035.0,0.0,1843.0,1841.0,1842.0
0.0,34856.0,5540.0,5528.0,11006.0,0.0,0.0,0.0,0.0,1844.0,1841.0,1843.0,1849.0,1852.0,1839.0,13781.0,8170.0,12905.0,0.0,0.0,0.0,1844.0,1841.0,1843.0
0.0,40322.0,5541.0,5530.0,2147.0,0.0,0.0,0.0,0.0,1844.0,1842.0,1844.0,1852.0,1848.0,1841.0,13871.0,11671.0,14780.0,0.0,0.0,0.0,1844.0,1842.0,1844.0
0.0,36928.0,5558.0,5531.0,3349.0,0.0,0.0,0.0,0.0,1845.0,1842.0,1844.0,1856.0,1855.0,1847.0,12019.0,11944.0,12965.0,0.0,0.0,0.0,1845.0,1842.0,1844.0
0.0,34719.0,5523.0,5534.0,0.0,907.0,907.0,0.0,0.0,1846.0,1843.0,1845.0,1840.0,1847.0,1836.0,10163.0,13438.0,11118.0,907.0,0.0,0.0,1846.0,1843.0,1845.0
0.0,29196.0,5528.0,5535.0,0.0,4531.0,2736.0,0.0,1795.0,1846.0,1843.0,1846.0,1829.0,1852.0,1847.0,8323.0,11591.0,9282.0,2736.0,0.0,1795.0,1846.0,1843.0,1846.0
0.0,23668.0,5528.0,5536.0,0.0,9540.0,4571.0,1334.0,3635.0,1846.0,1844.0,1846.0,1835.0,1853.0,1840.0,6494.0,9739.0,7435.0,4571.0,1334.0,3635.0,1846.0,1844.0,1846.0
0.0,18140.0,5546.0,5538.0,907.0,14189.0,5508.0,3190.0,5491.0,1847.0,1844.0,1847.0,1839.0,1856.0,1851.0,4659.0,7886.0,5595.0,5508.0,3190.0,5491.0,1847.0,1844.0,1847.0
0.0,13501.0,5566.0,5540.0,4531.0,15234.0,4617.0,5051.0,5566.0,1847.0,1845.0,1848.0,1845.0,1856.0,1865.0,3727.0,6030.0,3744.0,4617.0,5051.0,5566.0,1847.0,1845.0,1848.0
0.0,12466.0,5578.0,5541.0,9540.0,11277.0,1906.0,5576.0,3795.0,1847.0,1846.0,1848.0,1860.0,1854.0,1864.0,4618.0,4174.0,3674.0,1906.0,5576.0,3795.0,1847.0,1846.0,1848.0
0.0,16428.0,5590.0,5543.0,13011.0,4423.0,0.0,4245.0,178.0,1848.0,1846.0,1849.0,1862.0,1859.0,1869.0,7329.0,3654.0,5445.0,0.0,4245.0,178.0,1848.0,1846.0,1849.0
0.0,23849.0,5582.0,5545.0,15247.0,1065.0,0.0,1065.0,0.0,1848.0,1847.0,1850.0,1853.0,1866.0,1863.0,9797.0,4985.0,9067.0,0.0,1065.0,0.0,1848.0,1847.0,1850.0
0.0,33514.0,5608.0,5545.0,12442.0,0.0,0.0,0.0,0.0,1848.0,1847.0,1850.0,1868.0,1857.0,1883.0,12574.0,8170.0,12770.0,0.0,0.0,0.0,1848.0,1847.0,1850.0
0.0,40348.0,5600.0,5547.0,4423.0,0.0,0.0,0.0,0.0,1848.0,1848.0,1851.0,1871.0,1855.0,1874.0,13777.0,11889.0,14682.0,0.0,0.0,0.0,1848.0,1848.0,1851.0
0.0,39171.0,5656.0,5549.0,1065.0,0.0,0.0,0.0,0.0,1849.0,1849.0,1851.0,1887.0,1878.0,1891.0,11906.0,14279.0,12986.0,0.0,0.0,0.0,1849.0,1849.0,1851.0
0.0,34580.0,5624.0,5550.0,0.0,1152.0,1107.0,0.0,45.0,1849.0,1849.0,1852.0,1881.0,1863.0,1880.0,10019.0,13466.0,11095.0,1107.0,0.0,45.0,1849.0,1849.0,1852.0
0.0,28956.0,5649.0,5550.0,0.0,4922.0,2991.0,0.0,1931.0,1849.0,1849.0,1852.0,1884.0,1879.0,1886.0,8138.0,11603.0,9215.0,2991.0,0.0,1931.0,1849.0,1849.0,1852.0
0.0,23307.0,5654.0,5552.0,0.0,10107.0,4869.0,1424.0,3814.0,1850.0,1850.0,1852.0,1873.0,1898.0,1883.0,6254.0,9724.0,7329.0,4869.0,1424.0,3814.0,1850.0,1850.0,1852.0
0.0,17653.0,5620.0,5553.0,1152.0,14580.0,5629.0,3309.0,5642.0,1850.0,1850.0,1853.0,1867.0,1885.0,1868.0,4381.0,7826.0,5446.0,5629.0,3309.0,5642.0,1850.0,1850.0,1853.0
0.0,13185.0,5621.0,5555.0,4922.0,15289.0,4521.0,5201.0,5567.0,1851.0,1851.0,1853.0,1878.0,1887.0,1856.0,3621.0,5941.0,3623.0,4521.0,5201.0,5567.0,1851.0,1851.0,1853.0
0.0,12486.0,5651.0,5557.0,10107.0,10843.0,1522.0,5684.0,3637.0,1851.0,1852.0,1854.0,1870.0,1902.0,1879.0,4734.0,4054.0,3698.0,1522.0,5684.0,3637.0,1851.0,1852.0,1854.0
0.0,16942.0,5586.0,5558.0,14580.0,4251.0,0.0,4251.0,0.0,1852.0,1852.0,1854.0,1863.0,1876.0,1847.0,7733.0,3576.0,5633.0,0.0,4251.0,0.0,1852.0,1852.0,1854.0
0.0,25936.0,5600.0,5559.0,15289.0,934.0,0.0,934.0,0.0,1852.0,1853.0,1854.0,1850.0,1879.0,1871.0,11499.0,5009.0,9428.0,0.0,934.0,0.0,1852.0,1853.0,1854.0
0.0,35625.0,5580.0,5560.0,10843.0,0.0,0.0,0.0,0.0,1852.0,1854.0,1854.0,1853.0,1883.0,1844.0,14170.0,8331.0,13124.0,0.0,0.0,0.0,1852.0,1854.0,1854.0
0.0,40888.0,5599.0,5562.0,4185.0,0.0,0.0,0.0,0.0,1852.0,1855.0,1855.0,1855.0,1874.0,1870.0,13839.0,12132.0,14917.0,0.0,0.0,0.0,1852.0,1855.0,1855.0
0.0,39474.0,5579.0,5563.0,1000.0,0.0,0.0,0.0,0.0,1853.0,1855.0,1855.0,1865.0,1865.0,1849.0,11984.0,14443.0,13047.0,0.0,0.0,0.0,1853.0,1855.0,1855.0
0.0,34895.0,5536.0,5564.0,0.0,1001.0,1001.0,0.0,0.0,1853.0,1855.0,1856.0,1855.0,1837.0,1844.0,10119.0,13578.0,11198.0,1001.0,0.0,0.0,1853.0,1855.0,1856.0
0.0,29359.0,5577.0,5567.0,0.0,4667.0,2877.0,0.0,1790.0,1854.0,1856.0,1857.0,1871.0,1847.0,1859.0,8264.0,11741.0,9354.0,2877.0,0.0,1790.0,1854.0,1856.0,1857.0
0.0,23782.0,5559.0,5568.0,0.0,9617.0,4741.0,1241.0,3635.0,1854.0,1857.0,1857.0,1864.0,1850.0,1845.0,6393.0,9894.0,7495.0,4741.0,1241.0,3635.0,1854.0,1857.0,1857.0
0.0,18223.0,5542.0,5570.0,1001.0,14168.0,5596.0,3087.0,5485.0,1855.0,1857.0,1858.0,1851.0,1846.0,1845.0,4529.0,8044.0,5650.0,5596.0,3087.0,5485.0,1855.0,1857.0,1858.0
0.0,13682.0,5533.0,5571.0,4667.0,15039.0,4560.0,4931.0,5548.0,1855.0,1858.0,1858.0,1841.0,1839.0,1853.0,3679.0,6198.0,3805.0,4560.0,4931.0,5548.0,1855.0,1858.0,1858.0
0.0,12816.0,5548.0,5572.0,9617.0,10975.0,1661.0,5537.0,3777.0,1855.0,1858.0,1859.0,1842.0,1847.0,1859.0,4715.0,4359.0,3742.0,1661.0,5537.0,3777.0,1855.0,1858.0,1859.0
0.0,16885.0,5564.0,5575.0,12792.0,4467.0,0.0,4297.0,170.0,1856.0,1859.0,1860.0,1849.0,1842.0,1873.0,7614.0,3753.0,5518.0,0.0,4297.0,170.0,1856.0,1859.0,1860.0
0.0,24113.0,5580.0,5576.0,16415.0,1241.0,0.0,1241.0,0.0,1856.0,1860.0,1860.0,1849.0,1870.0,1861.0,9985.0,4998.0,9130.0,0.0,1241.0,0.0,1856.0,1860.0,1860.0
0.0,34948.0,5584.0,5578.0,10975.0,0.0,0.0,0.0,0.0,1857.0,1860.0,1861.0,1853.0,1860.0,1871.0,14072.0,8059.0,12817.0,0.0,0.0,0.0,1857.0,1860.0,1861.0
0.0,40339.0,5617.0,5579.0,4467.0,0.0,0.0,0.0,0.0,1858.0,1860.0,1861.0,1873.0,1860.0,1884.0,13880.0,11736.0,14723.0,0.0,0.0,0.0,1858.0,1860.0,1861.0
0.0,39189.0,5614.0,5580.0,1241.0,0.0,0.0,0.0,0.0,1858.0,1860.0,1862.0,1868.0,1865.0,1881.0,12007.0,14173.0,13009.0,0.0,0.0,0.0,1858.0,1860.0,1862.0
0.0,34816.0,5614.0,5581.0,0.0,1063.0,1035.0,0.0,28.0,1859.0,1861.0,1861.0,1879.0,1884.0,1851.0,10139.0,13549.0,11128.0,1035.0,0.0,28.0,1859.0,1861.0,1861.0
0.0,29202.0,5654.0,5583.0,0.0,4830.0,2927.0,0.0,1903.0,1859.0,1862.0,1862.0,1892.0,1892.0,1870.0,8260.0,11665.0,9277.0,2927.0,0.0,1903.0,1859.0,1862.0,1862.0
0.0,23548.0,5667.0,5584.0,0.0,10039.0,4827.0,1433.0,3779.0,1860.0,1862.0,1862.0,1895.0,1896.0,1876.0,6368.0,9773.0,7407.0,4827.0,1433.0,3779.0,1860.0,1862.0,1862.0
0.0,17881.0,5693.0,5585.0,1063.0,14674.0,5702.0,3342.0,5630.0,1861.0,1863.0,1861.0,1905.0,1904.0,1884.0,4473.0,7877.0,5531.0,5702.0,3342.0,5630.0,1861.0,1863.0,1861.0
0.0,13251.0,5649.0,5585.0,4830.0,15493.0,4666.0,5217.0,5610.0,1861.0,1863.0,1861.0,1891.0,1875.0,1883.0,3603.0,5973.0,3675.0,4666.0,5217.0,5610.0,1861.0,1863.0,1861.0
0.0,12432.0,5681.0,5587.0,10039.0,11145.0,1725.0,5689.0,3731.0,1861.0,1864.0,1862.0,1886.0,1900.0,1895.0,4639.0,4098.0,3695.0,1725.0,5689.0,3731.0,1861.0,1864.0,1862.0
0.0,16790.0,5697.0,5589.0,14674.0,4259.0,0.0,4259.0,0.0,1862.0,1865.0,1862.0,1895.0,1907.0,1895.0,7580.0,3631.0,5579.0,0.0,4259.0,0.0,1862.0,1865.0,1862.0
0.0,25767.0,5676.0,5591.0,15493.0,951.0,0.0,951.0,0.0,1863.0,1866.0,1862.0,1886.0,1904.0,1886.0,11387.0,5066.0,9314.0,0.0,951.0,0.0,1863.0,1866.0,1862.0
0.0,35584.0,5654.0,5592.0,11016.0,0.0,0.0,0.0,0.0,1864.0,1866.0,1862.0,1888.0,1891.0,1875.0,14167.0,8379.0,13038.0,0.0,0.0,0.0,1864.0,1866.0,1862.0
0.0,40946.0,5650.0,5593.0,1903.0,0.0,0.0,0.0,0.0,1864.0,1866.0,1863.0,1885.0,1877.0,1888.0,14004.0,12048.0,14894.0,0.0,0.0,0.0,1864.0,1866.0,1863.0
0.0,37199.0,5636.0,5596.0,3436.0,0.0,0.0,0.0,0.0,1865.0,1867.0,1864.0,1883.0,1872.0,1881.0,12119.0,12074.0,13006.0,0.0,0.0,0.0,1865.0,1867.0,1864.0
0.0,34999.0,5641.0,5596.0,0.0,1040.0,957.0,0.0,83.0,1865.0,1867.0,1864.0,1868.0,1885.0,1888.0,10236.0,13638.0,11125.0,957.0,0.0,83.0,1865.0,1867.0,1864.0
0.0,29358.0,5605.0,5598.0,0.0,4785.0,2833.0,0.0,1952.0,1865.0,1868.0,1865.0,1876.0,1865.0,1864.0,8368.0,11753.0,9237.0,2833.0,0.0,1952.0,1865.0,1868.0,1865.0
0.0,23753.0,5607.0,5599.0,0.0,9849.0,4711.0,1313.0,3825.0,1866.0,1868.0,1865.0,1873.0,1861.0,1873.0,6492.0,9888.0,7373.0,4711.0,1313.0,3825.0,1866.0,1868.0,1865.0
0.0,18146.0,5567.0,5599.0,1040.0,14376.0,5627.0,3152.0,5597.0,1866.0,1868.0,1865.0,1873.0,1839.0,1855.0,4619.0,8027.0,5500.0,5627.0,3152.0,5597.0,1866.0,1868.0,1865.0
0.0,13619.0,5593.0,5600.0,4785.0,15189.0,4671.0,5002.0,5516.0,1866.0,1868.0,1866.0,1877.0,1850.0,1866.0,3703.0,6188.0,3728.0,4671.0,5002.0,5516.0,1866.0,1868.0,1866.0
0.0,12811.0,5604.0,5602.0,9849.0,10954.0,1852.0,5546.0,3556.0,1867.0,1868.0,1867.0,1887.0,1857.0,1860.0,4659.0,4338.0,3814.0,1852.0,5546.0,3556.0,1867.0,1868.0,1867.0
0.0,17056.0,5627.0,5603.0,13113.0,4255.0,0.0,4255.0,0.0,1868.0,1868.0,1867.0,1888.0,1861.0,1878.0,7483.0,3794.0,5779.0,0.0,4255.0,0.0,1868.0,1868.0,1867.0
0.0,24542.0,5586.0,5605.0,15336.0,1126.0,0.0,1126.0,0.0,1868.0,1869.0,1868.0,1857.0,1868.0,1861.0,9959.0,5085.0,9498.0,0.0,1126.0,0.0,1868.0,1869.0,1868.0
0.0,34292.0,5607.0,5605.0,12070.0,0.0,0.0,0.0,0.0,1868.0,1869.0,1868.0,1861.0,1872.0,1874.0,12920.0,8219.0,13153.0,0.0,0.0,0.0,1868.0,1869.0,1868.0
0.0,40755.0,5605.0,5608.0,4255.0,0.0,0.0,0.0,0.0,1869.0,1870.0,1869.0,1851.0,1879.0,1875.0,14027.0,11893.0,14835.0,0.0,0.0,0.0,1869.0,1870.0,1869.0
0.0,39405.0,5612.0,5609.0,1126.0,0.0,0.0,0.0,0.0,1869.0,1870.0,1870.0,1852.0,1878.0,1882.0,12176.0,14269.0,12960.0,0.0,0.0,0.0,1869.0,1870.0,1870.0
0.0,34919.0,5613.0,5610.0,0.0,1028.0,880.0,0.0,148.0,1869.0,1871.0,1870.0,1859.0,1878.0,1876.0,10324.0,13517.0,11078.0,880.0,0.0,148.0,1869.0,1871.0,1870.0
0.0,29306.0,5604.0,5611.0,0.0,4756.0,2737.0,0.0,2019.0,1870.0,1871.0,1870.0,1852.0,1881.0,1871.0,8465.0,11639.0,9202.0,2737.0,0.0,2019.0,1870.0,1871.0,1870.0
0.0,23702.0,5657.0,5613.0,0.0,10020.0,4615.0,1496.0,3909.0,1870.0,1872.0,1871.0,1878.0,1894.0,1885.0,6613.0,9758.0,7331.0,4615.0,1496.0,3909.0,1870.0,1872.0,1871.0
0.0,18045.0,5659.0,5614.0,1028.0,14656.0,5608.0,3392.0,5656.0,1870.0,1873.0,1871.0,1873.0,1891.0,1895.0,4735.0,7864.0,5446.0,5608.0,3392.0,5656.0,1870.0,1873.0,1871.0
0.0,13414.0,5654.0,5616.0,4756.0,15564.0,4766.0,5264.0,5534.0,1871.0,1873.0,1872.0,1890.0,1872.0,1892.0,3742.0,5973.0,3699.0,4766.0,5264.0,5534.0,1871.0,1873.0,1872.0
0.0,12516.0,5660.0,5616.0,10020.0,11204.0,2043.0,5656.0,3505.0,1871.0,1873.0,1872.0,1892.0,1888.0,1880.0,4589.0,4101.0,3826.0,2043.0,5656.0,3505.0,1871.0,1873.0,1872.0
0.0,16876.0,5720.0,5619.0,14656.0,4162.0,0.0,4162.0,0.0,1872.0,1874.0,1873.0,1911.0,1893.0,1916.0,7312.0,3709.0,5855.0,0.0,4162.0,0.0,1872.0,1874.0,1873.0
0.0,25812.0,5707.0,5620.0,15564.0,794.0,0.0,794.0,0.0,1873.0,1874.0,1873.0,1915.0,1896.0,1896.0,11009.0,5208.0,9595.0,0.0,794.0,0.0,1873.0,1874.0,1873.0
0.0,35669.0,5671.0,5621.0,11204.0,0.0,0.0,0.0,0.0,1873.0,1875.0,1873.0,1913.0,1879.0,1879.0,13860.0,8576.0,13233.0,0.0,0.0,0.0,1873.0,1875.0,1873.0
0.0,41202.0,5702.0,5622.0,4162.0,0.0,0.0,0.0,0.0,1874.0,1875.0,1873.0,1905.0,1893.0,1904.0,13990.0,12353.0,14859.0,0.0,0.0,0.0,1874.0,1875.0,1873.0
0.0,39662.0,5671.0,5622.0,794.0,0.0,0.0,0.0,0.0,1874.0,1875.0,1873.0,1887.0,1901.0,1883.0,12085.0,14622.0,12955.0,0.0,0.0,0.0,1874.0,1875.0,1873.0
0.0,34785.0,5678.0,5623.0,0.0,1257.0,1060.0,0.0,197.0,1874.0,1875.0,1874.0,1888.0,1891.0,1899.0,10198.0,13515.0,11072.0,1060.0,0.0,197.0,1874.0,1875.0,1874.0
0.0,29107.0,5678.0,5624.0,0.0,5045.0,2962.0,0.0,2083.0,1875.0,1875.0,1874.0,1897.0,1895.0,1886.0,8310.0,11624.0,9173.0,2962.0,0.0,2083.0,1875.0,1875.0,1874.0
0.0,23429.0,5694.0,5625.0,0.0,10390.0,4847.0,1541.0,4002.0,1875.0,1875.0,1875.0,1885.0,1895.0,1914.0,6413.0,9729.0,7287.0,4847.0,1541.0,4002.0,1875.0,1875.0,1875.0
0.0,17735.0,5698.0,5627.0,1257.0,14841.0,5673.0,3452.0,5716.0,1875.0,1876.0,1876.0,1886.0,1906.0,1906.0,4528.0,7834.0,5373.0,5673.0,3452.0,5716.0,1875.0,1876.0,1876.0
0.0,13294.0,5680.0,5628.0,5045.0,15481.0,4609.0,5342.0,5530.0,1876.0,1876.0,1876.0,1893.0,1890.0,1897.0,3702.0,5928.0,3664.0,4609.0,5342.0,5530.0,1876.0,1876.0,1876.0
0.0,12659.0,5686.0,5630.0,10390.0,10787.0,1675.0,5690.0,3422.0,1877.0,1876.0,1877.0,1908.0,1889.0,1889.0,4771.0,4038.0,3850.0,1675.0,5690.0,3422.0,1877.0,1876.0,1877.0
0.0,17363.0,5652.0,5632.0,14841.0,4121.0,0.0,4121.0,0.0,1878.0,1876.0,1878.0,1883.0,1883.0,1886.0,7710.0,3690.0,5963.0,0.0,4121.0,0.0,1878.0,1876.0,1878.0
0.0,26552.0,5700.0,5634.0,15481.0,694.0,0.0,694.0,0.0,1878.0,1877.0,1879.0,1893.0,1910.0,1897.0,11500.0,5259.0,9793.0,0.0,694.0,0.0,1878.0,1877.0,1879.0
0.0,36333.0,5656.0,5636.0,10787.0,0.0,0.0,0.0,0.0,1879.0,1878.0,1879.0,1883.0,1893.0,1880.0,14216.0,8691.0,13426.0,0.0,0.0,0.0,1879.0,1878.0,1879.0
0.0,41464.0,5655.0,5638.0,4121.0,0.0,0.0,0.0,0.0,1879.0,1879.0,1880.0,1875.0,1883.0,1897.0,14008.0,12488.0,14968.0,0.0,0.0,0.0,1879.0,1879.0,1880.0
0.0,39930.0,5649.0,5639.0,694.0,0.0,0.0,0.0,0.0,1879.0,1879.0,1881.0,1878.0,1881.0,1890.0,12133.0,14726.0,13071.0,0.0,0.0,0.0,1879.0,1879.0,1881.0
0.0,34975.0,5665.0,5642.0,0.0,1142.0,1020.0,0.0,122.0,1880.0,1880.0,1882.0,1875.0,1897.0,1893.0,10255.0,13539.0,11181.0,1020.0,0.0,122.0,1880.0,1880.0,1882.0
0.0,29310.0,5622.0,5643.0,0.0,4890.0,2889.0,0.0,2001.0,1880.0,1881.0,1882.0,1869.0,1874.0,1879.0,8380.0,11642.0,9288.0,2889.0,0.0,2001.0,1880.0,1881.0,1882.0
0.0,23688.0,5632.0,5645.0,0.0,10169.0,4769.0,1529.0,3871.0,1881.0,1882.0,1882.0,1875.0,1887.0,1870.0,6511.0,9768.0,7409.0,4769.0,1529.0,3871.0,1881.0,1882.0,1882.0
0.0,18056.0,5620.0,5646.0,1142.0,14652.0,5617.0,3394.0,5641.0,1881.0,1882.0,1883.0,1868.0,1865.0,1887.0,4636.0,7881.0,5539.0,5617.0,3394.0,5641.0,1881.0,1882.0,1883.0
0.0,13578.0,5613.0,5646.0,4890.0,15375.0,4583.0,5257.0,5535.0,1881.0,1882.0,1883.0,1855.0,1863.0,1895.0,3788.0,6016.0,3774.0,4583.0,5257.0,5535.0,1881.0,1882.0,1883.0
0.0,12855.0,5673.0,5648.0,10169.0,10889.0,1703.0,5602.0,3584.0,1882.0,1882.0,1884.0,1884.0,1874.0,1915.0,4822.0,4153.0,3880.0,1703.0,5602.0,3584.0,1882.0,1882.0,1884.0
0.0,17351.0,5665.0,5649.0,14652.0,4098.0,0.0,4098.0,0.0,1882.0,1883.0,1884.0,1891.0,1885.0,1889.0,7707.0,3808.0,5836.0,0.0,4098.0,0.0,1882.0,1883.0,1884.0
0.0,26338.0,5664.0,5650.0,15375.0,736.0,0.0,736.0,0.0,1883.0,1883.0,1884.0,1882.0,1895.0,1887.0,11433.0,5317.0,9588.0,0.0,736.0,0.0,1883.0,1883.0,1884.0
0.0,36049.0,5694.0,5652.0,10889.0,0.0,0.0,0.0,0.0,1883.0,1884.0,1885.0,1898.0,1896.0,1900.0,14134.0,8679.0,13236.0,0.0,0.0,0.0,1883.0,1884.0,1885.0
0.0,41244.0,5735.0,5653.0,2851.0,0.0,0.0,0.0,0.0,1883.0,1884.0,1886.0,1907.0,1914.0,1914.0,13939.0,12385.0,14920.0,0.0,0.0,0.0,1883.0,1884.0,1886.0
0.0,38360.0,5739.0,5656.0,1983.0,0.0,0.0,0.0,0.0,1884.0,1885.0,1887.0,1923.0,1921.0,1895.0,12032.0,13322.0,13006.0,0.0,0.0,0.0,1884.0,1885.0,1887.0
0.0,34604.0,5764.0,5656.0,0.0,1465.0,1229.0,0.0,236.0,1884.0,1885.0,1887.0,1918.0,1934.0,1912.0,10109.0,13384.0,11111.0,1229.0,0.0,236.0,1884.0,1885.0,1887.0
0.0,28840.0,5761.0,5659.0,0.0,5318.0,3163.0,0.0,2155.0,1885.0,1886.0,1888.0,1929.0,1918.0,1914.0,8191.0,11450.0,9199.0,3163.0,0.0,2155.0,1885.0,1886.0,1888.0
0.0,23079.0,5724.0,5659.0,0.0,10940.0,5074.0,1812.0,4054.0,1885.0,1886.0,1888.0,1911.0,1914.0,1899.0,6262.0,9532.0,7285.0,5074.0,1812.0,4054.0,1885.0,1886.0,1888.0
0.0,17355.0,5747.0,5661.0,1465.0,15232.0,5771.0,3745.0,5716.0,1886.0,1887.0,1888.0,1921.0,1928.0,1898.0,4351.0,7618.0,5386.0,5771.0,3745.0,5716.0,1886.0,1887.0,1888.0
0.0,13073.0,5754.0,5662.0,5318.0,15673.0,4518.0,5665.0,5490.0,1886.0,1887.0,1889.0,1910.0,1920.0,1924.0,3659.0,5690.0,3724.0,4518.0,5665.0,5490.0,1886.0,1887.0,1889.0
0.0,12637.0,5734.0,5663.0,10940.0,10472.0,1346.0,5781.0,3345.0,1886.0,1888.0,1889.0,1902.0,1923.0,1909.0,4912.0,3770.0,3955.0,1346.0,5781.0,3345.0,1886.0,1888.0,1889.0
0.0,17843.0,5750.0,5665.0,13244.0,3944.0,0.0,3944.0,0.0,1887.0,1888.0,1890.0,1910.0,1908.0,1932.0,8084.0,3659.0,6100.0,0.0,3944.0,0.0,1887.0,1888.0,1890.0
0.0,25337.0,5709.0,5666.0,15796.0,199.0,0.0,199.0,0.0,1887.0,1889.0,1890.0,1908.0,1915.0,1886.0,9957.0,5496.0,9884.0,0.0,199.0,0.0,1887.0,1889.0,1890.0
0.0,35424.0,5734.0,5669.0,12337.0,0.0,0.0,0.0,0.0,1888.0,1890.0,1891.0,1906.0,1912.0,1916.0,12690.0,9246.0,13488.0,0.0,0.0,0.0,1888.0,1890.0,1891.0
0.0,42027.0,5716.0,5671.0,3944.0,0.0,0.0,0.0,0.0,1889.0,1890.0,1892.0,1900.0,1903.0,1913.0,13995.0,13115.0,14917.0,0.0,0.0,0.0,1889.0,1890.0,1892.0
0.0,40255.0,5708.0,5672.0,199.0,0.0,0.0,0.0,0.0,1889.0,1891.0,1892.0,1911.0,1898.0,1899.0,12095.0,15156.0,13004.0,0.0,0.0,0.0,1889.0,1891.0,1892.0
0.0,34746.0,5722.0,5675.0,0.0,1457.0,1178.0,0.0,279.0,1890.0,1892.0,1893.0,1912.0,1891.0,1919.0,10184.0,13457.0,11105.0,1178.0,0.0,279.0,1890.0,1892.0,1893.0
0.0,29024.0,5691.0,5677.0,0.0,5271.0,3075.0,0.0,2196.0,1890.0,1893.0,1894.0,1897.0,1882.0,1912.0,8272.0,11566.0,9186.0,3075.0,0.0,2196.0,1890.0,1893.0,1894.0
0.0,23333.0,5685.0,5680.0,0.0,10752.0,4978.0,1646.0,4128.0,1891.0,1893.0,1896.0,1898.0,1865.0,1922.0,6375.0,9684.0,7274.0,4978.0,1646.0,4128.0,1891.0,1893.0,1896.0
0.0,17648.0,5648.0,5679.0,1457.0,14938.0,5675.0,3520.0,5743.0,1890.0,1893.0,1896.0,1880.0,1874.0,1894.0,4477.0,7819.0,5352.0,5675.0,3520.0,5743.0,1890.0,1893.0,1896.0
0.0,13457.0,5674.0,5681.0,5271.0,15351.0,4488.0,5405.0,5458.0,1891.0,1893.0,1897.0,1883.0,1885.0,1906.0,3775.0,5945.0,3737.0,4488.0,5405.0,5458.0,1891.0,1893.0,1897.0
0.0,13054.0,5688.0,5683.0,10752.0,10297.0,1409.0,5658.0,3230.0,1892.0,1894.0,1897.0,1894.0,1894.0,1900.0,4967.0,4060.0,4027.0,1409.0,5658.0,3230.0,1892.0,1894.0,1897.0
0.0,18118.0,5642.0,5684.0,14938.0,4013.0,0.0,4013.0,0.0,1892.0,1894.0,1898.0,1874.0,1875.0,1893.0,8051.0,3812.0,6255.0,0.0,4013.0,0.0,1892.0,1894.0,1898.0
0.0,27414.0,5692.0,5685.0,15351.0,520.0,0.0,520.0,0.0,1893.0,1894.0,1898.0,1886.0,1912.0,1894.0,11852.0,5457.0,10105.0,0.0,520.0,0.0,1893.0,1894.0,1898.0
0.0,37073.0,5671.0,5686.0,9953.0,0.0,0.0,0.0,0.0,1893.0,1895.0,1898.0,1885.0,1902.0,1884.0,14454.0,8950.0,13669.0,0.0,0.0,0.0,1893.0,1895.0,1898.0
0.0,41355.0,5715.0,5687.0,2201.0,0.0,0.0,0.0,0.0,1894.0,1895.0,1898.0,1906.0,1917.0,1892.0,13978.0,12362.0,15015.0,0.0,0.0,0.0,1894.0,1895.0,1898.0
0.0,37841.0,5693.0,5689.0,2676.0,0.0,0.0,0.0,0.0,1895.0,1896.0,1898.0,1900.0,1905.0,1888.0,12072.0,12646.0,13123.0,0.0,0.0,0.0,1895.0,1896.0,1898.0
0.0,34824.0,5716.0,5689.0,0.0,1346.0,1194.0,0.0,152.0,1895.0,1896.0,1898.0,1891.0,1928.0,1897.0,10172.0,13417.0,11235.0,1194.0,0.0,152.0,1895.0,1896.0,1898.0
0.0,29108.0,5731.0,5691.0,0.0,5171.0,3107.0,0.0,2064.0,1895.0,1897.0,1899.0,1913.0,1911.0,1907.0,8281.0,11489.0,9338.0,3107.0,0.0,2064.0,1895.0,1897.0,1899.0
0.0,23377.0,5785.0,5693.0,0.0,10873.0,5040.0,1851.0,3982.0,1896.0,1898.0,1899.0,1928.0,1939.0,1918.0,6368.0,9578.0,7431.0,5040.0,1851.0,3982.0,1896.0,1898.0,1899.0
0.0,17592.0,5768.0,5695.0,1346.0,15305.0,5786.0,3773.0,5746.0,1897.0,1899.0,1899.0,1935.0,1917.0,1916.0,4440.0,7639.0,5513.0,5786.0,3773.0,5746.0,1897.0,1899.0,1899.0
0.0,13170.0,5788.0,5696.0,5171.0,15927.0,4615.0,5708.0,5604.0,1897.0,1899.0,1900.0,1936.0,1935.0,1917.0,3699.0,5722.0,3749.0,4615.0,5708.0,5604.0,1897.0,1899.0,1900.0
0.0,12553.0,5779.0,5699.0,10873.0,10848.0,1524.0,5782.0,3542.0,1898.0,1900.0,1901.0,1944.0,1920.0,1915.0,4870.0,3787.0,3896.0,1524.0,5782.0,3542.0,1898.0,1900.0,1901.0
0.0,17647.0,5787.0,5700.0,14905.0,3940.0,0.0,3940.0,0.0,1898.0,1901.0,1901.0,1932.0,1926.0,1929.0,7966.0,3718.0,5963.0,0.0,3940.0,0.0,1898.0,1901.0,1901.0
0.0,26765.0,5783.0,5702.0,16327.0,161.0,0.0,161.0,0.0,1899.0,1901.0,1902.0,1909.0,1929.0,1945.0,11420.0,5565.0,9780.0,0.0,161.0,0.0,1899.0,1901.0,1902.0
0.0,37309.0,5761.0,5704.0,10848.0,0.0,0.0,0.0,0.0,1899.0,1902.0,1903.0,1916.0,1925.0,1920.0,14526.0,9344.0,13439.0,0.0,0.0,0.0,1899.0,1902.0,1903.0
0.0,42396.0,5758.0,5705.0,3940.0,0.0,0.0,0.0,0.0,1900.0,1902.0,1903.0,1920.0,1920.0,1918.0,14134.0,13201.0,15061.0,0.0,0.0,0.0,1900.0,1902.0,1903.0
0.0,40578.0,5740.0,5706.0,161.0,0.0,0.0,0.0,0.0,1900.0,1903.0,1903.0,1909.0,1912.0,1919.0,12214.0,15221.0,13143.0,0.0,0.0,0.0,1900.0,1903.0,1903.0
0.0,34999.0,5781.0,5708.0,0.0,1354.0,1116.0,0.0,238.0,1901.0,1903.0,1904.0,1916.0,1923.0,1942.0,10305.0,13470.0,11224.0,1116.0,0.0,238.0,1901.0,1903.0,1904.0
0.0,29218.0,5756.0,5709.0,0.0,5189.0,3032.0,0.0,2157.0,1901.0,1904.0,1904.0,1916.0,1921.0,1919.0,8389.0,11547.0,9282.0,3032.0,0.0,2157.0,1901.0,1904.0,1904.0
0.0,23462.0,5750.0,5710.0,0.0,10838.0,4960.0,1801.0,4077.0,1901.0,1904.0,1905.0,1928.0,1907.0,1915.0,6473.0,9626.0,7363.0,4960.0,1801.0,4077.0,1901.0,1904.0,1905.0
0.0,17712.0,5757.0,5713.0,1354.0,15256.0,5757.0,3719.0,5780.0,1902.0,1905.0,1906.0,1908.0,1913.0,1936.0,4545.0,7719.0,5448.0,5757.0,3719.0,5780.0,1902.0,1905.0,1906.0
0.0,13309.0,5707.0,5712.0,5189.0,15769.0,4628.0,5616.0,5525.0,1902.0,1904.0,1906.0,1903.0,1902.0,1902.0,3753.0,5806.0,3750.0,4628.0,5616.0,5525.0,1902.0,1904.0,1906.0
0.0,12791.0,5729.0,5714.0,10838.0,10670.0,1569.0,5733.0,3368.0,1902.0,1905.0,1907.0,1901.0,1913.0,1915.0,4882.0,3904.0,4005.0,1569.0,5733.0,3368.0,1902.0,1905.0,1907.0
0.0,17900.0,5727.0,5715.0,15256.0,3920.0,0.0,3920.0,0.0,1903.0,1905.0,1907.0,1905.0,1906.0,1916.0,7941.0,3792.0,6167.0,0.0,3920.0,0.0,1903.0,1905.0,1907.0
0.0,27429.0,5713.0,5717.0,15769.0,208.0,0.0,208.0,0.0,1904.0,1906.0,1907.0,1910.0,1899.0,1904.0,11793.0,5605.0,10031.0,0.0,208.0,0.0,1904.0,1906.0,1907.0
0.0,37485.0,5687.0,5717.0,10670.0,0.0,0.0,0.0,0.0,1904.0,1906.0,1907.0,1900.0,1895.0,1892.0,14511.0,9322.0,13652.0,0.0,0.0,0.0,1904.0,1906.0,1907.0
0.0,42468.0,5704.0,5719.0,3920.0,0.0,0.0,0.0,0.0,1905.0,1906.0,1908.0,1891.0,1912.0,1901.0,14180.0,13160.0,15128.0,0.0,0.0,0.0,1905.0,1906.0,1908.0
0.0,40684.0,5673.0,5719.0,208.0,0.0,0.0,0.0,0.0,1905.0,1906.0,1908.0,1885.0,1896.0,1892.0,12289.0,15168.0,13227.0,0.0,0.0,0.0,1905.0,1906.0,1908.0
0.0,35219.0,5686.0,5720.0,0.0,1107.0,1014.0,0.0,93.0,1905.0,1907.0,1908.0,1893.0,1905.0,1888.0,10404.0,13480.0,11335.0,1014.0,0.0,93.0,1905.0,1907.0,1908.0
0.0,29533.0,5675.0,5722.0,0.0,4905.0,2922.0,0.0,1983.0,1906.0,1908.0,1908.0,1903.0,1882.0,1890.0,8511.0,11575.0,9447.0,2922.0,0.0,1983.0,1906.0,1908.0,1908.0
0.0,23858.0,5718.0,5723.0,0.0,10475.0,4840.0,1757.0,3878.0,1907.0,1908.0,1908.0,1913.0,1910.0,1895.0,6608.0,9693.0,7557.0,4840.0,1757.0,3878.0,1907.0,1908.0,1908.0
0.0,18140.0,5725.0,5724.0,1107.0,15098.0,5748.0,3664.0,5686.0,1907.0,1909.0,1908.0,1922.0,1902.0,1901.0,4695.0,7783.0,5662.0,5748.0,3664.0,5686.0,1907.0,1909.0,1908.0
0.0,13522.0,5760.0,5725.0,4905.0,15958.0,4757.0,5586.0,5615.0,1908.0,1909.0,1908.0,1926.0,1922.0,1912.0,3787.0,5881.0,3854.0,4757.0,5586.0,5615.0,1908.0,1909.0,1908.0
0.0,12667.0,5758.0,5727.0,10475.0,11251.0,1853.0,5738.0,3660.0,1909.0,1909.0,1909.0,1931.0,1909.0,1918.0,4783.0,3959.0,3925.0,1853.0,5738.0,3660.0,1909.0,1909.0,1909.0
0.0,17384.0,5798.0,5728.0,15098.0,4011.0,0.0,4011.0,0.0,1909.0,1910.0,1909.0,1930.0,1932.0,1936.0,7692.0,3807.0,5885.0,0.0,4011.0,0.0,1909.0,1910.0,1909.0
0.0,26684.0,5791.0,5730.0,13583.0,351.0,0.0,351.0,0.0,1910.0,1910.0,1910.0,1944.0,1926.0,1921.0,11510.0,5539.0,9635.0,0.0,351.0,0.0,1910.0,1910.0,1910.0
0.0,34476.0,5816.0,5730.0,13626.0,0.0,0.0,0.0,0.0,1910.0,1910.0,1910.0,1958.0,1927.0,1931.0,11948.0,9199.0,13329.0,0.0,0.0,0.0,1910.0,1910.0,1910.0
0.0,42286.0,5826.0,5731.0,4011.0,0.0,0.0,0.0,0.0,1911.0,1910.0,1910.0,1945.0,1947.0,1934.0,14218.0,13010.0,15058.0,0.0,0.0,0.0,1911.0,1910.0,1910.0
0.0,40471.0,5834.0,5733.0,351.0,0.0,0.0,0.0,0.0,1911.0,1911.0,1911.0,1949.0,1950.0,1935.0,12273.0,15074.0,13124.0,0.0,0.0,0.0,1911.0,1911.0,1911.0
0.0,34988.0,5812.0,5735.0,0.0,1478.0,1174.0,0.0,304.0,1912.0,1911.0,1912.0,1938.0,1941.0,1933.0,10324.0,13475.0,11189.0,1174.0,0.0,304.0,1912.0,1911.0,1912.0
0.0,29176.0,5840.0,5736.0,0.0,5367.0,3112.0,0.0,2255.0,1912.0,1912.0,1912.0,1938.0,1951.0,1951.0,8386.0,11534.0,9256.0,3112.0,0.0,2255.0,1912.0,1912.0,1912.0
0.0,23336.0,5816.0,5738.0,0.0,11170.0,5038.0,1914.0,4218.0,1913.0,1912.0,1913.0,1921.0,1937.0,1958.0,6448.0,9583.0,7305.0,5038.0,1914.0,4218.0,1913.0,1912.0,1913.0
0.0,17520.0,5808.0,5740.0,1478.0,15510.0,5779.0,3857.0,5874.0,1913.0,1913.0,1914.0,1915.0,1938.0,1955.0,4527.0,7646.0,5347.0,5779.0,3857.0,5874.0,1913.0,1913.0,1914.0
0.0,13190.0,5803.0,5741.0,5367.0,15951.0,4584.0,5798.0,5569.0,1913.0,1913.0,1915.0,1917.0,1941.0,1945.0,3786.0,5708.0,3696.0,4584.0,5798.0,5569.0,1913.0,1913.0,1915.0
0.0,12754.0,5791.0,5742.0,11170.0,10577.0,1454.0,5836.0,3287.0,1913.0,1914.0,1915.0,1908.0,1947.0,1936.0,4981.0,3767.0,4006.0,1454.0,5836.0,3287.0,1913.0,1914.0,1915.0
0.0,18133.0,5774.0,5744.0,15510.0,3889.0,0.0,3889.0,0.0,1914.0,1914.0,1916.0,1933.0,1910.0,1931.0,8111.0,3734.0,6288.0,0.0,3889.0,0.0,1914.0,1914.0,1916.0
0.0,27869.0,5765.0,5744.0,15951.0,0.0,0.0,0.0,0.0,1914.0,1914.0,1916.0,1948.0,1907.0,1910.0,11957.0,5681.0,10231.0,0.0,0.0,0.0,1914.0,1914.0,1916.0
0.0,38055.0,5744.0,5745.0,8091.0,0.0,0.0,0.0,0.0,1915.0,1914.0,1916.0,1924.0,1899.0,1921.0,14593.0,9572.0,13890.0,0.0,0.0,0.0,1915.0,1914.0,1916.0
0.0,40402.0,5736.0,5745.0,4405.0,0.0,0.0,0.0,0.0,1915.0,1914.0,1916.0,1917.0,1891.0,1928.0,14123.0,11023.0,15256.0,0.0,0.0,0.0,1915.0,1914.0,1916.0
0.0,39071.0,5749.0,5746.0,1970.0,0.0,0.0,0.0,0.0,1915.0,1915.0,1916.0,1925.0,1913.0,1911.0,12206.0,13537.0,13328.0,0.0,0.0,0.0,1915.0,1915.0,1916.0
0.0,35292.0,5733.0,5748.0,0.0,1298.0,1231.0,0.0,67.0,1916.0,1916.0,1916.0,1932.0,1897.0,1904.0,10281.0,13594.0,11417.0,1231.0,0.0,67.0,1916.0,1916.0,1916.0
0.0,29559.0,5703.0,5749.0,0.0,5112.0,3150.0,0.0,1962.0,1917.0,1916.0,1916.0,1914.0,1894.0,1895.0,8349.0,11697.0,9513.0,3150.0,0.0,1962.0,1917.0,1916.0,1916.0
0.0,23856.0,5736.0,5750.0,0.0,10630.0,5076.0,1685.0,3869.0,1918.0,1916.0,1916.0,1921.0,1908.0,1907.0,6435.0,9803.0,7618.0,5076.0,1685.0,3869.0,1918.0,1916.0,1916.0
0.0,18120.0,5715.0,5751.0,1298.0,15052.0,5752.0,3602.0,5698.0,1918.0,1917.0,1916.0,1907.0,1912.0,1896.0,4514.0,7895.0,5711.0,5752.0,3602.0,5698.0,1918.0,1917.0,1916.0
0.0,13703.0,5742.0,5752.0,5112.0,15687.0,4516.0,5520.0,5651.0,1919.0,1917.0,1916.0,1909.0,1918.0,1915.0,3838.0,5983.0,3882.0,4516.0,5520.0,5651.0,1919.0,1917.0,1916.0
0.0,13073.0,5727.0,5754.0,10630.0,10794.0,1336.0,5774.0,3684.0,1919.0,1918.0,1917.0,1896.0,1934.0,1897.0,5079.0,4065.0,3929.0,1336.0,5774.0,3684.0,1919.0,1918.0,1917.0
0.0,17976.0,5750.0,5754.0,13662.0,4091.0,0.0,4091.0,0.0,1919.0,1918.0,1917.0,1918.0,1919.0,1913.0,8259.0,3816.0,5901.0,0.0,4091.0,0.0,1919.0,1918.0,1917.0
0.0,25888.0,5764.0,5755.0,17077.0,501.0,0.0,501.0,0.0,1919.0,1918.0,1918.0,1915.0,1930.0,1919.0,10703.0,5499.0,9686.0,0.0,501.0,0.0,1919.0,1918.0,1918.0
0.0,37201.0,5796.0,5757.0,10794.0,0.0,0.0,0.0,0.0,1920.0,1918.0,1919.0,1922.0,1934.0,1940.0,14694.0,9089.0,13418.0,0.0,0.0,0.0,1920.0,1918.0,1919.0
0.0,42199.0,5836.0,5758.0,4091.0,0.0,0.0,0.0,0.0,1920.0,1919.0,1919.0,1926.0,1955.0,1955.0,14108.0,12929.0,15162.0,0.0,0.0,0.0,1920.0,1919.0,1919.0
0.0,40454.0,5835.0,5760.0,501.0,0.0,0.0,0.0,0.0,1921.0,1919.0,1920.0,1954.0,1947.0,1934.0,12182.0,15065.0,13207.0,0.0,0.0,0.0,1921.0,1919.0,1920.0
0.0,35120.0,5866.0,5761.0,0.0,1622.0,1351.0,0.0,271.0,1921.0,1920.0,1920.0,1974.0,1948.0,1944.0,10228.0,13619.0,11273.0,1351.0,0.0,271.0,1921.0,1920.0,1920.0
0.0,29254.0,5859.0,5763.0,0.0,5535.0,3306.0,0.0,2229.0,1922.0,1920.0,1921.0,1950.0,1956.0,1953.0,8254.0,11671.0,9329.0,3306.0,0.0,2229.0,1922.0,1920.0,1921.0
0.0,23395.0,5864.0,5765.0,0.0,11294.0,5260.0,1844.0,4190.0,1922.0,1921.0,1922.0,1954.0,1954.0,1956.0,6304.0,9715.0,7376.0,5260.0,1844.0,4190.0,1922.0,1921.0,1922.0
0.0,17531.0,5870.0,5766.0,1622.0,15547.0,5860.0,3808.0,5879.0,1922.0,1922.0,1922.0,1951.0,1959.0,1960.0,4350.0,7761.0,5420.0,5860.0,3808.0,5879.0,1922.0,1922.0,1922.0
0.0,13283.0,5861.0,5767.0,5535.0,15878.0,4513.0,5766.0,5599.0,1923.0,1922.0,1922.0,1954.0,1958.0,1949.0,3750.0,5802.0,3731.0,4513.0,5766.0,5599.0,1923.0,1922.0,1922.0
0.0,12957.0,5867.0,5770.0,11294.0,10466.0,1213.0,5872.0,3381.0,1924.0,1923.0,1923.0,1955.0,1945.0,1967.0,5102.0,3844.0,4011.0,1213.0,5872.0,3381.0,1924.0,1923.0,1923.0
0.0,18384.0,5837.0,5771.0,15547.0,4004.0,0.0,4004.0,0.0,1924.0,1923.0,1924.0,1942.0,1940.0,1955.0,8407.0,3743.0,6234.0,0.0,4004.0,0.0,1924.0,1923.0,1924.0
0.0,28094.0,5817.0,5773.0,15878.0,171.0,0.0,171.0,0.0,1925.0,1923.0,1925.0,1935.0,1933.0,1949.0,12325.0,5611.0,10158.0,0.0,171.0,0.0,1925.0,1923.0,1925.0
0.0,38155.0,5799.0,5774.0,10466.0,0.0,0.0,0.0,0.0,1925.0,1924.0,1925.0,1921.0,1933.0,1945.0,14903.0,9444.0,13808.0,0.0,0.0,0.0,1925.0,1924.0,1925.0
0.0,42822.0,5855.0,5774.0,4004.0,0.0,0.0,0.0,0.0,1925.0,1924.0,1925.0,1943.0,1954.0,1958.0,14195.0,13383.0,15244.0,0.0,0.0,0.0,1925.0,1924.0,1925.0
0.0,40971.0,5812.0,5777.0,171.0,0.0,0.0,0.0,0.0,1926.0,1925.0,1926.0,1939.0,1933.0,1940.0,12252.0,15433.0,13286.0,0.0,0.0,0.0,1926.0,1925.0,1926.0
0.0,35330.0,5772.0,5777.0,0.0,1448.0,1239.0,0.0,209.0,1926.0,1925.0,1926.0,1922.0,1925.0,1925.0,10313.0,13671.0,11346.0,1239.0,0.0,209.0,1926.0,1925.0,1926.0
0.0,29558.0,5801.0,5778.0,0.0,5308.0,3167.0,0.0,2141.0,1926.0,1926.0,1926.0,1928.0,1941.0,1932.0,8391.0,11746.0,9421.0,3167.0,0.0,2141.0,1926.0,1926.0,1926.0
0.0,23757.0,5768.0,5779.0,0.0,10906.0,5100.0,1753.0,4053.0,1927.0,1926.0,1926.0,1928.0,1928.0,1912.0,6463.0,9805.0,7489.0,5100.0,1753.0,4053.0,1927.0,1926.0,1926.0
0.0,17989.0,5763.0,5779.0,1448.0,15221.0,5791.0,3661.0,5769.0,1927.0,1926.0,1926.0,1930.0,1908.0,1925.0,4535.0,7877.0,5577.0,5791.0,3661.0,5769.0,1927.0,1926.0,1926.0
0.0,13674.0,5765.0,5782.0,5308.0,15693.0,4551.0,5594.0,5548.0,1928.0,1927.0,1927.0,1922.0,1928.0,1915.0,3844.0,5969.0,3861.0,4551.0,5594.0,5548.0,1928.0,1927.0,1927.0
0.0,13217.0,5785.0,5782.0,10906.0,10572.0,1383.0,5771.0,3418.0,1928.0,1927.0,1927.0,1932.0,1930.0,1923.0,5089.0,4041.0,4087.0,1383.0,5771.0,3418.0,1928.0,1927.0,1927.0
0.0,18338.0,5793.0,5785.0,13535.0,4059.0,0.0,4059.0,0.0,1929.0,1928.0,1928.0,1913.0,1944.0,1936.0,8257.0,3864.0,6217.0,0.0,4059.0,0.0,1929.0,1928.0,1928.0
0.0,26080.0,5775.0,5786.0,16046.0,416.0,0.0,416.0,0.0,1929.0,1929.0,1928.0,1915.0,1946.0,1914.0,10449.0,5581.0,10050.0,0.0,416.0,0.0,1929.0,1929.0,1928.0
0.0,36351.0,5756.0,5788.0,11905.0,0.0,0.0,0.0,0.0,1930.0,1929.0,1929.0,1910.0,1940.0,1906.0,13438.0,9229.0,13684.0,0.0,0.0,0.0,1930.0,1929.0,1929.0
0.0,42500.0,5805.0,5790.0,4059.0,0.0,0.0,0.0,0.0,1930.0,1931.0,1929.0,1928.0,1947.0,1930.0,14244.0,13060.0,15196.0,0.0,0.0,0.0,1930.0,1931.0,1929.0
0.0,40754.0,5789.0,5791.0,416.0,0.0,0.0,0.0,0.0,1930.0,1931.0,1930.0,1924.0,1931.0,1934.0,12316.0,15172.0,13266.0,0.0,0.0,0.0,1930.0,1931.0,1930.0
0.0,35381.0,5799.0,5793.0,0.0,1450.0,1193.0,0.0,257.0,1930.0,1932.0,1931.0,1935.0,1930.0,1934.0,10392.0,13657.0,11332.0,1193.0,0.0,257.0,1930.0,1932.0,1931.0
0.0,29582.0,5821.0,5794.0,0.0,5338.0,3147.0,0.0,2191.0,1931.0,1932.0,1931.0,1949.0,1938.0,1934.0,8457.0,11727.0,9398.0,3147.0,0.0,2191.0,1931.0,1932.0,1931.0
0.0,23761.0,5841.0,5796.0,0.0,11060.0,5100.0,1817.0,4143.0,1931.0,1933.0,1932.0,1953.0,1941.0,1947.0,6508.0,9789.0,7464.0,5100.0,1817.0,4143.0,1931.0,1933.0,1932.0
0.0,17920.0,5867.0,5797.0,1450.0,15482.0,5871.0,3763.0,5848.0,1932.0,1933.0,1932.0,1959.0,1946.0,1962.0,4555.0,7848.0,5517.0,5871.0,3763.0,5848.0,1932.0,1933.0,1932.0
0.0,13503.0,5869.0,5798.0,5338.0,16018.0,4697.0,5710.0,5611.0,1932.0,1933.0,1933.0,1973.0,1947.0,1949.0,3789.0,5902.0,3812.0,4697.0,5710.0,5611.0,1932.0,1933.0,1933.0
0.0,12972.0,5897.0,5801.0,11060.0,10870.0,1574.0,5852.0,3444.0,1933.0,1934.0,1934.0,1972.0,1954.0,1971.0,4963.0,3955.0,4054.0,1574.0,5852.0,3444.0,1933.0,1934.0,1934.0
0.0,18135.0,5894.0,5801.0,15482.0,4049.0,0.0,4049.0,0.0,1933.0,1934.0,1934.0,1970.0,1960.0,1964.0,8091.0,3818.0,6226.0,0.0,4049.0,0.0,1933.0,1934.0,1934.0
0.0,27723.0,5901.0,5803.0,16018.0,294.0,0.0,294.0,0.0,1934.0,1934.0,1935.0,1963.0,1955.0,1983.0,11992.0,5621.0,10110.0,0.0,294.0,0.0,1934.0,1934.0,1935.0
0.0,37840.0,5907.0,5805.0,10175.0,0.0,0.0,0.0,0.0,1934.0,1935.0,1936.0,1964.0,1969.0,1974.0,14726.0,9376.0,13738.0,0.0,0.0,0.0,1934.0,1935.0,1936.0
0.0,42108.0,5896.0,5805.0,2283.0,0.0,0.0,0.0,0.0,1934.0,1935.0,1936.0,1952.0,1964.0,1980.0,14336.0,12564.0,15208.0,0.0,0.0,0.0,1934.0,1935.0,1936.0
0.0,38495.0,5913.0,5807.0,2755.0,0.0,0.0,0.0,0.0,1935.0,1935.0,1937.0,1967.0,1964.0,1982.0,12384.0,12883.0,13228.0,0.0,0.0,0.0,1935.0,1935.0,1937.0
0.0,35337.0,5882.0,5809.0,0.0,1618.0,1217.0,0.0,401.0,1936.0,1936.0,1937.0,1954.0,1966.0,1962.0,10417.0,13674.0,11246.0,1217.0,0.0,401.0,1936.0,1936.0,1937.0
0.0,29455.0,5895.0,5811.0,0.0,5540.0,3176.0,0.0,2364.0,1937.0,1937.0,1937.0,1954.0,1978.0,1963.0,8463.0,11708.0,9284.0,3176.0,0.0,2364.0,1937.0,1937.0,1937.0
0.0,23560.0,5881.0,5812.0,0.0,11381.0,5120.0,1926.0,4335.0,1937.0,1937.0,1938.0,1944.0,1971.0,1966.0,6509.0,9730.0,7321.0,5120.0,1926.0,4335.0,1937.0,1937.0,1938.0
0.0,17679.0,5855.0,5814.0,1618.0,15628.0,5856.0,3895.0,5877.0,1938.0,1938.0,1938.0,1948.0,1964.0,1943.0,4565.0,7759.0,5355.0,5856.0,3895.0,5877.0,1938.0,1938.0,1938.0
0.0,13442.0,5870.0,5816.0,5540.0,15968.0,4637.0,5853.0,5478.0,1938.0,1939.0,1939.0,1957.0,1953.0,1960.0,3834.0,5795.0,3813.0,4637.0,5853.0,5478.0,1938.0,1939.0,1939.0
0.0,13112.0,5814.0,5818.0,11381.0,10411.0,1450.0,5864.0,3097.0,1938.0,1940.0,1940.0,1933.0,1932.0,1949.0,5053.0,3842.0,4217.0,1450.0,5864.0,3097.0,1938.0,1940.0,1940.0
0.0,18679.0,5833.0,5819.0,14924.0,3918.0,0.0,3918.0,0.0,1938.0,1941.0,1940.0,1946.0,1944.0,1943.0,8240.0,3836.0,6603.0,0.0,3918.0,0.0,1938.0,1941.0,1940.0
0.0,27770.0,5790.0,5820.0,16672.0,0.0,0.0,0.0,0.0,1939.0,1941.0,1940.0,1940.0,1927.0,1923.0,11446.0,5787.0,10537.0,0.0,0.0,0.0,1939.0,1941.0,1940.0
0.0,38652.0,5778.0,5821.0,10411.0,0.0,0.0,0.0,0.0,1939.0,1942.0,1940.0,1932.0,1930.0,1916.0,14847.0,9713.0,14092.0,0.0,0.0,0.0,1939.0,1942.0,1940.0
0.0,43285.0,5816.0,5822.0,3918.0,0.0,0.0,0.0,0.0,1939.0,1942.0,1941.0,1944.0,1927.0,1945.0,14365.0,13647.0,15273.0,0.0,0.0,0.0,1939.0,1942.0,1941.0
0.0,41387.0,5776.0,5824.0,0.0,0.0,0.0,0.0,0.0,1939.0,1943.0,1942.0,1927.0,1926.0,1923.0,12421.0,15638.0,13328.0,0.0,0.0,0.0,1939.0,1943.0,1942.0
0.0,35611.0,5785.0,5826.0,0.0,1375.0,1128.0,0.0,247.0,1940.0,1943.0,1943.0,1922.0,1926.0,1937.0,10494.0,13712.0,11405.0,1128.0,0.0,247.0,1940.0,1943.0,1943.0
0.0,29826.0,5801.0,5826.0,0.0,5250.0,3068.0,0.0,2182.0,1940.0,1943.0,1943.0,1940.0,1926.0,1935.0,8572.0,11786.0,9468.0,3068.0,0.0,2182.0,1940.0,1943.0,1943.0
0.0,24025.0,5811.0,5828.0,0.0,10926.0,4990.0,1800.0,4136.0,1941.0,1943.0,1944.0,1917.0,1945.0,1949.0,6632.0,9860.0,7533.0,4990.0,1800.0,4136.0,1941.0,1943.0,1944.0
0.0,18214.0,5848.0,5830.0,1375.0,15409.0,5811.0,3749.0,5849.0,1941.0,1944.0,1945.0,1949.0,1944.0,1955.0,4715.0,7915.0,5584.0,5811.0,3749.0,5849.0,1941.0,1944.0,1945.0
0.0,13741.0,5866.0,5831.0,5250.0,16030.0,4705.0,5700.0,5625.0,1942.0,1944.0,1945.0,1957.0,1951.0,1958.0,3894.0,5971.0,3876.0,4705.0,5700.0,5625.0,1942.0,1944.0,1945.0
0.0,13125.0,5868.0,5833.0,10926.0,10982.0,1653.0,5866.0,3463.0,1942.0,1945.0,1946.0,1938.0,1961.0,1969.0,5005.0,4020.0,4100.0,1653.0,5866.0,3463.0,1942.0,1945.0,1946.0
0.0,18183.0,5903.0,5834.0,15409.0,4085.0,0.0,4085.0,0.0,1943.0,1945.0,1946.0,1963.0,1968.0,1972.0,8057.0,3859.0,6267.0,0.0,4085.0,0.0,1943.0,1945.0,1946.0
0.0,27689.0,5916.0,5836.0,16030.0,356.0,0.0,356.0,0.0,1944.0,1945.0,1947.0,1975.0,1971.0,1970.0,11905.0,5640.0,10144.0,0.0,356.0,0.0,1944.0,1945.0,1947.0
0.0,37803.0,5951.0,5838.0,10982.0,0.0,0.0,0.0,0.0,1944.0,1946.0,1948.0,1987.0,1971.0,1993.0,14635.0,9369.0,13799.0,0.0,0.0,0.0,1944.0,1946.0,1948.0
0.0,42834.0,5943.0,5839.0,4085.0,0.0,0.0,0.0,0.0,1944.0,1946.0,1949.0,1976.0,1986.0,1981.0,14301.0,13264.0,15269.0,0.0,0.0,0.0,1944.0,1946.0,1949.0
0.0,40976.0,5950.0,5841.0,356.0,0.0,0.0,0.0,0.0,1945.0,1947.0,1949.0,1979.0,1989.0,1982.0,12325.0,15363.0,13288.0,0.0,0.0,0.0,1945.0,1947.0,1949.0
0.0,35382.0,5947.0,5841.0,0.0,1784.0,1364.0,0.0,420.0,1945.0,1947.0,1949.0,1985.0,1981.0,1981.0,10346.0,13730.0,11306.0,1364.0,0.0,420.0,1945.0,1947.0,1949.0
0.0,29435.0,5944.0,5844.0,0.0,5746.0,3335.0,0.0,2411.0,1946.0,1948.0,1950.0,1966.0,1992.0,1986.0,8361.0,11749.0,9325.0,3335.0,0.0,2411.0,1946.0,1948.0,1950.0
0.0,23491.0,5930.0,5845.0,0.0,11664.0,5310.0,1957.0,4397.0,1946.0,1949.0,1950.0,1975.0,1969.0,1986.0,6395.0,9757.0,7339.0,5310.0,1957.0,4397.0,1946.0,1949.0,1950.0
0.0,17561.0,5936.0,5847.0,1784.0,15826.0,5927.0,3936.0,5963.0,1947.0,1949.0,1951.0,1976.0,1979.0,1981.0,4420.0,7788.0,5353.0,5927.0,3936.0,5963.0,1947.0,1949.0,1951.0
0.0,13409.0,5869.0,5848.0,5746.0,15954.0,4546.0,5886.0,5522.0,1947.0,1950.0,1951.0,1954.0,1945.0,1970.0,3808.0,5809.0,3792.0,4546.0,5886.0,5522.0,1947.0,1950.0,1951.0
0.0,13286.0,5898.0,5850.0,11664.0,10198.0,1205.0,5895.0,3098.0,1948.0,1950.0,1952.0,1964.0,1966.0,1968.0,5189.0,3864.0,4233.0,1205.0,5895.0,3098.0,1948.0,1950.0,1952.0
0.0,19052.0,5899.0,5850.0,13723.0,3923.0,0.0,3923.0,0.0,1948.0,1950.0,1952.0,1962.0,1964.0,1973.0,8535.0,3855.0,6662.0,0.0,3923.0,0.0,1948.0,1950.0,1952.0
0.0,26876.0,5867.0,5853.0,16543.0,0.0,0.0,0.0,0.0,1949.0,1951.0,1953.0,1953.0,1944.0,1970.0,10397.0,5827.0,10652.0,0.0,0.0,0.0,1949.0,1951.0,1953.0
0.0,37552.0,5846.0,5853.0,11712.0,0.0,0.0,0.0,0.0,1949.0,1951.0,1953.0,1964.0,1942.0,1940.0,13579.0,9769.0,14204.0,0.0,0.0,0.0,1949.0,1951.0,1953.0
0.0,43418.0,5837.0,5854.0,3923.0,0.0,0.0,0.0,0.0,1950.0,1951.0,1953.0,1960.0,1943.0,1934.0,14334.0,13722.0,15362.0,0.0,0.0,0.0,1950.0,1951.0,1953.0
0.0,41504.0,5826.0,5855.0,0.0,0.0,0.0,0.0,0.0,1950.0,1951.0,1954.0,1954.0,1936.0,1936.0,12374.0,15702.0,13428.0,0.0,0.0,0.0,1950.0,1951.0,1954.0
0.0,35678.0,5860.0,5857.0,0.0,1520.0,1290.0,0.0,230.0,1951.0,1952.0,1954.0,1955.0,1953.0,1952.0,10420.0,13766.0,11492.0,1290.0,0.0,230.0,1951.0,1952.0,1954.0
0.0,29818.0,5845.0,5858.0,0.0,5401.0,3235.0,0.0,2166.0,1951.0,1953.0,1954.0,1945.0,1964.0,1936.0,8465.0,11813.0,9540.0,3235.0,0.0,2166.0,1951.0,1953.0,1954.0
0.0,23973.0,5829.0,5860.0,0.0,11156.0,5193.0,1861.0,4102.0,1952.0,1953.0,1955.0,1953.0,1945.0,1931.0,6520.0,9849.0,7604.0,5193.0,1861.0,4102.0,1952.0,1953.0,1955.0
0.0,18144.0,5845.0,5861.0,1520.0,15486.0,5858.0,3820.0,5808.0,1953.0,1953.0,1955.0,1950.0,1959.0,1936.0,4567.0,7904.0,5673.0,5858.0,3820.0,5808.0,1953.0,1953.0,1955.0
0.0,13819.0,5857.0,5861.0,5401.0,15942.0,4573.0,5770.0,5599.0,1953.0,1953.0,1955.0,1950.0,1950.0,1957.0,3907.0,5945.0,3967.0,4573.0,5770.0,5599.0,1953.0,1953.0,1955.0
0.0,13363.0,5831.0,5863.0,11156.0,10627.0,1329.0,5845.0,3453.0,1954.0,1953.0,1956.0,1944.0,1936.0,1951.0,5192.0,3995.0,4176.0,1329.0,5845.0,3453.0,1954.0,1953.0,1956.0
0.0,18688.0,5876.0,5864.0,15486.0,3983.0,0.0,3983.0,0.0,1954.0,1953.0,1957.0,1948.0,1958.0,1970.0,8441.0,3920.0,6327.0,0.0,3983.0,0.0,1954.0,1953.0,1957.0
0.0,28298.0,5878.0,5867.0,15942.0,186.0,0.0,186.0,0.0,1955.0,1954.0,1958.0,1947.0,1968.0,1963.0,12351.0,5782.0,10165.0,0.0,186.0,0.0,1955.0,1954.0,1958.0
0.0,38362.0,5886.0,5868.0,9147.0,0.0,0.0,0.0,0.0,1955.0,1955.0,1958.0,1965.0,1962.0,1959.0,14977.0,9584.0,13801.0,0.0,0.0,0.0,1955.0,1955.0,1958.0
0.0,41623.0,5901.0,5870.0,3165.0,0.0,0.0,0.0,0.0,1956.0,1955.0,1959.0,1963.0,1969.0,1969.0,14341.0,11987.0,15295.0,0.0,0.0,0.0,1956.0,1955.0,1959.0
0.0,38887.0,5945.0,5871.0,2484.0,0.0,0.0,0.0,0.0,1956.0,1956.0,1959.0,1982.0,1979.0,1984.0,12378.0,13183.0,13326.0,0.0,0.0,0.0,1956.0,1956.0,1959.0
0.0,35426.0,5920.0,5872.0,0.0,1798.0,1364.0,0.0,434.0,1956.0,1956.0,1960.0,1980.0,1964.0,1976.0,10396.0,13688.0,11342.0,1364.0,0.0,434.0,1956.0,1956.0,1960.0
0.0,29506.0,5954.0,5875.0,0.0,5823.0,3352.0,41.0,2430.0,1957.0,1957.0,1961.0,1983.0,1980.0,1991.0,8416.0,11724.0,9366.0,3352.0,41.0,2430.0,1957.0,1957.0,1961.0
0.0,23552.0,5960.0,5876.0,0.0,11788.0,5348.0,2021.0,4419.0,1957.0,1958.0,1961.0,1996.0,1975.0,1989.0,6433.0,9744.0,7375.0,5348.0,2021.0,4419.0,1957.0,1958.0,1961.0
0.0,17592.0,5973.0,5877.0,1798.0,15968.0,5997.0,4000.0,5971.0,1958.0,1958.0,1961.0,2008.0,1979.0,1986.0,4437.0,7769.0,5386.0,5997.0,4000.0,5971.0,1958.0,1958.0,1961.0
0.0,13417.0,5986.0,5880.0,5823.0,16146.0,4648.0,5954.0,5544.0,1959.0,1959.0,1962.0,1998.0,1990.0,1998.0,3793.0,5790.0,3834.0,4648.0,5954.0,5544.0,1959.0,1959.0,1962.0
0.0,13254.0,5945.0,5880.0,11788.0,10303.0,1283.0,5915.0,3105.0,1959.0,1959.0,1962.0,1983.0,1982.0,1980.0,5147.0,3841.0,4266.0,1283.0,5915.0,3105.0,1959.0,1959.0,1962.0
0.0,19097.0,5937.0,5880.0,15968.0,3889.0,0.0,3889.0,0.0,1959.0,1959.0,1962.0,1970.0,1974.0,1993.0,8512.0,3880.0,6705.0,0.0,3889.0,0.0,1959.0,1959.0,1962.0
0.0,29128.0,5946.0,5880.0,16146.0,0.0,0.0,0.0,0.0,1959.0,1959.0,1962.0,1965.0,1985.0,1996.0,12539.0,5906.0,10683.0,0.0,0.0,0.0,1959.0,1959.0,1962.0
0.0,39328.0,5962.0,5883.0,10303.0,0.0,0.0,0.0,0.0,1960.0,1960.0,1963.0,1978.0,1984.0,2000.0,15222.0,9875.0,14231.0,0.0,0.0,0.0,1960.0,1960.0,1963.0
0.0,43669.0,5943.0,5883.0,3889.0,0.0,0.0,0.0,0.0,1960.0,1960.0,1963.0,1975.0,1984.0,1984.0,14527.0,13806.0,15336.0,0.0,0.0,0.0,1960.0,1960.0,1963.0
0.0,41615.0,5902.0,5883.0,0.0,0.0,0.0,0.0,0.0,1960.0,1960.0,1963.0,1956.0,1977.0,1969.0,12552.0,15711.0,13352.0,0.0,0.0,0.0,1960.0,1960.0,1963.0
0.0,35713.0,5933.0,5885.0,0.0,1592.0,1182.0,0.0,410.0,1961.0,1960.0,1964.0,1973.0,1987.0,1973.0,10596.0,13734.0,11383.0,1182.0,0.0,410.0,1961.0,1960.0,1964.0
0.0,29780.0,5932.0,5886.0,0.0,5582.0,3166.0,53.0,2363.0,1961.0,1961.0,1964.0,1984.0,1995.0,1953.0,8623.0,11747.0,9410.0,3166.0,53.0,2363.0,1961.0,1961.0,1964.0
0.0,23848.0,5887.0,5888.0,0.0,11479.0,5145.0,2014.0,4320.0,1962.0,1962.0,1964.0,1974.0,1956.0,1957.0,6639.0,9752.0,7457.0,5145.0,2014.0,4320.0,1962.0,1962.0,1964.0
0.0,17961.0,5908.0,5889.0,1592.0,15800.0,5941.0,3994.0,5865.0,1963.0,1962.0,1964.0,1973.0,1980.0,1955.0,4665.0,7796.0,5500.0,5941.0,3994.0,5865.0,1963.0,1962.0,1964.0
0.0,13645.0,5892.0,5891.0,5582.0,16120.0,4735.0,5928.0,5457.0,1963.0,1963.0,1965.0,1960.0,1982.0,1950.0,3874.0,5816.0,3955.0,4735.0,5928.0,5457.0,1963.0,1963.0,1965.0
0.0,13335.0,5913.0,5894.0,11479.0,10569.0,1567.0,5891.0,3111.0,1964.0,1964.0,1966.0,1972.0,1972.0,1969.0,5080.0,3887.0,4368.0,1567.0,5891.0,3111.0,1964.0,1964.0,1966.0
0.0,18901.0,5892.0,5895.0,15800.0,3867.0,0.0,3867.0,0.0,1964.0,1965.0,1966.0,1955.0,1965.0,1972.0,8253.0,3929.0,6719.0,0.0,3867.0,0.0,1964.0,1965.0,1966.0
0.0,28809.0,5864.0,5896.0,16120.0,0.0,0.0,0.0,0.0,1964.0,1965.0,1967.0,1953.0,1949.0,1962.0,12239.0,5958.0,10612.0,0.0,0.0,0.0,1964.0,1965.0,1967.0
0.0,39065.0,5887.0,5899.0,10569.0,0.0,0.0,0.0,0.0,1965.0,1966.0,1968.0,1966.0,1952.0,1969.0,15021.0,9937.0,14107.0,0.0,0.0,0.0,1965.0,1966.0,1968.0
0.0,43747.0,5872.0,5900.0,3867.0,0.0,0.0,0.0,0.0,1965.0,1967.0,1968.0,1947.0,1964.0,1961.0,14622.0,13876.0,15249.0,0.0,0.0,0.0,1965.0,1967.0,1968.0
0.0,41742.0,5869.0,5901.0,0.0,0.0,0.0,0.0,0.0,1966.0,1967.0,1968.0,1957.0,1948.0,1964.0,12675.0,15779.0,13288.0,0.0,0.0,0.0,1966.0,1967.0,1968.0
0.0,35873.0,5928.0,5903.0,0.0,1602.0,1081.0,0.0,521.0,1967.0,1967.0,1969.0,1964.0,1964.0,2000.0,10718.0,13831.0,11324.0,1081.0,0.0,521.0,1967.0,1967.0,1969.0
0.0,29945.0,5944.0,5905.0,0.0,5575.0,3056.0,0.0,2519.0,1967.0,1968.0,1970.0,1975.0,1976.0,1993.0,8754.0,11867.0,9324.0,3056.0,0.0,2519.0,1967.0,1968.0,1970.0
0.0,24001.0,5945.0,5906.0,0.0,11474.0,5055.0,1924.0,4495.0,1968.0,1968.0,1970.0,1994.0,1975.0,1976.0,6779.0,9891.0,7331.0,5055.0,1924.0,4495.0,1968.0,1968.0,1970.0
0.0,18056.0,5967.0,5907.0,1602.0,15844.0,5963.0,3906.0,5975.0,1968.0,1968.0,1971.0,1989.0,1982.0,1996.0,4785.0,7916.0,5355.0,5963.0,3906.0,5975.0,1968.0,1968.0,1971.0
0.0,13691.0,5978.0,5908.0,5575.0,16252.0,4913.0,5892.0,5447.0,1969.0,1968.0,1971.0,2001.0,1986.0,1991.0,3877.0,5934.0,3880.0,4913.0,5892.0,5447.0,1969.0,1968.0,1971.0
0.0,13288.0,5987.0,5909.0,11474.0,10770.0,1859.0,5963.0,2948.0,1969.0,1969.0,1971.0,2001.0,1990.0,1996.0,4932.0,3948.0,4408.0,1859.0,5963.0,2948.0,1969.0,1969.0,1971.0
0.0,18775.0,5997.0,5910.0,15844.0,4076.0,0.0,4076.0,0.0,1970.0,1969.0,1971.0,1990.0,2019.0,1988.0,7986.0,3882.0,6907.0,0.0,4076.0,0.0,1970.0,1969.0,1971.0
0.0,28622.0,6035.0,5912.0,13696.0,206.0,0.0,206.0,0.0,1970.0,1970.0,1972.0,2015.0,2017.0,2003.0,11959.0,5769.0,10894.0,0.0,206.0,0.0,1970.0,1970.0,1972.0
0.0,36283.0,6028.0,5914.0,13326.0,0.0,0.0,0.0,0.0,1971.0,1971.0,1972.0,2009.0,2017.0,2002.0,12301.0,9644.0,14338.0,0.0,0.0,0.0,1971.0,1971.0,1972.0
0.0,43581.0,5994.0,5915.0,4076.0,0.0,0.0,0.0,0.0,1972.0,1971.0,1972.0,2010.0,2008.0,1976.0,14707.0,13590.0,15284.0,0.0,0.0,0.0,1972.0,1971.0,1972.0
0.0,41663.0,5986.0,5916.0,206.0,0.0,0.0,0.0,0.0,1972.0,1972.0,1972.0,1985.0,2008.0,1993.0,12697.0,15658.0,13308.0,0.0,0.0,0.0,1972.0,1972.0,1972.0
0.0,35883.0,5989.0,5916.0,0.0,1668.0,1140.0,0.0,528.0,1972.0,1972.0,1972.0,1992.0,2014.0,1983.0,10712.0,13856.0,11315.0,1140.0,0.0,528.0,1972.0,1972.0,1972.0
0.0,29894.0,6022.0,5920.0,0.0,5728.0,3150.0,35.0,2543.0,1973.0,1974.0,1973.0,2005.0,2007.0,2010.0,8720.0,11842.0,9332.0,3150.0,35.0,2543.0,1973.0,1974.0,1973.0
0.0,23872.0,5993.0,5921.0,0.0,11726.0,5161.0,2020.0,4545.0,1974.0,1974.0,1973.0,2006.0,1985.0,2002.0,6715.0,9835.0,7322.0,5161.0,2020.0,4545.0,1974.0,1974.0,1973.0
0.0,17879.0,5959.0,5922.0,1668.0,16022.0,6008.0,4008.0,6006.0,1974.0,1974.0,1974.0,1987.0,1988.0,1984.0,4709.0,7850.0,5320.0,6008.0,4008.0,6006.0,1974.0,1974.0,1974.0
0.0,13588.0,5935.0,5924.0,5728.0,16239.0,4852.0,5958.0,5429.0,1975.0,1975.0,1974.0,1989.0,1980.0,1966.0,3862.0,5862.0,3864.0,4852.0,5958.0,5429.0,1975.0,1975.0,1974.0
0.0,13381.0,5923.0,5924.0,11726.0,10436.0,1669.0,5901.0,2866.0,1975.0,1975.0,1974.0,1978.0,1963.0,1982.0,5023.0,3917.0,4441.0,1669.0,5901.0,2866.0,1975.0,1975.0,1974.0
0.0,19184.0,5942.0,5927.0,16022.0,3869.0,0.0,3869.0,0.0,1976.0,1976.0,1975.0,1985.0,1971.0,1986.0,8206.0,3974.0,7004.0,0.0,3869.0,0.0,1976.0,1976.0,1975.0
0.0,29264.0,5916.0,5929.0,16239.0,0.0,0.0,0.0,0.0,1976.0,1977.0,1976.0,1978.0,1969.0,1969.0,12229.0,6011.0,11024.0,0.0,0.0,0.0,1976.0,1977.0,1976.0
0.0,39587.0,5929.0,5930.0,8000.0,0.0,0.0,0.0,0.0,1977.0,1977.0,1976.0,1992.0,1961.0,1976.0,15103.0,10000.0,14484.0,0.0,0.0,0.0,1977.0,1977.0,1976.0
0.0,41658.0,5909.0,5931.0,4002.0,0.0,0.0,0.0,0.0,1977.0,1977.0,1977.0,1975.0,1959.0,1975.0,14780.0,11504.0,15374.0,0.0,0.0,0.0,1977.0,1977.0,1977.0
0.0,39751.0,5934.0,5933.0,2303.0,0.0,0.0,0.0,0.0,1978.0,1977.0,1978.0,1973.0,1984.0,1977.0,12805.0,13547.0,13399.0,0.0,0.0,0.0,1978.0,1977.0,1978.0
0.0,36120.0,5923.0,5935.0,0.0,1485.0,1035.0,0.0,450.0,1978.0,1978.0,1979.0,1977.0,1969.0,1977.0,10832.0,13866.0,11422.0,1035.0,0.0,450.0,1978.0,1978.0,1979.0
0.0,30197.0,5930.0,5936.0,0.0,5445.0,3006.0,0.0,2439.0,1979.0,1978.0,1979.0,1966.0,1975.0,1989.0,8855.0,11897.0,9445.0,3006.0,0.0,2439.0,1979.0,1978.0,1979.0
0.0,24267.0,5945.0,5938.0,0.0,11368.0,4983.0,1950.0,4435.0,1979.0,1979.0,1980.0,1977.0,1977.0,1991.0,6889.0,9922.0,7456.0,4983.0,1950.0,4435.0,1979.0,1979.0,1980.0
0.0,18322.0,5938.0,5940.0,1485.0,15831.0,5922.0,3928.0,5981.0,1980.0,1979.0,1981.0,1969.0,1978.0,1991.0,4912.0,7945.0,5465.0,5922.0,3928.0,5981.0,1980.0,1979.0,1981.0
0.0,13869.0,5975.0,5941.0,5445.0,16366.0,4899.0,5933.0,5534.0,1980.0,1980.0,1981.0,1983.0,2000.0,1992.0,3978.0,5967.0,3924.0,4899.0,5933.0,5534.0,1980.0,1980.0,1981.0
0.0,13339.0,5970.0,5944.0,11368.0,10983.0,1895.0,5991.0,3097.0,1981.0,1981.0,1982.0,1974.0,2003.0,1993.0,5001.0,3967.0,4371.0,1895.0,5991.0,3097.0,1981.0,1981.0,1982.0
0.0,18737.0,5977.0,5944.0,14748.0,4057.0,0.0,4057.0,0.0,1981.0,1981.0,1982.0,1992.0,1994.0,1991.0,8010.0,3914.0,6813.0,0.0,4057.0,0.0,1981.0,1981.0,1982.0
0.0,27508.0,5968.0,5945.0,15818.0,131.0,0.0,131.0,0.0,1981.0,1982.0,1982.0,1988.0,2002.0,1978.0,10857.0,5848.0,10803.0,0.0,131.0,0.0,1981.0,1982.0,1982.0
0.0,37358.0,6011.0,5947.0,12614.0,0.0,0.0,0.0,0.0,1982.0,1982.0,1983.0,2001.0,2000.0,2010.0,13220.0,9779.0,14359.0,0.0,0.0,0.0,1982.0,1982.0,1983.0
0.0,43961.0,6004.0,5948.0,4057.0,0.0,0.0,0.0,0.0,1982.0,1983.0,1983.0,2008.0,2001.0,1995.0,14745.0,13770.0,15446.0,0.0,0.0,0.0,1982.0,1983.0,1983.0
0.0,42014.0,6061.0,5949.0,131.0,0.0,0.0,0.0,0.0,1983.0,1983.0,1983.0,2034.0,2013.0,2014.0,12737.0,15826.0,13451.0,0.0,0.0,0.0,1983.0,1983.0,1983.0
0.0,36084.0,6023.0,5951.0,0.0,1717.0,1220.0,0.0,497.0,1983.0,1984.0,1984.0,2008.0,2001.0,2014.0,10703.0,13944.0,11437.0,1220.0,0.0,497.0,1983.0,1984.0,1984.0
0.0,30061.0,6042.0,5952.0,0.0,5762.0,3257.0,0.0,2505.0,1984.0,1984.0,1984.0,2032.0,2002.0,2008.0,8695.0,11943.0,9423.0,3257.0,0.0,2505.0,1984.0,1984.0,1984.0
0.0,24019.0,6020.0,5953.0,0.0,11766.0,5274.0,1991.0,4501.0,1984.0,1985.0,1984.0,2017.0,2007.0,1996.0,6663.0,9941.0,7415.0,5274.0,1991.0,4501.0,1984.0,1985.0,1984.0
0.0,17999.0,6018.0,5955.0,1717.0,16077.0,6070.0,3992.0,6015.0,1985.0,1985.0,1985.0,2011.0,2001.0,2006.0,4646.0,7934.0,5419.0,6070.0,3992.0,6015.0,1985.0,1985.0,1985.0
0.0,13698.0,6002.0,5957.0,5762.0,16327.0,4814.0,6002.0,5511.0,1986.0,1986.0,1985.0,1996.0,2005.0,2001.0,3855.0,5933.0,3910.0,4814.0,6002.0,5511.0,1986.0,1986.0,1985.0
0.0,13458.0,6008.0,5957.0,11766.0,10569.0,1547.0,6020.0,3002.0,1986.0,1986.0,1985.0,2007.0,2009.0,1992.0,5116.0,3928.0,4414.0,1547.0,6020.0,3002.0,1986.0,1986.0,1985.0
0.0,19216.0,6009.0,5958.0,16077.0,4032.0,0.0,4032.0,0.0,1987.0,1986.0,1985.0,2015.0,2004.0,1990.0,8383.0,3910.0,6923.0,0.0,4032.0,0.0,1987.0,1986.0,1985.0
0.0,29284.0,6030.0,5960.0,16327.0,50.0,0.0,50.0,0.0,1988.0,1987.0,1985.0,2007.0,2015.0,2008.0,12438.0,5898.0,10948.0,0.0,50.0,0.0,1988.0,1987.0,1985.0
0.0,39581.0,6004.0,5961.0,10569.0,0.0,0.0,0.0,0.0,1988.0,1987.0,1986.0,2002.0,2000.0,2002.0,15245.0,9885.0,14451.0,0.0,0.0,0.0,1988.0,1987.0,1986.0
0.0,44146.0,5994.0,5963.0,4032.0,0.0,0.0,0.0,0.0,1989.0,1987.0,1987.0,2000.0,2002.0,1992.0,14790.0,13905.0,15451.0,0.0,0.0,0.0,1989.0,1987.0,1987.0
0.0,42184.0,6003.0,5964.0,50.0,0.0,0.0,0.0,0.0,1989.0,1988.0,1987.0,2005.0,2009.0,1989.0,12790.0,15935.0,13459.0,0.0,0.0,0.0,1989.0,1988.0,1987.0
0.0,36231.0,5984.0,5967.0,0.0,1636.0,1164.0,0.0,472.0,1990.0,1989.0,1988.0,1999.0,1983.0,2002.0,10785.0,13976.0,11470.0,1164.0,0.0,472.0,1990.0,1989.0,1988.0
0.0,30247.0,5966.0,5968.0,0.0,5622.0,3157.0,0.0,2465.0,1990.0,1989.0,1989.0,1993.0,1985.0,1988.0,8786.0,11993.0,9468.0,3157.0,0.0,2465.0,1990.0,1989.0,1989.0
0.0,24281.0,5986.0,5970.0,0.0,11555.0,5160.0,1927.0,4468.0,1991.0,1989.0,1990.0,1998.0,1990.0,1998.0,6793.0,10008.0,7480.0,5160.0,1927.0,4468.0,1991.0,1989.0,1990.0
0.0,18295.0,5981.0,5972.0,1636.0,15910.0,5984.0,3927.0,5999.0,1992.0,1990.0,1990.0,1983.0,1995.0,2003.0,4795.0,8018.0,5482.0,5984.0,3927.0,5999.0,1992.0,1990.0,1990.0
0.0,13950.0,5980.0,5973.0,5622.0,16273.0,4817.0,5923.0,5533.0,1992.0,1990.0,1991.0,1990.0,1996.0,1994.0,3976.0,6023.0,3951.0,4817.0,5923.0,5533.0,1992.0,1990.0,1991.0
0.0,13592.0,5974.0,5975.0,11555.0,10702.0,1661.0,5980.0,3061.0,1993.0,1991.0,1991.0,1999.0,1979.0,1996.0,5143.0,4027.0,4422.0,1661.0,5980.0,3061.0,1993.0,1991.0,1991.0
0.0,19173.0,5976.0,5977.0,15060.0,4042.0,0.0,4042.0,0.0,1994.0,1991.0,1992.0,1989.0,1989.0,1998.0,8304.0,3975.0,6894.0,0.0,4042.0,0.0,1994.0,1991.0,1992.0
0.0,28257.0,5963.0,5979.0,17123.0,108.0,0.0,108.0,0.0,1994.0,1992.0,1993.0,1978.0,1984.0,2001.0,11449.0,5913.0,10895.0,0.0,108.0,0.0,1994.0,1992.0,1993.0
0.0,39417.0,5971.0,5979.0,10702.0,0.0,0.0,0.0,0.0,1994.0,1992.0,1993.0,1986.0,1980.0,2005.0,15138.0,9852.0,14427.0,0.0,0.0,0.0,1994.0,1992.0,1993.0
0.0,44148.0,5975.0,5981.0,4042.0,0.0,0.0,0.0,0.0,1995.0,1993.0,1993.0,2005.0,1989.0,1981.0,14813.0,13852.0,15483.0,0.0,0.0,0.0,1995.0,1993.0,1993.0
0.0,42215.0,6006.0,5981.0,108.0,0.0,0.0,0.0,0.0,1995.0,1993.0,1993.0,1997.0,1996.0,2013.0,12808.0,15905.0,13502.0,0.0,0.0,0.0,1995.0,1993.0,1993.0
0.0,36317.0,6031.0,5983.0,0.0,1689.0,1199.0,0.0,490.0,1996.0,1993.0,1994.0,2030.0,1992.0,2009.0,10811.0,14017.0,11489.0,1199.0,0.0,490.0,1996.0,1993.0,1994.0
0.0,30286.0,6038.0,5984.0,0.0,5716.0,3218.0,0.0,2498.0,1996.0,1994.0,1994.0,2019.0,2011.0,2008.0,8781.0,12025.0,9480.0,3218.0,0.0,2498.0,1996.0,1994.0,1994.0
0.0,24248.0,6025.0,5985.0,0.0,11702.0,5251.0,1947.0,4504.0,1997.0,1994.0,1994.0,2028.0,1991.0,2006.0,6762.0,10014.0,7472.0,5251.0,1947.0,4504.0,1997.0,1994.0,1994.0
0.0,18223.0,6072.0,5987.0,1689.0,16095.0,6090.0,3966.0,6039.0,1998.0,1994.0,1995.0,2033.0,2019.0,2020.0,4734.0,8023.0,5466.0,6090.0,3966.0,6039.0,1998.0,1994.0,1995.0
0.0,13840.0,6095.0,5987.0,5716.0,16474.0,4931.0,5998.0,5545.0,1998.0,1994.0,1995.0,2059.0,2032.0,2004.0,3900.0,6004.0,3936.0,4931.0,5998.0,5545.0,1998.0,1994.0,1995.0
0.0,13461.0,6066.0,5988.0,11702.0,10843.0,1711.0,6081.0,3051.0,1999.0,1994.0,1995.0,2026.0,2030.0,2010.0,5059.0,3972.0,4430.0,1711.0,6081.0,3051.0,1999.0,1994.0,1995.0
0.0,19097.0,6068.0,5990.0,16095.0,4146.0,0.0,4146.0,0.0,1999.0,1995.0,1996.0,2018.0,2026.0,2024.0,8284.0,3889.0,6924.0,0.0,4146.0,0.0,1999.0,1995.0,1996.0
0.0,29124.0,6052.0,5991.0,16474.0,168.0,0.0,168.0,0.0,2000.0,1995.0,1996.0,2015.0,2020.0,2017.0,12356.0,5829.0,10939.0,0.0,168.0,0.0,2000.0,1995.0,1996.0
0.0,39546.0,6080.0,5992.0,8363.0,0.0,0.0,0.0,0.0,2000.0,1995.0,1997.0,2021.0,2027.0,2032.0,15272.0,9807.0,14467.0,0.0,0.0,0.0,2000.0,1995.0,1997.0
0.0,41829.0,6066.0,5993.0,3968.0,0.0,0.0,0.0,0.0,2000.0,1996.0,1997.0,2027.0,2025.0,2014.0,14962.0,11381.0,15486.0,0.0,0.0,0.0,2000.0,1996.0,1997.0
0.0,39731.0,6036.0,5994.0,2826.0,0.0,0.0,0.0,0.0,2000.0,1996.0,1998.0,2001.0,2010.0,2025.0,12935.0,13324.0,13472.0,0.0,0.0,0.0,2000.0,1996.0,1998.0
0.0,36521.0,6058.0,5997.0,0.0,1655.0,1078.0,0.0,577.0,2001.0,1997.0,1999.0,2007.0,2022.0,2029.0,10934.0,14140.0,11447.0,1078.0,0.0,577.0,2001.0,1997.0,1999.0
0.0,30463.0,6038.0,5997.0,0.0,5674.0,3087.0,0.0,2587.0,2001.0,1997.0,1999.0,2009.0,2019.0,2010.0,8927.0,12118.0,9418.0,3087.0,0.0,2587.0,2001.0,1997.0,1999.0
0.0,24425.0,6019.0,6000.0,0.0,11594.0,5100.0,1892.0,4602.0,2002.0,1998.0,2000.0,2008.0,2001.0,2010.0,6918.0,10099.0,7408.0,5100.0,1892.0,4602.0,2002.0,1998.0,2000.0
0.0,18406.0,6057.0,6002.0,1655.0,16006.0,6046.0,3898.0,6062.0,2002.0,1999.0,2001.0,2024.0,2001.0,2032.0,4910.0,8098.0,5398.0,6046.0,3898.0,6062.0,2002.0,1999.0,2001.0
0.0,14004.0,6018.0,6003.0,5674.0,16355.0,4981.0,5900.0,5474.0,2003.0,1999.0,2001.0,2017.0,2002.0,1999.0,3964.0,6097.0,3943.0,4981.0,5900.0,5474.0,2003.0,1999.0,2001.0
0.0,13660.0,6043.0,6006.0,11594.0,10819.0,1905.0,6014.0,2900.0,2004.0,2000.0,2002.0,2019.0,2001.0,2023.0,5034.0,4095.0,4531.0,1905.0,6014.0,2900.0,2004.0,2000.0,2002.0
0.0,19211.0,5995.0,6007.0,14896.0,4094.0,0.0,4094.0,0.0,2004.0,2000.0,2003.0,1998.0,1978.0,2019.0,8115.0,3986.0,7110.0,0.0,4094.0,0.0,2004.0,2000.0,2003.0
0.0,28112.0,5997.0,6009.0,15835.0,195.0,0.0,195.0,0.0,2004.0,2001.0,2004.0,1988.0,1996.0,2013.0,11053.0,5906.0,11153.0,0.0,195.0,0.0,2004.0,2001.0,2004.0
0.0,37950.0,5992.0,6010.0,12449.0,0.0,0.0,0.0,0.0,2005.0,2001.0,2004.0,1994.0,1991.0,2007.0,13526.0,9810.0,14614.0,0.0,0.0,0.0,2005.0,2001.0,2004.0
0.0,44407.0,5976.0,6011.0,4094.0,0.0,0.0,0.0,0.0,2005.0,2001.0,2005.0,1985.0,1993.0,1998.0,15067.0,13833.0,15507.0,0.0,0.0,0.0,2005.0,2001.0,2005.0
0.0,42525.0,6019.0,6013.0,195.0,0.0,0.0,0.0,0.0,2006.0,2002.0,2005.0,1994.0,2016.0,2009.0,13082.0,15934.0,13509.0,0.0,0.0,0.0,2006.0,2002.0,2005.0
0.0,36701.0,6008.0,6014.0,0.0,1472.0,946.0,0.0,526.0,2006.0,2003.0,2005.0,2004.0,2003.0,2001.0,11088.0,14113.0,11500.0,946.0,0.0,526.0,2006.0,2003.0,2005.0
0.0,30693.0,5974.0,6014.0,0.0,5455.0,2927.0,0.0,2528.0,2006.0,2003.0,2005.0,1981.0,1991.0,2002.0,9084.0,12110.0,9499.0,2927.0,0.0,2528.0,2006.0,2003.0,2005.0
0.0,24719.0,6056.0,6016.0,0.0,11417.0,4946.0,1921.0,4550.0,2007.0,2003.0,2006.0,2014.0,2025.0,2017.0,7103.0,10119.0,7497.0,4946.0,1921.0,4550.0,2007.0,2003.0,2006.0
0.0,18663.0,6089.0,6018.0,1472.0,16044.0,6041.0,3943.0,6060.0,2008.0,2003.0,2007.0,2036.0,2022.0,2031.0,5089.0,8094.0,5480.0,6041.0,3943.0,6060.0,2008.0,2003.0,2007.0
0.0,14046.0,6074.0,6020.0,5455.0,16673.0,5128.0,5977.0,5568.0,2008.0,2004.0,2008.0,2014.0,2029.0,2031.0,3999.0,6072.0,3975.0,5128.0,5977.0,5568.0,2008.0,2004.0,2008.0
0.0,13427.0,6092.0,6021.0,11417.0,11353.0,2223.0,6081.0,3049.0,2009.0,2004.0,2008.0,2036.0,2025.0,2031.0,4912.0,4043.0,4472.0,2223.0,6081.0,3049.0,2009.0,2004.0,2008.0
0.0,18752.0,6088.0,6023.0,16044.0,4181.0,0.0,4181.0,0.0,2009.0,2005.0,2009.0,2028.0,2038.0,2022.0,7822.0,3939.0,6991.0,0.0,4181.0,0.0,2009.0,2005.0,2009.0
0.0,28708.0,6107.0,6024.0,16673.0,260.0,0.0,260.0,0.0,2009.0,2006.0,2009.0,2033.0,2051.0,2023.0,11835.0,5844.0,11029.0,0.0,260.0,0.0,2009.0,2006.0,2009.0
0.0,39274.0,6127.0,6026.0,11353.0,0.0,0.0,0.0,0.0,2010.0,2007.0,2009.0,2042.0,2048.0,2037.0,14930.0,9770.0,14574.0,0.0,0.0,0.0,2010.0,2007.0,2009.0
0.0,44500.0,6115.0,6026.0,4181.0,0.0,0.0,0.0,0.0,2010.0,2007.0,2009.0,2055.0,2036.0,2024.0,15111.0,13803.0,15586.0,0.0,0.0,0.0,2010.0,2007.0,2009.0
0.0,42566.0,6119.0,6029.0,260.0,0.0,0.0,0.0,0.0,2011.0,2008.0,2010.0,2050.0,2033.0,2036.0,13056.0,15948.0,13562.0,0.0,0.0,0.0,2011.0,2008.0,2010.0
0.0,36707.0,6116.0,6031.0,0.0,1653.0,1081.0,0.0,572.0,2011.0,2009.0,2011.0,2032.0,2041.0,2043.0,11006.0,14175.0,11526.0,1081.0,0.0,572.0,2011.0,2009.0,2011.0
0.0,30591.0,6100.0,6032.0,0.0,5723.0,3122.0,0.0,2601.0,2012.0,2009.0,2011.0,2036.0,2035.0,2029.0,8974.0,12134.0,9483.0,3122.0,0.0,2601.0,2012.0,2009.0,2011.0
0.0,24491.0,6087.0,6035.0,0.0,11771.0,5121.0,1989.0,4661.0,2012.0,2010.0,2013.0,1999.0,2038.0,2050.0,6938.0,10099.0,7454.0,5121.0,1989.0,4661.0,2012.0,2010.0,2013.0
0.0,18404.0,6082.0,6036.0,1653.0,16205.0,6059.0,4008.0,6138.0,2012.0,2010.0,2014.0,2019.0,2019.0,2044.0,4939.0,8061.0,5404.0,6059.0,4008.0,6138.0,2012.0,2010.0,2014.0
0.0,13975.0,6086.0,6036.0,5723.0,16568.0,4957.0,6030.0,5581.0,2012.0,2010.0,2014.0,2020.0,2022.0,2044.0,4001.0,6042.0,3932.0,4957.0,6030.0,5581.0,2012.0,2010.0,2014.0
0.0,13612.0,6076.0,6039.0,11771.0,10888.0,1869.0,6064.0,2955.0,2013.0,2011.0,2015.0,2028.0,2018.0,2030.0,5103.0,4020.0,4489.0,1869.0,6064.0,2955.0,2013.0,2011.0,2015.0
0.0,19307.0,6062.0,6040.0,16205.0,4073.0,0.0,4073.0,0.0,2013.0,2011.0,2016.0,2016.0,2017.0,2029.0,8196.0,3991.0,7120.0,0.0,4073.0,0.0,2013.0,2011.0,2016.0
0.0,29450.0,6058.0,6040.0,16568.0,57.0,0.0,57.0,0.0,2013.0,2011.0,2016.0,2015.0,2014.0,2029.0,12239.0,5982.0,11229.0,0.0,57.0,0.0,2013.0,2011.0,2016.0
0.0,39960.0,6056.0,6043.0,10888.0,0.0,0.0,0.0,0.0,2014.0,2012.0,2017.0,2013.0,2020.0,2023.0,15181.0,9998.0,14781.0,0.0,0.0,0.0,2014.0,2012.0,2017.0
0.0,44792.0,6066.0,6044.0,4073.0,0.0,0.0,0.0,0.0,2014.0,2013.0,2017.0,2024.0,2027.0,2015.0,15037.0,14042.0,15713.0,0.0,0.0,0.0,2014.0,2013.0,2017.0
0.0,42799.0,6046.0,6046.0,57.0,0.0,0.0,0.0,0.0,2015.0,2013.0,2018.0,2018.0,2012.0,2016.0,13013.0,16088.0,13698.0,0.0,0.0,0.0,2015.0,2013.0,2018.0
0.0,36810.0,6047.0,6047.0,0.0,1509.0,1087.0,0.0,422.0,2015.0,2014.0,2018.0,2007.0,2026.0,2014.0,10995.0,14133.0,11682.0,1087.0,0.0,422.0,2015.0,2014.0,2018.0
0.0,30763.0,6037.0,6048.0,0.0,5539.0,3107.0,0.0,2432.0,2016.0,2014.0,2018.0,2015.0,2012.0,2010.0,8988.0,12107.0,9668.0,3107.0,0.0,2432.0,2016.0,2014.0,2018.0
0.0,24726.0,6044.0,6049.0,0.0,11563.0,5110.0,2011.0,4442.0,2016.0,2015.0,2018.0,2003.0,2031.0,2010.0,6973.0,10095.0,7658.0,5110.0,2011.0,4442.0,2016.0,2015.0,2018.0
0.0,18682.0,6034.0,6051.0,1509.0,16098.0,6022.0,4039.0,6037.0,2016.0,2016.0,2019.0,1999.0,2023.0,2012.0,4970.0,8064.0,5648.0,6022.0,4039.0,6037.0,2016.0,2016.0,2019.0
0.0,14157.0,6032.0,6051.0,5539.0,16591.0,4916.0,6051.0,5624.0,2016.0,2016.0,2019.0,2001.0,2012.0,2019.0,4058.0,6041.0,4058.0,4916.0,6051.0,5624.0,2016.0,2016.0,2019.0
0.0,13664.0,6013.0,6052.0,11563.0,11046.0,1800.0,6049.0,3197.0,2016.0,2017.0,2019.0,1994.0,2004.0,2015.0,5164.0,4029.0,4471.0,1800.0,6049.0,3197.0,2016.0,2017.0,2019.0
0.0,19214.0,6051.0,6054.0,16098.0,4029.0,0.0,4029.0,0.0,2017.0,2017.0,2020.0,2021.0,2019.0,2011.0,8280.0,4036.0,6898.0,0.0,4029.0,0.0,2017.0,2017.0,2020.0
0.0,29261.0,6098.0,6055.0,16591.0,18.0,0.0,18.0,0.0,2017.0,2018.0,2020.0,2035.0,2035.0,2028.0,12281.0,6056.0,10924.0,0.0,18.0,0.0,2017.0,2018.0,2020.0
0.0,39754.0,6095.0,6057.0,9541.0,0.0,0.0,0.0,0.0,2018.0,2018.0,2021.0,2042.0,2016.0,2037.0,15162.0,10072.0,14520.0,0.0,0.0,0.0,2018.0,2018.0,2021.0
0.0,43200.0,6134.0,6059.0,3115.0,0.0,0.0,0.0,0.0,2019.0,2019.0,2021.0,2069.0,2031.0,2034.0,14920.0,12600.0,15680.0,0.0,0.0,0.0,2019.0,2019.0,2021.0
0.0,40181.0,6112.0,6060.0,2437.0,0.0,0.0,0.0,0.0,2019.0,2019.0,2022.0,2048.0,2030.0,2034.0,12851.0,13684.0,13646.0,0.0,0.0,0.0,2019.0,2019.0,2022.0
0.0,36506.0,6109.0,6061.0,0.0,1863.0,1334.0,0.0,529.0,2019.0,2020.0,2022.0,2042.0,2036.0,2031.0,10803.0,14091.0,11612.0,1334.0,0.0,529.0,2019.0,2020.0,2022.0
0.0,30397.0,6170.0,6062.0,0.0,6083.0,3404.0,90.0,2589.0,2019.0,2020.0,2023.0,2070.0,2045.0,2055.0,8761.0,12055.0,9581.0,3404.0,90.0,2589.0,2019.0,2020.0,2023.0
0.0,24227.0,6141.0,6063.0,0.0,12229.0,5474.0,2132.0,4623.0,2020.0,2020.0,2023.0,2065.0,2042.0,2034.0,6691.0,10010.0,7526.0,5474.0,2132.0,4623.0,2020.0,2020.0,2023.0
0.0,18086.0,6169.0,6066.0,1863.0,16550.0,6185.0,4192.0,6173.0,2021.0,2021.0,2024.0,2040.0,2055.0,2074.0,4626.0,7968.0,5492.0,6185.0,4192.0,6173.0,2021.0,2021.0,2024.0
0.0,13780.0,6157.0,6068.0,6083.0,16634.0,4823.0,6163.0,5648.0,2021.0,2022.0,2025.0,2042.0,2056.0,2059.0,3920.0,5913.0,3947.0,4823.0,6163.0,5648.0,2021.0,2022.0,2025.0
0.0,13706.0,6125.0,6068.0,12229.0,10530.0,1384.0,6078.0,3068.0,2021.0,2022.0,2025.0,2035.0,2047.0,2043.0,5282.0,3947.0,4477.0,1384.0,6078.0,3068.0,2021.0,2022.0,2025.0
0.0,19810.0,6168.0,6071.0,16550.0,3957.0,0.0,3957.0,0.0,2022.0,2023.0,2026.0,2041.0,2066.0,2061.0,8721.0,4032.0,7057.0,0.0,3957.0,0.0,2022.0,2023.0,2026.0
0.0,30192.0,6125.0,6072.0,13882.0,0.0,0.0,0.0,0.0,2022.0,2023.0,2027.0,2032.0,2051.0,2042.0,12865.0,6158.0,11169.0,0.0,0.0,0.0,2022.0,2023.0,2027.0
0.0,37949.0,6128.0,6074.0,13282.0,0.0,0.0,0.0,0.0,2023.0,2024.0,2027.0,2041.0,2039.0,2048.0,12904.0,10270.0,14775.0,0.0,0.0,0.0,2023.0,2024.0,2027.0
0.0,45103.0,6147.0,6077.0,3957.0,0.0,0.0,0.0,0.0,2024.0,2025.0,2028.0,2044.0,2056.0,2047.0,14999.0,14309.0,15795.0,0.0,0.0,0.0,2024.0,2025.0,2028.0
0.0,42913.0,6153.0,6077.0,0.0,0.0,0.0,0.0,0.0,2024.0,2025.0,2028.0,2053.0,2051.0,2049.0,12955.0,16210.0,13748.0,0.0,0.0,0.0,2024.0,2025.0,2028.0
0.0,36760.0,6109.0,6080.0,0.0,1741.0,1254.0,0.0,487.0,2025.0,2026.0,2029.0,2031.0,2037.0,2041.0,10902.0,14159.0,11699.0,1254.0,0.0,487.0,2025.0,2026.0,2029.0
0.0,30651.0,6115.0,6081.0,0.0,5869.0,3295.0,60.0,2514.0,2025.0,2027.0,2029.0,2041.0,2047.0,2027.0,8871.0,12122.0,9658.0,3295.0,60.0,2514.0,2025.0,2027.0,2029.0
0.0,24536.0,6071.0,6081.0,0.0,11940.0,5335.0,2074.0,4531.0,2025.0,2027.0,2029.0,2040.0,2014.0,2017.0,6830.0,10075.0,7631.0,5335.0,2074.0,4531.0,2025.0,2027.0,2029.0
0.0,18465.0,6075.0,6083.0,1741.0,16284.0,6115.0,4104.0,6065.0,2026.0,2028.0,2029.0,2029.0,2025.0,2021.0,4790.0,8061.0,5614.0,6115.0,4104.0,6065.0,2026.0,2028.0,2029.0
0.0,14131.0,6038.0,6084.0,5869.0,16458.0,4862.0,6046.0,5550.0,2027.0,2028.0,2029.0,2037.0,2002.0,1999.0,4015.0,6036.0,4080.0,4862.0,6046.0,5550.0,2027.0,2028.0,2029.0
0.0,13962.0,6059.0,6086.0,11940.0,10587.0,1555.0,6004.0,3028.0,2028.0,2029.0,2029.0,2023.0,2027.0,2009.0,5273.0,4094.0,4595.0,1555.0,6004.0,3028.0,2028.0,2029.0,2029.0
0.0,19843.0,6045.0,6087.0,16284.0,3924.0,0.0,3924.0,0.0,2028.0,2030.0,2029.0,2017.0,2019.0,2009.0,8585.0,4141.0,7117.0,0.0,3924.0,0.0,2028.0,2030.0,2029.0
0.0,30082.0,6074.0,6088.0,16458.0,0.0,0.0,0.0,0.0,2029.0,2030.0,2029.0,2035.0,2025.0,2014.0,12683.0,6226.0,11173.0,0.0,0.0,0.0,2029.0,2030.0,2029.0
0.0,40466.0,6052.0,6089.0,10587.0,0.0,0.0,0.0,0.0,2029.0,2030.0,2030.0,2012.0,2013.0,2027.0,15510.0,10247.0,14709.0,0.0,0.0,0.0,2029.0,2030.0,2030.0
0.0,45001.0,6091.0,6091.0,3924.0,0.0,0.0,0.0,0.0,2030.0,2031.0,2030.0,2035.0,2027.0,2029.0,15053.0,14238.0,15710.0,0.0,0.0,0.0,2030.0,2031.0,2030.0
0.0,42834.0,6102.0,6092.0,0.0,0.0,0.0,0.0,0.0,2030.0,2031.0,2031.0,2025.0,2035.0,2042.0,13018.0,16135.0,13681.0,0.0,0.0,0.0,2030.0,2031.0,2031.0
0.0,36732.0,6139.0,6093.0,0.0,1776.0,1208.0,0.0,568.0,2031.0,2031.0,2031.0,2046.0,2041.0,2052.0,10993.0,14100.0,11639.0,1208.0,0.0,568.0,2031.0,2031.0,2031.0
0.0,30593.0,6149.0,6094.0,0.0,6026.0,3265.0,151.0,2610.0,2031.0,2032.0,2031.0,2057.0,2050.0,2042.0,8947.0,12059.0,9587.0,3265.0,151.0,2610.0,2031.0,2032.0,2031.0
0.0,24444.0,6181.0,6096.0,0.0,12217.0,5336.0,2215.0,4666.0,2032.0,2032.0,2032.0,2066.0,2064.0,2051.0,6890.0,10009.0,7545.0,5336.0,2215.0,4666.0,2032.0,2032.0,2032.0
0.0,18263.0,6204.0,6098.0,1776.0,16655.0,6209.0,4297.0,6149.0,2033.0,2033.0,2032.0,2076.0,2077.0,2051.0,4824.0,7945.0,5494.0,6209.0,4297.0,6149.0,2033.0,2033.0,2032.0
0.0,13835.0,6200.0,6100.0,6026.0,16839.0,5004.0,6230.0,5605.0,2033.0,2034.0,2033.0,2060.0,2079.0,2061.0,3956.0,5868.0,4011.0,5004.0,6230.0,5605.0,2033.0,2034.0,2033.0
0.0,13661.0,6200.0,6101.0,12217.0,10827.0,1727.0,6091.0,3009.0,2034.0,2034.0,2033.0,2054.0,2076.0,2070.0,5161.0,3940.0,4560.0,1727.0,6091.0,3009.0,2034.0,2034.0,2033.0
0.0,19678.0,6199.0,6103.0,16655.0,3858.0,0.0,3858.0,0.0,2034.0,2035.0,2034.0,2065.0,2059.0,2075.0,8443.0,4079.0,7156.0,0.0,3858.0,0.0,2034.0,2035.0,2034.0
0.0,30134.0,6193.0,6104.0,16839.0,0.0,0.0,0.0,0.0,2034.0,2035.0,2035.0,2062.0,2065.0,2066.0,12587.0,6317.0,11230.0,0.0,0.0,0.0,2034.0,2035.0,2035.0
0.0,40780.0,6168.0,6104.0,10827.0,0.0,0.0,0.0,0.0,2034.0,2035.0,2035.0,2054.0,2050.0,2064.0,15529.0,10482.0,14769.0,0.0,0.0,0.0,2034.0,2035.0,2035.0
0.0,45439.0,6200.0,6107.0,3858.0,0.0,0.0,0.0,0.0,2035.0,2036.0,2036.0,2074.0,2062.0,2064.0,15202.0,14523.0,15714.0,0.0,0.0,0.0,2035.0,2036.0,2036.0
0.0,43097.0,6186.0,6108.0,0.0,0.0,0.0,0.0,0.0,2036.0,2036.0,2036.0,2049.0,2069.0,2068.0,13128.0,16319.0,13650.0,0.0,0.0,0.0,2036.0,2036.0,2036.0
0.0,36911.0,6155.0,6110.0,0.0,1805.0,1136.0,0.0,669.0,2036.0,2037.0,2037.0,2035.0,2054.0,2066.0,11079.0,14250.0,11582.0,1136.0,0.0,669.0,2036.0,2037.0,2037.0
0.0,30756.0,6154.0,6112.0,0.0,5958.0,3181.0,42.0,2735.0,2037.0,2038.0,2037.0,2040.0,2048.0,2066.0,9044.0,12196.0,9516.0,3181.0,42.0,2735.0,2037.0,2038.0,2037.0
0.0,24602.0,6139.0,6113.0,0.0,12102.0,5232.0,2082.0,4788.0,2037.0,2038.0,2038.0,2051.0,2040.0,2048.0,7004.0,10148.0,7450.0,5232.0,2082.0,4788.0,2037.0,2038.0,2038.0
0.0,18463.0,6127.0,6114.0,1805.0,16429.0,6148.0,4112.0,6169.0,2038.0,2038.0,2038.0,2047.0,2030.0,2050.0,4953.0,8108.0,5402.0,6148.0,4112.0,6169.0,2038.0,2038.0,2038.0
0.0,14141.0,6141.0,6116.0,5958.0,16622.0,5030.0,6126.0,5466.0,2039.0,2039.0,2038.0,2058.0,2051.0,2032.0,4042.0,6078.0,4021.0,5030.0,6126.0,5466.0,2039.0,2039.0,2038.0
0.0,13958.0,6138.0,6117.0,12102.0,10663.0,1857.0,6087.0,2719.0,2040.0,2039.0,2038.0,2054.0,2043.0,2041.0,5165.0,4069.0,4724.0,1857.0,6087.0,2719.0,2040.0,2039.0,2038.0
0.0,19922.0,6101.0,6118.0,16429.0,4004.0,0.0,4004.0,0.0,2040.0,2039.0,2039.0,2051.0,2029.0,2021.0,8343.0,4108.0,7471.0,0.0,4004.0,0.0,2040.0,2039.0,2039.0
0.0,30250.0,6093.0,6120.0,16622.0,0.0,0.0,0.0,0.0,2041.0,2040.0,2039.0,2047.0,2031.0,2015.0,12440.0,6191.0,11619.0,0.0,0.0,0.0,2041.0,2040.0,2039.0
0.0,40779.0,6090.0,6120.0,8257.0,0.0,0.0,0.0,0.0,2041.0,2040.0,2039.0,2042.0,2031.0,2017.0,15423.0,10286.0,15070.0,0.0,0.0,0.0,2041.0,2040.0,2039.0
0.0,42946.0,6116.0,6122.0,4053.0,0.0,0.0,0.0,0.0,2042.0,2041.0,2039.0,2030.0,2048.0,2038.0,15238.0,11936.0,15772.0,0.0,0.0,0.0,2042.0,2041.0,2039.0
0.0,40883.0,6112.0,6123.0,2357.0,0.0,0.0,0.0,0.0,2042.0,2041.0,2040.0,2042.0,2040.0,2030.0,13208.0,13941.0,13734.0,0.0,0.0,0.0,2042.0,2041.0,2040.0
0.0,37128.0,6110.0,6124.0,0.0,1613.0,1088.0,0.0,525.0,2043.0,2041.0,2040.0,2039.0,2042.0,2029.0,11166.0,14258.0,11704.0,1088.0,0.0,525.0,2043.0,2041.0,2040.0
0.0,31018.0,6126.0,6126.0,0.0,5738.0,3118.0,62.0,2558.0,2044.0,2042.0,2040.0,2025.0,2068.0,2033.0,9127.0,12216.0,9675.0,3118.0,62.0,2558.0,2044.0,2042.0,2040.0
0.0,24892.0,6122.0,6127.0,0.0,11865.0,5159.0,2116.0,4590.0,2044.0,2043.0,2040.0,2041.0,2049.0,2032.0,7102.0,10148.0,7642.0,5159.0,2116.0,4590.0,2044.0,2043.0,2040.0
0.0,18770.0,6166.0,6130.0,1613.0,16433.0,6130.0,4186.0,6117.0,2045.0,2044.0,2041.0,2054.0,2065.0,2047.0,5061.0,8099.0,5610.0,6130.0,4186.0,6117.0,2045.0,2044.0,2041.0
0.0,14217.0,6166.0,6132.0,5738.0,16871.0,5083.0,6170.0,5618.0,2046.0,2044.0,2042.0,2066.0,2046.0,2054.0,4095.0,6034.0,4088.0,5083.0,6170.0,5618.0,2046.0,2044.0,2042.0
0.0,13789.0,6178.0,6133.0,11865.0,11189.0,1990.0,6114.0,3085.0,2046.0,2045.0,2042.0,2066.0,2055.0,2057.0,5147.0,4050.0,4592.0,1990.0,6114.0,3085.0,2046.0,2045.0,2042.0
0.0,19476.0,6211.0,6134.0,16433.0,3985.0,0.0,3985.0,0.0,2046.0,2045.0,2043.0,2077.0,2057.0,2077.0,8240.0,4111.0,7125.0,0.0,3985.0,0.0,2046.0,2045.0,2043.0
0.0,29698.0,6191.0,6135.0,14394.0,0.0,0.0,0.0,0.0,2046.0,2046.0,2043.0,2057.0,2069.0,2065.0,12293.0,6240.0,11165.0,0.0,0.0,0.0,2046.0,2046.0,2043.0
0.0,37901.0,6221.0,6139.0,13666.0,0.0,0.0,0.0,0.0,2047.0,2047.0,2045.0,2075.0,2058.0,2088.0,12842.0,10341.0,14718.0,0.0,0.0,0.0,2047.0,2047.0,2045.0
0.0,45346.0,6249.0,6139.0,3985.0,0.0,0.0,0.0,0.0,2047.0,2047.0,2045.0,2078.0,2075.0,2096.0,15234.0,14397.0,15715.0,0.0,0.0,0.0,2047.0,2047.0,2045.0
0.0,43082.0,6211.0,6141.0,0.0,0.0,0.0,0.0,0.0,2047.0,2048.0,2046.0,2066.0,2061.0,2084.0,13156.0,16307.0,13619.0,0.0,0.0,0.0,2047.0,2048.0,2046.0
0.0,36871.0,6213.0,6142.0,0.0,1994.0,1221.0,0.0,773.0,2048.0,2048.0,2046.0,2071.0,2064.0,2078.0,11090.0,14246.0,11535.0,1221.0,0.0,773.0,2048.0,2048.0,2046.0
0.0,30658.0,6227.0,6143.0,0.0,6284.0,3286.0,135.0,2863.0,2048.0,2048.0,2047.0,2065.0,2077.0,2085.0,9019.0,12182.0,9457.0,3286.0,135.0,2863.0,2048.0,2048.0,2047.0
0.0,24431.0,6182.0,6144.0,0.0,12471.0,5344.0,2194.0,4933.0,2049.0,2048.0,2047.0,2053.0,2059.0,2070.0,6954.0,10105.0,7372.0,5344.0,2194.0,4933.0,2049.0,2048.0,2047.0
0.0,18249.0,6204.0,6145.0,1994.0,16686.0,6188.0,4264.0,6234.0,2049.0,2048.0,2048.0,2065.0,2070.0,2069.0,4901.0,8046.0,5302.0,6188.0,4264.0,6234.0,2049.0,2048.0,2048.0
0.0,14039.0,6195.0,6147.0,6284.0,16607.0,4960.0,6199.0,5448.0,2050.0,2049.0,2048.0,2053.0,2065.0,2077.0,4057.0,5976.0,4006.0,4960.0,6199.0,5448.0,2050.0,2049.0,2048.0
0.0,14128.0,6177.0,6147.0,12471.0,10313.0,1671.0,6074.0,2568.0,2050.0,2049.0,2048.0,2055.0,2069.0,2053.0,5290.0,4046.0,4792.0,1671.0,6074.0,2568.0,2050.0,2049.0,2048.0
0.0,20422.0,6196.0,6148.0,16686.0,3887.0,0.0,3887.0,0.0,2050.0,2050.0,2048.0,2068.0,2072.0,2056.0,8579.0,4171.0,7672.0,0.0,3887.0,0.0,2050.0,2050.0,2048.0
0.0,30912.0,6183.0,6149.0,16607.0,0.0,0.0,0.0,0.0,2050.0,2050.0,2049.0,2054.0,2067.0,2062.0,12699.0,6363.0,11850.0,0.0,0.0,0.0,2050.0,2050.0,2049.0
0.0,41336.0,6193.0,6151.0,10313.0,0.0,0.0,0.0,0.0,2051.0,2051.0,2049.0,2072.0,2072.0,2049.0,15605.0,10495.0,15236.0,0.0,0.0,0.0,2051.0,2051.0,2049.0
0.0,45456.0,6152.0,6151.0,3887.0,0.0,0.0,0.0,0.0,2051.0,2051.0,2049.0,2062.0,2064.0,2026.0,15204.0,14497.0,15755.0,0.0,0.0,0.0,2051.0,2051.0,2049.0
0.0,43191.0,6162.0,6154.0,0.0,0.0,0.0,0.0,0.0,2052.0,2052.0,2050.0,2048.0,2048.0,2066.0,13142.0,16320.0,13729.0,0.0,0.0,0.0,2052.0,2052.0,2050.0
0.0,37029.0,6143.0,6154.0,0.0,1845.0,1204.0,0.0,641.0,2052.0,2052.0,2050.0,2038.0,2051.0,2054.0,11094.0,14272.0,11663.0,1204.0,0.0,641.0,2052.0,2052.0,2050.0
0.0,30886.0,6128.0,6156.0,0.0,6022.0,3251.0,86.0,2685.0,2052.0,2053.0,2051.0,2047.0,2042.0,2039.0,9056.0,12221.0,9609.0,3251.0,86.0,2685.0,2052.0,2053.0,2051.0
0.0,24758.0,6104.0,6157.0,0.0,12131.0,5287.0,2119.0,4725.0,2052.0,2053.0,2052.0,2036.0,2033.0,2035.0,7009.0,10179.0,7570.0,5287.0,2119.0,4725.0,2052.0,2053.0,2052.0
0.0,18654.0,6116.0,6157.0,1845.0,16402.0,6113.0,4156.0,6133.0,2052.0,2053.0,2052.0,2030.0,2037.0,2049.0,4973.0,8146.0,5535.0,6113.0,4156.0,6133.0,2052.0,2053.0,2052.0
0.0,14383.0,6144.0,6160.0,6022.0,16539.0,4891.0,6121.0,5527.0,2052.0,2054.0,2054.0,2029.0,2046.0,2069.0,4147.0,6109.0,4127.0,4891.0,6121.0,5527.0,2052.0,2054.0,2054.0
0.0,14261.0,6127.0,6161.0,12131.0,10540.0,1648.0,6028.0,2864.0,2053.0,2054.0,2054.0,2039.0,2026.0,2062.0,5369.0,4149.0,4743.0,1648.0,6028.0,2864.0,2053.0,2054.0,2054.0
0.0,20265.0,6150.0,6162.0,15409.0,3923.0,0.0,3923.0,0.0,2053.0,2054.0,2055.0,2045.0,2051.0,2054.0,8617.0,4242.0,7406.0,0.0,3923.0,0.0,2053.0,2054.0,2055.0
0.0,29524.0,6188.0,6164.0,17532.0,0.0,0.0,0.0,0.0,2054.0,2055.0,2055.0,2058.0,2064.0,2066.0,11692.0,6347.0,11485.0,0.0,0.0,0.0,2054.0,2055.0,2055.0
0.0,40868.0,6193.0,6165.0,10540.0,0.0,0.0,0.0,0.0,2054.0,2055.0,2056.0,2054.0,2062.0,2077.0,15518.0,10404.0,14946.0,0.0,0.0,0.0,2054.0,2055.0,2056.0
0.0,45215.0,6184.0,6166.0,3923.0,0.0,0.0,0.0,0.0,2054.0,2056.0,2056.0,2069.0,2058.0,2057.0,15112.0,14370.0,15733.0,0.0,0.0,0.0,2054.0,2056.0,2056.0
0.0,42954.0,6242.0,6166.0,0.0,0.0,0.0,0.0,0.0,2054.0,2056.0,2056.0,2076.0,2086.0,2080.0,13043.0,16235.0,13676.0,0.0,0.0,0.0,2054.0,2056.0,2056.0
0.0,36712.0,6253.0,6167.0,0.0,2162.0,1383.0,0.0,779.0,2054.0,2056.0,2057.0,2080.0,2083.0,2090.0,10967.0,14149.0,11596.0,1383.0,0.0,779.0,2054.0,2056.0,2057.0
0.0,30459.0,6298.0,6169.0,0.0,6684.0,3490.0,313.0,2881.0,2055.0,2056.0,2058.0,2102.0,2099.0,2097.0,8887.0,12066.0,9506.0,3490.0,313.0,2881.0,2055.0,2056.0,2058.0
0.0,24161.0,6268.0,6171.0,0.0,12962.0,5587.0,2405.0,4970.0,2056.0,2057.0,2058.0,2092.0,2087.0,2089.0,6785.0,9967.0,7409.0,5587.0,2405.0,4970.0,2056.0,2057.0,2058.0
0.0,17893.0,6303.0,6174.0,2162.0,17118.0,6316.0,4517.0,6285.0,2057.0,2058.0,2059.0,2107.0,2107.0,2089.0,4693.0,7880.0,5320.0,6316.0,4517.0,6285.0,2057.0,2058.0,2059.0
0.0,13752.0,6275.0,6174.0,6684.0,16709.0,4917.0,6292.0,5500.0,2057.0,2058.0,2059.0,2091.0,2088.0,2096.0,3969.0,5773.0,4010.0,4917.0,6292.0,5500.0,2057.0,2058.0,2059.0
0.0,14161.0,6272.0,6177.0,12962.0,10034.0,1418.0,5996.0,2620.0,2058.0,2059.0,2060.0,2083.0,2104.0,2085.0,5368.0,3998.0,4795.0,1418.0,5996.0,2620.0,2058.0,2059.0,2060.0
0.0,20851.0,6246.0,6177.0,17118.0,3556.0,0.0,3556.0,0.0,2058.0,2059.0,2060.0,2087.0,2077.0,2082.0,8872.0,4299.0,7680.0,0.0,3556.0,0.0,2058.0,2059.0,2060.0
0.0,31723.0,6261.0,6179.0,16709.0,0.0,0.0,0.0,0.0,2059.0,2060.0,2060.0,2083.0,2091.0,2087.0,13101.0,6739.0,11883.0,0.0,0.0,0.0,2059.0,2060.0,2060.0
0.0,42171.0,6223.0,6180.0,7335.0,0.0,0.0,0.0,0.0,2059.0,2060.0,2061.0,2056.0,2086.0,2081.0,15935.0,10940.0,15296.0,0.0,0.0,0.0,2059.0,2060.0,2061.0
0.0,43283.0,6191.0,6181.0,4446.0,0.0,0.0,0.0,0.0,2060.0,2061.0,2060.0,2064.0,2067.0,2060.0,15297.0,12151.0,15835.0,0.0,0.0,0.0,2060.0,2061.0,2060.0
0.0,41538.0,6204.0,6182.0,1809.0,0.0,0.0,0.0,0.0,2060.0,2061.0,2061.0,2069.0,2075.0,2060.0,13233.0,14530.0,13775.0,0.0,0.0,0.0,2060.0,2061.0,2061.0
0.0,37143.0,6199.0,6183.0,0.0,1866.0,1210.0,0.0,656.0,2060.0,2062.0,2061.0,2074.0,2059.0,2066.0,11164.0,14264.0,11715.0,1210.0,0.0,656.0,2060.0,2062.0,2061.0
0.0,30944.0,6181.0,6184.0,0.0,6157.0,3289.0,156.0,2712.0,2061.0,2062.0,2061.0,2074.0,2051.0,2056.0,9090.0,12205.0,9649.0,3289.0,156.0,2712.0,2061.0,2062.0,2061.0
0.0,24763.0,6168.0,6185.0,0.0,12330.0,5345.0,2209.0,4776.0,2061.0,2062.0,2062.0,2056.0,2053.0,2059.0,7016.0,10154.0,7593.0,5345.0,2209.0,4776.0,2061.0,2062.0,2062.0
0.0,18595.0,6173.0,6186.0,1866.0,16642.0,6206.0,4266.0,6170.0,2061.0,2063.0,2062.0,2071.0,2052.0,2050.0,4960.0,8101.0,5534.0,6206.0,4266.0,6170.0,2061.0,2063.0,2062.0
0.0,14288.0,6181.0,6188.0,6157.0,16676.0,4989.0,6179.0,5508.0,2062.0,2063.0,2063.0,2067.0,2069.0,2045.0,4099.0,6049.0,4140.0,4989.0,6179.0,5508.0,2062.0,2063.0,2063.0
0.0,14264.0,6175.0,6190.0,12330.0,10531.0,1695.0,6045.0,2791.0,2062.0,2064.0,2064.0,2051.0,2070.0,2054.0,5321.0,4136.0,4807.0,1695.0,6045.0,2791.0,2062.0,2064.0,2064.0
0.0,20419.0,6153.0,6190.0,15492.0,3846.0,0.0,3846.0,0.0,2062.0,2064.0,2064.0,2045.0,2067.0,2041.0,8615.0,4275.0,7529.0,0.0,3846.0,0.0,2062.0,2064.0,2064.0
0.0,29758.0,6165.0,6191.0,17722.0,0.0,0.0,0.0,0.0,2062.0,2065.0,2064.0,2058.0,2054.0,2053.0,11626.0,6474.0,11658.0,0.0,0.0,0.0,2062.0,2065.0,2064.0
0.0,41315.0,6179.0,6193.0,10635.0,0.0,0.0,0.0,0.0,2063.0,2065.0,2065.0,2049.0,2063.0,2067.0,15603.0,10599.0,15113.0,0.0,0.0,0.0,2063.0,2065.0,2065.0
0.0,45771.0,6197.0,6194.0,3846.0,0.0,0.0,0.0,0.0,2063.0,2065.0,2066.0,2063.0,2059.0,2075.0,15353.0,14581.0,15837.0,0.0,0.0,0.0,2063.0,2065.0,2066.0
0.0,43420.0,6215.0,6196.0,0.0,0.0,0.0,0.0,0.0,2064.0,2065.0,2067.0,2070.0,2066.0,2079.0,13290.0,16368.0,13762.0,0.0,0.0,0.0,2064.0,2065.0,2067.0
0.0,37205.0,6253.0,6197.0,0.0,1918.0,1172.0,0.0,746.0,2064.0,2066.0,2067.0,2072.0,2087.0,2094.0,11220.0,14302.0,11683.0,1172.0,0.0,746.0,2064.0,2066.0,2067.0
0.0,30952.0,6245.0,6199.0,0.0,6288.0,3236.0,207.0,2845.0,2064.0,2067.0,2068.0,2064.0,2087.0,2094.0,9148.0,12215.0,9589.0,3236.0,207.0,2845.0,2064.0,2067.0,2068.0
0.0,24707.0,6252.0,6200.0,0.0,12545.0,5314.0,2277.0,4954.0,2064.0,2067.0,2069.0,2078.0,2070.0,2104.0,7084.0,10128.0,7495.0,5314.0,2277.0,4954.0,2064.0,2067.0,2069.0
0.0,18455.0,6267.0,6201.0,1918.0,16899.0,6219.0,4381.0,6299.0,2064.0,2068.0,2069.0,2077.0,2099.0,2091.0,5006.0,8058.0,5391.0,6219.0,4381.0,6299.0,2064.0,2068.0,2069.0
0.0,14106.0,6283.0,6203.0,6288.0,16904.0,5083.0,6272.0,5549.0,2065.0,2068.0,2070.0,2095.0,2098.0,2090.0,4101.0,5959.0,4046.0,5083.0,6272.0,5549.0,2065.0,2068.0,2070.0
0.0,14111.0,6284.0,6204.0,12545.0,10648.0,1863.0,6101.0,2684.0,2065.0,2069.0,2070.0,2094.0,2101.0,2089.0,5242.0,4068.0,4801.0,1863.0,6101.0,2684.0,2065.0,2069.0,2070.0
0.0,20372.0,6316.0,6205.0,16899.0,3815.0,0.0,3815.0,0.0,2066.0,2069.0,2070.0,2116.0,2095.0,2105.0,8462.0,4244.0,7666.0,0.0,3815.0,0.0,2066.0,2069.0,2070.0
0.0,30955.0,6272.0,6207.0,16904.0,0.0,0.0,0.0,0.0,2067.0,2070.0,2070.0,2105.0,2076.0,2091.0,12565.0,6530.0,11860.0,0.0,0.0,0.0,2067.0,2070.0,2070.0
0.0,41587.0,6302.0,6208.0,10648.0,0.0,0.0,0.0,0.0,2067.0,2070.0,2071.0,2094.0,2097.0,2111.0,15543.0,10726.0,15318.0,0.0,0.0,0.0,2067.0,2070.0,2071.0
0.0,45933.0,6267.0,6210.0,3815.0,0.0,0.0,0.0,0.0,2068.0,2071.0,2071.0,2081.0,2094.0,2092.0,15312.0,14730.0,15891.0,0.0,0.0,0.0,2068.0,2071.0,2071.0
0.0,43481.0,6284.0,6211.0,0.0,0.0,0.0,0.0,0.0,2069.0,2071.0,2071.0,2104.0,2097.0,2083.0,13231.0,16451.0,13799.0,0.0,0.0,0.0,2069.0,2071.0,2071.0
0.0,37197.0,6258.0,6213.0,0.0,2031.0,1295.0,0.0,736.0,2069.0,2072.0,2072.0,2077.0,2089.0,2092.0,11127.0,14354.0,11716.0,1295.0,0.0,736.0,2069.0,2072.0,2072.0
0.0,30939.0,6235.0,6213.0,0.0,6361.0,3360.0,173.0,2828.0,2069.0,2072.0,2072.0,2065.0,2078.0,2092.0,9050.0,12265.0,9624.0,3360.0,173.0,2828.0,2069.0,2072.0,2072.0
0.0,24704.0,6231.0,6214.0,0.0,12597.0,5441.0,2265.0,4891.0,2070.0,2072.0,2072.0,2076.0,2092.0,2063.0,6985.0,10187.0,7532.0,5441.0,2265.0,4891.0,2070.0,2072.0,2072.0
0.0,18473.0,6235.0,6216.0,2031.0,16811.0,6216.0,4360.0,6235.0,2070.0,2073.0,2073.0,2070.0,2090.0,2075.0,4909.0,8095.0,5469.0,6216.0,4360.0,6235.0,2070.0,2073.0,2073.0
0.0,14269.0,6266.0,6216.0,6361.0,16716.0,4947.0,6275.0,5494.0,2070.0,2073.0,2073.0,2091.0,2088.0,2087.0,4134.0,6005.0,4130.0,4947.0,6275.0,5494.0,2070.0,2073.0,2073.0
0.0,14364.0,6224.0,6216.0,12597.0,10343.0,1580.0,6092.0,2671.0,2070.0,2073.0,2073.0,2074.0,2082.0,2068.0,5403.0,4090.0,4871.0,1580.0,6092.0,2671.0,2070.0,2073.0,2073.0
0.0,20737.0,6236.0,6219.0,16811.0,3816.0,0.0,3816.0,0.0,2071.0,2074.0,2074.0,2087.0,2079.0,2070.0,8770.0,4273.0,7694.0,0.0,3816.0,0.0,2071.0,2074.0,2074.0
0.0,31312.0,6230.0,6220.0,16716.0,0.0,0.0,0.0,0.0,2072.0,2074.0,2074.0,2093.0,2063.0,2074.0,12899.0,6554.0,11859.0,0.0,0.0,0.0,2072.0,2074.0,2074.0
0.0,41798.0,6204.0,6221.0,10343.0,0.0,0.0,0.0,0.0,2072.0,2074.0,2075.0,2067.0,2068.0,2069.0,15753.0,10766.0,15279.0,0.0,0.0,0.0,2072.0,2074.0,2075.0
0.0,45937.0,6227.0,6223.0,3816.0,0.0,0.0,0.0,0.0,2073.0,2075.0,2075.0,2070.0,2076.0,2081.0,15266.0,14790.0,15881.0,0.0,0.0,0.0,2073.0,2075.0,2075.0
0.0,43526.0,6210.0,6225.0,0.0,0.0,0.0,0.0,0.0,2074.0,2075.0,2076.0,2084.0,2052.0,2074.0,13196.0,16530.0,13800.0,0.0,0.0,0.0,2074.0,2075.0,2076.0
0.0,37316.0,6197.0,6227.0,0.0,2055.0,1320.0,0.0,735.0,2074.0,2076.0,2077.0,2062.0,2059.0,2076.0,11112.0,14478.0,11726.0,1320.0,0.0,735.0,2074.0,2076.0,2077.0
0.0,31119.0,6212.0,6228.0,0.0,6233.0,3388.0,31.0,2814.0,2075.0,2076.0,2077.0,2063.0,2070.0,2079.0,9050.0,12419.0,9650.0,3388.0,31.0,2814.0,2075.0,2076.0,2077.0
0.0,24907.0,6226.0,6229.0,0.0,12464.0,5453.0,2115.0,4896.0,2075.0,2077.0,2077.0,2065.0,2079.0,2082.0,6987.0,10349.0,7571.0,5453.0,2115.0,4896.0,2075.0,2077.0,2077.0
0.0,18681.0,6216.0,6232.0,2055.0,16640.0,6204.0,4203.0,6233.0,2076.0,2078.0,2078.0,2066.0,2083.0,2067.0,4922.0,8270.0,5489.0,6204.0,4203.0,6233.0,2076.0,2078.0,2078.0
0.0,14520.0,6236.0,6232.0,6233.0,16643.0,4889.0,6252.0,5502.0,2076.0,2078.0,2078.0,2073.0,2080.0,2083.0,4176.0,6187.0,4157.0,4889.0,6252.0,5502.0,2076.0,2078.0,2078.0
0.0,14517.0,6271.0,6234.0,12464.0,10460.0,1540.0,6228.0,2692.0,2077.0,2079.0,2078.0,2099.0,2086.0,2086.0,5491.0,4138.0,4888.0,1540.0,6228.0,2692.0,2077.0,2079.0,2078.0
0.0,20710.0,6306.0,6236.0,16640.0,4123.0,0.0,4123.0,0.0,2078.0,2079.0,2079.0,2109.0,2098.0,2099.0,8845.0,4167.0,7698.0,0.0,4123.0,0.0,2078.0,2079.0,2079.0
0.0,31044.0,6309.0,6237.0,16643.0,0.0,0.0,0.0,0.0,2078.0,2080.0,2079.0,2098.0,2113.0,2098.0,12940.0,6272.0,11832.0,0.0,0.0,0.0,2078.0,2080.0,2079.0
0.0,41378.0,6341.0,6239.0,9081.0,0.0,0.0,0.0,0.0,2079.0,2080.0,2080.0,2129.0,2100.0,2112.0,15731.0,10411.0,15236.0,0.0,0.0,0.0,2079.0,2080.0,2080.0
0.0,44118.0,6334.0,6240.0,3054.0,0.0,0.0,0.0,0.0,2080.0,2080.0,2080.0,2129.0,2099.0,2106.0,15142.0,13160.0,15816.0,0.0,0.0,0.0,2080.0,2080.0,2080.0
0.0,40838.0,6330.0,6241.0,2448.0,0.0,0.0,0.0,0.0,2080.0,2081.0,2080.0,2111.0,2111.0,2108.0,13013.0,14115.0,13710.0,0.0,0.0,0.0,2080.0,2081.0,2080.0
0.0,36956.0,6302.0,6241.0,0.0,2496.0,1595.0,0.0,901.0,2080.0,2081.0,2080.0,2097.0,2102.0,2103.0,10902.0,14452.0,11602.0,1595.0,0.0,901.0,2080.0,2081.0,2080.0
0.0,30654.0,6334.0,6242.0,0.0,6890.0,3694.0,170.0,3026.0,2080.0,2081.0,2081.0,2099.0,2115.0,2120.0,8805.0,12350.0,9499.0,3694.0,170.0,3026.0,2080.0,2081.0,2081.0
0.0,24320.0,6331.0,6243.0,0.0,13226.0,5796.0,2301.0,5129.0,2080.0,2082.0,2081.0,2102.0,2126.0,2103.0,6706.0,10235.0,7379.0,5796.0,2301.0,5129.0,2080.0,2082.0,2081.0
0.0,17989.0,6331.0,6244.0,2496.0,17066.0,6298.0,4428.0,6340.0,2080.0,2082.0,2082.0,2097.0,2127.0,2107.0,4604.0,8109.0,5276.0,6298.0,4428.0,6340.0,2080.0,2082.0,2082.0
0.0,14154.0,6333.0,6246.0,6890.0,16519.0,4721.0,6386.0,5412.0,2081.0,2083.0,2082.0,2112.0,2123.0,2098.0,4102.0,5982.0,4070.0,4721.0,6386.0,5412.0,2081.0,2083.0,2082.0
0.0,14711.0,6295.0,6248.0,13226.0,9598.0,1014.0,6202.0,2382.0,2082.0,2084.0,2082.0,2084.0,2112.0,2099.0,5684.0,4029.0,4998.0,1014.0,6202.0,2382.0,2082.0,2084.0,2082.0
0.0,21642.0,6313.0,6249.0,17066.0,3889.0,0.0,3889.0,0.0,2082.0,2084.0,2083.0,2094.0,2115.0,2104.0,9396.0,4218.0,8028.0,0.0,3889.0,0.0,2082.0,2084.0,2083.0
0.0,32395.0,6319.0,6252.0,14359.0,0.0,0.0,0.0,0.0,2083.0,2085.0,2084.0,2094.0,2111.0,2114.0,13600.0,6531.0,12264.0,0.0,0.0,0.0,2083.0,2085.0,2084.0
0.0,40435.0,6281.0,6253.0,11758.0,0.0,0.0,0.0,0.0,2083.0,2086.0,2084.0,2103.0,2097.0,2081.0,14067.0,10806.0,15562.0,0.0,0.0,0.0,2083.0,2086.0,2084.0
0.0,45912.0,6263.0,6255.0,3889.0,0.0,0.0,0.0,0.0,2084.0,2086.0,2085.0,2094.0,2080.0,2089.0,15138.0,14911.0,15863.0,0.0,0.0,0.0,2084.0,2086.0,2085.0
0.0,43538.0,6249.0,6257.0,0.0,0.0,0.0,0.0,0.0,2084.0,2087.0,2086.0,2092.0,2076.0,2081.0,13044.0,16720.0,13774.0,0.0,0.0,0.0,2084.0,2087.0,2086.0
0.0,37289.0,6263.0,6258.0,0.0,2397.0,1564.0,0.0,833.0,2085.0,2087.0,2086.0,2091.0,2076.0,2096.0,10952.0,14644.0,11693.0,1564.0,0.0,833.0,2085.0,2087.0,2086.0
0.0,31026.0,6232.0,6259.0,0.0,6568.0,3647.0,0.0,2921.0,2085.0,2087.0,2087.0,2083.0,2066.0,2083.0,8861.0,12568.0,9597.0,3647.0,0.0,2921.0,2085.0,2087.0,2087.0
0.0,24794.0,6271.0,6262.0,0.0,12787.0,5740.0,2017.0,5030.0,2086.0,2088.0,2088.0,2088.0,2079.0,2104.0,6778.0,10502.0,7514.0,5740.0,2017.0,5030.0,2086.0,2088.0,2088.0
0.0,18523.0,6264.0,6263.0,2397.0,16659.0,6260.0,4112.0,6287.0,2086.0,2088.0,2089.0,2084.0,2095.0,2085.0,4690.0,8423.0,5410.0,6260.0,4112.0,6287.0,2086.0,2088.0,2089.0
0.0,14656.0,6256.0,6265.0,6568.0,16357.0,4687.0,6185.0,5485.0,2087.0,2088.0,2090.0,2069.0,2073.0,2114.0,4170.0,6328.0,4158.0,4687.0,6185.0,5485.0,2087.0,2088.0,2090.0
0.0,14968.0,6289.0,6267.0,12787.0,9869.0,1032.0,6276.0,2561.0,2087.0,2089.0,2091.0,2085.0,2103.0,2101.0,5748.0,4255.0,4965.0,1032.0,6276.0,2561.0,2087.0,2089.0,2091.0
0.0,21466.0,6261.0,6269.0,16659.0,4249.0,0.0,4249.0,0.0,2088.0,2090.0,2091.0,2083.0,2080.0,2098.0,9403.0,4169.0,7894.0,0.0,4249.0,0.0,2088.0,2090.0,2091.0
0.0,31864.0,6281.0,6270.0,16357.0,161.0,0.0,161.0,0.0,2088.0,2090.0,2092.0,2084.0,2097.0,2100.0,13580.0,6201.0,12083.0,0.0,161.0,0.0,2088.0,2090.0,2092.0
0.0,41940.0,6294.0,6271.0,9703.0,0.0,0.0,0.0,0.0,2089.0,2090.0,2092.0,2102.0,2103.0,2089.0,16183.0,10289.0,15468.0,0.0,0.0,0.0,2089.0,2090.0,2092.0
0.0,45349.0,6315.0,6271.0,3276.0,0.0,0.0,0.0,0.0,2089.0,2091.0,2091.0,2113.0,2111.0,2091.0,15113.0,14296.0,15940.0,0.0,0.0,0.0,2089.0,2091.0,2091.0
0.0,42310.0,6330.0,6274.0,1300.0,0.0,0.0,0.0,0.0,2090.0,2092.0,2092.0,2104.0,2119.0,2107.0,13000.0,15461.0,13849.0,0.0,0.0,0.0,2090.0,2092.0,2092.0
0.0,37280.0,6342.0,6275.0,0.0,2508.0,1674.0,0.0,834.0,2091.0,2092.0,2092.0,2115.0,2111.0,2116.0,10896.0,14642.0,11742.0,1674.0,0.0,834.0,2091.0,2092.0,2092.0
0.0,30938.0,6353.0,6276.0,0.0,6795.0,3798.0,54.0,2943.0,2091.0,2093.0,2092.0,2124.0,2120.0,2109.0,8781.0,12531.0,9626.0,3798.0,54.0,2943.0,2091.0,2093.0,2092.0
0.0,24585.0,6404.0,6278.0,0.0,13209.0,5944.0,2199.0,5066.0,2092.0,2093.0,2093.0,2141.0,2145.0,2118.0,6657.0,10411.0,7517.0,5944.0,2199.0,5066.0,2092.0,2093.0,2093.0
0.0,18181.0,6361.0,6279.0,2508.0,17067.0,6400.0,4319.0,6348.0,2092.0,2094.0,2093.0,2130.0,2115.0,2116.0,4516.0,8266.0,5399.0,6400.0,4319.0,6348.0,2092.0,2094.0,2093.0
0.0,14328.0,6359.0,6281.0,6795.0,16641.0,4733.0,6399.0,5509.0,2093.0,2095.0,2093.0,2126.0,2129.0,2104.0,4060.0,6151.0,4117.0,4733.0,6399.0,5509.0,2093.0,2095.0,2093.0
0.0,14764.0,6358.0,6282.0,13209.0,9795.0,932.0,6321.0,2542.0,2094.0,2095.0,2093.0,2138.0,2121.0,2099.0,5732.0,4076.0,4956.0,932.0,6321.0,2542.0,2094.0,2095.0,2093.0
0.0,21615.0,6346.0,6283.0,14797.0,4131.0,0.0,4131.0,0.0,2094.0,2096.0,2093.0,2114.0,2124.0,2108.0,9538.0,4154.0,7923.0,0.0,4131.0,0.0,2094.0,2096.0,2093.0
0.0,30066.0,6331.0,6285.0,16945.0,0.0,0.0,0.0,0.0,2095.0,2096.0,2094.0,2121.0,2115.0,2095.0,11554.0,6349.0,12163.0,0.0,0.0,0.0,2095.0,2096.0,2094.0
0.0,40680.0,6328.0,6285.0,11761.0,0.0,0.0,0.0,0.0,2095.0,2096.0,2094.0,2103.0,2099.0,2126.0,14470.0,10633.0,15577.0,0.0,0.0,0.0,2095.0,2096.0,2094.0
0.0,46113.0,6317.0,6288.0,4131.0,0.0,0.0,0.0,0.0,2096.0,2097.0,2095.0,2108.0,2099.0,2110.0,15265.0,14855.0,15993.0,0.0,0.0,0.0,2096.0,2097.0,2095.0
0.0,43927.0,6344.0,6290.0,0.0,0.0,0.0,0.0,0.0,2097.0,2097.0,2096.0,2115.0,2113.0,2116.0,13157.0,16887.0,13883.0,0.0,0.0,0.0,2097.0,2097.0,2096.0
0.0,37583.0,6328.0,6291.0,0.0,2371.0,1544.0,0.0,827.0,2097.0,2098.0,2096.0,2101.0,2113.0,2114.0,11042.0,14774.0,11767.0,1544.0,0.0,827.0,2097.0,2098.0,2096.0
0.0,31255.0,6328.0,6293.0,0.0,6600.0,3651.0,0.0,2949.0,2098.0,2098.0,2097.0,2102.0,2109.0,2117.0,8941.0,12661.0,9653.0,3651.0,0.0,2949.0,2098.0,2098.0,2097.0
0.0,24927.0,6325.0,6294.0,0.0,12868.0,5758.0,2038.0,5072.0,2098.0,2098.0,2098.0,2107.0,2100.0,2118.0,6839.0,10552.0,7536.0,5758.0,2038.0,5072.0,2098.0,2098.0,2098.0
0.0,18602.0,6338.0,6297.0,2371.0,16850.0,6339.0,4146.0,6365.0,2099.0,2099.0,2099.0,2120.0,2103.0,2115.0,4732.0,8452.0,5418.0,6339.0,4146.0,6365.0,2099.0,2099.0,2099.0
0.0,14635.0,6305.0,6299.0,6600.0,16565.0,4777.0,6257.0,5531.0,2099.0,2100.0,2100.0,2089.0,2106.0,2110.0,4156.0,6349.0,4130.0,4777.0,6257.0,5531.0,2099.0,2100.0,2100.0
0.0,14930.0,6295.0,6299.0,12868.0,9992.0,1113.0,6312.0,2567.0,2099.0,2100.0,2100.0,2094.0,2093.0,2108.0,5718.0,4243.0,4969.0,1113.0,6312.0,2567.0,2099.0,2100.0,2100.0
0.0,21503.0,6314.0,6302.0,16850.0,4281.0,0.0,4281.0,0.0,2100.0,2101.0,2101.0,2104.0,2110.0,2100.0,9382.0,4188.0,7933.0,0.0,4281.0,0.0,2100.0,2101.0,2101.0
0.0,32039.0,6259.0,6303.0,16565.0,118.0,0.0,118.0,0.0,2100.0,2102.0,2101.0,2072.0,2089.0,2098.0,13617.0,6224.0,12198.0,0.0,118.0,0.0,2100.0,2102.0,2101.0
0.0,42345.0,6332.0,6305.0,9956.0,0.0,0.0,0.0,0.0,2100.0,2103.0,2102.0,2106.0,2116.0,2110.0,16322.0,10392.0,15631.0,0.0,0.0,0.0,2100.0,2103.0,2102.0
0.0,45969.0,6304.0,6306.0,2884.0,0.0,0.0,0.0,0.0,2101.0,2103.0,2102.0,2091.0,2101.0,2112.0,15329.0,14552.0,16088.0,0.0,0.0,0.0,2101.0,2103.0,2102.0
0.0,42549.0,6309.0,6309.0,1551.0,0.0,0.0,0.0,0.0,2102.0,2104.0,2103.0,2110.0,2112.0,2087.0,13238.0,15335.0,13976.0,0.0,0.0,0.0,2102.0,2104.0,2103.0
0.0,37791.0,6309.0,6309.0,0.0,2205.0,1471.0,0.0,734.0,2102.0,2104.0,2103.0,2089.0,2112.0,2108.0,11128.0,14774.0,11889.0,1471.0,0.0,734.0,2102.0,2104.0,2103.0
0.0,31482.0,6321.0,6312.0,0.0,6442.0,3588.0,0.0,2854.0,2103.0,2105.0,2104.0,2112.0,2094.0,2115.0,9039.0,12662.0,9781.0,3588.0,0.0,2854.0,2103.0,2105.0,2104.0
0.0,25161.0,6326.0,6312.0,0.0,12725.0,5696.0,2066.0,4963.0,2103.0,2105.0,2104.0,2108.0,2109.0,2109.0,6927.0,10568.0,7666.0,5696.0,2066.0,4963.0,2103.0,2105.0,2104.0
0.0,18835.0,6333.0,6313.0,2205.0,16858.0,6355.0,4171.0,6332.0,2104.0,2105.0,2104.0,2125.0,2105.0,2103.0,4819.0,8459.0,5557.0,6355.0,4171.0,6332.0,2104.0,2105.0,2104.0
0.0,14707.0,6372.0,6314.0,6442.0,16793.0,4890.0,6288.0,5615.0,2104.0,2105.0,2105.0,2123.0,2117.0,2132.0,4165.0,6354.0,4188.0,4890.0,6288.0,5615.0,2104.0,2105.0,2105.0
0.0,14777.0,6345.0,6314.0,12725.0,10413.0,1324.0,6328.0,2761.0,2104.0,2105.0,2105.0,2130.0,2106.0,2109.0,5630.0,4237.0,4910.0,1324.0,6328.0,2761.0,2104.0,2105.0,2105.0
0.0,21157.0,6401.0,6316.0,16858.0,4292.0,0.0,4292.0,0.0,2104.0,2106.0,2106.0,2123.0,2130.0,2148.0,9196.0,4197.0,7764.0,0.0,4292.0,0.0,2104.0,2106.0,2106.0
0.0,31614.0,6365.0,6316.0,16793.0,140.0,0.0,140.0,0.0,2104.0,2106.0,2106.0,2113.0,2136.0,2116.0,13428.0,6238.0,11948.0,0.0,140.0,0.0,2104.0,2106.0,2106.0
0.0,42042.0,6385.0,6318.0,10413.0,0.0,0.0,0.0,0.0,2105.0,2107.0,2106.0,2135.0,2127.0,2123.0,16205.0,10390.0,15447.0,0.0,0.0,0.0,2105.0,2107.0,2106.0
0.0,46070.0,6451.0,6321.0,4292.0,0.0,0.0,0.0,0.0,2106.0,2108.0,2107.0,2153.0,2158.0,2140.0,15394.0,14591.0,16085.0,0.0,0.0,0.0,2106.0,2108.0,2107.0
0.0,43911.0,6387.0,6321.0,140.0,0.0,0.0,0.0,0.0,2106.0,2108.0,2107.0,2125.0,2125.0,2137.0,13241.0,16725.0,13945.0,0.0,0.0,0.0,2106.0,2108.0,2107.0
0.0,37664.0,6384.0,6323.0,0.0,2403.0,1538.0,0.0,865.0,2107.0,2108.0,2108.0,2119.0,2132.0,2133.0,11116.0,14740.0,11808.0,1538.0,0.0,865.0,2107.0,2108.0,2108.0
0.0,31280.0,6397.0,6324.0,0.0,6737.0,3663.0,69.0,3005.0,2107.0,2108.0,2109.0,2125.0,2137.0,2135.0,8997.0,12608.0,9675.0,3663.0,69.0,3005.0,2107.0,2108.0,2109.0
0.0,24883.0,6394.0,6326.0,0.0,13141.0,5776.0,2208.0,5157.0,2107.0,2109.0,2110.0,2113.0,2134.0,2147.0,6872.0,10471.0,7540.0,5776.0,2208.0,5157.0,2107.0,2109.0,2110.0
0.0,18489.0,6370.0,6327.0,2403.0,17113.0,6358.0,4335.0,6420.0,2108.0,2109.0,2110.0,2115.0,2127.0,2128.0,4759.0,8337.0,5393.0,6358.0,4335.0,6420.0,2108.0,2109.0,2110.0
0.0,14522.0,6373.0,6327.0,6737.0,16749.0,4803.0,6405.0,5541.0,2108.0,2109.0,2110.0,2108.0,2139.0,2126.0,4182.0,6210.0,4130.0,4803.0,6405.0,5541.0,2108.0,2109.0,2110.0
0.0,14886.0,6372.0,6329.0,13141.0,9990.0,1139.0,6326.0,2525.0,2108.0,2110.0,2111.0,2112.0,2124.0,2136.0,5737.0,4140.0,5009.0,1139.0,6326.0,2525.0,2108.0,2110.0,2111.0
0.0,21655.0,6382.0,6331.0,17113.0,4102.0,0.0,4102.0,0.0,2109.0,2110.0,2112.0,2130.0,2111.0,2141.0,9401.0,4224.0,8030.0,0.0,4102.0,0.0,2109.0,2110.0,2112.0
0.0,32386.0,6337.0,6333.0,16749.0,0.0,0.0,0.0,0.0,2109.0,2111.0,2113.0,2111.0,2107.0,2119.0,13629.0,6448.0,12309.0,0.0,0.0,0.0,2109.0,2111.0,2113.0
0.0,42798.0,6317.0,6334.0,9990.0,0.0,0.0,0.0,0.0,2110.0,2111.0,2113.0,2118.0,2082.0,2117.0,16321.0,10746.0,15731.0,0.0,0.0,0.0,2110.0,2111.0,2113.0
0.0,46471.0,6336.0,6336.0,4102.0,0.0,0.0,0.0,0.0,2110.0,2112.0,2114.0,2108.0,2117.0,2111.0,15342.0,14990.0,16139.0,0.0,0.0,0.0,2110.0,2112.0,2114.0
0.0,44237.0,6300.0,6337.0,0.0,0.0,0.0,0.0,0.0,2111.0,2112.0,2114.0,2100.0,2090.0,2110.0,13234.0,16975.0,14028.0,0.0,0.0,0.0,2111.0,2112.0,2114.0
0.0,37937.0,6307.0,6337.0,0.0,2281.0,1527.0,0.0,754.0,2111.0,2112.0,2114.0,2106.0,2099.0,2102.0,11134.0,14885.0,11918.0,1527.0,0.0,754.0,2111.0,2112.0,2114.0
0.0,31630.0,6313.0,6339.0,0.0,6499.0,3641.0,0.0,2858.0,2112.0,2113.0,2114.0,2109.0,2100.0,2104.0,9028.0,12786.0,9816.0,3641.0,0.0,2858.0,2112.0,2113.0,2114.0
0.0,25317.0,6291.0,6339.0,0.0,12669.0,5731.0,1976.0,4962.0,2112.0,2113.0,2114.0,2090.0,2097.0,2104.0,6919.0,10686.0,7712.0,5731.0,1976.0,4962.0,2112.0,2113.0,2114.0
0.0,19026.0,6328.0,6340.0,2281.0,16721.0,6311.0,4076.0,6334.0,2112.0,2113.0,2115.0,2107.0,2100.0,2121.0,4829.0,8589.0,5608.0,6311.0,4076.0,6334.0,2112.0,2113.0,2115.0
0.0,14979.0,6340.0,6341.0,6499.0,16567.0,4792.0,6178.0,5597.0,2113.0,2113.0,2115.0,2117.0,2102.0,2121.0,4249.0,6489.0,4241.0,4792.0,6178.0,5597.0,2113.0,2113.0,2115.0
0.0,15138.0,6329.0,6342.0,12669.0,10232.0,1175.0,6300.0,2757.0,2113.0,2113.0,2116.0,2114.0,2098.0,2117.0,5773.0,4387.0,4978.0,1175.0,6300.0,2757.0,2113.0,2113.0,2116.0
0.0,21478.0,6367.0,6343.0,16721.0,4364.0,0.0,4364.0,0.0,2113.0,2114.0,2116.0,2125.0,2135.0,2107.0,9390.0,4265.0,7823.0,0.0,4364.0,0.0,2113.0,2114.0,2116.0
0.0,31832.0,6402.0,6344.0,14093.0,325.0,0.0,325.0,0.0,2114.0,2114.0,2116.0,2135.0,2139.0,2128.0,13576.0,6206.0,12050.0,0.0,325.0,0.0,2114.0,2114.0,2116.0
0.0,39523.0,6397.0,6346.0,12706.0,0.0,0.0,0.0,0.0,2115.0,2115.0,2116.0,2144.0,2135.0,2118.0,13759.0,10245.0,15519.0,0.0,0.0,0.0,2115.0,2115.0,2116.0
0.0,45832.0,6421.0,6347.0,4364.0,0.0,0.0,0.0,0.0,2115.0,2115.0,2117.0,2138.0,2148.0,2135.0,15264.0,14410.0,16158.0,0.0,0.0,0.0,2115.0,2115.0,2117.0
0.0,43775.0,6435.0,6347.0,325.0,0.0,0.0,0.0,0.0,2115.0,2115.0,2117.0,2146.0,2148.0,2141.0,13126.0,16626.0,14023.0,0.0,0.0,0.0,2115.0,2115.0,2117.0
0.0,37665.0,6433.0,6349.0,0.0,2587.0,1749.0,0.0,838.0,2115.0,2116.0,2118.0,2154.0,2149.0,2130.0,10980.0,14803.0,11882.0,1749.0,0.0,838.0,2115.0,2116.0,2118.0
0.0,31232.0,6433.0,6350.0,0.0,6951.0,3895.0,77.0,2979.0,2116.0,2116.0,2118.0,2141.0,2151.0,2141.0,8826.0,12654.0,9752.0,3895.0,77.0,2979.0,2116.0,2116.0,2118.0
0.0,24799.0,6457.0,6352.0,0.0,13418.0,6039.0,2243.0,5136.0,2116.0,2117.0,2119.0,2144.0,2161.0,2152.0,6685.0,10503.0,7611.0,6039.0,2243.0,5136.0,2116.0,2117.0,2119.0
0.0,18342.0,6451.0,6353.0,2587.0,17287.0,6429.0,4393.0,6465.0,2116.0,2117.0,2120.0,2139.0,2150.0,2162.0,4541.0,8342.0,5459.0,6429.0,4393.0,6465.0,2116.0,2117.0,2120.0
0.0,14478.0,6408.0,6355.0,6951.0,16754.0,4663.0,6455.0,5636.0,2116.0,2118.0,2121.0,2129.0,2134.0,2145.0,4151.0,6192.0,4135.0,4663.0,6455.0,5636.0,2116.0,2118.0,2121.0
0.0,15021.0,6420.0,6358.0,13418.0,9771.0,763.0,6362.0,2646.0,2117.0,2119.0,2122.0,2134.0,2145.0,2141.0,5917.0,4135.0,4969.0,763.0,6362.0,2646.0,2117.0,2119.0,2122.0
0.0,22019.0,6409.0,6359.0,17287.0,4095.0,0.0,4095.0,0.0,2118.0,2119.0,2122.0,2143.0,2126.0,2140.0,9822.0,4233.0,7964.0,0.0,4095.0,0.0,2118.0,2119.0,2122.0
0.0,32897.0,6393.0,6361.0,16754.0,0.0,0.0,0.0,0.0,2118.0,2120.0,2123.0,2124.0,2133.0,2136.0,14108.0,6500.0,12289.0,0.0,0.0,0.0,2118.0,2120.0,2123.0
0.0,43258.0,6403.0,6361.0,8457.0,0.0,0.0,0.0,0.0,2118.0,2120.0,2123.0,2126.0,2128.0,2149.0,16647.0,10822.0,15789.0,0.0,0.0,0.0,2118.0,2120.0,2123.0
0.0,45312.0,6352.0,6363.0,2902.0,0.0,0.0,0.0,0.0,2119.0,2120.0,2124.0,2131.0,2092.0,2129.0,15284.0,13742.0,16286.0,0.0,0.0,0.0,2119.0,2120.0,2124.0
0.0,41862.0,6371.0,6363.0,2507.0,0.0,0.0,0.0,0.0,2119.0,2120.0,2124.0,2121.0,2120.0,2130.0,13153.0,14552.0,14157.0,0.0,0.0,0.0,2119.0,2120.0,2124.0
0.0,37998.0,6369.0,6363.0,0.0,2415.0,1688.0,0.0,727.0,2119.0,2120.0,2124.0,2125.0,2110.0,2134.0,11032.0,14939.0,12027.0,1688.0,0.0,727.0,2119.0,2120.0,2124.0
0.0,31629.0,6345.0,6364.0,0.0,6650.0,3807.0,0.0,2843.0,2120.0,2120.0,2124.0,2114.0,2115.0,2116.0,8907.0,12829.0,9893.0,3807.0,0.0,2843.0,2120.0,2120.0,2124.0
0.0,25284.0,6364.0,6366.0,0.0,12910.0,5914.0,2026.0,4970.0,2120.0,2121.0,2125.0,2107.0,2135.0,2122.0,6793.0,10714.0,7777.0,5914.0,2026.0,4970.0,2120.0,2121.0,2125.0
0.0,18920.0,6366.0,6366.0,2415.0,16861.0,6349.0,4151.0,6361.0,2120.0,2121.0,2125.0,2123.0,2125.0,2118.0,4686.0,8579.0,5655.0,6349.0,4151.0,6361.0,2120.0,2121.0,2125.0
0.0,14969.0,6367.0,6368.0,6650.0,16588.0,4670.0,6280.0,5638.0,2121.0,2122.0,2125.0,2123.0,2124.0,2120.0,4251.0,6454.0,4264.0,4670.0,6280.0,5638.0,2121.0,2122.0,2125.0
0.0,15252.0,6354.0,6369.0,12910.0,10037.0,890.0,6363.0,2784.0,2122.0,2122.0,2125.0,2129.0,2109.0,2116.0,5935.0,4330.0,4987.0,890.0,6363.0,2784.0,2122.0,2122.0,2125.0
0.0,21808.0,6380.0,6371.0,14723.0,4362.0,0.0,4362.0,0.0,2122.0,2123.0,2126.0,2112.0,2145.0,2123.0,9720.0,4247.0,7841.0,0.0,4362.0,0.0,2122.0,2123.0,2126.0
0.0,30151.0,6387.0,6371.0,16735.0,215.0,0.0,215.0,0.0,2122.0,2123.0,2126.0,2125.0,2133.0,2129.0,11819.0,6253.0,12079.0,0.0,215.0,0.0,2122.0,2123.0,2126.0
0.0,40499.0,6394.0,6374.0,12028.0,0.0,0.0,0.0,0.0,2123.0,2124.0,2127.0,2119.0,2146.0,2129.0,14511.0,10400.0,15588.0,0.0,0.0,0.0,2123.0,2124.0,2127.0
0.0,46133.0,6384.0,6375.0,4362.0,0.0,0.0,0.0,0.0,2123.0,2125.0,2127.0,2123.0,2139.0,2122.0,15273.0,14617.0,16243.0,0.0,0.0,0.0,2123.0,2125.0,2127.0
0.0,44111.0,6412.0,6376.0,215.0,0.0,0.0,0.0,0.0,2124.0,2125.0,2127.0,2144.0,2137.0,2131.0,13150.0,16840.0,14121.0,0.0,0.0,0.0,2124.0,2125.0,2127.0
0.0,37914.0,6411.0,6378.0,0.0,2547.0,1759.0,0.0,788.0,2124.0,2126.0,2128.0,2145.0,2128.0,2138.0,11006.0,14918.0,11990.0,1759.0,0.0,788.0,2124.0,2126.0,2128.0
0.0,31503.0,6454.0,6379.0,0.0,6859.0,3924.0,0.0,2935.0,2125.0,2126.0,2128.0,2160.0,2147.0,2147.0,8861.0,12790.0,9852.0,3924.0,0.0,2935.0,2125.0,2126.0,2128.0
0.0,25049.0,6437.0,6382.0,0.0,13298.0,6091.0,2128.0,5079.0,2126.0,2127.0,2129.0,2162.0,2136.0,2139.0,6701.0,10643.0,7705.0,6091.0,2128.0,5079.0,2126.0,2127.0,2129.0
0.0,18612.0,6463.0,6382.0,2547.0,17214.0,6486.0,4285.0,6443.0,2126.0,2127.0,2129.0,2154.0,2157.0,2152.0,4539.0,8507.0,5566.0,6486.0,4285.0,6443.0,2126.0,2127.0,2129.0
0.0,14696.0,6476.0,6385.0,6859.0,16846.0,4720.0,6451.0,5675.0,2127.0,2128.0,2130.0,2153.0,2161.0,2162.0,4144.0,6350.0,4202.0,4720.0,6451.0,5675.0,2127.0,2128.0,2130.0
0.0,15079.0,6471.0,6386.0,13298.0,10024.0,780.0,6463.0,2781.0,2127.0,2128.0,2131.0,2151.0,2140.0,2180.0,5915.0,4189.0,4975.0,780.0,6463.0,2781.0,2127.0,2128.0,2131.0
0.0,21906.0,6459.0,6387.0,17214.0,4318.0,0.0,4318.0,0.0,2127.0,2128.0,2132.0,2150.0,2140.0,2169.0,9855.0,4177.0,7874.0,0.0,4318.0,0.0,2127.0,2128.0,2132.0
0.0,32661.0,6459.0,6388.0,16846.0,9.0,0.0,9.0,0.0,2128.0,2128.0,2132.0,2160.0,2142.0,2157.0,14191.0,6322.0,12148.0,0.0,9.0,0.0,2128.0,2128.0,2132.0
0.0,43048.0,6468.0,6390.0,10024.0,0.0,0.0,0.0,0.0,2129.0,2128.0,2133.0,2147.0,2147.0,2174.0,16751.0,10631.0,15666.0,0.0,0.0,0.0,2129.0,2128.0,2133.0
0.0,46604.0,6491.0,6392.0,4059.0,0.0,0.0,0.0,0.0,2129.0,2129.0,2134.0,2158.0,2153.0,2180.0,15384.0,14947.0,16273.0,0.0,0.0,0.0,2129.0,2129.0,2134.0
0.0,44172.0,6443.0,6393.0,268.0,0.0,0.0,0.0,0.0,2130.0,2129.0,2134.0,2149.0,2146.0,2148.0,13226.0,16853.0,14093.0,0.0,0.0,0.0,2130.0,2129.0,2134.0
0.0,37997.0,6430.0,6393.0,0.0,2593.0,1715.0,0.0,878.0,2130.0,2129.0,2134.0,2142.0,2135.0,2153.0,11077.0,14975.0,11945.0,1715.0,0.0,878.0,2130.0,2129.0,2134.0
0.0,31567.0,6427.0,6394.0,0.0,6872.0,3856.0,0.0,3016.0,2131.0,2129.0,2134.0,2136.0,2153.0,2138.0,8935.0,12840.0,9792.0,3856.0,0.0,3016.0,2131.0,2129.0,2134.0
0.0,25140.0,6412.0,6396.0,0.0,13252.0,5983.0,2099.0,5170.0,2131.0,2130.0,2135.0,2127.0,2136.0,2149.0,6799.0,10687.0,7654.0,5983.0,2099.0,5170.0,2131.0,2130.0,2135.0
0.0,18728.0,6437.0,6397.0,2593.0,17101.0,6427.0,4234.0,6440.0,2132.0,2130.0,2135.0,2154.0,2135.0,2148.0,4672.0,8551.0,5505.0,6427.0,4234.0,6440.0,2132.0,2130.0,2135.0
0.0,14884.0,6438.0,6398.0,6872.0,16672.0,4726.0,6379.0,5567.0,2132.0,2131.0,2135.0,2155.0,2140.0,2143.0,4233.0,6416.0,4235.0,4726.0,6379.0,5567.0,2132.0,2131.0,2135.0
0.0,15318.0,6398.0,6400.0,13252.0,9828.0,886.0,6405.0,2537.0,2133.0,2131.0,2136.0,2138.0,2125.0,2135.0,5934.0,4276.0,5108.0,886.0,6405.0,2537.0,2133.0,2131.0,2136.0
0.0,22172.0,6409.0,6402.0,16501.0,4311.0,0.0,4311.0,0.0,2134.0,2132.0,2136.0,2152.0,2135.0,2122.0,9779.0,4250.0,8143.0,0.0,4311.0,0.0,2134.0,2132.0,2136.0
0.0,32264.0,6407.0,6403.0,17272.0,72.0,0.0,72.0,0.0,2134.0,2133.0,2136.0,2131.0,2135.0,2141.0,13454.0,6349.0,12461.0,0.0,72.0,0.0,2134.0,2133.0,2136.0
0.0,43129.0,6384.0,6405.0,9828.0,0.0,0.0,0.0,0.0,2135.0,2133.0,2137.0,2128.0,2132.0,2124.0,16649.0,10593.0,15887.0,0.0,0.0,0.0,2135.0,2133.0,2137.0
0.0,46573.0,6404.0,6406.0,4311.0,0.0,0.0,0.0,0.0,2135.0,2134.0,2137.0,2136.0,2134.0,2134.0,15407.0,14866.0,16300.0,0.0,0.0,0.0,2135.0,2134.0,2137.0
0.0,44480.0,6403.0,6409.0,72.0,0.0,0.0,0.0,0.0,2136.0,2135.0,2138.0,2126.0,2137.0,2140.0,13271.0,17043.0,14166.0,0.0,0.0,0.0,2136.0,2135.0,2138.0
0.0,38149.0,6383.0,6409.0,0.0,2455.0,1659.0,0.0,796.0,2136.0,2135.0,2138.0,2124.0,2127.0,2132.0,11145.0,14978.0,12026.0,1659.0,0.0,796.0,2136.0,2135.0,2138.0
0.0,31766.0,6378.0,6411.0,0.0,6711.0,3794.0,0.0,2917.0,2137.0,2136.0,2138.0,2130.0,2127.0,2121.0,9021.0,12851.0,9894.0,3794.0,0.0,2917.0,2137.0,2136.0,2138.0
0.0,25388.0,6401.0,6412.0,0.0,13073.0,5920.0,2083.0,5070.0,2137.0,2136.0,2139.0,2126.0,2127.0,2148.0,6891.0,10724.0,7773.0,5920.0,2083.0,5070.0,2137.0,2136.0,2139.0
0.0,18987.0,6451.0,6414.0,2455.0,17079.0,6410.0,4241.0,6428.0,2137.0,2137.0,2140.0,2149.0,2153.0,2149.0,4765.0,8597.0,5625.0,6410.0,4241.0,6428.0,2137.0,2137.0,2140.0
0.0,14991.0,6457.0,6415.0,6711.0,16830.0,4780.0,6379.0,5671.0,2138.0,2137.0,2140.0,2159.0,2138.0,2160.0,4275.0,6444.0,4272.0,4780.0,6379.0,5671.0,2138.0,2137.0,2140.0
0.0,15245.0,6502.0,6416.0,13073.0,10264.0,1037.0,6463.0,2764.0,2138.0,2137.0,2141.0,2177.0,2167.0,2158.0,5910.0,4306.0,5029.0,1037.0,6463.0,2764.0,2138.0,2137.0,2141.0
0.0,21816.0,6489.0,6417.0,17079.0,4380.0,0.0,4380.0,0.0,2139.0,2137.0,2141.0,2178.0,2158.0,2153.0,9653.0,4222.0,7941.0,0.0,4380.0,0.0,2139.0,2137.0,2141.0
0.0,32406.0,6505.0,6420.0,16830.0,177.0,0.0,177.0,0.0,2140.0,2138.0,2142.0,2168.0,2171.0,2166.0,13885.0,6305.0,12216.0,0.0,177.0,0.0,2140.0,2138.0,2142.0
0.0,42731.0,6541.0,6421.0,8416.0,0.0,0.0,0.0,0.0,2140.0,2138.0,2143.0,2182.0,2179.0,2180.0,16497.0,10513.0,15721.0,0.0,0.0,0.0,2140.0,2138.0,2143.0
0.0,44606.0,6513.0,6423.0,3561.0,0.0,0.0,0.0,0.0,2141.0,2139.0,2143.0,2175.0,2164.0,2174.0,15352.0,12949.0,16305.0,0.0,0.0,0.0,2141.0,2139.0,2143.0
0.0,41654.0,6547.0,6424.0,2844.0,0.0,0.0,0.0,0.0,2141.0,2139.0,2144.0,2183.0,2186.0,2178.0,13177.0,14346.0,14131.0,0.0,0.0,0.0,2141.0,2139.0,2144.0
0.0,37951.0,6513.0,6426.0,0.0,2824.0,1888.0,0.0,936.0,2142.0,2140.0,2144.0,2172.0,2172.0,2169.0,10994.0,15004.0,11953.0,1888.0,0.0,936.0,2142.0,2140.0,2144.0
0.0,31438.0,6517.0,6428.0,0.0,7219.0,4052.0,34.0,3133.0,2143.0,2140.0,2145.0,2159.0,2166.0,2192.0,8822.0,12832.0,9784.0,4052.0,34.0,3133.0,2143.0,2140.0,2145.0
0.0,24921.0,6514.0,6430.0,0.0,13743.0,6219.0,2205.0,5319.0,2143.0,2141.0,2146.0,2167.0,2166.0,2181.0,6663.0,10666.0,7592.0,6219.0,2205.0,5319.0,2143.0,2141.0,2146.0
0.0,18407.0,6480.0,6431.0,2824.0,17404.0,6489.0,4370.0,6545.0,2144.0,2141.0,2146.0,2153.0,2165.0,2162.0,4496.0,8500.0,5411.0,6489.0,4370.0,6545.0,2144.0,2141.0,2146.0
0.0,14751.0,6478.0,6433.0,7219.0,16673.0,4584.0,6506.0,5583.0,2144.0,2142.0,2147.0,2147.0,2165.0,2166.0,4231.0,6335.0,4185.0,4584.0,6506.0,5583.0,2144.0,2142.0,2147.0
0.0,15492.0,6482.0,6435.0,13743.0,9422.0,528.0,6466.0,2428.0,2145.0,2143.0,2147.0,2158.0,2160.0,2164.0,6136.0,4204.0,5152.0,528.0,6466.0,2428.0,2145.0,2143.0,2147.0
0.0,22753.0,6470.0,6437.0,14760.0,4249.0,0.0,4249.0,0.0,2145.0,2144.0,2148.0,2162.0,2148.0,2160.0,10197.0,4249.0,8307.0,0.0,4249.0,0.0,2145.0,2144.0,2148.0
0.0,31043.0,6442.0,6438.0,17411.0,0.0,0.0,0.0,0.0,2146.0,2144.0,2148.0,2166.0,2136.0,2140.0,11880.0,6471.0,12692.0,0.0,0.0,0.0,2146.0,2144.0,2148.0
0.0,42012.0,6436.0,6439.0,11328.0,0.0,0.0,0.0,0.0,2147.0,2144.0,2148.0,2155.0,2135.0,2146.0,15036.0,10841.0,16135.0,0.0,0.0,0.0,2147.0,2144.0,2148.0
0.0,46904.0,6431.0,6441.0,4249.0,0.0,0.0,0.0,0.0,2147.0,2145.0,2149.0,2153.0,2136.0,2142.0,15315.0,15172.0,16417.0,0.0,0.0,0.0,2147.0,2145.0,2149.0
0.0,44722.0,6407.0,6442.0,0.0,0.0,0.0,0.0,0.0,2148.0,2145.0,2149.0,2155.0,2126.0,2126.0,13162.0,17285.0,14275.0,0.0,0.0,0.0,2148.0,2145.0,2149.0
0.0,38315.0,6405.0,6443.0,0.0,2606.0,1881.0,0.0,725.0,2149.0,2145.0,2149.0,2143.0,2133.0,2129.0,11007.0,15159.0,12149.0,1881.0,0.0,725.0,2149.0,2145.0,2149.0
0.0,31910.0,6424.0,6443.0,0.0,6890.0,4035.0,0.0,2855.0,2149.0,2145.0,2149.0,2154.0,2140.0,2130.0,8864.0,13026.0,10020.0,4035.0,0.0,2855.0,2149.0,2145.0,2149.0
0.0,25486.0,6369.0,6443.0,0.0,13098.0,6159.0,1954.0,4985.0,2149.0,2145.0,2149.0,2124.0,2115.0,2130.0,6710.0,10886.0,7890.0,6159.0,1954.0,4985.0,2149.0,2145.0,2149.0
0.0,19117.0,6412.0,6444.0,2606.0,16909.0,6404.0,4103.0,6402.0,2149.0,2145.0,2150.0,2126.0,2149.0,2137.0,4586.0,8771.0,5760.0,6404.0,4103.0,6402.0,2149.0,2145.0,2150.0
0.0,15311.0,6436.0,6446.0,6890.0,16465.0,4512.0,6257.0,5696.0,2150.0,2146.0,2150.0,2138.0,2149.0,2149.0,4341.0,6622.0,4348.0,4512.0,6257.0,5696.0,2150.0,2146.0,2150.0
0.0,15765.0,6473.0,6446.0,13098.0,9840.0,509.0,6476.0,2855.0,2150.0,2146.0,2150.0,2156.0,2173.0,2144.0,6238.0,4473.0,5054.0,509.0,6476.0,2855.0,2150.0,2146.0,2150.0
0.0,22390.0,6462.0,6449.0,16909.0,4549.0,0.0,4549.0,0.0,2151.0,2147.0,2151.0,2153.0,2171.0,2138.0,10241.0,4254.0,7895.0,0.0,4549.0,0.0,2151.0,2147.0,2151.0
0.0,32837.0,6486.0,6450.0,16465.0,447.0,0.0,447.0,0.0,2151.0,2147.0,2152.0,2150.0,2155.0,2181.0,14492.0,6186.0,12159.0,0.0,447.0,0.0,2151.0,2147.0,2152.0
0.0,42816.0,6525.0,6452.0,9840.0,0.0,0.0,0.0,0.0,2152.0,2148.0,2152.0,2178.0,2176.0,2171.0,16854.0,10288.0,15674.0,0.0,0.0,0.0,2152.0,2148.0,2152.0
0.0,46131.0,6483.0,6452.0,3216.0,0.0,0.0,0.0,0.0,2152.0,2148.0,2152.0,2169.0,2156.0,2158.0,15185.0,14588.0,16358.0,0.0,0.0,0.0,2152.0,2148.0,2152.0
0.0,42864.0,6572.0,6455.0,1780.0,0.0,0.0,0.0,0.0,2153.0,2149.0,2153.0,2196.0,2190.0,2186.0,13016.0,15648.0,14200.0,0.0,0.0,0.0,2153.0,2149.0,2153.0
0.0,38072.0,6545.0,6456.0,0.0,3078.0,2140.0,0.0,938.0,2153.0,2149.0,2154.0,2195.0,2168.0,2182.0,10820.0,15238.0,12014.0,2140.0,0.0,938.0,2153.0,2149.0,2154.0
0.0,31527.0,6568.0,6458.0,0.0,7476.0,4346.0,0.0,3130.0,2154.0,2150.0,2154.0,2201.0,2175.0,2192.0,8625.0,13070.0,9832.0,4346.0,0.0,3130.0,2154.0,2150.0,2154.0
0.0,24959.0,6571.0,6461.0,0.0,13917.0,6547.0,2045.0,5325.0,2155.0,2151.0,2155.0,2196.0,2185.0,2190.0,6424.0,10895.0,7640.0,6547.0,2045.0,5325.0,2155.0,2151.0,2155.0
0.0,18388.0,6543.0,6462.0,3078.0,17387.0,6603.0,4213.0,6571.0,2156.0,2151.0,2155.0,2191.0,2168.0,2184.0,4228.0,8710.0,5450.0,6603.0,4213.0,6571.0,2156.0,2151.0,2155.0
0.0,14923.0,6540.0,6463.0,7476.0,16456.0,4440.0,6388.0,5628.0,2156.0,2152.0,2155.0,2183.0,2170.0,2187.0,4177.0,6542.0,4204.0,4440.0,6388.0,5628.0,2156.0,2152.0,2155.0
0.0,15859.0,6523.0,6465.0,13917.0,9072.0,68.0,6505.0,2499.0,2157.0,2152.0,2156.0,2170.0,2162.0,2191.0,6340.0,4372.0,5147.0,68.0,6505.0,2499.0,2157.0,2152.0,2156.0
0.0,23253.0,6541.0,6466.0,17387.0,4479.0,0.0,4479.0,0.0,2157.0,2153.0,2156.0,2169.0,2182.0,2190.0,10717.0,4255.0,8281.0,0.0,4479.0,0.0,2157.0,2153.0,2156.0
0.0,34099.0,6528.0,6466.0,16456.0,279.0,0.0,279.0,0.0,2157.0,2153.0,2156.0,2168.0,2188.0,2172.0,15151.0,6286.0,12662.0,0.0,279.0,0.0,2157.0,2153.0,2156.0
0.0,44027.0,6512.0,6469.0,9072.0,0.0,0.0,0.0,0.0,2158.0,2154.0,2157.0,2170.0,2170.0,2172.0,17423.0,10486.0,16118.0,0.0,0.0,0.0,2158.0,2154.0,2157.0
0.0,46587.0,6497.0,6469.0,4479.0,0.0,0.0,0.0,0.0,2158.0,2154.0,2157.0,2163.0,2164.0,2170.0,15321.0,14821.0,16445.0,0.0,0.0,0.0,2158.0,2154.0,2157.0
0.0,44569.0,6507.0,6472.0,279.0,0.0,0.0,0.0,0.0,2159.0,2155.0,2158.0,2162.0,2170.0,2175.0,13158.0,17136.0,14275.0,0.0,0.0,0.0,2159.0,2155.0,2158.0
0.0,38341.0,6507.0,6473.0,0.0,2835.0,1985.0,0.0,850.0,2160.0,2155.0,2158.0,2181.0,2166.0,2160.0,10996.0,15245.0,12100.0,1985.0,0.0,850.0,2160.0,2155.0,2158.0
0.0,31834.0,6471.0,6474.0,0.0,7136.0,4142.0,0.0,2994.0,2160.0,2156.0,2158.0,2157.0,2170.0,2144.0,8815.0,13079.0,9940.0,4142.0,0.0,2994.0,2160.0,2156.0,2158.0
0.0,25363.0,6493.0,6475.0,0.0,13505.0,6316.0,2043.0,5146.0,2160.0,2157.0,2158.0,2174.0,2167.0,2152.0,6658.0,10909.0,7796.0,6316.0,2043.0,5146.0,2160.0,2157.0,2158.0
0.0,18870.0,6505.0,6477.0,2835.0,17185.0,6514.0,4210.0,6461.0,2161.0,2157.0,2159.0,2178.0,2167.0,2160.0,4484.0,8742.0,5644.0,6514.0,4210.0,6461.0,2161.0,2157.0,2159.0
0.0,15200.0,6446.0,6478.0,7136.0,16500.0,4519.0,6378.0,5603.0,2161.0,2158.0,2159.0,2147.0,2163.0,2136.0,4291.0,6575.0,4334.0,4519.0,6378.0,5603.0,2161.0,2158.0,2159.0
0.0,15890.0,6481.0,6480.0,13505.0,9486.0,373.0,6489.0,2624.0,2162.0,2158.0,2160.0,2165.0,2154.0,2162.0,6286.0,4412.0,5192.0,373.0,6489.0,2624.0,2162.0,2158.0,2160.0
0.0,22914.0,6438.0,6481.0,17185.0,4427.0,0.0,4427.0,0.0,2162.0,2159.0,2160.0,2149.0,2143.0,2146.0,10437.0,4301.0,8176.0,0.0,4427.0,0.0,2162.0,2159.0,2160.0
0.0,33661.0,6461.0,6482.0,16500.0,198.0,0.0,198.0,0.0,2163.0,2159.0,2160.0,2163.0,2149.0,2149.0,14802.0,6368.0,12491.0,0.0,198.0,0.0,2163.0,2159.0,2160.0
0.0,43700.0,6465.0,6483.0,8896.0,0.0,0.0,0.0,0.0,2163.0,2159.0,2161.0,2147.0,2157.0,2161.0,17158.0,10597.0,15945.0,0.0,0.0,0.0,2163.0,2159.0,2161.0
0.0,46131.0,6497.0,6486.0,2393.0,0.0,0.0,0.0,0.0,2164.0,2160.0,2162.0,2170.0,2167.0,2160.0,15384.0,14339.0,16408.0,0.0,0.0,0.0,2164.0,2160.0,2162.0
0.0,42027.0,6490.0,6488.0,2822.0,0.0,0.0,0.0,0.0,2165.0,2161.0,2162.0,2159.0,2157.0,2174.0,13214.0,14565.0,14248.0,0.0,0.0,0.0,2165.0,2161.0,2162.0
0.0,38359.0,6508.0,6489.0,0.0,2849.0,1933.0,0.0,916.0,2165.0,2161.0,2163.0,2163.0,2170.0,2175.0,11055.0,15230.0,12074.0,1933.0,0.0,916.0,2165.0,2161.0,2163.0
0.0,31851.0,6554.0,6491.0,0.0,7245.0,4137.0,0.0,3108.0,2166.0,2162.0,2163.0,2199.0,2163.0,2192.0,8892.0,13060.0,9899.0,4137.0,0.0,3108.0,2166.0,2162.0,2163.0
0.0,25297.0,6566.0,6492.0,0.0,13729.0,6320.0,2084.0,5325.0,2166.0,2162.0,2164.0,2183.0,2171.0,2212.0,6693.0,10897.0,7707.0,6320.0,2084.0,5325.0,2166.0,2162.0,2164.0
0.0,18731.0,6562.0,6493.0,2849.0,17447.0,6572.0,4265.0,6610.0,2166.0,2162.0,2165.0,2185.0,2181.0,2196.0,4510.0,8726.0,5495.0,6572.0,4265.0,6610.0,2166.0,2162.0,2165.0
0.0,15018.0,6606.0,6496.0,7245.0,16823.0,4639.0,6471.0,5713.0,2167.0,2163.0,2166.0,2199.0,2201.0,2206.0,4258.0,6545.0,4215.0,4639.0,6471.0,5713.0,2167.0,2163.0,2166.0
0.0,15657.0,6583.0,6496.0,13600.0,9806.0,644.0,6579.0,2583.0,2167.0,2163.0,2166.0,2196.0,2192.0,2195.0,6196.0,4344.0,5117.0,644.0,6579.0,2583.0,2167.0,2163.0,2166.0
0.0,22674.0,6627.0,6498.0,14647.0,4522.0,0.0,4522.0,0.0,2167.0,2164.0,2167.0,2207.0,2203.0,2217.0,10191.0,4236.0,8247.0,0.0,4522.0,0.0,2167.0,2164.0,2167.0
0.0,30694.0,6575.0,6498.0,19752.0,250.0,0.0,250.0,0.0,2167.0,2164.0,2167.0,2185.0,2199.0,2191.0,11756.0,6298.0,12640.0,0.0,250.0,0.0,2167.0,2164.0,2167.0
0.0,43871.0,6587.0,6500.0,9806.0,0.0,0.0,0.0,0.0,2168.0,2164.0,2168.0,2185.0,2200.0,2202.0,17139.0,10570.0,16162.0,0.0,0.0,0.0,2168.0,2164.0,2168.0
0.0,47090.0,6609.0,6501.0,4522.0,0.0,0.0,0.0,0.0,2168.0,2165.0,2168.0,2192.0,2214.0,2203.0,15598.0,14949.0,16543.0,0.0,0.0,0.0,2168.0,2165.0,2168.0
0.0,45003.0,6564.0,6503.0,250.0,0.0,0.0,0.0,0.0,2169.0,2166.0,2168.0,2175.0,2206.0,2183.0,13406.0,17257.0,14340.0,0.0,0.0,0.0,2169.0,2166.0,2168.0
0.0,38689.0,6533.0,6503.0,0.0,2655.0,1803.0,0.0,852.0,2169.0,2166.0,2168.0,2189.0,2175.0,2169.0,11231.0,15301.0,12157.0,1803.0,0.0,852.0,2169.0,2166.0,2168.0
0.0,32156.0,6571.0,6506.0,0.0,7037.0,3998.0,0.0,3039.0,2170.0,2167.0,2169.0,2190.0,2199.0,2182.0,9042.0,13126.0,9988.0,3998.0,0.0,3039.0,2170.0,2167.0,2169.0
0.0,25585.0,6565.0,6507.0,0.0,13515.0,6201.0,2092.0,5222.0,2171.0,2167.0,2169.0,2198.0,2184.0,2183.0,6852.0,10927.0,7806.0,6201.0,2092.0,5222.0,2171.0,2167.0,2169.0
0.0,19020.0,6530.0,6509.0,2655.0,17400.0,6603.0,4263.0,6534.0,2172.0,2168.0,2169.0,2200.0,2166.0,2164.0,4654.0,8743.0,5623.0,6603.0,4263.0,6534.0,2172.0,2168.0,2169.0
0.0,15145.0,6516.0,6510.0,7037.0,16884.0,4779.0,6432.0,5673.0,2172.0,2168.0,2170.0,2174.0,2169.0,2173.0,4257.0,6577.0,4311.0,4779.0,6432.0,5673.0,2172.0,2168.0,2170.0
0.0,15666.0,6502.0,6511.0,13515.0,9876.0,751.0,6506.0,2619.0,2172.0,2169.0,2170.0,2173.0,2161.0,2168.0,6081.0,4408.0,5177.0,751.0,6506.0,2619.0,2172.0,2169.0,2170.0
0.0,22679.0,6498.0,6512.0,17400.0,4401.0,0.0,4401.0,0.0,2172.0,2169.0,2171.0,2168.0,2158.0,2172.0,10109.0,4339.0,8231.0,0.0,4401.0,0.0,2172.0,2169.0,2171.0
0.0,33581.0,6492.0,6514.0,16884.0,139.0,0.0,139.0,0.0,2173.0,2170.0,2171.0,2172.0,2165.0,2155.0,14544.0,6444.0,12593.0,0.0,139.0,0.0,2173.0,2170.0,2171.0
0.0,43973.0,6470.0,6515.0,9876.0,0.0,0.0,0.0,0.0,2173.0,2170.0,2172.0,2167.0,2149.0,2154.0,17151.0,10711.0,16111.0,0.0,0.0,0.0,2173.0,2170.0,2172.0
0.0,47379.0,6489.0,6516.0,2739.0,0.0,0.0,0.0,0.0,2173.0,2171.0,2172.0,2162.0,2160.0,2167.0,15735.0,15068.0,16576.0,0.0,0.0,0.0,2173.0,2171.0,2172.0
0.0,43629.0,6490.0,6519.0,1801.0,0.0,0.0,0.0,0.0,2174.0,2172.0,2173.0,2151.0,2166.0,2173.0,13573.0,15647.0,14409.0,0.0,0.0,0.0,2174.0,2172.0,2173.0
0.0,38940.0,6507.0,6521.0,0.0,2430.0,1627.0,0.0,803.0,2175.0,2172.0,2174.0,2174.0,2164.0,2169.0,11422.0,15282.0,12236.0,1627.0,0.0,803.0,2175.0,2172.0,2174.0
0.0,32433.0,6484.0,6521.0,0.0,6746.0,3778.0,0.0,2968.0,2175.0,2172.0,2174.0,2151.0,2168.0,2165.0,9248.0,13118.0,10067.0,3778.0,0.0,2968.0,2175.0,2172.0,2174.0
0.0,25949.0,6549.0,6523.0,0.0,13215.0,5943.0,2105.0,5167.0,2175.0,2173.0,2175.0,2165.0,2190.0,2194.0,7097.0,10950.0,7902.0,5943.0,2105.0,5167.0,2175.0,2173.0,2175.0
0.0,19400.0,6568.0,6525.0,2430.0,17363.0,6506.0,4299.0,6558.0,2176.0,2173.0,2176.0,2185.0,2194.0,2189.0,4932.0,8760.0,5708.0,6506.0,4299.0,6558.0,2176.0,2173.0,2176.0
0.0,15262.0,6585.0,6527.0,6746.0,17212.0,4925.0,6507.0,5780.0,2177.0,2174.0,2176.0,2192.0,2203.0,2190.0,4374.0,6566.0,4322.0,4925.0,6507.0,5780.0,2177.0,2174.0,2176.0
0.0,15423.0,6600.0,6529.0,13215.0,10607.0,1175.0,6607.0,2825.0,2177.0,2175.0,2177.0,2193.0,2200.0,2207.0,5960.0,4363.0,5100.0,1175.0,6607.0,2825.0,2177.0,2175.0,2177.0
0.0,22038.0,6642.0,6532.0,15231.0,4528.0,0.0,4528.0,0.0,2178.0,2176.0,2178.0,2211.0,2215.0,2216.0,9710.0,4268.0,8060.0,0.0,4528.0,0.0,2178.0,2176.0,2178.0
0.0,30627.0,6636.0,6532.0,19344.0,243.0,0.0,243.0,0.0,2178.0,2176.0,2178.0,2205.0,2222.0,2209.0,11873.0,6352.0,12402.0,0.0,243.0,0.0,2178.0,2176.0,2178.0
0.0,43335.0,6642.0,6534.0,10607.0,0.0,0.0,0.0,0.0,2178.0,2177.0,2179.0,2229.0,2204.0,2209.0,16725.0,10637.0,15973.0,0.0,0.0,0.0,2178.0,2177.0,2179.0
0.0,47300.0,6628.0,6536.0,4528.0,0.0,0.0,0.0,0.0,2179.0,2178.0,2179.0,2221.0,2204.0,2203.0,15671.0,15040.0,16589.0,0.0,0.0,0.0,2179.0,2178.0,2179.0
0.0,45200.0,6617.0,6536.0,243.0,0.0,0.0,0.0,0.0,2179.0,2178.0,2179.0,2202.0,2218.0,2197.0,13450.0,17364.0,14386.0,0.0,0.0,0.0,2179.0,2178.0,2179.0
0.0,38826.0,6621.0,6538.0,0.0,2771.0,1860.0,0.0,911.0,2179.0,2179.0,2180.0,2213.0,2208.0,2200.0,11248.0,15389.0,12189.0,1860.0,0.0,911.0,2179.0,2179.0,2180.0
0.0,32205.0,6619.0,6540.0,0.0,7183.0,4064.0,0.0,3119.0,2180.0,2180.0,2180.0,2199.0,2212.0,2208.0,9035.0,13181.0,9989.0,4064.0,0.0,3119.0,2180.0,2180.0,2180.0
0.0,25586.0,6609.0,6541.0,0.0,13728.0,6264.0,2139.0,5325.0,2180.0,2181.0,2180.0,2200.0,2203.0,2206.0,6836.0,10969.0,7781.0,6264.0,2139.0,5325.0,2180.0,2181.0,2180.0
0.0,18977.0,6596.0,6542.0,2771.0,17558.0,6614.0,4335.0,6609.0,2181.0,2181.0,2180.0,2205.0,2196.0,2195.0,4636.0,8766.0,5575.0,6614.0,4335.0,6609.0,2181.0,2181.0,2180.0
0.0,15152.0,6579.0,6543.0,7183.0,16959.0,4735.0,6527.0,5697.0,2181.0,2181.0,2181.0,2185.0,2192.0,2202.0,4291.0,6570.0,4291.0,4735.0,6527.0,5697.0,2181.0,2181.0,2181.0
0.0,15756.0,6597.0,6545.0,13728.0,9838.0,681.0,6574.0,2583.0,2182.0,2181.0,2182.0,2205.0,2186.0,2206.0,6170.0,4378.0,5208.0,681.0,6574.0,2583.0,2182.0,2181.0,2182.0
0.0,22887.0,6559.0,6546.0,17558.0,4434.0,0.0,4434.0,0.0,2182.0,2182.0,2182.0,2190.0,2190.0,2179.0,10229.0,4331.0,8327.0,0.0,4434.0,0.0,2182.0,2182.0,2182.0
0.0,33886.0,6579.0,6547.0,16959.0,91.0,0.0,91.0,0.0,2183.0,2182.0,2182.0,2203.0,2184.0,2192.0,14653.0,6476.0,12757.0,0.0,91.0,0.0,2183.0,2182.0,2182.0
0.0,44266.0,6550.0,6548.0,9404.0,0.0,0.0,0.0,0.0,2184.0,2182.0,2182.0,2197.0,2179.0,2174.0,17185.0,10819.0,16262.0,0.0,0.0,0.0,2184.0,2182.0,2182.0
0.0,47120.0,6554.0,6550.0,2158.0,0.0,0.0,0.0,0.0,2184.0,2183.0,2183.0,2186.0,2198.0,2170.0,15669.0,14780.0,16671.0,0.0,0.0,0.0,2184.0,2183.0,2183.0
0.0,42724.0,6538.0,6550.0,2801.0,0.0,0.0,0.0,0.0,2184.0,2183.0,2183.0,2176.0,2182.0,2180.0,13483.0,14740.0,14501.0,0.0,0.0,0.0,2184.0,2183.0,2183.0
0.0,38987.0,6550.0,6552.0,0.0,2571.0,1786.0,0.0,785.0,2184.0,2184.0,2184.0,2173.0,2191.0,2186.0,11307.0,15359.0,12321.0,1786.0,0.0,785.0,2184.0,2184.0,2184.0
0.0,32437.0,6531.0,6554.0,0.0,6937.0,3974.0,0.0,2963.0,2185.0,2184.0,2185.0,2183.0,2175.0,2173.0,9134.0,13168.0,10135.0,3974.0,0.0,2963.0,2185.0,2184.0,2185.0
0.0,25906.0,6534.0,6554.0,0.0,13398.0,6141.0,2112.0,5145.0,2185.0,2184.0,2185.0,2167.0,2185.0,2182.0,6951.0,10993.0,7962.0,6141.0,2112.0,5145.0,2185.0,2184.0,2185.0
0.0,19372.0,6554.0,6556.0,2571.0,17391.0,6524.0,4300.0,6567.0,2185.0,2185.0,2186.0,2169.0,2183.0,2202.0,4784.0,8808.0,5780.0,6524.0,4300.0,6567.0,2185.0,2185.0,2186.0
0.0,15389.0,6549.0,6558.0,6937.0,17013.0,4722.0,6487.0,5804.0,2185.0,2186.0,2187.0,2172.0,2182.0,2195.0,4401.0,6625.0,4363.0,4722.0,6487.0,5804.0,2185.0,2186.0,2187.0
0.0,15777.0,6563.0,6560.0,13398.0,10188.0,757.0,6565.0,2866.0,2186.0,2186.0,2188.0,2171.0,2190.0,2202.0,6203.0,4443.0,5131.0,757.0,6565.0,2866.0,2186.0,2186.0,2188.0
0.0,22612.0,6576.0,6562.0,16174.0,4468.0,0.0,4468.0,0.0,2186.0,2187.0,2189.0,2178.0,2198.0,2200.0,10173.0,4365.0,8074.0,0.0,4468.0,0.0,2186.0,2187.0,2189.0
0.0,32210.0,6596.0,6564.0,18230.0,178.0,0.0,178.0,0.0,2187.0,2188.0,2189.0,2195.0,2192.0,2209.0,13302.0,6467.0,12441.0,0.0,178.0,0.0,2187.0,2188.0,2189.0
0.0,43844.0,6627.0,6566.0,10188.0,0.0,0.0,0.0,0.0,2188.0,2188.0,2190.0,2209.0,2206.0,2212.0,17046.0,10762.0,16036.0,0.0,0.0,0.0,2188.0,2188.0,2190.0
0.0,47405.0,6626.0,6567.0,4468.0,0.0,0.0,0.0,0.0,2188.0,2189.0,2190.0,2212.0,2198.0,2216.0,15594.0,15121.0,16690.0,0.0,0.0,0.0,2188.0,2189.0,2190.0
0.0,45247.0,6636.0,6570.0,178.0,0.0,0.0,0.0,0.0,2189.0,2190.0,2191.0,2221.0,2196.0,2219.0,13382.0,17391.0,14474.0,0.0,0.0,0.0,2189.0,2190.0,2191.0
0.0,38789.0,6654.0,6570.0,0.0,2929.0,2009.0,0.0,920.0,2189.0,2190.0,2191.0,2225.0,2209.0,2220.0,11161.0,15373.0,12255.0,2009.0,0.0,920.0,2189.0,2190.0,2191.0
0.0,32135.0,6626.0,6571.0,0.0,7358.0,4233.0,0.0,3125.0,2190.0,2190.0,2191.0,2219.0,2202.0,2205.0,8936.0,13164.0,10035.0,4233.0,0.0,3125.0,2190.0,2190.0,2191.0
0.0,25509.0,6638.0,6571.0,0.0,13984.0,6458.0,2188.0,5338.0,2190.0,2190.0,2191.0,2225.0,2200.0,2213.0,6717.0,10962.0,7830.0,6458.0,2188.0,5338.0,2190.0,2190.0,2191.0
0.0,18871.0,6649.0,6572.0,2929.0,17709.0,6655.0,4412.0,6642.0,2190.0,2191.0,2191.0,2206.0,2219.0,2224.0,4492.0,8762.0,5617.0,6655.0,4412.0,6642.0,2190.0,2191.0,2191.0
0.0,15151.0,6633.0,6574.0,7358.0,16994.0,4645.0,6619.0,5730.0,2191.0,2191.0,2192.0,2218.0,2207.0,2208.0,4295.0,6543.0,4313.0,4645.0,6619.0,5730.0,2191.0,2191.0,2192.0
0.0,15876.0,6639.0,6574.0,13984.0,9649.0,396.0,6647.0,2606.0,2191.0,2191.0,2192.0,2209.0,2216.0,2214.0,6310.0,4336.0,5230.0,396.0,6647.0,2606.0,2191.0,2191.0,2192.0
0.0,23221.0,6623.0,6575.0,17709.0,4444.0,0.0,4444.0,0.0,2192.0,2191.0,2192.0,2220.0,2209.0,2194.0,10559.0,4308.0,8354.0,0.0,4444.0,0.0,2192.0,2191.0,2192.0
0.0,34307.0,6630.0,6575.0,16994.0,51.0,0.0,51.0,0.0,2192.0,2191.0,2192.0,2189.0,2226.0,2215.0,14994.0,6511.0,12802.0,0.0,51.0,0.0,2192.0,2191.0,2192.0
0.0,44671.0,6614.0,6577.0,9649.0,0.0,0.0,0.0,0.0,2192.0,2192.0,2193.0,2195.0,2208.0,2211.0,17450.0,10904.0,16317.0,0.0,0.0,0.0,2192.0,2192.0,2193.0
0.0,47706.0,6642.0,6579.0,3008.0,0.0,0.0,0.0,0.0,2193.0,2192.0,2194.0,2225.0,2224.0,2193.0,15651.0,15343.0,16712.0,0.0,0.0,0.0,2193.0,2192.0,2194.0
0.0,44072.0,6630.0,6580.0,1487.0,0.0,0.0,0.0,0.0,2193.0,2193.0,2194.0,2211.0,2213.0,2206.0,13426.0,16127.0,14519.0,0.0,0.0,0.0,2193.0,2193.0,2194.0
0.0,38929.0,6623.0,6583.0,0.0,2843.0,1973.0,0.0,870.0,2194.0,2194.0,2195.0,2218.0,2197.0,2208.0,11215.0,15401.0,12313.0,1973.0,0.0,870.0,2194.0,2194.0,2195.0
0.0,32306.0,6571.0,6583.0,0.0,7224.0,4171.0,0.0,3053.0,2194.0,2194.0,2195.0,2198.0,2190.0,2183.0,8997.0,13204.0,10105.0,4171.0,0.0,3053.0,2194.0,2194.0,2195.0
0.0,25735.0,6595.0,6585.0,0.0,13785.0,6361.0,2154.0,5270.0,2194.0,2195.0,2196.0,2190.0,2193.0,2212.0,6799.0,11014.0,7922.0,6361.0,2154.0,5270.0,2194.0,2195.0,2196.0
0.0,19140.0,6580.0,6586.0,2843.0,17527.0,6598.0,4350.0,6579.0,2195.0,2195.0,2196.0,2205.0,2196.0,2179.0,4609.0,8821.0,5710.0,6598.0,4350.0,6579.0,2195.0,2195.0,2196.0
0.0,15403.0,6596.0,6589.0,7224.0,16914.0,4630.0,6546.0,5738.0,2196.0,2196.0,2197.0,2198.0,2191.0,2207.0,4377.0,6625.0,4401.0,4630.0,6546.0,5738.0,2196.0,2196.0,2197.0
0.0,16031.0,6587.0,6591.0,13785.0,9726.0,466.0,6602.0,2658.0,2196.0,2197.0,2198.0,2197.0,2205.0,2185.0,6350.0,4434.0,5247.0,466.0,6602.0,2658.0,2196.0,2197.0,2198.0
0.0,23229.0,6611.0,6593.0,14930.0,4459.0,0.0,4459.0,0.0,2197.0,2198.0,2198.0,2202.0,2202.0,2207.0,10514.0,4383.0,8332.0,0.0,4459.0,0.0,2197.0,2198.0,2198.0
0.0,31548.0,6573.0,6595.0,18218.0,93.0,0.0,93.0,0.0,2198.0,2198.0,2199.0,2194.0,2180.0,2199.0,12313.0,6531.0,12704.0,0.0,93.0,0.0,2198.0,2198.0,2199.0
0.0,43193.0,6558.0,6595.0,11019.0,0.0,0.0,0.0,0.0,2198.0,2198.0,2199.0,2172.0,2187.0,2199.0,16053.0,10897.0,16243.0,0.0,0.0,0.0,2198.0,2198.0,2199.0
0.0,47654.0,6581.0,6597.0,4459.0,0.0,0.0,0.0,0.0,2198.0,2199.0,2200.0,2184.0,2179.0,2218.0,15640.0,15312.0,16702.0,0.0,0.0,0.0,2198.0,2199.0,2200.0
0.0,45532.0,6581.0,6598.0,93.0,0.0,0.0,0.0,0.0,2198.0,2199.0,2201.0,2175.0,2190.0,2216.0,13456.0,17592.0,14484.0,0.0,0.0,0.0,2198.0,2199.0,2201.0
0.0,39044.0,6604.0,6599.0,0.0,2863.0,1921.0,0.0,942.0,2199.0,2199.0,2201.0,2207.0,2192.0,2205.0,11281.0,15495.0,12268.0,1921.0,0.0,942.0,2199.0,2199.0,2201.0
0.0,32440.0,6646.0,6600.0,0.0,7300.0,4128.0,0.0,3172.0,2199.0,2199.0,2202.0,2207.0,2214.0,2225.0,9074.0,13303.0,10063.0,4128.0,0.0,3172.0,2199.0,2199.0,2202.0
0.0,25794.0,6635.0,6601.0,0.0,13846.0,6341.0,2125.0,5380.0,2200.0,2199.0,2202.0,2208.0,2219.0,2208.0,6867.0,11089.0,7838.0,6341.0,2125.0,5380.0,2200.0,2199.0,2202.0
0.0,19159.0,6684.0,6602.0,2863.0,17672.0,6650.0,4366.0,6656.0,2200.0,2200.0,2202.0,2230.0,2236.0,2218.0,4659.0,8870.0,5630.0,6650.0,4366.0,6656.0,2200.0,2200.0,2202.0
0.0,15338.0,6688.0,6602.0,7300.0,17060.0,4745.0,6602.0,5713.0,2200.0,2200.0,2202.0,2223.0,2236.0,2229.0,4350.0,6634.0,4354.0,4745.0,6602.0,5713.0,2200.0,2200.0,2202.0
0.0,15950.0,6687.0,6602.0,13846.0,9901.0,648.0,6704.0,2549.0,2200.0,2200.0,2202.0,2244.0,2227.0,2216.0,6255.0,4398.0,5297.0,648.0,6704.0,2549.0,2200.0,2200.0,2202.0
0.0,23109.0,6721.0,6605.0,17672.0,4580.0,0.0,4580.0,0.0,2201.0,2201.0,2203.0,2242.0,2237.0,2242.0,10352.0,4296.0,8461.0,0.0,4580.0,0.0,2201.0,2201.0,2203.0
0.0,34060.0,6697.0,6607.0,17060.0,202.0,0.0,202.0,0.0,2202.0,2201.0,2204.0,2253.0,2224.0,2220.0,14760.0,6425.0,12875.0,0.0,202.0,0.0,2202.0,2201.0,2204.0
0.0,44423.0,6687.0,6608.0,9055.0,0.0,0.0,0.0,0.0,2202.0,2202.0,2204.0,2222.0,2238.0,2227.0,17252.0,10803.0,16368.0,0.0,0.0,0.0,2202.0,2202.0,2204.0
0.0,46791.0,6697.0,6610.0,2480.0,0.0,0.0,0.0,0.0,2203.0,2202.0,2205.0,2234.0,2234.0,2229.0,15678.0,14423.0,16690.0,0.0,0.0,0.0,2203.0,2202.0,2205.0
0.0,42574.0,6660.0,6610.0,3148.0,0.0,0.0,0.0,0.0,2203.0,2202.0,2205.0,2217.0,2217.0,2226.0,13444.0,14669.0,14461.0,0.0,0.0,0.0,2203.0,2202.0,2205.0
0.0,39062.0,6653.0,6611.0,0.0,3004.0,1995.0,0.0,1009.0,2203.0,2203.0,2205.0,2207.0,2227.0,2219.0,11227.0,15600.0,12235.0,1995.0,0.0,1009.0,2203.0,2203.0,2205.0
0.0,32409.0,6673.0,6613.0,0.0,7465.0,4233.0,0.0,3232.0,2204.0,2203.0,2206.0,2233.0,2222.0,2218.0,9020.0,13373.0,10016.0,4233.0,0.0,3232.0,2204.0,2203.0,2206.0
0.0,25736.0,6661.0,6614.0,0.0,13995.0,6440.0,2097.0,5458.0,2204.0,2204.0,2206.0,2207.0,2228.0,2226.0,6787.0,11151.0,7798.0,6440.0,2097.0,5458.0,2204.0,2204.0,2206.0
0.0,19075.0,6648.0,6617.0,3004.0,17654.0,6682.0,4304.0,6668.0,2205.0,2205.0,2207.0,2232.0,2202.0,2214.0,4580.0,8923.0,5572.0,6682.0,4304.0,6668.0,2205.0,2205.0,2207.0
0.0,15431.0,6647.0,6617.0,7465.0,16836.0,4663.0,6513.0,5660.0,2205.0,2205.0,2207.0,2214.0,2209.0,2224.0,4343.0,6721.0,4367.0,4663.0,6513.0,5660.0,2205.0,2205.0,2207.0
0.0,16249.0,6641.0,6619.0,13995.0,9492.0,452.0,6619.0,2421.0,2206.0,2205.0,2208.0,2224.0,2203.0,2214.0,6362.0,4512.0,5375.0,452.0,6619.0,2421.0,2206.0,2205.0,2208.0
0.0,23603.0,6653.0,6621.0,17422.0,4538.0,0.0,4538.0,0.0,2206.0,2206.0,2209.0,2212.0,2218.0,2223.0,10578.0,4406.0,8619.0,0.0,4538.0,0.0,2206.0,2206.0,2209.0
0.0,34372.0,6629.0,6623.0,17068.0,238.0,0.0,238.0,0.0,2207.0,2206.0,2210.0,2206.0,2213.0,2210.0,14816.0,6492.0,13064.0,0.0,238.0,0.0,2207.0,2206.0,2210.0
0.0,44811.0,6614.0,6624.0,9492.0,0.0,0.0,0.0,0.0,2207.0,2207.0,2210.0,2201.0,2210.0,2203.0,17505.0,10792.0,16514.0,0.0,0.0,0.0,2207.0,2207.0,2210.0
0.0,47689.0,6624.0,6626.0,4538.0,0.0,0.0,0.0,0.0,2208.0,2207.0,2211.0,2201.0,2210.0,2213.0,15756.0,15201.0,16732.0,0.0,0.0,0.0,2208.0,2207.0,2211.0
0.0,45603.0,6611.0,6627.0,238.0,0.0,0.0,0.0,0.0,2208.0,2208.0,2211.0,2203.0,2205.0,2203.0,13555.0,17529.0,14519.0,0.0,0.0,0.0,2208.0,2208.0,2211.0
0.0,39230.0,6618.0,6628.0,0.0,2844.0,1904.0,0.0,940.0,2209.0,2208.0,2211.0,2211.0,2206.0,2201.0,11352.0,15562.0,12316.0,1904.0,0.0,940.0,2209.0,2208.0,2211.0
0.0,32612.0,6604.0,6630.0,0.0,7251.0,4095.0,0.0,3156.0,2209.0,2209.0,2212.0,2191.0,2202.0,2211.0,9141.0,13356.0,10115.0,4095.0,0.0,3156.0,2209.0,2209.0,2212.0
0.0,26008.0,6635.0,6631.0,0.0,13782.0,6301.0,2103.0,5378.0,2210.0,2209.0,2212.0,2201.0,2212.0,2222.0,6950.0,11154.0,7904.0,6301.0,2103.0,5378.0,2210.0,2209.0,2212.0
0.0,19373.0,6643.0,6632.0,2844.0,17586.0,6601.0,4329.0,6656.0,2210.0,2210.0,2212.0,2204.0,2221.0,2218.0,4749.0,8942.0,5682.0,6601.0,4329.0,6656.0,2210.0,2210.0,2212.0
0.0,15574.0,6655.0,6633.0,7251.0,16995.0,4724.0,6553.0,5718.0,2211.0,2210.0,2212.0,2213.0,2224.0,2218.0,4449.0,6721.0,4404.0,4724.0,6553.0,5718.0,2211.0,2210.0,2212.0
0.0,16170.0,6659.0,6635.0,13782.0,9882.0,637.0,6679.0,2566.0,2211.0,2211.0,2213.0,2214.0,2224.0,2221.0,6331.0,4497.0,5342.0,637.0,6679.0,2566.0,2211.0,2211.0,2213.0
0.0,23293.0,6695.0,6635.0,17586.0,4593.0,0.0,4593.0,0.0,2211.0,2211.0,2213.0,2219.0,2243.0,2233.0,10418.0,4376.0,8499.0,0.0,4593.0,0.0,2211.0,2211.0,2213.0
0.0,34184.0,6714.0,6636.0,16995.0,282.0,0.0,282.0,0.0,2211.0,2212.0,2213.0,2235.0,2237.0,2242.0,14800.0,6462.0,12922.0,0.0,282.0,0.0,2211.0,2212.0,2213.0
0.0,44465.0,6692.0,6638.0,9882.0,0.0,0.0,0.0,0.0,2212.0,2212.0,2214.0,2244.0,2215.0,2233.0,17289.0,10778.0,16398.0,0.0,0.0,0.0,2212.0,2212.0,2214.0
0.0,47655.0,6742.0,6640.0,2894.0,0.0,0.0,0.0,0.0,2213.0,2213.0,2214.0,2269.0,2228.0,2245.0,15682.0,15242.0,16731.0,0.0,0.0,0.0,2213.0,2213.0,2214.0
0.0,43807.0,6741.0,6642.0,1981.0,0.0,0.0,0.0,0.0,2213.0,2214.0,2215.0,2261.0,2240.0,2240.0,13413.0,15908.0,14486.0,0.0,0.0,0.0,2213.0,2214.0,2215.0
0.0,39047.0,6717.0,6643.0,0.0,3227.0,2160.0,0.0,1067.0,2214.0,2214.0,2215.0,2242.0,2237.0,2238.0,11152.0,15649.0,12246.0,2160.0,0.0,1067.0,2214.0,2214.0,2215.0
0.0,32330.0,6711.0,6645.0,0.0,7703.0,4390.0,0.0,3313.0,2214.0,2215.0,2216.0,2230.0,2240.0,2241.0,8910.0,13412.0,10008.0,4390.0,0.0,3313.0,2214.0,2215.0,2216.0
0.0,25619.0,6690.0,6646.0,0.0,14301.0,6617.0,2133.0,5551.0,2215.0,2215.0,2216.0,2222.0,2230.0,2238.0,6680.0,11172.0,7767.0,6617.0,2133.0,5551.0,2215.0,2215.0,2216.0
0.0,18929.0,6720.0,6647.0,3227.0,17799.0,6699.0,4372.0,6728.0,2215.0,2215.0,2217.0,2242.0,2239.0,2239.0,4458.0,8942.0,5529.0,6699.0,4372.0,6728.0,2215.0,2215.0,2217.0
0.0,15436.0,6748.0,6650.0,7703.0,16859.0,4555.0,6641.0,5663.0,2216.0,2216.0,2218.0,2241.0,2264.0,2243.0,4376.0,6703.0,4357.0,4555.0,6641.0,5663.0,2216.0,2216.0,2218.0
0.0,16391.0,6710.0,6652.0,14301.0,9278.0,190.0,6750.0,2338.0,2217.0,2217.0,2218.0,2247.0,2237.0,2226.0,6525.0,4439.0,5427.0,190.0,6750.0,2338.0,2217.0,2217.0,2218.0
0.0,23982.0,6705.0,6653.0,14689.0,4612.0,0.0,4612.0,0.0,2217.0,2217.0,2219.0,2226.0,2234.0,2245.0,10895.0,4335.0,8752.0,0.0,4612.0,0.0,2217.0,2217.0,2219.0
0.0,31966.0,6696.0,6653.0,19969.0,205.0,0.0,205.0,0.0,2217.0,2217.0,2219.0,2232.0,2234.0,2230.0,12258.0,6473.0,13235.0,0.0,205.0,0.0,2217.0,2217.0,2219.0
0.0,45239.0,6702.0,6656.0,9278.0,0.0,0.0,0.0,0.0,2218.0,2218.0,2220.0,2226.0,2231.0,2245.0,17691.0,10880.0,16668.0,0.0,0.0,0.0,2218.0,2218.0,2220.0
0.0,47815.0,6719.0,6658.0,4612.0,0.0,0.0,0.0,0.0,2218.0,2219.0,2221.0,2242.0,2243.0,2234.0,15655.0,15399.0,16761.0,0.0,0.0,0.0,2218.0,2219.0,2221.0
0.0,45708.0,6686.0,6660.0,205.0,0.0,0.0,0.0,0.0,2219.0,2220.0,2221.0,2236.0,2222.0,2228.0,13413.0,17768.0,14527.0,0.0,0.0,0.0,2219.0,2220.0,2221.0
0.0,39227.0,6662.0,6662.0,0.0,3166.0,2141.0,0.0,1025.0,2220.0,2220.0,2222.0,2218.0,2230.0,2214.0,11177.0,15751.0,12299.0,2141.0,0.0,1025.0,2220.0,2220.0,2222.0
0.0,32565.0,6662.0,6663.0,0.0,7607.0,4363.0,0.0,3244.0,2220.0,2221.0,2222.0,2222.0,2221.0,2219.0,8959.0,13521.0,10085.0,4363.0,0.0,3244.0,2220.0,2221.0,2222.0
0.0,25903.0,6641.0,6664.0,0.0,14058.0,6571.0,2014.0,5473.0,2220.0,2221.0,2223.0,2208.0,2209.0,2224.0,6737.0,11300.0,7866.0,6571.0,2014.0,5473.0,2220.0,2221.0,2223.0
0.0,19262.0,6635.0,6664.0,3166.0,17527.0,6644.0,4217.0,6666.0,2220.0,2221.0,2223.0,2214.0,2203.0,2218.0,4529.0,9091.0,5642.0,6644.0,4217.0,6666.0,2220.0,2221.0,2223.0
0.0,15793.0,6614.0,6665.0,7607.0,16539.0,4479.0,6422.0,5638.0,2220.0,2221.0,2224.0,2198.0,2205.0,2211.0,4456.0,6888.0,4449.0,4479.0,6422.0,5638.0,2220.0,2221.0,2224.0
0.0,16786.0,6647.0,6667.0,14058.0,9138.0,125.0,6631.0,2382.0,2221.0,2222.0,2224.0,2212.0,2218.0,2217.0,6621.0,4683.0,5482.0,125.0,6631.0,2382.0,2221.0,2222.0,2224.0
0.0,24197.0,6657.0,6668.0,17527.0,4618.0,0.0,4618.0,0.0,2222.0,2222.0,2224.0,2224.0,2204.0,2229.0,10980.0,4479.0,8738.0,0.0,4618.0,0.0,2222.0,2222.0,2224.0
0.0,35067.0,6702.0,6671.0,16539.0,454.0,0.0,454.0,0.0,2223.0,2224.0,2224.0,2230.0,2248.0,2224.0,15400.0,6492.0,13175.0,0.0,454.0,0.0,2223.0,2224.0,2224.0
0.0,44904.0,6684.0,6672.0,9138.0,0.0,0.0,0.0,0.0,2223.0,2224.0,2225.0,2215.0,2231.0,2238.0,17649.0,10666.0,16589.0,0.0,0.0,0.0,2223.0,2224.0,2225.0
0.0,47358.0,6703.0,6674.0,2027.0,0.0,0.0,0.0,0.0,2224.0,2225.0,2225.0,2235.0,2236.0,2232.0,15559.0,15066.0,16733.0,0.0,0.0,0.0,2224.0,2225.0,2225.0
0.0,42682.0,6695.0,6674.0,3045.0,28.0,28.0,0.0,0.0,2224.0,2225.0,2225.0,2232.0,2246.0,2217.0,13324.0,14857.0,14501.0,28.0,0.0,0.0,2224.0,2225.0,2225.0
0.0,39032.0,6750.0,6676.0,0.0,3383.0,2294.0,0.0,1089.0,2225.0,2225.0,2226.0,2261.0,2246.0,2243.0,11092.0,15656.0,12284.0,2294.0,0.0,1089.0,2225.0,2225.0,2226.0
0.0,32282.0,6762.0,6678.0,0.0,7891.0,4560.0,0.0,3331.0,2226.0,2226.0,2226.0,2261.0,2259.0,2242.0,8831.0,13410.0,10041.0,4560.0,0.0,3331.0,2226.0,2226.0,2226.0
0.0,25520.0,6763.0,6679.0,28.0,14610.0,6781.0,2236.0,5593.0,2226.0,2226.0,2227.0,2249.0,2257.0,2257.0,6570.0,11151.0,7799.0,6781.0,2236.0,5593.0,2226.0,2226.0,2227.0
0.0,18785.0,6772.0,6680.0,3383.0,18004.0,6739.0,4514.0,6751.0,2226.0,2227.0,2227.0,2252.0,2273.0,2247.0,4349.0,8894.0,5542.0,6739.0,4514.0,6751.0,2226.0,2227.0,2227.0
0.0,15396.0,6783.0,6682.0,7891.0,16906.0,4441.0,6766.0,5699.0,2226.0,2228.0,2228.0,2262.0,2247.0,2274.0,4391.0,6621.0,4384.0,4441.0,6766.0,5699.0,2226.0,2228.0,2228.0
0.0,16504.0,6773.0,6683.0,13711.0,9973.0,797.0,6795.0,2381.0,2226.0,2228.0,2229.0,2238.0,2265.0,2270.0,6689.0,4374.0,5441.0,797.0,6795.0,2381.0,2226.0,2228.0,2229.0
0.0,23442.0,6743.0,6684.0,17742.0,4533.0,0.0,4533.0,0.0,2227.0,2228.0,2229.0,2250.0,2252.0,2241.0,10333.0,4345.0,8764.0,0.0,4533.0,0.0,2227.0,2228.0,2229.0
0.0,34441.0,6764.0,6686.0,18067.0,25.0,0.0,25.0,0.0,2227.0,2229.0,2230.0,2248.0,2253.0,2263.0,14560.0,6607.0,13274.0,0.0,25.0,0.0,2227.0,2229.0,2230.0
0.0,45744.0,6758.0,6688.0,9973.0,0.0,0.0,0.0,0.0,2228.0,2230.0,2230.0,2236.0,2264.0,2258.0,17914.0,11120.0,16710.0,0.0,0.0,0.0,2228.0,2230.0,2230.0
0.0,48959.0,6743.0,6689.0,4533.0,0.0,0.0,0.0,0.0,2228.0,2230.0,2231.0,2238.0,2256.0,2249.0,16475.0,15651.0,16833.0,0.0,0.0,0.0,2228.0,2230.0,2231.0
0.0,46749.0,6721.0,6691.0,25.0,0.0,0.0,0.0,0.0,2229.0,2231.0,2231.0,2241.0,2238.0,2242.0,14237.0,17928.0,14584.0,0.0,0.0,0.0,2229.0,2231.0,2231.0
0.0,40053.0,6725.0,6692.0,0.0,2461.0,1395.0,0.0,1066.0,2229.0,2231.0,2232.0,2246.0,2231.0,2248.0,11996.0,15715.0,12342.0,1395.0,0.0,1066.0,2229.0,2231.0,2232.0
0.0,33328.0,6699.0,6692.0,0.0,6937.0,3625.0,0.0,3312.0,2229.0,2231.0,2232.0,2230.0,2223.0,2246.0,9750.0,13484.0,10094.0,3625.0,0.0,3312.0,2229.0,2231.0,2232.0
0.0,26629.0,6705.0,6694.0,0.0,13546.0,5861.0,2125.0,5560.0,2229.0,2232.0,2233.0,2236.0,2226.0,2243.0,7520.0,11261.0,7848.0,5861.0,2125.0,5560.0,2229.0,2232.0,2233.0
0.0,19924.0,6706.0,6695.0,2461.0,17796.0,6718.0,4345.0,6733.0,2230.0,2232.0,2233.0,2247.0,2220.0,2239.0,5284.0,9035.0,5605.0,6718.0,4345.0,6733.0,2230.0,2232.0,2233.0
0.0,15679.0,6650.0,6696.0,6937.0,17514.0,5307.0,6553.0,5654.0,2230.0,2232.0,2234.0,2214.0,2208.0,2228.0,4432.0,6815.0,4432.0,5307.0,6553.0,5654.0,2230.0,2232.0,2234.0
0.0,15966.0,6675.0,6697.0,13546.0,10648.0,1693.0,6645.0,2310.0,2231.0,2232.0,2234.0,2242.0,2217.0,2216.0,5843.0,4607.0,5516.0,1693.0,6645.0,2310.0,2231.0,2232.0,2234.0
0.0,22837.0,6716.0,6698.0,17796.0,4528.0,0.0,4528.0,0.0,2232.0,2232.0,2234.0,2241.0,2228.0,2247.0,9462.0,4515.0,8860.0,0.0,4528.0,0.0,2232.0,2232.0,2234.0
0.0,33917.0,6682.0,6700.0,17514.0,206.0,0.0,206.0,0.0,2232.0,2233.0,2235.0,2242.0,2226.0,2214.0,13939.0,6632.0,13346.0,0.0,206.0,0.0,2232.0,2233.0,2235.0
0.0,44749.0,6664.0,6700.0,10648.0,0.0,0.0,0.0,0.0,2232.0,2233.0,2235.0,2201.0,2234.0,2229.0,17004.0,10959.0,16786.0,0.0,0.0,0.0,2232.0,2233.0,2235.0
0.0,48733.0,6690.0,6703.0,1967.0,0.0,0.0,0.0,0.0,2233.0,2234.0,2236.0,2218.0,2234.0,2238.0,16496.0,15370.0,16867.0,0.0,0.0,0.0,2233.0,2234.0,2236.0
0.0,44010.0,6691.0,6704.0,2767.0,0.0,0.0,0.0,0.0,2233.0,2235.0,2236.0,2219.0,2246.0,2226.0,14278.0,15103.0,14629.0,0.0,0.0,0.0,2233.0,2235.0,2236.0
0.0,40086.0,6712.0,6705.0,0.0,2365.0,1355.0,0.0,1010.0,2234.0,2235.0,2236.0,2244.0,2235.0,2233.0,12059.0,15624.0,12403.0,1355.0,0.0,1010.0,2234.0,2235.0,2236.0
0.0,33374.0,6718.0,6706.0,0.0,6874.0,3604.0,28.0,3242.0,2235.0,2235.0,2236.0,2244.0,2242.0,2232.0,9815.0,13389.0,10170.0,3604.0,28.0,3242.0,2235.0,2235.0,2236.0
0.0,26656.0,6759.0,6708.0,0.0,13643.0,5860.0,2282.0,5501.0,2235.0,2236.0,2237.0,2256.0,2249.0,2254.0,7571.0,11147.0,7938.0,5860.0,2282.0,5501.0,2235.0,2236.0,2237.0
0.0,19897.0,6769.0,6709.0,2365.0,18052.0,6773.0,4550.0,6729.0,2236.0,2236.0,2237.0,2263.0,2268.0,2238.0,5315.0,8898.0,5684.0,6773.0,4550.0,6729.0,2236.0,2236.0,2237.0
0.0,15493.0,6770.0,6710.0,6874.0,17953.0,5419.0,6796.0,5738.0,2236.0,2237.0,2237.0,2250.0,2269.0,2251.0,4407.0,6630.0,4456.0,5419.0,6796.0,5738.0,2236.0,2237.0,2237.0
0.0,15597.0,6799.0,6713.0,13643.0,11124.0,1837.0,6783.0,2504.0,2237.0,2238.0,2238.0,2273.0,2264.0,2262.0,5761.0,4389.0,5447.0,1837.0,6783.0,2504.0,2237.0,2238.0,2238.0
0.0,22441.0,6799.0,6713.0,16573.0,4501.0,0.0,4501.0,0.0,2237.0,2238.0,2238.0,2252.0,2268.0,2279.0,9348.0,4407.0,8686.0,0.0,4501.0,0.0,2237.0,2238.0,2238.0
0.0,32215.0,6819.0,6715.0,19102.0,0.0,0.0,0.0,0.0,2237.0,2239.0,2239.0,2276.0,2265.0,2278.0,12390.0,6689.0,13136.0,0.0,0.0,0.0,2237.0,2239.0,2239.0
0.0,44498.0,6814.0,6718.0,11454.0,0.0,0.0,0.0,0.0,2238.0,2240.0,2240.0,2271.0,2285.0,2258.0,16682.0,11220.0,16596.0,0.0,0.0,0.0,2238.0,2240.0,2240.0
0.0,49138.0,6794.0,6718.0,4501.0,0.0,0.0,0.0,0.0,2238.0,2240.0,2240.0,2264.0,2257.0,2273.0,16578.0,15718.0,16842.0,0.0,0.0,0.0,2238.0,2240.0,2240.0
0.0,46845.0,6824.0,6721.0,0.0,0.0,0.0,0.0,0.0,2239.0,2241.0,2241.0,2264.0,2275.0,2285.0,14314.0,17962.0,14569.0,0.0,0.0,0.0,2239.0,2241.0,2241.0
0.0,40021.0,6805.0,6722.0,0.0,2617.0,1409.0,0.0,1208.0,2239.0,2241.0,2242.0,2264.0,2259.0,2282.0,12050.0,15687.0,12284.0,1409.0,0.0,1208.0,2239.0,2241.0,2242.0
0.0,33216.0,6772.0,6723.0,0.0,7171.0,3661.0,36.0,3474.0,2240.0,2241.0,2242.0,2247.0,2259.0,2266.0,9786.0,13428.0,10002.0,3661.0,36.0,3474.0,2240.0,2241.0,2242.0
0.0,26444.0,6782.0,6725.0,0.0,13963.0,5917.0,2289.0,5757.0,2240.0,2242.0,2243.0,2256.0,2248.0,2278.0,7539.0,11169.0,7736.0,5917.0,2289.0,5757.0,2240.0,2242.0,2243.0
0.0,19662.0,6778.0,6726.0,2617.0,18129.0,6774.0,4542.0,6813.0,2240.0,2242.0,2244.0,2266.0,2253.0,2259.0,5283.0,8921.0,5458.0,6774.0,4542.0,6813.0,2240.0,2242.0,2244.0
0.0,15501.0,6770.0,6727.0,7171.0,17733.0,5375.0,6767.0,5591.0,2241.0,2242.0,2244.0,2257.0,2261.0,2252.0,4426.0,6668.0,4407.0,5375.0,6767.0,5591.0,2241.0,2242.0,2244.0
0.0,15902.0,6741.0,6729.0,13963.0,10521.0,1719.0,6726.0,2076.0,2242.0,2243.0,2244.0,2256.0,2243.0,2242.0,5830.0,4443.0,5629.0,1719.0,6726.0,2076.0,2242.0,2243.0,2244.0
0.0,23124.0,6746.0,6729.0,18129.0,4433.0,0.0,4433.0,0.0,2242.0,2243.0,2244.0,2253.0,2249.0,2244.0,9491.0,4489.0,9144.0,0.0,4433.0,0.0,2242.0,2243.0,2244.0
0.0,34507.0,6709.0,6729.0,17733.0,0.0,0.0,0.0,0.0,2242.0,2243.0,2244.0,2240.0,2250.0,2219.0,14012.0,6782.0,13713.0,0.0,0.0,0.0,2242.0,2243.0,2244.0
0.0,45531.0,6733.0,6731.0,10521.0,0.0,0.0,0.0,0.0,2243.0,2244.0,2244.0,2262.0,2244.0,2227.0,17147.0,11299.0,17085.0,0.0,0.0,0.0,2243.0,2244.0,2244.0
0.0,49319.0,6751.0,6732.0,1737.0,0.0,0.0,0.0,0.0,2243.0,2244.0,2245.0,2241.0,2255.0,2255.0,16604.0,15781.0,16934.0,0.0,0.0,0.0,2243.0,2244.0,2245.0
0.0,44305.0,6725.0,6734.0,2696.0,0.0,0.0,0.0,0.0,2244.0,2245.0,2245.0,2241.0,2253.0,2231.0,14363.0,15263.0,14679.0,0.0,0.0,0.0,2244.0,2245.0,2245.0
0.0,40276.0,6719.0,6736.0,0.0,2356.0,1332.0,0.0,1024.0,2244.0,2246.0,2246.0,2234.0,2243.0,2242.0,12122.0,15706.0,12448.0,1332.0,0.0,1024.0,2244.0,2246.0,2246.0
0.0,33557.0,6698.0,6738.0,0.0,6831.0,3568.0,20.0,3243.0,2245.0,2247.0,2246.0,2231.0,2248.0,2219.0,9888.0,13463.0,10206.0,3568.0,20.0,3243.0,2245.0,2247.0,2246.0
0.0,26859.0,6710.0,6738.0,0.0,13541.0,5797.0,2268.0,5476.0,2245.0,2247.0,2246.0,2229.0,2248.0,2233.0,7657.0,11215.0,7987.0,5797.0,2268.0,5476.0,2245.0,2247.0,2246.0
0.0,20149.0,6713.0,6739.0,2356.0,17903.0,6696.0,4514.0,6693.0,2245.0,2248.0,2246.0,2231.0,2241.0,2241.0,5428.0,8967.0,5754.0,6696.0,4514.0,6693.0,2245.0,2248.0,2246.0
0.0,15792.0,6725.0,6741.0,6831.0,17807.0,5384.0,6725.0,5698.0,2246.0,2248.0,2247.0,2251.0,2231.0,2243.0,4529.0,6726.0,4537.0,5384.0,6725.0,5698.0,2246.0,2248.0,2247.0
0.0,15898.0,6777.0,6741.0,13541.0,11043.0,1850.0,6720.0,2473.0,2246.0,2248.0,2247.0,2263.0,2263.0,2251.0,5846.0,4515.0,5537.0,1850.0,6720.0,2473.0,2246.0,2248.0,2247.0
0.0,22662.0,6758.0,6742.0,17903.0,4447.0,0.0,4447.0,0.0,2247.0,2248.0,2247.0,2261.0,2241.0,2256.0,9380.0,4520.0,8762.0,0.0,4447.0,0.0,2247.0,2248.0,2247.0
0.0,33807.0,6779.0,6745.0,17807.0,0.0,0.0,0.0,0.0,2248.0,2249.0,2248.0,2258.0,2264.0,2257.0,13815.0,6793.0,13199.0,0.0,0.0,0.0,2248.0,2249.0,2248.0
0.0,44835.0,6816.0,6745.0,11043.0,0.0,0.0,0.0,0.0,2248.0,2249.0,2248.0,2275.0,2281.0,2260.0,16941.0,11254.0,16640.0,0.0,0.0,0.0,2248.0,2249.0,2248.0
0.0,49062.0,6850.0,6748.0,4447.0,0.0,0.0,0.0,0.0,2249.0,2250.0,2249.0,2301.0,2273.0,2276.0,16516.0,15693.0,16853.0,0.0,0.0,0.0,2249.0,2250.0,2249.0
0.0,46659.0,6847.0,6748.0,0.0,0.0,0.0,0.0,0.0,2249.0,2250.0,2249.0,2287.0,2289.0,2271.0,14215.0,17867.0,14577.0,0.0,0.0,0.0,2249.0,2250.0,2249.0
0.0,39812.0,6826.0,6750.0,0.0,2816.0,1604.0,0.0,1212.0,2250.0,2250.0,2250.0,2282.0,2276.0,2268.0,11928.0,15578.0,12306.0,1604.0,0.0,1212.0,2250.0,2250.0,2250.0
0.0,32986.0,6852.0,6751.0,0.0,7621.0,3878.0,237.0,3506.0,2250.0,2251.0,2250.0,2274.0,2284.0,2294.0,9646.0,13302.0,10038.0,3878.0,237.0,3506.0,2250.0,2251.0,2250.0
0.0,26134.0,6874.0,6754.0,0.0,14510.0,6166.0,2542.0,5802.0,2251.0,2252.0,2251.0,2283.0,2300.0,2291.0,7372.0,11018.0,7744.0,6166.0,2542.0,5802.0,2251.0,2252.0,2251.0
0.0,19260.0,6842.0,6754.0,2816.0,18536.0,6833.0,4824.0,6879.0,2251.0,2252.0,2251.0,2271.0,2282.0,2289.0,5089.0,8718.0,5453.0,6833.0,4824.0,6879.0,2251.0,2252.0,2251.0
0.0,15234.0,6857.0,6757.0,7621.0,17787.0,5241.0,6870.0,5676.0,2252.0,2253.0,2252.0,2281.0,2278.0,2298.0,4422.0,6436.0,4376.0,5241.0,6870.0,5676.0,2252.0,2253.0,2252.0
0.0,15998.0,6862.0,6759.0,14510.0,10149.0,1356.0,6612.0,2181.0,2253.0,2253.0,2253.0,2276.0,2284.0,2302.0,6019.0,4395.0,5584.0,1356.0,6612.0,2181.0,2253.0,2253.0,2253.0
0.0,23646.0,6832.0,6761.0,18536.0,4076.0,0.0,4076.0,0.0,2253.0,2254.0,2254.0,2270.0,2283.0,2279.0,9909.0,4653.0,9084.0,0.0,4076.0,0.0,2253.0,2254.0,2254.0
0.0,35350.0,6815.0,6762.0,17787.0,0.0,0.0,0.0,0.0,2254.0,2254.0,2254.0,2266.0,2276.0,2273.0,14472.0,7194.0,13684.0,0.0,0.0,0.0,2254.0,2254.0,2254.0
0.0,46322.0,6804.0,6764.0,10149.0,0.0,0.0,0.0,0.0,2254.0,2255.0,2255.0,2270.0,2262.0,2272.0,17447.0,11788.0,17087.0,0.0,0.0,0.0,2254.0,2255.0,2255.0
0.0,49667.0,6790.0,6766.0,1853.0,0.0,0.0,0.0,0.0,2255.0,2256.0,2255.0,2269.0,2268.0,2253.0,16533.0,16138.0,16996.0,0.0,0.0,0.0,2255.0,2256.0,2255.0
0.0,44730.0,6791.0,6767.0,2223.0,0.0,0.0,0.0,0.0,2256.0,2256.0,2255.0,2264.0,2254.0,2273.0,14264.0,15723.0,14743.0,0.0,0.0,0.0,2256.0,2256.0,2255.0
0.0,40162.0,6769.0,6769.0,0.0,2622.0,1556.0,0.0,1066.0,2256.0,2257.0,2256.0,2276.0,2237.0,2256.0,12000.0,15692.0,12470.0,1556.0,0.0,1066.0,2256.0,2257.0,2256.0
0.0,33393.0,6746.0,6770.0,0.0,7203.0,3821.0,71.0,3311.0,2257.0,2257.0,2256.0,2260.0,2241.0,2245.0,9724.0,13455.0,10214.0,3821.0,71.0,3311.0,2257.0,2257.0,2256.0
0.0,26647.0,6735.0,6771.0,0.0,13943.0,6073.0,2321.0,5549.0,2257.0,2258.0,2256.0,2252.0,2245.0,2238.0,7464.0,11214.0,7969.0,6073.0,2321.0,5549.0,2257.0,2258.0,2256.0
0.0,19912.0,6721.0,6771.0,2622.0,18042.0,6755.0,4568.0,6719.0,2257.0,2258.0,2256.0,2238.0,2247.0,2236.0,5212.0,8969.0,5731.0,6755.0,4568.0,6719.0,2257.0,2258.0,2256.0
0.0,15813.0,6751.0,6773.0,7203.0,17600.0,5181.0,6757.0,5662.0,2257.0,2259.0,2257.0,2247.0,2255.0,2249.0,4530.0,6722.0,4561.0,5181.0,6757.0,5662.0,2257.0,2259.0,2257.0
0.0,16265.0,6711.0,6774.0,13943.0,10373.0,1346.0,6675.0,2352.0,2258.0,2259.0,2257.0,2233.0,2239.0,2239.0,6104.0,4538.0,5623.0,1346.0,6675.0,2352.0,2258.0,2259.0,2257.0
0.0,23497.0,6739.0,6775.0,18042.0,4349.0,0.0,4349.0,0.0,2259.0,2259.0,2257.0,2254.0,2242.0,2243.0,9944.0,4620.0,8933.0,0.0,4349.0,0.0,2259.0,2259.0,2257.0
0.0,34800.0,6748.0,6775.0,14951.0,0.0,0.0,0.0,0.0,2259.0,2259.0,2257.0,2242.0,2262.0,2244.0,14445.0,6946.0,13409.0,0.0,0.0,0.0,2259.0,2259.0,2257.0
0.0,43003.0,6767.0,6777.0,13022.0,0.0,0.0,0.0,0.0,2259.0,2260.0,2258.0,2247.0,2253.0,2267.0,14735.0,11441.0,16827.0,0.0,0.0,0.0,2259.0,2260.0,2258.0
0.0,49258.0,6792.0,6778.0,4349.0,0.0,0.0,0.0,0.0,2259.0,2260.0,2259.0,2242.0,2271.0,2279.0,16483.0,15863.0,16912.0,0.0,0.0,0.0,2259.0,2260.0,2259.0
0.0,46815.0,6822.0,6779.0,0.0,0.0,0.0,0.0,0.0,2259.0,2261.0,2259.0,2274.0,2276.0,2272.0,14241.0,17941.0,14633.0,0.0,0.0,0.0,2259.0,2261.0,2259.0
0.0,39993.0,6842.0,6781.0,0.0,2820.0,1611.0,0.0,1209.0,2260.0,2261.0,2260.0,2278.0,2294.0,2270.0,11967.0,15665.0,12361.0,1611.0,0.0,1209.0,2260.0,2261.0,2260.0
0.0,33151.0,6862.0,6783.0,0.0,7626.0,3910.0,233.0,3483.0,2261.0,2262.0,2260.0,2294.0,2294.0,2274.0,9689.0,13371.0,10091.0,3910.0,233.0,3483.0,2261.0,2262.0,2260.0
0.0,26289.0,6871.0,6784.0,0.0,14502.0,6195.0,2532.0,5775.0,2261.0,2262.0,2261.0,2285.0,2299.0,2287.0,7395.0,11077.0,7817.0,6195.0,2532.0,5775.0,2261.0,2262.0,2261.0
0.0,19418.0,6887.0,6786.0,2820.0,18579.0,6894.0,4823.0,6862.0,2262.0,2263.0,2261.0,2305.0,2286.0,2296.0,5110.0,8778.0,5530.0,6894.0,4823.0,6862.0,2262.0,2263.0,2261.0
0.0,15351.0,6867.0,6786.0,7626.0,17820.0,5287.0,6869.0,5664.0,2262.0,2263.0,2261.0,2303.0,2279.0,2285.0,4416.0,6492.0,4443.0,5287.0,6869.0,5664.0,2262.0,2263.0,2261.0
0.0,16110.0,6896.0,6788.0,14502.0,10224.0,1405.0,6632.0,2187.0,2263.0,2263.0,2262.0,2308.0,2295.0,2293.0,6023.0,4446.0,5641.0,1405.0,6632.0,2187.0,2263.0,2263.0,2262.0
0.0,23716.0,6904.0,6790.0,18579.0,4107.0,0.0,4107.0,0.0,2263.0,2264.0,2263.0,2286.0,2293.0,2325.0,9910.0,4683.0,9123.0,0.0,4107.0,0.0,2263.0,2264.0,2263.0
0.0,35391.0,6900.0,6791.0,17820.0,0.0,0.0,0.0,0.0,2264.0,2264.0,2263.0,2296.0,2303.0,2301.0,14518.0,7213.0,13660.0,0.0,0.0,0.0,2264.0,2264.0,2263.0
0.0,46311.0,6849.0,6793.0,10224.0,0.0,0.0,0.0,0.0,2264.0,2265.0,2264.0,2274.0,2280.0,2295.0,17509.0,11779.0,17023.0,0.0,0.0,0.0,2264.0,2265.0,2264.0
0.0,49686.0,6835.0,6794.0,1904.0,0.0,0.0,0.0,0.0,2265.0,2265.0,2264.0,2280.0,2266.0,2289.0,16640.0,16131.0,16915.0,0.0,0.0,0.0,2265.0,2265.0,2264.0
0.0,44755.0,6845.0,6795.0,2203.0,0.0,0.0,0.0,0.0,2265.0,2266.0,2264.0,2275.0,2273.0,2297.0,14360.0,15769.0,14626.0,0.0,0.0,0.0,2265.0,2266.0,2264.0
0.0,40113.0,6861.0,6797.0,0.0,2819.0,1535.0,0.0,1284.0,2266.0,2266.0,2265.0,2290.0,2283.0,2288.0,12085.0,15699.0,12329.0,1535.0,0.0,1284.0,2266.0,2266.0,2265.0
0.0,33252.0,6838.0,6798.0,0.0,7576.0,3816.0,183.0,3577.0,2266.0,2266.0,2266.0,2281.0,2269.0,2288.0,9795.0,13416.0,10041.0,3816.0,183.0,3577.0,2266.0,2266.0,2266.0
0.0,26414.0,6828.0,6800.0,0.0,14414.0,6117.0,2451.0,5846.0,2267.0,2267.0,2266.0,2296.0,2263.0,2269.0,7514.0,11147.0,7753.0,6117.0,2451.0,5846.0,2267.0,2267.0,2266.0
0.0,19586.0,6818.0,6801.0,2819.0,18418.0,6863.0,4718.0,6837.0,2267.0,2267.0,2267.0,2281.0,2267.0,2270.0,5218.0,8884.0,5484.0,6863.0,4718.0,6837.0,2267.0,2267.0,2267.0
0.0,15587.0,6811.0,6803.0,7576.0,17663.0,5330.0,6817.0,5516.0,2268.0,2268.0,2267.0,2278.0,2277.0,2256.0,4472.0,6617.0,4498.0,5330.0,6817.0,5516.0,2268.0,2268.0,2267.0
0.0,16352.0,6785.0,6804.0,14414.0,10039.0,1486.0,6625.0,1928.0,2268.0,2268.0,2268.0,2273.0,2259.0,2253.0,6010.0,4523.0,5819.0,1486.0,6625.0,1928.0,2268.0,2268.0,2268.0
0.0,23981.0,6792.0,6805.0,16885.0,4167.0,0.0,4167.0,0.0,2269.0,2268.0,2268.0,2272.0,2260.0,2260.0,9854.0,4715.0,9412.0,0.0,4167.0,0.0,2269.0,2268.0,2268.0
0.0,34074.0,6803.0,6806.0,16615.0,0.0,0.0,0.0,0.0,2269.0,2268.0,2269.0,2259.0,2277.0,2267.0,12912.0,7173.0,13989.0,0.0,0.0,0.0,2269.0,2268.0,2269.0
0.0,43886.0,6798.0,6808.0,12620.0,0.0,0.0,0.0,0.0,2270.0,2269.0,2269.0,2252.0,2289.0,2257.0,14935.0,11713.0,17238.0,0.0,0.0,0.0,2270.0,2269.0,2269.0
0.0,49708.0,6792.0,6810.0,4167.0,0.0,0.0,0.0,0.0,2270.0,2270.0,2270.0,2254.0,2271.0,2267.0,16750.0,16049.0,16909.0,0.0,0.0,0.0,2270.0,2270.0,2270.0
0.0,47083.0,6802.0,6811.0,0.0,0.0,0.0,0.0,0.0,2271.0,2270.0,2270.0,2256.0,2285.0,2261.0,14496.0,17945.0,14642.0,0.0,0.0,0.0,2271.0,2270.0,2270.0
0.0,40281.0,6782.0,6813.0,0.0,2606.0,1372.0,0.0,1234.0,2271.0,2271.0,2271.0,2257.0,2265.0,2260.0,12240.0,15660.0,12381.0,1372.0,0.0,1234.0,2271.0,2271.0,2271.0
0.0,33499.0,6818.0,6815.0,0.0,7394.0,3664.0,235.0,3495.0,2272.0,2272.0,2271.0,2287.0,2270.0,2261.0,9983.0,13395.0,10121.0,3664.0,235.0,3495.0,2272.0,2272.0,2271.0
0.0,26681.0,6809.0,6816.0,0.0,14208.0,5937.0,2497.0,5774.0,2272.0,2272.0,2272.0,2273.0,2262.0,2274.0,7696.0,11125.0,7860.0,5937.0,2497.0,5774.0,2272.0,2272.0,2272.0
0.0,19872.0,6871.0,6817.0,2606.0,18478.0,6846.0,4780.0,6852.0,2272.0,2272.0,2273.0,2281.0,2283.0,2307.0,5423.0,8863.0,5586.0,6846.0,4780.0,6852.0,2272.0,2272.0,2273.0
0.0,15607.0,6885.0,6820.0,7394.0,17984.0,5491.0,6825.0,5668.0,2273.0,2273.0,2274.0,2304.0,2275.0,2306.0,4514.0,6580.0,4513.0,5491.0,6825.0,5668.0,2273.0,2273.0,2274.0
0.0,16116.0,6925.0,6822.0,14208.0,10711.0,1867.0,6617.0,2227.0,2274.0,2273.0,2275.0,2308.0,2289.0,2328.0,5874.0,4540.0,5702.0,1867.0,6617.0,2227.0,2274.0,2273.0,2275.0
0.0,23399.0,6893.0,6822.0,18478.0,4133.0,0.0,4133.0,0.0,2274.0,2273.0,2275.0,2299.0,2296.0,2298.0,9503.0,4748.0,9148.0,0.0,4133.0,0.0,2274.0,2273.0,2275.0
0.0,34984.0,6919.0,6823.0,17984.0,0.0,0.0,0.0,0.0,2274.0,2273.0,2276.0,2316.0,2290.0,2313.0,14050.0,7232.0,13702.0,0.0,0.0,0.0,2274.0,2273.0,2276.0
0.0,46049.0,6943.0,6826.0,10711.0,0.0,0.0,0.0,0.0,2275.0,2274.0,2277.0,2317.0,2304.0,2322.0,17225.0,11767.0,17057.0,0.0,0.0,0.0,2275.0,2274.0,2277.0
0.0,49817.0,6905.0,6828.0,2058.0,0.0,0.0,0.0,0.0,2276.0,2274.0,2278.0,2298.0,2289.0,2318.0,16775.0,16080.0,16962.0,0.0,0.0,0.0,2276.0,2274.0,2278.0
0.0,44970.0,6927.0,6828.0,2075.0,0.0,0.0,0.0,0.0,2276.0,2274.0,2278.0,2301.0,2318.0,2308.0,14477.0,15849.0,14644.0,0.0,0.0,0.0,2276.0,2274.0,2278.0
0.0,40118.0,6907.0,6829.0,0.0,2872.0,1513.0,0.0,1359.0,2277.0,2274.0,2278.0,2304.0,2298.0,2305.0,12176.0,15606.0,12336.0,1513.0,0.0,1359.0,2277.0,2274.0,2278.0
0.0,33211.0,6903.0,6830.0,0.0,7842.0,3815.0,371.0,3656.0,2277.0,2275.0,2278.0,2302.0,2304.0,2297.0,9872.0,13308.0,10031.0,3815.0,371.0,3656.0,2277.0,2275.0,2278.0
0.0,26308.0,6899.0,6830.0,0.0,14741.0,6099.0,2673.0,5969.0,2277.0,2275.0,2278.0,2284.0,2302.0,2313.0,7570.0,11004.0,7734.0,6099.0,2673.0,5969.0,2277.0,2275.0,2278.0
0.0,19409.0,6920.0,6833.0,2872.0,18804.0,6891.0,4984.0,6929.0,2278.0,2276.0,2279.0,2300.0,2306.0,2314.0,5286.0,8702.0,5421.0,6891.0,4984.0,6929.0,2278.0,2276.0,2279.0
0.0,15361.0,6865.0,6833.0,7842.0,17827.0,5370.0,6907.0,5550.0,2278.0,2276.0,2279.0,2294.0,2294.0,2277.0,4499.0,6396.0,4466.0,5370.0,6907.0,5550.0,2278.0,2276.0,2279.0
0.0,16338.0,6864.0,6834.0,14741.0,9955.0,1552.0,6544.0,1859.0,2278.0,2277.0,2279.0,2281.0,2305.0,2278.0,6020.0,4473.0,5845.0,1552.0,6544.0,1859.0,2278.0,2277.0,2279.0
0.0,24215.0,6869.0,6836.0,18804.0,3855.0,0.0,3855.0,0.0,2279.0,2277.0,2280.0,2288.0,2295.0,2286.0,9838.0,4841.0,9536.0,0.0,3855.0,0.0,2279.0,2277.0,2280.0
0.0,36150.0,6897.0,6839.0,17827.0,0.0,0.0,0.0,0.0,2280.0,2279.0,2280.0,2306.0,2313.0,2278.0,14441.0,7530.0,14179.0,0.0,0.0,0.0,2280.0,2279.0,2280.0
0.0,47080.0,6859.0,6840.0,9955.0,0.0,0.0,0.0,0.0,2280.0,2280.0,2280.0,2292.0,2286.0,2281.0,17505.0,12124.0,17451.0,0.0,0.0,0.0,2280.0,2280.0,2280.0
0.0,50176.0,6811.0,6841.0,3855.0,0.0,0.0,0.0,0.0,2280.0,2280.0,2281.0,2269.0,2280.0,2262.0,16765.0,16382.0,17029.0,0.0,0.0,0.0,2280.0,2280.0,2281.0
0.0,47220.0,6809.0,6842.0,0.0,0.0,0.0,0.0,0.0,2280.0,2281.0,2281.0,2270.0,2282.0,2257.0,14496.0,17957.0,14767.0,0.0,0.0,0.0,2280.0,2281.0,2281.0
0.0,40411.0,6808.0,6844.0,0.0,2625.0,1470.0,0.0,1155.0,2281.0,2281.0,2282.0,2291.0,2262.0,2255.0,12226.0,15675.0,12510.0,1470.0,0.0,1155.0,2281.0,2281.0,2282.0
0.0,33603.0,6822.0,6845.0,0.0,7444.0,3748.0,253.0,3443.0,2282.0,2281.0,2282.0,2273.0,2261.0,2288.0,9935.0,13413.0,10255.0,3748.0,253.0,3443.0,2282.0,2281.0,2282.0
0.0,26781.0,6815.0,6848.0,0.0,14274.0,6026.0,2523.0,5725.0,2283.0,2282.0,2283.0,2273.0,2265.0,2277.0,7662.0,11152.0,7967.0,6026.0,2523.0,5725.0,2283.0,2282.0,2283.0
0.0,19966.0,6794.0,6849.0,2625.0,18448.0,6817.0,4771.0,6860.0,2283.0,2282.0,2284.0,2261.0,2248.0,2285.0,5389.0,8887.0,5690.0,6817.0,4771.0,6860.0,2283.0,2282.0,2284.0
0.0,15797.0,6875.0,6851.0,7444.0,17889.0,5362.0,6798.0,5729.0,2284.0,2282.0,2285.0,2288.0,2280.0,2307.0,4598.0,6639.0,4560.0,5362.0,6798.0,5729.0,2284.0,2282.0,2285.0
0.0,16366.0,6858.0,6853.0,14274.0,10483.0,1614.0,6553.0,2316.0,2284.0,2283.0,2286.0,2278.0,2273.0,2307.0,6058.0,4612.0,5696.0,1614.0,6553.0,2316.0,2284.0,2283.0,2286.0
0.0,23782.0,6898.0,6854.0,18448.0,4084.0,0.0,4084.0,0.0,2285.0,2283.0,2286.0,2281.0,2302.0,2315.0,9806.0,4862.0,9114.0,0.0,4084.0,0.0,2285.0,2283.0,2286.0
0.0,35332.0,6875.0,6857.0,17889.0,0.0,0.0,0.0,0.0,2286.0,2284.0,2287.0,2295.0,2284.0,2296.0,14342.0,7331.0,13659.0,0.0,0.0,0.0,2286.0,2284.0,2287.0
0.0,46346.0,6932.0,6858.0,10483.0,0.0,0.0,0.0,0.0,2287.0,2284.0,2287.0,2332.0,2305.0,2295.0,17409.0,11845.0,17092.0,0.0,0.0,0.0,2287.0,2284.0,2287.0
0.0,49897.0,6905.0,6859.0,2219.0,0.0,0.0,0.0,0.0,2287.0,2284.0,2288.0,2312.0,2286.0,2307.0,16691.0,16093.0,17113.0,0.0,0.0,0.0,2287.0,2284.0,2288.0
0.0,45211.0,6927.0,6860.0,1865.0,0.0,0.0,0.0,0.0,2288.0,2283.0,2289.0,2321.0,2294.0,2312.0,14379.0,16026.0,14806.0,0.0,0.0,0.0,2288.0,2283.0,2289.0
0.0,40149.0,6955.0,6861.0,0.0,2960.0,1689.0,0.0,1271.0,2288.0,2284.0,2289.0,2307.0,2328.0,2320.0,12058.0,15597.0,12494.0,1689.0,0.0,1271.0,2288.0,2284.0,2289.0
0.0,33194.0,6958.0,6863.0,0.0,8079.0,4004.0,485.0,3590.0,2288.0,2285.0,2290.0,2315.0,2329.0,2314.0,9751.0,13269.0,10174.0,4004.0,485.0,3590.0,2288.0,2285.0,2290.0
0.0,26236.0,6937.0,6864.0,0.0,15021.0,6305.0,2805.0,5911.0,2288.0,2286.0,2290.0,2301.0,2315.0,2321.0,7436.0,10940.0,7860.0,6305.0,2805.0,5911.0,2288.0,2286.0,2290.0
0.0,19299.0,6978.0,6864.0,2960.0,19039.0,6939.0,5132.0,6968.0,2288.0,2286.0,2290.0,2323.0,2327.0,2328.0,5135.0,8625.0,5539.0,6939.0,5132.0,6968.0,2288.0,2286.0,2290.0
0.0,15281.0,6923.0,6866.0,8079.0,17893.0,5244.0,6973.0,5676.0,2289.0,2287.0,2290.0,2304.0,2321.0,2298.0,4501.0,6298.0,4482.0,5244.0,6973.0,5676.0,2289.0,2287.0,2290.0
0.0,16437.0,6944.0,6867.0,15021.0,9821.0,1241.0,6504.0,2076.0,2289.0,2288.0,2290.0,2302.0,2331.0,2311.0,6201.0,4462.0,5774.0,1241.0,6504.0,2076.0,2289.0,2288.0,2290.0
0.0,24514.0,6922.0,6869.0,19039.0,3673.0,0.0,3673.0,0.0,2290.0,2288.0,2291.0,2304.0,2301.0,2317.0,10204.0,4936.0,9374.0,0.0,3673.0,0.0,2290.0,2288.0,2291.0
0.0,36631.0,6911.0,6870.0,16004.0,0.0,0.0,0.0,0.0,2290.0,2289.0,2291.0,2305.0,2301.0,2305.0,14839.0,7767.0,14025.0,0.0,0.0,0.0,2290.0,2289.0,2291.0
0.0,45724.0,6919.0,6871.0,11710.0,0.0,0.0,0.0,0.0,2291.0,2289.0,2291.0,2320.0,2303.0,2296.0,15889.0,12439.0,17396.0,0.0,0.0,0.0,2291.0,2289.0,2291.0
0.0,50515.0,6899.0,6873.0,3673.0,0.0,0.0,0.0,0.0,2291.0,2290.0,2292.0,2302.0,2293.0,2304.0,16699.0,16640.0,17176.0,0.0,0.0,0.0,2291.0,2290.0,2292.0
0.0,47289.0,6917.0,6874.0,0.0,0.0,0.0,0.0,0.0,2291.0,2291.0,2292.0,2312.0,2311.0,2294.0,14397.0,18020.0,14872.0,0.0,0.0,0.0,2291.0,2291.0,2292.0
0.0,40372.0,6880.0,6875.0,0.0,2839.0,1671.0,0.0,1168.0,2292.0,2291.0,2292.0,2296.0,2298.0,2286.0,12085.0,15709.0,12578.0,1671.0,0.0,1168.0,2292.0,2291.0,2292.0
0.0,33492.0,6865.0,6876.0,0.0,7753.0,3963.0,329.0,3461.0,2292.0,2291.0,2293.0,2292.0,2285.0,2288.0,9789.0,13411.0,10292.0,3963.0,329.0,3461.0,2292.0,2291.0,2293.0
0.0,26627.0,6879.0,6878.0,0.0,14642.0,6254.0,2636.0,5752.0,2292.0,2292.0,2294.0,2291.0,2302.0,2286.0,7497.0,11126.0,8004.0,6254.0,2636.0,5752.0,2292.0,2292.0,2294.0
0.0,19748.0,6870.0,6880.0,2839.0,18683.0,6881.0,4926.0,6876.0,2293.0,2293.0,2294.0,2293.0,2285.0,2292.0,5206.0,8824.0,5718.0,6881.0,4926.0,6876.0,2293.0,2293.0,2294.0
0.0,15717.0,6867.0,6881.0,7753.0,17802.0,5210.0,6874.0,5718.0,2293.0,2293.0,2295.0,2292.0,2277.0,2298.0,4584.0,6539.0,4594.0,5210.0,6874.0,5718.0,2293.0,2293.0,2295.0
0.0,16603.0,6883.0,6882.0,14642.0,10048.0,1256.0,6539.0,2253.0,2294.0,2293.0,2295.0,2295.0,2301.0,2287.0,6255.0,4591.0,5757.0,1256.0,6539.0,2253.0,2294.0,2293.0,2295.0
0.0,24362.0,6899.0,6884.0,18683.0,3915.0,0.0,3915.0,0.0,2295.0,2293.0,2296.0,2291.0,2302.0,2306.0,10214.0,4926.0,9222.0,0.0,3915.0,0.0,2295.0,2293.0,2296.0
0.0,36146.0,6865.0,6886.0,17802.0,0.0,0.0,0.0,0.0,2295.0,2294.0,2297.0,2278.0,2300.0,2287.0,14804.0,7550.0,13792.0,0.0,0.0,0.0,2295.0,2294.0,2297.0
0.0,47083.0,6891.0,6888.0,10048.0,0.0,0.0,0.0,0.0,2296.0,2295.0,2297.0,2289.0,2309.0,2293.0,17736.0,12124.0,17223.0,0.0,0.0,0.0,2296.0,2295.0,2297.0
0.0,50240.0,6914.0,6889.0,2257.0,0.0,0.0,0.0,0.0,2296.0,2295.0,2298.0,2301.0,2292.0,2321.0,16703.0,16354.0,17183.0,0.0,0.0,0.0,2296.0,2295.0,2298.0
0.0,45583.0,6903.0,6892.0,1658.0,0.0,0.0,0.0,0.0,2297.0,2296.0,2299.0,2287.0,2303.0,2313.0,14402.0,16319.0,14862.0,0.0,0.0,0.0,2297.0,2296.0,2299.0
0.0,40338.0,6935.0,6892.0,0.0,2940.0,1672.0,0.0,1268.0,2297.0,2296.0,2299.0,2302.0,2311.0,2322.0,12115.0,15674.0,12549.0,1672.0,0.0,1268.0,2297.0,2296.0,2299.0
0.0,33403.0,6943.0,6894.0,0.0,8010.0,3977.0,440.0,3593.0,2297.0,2297.0,2300.0,2305.0,2318.0,2320.0,9813.0,13363.0,10227.0,3977.0,440.0,3593.0,2297.0,2297.0,2300.0
0.0,26460.0,6967.0,6895.0,0.0,14982.0,6307.0,2762.0,5913.0,2297.0,2298.0,2300.0,2330.0,2317.0,2320.0,7508.0,11045.0,7907.0,6307.0,2762.0,5913.0,2297.0,2298.0,2300.0
0.0,19493.0,6959.0,6896.0,2940.0,19006.0,6969.0,5082.0,6955.0,2298.0,2298.0,2300.0,2329.0,2320.0,2310.0,5178.0,8728.0,5587.0,6969.0,5082.0,6955.0,2298.0,2298.0,2300.0
0.0,15474.0,6974.0,6897.0,8010.0,17975.0,5317.0,6965.0,5693.0,2298.0,2299.0,2300.0,2325.0,2318.0,2331.0,4521.0,6408.0,4545.0,5317.0,6965.0,5693.0,2298.0,2299.0,2300.0
0.0,16510.0,6974.0,6897.0,14982.0,9967.0,1347.0,6511.0,2109.0,2298.0,2299.0,2300.0,2337.0,2308.0,2329.0,6173.0,4530.0,5807.0,1347.0,6511.0,2109.0,2298.0,2299.0,2300.0
0.0,24518.0,6955.0,6898.0,17028.0,3745.0,0.0,3745.0,0.0,2299.0,2299.0,2300.0,2327.0,2316.0,2312.0,10143.0,4984.0,9391.0,0.0,3745.0,0.0,2299.0,2299.0,2300.0
0.0,34591.0,6967.0,6899.0,18118.0,0.0,0.0,0.0,0.0,2300.0,2299.0,2300.0,2335.0,2316.0,2316.0,12807.0,7750.0,14034.0,0.0,0.0,0.0,2300.0,2299.0,2300.0
0.0,45742.0,6960.0,6900.0,11802.0,0.0,0.0,0.0,0.0,2300.0,2300.0,2300.0,2320.0,2326.0,2314.0,15932.0,12399.0,17411.0,0.0,0.0,0.0,2300.0,2300.0,2300.0
0.0,50584.0,6970.0,6901.0,3745.0,0.0,0.0,0.0,0.0,2300.0,2300.0,2301.0,2321.0,2332.0,2317.0,16794.0,16584.0,17206.0,0.0,0.0,0.0,2300.0,2300.0,2301.0
0.0,47359.0,6930.0,6903.0,0.0,0.0,0.0,0.0,0.0,2301.0,2301.0,2301.0,2303.0,2317.0,2310.0,14473.0,17997.0,14889.0,0.0,0.0,0.0,2301.0,2301.0,2301.0
0.0,40429.0,6945.0,6903.0,0.0,2887.0,1653.0,0.0,1234.0,2301.0,2301.0,2301.0,2318.0,2319.0,2308.0,12170.0,15680.0,12579.0,1653.0,0.0,1234.0,2301.0,2301.0,2301.0
0.0,33484.0,6918.0,6903.0,0.0,7949.0,3963.0,466.0,3520.0,2301.0,2301.0,2301.0,2310.0,2322.0,2286.0,9852.0,13361.0,10271.0,3963.0,466.0,3520.0,2301.0,2301.0,2301.0
0.0,26566.0,6946.0,6906.0,0.0,14910.0,6267.0,2805.0,5838.0,2302.0,2302.0,2302.0,2299.0,2334.0,2313.0,7542.0,11039.0,7985.0,6267.0,2805.0,5838.0,2302.0,2302.0,2302.0
0.0,19620.0,6941.0,6907.0,2887.0,18969.0,6912.0,5133.0,6924.0,2302.0,2303.0,2302.0,2298.0,2323.0,2320.0,5243.0,8705.0,5672.0,6912.0,5133.0,6924.0,2302.0,2303.0,2302.0
0.0,15566.0,6904.0,6906.0,7949.0,17919.0,5254.0,6971.0,5694.0,2302.0,2302.0,2302.0,2305.0,2309.0,2290.0,4598.0,6382.0,4586.0,5254.0,6971.0,5694.0,2302.0,2302.0,2302.0
0.0,16611.0,6957.0,6908.0,14910.0,9976.0,1307.0,6484.0,2185.0,2302.0,2303.0,2303.0,2320.0,2313.0,2324.0,6256.0,4539.0,5816.0,1307.0,6484.0,2185.0,2302.0,2303.0,2303.0
0.0,24564.0,6896.0,6910.0,18969.0,3648.0,0.0,3648.0,0.0,2303.0,2303.0,2304.0,2291.0,2297.0,2308.0,10203.0,5031.0,9330.0,0.0,3648.0,0.0,2303.0,2303.0,2304.0
0.0,36637.0,6941.0,6913.0,17919.0,0.0,0.0,0.0,0.0,2304.0,2304.0,2305.0,2316.0,2314.0,2311.0,14824.0,7867.0,13946.0,0.0,0.0,0.0,2304.0,2304.0,2305.0
0.0,47615.0,6904.0,6915.0,9976.0,0.0,0.0,0.0,0.0,2304.0,2305.0,2306.0,2300.0,2310.0,2294.0,17762.0,12524.0,17329.0,0.0,0.0,0.0,2304.0,2305.0,2306.0
0.0,50687.0,6906.0,6916.0,2320.0,0.0,0.0,0.0,0.0,2304.0,2306.0,2306.0,2300.0,2305.0,2301.0,16769.0,16698.0,17220.0,0.0,0.0,0.0,2304.0,2306.0,2306.0
0.0,46101.0,6905.0,6918.0,1328.0,0.0,0.0,0.0,0.0,2305.0,2306.0,2307.0,2302.0,2291.0,2312.0,14469.0,16713.0,14919.0,0.0,0.0,0.0,2305.0,2306.0,2307.0
0.0,40524.0,6885.0,6920.0,0.0,2880.0,1651.0,0.0,1229.0,2306.0,2307.0,2307.0,2288.0,2296.0,2301.0,12167.0,15750.0,12607.0,1651.0,0.0,1229.0,2306.0,2307.0,2307.0
0.0,33639.0,6909.0,6920.0,0.0,7870.0,3949.0,372.0,3549.0,2306.0,2307.0,2307.0,2298.0,2291.0,2320.0,9879.0,13454.0,10306.0,3949.0,372.0,3549.0,2306.0,2307.0,2307.0
0.0,26730.0,6938.0,6922.0,0.0,14818.0,6251.0,2694.0,5873.0,2306.0,2308.0,2308.0,2302.0,2317.0,2319.0,7581.0,11163.0,7986.0,6251.0,2694.0,5873.0,2306.0,2308.0,2308.0
0.0,19792.0,6934.0,6923.0,2880.0,18877.0,6911.0,4999.0,6967.0,2307.0,2308.0,2308.0,2306.0,2305.0,2323.0,5279.0,8846.0,5667.0,6911.0,4999.0,6967.0,2307.0,2308.0,2308.0
0.0,15738.0,6960.0,6924.0,7870.0,17972.0,5290.0,6949.0,5733.0,2307.0,2309.0,2308.0,2328.0,2317.0,2315.0,4624.0,6541.0,4573.0,5290.0,6949.0,5733.0,2307.0,2309.0,2308.0
0.0,16648.0,6988.0,6925.0,14818.0,10147.0,1369.0,6581.0,2197.0,2307.0,2309.0,2309.0,2330.0,2326.0,2332.0,6245.0,4596.0,5807.0,1369.0,6581.0,2197.0,2307.0,2309.0,2309.0
0.0,24478.0,6998.0,6927.0,18877.0,3911.0,0.0,3911.0,0.0,2308.0,2310.0,2309.0,2343.0,2324.0,2331.0,10166.0,4964.0,9348.0,0.0,3911.0,0.0,2308.0,2310.0,2309.0
0.0,36357.0,7026.0,6929.0,17972.0,0.0,0.0,0.0,0.0,2308.0,2311.0,2310.0,2350.0,2340.0,2336.0,14734.0,7639.0,13984.0,0.0,0.0,0.0,2308.0,2311.0,2310.0
0.0,47303.0,7027.0,6930.0,10147.0,0.0,0.0,0.0,0.0,2309.0,2311.0,2310.0,2348.0,2347.0,2332.0,17674.0,12248.0,17381.0,0.0,0.0,0.0,2309.0,2311.0,2310.0
0.0,50423.0,7042.0,6933.0,3911.0,0.0,0.0,0.0,0.0,2310.0,2312.0,2311.0,2352.0,2342.0,2348.0,16695.0,16482.0,17246.0,0.0,0.0,0.0,2310.0,2312.0,2311.0
0.0,47292.0,7021.0,6934.0,0.0,0.0,0.0,0.0,0.0,2311.0,2312.0,2311.0,2332.0,2346.0,2343.0,14343.0,18051.0,14898.0,0.0,0.0,0.0,2311.0,2312.0,2311.0
0.0,40271.0,6989.0,6934.0,0.0,3189.0,1871.0,0.0,1318.0,2311.0,2312.0,2311.0,2327.0,2344.0,2318.0,12011.0,15705.0,12555.0,1871.0,0.0,1318.0,2311.0,2312.0,2311.0
0.0,33282.0,7034.0,6936.0,0.0,8432.0,4218.0,561.0,3653.0,2311.0,2313.0,2312.0,2347.0,2357.0,2330.0,9684.0,13361.0,10237.0,4218.0,561.0,3653.0,2311.0,2313.0,2312.0
0.0,26248.0,6993.0,6938.0,0.0,15435.0,6550.0,2919.0,5966.0,2312.0,2314.0,2312.0,2327.0,2353.0,2313.0,7337.0,11004.0,7907.0,6550.0,2919.0,5966.0,2312.0,2314.0,2312.0
0.0,19255.0,7009.0,6938.0,3189.0,19255.0,7012.0,5264.0,6979.0,2312.0,2314.0,2312.0,2333.0,2345.0,2331.0,5010.0,8651.0,5594.0,7012.0,5264.0,6979.0,2312.0,2314.0,2312.0
0.0,15435.0,7011.0,6940.0,8432.0,17844.0,5135.0,7049.0,5660.0,2313.0,2315.0,2312.0,2336.0,2341.0,2334.0,4548.0,6306.0,4581.0,5135.0,7049.0,5660.0,2313.0,2315.0,2312.0
0.0,16856.0,7000.0,6942.0,15435.0,9419.0,914.0,6469.0,2036.0,2313.0,2316.0,2313.0,2329.0,2334.0,2337.0,6430.0,4526.0,5900.0,914.0,6469.0,2036.0,2313.0,2316.0,2313.0
0.0,25291.0,6990.0,6944.0,19255.0,3530.0,0.0,3530.0,0.0,2314.0,2316.0,2314.0,2333.0,2325.0,2332.0,10651.0,5111.0,9529.0,0.0,3530.0,0.0,2314.0,2316.0,2314.0
0.0,37556.0,6951.0,6944.0,17844.0,0.0,0.0,0.0,0.0,2314.0,2316.0,2314.0,2316.0,2313.0,2322.0,15330.0,8050.0,14176.0,0.0,0.0,0.0,2314.0,2316.0,2314.0
0.0,48449.0,6942.0,6946.0,9419.0,0.0,0.0,0.0,0.0,2314.0,2317.0,2315.0,2314.0,2318.0,2310.0,18149.0,12786.0,17514.0,0.0,0.0,0.0,2314.0,2317.0,2315.0
0.0,50926.0,6960.0,6948.0,2357.0,0.0,0.0,0.0,0.0,2315.0,2317.0,2316.0,2314.0,2312.0,2334.0,16749.0,16937.0,17240.0,0.0,0.0,0.0,2315.0,2317.0,2316.0
0.0,46323.0,6962.0,6949.0,1173.0,0.0,0.0,0.0,0.0,2315.0,2317.0,2317.0,2316.0,2310.0,2336.0,14435.0,16982.0,14906.0,0.0,0.0,0.0,2315.0,2317.0,2317.0
0.0,40534.0,6940.0,6950.0,0.0,3096.0,1750.0,0.0,1346.0,2315.0,2318.0,2317.0,2294.0,2315.0,2331.0,12119.0,15845.0,12570.0,1750.0,0.0,1346.0,2315.0,2318.0,2317.0
0.0,33594.0,6934.0,6953.0,0.0,8105.0,4065.0,368.0,3672.0,2316.0,2319.0,2318.0,2310.0,2303.0,2321.0,9825.0,13530.0,10239.0,4065.0,368.0,3672.0,2316.0,2319.0,2318.0
0.0,26660.0,6920.0,6952.0,0.0,15020.0,6353.0,2659.0,6008.0,2315.0,2318.0,2319.0,2293.0,2296.0,2331.0,7515.0,11227.0,7918.0,6353.0,2659.0,6008.0,2315.0,2318.0,2319.0
0.0,19740.0,6947.0,6954.0,3096.0,18881.0,6924.0,4980.0,6977.0,2316.0,2319.0,2319.0,2316.0,2316.0,2315.0,5222.0,8931.0,5587.0,6924.0,4980.0,6977.0,2316.0,2319.0,2319.0
0.0,15889.0,6947.0,6955.0,8105.0,17728.0,5175.0,6938.0,5615.0,2317.0,2319.0,2319.0,2311.0,2326.0,2310.0,4656.0,6615.0,4618.0,5175.0,6938.0,5615.0,2317.0,2319.0,2319.0
0.0,17047.0,6965.0,6957.0,15020.0,9683.0,1137.0,6612.0,1934.0,2317.0,2320.0,2320.0,2315.0,2328.0,2322.0,6410.0,4657.0,5980.0,1137.0,6612.0,1934.0,2317.0,2320.0,2320.0
0.0,25102.0,6957.0,6957.0,18881.0,3971.0,0.0,3971.0,0.0,2317.0,2320.0,2320.0,2298.0,2339.0,2320.0,10448.0,4988.0,9666.0,0.0,3971.0,0.0,2317.0,2320.0,2320.0
0.0,37026.0,6975.0,6959.0,15860.0,0.0,0.0,0.0,0.0,2318.0,2321.0,2320.0,2320.0,2334.0,2321.0,15074.0,7629.0,14323.0,0.0,0.0,0.0,2318.0,2321.0,2320.0
0.0,45911.0,7018.0,6960.0,11551.0,0.0,0.0,0.0,0.0,2318.0,2322.0,2320.0,2345.0,2345.0,2328.0,16061.0,12233.0,17617.0,0.0,0.0,0.0,2318.0,2322.0,2320.0
0.0,50444.0,7003.0,6961.0,3971.0,0.0,0.0,0.0,0.0,2319.0,2322.0,2320.0,2335.0,2342.0,2326.0,16721.0,16500.0,17223.0,0.0,0.0,0.0,2319.0,2322.0,2320.0
0.0,47412.0,7036.0,6963.0,0.0,0.0,0.0,0.0,0.0,2320.0,2323.0,2320.0,2356.0,2344.0,2336.0,14386.0,18129.0,14897.0,0.0,0.0,0.0,2320.0,2323.0,2320.0
0.0,40376.0,7020.0,6964.0,0.0,3292.0,1916.0,0.0,1376.0,2320.0,2323.0,2321.0,2346.0,2342.0,2332.0,12030.0,15785.0,12561.0,1916.0,0.0,1376.0,2320.0,2323.0,2321.0
0.0,33356.0,7043.0,6965.0,0.0,8512.0,4271.0,536.0,3705.0,2320.0,2324.0,2321.0,2355.0,2359.0,2329.0,9684.0,13443.0,10229.0,4271.0,536.0,3705.0,2320.0,2324.0,2321.0
0.0,26313.0,7079.0,6967.0,0.0,15601.0,6657.0,2902.0,6042.0,2321.0,2325.0,2321.0,2381.0,2361.0,2337.0,7329.0,11084.0,7900.0,6657.0,2902.0,6042.0,2321.0,2325.0,2321.0
0.0,19234.0,7064.0,6969.0,3292.0,19383.0,7106.0,5242.0,7035.0,2322.0,2325.0,2322.0,2360.0,2340.0,2364.0,4948.0,8723.0,5563.0,7106.0,5242.0,7035.0,2322.0,2325.0,2322.0
0.0,15462.0,7029.0,6971.0,8512.0,17910.0,5197.0,7033.0,5680.0,2322.0,2326.0,2323.0,2362.0,2322.0,2345.0,4504.0,6383.0,4575.0,5197.0,7033.0,5680.0,2322.0,2326.0,2323.0
0.0,16945.0,7033.0,6972.0,15601.0,9347.0,891.0,6461.0,1995.0,2323.0,2326.0,2323.0,2346.0,2330.0,2357.0,6413.0,4597.0,5935.0,891.0,6461.0,1995.0,2323.0,2326.0,2323.0
0.0,25513.0,7003.0,6973.0,19383.0,3565.0,0.0,3565.0,0.0,2323.0,2326.0,2324.0,2328.0,2346.0,2329.0,10724.0,5169.0,9620.0,0.0,3565.0,0.0,2323.0,2326.0,2324.0
0.0,37893.0,7031.0,6975.0,17910.0,0.0,0.0,0.0,0.0,2324.0,2326.0,2325.0,2326.0,2347.0,2358.0,15502.0,8065.0,14326.0,0.0,0.0,0.0,2324.0,2326.0,2325.0
0.0,48772.0,7041.0,6977.0,9347.0,0.0,0.0,0.0,0.0,2324.0,2327.0,2326.0,2345.0,2337.0,2359.0,18373.0,12751.0,17648.0,0.0,0.0,0.0,2324.0,2327.0,2326.0
0.0,51078.0,7029.0,6979.0,2446.0,0.0,0.0,0.0,0.0,2325.0,2327.0,2327.0,2340.0,2336.0,2353.0,16919.0,16875.0,17284.0,0.0,0.0,0.0,2325.0,2327.0,2327.0
0.0,46495.0,7032.0,6980.0,1119.0,0.0,0.0,0.0,0.0,2326.0,2327.0,2327.0,2351.0,2342.0,2339.0,14579.0,16985.0,14931.0,0.0,0.0,0.0,2326.0,2327.0,2327.0
0.0,40582.0,7023.0,6982.0,0.0,3127.0,1736.0,0.0,1391.0,2326.0,2328.0,2328.0,2334.0,2346.0,2343.0,12228.0,15762.0,12592.0,1736.0,0.0,1391.0,2326.0,2328.0,2328.0
0.0,33559.0,7010.0,6984.0,0.0,8371.0,4083.0,560.0,3728.0,2327.0,2328.0,2329.0,2342.0,2336.0,2332.0,9894.0,13416.0,10249.0,4083.0,560.0,3728.0,2327.0,2328.0,2329.0
0.0,26549.0,6998.0,6985.0,0.0,15374.0,6414.0,2896.0,6064.0,2327.0,2329.0,2329.0,2331.0,2331.0,2336.0,7552.0,11080.0,7917.0,6414.0,2896.0,6064.0,2327.0,2329.0,2329.0
0.0,19551.0,7005.0,6986.0,3127.0,19257.0,7023.0,5234.0,7000.0,2328.0,2329.0,2329.0,2340.0,2338.0,2327.0,5221.0,8749.0,5581.0,7023.0,5234.0,7000.0,2328.0,2329.0,2329.0
0.0,15673.0,6981.0,6988.0,8371.0,17877.0,5251.0,7016.0,5610.0,2328.0,2330.0,2330.0,2311.0,2337.0,2333.0,4617.0,6411.0,4645.0,5251.0,7016.0,5610.0,2328.0,2330.0,2330.0
0.0,17063.0,6996.0,6989.0,15374.0,9504.0,1168.0,6453.0,1883.0,2329.0,2330.0,2330.0,2326.0,2333.0,2337.0,6389.0,4634.0,6040.0,1168.0,6453.0,1883.0,2329.0,2330.0,2330.0
0.0,25441.0,6969.0,6990.0,17848.0,3538.0,0.0,3538.0,0.0,2329.0,2330.0,2331.0,2314.0,2319.0,2336.0,10477.0,5197.0,9767.0,0.0,3538.0,0.0,2329.0,2330.0,2331.0
0.0,36320.0,6992.0,6992.0,16418.0,0.0,0.0,0.0,0.0,2329.0,2331.0,2332.0,2318.0,2337.0,2337.0,13777.0,8112.0,14431.0,0.0,0.0,0.0,2329.0,2331.0,2332.0
0.0,45746.0,6985.0,6994.0,12372.0,0.0,0.0,0.0,0.0,2330.0,2332.0,2332.0,2329.0,2326.0,2330.0,15251.0,12791.0,17704.0,0.0,0.0,0.0,2330.0,2332.0,2332.0
0.0,51133.0,6988.0,6996.0,3538.0,0.0,0.0,0.0,0.0,2331.0,2332.0,2333.0,2326.0,2320.0,2342.0,16958.0,16918.0,17257.0,0.0,0.0,0.0,2331.0,2332.0,2333.0
0.0,47683.0,6999.0,6997.0,0.0,0.0,0.0,0.0,0.0,2331.0,2333.0,2333.0,2333.0,2330.0,2336.0,14632.0,18136.0,14915.0,0.0,0.0,0.0,2331.0,2333.0,2333.0
0.0,40684.0,6993.0,6998.0,0.0,3116.0,1689.0,0.0,1427.0,2332.0,2333.0,2333.0,2328.0,2324.0,2341.0,12299.0,15806.0,12579.0,1689.0,0.0,1427.0,2332.0,2333.0,2333.0
0.0,33691.0,6994.0,6999.0,0.0,8298.0,4004.0,528.0,3766.0,2331.0,2334.0,2334.0,2320.0,2340.0,2334.0,9971.0,13482.0,10238.0,4004.0,528.0,3766.0,2331.0,2334.0,2334.0
0.0,26697.0,7030.0,7000.0,0.0,15333.0,6352.0,2876.0,6105.0,2332.0,2334.0,2334.0,2343.0,2348.0,2339.0,7651.0,11142.0,7904.0,6352.0,2876.0,6105.0,2332.0,2334.0,2334.0
0.0,19667.0,7042.0,7000.0,3116.0,19259.0,7026.0,5218.0,7015.0,2332.0,2334.0,2334.0,2363.0,2342.0,2337.0,5308.0,8794.0,5565.0,7026.0,5218.0,7015.0,2332.0,2334.0,2334.0
0.0,15741.0,7079.0,7001.0,8298.0,18045.0,5378.0,7070.0,5597.0,2332.0,2335.0,2334.0,2356.0,2375.0,2348.0,4634.0,6452.0,4655.0,5378.0,7070.0,5597.0,2332.0,2335.0,2334.0
0.0,16960.0,7072.0,7002.0,15333.0,9789.0,1403.0,6550.0,1836.0,2333.0,2335.0,2334.0,2372.0,2356.0,2344.0,6282.0,4605.0,6073.0,1403.0,6550.0,1836.0,2333.0,2335.0,2334.0
0.0,25221.0,7076.0,7003.0,19259.0,3707.0,0.0,3707.0,0.0,2333.0,2336.0,2334.0,2352.0,2370.0,2354.0,10262.0,5125.0,9834.0,0.0,3707.0,0.0,2333.0,2336.0,2334.0
0.0,37404.0,7111.0,7004.0,18045.0,0.0,0.0,0.0,0.0,2333.0,2336.0,2335.0,2365.0,2363.0,2383.0,14936.0,7973.0,14495.0,0.0,0.0,0.0,2333.0,2336.0,2335.0
0.0,48338.0,7126.0,7007.0,9789.0,0.0,0.0,0.0,0.0,2334.0,2337.0,2336.0,2375.0,2375.0,2376.0,17949.0,12680.0,17709.0,0.0,0.0,0.0,2334.0,2337.0,2336.0
0.0,51001.0,7086.0,7008.0,2385.0,0.0,0.0,0.0,0.0,2334.0,2337.0,2337.0,2363.0,2365.0,2358.0,16977.0,16855.0,17169.0,0.0,0.0,0.0,2334.0,2337.0,2337.0
0.0,46300.0,7080.0,7010.0,1322.0,0.0,0.0,0.0,0.0,2335.0,2337.0,2338.0,2347.0,2374.0,2359.0,14614.0,16875.0,14811.0,0.0,0.0,0.0,2335.0,2337.0,2338.0
0.0,40542.0,7102.0,7011.0,0.0,3365.0,1766.0,0.0,1599.0,2335.0,2338.0,2338.0,2358.0,2383.0,2361.0,12267.0,15823.0,12452.0,1766.0,0.0,1599.0,2335.0,2338.0,2338.0
0.0,33440.0,7072.0,7013.0,0.0,8697.0,4120.0,603.0,3974.0,2336.0,2338.0,2339.0,2349.0,2353.0,2370.0,9909.0,13440.0,10091.0,4120.0,603.0,3974.0,2336.0,2338.0,2339.0
0.0,26368.0,7047.0,7013.0,0.0,15744.0,6464.0,2950.0,6330.0,2336.0,2338.0,2339.0,2344.0,2347.0,2356.0,7560.0,11087.0,7721.0,6464.0,2950.0,6330.0,2336.0,2338.0,2339.0
0.0,19321.0,7079.0,7015.0,3365.0,19468.0,7058.0,5301.0,7109.0,2336.0,2339.0,2340.0,2360.0,2346.0,2373.0,5216.0,8740.0,5365.0,7058.0,5301.0,7109.0,2336.0,2339.0,2340.0
0.0,15607.0,7059.0,7017.0,8697.0,17840.0,5297.0,7045.0,5498.0,2337.0,2339.0,2341.0,2354.0,2347.0,2358.0,4622.0,6394.0,4591.0,5297.0,7045.0,5498.0,2337.0,2339.0,2341.0
0.0,17245.0,7031.0,7019.0,15744.0,9137.0,1166.0,6447.0,1524.0,2337.0,2340.0,2342.0,2333.0,2347.0,2351.0,6388.0,4650.0,6207.0,1166.0,6447.0,1524.0,2337.0,2340.0,2342.0
0.0,25958.0,7020.0,7020.0,19468.0,3482.0,0.0,3482.0,0.0,2338.0,2340.0,2342.0,2343.0,2336.0,2341.0,10519.0,5253.0,10186.0,0.0,3482.0,0.0,2338.0,2340.0,2342.0
0.0,38406.0,7042.0,7022.0,17840.0,0.0,0.0,0.0,0.0,2339.0,2341.0,2342.0,2360.0,2338.0,2344.0,15234.0,8218.0,14954.0,0.0,0.0,0.0,2339.0,2341.0,2342.0
0.0,49204.0,7004.0,7023.0,9137.0,0.0,0.0,0.0,0.0,2340.0,2341.0,2342.0,2341.0,2326.0,2337.0,18171.0,12925.0,18108.0,0.0,0.0,0.0,2340.0,2341.0,2342.0
0.0,51337.0,7011.0,7025.0,3482.0,0.0,0.0,0.0,0.0,2341.0,2342.0,2342.0,2356.0,2320.0,2335.0,16996.0,17046.0,17295.0,0.0,0.0,0.0,2341.0,2342.0,2342.0
0.0,47808.0,6997.0,7026.0,0.0,0.0,0.0,0.0,0.0,2342.0,2342.0,2342.0,2341.0,2330.0,2326.0,14640.0,18208.0,14960.0,0.0,0.0,0.0,2342.0,2342.0,2342.0
0.0,40811.0,7000.0,7027.0,0.0,3170.0,1751.0,0.0,1419.0,2342.0,2342.0,2343.0,2340.0,2322.0,2338.0,12299.0,15878.0,12634.0,1751.0,0.0,1419.0,2342.0,2342.0,2343.0
0.0,33811.0,6991.0,7027.0,0.0,8315.0,4068.0,487.0,3760.0,2342.0,2342.0,2343.0,2317.0,2333.0,2341.0,9959.0,13556.0,10296.0,4068.0,487.0,3760.0,2342.0,2342.0,2343.0
0.0,26820.0,7012.0,7029.0,0.0,15337.0,6398.0,2834.0,6105.0,2342.0,2343.0,2344.0,2330.0,2342.0,2340.0,7642.0,11223.0,7955.0,6398.0,2834.0,6105.0,2342.0,2343.0,2344.0
0.0,19808.0,7025.0,7031.0,3170.0,19202.0,7011.0,5173.0,7018.0,2344.0,2343.0,2344.0,2354.0,2339.0,2332.0,5312.0,8881.0,5615.0,7011.0,5173.0,7018.0,2344.0,2343.0,2344.0
0.0,15953.0,7085.0,7032.0,8315.0,17977.0,5303.0,7053.0,5621.0,2344.0,2343.0,2345.0,2360.0,2367.0,2358.0,4709.0,6542.0,4702.0,5303.0,7053.0,5621.0,2344.0,2343.0,2345.0
0.0,17183.0,7073.0,7034.0,15337.0,9723.0,1268.0,6593.0,1862.0,2345.0,2344.0,2345.0,2358.0,2369.0,2346.0,6417.0,4662.0,6104.0,1268.0,6593.0,1862.0,2345.0,2344.0,2345.0
0.0,25447.0,7057.0,7034.0,19202.0,3775.0,0.0,3775.0,0.0,2345.0,2344.0,2345.0,2359.0,2355.0,2343.0,10457.0,5127.0,9863.0,0.0,3775.0,0.0,2345.0,2344.0,2345.0
0.0,37592.0,7095.0,7035.0,17977.0,0.0,0.0,0.0,0.0,2345.0,2345.0,2345.0,2365.0,2381.0,2349.0,15109.0,7945.0,14538.0,0.0,0.0,0.0,2345.0,2345.0,2345.0
0.0,48474.0,7113.0,7037.0,9723.0,0.0,0.0,0.0,0.0,2346.0,2345.0,2346.0,2376.0,2374.0,2363.0,18047.0,12617.0,17810.0,0.0,0.0,0.0,2346.0,2345.0,2346.0
0.0,51084.0,7129.0,7039.0,2409.0,0.0,0.0,0.0,0.0,2346.0,2346.0,2347.0,2380.0,2375.0,2374.0,16939.0,16836.0,17309.0,0.0,0.0,0.0,2346.0,2346.0,2347.0
0.0,46364.0,7132.0,7040.0,1366.0,0.0,0.0,0.0,0.0,2346.0,2346.0,2348.0,2372.0,2379.0,2381.0,14559.0,16870.0,14935.0,0.0,0.0,0.0,2346.0,2346.0,2348.0
0.0,40598.0,7119.0,7041.0,0.0,3475.0,1913.0,0.0,1562.0,2346.0,2347.0,2348.0,2370.0,2373.0,2376.0,12187.0,15857.0,12554.0,1913.0,0.0,1562.0,2346.0,2347.0,2348.0
0.0,33479.0,7152.0,7044.0,0.0,8893.0,4298.0,642.0,3953.0,2347.0,2348.0,2349.0,2380.0,2386.0,2386.0,9817.0,13484.0,10178.0,4298.0,642.0,3953.0,2347.0,2348.0,2349.0
0.0,26327.0,7138.0,7045.0,0.0,16036.0,6680.0,3011.0,6345.0,2347.0,2349.0,2349.0,2382.0,2364.0,2392.0,7437.0,11098.0,7792.0,6680.0,3011.0,6345.0,2347.0,2349.0,2349.0
0.0,19189.0,7114.0,7048.0,3475.0,19690.0,7142.0,5367.0,7181.0,2348.0,2349.0,2351.0,2370.0,2356.0,2388.0,5055.0,8734.0,5400.0,7142.0,5367.0,7181.0,2348.0,2349.0,2351.0
0.0,15550.0,7108.0,7049.0,8893.0,17910.0,5214.0,7081.0,5615.0,2349.0,2349.0,2351.0,2365.0,2356.0,2387.0,4598.0,6378.0,4574.0,5214.0,7081.0,5615.0,2349.0,2349.0,2351.0
0.0,17335.0,7100.0,7049.0,16036.0,8974.0,908.0,6432.0,1634.0,2349.0,2349.0,2351.0,2374.0,2362.0,2364.0,6531.0,4664.0,6140.0,908.0,6432.0,1634.0,2349.0,2349.0,2351.0
0.0,26271.0,7052.0,7050.0,19690.0,3403.0,0.0,3403.0,0.0,2350.0,2349.0,2351.0,2351.0,2338.0,2363.0,10837.0,5313.0,10121.0,0.0,3403.0,0.0,2350.0,2349.0,2351.0
0.0,38909.0,7067.0,7052.0,16104.0,0.0,0.0,0.0,0.0,2350.0,2350.0,2352.0,2361.0,2346.0,2360.0,15628.0,8342.0,14939.0,0.0,0.0,0.0,2350.0,2350.0,2352.0
0.0,47946.0,7065.0,7051.0,10780.0,0.0,0.0,0.0,0.0,2350.0,2349.0,2352.0,2359.0,2344.0,2362.0,16675.0,13077.0,18194.0,0.0,0.0,0.0,2350.0,2349.0,2352.0
0.0,51661.0,7055.0,7053.0,3403.0,0.0,0.0,0.0,0.0,2351.0,2349.0,2353.0,2358.0,2334.0,2363.0,17030.0,17165.0,17466.0,0.0,0.0,0.0,2351.0,2349.0,2353.0
0.0,48009.0,7058.0,7054.0,0.0,0.0,0.0,0.0,0.0,2351.0,2350.0,2353.0,2353.0,2352.0,2353.0,14672.0,18234.0,15103.0,0.0,0.0,0.0,2351.0,2350.0,2353.0
0.0,40951.0,7070.0,7056.0,0.0,3180.0,1808.0,0.0,1372.0,2352.0,2350.0,2354.0,2367.0,2351.0,2352.0,12319.0,15882.0,12750.0,1808.0,0.0,1372.0,2352.0,2350.0,2354.0
0.0,33881.0,7068.0,7056.0,0.0,8467.0,4168.0,577.0,3722.0,2352.0,2350.0,2354.0,2360.0,2358.0,2350.0,9952.0,13531.0,10398.0,4168.0,577.0,3722.0,2352.0,2350.0,2354.0
0.0,26813.0,7038.0,7058.0,0.0,15515.0,6521.0,2937.0,6057.0,2353.0,2351.0,2354.0,2348.0,2355.0,2335.0,7592.0,11173.0,8048.0,6521.0,2937.0,6057.0,2353.0,2351.0,2354.0
0.0,19775.0,7064.0,7059.0,3180.0,19404.0,7078.0,5284.0,7042.0,2354.0,2351.0,2354.0,2360.0,2347.0,2357.0,5244.0,8818.0,5713.0,7078.0,5284.0,7042.0,2354.0,2351.0,2354.0
0.0,15891.0,7041.0,7061.0,8467.0,17988.0,5240.0,7061.0,5687.0,2354.0,2352.0,2355.0,2330.0,2349.0,2362.0,4692.0,6471.0,4728.0,5240.0,7061.0,5687.0,2354.0,2352.0,2355.0
0.0,17317.0,7062.0,7061.0,15515.0,9535.0,1061.0,6490.0,1984.0,2354.0,2352.0,2355.0,2342.0,2366.0,2354.0,6530.0,4699.0,6088.0,1061.0,6490.0,1984.0,2354.0,2352.0,2355.0
0.0,25770.0,7045.0,7064.0,19404.0,3561.0,0.0,3561.0,0.0,2355.0,2353.0,2356.0,2338.0,2350.0,2357.0,10709.0,5270.0,9791.0,0.0,3561.0,0.0,2355.0,2353.0,2356.0
0.0,38129.0,7076.0,7065.0,17988.0,0.0,0.0,0.0,0.0,2355.0,2354.0,2356.0,2367.0,2367.0,2342.0,15449.0,8204.0,14476.0,0.0,0.0,0.0,2355.0,2354.0,2356.0
0.0,49041.0,7071.0,7066.0,9535.0,0.0,0.0,0.0,0.0,2356.0,2354.0,2356.0,2358.0,2363.0,2350.0,18322.0,12898.0,17821.0,0.0,0.0,0.0,2356.0,2354.0,2356.0
0.0,51505.0,7100.0,7069.0,2604.0,0.0,0.0,0.0,0.0,2357.0,2355.0,2357.0,2371.0,2358.0,2371.0,17025.0,17025.0,17455.0,0.0,0.0,0.0,2357.0,2355.0,2357.0
0.0,47009.0,7123.0,7069.0,957.0,0.0,0.0,0.0,0.0,2357.0,2355.0,2357.0,2374.0,2367.0,2382.0,14654.0,17271.0,15084.0,0.0,0.0,0.0,2357.0,2355.0,2357.0
0.0,40843.0,7139.0,7072.0,0.0,3376.0,1905.0,0.0,1471.0,2358.0,2356.0,2358.0,2395.0,2361.0,2383.0,12280.0,15861.0,12702.0,1905.0,0.0,1471.0,2358.0,2356.0,2358.0
0.0,33704.0,7174.0,7074.0,0.0,8840.0,4305.0,662.0,3873.0,2359.0,2356.0,2359.0,2395.0,2382.0,2397.0,9885.0,13500.0,10319.0,4305.0,662.0,3873.0,2359.0,2356.0,2359.0
0.0,26530.0,7145.0,7075.0,0.0,15990.0,6702.0,3024.0,6264.0,2359.0,2356.0,2360.0,2397.0,2362.0,2386.0,7490.0,11118.0,7922.0,6702.0,3024.0,6264.0,2359.0,2356.0,2360.0
0.0,19385.0,7182.0,7077.0,3376.0,19806.0,7197.0,5403.0,7206.0,2360.0,2356.0,2361.0,2395.0,2379.0,2408.0,5093.0,8756.0,5536.0,7197.0,5403.0,7206.0,2360.0,2356.0,2361.0
0.0,15579.0,7166.0,7078.0,8840.0,18137.0,5295.0,7118.0,5724.0,2361.0,2356.0,2361.0,2398.0,2377.0,2391.0,4603.0,6377.0,4599.0,5295.0,7118.0,5724.0,2361.0,2356.0,2361.0
0.0,17253.0,7172.0,7079.0,15990.0,9324.0,985.0,6490.0,1849.0,2361.0,2357.0,2361.0,2392.0,2391.0,2389.0,6510.0,4662.0,6081.0,985.0,6490.0,1849.0,2361.0,2357.0,2361.0
0.0,26071.0,7180.0,7080.0,17602.0,3473.0,0.0,3473.0,0.0,2361.0,2357.0,2362.0,2388.0,2386.0,2406.0,10820.0,5295.0,9956.0,0.0,3473.0,0.0,2361.0,2357.0,2362.0
0.0,36493.0,7150.0,7082.0,17636.0,0.0,0.0,0.0,0.0,2362.0,2357.0,2363.0,2366.0,2387.0,2397.0,13425.0,8312.0,14756.0,0.0,0.0,0.0,2362.0,2357.0,2363.0
0.0,46979.0,7170.0,7083.0,12029.0,0.0,0.0,0.0,0.0,2362.0,2357.0,2364.0,2387.0,2395.0,2388.0,15853.0,13043.0,18083.0,0.0,0.0,0.0,2362.0,2357.0,2364.0
0.0,51838.0,7147.0,7085.0,3473.0,0.0,0.0,0.0,0.0,2363.0,2358.0,2364.0,2384.0,2383.0,2380.0,17156.0,17138.0,17544.0,0.0,0.0,0.0,2363.0,2358.0,2364.0
0.0,48164.0,7172.0,7087.0,0.0,0.0,0.0,0.0,0.0,2364.0,2359.0,2364.0,2380.0,2399.0,2393.0,14772.0,18228.0,15164.0,0.0,0.0,0.0,2364.0,2359.0,2364.0
0.0,40992.0,7126.0,7089.0,0.0,3228.0,1800.0,0.0,1428.0,2364.0,2360.0,2365.0,2372.0,2380.0,2374.0,12392.0,15829.0,12771.0,1800.0,0.0,1428.0,2364.0,2360.0,2365.0
0.0,33866.0,7129.0,7089.0,0.0,8708.0,4175.0,728.0,3805.0,2364.0,2360.0,2365.0,2375.0,2377.0,2377.0,10020.0,13449.0,10397.0,4175.0,728.0,3805.0,2364.0,2360.0,2365.0
0.0,26737.0,7101.0,7091.0,0.0,15819.0,6545.0,3103.0,6171.0,2365.0,2361.0,2365.0,2365.0,2370.0,2366.0,7645.0,11072.0,8020.0,6545.0,3103.0,6171.0,2365.0,2361.0,2365.0
0.0,19636.0,7070.0,7091.0,3228.0,19661.0,7114.0,5451.0,7096.0,2365.0,2361.0,2365.0,2369.0,2348.0,2353.0,5280.0,8702.0,5654.0,7114.0,5451.0,7096.0,2365.0,2361.0,2365.0
0.0,15794.0,7106.0,7093.0,8708.0,18069.0,5333.0,7080.0,5656.0,2366.0,2361.0,2366.0,2389.0,2357.0,2360.0,4711.0,6354.0,4729.0,5333.0,7080.0,5656.0,2366.0,2361.0,2366.0
0.0,17396.0,7059.0,7094.0,15819.0,9314.0,1153.0,6322.0,1839.0,2366.0,2362.0,2366.0,2365.0,2340.0,2354.0,6497.0,4725.0,6174.0,1153.0,6322.0,1839.0,2366.0,2362.0,2366.0
0.0,26156.0,7064.0,7095.0,19661.0,3230.0,0.0,3230.0,0.0,2367.0,2362.0,2366.0,2357.0,2359.0,2348.0,10677.0,5488.0,9991.0,0.0,3230.0,0.0,2367.0,2362.0,2366.0
0.0,38753.0,7050.0,7096.0,18069.0,0.0,0.0,0.0,0.0,2367.0,2362.0,2367.0,2361.0,2330.0,2359.0,15434.0,8580.0,14739.0,0.0,0.0,0.0,2367.0,2362.0,2367.0
0.0,49772.0,7048.0,7097.0,9314.0,0.0,0.0,0.0,0.0,2367.0,2363.0,2367.0,2355.0,2343.0,2350.0,18406.0,13330.0,18036.0,0.0,0.0,0.0,2367.0,2363.0,2367.0
0.0,52038.0,7070.0,7099.0,2863.0,0.0,0.0,0.0,0.0,2368.0,2363.0,2368.0,2346.0,2359.0,2365.0,17204.0,17309.0,17525.0,0.0,0.0,0.0,2368.0,2363.0,2368.0
0.0,47831.0,7103.0,7100.0,367.0,0.0,0.0,0.0,0.0,2368.0,2364.0,2368.0,2363.0,2375.0,2365.0,14858.0,17813.0,15160.0,0.0,0.0,0.0,2368.0,2364.0,2368.0
0.0,41095.0,7092.0,7102.0,0.0,3113.0,1705.0,0.0,1408.0,2368.0,2365.0,2369.0,2360.0,2374.0,2358.0,12495.0,15805.0,12795.0,1705.0,0.0,1408.0,2368.0,2365.0,2369.0
0.0,34003.0,7130.0,7103.0,0.0,8642.0,4082.0,766.0,3794.0,2369.0,2365.0,2369.0,2372.0,2372.0,2386.0,10135.0,13431.0,10437.0,4082.0,766.0,3794.0,2369.0,2365.0,2369.0
0.0,26873.0,7151.0,7104.0,0.0,15798.0,6473.0,3144.0,6181.0,2369.0,2365.0,2370.0,2391.0,2378.0,2382.0,7763.0,11059.0,8051.0,6473.0,3144.0,6181.0,2369.0,2365.0,2370.0
0.0,19722.0,7179.0,7107.0,3113.0,19879.0,7165.0,5543.0,7171.0,2370.0,2366.0,2371.0,2392.0,2394.0,2393.0,5372.0,8681.0,5669.0,7165.0,5543.0,7171.0,2370.0,2366.0,2371.0
0.0,15656.0,7218.0,7109.0,8642.0,18465.0,5497.0,7176.0,5792.0,2371.0,2366.0,2372.0,2409.0,2399.0,2410.0,4685.0,6287.0,4684.0,5497.0,7176.0,5792.0,2371.0,2366.0,2372.0
0.0,17080.0,7193.0,7110.0,15798.0,9865.0,1431.0,6420.0,2014.0,2371.0,2366.0,2373.0,2407.0,2388.0,2398.0,6358.0,4654.0,6068.0,1431.0,6420.0,2014.0,2371.0,2366.0,2373.0
0.0,25685.0,7215.0,7112.0,19879.0,3302.0,0.0,3302.0,0.0,2372.0,2367.0,2373.0,2399.0,2420.0,2396.0,10424.0,5410.0,9851.0,0.0,3302.0,0.0,2372.0,2367.0,2373.0
0.0,38349.0,7220.0,7114.0,18465.0,0.0,0.0,0.0,0.0,2372.0,2368.0,2374.0,2399.0,2415.0,2406.0,15190.0,8533.0,14626.0,0.0,0.0,0.0,2372.0,2368.0,2374.0
0.0,49594.0,7222.0,7115.0,9865.0,0.0,0.0,0.0,0.0,2373.0,2368.0,2374.0,2404.0,2413.0,2405.0,18288.0,13294.0,18012.0,0.0,0.0,0.0,2373.0,2368.0,2374.0
0.0,52237.0,7203.0,7116.0,3302.0,0.0,0.0,0.0,0.0,2373.0,2369.0,2374.0,2390.0,2406.0,2407.0,17315.0,17301.0,17621.0,0.0,0.0,0.0,2373.0,2369.0,2374.0
0.0,48336.0,7219.0,7119.0,0.0,0.0,0.0,0.0,0.0,2374.0,2370.0,2375.0,2399.0,2399.0,2421.0,14925.0,18197.0,15214.0,0.0,0.0,0.0,2374.0,2370.0,2375.0
0.0,41117.0,7224.0,7120.0,0.0,3250.0,1748.0,0.0,1502.0,2374.0,2370.0,2376.0,2404.0,2405.0,2415.0,12526.0,15798.0,12793.0,1748.0,0.0,1502.0,2374.0,2370.0,2376.0
0.0,33893.0,7183.0,7122.0,0.0,8900.0,4139.0,852.0,3909.0,2375.0,2371.0,2376.0,2386.0,2390.0,2407.0,10122.0,13393.0,10378.0,4139.0,852.0,3909.0,2375.0,2371.0,2376.0
0.0,26710.0,7148.0,7123.0,0.0,16053.0,6524.0,3245.0,6284.0,2375.0,2372.0,2376.0,2385.0,2388.0,2375.0,7736.0,11003.0,7971.0,6524.0,3245.0,6284.0,2375.0,2372.0,2376.0
0.0,19562.0,7176.0,7126.0,3250.0,19994.0,7184.0,5638.0,7172.0,2376.0,2373.0,2377.0,2403.0,2388.0,2385.0,5351.0,8615.0,5596.0,7184.0,5638.0,7172.0,2376.0,2373.0,2377.0
0.0,15636.0,7181.0,7126.0,8900.0,18275.0,5440.0,7170.0,5665.0,2376.0,2373.0,2377.0,2395.0,2384.0,2402.0,4696.0,6227.0,4713.0,5440.0,7170.0,5665.0,2376.0,2373.0,2377.0
0.0,17355.0,7151.0,7129.0,16053.0,9388.0,1313.0,6308.0,1767.0,2377.0,2374.0,2378.0,2392.0,2378.0,2381.0,6440.0,4695.0,6220.0,1313.0,6308.0,1767.0,2377.0,2374.0,2378.0
0.0,26257.0,7160.0,7131.0,19994.0,3051.0,0.0,3051.0,0.0,2378.0,2375.0,2378.0,2396.0,2376.0,2388.0,10572.0,5562.0,10123.0,0.0,3051.0,0.0,2378.0,2375.0,2378.0
0.0,39091.0,7131.0,7132.0,18275.0,0.0,0.0,0.0,0.0,2378.0,2375.0,2379.0,2387.0,2362.0,2382.0,15360.0,8824.0,14907.0,0.0,0.0,0.0,2378.0,2375.0,2379.0
0.0,50235.0,7109.0,7133.0,9375.0,0.0,0.0,0.0,0.0,2379.0,2375.0,2379.0,2397.0,2353.0,2359.0,18413.0,13632.0,18190.0,0.0,0.0,0.0,2379.0,2375.0,2379.0
0.0,52501.0,7151.0,7135.0,2900.0,0.0,0.0,0.0,0.0,2380.0,2376.0,2379.0,2387.0,2395.0,2369.0,17329.0,17574.0,17598.0,0.0,0.0,0.0,2380.0,2376.0,2379.0
0.0,48250.0,7105.0,7136.0,164.0,0.0,0.0,0.0,0.0,2380.0,2376.0,2380.0,2353.0,2375.0,2377.0,14942.0,18079.0,15229.0,0.0,0.0,0.0,2380.0,2376.0,2380.0
0.0,41309.0,7119.0,7137.0,0.0,3111.0,1688.0,0.0,1423.0,2380.0,2377.0,2380.0,2377.0,2367.0,2375.0,12589.0,15868.0,12852.0,1688.0,0.0,1423.0,2380.0,2377.0,2380.0
0.0,34190.0,7145.0,7139.0,0.0,8650.0,4065.0,771.0,3814.0,2381.0,2377.0,2381.0,2372.0,2387.0,2386.0,10212.0,13501.0,10477.0,4065.0,771.0,3814.0,2381.0,2377.0,2381.0
0.0,27045.0,7098.0,7140.0,0.0,15753.0,6420.0,3157.0,6176.0,2381.0,2378.0,2381.0,2355.0,2381.0,2362.0,7840.0,11114.0,8091.0,6420.0,3157.0,6176.0,2381.0,2378.0,2381.0
0.0,19947.0,7156.0,7142.0,3111.0,19808.0,7118.0,5550.0,7140.0,2382.0,2378.0,2382.0,2381.0,2393.0,2382.0,5485.0,8733.0,5729.0,7118.0,5550.0,7140.0,2382.0,2378.0,2382.0
0.0,15902.0,7164.0,7144.0,8650.0,18332.0,5429.0,7178.0,5725.0,2382.0,2379.0,2383.0,2376.0,2394.0,2394.0,4792.0,6340.0,4770.0,5429.0,7178.0,5725.0,2382.0,2379.0,2383.0
0.0,17388.0,7174.0,7145.0,15753.0,9758.0,1388.0,6405.0,1965.0,2382.0,2379.0,2384.0,2379.0,2384.0,2411.0,6481.0,4717.0,6190.0,1388.0,6405.0,1965.0,2382.0,2379.0,2384.0
0.0,25967.0,7156.0,7146.0,19808.0,3247.0,0.0,3247.0,0.0,2382.0,2380.0,2384.0,2374.0,2387.0,2395.0,10522.0,5490.0,9955.0,0.0,3247.0,0.0,2382.0,2380.0,2384.0
0.0,38619.0,7189.0,7148.0,18332.0,0.0,0.0,0.0,0.0,2383.0,2380.0,2385.0,2401.0,2386.0,2402.0,15266.0,8653.0,14700.0,0.0,0.0,0.0,2383.0,2380.0,2385.0
0.0,49762.0,7214.0,7149.0,9758.0,0.0,0.0,0.0,0.0,2383.0,2381.0,2385.0,2409.0,2405.0,2400.0,18294.0,13445.0,18023.0,0.0,0.0,0.0,2383.0,2381.0,2385.0
0.0,52306.0,7215.0,7150.0,3247.0,0.0,0.0,0.0,0.0,2384.0,2381.0,2385.0,2420.0,2390.0,2405.0,17273.0,17445.0,17588.0,0.0,0.0,0.0,2384.0,2381.0,2385.0
0.0,48338.0,7240.0,7152.0,0.0,0.0,0.0,0.0,0.0,2384.0,2382.0,2386.0,2420.0,2401.0,2419.0,14853.0,18302.0,15183.0,0.0,0.0,0.0,2384.0,2382.0,2386.0
0.0,41098.0,7261.0,7154.0,0.0,3509.0,1909.0,0.0,1600.0,2385.0,2383.0,2386.0,2417.0,2410.0,2434.0,12433.0,15901.0,12764.0,1909.0,0.0,1600.0,2385.0,2383.0,2386.0
0.0,33837.0,7223.0,7155.0,0.0,9161.0,4317.0,827.0,4017.0,2385.0,2383.0,2387.0,2408.0,2403.0,2412.0,10016.0,13491.0,10330.0,4317.0,827.0,4017.0,2385.0,2383.0,2387.0
0.0,26614.0,7251.0,7156.0,0.0,16417.0,6725.0,3230.0,6462.0,2385.0,2383.0,2388.0,2408.0,2403.0,2440.0,7608.0,11088.0,7918.0,6725.0,3230.0,6462.0,2385.0,2383.0,2388.0
0.0,19363.0,7243.0,7158.0,3509.0,20161.0,7233.0,5648.0,7280.0,2386.0,2384.0,2388.0,2412.0,2413.0,2418.0,5200.0,8685.0,5478.0,7233.0,5648.0,7280.0,2386.0,2384.0,2388.0
0.0,15629.0,7224.0,7158.0,9161.0,18224.0,5304.0,7230.0,5690.0,2386.0,2384.0,2388.0,2388.0,2409.0,2427.0,4697.0,6272.0,4660.0,5304.0,7230.0,5690.0,2386.0,2384.0,2388.0
0.0,17566.0,7193.0,7159.0,16417.0,9005.0,974.0,6394.0,1637.0,2386.0,2384.0,2389.0,2395.0,2394.0,2404.0,6626.0,4690.0,6250.0,974.0,6394.0,1637.0,2386.0,2384.0,2389.0
0.0,26790.0,7211.0,7160.0,20161.0,3166.0,0.0,3166.0,0.0,2386.0,2385.0,2389.0,2399.0,2415.0,2397.0,10956.0,5526.0,10308.0,0.0,3166.0,0.0,2386.0,2385.0,2389.0
0.0,39740.0,7184.0,7161.0,18224.0,0.0,0.0,0.0,0.0,2387.0,2385.0,2389.0,2398.0,2398.0,2388.0,15790.0,8759.0,15191.0,0.0,0.0,0.0,2387.0,2385.0,2389.0
0.0,50780.0,7231.0,7163.0,9005.0,0.0,0.0,0.0,0.0,2387.0,2386.0,2390.0,2405.0,2417.0,2409.0,18696.0,13591.0,18493.0,0.0,0.0,0.0,2387.0,2386.0,2390.0
0.0,52554.0,7206.0,7164.0,3166.0,0.0,0.0,0.0,0.0,2388.0,2386.0,2390.0,2416.0,2409.0,2381.0,17265.0,17568.0,17721.0,0.0,0.0,0.0,2388.0,2386.0,2390.0
0.0,48514.0,7171.0,7166.0,0.0,0.0,0.0,0.0,0.0,2389.0,2387.0,2390.0,2396.0,2396.0,2379.0,14849.0,18325.0,15340.0,0.0,0.0,0.0,2389.0,2387.0,2390.0
0.0,41343.0,7192.0,7168.0,0.0,3273.0,1888.0,0.0,1385.0,2389.0,2388.0,2391.0,2396.0,2405.0,2391.0,12453.0,15929.0,12961.0,1888.0,0.0,1385.0,2389.0,2388.0,2391.0
0.0,34151.0,7143.0,7168.0,0.0,8832.0,4279.0,798.0,3755.0,2389.0,2388.0,2391.0,2391.0,2382.0,2370.0,10057.0,13524.0,10570.0,4279.0,798.0,3755.0,2389.0,2388.0,2391.0
0.0,27008.0,7159.0,7169.0,0.0,15996.0,6650.0,3205.0,6141.0,2389.0,2389.0,2391.0,2371.0,2402.0,2386.0,7666.0,11142.0,8200.0,6650.0,3205.0,6141.0,2389.0,2389.0,2391.0
0.0,19849.0,7162.0,7172.0,3273.0,19900.0,7164.0,5579.0,7157.0,2390.0,2390.0,2392.0,2397.0,2369.0,2396.0,5295.0,8740.0,5814.0,7164.0,5579.0,7157.0,2390.0,2390.0,2392.0
0.0,15960.0,7158.0,7175.0,8832.0,18241.0,5276.0,7170.0,5795.0,2391.0,2391.0,2393.0,2386.0,2384.0,2388.0,4786.0,6371.0,4803.0,5276.0,7170.0,5795.0,2391.0,2391.0,2393.0
0.0,17634.0,7160.0,7176.0,15996.0,9410.0,1013.0,6347.0,2050.0,2391.0,2391.0,2394.0,2387.0,2382.0,2391.0,6679.0,4785.0,6170.0,1013.0,6347.0,2050.0,2391.0,2391.0,2394.0
0.0,26470.0,7129.0,7178.0,19884.0,3138.0,0.0,3138.0,0.0,2392.0,2392.0,2394.0,2381.0,2365.0,2383.0,10942.0,5608.0,9920.0,0.0,3138.0,0.0,2392.0,2392.0,2394.0
0.0,39225.0,7197.0,7180.0,15407.0,0.0,0.0,0.0,0.0,2393.0,2392.0,2395.0,2391.0,2398.0,2408.0,15709.0,8822.0,14694.0,0.0,0.0,0.0,2393.0,2392.0,2395.0
0.0,47435.0,7174.0,7181.0,12260.0,0.0,0.0,0.0,0.0,2393.0,2392.0,2396.0,2386.0,2389.0,2399.0,15760.0,13594.0,18081.0,0.0,0.0,0.0,2393.0,2392.0,2396.0
0.0,52521.0,7196.0,7182.0,3138.0,0.0,0.0,0.0,0.0,2394.0,2392.0,2396.0,2402.0,2379.0,2415.0,17237.0,17552.0,17732.0,0.0,0.0,0.0,2394.0,2392.0,2396.0
0.0,48463.0,7229.0,7184.0,0.0,0.0,0.0,0.0,0.0,2394.0,2393.0,2397.0,2399.0,2398.0,2432.0,14835.0,18311.0,15317.0,0.0,0.0,0.0,2394.0,2393.0,2397.0
0.0,41234.0,7260.0,7185.0,0.0,3489.0,1959.0,0.0,1530.0,2394.0,2393.0,2398.0,2425.0,2410.0,2425.0,12436.0,15913.0,12885.0,1959.0,0.0,1530.0,2394.0,2393.0,2398.0
0.0,33974.0,7258.0,7185.0,0.0,9209.0,4370.0,881.0,3958.0,2394.0,2393.0,2398.0,2411.0,2419.0,2428.0,10011.0,13503.0,10460.0,4370.0,881.0,3958.0,2394.0,2393.0,2398.0
0.0,26716.0,7287.0,7188.0,0.0,16511.0,6808.0,3313.0,6390.0,2395.0,2394.0,2399.0,2433.0,2427.0,2427.0,7600.0,11084.0,8032.0,6808.0,3313.0,6390.0,2395.0,2394.0,2399.0
0.0,19429.0,7279.0,7189.0,3489.0,20306.0,7286.0,5725.0,7295.0,2396.0,2394.0,2399.0,2432.0,2412.0,2435.0,5167.0,8657.0,5605.0,7286.0,5725.0,7295.0,2396.0,2394.0,2399.0
0.0,15639.0,7290.0,7190.0,9209.0,18392.0,5353.0,7273.0,5766.0,2396.0,2394.0,2400.0,2437.0,2429.0,2424.0,4694.0,6245.0,4700.0,5353.0,7273.0,5766.0,2396.0,2394.0,2400.0
0.0,17558.0,7287.0,7192.0,16511.0,9178.0,975.0,6414.0,1789.0,2397.0,2395.0,2400.0,2425.0,2449.0,2413.0,6627.0,4697.0,6234.0,975.0,6414.0,1789.0,2397.0,2395.0,2400.0
0.0,26782.0,7288.0,7193.0,20306.0,3133.0,0.0,3133.0,0.0,2397.0,2396.0,2400.0,2417.0,2439.0,2432.0,11010.0,5561.0,10211.0,0.0,3133.0,0.0,2397.0,2396.0,2400.0
0.0,39800.0,7277.0,7195.0,18392.0,0.0,0.0,0.0,0.0,2398.0,2396.0,2401.0,2414.0,2431.0,2432.0,15879.0,8847.0,15074.0,0.0,0.0,0.0,2398.0,2396.0,2401.0
0.0,50915.0,7270.0,7196.0,6061.0,0.0,0.0,0.0,0.0,2398.0,2397.0,2401.0,2413.0,2433.0,2424.0,18818.0,13689.0,18408.0,0.0,0.0,0.0,2398.0,2397.0,2401.0
0.0,49706.0,7241.0,7196.0,6250.0,0.0,0.0,0.0,0.0,2398.0,2397.0,2401.0,2411.0,2418.0,2412.0,17380.0,14553.0,17773.0,0.0,0.0,0.0,2398.0,2397.0,2401.0
0.0,48715.0,7238.0,7199.0,0.0,0.0,0.0,0.0,0.0,2399.0,2398.0,2402.0,2402.0,2416.0,2420.0,14969.0,18385.0,15361.0,0.0,0.0,0.0,2399.0,2398.0,2402.0
0.0,41477.0,7214.0,7199.0,0.0,3299.0,1836.0,0.0,1463.0,2399.0,2398.0,2402.0,2408.0,2412.0,2394.0,12567.0,15969.0,12941.0,1836.0,0.0,1463.0,2399.0,2398.0,2402.0
0.0,34263.0,7197.0,7200.0,0.0,8934.0,4230.0,841.0,3863.0,2399.0,2399.0,2402.0,2394.0,2403.0,2400.0,10159.0,13557.0,10547.0,4230.0,841.0,3863.0,2399.0,2399.0,2402.0
0.0,27066.0,7236.0,7201.0,0.0,16175.0,6638.0,3251.0,6286.0,2399.0,2399.0,2403.0,2408.0,2410.0,2418.0,7765.0,11154.0,8147.0,6638.0,3251.0,6286.0,2399.0,2399.0,2403.0
0.0,19830.0,7208.0,7202.0,3299.0,20089.0,7212.0,5646.0,7231.0,2399.0,2400.0,2403.0,2410.0,2390.0,2408.0,5357.0,8744.0,5729.0,7212.0,5646.0,7231.0,2399.0,2400.0,2403.0
0.0,15921.0,7229.0,7203.0,8934.0,18389.0,5414.0,7206.0,5769.0,2400.0,2400.0,2403.0,2427.0,2401.0,2401.0,4783.0,6354.0,4784.0,5414.0,7206.0,5769.0,2400.0,2400.0,2403.0
0.0,17626.0,7215.0,7205.0,16175.0,9439.0,1197.0,6357.0,1885.0,2400.0,2401.0,2404.0,2421.0,2397.0,2397.0,6586.0,4794.0,6246.0,1197.0,6357.0,1885.0,2400.0,2401.0,2404.0
0.0,26586.0,7219.0,7207.0,20089.0,3112.0,0.0,3112.0,0.0,2401.0,2401.0,2405.0,2414.0,2401.0,2404.0,10803.0,5648.0,10135.0,0.0,3112.0,0.0,2401.0,2401.0,2405.0
0.0,39456.0,7199.0,7209.0,18389.0,0.0,0.0,0.0,0.0,2402.0,2401.0,2406.0,2405.0,2380.0,2414.0,15601.0,8893.0,14962.0,0.0,0.0,0.0,2402.0,2401.0,2406.0
0.0,50646.0,7201.0,7210.0,9439.0,0.0,0.0,0.0,0.0,2402.0,2402.0,2406.0,2394.0,2396.0,2411.0,18610.0,13719.0,18317.0,0.0,0.0,0.0,2402.0,2402.0,2406.0
0.0,52884.0,7167.0,7210.0,3112.0,0.0,0.0,0.0,0.0,2402.0,2402.0,2406.0,2377.0,2406.0,2384.0,17413.0,17680.0,17791.0,0.0,0.0,0.0,2402.0,2402.0,2406.0
0.0,48829.0,7221.0,7213.0,0.0,0.0,0.0,0.0,0.0,2403.0,2403.0,2407.0,2389.0,2414.0,2418.0,15036.0,18386.0,15407.0,0.0,0.0,0.0,2403.0,2403.0,2407.0
0.0,41608.0,7211.0,7214.0,0.0,3221.0,1759.0,0.0,1462.0,2403.0,2403.0,2408.0,2391.0,2409.0,2411.0,12647.0,15972.0,12989.0,1759.0,0.0,1462.0,2403.0,2403.0,2408.0
0.0,34397.0,7224.0,7215.0,0.0,8902.0,4158.0,854.0,3890.0,2404.0,2403.0,2408.0,2394.0,2402.0,2428.0,10256.0,13563.0,10578.0,4158.0,854.0,3890.0,2404.0,2403.0,2408.0
0.0,27173.0,7277.0,7217.0,0.0,16189.0,6574.0,3294.0,6321.0,2404.0,2404.0,2409.0,2416.0,2435.0,2426.0,7862.0,11161.0,8150.0,6574.0,3294.0,6321.0,2404.0,2404.0,2409.0
0.0,19896.0,7271.0,7219.0,3221.0,20249.0,7235.0,5725.0,7289.0,2405.0,2405.0,2409.0,2415.0,2426.0,2430.0,5446.0,8726.0,5724.0,7235.0,5725.0,7289.0,2405.0,2405.0,2409.0
0.0,15846.0,7278.0,7221.0,8902.0,18635.0,5496.0,7308.0,5831.0,2405.0,2406.0,2410.0,2419.0,2432.0,2427.0,4790.0,6300.0,4756.0,5496.0,7308.0,5831.0,2405.0,2406.0,2410.0
0.0,17470.0,7281.0,7223.0,16189.0,9737.0,1346.0,6458.0,1933.0,2406.0,2407.0,2410.0,2419.0,2439.0,2423.0,6529.0,4722.0,6219.0,1346.0,6458.0,1933.0,2406.0,2407.0,2410.0
0.0,26378.0,7313.0,7224.0,20249.0,3158.0,0.0,3158.0,0.0,2406.0,2407.0,2411.0,2451.0,2425.0,2437.0,10684.0,5577.0,10117.0,0.0,3158.0,0.0,2406.0,2407.0,2411.0
0.0,39314.0,7341.0,7226.0,18635.0,0.0,0.0,0.0,0.0,2407.0,2408.0,2411.0,2450.0,2447.0,2444.0,15468.0,8877.0,14969.0,0.0,0.0,0.0,2407.0,2408.0,2411.0
0.0,50608.0,7289.0,7226.0,9737.0,0.0,0.0,0.0,0.0,2407.0,2408.0,2411.0,2441.0,2422.0,2426.0,18514.0,13738.0,18356.0,0.0,0.0,0.0,2407.0,2408.0,2411.0
0.0,53056.0,7312.0,7229.0,3158.0,0.0,0.0,0.0,0.0,2408.0,2409.0,2412.0,2443.0,2440.0,2429.0,17419.0,17774.0,17863.0,0.0,0.0,0.0,2408.0,2409.0,2412.0
0.0,48902.0,7305.0,7230.0,0.0,0.0,0.0,0.0,0.0,2408.0,2410.0,2412.0,2435.0,2425.0,2445.0,14976.0,18492.0,15434.0,0.0,0.0,0.0,2408.0,2410.0,2412.0
0.0,41597.0,7293.0,7231.0,0.0,3441.0,1942.0,0.0,1499.0,2409.0,2410.0,2412.0,2438.0,2427.0,2428.0,12541.0,16067.0,12989.0,1942.0,0.0,1499.0,2409.0,2410.0,2412.0
0.0,34304.0,7264.0,7232.0,0.0,9120.0,4377.0,826.0,3917.0,2410.0,2410.0,2412.0,2430.0,2416.0,2418.0,10103.0,13640.0,10561.0,4377.0,826.0,3917.0,2410.0,2410.0,2412.0
0.0,27040.0,7265.0,7233.0,0.0,16390.0,6797.0,3255.0,6338.0,2410.0,2411.0,2412.0,2420.0,2424.0,2421.0,7673.0,11224.0,8143.0,6797.0,3255.0,6338.0,2410.0,2411.0,2412.0
0.0,19775.0,7276.0,7235.0,3441.0,20235.0,7277.0,5689.0,7269.0,2411.0,2411.0,2413.0,2417.0,2434.0,2425.0,5253.0,8800.0,5722.0,7277.0,5689.0,7269.0,2411.0,2411.0,2413.0
0.0,15940.0,7262.0,7235.0,9120.0,18377.0,5311.0,7280.0,5786.0,2411.0,2411.0,2413.0,2411.0,2417.0,2434.0,4778.0,6366.0,4796.0,5311.0,7280.0,5786.0,2411.0,2411.0,2413.0
0.0,17798.0,7253.0,7236.0,16390.0,9245.0,934.0,6457.0,1854.0,2411.0,2412.0,2413.0,2420.0,2427.0,2406.0,6744.0,4775.0,6279.0,934.0,6457.0,1854.0,2411.0,2412.0,2413.0
0.0,26935.0,7297.0,7238.0,20235.0,3192.0,0.0,3192.0,0.0,2411.0,2412.0,2415.0,2434.0,2424.0,2439.0,11121.0,5603.0,10211.0,0.0,3192.0,0.0,2411.0,2412.0,2415.0
0.0,39873.0,7232.0,7239.0,15554.0,0.0,0.0,0.0,0.0,2412.0,2412.0,2415.0,2407.0,2411.0,2414.0,15964.0,8868.0,15041.0,0.0,0.0,0.0,2412.0,2412.0,2415.0
0.0,48195.0,7252.0,7240.0,12068.0,0.0,0.0,0.0,0.0,2412.0,2412.0,2416.0,2426.0,2413.0,2413.0,16045.0,13737.0,18413.0,0.0,0.0,0.0,2412.0,2412.0,2416.0
0.0,53011.0,7251.0,7242.0,3192.0,0.0,0.0,0.0,0.0,2413.0,2413.0,2416.0,2423.0,2420.0,2408.0,17376.0,17781.0,17854.0,0.0,0.0,0.0,2413.0,2413.0,2416.0
0.0,48952.0,7232.0,7244.0,0.0,0.0,0.0,0.0,0.0,2414.0,2413.0,2417.0,2409.0,2408.0,2415.0,14953.0,18553.0,15446.0,0.0,0.0,0.0,2414.0,2413.0,2417.0
0.0,41720.0,7219.0,7245.0,0.0,3396.0,1923.0,0.0,1473.0,2414.0,2414.0,2417.0,2397.0,2403.0,2419.0,12544.0,16145.0,13031.0,1923.0,0.0,1473.0,2414.0,2414.0,2417.0
0.0,34501.0,7253.0,7247.0,0.0,8987.0,4324.0,761.0,3902.0,2414.0,2415.0,2418.0,2401.0,2428.0,2424.0,10147.0,13742.0,10612.0,4324.0,761.0,3902.0,2414.0,2415.0,2418.0
0.0,27248.0,7209.0,7248.0,0.0,16201.0,6723.0,3155.0,6323.0,2414.0,2415.0,2419.0,2399.0,2394.0,2416.0,7746.0,11314.0,8188.0,6723.0,3155.0,6323.0,2414.0,2415.0,2419.0
0.0,20039.0,7237.0,7250.0,3396.0,20052.0,7215.0,5570.0,7267.0,2415.0,2416.0,2419.0,2410.0,2410.0,2417.0,5347.0,8920.0,5772.0,7215.0,5570.0,7267.0,2415.0,2416.0,2419.0
0.0,16198.0,7244.0,7251.0,8987.0,18314.0,5303.0,7213.0,5798.0,2415.0,2416.0,2420.0,2412.0,2404.0,2428.0,4860.0,6510.0,4828.0,5303.0,7213.0,5798.0,2415.0,2416.0,2420.0
0.0,17941.0,7249.0,7252.0,16201.0,9367.0,995.0,6471.0,1901.0,2416.0,2416.0,2420.0,2410.0,2413.0,2426.0,6772.0,4867.0,6302.0,995.0,6471.0,1901.0,2416.0,2416.0,2420.0
0.0,26893.0,7266.0,7253.0,20052.0,3337.0,0.0,3337.0,0.0,2416.0,2417.0,2420.0,2426.0,2431.0,2409.0,11085.0,5609.0,10199.0,0.0,3337.0,0.0,2416.0,2417.0,2420.0
0.0,39679.0,7265.0,7254.0,18314.0,0.0,0.0,0.0,0.0,2416.0,2418.0,2420.0,2422.0,2421.0,2422.0,15874.0,8748.0,15057.0,0.0,0.0,0.0,2416.0,2418.0,2420.0
0.0,50728.0,7299.0,7255.0,6533.0,0.0,0.0,0.0,0.0,2417.0,2418.0,2420.0,2438.0,2427.0,2434.0,18755.0,13540.0,18433.0,0.0,0.0,0.0,2417.0,2418.0,2420.0
0.0,49962.0,7327.0,7256.0,5963.0,0.0,0.0,0.0,0.0,2418.0,2418.0,2420.0,2456.0,2438.0,2433.0,17312.0,14750.0,17900.0,0.0,0.0,0.0,2418.0,2418.0,2420.0
0.0,48598.0,7308.0,7257.0,208.0,0.0,0.0,0.0,0.0,2418.0,2419.0,2420.0,2448.0,2437.0,2423.0,14856.0,18275.0,15467.0,0.0,0.0,0.0,2418.0,2419.0,2420.0
0.0,41498.0,7366.0,7257.0,0.0,3648.0,2135.0,0.0,1513.0,2418.0,2419.0,2420.0,2453.0,2456.0,2457.0,12408.0,16046.0,13044.0,2135.0,0.0,1513.0,2418.0,2419.0,2420.0
0.0,34132.0,7346.0,7259.0,0.0,9509.0,4577.0,964.0,3968.0,2418.0,2420.0,2421.0,2442.0,2454.0,2450.0,9955.0,13590.0,10587.0,4577.0,964.0,3968.0,2418.0,2420.0,2421.0
0.0,26786.0,7358.0,7261.0,0.0,16877.0,7032.0,3423.0,6422.0,2419.0,2420.0,2422.0,2450.0,2459.0,2449.0,7513.0,11136.0,8137.0,7032.0,3423.0,6422.0,2419.0,2420.0,2422.0
0.0,19428.0,7331.0,7261.0,3648.0,20560.0,7349.0,5866.0,7345.0,2419.0,2420.0,2422.0,2452.0,2443.0,2436.0,5063.0,8677.0,5688.0,7349.0,5866.0,7345.0,2419.0,2420.0,2422.0
0.0,15745.0,7355.0,7263.0,9509.0,18416.0,5216.0,7372.0,5828.0,2420.0,2421.0,2422.0,2439.0,2465.0,2451.0,4746.0,6234.0,4765.0,5216.0,7372.0,5828.0,2420.0,2421.0,2422.0
0.0,17899.0,7340.0,7264.0,16877.0,8884.0,641.0,6398.0,1845.0,2421.0,2421.0,2422.0,2452.0,2449.0,2439.0,6884.0,4733.0,6282.0,641.0,6398.0,1845.0,2421.0,2421.0,2422.0
0.0,27436.0,7333.0,7266.0,18089.0,2985.0,0.0,2985.0,0.0,2421.0,2422.0,2423.0,2442.0,2448.0,2443.0,11464.0,5707.0,10265.0,0.0,2985.0,0.0,2421.0,2422.0,2423.0
0.0,38192.0,7318.0,7267.0,20358.0,0.0,0.0,0.0,0.0,2422.0,2422.0,2423.0,2436.0,2445.0,2437.0,13900.0,9125.0,15167.0,0.0,0.0,0.0,2422.0,2422.0,2423.0
0.0,51232.0,7345.0,7270.0,9413.0,0.0,0.0,0.0,0.0,2423.0,2423.0,2424.0,2443.0,2455.0,2447.0,18622.0,14052.0,18558.0,0.0,0.0,0.0,2423.0,2423.0,2424.0
0.0,53300.0,7331.0,7273.0,2985.0,0.0,0.0,0.0,0.0,2424.0,2424.0,2425.0,2446.0,2443.0,2442.0,17349.0,17995.0,17956.0,0.0,0.0,0.0,2424.0,2424.0,2425.0
0.0,48954.0,7321.0,7273.0,0.0,0.0,0.0,0.0,0.0,2424.0,2424.0,2425.0,2447.0,2438.0,2436.0,14903.0,18537.0,15514.0,0.0,0.0,0.0,2424.0,2424.0,2425.0
0.0,41633.0,7289.0,7276.0,0.0,3583.0,2096.0,0.0,1487.0,2425.0,2425.0,2426.0,2427.0,2427.0,2435.0,12456.0,16099.0,13078.0,2096.0,0.0,1487.0,2425.0,2425.0,2426.0
0.0,34344.0,7288.0,7277.0,0.0,9329.0,4524.0,888.0,3917.0,2425.0,2426.0,2426.0,2428.0,2430.0,2430.0,10029.0,13672.0,10643.0,4524.0,888.0,3917.0,2425.0,2426.0,2426.0
0.0,27056.0,7273.0,7278.0,0.0,16607.0,6955.0,3302.0,6350.0,2425.0,2426.0,2427.0,2431.0,2414.0,2428.0,7601.0,11242.0,8213.0,6955.0,3302.0,6350.0,2425.0,2426.0,2427.0
0.0,19783.0,7273.0,7279.0,3583.0,20302.0,7279.0,5721.0,7302.0,2425.0,2426.0,2428.0,2420.0,2419.0,2434.0,5170.0,8828.0,5785.0,7279.0,5721.0,7302.0,2425.0,2426.0,2428.0
0.0,16093.0,7284.0,7281.0,9329.0,18267.0,5201.0,7255.0,5811.0,2426.0,2427.0,2428.0,2441.0,2417.0,2426.0,4846.0,6409.0,4838.0,5201.0,7255.0,5811.0,2426.0,2427.0,2428.0
0.0,18138.0,7243.0,7281.0,16607.0,8903.0,648.0,6371.0,1884.0,2426.0,2427.0,2428.0,2402.0,2418.0,2423.0,6929.0,4880.0,6329.0,648.0,6371.0,1884.0,2426.0,2427.0,2428.0
0.0,27502.0,7275.0,7284.0,20302.0,3076.0,0.0,3076.0,0.0,2427.0,2428.0,2429.0,2418.0,2421.0,2436.0,11482.0,5764.0,10256.0,0.0,3076.0,0.0,2427.0,2428.0,2429.0
0.0,40529.0,7259.0,7284.0,18267.0,0.0,0.0,0.0,0.0,2427.0,2428.0,2429.0,2403.0,2426.0,2430.0,16343.0,9064.0,15122.0,0.0,0.0,0.0,2427.0,2428.0,2429.0
0.0,51537.0,7280.0,7286.0,8903.0,0.0,0.0,0.0,0.0,2427.0,2429.0,2430.0,2410.0,2436.0,2434.0,19141.0,13893.0,18503.0,0.0,0.0,0.0,2427.0,2429.0,2430.0
0.0,53160.0,7289.0,7287.0,3076.0,0.0,0.0,0.0,0.0,2428.0,2429.0,2430.0,2437.0,2434.0,2418.0,17379.0,17828.0,17953.0,0.0,0.0,0.0,2428.0,2429.0,2430.0
0.0,48947.0,7296.0,7287.0,0.0,0.0,0.0,0.0,0.0,2428.0,2429.0,2430.0,2431.0,2429.0,2436.0,14942.0,18470.0,15535.0,0.0,0.0,0.0,2428.0,2429.0,2430.0
0.0,41651.0,7332.0,7288.0,0.0,3571.0,2076.0,0.0,1495.0,2429.0,2429.0,2430.0,2442.0,2446.0,2444.0,12511.0,16041.0,13099.0,2076.0,0.0,1495.0,2429.0,2429.0,2430.0
0.0,34319.0,7333.0,7290.0,0.0,9464.0,4535.0,1011.0,3918.0,2430.0,2430.0,2430.0,2454.0,2456.0,2423.0,10069.0,13595.0,10655.0,4535.0,1011.0,3918.0,2430.0,2430.0,2430.0
0.0,26986.0,7376.0,7291.0,0.0,16845.0,6988.0,3473.0,6384.0,2430.0,2430.0,2431.0,2453.0,2462.0,2461.0,7615.0,11139.0,8232.0,6988.0,3473.0,6384.0,2430.0,2430.0,2431.0
0.0,19610.0,7390.0,7293.0,3571.0,20674.0,7386.0,5941.0,7347.0,2431.0,2431.0,2431.0,2469.0,2463.0,2458.0,5162.0,8677.0,5771.0,7386.0,5941.0,7347.0,2431.0,2431.0,2431.0
0.0,15791.0,7386.0,7293.0,9464.0,18596.0,5322.0,7399.0,5875.0,2431.0,2431.0,2431.0,2471.0,2469.0,2446.0,4769.0,6214.0,4808.0,5322.0,7399.0,5875.0,2431.0,2431.0,2431.0
0.0,17869.0,7392.0,7295.0,16845.0,9153.0,800.0,6389.0,1964.0,2431.0,2432.0,2432.0,2466.0,2458.0,2468.0,6833.0,4756.0,6280.0,800.0,6389.0,1964.0,2431.0,2432.0,2432.0
0.0,27322.0,7376.0,7298.0,20674.0,2912.0,0.0,2912.0,0.0,2432.0,2433.0,2433.0,2460.0,2459.0,2457.0,11355.0,5771.0,10196.0,0.0,2912.0,0.0,2432.0,2433.0,2433.0
0.0,40620.0,7372.0,7298.0,18596.0,0.0,0.0,0.0,0.0,2432.0,2433.0,2433.0,2462.0,2463.0,2447.0,16281.0,9253.0,15086.0,0.0,0.0,0.0,2432.0,2433.0,2433.0
0.0,51844.0,7378.0,7300.0,9153.0,0.0,0.0,0.0,0.0,2433.0,2434.0,2433.0,2464.0,2460.0,2454.0,19141.0,14189.0,18514.0,0.0,0.0,0.0,2433.0,2434.0,2433.0
0.0,53619.0,7367.0,7302.0,2912.0,0.0,0.0,0.0,0.0,2433.0,2435.0,2434.0,2450.0,2455.0,2462.0,17477.0,18118.0,18024.0,0.0,0.0,0.0,2433.0,2435.0,2434.0
0.0,49164.0,7364.0,7304.0,0.0,0.0,0.0,0.0,0.0,2434.0,2435.0,2435.0,2448.0,2453.0,2463.0,15027.0,18575.0,15562.0,0.0,0.0,0.0,2434.0,2435.0,2435.0
0.0,41800.0,7323.0,7304.0,0.0,3551.0,2026.0,0.0,1525.0,2434.0,2435.0,2435.0,2435.0,2439.0,2449.0,12579.0,16122.0,13099.0,2026.0,0.0,1525.0,2434.0,2435.0,2435.0
0.0,34477.0,7335.0,7306.0,0.0,9388.0,4486.0,932.0,3970.0,2435.0,2436.0,2435.0,2455.0,2435.0,2445.0,10144.0,13683.0,10650.0,4486.0,932.0,3970.0,2435.0,2436.0,2435.0
0.0,27142.0,7318.0,7307.0,0.0,16711.0,6928.0,3362.0,6421.0,2435.0,2436.0,2436.0,2442.0,2430.0,2446.0,7689.0,11248.0,8205.0,6928.0,3362.0,6421.0,2435.0,2436.0,2436.0
0.0,19824.0,7386.0,7309.0,3551.0,20556.0,7363.0,5820.0,7373.0,2436.0,2436.0,2437.0,2456.0,2458.0,2472.0,5247.0,8818.0,5759.0,7363.0,5820.0,7373.0,2436.0,2436.0,2437.0
0.0,15989.0,7364.0,7312.0,9388.0,18547.0,5334.0,7343.0,5870.0,2437.0,2437.0,2438.0,2452.0,2450.0,2462.0,4817.0,6360.0,4812.0,5334.0,7343.0,5870.0,2437.0,2437.0,2438.0
0.0,18013.0,7339.0,7313.0,16711.0,9180.0,864.0,6421.0,1895.0,2437.0,2438.0,2438.0,2458.0,2435.0,2446.0,6851.0,4842.0,6320.0,864.0,6421.0,1895.0,2437.0,2438.0,2438.0
0.0,27385.0,7333.0,7315.0,20556.0,3044.0,0.0,3044.0,0.0,2438.0,2438.0,2439.0,2447.0,2443.0,2443.0,11321.0,5769.0,10295.0,0.0,3044.0,0.0,2438.0,2438.0,2439.0
0.0,40608.0,7313.0,7316.0,18547.0,0.0,0.0,0.0,0.0,2438.0,2439.0,2439.0,2431.0,2446.0,2436.0,16237.0,9146.0,15225.0,0.0,0.0,0.0,2438.0,2439.0,2439.0
0.0,51842.0,7335.0,7318.0,6384.0,0.0,0.0,0.0,0.0,2439.0,2439.0,2440.0,2456.0,2431.0,2448.0,19140.0,14043.0,18659.0,0.0,0.0,0.0,2439.0,2439.0,2440.0
0.0,50891.0,7313.0,7320.0,5840.0,0.0,0.0,0.0,0.0,2440.0,2440.0,2440.0,2442.0,2444.0,2427.0,17548.0,15237.0,18106.0,0.0,0.0,0.0,2440.0,2440.0,2440.0
0.0,49418.0,7329.0,7323.0,0.0,0.0,0.0,0.0,0.0,2441.0,2441.0,2441.0,2429.0,2452.0,2448.0,15106.0,18633.0,15679.0,0.0,0.0,0.0,2441.0,2441.0,2441.0
0.0,42089.0,7300.0,7323.0,0.0,3368.0,1951.0,0.0,1417.0,2441.0,2441.0,2441.0,2423.0,2434.0,2443.0,12677.0,16181.0,13231.0,1951.0,0.0,1417.0,2441.0,2441.0,2441.0
0.0,34789.0,7312.0,7324.0,0.0,9143.0,4373.0,917.0,3853.0,2441.0,2442.0,2441.0,2422.0,2454.0,2436.0,10254.0,13747.0,10788.0,4373.0,917.0,3853.0,2441.0,2442.0,2441.0
0.0,27477.0,7336.0,7327.0,0.0,16494.0,6829.0,3368.0,6297.0,2442.0,2443.0,2442.0,2451.0,2446.0,2439.0,7832.0,11293.0,8352.0,6829.0,3368.0,6297.0,2442.0,2443.0,2442.0
0.0,20141.0,7332.0,7327.0,3368.0,20458.0,7321.0,5812.0,7325.0,2442.0,2443.0,2442.0,2443.0,2444.0,2445.0,5381.0,8847.0,5913.0,7321.0,5812.0,7325.0,2442.0,2443.0,2442.0
0.0,16177.0,7335.0,7329.0,9143.0,18660.0,5409.0,7328.0,5923.0,2443.0,2443.0,2443.0,2456.0,2433.0,2446.0,4889.0,6403.0,4885.0,5409.0,7328.0,5923.0,2443.0,2443.0,2443.0
0.0,17985.0,7404.0,7330.0,16494.0,9575.0,1050.0,6430.0,2095.0,2443.0,2444.0,2443.0,2470.0,2465.0,2469.0,6806.0,4887.0,6292.0,1050.0,6430.0,2095.0,2443.0,2444.0,2443.0
0.0,27075.0,7377.0,7332.0,20458.0,3065.0,0.0,3065.0,0.0,2444.0,2444.0,2444.0,2473.0,2447.0,2457.0,11165.0,5790.0,10120.0,0.0,3065.0,0.0,2444.0,2444.0,2444.0
0.0,40156.0,7415.0,7333.0,17994.0,0.0,0.0,0.0,0.0,2444.0,2444.0,2445.0,2480.0,2446.0,2489.0,16013.0,9155.0,14988.0,0.0,0.0,0.0,2444.0,2444.0,2445.0
0.0,50735.0,7378.0,7334.0,10241.0,0.0,0.0,0.0,0.0,2445.0,2444.0,2445.0,2477.0,2454.0,2447.0,18276.0,14037.0,18422.0,0.0,0.0,0.0,2445.0,2444.0,2445.0
0.0,53598.0,7408.0,7336.0,3065.0,0.0,0.0,0.0,0.0,2446.0,2445.0,2445.0,2485.0,2471.0,2452.0,17515.0,18013.0,18070.0,0.0,0.0,0.0,2446.0,2445.0,2445.0
0.0,49255.0,7404.0,7335.0,0.0,0.0,0.0,0.0,0.0,2446.0,2444.0,2445.0,2485.0,2447.0,2472.0,15030.0,18607.0,15618.0,0.0,0.0,0.0,2446.0,2444.0,2445.0
0.0,41851.0,7425.0,7338.0,0.0,3716.0,2161.0,0.0,1555.0,2447.0,2445.0,2446.0,2471.0,2483.0,2471.0,12545.0,16160.0,13146.0,2161.0,0.0,1555.0,2447.0,2445.0,2446.0
0.0,34426.0,7400.0,7339.0,0.0,9669.0,4632.0,1001.0,4036.0,2447.0,2445.0,2447.0,2471.0,2453.0,2476.0,10074.0,13677.0,10675.0,4632.0,1001.0,4036.0,2447.0,2445.0,2447.0
0.0,27026.0,7409.0,7340.0,0.0,17083.0,7098.0,3475.0,6510.0,2448.0,2445.0,2447.0,2461.0,2474.0,2474.0,7603.0,11224.0,8199.0,7098.0,3475.0,6510.0,2448.0,2445.0,2447.0
0.0,19617.0,7404.0,7342.0,3716.0,20781.0,7400.0,5951.0,7430.0,2448.0,2446.0,2448.0,2463.0,2471.0,2470.0,5142.0,8750.0,5725.0,7400.0,5951.0,7430.0,2448.0,2446.0,2448.0
0.0,15929.0,7438.0,7345.0,9669.0,18565.0,5244.0,7445.0,5876.0,2449.0,2447.0,2449.0,2471.0,2490.0,2477.0,4840.0,6279.0,4810.0,5244.0,7445.0,5876.0,2449.0,2447.0,2449.0
0.0,18160.0,7436.0,7345.0,17083.0,8918.0,609.0,6451.0,1858.0,2449.0,2447.0,2449.0,2463.0,2481.0,2492.0,7001.0,4790.0,6369.0,609.0,6451.0,1858.0,2449.0,2447.0,2449.0
0.0,27807.0,7408.0,7347.0,20781.0,2973.0,0.0,2973.0,0.0,2449.0,2448.0,2450.0,2456.0,2468.0,2484.0,11636.0,5784.0,10387.0,0.0,2973.0,0.0,2449.0,2448.0,2450.0
0.0,41180.0,7394.0,7348.0,18565.0,0.0,0.0,0.0,0.0,2449.0,2448.0,2451.0,2459.0,2468.0,2467.0,16580.0,9267.0,15333.0,0.0,0.0,0.0,2449.0,2448.0,2451.0
0.0,52351.0,7358.0,7350.0,6840.0,0.0,0.0,0.0,0.0,2450.0,2449.0,2451.0,2450.0,2452.0,2456.0,19365.0,14244.0,18742.0,0.0,0.0,0.0,2450.0,2449.0,2451.0
0.0,51833.0,7374.0,7351.0,5051.0,0.0,0.0,0.0,0.0,2450.0,2449.0,2452.0,2456.0,2461.0,2457.0,17524.0,16165.0,18144.0,0.0,0.0,0.0,2450.0,2449.0,2452.0
0.0,49510.0,7344.0,7353.0,0.0,0.0,0.0,0.0,0.0,2451.0,2450.0,2452.0,2467.0,2447.0,2430.0,15068.0,18755.0,15687.0,0.0,0.0,0.0,2451.0,2450.0,2452.0
0.0,42166.0,7366.0,7354.0,0.0,3582.0,2124.0,0.0,1458.0,2452.0,2450.0,2452.0,2465.0,2446.0,2455.0,12601.0,16308.0,13257.0,2124.0,0.0,1458.0,2452.0,2450.0,2452.0
0.0,34800.0,7316.0,7356.0,0.0,9296.0,4556.0,832.0,3908.0,2452.0,2451.0,2453.0,2432.0,2439.0,2445.0,10136.0,13862.0,10802.0,4556.0,832.0,3908.0,2452.0,2451.0,2453.0
0.0,27484.0,7321.0,7357.0,0.0,16622.0,7011.0,3276.0,6335.0,2453.0,2451.0,2453.0,2450.0,2444.0,2427.0,7704.0,11423.0,8357.0,7011.0,3276.0,6335.0,2453.0,2451.0,2453.0
0.0,20163.0,7333.0,7358.0,3582.0,20378.0,7330.0,5720.0,7328.0,2453.0,2452.0,2453.0,2443.0,2439.0,2451.0,5254.0,8979.0,5930.0,7330.0,5720.0,7328.0,2453.0,2452.0,2453.0
0.0,16412.0,7306.0,7359.0,9296.0,18393.0,5205.0,7330.0,5858.0,2454.0,2452.0,2453.0,2426.0,2442.0,2438.0,4935.0,6540.0,4937.0,5205.0,7330.0,5858.0,2454.0,2452.0,2453.0
0.0,18402.0,7351.0,7360.0,16622.0,9127.0,642.0,6521.0,1964.0,2454.0,2453.0,2453.0,2448.0,2462.0,2441.0,7065.0,4930.0,6407.0,642.0,6521.0,1964.0,2454.0,2453.0,2453.0
0.0,27673.0,7363.0,7362.0,18316.0,3253.0,0.0,3253.0,0.0,2455.0,2453.0,2454.0,2453.0,2452.0,2458.0,11628.0,5744.0,10301.0,0.0,3253.0,0.0,2455.0,2453.0,2454.0
0.0,38626.0,7392.0,7363.0,17569.0,0.0,0.0,0.0,0.0,2455.0,2454.0,2454.0,2463.0,2473.0,2456.0,14443.0,9012.0,15171.0,0.0,0.0,0.0,2455.0,2454.0,2454.0
0.0,48803.0,7377.0,7365.0,12013.0,0.0,0.0,0.0,0.0,2456.0,2454.0,2455.0,2454.0,2462.0,2461.0,16361.0,13869.0,18573.0,0.0,0.0,0.0,2456.0,2454.0,2455.0
0.0,53439.0,7412.0,7366.0,3253.0,0.0,0.0,0.0,0.0,2456.0,2454.0,2456.0,2470.0,2470.0,2472.0,17435.0,17928.0,18076.0,0.0,0.0,0.0,2456.0,2454.0,2456.0
0.0,49280.0,7434.0,7367.0,0.0,0.0,0.0,0.0,0.0,2456.0,2455.0,2456.0,2486.0,2486.0,2462.0,14965.0,18711.0,15604.0,0.0,0.0,0.0,2456.0,2455.0,2456.0
0.0,41846.0,7419.0,7368.0,0.0,3882.0,2279.0,0.0,1603.0,2457.0,2455.0,2456.0,2473.0,2481.0,2465.0,12479.0,16225.0,13142.0,2279.0,0.0,1603.0,2457.0,2455.0,2456.0
0.0,34427.0,7470.0,7368.0,0.0,9883.0,4783.0,1019.0,4081.0,2457.0,2455.0,2456.0,2504.0,2488.0,2478.0,10006.0,13744.0,10677.0,4783.0,1019.0,4081.0,2457.0,2455.0,2456.0
0.0,26957.0,7460.0,7371.0,0.0,17358.0,7282.0,3493.0,6583.0,2458.0,2456.0,2457.0,2494.0,2469.0,2497.0,7502.0,11256.0,8199.0,7282.0,3493.0,6583.0,2458.0,2456.0,2457.0
0.0,19497.0,7456.0,7371.0,3882.0,20932.0,7487.0,5980.0,7465.0,2458.0,2456.0,2457.0,2484.0,2487.0,2485.0,5008.0,8787.0,5702.0,7487.0,5980.0,7465.0,2458.0,2456.0,2457.0
0.0,15923.0,7481.0,7374.0,9883.0,18545.0,5205.0,7452.0,5888.0,2459.0,2457.0,2458.0,2496.0,2486.0,2499.0,4803.0,6300.0,4820.0,5205.0,7452.0,5888.0,2459.0,2457.0,2458.0
0.0,18325.0,7491.0,7376.0,17358.0,8688.0,414.0,6471.0,1803.0,2459.0,2458.0,2459.0,2491.0,2507.0,2493.0,7090.0,4833.0,6402.0,414.0,6471.0,1803.0,2459.0,2458.0,2459.0
0.0,28192.0,7448.0,7378.0,20932.0,2976.0,0.0,2976.0,0.0,2460.0,2458.0,2460.0,2472.0,2485.0,2491.0,11881.0,5819.0,10492.0,0.0,2976.0,0.0,2460.0,2458.0,2460.0
0.0,41676.0,7429.0,7379.0,18545.0,0.0,0.0,0.0,0.0,2460.0,2459.0,2460.0,2464.0,2477.0,2488.0,16896.0,9314.0,15466.0,0.0,0.0,0.0,2460.0,2459.0,2460.0
0.0,52792.0,7429.0,7381.0,8688.0,0.0,0.0,0.0,0.0,2461.0,2459.0,2461.0,2478.0,2473.0,2478.0,19637.0,14289.0,18866.0,0.0,0.0,0.0,2461.0,2459.0,2461.0
0.0,54051.0,7438.0,7384.0,2976.0,0.0,0.0,0.0,0.0,2462.0,2460.0,2462.0,2496.0,2458.0,2484.0,17573.0,18287.0,18191.0,0.0,0.0,0.0,2462.0,2460.0,2462.0
0.0,49589.0,7410.0,7384.0,0.0,0.0,0.0,0.0,0.0,2462.0,2460.0,2462.0,2474.0,2465.0,2471.0,15077.0,18805.0,15707.0,0.0,0.0,0.0,2462.0,2460.0,2462.0
0.0,42179.0,7407.0,7385.0,0.0,3730.0,2181.0,0.0,1549.0,2463.0,2460.0,2462.0,2469.0,2463.0,2475.0,12603.0,16340.0,13236.0,2181.0,0.0,1549.0,2463.0,2460.0,2462.0
0.0,34772.0,7411.0,7387.0,0.0,9574.0,4643.0,893.0,4038.0,2463.0,2461.0,2463.0,2462.0,2465.0,2484.0,10134.0,13877.0,10761.0,4643.0,893.0,4038.0,2463.0,2461.0,2463.0
0.0,27361.0,7409.0,7387.0,0.0,16983.0,7120.0,3343.0,6520.0,2463.0,2461.0,2463.0,2477.0,2450.0,2482.0,7672.0,11412.0,8277.0,7120.0,3343.0,6520.0,2463.0,2461.0,2463.0
0.0,19952.0,7379.0,7388.0,3730.0,20637.0,7395.0,5804.0,7438.0,2463.0,2461.0,2464.0,2456.0,2461.0,2462.0,5195.0,8962.0,5795.0,7395.0,5804.0,7438.0,2463.0,2461.0,2464.0
0.0,16303.0,7383.0,7390.0,9574.0,18456.0,5226.0,7370.0,5860.0,2464.0,2462.0,2464.0,2469.0,2454.0,2460.0,4920.0,6501.0,4882.0,5226.0,7370.0,5860.0,2464.0,2462.0,2464.0
0.0,18494.0,7395.0,7390.0,16983.0,8868.0,570.0,6495.0,1803.0,2464.0,2462.0,2464.0,2464.0,2468.0,2463.0,7094.0,4940.0,6460.0,570.0,6495.0,1803.0,2464.0,2462.0,2464.0
0.0,28082.0,7366.0,7392.0,20637.0,3162.0,0.0,3162.0,0.0,2464.0,2463.0,2465.0,2458.0,2466.0,2442.0,11750.0,5815.0,10517.0,0.0,3162.0,0.0,2464.0,2463.0,2465.0
0.0,41353.0,7353.0,7393.0,18456.0,0.0,0.0,0.0,0.0,2465.0,2463.0,2465.0,2451.0,2456.0,2446.0,16687.0,9153.0,15513.0,0.0,0.0,0.0,2465.0,2463.0,2465.0
0.0,52456.0,7393.0,7395.0,8868.0,0.0,0.0,0.0,0.0,2466.0,2464.0,2465.0,2472.0,2477.0,2444.0,19462.0,14067.0,18927.0,0.0,0.0,0.0,2466.0,2464.0,2465.0
0.0,53931.0,7366.0,7395.0,3162.0,0.0,0.0,0.0,0.0,2466.0,2464.0,2465.0,2456.0,2459.0,2451.0,17560.0,18085.0,18286.0,0.0,0.0,0.0,2466.0,2464.0,2465.0
0.0,49727.0,7402.0,7396.0,0.0,0.0,0.0,0.0,0.0,2467.0,2464.0,2465.0,2478.0,2476.0,2448.0,15104.0,18788.0,15835.0,0.0,0.0,0.0,2467.0,2464.0,2465.0
0.0,42325.0,7416.0,7398.0,0.0,3583.0,2188.0,0.0,1395.0,2468.0,2465.0,2465.0,2474.0,2485.0,2457.0,12626.0,16312.0,13387.0,2188.0,0.0,1395.0,2468.0,2465.0,2465.0
0.0,34909.0,7438.0,7400.0,0.0,9529.0,4678.0,983.0,3868.0,2468.0,2466.0,2466.0,2490.0,2480.0,2468.0,10152.0,13827.0,10930.0,4678.0,983.0,3868.0,2468.0,2466.0,2466.0
0.0,27471.0,7442.0,7400.0,0.0,16971.0,7160.0,3456.0,6355.0,2468.0,2466.0,2466.0,2482.0,2473.0,2487.0,7662.0,11347.0,8462.0,7160.0,3456.0,6355.0,2468.0,2466.0,2466.0
0.0,20029.0,7450.0,7402.0,3583.0,20848.0,7476.0,5940.0,7432.0,2469.0,2467.0,2466.0,2499.0,2479.0,2472.0,5180.0,8874.0,5975.0,7476.0,5940.0,7432.0,2469.0,2467.0,2466.0
0.0,16162.0,7462.0,7402.0,9529.0,18781.0,5298.0,7437.0,6046.0,2469.0,2467.0,2466.0,2500.0,2480.0,2482.0,4869.0,6395.0,4898.0,5298.0,7437.0,6046.0,2469.0,2467.0,2466.0
0.0,18229.0,7485.0,7405.0,16971.0,9310.0,644.0,6480.0,2186.0,2470.0,2468.0,2467.0,2501.0,2494.0,2490.0,7047.0,4898.0,6284.0,644.0,6480.0,2186.0,2470.0,2468.0,2467.0
0.0,27715.0,7488.0,7407.0,20848.0,3038.0,0.0,3038.0,0.0,2470.0,2469.0,2468.0,2492.0,2493.0,2503.0,11706.0,5860.0,10149.0,0.0,3038.0,0.0,2470.0,2469.0,2468.0
0.0,41075.0,7490.0,7408.0,18781.0,0.0,0.0,0.0,0.0,2470.0,2469.0,2469.0,2501.0,2478.0,2511.0,16690.0,9307.0,15078.0,0.0,0.0,0.0,2470.0,2469.0,2469.0
0.0,52366.0,7525.0,7410.0,6208.0,0.0,0.0,0.0,0.0,2471.0,2469.0,2470.0,2516.0,2498.0,2511.0,19487.0,14266.0,18613.0,0.0,0.0,0.0,2471.0,2469.0,2470.0
0.0,51049.0,7526.0,7412.0,6140.0,0.0,0.0,0.0,0.0,2472.0,2470.0,2470.0,2508.0,2499.0,2519.0,17615.0,15146.0,18288.0,0.0,0.0,0.0,2472.0,2470.0,2470.0
0.0,49663.0,7497.0,7414.0,0.0,0.0,0.0,0.0,0.0,2472.0,2471.0,2471.0,2487.0,2495.0,2515.0,15107.0,18787.0,15769.0,0.0,0.0,0.0,2472.0,2471.0,2471.0
0.0,42166.0,7446.0,7415.0,0.0,3816.0,2248.0,0.0,1568.0,2473.0,2471.0,2471.0,2503.0,2476.0,2467.0,12620.0,16292.0,13254.0,2248.0,0.0,1568.0,2473.0,2471.0,2471.0
0.0,34720.0,7479.0,7415.0,0.0,9834.0,4733.0,1041.0,4060.0,2473.0,2471.0,2471.0,2485.0,2502.0,2492.0,10117.0,13816.0,10787.0,4733.0,1041.0,4060.0,2473.0,2471.0,2471.0
0.0,27241.0,7454.0,7416.0,0.0,17293.0,7214.0,3538.0,6541.0,2474.0,2471.0,2471.0,2476.0,2497.0,2481.0,7632.0,11314.0,8295.0,7214.0,3538.0,6541.0,2474.0,2471.0,2471.0
0.0,19787.0,7461.0,7417.0,3816.0,20943.0,7449.0,6042.0,7452.0,2474.0,2472.0,2471.0,2483.0,2499.0,2479.0,5156.0,8817.0,5814.0,7449.0,6042.0,7452.0,2474.0,2472.0,2471.0
0.0,16142.0,7438.0,7418.0,9834.0,18552.0,5210.0,7469.0,5873.0,2475.0,2472.0,2471.0,2489.0,2468.0,2481.0,4921.0,6318.0,4903.0,5210.0,7469.0,5873.0,2475.0,2472.0,2471.0
0.0,18538.0,7454.0,7420.0,17293.0,8723.0,492.0,6410.0,1821.0,2476.0,2472.0,2472.0,2491.0,2479.0,2484.0,7165.0,4891.0,6482.0,492.0,6410.0,1821.0,2476.0,2472.0,2472.0
0.0,28377.0,7430.0,7421.0,19672.0,2855.0,0.0,2855.0,0.0,2476.0,2473.0,2472.0,2484.0,2482.0,2464.0,11888.0,5950.0,10539.0,0.0,2855.0,0.0,2476.0,2473.0,2472.0
0.0,40619.0,7409.0,7422.0,16760.0,0.0,0.0,0.0,0.0,2476.0,2473.0,2473.0,2480.0,2469.0,2460.0,15582.0,9510.0,15527.0,0.0,0.0,0.0,2476.0,2473.0,2473.0
0.0,49970.0,7453.0,7424.0,11786.0,0.0,0.0,0.0,0.0,2477.0,2474.0,2473.0,2481.0,2495.0,2477.0,16520.0,14510.0,18940.0,0.0,0.0,0.0,2477.0,2474.0,2473.0
0.0,54303.0,7401.0,7426.0,2855.0,0.0,0.0,0.0,0.0,2477.0,2475.0,2474.0,2473.0,2457.0,2471.0,17594.0,18425.0,18284.0,0.0,0.0,0.0,2477.0,2475.0,2474.0
0.0,49757.0,7377.0,7427.0,0.0,0.0,0.0,0.0,0.0,2478.0,2475.0,2474.0,2458.0,2472.0,2447.0,15121.0,18823.0,15813.0,0.0,0.0,0.0,2478.0,2475.0,2474.0
0.0,42380.0,7402.0,7428.0,0.0,3656.0,2191.0,0.0,1465.0,2478.0,2476.0,2474.0,2464.0,2477.0,2461.0,12663.0,16351.0,13366.0,2191.0,0.0,1465.0,2478.0,2476.0,2474.0
0.0,34978.0,7412.0,7431.0,0.0,9589.0,4661.0,993.0,3935.0,2479.0,2477.0,2475.0,2465.0,2482.0,2465.0,10199.0,13874.0,10905.0,4661.0,993.0,3935.0,2479.0,2477.0,2475.0
0.0,27566.0,7410.0,7431.0,0.0,16999.0,7125.0,3468.0,6406.0,2479.0,2477.0,2475.0,2464.0,2475.0,2471.0,7734.0,11392.0,8440.0,7125.0,3468.0,6406.0,2479.0,2477.0,2475.0
0.0,20156.0,7446.0,7433.0,3656.0,20799.0,7417.0,5945.0,7437.0,2480.0,2477.0,2476.0,2478.0,2477.0,2491.0,5270.0,8917.0,5969.0,7417.0,5945.0,7437.0,2480.0,2477.0,2476.0
0.0,16366.0,7434.0,7433.0,9589.0,18644.0,5238.0,7424.0,5982.0,2480.0,2477.0,2476.0,2482.0,2472.0,2480.0,4983.0,6440.0,4943.0,5238.0,7424.0,5982.0,2480.0,2477.0,2476.0
0.0,18521.0,7453.0,7435.0,16999.0,9108.0,597.0,6442.0,2069.0,2480.0,2478.0,2477.0,2484.0,2481.0,2488.0,7162.0,4961.0,6398.0,597.0,6442.0,2069.0,2480.0,2478.0,2477.0
0.0,28067.0,7480.0,7436.0,20799.0,2969.0,0.0,2969.0,0.0,2481.0,2478.0,2477.0,2510.0,2472.0,2498.0,11803.0,5948.0,10316.0,0.0,2969.0,0.0,2481.0,2478.0,2477.0
0.0,41386.0,7496.0,7438.0,18644.0,0.0,0.0,0.0,0.0,2482.0,2478.0,2478.0,2503.0,2489.0,2504.0,16710.0,9421.0,15255.0,0.0,0.0,0.0,2482.0,2478.0,2478.0
0.0,52534.0,7531.0,7439.0,9108.0,0.0,0.0,0.0,0.0,2482.0,2478.0,2479.0,2514.0,2503.0,2514.0,19445.0,14356.0,18733.0,0.0,0.0,0.0,2482.0,2478.0,2479.0
0.0,54111.0,7527.0,7442.0,2969.0,0.0,0.0,0.0,0.0,2483.0,2479.0,2480.0,2513.0,2510.0,2504.0,17528.0,18295.0,18288.0,0.0,0.0,0.0,2483.0,2479.0,2480.0
0.0,49553.0,7552.0,7443.0,0.0,0.0,0.0,0.0,0.0,2483.0,2480.0,2480.0,2508.0,2524.0,2520.0,15015.0,18754.0,15784.0,0.0,0.0,0.0,2483.0,2480.0,2480.0
0.0,42001.0,7560.0,7444.0,0.0,4086.0,2425.0,0.0,1661.0,2483.0,2480.0,2481.0,2517.0,2523.0,2520.0,12507.0,16230.0,13264.0,2425.0,0.0,1661.0,2483.0,2480.0,2481.0
0.0,34441.0,7546.0,7446.0,0.0,10335.0,4940.0,1208.0,4187.0,2484.0,2481.0,2481.0,2510.0,2510.0,2526.0,9990.0,13707.0,10744.0,4940.0,1208.0,4187.0,2484.0,2481.0,2481.0
0.0,26895.0,7549.0,7447.0,0.0,17889.0,7451.0,3735.0,6703.0,2484.0,2481.0,2482.0,2511.0,2527.0,2511.0,7480.0,11197.0,8218.0,7451.0,3735.0,6703.0,2484.0,2481.0,2482.0
0.0,19346.0,7546.0,7449.0,4086.0,21359.0,7548.0,6258.0,7553.0,2485.0,2482.0,2482.0,2517.0,2518.0,2511.0,4969.0,8670.0,5707.0,7548.0,6258.0,7553.0,2485.0,2482.0,2482.0
0.0,15886.0,7493.0,7450.0,10335.0,18522.0,5111.0,7543.0,5868.0,2486.0,2482.0,2482.0,2498.0,2493.0,2502.0,4877.0,6152.0,4857.0,5111.0,7543.0,5868.0,2486.0,2482.0,2482.0
0.0,18728.0,7479.0,7451.0,17889.0,8117.0,154.0,6293.0,1670.0,2486.0,2482.0,2483.0,2494.0,2485.0,2500.0,7319.0,4867.0,6542.0,154.0,6293.0,1670.0,2486.0,2482.0,2483.0
0.0,29138.0,7466.0,7451.0,21359.0,2534.0,0.0,2534.0,0.0,2485.0,2483.0,2483.0,2470.0,2494.0,2502.0,12276.0,6117.0,10745.0,0.0,2534.0,0.0,2485.0,2483.0,2483.0
0.0,43031.0,7496.0,7453.0,18522.0,0.0,0.0,0.0,0.0,2486.0,2484.0,2483.0,2501.0,2501.0,2494.0,17354.0,9881.0,15796.0,0.0,0.0,0.0,2486.0,2484.0,2483.0
0.0,54057.0,7474.0,7454.0,8117.0,0.0,0.0,0.0,0.0,2486.0,2484.0,2484.0,2490.0,2487.0,2497.0,19964.0,14923.0,19170.0,0.0,0.0,0.0,2486.0,2484.0,2484.0
0.0,54700.0,7449.0,7456.0,2534.0,0.0,0.0,0.0,0.0,2487.0,2485.0,2484.0,2489.0,2485.0,2475.0,17628.0,18729.0,18343.0,0.0,0.0,0.0,2487.0,2485.0,2484.0
0.0,49785.0,7432.0,7455.0,0.0,0.0,0.0,0.0,0.0,2487.0,2485.0,2483.0,2490.0,2469.0,2473.0,15139.0,18778.0,15868.0,0.0,0.0,0.0,2487.0,2485.0,2483.0
0.0,42353.0,7434.0,7457.0,0.0,3775.0,2287.0,0.0,1488.0,2488.0,2485.0,2484.0,2496.0,2475.0,2463.0,12649.0,16309.0,13395.0,2287.0,0.0,1488.0,2488.0,2485.0,2484.0
0.0,34919.0,7415.0,7458.0,0.0,9786.0,4772.0,1064.0,3950.0,2488.0,2486.0,2484.0,2485.0,2468.0,2462.0,10153.0,13834.0,10932.0,4772.0,1064.0,3950.0,2488.0,2486.0,2484.0
0.0,27504.0,7438.0,7458.0,0.0,17224.0,7253.0,3543.0,6428.0,2488.0,2486.0,2484.0,2481.0,2479.0,2478.0,7668.0,11366.0,8470.0,7253.0,3543.0,6428.0,2488.0,2486.0,2484.0
0.0,20066.0,7431.0,7459.0,3775.0,20885.0,7448.0,6028.0,7409.0,2489.0,2486.0,2484.0,2477.0,2485.0,2469.0,5187.0,8887.0,5992.0,7448.0,6028.0,7409.0,2489.0,2486.0,2484.0
0.0,16410.0,7427.0,7460.0,9786.0,18531.0,5153.0,7435.0,5943.0,2489.0,2486.0,2485.0,2477.0,2471.0,2479.0,4997.0,6402.0,5011.0,5153.0,7435.0,5943.0,2489.0,2486.0,2485.0
0.0,18769.0,7419.0,7461.0,17224.0,8731.0,374.0,6366.0,1991.0,2489.0,2486.0,2486.0,2474.0,2474.0,2471.0,7292.0,4995.0,6482.0,374.0,6366.0,1991.0,2489.0,2486.0,2486.0
0.0,28574.0,7451.0,7463.0,20885.0,2819.0,0.0,2819.0,0.0,2490.0,2487.0,2486.0,2474.0,2476.0,2501.0,12071.0,6064.0,10439.0,0.0,2819.0,0.0,2490.0,2487.0,2486.0
0.0,42008.0,7462.0,7464.0,18531.0,0.0,0.0,0.0,0.0,2490.0,2487.0,2487.0,2476.0,2502.0,2484.0,17045.0,9616.0,15347.0,0.0,0.0,0.0,2490.0,2487.0,2487.0
0.0,53077.0,7516.0,7466.0,6277.0,0.0,0.0,0.0,0.0,2490.0,2488.0,2488.0,2502.0,2515.0,2499.0,19722.0,14549.0,18806.0,0.0,0.0,0.0,2490.0,2488.0,2488.0
0.0,51838.0,7530.0,7468.0,5273.0,0.0,0.0,0.0,0.0,2491.0,2488.0,2489.0,2506.0,2512.0,2512.0,17594.0,15946.0,18298.0,0.0,0.0,0.0,2491.0,2488.0,2489.0
0.0,49581.0,7540.0,7469.0,0.0,0.0,0.0,0.0,0.0,2491.0,2489.0,2489.0,2510.0,2515.0,2515.0,15088.0,18707.0,15786.0,0.0,0.0,0.0,2491.0,2489.0,2489.0
0.0,42041.0,7547.0,7471.0,0.0,4087.0,2389.0,0.0,1698.0,2491.0,2490.0,2490.0,2512.0,2516.0,2519.0,12578.0,16192.0,13271.0,2389.0,0.0,1698.0,2491.0,2490.0,2490.0
0.0,34494.0,7574.0,7473.0,0.0,10445.0,4933.0,1283.0,4229.0,2492.0,2490.0,2491.0,2539.0,2509.0,2526.0,10066.0,13676.0,10752.0,4933.0,1283.0,4229.0,2492.0,2490.0,2491.0
0.0,26920.0,7577.0,7476.0,0.0,18037.0,7461.0,3813.0,6763.0,2493.0,2491.0,2492.0,2523.0,2525.0,2529.0,7527.0,11167.0,8226.0,7461.0,3813.0,6763.0,2493.0,2491.0,2492.0
0.0,19343.0,7583.0,7477.0,4087.0,21538.0,7605.0,6339.0,7594.0,2493.0,2492.0,2492.0,2533.0,2521.0,2529.0,5004.0,8642.0,5697.0,7605.0,6339.0,7594.0,2493.0,2492.0,2492.0
0.0,15847.0,7581.0,7480.0,10445.0,18689.0,5190.0,7588.0,5911.0,2494.0,2493.0,2493.0,2513.0,2527.0,2541.0,4860.0,6121.0,4866.0,5190.0,7588.0,5911.0,2494.0,2493.0,2493.0
0.0,18711.0,7576.0,7480.0,18037.0,8228.0,259.0,6304.0,1665.0,2494.0,2493.0,2493.0,2530.0,2529.0,2517.0,7280.0,4877.0,6554.0,259.0,6304.0,1665.0,2494.0,2493.0,2493.0
0.0,29172.0,7568.0,7480.0,20877.0,2480.0,0.0,2480.0,0.0,2494.0,2493.0,2493.0,2522.0,2515.0,2531.0,12211.0,6161.0,10800.0,0.0,2480.0,0.0,2494.0,2493.0,2493.0
0.0,42481.0,7528.0,7481.0,16049.0,0.0,0.0,0.0,0.0,2494.0,2494.0,2493.0,2504.0,2503.0,2521.0,16633.0,9985.0,15863.0,0.0,0.0,0.0,2494.0,2494.0,2493.0
0.0,51002.0,7513.0,7483.0,11529.0,0.0,0.0,0.0,0.0,2495.0,2494.0,2494.0,2510.0,2511.0,2492.0,16679.0,15070.0,19253.0,0.0,0.0,0.0,2495.0,2494.0,2494.0
0.0,55018.0,7534.0,7483.0,2480.0,0.0,0.0,0.0,0.0,2495.0,2494.0,2494.0,2498.0,2511.0,2525.0,17729.0,18863.0,18426.0,0.0,0.0,0.0,2495.0,2494.0,2494.0
0.0,49964.0,7515.0,7485.0,0.0,0.0,0.0,0.0,0.0,2495.0,2495.0,2495.0,2505.0,2502.0,2508.0,15231.0,18832.0,15901.0,0.0,0.0,0.0,2495.0,2495.0,2495.0
0.0,42449.0,7499.0,7486.0,0.0,3843.0,2250.0,0.0,1593.0,2496.0,2494.0,2496.0,2496.0,2497.0,2506.0,12726.0,16330.0,13393.0,2250.0,0.0,1593.0,2496.0,2494.0,2496.0
0.0,34950.0,7515.0,7487.0,0.0,10000.0,4760.0,1155.0,4085.0,2496.0,2495.0,2496.0,2510.0,2513.0,2492.0,10230.0,13833.0,10887.0,4760.0,1155.0,4085.0,2496.0,2495.0,2496.0
0.0,27435.0,7510.0,7488.0,0.0,17515.0,7277.0,3666.0,6572.0,2496.0,2496.0,2496.0,2517.0,2506.0,2487.0,7720.0,11320.0,8395.0,7277.0,3666.0,6572.0,2496.0,2496.0,2496.0
0.0,19925.0,7505.0,7489.0,3843.0,21182.0,7533.0,6173.0,7476.0,2497.0,2496.0,2496.0,2501.0,2507.0,2497.0,5203.0,8814.0,5908.0,7533.0,6173.0,7476.0,2497.0,2496.0,2496.0
0.0,16263.0,7475.0,7491.0,10000.0,18667.0,5273.0,7520.0,5874.0,2497.0,2497.0,2497.0,2500.0,2497.0,2478.0,4952.0,6307.0,5004.0,5273.0,7520.0,5874.0,2497.0,2497.0,2497.0
0.0,18788.0,7504.0,7492.0,17515.0,8661.0,504.0,6351.0,1806.0,2498.0,2497.0,2497.0,2503.0,2497.0,2504.0,7212.0,4965.0,6611.0,504.0,6351.0,1806.0,2498.0,2497.0,2497.0
0.0,28799.0,7469.0,7494.0,21182.0,2683.0,0.0,2683.0,0.0,2498.0,2498.0,2498.0,2480.0,2500.0,2489.0,11986.0,6134.0,10679.0,0.0,2683.0,0.0,2498.0,2498.0,2498.0
0.0,42512.0,7475.0,7494.0,18667.0,0.0,0.0,0.0,0.0,2498.0,2498.0,2498.0,2493.0,2492.0,2490.0,17039.0,9807.0,15666.0,0.0,0.0,0.0,2498.0,2498.0,2498.0
0.0,53704.0,7472.0,7496.0,5582.0,0.0,0.0,0.0,0.0,2499.0,2498.0,2499.0,2485.0,2492.0,2495.0,19819.0,14835.0,19050.0,0.0,0.0,0.0,2499.0,2498.0,2499.0
0.0,51814.0,7481.0,7497.0,5762.0,0.0,0.0,0.0,0.0,2499.0,2498.0,2500.0,2490.0,2475.0,2516.0,17838.0,15615.0,18361.0,0.0,0.0,0.0,2499.0,2498.0,2500.0
0.0,50095.0,7463.0,7498.0,0.0,0.0,0.0,0.0,0.0,2499.0,2499.0,2500.0,2468.0,2506.0,2489.0,15348.0,18902.0,15845.0,0.0,0.0,0.0,2499.0,2499.0,2500.0
0.0,42632.0,7489.0,7500.0,0.0,3759.0,2108.0,0.0,1651.0,2500.0,2499.0,2501.0,2488.0,2499.0,2502.0,12880.0,16396.0,13356.0,2108.0,0.0,1651.0,2500.0,2499.0,2501.0
0.0,35143.0,7540.0,7502.0,0.0,9907.0,4610.0,1107.0,4190.0,2500.0,2500.0,2502.0,2502.0,2504.0,2534.0,10392.0,13897.0,10854.0,4610.0,1107.0,4190.0,2500.0,2500.0,2502.0
0.0,27603.0,7561.0,7504.0,0.0,17478.0,7136.0,3613.0,6729.0,2501.0,2500.0,2503.0,2521.0,2506.0,2534.0,7890.0,11393.0,8320.0,7136.0,3613.0,6729.0,2501.0,2500.0,2503.0
0.0,20042.0,7541.0,7505.0,3759.0,21265.0,7539.0,6122.0,7604.0,2501.0,2501.0,2503.0,2511.0,2504.0,2526.0,5369.0,8887.0,5786.0,7539.0,6122.0,7604.0,2501.0,2501.0,2503.0
0.0,16260.0,7562.0,7506.0,9907.0,18925.0,5447.0,7547.0,5931.0,2501.0,2502.0,2503.0,2518.0,2527.0,2517.0,4966.0,6383.0,4911.0,5447.0,7547.0,5931.0,2501.0,2502.0,2503.0
0.0,18605.0,7607.0,7507.0,17478.0,9059.0,844.0,6461.0,1754.0,2501.0,2502.0,2504.0,2533.0,2527.0,2547.0,7058.0,4963.0,6584.0,844.0,6461.0,1754.0,2501.0,2502.0,2504.0
0.0,28476.0,7603.0,7510.0,21265.0,2876.0,0.0,2876.0,0.0,2502.0,2503.0,2505.0,2534.0,2532.0,2537.0,11661.0,6049.0,10766.0,0.0,2876.0,0.0,2502.0,2503.0,2505.0
0.0,42138.0,7625.0,7510.0,18925.0,0.0,0.0,0.0,0.0,2502.0,2503.0,2505.0,2541.0,2533.0,2551.0,16666.0,9639.0,15833.0,0.0,0.0,0.0,2502.0,2503.0,2505.0
0.0,53438.0,7602.0,7512.0,9059.0,0.0,0.0,0.0,0.0,2503.0,2503.0,2506.0,2529.0,2539.0,2534.0,19572.0,14653.0,19213.0,0.0,0.0,0.0,2503.0,2503.0,2506.0
0.0,54895.0,7616.0,7513.0,2876.0,0.0,0.0,0.0,0.0,2503.0,2504.0,2506.0,2533.0,2546.0,2537.0,17887.0,18575.0,18433.0,0.0,0.0,0.0,2503.0,2504.0,2506.0
0.0,50155.0,7588.0,7513.0,0.0,0.0,0.0,0.0,0.0,2503.0,2504.0,2506.0,2519.0,2541.0,2528.0,15354.0,18905.0,15896.0,0.0,0.0,0.0,2503.0,2504.0,2506.0
0.0,42567.0,7596.0,7514.0,0.0,3897.0,2205.0,0.0,1692.0,2503.0,2505.0,2506.0,2525.0,2541.0,2530.0,12835.0,16364.0,13368.0,2205.0,0.0,1692.0,2503.0,2505.0,2506.0
0.0,34971.0,7580.0,7516.0,0.0,10189.0,4739.0,1227.0,4223.0,2504.0,2505.0,2507.0,2529.0,2525.0,2526.0,10310.0,13823.0,10838.0,4739.0,1227.0,4223.0,2504.0,2505.0,2507.0
0.0,27391.0,7554.0,7517.0,0.0,17748.0,7253.0,3771.0,6724.0,2504.0,2506.0,2507.0,2514.0,2539.0,2501.0,7781.0,11298.0,8312.0,7253.0,3771.0,6724.0,2504.0,2506.0,2507.0
0.0,19837.0,7565.0,7519.0,3897.0,21426.0,7568.0,6309.0,7549.0,2505.0,2507.0,2507.0,2515.0,2533.0,2517.0,5267.0,8759.0,5811.0,7568.0,6309.0,7549.0,2505.0,2507.0,2507.0
0.0,16169.0,7565.0,7520.0,10189.0,18807.0,5367.0,7611.0,5829.0,2506.0,2507.0,2507.0,2533.0,2529.0,2503.0,4957.0,6226.0,4986.0,5367.0,7611.0,5829.0,2506.0,2507.0,2507.0
0.0,18793.0,7523.0,7522.0,17748.0,8592.0,627.0,6346.0,1619.0,2506.0,2508.0,2508.0,2513.0,2501.0,2509.0,7163.0,4924.0,6706.0,627.0,6346.0,1619.0,2506.0,2508.0,2508.0
0.0,29018.0,7531.0,7523.0,21426.0,2549.0,0.0,2549.0,0.0,2507.0,2508.0,2508.0,2511.0,2512.0,2508.0,11903.0,6194.0,10921.0,0.0,2549.0,0.0,2507.0,2508.0,2508.0
0.0,42913.0,7517.0,7525.0,18807.0,0.0,0.0,0.0,0.0,2507.0,2509.0,2509.0,2504.0,2503.0,2510.0,16960.0,9991.0,15962.0,0.0,0.0,0.0,2507.0,2509.0,2509.0
0.0,54203.0,7494.0,7526.0,5356.0,0.0,0.0,0.0,0.0,2507.0,2509.0,2510.0,2508.0,2492.0,2494.0,19823.0,15099.0,19281.0,0.0,0.0,0.0,2507.0,2509.0,2510.0
0.0,52065.0,7531.0,7529.0,5785.0,0.0,0.0,0.0,0.0,2508.0,2510.0,2511.0,2511.0,2493.0,2527.0,17942.0,15717.0,18406.0,0.0,0.0,0.0,2508.0,2510.0,2511.0
0.0,50319.0,7508.0,7529.0,0.0,0.0,0.0,0.0,0.0,2508.0,2510.0,2511.0,2503.0,2492.0,2513.0,15431.0,19009.0,15879.0,0.0,0.0,0.0,2508.0,2510.0,2511.0
0.0,42811.0,7528.0,7531.0,0.0,3845.0,2140.0,0.0,1705.0,2509.0,2510.0,2512.0,2523.0,2494.0,2511.0,12928.0,16517.0,13366.0,2140.0,0.0,1705.0,2509.0,2510.0,2512.0
0.0,35283.0,7514.0,7533.0,0.0,9896.0,4634.0,1040.0,4222.0,2509.0,2511.0,2513.0,2494.0,2508.0,2512.0,10405.0,14023.0,10855.0,4634.0,1040.0,4222.0,2509.0,2511.0,2513.0
0.0,27769.0,7516.0,7536.0,0.0,17427.0,7132.0,3554.0,6741.0,2510.0,2512.0,2514.0,2493.0,2509.0,2514.0,7911.0,11515.0,8343.0,7132.0,3554.0,6741.0,2510.0,2512.0,2514.0
0.0,20253.0,7545.0,7536.0,3845.0,21127.0,7495.0,6073.0,7559.0,2510.0,2512.0,2514.0,2503.0,2519.0,2523.0,5418.0,9006.0,5829.0,7495.0,6073.0,7559.0,2510.0,2512.0,2514.0
0.0,16553.0,7567.0,7539.0,9896.0,18813.0,5386.0,7564.0,5863.0,2511.0,2513.0,2515.0,2520.0,2526.0,2521.0,5055.0,6487.0,5011.0,5386.0,7564.0,5863.0,2511.0,2513.0,2515.0
0.0,18882.0,7565.0,7539.0,17427.0,8951.0,767.0,6534.0,1650.0,2511.0,2513.0,2515.0,2513.0,2524.0,2528.0,7169.0,5001.0,6712.0,767.0,6534.0,1650.0,2511.0,2513.0,2515.0
0.0,28744.0,7591.0,7541.0,21127.0,2992.0,0.0,2992.0,0.0,2512.0,2513.0,2516.0,2527.0,2531.0,2533.0,11788.0,6031.0,10925.0,0.0,2992.0,0.0,2512.0,2513.0,2516.0
0.0,42280.0,7617.0,7542.0,18423.0,0.0,0.0,0.0,0.0,2512.0,2514.0,2516.0,2537.0,2532.0,2548.0,16756.0,9573.0,15951.0,0.0,0.0,0.0,2512.0,2514.0,2516.0
0.0,53086.0,7631.0,7544.0,9341.0,0.0,0.0,0.0,0.0,2513.0,2514.0,2517.0,2538.0,2548.0,2545.0,19215.0,14605.0,19266.0,0.0,0.0,0.0,2513.0,2514.0,2517.0
0.0,54796.0,7631.0,7545.0,2992.0,0.0,0.0,0.0,0.0,2513.0,2515.0,2517.0,2547.0,2537.0,2547.0,17834.0,18591.0,18371.0,0.0,0.0,0.0,2513.0,2515.0,2517.0
0.0,50157.0,7641.0,7546.0,0.0,0.0,0.0,0.0,0.0,2513.0,2515.0,2518.0,2540.0,2555.0,2546.0,15287.0,19046.0,15824.0,0.0,0.0,0.0,2513.0,2515.0,2518.0
0.0,42516.0,7617.0,7547.0,0.0,4191.0,2346.0,0.0,1845.0,2513.0,2516.0,2518.0,2528.0,2556.0,2533.0,12747.0,16491.0,13278.0,2346.0,0.0,1845.0,2513.0,2516.0,2518.0
0.0,34899.0,7604.0,7547.0,0.0,10440.0,4895.0,1192.0,4353.0,2514.0,2516.0,2517.0,2544.0,2547.0,2513.0,10219.0,13935.0,10745.0,4895.0,1192.0,4353.0,2514.0,2516.0,2517.0
0.0,27295.0,7633.0,7549.0,0.0,18083.0,7447.0,3732.0,6904.0,2514.0,2517.0,2518.0,2552.0,2535.0,2546.0,7675.0,11388.0,8232.0,7447.0,3732.0,6904.0,2514.0,2517.0,2518.0
0.0,19662.0,7609.0,7549.0,4191.0,21501.0,7641.0,6276.0,7584.0,2514.0,2517.0,2518.0,2540.0,2544.0,2525.0,5123.0,8853.0,5686.0,7641.0,6276.0,7584.0,2514.0,2517.0,2518.0
0.0,16244.0,7597.0,7551.0,10440.0,18668.0,5278.0,7624.0,5766.0,2515.0,2518.0,2518.0,2527.0,2535.0,2535.0,4929.0,6309.0,5006.0,5278.0,7624.0,5766.0,2515.0,2518.0,2518.0
0.0,19087.0,7614.0,7552.0,18083.0,8204.0,362.0,6434.0,1408.0,2515.0,2518.0,2519.0,2531.0,2542.0,2541.0,7297.0,4966.0,6824.0,362.0,6434.0,1408.0,2515.0,2518.0,2519.0
0.0,29556.0,7587.0,7554.0,21501.0,2687.0,0.0,2687.0,0.0,2516.0,2519.0,2519.0,2543.0,2524.0,2520.0,12213.0,6156.0,11187.0,0.0,2687.0,0.0,2516.0,2519.0,2519.0
0.0,43470.0,7586.0,7555.0,18668.0,0.0,0.0,0.0,0.0,2517.0,2519.0,2519.0,2523.0,2532.0,2531.0,17311.0,9908.0,16251.0,0.0,0.0,0.0,2517.0,2519.0,2519.0
0.0,54552.0,7584.0,7557.0,5189.0,0.0,0.0,0.0,0.0,2517.0,2520.0,2520.0,2533.0,2515.0,2536.0,20066.0,15000.0,19486.0,0.0,0.0,0.0,2517.0,2520.0,2520.0
0.0,52157.0,7591.0,7558.0,5702.0,0.0,0.0,0.0,0.0,2518.0,2520.0,2520.0,2533.0,2531.0,2527.0,17895.0,15904.0,18358.0,0.0,0.0,0.0,2518.0,2520.0,2520.0
0.0,50268.0,7593.0,7559.0,0.0,0.0,0.0,0.0,0.0,2518.0,2520.0,2521.0,2540.0,2528.0,2525.0,15362.0,19075.0,15831.0,0.0,0.0,0.0,2518.0,2520.0,2521.0
0.0,42675.0,7587.0,7562.0,0.0,4133.0,2298.0,0.0,1835.0,2519.0,2521.0,2522.0,2525.0,2531.0,2531.0,12822.0,16547.0,13306.0,2298.0,0.0,1835.0,2519.0,2521.0,2522.0
0.0,35088.0,7577.0,7563.0,0.0,10304.0,4837.0,1109.0,4358.0,2519.0,2521.0,2523.0,2539.0,2520.0,2518.0,10297.0,14016.0,10775.0,4837.0,1109.0,4358.0,2519.0,2521.0,2523.0
0.0,27511.0,7570.0,7565.0,0.0,17884.0,7362.0,3645.0,6877.0,2520.0,2522.0,2523.0,2520.0,2531.0,2519.0,7758.0,11496.0,8257.0,7362.0,3645.0,6877.0,2520.0,2522.0,2523.0
0.0,19941.0,7580.0,7567.0,4133.0,21341.0,7595.0,6168.0,7578.0,2521.0,2522.0,2524.0,2526.0,2523.0,2531.0,5238.0,8965.0,5738.0,7595.0,6168.0,7578.0,2521.0,2522.0,2524.0
0.0,16494.0,7580.0,7569.0,10304.0,18627.0,5283.0,7585.0,5759.0,2521.0,2523.0,2525.0,2525.0,2521.0,2534.0,5010.0,6442.0,5042.0,5283.0,7585.0,5759.0,2521.0,2523.0,2525.0
0.0,19218.0,7571.0,7570.0,17884.0,8319.0,455.0,6460.0,1404.0,2522.0,2523.0,2525.0,2529.0,2520.0,2522.0,7322.0,5030.0,6866.0,455.0,6460.0,1404.0,2522.0,2523.0,2525.0
0.0,29531.0,7585.0,7572.0,19222.0,2821.0,0.0,2821.0,0.0,2523.0,2524.0,2525.0,2529.0,2524.0,2532.0,12155.0,6155.0,11221.0,0.0,2821.0,0.0,2523.0,2524.0,2525.0
0.0,41168.0,7562.0,7575.0,17636.0,0.0,0.0,0.0,0.0,2524.0,2525.0,2526.0,2508.0,2525.0,2529.0,15102.0,9799.0,16267.0,0.0,0.0,0.0,2524.0,2525.0,2526.0
0.0,51242.0,7624.0,7577.0,11429.0,0.0,0.0,0.0,0.0,2524.0,2526.0,2527.0,2535.0,2544.0,2545.0,16886.0,14859.0,19497.0,0.0,0.0,0.0,2524.0,2526.0,2527.0
0.0,55047.0,7590.0,7578.0,2821.0,0.0,0.0,0.0,0.0,2525.0,2526.0,2527.0,2516.0,2532.0,2542.0,17916.0,18775.0,18356.0,0.0,0.0,0.0,2525.0,2526.0,2527.0
0.0,50278.0,7633.0,7580.0,0.0,0.0,0.0,0.0,0.0,2525.0,2527.0,2528.0,2534.0,2534.0,2565.0,15400.0,19064.0,15814.0,0.0,0.0,0.0,2525.0,2527.0,2528.0
0.0,42645.0,7618.0,7581.0,0.0,4233.0,2314.0,0.0,1919.0,2526.0,2527.0,2528.0,2550.0,2540.0,2528.0,12866.0,16530.0,13249.0,2314.0,0.0,1919.0,2526.0,2527.0,2528.0
0.0,35027.0,7628.0,7582.0,0.0,10511.0,4857.0,1194.0,4460.0,2526.0,2528.0,2528.0,2543.0,2544.0,2541.0,10316.0,13990.0,10721.0,4857.0,1194.0,4460.0,2526.0,2528.0,2528.0
0.0,27399.0,7645.0,7583.0,0.0,18161.0,7423.0,3732.0,7006.0,2527.0,2528.0,2528.0,2561.0,2538.0,2546.0,7773.0,11446.0,8180.0,7423.0,3732.0,7006.0,2527.0,2528.0,2528.0
0.0,19754.0,7656.0,7583.0,4233.0,21584.0,7676.0,6277.0,7631.0,2527.0,2528.0,2528.0,2567.0,2545.0,2544.0,5212.0,8908.0,5634.0,7676.0,6277.0,7631.0,2527.0,2528.0,2528.0
0.0,16331.0,7681.0,7585.0,10511.0,18764.0,5395.0,7650.0,5719.0,2528.0,2529.0,2528.0,2571.0,2562.0,2548.0,4959.0,6363.0,5009.0,5395.0,7650.0,5719.0,2528.0,2529.0,2528.0
0.0,19161.0,7668.0,7587.0,18161.0,8281.0,536.0,6468.0,1277.0,2529.0,2529.0,2529.0,2559.0,2550.0,2559.0,7245.0,4995.0,6921.0,536.0,6468.0,1277.0,2529.0,2529.0,2529.0
0.0,29654.0,7648.0,7587.0,21584.0,2745.0,0.0,2745.0,0.0,2529.0,2529.0,2529.0,2568.0,2554.0,2526.0,12109.0,6177.0,11368.0,0.0,2745.0,0.0,2529.0,2529.0,2529.0
0.0,43590.0,7649.0,7588.0,18764.0,0.0,0.0,0.0,0.0,2530.0,2529.0,2529.0,2553.0,2549.0,2547.0,17217.0,9900.0,16473.0,0.0,0.0,0.0,2530.0,2529.0,2529.0
0.0,54705.0,7691.0,7590.0,7993.0,0.0,0.0,0.0,0.0,2530.0,2530.0,2530.0,2556.0,2571.0,2564.0,20059.0,15001.0,19645.0,0.0,0.0,0.0,2530.0,2530.0,2530.0
0.0,55007.0,7665.0,7592.0,3033.0,0.0,0.0,0.0,0.0,2531.0,2531.0,2530.0,2555.0,2566.0,2544.0,18039.0,18610.0,18358.0,0.0,0.0,0.0,2531.0,2531.0,2530.0
0.0,50375.0,7636.0,7593.0,0.0,0.0,0.0,0.0,0.0,2532.0,2531.0,2530.0,2561.0,2548.0,2527.0,15484.0,19077.0,15814.0,0.0,0.0,0.0,2532.0,2531.0,2530.0
0.0,42739.0,7635.0,7594.0,0.0,4193.0,2280.0,0.0,1913.0,2532.0,2531.0,2531.0,2543.0,2547.0,2545.0,12923.0,16529.0,13287.0,2280.0,0.0,1913.0,2532.0,2531.0,2531.0
0.0,35104.0,7635.0,7596.0,0.0,10511.0,4834.0,1221.0,4456.0,2533.0,2531.0,2532.0,2549.0,2548.0,2538.0,10380.0,13982.0,10742.0,4834.0,1221.0,4456.0,2533.0,2531.0,2532.0
0.0,27469.0,7645.0,7598.0,0.0,18166.0,7378.0,3793.0,6995.0,2533.0,2533.0,2532.0,2544.0,2562.0,2539.0,7831.0,11434.0,8204.0,7378.0,3793.0,6995.0,2533.0,2533.0,2532.0
0.0,19824.0,7626.0,7600.0,4193.0,21609.0,7646.0,6325.0,7638.0,2534.0,2533.0,2533.0,2543.0,2532.0,2551.0,5287.0,8872.0,5665.0,7646.0,6325.0,7638.0,2534.0,2533.0,2533.0
0.0,16391.0,7629.0,7603.0,10511.0,18742.0,5353.0,7666.0,5723.0,2535.0,2534.0,2534.0,2536.0,2557.0,2536.0,5024.0,6340.0,5027.0,5353.0,7666.0,5723.0,2535.0,2534.0,2534.0
0.0,19273.0,7622.0,7604.0,18166.0,8203.0,524.0,6408.0,1271.0,2535.0,2535.0,2534.0,2549.0,2530.0,2543.0,7322.0,5004.0,6947.0,524.0,6408.0,1271.0,2535.0,2535.0,2534.0
0.0,29817.0,7589.0,7606.0,21609.0,2600.0,0.0,2600.0,0.0,2536.0,2535.0,2535.0,2528.0,2517.0,2544.0,12151.0,6267.0,11399.0,0.0,2600.0,0.0,2536.0,2535.0,2535.0
0.0,43837.0,7582.0,7608.0,18742.0,0.0,0.0,0.0,0.0,2536.0,2536.0,2536.0,2521.0,2513.0,2548.0,17269.0,10075.0,16493.0,0.0,0.0,0.0,2536.0,2536.0,2536.0
0.0,54997.0,7590.0,7608.0,8203.0,0.0,0.0,0.0,0.0,2536.0,2536.0,2536.0,2527.0,2530.0,2533.0,20101.0,15228.0,19668.0,0.0,0.0,0.0,2536.0,2536.0,2536.0
0.0,55610.0,7569.0,7609.0,2600.0,0.0,0.0,0.0,0.0,2537.0,2536.0,2536.0,2521.0,2509.0,2539.0,18098.0,19106.0,18406.0,0.0,0.0,0.0,2537.0,2536.0,2536.0
0.0,50641.0,7609.0,7612.0,0.0,0.0,0.0,0.0,0.0,2538.0,2537.0,2537.0,2546.0,2523.0,2540.0,15577.0,19197.0,15867.0,0.0,0.0,0.0,2538.0,2537.0,2537.0
0.0,43032.0,7601.0,7612.0,0.0,4082.0,2190.0,0.0,1892.0,2538.0,2537.0,2537.0,2531.0,2536.0,2534.0,13031.0,16674.0,13327.0,2190.0,0.0,1892.0,2538.0,2537.0,2537.0
0.0,35431.0,7617.0,7613.0,0.0,10251.0,4749.0,1072.0,4430.0,2539.0,2537.0,2537.0,2554.0,2525.0,2538.0,10500.0,14138.0,10793.0,4749.0,1072.0,4430.0,2539.0,2537.0,2537.0
0.0,27814.0,7613.0,7614.0,0.0,17869.0,7278.0,3617.0,6974.0,2539.0,2537.0,2538.0,2529.0,2545.0,2539.0,7946.0,11613.0,8255.0,7278.0,3617.0,6974.0,2539.0,2537.0,2538.0
0.0,20201.0,7630.0,7614.0,4082.0,21417.0,7632.0,6158.0,7627.0,2539.0,2537.0,2538.0,2544.0,2541.0,2545.0,5417.0,9068.0,5716.0,7632.0,6158.0,7627.0,2539.0,2537.0,2538.0
0.0,16653.0,7686.0,7616.0,10251.0,18862.0,5460.0,7658.0,5744.0,2540.0,2538.0,2538.0,2572.0,2567.0,2547.0,5063.0,6527.0,5063.0,5460.0,7658.0,5744.0,2540.0,2538.0,2538.0
0.0,19218.0,7693.0,7617.0,17869.0,8691.0,748.0,6599.0,1344.0,2541.0,2538.0,2538.0,2561.0,2558.0,2574.0,7240.0,5032.0,6946.0,748.0,6599.0,1344.0,2541.0,2538.0,2538.0
0.0,29394.0,7694.0,7619.0,21417.0,3022.0,0.0,3022.0,0.0,2541.0,2539.0,2539.0,2566.0,2576.0,2552.0,11957.0,6091.0,11346.0,0.0,3022.0,0.0,2541.0,2539.0,2539.0
0.0,43117.0,7714.0,7621.0,18862.0,0.0,0.0,0.0,0.0,2542.0,2540.0,2539.0,2580.0,2588.0,2546.0,17023.0,9673.0,16421.0,0.0,0.0,0.0,2542.0,2540.0,2539.0
0.0,54265.0,7714.0,7621.0,7898.0,0.0,0.0,0.0,0.0,2542.0,2540.0,2539.0,2569.0,2583.0,2562.0,19903.0,14743.0,19619.0,0.0,0.0,0.0,2542.0,2540.0,2539.0
0.0,54449.0,7710.0,7624.0,3815.0,0.0,0.0,0.0,0.0,2543.0,2541.0,2540.0,2566.0,2577.0,2567.0,18082.0,17966.0,18401.0,0.0,0.0,0.0,2543.0,2541.0,2540.0
0.0,50554.0,7712.0,7625.0,0.0,0.0,0.0,0.0,0.0,2543.0,2542.0,2540.0,2576.0,2575.0,2561.0,15516.0,19204.0,15834.0,0.0,0.0,0.0,2543.0,2542.0,2540.0
0.0,42842.0,7706.0,7627.0,0.0,4353.0,2342.0,0.0,2011.0,2544.0,2542.0,2541.0,2562.0,2565.0,2579.0,12940.0,16629.0,13273.0,2342.0,0.0,2011.0,2544.0,2542.0,2541.0
0.0,35136.0,7705.0,7629.0,0.0,10714.0,4904.0,1218.0,4592.0,2544.0,2543.0,2542.0,2562.0,2567.0,2576.0,10378.0,14064.0,10694.0,4904.0,1218.0,4592.0,2544.0,2543.0,2542.0
0.0,27431.0,7685.0,7630.0,0.0,18404.0,7477.0,3789.0,7138.0,2545.0,2543.0,2542.0,2568.0,2571.0,2546.0,7816.0,11497.0,8118.0,7477.0,3789.0,7138.0,2545.0,2543.0,2542.0
0.0,19746.0,7709.0,7634.0,4353.0,21780.0,7707.0,6357.0,7716.0,2546.0,2544.0,2544.0,2567.0,2563.0,2579.0,5248.0,8926.0,5572.0,7707.0,6357.0,7716.0,2546.0,2544.0,2544.0
0.0,16390.0,7665.0,7634.0,10714.0,18731.0,5367.0,7682.0,5682.0,2546.0,2544.0,2544.0,2564.0,2543.0,2558.0,5023.0,6363.0,5004.0,5367.0,7682.0,5682.0,2546.0,2544.0,2544.0
0.0,19439.0,7690.0,7636.0,18404.0,8027.0,469.0,6458.0,1100.0,2547.0,2545.0,2544.0,2574.0,2560.0,2556.0,7363.0,5038.0,7038.0,469.0,6458.0,1100.0,2547.0,2545.0,2544.0
0.0,30153.0,7641.0,7638.0,21780.0,2637.0,0.0,2637.0,0.0,2548.0,2545.0,2545.0,2554.0,2536.0,2551.0,12266.0,6267.0,11620.0,0.0,2637.0,0.0,2548.0,2545.0,2545.0
0.0,44292.0,7641.0,7639.0,15450.0,0.0,0.0,0.0,0.0,2548.0,2545.0,2546.0,2549.0,2532.0,2560.0,17419.0,10088.0,16785.0,0.0,0.0,0.0,2548.0,2545.0,2546.0
0.0,52101.0,7671.0,7640.0,11308.0,0.0,0.0,0.0,0.0,2549.0,2545.0,2546.0,2572.0,2541.0,2558.0,16956.0,15238.0,19907.0,0.0,0.0,0.0,2549.0,2545.0,2546.0
0.0,55738.0,7650.0,7642.0,2637.0,0.0,0.0,0.0,0.0,2549.0,2546.0,2547.0,2556.0,2550.0,2544.0,18134.0,19155.0,18449.0,0.0,0.0,0.0,2549.0,2546.0,2547.0
0.0,50725.0,7644.0,7643.0,0.0,0.0,0.0,0.0,0.0,2550.0,2546.0,2547.0,2546.0,2546.0,2552.0,15578.0,19242.0,15905.0,0.0,0.0,0.0,2550.0,2546.0,2547.0
0.0,43081.0,7599.0,7644.0,0.0,4178.0,2243.0,0.0,1935.0,2550.0,2546.0,2548.0,2525.0,2526.0,2548.0,13032.0,16696.0,13353.0,2243.0,0.0,1935.0,2550.0,2546.0,2548.0
0.0,35482.0,7639.0,7645.0,0.0,10382.0,4793.0,1118.0,4471.0,2550.0,2547.0,2548.0,2550.0,2553.0,2536.0,10507.0,14170.0,10805.0,4793.0,1118.0,4471.0,2550.0,2547.0,2548.0
0.0,27843.0,7635.0,7645.0,0.0,18017.0,7338.0,3662.0,7017.0,2550.0,2547.0,2548.0,2545.0,2544.0,2546.0,7957.0,11617.0,8269.0,7338.0,3662.0,7017.0,2550.0,2547.0,2548.0
0.0,20208.0,7646.0,7647.0,4178.0,21495.0,7626.0,6222.0,7647.0,2550.0,2548.0,2549.0,2531.0,2555.0,2560.0,5412.0,9073.0,5723.0,7626.0,6222.0,7647.0,2550.0,2548.0,2549.0
0.0,16740.0,7670.0,7649.0,10382.0,18793.0,5382.0,7673.0,5738.0,2551.0,2549.0,2549.0,2544.0,2564.0,2562.0,5124.0,6518.0,5098.0,5382.0,7673.0,5738.0,2551.0,2549.0,2549.0
0.0,19452.0,7684.0,7649.0,18017.0,8460.0,599.0,6585.0,1276.0,2551.0,2549.0,2549.0,2555.0,2574.0,2555.0,7373.0,5072.0,7007.0,599.0,6585.0,1276.0,2551.0,2549.0,2549.0
0.0,29785.0,7656.0,7652.0,21495.0,2930.0,0.0,2930.0,0.0,2552.0,2550.0,2550.0,2542.0,2562.0,2552.0,12156.0,6160.0,11469.0,0.0,2930.0,0.0,2552.0,2550.0,2550.0
0.0,43624.0,7689.0,7652.0,18793.0,0.0,0.0,0.0,0.0,2553.0,2550.0,2549.0,2569.0,2564.0,2556.0,17240.0,9820.0,16564.0,0.0,0.0,0.0,2553.0,2550.0,2549.0
0.0,54728.0,7694.0,7654.0,8460.0,0.0,0.0,0.0,0.0,2553.0,2551.0,2550.0,2573.0,2567.0,2554.0,20053.0,14929.0,19746.0,0.0,0.0,0.0,2553.0,2551.0,2550.0
0.0,55494.0,7714.0,7656.0,2930.0,0.0,0.0,0.0,0.0,2554.0,2552.0,2550.0,2571.0,2575.0,2568.0,18079.0,18947.0,18468.0,0.0,0.0,0.0,2554.0,2552.0,2550.0
0.0,50710.0,7704.0,7657.0,0.0,0.0,0.0,0.0,0.0,2554.0,2552.0,2551.0,2581.0,2556.0,2567.0,15508.0,19302.0,15900.0,0.0,0.0,0.0,2554.0,2552.0,2551.0
0.0,43006.0,7726.0,7657.0,0.0,4427.0,2427.0,0.0,2000.0,2554.0,2552.0,2551.0,2584.0,2564.0,2578.0,12927.0,16746.0,13333.0,2427.0,0.0,2000.0,2554.0,2552.0,2551.0
0.0,35280.0,7716.0,7658.0,0.0,10726.0,5008.0,1132.0,4586.0,2554.0,2552.0,2552.0,2581.0,2554.0,2581.0,10343.0,14182.0,10755.0,5008.0,1132.0,4586.0,2554.0,2552.0,2552.0
0.0,27564.0,7735.0,7660.0,0.0,18471.0,7595.0,3723.0,7153.0,2555.0,2553.0,2552.0,2582.0,2586.0,2567.0,7762.0,11628.0,8174.0,7595.0,3723.0,7153.0,2555.0,2553.0,2552.0
0.0,19829.0,7718.0,7661.0,4427.0,21767.0,7732.0,6299.0,7736.0,2555.0,2553.0,2553.0,2564.0,2576.0,2578.0,5180.0,9042.0,5607.0,7732.0,6299.0,7736.0,2555.0,2553.0,2553.0
0.0,16538.0,7725.0,7663.0,10726.0,18776.0,5299.0,7745.0,5732.0,2555.0,2554.0,2554.0,2575.0,2573.0,2577.0,5043.0,6466.0,5029.0,5299.0,7745.0,5732.0,2555.0,2554.0,2554.0
0.0,19539.0,7764.0,7664.0,18471.0,8074.0,298.0,6610.0,1166.0,2556.0,2554.0,2554.0,2589.0,2588.0,2587.0,7476.0,5025.0,7038.0,298.0,6610.0,1166.0,2556.0,2554.0,2554.0
0.0,30246.0,7736.0,7665.0,21767.0,2885.0,0.0,2885.0,0.0,2556.0,2554.0,2555.0,2573.0,2574.0,2589.0,12482.0,6160.0,11604.0,0.0,2885.0,0.0,2556.0,2554.0,2555.0
0.0,44277.0,7729.0,7667.0,18776.0,0.0,0.0,0.0,0.0,2556.0,2555.0,2556.0,2562.0,2578.0,2589.0,17641.0,9885.0,16751.0,0.0,0.0,0.0,2556.0,2555.0,2556.0
0.0,55324.0,7749.0,7669.0,8074.0,0.0,0.0,0.0,0.0,2557.0,2555.0,2557.0,2572.0,2586.0,2591.0,20378.0,15052.0,19894.0,0.0,0.0,0.0,2557.0,2555.0,2557.0
0.0,55649.0,7724.0,7671.0,2885.0,0.0,0.0,0.0,0.0,2557.0,2556.0,2558.0,2575.0,2572.0,2577.0,18104.0,19076.0,18469.0,0.0,0.0,0.0,2557.0,2556.0,2558.0
0.0,50810.0,7731.0,7673.0,0.0,0.0,0.0,0.0,0.0,2558.0,2556.0,2559.0,2574.0,2583.0,2574.0,15529.0,19389.0,15892.0,0.0,0.0,0.0,2558.0,2556.0,2559.0
0.0,43079.0,7731.0,7675.0,0.0,4469.0,2419.0,0.0,2050.0,2559.0,2557.0,2559.0,2579.0,2579.0,2573.0,12955.0,16806.0,13318.0,2419.0,0.0,2050.0,2559.0,2557.0,2559.0
0.0,35348.0,7691.0,7676.0,0.0,10723.0,4977.0,1122.0,4624.0,2559.0,2557.0,2560.0,2558.0,2564.0,2569.0,10376.0,14227.0,10745.0,4977.0,1122.0,4624.0,2559.0,2557.0,2560.0
0.0,27657.0,7697.0,7677.0,0.0,18425.0,7551.0,3689.0,7185.0,2559.0,2558.0,2560.0,2574.0,2562.0,2561.0,7818.0,11663.0,8176.0,7551.0,3689.0,7185.0,2559.0,2558.0,2560.0
0.0,19960.0,7666.0,7679.0,4469.0,21632.0,7687.0,6256.0,7689.0,2560.0,2559.0,2560.0,2550.0,2562.0,2554.0,5244.0,9101.0,5615.0,7687.0,6256.0,7689.0,2560.0,2559.0,2560.0
0.0,16763.0,7673.0,7682.0,10723.0,18597.0,5273.0,7688.0,5636.0,2561.0,2560.0,2561.0,2558.0,2549.0,2566.0,5113.0,6539.0,5111.0,5273.0,7688.0,5636.0,2561.0,2560.0,2561.0
0.0,19813.0,7614.0,7682.0,18425.0,7786.0,260.0,6539.0,987.0,2561.0,2560.0,2561.0,2538.0,2540.0,2536.0,7532.0,5112.0,7169.0,260.0,6539.0,987.0,2561.0,2560.0,2561.0
0.0,30624.0,7645.0,7683.0,21246.0,3226.0,0.0,3226.0,0.0,2561.0,2561.0,2561.0,2552.0,2552.0,2541.0,12545.0,6261.0,11818.0,0.0,3226.0,0.0,2561.0,2561.0,2561.0
0.0,44225.0,7628.0,7683.0,18983.0,0.0,0.0,0.0,0.0,2561.0,2561.0,2561.0,2535.0,2545.0,2548.0,17680.0,9579.0,16966.0,0.0,0.0,0.0,2561.0,2561.0,2561.0
0.0,55580.0,7660.0,7684.0,7786.0,0.0,0.0,0.0,0.0,2562.0,2561.0,2561.0,2555.0,2547.0,2558.0,20418.0,15108.0,20054.0,0.0,0.0,0.0,2562.0,2561.0,2561.0
0.0,55706.0,7692.0,7686.0,3226.0,0.0,0.0,0.0,0.0,2562.0,2562.0,2562.0,2584.0,2553.0,2555.0,18123.0,19100.0,18483.0,0.0,0.0,0.0,2562.0,2562.0,2562.0
0.0,51240.0,7681.0,7687.0,0.0,0.0,0.0,0.0,0.0,2563.0,2562.0,2562.0,2550.0,2553.0,2578.0,15539.0,19773.0,15928.0,0.0,0.0,0.0,2563.0,2562.0,2562.0
0.0,43559.0,7709.0,7688.0,0.0,4436.0,2402.0,0.0,2034.0,2563.0,2562.0,2563.0,2576.0,2564.0,2569.0,12989.0,17220.0,13350.0,2402.0,0.0,2034.0,2563.0,2562.0,2563.0
0.0,35850.0,7714.0,7689.0,0.0,10309.0,4992.0,712.0,4605.0,2564.0,2562.0,2563.0,2585.0,2558.0,2571.0,10413.0,14656.0,10781.0,4992.0,712.0,4605.0,2564.0,2562.0,2563.0
0.0,28136.0,7757.0,7690.0,0.0,18071.0,7583.0,3309.0,7179.0,2564.0,2563.0,2563.0,2591.0,2592.0,2574.0,7828.0,12098.0,8210.0,7583.0,3309.0,7179.0,2564.0,2563.0,2563.0
0.0,20379.0,7788.0,7692.0,4436.0,21433.0,7788.0,5898.0,7747.0,2565.0,2563.0,2564.0,2602.0,2589.0,2597.0,5237.0,9506.0,5636.0,7788.0,5898.0,7747.0,2565.0,2563.0,2564.0
0.0,17027.0,7765.0,7693.0,10309.0,18894.0,5383.0,7776.0,5735.0,2565.0,2563.0,2565.0,2587.0,2590.0,2588.0,5037.0,6917.0,5073.0,5383.0,7776.0,5735.0,2565.0,2563.0,2565.0
0.0,19571.0,7788.0,7694.0,18071.0,8616.0,419.0,7061.0,1136.0,2566.0,2563.0,2565.0,2614.0,2594.0,2580.0,7442.0,5039.0,7090.0,419.0,7061.0,1136.0,2566.0,2563.0,2565.0
0.0,29854.0,7806.0,7696.0,21433.0,3776.0,0.0,3776.0,0.0,2566.0,2564.0,2566.0,2602.0,2608.0,2596.0,12411.0,5754.0,11689.0,0.0,3776.0,0.0,2566.0,2564.0,2566.0
0.0,43481.0,7805.0,7698.0,18894.0,0.0,0.0,0.0,0.0,2567.0,2564.0,2567.0,2599.0,2603.0,2603.0,17597.0,9044.0,16840.0,0.0,0.0,0.0,2567.0,2564.0,2567.0
0.0,54570.0,7796.0,7699.0,8616.0,0.0,0.0,0.0,0.0,2567.0,2565.0,2567.0,2588.0,2604.0,2604.0,20381.0,14217.0,19972.0,0.0,0.0,0.0,2567.0,2565.0,2567.0
0.0,55390.0,7780.0,7702.0,3776.0,0.0,0.0,0.0,0.0,2568.0,2566.0,2568.0,2592.0,2585.0,2603.0,18212.0,18674.0,18504.0,0.0,0.0,0.0,2568.0,2566.0,2568.0
0.0,51386.0,7755.0,7703.0,0.0,0.0,0.0,0.0,0.0,2568.0,2566.0,2569.0,2570.0,2585.0,2600.0,15620.0,19865.0,15901.0,0.0,0.0,0.0,2568.0,2566.0,2569.0
0.0,43631.0,7765.0,7703.0,0.0,4506.0,2379.0,0.0,2127.0,2568.0,2566.0,2569.0,2589.0,2593.0,2583.0,13050.0,17280.0,13301.0,2379.0,0.0,2127.0,2568.0,2566.0,2569.0
0.0,35866.0,7755.0,7706.0,0.0,10419.0,4959.0,731.0,4729.0,2569.0,2567.0,2570.0,2575.0,2583.0,2597.0,10461.0,14687.0,10718.0,4959.0,731.0,4729.0,2569.0,2567.0,2570.0
0.0,28111.0,7769.0,7707.0,0.0,18193.0,7543.0,3330.0,7320.0,2569.0,2568.0,2570.0,2584.0,2594.0,2591.0,7886.0,12104.0,8121.0,7543.0,3330.0,7320.0,2569.0,2568.0,2570.0
0.0,20342.0,7736.0,7709.0,4506.0,21433.0,7757.0,5895.0,7781.0,2570.0,2568.0,2571.0,2588.0,2565.0,2583.0,5302.0,9510.0,5530.0,7757.0,5895.0,7781.0,2570.0,2568.0,2571.0
0.0,17112.0,7727.0,7710.0,10419.0,18746.0,5386.0,7739.0,5621.0,2570.0,2569.0,2571.0,2588.0,2570.0,2569.0,5093.0,6945.0,5074.0,5386.0,7739.0,5621.0,2570.0,2569.0,2571.0
0.0,19804.0,7720.0,7712.0,18193.0,8283.0,435.0,6958.0,890.0,2571.0,2569.0,2572.0,2587.0,2549.0,2584.0,7464.0,5106.0,7234.0,435.0,6958.0,890.0,2571.0,2569.0,2572.0
0.0,30277.0,7692.0,7712.0,21433.0,3609.0,0.0,3609.0,0.0,2571.0,2569.0,2572.0,2581.0,2546.0,2565.0,12420.0,5887.0,11970.0,0.0,3609.0,0.0,2571.0,2569.0,2572.0
0.0,44018.0,7675.0,7712.0,18746.0,0.0,0.0,0.0,0.0,2571.0,2569.0,2572.0,2561.0,2555.0,2559.0,17596.0,9236.0,17186.0,0.0,0.0,0.0,2571.0,2569.0,2572.0
0.0,55089.0,7701.0,7714.0,8283.0,0.0,0.0,0.0,0.0,2572.0,2570.0,2572.0,2578.0,2554.0,2569.0,20421.0,14420.0,20248.0,0.0,0.0,0.0,2572.0,2570.0,2572.0
0.0,55671.0,7682.0,7716.0,3609.0,0.0,0.0,0.0,0.0,2573.0,2570.0,2573.0,2567.0,2558.0,2557.0,18278.0,18824.0,18569.0,0.0,0.0,0.0,2573.0,2570.0,2573.0
0.0,51598.0,7699.0,7717.0,0.0,0.0,0.0,0.0,0.0,2573.0,2571.0,2573.0,2565.0,2572.0,2562.0,15711.0,19875.0,16012.0,0.0,0.0,0.0,2573.0,2571.0,2573.0
0.0,43899.0,7687.0,7717.0,0.0,4247.0,2269.0,0.0,1978.0,2573.0,2571.0,2573.0,2550.0,2574.0,2563.0,13146.0,17303.0,13450.0,2269.0,0.0,1978.0,2573.0,2571.0,2573.0
0.0,36212.0,7714.0,7718.0,0.0,10092.0,4839.0,706.0,4547.0,2574.0,2571.0,2573.0,2565.0,2580.0,2569.0,10596.0,14729.0,10887.0,4839.0,706.0,4547.0,2574.0,2571.0,2573.0
0.0,28498.0,7763.0,7720.0,0.0,17865.0,7414.0,3308.0,7143.0,2574.0,2572.0,2574.0,2575.0,2597.0,2591.0,8031.0,12149.0,8318.0,7414.0,3308.0,7143.0,2574.0,2572.0,2574.0
0.0,20735.0,7748.0,7721.0,4247.0,21371.0,7732.0,5901.0,7738.0,2575.0,2572.0,2574.0,2582.0,2593.0,2573.0,5456.0,9552.0,5727.0,7732.0,5901.0,7738.0,2575.0,2572.0,2574.0
0.0,17234.0,7762.0,7723.0,10092.0,19051.0,5481.0,7782.0,5788.0,2575.0,2573.0,2575.0,2588.0,2582.0,2592.0,5143.0,6959.0,5132.0,5481.0,7782.0,5788.0,2575.0,2573.0,2575.0
0.0,19564.0,7799.0,7725.0,17865.0,8995.0,678.0,7080.0,1237.0,2576.0,2573.0,2576.0,2606.0,2606.0,2587.0,7394.0,5083.0,7087.0,678.0,7080.0,1237.0,2576.0,2573.0,2576.0
0.0,29630.0,7778.0,7726.0,21371.0,3790.0,0.0,3790.0,0.0,2576.0,2574.0,2576.0,2594.0,2606.0,2578.0,12202.0,5785.0,11643.0,0.0,3790.0,0.0,2576.0,2574.0,2576.0
0.0,43223.0,7799.0,7729.0,19051.0,0.0,0.0,0.0,0.0,2577.0,2575.0,2577.0,2597.0,2596.0,2606.0,17340.0,9080.0,16803.0,0.0,0.0,0.0,2577.0,2575.0,2577.0
0.0,54475.0,7799.0,7730.0,8995.0,0.0,0.0,0.0,0.0,2577.0,2576.0,2577.0,2594.0,2608.0,2597.0,20224.0,14266.0,19985.0,0.0,0.0,0.0,2577.0,2576.0,2577.0
0.0,55671.0,7836.0,7733.0,3790.0,0.0,0.0,0.0,0.0,2578.0,2577.0,2578.0,2614.0,2607.0,2615.0,18308.0,18738.0,18625.0,0.0,0.0,0.0,2578.0,2577.0,2578.0
1.0,0.0,290.0,290.0,0.0,1450.0,485.0,490.0,475.0,97.0,98.0,95.0,97.0,98.0,95.0,0.0,0.0,0.0,485.0,490.0,475.0,97.0,98.0,95.0
1.0,0.0,292.0,291.0,0.0,1455.0,490.0,490.0,475.0,98.0,98.0,95.0,99.0,98.0,95.0,0.0,0.0,0.0,490.0,490.0,475.0,98.0,98.0,95.0
1.0,0.0,302.0,295.0,0.0,1475.0,485.0,495.0,495.0,97.0,99.0,99.0,94.0,102.0,106.0,0.0,0.0,0.0,485.0,495.0,495.0,97.0,99.0,99.0
1.0,0.0,313.0,298.0,0.0,1490.0,490.0,500.0,500.0,98.0,100.0,100.0,104.0,104.0,105.0,0.0,0.0,0.0,490.0,500.0,500.0,98.0,100.0,100.0
1.0,0.0,306.0,300.0,0.0,1500.0,500.0,495.0,505.0,100.0,99.0,101.0,106.0,95.0,105.0,0.0,0.0,0.0,500.0,495.0,505.0,100.0,99.0,101.0
1.0,0.0,312.0,303.0,0.0,1515.0,505.0,500.0,510.0,101.0,100.0,102.0,104.0,102.0,106.0,0.0,0.0,0.0,505.0,500.0,510.0,101.0,100.0,102.0
1.0,0.0,326.0,306.0,5870.0,0.0,0.0,0.0,0.0,102.0,101.0,103.0,109.0,109.0,108.0,0.0,0.0,0.0,0.0,0.0,0.0,102.0,101.0,103.0
1.0,3729.0,305.0,306.0,1500.0,0.0,0.0,0.0,0.0,102.0,101.0,103.0,99.0,102.0,104.0,1237.0,1267.0,1225.0,0.0,0.0,0.0,102.0,101.0,103.0
1.0,4924.0,325.0,308.0,1515.0,0.0,0.0,0.0,0.0,102.0,102.0,104.0,108.0,105.0,112.0,1638.0,1660.0,1626.0,0.0,0.0,0.0,102.0,102.0,104.0
1.0,6114.0,329.0,310.0,0.0,0.0,0.0,0.0,0.0,103.0,103.0,104.0,110.0,111.0,108.0,2035.0,2055.0,2024.0,0.0,0.0,0.0,103.0,103.0,104.0
1.0,5785.0,317.0,311.0,0.0,0.0,0.0,0.0,0.0,103.0,103.0,105.0,103.0,104.0,110.0,1925.0,1944.0,1916.0,0.0,0.0,0.0,103.0,103.0,105.0
1.0,5468.0,330.0,312.0,0.0,0.0,0.0,0.0,0.0,103.0,104.0,105.0,108.0,113.0,109.0,1822.0,1840.0,1806.0,0.0,0.0,0.0,103.0,104.0,105.0
1.0,5138.0,323.0,313.0,0.0,0.0,0.0,0.0,0.0,104.0,103.0,106.0,107.0,102.0,114.0,1714.0,1727.0,1697.0,0.0,0.0,0.0,104.0,103.0,106.0
1.0,4815.0,318.0,314.0,0.0,0.0,0.0,0.0,0.0,104.0,104.0,106.0,103.0,110.0,105.0,1607.0,1625.0,1583.0,0.0,0.0,0.0,104.0,104.0,106.0
1.0,4497.0,310.0,313.0,0.0,0.0,0.0,0.0,0.0,103.0,104.0,106.0,101.0,98.0,111.0,1504.0,1515.0,1478.0,0.0,0.0,0.0,103.0,104.0,106.0
1.0,4187.0,302.0,312.0,0.0,0.0,0.0,0.0,0.0,103.0,103.0,106.0,101.0,101.0,100.0,1403.0,1417.0,1367.0,0.0,0.0,0.0,103.0,103.0,106.0
1.0,3885.0,306.0,312.0,0.0,0.0,0.0,0.0,0.0,103.0,103.0,106.0,96.0,101.0,109.0,1302.0,1316.0,1267.0,0.0,0.0,0.0,103.0,103.0,106.0
1.0,3579.0,302.0,312.0,0.0,0.0,0.0,0.0,0.0,103.0,103.0,106.0,101.0,100.0,101.0,1206.0,1215.0,1158.0,0.0,0.0,0.0,103.0,103.0,106.0
1.0,3277.0,304.0,312.0,0.0,0.0,0.0,0.0,0.0,103.0,103.0,106.0,98.0,100.0,106.0,1105.0,1115.0,1057.0,0.0,0.0,0.0,103.0,103.0,106.0
1.0,2973.0,301.0,310.0,0.0,0.0,0.0,0.0,0.0,102.0,103.0,105.0,102.0,99.0,100.0,1007.0,1015.0,951.0,0.0,0.0,0.0,102.0,103.0,105.0
1.0,2672.0,293.0,309.0,0.0,0.0,0.0,0.0,0.0,102.0,102.0,105.0,95.0,98.0,100.0,905.0,916.0,851.0,0.0,0.0,0.0,102.0,102.0,105.0
1.0,2379.0,309.0,309.0,0.0,0.0,0.0,0.0,0.0,102.0,102.0,105.0,106.0,98.0,105.0,810.0,818.0,751.0,0.0,0.0,0.0,102.0,102.0,105.0
1.0,2070.0,285.0,309.0,0.0,0.0,0.0,0.0,0.0,102.0,102.0,105.0,91.0,99.0,95.0,704.0,720.0,646.0,0.0,0.0,0.0,102.0,102.0,105.0
1.0,1785.0,306.0,308.0,0.0,69.0,1.0,0.0,68.0,102.0,102.0,104.0,104.0,103.0,99.0,613.0,621.0,551.0,1.0,0.0,68.0,102.0,102.0,104.0
1.0,1479.0,301.0,308.0,0.0,362.0,101.0,94.0,167.0,102.0,102.0,104.0,100.0,102.0,99.0,509.0,518.0,452.0,101.0,94.0,167.0,102.0,102.0,104.0
1.0,1178.0,311.0,308.0,0.0,673.0,208.0,195.0,270.0,102.0,102.0,104.0,107.0,101.0,103.0,409.0,416.0,353.0,208.0,195.0,270.0,102.0,102.0,104.0
1.0,867.0,318.0,308.0,69.0,922.0,312.0,303.0,307.0,102.0,102.0,104.0,105.0,108.0,105.0,302.0,315.0,250.0,312.0,303.0,307.0,102.0,102.0,104.0
1.0,618.0,328.0,309.0,362.0,893.0,318.0,328.0,247.0,102.0,103.0,104.0,107.0,114.0,107.0,198.0,207.0,213.0,318.0,328.0,247.0,102.0,103.0,104.0
1.0,652.0,332.0,311.0,673.0,562.0,225.0,244.0,93.0,103.0,103.0,105.0,110.0,111.0,111.0,192.0,187.0,273.0,225.0,244.0,93.0,103.0,103.0,105.0
1.0,993.0,319.0,311.0,922.0,70.0,23.0,47.0,0.0,103.0,103.0,105.0,110.0,106.0,103.0,290.0,271.0,432.0,23.0,47.0,0.0,103.0,103.0,105.0
1.0,1596.0,328.0,311.0,893.0,0.0,0.0,0.0,0.0,103.0,103.0,105.0,111.0,107.0,110.0,492.0,468.0,636.0,0.0,0.0,0.0,103.0,103.0,105.0
1.0,2161.0,332.0,312.0,562.0,0.0,0.0,0.0,0.0,103.0,104.0,105.0,113.0,111.0,108.0,699.0,689.0,773.0,0.0,0.0,0.0,103.0,104.0,105.0
1.0,2391.0,334.0,313.0,70.0,0.0,0.0,0.0,0.0,104.0,104.0,105.0,114.0,113.0,107.0,811.0,822.0,758.0,0.0,0.0,0.0,104.0,104.0,105.0
1.0,2127.0,339.0,313.0,0.0,0.0,0.0,0.0,0.0,104.0,104.0,105.0,114.0,115.0,110.0,720.0,756.0,651.0,0.0,0.0,0.0,104.0,104.0,105.0
1.0,1788.0,338.0,313.0,0.0,122.0,27.0,0.0,95.0,104.0,104.0,105.0,113.0,114.0,111.0,606.0,641.0,541.0,27.0,0.0,95.0,104.0,104.0,105.0
1.0,1450.0,321.0,313.0,0.0,436.0,134.0,98.0,204.0,104.0,104.0,105.0,107.0,105.0,109.0,493.0,527.0,430.0,134.0,98.0,204.0,104.0,104.0,105.0
1.0,1129.0,314.0,313.0,0.0,750.0,238.0,203.0,309.0,104.0,104.0,105.0,104.0,105.0,105.0,386.0,422.0,321.0,238.0,203.0,309.0,104.0,104.0,105.0
1.0,815.0,320.0,314.0,122.0,953.0,319.0,318.0,316.0,104.0,105.0,105.0,108.0,110.0,102.0,282.0,317.0,216.0,319.0,318.0,316.0,104.0,105.0,105.0
1.0,617.0,320.0,314.0,436.0,837.0,291.0,326.0,220.0,104.0,105.0,105.0,106.0,106.0,108.0,201.0,207.0,209.0,291.0,326.0,220.0,104.0,105.0,105.0
1.0,733.0,312.0,315.0,750.0,404.0,165.0,226.0,13.0,105.0,105.0,105.0,107.0,103.0,102.0,229.0,199.0,305.0,165.0,226.0,13.0,105.0,105.0,105.0
1.0,1171.0,315.0,315.0,953.0,10.0,0.0,10.0,0.0,105.0,105.0,105.0,106.0,102.0,107.0,360.0,299.0,512.0,0.0,10.0,0.0,105.0,105.0,105.0
1.0,1809.0,294.0,313.0,837.0,0.0,0.0,0.0,0.0,104.0,104.0,105.0,93.0,101.0,100.0,573.0,515.0,721.0,0.0,0.0,0.0,104.0,104.0,105.0
1.0,2352.0,311.0,313.0,404.0,0.0,0.0,0.0,0.0,104.0,104.0,105.0,107.0,99.0,105.0,771.0,740.0,841.0,0.0,0.0,0.0,104.0,104.0,105.0
1.0,2445.0,304.0,313.0,10.0,0.0,0.0,0.0,0.0,104.0,104.0,105.0,104.0,99.0,101.0,829.0,867.0,749.0,0.0,0.0,0.0,104.0,104.0,105.0
1.0,2151.0,313.0,313.0,0.0,0.0,0.0,0.0,0.0,104.0,104.0,105.0,107.0,107.0,99.0,725.0,778.0,648.0,0.0,0.0,0.0,104.0,104.0,105.0
1.0,1838.0,306.0,313.0,0.0,79.0,3.0,0.0,76.0,104.0,104.0,105.0,101.0,105.0,100.0,618.0,671.0,549.0,3.0,0.0,76.0,104.0,104.0,105.0
1.0,1532.0,310.0,313.0,0.0,343.0,113.0,52.0,178.0,104.0,104.0,105.0,110.0,98.0,102.0,517.0,566.0,449.0,113.0,52.0,178.0,104.0,104.0,105.0
1.0,1222.0,317.0,313.0,0.0,660.0,214.0,157.0,289.0,104.0,104.0,105.0,101.0,105.0,111.0,407.0,468.0,347.0,214.0,157.0,289.0,104.0,104.0,105.0
1.0,905.0,318.0,313.0,79.0,899.0,319.0,261.0,319.0,104.0,104.0,105.0,108.0,104.0,106.0,306.0,363.0,236.0,319.0,261.0,319.0,104.0,104.0,105.0
1.0,666.0,318.0,314.0,343.0,879.0,319.0,318.0,242.0,105.0,104.0,105.0,108.0,109.0,101.0,201.0,259.0,206.0,319.0,318.0,242.0,105.0,104.0,105.0
1.0,691.0,314.0,314.0,660.0,533.0,211.0,266.0,56.0,105.0,104.0,105.0,106.0,105.0,103.0,206.0,202.0,283.0,211.0,266.0,56.0,105.0,104.0,105.0
1.0,1037.0,335.0,314.0,899.0,123.0,2.0,121.0,0.0,105.0,104.0,105.0,110.0,116.0,109.0,314.0,254.0,469.0,2.0,121.0,0.0,105.0,104.0,105.0
1.0,1601.0,349.0,315.0,879.0,0.0,0.0,0.0,0.0,105.0,105.0,105.0,118.0,116.0,115.0,523.0,399.0,679.0,0.0,0.0,0.0,105.0,105.0,105.0
1.0,2131.0,350.0,316.0,533.0,0.0,0.0,0.0,0.0,105.0,105.0,106.0,118.0,114.0,118.0,724.0,601.0,806.0,0.0,0.0,0.0,105.0,105.0,106.0
1.0,2314.0,355.0,317.0,123.0,0.0,0.0,0.0,0.0,106.0,105.0,106.0,114.0,118.0,123.0,817.0,753.0,744.0,0.0,0.0,0.0,106.0,105.0,106.0
1.0,2082.0,359.0,318.0,0.0,30.0,0.0,0.0,30.0,106.0,106.0,106.0,117.0,121.0,121.0,705.0,756.0,621.0,0.0,0.0,30.0,106.0,106.0,106.0
1.0,1723.0,360.0,319.0,0.0,232.0,65.0,11.0,156.0,106.0,106.0,107.0,123.0,116.0,121.0,588.0,635.0,500.0,65.0,11.0,156.0,106.0,106.0,107.0
1.0,1363.0,372.0,321.0,0.0,614.0,193.0,141.0,280.0,107.0,107.0,107.0,123.0,125.0,124.0,465.0,519.0,379.0,193.0,141.0,280.0,107.0,107.0,107.0
1.0,991.0,359.0,321.0,30.0,943.0,303.0,261.0,379.0,107.0,107.0,107.0,110.0,120.0,129.0,342.0,394.0,255.0,303.0,261.0,379.0,107.0,107.0,107.0
1.0,662.0,353.0,322.0,232.0,1069.0,352.0,369.0,348.0,107.0,107.0,108.0,114.0,119.0,120.0,232.0,274.0,156.0,352.0,369.0,348.0,107.0,107.0,108.0
1.0,541.0,354.0,322.0,614.0,809.0,269.0,343.0,197.0,107.0,107.0,108.0,110.0,115.0,129.0,183.0,166.0,192.0,269.0,343.0,197.0,107.0,107.0,108.0
1.0,801.0,351.0,323.0,943.0,292.0,81.0,211.0,0.0,107.0,108.0,108.0,115.0,124.0,112.0,266.0,192.0,343.0,81.0,211.0,0.0,107.0,108.0,108.0
1.0,1393.0,346.0,324.0,1069.0,0.0,0.0,0.0,0.0,108.0,108.0,108.0,120.0,116.0,110.0,454.0,329.0,610.0,0.0,0.0,0.0,108.0,108.0,108.0
1.0,2116.0,349.0,324.0,809.0,0.0,0.0,0.0,0.0,108.0,108.0,108.0,112.0,114.0,123.0,686.0,582.0,848.0,0.0,0.0,0.0,108.0,108.0,108.0
1.0,2576.0,338.0,324.0,292.0,0.0,0.0,0.0,0.0,108.0,108.0,108.0,109.0,114.0,115.0,843.0,811.0,922.0,0.0,0.0,0.0,108.0,108.0,108.0
1.0,2530.0,338.0,325.0,0.0,0.0,0.0,0.0,0.0,108.0,108.0,109.0,111.0,111.0,116.0,815.0,908.0,807.0,0.0,0.0,0.0,108.0,108.0,109.0
1.0,2192.0,330.0,325.0,0.0,0.0,0.0,0.0,0.0,108.0,108.0,109.0,108.0,113.0,109.0,704.0,797.0,691.0,0.0,0.0,0.0,108.0,108.0,109.0
1.0,1862.0,318.0,325.0,0.0,123.0,48.0,0.0,75.0,108.0,108.0,109.0,104.0,102.0,112.0,596.0,684.0,582.0,48.0,0.0,75.0,108.0,108.0,109.0
1.0,1544.0,315.0,325.0,0.0,396.0,151.0,64.0,181.0,108.0,108.0,109.0,103.0,106.0,106.0,492.0,582.0,470.0,151.0,64.0,181.0,108.0,108.0,109.0
1.0,1229.0,317.0,326.0,0.0,718.0,254.0,174.0,290.0,108.0,109.0,109.0,103.0,105.0,109.0,389.0,476.0,364.0,254.0,174.0,290.0,108.0,109.0,109.0
1.0,912.0,317.0,326.0,123.0,912.0,317.0,281.0,314.0,108.0,109.0,109.0,111.0,107.0,99.0,286.0,371.0,255.0,317.0,281.0,314.0,108.0,109.0,109.0
1.0,718.0,308.0,326.0,396.0,824.0,266.0,318.0,240.0,108.0,109.0,109.0,100.0,101.0,107.0,223.0,264.0,231.0,266.0,318.0,240.0,108.0,109.0,109.0
1.0,806.0,321.0,327.0,718.0,432.0,127.0,248.0,57.0,109.0,109.0,109.0,110.0,104.0,107.0,274.0,227.0,305.0,127.0,248.0,57.0,109.0,109.0,109.0
1.0,1203.0,322.0,327.0,912.0,67.0,0.0,67.0,0.0,109.0,109.0,109.0,115.0,100.0,107.0,418.0,297.0,488.0,0.0,67.0,0.0,109.0,109.0,109.0
1.0,1793.0,319.0,327.0,824.0,0.0,0.0,0.0,0.0,109.0,109.0,109.0,110.0,105.0,104.0,620.0,478.0,695.0,0.0,0.0,0.0,109.0,109.0,109.0
1.0,2298.0,331.0,327.0,432.0,0.0,0.0,0.0,0.0,109.0,109.0,109.0,110.0,110.0,111.0,776.0,691.0,831.0,0.0,0.0,0.0,109.0,109.0,109.0
1.0,2399.0,341.0,329.0,67.0,0.0,0.0,0.0,0.0,110.0,109.0,110.0,118.0,113.0,110.0,793.0,829.0,777.0,0.0,0.0,0.0,110.0,109.0,110.0
1.0,2125.0,340.0,330.0,0.0,0.0,0.0,0.0,0.0,110.0,110.0,110.0,114.0,115.0,111.0,675.0,783.0,667.0,0.0,0.0,0.0,110.0,110.0,110.0
1.0,1785.0,362.0,330.0,0.0,227.0,114.0,5.0,108.0,110.0,110.0,110.0,125.0,123.0,114.0,561.0,668.0,556.0,114.0,5.0,108.0,110.0,110.0,110.0
1.0,1423.0,342.0,330.0,0.0,569.0,231.0,122.0,216.0,110.0,110.0,110.0,117.0,117.0,108.0,436.0,545.0,442.0,231.0,122.0,216.0,110.0,110.0,110.0
1.0,1081.0,370.0,331.0,0.0,944.0,362.0,247.0,335.0,111.0,110.0,110.0,126.0,125.0,119.0,319.0,428.0,334.0,362.0,247.0,335.0,111.0,110.0,110.0
1.0,711.0,369.0,332.0,227.0,1091.0,375.0,370.0,346.0,111.0,111.0,110.0,127.0,123.0,119.0,193.0,303.0,215.0,375.0,370.0,346.0,111.0,111.0,110.0
1.0,569.0,364.0,333.0,569.0,891.0,269.0,371.0,251.0,111.0,111.0,111.0,125.0,123.0,116.0,180.0,185.0,204.0,269.0,371.0,251.0,111.0,111.0,111.0
1.0,774.0,383.0,334.0,944.0,335.0,37.0,257.0,41.0,112.0,111.0,111.0,125.0,133.0,125.0,286.0,184.0,304.0,37.0,257.0,41.0,112.0,111.0,111.0
1.0,1335.0,376.0,335.0,945.0,22.0,0.0,22.0,0.0,112.0,112.0,111.0,123.0,130.0,123.0,523.0,298.0,514.0,0.0,22.0,0.0,112.0,112.0,111.0
1.0,1904.0,379.0,335.0,474.0,0.0,0.0,0.0,0.0,112.0,112.0,111.0,124.0,132.0,123.0,665.0,538.0,701.0,0.0,0.0,0.0,112.0,112.0,111.0
1.0,1999.0,363.0,336.0,482.0,0.0,0.0,0.0,0.0,112.0,112.0,112.0,116.0,125.0,122.0,611.0,777.0,611.0,0.0,0.0,0.0,112.0,112.0,112.0
1.0,2118.0,366.0,337.0,359.0,0.0,0.0,0.0,0.0,112.0,113.0,112.0,120.0,123.0,123.0,673.0,818.0,627.0,0.0,0.0,0.0,112.0,113.0,112.0
1.0,2111.0,366.0,338.0,58.0,19.0,0.0,0.0,19.0,113.0,113.0,112.0,123.0,123.0,120.0,721.0,729.0,661.0,0.0,0.0,19.0,113.0,113.0,112.0
1.0,1803.0,365.0,339.0,21.0,236.0,86.0,1.0,149.0,113.0,113.0,113.0,119.0,121.0,125.0,598.0,664.0,541.0,86.0,1.0,149.0,113.0,113.0,113.0
1.0,1459.0,359.0,339.0,0.0,595.0,206.0,122.0,267.0,113.0,113.0,113.0,120.0,121.0,118.0,479.0,564.0,416.0,206.0,122.0,267.0,113.0,113.0,113.0
1.0,1100.0,373.0,340.0,19.0,954.0,328.0,249.0,377.0,113.0,114.0,113.0,122.0,122.0,129.0,359.0,443.0,298.0,328.0,249.0,377.0,113.0,114.0,113.0
1.0,746.0,361.0,341.0,236.0,1084.0,356.0,374.0,354.0,113.0,114.0,114.0,114.0,126.0,121.0,237.0,321.0,188.0,356.0,374.0,354.0,113.0,114.0,114.0
1.0,621.0,353.0,343.0,595.0,852.0,267.0,380.0,205.0,114.0,115.0,114.0,112.0,123.0,118.0,209.0,196.0,216.0,267.0,380.0,205.0,114.0,115.0,114.0
1.0,863.0,350.0,343.0,954.0,303.0,52.0,251.0,0.0,114.0,115.0,114.0,113.0,120.0,117.0,303.0,195.0,365.0,52.0,251.0,0.0,114.0,115.0,114.0
1.0,1467.0,339.0,343.0,1084.0,0.0,0.0,0.0,0.0,114.0,115.0,114.0,114.0,113.0,112.0,518.0,324.0,625.0,0.0,0.0,0.0,114.0,115.0,114.0
1.0,2212.0,336.0,344.0,852.0,0.0,0.0,0.0,0.0,114.0,115.0,115.0,111.0,112.0,113.0,760.0,585.0,867.0,0.0,0.0,0.0,114.0,115.0,115.0
1.0,2728.0,338.0,345.0,303.0,0.0,0.0,0.0,0.0,114.0,116.0,115.0,104.0,112.0,122.0,916.0,853.0,959.0,0.0,0.0,0.0,114.0,116.0,115.0
1.0,2693.0,338.0,345.0,0.0,0.0,0.0,0.0,0.0,114.0,116.0,115.0,109.0,115.0,114.0,864.0,992.0,837.0,0.0,0.0,0.0,114.0,116.0,115.0
1.0,2355.0,323.0,345.0,0.0,0.0,0.0,0.0,0.0,114.0,116.0,115.0,113.0,103.0,107.0,755.0,877.0,723.0,0.0,0.0,0.0,114.0,116.0,115.0
1.0,2032.0,338.0,346.0,0.0,118.0,45.0,0.0,73.0,115.0,116.0,115.0,112.0,112.0,114.0,642.0,774.0,616.0,45.0,0.0,73.0,115.0,116.0,115.0
1.0,1694.0,352.0,347.0,0.0,393.0,163.0,32.0,198.0,115.0,116.0,116.0,118.0,114.0,120.0,530.0,662.0,502.0,163.0,32.0,198.0,115.0,116.0,116.0
1.0,1342.0,349.0,347.0,0.0,742.0,279.0,147.0,316.0,115.0,116.0,116.0,116.0,115.0,118.0,412.0,548.0,382.0,279.0,147.0,316.0,115.0,116.0,116.0
1.0,993.0,357.0,347.0,118.0,981.0,356.0,260.0,365.0,115.0,116.0,116.0,122.0,113.0,122.0,296.0,433.0,264.0,356.0,260.0,365.0,115.0,116.0,116.0
1.0,754.0,351.0,347.0,393.0,939.0,316.0,340.0,283.0,115.0,116.0,116.0,123.0,112.0,116.0,219.0,320.0,215.0,316.0,340.0,283.0,115.0,116.0,116.0
1.0,796.0,366.0,347.0,742.0,563.0,165.0,313.0,85.0,115.0,116.0,116.0,128.0,120.0,118.0,259.0,240.0,297.0,165.0,313.0,85.0,115.0,116.0,116.0
1.0,1172.0,381.0,348.0,981.0,179.0,0.0,179.0,0.0,116.0,116.0,116.0,130.0,126.0,125.0,410.0,267.0,495.0,0.0,179.0,0.0,116.0,116.0,116.0
1.0,1772.0,380.0,349.0,939.0,0.0,0.0,0.0,0.0,116.0,116.0,117.0,135.0,118.0,127.0,636.0,401.0,735.0,0.0,0.0,0.0,116.0,116.0,117.0
1.0,2331.0,385.0,349.0,563.0,0.0,0.0,0.0,0.0,116.0,116.0,117.0,131.0,123.0,131.0,817.0,623.0,891.0,0.0,0.0,0.0,116.0,116.0,117.0
1.0,2509.0,379.0,349.0,179.0,0.0,0.0,0.0,0.0,116.0,116.0,117.0,131.0,122.0,126.0,851.0,813.0,845.0,0.0,0.0,0.0,116.0,116.0,117.0
1.0,2309.0,399.0,351.0,0.0,1.0,1.0,0.0,0.0,117.0,117.0,117.0,136.0,134.0,129.0,720.0,870.0,719.0,1.0,0.0,0.0,117.0,117.0,117.0
1.0,1910.0,380.0,351.0,0.0,251.0,131.0,0.0,120.0,117.0,117.0,117.0,130.0,125.0,125.0,584.0,736.0,590.0,131.0,0.0,120.0,117.0,117.0,117.0
1.0,1530.0,390.0,352.0,0.0,620.0,271.0,105.0,244.0,118.0,117.0,117.0,135.0,131.0,124.0,454.0,611.0,465.0,271.0,105.0,244.0,118.0,117.0,117.0
1.0,1140.0,383.0,352.0,1.0,1002.0,403.0,226.0,373.0,118.0,117.0,117.0,133.0,121.0,129.0,319.0,480.0,341.0,403.0,226.0,373.0,118.0,117.0,117.0
1.0,758.0,385.0,352.0,251.0,1136.0,403.0,354.0,379.0,118.0,117.0,117.0,131.0,128.0,126.0,187.0,359.0,212.0,403.0,354.0,379.0,118.0,117.0,117.0
1.0,624.0,387.0,354.0,620.0,913.0,265.0,388.0,260.0,119.0,118.0,117.0,128.0,134.0,125.0,187.0,231.0,206.0,265.0,388.0,260.0,119.0,118.0,117.0
1.0,857.0,388.0,355.0,1002.0,310.0,0.0,294.0,16.0,119.0,118.0,118.0,132.0,132.0,124.0,330.0,202.0,325.0,0.0,294.0,16.0,119.0,118.0,118.0
1.0,1471.0,362.0,355.0,1136.0,62.0,0.0,62.0,0.0,119.0,118.0,118.0,120.0,122.0,120.0,601.0,296.0,574.0,0.0,62.0,0.0,119.0,118.0,118.0
1.0,2245.0,370.0,356.0,913.0,0.0,0.0,0.0,0.0,119.0,119.0,118.0,120.0,132.0,118.0,884.0,528.0,833.0,0.0,0.0,0.0,119.0,119.0,118.0
1.0,2788.0,362.0,357.0,310.0,0.0,0.0,0.0,0.0,120.0,119.0,118.0,124.0,123.0,115.0,1029.0,784.0,975.0,0.0,0.0,0.0,120.0,119.0,118.0
1.0,2736.0,350.0,357.0,62.0,0.0,0.0,0.0,0.0,120.0,119.0,118.0,112.0,122.0,116.0,905.0,955.0,876.0,0.0,0.0,0.0,120.0,119.0,118.0
1.0,2448.0,351.0,358.0,0.0,0.0,0.0,0.0,0.0,120.0,120.0,118.0,111.0,123.0,117.0,793.0,895.0,760.0,0.0,0.0,0.0,120.0,120.0,118.0
1.0,2097.0,337.0,359.0,0.0,94.0,29.0,0.0,65.0,120.0,120.0,119.0,111.0,113.0,113.0,682.0,772.0,643.0,29.0,0.0,65.0,120.0,120.0,119.0
1.0,1760.0,352.0,359.0,0.0,387.0,144.0,62.0,181.0,120.0,120.0,119.0,115.0,121.0,116.0,571.0,659.0,530.0,144.0,62.0,181.0,120.0,120.0,119.0
1.0,1408.0,359.0,359.0,0.0,746.0,256.0,184.0,306.0,120.0,120.0,119.0,112.0,122.0,125.0,456.0,538.0,414.0,256.0,184.0,306.0,120.0,120.0,119.0
1.0,1049.0,358.0,360.0,94.0,1015.0,339.0,313.0,363.0,120.0,121.0,119.0,112.0,124.0,122.0,344.0,416.0,289.0,339.0,313.0,363.0,120.0,121.0,119.0
1.0,785.0,369.0,362.0,387.0,1007.0,320.0,370.0,317.0,121.0,121.0,120.0,120.0,119.0,130.0,261.0,292.0,232.0,320.0,370.0,317.0,121.0,121.0,120.0
1.0,803.0,349.0,362.0,746.0,610.0,177.0,306.0,127.0,121.0,121.0,120.0,113.0,120.0,116.0,285.0,235.0,283.0,177.0,306.0,127.0,121.0,121.0,120.0
1.0,1200.0,363.0,363.0,1015.0,116.0,0.0,116.0,0.0,121.0,122.0,120.0,123.0,118.0,122.0,428.0,299.0,473.0,0.0,116.0,0.0,121.0,122.0,120.0
1.0,1852.0,382.0,364.0,1007.0,0.0,0.0,0.0,0.0,121.0,122.0,121.0,127.0,125.0,130.0,644.0,494.0,714.0,0.0,0.0,0.0,121.0,122.0,121.0
1.0,2477.0,386.0,364.0,610.0,0.0,0.0,0.0,0.0,121.0,122.0,121.0,127.0,130.0,129.0,837.0,739.0,901.0,0.0,0.0,0.0,121.0,122.0,121.0
1.0,2701.0,388.0,364.0,116.0,0.0,0.0,0.0,0.0,121.0,122.0,121.0,129.0,132.0,127.0,887.0,915.0,899.0,0.0,0.0,0.0,121.0,122.0,121.0
1.0,2429.0,397.0,364.0,0.0,0.0,0.0,0.0,0.0,121.0,122.0,121.0,133.0,131.0,133.0,758.0,899.0,772.0,0.0,0.0,0.0,121.0,122.0,121.0
1.0,2032.0,409.0,366.0,0.0,233.0,125.0,0.0,108.0,122.0,122.0,122.0,140.0,132.0,137.0,625.0,768.0,639.0,125.0,0.0,108.0,122.0,122.0,122.0
1.0,1623.0,408.0,367.0,0.0,620.0,269.0,111.0,240.0,122.0,123.0,122.0,144.0,132.0,132.0,485.0,636.0,502.0,269.0,111.0,240.0,122.0,123.0,122.0
1.0,1215.0,403.0,367.0,0.0,1023.0,402.0,243.0,378.0,122.0,123.0,122.0,133.0,132.0,138.0,341.0,504.0,370.0,402.0,243.0,378.0,122.0,123.0,122.0
1.0,812.0,412.0,368.0,233.0,1207.0,414.0,377.0,416.0,122.0,123.0,123.0,137.0,134.0,141.0,208.0,372.0,232.0,414.0,377.0,416.0,122.0,123.0,123.0
1.0,633.0,400.0,369.0,620.0,992.0,283.0,394.0,315.0,123.0,123.0,123.0,133.0,128.0,139.0,196.0,238.0,199.0,283.0,394.0,315.0,123.0,123.0,123.0
1.0,853.0,413.0,369.0,1023.0,382.0,18.0,291.0,73.0,123.0,123.0,123.0,137.0,140.0,136.0,332.0,221.0,300.0,18.0,291.0,73.0,123.0,123.0,123.0
1.0,1463.0,401.0,370.0,1207.0,40.0,0.0,40.0,0.0,123.0,123.0,124.0,136.0,126.0,139.0,597.0,324.0,542.0,0.0,40.0,0.0,123.0,123.0,124.0
1.0,2269.0,411.0,371.0,992.0,0.0,0.0,0.0,0.0,124.0,123.0,124.0,138.0,138.0,135.0,875.0,575.0,819.0,0.0,0.0,0.0,124.0,123.0,124.0
1.0,2850.0,394.0,371.0,382.0,0.0,0.0,0.0,0.0,124.0,123.0,124.0,135.0,132.0,127.0,1020.0,831.0,999.0,0.0,0.0,0.0,124.0,123.0,124.0
1.0,2838.0,391.0,372.0,40.0,0.0,0.0,0.0,0.0,124.0,124.0,124.0,133.0,133.0,125.0,903.0,990.0,945.0,0.0,0.0,0.0,124.0,124.0,124.0
1.0,2487.0,386.0,372.0,0.0,0.0,0.0,0.0,0.0,124.0,124.0,124.0,132.0,127.0,127.0,770.0,897.0,820.0,0.0,0.0,0.0,124.0,124.0,124.0
1.0,2101.0,387.0,373.0,0.0,173.0,119.0,0.0,54.0,125.0,124.0,124.0,132.0,128.0,127.0,638.0,770.0,693.0,119.0,0.0,54.0,125.0,124.0,124.0
1.0,1714.0,374.0,373.0,0.0,525.0,242.0,101.0,182.0,125.0,124.0,124.0,123.0,123.0,128.0,506.0,642.0,566.0,242.0,101.0,182.0,125.0,124.0,124.0
1.0,1340.0,367.0,373.0,0.0,892.0,365.0,222.0,305.0,125.0,124.0,124.0,123.0,121.0,123.0,383.0,519.0,438.0,365.0,222.0,305.0,125.0,124.0,124.0
1.0,973.0,358.0,374.0,173.0,1082.0,360.0,342.0,380.0,125.0,124.0,125.0,114.0,120.0,124.0,260.0,398.0,315.0,360.0,342.0,380.0,125.0,124.0,125.0
1.0,788.0,374.0,374.0,525.0,931.0,243.0,370.0,318.0,125.0,124.0,125.0,125.0,129.0,120.0,265.0,278.0,245.0,243.0,370.0,318.0,125.0,124.0,125.0
1.0,939.0,364.0,376.0,892.0,413.0,0.0,281.0,132.0,126.0,125.0,125.0,117.0,128.0,119.0,382.0,250.0,307.0,0.0,281.0,132.0,126.0,125.0,125.0
1.0,1467.0,368.0,376.0,1082.0,63.0,0.0,63.0,0.0,126.0,125.0,125.0,120.0,124.0,124.0,630.0,344.0,493.0,0.0,63.0,0.0,126.0,125.0,125.0
1.0,2181.0,368.0,376.0,931.0,0.0,0.0,0.0,0.0,126.0,125.0,125.0,122.0,125.0,121.0,870.0,562.0,749.0,0.0,0.0,0.0,126.0,125.0,125.0
1.0,2744.0,364.0,377.0,413.0,0.0,0.0,0.0,0.0,126.0,126.0,125.0,119.0,130.0,115.0,991.0,807.0,946.0,0.0,0.0,0.0,126.0,126.0,125.0
1.0,2793.0,378.0,377.0,63.0,0.0,0.0,0.0,0.0,126.0,126.0,125.0,123.0,127.0,128.0,872.0,958.0,963.0,0.0,0.0,0.0,126.0,126.0,125.0
1.0,2478.0,379.0,377.0,0.0,8.0,8.0,0.0,0.0,126.0,126.0,125.0,127.0,128.0,124.0,749.0,894.0,835.0,8.0,0.0,0.0,126.0,126.0,125.0
1.0,2099.0,389.0,379.0,0.0,188.0,140.0,0.0,48.0,127.0,126.0,126.0,127.0,133.0,129.0,622.0,766.0,711.0,140.0,0.0,48.0,127.0,126.0,126.0
1.0,1710.0,393.0,380.0,0.0,583.0,264.0,143.0,176.0,127.0,127.0,126.0,124.0,141.0,128.0,495.0,633.0,582.0,264.0,143.0,176.0,127.0,127.0,126.0
1.0,1317.0,402.0,380.0,8.0,977.0,390.0,281.0,306.0,127.0,127.0,126.0,134.0,138.0,130.0,371.0,492.0,454.0,390.0,281.0,306.0,127.0,127.0,126.0
1.0,923.0,412.0,381.0,188.0,1206.0,387.0,430.0,389.0,127.0,128.0,126.0,137.0,144.0,131.0,245.0,354.0,324.0,387.0,430.0,389.0,127.0,128.0,126.0
1.0,699.0,412.0,381.0,583.0,1035.0,266.0,425.0,344.0,127.0,128.0,126.0,143.0,138.0,131.0,248.0,210.0,241.0,266.0,425.0,344.0,127.0,128.0,126.0
1.0,870.0,421.0,381.0,977.0,479.0,13.0,288.0,178.0,127.0,128.0,126.0,137.0,144.0,140.0,369.0,215.0,286.0,13.0,288.0,178.0,127.0,128.0,126.0
1.0,1426.0,413.0,383.0,1206.0,4.0,0.0,4.0,0.0,127.0,129.0,127.0,138.0,141.0,134.0,622.0,352.0,452.0,0.0,4.0,0.0,127.0,129.0,127.0
1.0,2219.0,423.0,383.0,1035.0,0.0,0.0,0.0,0.0,127.0,129.0,127.0,145.0,142.0,136.0,871.0,641.0,707.0,0.0,0.0,0.0,127.0,129.0,127.0
1.0,2831.0,427.0,384.0,479.0,0.0,0.0,0.0,0.0,128.0,129.0,127.0,148.0,139.0,140.0,992.0,924.0,915.0,0.0,0.0,0.0,128.0,129.0,127.0
1.0,2883.0,439.0,385.0,4.0,0.0,0.0,0.0,0.0,128.0,130.0,127.0,151.0,148.0,140.0,857.0,1073.0,953.0,0.0,0.0,0.0,128.0,130.0,127.0
1.0,2448.0,416.0,385.0,0.0,82.0,82.0,0.0,0.0,128.0,130.0,127.0,148.0,132.0,136.0,706.0,929.0,813.0,82.0,0.0,0.0,128.0,130.0,127.0
1.0,2032.0,416.0,387.0,0.0,330.0,230.0,0.0,100.0,129.0,130.0,128.0,143.0,136.0,137.0,558.0,797.0,677.0,230.0,0.0,100.0,129.0,130.0,128.0
1.0,1616.0,404.0,387.0,0.0,723.0,367.0,118.0,238.0,129.0,130.0,128.0,137.0,129.0,138.0,415.0,661.0,540.0,367.0,118.0,238.0,129.0,130.0,128.0
1.0,1212.0,410.0,387.0,82.0,1051.0,425.0,249.0,377.0,129.0,130.0,128.0,140.0,131.0,139.0,278.0,532.0,402.0,425.0,249.0,377.0,129.0,130.0,128.0
1.0,884.0,409.0,388.0,330.0,1135.0,331.0,383.0,421.0,129.0,130.0,129.0,136.0,134.0,139.0,220.0,401.0,263.0,331.0,383.0,421.0,129.0,130.0,129.0
1.0,805.0,396.0,389.0,723.0,813.0,103.0,392.0,318.0,130.0,130.0,129.0,134.0,127.0,135.0,314.0,267.0,224.0,103.0,392.0,318.0,130.0,130.0,129.0
1.0,1132.0,397.0,389.0,1051.0,350.0,0.0,271.0,79.0,130.0,130.0,129.0,131.0,128.0,138.0,547.0,258.0,327.0,0.0,271.0,79.0,130.0,130.0,129.0
1.0,1786.0,386.0,390.0,1135.0,8.0,0.0,8.0,0.0,130.0,130.0,130.0,132.0,120.0,134.0,841.0,379.0,566.0,0.0,8.0,0.0,130.0,130.0,130.0
1.0,2535.0,388.0,390.0,813.0,0.0,0.0,0.0,0.0,130.0,130.0,130.0,125.0,128.0,135.0,1040.0,642.0,853.0,0.0,0.0,0.0,130.0,130.0,130.0
1.0,2960.0,385.0,391.0,350.0,0.0,0.0,0.0,0.0,131.0,130.0,130.0,129.0,126.0,130.0,1018.0,906.0,1036.0,0.0,0.0,0.0,131.0,130.0,130.0
1.0,2925.0,386.0,392.0,8.0,0.0,0.0,0.0,0.0,131.0,130.0,131.0,124.0,129.0,133.0,889.0,1051.0,985.0,0.0,0.0,0.0,131.0,130.0,131.0
1.0,2547.0,372.0,392.0,0.0,10.0,10.0,0.0,0.0,131.0,130.0,131.0,120.0,122.0,130.0,765.0,930.0,852.0,10.0,0.0,0.0,131.0,130.0,131.0
1.0,2175.0,395.0,393.0,0.0,208.0,139.0,0.0,69.0,131.0,131.0,131.0,129.0,130.0,136.0,645.0,808.0,722.0,139.0,0.0,69.0,131.0,131.0,131.0
1.0,1780.0,389.0,393.0,0.0,574.0,262.0,106.0,206.0,131.0,131.0,131.0,123.0,129.0,137.0,516.0,678.0,586.0,262.0,106.0,206.0,131.0,131.0,131.0
1.0,1391.0,389.0,394.0,10.0,958.0,388.0,234.0,336.0,132.0,131.0,131.0,131.0,128.0,130.0,393.0,549.0,449.0,388.0,234.0,336.0,132.0,131.0,131.0
1.0,1012.0,393.0,395.0,208.0,1148.0,379.0,365.0,404.0,132.0,131.0,132.0,130.0,131.0,132.0,272.0,421.0,319.0,379.0,365.0,404.0,132.0,131.0,132.0
1.0,827.0,412.0,396.0,574.0,991.0,247.0,405.0,339.0,132.0,132.0,132.0,130.0,141.0,141.0,281.0,290.0,256.0,247.0,405.0,339.0,132.0,132.0,132.0
1.0,989.0,418.0,396.0,958.0,452.0,0.0,312.0,140.0,132.0,132.0,132.0,140.0,141.0,137.0,413.0,255.0,321.0,0.0,312.0,140.0,132.0,132.0,132.0
1.0,1529.0,409.0,396.0,1148.0,85.0,0.0,85.0,0.0,132.0,132.0,132.0,132.0,138.0,139.0,661.0,348.0,520.0,0.0,85.0,0.0,132.0,132.0,132.0
1.0,2268.0,413.0,396.0,991.0,0.0,0.0,0.0,0.0,132.0,132.0,132.0,139.0,136.0,138.0,908.0,575.0,785.0,0.0,0.0,0.0,132.0,132.0,132.0
1.0,2846.0,418.0,396.0,452.0,0.0,0.0,0.0,0.0,132.0,132.0,132.0,133.0,146.0,139.0,1016.0,844.0,986.0,0.0,0.0,0.0,132.0,132.0,132.0
1.0,2880.0,438.0,398.0,85.0,0.0,0.0,0.0,0.0,132.0,133.0,133.0,141.0,150.0,147.0,883.0,1010.0,987.0,0.0,0.0,0.0,132.0,133.0,133.0
1.0,2527.0,430.0,398.0,0.0,63.0,63.0,0.0,0.0,132.0,133.0,133.0,145.0,144.0,141.0,742.0,945.0,840.0,63.0,0.0,0.0,132.0,133.0,133.0
1.0,2097.0,438.0,398.0,0.0,331.0,203.0,21.0,107.0,132.0,133.0,133.0,140.0,157.0,141.0,597.0,801.0,699.0,203.0,21.0,107.0,132.0,133.0,133.0
1.0,1659.0,454.0,400.0,0.0,795.0,359.0,186.0,250.0,133.0,134.0,133.0,151.0,160.0,143.0,457.0,644.0,558.0,359.0,186.0,250.0,133.0,134.0,133.0
1.0,1205.0,439.0,400.0,63.0,1171.0,450.0,337.0,384.0,133.0,134.0,133.0,154.0,151.0,134.0,306.0,484.0,415.0,450.0,337.0,384.0,133.0,134.0,133.0
1.0,829.0,433.0,400.0,331.0,1273.0,396.0,460.0,417.0,133.0,134.0,133.0,149.0,144.0,140.0,215.0,333.0,281.0,396.0,460.0,417.0,133.0,134.0,133.0
1.0,727.0,435.0,401.0,795.0,918.0,183.0,424.0,311.0,133.0,135.0,133.0,146.0,145.0,144.0,269.0,210.0,248.0,183.0,424.0,311.0,133.0,135.0,133.0
1.0,1087.0,433.0,402.0,1171.0,293.0,0.0,226.0,67.0,134.0,135.0,133.0,154.0,139.0,140.0,482.0,251.0,354.0,0.0,226.0,67.0,134.0,135.0,133.0
1.0,1825.0,422.0,402.0,1273.0,0.0,0.0,0.0,0.0,134.0,135.0,133.0,143.0,142.0,137.0,778.0,449.0,598.0,0.0,0.0,0.0,134.0,135.0,133.0
1.0,2676.0,430.0,403.0,918.0,0.0,0.0,0.0,0.0,134.0,135.0,134.0,149.0,140.0,141.0,1031.0,767.0,878.0,0.0,0.0,0.0,134.0,135.0,134.0
1.0,3164.0,403.0,403.0,293.0,0.0,0.0,0.0,0.0,134.0,135.0,134.0,138.0,133.0,132.0,1065.0,1051.0,1048.0,0.0,0.0,0.0,134.0,135.0,134.0
1.0,3054.0,399.0,404.0,0.0,0.0,0.0,0.0,0.0,135.0,135.0,134.0,145.0,128.0,126.0,927.0,1144.0,983.0,0.0,0.0,0.0,135.0,135.0,134.0
1.0,2655.0,395.0,405.0,0.0,27.0,27.0,0.0,0.0,135.0,136.0,134.0,134.0,132.0,129.0,782.0,1016.0,857.0,27.0,0.0,0.0,135.0,136.0,134.0
1.0,2260.0,402.0,406.0,0.0,246.0,171.0,0.0,75.0,136.0,136.0,134.0,139.0,130.0,133.0,648.0,884.0,728.0,171.0,0.0,75.0,136.0,136.0,134.0
1.0,1858.0,403.0,406.0,0.0,575.0,307.0,60.0,208.0,136.0,136.0,134.0,136.0,134.0,133.0,509.0,754.0,595.0,307.0,60.0,208.0,136.0,136.0,134.0
1.0,1455.0,392.0,407.0,27.0,945.0,409.0,189.0,347.0,136.0,136.0,135.0,129.0,129.0,134.0,373.0,620.0,462.0,409.0,189.0,347.0,136.0,136.0,135.0
1.0,1090.0,393.0,407.0,246.0,1092.0,365.0,321.0,406.0,136.0,136.0,135.0,127.0,132.0,134.0,271.0,491.0,328.0,365.0,321.0,406.0,136.0,136.0,135.0
1.0,943.0,388.0,407.0,575.0,905.0,189.0,385.0,331.0,136.0,136.0,135.0,131.0,124.0,133.0,315.0,359.0,269.0,189.0,385.0,331.0,136.0,136.0,135.0
1.0,1130.0,396.0,408.0,945.0,440.0,0.0,328.0,112.0,137.0,136.0,135.0,136.0,132.0,128.0,491.0,295.0,344.0,0.0,328.0,112.0,137.0,136.0,135.0
1.0,1679.0,402.0,408.0,1092.0,142.0,0.0,142.0,0.0,137.0,136.0,135.0,129.0,135.0,138.0,764.0,352.0,563.0,0.0,142.0,0.0,137.0,136.0,135.0
1.0,2369.0,403.0,409.0,905.0,0.0,0.0,0.0,0.0,137.0,136.0,136.0,134.0,134.0,135.0,1000.0,538.0,831.0,0.0,0.0,0.0,137.0,136.0,136.0
1.0,2871.0,409.0,409.0,440.0,0.0,0.0,0.0,0.0,137.0,136.0,136.0,132.0,136.0,141.0,1055.0,789.0,1027.0,0.0,0.0,0.0,137.0,136.0,136.0
1.0,2902.0,418.0,409.0,142.0,0.0,0.0,0.0,0.0,137.0,136.0,136.0,136.0,136.0,146.0,923.0,981.0,998.0,0.0,0.0,0.0,137.0,136.0,136.0
1.0,2626.0,428.0,410.0,0.0,38.0,38.0,0.0,0.0,137.0,136.0,137.0,140.0,142.0,146.0,787.0,987.0,852.0,38.0,0.0,0.0,137.0,136.0,137.0
1.0,2198.0,437.0,411.0,0.0,315.0,189.0,0.0,126.0,138.0,136.0,137.0,146.0,144.0,147.0,647.0,845.0,706.0,189.0,0.0,126.0,138.0,136.0,137.0
1.0,1761.0,420.0,410.0,0.0,709.0,323.0,119.0,267.0,137.0,136.0,137.0,139.0,140.0,141.0,501.0,701.0,559.0,323.0,119.0,267.0,137.0,136.0,137.0
1.0,1341.0,445.0,411.0,38.0,1121.0,434.0,264.0,423.0,138.0,136.0,137.0,144.0,145.0,156.0,362.0,561.0,418.0,434.0,264.0,423.0,138.0,136.0,137.0
1.0,934.0,453.0,412.0,315.0,1264.0,394.0,412.0,458.0,138.0,136.0,138.0,149.0,148.0,156.0,256.0,416.0,262.0,394.0,412.0,458.0,138.0,136.0,138.0
1.0,796.0,443.0,413.0,709.0,1003.0,212.0,448.0,343.0,138.0,137.0,138.0,141.0,150.0,152.0,296.0,268.0,232.0,212.0,448.0,343.0,138.0,137.0,138.0
1.0,1062.0,458.0,413.0,1121.0,408.0,0.0,334.0,74.0,138.0,137.0,138.0,154.0,150.0,154.0,478.0,237.0,347.0,0.0,334.0,74.0,138.0,137.0,138.0
1.0,1725.0,454.0,414.0,1264.0,73.0,0.0,73.0,0.0,138.0,137.0,139.0,152.0,151.0,151.0,758.0,351.0,616.0,0.0,73.0,0.0,138.0,137.0,139.0
1.0,2535.0,443.0,414.0,1003.0,0.0,0.0,0.0,0.0,138.0,137.0,139.0,144.0,151.0,148.0,1000.0,612.0,923.0,0.0,0.0,0.0,138.0,137.0,139.0
1.0,3095.0,452.0,415.0,408.0,0.0,0.0,0.0,0.0,138.0,138.0,139.0,152.0,149.0,151.0,1068.0,909.0,1118.0,0.0,0.0,0.0,138.0,138.0,139.0
1.0,3051.0,441.0,415.0,73.0,0.0,0.0,0.0,0.0,138.0,138.0,139.0,145.0,151.0,145.0,916.0,1094.0,1041.0,0.0,0.0,0.0,138.0,138.0,139.0
1.0,2683.0,441.0,415.0,0.0,68.0,68.0,0.0,0.0,138.0,138.0,139.0,149.0,142.0,150.0,771.0,1016.0,896.0,68.0,0.0,0.0,138.0,138.0,139.0
1.0,2242.0,446.0,417.0,0.0,329.0,226.0,0.0,103.0,139.0,138.0,140.0,153.0,144.0,149.0,622.0,874.0,746.0,226.0,0.0,103.0,139.0,138.0,140.0
1.0,1796.0,426.0,418.0,0.0,720.0,371.0,113.0,236.0,139.0,139.0,140.0,145.0,148.0,133.0,469.0,730.0,597.0,371.0,113.0,236.0,139.0,139.0,140.0
1.0,1370.0,429.0,418.0,68.0,1081.0,448.0,255.0,378.0,139.0,139.0,140.0,145.0,142.0,142.0,324.0,582.0,464.0,448.0,255.0,378.0,139.0,139.0,140.0
1.0,1009.0,411.0,418.0,329.0,1163.0,365.0,393.0,405.0,139.0,139.0,140.0,143.0,138.0,130.0,247.0,440.0,322.0,365.0,393.0,405.0,139.0,139.0,140.0
1.0,927.0,417.0,420.0,720.0,870.0,137.0,428.0,305.0,140.0,140.0,140.0,138.0,143.0,136.0,330.0,302.0,295.0,137.0,428.0,305.0,140.0,140.0,140.0
1.0,1230.0,410.0,420.0,1081.0,376.0,0.0,316.0,60.0,140.0,140.0,140.0,134.0,143.0,133.0,563.0,272.0,395.0,0.0,316.0,60.0,140.0,140.0,140.0
1.0,1901.0,407.0,420.0,1163.0,63.0,0.0,63.0,0.0,140.0,140.0,140.0,133.0,140.0,134.0,877.0,384.0,640.0,0.0,63.0,0.0,140.0,140.0,140.0
1.0,2657.0,408.0,420.0,870.0,0.0,0.0,0.0,0.0,140.0,140.0,140.0,140.0,136.0,132.0,1109.0,637.0,911.0,0.0,0.0,0.0,140.0,140.0,140.0
1.0,3119.0,406.0,420.0,376.0,0.0,0.0,0.0,0.0,140.0,140.0,140.0,137.0,132.0,137.0,1106.0,929.0,1084.0,0.0,0.0,0.0,140.0,140.0,140.0
1.0,3089.0,413.0,422.0,63.0,0.0,0.0,0.0,0.0,141.0,141.0,140.0,136.0,140.0,137.0,969.0,1113.0,1007.0,0.0,0.0,0.0,141.0,141.0,140.0
1.0,2739.0,422.0,422.0,0.0,8.0,8.0,0.0,0.0,141.0,141.0,140.0,136.0,144.0,142.0,833.0,1036.0,870.0,8.0,0.0,0.0,141.0,141.0,140.0
1.0,2317.0,425.0,422.0,0.0,262.0,149.0,0.0,113.0,141.0,141.0,140.0,141.0,143.0,141.0,697.0,892.0,728.0,149.0,0.0,113.0,141.0,141.0,140.0
1.0,1892.0,424.0,422.0,0.0,642.0,288.0,100.0,254.0,141.0,141.0,140.0,139.0,144.0,141.0,556.0,749.0,587.0,288.0,100.0,254.0,141.0,141.0,140.0
1.0,1468.0,434.0,423.0,8.0,1073.0,423.0,256.0,394.0,141.0,142.0,140.0,143.0,151.0,140.0,417.0,605.0,446.0,423.0,256.0,394.0,141.0,142.0,140.0
1.0,1042.0,434.0,423.0,262.0,1245.0,417.0,399.0,429.0,141.0,142.0,140.0,143.0,143.0,148.0,282.0,454.0,306.0,417.0,399.0,429.0,141.0,142.0,140.0
1.0,870.0,445.0,425.0,642.0,1058.0,286.0,445.0,327.0,142.0,142.0,141.0,152.0,146.0,147.0,288.0,311.0,271.0,286.0,445.0,327.0,142.0,142.0,141.0
1.0,1067.0,444.0,425.0,1073.0,429.0,10.0,338.0,81.0,142.0,142.0,141.0,147.0,149.0,148.0,424.0,265.0,378.0,10.0,338.0,81.0,142.0,142.0,141.0
1.0,1696.0,444.0,425.0,1245.0,88.0,0.0,88.0,0.0,142.0,142.0,141.0,146.0,149.0,149.0,700.0,372.0,624.0,0.0,88.0,0.0,142.0,142.0,141.0
1.0,2497.0,445.0,425.0,1058.0,0.0,0.0,0.0,0.0,142.0,142.0,141.0,152.0,146.0,147.0,971.0,622.0,904.0,0.0,0.0,0.0,142.0,142.0,141.0
1.0,3110.0,451.0,425.0,429.0,0.0,0.0,0.0,0.0,142.0,142.0,141.0,148.0,144.0,159.0,1105.0,921.0,1084.0,0.0,0.0,0.0,142.0,142.0,141.0
1.0,3088.0,470.0,426.0,88.0,0.0,0.0,0.0,0.0,142.0,142.0,142.0,153.0,158.0,159.0,967.0,1115.0,1006.0,0.0,0.0,0.0,142.0,142.0,142.0
1.0,2706.0,459.0,426.0,0.0,67.0,45.0,0.0,22.0,142.0,142.0,142.0,149.0,151.0,159.0,814.0,1045.0,847.0,45.0,0.0,22.0,142.0,142.0,142.0
1.0,2247.0,455.0,426.0,0.0,375.0,199.0,0.0,176.0,142.0,142.0,142.0,154.0,147.0,154.0,665.0,894.0,688.0,199.0,0.0,176.0,142.0,142.0,142.0
1.0,1792.0,456.0,426.0,0.0,794.0,352.0,114.0,328.0,142.0,142.0,142.0,153.0,151.0,152.0,511.0,747.0,534.0,352.0,114.0,328.0,142.0,142.0,142.0
1.0,1336.0,456.0,427.0,67.0,1188.0,457.0,269.0,462.0,142.0,142.0,143.0,150.0,155.0,151.0,358.0,596.0,382.0,457.0,269.0,462.0,142.0,142.0,143.0
1.0,947.0,450.0,428.0,375.0,1268.0,415.0,418.0,435.0,143.0,142.0,143.0,152.0,149.0,149.0,253.0,441.0,253.0,415.0,418.0,435.0,143.0,142.0,143.0
1.0,872.0,457.0,428.0,794.0,931.0,221.0,452.0,258.0,143.0,142.0,143.0,158.0,148.0,151.0,300.0,292.0,280.0,221.0,452.0,258.0,143.0,142.0,143.0
1.0,1209.0,441.0,429.0,1188.0,337.0,0.0,337.0,0.0,143.0,143.0,143.0,144.0,149.0,148.0,494.0,258.0,457.0,0.0,337.0,0.0,143.0,143.0,143.0
1.0,1956.0,439.0,430.0,1268.0,57.0,0.0,57.0,0.0,143.0,143.0,144.0,146.0,138.0,155.0,807.0,378.0,771.0,0.0,57.0,0.0,143.0,143.0,144.0
1.0,2785.0,445.0,430.0,931.0,0.0,0.0,0.0,0.0,143.0,143.0,144.0,144.0,146.0,155.0,1076.0,658.0,1051.0,0.0,0.0,0.0,143.0,143.0,144.0
1.0,3271.0,443.0,431.0,337.0,0.0,0.0,0.0,0.0,143.0,143.0,145.0,151.0,142.0,150.0,1153.0,964.0,1154.0,0.0,0.0,0.0,143.0,143.0,145.0
1.0,3165.0,432.0,432.0,57.0,0.0,0.0,0.0,0.0,143.0,144.0,145.0,144.0,145.0,143.0,1002.0,1159.0,1004.0,0.0,0.0,0.0,143.0,144.0,145.0
1.0,2790.0,432.0,433.0,0.0,16.0,5.0,0.0,11.0,144.0,144.0,145.0,143.0,142.0,147.0,858.0,1071.0,861.0,5.0,0.0,11.0,144.0,144.0,145.0
1.0,2358.0,445.0,433.0,0.0,315.0,155.0,0.0,160.0,144.0,144.0,145.0,150.0,146.0,149.0,715.0,929.0,714.0,155.0,0.0,160.0,144.0,144.0,145.0
1.0,1913.0,431.0,434.0,0.0,688.0,298.0,80.0,310.0,144.0,144.0,146.0,143.0,143.0,145.0,565.0,783.0,565.0,298.0,80.0,310.0,144.0,144.0,146.0
1.0,1482.0,452.0,436.0,16.0,1134.0,450.0,238.0,446.0,145.0,145.0,146.0,152.0,153.0,147.0,422.0,640.0,420.0,450.0,238.0,446.0,145.0,145.0,146.0
1.0,1046.0,450.0,436.0,315.0,1269.0,441.0,385.0,443.0,145.0,145.0,146.0,146.0,147.0,157.0,275.0,487.0,284.0,441.0,385.0,443.0,145.0,145.0,146.0
1.0,911.0,453.0,438.0,688.0,1044.0,292.0,467.0,285.0,145.0,146.0,147.0,149.0,157.0,147.0,284.0,340.0,287.0,292.0,467.0,285.0,145.0,146.0,147.0
1.0,1146.0,456.0,439.0,1134.0,384.0,0.0,384.0,0.0,146.0,146.0,147.0,152.0,155.0,149.0,433.0,263.0,450.0,0.0,384.0,0.0,146.0,146.0,147.0
1.0,1824.0,453.0,439.0,1269.0,146.0,0.0,146.0,0.0,146.0,146.0,147.0,152.0,147.0,154.0,731.0,346.0,747.0,0.0,146.0,0.0,146.0,146.0,147.0
1.0,2640.0,455.0,439.0,1044.0,0.0,0.0,0.0,0.0,146.0,146.0,147.0,152.0,153.0,150.0,1020.0,584.0,1036.0,0.0,0.0,0.0,146.0,146.0,147.0
1.0,3229.0,470.0,440.0,384.0,0.0,0.0,0.0,0.0,146.0,147.0,147.0,143.0,165.0,162.0,1160.0,898.0,1171.0,0.0,0.0,0.0,146.0,147.0,147.0
1.0,3143.0,472.0,441.0,146.0,0.0,0.0,0.0,0.0,146.0,147.0,148.0,155.0,160.0,157.0,1017.0,1117.0,1009.0,0.0,0.0,0.0,146.0,147.0,148.0
1.0,2817.0,466.0,442.0,0.0,70.0,27.0,0.0,43.0,147.0,147.0,148.0,154.0,157.0,155.0,862.0,1103.0,852.0,27.0,0.0,43.0,147.0,147.0,148.0
1.0,2351.0,477.0,443.0,0.0,386.0,186.0,0.0,200.0,147.0,148.0,148.0,159.0,161.0,157.0,708.0,946.0,697.0,186.0,0.0,200.0,147.0,148.0,148.0
1.0,1874.0,472.0,443.0,0.0,813.0,346.0,112.0,355.0,147.0,148.0,148.0,160.0,157.0,155.0,549.0,785.0,540.0,346.0,112.0,355.0,147.0,148.0,148.0
1.0,1402.0,460.0,443.0,70.0,1203.0,468.0,265.0,470.0,147.0,148.0,148.0,149.0,153.0,158.0,389.0,628.0,385.0,468.0,265.0,470.0,147.0,148.0,148.0
1.0,1012.0,475.0,443.0,386.0,1292.0,436.0,423.0,433.0,147.0,148.0,148.0,154.0,158.0,163.0,267.0,475.0,270.0,436.0,423.0,433.0,147.0,148.0,148.0
1.0,923.0,480.0,443.0,813.0,959.0,248.0,477.0,234.0,147.0,148.0,148.0,158.0,166.0,156.0,299.0,317.0,307.0,248.0,477.0,234.0,147.0,148.0,148.0
1.0,1256.0,469.0,444.0,1203.0,365.0,0.0,365.0,0.0,148.0,148.0,148.0,164.0,153.0,152.0,487.0,263.0,506.0,0.0,365.0,0.0,148.0,148.0,148.0
1.0,1990.0,462.0,444.0,1292.0,94.0,0.0,94.0,0.0,148.0,148.0,148.0,153.0,152.0,157.0,791.0,375.0,824.0,0.0,94.0,0.0,148.0,148.0,148.0
1.0,2820.0,451.0,444.0,959.0,0.0,0.0,0.0,0.0,148.0,148.0,148.0,156.0,146.0,149.0,1074.0,646.0,1100.0,0.0,0.0,0.0,148.0,148.0,148.0
1.0,3328.0,450.0,444.0,365.0,0.0,0.0,0.0,0.0,148.0,148.0,148.0,150.0,149.0,151.0,1166.0,977.0,1185.0,0.0,0.0,0.0,148.0,148.0,148.0
1.0,3243.0,459.0,446.0,94.0,0.0,0.0,0.0,0.0,148.0,149.0,149.0,154.0,151.0,154.0,1016.0,1193.0,1034.0,0.0,0.0,0.0,148.0,149.0,149.0
1.0,2878.0,447.0,446.0,0.0,43.0,31.0,0.0,12.0,148.0,149.0,149.0,153.0,147.0,147.0,862.0,1136.0,880.0,31.0,0.0,12.0,148.0,149.0,149.0
1.0,2431.0,443.0,446.0,0.0,341.0,184.0,0.0,157.0,148.0,149.0,149.0,153.0,145.0,145.0,709.0,989.0,733.0,184.0,0.0,157.0,148.0,149.0,149.0
1.0,1988.0,454.0,448.0,0.0,706.0,340.0,50.0,316.0,149.0,149.0,150.0,151.0,149.0,154.0,556.0,844.0,588.0,340.0,50.0,316.0,149.0,149.0,150.0
1.0,1534.0,449.0,448.0,43.0,1112.0,463.0,194.0,455.0,149.0,149.0,150.0,154.0,144.0,151.0,405.0,695.0,434.0,463.0,194.0,455.0,149.0,149.0,150.0
1.0,1128.0,450.0,448.0,341.0,1221.0,428.0,345.0,448.0,149.0,149.0,150.0,149.0,151.0,150.0,282.0,551.0,295.0,428.0,345.0,448.0,149.0,149.0,150.0
1.0,1019.0,452.0,450.0,706.0,977.0,250.0,441.0,286.0,150.0,149.0,151.0,157.0,146.0,149.0,317.0,400.0,302.0,250.0,441.0,286.0,150.0,149.0,151.0
1.0,1273.0,455.0,451.0,1112.0,399.0,0.0,399.0,0.0,150.0,150.0,151.0,157.0,147.0,151.0,500.0,304.0,469.0,0.0,399.0,0.0,150.0,150.0,151.0
1.0,1930.0,462.0,451.0,1221.0,203.0,0.0,203.0,0.0,150.0,150.0,151.0,158.0,149.0,155.0,806.0,351.0,773.0,0.0,203.0,0.0,150.0,150.0,151.0
1.0,2689.0,460.0,452.0,977.0,0.0,0.0,0.0,0.0,151.0,150.0,151.0,155.0,151.0,154.0,1076.0,547.0,1066.0,0.0,0.0,0.0,151.0,150.0,151.0
1.0,3206.0,457.0,453.0,399.0,0.0,0.0,0.0,0.0,151.0,150.0,152.0,153.0,152.0,152.0,1171.0,837.0,1198.0,0.0,0.0,0.0,151.0,150.0,152.0
1.0,3148.0,461.0,453.0,203.0,0.0,0.0,0.0,0.0,151.0,150.0,152.0,150.0,150.0,161.0,1018.0,1084.0,1046.0,0.0,0.0,0.0,151.0,150.0,152.0
1.0,2890.0,471.0,454.0,0.0,85.0,48.0,0.0,37.0,152.0,150.0,152.0,156.0,153.0,162.0,868.0,1137.0,885.0,48.0,0.0,37.0,152.0,150.0,152.0
1.0,2419.0,483.0,456.0,0.0,402.0,201.0,0.0,201.0,152.0,151.0,153.0,153.0,171.0,159.0,712.0,984.0,723.0,201.0,0.0,201.0,152.0,151.0,153.0
1.0,1936.0,487.0,456.0,0.0,831.0,356.0,106.0,369.0,152.0,151.0,153.0,155.0,164.0,168.0,559.0,813.0,564.0,356.0,106.0,369.0,152.0,151.0,153.0
1.0,1449.0,503.0,456.0,85.0,1249.0,477.0,275.0,497.0,152.0,151.0,153.0,169.0,169.0,165.0,404.0,649.0,396.0,477.0,275.0,497.0,152.0,151.0,153.0
1.0,1031.0,494.0,458.0,402.0,1351.0,437.0,445.0,469.0,152.0,152.0,154.0,161.0,165.0,168.0,283.0,480.0,268.0,437.0,445.0,469.0,152.0,152.0,154.0
1.0,939.0,494.0,459.0,831.0,1019.0,246.0,506.0,267.0,153.0,152.0,154.0,160.0,167.0,167.0,323.0,315.0,301.0,246.0,506.0,267.0,153.0,152.0,154.0
1.0,1276.0,504.0,460.0,1249.0,413.0,0.0,413.0,0.0,153.0,153.0,154.0,160.0,177.0,167.0,519.0,254.0,503.0,0.0,413.0,0.0,153.0,153.0,154.0
1.0,2021.0,495.0,460.0,1351.0,138.0,0.0,138.0,0.0,153.0,153.0,154.0,158.0,170.0,167.0,836.0,352.0,833.0,0.0,138.0,0.0,153.0,153.0,154.0
1.0,2877.0,512.0,461.0,1019.0,0.0,0.0,0.0,0.0,153.0,153.0,155.0,165.0,173.0,174.0,1115.0,627.0,1135.0,0.0,0.0,0.0,153.0,153.0,155.0
1.0,3384.0,496.0,462.0,413.0,0.0,0.0,0.0,0.0,153.0,154.0,155.0,163.0,168.0,165.0,1196.0,960.0,1228.0,0.0,0.0,0.0,153.0,154.0,155.0
1.0,3301.0,502.0,463.0,138.0,0.0,0.0,0.0,0.0,154.0,154.0,155.0,158.0,170.0,174.0,1033.0,1205.0,1063.0,0.0,0.0,0.0,154.0,154.0,155.0
1.0,2937.0,494.0,464.0,0.0,112.0,57.0,0.0,55.0,154.0,154.0,156.0,162.0,168.0,164.0,875.0,1173.0,889.0,57.0,0.0,55.0,154.0,154.0,156.0
1.0,2443.0,491.0,465.0,0.0,439.0,220.0,0.0,219.0,154.0,155.0,156.0,163.0,164.0,164.0,713.0,1005.0,725.0,220.0,0.0,219.0,154.0,155.0,156.0
1.0,1952.0,471.0,465.0,0.0,844.0,381.0,88.0,375.0,154.0,155.0,156.0,161.0,154.0,156.0,550.0,841.0,561.0,381.0,88.0,375.0,154.0,155.0,156.0
1.0,1481.0,472.0,465.0,112.0,1204.0,480.0,249.0,475.0,154.0,155.0,156.0,156.0,161.0,155.0,389.0,687.0,405.0,480.0,249.0,475.0,154.0,155.0,156.0
1.0,1121.0,466.0,466.0,439.0,1236.0,423.0,401.0,412.0,155.0,155.0,156.0,158.0,152.0,156.0,290.0,526.0,305.0,423.0,401.0,412.0,155.0,155.0,156.0
1.0,1094.0,460.0,466.0,844.0,852.0,202.0,462.0,188.0,155.0,155.0,156.0,160.0,149.0,151.0,352.0,374.0,368.0,202.0,462.0,188.0,155.0,155.0,156.0
1.0,1478.0,460.0,467.0,1204.0,371.0,0.0,371.0,0.0,155.0,156.0,156.0,159.0,153.0,148.0,573.0,313.0,592.0,0.0,371.0,0.0,155.0,156.0,156.0
1.0,2222.0,468.0,467.0,1236.0,128.0,0.0,128.0,0.0,155.0,156.0,156.0,156.0,158.0,154.0,894.0,409.0,919.0,0.0,128.0,0.0,155.0,156.0,156.0
1.0,2990.0,452.0,468.0,852.0,0.0,0.0,0.0,0.0,156.0,156.0,156.0,160.0,146.0,146.0,1161.0,652.0,1177.0,0.0,0.0,0.0,156.0,156.0,156.0
1.0,3390.0,446.0,468.0,371.0,0.0,0.0,0.0,0.0,156.0,156.0,156.0,154.0,142.0,150.0,1203.0,968.0,1219.0,0.0,0.0,0.0,156.0,156.0,156.0
1.0,3315.0,469.0,468.0,128.0,0.0,0.0,0.0,0.0,156.0,156.0,156.0,160.0,154.0,155.0,1049.0,1197.0,1069.0,0.0,0.0,0.0,156.0,156.0,156.0
1.0,2974.0,454.0,468.0,0.0,60.0,47.0,0.0,13.0,156.0,156.0,156.0,156.0,151.0,147.0,889.0,1171.0,914.0,47.0,0.0,13.0,156.0,156.0,156.0
1.0,2520.0,465.0,468.0,0.0,375.0,209.0,0.0,166.0,156.0,156.0,156.0,162.0,150.0,153.0,733.0,1020.0,767.0,209.0,0.0,166.0,156.0,156.0,156.0
1.0,2055.0,469.0,469.0,0.0,759.0,384.0,58.0,317.0,157.0,156.0,156.0,170.0,148.0,151.0,571.0,870.0,614.0,384.0,58.0,317.0,157.0,156.0,156.0
1.0,1586.0,478.0,470.0,60.0,1182.0,498.0,214.0,470.0,157.0,156.0,157.0,161.0,156.0,161.0,401.0,722.0,463.0,498.0,214.0,470.0,157.0,156.0,157.0
1.0,1168.0,496.0,470.0,375.0,1303.0,460.0,380.0,463.0,157.0,156.0,157.0,171.0,166.0,159.0,287.0,566.0,315.0,460.0,380.0,463.0,157.0,156.0,157.0
1.0,1047.0,486.0,471.0,759.0,1035.0,235.0,495.0,305.0,157.0,157.0,157.0,159.0,168.0,159.0,325.0,400.0,322.0,235.0,495.0,305.0,157.0,157.0,157.0
1.0,1320.0,503.0,472.0,1182.0,453.0,0.0,453.0,0.0,158.0,157.0,157.0,168.0,172.0,163.0,550.0,290.0,480.0,0.0,453.0,0.0,158.0,157.0,157.0
1.0,1999.0,500.0,472.0,1303.0,239.0,0.0,239.0,0.0,158.0,157.0,157.0,167.0,166.0,167.0,880.0,332.0,787.0,0.0,239.0,0.0,158.0,157.0,157.0
1.0,2802.0,506.0,472.0,1035.0,0.0,0.0,0.0,0.0,158.0,157.0,157.0,169.0,166.0,171.0,1173.0,546.0,1083.0,0.0,0.0,0.0,158.0,157.0,157.0
1.0,3331.0,522.0,474.0,453.0,0.0,0.0,0.0,0.0,159.0,157.0,158.0,171.0,176.0,175.0,1239.0,875.0,1217.0,0.0,0.0,0.0,159.0,157.0,158.0
1.0,3262.0,522.0,475.0,239.0,0.0,0.0,0.0,0.0,159.0,158.0,158.0,175.0,172.0,175.0,1068.0,1152.0,1042.0,0.0,0.0,0.0,159.0,158.0,158.0
1.0,2979.0,510.0,475.0,0.0,165.0,70.0,0.0,95.0,159.0,158.0,158.0,168.0,170.0,172.0,893.0,1219.0,867.0,70.0,0.0,95.0,159.0,158.0,158.0
1.0,2469.0,531.0,477.0,0.0,523.0,244.0,0.0,279.0,160.0,158.0,159.0,169.0,183.0,179.0,725.0,1049.0,695.0,244.0,0.0,279.0,160.0,158.0,159.0
1.0,1938.0,515.0,478.0,0.0,967.0,414.0,103.0,450.0,160.0,159.0,159.0,170.0,174.0,171.0,556.0,866.0,516.0,414.0,103.0,450.0,160.0,159.0,159.0
1.0,1423.0,499.0,478.0,165.0,1301.0,505.0,271.0,525.0,160.0,159.0,159.0,161.0,168.0,170.0,386.0,692.0,345.0,505.0,271.0,525.0,160.0,159.0,159.0
1.0,1089.0,505.0,479.0,523.0,1288.0,425.0,448.0,415.0,160.0,159.0,160.0,164.0,177.0,164.0,295.0,524.0,270.0,425.0,448.0,415.0,160.0,159.0,160.0
1.0,1107.0,506.0,480.0,967.0,832.0,173.0,519.0,140.0,160.0,160.0,160.0,162.0,169.0,175.0,375.0,347.0,385.0,173.0,519.0,140.0,160.0,160.0,160.0
1.0,1568.0,492.0,480.0,1301.0,419.0,0.0,419.0,0.0,160.0,160.0,160.0,158.0,171.0,163.0,627.0,281.0,660.0,0.0,419.0,0.0,160.0,160.0,160.0
1.0,2377.0,491.0,481.0,1288.0,142.0,0.0,142.0,0.0,160.0,161.0,160.0,162.0,166.0,163.0,974.0,381.0,1022.0,0.0,142.0,0.0,160.0,161.0,160.0
1.0,3174.0,490.0,482.0,832.0,0.0,0.0,0.0,0.0,160.0,161.0,161.0,154.0,165.0,171.0,1237.0,663.0,1274.0,0.0,0.0,0.0,160.0,161.0,161.0
1.0,3516.0,486.0,483.0,419.0,0.0,0.0,0.0,0.0,161.0,161.0,161.0,162.0,162.0,162.0,1256.0,1017.0,1243.0,0.0,0.0,0.0,161.0,161.0,161.0
1.0,3449.0,497.0,485.0,142.0,0.0,0.0,0.0,0.0,161.0,162.0,162.0,161.0,167.0,169.0,1094.0,1274.0,1081.0,0.0,0.0,0.0,161.0,162.0,162.0
1.0,3094.0,482.0,485.0,0.0,90.0,32.0,0.0,58.0,161.0,162.0,162.0,160.0,162.0,160.0,933.0,1249.0,912.0,32.0,0.0,58.0,161.0,162.0,162.0
1.0,2612.0,478.0,485.0,0.0,409.0,190.0,0.0,219.0,161.0,162.0,162.0,158.0,159.0,161.0,773.0,1087.0,752.0,190.0,0.0,219.0,161.0,162.0,162.0
1.0,2134.0,487.0,485.0,0.0,778.0,352.0,48.0,378.0,161.0,162.0,162.0,162.0,166.0,159.0,615.0,928.0,591.0,352.0,48.0,378.0,161.0,162.0,162.0
1.0,1647.0,494.0,486.0,90.0,1187.0,484.0,218.0,485.0,161.0,163.0,162.0,164.0,165.0,165.0,453.0,762.0,432.0,484.0,218.0,485.0,161.0,163.0,162.0
1.0,1243.0,485.0,487.0,409.0,1268.0,460.0,373.0,435.0,161.0,163.0,163.0,166.0,155.0,164.0,321.0,597.0,325.0,460.0,373.0,435.0,161.0,163.0,163.0
1.0,1167.0,474.0,488.0,778.0,969.0,275.0,480.0,214.0,162.0,163.0,163.0,162.0,155.0,157.0,345.0,442.0,380.0,275.0,480.0,214.0,162.0,163.0,163.0
1.0,1471.0,494.0,488.0,1187.0,424.0,0.0,424.0,0.0,162.0,163.0,163.0,168.0,162.0,164.0,535.0,335.0,601.0,0.0,424.0,0.0,162.0,163.0,163.0
1.0,2164.0,504.0,488.0,1268.0,212.0,0.0,212.0,0.0,162.0,163.0,163.0,175.0,161.0,168.0,851.0,391.0,922.0,0.0,212.0,0.0,162.0,163.0,163.0
1.0,2928.0,511.0,490.0,969.0,0.0,0.0,0.0,0.0,163.0,164.0,163.0,177.0,162.0,172.0,1136.0,603.0,1189.0,0.0,0.0,0.0,163.0,164.0,163.0
1.0,3386.0,503.0,489.0,424.0,0.0,0.0,0.0,0.0,163.0,163.0,163.0,172.0,162.0,169.0,1234.0,921.0,1231.0,0.0,0.0,0.0,163.0,163.0,163.0
1.0,3307.0,522.0,491.0,212.0,0.0,0.0,0.0,0.0,164.0,164.0,163.0,175.0,174.0,173.0,1062.0,1183.0,1062.0,0.0,0.0,0.0,164.0,164.0,163.0
1.0,2997.0,518.0,491.0,0.0,202.0,108.0,0.0,94.0,164.0,164.0,163.0,175.0,175.0,168.0,887.0,1221.0,889.0,108.0,0.0,94.0,164.0,164.0,163.0
1.0,2479.0,514.0,491.0,0.0,544.0,282.0,0.0,262.0,164.0,164.0,163.0,174.0,172.0,168.0,712.0,1046.0,721.0,282.0,0.0,262.0,164.0,164.0,163.0
1.0,1965.0,509.0,491.0,0.0,999.0,454.0,117.0,428.0,164.0,164.0,163.0,172.0,171.0,166.0,538.0,874.0,553.0,454.0,117.0,428.0,164.0,164.0,163.0
1.0,1456.0,528.0,492.0,202.0,1330.0,524.0,291.0,515.0,164.0,164.0,164.0,178.0,174.0,176.0,366.0,703.0,387.0,524.0,291.0,515.0,164.0,164.0,164.0
1.0,1130.0,526.0,493.0,544.0,1317.0,430.0,465.0,422.0,165.0,164.0,164.0,183.0,174.0,169.0,296.0,529.0,305.0,430.0,465.0,422.0,165.0,164.0,164.0
1.0,1148.0,526.0,493.0,999.0,844.0,155.0,523.0,166.0,165.0,164.0,164.0,179.0,175.0,172.0,395.0,355.0,398.0,155.0,523.0,166.0,165.0,164.0,164.0
1.0,1621.0,512.0,493.0,1330.0,400.0,0.0,400.0,0.0,165.0,164.0,164.0,172.0,168.0,172.0,670.0,297.0,654.0,0.0,400.0,0.0,165.0,164.0,164.0
1.0,2439.0,517.0,494.0,1317.0,105.0,0.0,105.0,0.0,166.0,164.0,164.0,173.0,170.0,174.0,1022.0,420.0,997.0,0.0,105.0,0.0,166.0,164.0,164.0
1.0,3239.0,513.0,494.0,844.0,0.0,0.0,0.0,0.0,166.0,164.0,164.0,168.0,172.0,173.0,1279.0,715.0,1245.0,0.0,0.0,0.0,166.0,164.0,164.0
1.0,3570.0,503.0,494.0,400.0,0.0,0.0,0.0,0.0,166.0,164.0,164.0,155.0,172.0,176.0,1266.0,1066.0,1238.0,0.0,0.0,0.0,166.0,164.0,164.0
1.0,3467.0,510.0,495.0,105.0,0.0,0.0,0.0,0.0,166.0,165.0,164.0,164.0,176.0,170.0,1111.0,1294.0,1062.0,0.0,0.0,0.0,166.0,165.0,164.0
1.0,3062.0,502.0,496.0,0.0,148.0,51.0,0.0,97.0,166.0,165.0,165.0,168.0,170.0,164.0,947.0,1223.0,892.0,51.0,0.0,97.0,166.0,165.0,165.0
1.0,2560.0,502.0,496.0,0.0,481.0,220.0,0.0,261.0,166.0,165.0,165.0,169.0,169.0,164.0,779.0,1053.0,728.0,220.0,0.0,261.0,166.0,165.0,165.0
1.0,2058.0,492.0,497.0,0.0,919.0,378.0,119.0,422.0,166.0,166.0,165.0,158.0,173.0,161.0,610.0,884.0,564.0,378.0,119.0,422.0,166.0,166.0,165.0
1.0,1566.0,502.0,497.0,148.0,1273.0,493.0,288.0,492.0,166.0,166.0,165.0,166.0,169.0,167.0,452.0,711.0,403.0,493.0,288.0,492.0,166.0,166.0,165.0
1.0,1212.0,495.0,498.0,481.0,1292.0,436.0,456.0,400.0,166.0,166.0,166.0,163.0,168.0,164.0,337.0,542.0,333.0,436.0,456.0,400.0,166.0,166.0,166.0
1.0,1198.0,487.0,498.0,919.0,860.0,222.0,501.0,137.0,166.0,166.0,166.0,164.0,164.0,159.0,394.0,374.0,430.0,222.0,501.0,137.0,166.0,166.0,166.0
1.0,1630.0,503.0,500.0,1273.0,391.0,0.0,391.0,0.0,167.0,167.0,166.0,160.0,173.0,170.0,608.0,329.0,693.0,0.0,391.0,0.0,167.0,167.0,166.0
1.0,2400.0,485.0,499.0,1292.0,99.0,0.0,99.0,0.0,166.0,167.0,166.0,158.0,164.0,163.0,941.0,444.0,1015.0,0.0,99.0,0.0,166.0,167.0,166.0
1.0,3207.0,497.0,502.0,860.0,0.0,0.0,0.0,0.0,167.0,168.0,167.0,160.0,169.0,168.0,1219.0,736.0,1252.0,0.0,0.0,0.0,167.0,168.0,167.0
1.0,3570.0,509.0,502.0,391.0,0.0,0.0,0.0,0.0,167.0,168.0,167.0,169.0,169.0,171.0,1281.0,1068.0,1221.0,0.0,0.0,0.0,167.0,168.0,167.0
1.0,3452.0,507.0,502.0,99.0,0.0,0.0,0.0,0.0,167.0,168.0,167.0,170.0,165.0,172.0,1112.0,1290.0,1050.0,0.0,0.0,0.0,167.0,168.0,167.0
1.0,3044.0,527.0,504.0,0.0,209.0,71.0,0.0,138.0,167.0,169.0,168.0,178.0,173.0,176.0,942.0,1224.0,878.0,71.0,0.0,138.0,167.0,169.0,168.0
1.0,2517.0,528.0,504.0,0.0,565.0,251.0,0.0,314.0,167.0,169.0,168.0,180.0,172.0,176.0,764.0,1051.0,702.0,251.0,0.0,314.0,167.0,169.0,168.0
1.0,1989.0,538.0,506.0,0.0,1079.0,433.0,144.0,502.0,168.0,169.0,169.0,177.0,178.0,183.0,584.0,879.0,526.0,433.0,144.0,502.0,168.0,169.0,169.0
1.0,1451.0,537.0,506.0,209.0,1407.0,544.0,320.0,543.0,168.0,169.0,169.0,182.0,176.0,179.0,407.0,701.0,343.0,544.0,320.0,543.0,168.0,169.0,169.0
1.0,1123.0,546.0,506.0,565.0,1388.0,476.0,500.0,412.0,168.0,169.0,169.0,183.0,180.0,183.0,296.0,525.0,302.0,476.0,500.0,412.0,168.0,169.0,169.0
1.0,1142.0,554.0,508.0,1079.0,873.0,237.0,542.0,94.0,169.0,170.0,169.0,189.0,181.0,184.0,364.0,345.0,433.0,237.0,542.0,94.0,169.0,170.0,169.0
1.0,1667.0,541.0,509.0,1407.0,399.0,0.0,399.0,0.0,169.0,170.0,170.0,181.0,177.0,183.0,608.0,308.0,751.0,0.0,399.0,0.0,169.0,170.0,170.0
1.0,2533.0,540.0,509.0,1388.0,79.0,0.0,79.0,0.0,169.0,170.0,170.0,179.0,180.0,181.0,971.0,451.0,1111.0,0.0,79.0,0.0,169.0,170.0,170.0
1.0,3381.0,549.0,509.0,873.0,0.0,0.0,0.0,0.0,169.0,170.0,170.0,188.0,175.0,186.0,1268.0,771.0,1342.0,0.0,0.0,0.0,169.0,170.0,170.0
1.0,3705.0,543.0,509.0,399.0,0.0,0.0,0.0,0.0,169.0,170.0,170.0,182.0,179.0,182.0,1317.0,1138.0,1250.0,0.0,0.0,0.0,169.0,170.0,170.0
1.0,3561.0,534.0,510.0,79.0,0.0,0.0,0.0,0.0,170.0,170.0,170.0,175.0,179.0,180.0,1135.0,1358.0,1068.0,0.0,0.0,0.0,170.0,170.0,170.0
1.0,3106.0,530.0,510.0,0.0,203.0,60.0,0.0,143.0,170.0,170.0,170.0,170.0,179.0,181.0,960.0,1258.0,888.0,60.0,0.0,143.0,170.0,170.0,170.0
1.0,2576.0,526.0,511.0,0.0,556.0,234.0,0.0,322.0,170.0,170.0,171.0,174.0,178.0,174.0,790.0,1079.0,707.0,234.0,0.0,322.0,170.0,170.0,171.0
1.0,2050.0,522.0,510.0,0.0,1022.0,409.0,127.0,486.0,170.0,170.0,170.0,175.0,178.0,169.0,616.0,901.0,533.0,409.0,127.0,486.0,170.0,170.0,170.0
1.0,1528.0,516.0,511.0,203.0,1340.0,522.0,298.0,520.0,170.0,170.0,171.0,173.0,171.0,172.0,441.0,723.0,364.0,522.0,298.0,520.0,170.0,170.0,171.0
1.0,1215.0,514.0,512.0,556.0,1303.0,467.0,473.0,363.0,171.0,170.0,171.0,174.0,175.0,165.0,328.0,552.0,335.0,467.0,473.0,363.0,171.0,170.0,171.0
1.0,1257.0,498.0,512.0,1022.0,779.0,223.0,513.0,43.0,171.0,170.0,171.0,165.0,167.0,166.0,388.0,377.0,492.0,223.0,513.0,43.0,171.0,170.0,171.0
1.0,1781.0,505.0,512.0,1340.0,381.0,0.0,381.0,0.0,171.0,170.0,171.0,165.0,166.0,174.0,632.0,337.0,812.0,0.0,381.0,0.0,171.0,170.0,171.0
1.0,2616.0,508.0,513.0,1303.0,84.0,0.0,84.0,0.0,171.0,171.0,171.0,168.0,171.0,169.0,989.0,469.0,1158.0,0.0,84.0,0.0,171.0,171.0,171.0
1.0,3411.0,494.0,513.0,779.0,0.0,0.0,0.0,0.0,171.0,171.0,171.0,165.0,168.0,161.0,1288.0,771.0,1352.0,0.0,0.0,0.0,171.0,171.0,171.0
1.0,3696.0,499.0,513.0,381.0,0.0,0.0,0.0,0.0,171.0,171.0,171.0,164.0,172.0,163.0,1346.0,1116.0,1234.0,0.0,0.0,0.0,171.0,171.0,171.0
1.0,3578.0,505.0,513.0,84.0,0.0,0.0,0.0,0.0,171.0,171.0,171.0,171.0,174.0,160.0,1182.0,1325.0,1071.0,0.0,0.0,0.0,171.0,171.0,171.0
1.0,3157.0,506.0,513.0,0.0,122.0,10.0,0.0,112.0,171.0,171.0,171.0,166.0,172.0,168.0,1011.0,1235.0,911.0,10.0,0.0,112.0,171.0,171.0,171.0
1.0,2651.0,504.0,513.0,0.0,459.0,173.0,0.0,286.0,171.0,171.0,171.0,163.0,167.0,174.0,845.0,1063.0,743.0,173.0,0.0,286.0,171.0,171.0,171.0
1.0,2147.0,511.0,515.0,0.0,939.0,354.0,134.0,451.0,172.0,172.0,171.0,176.0,170.0,165.0,682.0,896.0,569.0,354.0,134.0,451.0,172.0,172.0,171.0
1.0,1636.0,519.0,515.0,122.0,1336.0,519.0,306.0,511.0,172.0,172.0,171.0,175.0,172.0,172.0,506.0,726.0,404.0,519.0,306.0,511.0,172.0,172.0,171.0
1.0,1239.0,534.0,516.0,459.0,1416.0,523.0,486.0,407.0,172.0,172.0,172.0,177.0,180.0,177.0,341.0,554.0,344.0,523.0,486.0,407.0,172.0,172.0,172.0
1.0,1164.0,538.0,517.0,939.0,1020.0,346.0,541.0,133.0,172.0,173.0,172.0,177.0,184.0,177.0,337.0,374.0,453.0,346.0,541.0,133.0,172.0,173.0,172.0
1.0,1565.0,549.0,517.0,1336.0,433.0,8.0,425.0,0.0,172.0,173.0,172.0,181.0,190.0,178.0,514.0,324.0,727.0,8.0,425.0,0.0,172.0,173.0,172.0
1.0,2352.0,547.0,517.0,1416.0,123.0,0.0,123.0,0.0,172.0,173.0,172.0,184.0,184.0,179.0,852.0,440.0,1060.0,0.0,123.0,0.0,172.0,173.0,172.0
1.0,3221.0,561.0,519.0,1020.0,0.0,0.0,0.0,0.0,173.0,174.0,172.0,192.0,184.0,185.0,1191.0,742.0,1288.0,0.0,0.0,0.0,173.0,174.0,172.0
1.0,3680.0,571.0,520.0,433.0,0.0,0.0,0.0,0.0,173.0,174.0,173.0,193.0,192.0,186.0,1345.0,1099.0,1236.0,0.0,0.0,0.0,173.0,174.0,173.0
1.0,3542.0,564.0,520.0,123.0,0.0,0.0,0.0,0.0,173.0,174.0,173.0,196.0,192.0,176.0,1160.0,1332.0,1050.0,0.0,0.0,0.0,173.0,174.0,173.0
1.0,3101.0,553.0,522.0,0.0,266.0,95.0,0.0,171.0,174.0,175.0,173.0,189.0,184.0,180.0,964.0,1263.0,874.0,95.0,0.0,171.0,174.0,175.0,173.0
1.0,2548.0,568.0,522.0,0.0,644.0,284.0,0.0,360.0,174.0,175.0,173.0,189.0,190.0,189.0,775.0,1079.0,694.0,284.0,0.0,360.0,174.0,175.0,173.0
1.0,1980.0,565.0,523.0,0.0,1200.0,473.0,174.0,553.0,174.0,175.0,174.0,189.0,188.0,188.0,586.0,889.0,505.0,473.0,174.0,553.0,174.0,175.0,174.0
1.0,1415.0,554.0,523.0,266.0,1488.0,561.0,356.0,571.0,174.0,175.0,174.0,183.0,182.0,189.0,397.0,701.0,317.0,561.0,356.0,571.0,174.0,175.0,174.0
1.0,1127.0,568.0,524.0,644.0,1417.0,466.0,548.0,403.0,174.0,176.0,174.0,189.0,187.0,192.0,309.0,519.0,299.0,466.0,548.0,403.0,174.0,176.0,174.0
1.0,1203.0,545.0,526.0,1200.0,772.0,175.0,557.0,40.0,175.0,176.0,175.0,177.0,183.0,185.0,404.0,332.0,467.0,175.0,557.0,40.0,175.0,176.0,175.0
1.0,1858.0,542.0,526.0,1488.0,378.0,0.0,378.0,0.0,175.0,176.0,175.0,175.0,177.0,190.0,700.0,323.0,835.0,0.0,378.0,0.0,175.0,176.0,175.0
1.0,2804.0,539.0,526.0,1417.0,9.0,0.0,9.0,0.0,175.0,176.0,175.0,176.0,179.0,184.0,1086.0,502.0,1216.0,0.0,9.0,0.0,175.0,176.0,175.0
1.0,3682.0,532.0,527.0,772.0,0.0,0.0,0.0,0.0,175.0,176.0,176.0,168.0,174.0,190.0,1376.0,871.0,1435.0,0.0,0.0,0.0,175.0,176.0,176.0
1.0,3922.0,530.0,527.0,378.0,0.0,0.0,0.0,0.0,175.0,176.0,176.0,170.0,182.0,178.0,1383.0,1254.0,1285.0,0.0,0.0,0.0,175.0,176.0,176.0
1.0,3770.0,535.0,528.0,9.0,0.0,0.0,0.0,0.0,176.0,176.0,176.0,179.0,172.0,184.0,1213.0,1450.0,1107.0,0.0,0.0,0.0,176.0,176.0,176.0
1.0,3244.0,506.0,529.0,0.0,153.0,11.0,0.0,142.0,176.0,176.0,177.0,165.0,161.0,180.0,1034.0,1287.0,923.0,11.0,0.0,142.0,176.0,176.0,177.0
1.0,2738.0,524.0,529.0,0.0,501.0,183.0,0.0,318.0,176.0,176.0,177.0,172.0,176.0,176.0,869.0,1126.0,743.0,183.0,0.0,318.0,176.0,176.0,177.0
1.0,2214.0,515.0,529.0,0.0,946.0,359.0,97.0,490.0,176.0,176.0,177.0,176.0,167.0,172.0,697.0,950.0,567.0,359.0,97.0,490.0,176.0,176.0,177.0
1.0,1699.0,534.0,529.0,153.0,1327.0,520.0,268.0,539.0,176.0,176.0,177.0,172.0,171.0,191.0,521.0,783.0,395.0,520.0,268.0,539.0,176.0,176.0,177.0
1.0,1318.0,523.0,532.0,501.0,1364.0,515.0,446.0,403.0,177.0,177.0,178.0,173.0,173.0,177.0,360.0,612.0,346.0,515.0,446.0,403.0,177.0,177.0,178.0
1.0,1296.0,529.0,532.0,946.0,947.0,332.0,523.0,92.0,177.0,177.0,178.0,176.0,174.0,179.0,370.0,439.0,487.0,332.0,523.0,92.0,177.0,177.0,178.0
1.0,1713.0,541.0,532.0,1327.0,438.0,0.0,438.0,0.0,177.0,177.0,178.0,178.0,183.0,180.0,553.0,362.0,798.0,0.0,438.0,0.0,177.0,177.0,178.0
1.0,2499.0,539.0,532.0,1364.0,169.0,0.0,169.0,0.0,177.0,177.0,178.0,177.0,177.0,185.0,895.0,447.0,1157.0,0.0,169.0,0.0,177.0,177.0,178.0
1.0,3324.0,542.0,532.0,947.0,0.0,0.0,0.0,0.0,177.0,177.0,178.0,185.0,176.0,181.0,1233.0,716.0,1375.0,0.0,0.0,0.0,177.0,177.0,178.0
1.0,3729.0,554.0,534.0,438.0,0.0,0.0,0.0,0.0,177.0,178.0,179.0,185.0,183.0,186.0,1380.0,1063.0,1286.0,0.0,0.0,0.0,177.0,178.0,179.0
1.0,3613.0,553.0,535.0,169.0,0.0,0.0,0.0,0.0,178.0,178.0,179.0,185.0,185.0,183.0,1195.0,1318.0,1100.0,0.0,0.0,0.0,178.0,178.0,179.0
1.0,3229.0,563.0,535.0,0.0,230.0,67.0,0.0,163.0,178.0,178.0,179.0,187.0,191.0,185.0,1010.0,1302.0,917.0,67.0,0.0,163.0,178.0,178.0,179.0
1.0,2666.0,563.0,535.0,0.0,604.0,260.0,0.0,344.0,178.0,178.0,179.0,193.0,189.0,181.0,823.0,1111.0,732.0,260.0,0.0,344.0,178.0,178.0,179.0
1.0,2103.0,562.0,535.0,0.0,1134.0,447.0,157.0,530.0,178.0,178.0,179.0,187.0,189.0,186.0,630.0,922.0,551.0,447.0,157.0,530.0,178.0,178.0,179.0
1.0,1541.0,578.0,536.0,230.0,1487.0,577.0,356.0,554.0,178.0,179.0,179.0,197.0,194.0,187.0,443.0,733.0,365.0,577.0,356.0,554.0,178.0,179.0,179.0
1.0,1193.0,575.0,536.0,604.0,1458.0,514.0,541.0,403.0,178.0,179.0,179.0,197.0,185.0,193.0,313.0,539.0,341.0,514.0,541.0,403.0,178.0,179.0,179.0
1.0,1222.0,592.0,537.0,1134.0,921.0,270.0,590.0,61.0,179.0,179.0,179.0,198.0,206.0,188.0,376.0,354.0,492.0,270.0,590.0,61.0,179.0,179.0,179.0
1.0,1764.0,572.0,538.0,1487.0,435.0,0.0,435.0,0.0,179.0,180.0,179.0,187.0,196.0,189.0,625.0,305.0,834.0,0.0,435.0,0.0,179.0,180.0,179.0
1.0,2679.0,584.0,539.0,1458.0,86.0,0.0,86.0,0.0,179.0,180.0,180.0,197.0,192.0,195.0,1015.0,465.0,1199.0,0.0,86.0,0.0,179.0,180.0,180.0
1.0,3553.0,571.0,540.0,921.0,0.0,0.0,0.0,0.0,180.0,180.0,180.0,198.0,192.0,181.0,1332.0,814.0,1407.0,0.0,0.0,0.0,180.0,180.0,180.0
1.0,3903.0,574.0,540.0,435.0,0.0,0.0,0.0,0.0,180.0,180.0,180.0,192.0,194.0,188.0,1404.0,1212.0,1287.0,0.0,0.0,0.0,180.0,180.0,180.0
1.0,3764.0,558.0,541.0,86.0,0.0,0.0,0.0,0.0,180.0,181.0,180.0,190.0,188.0,180.0,1212.0,1453.0,1099.0,0.0,0.0,0.0,180.0,181.0,180.0
1.0,3292.0,558.0,542.0,0.0,229.0,67.0,0.0,162.0,181.0,181.0,180.0,184.0,193.0,181.0,1022.0,1351.0,919.0,67.0,0.0,162.0,181.0,181.0,180.0
1.0,2734.0,557.0,543.0,0.0,604.0,251.0,0.0,353.0,181.0,181.0,181.0,184.0,187.0,186.0,838.0,1158.0,738.0,251.0,0.0,353.0,181.0,181.0,181.0
1.0,2177.0,553.0,544.0,0.0,1096.0,426.0,128.0,542.0,181.0,182.0,181.0,175.0,189.0,189.0,654.0,971.0,552.0,426.0,128.0,542.0,181.0,182.0,181.0
1.0,1624.0,540.0,544.0,229.0,1407.0,539.0,310.0,558.0,181.0,182.0,181.0,180.0,182.0,178.0,479.0,782.0,363.0,539.0,310.0,558.0,181.0,182.0,181.0
1.0,1313.0,553.0,545.0,604.0,1361.0,477.0,500.0,384.0,182.0,182.0,181.0,184.0,190.0,179.0,366.0,600.0,347.0,477.0,500.0,384.0,182.0,182.0,181.0
1.0,1364.0,532.0,547.0,1096.0,807.0,227.0,556.0,24.0,182.0,183.0,182.0,176.0,179.0,177.0,433.0,410.0,521.0,227.0,556.0,24.0,182.0,183.0,182.0
1.0,1928.0,519.0,547.0,1407.0,420.0,0.0,420.0,0.0,182.0,183.0,182.0,175.0,174.0,170.0,683.0,359.0,886.0,0.0,420.0,0.0,182.0,183.0,182.0
1.0,2816.0,537.0,547.0,1361.0,98.0,0.0,98.0,0.0,182.0,183.0,182.0,171.0,178.0,188.0,1047.0,495.0,1274.0,0.0,98.0,0.0,182.0,183.0,182.0
1.0,3640.0,533.0,548.0,807.0,0.0,0.0,0.0,0.0,182.0,183.0,183.0,175.0,175.0,183.0,1353.0,817.0,1470.0,0.0,0.0,0.0,182.0,183.0,183.0
1.0,3914.0,533.0,548.0,420.0,0.0,0.0,0.0,0.0,182.0,183.0,183.0,168.0,177.0,188.0,1405.0,1198.0,1311.0,0.0,0.0,0.0,182.0,183.0,183.0
1.0,3801.0,541.0,548.0,98.0,0.0,0.0,0.0,0.0,182.0,183.0,183.0,176.0,181.0,184.0,1237.0,1441.0,1123.0,0.0,0.0,0.0,182.0,183.0,183.0
1.0,3358.0,555.0,548.0,0.0,197.0,34.0,0.0,163.0,182.0,183.0,183.0,185.0,183.0,187.0,1061.0,1358.0,939.0,34.0,0.0,163.0,182.0,183.0,183.0
1.0,2803.0,545.0,549.0,0.0,569.0,214.0,0.0,355.0,182.0,183.0,184.0,180.0,178.0,187.0,876.0,1175.0,752.0,214.0,0.0,355.0,182.0,183.0,184.0
1.0,2258.0,561.0,550.0,0.0,1053.0,405.0,101.0,547.0,183.0,183.0,184.0,186.0,183.0,192.0,696.0,997.0,565.0,405.0,101.0,547.0,183.0,183.0,184.0
1.0,1697.0,578.0,550.0,197.0,1434.0,568.0,291.0,575.0,183.0,183.0,184.0,197.0,190.0,191.0,510.0,814.0,373.0,568.0,291.0,575.0,183.0,183.0,184.0
1.0,1316.0,567.0,550.0,569.0,1432.0,548.0,476.0,408.0,183.0,183.0,184.0,194.0,185.0,188.0,347.0,624.0,345.0,548.0,476.0,408.0,183.0,183.0,184.0
1.0,1318.0,590.0,551.0,1053.0,974.0,347.0,565.0,62.0,183.0,183.0,185.0,204.0,190.0,196.0,367.0,439.0,512.0,347.0,565.0,62.0,183.0,183.0,185.0
1.0,1781.0,585.0,551.0,1434.0,469.0,0.0,469.0,0.0,183.0,183.0,185.0,196.0,195.0,194.0,568.0,350.0,863.0,0.0,469.0,0.0,183.0,183.0,185.0
1.0,2630.0,587.0,552.0,1432.0,195.0,0.0,195.0,0.0,183.0,184.0,185.0,195.0,197.0,195.0,940.0,446.0,1244.0,0.0,195.0,0.0,183.0,184.0,185.0
1.0,3475.0,594.0,553.0,974.0,0.0,0.0,0.0,0.0,184.0,184.0,185.0,197.0,200.0,197.0,1293.0,725.0,1457.0,0.0,0.0,0.0,184.0,184.0,185.0
1.0,3855.0,596.0,554.0,469.0,0.0,0.0,0.0,0.0,184.0,184.0,186.0,199.0,199.0,198.0,1443.0,1090.0,1322.0,0.0,0.0,0.0,184.0,184.0,186.0
1.0,3728.0,602.0,554.0,195.0,11.0,0.0,0.0,11.0,184.0,184.0,186.0,202.0,195.0,205.0,1244.0,1360.0,1124.0,0.0,0.0,11.0,184.0,184.0,186.0
1.0,3321.0,587.0,554.0,0.0,283.0,77.0,0.0,206.0,184.0,184.0,186.0,199.0,193.0,195.0,1042.0,1360.0,919.0,77.0,0.0,206.0,184.0,184.0,186.0
1.0,2734.0,593.0,555.0,0.0,682.0,276.0,0.0,406.0,184.0,185.0,186.0,199.0,194.0,200.0,843.0,1167.0,724.0,276.0,0.0,406.0,184.0,185.0,186.0
1.0,2141.0,592.0,556.0,11.0,1220.0,478.0,153.0,589.0,185.0,185.0,186.0,197.0,201.0,194.0,644.0,973.0,524.0,478.0,153.0,589.0,185.0,185.0,186.0
1.0,1560.0,586.0,556.0,283.0,1523.0,600.0,346.0,577.0,185.0,185.0,186.0,199.0,193.0,194.0,447.0,772.0,341.0,600.0,346.0,577.0,185.0,185.0,186.0
1.0,1257.0,584.0,558.0,682.0,1435.0,525.0,540.0,370.0,186.0,185.0,187.0,196.0,194.0,194.0,325.0,579.0,353.0,525.0,540.0,370.0,186.0,185.0,187.0
1.0,1355.0,579.0,559.0,1220.0,833.0,245.0,588.0,0.0,186.0,186.0,187.0,198.0,196.0,185.0,405.0,385.0,565.0,245.0,588.0,0.0,186.0,186.0,187.0
1.0,1996.0,569.0,560.0,1523.0,434.0,0.0,434.0,0.0,187.0,186.0,187.0,189.0,192.0,188.0,685.0,342.0,969.0,0.0,434.0,0.0,187.0,186.0,187.0
1.0,2950.0,572.0,560.0,1435.0,86.0,0.0,86.0,0.0,187.0,186.0,187.0,191.0,192.0,189.0,1096.0,496.0,1358.0,0.0,86.0,0.0,187.0,186.0,187.0
1.0,3813.0,551.0,561.0,833.0,0.0,0.0,0.0,0.0,187.0,187.0,187.0,178.0,190.0,183.0,1430.0,844.0,1539.0,0.0,0.0,0.0,187.0,187.0,187.0
1.0,4095.0,556.0,561.0,434.0,0.0,0.0,0.0,0.0,187.0,187.0,187.0,184.0,187.0,185.0,1497.0,1242.0,1356.0,0.0,0.0,0.0,187.0,187.0,187.0
1.0,3973.0,551.0,563.0,86.0,0.0,0.0,0.0,0.0,188.0,188.0,187.0,183.0,185.0,183.0,1313.0,1489.0,1171.0,0.0,0.0,0.0,188.0,188.0,187.0
1.0,3508.0,547.0,563.0,0.0,128.0,0.0,0.0,128.0,188.0,188.0,187.0,182.0,184.0,181.0,1130.0,1390.0,988.0,0.0,0.0,128.0,188.0,188.0,187.0
1.0,2961.0,552.0,563.0,0.0,484.0,172.0,0.0,312.0,188.0,188.0,187.0,180.0,188.0,184.0,948.0,1206.0,807.0,172.0,0.0,312.0,188.0,188.0,187.0
1.0,2409.0,544.0,563.0,0.0,950.0,357.0,108.0,485.0,188.0,188.0,187.0,185.0,186.0,173.0,768.0,1018.0,623.0,357.0,108.0,485.0,188.0,188.0,187.0
1.0,1865.0,549.0,563.0,128.0,1371.0,542.0,291.0,538.0,188.0,188.0,187.0,185.0,183.0,181.0,583.0,832.0,450.0,542.0,291.0,538.0,188.0,188.0,187.0
1.0,1444.0,563.0,564.0,484.0,1455.0,554.0,491.0,410.0,188.0,189.0,187.0,184.0,195.0,184.0,398.0,649.0,397.0,554.0,491.0,410.0,188.0,189.0,187.0
1.0,1365.0,567.0,564.0,950.0,1072.0,391.0,573.0,108.0,188.0,189.0,187.0,194.0,190.0,183.0,386.0,454.0,525.0,391.0,573.0,108.0,188.0,189.0,187.0
1.0,1748.0,570.0,565.0,1371.0,519.0,43.0,476.0,0.0,189.0,189.0,187.0,189.0,194.0,187.0,549.0,372.0,827.0,43.0,476.0,0.0,189.0,189.0,187.0
1.0,2549.0,573.0,565.0,1455.0,174.0,0.0,174.0,0.0,189.0,189.0,187.0,193.0,189.0,191.0,902.0,469.0,1178.0,0.0,174.0,0.0,189.0,189.0,187.0
1.0,3431.0,582.0,565.0,1072.0,0.0,0.0,0.0,0.0,189.0,189.0,187.0,192.0,196.0,194.0,1263.0,771.0,1397.0,0.0,0.0,0.0,189.0,189.0,187.0
1.0,3921.0,596.0,567.0,519.0,0.0,0.0,0.0,0.0,189.0,190.0,188.0,199.0,200.0,197.0,1462.0,1148.0,1311.0,0.0,0.0,0.0,189.0,190.0,188.0
1.0,3844.0,596.0,567.0,174.0,27.0,0.0,0.0,27.0,189.0,190.0,188.0,203.0,192.0,201.0,1306.0,1424.0,1114.0,0.0,0.0,27.0,189.0,190.0,188.0
1.0,3422.0,600.0,567.0,0.0,275.0,47.0,0.0,228.0,189.0,190.0,188.0,205.0,194.0,201.0,1103.0,1406.0,913.0,47.0,0.0,228.0,189.0,190.0,188.0
1.0,2822.0,602.0,568.0,0.0,685.0,257.0,0.0,428.0,190.0,190.0,188.0,205.0,197.0,200.0,898.0,1212.0,712.0,257.0,0.0,428.0,190.0,190.0,188.0
1.0,2220.0,620.0,569.0,27.0,1218.0,464.0,139.0,615.0,190.0,190.0,189.0,207.0,204.0,209.0,693.0,1015.0,512.0,464.0,139.0,615.0,190.0,190.0,189.0
1.0,1627.0,613.0,569.0,275.0,1556.0,622.0,339.0,595.0,190.0,190.0,189.0,205.0,200.0,208.0,486.0,811.0,330.0,622.0,339.0,595.0,190.0,190.0,189.0
1.0,1289.0,601.0,569.0,685.0,1472.0,568.0,533.0,371.0,190.0,190.0,189.0,203.0,194.0,204.0,328.0,611.0,350.0,568.0,533.0,371.0,190.0,190.0,189.0
1.0,1373.0,597.0,570.0,1218.0,894.0,307.0,587.0,0.0,190.0,190.0,190.0,203.0,193.0,201.0,382.0,417.0,574.0,307.0,587.0,0.0,190.0,190.0,190.0
1.0,1994.0,597.0,570.0,1556.0,443.0,0.0,443.0,0.0,190.0,190.0,190.0,201.0,195.0,201.0,643.0,363.0,988.0,0.0,443.0,0.0,190.0,190.0,190.0
1.0,2953.0,598.0,572.0,1472.0,103.0,0.0,103.0,0.0,191.0,190.0,191.0,200.0,193.0,205.0,1064.0,507.0,1382.0,0.0,103.0,0.0,191.0,190.0,191.0
1.0,3827.0,600.0,572.0,894.0,0.0,0.0,0.0,0.0,191.0,190.0,191.0,200.0,192.0,208.0,1432.0,847.0,1548.0,0.0,0.0,0.0,191.0,190.0,191.0
1.0,4121.0,590.0,572.0,443.0,0.0,0.0,0.0,0.0,191.0,190.0,191.0,196.0,191.0,203.0,1539.0,1242.0,1340.0,0.0,0.0,0.0,191.0,190.0,191.0
1.0,3974.0,578.0,573.0,103.0,20.0,0.0,0.0,20.0,191.0,190.0,192.0,190.0,191.0,197.0,1343.0,1494.0,1137.0,0.0,0.0,20.0,191.0,190.0,192.0
1.0,3499.0,579.0,574.0,0.0,217.0,2.0,0.0,215.0,192.0,190.0,192.0,195.0,189.0,195.0,1153.0,1406.0,940.0,2.0,0.0,215.0,192.0,190.0,192.0
1.0,2920.0,581.0,574.0,0.0,606.0,195.0,0.0,411.0,192.0,190.0,192.0,193.0,192.0,196.0,958.0,1217.0,745.0,195.0,0.0,411.0,192.0,190.0,192.0
1.0,2339.0,569.0,575.0,20.0,1085.0,384.0,120.0,581.0,192.0,191.0,192.0,189.0,190.0,190.0,765.0,1025.0,549.0,384.0,120.0,581.0,192.0,191.0,192.0
1.0,1790.0,577.0,576.0,217.0,1450.0,575.0,311.0,564.0,192.0,191.0,193.0,193.0,191.0,193.0,576.0,835.0,379.0,575.0,311.0,564.0,192.0,191.0,193.0
1.0,1430.0,576.0,577.0,606.0,1425.0,573.0,508.0,344.0,193.0,191.0,193.0,188.0,197.0,191.0,385.0,644.0,401.0,573.0,508.0,344.0,193.0,191.0,193.0
1.0,1460.0,575.0,578.0,1085.0,962.0,375.0,587.0,0.0,193.0,192.0,193.0,186.0,194.0,195.0,392.0,447.0,621.0,375.0,587.0,0.0,193.0,192.0,193.0
1.0,1970.0,581.0,578.0,1450.0,473.0,0.0,473.0,0.0,193.0,192.0,193.0,191.0,197.0,193.0,590.0,373.0,1007.0,0.0,473.0,0.0,193.0,192.0,193.0
1.0,2839.0,586.0,580.0,1425.0,160.0,0.0,160.0,0.0,194.0,192.0,194.0,195.0,195.0,196.0,974.0,487.0,1378.0,0.0,160.0,0.0,194.0,192.0,194.0
1.0,3678.0,588.0,580.0,962.0,0.0,0.0,0.0,0.0,194.0,192.0,194.0,196.0,195.0,197.0,1352.0,800.0,1526.0,0.0,0.0,0.0,194.0,192.0,194.0
1.0,4052.0,584.0,581.0,473.0,0.0,0.0,0.0,0.0,194.0,193.0,194.0,198.0,191.0,195.0,1531.0,1192.0,1329.0,0.0,0.0,0.0,194.0,193.0,194.0
1.0,3941.0,595.0,581.0,160.0,38.0,0.0,0.0,38.0,194.0,193.0,194.0,192.0,201.0,202.0,1333.0,1474.0,1134.0,0.0,0.0,38.0,194.0,193.0,194.0
1.0,3506.0,604.0,582.0,0.0,272.0,33.0,0.0,239.0,195.0,193.0,194.0,199.0,204.0,201.0,1141.0,1433.0,932.0,33.0,0.0,239.0,195.0,193.0,194.0
1.0,2902.0,604.0,583.0,0.0,668.0,227.0,0.0,441.0,195.0,194.0,194.0,194.0,208.0,202.0,942.0,1229.0,731.0,227.0,0.0,441.0,195.0,194.0,194.0
1.0,2298.0,596.0,582.0,38.0,1170.0,417.0,157.0,596.0,194.0,194.0,194.0,195.0,208.0,193.0,748.0,1021.0,529.0,417.0,157.0,596.0,194.0,194.0,194.0
1.0,1740.0,619.0,584.0,272.0,1527.0,598.0,362.0,567.0,195.0,194.0,195.0,209.0,205.0,205.0,553.0,813.0,374.0,598.0,362.0,567.0,195.0,194.0,195.0
1.0,1393.0,618.0,585.0,668.0,1482.0,573.0,574.0,335.0,195.0,195.0,195.0,202.0,207.0,209.0,377.0,608.0,408.0,573.0,574.0,335.0,195.0,195.0,195.0
1.0,1443.0,626.0,585.0,1170.0,993.0,366.0,627.0,0.0,195.0,195.0,195.0,210.0,210.0,206.0,402.0,401.0,640.0,366.0,627.0,0.0,195.0,195.0,195.0
1.0,1987.0,620.0,585.0,1527.0,475.0,0.0,475.0,0.0,195.0,195.0,195.0,206.0,210.0,204.0,609.0,348.0,1030.0,0.0,475.0,0.0,195.0,195.0,195.0
1.0,2894.0,610.0,585.0,1482.0,101.0,0.0,101.0,0.0,195.0,195.0,195.0,206.0,200.0,204.0,1001.0,500.0,1393.0,0.0,101.0,0.0,195.0,195.0,195.0
1.0,3766.0,609.0,585.0,993.0,0.0,0.0,0.0,0.0,195.0,195.0,195.0,206.0,196.0,207.0,1368.0,874.0,1524.0,0.0,0.0,0.0,195.0,195.0,195.0
1.0,4150.0,619.0,586.0,475.0,0.0,0.0,0.0,0.0,196.0,195.0,195.0,214.0,203.0,202.0,1528.0,1305.0,1317.0,0.0,0.0,0.0,196.0,195.0,195.0
1.0,4006.0,607.0,587.0,101.0,64.0,0.0,0.0,64.0,196.0,195.0,196.0,202.0,206.0,199.0,1314.0,1577.0,1115.0,0.0,0.0,64.0,196.0,195.0,196.0
1.0,3500.0,613.0,588.0,0.0,340.0,74.0,0.0,266.0,196.0,196.0,196.0,206.0,205.0,202.0,1112.0,1472.0,916.0,74.0,0.0,266.0,196.0,196.0,196.0
1.0,2887.0,592.0,588.0,0.0,735.0,275.0,0.0,460.0,196.0,196.0,196.0,201.0,197.0,194.0,906.0,1267.0,714.0,275.0,0.0,460.0,196.0,196.0,196.0
1.0,2295.0,594.0,588.0,64.0,1175.0,473.0,107.0,595.0,196.0,196.0,196.0,198.0,197.0,199.0,705.0,1070.0,520.0,473.0,107.0,595.0,196.0,196.0,196.0
1.0,1765.0,595.0,588.0,340.0,1430.0,610.0,294.0,526.0,196.0,196.0,196.0,211.0,187.0,197.0,507.0,873.0,385.0,610.0,294.0,526.0,196.0,196.0,196.0
1.0,1510.0,597.0,589.0,735.0,1297.0,539.0,498.0,260.0,197.0,196.0,196.0,199.0,204.0,194.0,370.0,686.0,454.0,539.0,498.0,260.0,197.0,196.0,196.0
1.0,1648.0,587.0,589.0,1175.0,848.0,265.0,583.0,0.0,197.0,196.0,196.0,199.0,192.0,196.0,446.0,482.0,720.0,265.0,583.0,0.0,197.0,196.0,196.0
1.0,2236.0,585.0,590.0,1430.0,480.0,0.0,480.0,0.0,197.0,196.0,197.0,194.0,191.0,200.0,720.0,397.0,1119.0,0.0,480.0,0.0,197.0,196.0,197.0
1.0,3081.0,578.0,590.0,1297.0,176.0,0.0,176.0,0.0,197.0,196.0,197.0,192.0,194.0,192.0,1136.0,500.0,1445.0,0.0,176.0,0.0,197.0,196.0,197.0
1.0,3800.0,592.0,591.0,848.0,0.0,0.0,0.0,0.0,198.0,196.0,197.0,199.0,199.0,194.0,1483.0,804.0,1513.0,0.0,0.0,0.0,198.0,196.0,197.0
1.0,4056.0,586.0,592.0,480.0,0.0,0.0,0.0,0.0,198.0,196.0,198.0,193.0,194.0,199.0,1549.0,1188.0,1319.0,0.0,0.0,0.0,198.0,196.0,198.0
1.0,3950.0,597.0,593.0,176.0,78.0,0.0,0.0,78.0,198.0,197.0,198.0,196.0,193.0,208.0,1356.0,1474.0,1120.0,0.0,0.0,78.0,198.0,197.0,198.0
1.0,3529.0,603.0,594.0,0.0,315.0,31.0,0.0,284.0,198.0,197.0,199.0,201.0,201.0,201.0,1160.0,1457.0,912.0,31.0,0.0,284.0,198.0,197.0,199.0
1.0,2926.0,596.0,595.0,0.0,721.0,232.0,0.0,489.0,199.0,197.0,199.0,196.0,195.0,205.0,959.0,1256.0,711.0,232.0,0.0,489.0,199.0,197.0,199.0
1.0,2330.0,620.0,596.0,78.0,1192.0,431.0,133.0,628.0,199.0,197.0,200.0,199.0,209.0,212.0,763.0,1061.0,506.0,431.0,133.0,628.0,199.0,197.0,200.0
1.0,1788.0,604.0,596.0,315.0,1481.0,599.0,334.0,548.0,199.0,197.0,200.0,199.0,201.0,204.0,564.0,852.0,372.0,599.0,334.0,548.0,199.0,197.0,200.0
1.0,1499.0,620.0,597.0,721.0,1385.0,570.0,553.0,262.0,199.0,198.0,200.0,203.0,214.0,203.0,396.0,651.0,452.0,570.0,553.0,262.0,199.0,198.0,200.0
1.0,1600.0,630.0,597.0,1192.0,978.0,342.0,636.0,0.0,199.0,198.0,200.0,203.0,216.0,211.0,425.0,437.0,738.0,342.0,636.0,0.0,199.0,198.0,200.0
1.0,2162.0,634.0,599.0,1481.0,523.0,0.0,523.0,0.0,199.0,199.0,201.0,206.0,216.0,212.0,653.0,354.0,1155.0,0.0,523.0,0.0,199.0,199.0,201.0
1.0,3009.0,623.0,599.0,1385.0,183.0,0.0,183.0,0.0,199.0,199.0,201.0,201.0,213.0,209.0,1046.0,472.0,1491.0,0.0,183.0,0.0,199.0,199.0,201.0
1.0,3771.0,629.0,599.0,978.0,0.0,0.0,0.0,0.0,199.0,199.0,201.0,207.0,214.0,208.0,1415.0,812.0,1544.0,0.0,0.0,0.0,199.0,199.0,201.0
1.0,4120.0,632.0,600.0,523.0,0.0,0.0,0.0,0.0,199.0,200.0,201.0,206.0,211.0,215.0,1550.0,1234.0,1336.0,0.0,0.0,0.0,199.0,200.0,201.0
1.0,4011.0,644.0,601.0,183.0,102.0,0.0,0.0,102.0,200.0,200.0,201.0,210.0,216.0,218.0,1344.0,1546.0,1121.0,0.0,0.0,102.0,200.0,200.0,201.0
1.0,3550.0,634.0,601.0,0.0,384.0,72.0,0.0,312.0,200.0,200.0,201.0,206.0,218.0,210.0,1134.0,1513.0,903.0,72.0,0.0,312.0,200.0,200.0,201.0
1.0,2916.0,643.0,603.0,0.0,818.0,286.0,0.0,532.0,200.0,201.0,202.0,214.0,214.0,215.0,928.0,1295.0,693.0,286.0,0.0,532.0,200.0,201.0,202.0
1.0,2273.0,639.0,603.0,102.0,1279.0,495.0,139.0,645.0,200.0,201.0,202.0,209.0,215.0,215.0,714.0,1081.0,478.0,495.0,139.0,645.0,200.0,201.0,202.0
1.0,1736.0,641.0,603.0,384.0,1536.0,645.0,352.0,539.0,200.0,201.0,202.0,222.0,213.0,206.0,505.0,866.0,365.0,645.0,352.0,539.0,200.0,201.0,202.0
1.0,1479.0,624.0,604.0,818.0,1347.0,570.0,564.0,213.0,200.0,202.0,202.0,211.0,207.0,206.0,355.0,653.0,471.0,570.0,564.0,213.0,200.0,202.0,202.0
1.0,1673.0,614.0,605.0,1279.0,909.0,289.0,620.0,0.0,201.0,202.0,202.0,209.0,195.0,210.0,430.0,446.0,797.0,289.0,620.0,0.0,201.0,202.0,202.0
1.0,2338.0,626.0,605.0,1536.0,479.0,0.0,479.0,0.0,201.0,202.0,202.0,212.0,211.0,203.0,716.0,390.0,1232.0,0.0,479.0,0.0,201.0,202.0,202.0
1.0,3248.0,610.0,605.0,1347.0,118.0,0.0,118.0,0.0,201.0,202.0,202.0,209.0,203.0,198.0,1149.0,531.0,1568.0,0.0,118.0,0.0,201.0,202.0,202.0
1.0,3985.0,605.0,607.0,909.0,0.0,0.0,0.0,0.0,202.0,203.0,202.0,207.0,198.0,200.0,1510.0,892.0,1583.0,0.0,0.0,0.0,202.0,203.0,202.0
1.0,4289.0,602.0,607.0,479.0,0.0,0.0,0.0,0.0,202.0,203.0,202.0,204.0,200.0,198.0,1592.0,1314.0,1383.0,0.0,0.0,0.0,202.0,203.0,202.0
1.0,4166.0,611.0,607.0,118.0,25.0,0.0,0.0,25.0,202.0,203.0,202.0,211.0,200.0,200.0,1388.0,1593.0,1185.0,0.0,0.0,25.0,202.0,203.0,202.0
1.0,3673.0,594.0,607.0,0.0,253.0,33.0,0.0,220.0,202.0,203.0,202.0,200.0,199.0,195.0,1177.0,1511.0,985.0,33.0,0.0,220.0,202.0,203.0,202.0
1.0,3079.0,599.0,609.0,0.0,661.0,237.0,0.0,424.0,203.0,203.0,203.0,199.0,201.0,199.0,977.0,1312.0,790.0,237.0,0.0,424.0,203.0,203.0,203.0
1.0,2480.0,601.0,609.0,25.0,1141.0,441.0,107.0,593.0,203.0,203.0,203.0,204.0,203.0,194.0,778.0,1111.0,591.0,441.0,107.0,593.0,203.0,203.0,203.0
1.0,1904.0,611.0,609.0,253.0,1499.0,614.0,306.0,579.0,203.0,203.0,203.0,206.0,199.0,206.0,574.0,908.0,422.0,614.0,306.0,579.0,203.0,203.0,203.0
1.0,1546.0,596.0,609.0,661.0,1434.0,578.0,503.0,353.0,203.0,203.0,203.0,201.0,197.0,198.0,401.0,709.0,436.0,578.0,503.0,353.0,203.0,203.0,203.0
1.0,1611.0,596.0,609.0,1141.0,936.0,342.0,594.0,0.0,203.0,203.0,203.0,205.0,198.0,193.0,437.0,512.0,662.0,342.0,594.0,0.0,203.0,203.0,203.0
1.0,2156.0,602.0,611.0,1499.0,489.0,0.0,489.0,0.0,204.0,204.0,203.0,204.0,196.0,202.0,673.0,421.0,1062.0,0.0,489.0,0.0,204.0,204.0,203.0
1.0,3053.0,610.0,611.0,1434.0,192.0,0.0,192.0,0.0,204.0,204.0,203.0,201.0,206.0,203.0,1083.0,531.0,1439.0,0.0,192.0,0.0,204.0,204.0,203.0
1.0,3877.0,627.0,611.0,936.0,0.0,0.0,0.0,0.0,204.0,204.0,203.0,209.0,208.0,210.0,1460.0,828.0,1589.0,0.0,0.0,0.0,204.0,204.0,203.0
1.0,4186.0,629.0,611.0,489.0,0.0,0.0,0.0,0.0,204.0,204.0,203.0,213.0,207.0,209.0,1593.0,1214.0,1379.0,0.0,0.0,0.0,204.0,204.0,203.0
1.0,4046.0,638.0,613.0,192.0,60.0,0.0,0.0,60.0,205.0,204.0,204.0,212.0,216.0,210.0,1380.0,1496.0,1170.0,0.0,0.0,60.0,205.0,204.0,204.0
1.0,3600.0,641.0,613.0,0.0,339.0,65.0,0.0,274.0,205.0,204.0,204.0,208.0,219.0,214.0,1168.0,1472.0,960.0,65.0,0.0,274.0,205.0,204.0,204.0
1.0,2959.0,652.0,613.0,0.0,771.0,278.0,0.0,493.0,205.0,204.0,204.0,213.0,220.0,219.0,960.0,1253.0,746.0,278.0,0.0,493.0,205.0,204.0,204.0
1.0,2307.0,651.0,614.0,60.0,1354.0,492.0,212.0,650.0,205.0,205.0,204.0,214.0,220.0,217.0,747.0,1033.0,527.0,492.0,212.0,650.0,205.0,205.0,204.0
1.0,1716.0,651.0,614.0,339.0,1666.0,640.0,434.0,592.0,205.0,205.0,204.0,213.0,222.0,216.0,533.0,813.0,370.0,640.0,434.0,592.0,205.0,205.0,204.0
1.0,1404.0,651.0,615.0,771.0,1551.0,573.0,653.0,325.0,205.0,205.0,205.0,211.0,219.0,221.0,385.0,591.0,428.0,573.0,653.0,325.0,205.0,205.0,205.0
1.0,1524.0,655.0,616.0,1354.0,967.0,299.0,668.0,0.0,205.0,206.0,205.0,218.0,222.0,215.0,452.0,372.0,700.0,299.0,668.0,0.0,205.0,206.0,205.0
1.0,2223.0,643.0,616.0,1666.0,451.0,0.0,451.0,0.0,205.0,206.0,205.0,212.0,217.0,214.0,726.0,362.0,1135.0,0.0,451.0,0.0,205.0,206.0,205.0
1.0,3246.0,649.0,617.0,1551.0,17.0,0.0,17.0,0.0,206.0,206.0,205.0,217.0,219.0,213.0,1154.0,579.0,1513.0,0.0,17.0,0.0,206.0,206.0,205.0
1.0,4148.0,644.0,618.0,967.0,0.0,0.0,0.0,0.0,206.0,206.0,206.0,207.0,218.0,219.0,1510.0,1013.0,1625.0,0.0,0.0,0.0,206.0,206.0,206.0
1.0,4471.0,640.0,619.0,451.0,0.0,0.0,0.0,0.0,206.0,207.0,206.0,215.0,212.0,213.0,1602.0,1463.0,1406.0,0.0,0.0,0.0,206.0,207.0,206.0
1.0,4282.0,638.0,619.0,17.0,47.0,0.0,0.0,47.0,206.0,207.0,206.0,216.0,212.0,210.0,1387.0,1702.0,1193.0,0.0,0.0,47.0,206.0,207.0,206.0
1.0,3661.0,635.0,620.0,0.0,337.0,69.0,0.0,268.0,206.0,207.0,207.0,210.0,209.0,216.0,1171.0,1507.0,983.0,69.0,0.0,268.0,206.0,207.0,207.0
1.0,3026.0,637.0,621.0,0.0,762.0,280.0,0.0,482.0,206.0,208.0,207.0,211.0,212.0,214.0,961.0,1298.0,767.0,280.0,0.0,482.0,206.0,208.0,207.0
1.0,2389.0,622.0,622.0,47.0,1296.0,491.0,162.0,643.0,207.0,208.0,207.0,206.0,208.0,208.0,750.0,1086.0,553.0,491.0,162.0,643.0,207.0,208.0,207.0
1.0,1814.0,631.0,623.0,337.0,1595.0,634.0,369.0,592.0,207.0,208.0,208.0,212.0,207.0,212.0,544.0,878.0,392.0,634.0,369.0,592.0,207.0,208.0,208.0
1.0,1520.0,627.0,623.0,762.0,1460.0,565.0,575.0,320.0,207.0,208.0,208.0,211.0,206.0,210.0,401.0,671.0,448.0,565.0,575.0,320.0,207.0,208.0,208.0
1.0,1655.0,635.0,625.0,1296.0,921.0,291.0,630.0,0.0,208.0,209.0,208.0,212.0,212.0,211.0,470.0,465.0,720.0,291.0,630.0,0.0,208.0,209.0,208.0
1.0,2316.0,633.0,625.0,1595.0,472.0,0.0,472.0,0.0,208.0,209.0,208.0,215.0,211.0,207.0,749.0,415.0,1152.0,0.0,472.0,0.0,208.0,209.0,208.0
1.0,3278.0,627.0,625.0,1460.0,103.0,0.0,103.0,0.0,208.0,209.0,208.0,207.0,206.0,214.0,1168.0,573.0,1537.0,0.0,103.0,0.0,208.0,209.0,208.0
1.0,4111.0,633.0,626.0,921.0,0.0,0.0,0.0,0.0,208.0,209.0,209.0,214.0,208.0,211.0,1526.0,942.0,1643.0,0.0,0.0,0.0,208.0,209.0,209.0
1.0,4399.0,629.0,628.0,472.0,0.0,0.0,0.0,0.0,209.0,210.0,209.0,208.0,213.0,208.0,1603.0,1364.0,1432.0,0.0,0.0,0.0,209.0,210.0,209.0
1.0,4242.0,633.0,628.0,103.0,33.0,0.0,0.0,33.0,209.0,210.0,209.0,206.0,215.0,212.0,1395.0,1623.0,1224.0,0.0,0.0,33.0,209.0,210.0,209.0
1.0,3712.0,630.0,628.0,0.0,311.0,66.0,0.0,245.0,209.0,210.0,209.0,210.0,208.0,212.0,1189.0,1511.0,1012.0,66.0,0.0,245.0,209.0,210.0,209.0
1.0,3082.0,639.0,628.0,0.0,740.0,276.0,0.0,464.0,209.0,210.0,209.0,210.0,210.0,219.0,979.0,1303.0,800.0,276.0,0.0,464.0,209.0,210.0,209.0
1.0,2443.0,643.0,628.0,33.0,1307.0,494.0,166.0,647.0,209.0,210.0,209.0,218.0,209.0,216.0,769.0,1093.0,581.0,494.0,166.0,647.0,209.0,210.0,209.0
1.0,1833.0,663.0,629.0,311.0,1664.0,658.0,387.0,619.0,210.0,210.0,209.0,225.0,221.0,217.0,551.0,884.0,398.0,658.0,387.0,619.0,210.0,210.0,209.0
1.0,1481.0,656.0,630.0,740.0,1585.0,601.0,607.0,377.0,210.0,210.0,210.0,219.0,220.0,217.0,392.0,663.0,426.0,601.0,607.0,377.0,210.0,210.0,210.0
1.0,1565.0,663.0,630.0,1307.0,987.0,330.0,657.0,0.0,210.0,210.0,210.0,223.0,216.0,224.0,449.0,443.0,673.0,330.0,657.0,0.0,210.0,210.0,210.0
1.0,2209.0,661.0,631.0,1664.0,489.0,0.0,489.0,0.0,211.0,210.0,210.0,223.0,219.0,219.0,720.0,393.0,1096.0,0.0,489.0,0.0,211.0,210.0,210.0
1.0,3212.0,655.0,631.0,1585.0,96.0,0.0,96.0,0.0,211.0,210.0,210.0,221.0,214.0,220.0,1155.0,561.0,1496.0,0.0,96.0,0.0,211.0,210.0,210.0
1.0,4142.0,663.0,631.0,987.0,0.0,0.0,0.0,0.0,211.0,210.0,210.0,222.0,225.0,216.0,1535.0,954.0,1653.0,0.0,0.0,0.0,211.0,210.0,210.0
1.0,4466.0,666.0,632.0,489.0,0.0,0.0,0.0,0.0,212.0,210.0,210.0,226.0,221.0,219.0,1643.0,1386.0,1437.0,0.0,0.0,0.0,212.0,210.0,210.0
1.0,4289.0,648.0,632.0,96.0,50.0,0.0,0.0,50.0,212.0,210.0,210.0,213.0,217.0,218.0,1417.0,1654.0,1218.0,0.0,0.0,50.0,212.0,210.0,210.0
1.0,3737.0,659.0,633.0,0.0,343.0,74.0,0.0,269.0,212.0,211.0,210.0,218.0,222.0,219.0,1204.0,1533.0,1000.0,74.0,0.0,269.0,212.0,211.0,210.0
1.0,3078.0,640.0,634.0,0.0,779.0,287.0,0.0,492.0,212.0,211.0,211.0,213.0,209.0,218.0,986.0,1311.0,781.0,287.0,0.0,492.0,212.0,211.0,211.0
1.0,2438.0,635.0,634.0,50.0,1317.0,499.0,170.0,648.0,212.0,211.0,211.0,212.0,217.0,206.0,773.0,1102.0,563.0,499.0,170.0,648.0,212.0,211.0,211.0
1.0,1853.0,645.0,634.0,343.0,1619.0,643.0,387.0,589.0,212.0,211.0,211.0,218.0,217.0,210.0,561.0,885.0,407.0,643.0,387.0,589.0,212.0,211.0,211.0
1.0,1551.0,630.0,634.0,779.0,1470.0,567.0,597.0,306.0,212.0,211.0,211.0,211.0,210.0,209.0,417.0,668.0,466.0,567.0,597.0,306.0,212.0,211.0,211.0
1.0,1700.0,645.0,635.0,1317.0,933.0,285.0,648.0,0.0,212.0,212.0,211.0,217.0,216.0,212.0,493.0,458.0,749.0,285.0,648.0,0.0,212.0,212.0,211.0
1.0,2372.0,640.0,635.0,1619.0,476.0,0.0,476.0,0.0,212.0,212.0,211.0,214.0,215.0,211.0,775.0,412.0,1185.0,0.0,476.0,0.0,212.0,212.0,211.0
1.0,3351.0,636.0,636.0,1470.0,88.0,0.0,88.0,0.0,212.0,212.0,212.0,216.0,209.0,211.0,1204.0,584.0,1563.0,0.0,88.0,0.0,212.0,212.0,212.0
1.0,4185.0,636.0,637.0,933.0,0.0,0.0,0.0,0.0,213.0,212.0,212.0,219.0,214.0,203.0,1555.0,972.0,1658.0,0.0,0.0,0.0,213.0,212.0,212.0
1.0,4482.0,652.0,638.0,476.0,0.0,0.0,0.0,0.0,213.0,213.0,212.0,220.0,219.0,213.0,1621.0,1406.0,1455.0,0.0,0.0,0.0,213.0,213.0,212.0
1.0,4306.0,642.0,638.0,88.0,29.0,0.0,0.0,29.0,213.0,213.0,212.0,217.0,214.0,211.0,1401.0,1663.0,1242.0,0.0,0.0,29.0,213.0,213.0,212.0
1.0,3752.0,649.0,640.0,0.0,352.0,105.0,0.0,247.0,214.0,213.0,213.0,219.0,217.0,213.0,1184.0,1537.0,1031.0,105.0,0.0,247.0,214.0,213.0,213.0
1.0,3103.0,652.0,641.0,0.0,791.0,326.0,0.0,465.0,214.0,214.0,213.0,221.0,213.0,218.0,965.0,1320.0,818.0,326.0,0.0,465.0,214.0,214.0,213.0
1.0,2451.0,651.0,641.0,29.0,1376.0,547.0,179.0,650.0,214.0,214.0,213.0,221.0,216.0,214.0,744.0,1107.0,600.0,547.0,179.0,650.0,214.0,214.0,213.0
1.0,1829.0,646.0,642.0,352.0,1675.0,658.0,392.0,625.0,214.0,214.0,214.0,216.0,213.0,217.0,523.0,891.0,415.0,658.0,392.0,625.0,214.0,214.0,214.0
1.0,1535.0,657.0,644.0,791.0,1551.0,558.0,618.0,375.0,215.0,215.0,214.0,221.0,221.0,215.0,412.0,678.0,445.0,558.0,618.0,375.0,215.0,215.0,214.0
1.0,1669.0,691.0,644.0,1376.0,908.0,241.0,667.0,0.0,215.0,215.0,214.0,230.0,228.0,233.0,517.0,457.0,695.0,241.0,667.0,0.0,215.0,215.0,214.0
1.0,2354.0,668.0,645.0,1675.0,499.0,0.0,499.0,0.0,215.0,215.0,215.0,220.0,224.0,224.0,834.0,408.0,1112.0,0.0,499.0,0.0,215.0,215.0,215.0
1.0,3361.0,681.0,647.0,1551.0,113.0,0.0,113.0,0.0,216.0,216.0,215.0,224.0,227.0,230.0,1272.0,576.0,1513.0,0.0,113.0,0.0,216.0,216.0,215.0
1.0,4231.0,680.0,647.0,908.0,0.0,0.0,0.0,0.0,216.0,216.0,215.0,224.0,228.0,228.0,1606.0,967.0,1658.0,0.0,0.0,0.0,216.0,216.0,215.0
1.0,4459.0,675.0,647.0,499.0,0.0,0.0,0.0,0.0,216.0,216.0,215.0,222.0,227.0,226.0,1623.0,1406.0,1430.0,0.0,0.0,0.0,216.0,216.0,215.0
1.0,4283.0,680.0,648.0,113.0,109.0,0.0,0.0,109.0,216.0,216.0,216.0,225.0,222.0,233.0,1401.0,1678.0,1204.0,0.0,0.0,109.0,216.0,216.0,216.0
1.0,3716.0,681.0,649.0,0.0,469.0,132.0,0.0,337.0,217.0,216.0,216.0,223.0,230.0,228.0,1176.0,1569.0,971.0,132.0,0.0,337.0,217.0,216.0,216.0
1.0,3035.0,670.0,649.0,0.0,915.0,352.0,0.0,563.0,217.0,216.0,216.0,220.0,224.0,226.0,953.0,1339.0,743.0,352.0,0.0,563.0,217.0,216.0,216.0
1.0,2365.0,676.0,649.0,109.0,1447.0,577.0,190.0,680.0,217.0,216.0,216.0,225.0,225.0,226.0,733.0,1115.0,517.0,577.0,190.0,680.0,217.0,216.0,216.0
1.0,1798.0,673.0,649.0,469.0,1651.0,669.0,414.0,568.0,217.0,216.0,216.0,224.0,224.0,225.0,508.0,890.0,400.0,669.0,414.0,568.0,217.0,216.0,216.0
1.0,1594.0,674.0,650.0,915.0,1415.0,543.0,641.0,231.0,217.0,216.0,217.0,226.0,227.0,221.0,416.0,666.0,512.0,543.0,641.0,231.0,217.0,216.0,217.0
1.0,1835.0,663.0,651.0,1447.0,860.0,193.0,667.0,0.0,218.0,216.0,217.0,222.0,216.0,225.0,542.0,439.0,854.0,193.0,667.0,0.0,218.0,216.0,217.0
1.0,2619.0,649.0,651.0,1651.0,467.0,0.0,467.0,0.0,218.0,216.0,217.0,217.0,214.0,218.0,897.0,413.0,1309.0,0.0,467.0,0.0,218.0,216.0,217.0
1.0,3621.0,652.0,651.0,1415.0,39.0,0.0,39.0,0.0,218.0,216.0,217.0,218.0,213.0,221.0,1349.0,613.0,1659.0,0.0,39.0,0.0,218.0,216.0,217.0
1.0,4384.0,635.0,652.0,860.0,0.0,0.0,0.0,0.0,218.0,217.0,217.0,208.0,211.0,216.0,1674.0,1041.0,1669.0,0.0,0.0,0.0,218.0,217.0,217.0
1.0,4609.0,639.0,651.0,467.0,0.0,0.0,0.0,0.0,218.0,216.0,217.0,213.0,207.0,219.0,1659.0,1497.0,1453.0,0.0,0.0,0.0,218.0,216.0,217.0
1.0,4437.0,657.0,652.0,39.0,74.0,0.0,0.0,74.0,218.0,217.0,217.0,215.0,219.0,223.0,1446.0,1757.0,1234.0,0.0,0.0,74.0,218.0,217.0,217.0
1.0,3819.0,645.0,652.0,0.0,362.0,76.0,0.0,286.0,218.0,217.0,217.0,217.0,216.0,212.0,1231.0,1577.0,1011.0,76.0,0.0,286.0,218.0,217.0,217.0
1.0,3174.0,639.0,652.0,0.0,788.0,287.0,0.0,501.0,218.0,217.0,217.0,211.0,213.0,215.0,1014.0,1361.0,799.0,287.0,0.0,501.0,218.0,217.0,217.0
1.0,2535.0,648.0,652.0,74.0,1299.0,510.0,153.0,636.0,218.0,217.0,217.0,223.0,216.0,209.0,803.0,1148.0,584.0,510.0,153.0,636.0,218.0,217.0,217.0
1.0,1961.0,662.0,653.0,362.0,1604.0,659.0,373.0,572.0,218.0,217.0,218.0,225.0,220.0,217.0,580.0,932.0,449.0,659.0,373.0,572.0,218.0,217.0,218.0
1.0,1661.0,664.0,655.0,788.0,1490.0,607.0,605.0,278.0,219.0,218.0,218.0,230.0,227.0,207.0,431.0,712.0,518.0,607.0,605.0,278.0,219.0,218.0,218.0
1.0,1785.0,656.0,655.0,1299.0,992.0,322.0,670.0,0.0,219.0,218.0,218.0,225.0,218.0,213.0,488.0,485.0,812.0,322.0,670.0,0.0,219.0,218.0,218.0
1.0,2428.0,662.0,655.0,1604.0,517.0,0.0,517.0,0.0,219.0,218.0,218.0,226.0,220.0,216.0,773.0,420.0,1235.0,0.0,517.0,0.0,219.0,218.0,218.0
1.0,3370.0,678.0,656.0,1490.0,138.0,0.0,138.0,0.0,220.0,218.0,218.0,230.0,226.0,222.0,1206.0,573.0,1591.0,0.0,138.0,0.0,220.0,218.0,218.0
1.0,4182.0,684.0,656.0,992.0,0.0,0.0,0.0,0.0,220.0,218.0,218.0,233.0,226.0,225.0,1583.0,952.0,1647.0,0.0,0.0,0.0,220.0,218.0,218.0
1.0,4490.0,677.0,657.0,517.0,0.0,0.0,0.0,0.0,220.0,219.0,218.0,225.0,227.0,225.0,1672.0,1396.0,1422.0,0.0,0.0,0.0,220.0,219.0,218.0
1.0,4330.0,680.0,658.0,138.0,113.0,0.0,0.0,113.0,221.0,219.0,218.0,228.0,232.0,220.0,1447.0,1686.0,1197.0,0.0,0.0,113.0,221.0,219.0,218.0
1.0,3788.0,685.0,658.0,0.0,453.0,114.0,0.0,339.0,221.0,219.0,218.0,228.0,231.0,226.0,1219.0,1592.0,977.0,114.0,0.0,339.0,221.0,219.0,218.0
1.0,3103.0,692.0,660.0,0.0,914.0,346.0,0.0,568.0,221.0,220.0,219.0,232.0,236.0,224.0,991.0,1361.0,751.0,346.0,0.0,568.0,221.0,220.0,219.0
1.0,2411.0,700.0,660.0,113.0,1476.0,583.0,211.0,682.0,221.0,220.0,219.0,237.0,236.0,227.0,759.0,1125.0,527.0,583.0,211.0,682.0,221.0,220.0,219.0
1.0,1824.0,710.0,661.0,453.0,1738.0,703.0,456.0,579.0,221.0,221.0,219.0,234.0,240.0,236.0,522.0,889.0,413.0,703.0,456.0,579.0,221.0,221.0,219.0
1.0,1567.0,707.0,662.0,914.0,1536.0,601.0,695.0,240.0,222.0,221.0,219.0,239.0,239.0,229.0,402.0,649.0,516.0,601.0,695.0,240.0,222.0,221.0,219.0
1.0,1774.0,704.0,662.0,1476.0,975.0,247.0,728.0,0.0,222.0,221.0,219.0,229.0,244.0,231.0,509.0,410.0,855.0,247.0,728.0,0.0,222.0,221.0,219.0
1.0,2546.0,699.0,664.0,1738.0,516.0,0.0,516.0,0.0,222.0,222.0,220.0,226.0,239.0,234.0,863.0,377.0,1306.0,0.0,516.0,0.0,222.0,222.0,220.0
1.0,3585.0,695.0,664.0,1536.0,51.0,0.0,51.0,0.0,222.0,222.0,220.0,227.0,230.0,238.0,1340.0,594.0,1651.0,0.0,51.0,0.0,222.0,222.0,220.0
1.0,4426.0,695.0,664.0,975.0,0.0,0.0,0.0,0.0,222.0,222.0,220.0,226.0,232.0,237.0,1714.0,1059.0,1653.0,0.0,0.0,0.0,222.0,222.0,220.0
1.0,4706.0,682.0,666.0,516.0,0.0,0.0,0.0,0.0,222.0,223.0,221.0,218.0,230.0,234.0,1735.0,1555.0,1416.0,0.0,0.0,0.0,222.0,223.0,221.0
1.0,4540.0,681.0,667.0,51.0,153.0,0.0,0.0,153.0,223.0,223.0,221.0,223.0,228.0,230.0,1517.0,1841.0,1182.0,0.0,0.0,153.0,223.0,223.0,221.0
1.0,3910.0,677.0,668.0,0.0,433.0,45.0,0.0,388.0,223.0,223.0,222.0,224.0,223.0,230.0,1294.0,1664.0,952.0,45.0,0.0,388.0,223.0,223.0,222.0
1.0,3233.0,683.0,668.0,0.0,897.0,271.0,0.0,626.0,223.0,223.0,222.0,226.0,219.0,238.0,1070.0,1441.0,722.0,271.0,0.0,626.0,223.0,223.0,222.0
1.0,2550.0,677.0,669.0,153.0,1319.0,490.0,117.0,712.0,223.0,223.0,223.0,219.0,224.0,234.0,844.0,1222.0,484.0,490.0,117.0,712.0,223.0,223.0,223.0
1.0,2026.0,666.0,669.0,433.0,1552.0,665.0,330.0,557.0,223.0,223.0,223.0,220.0,213.0,233.0,625.0,998.0,403.0,665.0,330.0,557.0,223.0,223.0,223.0
1.0,1793.0,652.0,669.0,897.0,1307.0,610.0,544.0,153.0,223.0,223.0,223.0,216.0,214.0,222.0,450.0,785.0,558.0,610.0,544.0,153.0,223.0,223.0,223.0
1.0,2038.0,664.0,670.0,1319.0,984.0,339.0,645.0,0.0,223.0,223.0,224.0,219.0,218.0,227.0,505.0,571.0,962.0,339.0,645.0,0.0,223.0,223.0,224.0
1.0,2693.0,665.0,670.0,1552.0,525.0,0.0,525.0,0.0,223.0,223.0,224.0,220.0,210.0,235.0,776.0,470.0,1447.0,0.0,525.0,0.0,223.0,223.0,224.0
1.0,3580.0,659.0,670.0,1307.0,198.0,0.0,198.0,0.0,223.0,223.0,224.0,217.0,217.0,225.0,1221.0,590.0,1769.0,0.0,198.0,0.0,223.0,223.0,224.0
1.0,4228.0,664.0,671.0,984.0,0.0,0.0,0.0,0.0,223.0,223.0,225.0,220.0,218.0,226.0,1614.0,917.0,1697.0,0.0,0.0,0.0,223.0,223.0,225.0
1.0,4548.0,681.0,671.0,525.0,0.0,0.0,0.0,0.0,223.0,223.0,225.0,232.0,222.0,227.0,1733.0,1344.0,1471.0,0.0,0.0,0.0,223.0,223.0,225.0
1.0,4392.0,688.0,673.0,198.0,108.0,0.0,0.0,108.0,224.0,224.0,225.0,237.0,224.0,227.0,1501.0,1647.0,1244.0,0.0,0.0,108.0,224.0,224.0,225.0
1.0,3902.0,684.0,673.0,0.0,420.0,89.0,0.0,331.0,224.0,224.0,225.0,233.0,228.0,223.0,1264.0,1621.0,1017.0,89.0,0.0,331.0,224.0,224.0,225.0
1.0,3218.0,687.0,673.0,0.0,879.0,324.0,0.0,555.0,224.0,224.0,225.0,235.0,228.0,224.0,1031.0,1393.0,794.0,324.0,0.0,555.0,224.0,224.0,225.0
1.0,2531.0,697.0,673.0,108.0,1423.0,554.0,185.0,684.0,224.0,224.0,225.0,230.0,230.0,237.0,796.0,1165.0,570.0,554.0,185.0,684.0,224.0,224.0,225.0
1.0,1942.0,704.0,675.0,420.0,1717.0,707.0,419.0,591.0,225.0,224.0,226.0,237.0,234.0,233.0,566.0,935.0,441.0,707.0,419.0,591.0,225.0,224.0,226.0
1.0,1658.0,705.0,675.0,879.0,1543.0,629.0,651.0,263.0,225.0,224.0,226.0,246.0,232.0,227.0,418.0,701.0,539.0,629.0,651.0,263.0,225.0,224.0,226.0
1.0,1832.0,708.0,676.0,1423.0,1021.0,313.0,708.0,0.0,225.0,225.0,226.0,238.0,237.0,233.0,496.0,469.0,867.0,313.0,708.0,0.0,225.0,225.0,226.0
1.0,2547.0,705.0,677.0,1717.0,522.0,0.0,522.0,0.0,226.0,225.0,226.0,237.0,233.0,235.0,812.0,417.0,1318.0,0.0,522.0,0.0,226.0,225.0,226.0
1.0,3559.0,720.0,677.0,1543.0,115.0,0.0,115.0,0.0,226.0,225.0,226.0,239.0,244.0,237.0,1282.0,603.0,1674.0,0.0,115.0,0.0,226.0,225.0,226.0
1.0,4382.0,713.0,677.0,1021.0,0.0,0.0,0.0,0.0,226.0,225.0,226.0,236.0,243.0,234.0,1672.0,1010.0,1700.0,0.0,0.0,0.0,226.0,225.0,226.0
1.0,4690.0,711.0,678.0,522.0,0.0,0.0,0.0,0.0,226.0,226.0,226.0,232.0,240.0,239.0,1749.0,1475.0,1466.0,0.0,0.0,0.0,226.0,226.0,226.0
1.0,4501.0,720.0,679.0,115.0,135.0,0.0,0.0,135.0,227.0,226.0,226.0,242.0,246.0,232.0,1517.0,1757.0,1227.0,0.0,0.0,135.0,227.0,226.0,226.0
1.0,3896.0,700.0,680.0,0.0,460.0,89.0,0.0,371.0,227.0,226.0,227.0,229.0,240.0,231.0,1275.0,1626.0,995.0,89.0,0.0,371.0,227.0,226.0,227.0
1.0,3196.0,707.0,681.0,0.0,925.0,321.0,0.0,604.0,227.0,227.0,227.0,232.0,242.0,233.0,1046.0,1386.0,764.0,321.0,0.0,604.0,227.0,227.0,227.0
1.0,2489.0,708.0,681.0,135.0,1489.0,553.0,239.0,697.0,227.0,227.0,227.0,232.0,248.0,228.0,814.0,1144.0,531.0,553.0,239.0,697.0,227.0,227.0,227.0
1.0,1916.0,697.0,682.0,460.0,1731.0,694.0,482.0,555.0,227.0,228.0,227.0,230.0,238.0,229.0,582.0,896.0,438.0,694.0,482.0,555.0,227.0,228.0,227.0
1.0,1679.0,689.0,683.0,925.0,1500.0,608.0,715.0,177.0,228.0,228.0,227.0,230.0,233.0,226.0,441.0,658.0,580.0,608.0,715.0,177.0,228.0,228.0,227.0
1.0,1915.0,678.0,684.0,1489.0,998.0,277.0,721.0,0.0,228.0,229.0,227.0,222.0,240.0,216.0,532.0,425.0,958.0,277.0,721.0,0.0,228.0,229.0,227.0
1.0,2726.0,676.0,684.0,1731.0,470.0,0.0,470.0,0.0,228.0,229.0,227.0,223.0,231.0,222.0,863.0,424.0,1439.0,0.0,470.0,0.0,228.0,229.0,227.0
1.0,3781.0,689.0,684.0,1500.0,0.0,0.0,0.0,0.0,228.0,229.0,227.0,230.0,230.0,229.0,1334.0,675.0,1772.0,0.0,0.0,0.0,228.0,229.0,227.0
1.0,4592.0,677.0,685.0,998.0,0.0,0.0,0.0,0.0,228.0,230.0,227.0,221.0,239.0,217.0,1712.0,1160.0,1720.0,0.0,0.0,0.0,228.0,230.0,227.0
1.0,4913.0,675.0,687.0,470.0,0.0,0.0,0.0,0.0,229.0,230.0,228.0,231.0,221.0,223.0,1768.0,1642.0,1503.0,0.0,0.0,0.0,229.0,230.0,228.0
1.0,4708.0,679.0,687.0,0.0,95.0,0.0,0.0,95.0,229.0,230.0,228.0,224.0,220.0,235.0,1537.0,1891.0,1280.0,0.0,0.0,95.0,229.0,230.0,228.0
1.0,4029.0,677.0,687.0,0.0,375.0,50.0,0.0,325.0,229.0,230.0,228.0,218.0,229.0,230.0,1313.0,1671.0,1045.0,50.0,0.0,325.0,229.0,230.0,228.0
1.0,3352.0,687.0,688.0,0.0,838.0,278.0,0.0,560.0,229.0,230.0,229.0,228.0,229.0,230.0,1095.0,1442.0,815.0,278.0,0.0,560.0,229.0,230.0,229.0
1.0,2665.0,683.0,688.0,95.0,1363.0,509.0,157.0,697.0,229.0,230.0,229.0,231.0,220.0,232.0,867.0,1213.0,585.0,509.0,157.0,697.0,229.0,230.0,229.0
1.0,2077.0,687.0,688.0,375.0,1675.0,691.0,382.0,602.0,229.0,230.0,229.0,232.0,225.0,230.0,636.0,993.0,448.0,691.0,382.0,602.0,229.0,230.0,229.0
1.0,1765.0,709.0,690.0,838.0,1556.0,650.0,623.0,283.0,229.0,231.0,230.0,237.0,236.0,236.0,454.0,768.0,543.0,650.0,623.0,283.0,229.0,231.0,230.0
1.0,1894.0,707.0,690.0,1363.0,1075.0,378.0,697.0,0.0,229.0,231.0,230.0,237.0,231.0,239.0,495.0,532.0,867.0,378.0,697.0,0.0,229.0,231.0,230.0
1.0,2550.0,719.0,690.0,1675.0,552.0,0.0,552.0,0.0,229.0,231.0,230.0,241.0,237.0,241.0,767.0,458.0,1325.0,0.0,552.0,0.0,229.0,231.0,230.0
1.0,3506.0,726.0,692.0,1556.0,167.0,0.0,167.0,0.0,230.0,231.0,231.0,243.0,238.0,245.0,1217.0,603.0,1686.0,0.0,167.0,0.0,230.0,231.0,231.0
1.0,4336.0,724.0,692.0,1075.0,0.0,0.0,0.0,0.0,230.0,231.0,231.0,248.0,234.0,242.0,1624.0,988.0,1724.0,0.0,0.0,0.0,230.0,231.0,231.0
1.0,4687.0,737.0,692.0,552.0,0.0,0.0,0.0,0.0,230.0,231.0,231.0,249.0,240.0,248.0,1754.0,1451.0,1482.0,0.0,0.0,0.0,230.0,231.0,231.0
1.0,4502.0,740.0,694.0,167.0,175.0,0.0,0.0,175.0,231.0,231.0,232.0,246.0,245.0,249.0,1505.0,1763.0,1234.0,0.0,0.0,175.0,231.0,231.0,232.0
1.0,3929.0,737.0,694.0,0.0,565.0,149.0,0.0,416.0,231.0,231.0,232.0,253.0,243.0,241.0,1259.0,1685.0,985.0,149.0,0.0,416.0,231.0,231.0,232.0
1.0,3192.0,739.0,694.0,0.0,1059.0,391.0,0.0,668.0,231.0,231.0,232.0,242.0,245.0,252.0,1006.0,1442.0,744.0,391.0,0.0,668.0,231.0,231.0,232.0
1.0,2453.0,747.0,695.0,175.0,1594.0,641.0,200.0,753.0,231.0,231.0,233.0,250.0,242.0,255.0,764.0,1197.0,492.0,641.0,200.0,753.0,231.0,231.0,233.0
1.0,1881.0,735.0,696.0,565.0,1769.0,745.0,440.0,584.0,232.0,231.0,233.0,248.0,240.0,247.0,514.0,955.0,412.0,745.0,440.0,584.0,232.0,231.0,233.0
1.0,1711.0,743.0,697.0,1059.0,1458.0,605.0,692.0,161.0,232.0,232.0,233.0,251.0,247.0,245.0,415.0,715.0,581.0,605.0,692.0,161.0,232.0,232.0,233.0
1.0,2027.0,721.0,698.0,1594.0,942.0,209.0,733.0,0.0,233.0,232.0,233.0,240.0,241.0,240.0,555.0,468.0,1004.0,209.0,733.0,0.0,233.0,232.0,233.0
1.0,2900.0,721.0,699.0,1769.0,531.0,0.0,531.0,0.0,233.0,232.0,234.0,239.0,238.0,244.0,956.0,427.0,1517.0,0.0,531.0,0.0,233.0,232.0,234.0
1.0,3948.0,712.0,699.0,1458.0,79.0,0.0,79.0,0.0,233.0,232.0,234.0,233.0,240.0,239.0,1462.0,629.0,1857.0,0.0,79.0,0.0,233.0,232.0,234.0
1.0,4694.0,710.0,700.0,942.0,0.0,0.0,0.0,0.0,233.0,233.0,234.0,239.0,240.0,231.0,1834.0,1081.0,1779.0,0.0,0.0,0.0,233.0,233.0,234.0
1.0,4926.0,697.0,700.0,531.0,0.0,0.0,0.0,0.0,233.0,233.0,234.0,226.0,240.0,231.0,1804.0,1574.0,1548.0,0.0,0.0,0.0,233.0,233.0,234.0
1.0,4760.0,701.0,701.0,79.0,85.0,0.0,0.0,85.0,234.0,233.0,234.0,232.0,237.0,232.0,1578.0,1865.0,1317.0,0.0,0.0,85.0,234.0,233.0,234.0
1.0,4138.0,698.0,702.0,0.0,371.0,53.0,0.0,318.0,234.0,234.0,234.0,229.0,236.0,233.0,1346.0,1707.0,1085.0,53.0,0.0,318.0,234.0,234.0,234.0
1.0,3440.0,687.0,702.0,0.0,830.0,283.0,0.0,547.0,234.0,234.0,234.0,230.0,228.0,229.0,1117.0,1471.0,852.0,283.0,0.0,547.0,234.0,234.0,234.0
1.0,2753.0,704.0,702.0,85.0,1376.0,515.0,165.0,696.0,234.0,234.0,234.0,232.0,238.0,234.0,887.0,1243.0,623.0,515.0,165.0,696.0,234.0,234.0,234.0
1.0,2134.0,695.0,704.0,371.0,1710.0,698.0,400.0,612.0,235.0,235.0,234.0,231.0,230.0,234.0,655.0,1005.0,474.0,698.0,400.0,612.0,235.0,235.0,234.0
1.0,1810.0,700.0,704.0,830.0,1580.0,648.0,637.0,295.0,235.0,235.0,234.0,233.0,237.0,230.0,477.0,775.0,558.0,648.0,637.0,295.0,235.0,235.0,234.0
1.0,1940.0,696.0,704.0,1376.0,1071.0,367.0,704.0,0.0,235.0,235.0,234.0,234.0,232.0,230.0,527.0,538.0,875.0,367.0,704.0,0.0,235.0,235.0,234.0
1.0,2620.0,696.0,705.0,1710.0,546.0,0.0,546.0,0.0,235.0,236.0,234.0,231.0,237.0,228.0,808.0,471.0,1341.0,0.0,546.0,0.0,235.0,236.0,234.0
1.0,3634.0,706.0,705.0,1580.0,146.0,0.0,146.0,0.0,235.0,236.0,234.0,235.0,237.0,234.0,1275.0,634.0,1725.0,0.0,146.0,0.0,235.0,236.0,234.0
1.0,4508.0,704.0,705.0,1071.0,0.0,0.0,0.0,0.0,235.0,236.0,234.0,234.0,241.0,229.0,1688.0,1034.0,1786.0,0.0,0.0,0.0,235.0,236.0,234.0
1.0,4875.0,720.0,706.0,546.0,0.0,0.0,0.0,0.0,235.0,237.0,234.0,241.0,245.0,234.0,1821.0,1497.0,1557.0,0.0,0.0,0.0,235.0,237.0,234.0
1.0,4701.0,730.0,707.0,146.0,88.0,0.0,0.0,88.0,236.0,237.0,234.0,245.0,244.0,241.0,1580.0,1798.0,1323.0,0.0,0.0,88.0,236.0,237.0,234.0
1.0,4117.0,735.0,708.0,0.0,431.0,93.0,0.0,338.0,236.0,237.0,235.0,248.0,242.0,245.0,1335.0,1700.0,1082.0,93.0,0.0,338.0,236.0,237.0,235.0
1.0,3382.0,731.0,708.0,0.0,919.0,341.0,0.0,578.0,236.0,237.0,235.0,248.0,243.0,240.0,1087.0,1458.0,837.0,341.0,0.0,578.0,236.0,237.0,235.0
1.0,2651.0,739.0,708.0,88.0,1540.0,588.0,218.0,734.0,236.0,237.0,235.0,247.0,248.0,244.0,839.0,1215.0,597.0,588.0,218.0,734.0,236.0,237.0,235.0
1.0,2000.0,741.0,709.0,431.0,1855.0,746.0,470.0,639.0,236.0,238.0,235.0,251.0,247.0,243.0,592.0,967.0,441.0,746.0,470.0,639.0,236.0,238.0,235.0
1.0,1690.0,737.0,710.0,919.0,1678.0,647.0,719.0,312.0,236.0,238.0,236.0,242.0,249.0,246.0,434.0,720.0,536.0,647.0,719.0,312.0,236.0,238.0,236.0
1.0,1872.0,751.0,711.0,1540.0,1063.0,316.0,747.0,0.0,237.0,238.0,236.0,252.0,246.0,253.0,533.0,471.0,868.0,316.0,747.0,0.0,237.0,238.0,236.0
1.0,2661.0,749.0,711.0,1855.0,524.0,0.0,524.0,0.0,237.0,238.0,236.0,254.0,247.0,248.0,869.0,443.0,1349.0,0.0,524.0,0.0,237.0,238.0,236.0
1.0,3767.0,750.0,711.0,1678.0,48.0,0.0,48.0,0.0,237.0,238.0,236.0,256.0,243.0,251.0,1361.0,666.0,1740.0,0.0,48.0,0.0,237.0,238.0,236.0
1.0,4695.0,742.0,713.0,1063.0,0.0,0.0,0.0,0.0,238.0,238.0,237.0,254.0,241.0,247.0,1752.0,1142.0,1801.0,0.0,0.0,0.0,238.0,238.0,237.0
1.0,5016.0,737.0,713.0,524.0,0.0,0.0,0.0,0.0,238.0,238.0,237.0,249.0,247.0,241.0,1814.0,1648.0,1554.0,0.0,0.0,0.0,238.0,238.0,237.0
1.0,4803.0,739.0,714.0,48.0,123.0,0.0,0.0,123.0,239.0,238.0,237.0,253.0,235.0,251.0,1565.0,1925.0,1313.0,0.0,0.0,123.0,239.0,238.0,237.0
1.0,4112.0,722.0,715.0,0.0,492.0,122.0,0.0,370.0,239.0,238.0,238.0,239.0,241.0,242.0,1312.0,1738.0,1062.0,122.0,0.0,370.0,239.0,238.0,238.0
1.0,3390.0,728.0,715.0,0.0,980.0,367.0,0.0,613.0,239.0,238.0,238.0,245.0,240.0,243.0,1073.0,1497.0,820.0,367.0,0.0,613.0,239.0,238.0,238.0
1.0,2662.0,728.0,715.0,123.0,1518.0,610.0,173.0,735.0,239.0,238.0,238.0,243.0,240.0,245.0,828.0,1257.0,577.0,610.0,173.0,735.0,239.0,238.0,238.0
1.0,2057.0,712.0,717.0,492.0,1748.0,727.0,411.0,610.0,240.0,238.0,239.0,234.0,238.0,240.0,585.0,1017.0,455.0,727.0,411.0,610.0,240.0,238.0,239.0
1.0,1837.0,713.0,717.0,980.0,1481.0,594.0,646.0,241.0,240.0,238.0,239.0,234.0,235.0,244.0,473.0,779.0,585.0,594.0,646.0,241.0,240.0,238.0,239.0
1.0,2104.0,704.0,718.0,1518.0,919.0,214.0,705.0,0.0,240.0,238.0,240.0,230.0,232.0,242.0,606.0,544.0,954.0,214.0,705.0,0.0,240.0,238.0,240.0
1.0,2918.0,705.0,718.0,1748.0,531.0,0.0,531.0,0.0,240.0,238.0,240.0,230.0,237.0,238.0,986.0,485.0,1447.0,0.0,531.0,0.0,240.0,238.0,240.0
1.0,3961.0,703.0,719.0,1481.0,123.0,0.0,123.0,0.0,240.0,239.0,240.0,230.0,233.0,240.0,1483.0,659.0,1819.0,0.0,123.0,0.0,240.0,239.0,240.0
1.0,4739.0,705.0,719.0,919.0,0.0,0.0,0.0,0.0,240.0,239.0,240.0,228.0,239.0,238.0,1847.0,1072.0,1820.0,0.0,0.0,0.0,240.0,239.0,240.0
1.0,4953.0,715.0,719.0,531.0,0.0,0.0,0.0,0.0,240.0,239.0,240.0,236.0,237.0,242.0,1833.0,1538.0,1582.0,0.0,0.0,0.0,240.0,239.0,240.0
1.0,4769.0,715.0,719.0,123.0,98.0,0.0,0.0,98.0,240.0,239.0,240.0,230.0,247.0,238.0,1597.0,1832.0,1340.0,0.0,0.0,98.0,240.0,239.0,240.0
1.0,4177.0,731.0,721.0,0.0,425.0,71.0,0.0,354.0,240.0,240.0,241.0,238.0,242.0,251.0,1367.0,1708.0,1102.0,71.0,0.0,354.0,240.0,240.0,241.0
1.0,3446.0,743.0,721.0,0.0,921.0,313.0,0.0,608.0,240.0,240.0,241.0,242.0,247.0,254.0,1129.0,1466.0,851.0,313.0,0.0,608.0,240.0,240.0,241.0
1.0,2703.0,757.0,722.0,98.0,1566.0,568.0,235.0,763.0,241.0,240.0,241.0,250.0,254.0,253.0,887.0,1219.0,597.0,568.0,235.0,763.0,241.0,240.0,241.0
1.0,2044.0,738.0,724.0,425.0,1889.0,744.0,489.0,656.0,241.0,241.0,242.0,247.0,249.0,242.0,637.0,965.0,442.0,744.0,489.0,656.0,241.0,241.0,242.0
1.0,1731.0,748.0,724.0,921.0,1716.0,671.0,748.0,297.0,241.0,241.0,242.0,240.0,259.0,249.0,461.0,716.0,554.0,671.0,748.0,297.0,241.0,241.0,242.0
1.0,1904.0,760.0,724.0,1566.0,1126.0,360.0,766.0,0.0,241.0,241.0,242.0,257.0,253.0,250.0,534.0,457.0,913.0,360.0,766.0,0.0,241.0,241.0,242.0
1.0,2710.0,759.0,725.0,1889.0,537.0,0.0,537.0,0.0,241.0,242.0,242.0,250.0,255.0,254.0,845.0,439.0,1426.0,0.0,537.0,0.0,241.0,242.0,242.0
1.0,3840.0,761.0,725.0,1716.0,45.0,0.0,45.0,0.0,241.0,242.0,242.0,254.0,256.0,251.0,1339.0,673.0,1828.0,0.0,45.0,0.0,241.0,242.0,242.0
1.0,4795.0,776.0,725.0,1126.0,0.0,0.0,0.0,0.0,241.0,242.0,242.0,259.0,259.0,258.0,1756.0,1165.0,1874.0,0.0,0.0,0.0,241.0,242.0,242.0
1.0,5145.0,763.0,726.0,537.0,0.0,0.0,0.0,0.0,242.0,242.0,242.0,257.0,255.0,251.0,1857.0,1672.0,1616.0,0.0,0.0,0.0,242.0,242.0,242.0
1.0,4919.0,759.0,727.0,45.0,98.0,0.0,0.0,98.0,242.0,243.0,242.0,256.0,250.0,253.0,1600.0,1954.0,1365.0,0.0,0.0,98.0,242.0,243.0,242.0
1.0,4205.0,762.0,727.0,0.0,475.0,125.0,0.0,350.0,242.0,243.0,242.0,259.0,251.0,252.0,1344.0,1749.0,1112.0,125.0,0.0,350.0,242.0,243.0,242.0
1.0,3443.0,765.0,727.0,0.0,981.0,381.0,0.0,600.0,242.0,243.0,242.0,256.0,259.0,250.0,1085.0,1498.0,860.0,381.0,0.0,600.0,242.0,243.0,242.0
1.0,2678.0,745.0,727.0,98.0,1604.0,637.0,223.0,744.0,242.0,243.0,242.0,256.0,247.0,242.0,829.0,1239.0,610.0,637.0,223.0,744.0,242.0,243.0,242.0
1.0,2031.0,744.0,727.0,475.0,1873.0,763.0,467.0,643.0,242.0,243.0,242.0,251.0,244.0,249.0,573.0,992.0,466.0,763.0,467.0,643.0,242.0,243.0,242.0
1.0,1762.0,745.0,729.0,981.0,1647.0,638.0,717.0,292.0,243.0,243.0,243.0,251.0,250.0,244.0,447.0,748.0,567.0,638.0,717.0,292.0,243.0,243.0,243.0
1.0,1998.0,729.0,729.0,1604.0,984.0,249.0,735.0,0.0,243.0,243.0,243.0,248.0,241.0,240.0,577.0,498.0,923.0,249.0,735.0,0.0,243.0,243.0,243.0
1.0,2873.0,728.0,730.0,1873.0,515.0,0.0,515.0,0.0,243.0,244.0,243.0,239.0,242.0,247.0,966.0,480.0,1427.0,0.0,515.0,0.0,243.0,244.0,243.0
1.0,4018.0,726.0,731.0,1647.0,38.0,0.0,38.0,0.0,244.0,244.0,243.0,244.0,240.0,242.0,1490.0,705.0,1823.0,0.0,38.0,0.0,244.0,244.0,243.0
1.0,4939.0,728.0,732.0,984.0,0.0,0.0,0.0,0.0,244.0,244.0,244.0,239.0,238.0,251.0,1884.0,1182.0,1873.0,0.0,0.0,0.0,244.0,244.0,244.0
1.0,5195.0,731.0,732.0,515.0,0.0,0.0,0.0,0.0,244.0,244.0,244.0,251.0,238.0,242.0,1894.0,1679.0,1622.0,0.0,0.0,0.0,244.0,244.0,244.0
1.0,4979.0,716.0,732.0,38.0,82.0,0.0,0.0,82.0,244.0,244.0,244.0,238.0,236.0,242.0,1643.0,1956.0,1380.0,0.0,0.0,82.0,244.0,244.0,244.0
1.0,4301.0,722.0,732.0,0.0,379.0,54.0,0.0,325.0,244.0,244.0,244.0,239.0,240.0,243.0,1405.0,1758.0,1138.0,54.0,0.0,325.0,244.0,244.0,244.0
1.0,3579.0,735.0,734.0,0.0,883.0,303.0,0.0,580.0,245.0,244.0,245.0,244.0,241.0,250.0,1166.0,1518.0,895.0,303.0,0.0,580.0,245.0,244.0,245.0
1.0,2844.0,714.0,734.0,82.0,1458.0,540.0,181.0,737.0,245.0,244.0,245.0,237.0,238.0,239.0,922.0,1277.0,645.0,540.0,181.0,737.0,245.0,244.0,245.0
1.0,2212.0,721.0,734.0,379.0,1800.0,727.0,417.0,656.0,245.0,244.0,245.0,241.0,236.0,244.0,685.0,1039.0,488.0,727.0,417.0,656.0,245.0,244.0,245.0
1.0,1870.0,732.0,734.0,883.0,1649.0,671.0,662.0,316.0,245.0,244.0,245.0,247.0,245.0,240.0,498.0,803.0,569.0,671.0,662.0,316.0,245.0,244.0,245.0
1.0,2021.0,745.0,735.0,1458.0,1106.0,377.0,729.0,0.0,245.0,244.0,246.0,246.0,248.0,251.0,554.0,558.0,909.0,377.0,729.0,0.0,245.0,244.0,246.0
1.0,2734.0,747.0,735.0,1800.0,562.0,0.0,562.0,0.0,245.0,244.0,246.0,247.0,250.0,250.0,848.0,491.0,1395.0,0.0,562.0,0.0,245.0,244.0,246.0
1.0,3787.0,755.0,737.0,1649.0,154.0,0.0,154.0,0.0,246.0,245.0,246.0,251.0,249.0,255.0,1328.0,658.0,1801.0,0.0,154.0,0.0,246.0,245.0,246.0
1.0,4681.0,768.0,737.0,1106.0,0.0,0.0,0.0,0.0,246.0,245.0,246.0,251.0,257.0,260.0,1748.0,1071.0,1862.0,0.0,0.0,0.0,246.0,245.0,246.0
1.0,5019.0,771.0,738.0,562.0,0.0,0.0,0.0,0.0,246.0,245.0,247.0,255.0,259.0,257.0,1874.0,1543.0,1602.0,0.0,0.0,0.0,246.0,245.0,247.0
1.0,4810.0,777.0,738.0,154.0,150.0,0.0,0.0,150.0,246.0,245.0,247.0,263.0,254.0,260.0,1619.0,1846.0,1345.0,0.0,0.0,150.0,246.0,245.0,247.0
1.0,4187.0,774.0,739.0,0.0,538.0,128.0,0.0,410.0,246.0,246.0,247.0,254.0,260.0,260.0,1356.0,1746.0,1085.0,128.0,0.0,410.0,246.0,246.0,247.0
1.0,3413.0,787.0,740.0,0.0,1074.0,390.0,6.0,678.0,246.0,246.0,248.0,262.0,262.0,263.0,1102.0,1486.0,825.0,390.0,6.0,678.0,246.0,246.0,248.0
1.0,2626.0,782.0,741.0,150.0,1711.0,656.0,267.0,788.0,247.0,246.0,248.0,261.0,261.0,260.0,840.0,1224.0,562.0,656.0,267.0,788.0,247.0,246.0,248.0
1.0,1994.0,794.0,741.0,538.0,1967.0,789.0,531.0,647.0,247.0,246.0,248.0,261.0,264.0,269.0,579.0,963.0,452.0,789.0,531.0,647.0,247.0,246.0,248.0
1.0,1738.0,788.0,742.0,1074.0,1686.0,663.0,795.0,228.0,247.0,247.0,248.0,264.0,265.0,259.0,446.0,699.0,593.0,663.0,795.0,228.0,247.0,247.0,248.0
1.0,2024.0,783.0,743.0,1711.0,1059.0,268.0,791.0,0.0,247.0,247.0,249.0,261.0,263.0,259.0,572.0,440.0,1012.0,268.0,791.0,0.0,247.0,247.0,249.0
1.0,2952.0,773.0,743.0,1967.0,516.0,0.0,516.0,0.0,247.0,247.0,249.0,258.0,256.0,259.0,967.0,444.0,1541.0,0.0,516.0,0.0,247.0,247.0,249.0
1.0,4146.0,779.0,744.0,1686.0,0.0,0.0,0.0,0.0,247.0,248.0,249.0,264.0,261.0,254.0,1498.0,719.0,1929.0,0.0,0.0,0.0,247.0,248.0,249.0
1.0,5053.0,763.0,745.0,1059.0,0.0,0.0,0.0,0.0,248.0,248.0,249.0,258.0,252.0,253.0,1897.0,1253.0,1903.0,0.0,0.0,0.0,248.0,248.0,249.0
1.0,5349.0,769.0,747.0,516.0,0.0,0.0,0.0,0.0,248.0,249.0,250.0,252.0,261.0,256.0,1907.0,1792.0,1650.0,0.0,0.0,0.0,248.0,249.0,250.0
1.0,5096.0,752.0,747.0,0.0,102.0,0.0,0.0,102.0,248.0,249.0,250.0,252.0,254.0,246.0,1655.0,2047.0,1394.0,0.0,0.0,102.0,248.0,249.0,250.0
1.0,4344.0,746.0,747.0,0.0,434.0,87.0,0.0,347.0,248.0,249.0,250.0,250.0,251.0,245.0,1403.0,1793.0,1148.0,87.0,0.0,347.0,248.0,249.0,250.0
1.0,3598.0,752.0,748.0,0.0,943.0,340.0,0.0,603.0,249.0,249.0,250.0,248.0,248.0,256.0,1153.0,1542.0,903.0,340.0,0.0,603.0,249.0,249.0,250.0
1.0,2846.0,747.0,749.0,102.0,1544.0,591.0,205.0,748.0,249.0,250.0,250.0,251.0,249.0,247.0,905.0,1294.0,647.0,591.0,205.0,748.0,249.0,250.0,250.0
1.0,2201.0,730.0,749.0,434.0,1840.0,749.0,449.0,642.0,249.0,250.0,250.0,245.0,244.0,241.0,654.0,1045.0,502.0,749.0,449.0,642.0,249.0,250.0,250.0
1.0,1905.0,737.0,750.0,943.0,1639.0,660.0,694.0,285.0,250.0,250.0,250.0,246.0,245.0,246.0,496.0,801.0,608.0,660.0,694.0,285.0,250.0,250.0,250.0
1.0,2111.0,729.0,750.0,1544.0,1048.0,320.0,728.0,0.0,250.0,250.0,250.0,251.0,239.0,239.0,590.0,556.0,965.0,320.0,728.0,0.0,250.0,250.0,250.0
1.0,2926.0,731.0,750.0,1840.0,526.0,0.0,526.0,0.0,250.0,250.0,250.0,244.0,247.0,240.0,930.0,522.0,1474.0,0.0,526.0,0.0,250.0,250.0,250.0
1.0,4035.0,750.0,751.0,1639.0,78.0,0.0,78.0,0.0,251.0,250.0,250.0,256.0,246.0,248.0,1435.0,724.0,1876.0,0.0,78.0,0.0,251.0,250.0,250.0
1.0,4924.0,758.0,751.0,1048.0,0.0,0.0,0.0,0.0,251.0,250.0,250.0,256.0,255.0,247.0,1839.0,1172.0,1913.0,0.0,0.0,0.0,251.0,250.0,250.0
1.0,5214.0,751.0,751.0,526.0,0.0,0.0,0.0,0.0,251.0,250.0,250.0,251.0,246.0,254.0,1903.0,1645.0,1666.0,0.0,0.0,0.0,251.0,250.0,250.0
1.0,4989.0,762.0,751.0,78.0,91.0,0.0,0.0,91.0,251.0,250.0,250.0,256.0,253.0,253.0,1652.0,1925.0,1412.0,0.0,0.0,91.0,251.0,250.0,250.0
1.0,4305.0,766.0,754.0,0.0,468.0,115.0,0.0,353.0,252.0,251.0,251.0,251.0,258.0,257.0,1396.0,1750.0,1159.0,115.0,0.0,353.0,252.0,251.0,251.0
1.0,3539.0,776.0,753.0,0.0,1002.0,375.0,13.0,614.0,252.0,250.0,251.0,260.0,255.0,261.0,1145.0,1492.0,902.0,375.0,13.0,614.0,252.0,250.0,251.0
1.0,2763.0,777.0,754.0,91.0,1693.0,635.0,276.0,782.0,252.0,251.0,251.0,260.0,258.0,259.0,885.0,1237.0,641.0,635.0,276.0,782.0,252.0,251.0,251.0
1.0,2077.0,785.0,754.0,468.0,2010.0,782.0,537.0,691.0,252.0,251.0,251.0,262.0,261.0,262.0,625.0,979.0,473.0,782.0,537.0,691.0,252.0,251.0,251.0
1.0,1760.0,792.0,754.0,1002.0,1800.0,670.0,792.0,338.0,252.0,251.0,251.0,263.0,268.0,261.0,478.0,718.0,564.0,670.0,792.0,338.0,252.0,251.0,251.0
1.0,1970.0,801.0,754.0,1693.0,1085.0,301.0,784.0,0.0,252.0,251.0,251.0,266.0,268.0,267.0,590.0,463.0,917.0,301.0,784.0,0.0,252.0,251.0,251.0
1.0,2862.0,792.0,756.0,2010.0,509.0,0.0,509.0,0.0,253.0,251.0,252.0,265.0,262.0,265.0,959.0,471.0,1432.0,0.0,509.0,0.0,253.0,251.0,252.0
1.0,4080.0,797.0,757.0,1800.0,0.0,0.0,0.0,0.0,253.0,252.0,252.0,265.0,266.0,266.0,1476.0,746.0,1858.0,0.0,0.0,0.0,253.0,252.0,252.0
1.0,5083.0,796.0,757.0,1085.0,0.0,0.0,0.0,0.0,253.0,252.0,252.0,270.0,260.0,266.0,1881.0,1272.0,1930.0,0.0,0.0,0.0,253.0,252.0,252.0
1.0,5372.0,799.0,758.0,509.0,0.0,0.0,0.0,0.0,253.0,252.0,253.0,263.0,266.0,270.0,1912.0,1796.0,1664.0,0.0,0.0,0.0,253.0,252.0,253.0
1.0,5082.0,783.0,758.0,0.0,136.0,0.0,0.0,136.0,253.0,252.0,253.0,256.0,262.0,265.0,1649.0,2039.0,1394.0,0.0,0.0,136.0,253.0,252.0,253.0
1.0,4299.0,804.0,760.0,0.0,554.0,148.0,0.0,406.0,254.0,253.0,253.0,271.0,263.0,270.0,1393.0,1777.0,1129.0,148.0,0.0,406.0,254.0,253.0,253.0
1.0,3495.0,775.0,761.0,0.0,1085.0,405.0,14.0,666.0,254.0,253.0,254.0,257.0,263.0,255.0,1122.0,1514.0,859.0,405.0,14.0,666.0,254.0,253.0,254.0
1.0,2720.0,797.0,761.0,136.0,1746.0,665.0,283.0,798.0,254.0,253.0,254.0,260.0,269.0,268.0,865.0,1251.0,604.0,665.0,283.0,798.0,254.0,253.0,254.0
1.0,2059.0,764.0,762.0,554.0,1961.0,771.0,542.0,648.0,254.0,254.0,254.0,254.0,254.0,256.0,605.0,982.0,472.0,771.0,542.0,648.0,254.0,254.0,254.0
1.0,1849.0,774.0,763.0,1085.0,1655.0,625.0,787.0,243.0,254.0,254.0,255.0,259.0,259.0,256.0,499.0,728.0,622.0,625.0,787.0,243.0,254.0,254.0,255.0
1.0,2160.0,769.0,764.0,1746.0,983.0,221.0,762.0,0.0,255.0,254.0,255.0,256.0,258.0,255.0,645.0,483.0,1032.0,221.0,762.0,0.0,255.0,254.0,255.0
1.0,3137.0,766.0,765.0,1961.0,479.0,0.0,479.0,0.0,255.0,255.0,255.0,259.0,254.0,253.0,1054.0,508.0,1575.0,0.0,479.0,0.0,255.0,255.0,255.0
1.0,4332.0,769.0,765.0,1655.0,0.0,0.0,0.0,0.0,255.0,255.0,255.0,258.0,258.0,253.0,1566.0,796.0,1970.0,0.0,0.0,0.0,255.0,255.0,255.0
1.0,5218.0,762.0,766.0,983.0,0.0,0.0,0.0,0.0,256.0,255.0,255.0,253.0,258.0,251.0,1933.0,1325.0,1960.0,0.0,0.0,0.0,256.0,255.0,255.0
1.0,5439.0,755.0,767.0,479.0,0.0,0.0,0.0,0.0,256.0,256.0,255.0,251.0,254.0,250.0,1901.0,1829.0,1709.0,0.0,0.0,0.0,256.0,256.0,255.0
1.0,5163.0,766.0,768.0,0.0,78.0,0.0,0.0,78.0,256.0,256.0,256.0,253.0,256.0,257.0,1650.0,2054.0,1459.0,0.0,0.0,78.0,256.0,256.0,256.0
1.0,4397.0,760.0,768.0,0.0,469.0,135.0,0.0,334.0,256.0,256.0,256.0,252.0,252.0,256.0,1397.0,1798.0,1202.0,135.0,0.0,334.0,256.0,256.0,256.0
1.0,3637.0,772.0,769.0,0.0,981.0,388.0,0.0,593.0,256.0,257.0,256.0,253.0,260.0,259.0,1145.0,1546.0,946.0,388.0,0.0,593.0,256.0,257.0,256.0
1.0,2865.0,764.0,769.0,78.0,1666.0,640.0,251.0,775.0,256.0,257.0,256.0,252.0,252.0,260.0,892.0,1286.0,687.0,640.0,251.0,775.0,256.0,257.0,256.0
1.0,2179.0,782.0,771.0,469.0,1989.0,770.0,508.0,711.0,257.0,257.0,257.0,260.0,257.0,265.0,640.0,1034.0,505.0,770.0,508.0,711.0,257.0,257.0,257.0
1.0,1866.0,782.0,771.0,981.0,1790.0,643.0,770.0,377.0,257.0,257.0,257.0,261.0,262.0,259.0,515.0,777.0,574.0,643.0,770.0,377.0,257.0,257.0,257.0
1.0,2065.0,780.0,771.0,1666.0,1043.0,262.0,781.0,0.0,257.0,257.0,257.0,259.0,262.0,259.0,642.0,515.0,908.0,262.0,781.0,0.0,257.0,257.0,257.0
1.0,2951.0,775.0,771.0,1989.0,530.0,0.0,530.0,0.0,257.0,257.0,257.0,262.0,257.0,256.0,1023.0,504.0,1424.0,0.0,530.0,0.0,257.0,257.0,257.0
1.0,4165.0,793.0,771.0,1790.0,29.0,0.0,29.0,0.0,257.0,257.0,257.0,261.0,269.0,263.0,1531.0,755.0,1879.0,0.0,29.0,0.0,257.0,257.0,257.0
1.0,5162.0,797.0,772.0,1043.0,0.0,0.0,0.0,0.0,257.0,258.0,257.0,264.0,268.0,265.0,1913.0,1256.0,1993.0,0.0,0.0,0.0,257.0,258.0,257.0
1.0,5408.0,815.0,773.0,530.0,0.0,0.0,0.0,0.0,258.0,258.0,257.0,271.0,271.0,273.0,1911.0,1769.0,1728.0,0.0,0.0,0.0,258.0,258.0,257.0
1.0,5123.0,797.0,773.0,29.0,96.0,0.0,0.0,96.0,258.0,258.0,257.0,266.0,265.0,266.0,1640.0,2028.0,1455.0,0.0,0.0,96.0,258.0,258.0,257.0
1.0,4355.0,811.0,773.0,0.0,551.0,187.0,0.0,364.0,258.0,258.0,257.0,271.0,272.0,268.0,1374.0,1792.0,1189.0,187.0,0.0,364.0,258.0,258.0,257.0
1.0,3544.0,797.0,773.0,0.0,1118.0,453.0,31.0,634.0,258.0,258.0,257.0,266.0,261.0,270.0,1103.0,1520.0,921.0,453.0,31.0,634.0,258.0,258.0,257.0
1.0,2747.0,797.0,774.0,96.0,1824.0,722.0,291.0,811.0,258.0,258.0,258.0,269.0,260.0,268.0,837.0,1259.0,651.0,722.0,291.0,811.0,258.0,258.0,258.0
1.0,2046.0,793.0,774.0,551.0,2066.0,804.0,551.0,711.0,258.0,258.0,258.0,269.0,260.0,264.0,568.0,999.0,479.0,804.0,551.0,711.0,258.0,258.0,258.0
1.0,1804.0,783.0,774.0,1118.0,1731.0,611.0,775.0,345.0,258.0,258.0,258.0,260.0,255.0,268.0,486.0,739.0,579.0,611.0,775.0,345.0,258.0,258.0,258.0
1.0,2139.0,783.0,774.0,1824.0,895.0,152.0,743.0,0.0,258.0,258.0,258.0,263.0,259.0,261.0,679.0,515.0,945.0,152.0,743.0,0.0,258.0,258.0,258.0
1.0,3180.0,799.0,774.0,2066.0,461.0,0.0,461.0,0.0,258.0,258.0,258.0,263.0,269.0,267.0,1138.0,547.0,1495.0,0.0,461.0,0.0,258.0,258.0,258.0
1.0,4447.0,791.0,776.0,1731.0,0.0,0.0,0.0,0.0,259.0,258.0,259.0,271.0,262.0,258.0,1679.0,829.0,1939.0,0.0,0.0,0.0,259.0,258.0,259.0
1.0,5387.0,777.0,776.0,895.0,0.0,0.0,0.0,0.0,259.0,258.0,259.0,261.0,262.0,254.0,2019.0,1342.0,2026.0,0.0,0.0,0.0,259.0,258.0,259.0
1.0,5505.0,774.0,777.0,461.0,0.0,0.0,0.0,0.0,259.0,259.0,259.0,257.0,257.0,260.0,1910.0,1823.0,1772.0,0.0,0.0,0.0,259.0,259.0,259.0
1.0,5192.0,764.0,777.0,0.0,36.0,0.0,0.0,36.0,259.0,259.0,259.0,254.0,257.0,253.0,1653.0,2027.0,1512.0,0.0,0.0,36.0,259.0,259.0,259.0
1.0,4428.0,781.0,778.0,0.0,456.0,165.0,0.0,291.0,260.0,259.0,259.0,264.0,262.0,255.0,1399.0,1770.0,1259.0,165.0,0.0,291.0,260.0,259.0,259.0
1.0,3647.0,778.0,778.0,0.0,1021.0,424.0,49.0,548.0,260.0,259.0,259.0,259.0,262.0,257.0,1135.0,1508.0,1004.0,424.0,49.0,548.0,260.0,259.0,259.0
1.0,2869.0,790.0,780.0,36.0,1785.0,687.0,320.0,778.0,260.0,260.0,260.0,263.0,266.0,261.0,876.0,1246.0,747.0,687.0,320.0,778.0,260.0,260.0,260.0
1.0,2115.0,793.0,781.0,456.0,2127.0,792.0,580.0,755.0,261.0,260.0,260.0,265.0,260.0,268.0,613.0,980.0,522.0,792.0,580.0,755.0,261.0,260.0,260.0
1.0,1778.0,794.0,783.0,1021.0,1910.0,632.0,805.0,473.0,261.0,261.0,261.0,264.0,269.0,261.0,513.0,720.0,545.0,632.0,805.0,473.0,261.0,261.0,261.0
1.0,2005.0,792.0,783.0,1785.0,954.0,204.0,750.0,0.0,261.0,261.0,261.0,259.0,265.0,268.0,673.0,500.0,832.0,204.0,750.0,0.0,261.0,261.0,261.0
1.0,2998.0,791.0,783.0,2127.0,432.0,0.0,432.0,0.0,261.0,261.0,261.0,262.0,262.0,267.0,1101.0,555.0,1342.0,0.0,432.0,0.0,261.0,261.0,261.0
1.0,4334.0,810.0,784.0,1910.0,0.0,0.0,0.0,0.0,261.0,261.0,262.0,268.0,267.0,275.0,1631.0,873.0,1830.0,0.0,0.0,0.0,261.0,261.0,262.0
1.0,5434.0,806.0,785.0,954.0,0.0,0.0,0.0,0.0,261.0,262.0,262.0,267.0,269.0,270.0,1995.0,1411.0,2028.0,0.0,0.0,0.0,261.0,262.0,262.0
1.0,5582.0,819.0,786.0,432.0,0.0,0.0,0.0,0.0,262.0,262.0,262.0,270.0,273.0,276.0,1932.0,1892.0,1758.0,0.0,0.0,0.0,262.0,262.0,262.0
1.0,5195.0,819.0,787.0,0.0,114.0,0.0,0.0,114.0,262.0,262.0,263.0,265.0,273.0,281.0,1662.0,2051.0,1482.0,0.0,0.0,114.0,262.0,262.0,263.0
1.0,4376.0,827.0,788.0,0.0,567.0,178.0,0.0,389.0,262.0,263.0,263.0,265.0,287.0,275.0,1397.0,1778.0,1201.0,178.0,0.0,389.0,262.0,263.0,263.0
1.0,3549.0,820.0,788.0,0.0,1211.0,447.0,101.0,663.0,262.0,263.0,263.0,269.0,277.0,274.0,1132.0,1491.0,926.0,447.0,101.0,663.0,262.0,263.0,263.0
1.0,2729.0,825.0,788.0,114.0,1922.0,721.0,379.0,822.0,262.0,263.0,263.0,274.0,278.0,273.0,863.0,1214.0,652.0,721.0,379.0,822.0,262.0,263.0,263.0
1.0,2018.0,827.0,788.0,567.0,2182.0,816.0,657.0,709.0,262.0,263.0,263.0,273.0,278.0,276.0,589.0,936.0,493.0,816.0,657.0,709.0,262.0,263.0,263.0
1.0,1758.0,812.0,790.0,1211.0,1793.0,637.0,833.0,323.0,262.0,264.0,264.0,268.0,272.0,272.0,494.0,658.0,606.0,637.0,833.0,323.0,262.0,264.0,264.0
1.0,2157.0,828.0,790.0,1922.0,924.0,188.0,736.0,0.0,262.0,264.0,264.0,272.0,282.0,274.0,673.0,487.0,997.0,188.0,736.0,0.0,262.0,264.0,264.0
1.0,3251.0,823.0,791.0,2182.0,351.0,0.0,351.0,0.0,263.0,264.0,264.0,274.0,272.0,277.0,1122.0,584.0,1545.0,0.0,351.0,0.0,263.0,264.0,264.0
1.0,4610.0,816.0,791.0,1793.0,0.0,0.0,0.0,0.0,263.0,264.0,264.0,272.0,272.0,272.0,1664.0,969.0,1977.0,0.0,0.0,0.0,263.0,264.0,264.0
1.0,5587.0,819.0,791.0,924.0,0.0,0.0,0.0,0.0,263.0,264.0,264.0,270.0,274.0,275.0,2029.0,1530.0,2028.0,0.0,0.0,0.0,263.0,264.0,264.0
1.0,5692.0,801.0,792.0,351.0,0.0,0.0,0.0,0.0,263.0,265.0,264.0,271.0,267.0,263.0,1947.0,1992.0,1753.0,0.0,0.0,0.0,263.0,265.0,264.0
1.0,5242.0,801.0,791.0,0.0,99.0,0.0,0.0,99.0,263.0,264.0,264.0,269.0,263.0,269.0,1676.0,2076.0,1490.0,0.0,0.0,99.0,263.0,264.0,264.0
1.0,4441.0,788.0,793.0,0.0,536.0,179.0,0.0,357.0,264.0,265.0,264.0,266.0,264.0,258.0,1407.0,1813.0,1221.0,179.0,0.0,357.0,264.0,265.0,264.0
1.0,3653.0,795.0,793.0,0.0,1107.0,452.0,39.0,616.0,264.0,265.0,264.0,273.0,263.0,259.0,1141.0,1549.0,963.0,452.0,39.0,616.0,264.0,265.0,264.0
1.0,2858.0,795.0,794.0,99.0,1808.0,724.0,296.0,788.0,264.0,265.0,265.0,272.0,257.0,266.0,868.0,1286.0,704.0,724.0,296.0,788.0,264.0,265.0,265.0
1.0,2162.0,788.0,794.0,536.0,2060.0,815.0,552.0,693.0,264.0,265.0,265.0,270.0,256.0,262.0,596.0,1029.0,537.0,815.0,552.0,693.0,264.0,265.0,265.0
1.0,1910.0,782.0,794.0,1107.0,1735.0,630.0,774.0,331.0,264.0,265.0,265.0,267.0,261.0,254.0,505.0,773.0,632.0,630.0,774.0,331.0,264.0,265.0,265.0
1.0,2235.0,783.0,795.0,1808.0,918.0,181.0,737.0,0.0,265.0,265.0,265.0,270.0,259.0,254.0,690.0,551.0,994.0,181.0,737.0,0.0,265.0,265.0,265.0
1.0,3260.0,788.0,795.0,2060.0,446.0,0.0,446.0,0.0,265.0,265.0,265.0,268.0,261.0,259.0,1144.0,588.0,1528.0,0.0,446.0,0.0,265.0,265.0,265.0
1.0,4532.0,792.0,795.0,1735.0,0.0,0.0,0.0,0.0,265.0,265.0,265.0,266.0,264.0,262.0,1691.0,879.0,1962.0,0.0,0.0,0.0,265.0,265.0,265.0
1.0,5475.0,813.0,796.0,918.0,0.0,0.0,0.0,0.0,266.0,265.0,265.0,273.0,270.0,270.0,2055.0,1389.0,2031.0,0.0,0.0,0.0,266.0,265.0,265.0
1.0,5580.0,801.0,797.0,446.0,0.0,0.0,0.0,0.0,266.0,266.0,265.0,270.0,268.0,263.0,1963.0,1856.0,1761.0,0.0,0.0,0.0,266.0,266.0,265.0
1.0,5225.0,804.0,797.0,0.0,84.0,0.0,0.0,84.0,266.0,266.0,265.0,270.0,277.0,257.0,1693.0,2034.0,1498.0,0.0,0.0,84.0,266.0,266.0,265.0
1.0,4421.0,811.0,798.0,0.0,531.0,179.0,0.0,352.0,267.0,266.0,265.0,267.0,276.0,268.0,1423.0,1757.0,1241.0,179.0,0.0,352.0,267.0,266.0,265.0
1.0,3610.0,821.0,800.0,0.0,1211.0,451.0,134.0,626.0,267.0,267.0,266.0,272.0,280.0,269.0,1156.0,1481.0,973.0,451.0,134.0,626.0,267.0,267.0,266.0
1.0,2789.0,819.0,800.0,84.0,1946.0,718.0,417.0,811.0,267.0,267.0,266.0,267.0,283.0,269.0,884.0,1201.0,704.0,718.0,417.0,811.0,267.0,267.0,266.0
1.0,2054.0,813.0,800.0,531.0,2228.0,810.0,687.0,731.0,267.0,267.0,266.0,271.0,270.0,272.0,617.0,918.0,519.0,810.0,687.0,731.0,267.0,267.0,266.0
1.0,1772.0,837.0,801.0,1211.0,1859.0,634.0,843.0,382.0,267.0,268.0,266.0,275.0,285.0,277.0,525.0,648.0,599.0,634.0,843.0,382.0,267.0,268.0,266.0
1.0,2146.0,839.0,803.0,1946.0,904.0,194.0,710.0,0.0,268.0,268.0,267.0,273.0,284.0,282.0,701.0,497.0,948.0,194.0,710.0,0.0,268.0,268.0,267.0
1.0,3253.0,832.0,803.0,2228.0,302.0,0.0,302.0,0.0,268.0,268.0,267.0,273.0,279.0,280.0,1146.0,630.0,1477.0,0.0,302.0,0.0,268.0,268.0,267.0
1.0,4649.0,842.0,804.0,1859.0,0.0,0.0,0.0,0.0,268.0,269.0,267.0,272.0,289.0,281.0,1683.0,1038.0,1928.0,0.0,0.0,0.0,268.0,269.0,267.0
1.0,5666.0,839.0,804.0,904.0,0.0,0.0,0.0,0.0,268.0,269.0,267.0,276.0,281.0,282.0,2045.0,1592.0,2029.0,0.0,0.0,0.0,268.0,269.0,267.0
1.0,5731.0,837.0,805.0,302.0,0.0,0.0,0.0,0.0,268.0,269.0,268.0,275.0,285.0,277.0,1963.0,2021.0,1747.0,0.0,0.0,0.0,268.0,269.0,268.0
1.0,5196.0,836.0,806.0,0.0,151.0,0.0,0.0,151.0,268.0,270.0,268.0,277.0,278.0,281.0,1688.0,2038.0,1470.0,0.0,0.0,151.0,268.0,270.0,268.0
1.0,4360.0,835.0,806.0,0.0,638.0,210.0,0.0,428.0,268.0,270.0,268.0,281.0,277.0,277.0,1411.0,1760.0,1189.0,210.0,0.0,428.0,268.0,270.0,268.0
1.0,3525.0,836.0,807.0,0.0,1346.0,488.0,141.0,717.0,269.0,270.0,268.0,273.0,274.0,289.0,1130.0,1483.0,912.0,488.0,141.0,717.0,269.0,270.0,268.0
1.0,2689.0,829.0,809.0,151.0,2034.0,760.0,420.0,854.0,269.0,271.0,269.0,272.0,274.0,283.0,857.0,1209.0,623.0,760.0,420.0,854.0,269.0,271.0,269.0
1.0,2011.0,822.0,809.0,638.0,2218.0,822.0,692.0,704.0,269.0,271.0,269.0,272.0,272.0,278.0,585.0,935.0,491.0,822.0,692.0,704.0,269.0,271.0,269.0
1.0,1827.0,816.0,809.0,1346.0,1688.0,608.0,819.0,261.0,269.0,271.0,269.0,274.0,268.0,274.0,523.0,663.0,641.0,608.0,819.0,261.0,269.0,271.0,269.0
1.0,2357.0,821.0,810.0,2034.0,787.0,120.0,667.0,0.0,269.0,271.0,270.0,272.0,268.0,281.0,737.0,536.0,1084.0,120.0,667.0,0.0,269.0,271.0,270.0
1.0,3570.0,805.0,810.0,2218.0,241.0,0.0,241.0,0.0,269.0,271.0,270.0,264.0,266.0,275.0,1225.0,688.0,1657.0,0.0,241.0,0.0,269.0,271.0,270.0
1.0,4983.0,808.0,812.0,1688.0,0.0,0.0,0.0,0.0,270.0,271.0,271.0,266.0,265.0,277.0,1783.0,1114.0,2086.0,0.0,0.0,0.0,270.0,271.0,271.0
1.0,5863.0,810.0,812.0,787.0,0.0,0.0,0.0,0.0,270.0,271.0,271.0,272.0,265.0,273.0,2125.0,1668.0,2070.0,0.0,0.0,0.0,270.0,271.0,271.0
1.0,5840.0,807.0,812.0,241.0,0.0,0.0,0.0,0.0,270.0,271.0,271.0,271.0,263.0,273.0,1973.0,2070.0,1797.0,0.0,0.0,0.0,270.0,271.0,271.0
1.0,5274.0,813.0,813.0,0.0,109.0,0.0,0.0,109.0,270.0,271.0,272.0,277.0,263.0,273.0,1702.0,2048.0,1524.0,0.0,0.0,109.0,270.0,271.0,272.0
1.0,4461.0,809.0,813.0,0.0,576.0,198.0,0.0,378.0,270.0,271.0,272.0,273.0,267.0,269.0,1425.0,1785.0,1251.0,198.0,0.0,378.0,270.0,271.0,272.0
1.0,3652.0,808.0,814.0,0.0,1226.0,475.0,104.0,647.0,271.0,271.0,272.0,272.0,267.0,269.0,1152.0,1518.0,982.0,475.0,104.0,647.0,271.0,271.0,272.0
1.0,2844.0,825.0,814.0,109.0,1942.0,759.0,372.0,811.0,271.0,271.0,272.0,284.0,268.0,273.0,880.0,1251.0,713.0,759.0,372.0,811.0,271.0,271.0,272.0
1.0,2128.0,835.0,815.0,576.0,2206.0,840.0,651.0,715.0,271.0,272.0,272.0,279.0,274.0,282.0,596.0,983.0,549.0,840.0,651.0,715.0,271.0,272.0,272.0
1.0,1869.0,826.0,816.0,1226.0,1811.0,648.0,823.0,340.0,272.0,272.0,272.0,278.0,276.0,272.0,515.0,709.0,645.0,648.0,823.0,340.0,272.0,272.0,272.0
1.0,2269.0,833.0,816.0,1942.0,892.0,170.0,722.0,0.0,272.0,272.0,272.0,281.0,271.0,281.0,712.0,537.0,1020.0,170.0,722.0,0.0,272.0,272.0,272.0
1.0,3378.0,839.0,816.0,2206.0,351.0,0.0,351.0,0.0,272.0,272.0,272.0,278.0,280.0,281.0,1190.0,638.0,1550.0,0.0,351.0,0.0,272.0,272.0,272.0
1.0,4745.0,844.0,816.0,1811.0,0.0,0.0,0.0,0.0,272.0,272.0,272.0,285.0,280.0,279.0,1752.0,1009.0,1984.0,0.0,0.0,0.0,272.0,272.0,272.0
1.0,5712.0,852.0,818.0,892.0,0.0,0.0,0.0,0.0,273.0,272.0,273.0,283.0,283.0,286.0,2115.0,1552.0,2045.0,0.0,0.0,0.0,273.0,272.0,273.0
1.0,5752.0,848.0,818.0,351.0,0.0,0.0,0.0,0.0,273.0,272.0,273.0,284.0,278.0,286.0,2002.0,1991.0,1759.0,0.0,0.0,0.0,273.0,272.0,273.0
1.0,5255.0,847.0,818.0,0.0,175.0,0.0,0.0,175.0,273.0,272.0,273.0,280.0,284.0,283.0,1718.0,2064.0,1473.0,0.0,0.0,175.0,273.0,272.0,273.0
1.0,4408.0,852.0,818.0,0.0,670.0,217.0,0.0,453.0,273.0,272.0,273.0,290.0,284.0,278.0,1438.0,1780.0,1190.0,217.0,0.0,453.0,273.0,272.0,273.0
1.0,3556.0,844.0,820.0,0.0,1388.0,496.0,157.0,735.0,274.0,273.0,273.0,274.0,288.0,282.0,1148.0,1496.0,912.0,496.0,157.0,735.0,274.0,273.0,273.0
1.0,2712.0,850.0,820.0,175.0,2063.0,775.0,446.0,842.0,274.0,273.0,273.0,279.0,289.0,282.0,874.0,1208.0,630.0,775.0,446.0,842.0,274.0,273.0,273.0
1.0,2037.0,840.0,820.0,670.0,2233.0,841.0,726.0,666.0,274.0,273.0,273.0,283.0,280.0,277.0,595.0,919.0,523.0,841.0,726.0,666.0,274.0,273.0,273.0
1.0,1867.0,838.0,820.0,1388.0,1683.0,628.0,847.0,208.0,274.0,273.0,273.0,283.0,278.0,277.0,529.0,639.0,699.0,628.0,847.0,208.0,274.0,273.0,273.0
1.0,2417.0,831.0,820.0,2063.0,811.0,131.0,680.0,0.0,274.0,273.0,273.0,278.0,279.0,274.0,742.0,518.0,1157.0,131.0,680.0,0.0,274.0,273.0,273.0
1.0,3649.0,839.0,821.0,2233.0,240.0,0.0,240.0,0.0,274.0,273.0,274.0,274.0,286.0,279.0,1239.0,685.0,1725.0,0.0,240.0,0.0,274.0,273.0,274.0
1.0,5043.0,828.0,822.0,1683.0,0.0,0.0,0.0,0.0,274.0,274.0,274.0,277.0,278.0,273.0,1806.0,1125.0,2112.0,0.0,0.0,0.0,274.0,274.0,274.0
1.0,5898.0,833.0,823.0,811.0,0.0,0.0,0.0,0.0,275.0,274.0,274.0,274.0,286.0,273.0,2157.0,1694.0,2047.0,0.0,0.0,0.0,275.0,274.0,274.0
1.0,5876.0,821.0,824.0,240.0,0.0,0.0,0.0,0.0,275.0,275.0,274.0,268.0,285.0,268.0,2014.0,2088.0,1774.0,0.0,0.0,0.0,275.0,275.0,274.0
1.0,5295.0,827.0,824.0,0.0,135.0,0.0,0.0,135.0,275.0,275.0,274.0,274.0,282.0,271.0,1746.0,2043.0,1506.0,0.0,0.0,135.0,275.0,275.0,274.0
1.0,4468.0,835.0,826.0,0.0,599.0,176.0,0.0,423.0,275.0,276.0,275.0,273.0,279.0,283.0,1472.0,1761.0,1235.0,176.0,0.0,423.0,275.0,276.0,275.0
1.0,3633.0,818.0,826.0,0.0,1315.0,450.0,173.0,692.0,275.0,276.0,275.0,274.0,275.0,269.0,1199.0,1482.0,952.0,450.0,173.0,692.0,275.0,276.0,275.0
1.0,2815.0,823.0,827.0,135.0,2008.0,727.0,439.0,842.0,275.0,276.0,276.0,277.0,266.0,280.0,925.0,1207.0,683.0,727.0,439.0,842.0,275.0,276.0,276.0
1.0,2127.0,820.0,827.0,599.0,2229.0,826.0,709.0,694.0,275.0,276.0,276.0,275.0,270.0,275.0,648.0,941.0,538.0,826.0,709.0,694.0,275.0,276.0,276.0
1.0,1906.0,854.0,828.0,1315.0,1773.0,657.0,832.0,284.0,275.0,277.0,276.0,281.0,291.0,282.0,549.0,671.0,686.0,657.0,832.0,284.0,275.0,277.0,276.0
1.0,2367.0,842.0,829.0,2008.0,887.0,218.0,669.0,0.0,276.0,277.0,276.0,283.0,276.0,283.0,718.0,553.0,1096.0,218.0,669.0,0.0,276.0,277.0,276.0
1.0,3533.0,837.0,830.0,2229.0,235.0,0.0,235.0,0.0,276.0,277.0,277.0,283.0,275.0,279.0,1162.0,716.0,1655.0,0.0,235.0,0.0,276.0,277.0,277.0
1.0,4925.0,841.0,830.0,1773.0,0.0,0.0,0.0,0.0,276.0,277.0,277.0,286.0,274.0,281.0,1705.0,1150.0,2070.0,0.0,0.0,0.0,276.0,277.0,277.0
1.0,5857.0,846.0,831.0,887.0,0.0,0.0,0.0,0.0,276.0,277.0,278.0,281.0,277.0,288.0,2076.0,1708.0,2073.0,0.0,0.0,0.0,276.0,277.0,278.0
1.0,5898.0,863.0,832.0,235.0,0.0,0.0,0.0,0.0,277.0,277.0,278.0,294.0,277.0,292.0,2013.0,2100.0,1785.0,0.0,0.0,0.0,277.0,277.0,278.0
1.0,5270.0,863.0,832.0,0.0,183.0,0.0,0.0,183.0,277.0,277.0,278.0,286.0,291.0,286.0,1719.0,2058.0,1493.0,0.0,0.0,183.0,277.0,277.0,278.0
1.0,4407.0,872.0,833.0,0.0,724.0,242.0,0.0,482.0,277.0,277.0,279.0,290.0,288.0,294.0,1433.0,1767.0,1207.0,242.0,0.0,482.0,277.0,277.0,279.0
1.0,3535.0,865.0,834.0,0.0,1500.0,535.0,191.0,774.0,278.0,277.0,279.0,288.0,285.0,292.0,1143.0,1479.0,913.0,535.0,191.0,774.0,278.0,277.0,279.0
1.0,2670.0,881.0,834.0,183.0,2198.0,827.0,481.0,890.0,278.0,277.0,279.0,292.0,290.0,299.0,855.0,1194.0,621.0,827.0,481.0,890.0,278.0,277.0,279.0
1.0,1972.0,867.0,836.0,724.0,2351.0,873.0,771.0,707.0,278.0,278.0,280.0,288.0,285.0,294.0,563.0,904.0,505.0,873.0,771.0,707.0,278.0,278.0,280.0
1.0,1829.0,873.0,836.0,1500.0,1724.0,633.0,860.0,231.0,279.0,277.0,280.0,290.0,285.0,298.0,517.0,619.0,693.0,633.0,860.0,231.0,279.0,277.0,280.0
1.0,2456.0,869.0,837.0,2198.0,766.0,94.0,672.0,0.0,279.0,278.0,280.0,288.0,288.0,293.0,762.0,525.0,1169.0,94.0,672.0,0.0,279.0,278.0,280.0
1.0,3785.0,856.0,837.0,2351.0,185.0,0.0,185.0,0.0,279.0,278.0,280.0,284.0,284.0,288.0,1301.0,718.0,1766.0,0.0,185.0,0.0,279.0,278.0,280.0
1.0,5280.0,870.0,838.0,1724.0,0.0,0.0,0.0,0.0,279.0,278.0,281.0,294.0,283.0,293.0,1890.0,1205.0,2185.0,0.0,0.0,0.0,279.0,278.0,281.0
1.0,6134.0,855.0,838.0,766.0,0.0,0.0,0.0,0.0,279.0,278.0,281.0,281.0,286.0,288.0,2229.0,1782.0,2123.0,0.0,0.0,0.0,279.0,278.0,281.0
1.0,6045.0,850.0,839.0,185.0,0.0,0.0,0.0,0.0,280.0,278.0,281.0,285.0,282.0,283.0,2042.0,2168.0,1835.0,0.0,0.0,0.0,280.0,278.0,281.0
1.0,5380.0,854.0,839.0,0.0,137.0,0.0,0.0,137.0,280.0,278.0,281.0,286.0,284.0,284.0,1757.0,2071.0,1552.0,0.0,0.0,137.0,280.0,278.0,281.0
1.0,4526.0,845.0,839.0,0.0,624.0,211.0,0.0,413.0,280.0,278.0,281.0,282.0,287.0,276.0,1471.0,1787.0,1268.0,211.0,0.0,413.0,280.0,278.0,281.0
1.0,3681.0,841.0,840.0,0.0,1360.0,488.0,171.0,701.0,280.0,279.0,281.0,277.0,276.0,288.0,1189.0,1500.0,992.0,488.0,171.0,701.0,280.0,279.0,281.0
1.0,2840.0,837.0,840.0,137.0,2060.0,770.0,454.0,836.0,280.0,279.0,281.0,282.0,283.0,272.0,912.0,1224.0,704.0,770.0,454.0,836.0,280.0,279.0,281.0
1.0,2140.0,834.0,841.0,624.0,2275.0,847.0,731.0,697.0,281.0,279.0,281.0,283.0,277.0,274.0,630.0,941.0,569.0,847.0,731.0,697.0,281.0,279.0,281.0
1.0,1930.0,849.0,842.0,1360.0,1769.0,635.0,858.0,276.0,281.0,280.0,281.0,276.0,293.0,280.0,558.0,664.0,708.0,635.0,858.0,276.0,281.0,280.0,281.0
1.0,2441.0,836.0,842.0,2060.0,831.0,143.0,688.0,0.0,281.0,280.0,281.0,278.0,284.0,274.0,770.0,542.0,1129.0,143.0,688.0,0.0,281.0,280.0,281.0
1.0,3665.0,841.0,842.0,2275.0,240.0,0.0,240.0,0.0,281.0,280.0,281.0,281.0,283.0,277.0,1262.0,712.0,1691.0,0.0,240.0,0.0,281.0,280.0,281.0
1.0,5099.0,843.0,843.0,1769.0,0.0,0.0,0.0,0.0,281.0,281.0,281.0,287.0,286.0,270.0,1828.0,1160.0,2111.0,0.0,0.0,0.0,281.0,281.0,281.0
1.0,6025.0,853.0,844.0,831.0,0.0,0.0,0.0,0.0,282.0,281.0,281.0,284.0,286.0,283.0,2176.0,1732.0,2117.0,0.0,0.0,0.0,282.0,281.0,281.0
1.0,6003.0,848.0,844.0,240.0,0.0,0.0,0.0,0.0,282.0,281.0,281.0,284.0,282.0,282.0,2035.0,2134.0,1834.0,0.0,0.0,0.0,282.0,281.0,281.0
1.0,5395.0,862.0,846.0,0.0,144.0,0.0,0.0,144.0,282.0,282.0,282.0,285.0,291.0,286.0,1751.0,2092.0,1552.0,0.0,0.0,144.0,282.0,282.0,282.0
1.0,4533.0,862.0,846.0,0.0,661.0,234.0,0.0,427.0,282.0,282.0,282.0,290.0,289.0,283.0,1466.0,1801.0,1266.0,234.0,0.0,427.0,282.0,282.0,282.0
1.0,3671.0,871.0,847.0,0.0,1435.0,531.0,197.0,707.0,282.0,283.0,282.0,297.0,294.0,280.0,1176.0,1512.0,983.0,531.0,197.0,707.0,282.0,283.0,282.0
1.0,2800.0,867.0,848.0,144.0,2163.0,830.0,486.0,847.0,283.0,283.0,282.0,294.0,289.0,284.0,879.0,1218.0,703.0,830.0,486.0,847.0,283.0,283.0,282.0
1.0,2077.0,879.0,848.0,661.0,2381.0,892.0,783.0,706.0,283.0,283.0,282.0,296.0,297.0,286.0,585.0,929.0,563.0,892.0,783.0,706.0,283.0,283.0,282.0
1.0,1859.0,882.0,849.0,1435.0,1833.0,654.0,887.0,292.0,283.0,284.0,282.0,293.0,296.0,293.0,523.0,632.0,704.0,654.0,887.0,292.0,283.0,284.0,282.0
1.0,2412.0,876.0,850.0,2163.0,815.0,128.0,687.0,0.0,284.0,284.0,282.0,299.0,286.0,291.0,761.0,533.0,1118.0,128.0,687.0,0.0,284.0,284.0,282.0
1.0,3699.0,875.0,851.0,2381.0,198.0,0.0,198.0,0.0,284.0,284.0,283.0,289.0,294.0,292.0,1292.0,733.0,1674.0,0.0,198.0,0.0,284.0,284.0,283.0
1.0,5205.0,892.0,851.0,1833.0,0.0,0.0,0.0,0.0,284.0,284.0,283.0,303.0,290.0,299.0,1895.0,1222.0,2088.0,0.0,0.0,0.0,284.0,284.0,283.0
1.0,6146.0,880.0,851.0,815.0,0.0,0.0,0.0,0.0,284.0,284.0,283.0,297.0,291.0,292.0,2246.0,1819.0,2081.0,0.0,0.0,0.0,284.0,284.0,283.0
1.0,6081.0,883.0,852.0,198.0,0.0,0.0,0.0,0.0,285.0,284.0,283.0,295.0,293.0,295.0,2077.0,2215.0,1789.0,0.0,0.0,0.0,285.0,284.0,283.0
1.0,5396.0,889.0,853.0,0.0,221.0,0.0,0.0,221.0,285.0,284.0,284.0,297.0,297.0,295.0,1782.0,2120.0,1494.0,0.0,0.0,221.0,285.0,284.0,284.0
1.0,4507.0,866.0,854.0,0.0,741.0,226.0,0.0,515.0,285.0,285.0,284.0,286.0,286.0,294.0,1485.0,1823.0,1199.0,226.0,0.0,515.0,285.0,285.0,284.0
1.0,3641.0,870.0,854.0,0.0,1499.0,512.0,180.0,807.0,285.0,285.0,284.0,286.0,292.0,292.0,1199.0,1537.0,905.0,512.0,180.0,807.0,285.0,285.0,284.0
1.0,2771.0,867.0,855.0,221.0,2150.0,796.0,469.0,885.0,285.0,285.0,285.0,284.0,289.0,294.0,913.0,1245.0,613.0,796.0,469.0,885.0,285.0,285.0,285.0
1.0,2125.0,862.0,855.0,741.0,2271.0,853.0,755.0,663.0,285.0,285.0,285.0,283.0,286.0,293.0,629.0,956.0,540.0,853.0,755.0,663.0,285.0,285.0,285.0
1.0,2004.0,869.0,856.0,1499.0,1646.0,633.0,866.0,147.0,286.0,285.0,285.0,287.0,291.0,291.0,572.0,670.0,762.0,633.0,866.0,147.0,286.0,285.0,285.0
1.0,2634.0,857.0,857.0,2150.0,801.0,122.0,679.0,0.0,286.0,285.0,286.0,285.0,282.0,290.0,797.0,559.0,1278.0,122.0,679.0,0.0,286.0,285.0,286.0
1.0,3927.0,843.0,857.0,2271.0,199.0,0.0,199.0,0.0,286.0,285.0,286.0,279.0,275.0,289.0,1308.0,746.0,1873.0,0.0,199.0,0.0,286.0,285.0,286.0
1.0,5355.0,859.0,857.0,1646.0,0.0,0.0,0.0,0.0,286.0,285.0,286.0,286.0,284.0,289.0,1882.0,1226.0,2247.0,0.0,0.0,0.0,286.0,285.0,286.0
1.0,6142.0,854.0,857.0,801.0,0.0,0.0,0.0,0.0,286.0,285.0,286.0,286.0,283.0,285.0,2229.0,1808.0,2105.0,0.0,0.0,0.0,286.0,285.0,286.0
1.0,6089.0,848.0,859.0,199.0,0.0,0.0,0.0,0.0,287.0,285.0,287.0,279.0,284.0,285.0,2065.0,2204.0,1820.0,0.0,0.0,0.0,287.0,285.0,287.0
1.0,5440.0,850.0,859.0,0.0,191.0,0.0,0.0,191.0,287.0,285.0,287.0,282.0,277.0,291.0,1786.0,2119.0,1535.0,0.0,0.0,191.0,287.0,285.0,287.0
1.0,4590.0,859.0,860.0,0.0,695.0,214.0,0.0,481.0,287.0,286.0,287.0,283.0,286.0,290.0,1504.0,1842.0,1244.0,214.0,0.0,481.0,287.0,286.0,287.0
1.0,3731.0,854.0,860.0,0.0,1423.0,502.0,153.0,768.0,287.0,286.0,287.0,288.0,279.0,287.0,1221.0,1556.0,954.0,502.0,153.0,768.0,287.0,286.0,287.0
1.0,2877.0,851.0,860.0,191.0,2083.0,789.0,434.0,860.0,287.0,286.0,287.0,287.0,281.0,283.0,933.0,1277.0,667.0,789.0,434.0,860.0,287.0,286.0,287.0
1.0,2217.0,882.0,861.0,695.0,2275.0,871.0,728.0,676.0,287.0,286.0,288.0,296.0,294.0,292.0,646.0,996.0,575.0,871.0,728.0,676.0,287.0,286.0,288.0
1.0,2030.0,879.0,862.0,1423.0,1736.0,671.0,866.0,199.0,288.0,286.0,288.0,297.0,291.0,291.0,564.0,702.0,764.0,671.0,866.0,199.0,288.0,286.0,288.0
1.0,2574.0,872.0,863.0,2083.0,907.0,174.0,733.0,0.0,288.0,287.0,288.0,292.0,296.0,284.0,769.0,564.0,1241.0,174.0,733.0,0.0,288.0,287.0,288.0
1.0,3785.0,892.0,863.0,2275.0,306.0,0.0,306.0,0.0,288.0,287.0,288.0,298.0,301.0,293.0,1266.0,702.0,1817.0,0.0,306.0,0.0,288.0,287.0,288.0
1.0,5168.0,892.0,863.0,1736.0,0.0,0.0,0.0,0.0,288.0,287.0,288.0,297.0,297.0,298.0,1839.0,1129.0,2200.0,0.0,0.0,0.0,288.0,287.0,288.0
1.0,6012.0,909.0,864.0,907.0,0.0,0.0,0.0,0.0,288.0,288.0,288.0,302.0,303.0,304.0,2213.0,1698.0,2101.0,0.0,0.0,0.0,288.0,288.0,288.0
1.0,6010.0,906.0,865.0,306.0,0.0,0.0,0.0,0.0,289.0,288.0,288.0,307.0,302.0,297.0,2085.0,2128.0,1797.0,0.0,0.0,0.0,289.0,288.0,288.0
1.0,5410.0,915.0,865.0,0.0,238.0,0.0,0.0,238.0,289.0,288.0,288.0,311.0,306.0,298.0,1778.0,2132.0,1500.0,0.0,0.0,238.0,289.0,288.0,288.0
1.0,4495.0,897.0,865.0,0.0,814.0,280.0,0.0,534.0,289.0,288.0,288.0,302.0,299.0,296.0,1467.0,1826.0,1202.0,280.0,0.0,534.0,289.0,288.0,288.0
1.0,3598.0,904.0,867.0,0.0,1641.0,589.0,218.0,834.0,290.0,289.0,288.0,304.0,300.0,300.0,1165.0,1527.0,906.0,589.0,218.0,834.0,290.0,289.0,288.0
1.0,2694.0,896.0,867.0,238.0,2299.0,886.0,517.0,896.0,290.0,289.0,288.0,297.0,299.0,300.0,861.0,1227.0,606.0,886.0,517.0,896.0,290.0,289.0,288.0
1.0,2036.0,900.0,867.0,814.0,2385.0,909.0,823.0,653.0,290.0,289.0,288.0,303.0,306.0,291.0,564.0,928.0,544.0,909.0,823.0,653.0,290.0,289.0,288.0
1.0,1950.0,898.0,868.0,1641.0,1647.0,622.0,912.0,113.0,290.0,290.0,288.0,302.0,302.0,294.0,541.0,622.0,787.0,622.0,912.0,113.0,290.0,290.0,288.0
1.0,2693.0,890.0,869.0,2299.0,734.0,41.0,693.0,0.0,291.0,290.0,288.0,300.0,298.0,292.0,828.0,538.0,1327.0,41.0,693.0,0.0,291.0,290.0,288.0
1.0,4102.0,886.0,870.0,2385.0,160.0,0.0,160.0,0.0,291.0,290.0,289.0,298.0,290.0,298.0,1414.0,757.0,1931.0,0.0,160.0,0.0,291.0,290.0,289.0
1.0,5601.0,885.0,870.0,1647.0,0.0,0.0,0.0,0.0,291.0,290.0,289.0,295.0,295.0,295.0,2025.0,1290.0,2286.0,0.0,0.0,0.0,291.0,290.0,289.0
1.0,6363.0,868.0,870.0,734.0,0.0,0.0,0.0,0.0,291.0,290.0,289.0,288.0,291.0,289.0,2352.0,1907.0,2104.0,0.0,0.0,0.0,291.0,290.0,289.0
1.0,6229.0,866.0,871.0,160.0,0.0,0.0,0.0,0.0,291.0,291.0,289.0,285.0,290.0,291.0,2105.0,2309.0,1815.0,0.0,0.0,0.0,291.0,291.0,289.0
1.0,5523.0,862.0,872.0,0.0,219.0,0.0,0.0,219.0,291.0,291.0,290.0,287.0,282.0,293.0,1820.0,2179.0,1524.0,0.0,0.0,219.0,291.0,291.0,290.0
1.0,4661.0,850.0,872.0,0.0,710.0,205.0,0.0,505.0,291.0,291.0,290.0,283.0,281.0,286.0,1533.0,1897.0,1231.0,205.0,0.0,505.0,291.0,291.0,290.0
1.0,3811.0,867.0,873.0,0.0,1421.0,503.0,127.0,791.0,292.0,291.0,290.0,293.0,288.0,286.0,1250.0,1616.0,945.0,503.0,127.0,791.0,292.0,291.0,290.0
1.0,2944.0,862.0,873.0,219.0,2064.0,789.0,411.0,864.0,292.0,291.0,290.0,286.0,284.0,292.0,957.0,1328.0,659.0,789.0,411.0,864.0,292.0,291.0,290.0
1.0,2301.0,867.0,874.0,710.0,2226.0,874.0,696.0,656.0,292.0,291.0,291.0,290.0,285.0,292.0,671.0,1044.0,586.0,874.0,696.0,656.0,292.0,291.0,291.0
1.0,2144.0,864.0,874.0,1421.0,1669.0,658.0,857.0,154.0,292.0,291.0,291.0,287.0,288.0,289.0,586.0,759.0,799.0,658.0,857.0,154.0,292.0,291.0,291.0
1.0,2701.0,868.0,874.0,2064.0,890.0,160.0,730.0,0.0,292.0,291.0,291.0,291.0,284.0,293.0,802.0,598.0,1301.0,160.0,730.0,0.0,292.0,291.0,291.0
1.0,3897.0,865.0,874.0,2226.0,318.0,0.0,318.0,0.0,292.0,291.0,291.0,288.0,284.0,293.0,1300.0,725.0,1872.0,0.0,318.0,0.0,292.0,291.0,291.0
1.0,5258.0,885.0,875.0,1669.0,0.0,0.0,0.0,0.0,292.0,291.0,292.0,300.0,291.0,294.0,1886.0,1137.0,2235.0,0.0,0.0,0.0,292.0,291.0,292.0
1.0,6042.0,889.0,876.0,890.0,0.0,0.0,0.0,0.0,293.0,291.0,292.0,299.0,288.0,302.0,2244.0,1703.0,2095.0,0.0,0.0,0.0,293.0,291.0,292.0
1.0,6043.0,898.0,876.0,318.0,0.0,0.0,0.0,0.0,293.0,291.0,292.0,302.0,299.0,297.0,2105.0,2145.0,1793.0,0.0,0.0,0.0,293.0,291.0,292.0
1.0,5463.0,911.0,877.0,0.0,278.0,0.0,0.0,278.0,293.0,291.0,293.0,308.0,294.0,309.0,1803.0,2164.0,1496.0,0.0,0.0,278.0,293.0,291.0,293.0
1.0,4552.0,915.0,877.0,0.0,863.0,279.0,0.0,584.0,293.0,291.0,293.0,309.0,300.0,306.0,1495.0,1870.0,1187.0,279.0,0.0,584.0,293.0,291.0,293.0
1.0,3637.0,921.0,878.0,0.0,1674.0,592.0,190.0,892.0,294.0,291.0,293.0,308.0,305.0,308.0,1186.0,1570.0,881.0,592.0,190.0,892.0,294.0,291.0,293.0
1.0,2716.0,918.0,880.0,278.0,2324.0,899.0,500.0,925.0,294.0,292.0,294.0,307.0,305.0,306.0,878.0,1265.0,573.0,899.0,500.0,925.0,294.0,292.0,294.0
1.0,2076.0,923.0,880.0,863.0,2384.0,929.0,805.0,650.0,294.0,292.0,294.0,309.0,305.0,309.0,571.0,960.0,545.0,929.0,805.0,650.0,294.0,292.0,294.0
1.0,2016.0,914.0,880.0,1674.0,1624.0,646.0,915.0,63.0,294.0,292.0,294.0,309.0,300.0,305.0,541.0,655.0,820.0,646.0,915.0,63.0,294.0,292.0,294.0
1.0,2776.0,926.0,880.0,2324.0,782.0,57.0,725.0,0.0,294.0,292.0,294.0,310.0,310.0,306.0,824.0,545.0,1407.0,57.0,725.0,0.0,294.0,292.0,294.0
1.0,4174.0,925.0,882.0,2384.0,225.0,0.0,225.0,0.0,295.0,292.0,295.0,310.0,305.0,310.0,1413.0,735.0,2026.0,0.0,225.0,0.0,295.0,292.0,295.0
1.0,5633.0,936.0,883.0,1624.0,0.0,0.0,0.0,0.0,295.0,293.0,295.0,315.0,309.0,312.0,2032.0,1235.0,2366.0,0.0,0.0,0.0,295.0,293.0,295.0
1.0,6321.0,920.0,883.0,782.0,0.0,0.0,0.0,0.0,295.0,293.0,295.0,303.0,311.0,306.0,2363.0,1841.0,2117.0,0.0,0.0,0.0,295.0,293.0,295.0
1.0,6183.0,919.0,886.0,225.0,0.0,0.0,0.0,0.0,296.0,294.0,296.0,307.0,310.0,302.0,2117.0,2255.0,1811.0,0.0,0.0,0.0,296.0,294.0,296.0
1.0,5489.0,921.0,886.0,0.0,272.0,0.0,0.0,272.0,296.0,294.0,296.0,306.0,314.0,301.0,1810.0,2170.0,1509.0,0.0,0.0,272.0,296.0,294.0,296.0
1.0,4568.0,910.0,887.0,0.0,855.0,281.0,0.0,574.0,297.0,294.0,296.0,300.0,308.0,302.0,1504.0,1856.0,1208.0,281.0,0.0,574.0,297.0,294.0,296.0
1.0,3658.0,902.0,888.0,0.0,1684.0,582.0,232.0,870.0,297.0,295.0,296.0,301.0,305.0,296.0,1204.0,1548.0,906.0,582.0,232.0,870.0,297.0,295.0,296.0
1.0,2756.0,892.0,888.0,272.0,2304.0,875.0,532.0,897.0,297.0,295.0,296.0,293.0,300.0,299.0,903.0,1243.0,610.0,875.0,532.0,897.0,297.0,295.0,296.0
1.0,2136.0,892.0,889.0,855.0,2346.0,891.0,836.0,619.0,297.0,296.0,296.0,297.0,299.0,296.0,610.0,943.0,583.0,891.0,836.0,619.0,297.0,296.0,296.0
1.0,2099.0,881.0,890.0,1684.0,1548.0,608.0,899.0,41.0,298.0,296.0,296.0,294.0,295.0,292.0,594.0,644.0,861.0,608.0,899.0,41.0,298.0,296.0,296.0
1.0,2902.0,874.0,890.0,2304.0,679.0,23.0,656.0,0.0,298.0,296.0,296.0,290.0,289.0,295.0,882.0,581.0,1439.0,23.0,656.0,0.0,298.0,296.0,296.0
1.0,4332.0,861.0,891.0,2346.0,106.0,0.0,106.0,0.0,298.0,296.0,297.0,287.0,286.0,288.0,1467.0,824.0,2041.0,0.0,106.0,0.0,298.0,296.0,297.0
1.0,5817.0,857.0,890.0,1548.0,0.0,0.0,0.0,0.0,298.0,296.0,296.0,285.0,291.0,281.0,2071.0,1374.0,2372.0,0.0,0.0,0.0,298.0,296.0,296.0
1.0,6508.0,880.0,890.0,679.0,0.0,0.0,0.0,0.0,298.0,296.0,296.0,292.0,299.0,289.0,2394.0,1982.0,2132.0,0.0,0.0,0.0,298.0,296.0,296.0
1.0,6307.0,890.0,891.0,106.0,0.0,0.0,0.0,0.0,298.0,297.0,296.0,299.0,298.0,293.0,2125.0,2339.0,1843.0,0.0,0.0,0.0,298.0,297.0,296.0
1.0,5523.0,884.0,892.0,0.0,226.0,0.0,0.0,226.0,298.0,297.0,297.0,297.0,296.0,291.0,1826.0,2147.0,1550.0,0.0,0.0,226.0,298.0,297.0,297.0
1.0,4639.0,886.0,892.0,0.0,772.0,256.0,0.0,516.0,298.0,297.0,297.0,295.0,301.0,290.0,1529.0,1851.0,1259.0,256.0,0.0,516.0,298.0,297.0,297.0
1.0,3753.0,899.0,892.0,0.0,1606.0,558.0,234.0,814.0,298.0,297.0,297.0,302.0,299.0,298.0,1234.0,1550.0,969.0,558.0,234.0,814.0,298.0,297.0,297.0
1.0,2854.0,890.0,893.0,226.0,2275.0,863.0,529.0,883.0,299.0,297.0,297.0,300.0,295.0,295.0,932.0,1251.0,671.0,863.0,529.0,883.0,299.0,297.0,297.0
1.0,2190.0,916.0,893.0,772.0,2419.0,912.0,837.0,670.0,299.0,297.0,297.0,305.0,308.0,303.0,632.0,956.0,602.0,912.0,837.0,670.0,299.0,297.0,297.0
1.0,2046.0,922.0,894.0,1606.0,1740.0,667.0,911.0,162.0,299.0,298.0,297.0,313.0,303.0,306.0,583.0,648.0,815.0,667.0,911.0,162.0,299.0,298.0,297.0
1.0,2730.0,924.0,894.0,2275.0,802.0,114.0,688.0,0.0,299.0,298.0,297.0,310.0,306.0,308.0,828.0,579.0,1323.0,114.0,688.0,0.0,299.0,298.0,297.0
1.0,4081.0,927.0,895.0,2419.0,159.0,0.0,159.0,0.0,299.0,298.0,298.0,312.0,308.0,307.0,1381.0,802.0,1898.0,0.0,159.0,0.0,299.0,298.0,298.0
1.0,5573.0,930.0,895.0,1740.0,0.0,0.0,0.0,0.0,299.0,298.0,298.0,313.0,308.0,309.0,1981.0,1331.0,2261.0,0.0,0.0,0.0,299.0,298.0,298.0
1.0,6383.0,925.0,896.0,802.0,0.0,0.0,0.0,0.0,300.0,298.0,298.0,313.0,304.0,308.0,2335.0,1934.0,2114.0,0.0,0.0,0.0,300.0,298.0,298.0
1.0,6260.0,924.0,896.0,159.0,0.0,0.0,0.0,0.0,300.0,298.0,298.0,309.0,306.0,309.0,2136.0,2318.0,1806.0,0.0,0.0,0.0,300.0,298.0,298.0
1.0,5495.0,933.0,896.0,0.0,304.0,0.0,0.0,304.0,300.0,298.0,298.0,317.0,305.0,311.0,1827.0,2171.0,1497.0,0.0,0.0,304.0,300.0,298.0,298.0
1.0,4562.0,934.0,897.0,0.0,929.0,307.0,0.0,622.0,300.0,298.0,299.0,317.0,304.0,313.0,1510.0,1866.0,1186.0,307.0,0.0,622.0,300.0,298.0,299.0
1.0,3628.0,930.0,897.0,0.0,1787.0,618.0,239.0,930.0,300.0,298.0,299.0,311.0,311.0,308.0,1193.0,1562.0,873.0,618.0,239.0,930.0,300.0,298.0,299.0
1.0,2698.0,930.0,898.0,304.0,2418.0,931.0,547.0,940.0,301.0,298.0,299.0,308.0,308.0,314.0,882.0,1251.0,565.0,931.0,547.0,940.0,301.0,298.0,299.0
1.0,2072.0,944.0,900.0,929.0,2443.0,938.0,866.0,639.0,301.0,299.0,300.0,314.0,314.0,316.0,574.0,943.0,555.0,938.0,866.0,639.0,301.0,299.0,300.0
1.0,2057.0,925.0,900.0,1787.0,1581.0,627.0,938.0,16.0,301.0,299.0,300.0,307.0,311.0,307.0,567.0,629.0,861.0,627.0,938.0,16.0,301.0,299.0,300.0
1.0,2919.0,930.0,902.0,2418.0,715.0,9.0,706.0,0.0,302.0,300.0,300.0,308.0,310.0,312.0,878.0,557.0,1484.0,9.0,706.0,0.0,302.0,300.0,300.0
1.0,4407.0,919.0,903.0,2443.0,146.0,0.0,146.0,0.0,302.0,300.0,301.0,307.0,306.0,306.0,1501.0,794.0,2112.0,0.0,146.0,0.0,302.0,300.0,301.0
1.0,5931.0,917.0,903.0,1581.0,0.0,0.0,0.0,0.0,302.0,300.0,301.0,307.0,303.0,307.0,2132.0,1354.0,2445.0,0.0,0.0,0.0,302.0,300.0,301.0
1.0,6595.0,918.0,905.0,715.0,0.0,0.0,0.0,0.0,303.0,301.0,301.0,301.0,308.0,309.0,2452.0,1989.0,2154.0,0.0,0.0,0.0,303.0,301.0,301.0
1.0,6392.0,896.0,906.0,146.0,0.0,0.0,0.0,0.0,303.0,301.0,302.0,294.0,302.0,300.0,2160.0,2387.0,1845.0,0.0,0.0,0.0,303.0,301.0,302.0
1.0,5642.0,904.0,907.0,0.0,265.0,0.0,0.0,265.0,303.0,302.0,302.0,299.0,305.0,300.0,1866.0,2231.0,1545.0,0.0,0.0,265.0,303.0,302.0,302.0
1.0,4738.0,908.0,907.0,0.0,817.0,245.0,0.0,572.0,303.0,302.0,302.0,297.0,304.0,307.0,1567.0,1926.0,1245.0,245.0,0.0,572.0,303.0,302.0,302.0
1.0,3830.0,892.0,907.0,0.0,1597.0,538.0,188.0,871.0,303.0,302.0,302.0,293.0,300.0,299.0,1270.0,1622.0,938.0,538.0,188.0,871.0,303.0,302.0,302.0
1.0,2938.0,900.0,908.0,265.0,2237.0,838.0,485.0,914.0,303.0,302.0,303.0,300.0,297.0,303.0,977.0,1322.0,639.0,838.0,485.0,914.0,303.0,302.0,303.0
1.0,2303.0,913.0,910.0,817.0,2343.0,900.0,801.0,642.0,304.0,303.0,303.0,302.0,311.0,300.0,677.0,1025.0,601.0,900.0,801.0,642.0,304.0,303.0,303.0
1.0,2207.0,897.0,910.0,1597.0,1643.0,662.0,914.0,67.0,304.0,303.0,303.0,300.0,301.0,296.0,620.0,714.0,873.0,662.0,914.0,67.0,304.0,303.0,303.0
1.0,2907.0,914.0,910.0,2237.0,861.0,130.0,731.0,0.0,304.0,303.0,303.0,306.0,302.0,306.0,858.0,601.0,1448.0,130.0,731.0,0.0,304.0,303.0,303.0
1.0,4230.0,934.0,911.0,2343.0,251.0,0.0,251.0,0.0,304.0,304.0,303.0,307.0,316.0,311.0,1390.0,784.0,2056.0,0.0,251.0,0.0,304.0,304.0,303.0
1.0,5639.0,927.0,911.0,1643.0,0.0,0.0,0.0,0.0,304.0,304.0,303.0,308.0,308.0,311.0,1983.0,1269.0,2387.0,0.0,0.0,0.0,304.0,304.0,303.0
1.0,6355.0,938.0,911.0,861.0,0.0,0.0,0.0,0.0,304.0,304.0,303.0,315.0,314.0,309.0,2337.0,1875.0,2143.0,0.0,0.0,0.0,304.0,304.0,303.0
1.0,6278.0,935.0,911.0,251.0,0.0,0.0,0.0,0.0,304.0,304.0,303.0,302.0,320.0,313.0,2152.0,2292.0,1834.0,0.0,0.0,0.0,304.0,304.0,303.0
1.0,5594.0,938.0,912.0,0.0,307.0,0.0,0.0,307.0,304.0,305.0,303.0,312.0,313.0,313.0,1850.0,2223.0,1521.0,0.0,0.0,307.0,304.0,305.0,303.0
1.0,4656.0,938.0,912.0,0.0,913.0,298.0,0.0,615.0,304.0,305.0,303.0,316.0,314.0,308.0,1538.0,1910.0,1208.0,298.0,0.0,615.0,304.0,305.0,303.0
1.0,3718.0,945.0,912.0,0.0,1787.0,616.0,249.0,922.0,304.0,305.0,303.0,318.0,320.0,307.0,1222.0,1596.0,900.0,616.0,249.0,922.0,304.0,305.0,303.0
1.0,2773.0,942.0,913.0,307.0,2427.0,930.0,558.0,939.0,304.0,305.0,304.0,314.0,309.0,319.0,904.0,1276.0,593.0,930.0,558.0,939.0,304.0,305.0,304.0
1.0,2138.0,933.0,914.0,913.0,2452.0,956.0,863.0,633.0,305.0,305.0,304.0,319.0,305.0,309.0,590.0,967.0,581.0,956.0,863.0,633.0,305.0,305.0,304.0
1.0,2118.0,940.0,914.0,1787.0,1605.0,657.0,923.0,25.0,305.0,305.0,304.0,317.0,309.0,314.0,569.0,662.0,887.0,657.0,923.0,25.0,305.0,305.0,304.0
1.0,2965.0,955.0,914.0,2427.0,734.0,48.0,686.0,0.0,305.0,305.0,304.0,321.0,321.0,313.0,868.0,602.0,1495.0,48.0,686.0,0.0,305.0,305.0,304.0
1.0,4437.0,930.0,914.0,2452.0,134.0,0.0,134.0,0.0,305.0,305.0,304.0,319.0,311.0,300.0,1477.0,839.0,2121.0,0.0,134.0,0.0,305.0,305.0,304.0
1.0,5959.0,926.0,914.0,1605.0,0.0,0.0,0.0,0.0,305.0,305.0,304.0,312.0,304.0,310.0,2114.0,1391.0,2454.0,0.0,0.0,0.0,305.0,305.0,304.0
1.0,6638.0,935.0,915.0,734.0,0.0,0.0,0.0,0.0,306.0,305.0,304.0,314.0,312.0,309.0,2459.0,2010.0,2169.0,0.0,0.0,0.0,306.0,305.0,304.0
1.0,6437.0,934.0,915.0,134.0,0.0,0.0,0.0,0.0,306.0,305.0,304.0,314.0,314.0,306.0,2193.0,2384.0,1860.0,0.0,0.0,0.0,306.0,305.0,304.0
1.0,5637.0,926.0,916.0,0.0,275.0,0.0,0.0,275.0,306.0,306.0,304.0,313.0,304.0,309.0,1879.0,2204.0,1554.0,0.0,0.0,275.0,306.0,306.0,304.0
1.0,4711.0,907.0,917.0,0.0,852.0,272.0,0.0,580.0,306.0,306.0,305.0,308.0,299.0,300.0,1566.0,1900.0,1245.0,272.0,0.0,580.0,306.0,306.0,305.0
1.0,3804.0,922.0,918.0,0.0,1708.0,586.0,235.0,887.0,307.0,306.0,305.0,309.0,306.0,307.0,1258.0,1601.0,945.0,586.0,235.0,887.0,307.0,306.0,305.0
1.0,2882.0,907.0,918.0,275.0,2340.0,888.0,535.0,917.0,307.0,306.0,305.0,302.0,300.0,305.0,949.0,1295.0,638.0,888.0,535.0,917.0,307.0,306.0,305.0
1.0,2250.0,903.0,918.0,852.0,2391.0,914.0,836.0,641.0,307.0,306.0,305.0,298.0,301.0,304.0,647.0,995.0,608.0,914.0,836.0,641.0,307.0,306.0,305.0
1.0,2199.0,920.0,920.0,1708.0,1613.0,631.0,918.0,64.0,307.0,307.0,306.0,303.0,312.0,305.0,621.0,694.0,884.0,631.0,918.0,64.0,307.0,307.0,306.0
1.0,2987.0,921.0,921.0,2340.0,742.0,50.0,692.0,0.0,308.0,307.0,306.0,302.0,309.0,310.0,904.0,617.0,1466.0,50.0,692.0,0.0,308.0,307.0,306.0
1.0,4406.0,926.0,921.0,2391.0,176.0,0.0,176.0,0.0,308.0,307.0,306.0,305.0,320.0,301.0,1490.0,843.0,2073.0,0.0,176.0,0.0,308.0,307.0,306.0
1.0,5871.0,918.0,922.0,1613.0,0.0,0.0,0.0,0.0,308.0,307.0,307.0,304.0,304.0,310.0,2099.0,1359.0,2413.0,0.0,0.0,0.0,308.0,307.0,307.0
1.0,6566.0,920.0,923.0,742.0,0.0,0.0,0.0,0.0,308.0,308.0,307.0,306.0,307.0,307.0,2426.0,1973.0,2167.0,0.0,0.0,0.0,308.0,308.0,307.0
1.0,6388.0,931.0,923.0,176.0,0.0,0.0,0.0,0.0,308.0,308.0,307.0,304.0,312.0,315.0,2170.0,2358.0,1860.0,0.0,0.0,0.0,308.0,308.0,307.0
1.0,5633.0,940.0,924.0,0.0,312.0,0.0,0.0,312.0,308.0,308.0,308.0,307.0,316.0,317.0,1866.0,2222.0,1545.0,0.0,0.0,312.0,308.0,308.0,308.0
1.0,4693.0,943.0,924.0,0.0,916.0,283.0,0.0,633.0,308.0,308.0,308.0,302.0,320.0,321.0,1559.0,1906.0,1228.0,283.0,0.0,633.0,308.0,308.0,308.0
1.0,3750.0,950.0,925.0,0.0,1825.0,597.0,274.0,954.0,308.0,309.0,308.0,314.0,315.0,321.0,1257.0,1586.0,907.0,597.0,274.0,954.0,308.0,309.0,308.0
1.0,2800.0,969.0,927.0,312.0,2492.0,932.0,594.0,966.0,309.0,309.0,309.0,330.0,320.0,319.0,943.0,1271.0,586.0,932.0,594.0,966.0,309.0,309.0,309.0
1.0,2143.0,963.0,927.0,916.0,2539.0,966.0,918.0,655.0,309.0,309.0,309.0,317.0,324.0,322.0,613.0,951.0,579.0,966.0,918.0,655.0,309.0,309.0,309.0
1.0,2096.0,973.0,928.0,1825.0,1692.0,690.0,973.0,29.0,309.0,310.0,309.0,321.0,324.0,328.0,579.0,627.0,890.0,690.0,973.0,29.0,309.0,310.0,309.0
1.0,2948.0,964.0,929.0,2492.0,774.0,76.0,698.0,0.0,309.0,310.0,310.0,318.0,319.0,327.0,855.0,577.0,1516.0,76.0,698.0,0.0,309.0,310.0,310.0
1.0,4476.0,967.0,929.0,2539.0,102.0,0.0,102.0,0.0,309.0,310.0,310.0,320.0,322.0,325.0,1469.0,852.0,2155.0,0.0,102.0,0.0,309.0,310.0,310.0
1.0,6048.0,964.0,929.0,1692.0,0.0,0.0,0.0,0.0,309.0,310.0,310.0,325.0,321.0,318.0,2115.0,1448.0,2485.0,0.0,0.0,0.0,309.0,310.0,310.0
1.0,6776.0,976.0,931.0,774.0,0.0,0.0,0.0,0.0,310.0,311.0,310.0,331.0,325.0,320.0,2480.0,2100.0,2196.0,0.0,0.0,0.0,310.0,311.0,310.0
1.0,6574.0,968.0,932.0,102.0,2.0,0.0,0.0,2.0,310.0,311.0,311.0,322.0,323.0,323.0,2225.0,2473.0,1876.0,0.0,0.0,2.0,310.0,311.0,311.0
1.0,5708.0,958.0,932.0,0.0,318.0,0.0,0.0,318.0,310.0,311.0,311.0,323.0,319.0,316.0,1903.0,2252.0,1553.0,0.0,0.0,318.0,310.0,311.0,311.0
1.0,4750.0,954.0,932.0,0.0,934.0,297.0,0.0,637.0,310.0,311.0,311.0,327.0,308.0,319.0,1580.0,1933.0,1237.0,297.0,0.0,637.0,310.0,311.0,311.0
1.0,3796.0,949.0,933.0,2.0,1816.0,623.0,239.0,954.0,311.0,311.0,311.0,321.0,309.0,319.0,1253.0,1625.0,918.0,623.0,239.0,954.0,311.0,311.0,311.0
1.0,2849.0,940.0,933.0,318.0,2438.0,938.0,548.0,952.0,311.0,311.0,311.0,315.0,309.0,316.0,932.0,1316.0,601.0,938.0,548.0,952.0,311.0,311.0,311.0
1.0,2227.0,944.0,933.0,934.0,2448.0,961.0,859.0,628.0,311.0,311.0,311.0,320.0,311.0,313.0,617.0,1007.0,603.0,961.0,859.0,628.0,311.0,311.0,311.0
1.0,2217.0,935.0,933.0,1816.0,1582.0,656.0,926.0,0.0,311.0,311.0,311.0,318.0,306.0,311.0,594.0,696.0,927.0,656.0,926.0,0.0,311.0,311.0,311.0
1.0,3098.0,917.0,933.0,2438.0,710.0,25.0,685.0,0.0,311.0,311.0,311.0,307.0,307.0,303.0,899.0,629.0,1570.0,25.0,685.0,0.0,311.0,311.0,311.0
1.0,4619.0,919.0,934.0,2448.0,128.0,0.0,128.0,0.0,312.0,311.0,311.0,313.0,302.0,304.0,1530.0,870.0,2219.0,0.0,128.0,0.0,312.0,311.0,311.0
1.0,6148.0,914.0,934.0,1582.0,0.0,0.0,0.0,0.0,312.0,311.0,311.0,310.0,305.0,299.0,2178.0,1427.0,2543.0,0.0,0.0,0.0,312.0,311.0,311.0
1.0,6816.0,921.0,934.0,710.0,0.0,0.0,0.0,0.0,312.0,311.0,311.0,309.0,309.0,303.0,2524.0,2048.0,2244.0,0.0,0.0,0.0,312.0,311.0,311.0
1.0,6605.0,924.0,934.0,128.0,0.0,0.0,0.0,0.0,312.0,311.0,311.0,310.0,304.0,310.0,2240.0,2424.0,1941.0,0.0,0.0,0.0,312.0,311.0,311.0
1.0,5809.0,927.0,936.0,0.0,227.0,0.0,0.0,227.0,313.0,312.0,311.0,314.0,310.0,303.0,1930.0,2248.0,1631.0,0.0,0.0,227.0,313.0,312.0,311.0
1.0,4882.0,924.0,936.0,0.0,796.0,258.0,0.0,538.0,313.0,312.0,311.0,309.0,304.0,311.0,1616.0,1938.0,1328.0,258.0,0.0,538.0,313.0,312.0,311.0
1.0,3958.0,935.0,937.0,0.0,1662.0,570.0,239.0,853.0,313.0,312.0,312.0,312.0,313.0,310.0,1307.0,1634.0,1017.0,570.0,239.0,853.0,313.0,312.0,312.0
1.0,3023.0,947.0,937.0,227.0,2382.0,883.0,553.0,946.0,313.0,312.0,312.0,313.0,314.0,320.0,995.0,1321.0,707.0,883.0,553.0,946.0,313.0,312.0,312.0
1.0,2303.0,952.0,937.0,796.0,2538.0,939.0,877.0,722.0,313.0,312.0,312.0,314.0,324.0,314.0,682.0,1007.0,614.0,939.0,877.0,722.0,313.0,312.0,312.0
1.0,2147.0,954.0,939.0,1662.0,1840.0,687.0,971.0,182.0,314.0,313.0,312.0,313.0,328.0,313.0,626.0,683.0,838.0,687.0,971.0,182.0,314.0,313.0,312.0
1.0,2855.0,971.0,939.0,2382.0,868.0,126.0,742.0,0.0,314.0,313.0,312.0,322.0,324.0,325.0,883.0,594.0,1378.0,126.0,742.0,0.0,314.0,313.0,312.0
1.0,4266.0,962.0,940.0,2538.0,189.0,0.0,189.0,0.0,314.0,313.0,313.0,315.0,324.0,323.0,1444.0,823.0,1999.0,0.0,189.0,0.0,314.0,313.0,313.0
1.0,5842.0,972.0,940.0,1840.0,0.0,0.0,0.0,0.0,314.0,313.0,313.0,318.0,327.0,327.0,2068.0,1376.0,2398.0,0.0,0.0,0.0,314.0,313.0,313.0
1.0,6710.0,973.0,940.0,868.0,0.0,0.0,0.0,0.0,314.0,313.0,313.0,321.0,327.0,325.0,2437.0,2020.0,2253.0,0.0,0.0,0.0,314.0,313.0,313.0
1.0,6605.0,987.0,941.0,189.0,0.0,0.0,0.0,0.0,314.0,314.0,313.0,327.0,337.0,323.0,2242.0,2435.0,1928.0,0.0,0.0,0.0,314.0,314.0,313.0
1.0,5807.0,984.0,942.0,0.0,297.0,0.0,0.0,297.0,314.0,314.0,314.0,323.0,329.0,332.0,1915.0,2287.0,1605.0,0.0,0.0,297.0,314.0,314.0,314.0
1.0,4823.0,985.0,943.0,0.0,935.0,314.0,0.0,621.0,315.0,314.0,314.0,331.0,330.0,324.0,1592.0,1958.0,1273.0,314.0,0.0,621.0,315.0,314.0,314.0
1.0,3838.0,985.0,944.0,0.0,1867.0,639.0,275.0,953.0,315.0,315.0,314.0,325.0,328.0,332.0,1261.0,1628.0,949.0,639.0,275.0,953.0,315.0,315.0,314.0
1.0,2853.0,980.0,945.0,297.0,2555.0,962.0,603.0,990.0,315.0,315.0,315.0,323.0,328.0,329.0,936.0,1300.0,617.0,962.0,603.0,990.0,315.0,315.0,315.0
1.0,2170.0,987.0,945.0,935.0,2607.0,977.0,928.0,702.0,315.0,315.0,315.0,329.0,325.0,333.0,613.0,972.0,585.0,977.0,928.0,702.0,315.0,315.0,315.0
1.0,2118.0,969.0,947.0,1867.0,1719.0,663.0,977.0,79.0,315.0,316.0,316.0,325.0,319.0,325.0,598.0,647.0,873.0,663.0,977.0,79.0,315.0,316.0,316.0
1.0,3016.0,975.0,948.0,2555.0,733.0,32.0,701.0,0.0,316.0,316.0,316.0,326.0,327.0,322.0,912.0,603.0,1501.0,32.0,701.0,0.0,316.0,316.0,316.0
1.0,4596.0,964.0,948.0,2607.0,93.0,0.0,93.0,0.0,316.0,316.0,316.0,324.0,320.0,320.0,1548.0,879.0,2169.0,0.0,93.0,0.0,316.0,316.0,316.0
1.0,6239.0,961.0,948.0,1719.0,0.0,0.0,0.0,0.0,316.0,316.0,316.0,324.0,318.0,319.0,2201.0,1487.0,2551.0,0.0,0.0,0.0,316.0,316.0,316.0
1.0,6997.0,951.0,950.0,733.0,0.0,0.0,0.0,0.0,316.0,317.0,317.0,315.0,315.0,321.0,2540.0,2146.0,2311.0,0.0,0.0,0.0,316.0,317.0,317.0
1.0,6779.0,953.0,950.0,93.0,0.0,0.0,0.0,0.0,316.0,317.0,317.0,314.0,319.0,320.0,2257.0,2532.0,1990.0,0.0,0.0,0.0,316.0,317.0,317.0
1.0,5919.0,945.0,950.0,0.0,229.0,0.0,0.0,229.0,316.0,317.0,317.0,319.0,312.0,314.0,1943.0,2306.0,1670.0,0.0,0.0,229.0,316.0,317.0,317.0
1.0,4974.0,953.0,951.0,0.0,829.0,284.0,0.0,545.0,317.0,317.0,317.0,323.0,314.0,316.0,1624.0,1994.0,1356.0,284.0,0.0,545.0,317.0,317.0,317.0
1.0,4021.0,958.0,952.0,0.0,1697.0,607.0,222.0,868.0,317.0,317.0,318.0,323.0,317.0,318.0,1301.0,1680.0,1040.0,607.0,222.0,868.0,317.0,317.0,318.0
1.0,3063.0,940.0,953.0,229.0,2413.0,928.0,533.0,952.0,318.0,317.0,318.0,316.0,311.0,313.0,978.0,1363.0,722.0,928.0,533.0,952.0,318.0,317.0,318.0
1.0,2352.0,943.0,953.0,829.0,2527.0,959.0,847.0,721.0,318.0,317.0,318.0,315.0,314.0,314.0,662.0,1052.0,638.0,959.0,847.0,721.0,318.0,317.0,318.0
1.0,2238.0,948.0,953.0,1697.0,1778.0,667.0,937.0,174.0,318.0,317.0,318.0,315.0,312.0,321.0,631.0,738.0,869.0,667.0,937.0,174.0,318.0,317.0,318.0
1.0,2987.0,953.0,954.0,2413.0,783.0,55.0,728.0,0.0,318.0,318.0,318.0,316.0,319.0,318.0,923.0,648.0,1416.0,55.0,728.0,0.0,318.0,318.0,318.0
1.0,4447.0,965.0,955.0,2527.0,203.0,0.0,203.0,0.0,319.0,318.0,318.0,321.0,322.0,322.0,1535.0,862.0,2050.0,0.0,203.0,0.0,319.0,318.0,318.0
1.0,6009.0,958.0,956.0,1778.0,0.0,0.0,0.0,0.0,319.0,318.0,319.0,318.0,319.0,321.0,2173.0,1387.0,2449.0,0.0,0.0,0.0,319.0,318.0,319.0
1.0,6829.0,973.0,956.0,783.0,0.0,0.0,0.0,0.0,319.0,318.0,319.0,326.0,322.0,325.0,2522.0,2005.0,2302.0,0.0,0.0,0.0,319.0,318.0,319.0
1.0,6639.0,960.0,956.0,203.0,0.0,0.0,0.0,0.0,319.0,318.0,319.0,324.0,319.0,317.0,2251.0,2411.0,1977.0,0.0,0.0,0.0,319.0,318.0,319.0
1.0,5882.0,980.0,956.0,0.0,260.0,0.0,0.0,260.0,319.0,318.0,319.0,329.0,326.0,325.0,1927.0,2295.0,1660.0,0.0,0.0,260.0,319.0,318.0,319.0
1.0,4902.0,979.0,957.0,0.0,919.0,327.0,0.0,592.0,320.0,318.0,319.0,325.0,322.0,332.0,1598.0,1969.0,1335.0,327.0,0.0,592.0,320.0,318.0,319.0
1.0,3923.0,993.0,957.0,0.0,1855.0,653.0,277.0,925.0,320.0,318.0,319.0,326.0,334.0,333.0,1273.0,1647.0,1003.0,653.0,277.0,925.0,320.0,318.0,319.0
1.0,2930.0,982.0,957.0,260.0,2577.0,982.0,601.0,994.0,320.0,318.0,319.0,329.0,324.0,329.0,947.0,1313.0,670.0,982.0,601.0,994.0,320.0,318.0,319.0
1.0,2208.0,998.0,958.0,919.0,2661.0,989.0,943.0,729.0,320.0,319.0,319.0,334.0,337.0,327.0,618.0,989.0,601.0,989.0,943.0,729.0,320.0,319.0,319.0
1.0,2129.0,993.0,958.0,1855.0,1799.0,666.0,1001.0,132.0,320.0,319.0,319.0,330.0,335.0,328.0,611.0,652.0,866.0,666.0,1001.0,132.0,320.0,319.0,319.0
1.0,2991.0,995.0,958.0,2577.0,749.0,14.0,735.0,0.0,320.0,319.0,319.0,330.0,335.0,330.0,934.0,594.0,1463.0,14.0,735.0,0.0,320.0,319.0,319.0
1.0,4573.0,988.0,958.0,2661.0,126.0,0.0,126.0,0.0,320.0,319.0,319.0,334.0,334.0,320.0,1586.0,860.0,2127.0,0.0,126.0,0.0,320.0,319.0,319.0
1.0,6246.0,989.0,961.0,1799.0,0.0,0.0,0.0,0.0,321.0,320.0,320.0,332.0,332.0,325.0,2241.0,1469.0,2536.0,0.0,0.0,0.0,321.0,320.0,320.0
1.0,7056.0,990.0,961.0,749.0,0.0,0.0,0.0,0.0,321.0,320.0,320.0,323.0,337.0,330.0,2575.0,2138.0,2343.0,0.0,0.0,0.0,321.0,320.0,320.0
1.0,6815.0,977.0,962.0,126.0,0.0,0.0,0.0,0.0,321.0,321.0,320.0,330.0,331.0,316.0,2266.0,2536.0,2013.0,0.0,0.0,0.0,321.0,321.0,320.0
1.0,5964.0,977.0,962.0,0.0,226.0,3.0,0.0,223.0,321.0,321.0,320.0,334.0,323.0,320.0,1936.0,2331.0,1697.0,3.0,0.0,223.0,321.0,321.0,320.0
1.0,4987.0,972.0,962.0,0.0,872.0,329.0,0.0,543.0,321.0,321.0,320.0,326.0,326.0,320.0,1602.0,2008.0,1377.0,329.0,0.0,543.0,321.0,321.0,320.0
1.0,4015.0,976.0,963.0,0.0,1776.0,656.0,259.0,861.0,321.0,322.0,320.0,327.0,331.0,318.0,1276.0,1682.0,1057.0,656.0,259.0,861.0,321.0,322.0,320.0
1.0,3039.0,968.0,964.0,226.0,2523.0,984.0,580.0,959.0,322.0,322.0,320.0,326.0,321.0,321.0,949.0,1351.0,739.0,984.0,580.0,959.0,322.0,322.0,320.0
1.0,2297.0,956.0,965.0,872.0,2612.0,971.0,905.0,736.0,322.0,322.0,321.0,316.0,325.0,315.0,626.0,1030.0,641.0,971.0,905.0,736.0,322.0,322.0,321.0
1.0,2213.0,966.0,966.0,1776.0,1807.0,639.0,972.0,196.0,322.0,323.0,321.0,324.0,321.0,321.0,639.0,705.0,869.0,639.0,972.0,196.0,322.0,323.0,321.0
1.0,3023.0,964.0,966.0,2523.0,716.0,0.0,716.0,0.0,322.0,323.0,321.0,320.0,324.0,320.0,971.0,643.0,1409.0,0.0,716.0,0.0,322.0,323.0,321.0
1.0,4582.0,960.0,967.0,2612.0,130.0,0.0,130.0,0.0,322.0,323.0,322.0,320.0,319.0,321.0,1635.0,899.0,2048.0,0.0,130.0,0.0,322.0,323.0,322.0
1.0,6234.0,977.0,969.0,1807.0,0.0,0.0,0.0,0.0,323.0,324.0,322.0,333.0,325.0,319.0,2286.0,1485.0,2463.0,0.0,0.0,0.0,323.0,324.0,322.0
1.0,7064.0,979.0,969.0,716.0,0.0,0.0,0.0,0.0,323.0,324.0,322.0,328.0,326.0,325.0,2592.0,2132.0,2340.0,0.0,0.0,0.0,323.0,324.0,322.0
1.0,6801.0,974.0,969.0,130.0,0.0,0.0,0.0,0.0,323.0,324.0,322.0,324.0,323.0,327.0,2264.0,2522.0,2015.0,0.0,0.0,0.0,323.0,324.0,322.0
1.0,5957.0,990.0,971.0,0.0,270.0,11.0,0.0,259.0,324.0,324.0,323.0,331.0,327.0,332.0,1940.0,2329.0,1688.0,11.0,0.0,259.0,324.0,324.0,323.0
1.0,4967.0,982.0,971.0,0.0,923.0,333.0,0.0,590.0,324.0,324.0,323.0,322.0,329.0,331.0,1609.0,2002.0,1356.0,333.0,0.0,590.0,324.0,324.0,323.0
1.0,3985.0,991.0,972.0,0.0,1866.0,658.0,289.0,919.0,324.0,325.0,323.0,325.0,337.0,329.0,1287.0,1673.0,1025.0,658.0,289.0,919.0,324.0,325.0,323.0
1.0,2994.0,989.0,972.0,270.0,2585.0,982.0,616.0,987.0,324.0,325.0,323.0,335.0,327.0,327.0,962.0,1336.0,696.0,982.0,616.0,987.0,324.0,325.0,323.0
1.0,2275.0,1006.0,974.0,923.0,2678.0,983.0,945.0,750.0,325.0,325.0,324.0,329.0,329.0,348.0,638.0,1009.0,628.0,983.0,945.0,750.0,325.0,325.0,324.0
1.0,2192.0,1014.0,974.0,1866.0,1826.0,659.0,996.0,171.0,325.0,325.0,324.0,334.0,340.0,340.0,642.0,680.0,870.0,659.0,996.0,171.0,325.0,325.0,324.0
1.0,3044.0,1008.0,974.0,2585.0,724.0,9.0,715.0,0.0,325.0,325.0,324.0,332.0,335.0,341.0,966.0,629.0,1449.0,9.0,715.0,0.0,325.0,325.0,324.0
1.0,4621.0,1004.0,975.0,2678.0,104.0,0.0,104.0,0.0,325.0,325.0,325.0,333.0,334.0,337.0,1616.0,910.0,2095.0,0.0,104.0,0.0,325.0,325.0,325.0
1.0,6295.0,1016.0,976.0,1826.0,0.0,0.0,0.0,0.0,326.0,325.0,325.0,337.0,337.0,342.0,2266.0,1521.0,2508.0,0.0,0.0,0.0,326.0,325.0,325.0
1.0,7105.0,1007.0,976.0,724.0,0.0,0.0,0.0,0.0,326.0,325.0,325.0,334.0,335.0,338.0,2588.0,2180.0,2337.0,0.0,0.0,0.0,326.0,325.0,325.0
1.0,6822.0,1008.0,977.0,104.0,0.0,0.0,0.0,0.0,326.0,326.0,325.0,331.0,336.0,341.0,2263.0,2560.0,1999.0,0.0,0.0,0.0,326.0,326.0,325.0
1.0,5918.0,1016.0,978.0,0.0,348.0,35.0,0.0,313.0,326.0,326.0,326.0,337.0,338.0,341.0,1932.0,2328.0,1658.0,35.0,0.0,313.0,326.0,326.0,326.0
1.0,4902.0,999.0,978.0,0.0,1020.0,370.0,0.0,650.0,326.0,326.0,326.0,335.0,327.0,337.0,1595.0,1990.0,1317.0,370.0,0.0,650.0,326.0,326.0,326.0
1.0,3903.0,996.0,978.0,0.0,1983.0,699.0,301.0,983.0,326.0,326.0,326.0,329.0,334.0,333.0,1260.0,1663.0,980.0,699.0,301.0,983.0,326.0,326.0,326.0
1.0,2907.0,986.0,978.0,348.0,2621.0,997.0,627.0,997.0,326.0,326.0,326.0,333.0,326.0,327.0,931.0,1329.0,647.0,997.0,627.0,997.0,326.0,326.0,326.0
1.0,2269.0,991.0,979.0,1020.0,2597.0,968.0,959.0,670.0,327.0,326.0,326.0,336.0,332.0,323.0,633.0,1003.0,633.0,968.0,959.0,670.0,327.0,326.0,326.0
1.0,2298.0,983.0,979.0,1983.0,1597.0,592.0,987.0,18.0,327.0,326.0,326.0,323.0,329.0,331.0,667.0,671.0,960.0,592.0,987.0,18.0,327.0,326.0,326.0
1.0,3298.0,976.0,980.0,2621.0,692.0,0.0,692.0,0.0,327.0,327.0,326.0,328.0,327.0,321.0,1043.0,643.0,1612.0,0.0,692.0,0.0,327.0,327.0,326.0
1.0,4943.0,958.0,980.0,2597.0,56.0,0.0,56.0,0.0,327.0,327.0,326.0,320.0,323.0,315.0,1712.0,943.0,2288.0,0.0,56.0,0.0,327.0,327.0,326.0
1.0,6582.0,991.0,980.0,1597.0,0.0,0.0,0.0,0.0,327.0,327.0,326.0,333.0,330.0,328.0,2360.0,1579.0,2643.0,0.0,0.0,0.0,327.0,327.0,326.0
1.0,7188.0,980.0,980.0,692.0,0.0,0.0,0.0,0.0,327.0,327.0,326.0,332.0,325.0,323.0,2619.0,2236.0,2333.0,0.0,0.0,0.0,327.0,327.0,326.0
1.0,6900.0,977.0,982.0,56.0,0.0,0.0,0.0,0.0,327.0,328.0,327.0,325.0,329.0,323.0,2287.0,2603.0,2010.0,0.0,0.0,0.0,327.0,328.0,327.0
1.0,5979.0,978.0,983.0,0.0,273.0,0.0,0.0,273.0,328.0,328.0,327.0,322.0,331.0,325.0,1962.0,2330.0,1687.0,0.0,0.0,273.0,328.0,328.0,327.0
1.0,5001.0,987.0,983.0,0.0,929.0,329.0,0.0,600.0,328.0,328.0,327.0,329.0,331.0,327.0,1640.0,1999.0,1362.0,329.0,0.0,600.0,328.0,328.0,327.0
1.0,4014.0,988.0,984.0,0.0,1894.0,656.0,308.0,930.0,328.0,329.0,327.0,327.0,331.0,330.0,1311.0,1668.0,1035.0,656.0,308.0,930.0,328.0,329.0,327.0
1.0,3026.0,997.0,984.0,273.0,2618.0,996.0,646.0,976.0,328.0,329.0,327.0,340.0,338.0,319.0,984.0,1337.0,705.0,996.0,646.0,976.0,328.0,329.0,327.0
1.0,2302.0,1006.0,986.0,929.0,2705.0,1011.0,977.0,717.0,329.0,329.0,328.0,339.0,331.0,336.0,644.0,999.0,659.0,1011.0,977.0,717.0,329.0,329.0,328.0
1.0,2225.0,1000.0,987.0,1894.0,1816.0,689.0,1012.0,115.0,329.0,330.0,328.0,334.0,338.0,328.0,634.0,668.0,923.0,689.0,1012.0,115.0,329.0,330.0,328.0
1.0,3119.0,1006.0,987.0,2618.0,734.0,31.0,703.0,0.0,329.0,330.0,328.0,338.0,337.0,331.0,956.0,638.0,1525.0,31.0,703.0,0.0,329.0,330.0,328.0
1.0,4731.0,1017.0,988.0,2705.0,69.0,0.0,69.0,0.0,330.0,330.0,328.0,333.0,343.0,341.0,1614.0,947.0,2170.0,0.0,69.0,0.0,330.0,330.0,328.0
1.0,6419.0,1018.0,989.0,1816.0,0.0,0.0,0.0,0.0,330.0,331.0,328.0,340.0,339.0,339.0,2292.0,1581.0,2546.0,0.0,0.0,0.0,330.0,331.0,328.0
1.0,7217.0,1028.0,990.0,734.0,0.0,0.0,0.0,0.0,330.0,331.0,329.0,339.0,348.0,341.0,2641.0,2254.0,2322.0,0.0,0.0,0.0,330.0,331.0,329.0
1.0,6923.0,1036.0,990.0,69.0,11.0,0.0,0.0,11.0,330.0,331.0,329.0,342.0,347.0,347.0,2333.0,2609.0,1981.0,0.0,0.0,11.0,330.0,331.0,329.0
1.0,5956.0,1026.0,992.0,0.0,354.0,3.0,0.0,351.0,331.0,332.0,329.0,339.0,347.0,340.0,1991.0,2331.0,1634.0,3.0,0.0,351.0,331.0,332.0,329.0
1.0,4930.0,1022.0,992.0,0.0,1052.0,343.0,13.0,696.0,331.0,332.0,329.0,340.0,337.0,345.0,1652.0,1984.0,1294.0,343.0,13.0,696.0,331.0,332.0,329.0
1.0,3908.0,1023.0,993.0,11.0,2069.0,677.0,356.0,1036.0,331.0,332.0,330.0,334.0,343.0,346.0,1312.0,1647.0,949.0,677.0,356.0,1036.0,331.0,332.0,330.0
1.0,2896.0,1024.0,993.0,354.0,2739.0,1010.0,695.0,1034.0,331.0,332.0,330.0,336.0,339.0,349.0,978.0,1304.0,614.0,1010.0,695.0,1034.0,331.0,332.0,330.0
1.0,2226.0,1015.0,994.0,1052.0,2707.0,1002.0,1016.0,689.0,331.0,332.0,331.0,335.0,334.0,346.0,645.0,965.0,616.0,1002.0,1016.0,689.0,331.0,332.0,331.0
1.0,2263.0,1028.0,994.0,2069.0,1670.0,666.0,1004.0,0.0,331.0,332.0,331.0,341.0,344.0,343.0,653.0,644.0,966.0,666.0,1004.0,0.0,331.0,332.0,331.0
1.0,3304.0,1023.0,994.0,2739.0,645.0,0.0,645.0,0.0,331.0,332.0,331.0,344.0,336.0,343.0,989.0,656.0,1659.0,0.0,645.0,0.0,331.0,332.0,331.0
1.0,5020.0,997.0,995.0,2707.0,0.0,0.0,0.0,0.0,331.0,332.0,332.0,333.0,324.0,340.0,1655.0,1015.0,2350.0,0.0,0.0,0.0,331.0,332.0,332.0
1.0,6730.0,1004.0,995.0,1670.0,0.0,0.0,0.0,0.0,331.0,332.0,332.0,334.0,333.0,337.0,2324.0,1707.0,2699.0,0.0,0.0,0.0,331.0,332.0,332.0
1.0,7396.0,1001.0,996.0,645.0,0.0,0.0,0.0,0.0,332.0,332.0,332.0,328.0,333.0,340.0,2656.0,2378.0,2362.0,0.0,0.0,0.0,332.0,332.0,332.0
1.0,7040.0,988.0,997.0,0.0,0.0,0.0,0.0,0.0,332.0,332.0,333.0,332.0,325.0,331.0,2328.0,2690.0,2022.0,0.0,0.0,0.0,332.0,332.0,333.0
1.0,6052.0,993.0,997.0,0.0,309.0,0.0,0.0,309.0,332.0,332.0,333.0,330.0,328.0,335.0,1996.0,2365.0,1691.0,0.0,0.0,309.0,332.0,332.0,333.0
1.0,5059.0,991.0,997.0,0.0,965.0,325.0,0.0,640.0,332.0,332.0,333.0,331.0,329.0,331.0,1666.0,2037.0,1356.0,325.0,0.0,640.0,332.0,332.0,333.0
1.0,4068.0,982.0,999.0,0.0,1909.0,648.0,284.0,977.0,332.0,333.0,334.0,323.0,327.0,332.0,1335.0,1708.0,1025.0,648.0,284.0,977.0,332.0,333.0,334.0
1.0,3086.0,997.0,999.0,309.0,2597.0,985.0,611.0,1001.0,332.0,333.0,334.0,337.0,327.0,333.0,1012.0,1381.0,693.0,985.0,611.0,1001.0,332.0,333.0,334.0
1.0,2398.0,1007.0,1000.0,965.0,2644.0,1003.0,942.0,699.0,333.0,333.0,334.0,338.0,331.0,338.0,675.0,1054.0,669.0,1003.0,942.0,699.0,333.0,333.0,334.0
1.0,2356.0,1004.0,1000.0,1909.0,1739.0,695.0,987.0,57.0,333.0,333.0,334.0,340.0,329.0,335.0,662.0,723.0,971.0,695.0,987.0,57.0,333.0,333.0,334.0
1.0,3261.0,1000.0,1001.0,2597.0,753.0,43.0,710.0,0.0,333.0,333.0,335.0,333.0,334.0,333.0,970.0,678.0,1613.0,43.0,710.0,0.0,333.0,333.0,335.0
1.0,4858.0,1009.0,1001.0,2644.0,104.0,0.0,104.0,0.0,333.0,333.0,335.0,331.0,336.0,342.0,1622.0,955.0,2281.0,0.0,104.0,0.0,333.0,333.0,335.0
1.0,6493.0,1009.0,1002.0,1739.0,0.0,0.0,0.0,0.0,333.0,334.0,335.0,339.0,336.0,334.0,2294.0,1561.0,2638.0,0.0,0.0,0.0,333.0,334.0,335.0
1.0,7223.0,1028.0,1003.0,753.0,0.0,0.0,0.0,0.0,334.0,334.0,335.0,345.0,342.0,341.0,2650.0,2212.0,2361.0,0.0,0.0,0.0,334.0,334.0,335.0
1.0,6948.0,1033.0,1003.0,104.0,3.0,0.0,0.0,3.0,334.0,334.0,335.0,342.0,343.0,348.0,2348.0,2580.0,2020.0,0.0,0.0,3.0,334.0,334.0,335.0
1.0,6019.0,1042.0,1004.0,0.0,367.0,11.0,0.0,356.0,334.0,334.0,336.0,347.0,347.0,348.0,2006.0,2341.0,1672.0,11.0,0.0,356.0,334.0,334.0,336.0
1.0,4977.0,1049.0,1006.0,0.0,1102.0,367.0,33.0,702.0,335.0,335.0,336.0,351.0,352.0,346.0,1659.0,1994.0,1324.0,367.0,33.0,702.0,335.0,335.0,336.0
1.0,3928.0,1044.0,1006.0,3.0,2143.0,715.0,384.0,1044.0,335.0,335.0,336.0,348.0,351.0,345.0,1308.0,1642.0,978.0,715.0,384.0,1044.0,335.0,335.0,336.0
1.0,2887.0,1044.0,1006.0,367.0,2820.0,1055.0,732.0,1033.0,335.0,335.0,336.0,351.0,348.0,345.0,960.0,1291.0,636.0,1055.0,732.0,1033.0,335.0,335.0,336.0
1.0,2210.0,1039.0,1008.0,1102.0,2767.0,1041.0,1054.0,672.0,336.0,336.0,336.0,348.0,350.0,341.0,620.0,943.0,647.0,1041.0,1054.0,672.0,336.0,336.0,336.0
1.0,2273.0,1044.0,1008.0,2143.0,1691.0,669.0,1022.0,0.0,336.0,336.0,336.0,343.0,352.0,349.0,639.0,626.0,1008.0,669.0,1022.0,0.0,336.0,336.0,336.0
1.0,3372.0,1038.0,1008.0,2820.0,643.0,0.0,643.0,0.0,336.0,336.0,336.0,345.0,353.0,340.0,1011.0,658.0,1703.0,0.0,643.0,0.0,336.0,336.0,336.0
1.0,5154.0,1031.0,1008.0,2767.0,0.0,0.0,0.0,0.0,336.0,336.0,336.0,342.0,349.0,340.0,1721.0,1037.0,2396.0,0.0,0.0,0.0,336.0,336.0,336.0
1.0,6890.0,1039.0,1009.0,1691.0,0.0,0.0,0.0,0.0,336.0,337.0,336.0,341.0,352.0,346.0,2420.0,1742.0,2728.0,0.0,0.0,0.0,336.0,337.0,336.0
1.0,7542.0,1026.0,1009.0,643.0,0.0,0.0,0.0,0.0,336.0,337.0,336.0,343.0,343.0,340.0,2748.0,2412.0,2382.0,0.0,0.0,0.0,336.0,337.0,336.0
1.0,7159.0,1030.0,1010.0,0.0,0.0,0.0,0.0,0.0,337.0,337.0,336.0,343.0,349.0,338.0,2405.0,2712.0,2042.0,0.0,0.0,0.0,337.0,337.0,336.0
1.0,6129.0,1014.0,1012.0,0.0,316.0,0.0,0.0,316.0,337.0,338.0,337.0,338.0,341.0,335.0,2062.0,2363.0,1704.0,0.0,0.0,316.0,337.0,338.0,337.0
1.0,5115.0,1010.0,1012.0,0.0,955.0,299.0,3.0,653.0,337.0,338.0,337.0,338.0,335.0,337.0,1724.0,2022.0,1369.0,299.0,3.0,653.0,337.0,338.0,337.0
1.0,4105.0,1006.0,1012.0,0.0,1961.0,629.0,339.0,993.0,337.0,338.0,337.0,330.0,336.0,340.0,1386.0,1687.0,1032.0,629.0,339.0,993.0,337.0,338.0,337.0
1.0,3099.0,1006.0,1012.0,316.0,2651.0,965.0,670.0,1016.0,337.0,338.0,337.0,336.0,331.0,339.0,1056.0,1351.0,692.0,965.0,670.0,1016.0,337.0,338.0,337.0
1.0,2409.0,1006.0,1013.0,955.0,2707.0,1001.0,999.0,707.0,337.0,338.0,338.0,335.0,332.0,339.0,720.0,1020.0,669.0,1001.0,999.0,707.0,337.0,338.0,338.0
1.0,2358.0,1009.0,1013.0,1961.0,1755.0,707.0,1000.0,48.0,337.0,338.0,338.0,335.0,340.0,334.0,684.0,691.0,983.0,707.0,1000.0,48.0,337.0,338.0,338.0
1.0,3310.0,1008.0,1013.0,2651.0,744.0,79.0,665.0,0.0,337.0,338.0,338.0,337.0,335.0,336.0,978.0,690.0,1642.0,79.0,665.0,0.0,337.0,338.0,338.0
1.0,4953.0,1001.0,1014.0,2707.0,0.0,0.0,0.0,0.0,338.0,338.0,338.0,341.0,333.0,327.0,1606.0,1025.0,2322.0,0.0,0.0,0.0,338.0,338.0,338.0
1.0,6659.0,1003.0,1015.0,1755.0,0.0,0.0,0.0,0.0,338.0,338.0,339.0,333.0,331.0,339.0,2266.0,1691.0,2702.0,0.0,0.0,0.0,338.0,338.0,339.0
1.0,7411.0,1018.0,1016.0,744.0,0.0,0.0,0.0,0.0,338.0,339.0,339.0,339.0,337.0,342.0,2640.0,2360.0,2411.0,0.0,0.0,0.0,338.0,339.0,339.0
1.0,7137.0,1009.0,1016.0,0.0,0.0,0.0,0.0,0.0,338.0,339.0,339.0,341.0,332.0,336.0,2380.0,2688.0,2069.0,0.0,0.0,0.0,338.0,339.0,339.0
1.0,6128.0,1030.0,1017.0,0.0,313.0,8.0,0.0,305.0,339.0,339.0,339.0,352.0,335.0,343.0,2039.0,2356.0,1733.0,8.0,0.0,305.0,339.0,339.0,339.0
1.0,5098.0,1035.0,1018.0,0.0,1027.0,354.0,14.0,659.0,339.0,339.0,340.0,346.0,340.0,349.0,1687.0,2021.0,1390.0,354.0,14.0,659.0,339.0,339.0,340.0
1.0,4063.0,1033.0,1018.0,0.0,2060.0,700.0,349.0,1011.0,339.0,339.0,340.0,346.0,335.0,352.0,1341.0,1681.0,1041.0,700.0,349.0,1011.0,339.0,339.0,340.0
1.0,3030.0,1045.0,1018.0,313.0,2792.0,1049.0,694.0,1049.0,339.0,339.0,340.0,357.0,345.0,343.0,995.0,1346.0,689.0,1049.0,694.0,1049.0,339.0,339.0,340.0
1.0,2298.0,1065.0,1020.0,1027.0,2840.0,1057.0,1030.0,753.0,340.0,339.0,341.0,357.0,350.0,358.0,646.0,1001.0,651.0,1057.0,1030.0,753.0,340.0,339.0,341.0
1.0,2260.0,1054.0,1020.0,2060.0,1834.0,705.0,1033.0,96.0,340.0,339.0,341.0,348.0,352.0,354.0,643.0,665.0,952.0,705.0,1033.0,96.0,340.0,339.0,341.0
1.0,3266.0,1062.0,1020.0,2792.0,702.0,11.0,691.0,0.0,340.0,339.0,341.0,355.0,352.0,355.0,995.0,662.0,1609.0,11.0,691.0,0.0,340.0,339.0,341.0
1.0,4996.0,1075.0,1021.0,2840.0,16.0,0.0,16.0,0.0,341.0,339.0,341.0,361.0,355.0,359.0,1689.0,1004.0,2303.0,0.0,16.0,0.0,341.0,339.0,341.0
1.0,6761.0,1057.0,1022.0,1834.0,0.0,0.0,0.0,0.0,341.0,339.0,342.0,350.0,349.0,358.0,2385.0,1679.0,2697.0,0.0,0.0,0.0,341.0,339.0,342.0
1.0,7538.0,1069.0,1023.0,702.0,0.0,0.0,0.0,0.0,341.0,340.0,342.0,353.0,354.0,362.0,2740.0,2363.0,2435.0,0.0,0.0,0.0,341.0,340.0,342.0
1.0,7171.0,1052.0,1023.0,16.0,0.0,0.0,0.0,0.0,341.0,340.0,342.0,348.0,351.0,353.0,2398.0,2700.0,2073.0,0.0,0.0,0.0,341.0,340.0,342.0
1.0,6135.0,1058.0,1024.0,0.0,354.0,11.0,0.0,343.0,342.0,340.0,342.0,351.0,354.0,353.0,2050.0,2365.0,1720.0,11.0,0.0,343.0,342.0,340.0,342.0
1.0,5077.0,1046.0,1025.0,0.0,1094.0,355.0,49.0,690.0,342.0,341.0,342.0,344.0,355.0,347.0,1699.0,2011.0,1367.0,355.0,49.0,690.0,342.0,341.0,342.0
1.0,4031.0,1048.0,1025.0,0.0,2142.0,696.0,407.0,1039.0,342.0,341.0,342.0,341.0,358.0,349.0,1355.0,1656.0,1020.0,696.0,407.0,1039.0,342.0,341.0,342.0
1.0,2983.0,1048.0,1026.0,354.0,2841.0,1032.0,760.0,1049.0,342.0,341.0,343.0,347.0,353.0,348.0,1014.0,1298.0,671.0,1032.0,760.0,1049.0,342.0,341.0,343.0
1.0,2289.0,1043.0,1027.0,1094.0,2795.0,1021.0,1064.0,710.0,342.0,342.0,343.0,344.0,348.0,351.0,678.0,945.0,666.0,1021.0,1064.0,710.0,342.0,342.0,343.0
1.0,2340.0,1039.0,1027.0,2142.0,1692.0,664.0,1007.0,21.0,342.0,342.0,343.0,339.0,350.0,350.0,689.0,646.0,1005.0,664.0,1007.0,21.0,342.0,342.0,343.0
1.0,3443.0,1032.0,1027.0,2841.0,596.0,0.0,596.0,0.0,342.0,342.0,343.0,339.0,349.0,344.0,1046.0,703.0,1694.0,0.0,596.0,0.0,342.0,342.0,343.0
1.0,5252.0,1016.0,1028.0,2795.0,0.0,0.0,0.0,0.0,342.0,343.0,343.0,333.0,341.0,342.0,1739.0,1114.0,2399.0,0.0,0.0,0.0,342.0,343.0,343.0
1.0,7031.0,1018.0,1029.0,1692.0,0.0,0.0,0.0,0.0,343.0,343.0,343.0,336.0,341.0,341.0,2427.0,1837.0,2767.0,0.0,0.0,0.0,343.0,343.0,343.0
1.0,7705.0,1022.0,1030.0,596.0,0.0,0.0,0.0,0.0,343.0,343.0,344.0,335.0,348.0,339.0,2755.0,2503.0,2447.0,0.0,0.0,0.0,343.0,343.0,344.0
1.0,7279.0,1014.0,1031.0,0.0,0.0,0.0,0.0,0.0,343.0,344.0,344.0,342.0,341.0,331.0,2420.0,2751.0,2108.0,0.0,0.0,0.0,343.0,344.0,344.0
1.0,6265.0,1021.0,1031.0,0.0,278.0,0.0,0.0,278.0,343.0,344.0,344.0,344.0,342.0,335.0,2078.0,2410.0,1777.0,0.0,0.0,278.0,343.0,344.0,344.0
1.0,5244.0,1015.0,1031.0,0.0,934.0,314.0,0.0,620.0,343.0,344.0,344.0,333.0,340.0,342.0,1734.0,2068.0,1442.0,314.0,0.0,620.0,343.0,344.0,344.0
1.0,4229.0,1031.0,1031.0,0.0,1957.0,655.0,346.0,956.0,343.0,344.0,344.0,341.0,354.0,336.0,1401.0,1728.0,1100.0,655.0,346.0,956.0,343.0,344.0,344.0
1.0,3198.0,1025.0,1032.0,278.0,2709.0,998.0,692.0,1019.0,343.0,345.0,344.0,343.0,341.0,341.0,1060.0,1374.0,764.0,998.0,692.0,1019.0,343.0,345.0,344.0
1.0,2451.0,1035.0,1033.0,934.0,2815.0,1041.0,1031.0,743.0,344.0,345.0,344.0,352.0,339.0,344.0,717.0,1033.0,701.0,1041.0,1031.0,743.0,344.0,345.0,344.0
1.0,2350.0,1041.0,1033.0,1957.0,1899.0,735.0,1033.0,131.0,344.0,345.0,344.0,349.0,348.0,344.0,679.0,694.0,977.0,735.0,1033.0,131.0,344.0,345.0,344.0
1.0,3266.0,1037.0,1033.0,2709.0,775.0,86.0,689.0,0.0,344.0,345.0,344.0,349.0,348.0,340.0,985.0,692.0,1589.0,86.0,689.0,0.0,344.0,345.0,344.0
1.0,4938.0,1046.0,1033.0,2815.0,3.0,0.0,3.0,0.0,344.0,345.0,344.0,351.0,345.0,350.0,1634.0,1036.0,2268.0,0.0,3.0,0.0,344.0,345.0,344.0
1.0,6707.0,1053.0,1033.0,1899.0,0.0,0.0,0.0,0.0,344.0,345.0,344.0,353.0,350.0,350.0,2324.0,1722.0,2661.0,0.0,0.0,0.0,344.0,345.0,344.0
1.0,7553.0,1066.0,1033.0,775.0,0.0,0.0,0.0,0.0,344.0,345.0,344.0,356.0,354.0,356.0,2706.0,2405.0,2442.0,0.0,0.0,0.0,344.0,345.0,344.0
1.0,7262.0,1064.0,1033.0,3.0,0.0,0.0,0.0,0.0,344.0,345.0,344.0,356.0,357.0,351.0,2436.0,2740.0,2086.0,0.0,0.0,0.0,344.0,345.0,344.0
1.0,6201.0,1072.0,1035.0,0.0,350.0,7.0,0.0,343.0,345.0,345.0,345.0,362.0,357.0,353.0,2080.0,2386.0,1735.0,7.0,0.0,343.0,345.0,345.0,345.0
1.0,5129.0,1069.0,1035.0,0.0,1115.0,368.0,48.0,699.0,345.0,345.0,345.0,361.0,352.0,356.0,1718.0,2029.0,1382.0,368.0,48.0,699.0,345.0,345.0,345.0
1.0,4060.0,1071.0,1035.0,0.0,2186.0,726.0,401.0,1059.0,345.0,345.0,345.0,358.0,353.0,360.0,1357.0,1677.0,1026.0,726.0,401.0,1059.0,345.0,345.0,345.0
1.0,2989.0,1083.0,1038.0,350.0,2934.0,1086.0,768.0,1080.0,346.0,346.0,346.0,362.0,362.0,359.0,999.0,1324.0,666.0,1086.0,768.0,1080.0,346.0,346.0,346.0
1.0,2256.0,1064.0,1038.0,1115.0,2883.0,1074.0,1070.0,739.0,346.0,346.0,346.0,356.0,350.0,358.0,644.0,962.0,650.0,1074.0,1070.0,739.0,346.0,346.0,346.0
1.0,2307.0,1066.0,1038.0,2186.0,1763.0,702.0,1016.0,45.0,346.0,346.0,346.0,354.0,347.0,365.0,656.0,660.0,991.0,702.0,1016.0,45.0,346.0,346.0,346.0
1.0,3427.0,1059.0,1039.0,2934.0,602.0,0.0,602.0,0.0,346.0,346.0,347.0,349.0,354.0,356.0,1028.0,714.0,1685.0,0.0,602.0,0.0,346.0,346.0,347.0
1.0,5302.0,1065.0,1039.0,2883.0,0.0,0.0,0.0,0.0,346.0,346.0,347.0,356.0,352.0,357.0,1765.0,1128.0,2409.0,0.0,0.0,0.0,346.0,346.0,347.0
1.0,7120.0,1055.0,1040.0,1763.0,0.0,0.0,0.0,0.0,347.0,346.0,347.0,350.0,352.0,353.0,2483.0,1846.0,2791.0,0.0,0.0,0.0,347.0,346.0,347.0
1.0,7828.0,1047.0,1040.0,602.0,0.0,0.0,0.0,0.0,347.0,346.0,347.0,351.0,347.0,349.0,2835.0,2510.0,2483.0,0.0,0.0,0.0,347.0,346.0,347.0
1.0,7383.0,1039.0,1041.0,0.0,0.0,0.0,0.0,0.0,347.0,346.0,348.0,350.0,346.0,343.0,2484.0,2765.0,2134.0,0.0,0.0,0.0,347.0,346.0,348.0
1.0,6344.0,1037.0,1042.0,0.0,300.0,0.0,0.0,300.0,347.0,347.0,348.0,340.0,346.0,351.0,2134.0,2419.0,1791.0,0.0,0.0,300.0,347.0,347.0,348.0
1.0,5307.0,1045.0,1043.0,0.0,953.0,290.0,11.0,652.0,348.0,347.0,348.0,344.0,349.0,352.0,1794.0,2073.0,1440.0,290.0,11.0,652.0,348.0,347.0,348.0
1.0,4262.0,1034.0,1043.0,0.0,1987.0,629.0,362.0,996.0,348.0,347.0,348.0,339.0,351.0,344.0,1450.0,1724.0,1088.0,629.0,362.0,996.0,348.0,347.0,348.0
1.0,3228.0,1042.0,1044.0,300.0,2734.0,970.0,719.0,1045.0,348.0,348.0,348.0,341.0,352.0,349.0,1111.0,1373.0,744.0,970.0,719.0,1045.0,348.0,348.0,348.0
1.0,2486.0,1038.0,1045.0,953.0,2824.0,1021.0,1057.0,746.0,348.0,348.0,349.0,341.0,349.0,348.0,770.0,1021.0,695.0,1021.0,1057.0,746.0,348.0,348.0,349.0
1.0,2401.0,1049.0,1045.0,1987.0,1886.0,742.0,1041.0,103.0,348.0,348.0,349.0,350.0,346.0,353.0,719.0,683.0,999.0,742.0,1041.0,103.0,348.0,348.0,349.0
1.0,3339.0,1050.0,1045.0,2734.0,790.0,117.0,673.0,0.0,348.0,348.0,349.0,345.0,351.0,354.0,998.0,699.0,1642.0,117.0,673.0,0.0,348.0,348.0,349.0
1.0,5023.0,1047.0,1047.0,2824.0,0.0,0.0,0.0,0.0,348.0,349.0,350.0,343.0,357.0,347.0,1623.0,1067.0,2333.0,0.0,0.0,0.0,348.0,349.0,350.0
1.0,6800.0,1059.0,1047.0,1886.0,0.0,0.0,0.0,0.0,348.0,349.0,350.0,352.0,357.0,350.0,2301.0,1767.0,2732.0,0.0,0.0,0.0,348.0,349.0,350.0
1.0,7627.0,1063.0,1048.0,790.0,0.0,0.0,0.0,0.0,348.0,350.0,350.0,359.0,346.0,358.0,2691.0,2451.0,2485.0,0.0,0.0,0.0,348.0,350.0,350.0
1.0,7354.0,1067.0,1049.0,0.0,0.0,0.0,0.0,0.0,349.0,350.0,350.0,356.0,356.0,355.0,2449.0,2778.0,2127.0,0.0,0.0,0.0,349.0,350.0,350.0
1.0,6287.0,1076.0,1049.0,0.0,348.0,16.0,0.0,332.0,349.0,350.0,350.0,364.0,358.0,354.0,2093.0,2422.0,1772.0,16.0,0.0,332.0,349.0,350.0,350.0
1.0,5211.0,1074.0,1049.0,0.0,1108.0,372.0,53.0,683.0,349.0,350.0,350.0,356.0,367.0,351.0,1729.0,2064.0,1418.0,372.0,53.0,683.0,349.0,350.0,350.0
1.0,4137.0,1079.0,1050.0,0.0,2192.0,739.0,414.0,1039.0,349.0,351.0,350.0,367.0,356.0,356.0,1373.0,1697.0,1067.0,739.0,414.0,1039.0,349.0,351.0,350.0
1.0,3058.0,1093.0,1050.0,348.0,2937.0,1100.0,776.0,1061.0,349.0,351.0,350.0,377.0,362.0,354.0,1006.0,1341.0,711.0,1100.0,776.0,1061.0,349.0,351.0,350.0
1.0,2313.0,1101.0,1051.0,1108.0,2935.0,1100.0,1092.0,743.0,350.0,351.0,350.0,367.0,369.0,365.0,645.0,979.0,689.0,1100.0,1092.0,743.0,350.0,351.0,350.0
1.0,2320.0,1086.0,1051.0,2192.0,1829.0,723.0,1036.0,70.0,350.0,351.0,350.0,362.0,358.0,366.0,650.0,663.0,1007.0,723.0,1036.0,70.0,350.0,351.0,350.0
1.0,3426.0,1093.0,1051.0,2937.0,622.0,0.0,622.0,0.0,350.0,351.0,350.0,369.0,362.0,362.0,1027.0,719.0,1680.0,0.0,622.0,0.0,350.0,351.0,350.0
1.0,5270.0,1076.0,1052.0,2935.0,0.0,0.0,0.0,0.0,350.0,352.0,350.0,364.0,360.0,352.0,1758.0,1133.0,2379.0,0.0,0.0,0.0,350.0,352.0,350.0
1.0,7129.0,1078.0,1053.0,1829.0,0.0,0.0,0.0,0.0,351.0,352.0,350.0,366.0,358.0,354.0,2494.0,1865.0,2770.0,0.0,0.0,0.0,351.0,352.0,350.0
1.0,7880.0,1078.0,1053.0,622.0,0.0,0.0,0.0,0.0,351.0,352.0,350.0,366.0,360.0,352.0,2851.0,2543.0,2486.0,0.0,0.0,0.0,351.0,352.0,350.0
1.0,7424.0,1074.0,1055.0,0.0,0.0,0.0,0.0,0.0,352.0,352.0,351.0,361.0,355.0,358.0,2485.0,2805.0,2134.0,0.0,0.0,0.0,352.0,352.0,351.0
1.0,6350.0,1078.0,1055.0,0.0,336.0,0.0,0.0,336.0,352.0,352.0,351.0,359.0,362.0,357.0,2124.0,2450.0,1776.0,0.0,0.0,336.0,352.0,352.0,351.0
1.0,5272.0,1069.0,1055.0,0.0,1072.0,349.0,33.0,690.0,352.0,352.0,351.0,354.0,361.0,354.0,1765.0,2088.0,1419.0,349.0,33.0,690.0,352.0,352.0,351.0
1.0,4203.0,1065.0,1055.0,0.0,2137.0,706.0,388.0,1043.0,352.0,352.0,351.0,357.0,355.0,353.0,1411.0,1727.0,1065.0,706.0,388.0,1043.0,352.0,352.0,351.0
1.0,3138.0,1056.0,1056.0,336.0,2862.0,1063.0,741.0,1058.0,353.0,352.0,351.0,352.0,353.0,351.0,1054.0,1372.0,712.0,1063.0,741.0,1058.0,353.0,352.0,351.0
1.0,2418.0,1057.0,1056.0,1072.0,2847.0,1070.0,1057.0,720.0,353.0,352.0,351.0,356.0,349.0,352.0,702.0,1019.0,697.0,1070.0,1057.0,720.0,353.0,352.0,351.0
1.0,2433.0,1037.0,1056.0,2137.0,1747.0,706.0,1013.0,28.0,353.0,352.0,351.0,342.0,344.0,351.0,695.0,703.0,1035.0,706.0,1013.0,28.0,353.0,352.0,351.0
1.0,3533.0,1054.0,1058.0,2862.0,629.0,0.0,629.0,0.0,353.0,353.0,352.0,349.0,352.0,353.0,1059.0,747.0,1727.0,0.0,629.0,0.0,353.0,353.0,352.0
1.0,5341.0,1050.0,1058.0,2847.0,0.0,0.0,0.0,0.0,353.0,353.0,352.0,344.0,350.0,356.0,1773.0,1136.0,2432.0,0.0,0.0,0.0,353.0,353.0,352.0
1.0,7138.0,1059.0,1059.0,1747.0,0.0,0.0,0.0,0.0,353.0,353.0,353.0,347.0,354.0,358.0,2499.0,1843.0,2796.0,0.0,0.0,0.0,353.0,353.0,353.0
1.0,7826.0,1063.0,1060.0,629.0,0.0,0.0,0.0,0.0,354.0,353.0,353.0,354.0,352.0,357.0,2858.0,2502.0,2466.0,0.0,0.0,0.0,354.0,353.0,353.0
1.0,7392.0,1062.0,1060.0,0.0,11.0,0.0,0.0,11.0,354.0,353.0,353.0,355.0,352.0,355.0,2504.0,2779.0,2109.0,0.0,0.0,11.0,354.0,353.0,353.0
1.0,6330.0,1063.0,1060.0,0.0,364.0,0.0,0.0,364.0,354.0,353.0,353.0,352.0,358.0,353.0,2149.0,2427.0,1754.0,0.0,0.0,364.0,354.0,353.0,353.0
1.0,5267.0,1070.0,1062.0,0.0,1113.0,323.0,59.0,731.0,354.0,354.0,354.0,350.0,358.0,362.0,1797.0,2069.0,1401.0,323.0,59.0,731.0,354.0,354.0,354.0
1.0,4197.0,1080.0,1062.0,11.0,2182.0,681.0,419.0,1082.0,354.0,354.0,354.0,358.0,360.0,362.0,1447.0,1711.0,1039.0,681.0,419.0,1082.0,354.0,354.0,354.0
1.0,3128.0,1087.0,1064.0,364.0,2915.0,1045.0,784.0,1086.0,355.0,354.0,355.0,359.0,365.0,363.0,1089.0,1351.0,688.0,1045.0,784.0,1086.0,355.0,354.0,355.0
1.0,2405.0,1093.0,1065.0,1113.0,2900.0,1083.0,1098.0,719.0,355.0,355.0,355.0,361.0,368.0,364.0,730.0,986.0,689.0,1083.0,1098.0,719.0,355.0,355.0,355.0
1.0,2425.0,1097.0,1065.0,2182.0,1815.0,764.0,1047.0,4.0,355.0,355.0,355.0,362.0,368.0,367.0,692.0,677.0,1056.0,764.0,1047.0,4.0,355.0,355.0,355.0
1.0,3510.0,1113.0,1066.0,2915.0,731.0,89.0,642.0,0.0,355.0,356.0,355.0,370.0,374.0,369.0,1011.0,728.0,1771.0,89.0,642.0,0.0,355.0,356.0,355.0
1.0,5312.0,1102.0,1067.0,2900.0,0.0,0.0,0.0,0.0,355.0,356.0,356.0,365.0,374.0,363.0,1686.0,1138.0,2488.0,0.0,0.0,0.0,355.0,356.0,356.0
1.0,7110.0,1111.0,1068.0,1815.0,0.0,0.0,0.0,0.0,356.0,356.0,356.0,367.0,373.0,371.0,2404.0,1862.0,2844.0,0.0,0.0,0.0,356.0,356.0,356.0
1.0,7814.0,1114.0,1069.0,731.0,0.0,0.0,0.0,0.0,356.0,357.0,356.0,372.0,375.0,367.0,2801.0,2536.0,2477.0,0.0,0.0,0.0,356.0,357.0,356.0
1.0,7431.0,1110.0,1070.0,0.0,51.0,0.0,0.0,51.0,356.0,357.0,357.0,368.0,366.0,376.0,2518.0,2803.0,2110.0,0.0,0.0,51.0,356.0,357.0,357.0
1.0,6321.0,1112.0,1070.0,0.0,420.0,2.0,0.0,418.0,356.0,357.0,357.0,372.0,373.0,367.0,2150.0,2437.0,1734.0,2.0,0.0,418.0,356.0,357.0,357.0
1.0,5209.0,1113.0,1071.0,0.0,1259.0,366.0,105.0,788.0,356.0,358.0,357.0,364.0,379.0,370.0,1778.0,2064.0,1367.0,366.0,105.0,788.0,356.0,358.0,357.0
1.0,4096.0,1105.0,1072.0,51.0,2318.0,742.0,471.0,1105.0,357.0,358.0,357.0,371.0,366.0,368.0,1414.0,1685.0,997.0,742.0,471.0,1105.0,357.0,358.0,357.0
1.0,3042.0,1095.0,1072.0,420.0,2993.0,1107.0,836.0,1050.0,357.0,358.0,357.0,367.0,365.0,363.0,1043.0,1319.0,680.0,1107.0,836.0,1050.0,357.0,358.0,357.0
1.0,2367.0,1096.0,1073.0,1259.0,2835.0,1109.0,1107.0,619.0,357.0,359.0,357.0,368.0,371.0,357.0,678.0,954.0,735.0,1109.0,1107.0,619.0,357.0,359.0,357.0
1.0,2530.0,1095.0,1074.0,2318.0,1738.0,741.0,997.0,0.0,358.0,359.0,357.0,369.0,361.0,365.0,676.0,688.0,1166.0,741.0,997.0,0.0,358.0,359.0,357.0
1.0,3753.0,1086.0,1075.0,2993.0,521.0,3.0,518.0,0.0,358.0,359.0,358.0,369.0,357.0,360.0,1049.0,798.0,1906.0,3.0,518.0,0.0,358.0,359.0,358.0
1.0,5660.0,1079.0,1075.0,2835.0,0.0,0.0,0.0,0.0,358.0,359.0,358.0,363.0,358.0,358.0,1787.0,1277.0,2596.0,0.0,0.0,0.0,358.0,359.0,358.0
1.0,7416.0,1080.0,1076.0,1738.0,0.0,0.0,0.0,0.0,359.0,359.0,358.0,364.0,358.0,358.0,2533.0,2026.0,2857.0,0.0,0.0,0.0,359.0,359.0,358.0
1.0,8074.0,1058.0,1076.0,521.0,0.0,0.0,0.0,0.0,359.0,359.0,358.0,358.0,350.0,350.0,2910.0,2665.0,2499.0,0.0,0.0,0.0,359.0,359.0,358.0
1.0,7537.0,1067.0,1076.0,0.0,1.0,0.0,0.0,1.0,359.0,359.0,358.0,354.0,353.0,360.0,2555.0,2833.0,2149.0,0.0,0.0,1.0,359.0,359.0,358.0
1.0,6470.0,1059.0,1076.0,0.0,355.0,0.0,0.0,355.0,359.0,359.0,358.0,353.0,352.0,354.0,2201.0,2480.0,1789.0,0.0,0.0,355.0,359.0,359.0,358.0
1.0,5411.0,1062.0,1078.0,0.0,1041.0,304.0,27.0,710.0,360.0,360.0,358.0,352.0,355.0,355.0,1848.0,2128.0,1435.0,304.0,27.0,710.0,360.0,360.0,358.0
1.0,4349.0,1061.0,1078.0,1.0,2101.0,659.0,384.0,1058.0,360.0,360.0,358.0,355.0,357.0,349.0,1496.0,1773.0,1080.0,659.0,384.0,1058.0,360.0,360.0,358.0
1.0,3289.0,1061.0,1078.0,355.0,2807.0,1014.0,738.0,1055.0,360.0,360.0,358.0,355.0,354.0,352.0,1141.0,1416.0,732.0,1014.0,738.0,1055.0,360.0,360.0,358.0
1.0,2583.0,1076.0,1079.0,1041.0,2847.0,1072.0,1068.0,707.0,360.0,360.0,359.0,362.0,357.0,357.0,786.0,1062.0,735.0,1072.0,1068.0,707.0,360.0,360.0,359.0
1.0,2548.0,1070.0,1079.0,2101.0,1816.0,767.0,1046.0,3.0,360.0,360.0,359.0,354.0,362.0,354.0,728.0,732.0,1088.0,767.0,1046.0,3.0,360.0,360.0,359.0
1.0,3579.0,1086.0,1079.0,2807.0,785.0,116.0,669.0,0.0,360.0,360.0,359.0,363.0,361.0,362.0,1033.0,754.0,1792.0,116.0,669.0,0.0,360.0,360.0,359.0
1.0,5300.0,1096.0,1080.0,2847.0,0.0,0.0,0.0,0.0,360.0,361.0,359.0,359.0,371.0,366.0,1684.0,1131.0,2485.0,0.0,0.0,0.0,360.0,361.0,359.0
1.0,7051.0,1074.0,1080.0,1816.0,0.0,0.0,0.0,0.0,360.0,361.0,359.0,359.0,360.0,355.0,2397.0,1828.0,2826.0,0.0,0.0,0.0,360.0,361.0,359.0
1.0,7793.0,1098.0,1081.0,785.0,0.0,0.0,0.0,0.0,361.0,361.0,359.0,367.0,364.0,367.0,2805.0,2514.0,2474.0,0.0,0.0,0.0,361.0,361.0,359.0
1.0,7480.0,1102.0,1081.0,0.0,52.0,0.0,0.0,52.0,361.0,361.0,359.0,368.0,370.0,364.0,2554.0,2819.0,2107.0,0.0,0.0,52.0,361.0,361.0,359.0
1.0,6378.0,1116.0,1081.0,0.0,431.0,0.0,0.0,431.0,360.0,361.0,360.0,372.0,370.0,374.0,2186.0,2449.0,1743.0,0.0,0.0,431.0,360.0,361.0,360.0
1.0,5262.0,1128.0,1082.0,0.0,1276.0,370.0,105.0,801.0,361.0,361.0,360.0,379.0,379.0,370.0,1814.0,2079.0,1369.0,370.0,105.0,801.0,361.0,361.0,360.0
1.0,4134.0,1125.0,1082.0,52.0,2349.0,747.0,480.0,1122.0,361.0,361.0,360.0,377.0,375.0,373.0,1435.0,1700.0,999.0,747.0,480.0,1122.0,361.0,361.0,360.0
1.0,3061.0,1131.0,1083.0,431.0,3054.0,1120.0,865.0,1069.0,361.0,362.0,360.0,373.0,380.0,378.0,1058.0,1325.0,678.0,1120.0,865.0,1069.0,361.0,362.0,360.0
1.0,2361.0,1146.0,1084.0,1276.0,2929.0,1132.0,1142.0,655.0,361.0,362.0,361.0,382.0,382.0,382.0,685.0,945.0,731.0,1132.0,1142.0,655.0,361.0,362.0,361.0
1.0,2491.0,1126.0,1086.0,2349.0,1812.0,772.0,1040.0,0.0,362.0,363.0,361.0,382.0,373.0,371.0,673.0,668.0,1150.0,772.0,1040.0,0.0,362.0,363.0,361.0
1.0,3714.0,1128.0,1087.0,3054.0,578.0,31.0,547.0,0.0,362.0,363.0,362.0,379.0,372.0,377.0,1038.0,775.0,1901.0,31.0,547.0,0.0,362.0,363.0,362.0
1.0,5640.0,1116.0,1087.0,2929.0,0.0,0.0,0.0,0.0,362.0,363.0,362.0,367.0,379.0,370.0,1779.0,1268.0,2593.0,0.0,0.0,0.0,362.0,363.0,362.0
1.0,7453.0,1121.0,1087.0,1812.0,0.0,0.0,0.0,0.0,362.0,363.0,362.0,378.0,371.0,372.0,2544.0,2031.0,2878.0,0.0,0.0,0.0,362.0,363.0,362.0
1.0,8144.0,1110.0,1089.0,578.0,0.0,0.0,0.0,0.0,363.0,364.0,362.0,371.0,371.0,368.0,2938.0,2700.0,2506.0,0.0,0.0,0.0,363.0,364.0,362.0
1.0,7612.0,1109.0,1090.0,0.0,46.0,0.0,0.0,46.0,363.0,364.0,363.0,375.0,365.0,369.0,2598.0,2876.0,2138.0,0.0,0.0,46.0,363.0,364.0,363.0
1.0,6503.0,1100.0,1090.0,0.0,408.0,0.0,0.0,408.0,363.0,364.0,363.0,367.0,371.0,362.0,2223.0,2511.0,1769.0,0.0,0.0,408.0,363.0,364.0,363.0
1.0,5403.0,1092.0,1091.0,0.0,1144.0,330.0,41.0,773.0,364.0,364.0,363.0,366.0,361.0,365.0,1856.0,2140.0,1407.0,330.0,41.0,773.0,364.0,364.0,363.0
1.0,4311.0,1086.0,1093.0,46.0,2194.0,693.0,401.0,1100.0,364.0,365.0,364.0,363.0,355.0,368.0,1490.0,1779.0,1042.0,693.0,401.0,1100.0,364.0,365.0,364.0
1.0,3271.0,1088.0,1093.0,408.0,2874.0,1050.0,767.0,1057.0,364.0,365.0,364.0,357.0,366.0,365.0,1127.0,1424.0,720.0,1050.0,767.0,1057.0,364.0,365.0,364.0
1.0,2591.0,1078.0,1093.0,1144.0,2808.0,1078.0,1085.0,645.0,364.0,365.0,364.0,358.0,359.0,361.0,770.0,1058.0,763.0,1078.0,1085.0,645.0,364.0,365.0,364.0
1.0,2657.0,1100.0,1094.0,2194.0,1805.0,752.0,1053.0,0.0,365.0,365.0,364.0,362.0,369.0,369.0,742.0,740.0,1175.0,752.0,1053.0,0.0,365.0,365.0,364.0
1.0,3751.0,1085.0,1095.0,2874.0,716.0,62.0,654.0,0.0,365.0,366.0,364.0,360.0,363.0,362.0,1073.0,772.0,1906.0,62.0,654.0,0.0,365.0,366.0,364.0
1.0,5540.0,1085.0,1095.0,2808.0,0.0,0.0,0.0,0.0,365.0,366.0,364.0,362.0,361.0,362.0,1763.0,1176.0,2601.0,0.0,0.0,0.0,365.0,366.0,364.0
1.0,7263.0,1086.0,1096.0,1805.0,0.0,0.0,0.0,0.0,365.0,366.0,365.0,363.0,357.0,366.0,2479.0,1900.0,2884.0,0.0,0.0,0.0,365.0,366.0,365.0
1.0,7982.0,1086.0,1096.0,716.0,0.0,0.0,0.0,0.0,365.0,366.0,365.0,359.0,365.0,362.0,2868.0,2596.0,2518.0,0.0,0.0,0.0,365.0,366.0,365.0
1.0,7612.0,1108.0,1097.0,0.0,41.0,0.0,0.0,41.0,366.0,366.0,365.0,375.0,361.0,372.0,2571.0,2885.0,2156.0,0.0,0.0,41.0,366.0,366.0,365.0
1.0,6504.0,1106.0,1097.0,0.0,414.0,1.0,0.0,413.0,366.0,366.0,365.0,367.0,367.0,372.0,2196.0,2524.0,1784.0,1.0,0.0,413.0,366.0,366.0,365.0
1.0,5398.0,1091.0,1097.0,0.0,1178.0,367.0,36.0,775.0,366.0,366.0,365.0,366.0,363.0,362.0,1829.0,2157.0,1412.0,367.0,36.0,775.0,366.0,366.0,365.0
1.0,4307.0,1115.0,1097.0,41.0,2252.0,737.0,411.0,1104.0,366.0,366.0,365.0,370.0,375.0,370.0,1463.0,1794.0,1050.0,737.0,411.0,1104.0,366.0,366.0,365.0
1.0,3233.0,1107.0,1097.0,414.0,2945.0,1109.0,777.0,1059.0,366.0,366.0,365.0,373.0,366.0,368.0,1093.0,1419.0,721.0,1109.0,777.0,1059.0,366.0,366.0,365.0
1.0,2540.0,1124.0,1097.0,1178.0,2891.0,1120.0,1112.0,659.0,366.0,366.0,365.0,378.0,371.0,375.0,721.0,1053.0,766.0,1120.0,1112.0,659.0,366.0,366.0,365.0
1.0,2594.0,1116.0,1098.0,2252.0,1835.0,760.0,1075.0,0.0,367.0,366.0,365.0,372.0,374.0,370.0,710.0,718.0,1166.0,760.0,1075.0,0.0,367.0,366.0,365.0
1.0,3730.0,1131.0,1098.0,2945.0,703.0,35.0,668.0,0.0,367.0,366.0,365.0,384.0,370.0,377.0,1075.0,755.0,1900.0,35.0,668.0,0.0,367.0,366.0,365.0
1.0,5544.0,1128.0,1098.0,2891.0,0.0,0.0,0.0,0.0,367.0,366.0,365.0,373.0,376.0,379.0,1800.0,1162.0,2582.0,0.0,0.0,0.0,367.0,366.0,365.0
1.0,7307.0,1131.0,1098.0,1835.0,0.0,0.0,0.0,0.0,367.0,366.0,365.0,382.0,380.0,369.0,2547.0,1898.0,2862.0,0.0,0.0,0.0,367.0,366.0,365.0
1.0,8011.0,1117.0,1098.0,703.0,0.0,0.0,0.0,0.0,367.0,366.0,365.0,378.0,376.0,363.0,2925.0,2593.0,2493.0,0.0,0.0,0.0,367.0,366.0,365.0
1.0,7597.0,1140.0,1100.0,0.0,77.0,0.0,0.0,77.0,368.0,366.0,366.0,383.0,380.0,377.0,2582.0,2885.0,2130.0,0.0,0.0,77.0,368.0,366.0,366.0
1.0,6457.0,1119.0,1100.0,0.0,464.0,23.0,0.0,441.0,368.0,366.0,366.0,382.0,373.0,364.0,2199.0,2505.0,1753.0,23.0,0.0,441.0,368.0,366.0,366.0
1.0,5338.0,1123.0,1100.0,0.0,1285.0,409.0,69.0,807.0,368.0,366.0,366.0,386.0,371.0,366.0,1817.0,2132.0,1389.0,409.0,69.0,807.0,368.0,366.0,366.0
1.0,4215.0,1122.0,1100.0,77.0,2330.0,790.0,441.0,1099.0,368.0,366.0,366.0,381.0,372.0,369.0,1431.0,1761.0,1023.0,790.0,441.0,1099.0,368.0,366.0,366.0
1.0,3170.0,1109.0,1101.0,464.0,2980.0,1138.0,819.0,1023.0,368.0,367.0,366.0,371.0,373.0,365.0,1050.0,1389.0,731.0,1138.0,819.0,1023.0,368.0,367.0,366.0
1.0,2525.0,1119.0,1102.0,1285.0,2819.0,1107.0,1125.0,587.0,369.0,367.0,366.0,373.0,375.0,371.0,702.0,1016.0,807.0,1107.0,1125.0,587.0,369.0,367.0,366.0
1.0,2691.0,1124.0,1102.0,2330.0,1751.0,700.0,1051.0,0.0,369.0,367.0,366.0,383.0,367.0,374.0,738.0,710.0,1243.0,700.0,1051.0,0.0,369.0,367.0,366.0
1.0,3897.0,1113.0,1104.0,2980.0,609.0,0.0,609.0,0.0,369.0,368.0,367.0,370.0,372.0,371.0,1145.0,784.0,1968.0,0.0,609.0,0.0,369.0,368.0,367.0
1.0,5764.0,1119.0,1105.0,2819.0,0.0,0.0,0.0,0.0,370.0,368.0,367.0,375.0,371.0,373.0,1913.0,1231.0,2620.0,0.0,0.0,0.0,370.0,368.0,367.0
1.0,7464.0,1106.0,1105.0,1751.0,0.0,0.0,0.0,0.0,370.0,368.0,367.0,369.0,368.0,369.0,2645.0,1985.0,2834.0,0.0,0.0,0.0,370.0,368.0,367.0
1.0,8109.0,1104.0,1107.0,609.0,0.0,0.0,0.0,0.0,370.0,369.0,368.0,371.0,368.0,365.0,2976.0,2668.0,2465.0,0.0,0.0,0.0,370.0,369.0,368.0
1.0,7614.0,1102.0,1107.0,0.0,105.0,0.0,0.0,105.0,370.0,369.0,368.0,364.0,373.0,365.0,2605.0,2909.0,2100.0,0.0,0.0,105.0,370.0,369.0,368.0
1.0,6512.0,1099.0,1108.0,0.0,476.0,0.0,0.0,476.0,371.0,369.0,368.0,361.0,367.0,371.0,2241.0,2536.0,1735.0,0.0,0.0,476.0,371.0,369.0,368.0
1.0,5413.0,1108.0,1110.0,0.0,1245.0,336.0,55.0,854.0,371.0,370.0,369.0,361.0,374.0,373.0,1880.0,2169.0,1364.0,336.0,55.0,854.0,371.0,370.0,369.0
1.0,4305.0,1123.0,1110.0,105.0,2263.0,703.0,434.0,1126.0,371.0,370.0,369.0,367.0,379.0,377.0,1519.0,1795.0,991.0,703.0,434.0,1126.0,371.0,370.0,369.0
1.0,3287.0,1121.0,1110.0,476.0,2908.0,1078.0,810.0,1020.0,371.0,370.0,369.0,375.0,376.0,370.0,1152.0,1416.0,719.0,1078.0,810.0,1020.0,371.0,370.0,369.0
1.0,2642.0,1128.0,1110.0,1245.0,2791.0,1117.0,1130.0,544.0,371.0,370.0,369.0,375.0,375.0,378.0,777.0,1040.0,825.0,1117.0,1130.0,544.0,371.0,370.0,369.0
1.0,2759.0,1147.0,1113.0,2263.0,1883.0,795.0,1088.0,0.0,372.0,371.0,370.0,376.0,387.0,384.0,738.0,720.0,1301.0,795.0,1088.0,0.0,372.0,371.0,370.0
1.0,3875.0,1140.0,1113.0,2908.0,748.0,88.0,660.0,0.0,372.0,371.0,370.0,371.0,382.0,387.0,1065.0,767.0,2043.0,88.0,660.0,0.0,372.0,371.0,370.0
1.0,5643.0,1144.0,1114.0,2791.0,0.0,0.0,0.0,0.0,372.0,371.0,371.0,384.0,381.0,379.0,1772.0,1195.0,2676.0,0.0,0.0,0.0,372.0,371.0,371.0
1.0,7290.0,1150.0,1115.0,1883.0,0.0,0.0,0.0,0.0,372.0,372.0,371.0,385.0,382.0,383.0,2505.0,1944.0,2841.0,0.0,0.0,0.0,372.0,372.0,371.0
1.0,8023.0,1147.0,1115.0,748.0,0.0,0.0,0.0,0.0,372.0,372.0,371.0,380.0,382.0,385.0,2915.0,2650.0,2458.0,0.0,0.0,0.0,372.0,372.0,371.0
1.0,7624.0,1156.0,1116.0,0.0,164.0,0.0,0.0,164.0,373.0,372.0,371.0,390.0,384.0,382.0,2623.0,2928.0,2073.0,0.0,0.0,164.0,373.0,372.0,371.0
1.0,6468.0,1150.0,1116.0,0.0,565.0,12.0,0.0,553.0,373.0,372.0,371.0,380.0,381.0,389.0,2233.0,2544.0,1691.0,12.0,0.0,553.0,373.0,372.0,371.0
1.0,5318.0,1153.0,1117.0,0.0,1420.0,395.0,81.0,944.0,373.0,372.0,372.0,383.0,384.0,386.0,1853.0,2163.0,1302.0,395.0,81.0,944.0,373.0,372.0,372.0
1.0,4165.0,1155.0,1117.0,164.0,2411.0,783.0,460.0,1168.0,373.0,372.0,372.0,388.0,379.0,388.0,1470.0,1779.0,916.0,783.0,460.0,1168.0,373.0,372.0,372.0
1.0,3174.0,1155.0,1117.0,565.0,3001.0,1153.0,849.0,999.0,373.0,372.0,372.0,382.0,389.0,384.0,1082.0,1400.0,692.0,1153.0,849.0,999.0,373.0,372.0,372.0
1.0,2584.0,1140.0,1117.0,1420.0,2721.0,1139.0,1143.0,439.0,373.0,372.0,372.0,381.0,375.0,384.0,712.0,1011.0,861.0,1139.0,1143.0,439.0,373.0,372.0,372.0
1.0,2864.0,1131.0,1117.0,2411.0,1797.0,741.0,1056.0,0.0,373.0,372.0,372.0,385.0,373.0,373.0,726.0,717.0,1421.0,741.0,1056.0,0.0,373.0,372.0,372.0
1.0,4144.0,1132.0,1117.0,3001.0,582.0,0.0,582.0,0.0,373.0,372.0,372.0,378.0,375.0,379.0,1124.0,804.0,2216.0,0.0,582.0,0.0,373.0,372.0,372.0
1.0,6013.0,1125.0,1119.0,2721.0,0.0,0.0,0.0,0.0,374.0,372.0,373.0,380.0,367.0,378.0,1899.0,1278.0,2836.0,0.0,0.0,0.0,374.0,372.0,373.0
1.0,7609.0,1118.0,1119.0,1797.0,0.0,0.0,0.0,0.0,374.0,372.0,373.0,375.0,368.0,375.0,2658.0,2054.0,2897.0,0.0,0.0,0.0,374.0,372.0,373.0
1.0,8288.0,1119.0,1119.0,582.0,0.0,0.0,0.0,0.0,374.0,372.0,373.0,376.0,373.0,370.0,3024.0,2742.0,2522.0,0.0,0.0,0.0,374.0,372.0,373.0
1.0,7751.0,1101.0,1120.0,0.0,72.0,0.0,0.0,72.0,374.0,373.0,373.0,375.0,367.0,359.0,2648.0,2951.0,2152.0,0.0,0.0,72.0,374.0,373.0,373.0
1.0,6650.0,1133.0,1121.0,0.0,444.0,0.0,0.0,444.0,375.0,373.0,373.0,382.0,379.0,372.0,2273.0,2584.0,1793.0,0.0,0.0,444.0,375.0,373.0,373.0
1.0,5517.0,1113.0,1121.0,0.0,1201.0,358.0,30.0,813.0,375.0,373.0,373.0,374.0,370.0,369.0,1891.0,2205.0,1421.0,358.0,30.0,813.0,375.0,373.0,373.0
1.0,4404.0,1108.0,1121.0,72.0,2237.0,725.0,399.0,1113.0,375.0,373.0,373.0,367.0,369.0,372.0,1517.0,1835.0,1052.0,725.0,399.0,1113.0,375.0,373.0,373.0
1.0,3368.0,1116.0,1121.0,444.0,2909.0,1093.0,773.0,1043.0,375.0,373.0,373.0,368.0,374.0,374.0,1150.0,1466.0,752.0,1093.0,773.0,1043.0,375.0,373.0,373.0
1.0,2696.0,1111.0,1123.0,1201.0,2829.0,1101.0,1122.0,606.0,375.0,374.0,374.0,366.0,374.0,371.0,782.0,1092.0,822.0,1101.0,1122.0,606.0,375.0,374.0,374.0
1.0,2786.0,1123.0,1123.0,2237.0,1850.0,751.0,1099.0,0.0,375.0,374.0,374.0,375.0,376.0,372.0,774.0,748.0,1264.0,751.0,1099.0,0.0,375.0,374.0,374.0
1.0,3900.0,1128.0,1124.0,2909.0,748.0,37.0,711.0,0.0,376.0,374.0,374.0,374.0,385.0,369.0,1124.0,771.0,2005.0,37.0,711.0,0.0,376.0,374.0,374.0
1.0,5681.0,1126.0,1125.0,2829.0,0.0,0.0,0.0,0.0,376.0,375.0,374.0,374.0,381.0,371.0,1843.0,1159.0,2679.0,0.0,0.0,0.0,376.0,375.0,374.0
1.0,7384.0,1143.0,1125.0,1850.0,0.0,0.0,0.0,0.0,376.0,375.0,374.0,382.0,386.0,375.0,2570.0,1900.0,2914.0,0.0,0.0,0.0,376.0,375.0,374.0
1.0,8091.0,1149.0,1126.0,748.0,0.0,0.0,0.0,0.0,376.0,376.0,374.0,381.0,386.0,382.0,2939.0,2613.0,2539.0,0.0,0.0,0.0,376.0,376.0,374.0
1.0,7690.0,1155.0,1127.0,0.0,92.0,0.0,0.0,92.0,377.0,376.0,374.0,385.0,391.0,379.0,2595.0,2938.0,2157.0,0.0,0.0,92.0,377.0,376.0,374.0
1.0,6535.0,1170.0,1129.0,0.0,544.0,60.0,0.0,484.0,377.0,377.0,375.0,385.0,398.0,387.0,2210.0,2547.0,1778.0,60.0,0.0,484.0,377.0,377.0,375.0
1.0,5365.0,1165.0,1129.0,0.0,1445.0,447.0,126.0,872.0,377.0,377.0,375.0,387.0,390.0,388.0,1825.0,2149.0,1391.0,447.0,126.0,872.0,377.0,377.0,375.0
1.0,4200.0,1161.0,1129.0,92.0,2514.0,828.0,518.0,1168.0,377.0,377.0,375.0,381.0,392.0,388.0,1438.0,1759.0,1003.0,828.0,518.0,1168.0,377.0,377.0,375.0
1.0,3131.0,1160.0,1131.0,544.0,3140.0,1148.0,914.0,1078.0,377.0,378.0,376.0,380.0,391.0,389.0,1057.0,1367.0,707.0,1148.0,914.0,1078.0,377.0,378.0,376.0
1.0,2515.0,1171.0,1131.0,1445.0,2866.0,1088.0,1181.0,597.0,377.0,378.0,376.0,387.0,393.0,391.0,737.0,976.0,802.0,1088.0,1181.0,597.0,377.0,378.0,376.0
1.0,2789.0,1165.0,1132.0,2514.0,1702.0,655.0,1047.0,0.0,378.0,378.0,376.0,390.0,384.0,391.0,797.0,709.0,1283.0,655.0,1047.0,0.0,378.0,378.0,376.0
1.0,4138.0,1161.0,1133.0,3140.0,519.0,0.0,519.0,0.0,378.0,378.0,377.0,384.0,386.0,391.0,1235.0,843.0,2060.0,0.0,519.0,0.0,378.0,378.0,377.0
1.0,6117.0,1158.0,1133.0,2866.0,0.0,0.0,0.0,0.0,378.0,378.0,377.0,388.0,379.0,391.0,1999.0,1371.0,2747.0,0.0,0.0,0.0,378.0,378.0,377.0
1.0,7825.0,1159.0,1135.0,1702.0,0.0,0.0,0.0,0.0,378.0,379.0,378.0,383.0,389.0,387.0,2699.0,2173.0,2953.0,0.0,0.0,0.0,378.0,379.0,378.0
1.0,8368.0,1158.0,1135.0,519.0,0.0,0.0,0.0,0.0,378.0,379.0,378.0,385.0,383.0,390.0,2971.0,2831.0,2566.0,0.0,0.0,0.0,378.0,379.0,378.0
1.0,7729.0,1142.0,1135.0,0.0,98.0,0.0,0.0,98.0,378.0,379.0,378.0,379.0,379.0,384.0,2586.0,2967.0,2176.0,0.0,0.0,98.0,378.0,379.0,378.0
1.0,6587.0,1151.0,1136.0,0.0,554.0,66.0,0.0,488.0,378.0,379.0,379.0,383.0,383.0,385.0,2207.0,2588.0,1792.0,66.0,0.0,488.0,378.0,379.0,379.0
1.0,5436.0,1135.0,1136.0,0.0,1379.0,443.0,67.0,869.0,378.0,379.0,379.0,377.0,377.0,381.0,1824.0,2205.0,1407.0,443.0,67.0,869.0,378.0,379.0,379.0
1.0,4301.0,1148.0,1136.0,98.0,2429.0,826.0,447.0,1156.0,378.0,379.0,379.0,383.0,380.0,385.0,1447.0,1828.0,1026.0,826.0,447.0,1156.0,378.0,379.0,379.0
1.0,3251.0,1130.0,1136.0,554.0,3005.0,1144.0,818.0,1043.0,378.0,379.0,379.0,384.0,371.0,375.0,1064.0,1448.0,739.0,1144.0,818.0,1043.0,378.0,379.0,379.0
1.0,2675.0,1124.0,1136.0,1379.0,2750.0,1078.0,1120.0,552.0,378.0,379.0,379.0,377.0,369.0,378.0,746.0,1077.0,852.0,1078.0,1120.0,552.0,378.0,379.0,379.0
1.0,2930.0,1133.0,1138.0,2429.0,1680.0,636.0,1044.0,0.0,379.0,379.0,380.0,379.0,371.0,383.0,812.0,775.0,1343.0,636.0,1044.0,0.0,379.0,379.0,380.0
1.0,4226.0,1143.0,1139.0,3005.0,606.0,0.0,606.0,0.0,379.0,380.0,380.0,386.0,375.0,382.0,1259.0,851.0,2116.0,0.0,606.0,0.0,379.0,380.0,380.0
1.0,6088.0,1144.0,1138.0,2750.0,0.0,0.0,0.0,0.0,379.0,379.0,380.0,389.0,372.0,383.0,2017.0,1294.0,2777.0,0.0,0.0,0.0,379.0,379.0,380.0
1.0,7694.0,1136.0,1140.0,1680.0,0.0,0.0,0.0,0.0,380.0,380.0,380.0,381.0,376.0,379.0,2706.0,2042.0,2946.0,0.0,0.0,0.0,380.0,380.0,380.0
1.0,8238.0,1132.0,1140.0,606.0,0.0,0.0,0.0,0.0,380.0,380.0,380.0,371.0,382.0,379.0,2961.0,2710.0,2567.0,0.0,0.0,0.0,380.0,380.0,380.0
1.0,7712.0,1141.0,1141.0,0.0,98.0,0.0,0.0,98.0,380.0,380.0,381.0,380.0,380.0,381.0,2590.0,2934.0,2188.0,0.0,0.0,98.0,380.0,380.0,381.0
1.0,6571.0,1155.0,1141.0,0.0,553.0,66.0,0.0,487.0,380.0,380.0,381.0,376.0,390.0,389.0,2210.0,2554.0,1807.0,66.0,0.0,487.0,380.0,380.0,381.0
1.0,5416.0,1153.0,1141.0,0.0,1442.0,446.0,122.0,874.0,380.0,380.0,381.0,380.0,386.0,387.0,1834.0,2164.0,1418.0,446.0,122.0,874.0,380.0,380.0,381.0
1.0,4263.0,1172.0,1141.0,98.0,2516.0,830.0,516.0,1170.0,380.0,380.0,381.0,384.0,394.0,394.0,1454.0,1778.0,1031.0,830.0,516.0,1170.0,380.0,380.0,381.0
1.0,3189.0,1180.0,1143.0,553.0,3153.0,1166.0,913.0,1074.0,381.0,381.0,381.0,397.0,392.0,391.0,1070.0,1384.0,735.0,1166.0,913.0,1074.0,381.0,381.0,381.0
1.0,2562.0,1161.0,1144.0,1442.0,2877.0,1104.0,1174.0,599.0,381.0,381.0,382.0,384.0,383.0,394.0,739.0,992.0,831.0,1104.0,1174.0,599.0,381.0,381.0,382.0
1.0,2843.0,1178.0,1144.0,2516.0,1718.0,666.0,1052.0,0.0,381.0,381.0,382.0,392.0,394.0,392.0,801.0,731.0,1311.0,666.0,1052.0,0.0,381.0,381.0,382.0
1.0,4181.0,1176.0,1144.0,3153.0,526.0,0.0,526.0,0.0,381.0,381.0,382.0,394.0,387.0,395.0,1239.0,853.0,2089.0,0.0,526.0,0.0,381.0,381.0,382.0
1.0,6158.0,1170.0,1144.0,2877.0,0.0,0.0,0.0,0.0,381.0,381.0,382.0,389.0,394.0,387.0,2011.0,1379.0,2768.0,0.0,0.0,0.0,381.0,381.0,382.0
1.0,7865.0,1177.0,1146.0,1718.0,0.0,0.0,0.0,0.0,382.0,382.0,382.0,392.0,398.0,387.0,2726.0,2159.0,2980.0,0.0,0.0,0.0,382.0,382.0,382.0
1.0,8406.0,1180.0,1146.0,526.0,0.0,0.0,0.0,0.0,382.0,382.0,382.0,393.0,400.0,387.0,3000.0,2813.0,2593.0,0.0,0.0,0.0,382.0,382.0,382.0
1.0,7752.0,1184.0,1146.0,0.0,91.0,0.0,0.0,91.0,382.0,382.0,382.0,396.0,401.0,387.0,2607.0,2939.0,2206.0,0.0,0.0,91.0,382.0,382.0,382.0
1.0,6568.0,1179.0,1147.0,0.0,566.0,84.0,0.0,482.0,382.0,383.0,382.0,385.0,403.0,391.0,2211.0,2538.0,1819.0,84.0,0.0,482.0,382.0,383.0,382.0
1.0,5389.0,1168.0,1147.0,0.0,1514.0,469.0,176.0,869.0,382.0,383.0,382.0,385.0,396.0,387.0,1826.0,2135.0,1428.0,469.0,176.0,869.0,382.0,383.0,382.0
1.0,4221.0,1160.0,1147.0,91.0,2583.0,854.0,564.0,1165.0,382.0,383.0,382.0,385.0,388.0,387.0,1441.0,1739.0,1041.0,854.0,564.0,1165.0,382.0,383.0,382.0
1.0,3152.0,1166.0,1149.0,566.0,3193.0,1159.0,965.0,1069.0,382.0,384.0,383.0,389.0,396.0,381.0,1056.0,1351.0,745.0,1159.0,965.0,1069.0,382.0,384.0,383.0
1.0,2552.0,1165.0,1149.0,1514.0,2844.0,1086.0,1179.0,579.0,382.0,384.0,383.0,396.0,390.0,379.0,751.0,955.0,846.0,1086.0,1179.0,579.0,382.0,384.0,383.0
1.0,2901.0,1154.0,1150.0,2583.0,1620.0,620.0,1000.0,0.0,383.0,384.0,383.0,383.0,385.0,386.0,824.0,741.0,1336.0,620.0,1000.0,0.0,383.0,384.0,383.0
1.0,4330.0,1160.0,1151.0,3193.0,427.0,0.0,427.0,0.0,383.0,385.0,383.0,388.0,387.0,385.0,1295.0,920.0,2115.0,0.0,427.0,0.0,383.0,385.0,383.0
1.0,6363.0,1152.0,1151.0,2844.0,0.0,0.0,0.0,0.0,383.0,385.0,383.0,385.0,388.0,379.0,2066.0,1498.0,2799.0,0.0,0.0,0.0,383.0,385.0,383.0
1.0,8055.0,1148.0,1152.0,1620.0,0.0,0.0,0.0,0.0,383.0,385.0,384.0,380.0,383.0,385.0,2767.0,2289.0,2999.0,0.0,0.0,0.0,383.0,385.0,384.0
1.0,8527.0,1150.0,1152.0,427.0,0.0,0.0,0.0,0.0,383.0,385.0,384.0,391.0,376.0,383.0,3007.0,2906.0,2614.0,0.0,0.0,0.0,383.0,385.0,384.0
1.0,7804.0,1156.0,1153.0,0.0,71.0,0.0,0.0,71.0,384.0,385.0,384.0,393.0,381.0,382.0,2616.0,2957.0,2231.0,0.0,0.0,71.0,384.0,385.0,384.0
1.0,6648.0,1157.0,1154.0,0.0,538.0,81.0,0.0,457.0,384.0,386.0,384.0,384.0,387.0,386.0,2223.0,2576.0,1849.0,81.0,0.0,457.0,384.0,386.0,384.0
1.0,5491.0,1160.0,1156.0,0.0,1449.0,474.0,128.0,847.0,385.0,386.0,385.0,388.0,387.0,385.0,1839.0,2189.0,1463.0,474.0,128.0,847.0,385.0,386.0,385.0
1.0,4331.0,1167.0,1156.0,71.0,2545.0,861.0,515.0,1169.0,385.0,386.0,385.0,387.0,387.0,393.0,1451.0,1802.0,1078.0,861.0,515.0,1169.0,385.0,386.0,385.0
1.0,3235.0,1164.0,1156.0,538.0,3171.0,1175.0,899.0,1097.0,385.0,386.0,385.0,395.0,384.0,385.0,1064.0,1415.0,756.0,1175.0,899.0,1097.0,385.0,386.0,385.0
1.0,2609.0,1162.0,1158.0,1449.0,2894.0,1103.0,1139.0,652.0,386.0,386.0,386.0,397.0,368.0,397.0,750.0,1031.0,828.0,1103.0,1139.0,652.0,386.0,386.0,386.0
1.0,2896.0,1174.0,1158.0,2545.0,1648.0,635.0,1013.0,0.0,386.0,386.0,386.0,393.0,389.0,392.0,827.0,791.0,1278.0,635.0,1013.0,0.0,386.0,386.0,386.0
1.0,4267.0,1186.0,1159.0,3171.0,502.0,0.0,502.0,0.0,386.0,386.0,387.0,397.0,388.0,401.0,1295.0,917.0,2055.0,0.0,502.0,0.0,386.0,386.0,387.0
1.0,6252.0,1184.0,1159.0,2894.0,0.0,0.0,0.0,0.0,386.0,386.0,387.0,398.0,394.0,392.0,2073.0,1428.0,2751.0,0.0,0.0,0.0,386.0,386.0,387.0
1.0,7962.0,1193.0,1160.0,1648.0,0.0,0.0,0.0,0.0,387.0,386.0,387.0,400.0,395.0,398.0,2778.0,2173.0,3011.0,0.0,0.0,0.0,387.0,386.0,387.0
1.0,8417.0,1200.0,1160.0,502.0,0.0,0.0,0.0,0.0,387.0,386.0,387.0,400.0,397.0,403.0,3013.0,2791.0,2613.0,0.0,0.0,0.0,387.0,386.0,387.0
1.0,7719.0,1193.0,1161.0,0.0,131.0,0.0,0.0,131.0,387.0,386.0,388.0,395.0,397.0,401.0,2613.0,2896.0,2210.0,0.0,0.0,131.0,387.0,386.0,388.0
1.0,6526.0,1193.0,1162.0,0.0,647.0,120.0,0.0,527.0,388.0,386.0,388.0,398.0,399.0,396.0,2218.0,2499.0,1809.0,120.0,0.0,527.0,388.0,386.0,388.0
1.0,5333.0,1203.0,1162.0,0.0,1680.0,522.0,228.0,930.0,388.0,386.0,388.0,402.0,398.0,403.0,1820.0,2100.0,1413.0,522.0,228.0,930.0,388.0,386.0,388.0
1.0,4130.0,1196.0,1163.0,131.0,2750.0,921.0,629.0,1200.0,388.0,387.0,388.0,399.0,396.0,401.0,1418.0,1702.0,1010.0,921.0,629.0,1200.0,388.0,387.0,388.0
1.0,3065.0,1192.0,1163.0,647.0,3295.0,1193.0,1021.0,1081.0,388.0,387.0,388.0,392.0,392.0,408.0,1019.0,1306.0,740.0,1193.0,1021.0,1081.0,388.0,387.0,388.0
1.0,2520.0,1184.0,1164.0,1680.0,2804.0,1065.0,1188.0,551.0,388.0,387.0,389.0,394.0,395.0,395.0,747.0,914.0,859.0,1065.0,1188.0,551.0,388.0,387.0,389.0
1.0,3016.0,1190.0,1165.0,2750.0,1502.0,543.0,959.0,0.0,389.0,387.0,389.0,394.0,400.0,396.0,875.0,747.0,1394.0,543.0,959.0,0.0,389.0,387.0,389.0
1.0,4576.0,1186.0,1166.0,3295.0,342.0,0.0,342.0,0.0,389.0,388.0,389.0,392.0,399.0,395.0,1402.0,976.0,2198.0,0.0,342.0,0.0,389.0,388.0,389.0
1.0,6685.0,1182.0,1166.0,2804.0,0.0,0.0,0.0,0.0,389.0,388.0,389.0,390.0,398.0,394.0,2203.0,1598.0,2884.0,0.0,0.0,0.0,389.0,388.0,389.0
1.0,8307.0,1184.0,1166.0,1502.0,0.0,0.0,0.0,0.0,389.0,388.0,389.0,394.0,396.0,394.0,2878.0,2388.0,3041.0,0.0,0.0,0.0,389.0,388.0,389.0
1.0,8625.0,1179.0,1167.0,342.0,0.0,0.0,0.0,0.0,389.0,389.0,389.0,392.0,400.0,387.0,3027.0,2951.0,2647.0,0.0,0.0,0.0,389.0,389.0,389.0
1.0,7788.0,1173.0,1168.0,0.0,71.0,0.0,0.0,71.0,390.0,389.0,389.0,389.0,398.0,386.0,2635.0,2893.0,2260.0,0.0,0.0,71.0,390.0,389.0,389.0
1.0,6615.0,1154.0,1168.0,0.0,546.0,92.0,0.0,454.0,390.0,389.0,389.0,388.0,383.0,383.0,2246.0,2495.0,1874.0,92.0,0.0,454.0,390.0,389.0,389.0
1.0,5461.0,1167.0,1170.0,0.0,1556.0,486.0,226.0,844.0,390.0,390.0,390.0,394.0,388.0,385.0,1858.0,2112.0,1491.0,486.0,226.0,844.0,390.0,390.0,390.0
1.0,4294.0,1172.0,1170.0,71.0,2657.0,876.0,618.0,1163.0,390.0,390.0,390.0,390.0,392.0,390.0,1464.0,1724.0,1106.0,876.0,618.0,1163.0,390.0,390.0,390.0
1.0,3193.0,1169.0,1170.0,546.0,3280.0,1175.0,1013.0,1092.0,390.0,390.0,390.0,391.0,395.0,383.0,1074.0,1332.0,787.0,1175.0,1013.0,1092.0,390.0,390.0,390.0
1.0,2570.0,1168.0,1171.0,1556.0,2897.0,1080.0,1185.0,632.0,390.0,391.0,390.0,391.0,393.0,384.0,775.0,937.0,858.0,1080.0,1185.0,632.0,390.0,391.0,390.0
1.0,2958.0,1171.0,1171.0,2657.0,1554.0,596.0,958.0,0.0,390.0,391.0,390.0,392.0,391.0,388.0,870.0,770.0,1318.0,596.0,958.0,0.0,390.0,391.0,390.0
1.0,4444.0,1171.0,1172.0,3280.0,338.0,0.0,338.0,0.0,391.0,391.0,390.0,395.0,393.0,383.0,1354.0,997.0,2093.0,0.0,338.0,0.0,391.0,391.0,390.0
1.0,6553.0,1181.0,1173.0,2897.0,0.0,0.0,0.0,0.0,391.0,392.0,390.0,392.0,394.0,395.0,2134.0,1617.0,2802.0,0.0,0.0,0.0,391.0,392.0,390.0
1.0,8269.0,1188.0,1174.0,1554.0,0.0,0.0,0.0,0.0,392.0,392.0,390.0,401.0,392.0,395.0,2822.0,2408.0,3039.0,0.0,0.0,0.0,392.0,392.0,390.0
1.0,8635.0,1192.0,1175.0,338.0,0.0,0.0,0.0,0.0,392.0,392.0,391.0,401.0,393.0,398.0,3017.0,2974.0,2644.0,0.0,0.0,0.0,392.0,392.0,391.0
1.0,7781.0,1202.0,1175.0,0.0,106.0,0.0,0.0,106.0,392.0,392.0,391.0,407.0,398.0,397.0,2616.0,2919.0,2246.0,0.0,0.0,106.0,392.0,392.0,391.0
1.0,6579.0,1213.0,1176.0,0.0,666.0,157.0,0.0,509.0,393.0,392.0,391.0,401.0,409.0,403.0,2209.0,2521.0,1849.0,157.0,0.0,509.0,393.0,392.0,391.0
1.0,5366.0,1213.0,1177.0,0.0,1732.0,568.0,253.0,911.0,393.0,393.0,391.0,411.0,400.0,402.0,1808.0,2112.0,1446.0,568.0,253.0,911.0,393.0,393.0,391.0
1.0,4153.0,1209.0,1177.0,106.0,2835.0,971.0,654.0,1210.0,393.0,393.0,391.0,403.0,401.0,405.0,1397.0,1712.0,1044.0,971.0,654.0,1210.0,393.0,393.0,391.0
1.0,3050.0,1216.0,1177.0,666.0,3385.0,1217.0,1064.0,1104.0,393.0,393.0,391.0,403.0,410.0,403.0,994.0,1311.0,745.0,1217.0,1064.0,1104.0,393.0,393.0,391.0
1.0,2500.0,1209.0,1179.0,1732.0,2872.0,1059.0,1217.0,596.0,394.0,393.0,392.0,405.0,406.0,398.0,748.0,901.0,851.0,1059.0,1217.0,596.0,394.0,393.0,392.0
1.0,3023.0,1212.0,1179.0,2835.0,1455.0,496.0,959.0,0.0,394.0,393.0,392.0,408.0,396.0,408.0,911.0,748.0,1364.0,496.0,959.0,0.0,394.0,393.0,392.0
1.0,4646.0,1208.0,1179.0,3385.0,296.0,0.0,296.0,0.0,394.0,393.0,392.0,401.0,401.0,406.0,1474.0,1006.0,2166.0,0.0,296.0,0.0,394.0,393.0,392.0
1.0,6823.0,1204.0,1180.0,2872.0,0.0,0.0,0.0,0.0,394.0,393.0,393.0,404.0,394.0,406.0,2290.0,1669.0,2864.0,0.0,0.0,0.0,394.0,393.0,393.0
1.0,8491.0,1206.0,1181.0,1455.0,0.0,0.0,0.0,0.0,395.0,393.0,393.0,399.0,399.0,408.0,2945.0,2492.0,3054.0,0.0,0.0,0.0,395.0,393.0,393.0
1.0,8740.0,1201.0,1181.0,296.0,0.0,0.0,0.0,0.0,395.0,393.0,393.0,400.0,397.0,404.0,3042.0,3052.0,2646.0,0.0,0.0,0.0,395.0,393.0,393.0
1.0,7835.0,1197.0,1182.0,0.0,137.0,0.0,0.0,137.0,395.0,393.0,394.0,394.0,394.0,409.0,2642.0,2951.0,2242.0,0.0,0.0,137.0,395.0,393.0,394.0
1.0,6638.0,1199.0,1182.0,0.0,660.0,122.0,0.0,538.0,395.0,393.0,394.0,395.0,403.0,401.0,2248.0,2557.0,1833.0,122.0,0.0,538.0,395.0,393.0,394.0
1.0,5439.0,1195.0,1184.0,0.0,1676.0,520.0,215.0,941.0,395.0,394.0,395.0,398.0,399.0,398.0,1853.0,2154.0,1432.0,520.0,215.0,941.0,395.0,394.0,395.0
1.0,4244.0,1183.0,1184.0,137.0,2722.0,912.0,608.0,1202.0,395.0,394.0,395.0,392.0,393.0,398.0,1455.0,1755.0,1034.0,912.0,608.0,1202.0,395.0,394.0,395.0
1.0,3198.0,1178.0,1185.0,660.0,3245.0,1187.0,999.0,1059.0,396.0,394.0,395.0,392.0,391.0,395.0,1063.0,1362.0,773.0,1187.0,999.0,1059.0,396.0,394.0,395.0
1.0,2680.0,1178.0,1185.0,1676.0,2747.0,1053.0,1178.0,516.0,396.0,394.0,395.0,386.0,394.0,398.0,793.0,971.0,916.0,1053.0,1178.0,516.0,396.0,394.0,395.0
1.0,3178.0,1178.0,1186.0,2722.0,1485.0,525.0,960.0,0.0,396.0,394.0,396.0,384.0,390.0,404.0,927.0,792.0,1459.0,525.0,960.0,0.0,396.0,394.0,396.0
1.0,4722.0,1180.0,1186.0,3245.0,354.0,0.0,354.0,0.0,396.0,394.0,396.0,391.0,393.0,396.0,1455.0,1010.0,2257.0,0.0,354.0,0.0,396.0,394.0,396.0
1.0,6787.0,1191.0,1187.0,2747.0,0.0,0.0,0.0,0.0,396.0,395.0,396.0,395.0,398.0,398.0,2251.0,1616.0,2920.0,0.0,0.0,0.0,396.0,395.0,396.0
1.0,8343.0,1188.0,1188.0,1485.0,0.0,0.0,0.0,0.0,396.0,395.0,397.0,392.0,397.0,399.0,2909.0,2396.0,3038.0,0.0,0.0,0.0,396.0,395.0,397.0
1.0,8640.0,1199.0,1188.0,354.0,0.0,0.0,0.0,0.0,396.0,395.0,397.0,402.0,398.0,399.0,3042.0,2959.0,2639.0,0.0,0.0,0.0,396.0,395.0,397.0
1.0,7795.0,1200.0,1188.0,0.0,142.0,0.0,0.0,142.0,396.0,395.0,397.0,400.0,403.0,397.0,2640.0,2915.0,2240.0,0.0,0.0,142.0,396.0,395.0,397.0
1.0,6595.0,1202.0,1189.0,0.0,689.0,140.0,0.0,549.0,396.0,396.0,397.0,400.0,395.0,407.0,2240.0,2512.0,1843.0,140.0,0.0,549.0,396.0,396.0,397.0
1.0,5393.0,1215.0,1190.0,0.0,1772.0,552.0,268.0,952.0,397.0,396.0,397.0,407.0,405.0,403.0,1840.0,2117.0,1436.0,552.0,268.0,952.0,397.0,396.0,397.0
1.0,4178.0,1202.0,1192.0,142.0,2842.0,954.0,678.0,1210.0,397.0,397.0,398.0,402.0,405.0,395.0,1433.0,1712.0,1033.0,954.0,678.0,1210.0,397.0,397.0,398.0
1.0,3118.0,1219.0,1192.0,689.0,3372.0,1220.0,1086.0,1066.0,397.0,397.0,398.0,406.0,408.0,405.0,1031.0,1307.0,780.0,1220.0,1086.0,1066.0,397.0,397.0,398.0
1.0,2588.0,1212.0,1192.0,1772.0,2812.0,1073.0,1220.0,519.0,397.0,397.0,398.0,405.0,402.0,405.0,765.0,899.0,924.0,1073.0,1220.0,519.0,397.0,397.0,398.0
1.0,3148.0,1222.0,1192.0,2842.0,1475.0,528.0,947.0,0.0,397.0,397.0,398.0,409.0,405.0,408.0,912.0,765.0,1471.0,528.0,947.0,0.0,397.0,397.0,398.0
1.0,4768.0,1228.0,1193.0,3372.0,276.0,0.0,276.0,0.0,397.0,398.0,398.0,409.0,410.0,409.0,1457.0,1038.0,2273.0,0.0,276.0,0.0,397.0,398.0,398.0
1.0,6912.0,1239.0,1194.0,2812.0,0.0,0.0,0.0,0.0,398.0,398.0,398.0,413.0,421.0,405.0,2268.0,1714.0,2930.0,0.0,0.0,0.0,398.0,398.0,398.0
1.0,8485.0,1224.0,1194.0,1475.0,0.0,0.0,0.0,0.0,398.0,398.0,398.0,409.0,405.0,410.0,2928.0,2513.0,3044.0,0.0,0.0,0.0,398.0,398.0,398.0
1.0,8736.0,1231.0,1195.0,276.0,0.0,0.0,0.0,0.0,398.0,398.0,399.0,412.0,409.0,410.0,3047.0,3055.0,2634.0,0.0,0.0,0.0,398.0,398.0,399.0
1.0,7781.0,1233.0,1196.0,0.0,176.0,0.0,0.0,176.0,398.0,399.0,399.0,406.0,422.0,405.0,2635.0,2922.0,2224.0,0.0,0.0,176.0,398.0,399.0,399.0
1.0,6548.0,1226.0,1197.0,0.0,759.0,178.0,0.0,581.0,399.0,399.0,399.0,412.0,409.0,405.0,2229.0,2500.0,1819.0,178.0,0.0,581.0,399.0,399.0,399.0
1.0,5322.0,1217.0,1198.0,0.0,1885.0,582.0,320.0,983.0,399.0,400.0,399.0,404.0,411.0,402.0,1817.0,2091.0,1414.0,582.0,320.0,983.0,399.0,400.0,399.0
1.0,4105.0,1213.0,1198.0,176.0,2922.0,991.0,724.0,1207.0,399.0,400.0,399.0,409.0,404.0,400.0,1413.0,1680.0,1012.0,991.0,724.0,1207.0,399.0,400.0,399.0
1.0,3068.0,1221.0,1198.0,759.0,3384.0,1219.0,1134.0,1031.0,399.0,400.0,399.0,406.0,410.0,405.0,1004.0,1276.0,788.0,1219.0,1134.0,1031.0,399.0,400.0,399.0
1.0,2606.0,1202.0,1199.0,1885.0,2706.0,1040.0,1217.0,449.0,400.0,400.0,399.0,398.0,403.0,401.0,776.0,866.0,964.0,1040.0,1217.0,449.0,400.0,400.0,399.0
1.0,3289.0,1198.0,1199.0,2922.0,1340.0,446.0,894.0,0.0,400.0,400.0,399.0,397.0,401.0,400.0,960.0,783.0,1546.0,446.0,894.0,0.0,400.0,400.0,399.0
1.0,5013.0,1190.0,1199.0,3384.0,162.0,0.0,162.0,0.0,400.0,400.0,399.0,392.0,402.0,396.0,1554.0,1106.0,2353.0,0.0,162.0,0.0,400.0,400.0,399.0
1.0,7207.0,1188.0,1200.0,2706.0,0.0,0.0,0.0,0.0,400.0,400.0,400.0,392.0,394.0,402.0,2381.0,1838.0,2988.0,0.0,0.0,0.0,400.0,400.0,400.0
1.0,8725.0,1194.0,1200.0,1340.0,0.0,0.0,0.0,0.0,400.0,400.0,400.0,402.0,395.0,397.0,3029.0,2661.0,3035.0,0.0,0.0,0.0,400.0,400.0,400.0
1.0,8871.0,1186.0,1200.0,162.0,0.0,0.0,0.0,0.0,400.0,400.0,400.0,396.0,390.0,400.0,3073.0,3160.0,2638.0,0.0,0.0,0.0,400.0,400.0,400.0
1.0,7847.0,1188.0,1200.0,0.0,151.0,0.0,0.0,151.0,400.0,400.0,400.0,399.0,400.0,389.0,2677.0,2932.0,2238.0,0.0,0.0,151.0,400.0,400.0,400.0
1.0,6659.0,1176.0,1200.0,0.0,663.0,120.0,0.0,543.0,400.0,400.0,400.0,398.0,386.0,392.0,2278.0,2532.0,1849.0,120.0,0.0,543.0,400.0,400.0,400.0
1.0,5483.0,1206.0,1202.0,0.0,1733.0,532.0,250.0,951.0,401.0,400.0,401.0,407.0,396.0,403.0,1880.0,2146.0,1457.0,532.0,250.0,951.0,401.0,400.0,401.0
1.0,4277.0,1204.0,1202.0,151.0,2786.0,938.0,645.0,1203.0,401.0,400.0,401.0,406.0,395.0,403.0,1473.0,1750.0,1054.0,938.0,645.0,1203.0,401.0,400.0,401.0
1.0,3224.0,1203.0,1203.0,663.0,3331.0,1221.0,1044.0,1066.0,401.0,400.0,402.0,403.0,399.0,401.0,1067.0,1355.0,802.0,1221.0,1044.0,1066.0,401.0,400.0,402.0
1.0,2684.0,1217.0,1204.0,1733.0,2820.0,1100.0,1204.0,516.0,401.0,401.0,402.0,411.0,405.0,401.0,784.0,956.0,944.0,1100.0,1204.0,516.0,401.0,401.0,402.0
1.0,3200.0,1229.0,1205.0,2786.0,1539.0,572.0,967.0,0.0,402.0,401.0,402.0,405.0,408.0,416.0,905.0,801.0,1494.0,572.0,967.0,0.0,402.0,401.0,402.0
1.0,4757.0,1232.0,1205.0,3331.0,335.0,0.0,335.0,0.0,402.0,401.0,402.0,413.0,412.0,407.0,1438.0,1038.0,2281.0,0.0,335.0,0.0,402.0,401.0,402.0
1.0,6856.0,1234.0,1206.0,2820.0,0.0,0.0,0.0,0.0,402.0,401.0,403.0,416.0,404.0,414.0,2246.0,1670.0,2940.0,0.0,0.0,0.0,402.0,401.0,403.0
1.0,8442.0,1228.0,1206.0,1539.0,0.0,0.0,0.0,0.0,402.0,401.0,403.0,410.0,408.0,410.0,2930.0,2470.0,3042.0,0.0,0.0,0.0,402.0,401.0,403.0
1.0,8753.0,1241.0,1207.0,335.0,0.0,0.0,0.0,0.0,402.0,402.0,403.0,412.0,418.0,411.0,3092.0,3029.0,2632.0,0.0,0.0,0.0,402.0,402.0,403.0
1.0,7847.0,1245.0,1207.0,0.0,205.0,0.0,0.0,205.0,402.0,402.0,403.0,418.0,416.0,411.0,2680.0,2946.0,2221.0,0.0,0.0,205.0,402.0,402.0,403.0
1.0,6602.0,1261.0,1208.0,0.0,799.0,175.0,0.0,624.0,403.0,402.0,403.0,422.0,420.0,419.0,2262.0,2530.0,1810.0,175.0,0.0,624.0,403.0,402.0,403.0
1.0,5341.0,1266.0,1210.0,0.0,1975.0,599.0,324.0,1052.0,403.0,403.0,404.0,424.0,419.0,423.0,1840.0,2110.0,1391.0,599.0,324.0,1052.0,403.0,403.0,404.0
1.0,4075.0,1259.0,1210.0,205.0,3029.0,1015.0,750.0,1264.0,403.0,403.0,404.0,416.0,426.0,417.0,1416.0,1691.0,968.0,1015.0,750.0,1264.0,403.0,403.0,404.0
1.0,3021.0,1255.0,1211.0,799.0,3490.0,1263.0,1167.0,1060.0,404.0,403.0,404.0,418.0,417.0,420.0,1000.0,1265.0,756.0,1263.0,1167.0,1060.0,404.0,403.0,404.0
1.0,2565.0,1260.0,1212.0,1975.0,2780.0,1082.0,1270.0,428.0,404.0,404.0,404.0,418.0,422.0,420.0,757.0,848.0,960.0,1082.0,1270.0,428.0,404.0,404.0,404.0
1.0,3280.0,1247.0,1213.0,3029.0,1415.0,481.0,934.0,0.0,404.0,404.0,405.0,414.0,414.0,419.0,938.0,750.0,1592.0,481.0,934.0,0.0,404.0,404.0,405.0
1.0,5062.0,1241.0,1214.0,3490.0,189.0,0.0,189.0,0.0,404.0,405.0,405.0,409.0,417.0,415.0,1539.0,1086.0,2437.0,0.0,189.0,0.0,404.0,405.0,405.0
1.0,7311.0,1227.0,1215.0,2780.0,0.0,0.0,0.0,0.0,405.0,405.0,405.0,404.0,417.0,406.0,2393.0,1836.0,3082.0,0.0,0.0,0.0,405.0,405.0,405.0
1.0,8864.0,1215.0,1215.0,1415.0,0.0,0.0,0.0,0.0,405.0,405.0,405.0,398.0,411.0,406.0,3071.0,2689.0,3104.0,0.0,0.0,0.0,405.0,405.0,405.0
1.0,9064.0,1212.0,1215.0,189.0,0.0,0.0,0.0,0.0,405.0,405.0,405.0,405.0,405.0,402.0,3154.0,3212.0,2698.0,0.0,0.0,0.0,405.0,405.0,405.0
1.0,8041.0,1206.0,1216.0,0.0,128.0,0.0,0.0,128.0,405.0,406.0,405.0,403.0,404.0,399.0,2749.0,2996.0,2296.0,0.0,0.0,128.0,405.0,406.0,405.0
1.0,6835.0,1204.0,1216.0,0.0,608.0,77.0,0.0,531.0,405.0,406.0,405.0,398.0,403.0,403.0,2346.0,2592.0,1897.0,77.0,0.0,531.0,405.0,406.0,405.0
1.0,5631.0,1206.0,1216.0,0.0,1655.0,482.0,239.0,934.0,405.0,406.0,405.0,405.0,398.0,403.0,1948.0,2189.0,1494.0,482.0,239.0,934.0,405.0,406.0,405.0
1.0,4425.0,1204.0,1217.0,128.0,2736.0,886.0,640.0,1210.0,406.0,406.0,405.0,399.0,401.0,404.0,1543.0,1791.0,1091.0,886.0,640.0,1210.0,406.0,406.0,405.0
1.0,3349.0,1194.0,1217.0,608.0,3322.0,1209.0,1041.0,1072.0,406.0,406.0,405.0,400.0,401.0,393.0,1144.0,1390.0,815.0,1209.0,1041.0,1072.0,406.0,406.0,405.0
1.0,2763.0,1214.0,1217.0,1655.0,2881.0,1130.0,1201.0,550.0,406.0,406.0,405.0,403.0,399.0,412.0,821.0,989.0,953.0,1130.0,1201.0,550.0,406.0,406.0,405.0
1.0,3204.0,1203.0,1217.0,2736.0,1609.0,644.0,965.0,0.0,406.0,406.0,405.0,400.0,404.0,399.0,900.0,829.0,1475.0,644.0,965.0,0.0,406.0,406.0,405.0
1.0,4737.0,1200.0,1218.0,3322.0,320.0,0.0,320.0,0.0,406.0,406.0,406.0,402.0,396.0,402.0,1386.0,1065.0,2286.0,0.0,320.0,0.0,406.0,406.0,406.0
1.0,6859.0,1209.0,1218.0,2881.0,0.0,0.0,0.0,0.0,406.0,406.0,406.0,401.0,402.0,406.0,2193.0,1710.0,2956.0,0.0,0.0,0.0,406.0,406.0,406.0
1.0,8531.0,1220.0,1219.0,1609.0,0.0,0.0,0.0,0.0,406.0,407.0,406.0,410.0,406.0,404.0,2922.0,2509.0,3100.0,0.0,0.0,0.0,406.0,407.0,406.0
1.0,8920.0,1208.0,1218.0,320.0,0.0,0.0,0.0,0.0,406.0,406.0,406.0,407.0,400.0,401.0,3156.0,3068.0,2696.0,0.0,0.0,0.0,406.0,406.0,406.0
1.0,8032.0,1233.0,1220.0,0.0,142.0,0.0,0.0,142.0,407.0,407.0,406.0,413.0,413.0,407.0,2749.0,2988.0,2295.0,0.0,0.0,142.0,407.0,407.0,406.0
1.0,6799.0,1232.0,1220.0,0.0,667.0,118.0,0.0,549.0,407.0,407.0,406.0,419.0,406.0,407.0,2336.0,2575.0,1888.0,118.0,0.0,549.0,407.0,407.0,406.0
1.0,5567.0,1249.0,1220.0,0.0,1782.0,537.0,281.0,964.0,407.0,407.0,406.0,419.0,415.0,415.0,1917.0,2169.0,1481.0,537.0,281.0,964.0,407.0,407.0,406.0
1.0,4318.0,1252.0,1220.0,142.0,2892.0,960.0,695.0,1237.0,407.0,407.0,406.0,423.0,414.0,415.0,1498.0,1754.0,1066.0,960.0,695.0,1237.0,407.0,407.0,406.0
1.0,3208.0,1264.0,1221.0,667.0,3494.0,1273.0,1111.0,1110.0,408.0,407.0,406.0,426.0,416.0,422.0,1075.0,1340.0,793.0,1273.0,1111.0,1110.0,408.0,407.0,406.0
1.0,2611.0,1256.0,1222.0,1782.0,2973.0,1157.0,1252.0,564.0,408.0,407.0,407.0,421.0,422.0,413.0,767.0,924.0,920.0,1157.0,1252.0,564.0,408.0,407.0,407.0
1.0,3137.0,1262.0,1222.0,2892.0,1595.0,625.0,970.0,0.0,408.0,407.0,407.0,428.0,413.0,421.0,883.0,783.0,1471.0,625.0,970.0,0.0,408.0,407.0,407.0
1.0,4767.0,1259.0,1223.0,3494.0,286.0,0.0,286.0,0.0,408.0,408.0,407.0,422.0,422.0,415.0,1415.0,1065.0,2287.0,0.0,286.0,0.0,408.0,408.0,407.0
1.0,7002.0,1267.0,1224.0,2973.0,0.0,0.0,0.0,0.0,409.0,408.0,407.0,424.0,428.0,415.0,2266.0,1754.0,2982.0,0.0,0.0,0.0,409.0,408.0,407.0
1.0,8708.0,1264.0,1225.0,1595.0,0.0,0.0,0.0,0.0,409.0,408.0,408.0,427.0,410.0,427.0,2999.0,2578.0,3131.0,0.0,0.0,0.0,409.0,408.0,408.0
1.0,9039.0,1266.0,1225.0,286.0,0.0,0.0,0.0,0.0,409.0,408.0,408.0,422.0,419.0,425.0,3197.0,3138.0,2704.0,0.0,0.0,0.0,409.0,408.0,408.0
1.0,8059.0,1267.0,1226.0,0.0,181.0,0.0,0.0,181.0,410.0,408.0,408.0,421.0,426.0,420.0,2775.0,3005.0,2279.0,0.0,0.0,181.0,410.0,408.0,408.0
1.0,6792.0,1251.0,1227.0,0.0,715.0,113.0,0.0,602.0,410.0,408.0,409.0,417.0,418.0,416.0,2354.0,2579.0,1859.0,113.0,0.0,602.0,410.0,408.0,409.0
1.0,5541.0,1250.0,1228.0,0.0,1849.0,531.0,302.0,1016.0,410.0,409.0,409.0,418.0,418.0,414.0,1937.0,2161.0,1443.0,531.0,302.0,1016.0,410.0,409.0,409.0
1.0,4291.0,1246.0,1229.0,181.0,2919.0,952.0,719.0,1248.0,411.0,409.0,409.0,416.0,417.0,413.0,1519.0,1743.0,1029.0,952.0,719.0,1248.0,411.0,409.0,409.0
1.0,3226.0,1242.0,1229.0,715.0,3446.0,1256.0,1134.0,1056.0,411.0,409.0,409.0,417.0,415.0,410.0,1103.0,1326.0,797.0,1256.0,1134.0,1056.0,411.0,409.0,409.0
1.0,2699.0,1235.0,1230.0,1849.0,2837.0,1135.0,1256.0,446.0,411.0,410.0,409.0,410.0,419.0,406.0,799.0,911.0,989.0,1135.0,1256.0,446.0,411.0,410.0,409.0
1.0,3313.0,1236.0,1232.0,2919.0,1552.0,598.0,954.0,0.0,412.0,410.0,410.0,410.0,417.0,409.0,920.0,794.0,1599.0,598.0,954.0,0.0,412.0,410.0,410.0
1.0,4996.0,1254.0,1233.0,3446.0,245.0,0.0,245.0,0.0,412.0,411.0,410.0,417.0,420.0,417.0,1462.0,1096.0,2438.0,0.0,245.0,0.0,412.0,411.0,410.0
1.0,7188.0,1226.0,1233.0,2837.0,0.0,0.0,0.0,0.0,412.0,411.0,410.0,405.0,409.0,412.0,2301.0,1810.0,3077.0,0.0,0.0,0.0,412.0,411.0,410.0
1.0,8799.0,1218.0,1234.0,1552.0,0.0,0.0,0.0,0.0,412.0,411.0,411.0,401.0,408.0,409.0,3031.0,2657.0,3111.0,0.0,0.0,0.0,412.0,411.0,411.0
1.0,9133.0,1230.0,1235.0,245.0,0.0,0.0,0.0,0.0,412.0,412.0,411.0,407.0,408.0,415.0,3228.0,3203.0,2702.0,0.0,0.0,0.0,412.0,412.0,411.0
1.0,8148.0,1230.0,1235.0,0.0,182.0,0.0,0.0,182.0,412.0,412.0,411.0,407.0,409.0,414.0,2821.0,3040.0,2287.0,0.0,0.0,182.0,412.0,412.0,411.0
1.0,6918.0,1238.0,1235.0,0.0,645.0,54.0,0.0,591.0,412.0,412.0,411.0,408.0,421.0,409.0,2414.0,2631.0,1873.0,54.0,0.0,591.0,412.0,412.0,411.0
1.0,5680.0,1238.0,1236.0,0.0,1738.0,466.0,264.0,1008.0,412.0,412.0,412.0,412.0,414.0,412.0,2006.0,2210.0,1464.0,466.0,264.0,1008.0,412.0,412.0,412.0
1.0,4442.0,1241.0,1236.0,182.0,2797.0,888.0,676.0,1233.0,413.0,412.0,411.0,417.0,412.0,412.0,1594.0,1796.0,1052.0,888.0,676.0,1233.0,413.0,412.0,411.0
1.0,3383.0,1238.0,1237.0,645.0,3395.0,1248.0,1085.0,1062.0,413.0,412.0,412.0,414.0,409.0,415.0,1177.0,1384.0,822.0,1248.0,1085.0,1062.0,413.0,412.0,412.0
1.0,2790.0,1255.0,1238.0,1738.0,2917.0,1199.0,1245.0,473.0,413.0,413.0,412.0,417.0,419.0,419.0,817.0,975.0,998.0,1199.0,1245.0,473.0,413.0,413.0,412.0
1.0,3273.0,1254.0,1238.0,2797.0,1710.0,728.0,982.0,0.0,413.0,413.0,412.0,417.0,413.0,424.0,866.0,820.0,1587.0,728.0,982.0,0.0,413.0,413.0,412.0
1.0,4816.0,1280.0,1238.0,3395.0,321.0,0.0,321.0,0.0,413.0,413.0,412.0,429.0,424.0,427.0,1337.0,1083.0,2396.0,0.0,321.0,0.0,413.0,413.0,412.0
1.0,6931.0,1276.0,1239.0,2917.0,0.0,0.0,0.0,0.0,413.0,413.0,413.0,434.0,419.0,423.0,2156.0,1744.0,3031.0,0.0,0.0,0.0,413.0,413.0,413.0
1.0,8572.0,1268.0,1238.0,1710.0,0.0,0.0,0.0,0.0,413.0,413.0,412.0,424.0,426.0,418.0,2921.0,2570.0,3081.0,0.0,0.0,0.0,413.0,413.0,412.0
1.0,9014.0,1260.0,1238.0,321.0,0.0,0.0,0.0,0.0,413.0,413.0,412.0,418.0,422.0,420.0,3225.0,3126.0,2663.0,0.0,0.0,0.0,413.0,413.0,412.0
1.0,8075.0,1274.0,1239.0,0.0,245.0,0.0,0.0,245.0,413.0,413.0,413.0,427.0,424.0,423.0,2807.0,3025.0,2243.0,0.0,0.0,245.0,413.0,413.0,413.0
1.0,6801.0,1280.0,1240.0,0.0,786.0,121.0,0.0,665.0,414.0,413.0,413.0,431.0,429.0,420.0,2380.0,2601.0,1820.0,121.0,0.0,665.0,414.0,413.0,413.0
1.0,5521.0,1273.0,1240.0,0.0,1952.0,552.0,314.0,1086.0,414.0,413.0,413.0,431.0,421.0,421.0,1949.0,2172.0,1400.0,552.0,314.0,1086.0,414.0,413.0,413.0
1.0,4248.0,1272.0,1240.0,245.0,2979.0,985.0,735.0,1259.0,414.0,413.0,413.0,433.0,421.0,418.0,1518.0,1751.0,979.0,985.0,735.0,1259.0,414.0,413.0,413.0
1.0,3221.0,1267.0,1242.0,786.0,3470.0,1291.0,1160.0,1019.0,415.0,414.0,413.0,422.0,420.0,425.0,1085.0,1330.0,806.0,1291.0,1160.0,1019.0,415.0,414.0,413.0
1.0,2740.0,1260.0,1242.0,1952.0,2778.0,1160.0,1263.0,355.0,415.0,414.0,413.0,421.0,417.0,422.0,784.0,910.0,1046.0,1160.0,1263.0,355.0,415.0,414.0,413.0
1.0,3432.0,1252.0,1242.0,2979.0,1540.0,592.0,948.0,0.0,415.0,414.0,413.0,417.0,420.0,415.0,915.0,807.0,1710.0,592.0,948.0,0.0,415.0,414.0,413.0
1.0,5159.0,1247.0,1243.0,3470.0,206.0,0.0,206.0,0.0,416.0,414.0,413.0,420.0,418.0,409.0,1483.0,1122.0,2554.0,0.0,206.0,0.0,416.0,414.0,413.0
1.0,7382.0,1246.0,1244.0,2778.0,0.0,0.0,0.0,0.0,416.0,414.0,414.0,419.0,413.0,414.0,2354.0,1864.0,3164.0,0.0,0.0,0.0,416.0,414.0,414.0
1.0,8914.0,1246.0,1244.0,1540.0,0.0,0.0,0.0,0.0,416.0,414.0,414.0,421.0,411.0,414.0,3095.0,2714.0,3105.0,0.0,0.0,0.0,416.0,414.0,414.0
1.0,9208.0,1242.0,1246.0,206.0,0.0,0.0,0.0,0.0,417.0,415.0,414.0,416.0,415.0,411.0,3266.0,3251.0,2691.0,0.0,0.0,0.0,417.0,415.0,414.0
1.0,8172.0,1243.0,1246.0,0.0,201.0,0.0,0.0,201.0,417.0,415.0,414.0,412.0,420.0,411.0,2850.0,3042.0,2280.0,0.0,0.0,201.0,417.0,415.0,414.0
1.0,6929.0,1252.0,1247.0,0.0,683.0,60.0,0.0,623.0,417.0,415.0,415.0,413.0,422.0,417.0,2438.0,2622.0,1869.0,60.0,0.0,623.0,417.0,415.0,415.0
1.0,5677.0,1237.0,1248.0,0.0,1800.0,471.0,299.0,1030.0,417.0,416.0,415.0,411.0,419.0,407.0,2025.0,2200.0,1452.0,471.0,299.0,1030.0,417.0,416.0,415.0
1.0,4440.0,1250.0,1248.0,201.0,2849.0,882.0,722.0,1245.0,417.0,416.0,415.0,411.0,423.0,416.0,1614.0,1781.0,1045.0,882.0,722.0,1245.0,417.0,416.0,415.0
1.0,3391.0,1247.0,1249.0,683.0,3418.0,1226.0,1152.0,1040.0,417.0,417.0,415.0,404.0,425.0,418.0,1203.0,1358.0,830.0,1226.0,1152.0,1040.0,417.0,417.0,415.0
1.0,2827.0,1246.0,1250.0,1800.0,2869.0,1175.0,1267.0,427.0,418.0,417.0,415.0,415.0,414.0,417.0,859.0,933.0,1035.0,1175.0,1267.0,427.0,418.0,417.0,415.0
1.0,3381.0,1264.0,1251.0,2849.0,1676.0,707.0,969.0,0.0,418.0,417.0,416.0,414.0,424.0,426.0,915.0,818.0,1648.0,707.0,969.0,0.0,418.0,417.0,416.0
1.0,4966.0,1268.0,1252.0,3418.0,249.0,0.0,249.0,0.0,418.0,418.0,416.0,421.0,427.0,420.0,1383.0,1116.0,2467.0,0.0,249.0,0.0,418.0,418.0,416.0
1.0,7116.0,1273.0,1253.0,2869.0,0.0,0.0,0.0,0.0,418.0,418.0,417.0,424.0,423.0,426.0,2188.0,1841.0,3087.0,0.0,0.0,0.0,418.0,418.0,417.0
1.0,8712.0,1271.0,1253.0,1676.0,0.0,0.0,0.0,0.0,418.0,418.0,417.0,418.0,427.0,426.0,2939.0,2685.0,3088.0,0.0,0.0,0.0,418.0,418.0,417.0
1.0,9117.0,1280.0,1254.0,249.0,0.0,0.0,0.0,0.0,418.0,419.0,417.0,418.0,438.0,424.0,3228.0,3227.0,2662.0,0.0,0.0,0.0,418.0,419.0,417.0
1.0,8086.0,1294.0,1254.0,0.0,284.0,0.0,0.0,284.0,418.0,419.0,417.0,427.0,430.0,437.0,2810.0,3038.0,2238.0,0.0,0.0,284.0,418.0,419.0,417.0
1.0,6792.0,1289.0,1255.0,0.0,860.0,135.0,0.0,725.0,418.0,419.0,418.0,428.0,425.0,436.0,2383.0,2608.0,1801.0,135.0,0.0,725.0,418.0,419.0,418.0
1.0,5503.0,1295.0,1255.0,0.0,2067.0,564.0,342.0,1161.0,418.0,419.0,418.0,429.0,430.0,436.0,1955.0,2183.0,1365.0,564.0,342.0,1161.0,418.0,419.0,418.0
1.0,4208.0,1288.0,1257.0,284.0,3081.0,1001.0,770.0,1310.0,419.0,420.0,418.0,432.0,423.0,433.0,1526.0,1753.0,929.0,1001.0,770.0,1310.0,419.0,420.0,418.0
1.0,3204.0,1297.0,1258.0,860.0,3523.0,1298.0,1202.0,1023.0,419.0,420.0,419.0,432.0,432.0,433.0,1094.0,1330.0,780.0,1298.0,1202.0,1023.0,419.0,420.0,419.0
1.0,2767.0,1307.0,1258.0,2067.0,2763.0,1173.0,1298.0,292.0,419.0,420.0,419.0,439.0,438.0,430.0,797.0,898.0,1072.0,1173.0,1298.0,292.0,419.0,420.0,419.0
1.0,3527.0,1288.0,1258.0,3081.0,1560.0,604.0,956.0,0.0,419.0,420.0,419.0,432.0,428.0,428.0,922.0,802.0,1803.0,604.0,956.0,0.0,419.0,420.0,419.0
1.0,5320.0,1288.0,1259.0,3523.0,187.0,0.0,187.0,0.0,419.0,421.0,419.0,432.0,428.0,428.0,1491.0,1144.0,2685.0,0.0,187.0,0.0,419.0,421.0,419.0
1.0,7555.0,1278.0,1259.0,2763.0,0.0,0.0,0.0,0.0,420.0,420.0,419.0,429.0,423.0,426.0,2357.0,1918.0,3280.0,0.0,0.0,0.0,420.0,420.0,419.0
1.0,9040.0,1284.0,1261.0,1560.0,0.0,0.0,0.0,0.0,420.0,421.0,420.0,432.0,422.0,430.0,3101.0,2793.0,3146.0,0.0,0.0,0.0,420.0,421.0,420.0
1.0,9316.0,1275.0,1261.0,187.0,0.0,0.0,0.0,0.0,420.0,421.0,420.0,424.0,424.0,427.0,3273.0,3327.0,2716.0,0.0,0.0,0.0,420.0,421.0,420.0
1.0,8228.0,1264.0,1261.0,0.0,231.0,0.0,0.0,231.0,420.0,421.0,420.0,425.0,419.0,420.0,2849.0,3090.0,2289.0,0.0,0.0,231.0,420.0,421.0,420.0
1.0,6964.0,1261.0,1261.0,0.0,752.0,102.0,0.0,650.0,420.0,421.0,420.0,426.0,416.0,419.0,2424.0,2671.0,1869.0,102.0,0.0,650.0,420.0,421.0,420.0
1.0,5703.0,1249.0,1261.0,0.0,1851.0,520.0,266.0,1065.0,420.0,421.0,420.0,418.0,416.0,415.0,1998.0,2255.0,1450.0,520.0,266.0,1065.0,420.0,421.0,420.0
1.0,4454.0,1251.0,1262.0,231.0,2876.0,944.0,680.0,1252.0,421.0,421.0,420.0,419.0,414.0,418.0,1580.0,1839.0,1035.0,944.0,680.0,1252.0,421.0,421.0,420.0
1.0,3434.0,1254.0,1262.0,752.0,3378.0,1259.0,1101.0,1018.0,421.0,421.0,420.0,417.0,421.0,416.0,1161.0,1425.0,848.0,1259.0,1101.0,1018.0,421.0,421.0,420.0
1.0,2932.0,1248.0,1262.0,1851.0,2775.0,1155.0,1250.0,370.0,421.0,421.0,420.0,416.0,415.0,417.0,846.0,1004.0,1082.0,1155.0,1250.0,370.0,421.0,421.0,420.0
1.0,3535.0,1239.0,1263.0,2876.0,1609.0,622.0,987.0,0.0,421.0,421.0,421.0,411.0,417.0,411.0,950.0,855.0,1730.0,622.0,987.0,0.0,421.0,421.0,421.0
1.0,5172.0,1252.0,1263.0,3378.0,309.0,0.0,309.0,0.0,421.0,421.0,421.0,415.0,423.0,414.0,1483.0,1118.0,2571.0,0.0,309.0,0.0,421.0,421.0,421.0
1.0,7298.0,1263.0,1264.0,2775.0,0.0,0.0,0.0,0.0,421.0,422.0,421.0,421.0,424.0,418.0,2327.0,1796.0,3175.0,0.0,0.0,0.0,421.0,422.0,421.0
1.0,8810.0,1264.0,1265.0,1609.0,0.0,0.0,0.0,0.0,422.0,422.0,421.0,423.0,427.0,414.0,3061.0,2622.0,3127.0,0.0,0.0,0.0,422.0,422.0,421.0
1.0,9155.0,1264.0,1265.0,309.0,0.0,0.0,0.0,0.0,422.0,422.0,421.0,423.0,423.0,418.0,3260.0,3182.0,2713.0,0.0,0.0,0.0,422.0,422.0,421.0
1.0,8200.0,1279.0,1265.0,0.0,236.0,0.0,0.0,236.0,422.0,422.0,421.0,424.0,429.0,426.0,2837.0,3068.0,2295.0,0.0,0.0,236.0,422.0,422.0,421.0
1.0,6921.0,1273.0,1265.0,0.0,780.0,121.0,0.0,659.0,422.0,422.0,421.0,424.0,426.0,423.0,2413.0,2639.0,1869.0,121.0,0.0,659.0,422.0,422.0,421.0
1.0,5648.0,1270.0,1266.0,0.0,1952.0,542.0,330.0,1080.0,422.0,423.0,421.0,421.0,428.0,421.0,1989.0,2213.0,1446.0,542.0,330.0,1080.0,422.0,423.0,421.0
1.0,4378.0,1299.0,1268.0,236.0,3025.0,979.0,761.0,1285.0,423.0,423.0,422.0,432.0,431.0,436.0,1568.0,1785.0,1025.0,979.0,761.0,1285.0,423.0,423.0,422.0
1.0,3315.0,1300.0,1268.0,780.0,3545.0,1284.0,1206.0,1055.0,423.0,423.0,422.0,426.0,445.0,429.0,1136.0,1354.0,825.0,1284.0,1206.0,1055.0,423.0,423.0,422.0
1.0,2795.0,1296.0,1268.0,1952.0,2889.0,1167.0,1314.0,408.0,422.0,424.0,422.0,430.0,433.0,433.0,831.0,909.0,1055.0,1167.0,1314.0,408.0,422.0,424.0,422.0
1.0,3451.0,1303.0,1269.0,3025.0,1619.0,627.0,992.0,0.0,423.0,424.0,422.0,434.0,439.0,430.0,943.0,806.0,1702.0,627.0,992.0,0.0,423.0,424.0,422.0
1.0,5173.0,1299.0,1269.0,3545.0,225.0,0.0,225.0,0.0,423.0,424.0,422.0,432.0,439.0,428.0,1488.0,1128.0,2557.0,0.0,225.0,0.0,423.0,424.0,422.0
1.0,7419.0,1315.0,1270.0,2889.0,0.0,0.0,0.0,0.0,423.0,425.0,422.0,436.0,442.0,437.0,2340.0,1895.0,3184.0,0.0,0.0,0.0,423.0,425.0,422.0
1.0,8993.0,1321.0,1271.0,1619.0,0.0,0.0,0.0,0.0,423.0,425.0,423.0,442.0,438.0,441.0,3071.0,2767.0,3155.0,0.0,0.0,0.0,423.0,425.0,423.0
1.0,9291.0,1311.0,1271.0,225.0,0.0,0.0,0.0,0.0,423.0,425.0,423.0,435.0,437.0,439.0,3256.0,3321.0,2714.0,0.0,0.0,0.0,423.0,425.0,423.0
1.0,8205.0,1312.0,1271.0,0.0,275.0,0.0,0.0,275.0,423.0,425.0,423.0,437.0,440.0,435.0,2821.0,3109.0,2275.0,0.0,0.0,275.0,423.0,425.0,423.0
1.0,6893.0,1315.0,1274.0,0.0,892.0,172.0,0.0,720.0,424.0,426.0,424.0,436.0,439.0,440.0,2384.0,2669.0,1840.0,172.0,0.0,720.0,424.0,426.0,424.0
1.0,5578.0,1319.0,1274.0,0.0,2111.0,613.0,337.0,1161.0,424.0,426.0,424.0,441.0,437.0,441.0,1948.0,2230.0,1400.0,613.0,337.0,1161.0,424.0,426.0,424.0
1.0,4259.0,1302.0,1274.0,275.0,3138.0,1049.0,771.0,1318.0,424.0,426.0,424.0,436.0,434.0,432.0,1507.0,1793.0,959.0,1049.0,771.0,1318.0,424.0,426.0,424.0
1.0,3232.0,1294.0,1277.0,892.0,3555.0,1313.0,1206.0,1036.0,425.0,427.0,425.0,431.0,430.0,433.0,1071.0,1359.0,802.0,1313.0,1206.0,1036.0,425.0,427.0,425.0
1.0,2830.0,1286.0,1277.0,2111.0,2730.0,1134.0,1291.0,305.0,425.0,427.0,425.0,434.0,422.0,430.0,812.0,929.0,1089.0,1134.0,1291.0,305.0,425.0,427.0,425.0
1.0,3655.0,1284.0,1278.0,3138.0,1457.0,516.0,941.0,0.0,425.0,427.0,426.0,431.0,421.0,432.0,991.0,844.0,1820.0,516.0,941.0,0.0,425.0,427.0,426.0
1.0,5509.0,1266.0,1278.0,3555.0,151.0,0.0,151.0,0.0,425.0,427.0,426.0,424.0,416.0,426.0,1609.0,1194.0,2706.0,0.0,151.0,0.0,425.0,427.0,426.0
1.0,7798.0,1274.0,1279.0,2730.0,0.0,0.0,0.0,0.0,426.0,427.0,426.0,423.0,420.0,431.0,2498.0,1984.0,3316.0,0.0,0.0,0.0,426.0,427.0,426.0
1.0,9254.0,1265.0,1279.0,1457.0,0.0,0.0,0.0,0.0,426.0,427.0,426.0,422.0,415.0,428.0,3209.0,2855.0,3190.0,0.0,0.0,0.0,426.0,427.0,426.0
1.0,9446.0,1266.0,1280.0,151.0,0.0,0.0,0.0,0.0,426.0,427.0,427.0,421.0,420.0,425.0,3303.0,3381.0,2762.0,0.0,0.0,0.0,426.0,427.0,427.0
1.0,8331.0,1273.0,1280.0,0.0,219.0,0.0,0.0,219.0,426.0,427.0,427.0,429.0,423.0,421.0,2882.0,3112.0,2337.0,0.0,0.0,219.0,426.0,427.0,427.0
1.0,7058.0,1282.0,1281.0,0.0,760.0,107.0,0.0,653.0,427.0,427.0,427.0,425.0,423.0,434.0,2453.0,2689.0,1916.0,107.0,0.0,653.0,427.0,427.0,427.0
1.0,5776.0,1284.0,1281.0,0.0,1913.0,532.0,297.0,1084.0,427.0,427.0,427.0,425.0,428.0,431.0,2028.0,2266.0,1482.0,532.0,297.0,1084.0,427.0,427.0,427.0
1.0,4492.0,1271.0,1281.0,219.0,2965.0,959.0,719.0,1287.0,427.0,427.0,427.0,427.0,422.0,422.0,1603.0,1838.0,1051.0,959.0,719.0,1287.0,427.0,427.0,427.0
1.0,3440.0,1289.0,1282.0,760.0,3499.0,1279.0,1147.0,1073.0,427.0,427.0,428.0,427.0,428.0,434.0,1176.0,1416.0,848.0,1279.0,1147.0,1073.0,427.0,427.0,428.0
1.0,2911.0,1282.0,1282.0,1913.0,2868.0,1177.0,1279.0,412.0,427.0,427.0,428.0,430.0,429.0,423.0,856.0,988.0,1067.0,1177.0,1279.0,412.0,427.0,427.0,428.0
1.0,3542.0,1299.0,1283.0,2965.0,1650.0,657.0,993.0,0.0,428.0,427.0,428.0,434.0,433.0,432.0,958.0,856.0,1728.0,657.0,993.0,0.0,428.0,427.0,428.0
1.0,5208.0,1314.0,1283.0,3499.0,285.0,0.0,285.0,0.0,428.0,427.0,428.0,440.0,439.0,435.0,1483.0,1142.0,2583.0,0.0,285.0,0.0,428.0,427.0,428.0
1.0,7393.0,1313.0,1284.0,2868.0,0.0,0.0,0.0,0.0,428.0,428.0,428.0,434.0,438.0,441.0,2322.0,1850.0,3221.0,0.0,0.0,0.0,428.0,428.0,428.0
1.0,8948.0,1322.0,1284.0,1650.0,0.0,0.0,0.0,0.0,428.0,428.0,428.0,434.0,444.0,444.0,3065.0,2691.0,3192.0,0.0,0.0,0.0,428.0,428.0,428.0
1.0,9276.0,1305.0,1284.0,285.0,0.0,0.0,0.0,0.0,428.0,428.0,428.0,429.0,444.0,432.0,3288.0,3240.0,2748.0,0.0,0.0,0.0,428.0,428.0,428.0
1.0,8256.0,1329.0,1285.0,0.0,266.0,0.0,0.0,266.0,428.0,429.0,428.0,439.0,448.0,442.0,2859.0,3081.0,2316.0,0.0,0.0,266.0,428.0,429.0,428.0
1.0,6927.0,1318.0,1286.0,0.0,864.0,161.0,0.0,703.0,429.0,429.0,428.0,436.0,445.0,437.0,2420.0,2633.0,1874.0,161.0,0.0,703.0,429.0,429.0,428.0
1.0,5609.0,1328.0,1286.0,0.0,2149.0,607.0,400.0,1142.0,429.0,429.0,428.0,446.0,443.0,439.0,1984.0,2188.0,1437.0,607.0,400.0,1142.0,429.0,429.0,428.0
1.0,4281.0,1326.0,1287.0,266.0,3214.0,1050.0,840.0,1324.0,429.0,429.0,429.0,443.0,440.0,443.0,1538.0,1745.0,998.0,1050.0,840.0,1324.0,429.0,429.0,429.0
1.0,3221.0,1330.0,1288.0,864.0,3685.0,1330.0,1296.0,1059.0,429.0,430.0,429.0,441.0,451.0,438.0,1095.0,1305.0,821.0,1330.0,1296.0,1059.0,429.0,430.0,429.0
1.0,2755.0,1321.0,1288.0,2149.0,2857.0,1162.0,1341.0,354.0,429.0,430.0,429.0,439.0,445.0,437.0,815.0,854.0,1086.0,1162.0,1341.0,354.0,429.0,430.0,429.0
1.0,3583.0,1307.0,1288.0,3214.0,1490.0,554.0,936.0,0.0,429.0,430.0,429.0,442.0,435.0,430.0,983.0,809.0,1791.0,554.0,936.0,0.0,429.0,430.0,429.0
1.0,5490.0,1298.0,1290.0,3685.0,79.0,0.0,79.0,0.0,430.0,431.0,429.0,436.0,434.0,428.0,1591.0,1214.0,2685.0,0.0,79.0,0.0,430.0,431.0,429.0
1.0,7877.0,1304.0,1290.0,2857.0,0.0,0.0,0.0,0.0,430.0,431.0,429.0,438.0,437.0,429.0,2485.0,2076.0,3316.0,0.0,0.0,0.0,430.0,431.0,429.0
1.0,9430.0,1298.0,1291.0,1490.0,0.0,0.0,0.0,0.0,430.0,431.0,430.0,431.0,434.0,433.0,3209.0,2980.0,3241.0,0.0,0.0,0.0,430.0,431.0,430.0
1.0,9622.0,1308.0,1292.0,79.0,0.0,0.0,0.0,0.0,430.0,432.0,430.0,438.0,436.0,434.0,3332.0,3482.0,2808.0,0.0,0.0,0.0,430.0,432.0,430.0
1.0,8393.0,1290.0,1293.0,0.0,201.0,0.0,0.0,201.0,431.0,432.0,430.0,435.0,430.0,425.0,2894.0,3125.0,2374.0,0.0,0.0,201.0,431.0,432.0,430.0
1.0,7103.0,1302.0,1293.0,0.0,765.0,131.0,0.0,634.0,431.0,432.0,430.0,435.0,434.0,433.0,2459.0,2695.0,1949.0,131.0,0.0,634.0,431.0,432.0,430.0
1.0,5801.0,1283.0,1294.0,0.0,1952.0,556.0,329.0,1067.0,431.0,432.0,431.0,425.0,430.0,428.0,2024.0,2261.0,1516.0,556.0,329.0,1067.0,431.0,432.0,431.0
1.0,4518.0,1282.0,1296.0,201.0,3043.0,992.0,755.0,1296.0,432.0,433.0,431.0,431.0,421.0,430.0,1599.0,1831.0,1088.0,992.0,755.0,1296.0,432.0,433.0,431.0
1.0,3437.0,1286.0,1296.0,765.0,3564.0,1295.0,1179.0,1090.0,432.0,433.0,431.0,434.0,424.0,428.0,1168.0,1410.0,859.0,1295.0,1179.0,1090.0,432.0,433.0,431.0
1.0,2916.0,1286.0,1297.0,1952.0,2903.0,1161.0,1282.0,460.0,432.0,433.0,432.0,422.0,432.0,432.0,865.0,986.0,1065.0,1161.0,1282.0,460.0,432.0,433.0,432.0
1.0,3582.0,1295.0,1297.0,3043.0,1560.0,603.0,957.0,0.0,432.0,433.0,432.0,434.0,430.0,431.0,999.0,883.0,1700.0,603.0,957.0,0.0,432.0,433.0,432.0
1.0,5330.0,1296.0,1297.0,3564.0,204.0,0.0,204.0,0.0,432.0,433.0,432.0,431.0,426.0,439.0,1557.0,1208.0,2565.0,0.0,204.0,0.0,432.0,433.0,432.0
1.0,7598.0,1306.0,1299.0,2903.0,0.0,0.0,0.0,0.0,433.0,433.0,433.0,433.0,437.0,436.0,2421.0,1961.0,3216.0,0.0,0.0,0.0,433.0,433.0,433.0
1.0,9195.0,1314.0,1299.0,1560.0,0.0,0.0,0.0,0.0,433.0,433.0,433.0,435.0,440.0,439.0,3149.0,2806.0,3240.0,0.0,0.0,0.0,433.0,433.0,433.0
1.0,9441.0,1324.0,1300.0,204.0,0.0,0.0,0.0,0.0,433.0,434.0,433.0,438.0,441.0,445.0,3317.0,3323.0,2801.0,0.0,0.0,0.0,433.0,434.0,433.0
1.0,8321.0,1330.0,1301.0,0.0,264.0,0.0,0.0,264.0,433.0,434.0,434.0,438.0,442.0,450.0,2879.0,3086.0,2356.0,0.0,0.0,264.0,433.0,434.0,434.0
1.0,6991.0,1326.0,1301.0,0.0,873.0,165.0,0.0,708.0,433.0,434.0,434.0,441.0,441.0,444.0,2441.0,2644.0,1906.0,165.0,0.0,708.0,433.0,434.0,434.0
1.0,5665.0,1340.0,1302.0,0.0,2185.0,614.0,410.0,1161.0,434.0,434.0,434.0,444.0,443.0,453.0,2000.0,2203.0,1462.0,614.0,410.0,1161.0,434.0,434.0,434.0
1.0,4325.0,1334.0,1303.0,264.0,3260.0,1052.0,853.0,1355.0,434.0,434.0,435.0,438.0,443.0,453.0,1556.0,1760.0,1009.0,1052.0,853.0,1355.0,434.0,434.0,435.0
1.0,3255.0,1331.0,1303.0,873.0,3718.0,1325.0,1292.0,1101.0,434.0,434.0,435.0,438.0,439.0,454.0,1118.0,1317.0,820.0,1325.0,1292.0,1101.0,434.0,434.0,435.0
1.0,2797.0,1334.0,1303.0,2185.0,2867.0,1154.0,1323.0,390.0,434.0,434.0,435.0,443.0,441.0,450.0,845.0,878.0,1074.0,1154.0,1323.0,390.0,434.0,434.0,435.0
1.0,3648.0,1331.0,1304.0,3260.0,1455.0,542.0,913.0,0.0,434.0,434.0,436.0,440.0,443.0,448.0,1016.0,847.0,1785.0,542.0,913.0,0.0,434.0,434.0,436.0
1.0,5577.0,1330.0,1304.0,3718.0,62.0,0.0,62.0,0.0,434.0,434.0,436.0,441.0,441.0,448.0,1628.0,1257.0,2692.0,0.0,62.0,0.0,434.0,434.0,436.0
1.0,7965.0,1326.0,1304.0,2867.0,0.0,0.0,0.0,0.0,434.0,434.0,436.0,438.0,442.0,446.0,2512.0,2108.0,3345.0,0.0,0.0,0.0,434.0,434.0,436.0
1.0,9506.0,1341.0,1304.0,1455.0,0.0,0.0,0.0,0.0,434.0,434.0,436.0,447.0,442.0,452.0,3228.0,2989.0,3289.0,0.0,0.0,0.0,434.0,434.0,436.0
1.0,9620.0,1326.0,1304.0,62.0,0.0,0.0,0.0,0.0,434.0,434.0,436.0,447.0,444.0,435.0,3323.0,3460.0,2837.0,0.0,0.0,0.0,434.0,434.0,436.0
1.0,8356.0,1323.0,1305.0,0.0,221.0,0.0,0.0,221.0,435.0,434.0,436.0,443.0,437.0,443.0,2876.0,3078.0,2402.0,0.0,0.0,221.0,435.0,434.0,436.0
1.0,7033.0,1336.0,1307.0,0.0,865.0,191.0,0.0,674.0,435.0,435.0,437.0,449.0,439.0,448.0,2433.0,2641.0,1959.0,191.0,0.0,674.0,435.0,435.0,437.0
1.0,5697.0,1321.0,1307.0,0.0,2159.0,633.0,417.0,1109.0,435.0,435.0,437.0,442.0,444.0,435.0,1984.0,2202.0,1511.0,633.0,417.0,1109.0,435.0,435.0,437.0
1.0,4376.0,1303.0,1307.0,221.0,3241.0,1069.0,851.0,1321.0,435.0,435.0,437.0,436.0,434.0,433.0,1542.0,1758.0,1076.0,1069.0,851.0,1321.0,435.0,435.0,437.0
1.0,3294.0,1319.0,1309.0,865.0,3705.0,1328.0,1294.0,1083.0,436.0,436.0,437.0,445.0,438.0,436.0,1106.0,1324.0,864.0,1328.0,1294.0,1083.0,436.0,436.0,437.0
1.0,2840.0,1310.0,1309.0,2159.0,2856.0,1133.0,1315.0,408.0,436.0,436.0,437.0,438.0,438.0,434.0,852.0,886.0,1102.0,1133.0,1315.0,408.0,436.0,436.0,437.0
1.0,3689.0,1306.0,1309.0,3241.0,1403.0,504.0,899.0,0.0,436.0,436.0,437.0,440.0,435.0,431.0,1047.0,865.0,1777.0,504.0,899.0,0.0,436.0,436.0,437.0
1.0,5624.0,1304.0,1311.0,3705.0,46.0,0.0,46.0,0.0,437.0,437.0,437.0,441.0,436.0,427.0,1676.0,1281.0,2667.0,0.0,46.0,0.0,437.0,437.0,437.0
1.0,8025.0,1304.0,1311.0,2856.0,0.0,0.0,0.0,0.0,437.0,437.0,437.0,433.0,436.0,435.0,2563.0,2139.0,3323.0,0.0,0.0,0.0,437.0,437.0,437.0
1.0,9577.0,1311.0,1311.0,1403.0,0.0,0.0,0.0,0.0,437.0,437.0,437.0,440.0,439.0,432.0,3263.0,3018.0,3296.0,0.0,0.0,0.0,437.0,437.0,437.0
1.0,9669.0,1313.0,1311.0,46.0,0.0,0.0,0.0,0.0,437.0,437.0,437.0,436.0,441.0,436.0,3327.0,3478.0,2864.0,0.0,0.0,0.0,437.0,437.0,437.0
1.0,8402.0,1320.0,1313.0,0.0,200.0,0.0,0.0,200.0,437.0,438.0,438.0,437.0,445.0,438.0,2891.0,3083.0,2428.0,0.0,0.0,200.0,437.0,438.0,438.0
1.0,7082.0,1311.0,1314.0,0.0,810.0,176.0,0.0,634.0,438.0,438.0,438.0,440.0,437.0,434.0,2454.0,2638.0,1990.0,176.0,0.0,634.0,438.0,438.0,438.0
1.0,5771.0,1334.0,1314.0,0.0,2133.0,616.0,439.0,1078.0,438.0,438.0,438.0,440.0,450.0,444.0,2014.0,2201.0,1556.0,616.0,439.0,1078.0,438.0,438.0,438.0
1.0,4437.0,1330.0,1315.0,200.0,3268.0,1055.0,893.0,1320.0,438.0,439.0,438.0,439.0,449.0,442.0,1574.0,1751.0,1112.0,1055.0,893.0,1320.0,438.0,439.0,438.0
1.0,3307.0,1331.0,1315.0,810.0,3789.0,1319.0,1343.0,1127.0,438.0,439.0,438.0,440.0,450.0,441.0,1135.0,1302.0,870.0,1319.0,1343.0,1127.0,438.0,439.0,438.0
1.0,2786.0,1341.0,1315.0,2133.0,2997.0,1151.0,1350.0,496.0,438.0,439.0,438.0,448.0,446.0,447.0,871.0,852.0,1063.0,1151.0,1350.0,496.0,438.0,439.0,438.0
1.0,3578.0,1336.0,1315.0,3268.0,1445.0,540.0,905.0,0.0,438.0,439.0,438.0,444.0,448.0,444.0,1039.0,845.0,1694.0,540.0,905.0,0.0,438.0,439.0,438.0
1.0,5510.0,1354.0,1317.0,3789.0,16.0,0.0,16.0,0.0,439.0,439.0,439.0,447.0,454.0,453.0,1650.0,1290.0,2570.0,0.0,16.0,0.0,439.0,439.0,439.0
1.0,7945.0,1343.0,1317.0,2997.0,0.0,0.0,0.0,0.0,439.0,439.0,439.0,445.0,449.0,449.0,2522.0,2179.0,3244.0,0.0,0.0,0.0,439.0,439.0,439.0
1.0,9599.0,1348.0,1317.0,1445.0,0.0,0.0,0.0,0.0,439.0,439.0,439.0,447.0,447.0,454.0,3228.0,3080.0,3291.0,0.0,0.0,0.0,439.0,439.0,439.0
1.0,9696.0,1346.0,1318.0,16.0,0.0,0.0,0.0,0.0,439.0,439.0,440.0,451.0,442.0,453.0,3321.0,3538.0,2837.0,0.0,0.0,0.0,439.0,439.0,440.0
1.0,8366.0,1344.0,1319.0,0.0,270.0,0.0,0.0,270.0,439.0,440.0,440.0,445.0,445.0,454.0,2870.0,3112.0,2384.0,0.0,0.0,270.0,439.0,440.0,440.0
1.0,7022.0,1336.0,1318.0,0.0,937.0,215.0,0.0,722.0,439.0,439.0,440.0,445.0,439.0,452.0,2425.0,2667.0,1930.0,215.0,0.0,722.0,439.0,439.0,440.0
1.0,5686.0,1334.0,1318.0,0.0,2238.0,660.0,408.0,1170.0,439.0,439.0,440.0,445.0,441.0,448.0,1980.0,2228.0,1478.0,660.0,408.0,1170.0,439.0,439.0,440.0
1.0,4352.0,1344.0,1319.0,270.0,3317.0,1103.0,853.0,1361.0,439.0,439.0,441.0,443.0,445.0,456.0,1535.0,1787.0,1030.0,1103.0,853.0,1361.0,439.0,439.0,441.0
1.0,3278.0,1336.0,1321.0,937.0,3726.0,1337.0,1304.0,1085.0,440.0,440.0,441.0,444.0,446.0,446.0,1092.0,1342.0,844.0,1337.0,1304.0,1085.0,440.0,440.0,441.0
1.0,2879.0,1340.0,1322.0,2238.0,2833.0,1123.0,1338.0,372.0,440.0,440.0,442.0,446.0,442.0,452.0,863.0,896.0,1120.0,1123.0,1338.0,372.0,440.0,440.0,442.0
1.0,3777.0,1335.0,1322.0,3317.0,1387.0,467.0,920.0,0.0,440.0,440.0,442.0,447.0,435.0,453.0,1077.0,862.0,1838.0,467.0,920.0,0.0,440.0,440.0,442.0
1.0,5759.0,1332.0,1322.0,3726.0,60.0,0.0,60.0,0.0,440.0,440.0,442.0,440.0,444.0,448.0,1733.0,1280.0,2746.0,0.0,60.0,0.0,440.0,440.0,442.0
1.0,8153.0,1326.0,1323.0,2833.0,0.0,0.0,0.0,0.0,440.0,440.0,443.0,444.0,434.0,448.0,2630.0,2140.0,3383.0,0.0,0.0,0.0,440.0,440.0,443.0
1.0,9660.0,1332.0,1323.0,1387.0,0.0,0.0,0.0,0.0,440.0,440.0,443.0,442.0,441.0,449.0,3309.0,3044.0,3307.0,0.0,0.0,0.0,440.0,440.0,443.0
1.0,9715.0,1336.0,1324.0,60.0,0.0,0.0,0.0,0.0,441.0,440.0,443.0,452.0,436.0,448.0,3334.0,3523.0,2858.0,0.0,0.0,0.0,441.0,440.0,443.0
1.0,8439.0,1319.0,1326.0,0.0,249.0,0.0,0.0,249.0,441.0,441.0,444.0,438.0,442.0,439.0,2882.0,3147.0,2410.0,0.0,0.0,249.0,441.0,441.0,444.0
1.0,7120.0,1338.0,1326.0,0.0,899.0,211.0,0.0,688.0,441.0,441.0,444.0,450.0,449.0,439.0,2444.0,2705.0,1971.0,211.0,0.0,688.0,441.0,441.0,444.0
1.0,5782.0,1329.0,1327.0,0.0,2182.0,659.0,390.0,1133.0,442.0,441.0,444.0,443.0,441.0,445.0,1994.0,2256.0,1532.0,659.0,390.0,1133.0,442.0,441.0,444.0
1.0,4453.0,1328.0,1328.0,249.0,3266.0,1097.0,840.0,1329.0,442.0,442.0,444.0,438.0,445.0,445.0,1551.0,1815.0,1087.0,1097.0,840.0,1329.0,442.0,442.0,444.0
1.0,3374.0,1338.0,1328.0,899.0,3705.0,1327.0,1290.0,1088.0,442.0,442.0,444.0,441.0,450.0,447.0,1113.0,1370.0,891.0,1327.0,1290.0,1088.0,442.0,442.0,444.0
1.0,2935.0,1337.0,1329.0,2182.0,2865.0,1110.0,1349.0,406.0,442.0,442.0,445.0,442.0,449.0,446.0,883.0,920.0,1132.0,1110.0,1349.0,406.0,442.0,442.0,445.0
1.0,3780.0,1344.0,1329.0,3266.0,1416.0,458.0,958.0,0.0,442.0,442.0,445.0,445.0,449.0,450.0,1100.0,861.0,1819.0,458.0,958.0,0.0,442.0,442.0,445.0
1.0,5702.0,1364.0,1331.0,3705.0,132.0,0.0,132.0,0.0,443.0,443.0,445.0,458.0,459.0,447.0,1752.0,1252.0,2698.0,0.0,132.0,0.0,443.0,443.0,445.0
1.0,8043.0,1363.0,1331.0,2865.0,0.0,0.0,0.0,0.0,443.0,443.0,445.0,458.0,453.0,452.0,2621.0,2083.0,3339.0,0.0,0.0,0.0,443.0,443.0,445.0
1.0,9545.0,1368.0,1331.0,1416.0,0.0,0.0,0.0,0.0,443.0,443.0,445.0,458.0,457.0,453.0,3273.0,2979.0,3293.0,0.0,0.0,0.0,443.0,443.0,445.0
1.0,9593.0,1364.0,1333.0,132.0,0.0,0.0,0.0,0.0,444.0,444.0,445.0,449.0,460.0,455.0,3273.0,3480.0,2840.0,0.0,0.0,0.0,444.0,444.0,445.0
1.0,8361.0,1366.0,1333.0,0.0,294.0,0.0,0.0,294.0,444.0,444.0,445.0,454.0,458.0,454.0,2824.0,3152.0,2385.0,0.0,0.0,294.0,444.0,444.0,445.0
1.0,6995.0,1369.0,1333.0,0.0,1054.0,302.0,0.0,752.0,444.0,444.0,445.0,452.0,459.0,458.0,2370.0,2694.0,1931.0,302.0,0.0,752.0,444.0,444.0,445.0
1.0,5626.0,1372.0,1334.0,0.0,2416.0,759.0,451.0,1206.0,444.0,445.0,445.0,457.0,461.0,454.0,1918.0,2235.0,1473.0,759.0,451.0,1206.0,444.0,445.0,445.0
1.0,4254.0,1364.0,1335.0,294.0,3491.0,1216.0,906.0,1369.0,445.0,445.0,445.0,452.0,455.0,457.0,1461.0,1774.0,1019.0,1216.0,906.0,1369.0,445.0,445.0,445.0
1.0,3184.0,1356.0,1335.0,1054.0,3793.0,1367.0,1362.0,1064.0,445.0,445.0,445.0,453.0,456.0,447.0,1009.0,1319.0,856.0,1367.0,1362.0,1064.0,445.0,445.0,445.0
1.0,2882.0,1359.0,1336.0,2416.0,2741.0,1063.0,1361.0,317.0,445.0,445.0,446.0,455.0,450.0,454.0,858.0,863.0,1161.0,1063.0,1361.0,317.0,445.0,445.0,446.0
1.0,3939.0,1360.0,1337.0,3491.0,1215.0,296.0,919.0,0.0,445.0,446.0,446.0,449.0,459.0,452.0,1162.0,864.0,1913.0,296.0,919.0,0.0,445.0,446.0,446.0
1.0,6070.0,1342.0,1337.0,3793.0,7.0,0.0,7.0,0.0,445.0,446.0,446.0,443.0,450.0,449.0,1929.0,1311.0,2830.0,0.0,7.0,0.0,445.0,446.0,446.0
1.0,8521.0,1357.0,1337.0,2741.0,0.0,0.0,0.0,0.0,445.0,446.0,446.0,454.0,454.0,449.0,2853.0,2223.0,3445.0,0.0,0.0,0.0,445.0,446.0,446.0
1.0,9905.0,1336.0,1337.0,1215.0,0.0,0.0,0.0,0.0,445.0,446.0,446.0,438.0,452.0,446.0,3462.0,3130.0,3313.0,0.0,0.0,0.0,445.0,446.0,446.0
1.0,9784.0,1331.0,1337.0,7.0,0.0,0.0,0.0,0.0,445.0,446.0,446.0,445.0,439.0,447.0,3320.0,3597.0,2867.0,0.0,0.0,0.0,445.0,446.0,446.0
1.0,8460.0,1329.0,1337.0,0.0,253.0,0.0,0.0,253.0,445.0,446.0,446.0,444.0,442.0,443.0,2875.0,3165.0,2420.0,0.0,0.0,253.0,445.0,446.0,446.0
1.0,7131.0,1334.0,1339.0,0.0,942.0,241.0,0.0,701.0,445.0,447.0,447.0,447.0,444.0,443.0,2431.0,2723.0,1977.0,241.0,0.0,701.0,445.0,447.0,447.0
1.0,5797.0,1345.0,1340.0,0.0,2248.0,699.0,406.0,1143.0,446.0,447.0,447.0,453.0,450.0,442.0,1984.0,2279.0,1534.0,699.0,406.0,1143.0,446.0,447.0,447.0
1.0,4452.0,1333.0,1340.0,253.0,3328.0,1145.0,852.0,1331.0,446.0,447.0,447.0,446.0,446.0,441.0,1531.0,1829.0,1092.0,1145.0,852.0,1331.0,446.0,447.0,447.0
1.0,3372.0,1345.0,1340.0,942.0,3731.0,1358.0,1294.0,1079.0,446.0,447.0,447.0,454.0,442.0,449.0,1085.0,1383.0,904.0,1358.0,1294.0,1079.0,446.0,447.0,447.0
1.0,2969.0,1342.0,1340.0,2248.0,2825.0,1108.0,1336.0,381.0,446.0,447.0,447.0,449.0,448.0,445.0,872.0,941.0,1156.0,1108.0,1336.0,381.0,446.0,447.0,447.0
1.0,3875.0,1343.0,1342.0,3328.0,1348.0,425.0,923.0,0.0,447.0,447.0,448.0,457.0,439.0,447.0,1122.0,899.0,1854.0,425.0,923.0,0.0,447.0,447.0,448.0
1.0,5860.0,1359.0,1343.0,3731.0,81.0,0.0,81.0,0.0,447.0,448.0,448.0,457.0,447.0,455.0,1810.0,1312.0,2738.0,0.0,81.0,0.0,447.0,448.0,448.0
1.0,8232.0,1350.0,1342.0,2825.0,0.0,0.0,0.0,0.0,447.0,447.0,448.0,454.0,443.0,453.0,2711.0,2159.0,3362.0,0.0,0.0,0.0,447.0,447.0,448.0
1.0,9707.0,1359.0,1345.0,1348.0,0.0,0.0,0.0,0.0,448.0,448.0,449.0,457.0,446.0,456.0,3365.0,3052.0,3290.0,0.0,0.0,0.0,448.0,448.0,449.0
1.0,9696.0,1369.0,1345.0,81.0,0.0,0.0,0.0,0.0,448.0,448.0,449.0,455.0,458.0,456.0,3333.0,3529.0,2834.0,0.0,0.0,0.0,448.0,448.0,449.0
1.0,8408.0,1368.0,1345.0,0.0,328.0,0.0,0.0,328.0,448.0,448.0,449.0,452.0,455.0,461.0,2878.0,3152.0,2378.0,0.0,0.0,328.0,448.0,448.0,449.0
1.0,7040.0,1394.0,1347.0,0.0,1089.0,286.0,2.0,801.0,449.0,448.0,450.0,467.0,459.0,468.0,2426.0,2697.0,1917.0,286.0,2.0,801.0,449.0,448.0,450.0
1.0,5646.0,1384.0,1347.0,0.0,2473.0,747.0,460.0,1266.0,449.0,448.0,450.0,461.0,458.0,465.0,1959.0,2238.0,1449.0,747.0,460.0,1266.0,449.0,448.0,450.0
1.0,4262.0,1399.0,1350.0,328.0,3559.0,1219.0,926.0,1414.0,450.0,449.0,451.0,467.0,461.0,471.0,1498.0,1780.0,984.0,1219.0,926.0,1414.0,450.0,449.0,451.0
1.0,3191.0,1391.0,1350.0,1089.0,3861.0,1396.0,1385.0,1080.0,450.0,449.0,451.0,463.0,461.0,467.0,1031.0,1319.0,841.0,1396.0,1385.0,1080.0,450.0,449.0,451.0
1.0,2889.0,1400.0,1350.0,2473.0,2788.0,1117.0,1388.0,283.0,450.0,449.0,451.0,468.0,463.0,469.0,854.0,860.0,1175.0,1117.0,1388.0,283.0,450.0,449.0,451.0
1.0,3962.0,1393.0,1352.0,3559.0,1296.0,367.0,929.0,0.0,451.0,449.0,452.0,464.0,467.0,462.0,1133.0,857.0,1972.0,367.0,929.0,0.0,451.0,449.0,452.0
1.0,6128.0,1398.0,1353.0,3861.0,20.0,0.0,20.0,0.0,451.0,450.0,452.0,460.0,471.0,467.0,1888.0,1316.0,2924.0,0.0,20.0,0.0,451.0,450.0,452.0
1.0,8591.0,1389.0,1353.0,2788.0,0.0,0.0,0.0,0.0,451.0,450.0,452.0,457.0,466.0,466.0,2824.0,2230.0,3537.0,0.0,0.0,0.0,451.0,450.0,452.0
1.0,9990.0,1381.0,1354.0,1296.0,0.0,0.0,0.0,0.0,451.0,451.0,452.0,455.0,460.0,466.0,3484.0,3152.0,3354.0,0.0,0.0,0.0,451.0,451.0,452.0
1.0,9905.0,1368.0,1354.0,20.0,0.0,0.0,0.0,0.0,451.0,451.0,452.0,457.0,458.0,453.0,3396.0,3621.0,2888.0,0.0,0.0,0.0,451.0,451.0,452.0
1.0,8557.0,1376.0,1355.0,0.0,279.0,0.0,0.0,279.0,452.0,451.0,452.0,455.0,467.0,454.0,2939.0,3183.0,2435.0,0.0,0.0,279.0,452.0,451.0,452.0
1.0,7181.0,1373.0,1357.0,0.0,977.0,228.0,8.0,741.0,452.0,452.0,453.0,452.0,464.0,457.0,2484.0,2716.0,1981.0,228.0,8.0,741.0,452.0,452.0,453.0
1.0,5808.0,1369.0,1357.0,0.0,2346.0,680.0,468.0,1198.0,452.0,452.0,453.0,452.0,460.0,457.0,2032.0,2252.0,1524.0,680.0,468.0,1198.0,452.0,452.0,453.0
1.0,4439.0,1359.0,1357.0,279.0,3426.0,1135.0,919.0,1372.0,452.0,452.0,453.0,455.0,451.0,453.0,1580.0,1792.0,1067.0,1135.0,919.0,1372.0,452.0,452.0,453.0
1.0,3359.0,1344.0,1358.0,977.0,3798.0,1355.0,1373.0,1070.0,452.0,453.0,453.0,448.0,457.0,439.0,1125.0,1341.0,893.0,1355.0,1373.0,1070.0,452.0,453.0,453.0
1.0,2992.0,1341.0,1358.0,2346.0,2793.0,1119.0,1355.0,319.0,452.0,453.0,453.0,444.0,450.0,447.0,905.0,892.0,1195.0,1119.0,1355.0,319.0,452.0,453.0,453.0
1.0,3997.0,1354.0,1358.0,3426.0,1325.0,430.0,895.0,0.0,452.0,453.0,453.0,446.0,459.0,449.0,1141.0,910.0,1946.0,430.0,895.0,0.0,452.0,453.0,453.0
1.0,6069.0,1360.0,1359.0,3798.0,0.0,0.0,0.0,0.0,452.0,454.0,453.0,454.0,455.0,451.0,1830.0,1370.0,2869.0,0.0,0.0,0.0,452.0,454.0,453.0
1.0,8507.0,1360.0,1360.0,2793.0,0.0,0.0,0.0,0.0,453.0,454.0,453.0,457.0,456.0,447.0,2731.0,2288.0,3488.0,0.0,0.0,0.0,453.0,454.0,453.0
1.0,9940.0,1345.0,1360.0,1325.0,0.0,0.0,0.0,0.0,453.0,454.0,453.0,448.0,449.0,448.0,3393.0,3187.0,3360.0,0.0,0.0,0.0,453.0,454.0,453.0
1.0,9920.0,1337.0,1360.0,0.0,0.0,0.0,0.0,0.0,453.0,454.0,453.0,445.0,447.0,445.0,3375.0,3633.0,2912.0,0.0,0.0,0.0,453.0,454.0,453.0
1.0,8583.0,1357.0,1360.0,0.0,246.0,0.0,0.0,246.0,453.0,454.0,453.0,455.0,454.0,448.0,2930.0,3186.0,2467.0,0.0,0.0,246.0,453.0,454.0,453.0
1.0,7226.0,1375.0,1360.0,0.0,950.0,250.0,0.0,700.0,453.0,454.0,453.0,460.0,461.0,454.0,2475.0,2732.0,2019.0,250.0,0.0,700.0,453.0,454.0,453.0
1.0,5851.0,1366.0,1362.0,0.0,2325.0,716.0,454.0,1155.0,454.0,455.0,453.0,461.0,450.0,455.0,2015.0,2271.0,1565.0,716.0,454.0,1155.0,454.0,455.0,453.0
1.0,4485.0,1376.0,1362.0,246.0,3455.0,1178.0,910.0,1367.0,454.0,455.0,453.0,462.0,456.0,458.0,1554.0,1821.0,1110.0,1178.0,910.0,1367.0,454.0,455.0,453.0
1.0,3355.0,1384.0,1363.0,950.0,3894.0,1395.0,1367.0,1132.0,454.0,455.0,454.0,467.0,457.0,460.0,1092.0,1365.0,898.0,1395.0,1367.0,1132.0,454.0,455.0,454.0
1.0,2921.0,1379.0,1363.0,2325.0,2948.0,1148.0,1365.0,435.0,454.0,455.0,454.0,469.0,452.0,458.0,875.0,908.0,1138.0,1148.0,1365.0,435.0,454.0,455.0,454.0
1.0,3867.0,1397.0,1364.0,3455.0,1361.0,447.0,914.0,0.0,455.0,455.0,454.0,472.0,459.0,466.0,1122.0,910.0,1835.0,447.0,914.0,0.0,455.0,455.0,454.0
1.0,5925.0,1397.0,1364.0,3894.0,10.0,0.0,10.0,0.0,455.0,455.0,454.0,471.0,463.0,463.0,1828.0,1361.0,2736.0,0.0,10.0,0.0,455.0,455.0,454.0
1.0,8422.0,1393.0,1365.0,2948.0,0.0,0.0,0.0,0.0,455.0,455.0,455.0,462.0,463.0,468.0,2752.0,2265.0,3405.0,0.0,0.0,0.0,455.0,455.0,455.0
1.0,9977.0,1401.0,1366.0,1361.0,0.0,0.0,0.0,0.0,456.0,455.0,455.0,468.0,468.0,465.0,3438.0,3167.0,3372.0,0.0,0.0,0.0,456.0,455.0,455.0
1.0,9937.0,1403.0,1366.0,10.0,0.0,0.0,0.0,0.0,456.0,455.0,455.0,464.0,466.0,473.0,3417.0,3613.0,2907.0,0.0,0.0,0.0,456.0,455.0,455.0
1.0,8544.0,1401.0,1366.0,0.0,307.0,0.0,0.0,307.0,456.0,455.0,455.0,470.0,465.0,466.0,2953.0,3157.0,2434.0,0.0,0.0,307.0,456.0,455.0,455.0
1.0,7143.0,1397.0,1367.0,0.0,1089.0,262.0,46.0,781.0,456.0,455.0,456.0,465.0,463.0,469.0,2483.0,2692.0,1968.0,262.0,46.0,781.0,456.0,455.0,456.0
1.0,5746.0,1397.0,1368.0,0.0,2491.0,725.0,514.0,1252.0,456.0,456.0,456.0,463.0,463.0,471.0,2018.0,2229.0,1499.0,725.0,514.0,1252.0,456.0,456.0,456.0
1.0,4349.0,1396.0,1369.0,307.0,3585.0,1192.0,976.0,1417.0,457.0,456.0,456.0,462.0,462.0,472.0,1555.0,1766.0,1028.0,1192.0,976.0,1417.0,457.0,456.0,456.0
1.0,3260.0,1398.0,1370.0,1089.0,3899.0,1390.0,1400.0,1109.0,457.0,456.0,457.0,460.0,470.0,468.0,1093.0,1304.0,863.0,1390.0,1400.0,1109.0,457.0,456.0,457.0
1.0,2951.0,1396.0,1370.0,2491.0,2804.0,1125.0,1353.0,326.0,457.0,456.0,457.0,460.0,467.0,469.0,895.0,880.0,1176.0,1125.0,1353.0,326.0,457.0,456.0,457.0
1.0,4046.0,1385.0,1372.0,3585.0,1239.0,392.0,847.0,0.0,458.0,457.0,457.0,454.0,465.0,466.0,1160.0,927.0,1959.0,392.0,847.0,0.0,458.0,457.0,457.0
1.0,6246.0,1370.0,1373.0,3899.0,0.0,0.0,0.0,0.0,458.0,457.0,458.0,452.0,457.0,461.0,1898.0,1438.0,2910.0,0.0,0.0,0.0,458.0,457.0,458.0
1.0,8775.0,1371.0,1373.0,2804.0,0.0,0.0,0.0,0.0,458.0,457.0,458.0,444.0,463.0,464.0,2836.0,2381.0,3558.0,0.0,0.0,0.0,458.0,457.0,458.0
1.0,10208.0,1362.0,1374.0,1239.0,0.0,0.0,0.0,0.0,458.0,458.0,458.0,449.0,453.0,460.0,3517.0,3271.0,3420.0,0.0,0.0,0.0,458.0,458.0,458.0
1.0,10085.0,1367.0,1375.0,0.0,0.0,0.0,0.0,0.0,458.0,458.0,459.0,452.0,460.0,455.0,3460.0,3665.0,2960.0,0.0,0.0,0.0,458.0,458.0,459.0
1.0,8718.0,1364.0,1375.0,0.0,246.0,0.0,0.0,246.0,458.0,458.0,459.0,454.0,454.0,456.0,3008.0,3205.0,2505.0,0.0,0.0,246.0,458.0,458.0,459.0
1.0,7354.0,1365.0,1375.0,0.0,893.0,187.0,0.0,706.0,458.0,458.0,459.0,451.0,454.0,460.0,2554.0,2751.0,2049.0,187.0,0.0,706.0,458.0,458.0,459.0
1.0,5989.0,1374.0,1375.0,0.0,2260.0,643.0,455.0,1162.0,458.0,458.0,459.0,456.0,462.0,456.0,2103.0,2297.0,1589.0,643.0,455.0,1162.0,458.0,458.0,459.0
1.0,4615.0,1389.0,1377.0,246.0,3413.0,1105.0,922.0,1386.0,458.0,459.0,460.0,462.0,462.0,465.0,1647.0,1835.0,1133.0,1105.0,922.0,1386.0,458.0,459.0,460.0
1.0,3472.0,1382.0,1377.0,893.0,3902.0,1382.0,1383.0,1137.0,458.0,459.0,460.0,464.0,461.0,457.0,1185.0,1373.0,914.0,1382.0,1383.0,1137.0,458.0,459.0,460.0
1.0,2983.0,1387.0,1378.0,2260.0,3034.0,1202.0,1400.0,432.0,458.0,460.0,460.0,463.0,467.0,457.0,908.0,912.0,1163.0,1202.0,1400.0,432.0,458.0,460.0,460.0
1.0,3856.0,1389.0,1378.0,3413.0,1499.0,561.0,938.0,0.0,458.0,460.0,460.0,464.0,460.0,465.0,1088.0,900.0,1868.0,561.0,938.0,0.0,458.0,460.0,460.0
1.0,5880.0,1395.0,1379.0,3902.0,22.0,0.0,22.0,0.0,459.0,460.0,460.0,466.0,467.0,462.0,1729.0,1362.0,2789.0,0.0,22.0,0.0,459.0,460.0,460.0
1.0,8387.0,1408.0,1379.0,3034.0,0.0,0.0,0.0,0.0,459.0,460.0,460.0,467.0,465.0,476.0,2645.0,2278.0,3464.0,0.0,0.0,0.0,459.0,460.0,460.0
1.0,10013.0,1403.0,1379.0,1499.0,0.0,0.0,0.0,0.0,459.0,460.0,460.0,474.0,464.0,465.0,3380.0,3213.0,3420.0,0.0,0.0,0.0,459.0,460.0,460.0
1.0,10109.0,1413.0,1380.0,22.0,0.0,0.0,0.0,0.0,459.0,460.0,461.0,471.0,470.0,472.0,3467.0,3687.0,2955.0,0.0,0.0,0.0,459.0,460.0,461.0
1.0,8718.0,1415.0,1381.0,0.0,294.0,0.0,0.0,294.0,459.0,461.0,461.0,472.0,471.0,472.0,2996.0,3239.0,2483.0,0.0,0.0,294.0,459.0,461.0,461.0
1.0,7303.0,1410.0,1382.0,0.0,1017.0,253.0,2.0,762.0,460.0,461.0,461.0,477.0,465.0,468.0,2524.0,2768.0,2011.0,253.0,2.0,762.0,460.0,461.0,461.0
1.0,5893.0,1416.0,1382.0,0.0,2433.0,724.0,481.0,1228.0,460.0,461.0,461.0,471.0,479.0,466.0,2047.0,2303.0,1543.0,724.0,481.0,1228.0,460.0,461.0,461.0
1.0,4477.0,1417.0,1382.0,294.0,3556.0,1199.0,953.0,1404.0,460.0,461.0,461.0,475.0,472.0,470.0,1576.0,1824.0,1077.0,1199.0,953.0,1404.0,460.0,461.0,461.0
1.0,3354.0,1410.0,1382.0,1017.0,3949.0,1421.0,1420.0,1108.0,460.0,461.0,461.0,475.0,469.0,466.0,1101.0,1352.0,901.0,1421.0,1420.0,1108.0,460.0,461.0,461.0
1.0,2961.0,1406.0,1382.0,2433.0,2922.0,1170.0,1404.0,348.0,460.0,461.0,461.0,473.0,465.0,468.0,879.0,885.0,1197.0,1170.0,1404.0,348.0,460.0,461.0,461.0
1.0,3988.0,1398.0,1383.0,3556.0,1360.0,443.0,917.0,0.0,461.0,461.0,461.0,467.0,466.0,465.0,1130.0,901.0,1957.0,443.0,917.0,0.0,461.0,461.0,461.0
1.0,6146.0,1404.0,1383.0,3949.0,0.0,0.0,0.0,0.0,461.0,461.0,461.0,469.0,469.0,466.0,1862.0,1388.0,2896.0,0.0,0.0,0.0,461.0,461.0,461.0
1.0,8691.0,1395.0,1383.0,2922.0,0.0,0.0,0.0,0.0,461.0,461.0,461.0,472.0,460.0,463.0,2814.0,2339.0,3538.0,0.0,0.0,0.0,461.0,461.0,461.0
1.0,10218.0,1393.0,1383.0,1360.0,0.0,0.0,0.0,0.0,461.0,461.0,461.0,463.0,456.0,474.0,3512.0,3283.0,3423.0,0.0,0.0,0.0,461.0,461.0,461.0
1.0,10185.0,1376.0,1385.0,0.0,0.0,0.0,0.0,0.0,462.0,461.0,462.0,456.0,459.0,461.0,3492.0,3744.0,2949.0,0.0,0.0,0.0,462.0,461.0,462.0
1.0,8809.0,1394.0,1386.0,0.0,282.0,0.0,0.0,282.0,462.0,462.0,462.0,460.0,474.0,460.0,3036.0,3285.0,2488.0,0.0,0.0,282.0,462.0,462.0,462.0
1.0,7415.0,1383.0,1386.0,0.0,937.0,194.0,0.0,743.0,462.0,462.0,462.0,460.0,462.0,461.0,2576.0,2811.0,2028.0,194.0,0.0,743.0,462.0,462.0,462.0
1.0,6032.0,1377.0,1386.0,0.0,2275.0,647.0,426.0,1202.0,462.0,462.0,462.0,453.0,465.0,459.0,2116.0,2349.0,1567.0,647.0,426.0,1202.0,462.0,462.0,462.0
1.0,4655.0,1377.0,1386.0,282.0,3370.0,1106.0,886.0,1378.0,462.0,462.0,462.0,459.0,460.0,458.0,1663.0,1884.0,1108.0,1106.0,886.0,1378.0,462.0,462.0,462.0
1.0,3560.0,1378.0,1387.0,937.0,3816.0,1367.0,1355.0,1094.0,462.0,462.0,463.0,455.0,469.0,454.0,1204.0,1424.0,932.0,1367.0,1355.0,1094.0,462.0,462.0,463.0
1.0,3119.0,1376.0,1387.0,2275.0,2917.0,1180.0,1384.0,353.0,462.0,462.0,463.0,460.0,455.0,461.0,943.0,955.0,1221.0,1180.0,1384.0,353.0,462.0,462.0,463.0
1.0,4018.0,1377.0,1388.0,3370.0,1493.0,536.0,957.0,0.0,463.0,462.0,463.0,457.0,459.0,461.0,1130.0,926.0,1962.0,536.0,957.0,0.0,463.0,462.0,463.0
1.0,6011.0,1383.0,1389.0,3816.0,71.0,0.0,71.0,0.0,463.0,463.0,463.0,456.0,464.0,463.0,1779.0,1353.0,2879.0,0.0,71.0,0.0,463.0,463.0,463.0
1.0,8444.0,1388.0,1390.0,2917.0,0.0,0.0,0.0,0.0,463.0,463.0,464.0,461.0,464.0,463.0,2690.0,2244.0,3510.0,0.0,0.0,0.0,463.0,463.0,464.0
1.0,9973.0,1406.0,1390.0,1493.0,0.0,0.0,0.0,0.0,463.0,463.0,464.0,466.0,469.0,471.0,3409.0,3164.0,3400.0,0.0,0.0,0.0,463.0,463.0,464.0
1.0,10060.0,1403.0,1390.0,71.0,0.0,0.0,0.0,0.0,463.0,463.0,464.0,467.0,470.0,466.0,3479.0,3652.0,2929.0,0.0,0.0,0.0,463.0,463.0,464.0
1.0,8728.0,1415.0,1392.0,0.0,341.0,0.0,0.0,341.0,463.0,464.0,465.0,470.0,466.0,479.0,3012.0,3253.0,2463.0,0.0,0.0,341.0,463.0,464.0,465.0
1.0,7313.0,1420.0,1392.0,0.0,1067.0,243.0,8.0,816.0,463.0,464.0,465.0,470.0,475.0,475.0,2542.0,2787.0,1984.0,243.0,8.0,816.0,463.0,464.0,465.0
1.0,5893.0,1445.0,1394.0,0.0,2522.0,726.0,494.0,1302.0,464.0,465.0,465.0,478.0,481.0,486.0,2072.0,2312.0,1509.0,726.0,494.0,1302.0,464.0,465.0,465.0
1.0,4448.0,1440.0,1395.0,341.0,3626.0,1207.0,968.0,1451.0,464.0,465.0,466.0,481.0,474.0,485.0,1594.0,1831.0,1023.0,1207.0,968.0,1451.0,464.0,465.0,466.0
1.0,3349.0,1439.0,1395.0,1067.0,3998.0,1440.0,1435.0,1123.0,464.0,465.0,466.0,476.0,475.0,488.0,1113.0,1357.0,879.0,1440.0,1435.0,1123.0,464.0,465.0,466.0
1.0,2977.0,1444.0,1395.0,2522.0,2920.0,1195.0,1425.0,300.0,464.0,465.0,466.0,481.0,484.0,479.0,880.0,890.0,1207.0,1195.0,1425.0,300.0,464.0,465.0,466.0
1.0,4055.0,1437.0,1397.0,3626.0,1406.0,469.0,937.0,0.0,464.0,466.0,467.0,481.0,475.0,481.0,1125.0,900.0,2030.0,469.0,937.0,0.0,464.0,466.0,467.0
1.0,6244.0,1439.0,1398.0,3998.0,0.0,0.0,0.0,0.0,465.0,466.0,467.0,478.0,477.0,484.0,1851.0,1393.0,3000.0,0.0,0.0,0.0,465.0,466.0,467.0
1.0,8803.0,1433.0,1398.0,2920.0,0.0,0.0,0.0,0.0,465.0,466.0,467.0,482.0,469.0,482.0,2813.0,2351.0,3639.0,0.0,0.0,0.0,465.0,466.0,467.0
1.0,10290.0,1431.0,1398.0,1406.0,0.0,0.0,0.0,0.0,465.0,466.0,467.0,479.0,478.0,474.0,3526.0,3307.0,3457.0,0.0,0.0,0.0,465.0,466.0,467.0
1.0,10265.0,1436.0,1400.0,0.0,0.0,0.0,0.0,0.0,466.0,466.0,468.0,484.0,472.0,480.0,3516.0,3766.0,2983.0,0.0,0.0,0.0,466.0,466.0,468.0
1.0,8829.0,1434.0,1401.0,0.0,316.0,0.0,0.0,316.0,466.0,467.0,468.0,480.0,475.0,479.0,3032.0,3294.0,2503.0,0.0,0.0,316.0,466.0,467.0,468.0
1.0,7395.0,1418.0,1401.0,0.0,1042.0,254.0,0.0,788.0,466.0,467.0,468.0,476.0,470.0,472.0,2552.0,2819.0,2024.0,254.0,0.0,788.0,466.0,467.0,468.0
1.0,5977.0,1402.0,1401.0,0.0,2430.0,723.0,450.0,1257.0,466.0,467.0,468.0,469.0,464.0,469.0,2076.0,2349.0,1552.0,723.0,450.0,1257.0,466.0,467.0,468.0
1.0,4575.0,1411.0,1402.0,316.0,3530.0,1202.0,917.0,1411.0,467.0,467.0,468.0,474.0,467.0,470.0,1607.0,1885.0,1083.0,1202.0,917.0,1411.0,467.0,467.0,468.0
1.0,3480.0,1400.0,1402.0,1042.0,3888.0,1421.0,1378.0,1089.0,467.0,467.0,468.0,473.0,461.0,466.0,1133.0,1418.0,929.0,1421.0,1378.0,1089.0,467.0,467.0,468.0
1.0,3122.0,1394.0,1403.0,2430.0,2857.0,1166.0,1394.0,297.0,468.0,467.0,468.0,463.0,466.0,465.0,914.0,957.0,1251.0,1166.0,1394.0,297.0,468.0,467.0,468.0
1.0,4158.0,1393.0,1403.0,3530.0,1372.0,427.0,945.0,0.0,468.0,467.0,468.0,463.0,468.0,462.0,1174.0,941.0,2043.0,427.0,945.0,0.0,468.0,467.0,468.0
1.0,6295.0,1386.0,1403.0,3888.0,27.0,0.0,27.0,0.0,468.0,467.0,468.0,465.0,460.0,461.0,1913.0,1390.0,2992.0,0.0,27.0,0.0,468.0,467.0,468.0
1.0,8797.0,1380.0,1403.0,2857.0,0.0,0.0,0.0,0.0,468.0,467.0,468.0,463.0,462.0,455.0,2869.0,2308.0,3620.0,0.0,0.0,0.0,468.0,467.0,468.0
1.0,10274.0,1379.0,1403.0,1372.0,0.0,0.0,0.0,0.0,468.0,467.0,468.0,463.0,460.0,456.0,3572.0,3240.0,3462.0,0.0,0.0,0.0,468.0,467.0,468.0
1.0,10267.0,1391.0,1404.0,27.0,0.0,0.0,0.0,0.0,469.0,467.0,468.0,460.0,466.0,465.0,3536.0,3725.0,3006.0,0.0,0.0,0.0,469.0,467.0,468.0
1.0,8903.0,1401.0,1404.0,0.0,270.0,0.0,0.0,270.0,469.0,467.0,468.0,463.0,467.0,471.0,3076.0,3286.0,2541.0,0.0,0.0,270.0,469.0,467.0,468.0
1.0,7502.0,1401.0,1405.0,0.0,936.0,201.0,0.0,735.0,469.0,468.0,468.0,469.0,467.0,465.0,2613.0,2819.0,2070.0,201.0,0.0,735.0,469.0,468.0,468.0
1.0,6101.0,1397.0,1406.0,0.0,2326.0,672.0,456.0,1198.0,469.0,468.0,469.0,471.0,468.0,458.0,2144.0,2352.0,1605.0,672.0,456.0,1198.0,469.0,468.0,469.0
1.0,4704.0,1414.0,1406.0,270.0,3470.0,1141.0,934.0,1395.0,469.0,468.0,469.0,469.0,478.0,467.0,1673.0,1884.0,1147.0,1141.0,934.0,1395.0,469.0,468.0,469.0
1.0,3560.0,1431.0,1406.0,936.0,3965.0,1421.0,1411.0,1133.0,469.0,468.0,469.0,481.0,477.0,473.0,1204.0,1406.0,950.0,1421.0,1411.0,1133.0,469.0,468.0,469.0
1.0,3065.0,1418.0,1406.0,2326.0,3057.0,1218.0,1434.0,405.0,469.0,468.0,469.0,469.0,479.0,470.0,924.0,929.0,1212.0,1218.0,1434.0,405.0,469.0,468.0,469.0
1.0,3973.0,1442.0,1407.0,3470.0,1547.0,561.0,986.0,0.0,469.0,469.0,469.0,484.0,481.0,477.0,1127.0,906.0,1940.0,561.0,986.0,0.0,469.0,469.0,469.0
1.0,6001.0,1449.0,1408.0,3965.0,59.0,0.0,59.0,0.0,470.0,469.0,469.0,481.0,484.0,484.0,1784.0,1359.0,2858.0,0.0,59.0,0.0,470.0,469.0,469.0
1.0,8517.0,1446.0,1408.0,3057.0,0.0,0.0,0.0,0.0,470.0,469.0,469.0,484.0,484.0,478.0,2724.0,2286.0,3507.0,0.0,0.0,0.0,470.0,469.0,469.0
1.0,10128.0,1446.0,1409.0,1547.0,0.0,0.0,0.0,0.0,470.0,470.0,469.0,486.0,484.0,476.0,3458.0,3236.0,3434.0,0.0,0.0,0.0,470.0,470.0,469.0
1.0,10229.0,1450.0,1410.0,59.0,0.0,0.0,0.0,0.0,470.0,470.0,470.0,481.0,493.0,476.0,3533.0,3738.0,2958.0,0.0,0.0,0.0,470.0,470.0,470.0
1.0,8838.0,1459.0,1411.0,0.0,352.0,0.0,0.0,352.0,471.0,470.0,470.0,492.0,483.0,484.0,3052.0,3304.0,2482.0,0.0,0.0,352.0,471.0,470.0,470.0
1.0,7379.0,1462.0,1411.0,0.0,1138.0,290.0,11.0,837.0,471.0,470.0,470.0,495.0,482.0,485.0,2560.0,2821.0,1998.0,290.0,11.0,837.0,471.0,470.0,470.0
1.0,5917.0,1455.0,1412.0,0.0,2598.0,783.0,499.0,1316.0,471.0,471.0,470.0,493.0,483.0,479.0,2065.0,2339.0,1513.0,783.0,499.0,1316.0,471.0,471.0,470.0
1.0,4462.0,1450.0,1414.0,352.0,3706.0,1271.0,984.0,1451.0,472.0,471.0,471.0,483.0,485.0,482.0,1572.0,1856.0,1034.0,1271.0,984.0,1451.0,472.0,471.0,471.0
1.0,3364.0,1457.0,1414.0,1138.0,4025.0,1468.0,1458.0,1099.0,472.0,471.0,471.0,487.0,485.0,485.0,1089.0,1371.0,904.0,1468.0,1458.0,1099.0,472.0,471.0,471.0
1.0,3045.0,1449.0,1416.0,2598.0,2886.0,1171.0,1443.0,272.0,472.0,472.0,472.0,486.0,479.0,484.0,892.0,897.0,1256.0,1171.0,1443.0,272.0,472.0,472.0,472.0
1.0,4194.0,1431.0,1416.0,3706.0,1308.0,370.0,938.0,0.0,472.0,472.0,472.0,470.0,479.0,482.0,1189.0,917.0,2088.0,370.0,938.0,0.0,472.0,472.0,472.0
1.0,6469.0,1431.0,1417.0,4025.0,0.0,0.0,0.0,0.0,473.0,472.0,472.0,476.0,475.0,480.0,1990.0,1422.0,3057.0,0.0,0.0,0.0,473.0,472.0,472.0
1.0,9063.0,1428.0,1418.0,2886.0,0.0,0.0,0.0,0.0,473.0,473.0,472.0,476.0,476.0,476.0,2982.0,2405.0,3676.0,0.0,0.0,0.0,473.0,473.0,472.0
1.0,10521.0,1426.0,1419.0,1308.0,0.0,0.0,0.0,0.0,473.0,473.0,473.0,476.0,465.0,485.0,3677.0,3372.0,3472.0,0.0,0.0,0.0,473.0,473.0,473.0
1.0,10403.0,1424.0,1420.0,0.0,0.0,0.0,0.0,0.0,474.0,473.0,473.0,473.0,478.0,473.0,3571.0,3845.0,2987.0,0.0,0.0,0.0,474.0,473.0,473.0
1.0,8979.0,1415.0,1420.0,0.0,327.0,0.0,0.0,327.0,474.0,473.0,473.0,469.0,470.0,476.0,3098.0,3367.0,2514.0,0.0,0.0,327.0,474.0,473.0,473.0
1.0,7564.0,1410.0,1421.0,0.0,1016.0,208.0,0.0,808.0,474.0,473.0,474.0,467.0,467.0,476.0,2629.0,2897.0,2038.0,208.0,0.0,808.0,474.0,473.0,474.0
1.0,6154.0,1395.0,1421.0,0.0,2346.0,669.0,399.0,1278.0,474.0,473.0,474.0,461.0,464.0,470.0,2162.0,2430.0,1562.0,669.0,399.0,1278.0,474.0,473.0,474.0
1.0,4759.0,1414.0,1421.0,327.0,3433.0,1138.0,871.0,1424.0,474.0,473.0,474.0,469.0,472.0,473.0,1701.0,1966.0,1092.0,1138.0,871.0,1424.0,474.0,473.0,474.0
1.0,3672.0,1414.0,1424.0,1016.0,3846.0,1402.0,1346.0,1098.0,475.0,474.0,475.0,467.0,470.0,477.0,1232.0,1494.0,946.0,1402.0,1346.0,1098.0,475.0,474.0,475.0
1.0,3274.0,1423.0,1424.0,2346.0,2923.0,1217.0,1414.0,292.0,475.0,474.0,475.0,484.0,467.0,472.0,973.0,1024.0,1277.0,1217.0,1414.0,292.0,475.0,474.0,475.0
1.0,4197.0,1421.0,1424.0,3433.0,1568.0,551.0,1017.0,0.0,475.0,474.0,475.0,472.0,474.0,475.0,1158.0,956.0,2083.0,551.0,1017.0,0.0,475.0,474.0,475.0
1.0,6209.0,1427.0,1424.0,3846.0,148.0,0.0,148.0,0.0,475.0,474.0,475.0,476.0,477.0,474.0,1824.0,1353.0,3032.0,0.0,148.0,0.0,475.0,474.0,475.0
1.0,8628.0,1443.0,1425.0,2923.0,0.0,0.0,0.0,0.0,476.0,474.0,475.0,482.0,483.0,478.0,2750.0,2222.0,3656.0,0.0,0.0,0.0,476.0,474.0,475.0
1.0,10108.0,1440.0,1425.0,1568.0,0.0,0.0,0.0,0.0,476.0,474.0,475.0,478.0,481.0,481.0,3485.0,3153.0,3470.0,0.0,0.0,0.0,476.0,474.0,475.0
1.0,10236.0,1447.0,1425.0,148.0,0.0,0.0,0.0,0.0,476.0,474.0,475.0,479.0,478.0,490.0,3558.0,3689.0,2989.0,0.0,0.0,0.0,476.0,474.0,475.0
1.0,8937.0,1452.0,1425.0,0.0,352.0,0.0,0.0,352.0,476.0,474.0,475.0,489.0,487.0,476.0,3079.0,3359.0,2499.0,0.0,0.0,352.0,476.0,474.0,475.0
1.0,7485.0,1455.0,1426.0,0.0,1111.0,274.0,0.0,837.0,476.0,475.0,475.0,484.0,486.0,485.0,2590.0,2872.0,2023.0,274.0,0.0,837.0,476.0,475.0,475.0
1.0,6030.0,1470.0,1426.0,0.0,2570.0,767.0,479.0,1324.0,476.0,475.0,475.0,493.0,490.0,487.0,2106.0,2386.0,1538.0,767.0,479.0,1324.0,476.0,475.0,475.0
1.0,4560.0,1457.0,1427.0,352.0,3680.0,1265.0,964.0,1451.0,477.0,475.0,475.0,493.0,485.0,479.0,1613.0,1896.0,1051.0,1265.0,964.0,1451.0,477.0,475.0,475.0
1.0,3455.0,1470.0,1427.0,1111.0,4039.0,1487.0,1453.0,1099.0,477.0,475.0,475.0,496.0,489.0,485.0,1120.0,1411.0,924.0,1487.0,1453.0,1099.0,477.0,475.0,475.0
1.0,3096.0,1450.0,1427.0,2570.0,2919.0,1207.0,1457.0,255.0,477.0,475.0,475.0,487.0,483.0,480.0,898.0,922.0,1276.0,1207.0,1457.0,255.0,477.0,475.0,475.0
1.0,4216.0,1478.0,1428.0,3680.0,1432.0,440.0,992.0,0.0,477.0,476.0,475.0,498.0,494.0,486.0,1178.0,918.0,2120.0,440.0,992.0,0.0,477.0,476.0,475.0
1.0,6418.0,1453.0,1428.0,4039.0,24.0,0.0,24.0,0.0,477.0,476.0,475.0,488.0,485.0,480.0,1945.0,1388.0,3085.0,0.0,24.0,0.0,477.0,476.0,475.0
1.0,9004.0,1468.0,1429.0,2919.0,0.0,0.0,0.0,0.0,478.0,476.0,475.0,492.0,488.0,488.0,2944.0,2356.0,3704.0,0.0,0.0,0.0,478.0,476.0,475.0
1.0,10455.0,1448.0,1431.0,1432.0,0.0,0.0,0.0,0.0,478.0,477.0,476.0,480.0,483.0,485.0,3659.0,3325.0,3471.0,0.0,0.0,0.0,478.0,477.0,476.0
1.0,10439.0,1460.0,1431.0,24.0,0.0,0.0,0.0,0.0,478.0,477.0,476.0,492.0,491.0,477.0,3619.0,3834.0,2986.0,0.0,0.0,0.0,478.0,477.0,476.0
1.0,9003.0,1450.0,1431.0,0.0,353.0,0.0,0.0,353.0,478.0,477.0,476.0,487.0,481.0,482.0,3127.0,3367.0,2509.0,0.0,0.0,353.0,478.0,477.0,476.0
1.0,7553.0,1451.0,1433.0,0.0,1072.0,237.0,0.0,835.0,479.0,478.0,476.0,482.0,487.0,482.0,2640.0,2886.0,2027.0,237.0,0.0,835.0,479.0,478.0,476.0
1.0,6102.0,1431.0,1433.0,0.0,2494.0,707.0,478.0,1309.0,479.0,478.0,476.0,470.0,487.0,474.0,2158.0,2399.0,1545.0,707.0,478.0,1309.0,479.0,478.0,476.0
1.0,4671.0,1442.0,1435.0,353.0,3593.0,1188.0,968.0,1437.0,479.0,479.0,477.0,481.0,485.0,476.0,1688.0,1912.0,1071.0,1188.0,968.0,1437.0,479.0,479.0,477.0
1.0,3582.0,1431.0,1435.0,1072.0,3952.0,1429.0,1445.0,1078.0,479.0,479.0,477.0,478.0,477.0,476.0,1207.0,1427.0,948.0,1429.0,1445.0,1078.0,479.0,479.0,477.0
1.0,3223.0,1429.0,1436.0,2494.0,2892.0,1204.0,1446.0,242.0,480.0,479.0,477.0,477.0,479.0,473.0,966.0,950.0,1307.0,1204.0,1446.0,242.0,480.0,479.0,477.0
1.0,4288.0,1445.0,1438.0,3593.0,1460.0,492.0,968.0,0.0,480.0,480.0,478.0,476.0,485.0,484.0,1196.0,949.0,2143.0,492.0,968.0,0.0,480.0,480.0,478.0
1.0,6436.0,1426.0,1438.0,3952.0,2.0,0.0,2.0,0.0,480.0,480.0,478.0,472.0,479.0,475.0,1908.0,1432.0,3096.0,0.0,2.0,0.0,480.0,480.0,478.0
1.0,8962.0,1428.0,1438.0,2892.0,0.0,0.0,0.0,0.0,480.0,480.0,478.0,471.0,481.0,476.0,2865.0,2398.0,3699.0,0.0,0.0,0.0,480.0,480.0,478.0
1.0,10426.0,1447.0,1439.0,1460.0,0.0,0.0,0.0,0.0,480.0,480.0,479.0,483.0,477.0,487.0,3598.0,3363.0,3465.0,0.0,0.0,0.0,480.0,480.0,479.0
1.0,10439.0,1442.0,1441.0,2.0,0.0,0.0,0.0,0.0,481.0,481.0,479.0,481.0,479.0,482.0,3607.0,3854.0,2978.0,0.0,0.0,0.0,481.0,481.0,479.0
1.0,8999.0,1443.0,1441.0,0.0,382.0,0.0,0.0,382.0,481.0,481.0,479.0,478.0,482.0,483.0,3126.0,3377.0,2496.0,0.0,0.0,382.0,481.0,481.0,479.0
1.0,7556.0,1448.0,1442.0,0.0,1113.0,238.0,0.0,875.0,481.0,481.0,480.0,481.0,479.0,488.0,2648.0,2895.0,2013.0,238.0,0.0,875.0,481.0,481.0,480.0
1.0,6108.0,1461.0,1442.0,0.0,2563.0,724.0,472.0,1367.0,481.0,481.0,480.0,486.0,483.0,492.0,2167.0,2416.0,1525.0,724.0,472.0,1367.0,481.0,481.0,480.0
1.0,4647.0,1456.0,1442.0,382.0,3637.0,1205.0,955.0,1477.0,481.0,481.0,480.0,481.0,483.0,492.0,1681.0,1933.0,1033.0,1205.0,955.0,1477.0,481.0,481.0,480.0
1.0,3573.0,1489.0,1444.0,1113.0,4023.0,1474.0,1442.0,1107.0,482.0,481.0,481.0,502.0,487.0,500.0,1200.0,1450.0,923.0,1474.0,1442.0,1107.0,482.0,481.0,481.0
1.0,3197.0,1472.0,1444.0,2563.0,2932.0,1241.0,1451.0,240.0,482.0,481.0,481.0,491.0,481.0,500.0,936.0,963.0,1298.0,1241.0,1451.0,240.0,482.0,481.0,481.0
1.0,4288.0,1481.0,1445.0,3637.0,1516.0,528.0,988.0,0.0,482.0,481.0,482.0,492.0,492.0,497.0,1169.0,954.0,2165.0,528.0,988.0,0.0,482.0,481.0,482.0
1.0,6444.0,1483.0,1445.0,4023.0,44.0,0.0,44.0,0.0,482.0,481.0,482.0,489.0,498.0,496.0,1882.0,1417.0,3145.0,0.0,44.0,0.0,482.0,481.0,482.0
1.0,8984.0,1483.0,1445.0,2932.0,0.0,0.0,0.0,0.0,482.0,481.0,482.0,497.0,496.0,490.0,2867.0,2361.0,3756.0,0.0,0.0,0.0,482.0,481.0,482.0
1.0,10433.0,1480.0,1446.0,1516.0,0.0,0.0,0.0,0.0,482.0,482.0,482.0,495.0,492.0,493.0,3611.0,3316.0,3506.0,0.0,0.0,0.0,482.0,482.0,482.0
1.0,10469.0,1469.0,1446.0,44.0,0.0,0.0,0.0,0.0,482.0,482.0,482.0,492.0,487.0,490.0,3644.0,3812.0,3013.0,0.0,0.0,0.0,482.0,482.0,482.0
1.0,9044.0,1485.0,1447.0,0.0,388.0,0.0,0.0,388.0,482.0,482.0,483.0,496.0,493.0,496.0,3152.0,3369.0,2523.0,0.0,0.0,388.0,482.0,482.0,483.0
1.0,7559.0,1466.0,1447.0,0.0,1142.0,247.0,19.0,876.0,482.0,482.0,483.0,493.0,485.0,488.0,2656.0,2876.0,2027.0,247.0,19.0,876.0,482.0,482.0,483.0
1.0,6093.0,1457.0,1447.0,0.0,2599.0,734.0,509.0,1356.0,482.0,482.0,483.0,487.0,490.0,480.0,2163.0,2391.0,1539.0,734.0,509.0,1356.0,482.0,482.0,483.0
1.0,4636.0,1477.0,1448.0,388.0,3693.0,1234.0,1002.0,1457.0,483.0,482.0,483.0,495.0,493.0,489.0,1676.0,1901.0,1059.0,1234.0,1002.0,1457.0,483.0,482.0,483.0
1.0,3547.0,1470.0,1448.0,1142.0,4021.0,1484.0,1464.0,1073.0,483.0,482.0,483.0,497.0,481.0,492.0,1181.0,1408.0,958.0,1484.0,1464.0,1073.0,483.0,482.0,483.0
1.0,3219.0,1454.0,1448.0,2599.0,2876.0,1233.0,1439.0,204.0,483.0,482.0,483.0,483.0,484.0,487.0,931.0,946.0,1342.0,1233.0,1439.0,204.0,483.0,482.0,483.0
1.0,4364.0,1448.0,1450.0,3693.0,1408.0,489.0,919.0,0.0,484.0,483.0,483.0,485.0,477.0,486.0,1182.0,971.0,2211.0,489.0,919.0,0.0,484.0,483.0,483.0
1.0,6609.0,1445.0,1450.0,4021.0,0.0,0.0,0.0,0.0,484.0,483.0,483.0,483.0,481.0,481.0,1931.0,1496.0,3182.0,0.0,0.0,0.0,484.0,483.0,483.0
1.0,9185.0,1439.0,1450.0,2876.0,0.0,0.0,0.0,0.0,484.0,483.0,483.0,476.0,488.0,475.0,2932.0,2479.0,3774.0,0.0,0.0,0.0,484.0,483.0,483.0
1.0,10622.0,1442.0,1451.0,1408.0,0.0,0.0,0.0,0.0,484.0,484.0,483.0,481.0,486.0,475.0,3689.0,3430.0,3503.0,0.0,0.0,0.0,484.0,484.0,483.0
1.0,10588.0,1452.0,1453.0,0.0,0.0,0.0,0.0,0.0,485.0,484.0,484.0,483.0,487.0,482.0,3697.0,3863.0,3028.0,0.0,0.0,0.0,485.0,484.0,484.0
1.0,9136.0,1436.0,1453.0,0.0,349.0,0.0,0.0,349.0,485.0,484.0,484.0,483.0,478.0,475.0,3214.0,3376.0,2546.0,0.0,0.0,349.0,485.0,484.0,484.0
1.0,7700.0,1443.0,1453.0,0.0,1008.0,176.0,5.0,827.0,485.0,484.0,484.0,482.0,483.0,478.0,2731.0,2898.0,2071.0,176.0,5.0,827.0,485.0,484.0,484.0
1.0,6257.0,1460.0,1454.0,0.0,2473.0,664.0,497.0,1312.0,485.0,485.0,484.0,488.0,487.0,485.0,2249.0,2415.0,1593.0,664.0,497.0,1312.0,485.0,485.0,484.0
1.0,4797.0,1451.0,1454.0,349.0,3575.0,1143.0,988.0,1444.0,485.0,485.0,484.0,479.0,491.0,481.0,1761.0,1928.0,1108.0,1143.0,988.0,1444.0,485.0,485.0,484.0
1.0,3695.0,1451.0,1454.0,1008.0,4018.0,1447.0,1475.0,1096.0,485.0,485.0,484.0,480.0,492.0,479.0,1282.0,1437.0,976.0,1447.0,1475.0,1096.0,485.0,485.0,484.0
1.0,3252.0,1472.0,1455.0,2473.0,3022.0,1284.0,1470.0,268.0,486.0,485.0,484.0,496.0,492.0,484.0,978.0,950.0,1324.0,1284.0,1470.0,268.0,486.0,485.0,484.0
1.0,4253.0,1473.0,1456.0,3575.0,1616.0,631.0,985.0,0.0,486.0,486.0,484.0,490.0,498.0,485.0,1146.0,955.0,2152.0,631.0,985.0,0.0,486.0,486.0,484.0
1.0,6355.0,1482.0,1456.0,4018.0,5.0,0.0,5.0,0.0,486.0,486.0,484.0,487.0,495.0,500.0,1799.0,1445.0,3111.0,0.0,5.0,0.0,486.0,486.0,484.0
1.0,8891.0,1484.0,1457.0,3022.0,0.0,0.0,0.0,0.0,486.0,486.0,485.0,489.0,500.0,495.0,2759.0,2425.0,3707.0,0.0,0.0,0.0,486.0,486.0,485.0
1.0,10429.0,1495.0,1458.0,1616.0,0.0,0.0,0.0,0.0,486.0,487.0,485.0,498.0,496.0,501.0,3554.0,3395.0,3480.0,0.0,0.0,0.0,486.0,487.0,485.0
1.0,10550.0,1492.0,1459.0,5.0,0.0,0.0,0.0,0.0,487.0,487.0,485.0,500.0,491.0,501.0,3687.0,3884.0,2979.0,0.0,0.0,0.0,487.0,487.0,485.0
1.0,9063.0,1503.0,1460.0,0.0,454.0,0.0,0.0,454.0,487.0,487.0,486.0,496.0,505.0,502.0,3187.0,3398.0,2478.0,0.0,0.0,454.0,487.0,487.0,486.0
1.0,7560.0,1489.0,1460.0,0.0,1229.0,238.0,37.0,954.0,487.0,487.0,486.0,494.0,495.0,500.0,2691.0,2893.0,1976.0,238.0,37.0,954.0,487.0,487.0,486.0
1.0,6071.0,1501.0,1460.0,0.0,2730.0,744.0,536.0,1450.0,487.0,487.0,486.0,506.0,499.0,496.0,2197.0,2398.0,1476.0,744.0,536.0,1450.0,487.0,487.0,486.0
1.0,4570.0,1492.0,1461.0,454.0,3773.0,1239.0,1033.0,1501.0,487.0,487.0,487.0,495.0,497.0,500.0,1691.0,1899.0,980.0,1239.0,1033.0,1501.0,487.0,487.0,487.0
1.0,3532.0,1490.0,1462.0,1229.0,4039.0,1498.0,1495.0,1046.0,487.0,488.0,487.0,497.0,494.0,499.0,1196.0,1402.0,934.0,1498.0,1495.0,1046.0,487.0,488.0,487.0
1.0,3271.0,1488.0,1462.0,2730.0,2797.0,1249.0,1449.0,99.0,487.0,488.0,487.0,495.0,490.0,503.0,937.0,945.0,1389.0,1249.0,1449.0,99.0,487.0,488.0,487.0
1.0,4513.0,1481.0,1463.0,3773.0,1408.0,507.0,901.0,0.0,487.0,488.0,488.0,497.0,485.0,499.0,1186.0,991.0,2336.0,507.0,901.0,0.0,487.0,488.0,488.0
1.0,6805.0,1488.0,1464.0,4039.0,0.0,0.0,0.0,0.0,488.0,488.0,488.0,499.0,491.0,498.0,1928.0,1539.0,3338.0,0.0,0.0,0.0,488.0,488.0,488.0
1.0,9356.0,1473.0,1464.0,2797.0,0.0,0.0,0.0,0.0,488.0,488.0,488.0,494.0,485.0,494.0,2927.0,2543.0,3886.0,0.0,0.0,0.0,488.0,488.0,488.0
1.0,10680.0,1484.0,1465.0,1408.0,0.0,0.0,0.0,0.0,488.0,488.0,489.0,496.0,488.0,500.0,3682.0,3507.0,3491.0,0.0,0.0,0.0,488.0,488.0,489.0
1.0,10604.0,1465.0,1465.0,0.0,0.0,0.0,0.0,0.0,488.0,488.0,489.0,485.0,487.0,493.0,3693.0,3920.0,2991.0,0.0,0.0,0.0,488.0,488.0,489.0
1.0,9139.0,1459.0,1465.0,0.0,432.0,0.0,0.0,432.0,488.0,488.0,489.0,488.0,486.0,485.0,3208.0,3433.0,2498.0,0.0,0.0,432.0,488.0,488.0,489.0
1.0,7680.0,1466.0,1467.0,0.0,1147.0,218.0,0.0,929.0,489.0,488.0,490.0,493.0,481.0,492.0,2720.0,2947.0,2013.0,218.0,0.0,929.0,489.0,488.0,490.0
1.0,6214.0,1460.0,1467.0,0.0,2581.0,707.0,455.0,1419.0,489.0,488.0,490.0,489.0,481.0,490.0,2227.0,2466.0,1521.0,707.0,455.0,1419.0,489.0,488.0,490.0
1.0,4754.0,1461.0,1467.0,432.0,3610.0,1197.0,940.0,1473.0,489.0,488.0,490.0,490.0,485.0,486.0,1738.0,1985.0,1031.0,1197.0,940.0,1473.0,489.0,488.0,490.0
1.0,3725.0,1462.0,1467.0,1147.0,3925.0,1464.0,1429.0,1032.0,489.0,488.0,490.0,485.0,489.0,488.0,1248.0,1500.0,977.0,1464.0,1429.0,1032.0,489.0,488.0,490.0
1.0,3410.0,1475.0,1468.0,2581.0,2824.0,1258.0,1464.0,102.0,490.0,488.0,490.0,496.0,490.0,489.0,981.0,1011.0,1418.0,1258.0,1464.0,102.0,490.0,488.0,490.0
1.0,4516.0,1469.0,1469.0,3610.0,1567.0,549.0,1018.0,0.0,490.0,489.0,490.0,488.0,489.0,492.0,1192.0,976.0,2348.0,549.0,1018.0,0.0,490.0,489.0,490.0
1.0,6657.0,1487.0,1470.0,3925.0,80.0,0.0,80.0,0.0,490.0,489.0,491.0,498.0,491.0,498.0,1901.0,1427.0,3329.0,0.0,80.0,0.0,490.0,489.0,491.0
1.0,9095.0,1481.0,1470.0,2824.0,0.0,0.0,0.0,0.0,490.0,489.0,491.0,488.0,493.0,500.0,2867.0,2365.0,3863.0,0.0,0.0,0.0,490.0,489.0,491.0
1.0,10438.0,1484.0,1471.0,1567.0,0.0,0.0,0.0,0.0,491.0,489.0,491.0,488.0,499.0,497.0,3637.0,3336.0,3465.0,0.0,0.0,0.0,491.0,489.0,491.0
1.0,10521.0,1493.0,1472.0,80.0,0.0,0.0,0.0,0.0,491.0,490.0,491.0,497.0,504.0,492.0,3698.0,3855.0,2968.0,0.0,0.0,0.0,491.0,490.0,491.0
1.0,9108.0,1497.0,1472.0,0.0,475.0,0.0,0.0,475.0,491.0,490.0,491.0,494.0,507.0,496.0,3201.0,3431.0,2476.0,0.0,0.0,475.0,491.0,490.0,491.0
1.0,7611.0,1494.0,1472.0,0.0,1243.0,245.0,24.0,974.0,491.0,490.0,491.0,497.0,498.0,499.0,2707.0,2924.0,1980.0,245.0,24.0,974.0,491.0,490.0,491.0
1.0,6117.0,1503.0,1473.0,0.0,2751.0,748.0,537.0,1466.0,491.0,491.0,491.0,503.0,508.0,492.0,2210.0,2426.0,1481.0,748.0,537.0,1466.0,491.0,491.0,491.0
1.0,4614.0,1496.0,1473.0,475.0,3772.0,1243.0,1038.0,1491.0,491.0,491.0,491.0,495.0,501.0,500.0,1707.0,1918.0,989.0,1243.0,1038.0,1491.0,491.0,491.0,491.0
1.0,3593.0,1515.0,1474.0,1243.0,4049.0,1511.0,1524.0,1014.0,492.0,491.0,491.0,508.0,510.0,497.0,1212.0,1417.0,964.0,1511.0,1524.0,1014.0,492.0,491.0,491.0
1.0,3321.0,1508.0,1475.0,2751.0,2811.0,1266.0,1489.0,56.0,492.0,491.0,492.0,503.0,502.0,503.0,949.0,931.0,1441.0,1266.0,1489.0,56.0,492.0,491.0,492.0
1.0,4564.0,1514.0,1476.0,3772.0,1489.0,524.0,965.0,0.0,492.0,492.0,492.0,501.0,509.0,504.0,1194.0,966.0,2404.0,524.0,965.0,0.0,492.0,492.0,492.0
1.0,6822.0,1511.0,1476.0,4049.0,0.0,0.0,0.0,0.0,492.0,492.0,492.0,496.0,512.0,503.0,1936.0,1495.0,3391.0,0.0,0.0,0.0,492.0,492.0,492.0
1.0,9360.0,1496.0,1476.0,2811.0,0.0,0.0,0.0,0.0,492.0,492.0,492.0,497.0,495.0,504.0,2951.0,2507.0,3902.0,0.0,0.0,0.0,492.0,492.0,492.0
1.0,10675.0,1514.0,1477.0,1489.0,0.0,0.0,0.0,0.0,492.0,493.0,492.0,503.0,505.0,506.0,3720.0,3501.0,3454.0,0.0,0.0,0.0,492.0,493.0,492.0
1.0,10650.0,1505.0,1478.0,0.0,12.0,0.0,0.0,12.0,492.0,493.0,493.0,503.0,507.0,495.0,3741.0,3961.0,2948.0,0.0,0.0,12.0,492.0,493.0,493.0
1.0,9145.0,1485.0,1479.0,0.0,505.0,0.0,0.0,505.0,493.0,493.0,493.0,499.0,493.0,493.0,3238.0,3454.0,2453.0,0.0,0.0,505.0,493.0,493.0,493.0
1.0,7660.0,1495.0,1479.0,0.0,1230.0,230.0,2.0,998.0,493.0,493.0,493.0,504.0,498.0,493.0,2739.0,2961.0,1960.0,230.0,2.0,998.0,493.0,493.0,493.0
1.0,6165.0,1485.0,1480.0,12.0,2708.0,728.0,501.0,1479.0,493.0,494.0,493.0,498.0,494.0,493.0,2235.0,2463.0,1467.0,728.0,501.0,1479.0,493.0,494.0,493.0
1.0,4692.0,1481.0,1480.0,505.0,3684.0,1224.0,998.0,1462.0,493.0,494.0,493.0,496.0,497.0,488.0,1737.0,1969.0,986.0,1224.0,998.0,1462.0,493.0,494.0,493.0
1.0,3716.0,1475.0,1480.0,1230.0,3929.0,1487.0,1487.0,955.0,493.0,494.0,493.0,493.0,491.0,491.0,1241.0,1472.0,1003.0,1487.0,1487.0,955.0,493.0,494.0,493.0
1.0,3471.0,1476.0,1481.0,2708.0,2738.0,1268.0,1470.0,0.0,494.0,494.0,493.0,504.0,484.0,488.0,978.0,983.0,1510.0,1268.0,1470.0,0.0,494.0,494.0,493.0
1.0,4703.0,1468.0,1482.0,3684.0,1496.0,537.0,959.0,0.0,494.0,494.0,494.0,493.0,487.0,488.0,1202.0,1000.0,2501.0,537.0,959.0,0.0,494.0,494.0,494.0
1.0,6919.0,1475.0,1482.0,3929.0,0.0,0.0,0.0,0.0,494.0,494.0,494.0,490.0,490.0,495.0,1933.0,1511.0,3475.0,0.0,0.0,0.0,494.0,494.0,494.0
1.0,9373.0,1474.0,1482.0,2738.0,0.0,0.0,0.0,0.0,494.0,494.0,494.0,491.0,486.0,497.0,2930.0,2508.0,3935.0,0.0,0.0,0.0,494.0,494.0,494.0
1.0,10637.0,1484.0,1484.0,1496.0,0.0,0.0,0.0,0.0,495.0,494.0,495.0,501.0,490.0,493.0,3707.0,3492.0,3438.0,0.0,0.0,0.0,495.0,494.0,495.0
1.0,10649.0,1493.0,1484.0,0.0,30.0,0.0,0.0,30.0,495.0,494.0,495.0,505.0,488.0,500.0,3743.0,3961.0,2945.0,0.0,0.0,30.0,495.0,494.0,495.0
1.0,9156.0,1492.0,1486.0,0.0,527.0,0.0,0.0,527.0,496.0,495.0,495.0,500.0,495.0,497.0,3238.0,3473.0,2445.0,0.0,0.0,527.0,496.0,495.0,495.0
1.0,7664.0,1496.0,1487.0,0.0,1278.0,238.0,0.0,1040.0,496.0,495.0,496.0,496.0,492.0,508.0,2738.0,2978.0,1948.0,238.0,0.0,1040.0,496.0,495.0,496.0
1.0,6168.0,1498.0,1487.0,30.0,2735.0,736.0,484.0,1515.0,496.0,495.0,496.0,498.0,495.0,505.0,2242.0,2486.0,1440.0,736.0,484.0,1515.0,496.0,495.0,496.0
1.0,4700.0,1504.0,1488.0,527.0,3717.0,1239.0,982.0,1496.0,496.0,495.0,497.0,503.0,498.0,503.0,1744.0,1991.0,965.0,1239.0,982.0,1496.0,496.0,495.0,497.0
1.0,3723.0,1517.0,1488.0,1278.0,3956.0,1504.0,1485.0,967.0,496.0,495.0,497.0,503.0,503.0,511.0,1241.0,1493.0,989.0,1504.0,1485.0,967.0,496.0,495.0,497.0
1.0,3484.0,1518.0,1488.0,2735.0,2774.0,1260.0,1514.0,0.0,496.0,495.0,497.0,492.0,513.0,513.0,976.0,990.0,1518.0,1260.0,1514.0,0.0,496.0,495.0,497.0
1.0,4701.0,1524.0,1489.0,3717.0,1574.0,529.0,1045.0,0.0,497.0,495.0,497.0,503.0,513.0,508.0,1220.0,961.0,2520.0,529.0,1045.0,0.0,497.0,495.0,497.0
1.0,6894.0,1525.0,1491.0,3956.0,73.0,0.0,73.0,0.0,497.0,496.0,498.0,503.0,508.0,514.0,1956.0,1430.0,3508.0,0.0,73.0,0.0,497.0,496.0,498.0
1.0,9325.0,1525.0,1491.0,2774.0,0.0,0.0,0.0,0.0,497.0,496.0,498.0,501.0,511.0,513.0,2957.0,2407.0,3961.0,0.0,0.0,0.0,497.0,496.0,498.0
1.0,10574.0,1530.0,1491.0,1574.0,0.0,0.0,0.0,0.0,497.0,496.0,498.0,506.0,506.0,518.0,3716.0,3410.0,3448.0,0.0,0.0,0.0,497.0,496.0,498.0
1.0,10618.0,1525.0,1491.0,73.0,69.0,0.0,0.0,69.0,497.0,496.0,498.0,502.0,514.0,509.0,3739.0,3949.0,2930.0,0.0,0.0,69.0,497.0,496.0,498.0
1.0,9166.0,1534.0,1493.0,0.0,590.0,0.0,0.0,590.0,497.0,497.0,499.0,500.0,518.0,516.0,3237.0,3508.0,2421.0,0.0,0.0,590.0,497.0,497.0,499.0
1.0,7632.0,1528.0,1493.0,0.0,1361.0,256.0,4.0,1101.0,497.0,497.0,499.0,508.0,509.0,511.0,2737.0,2990.0,1905.0,256.0,4.0,1101.0,497.0,497.0,499.0
1.0,6104.0,1527.0,1493.0,69.0,2819.0,762.0,520.0,1537.0,497.0,497.0,499.0,506.0,516.0,505.0,2229.0,2481.0,1394.0,762.0,520.0,1537.0,497.0,497.0,499.0
1.0,4646.0,1506.0,1494.0,590.0,3740.0,1258.0,1032.0,1450.0,497.0,498.0,499.0,496.0,507.0,503.0,1723.0,1965.0,958.0,1258.0,1032.0,1450.0,497.0,498.0,499.0
1.0,3730.0,1513.0,1494.0,1361.0,3892.0,1505.0,1534.0,853.0,497.0,498.0,499.0,503.0,506.0,504.0,1227.0,1458.0,1045.0,1505.0,1534.0,853.0,497.0,498.0,499.0
1.0,3578.0,1507.0,1495.0,2819.0,2768.0,1254.0,1514.0,0.0,498.0,498.0,499.0,506.0,500.0,501.0,980.0,956.0,1642.0,1254.0,1514.0,0.0,498.0,498.0,499.0
1.0,4890.0,1501.0,1496.0,3740.0,1486.0,499.0,987.0,0.0,498.0,499.0,499.0,503.0,500.0,498.0,1236.0,976.0,2678.0,499.0,987.0,0.0,498.0,499.0,499.0
1.0,7129.0,1504.0,1496.0,3892.0,0.0,0.0,0.0,0.0,498.0,499.0,499.0,498.0,502.0,504.0,1991.0,1508.0,3630.0,0.0,0.0,0.0,498.0,499.0,499.0
1.0,9517.0,1499.0,1497.0,2768.0,0.0,0.0,0.0,0.0,498.0,499.0,500.0,501.0,502.0,496.0,2998.0,2540.0,3979.0,0.0,0.0,0.0,498.0,499.0,500.0
1.0,10786.0,1486.0,1498.0,1486.0,0.0,0.0,0.0,0.0,498.0,500.0,500.0,497.0,495.0,494.0,3751.0,3552.0,3483.0,0.0,0.0,0.0,498.0,500.0,500.0
1.0,10786.0,1489.0,1499.0,0.0,0.0,0.0,0.0,0.0,499.0,500.0,500.0,501.0,504.0,484.0,3753.0,4044.0,2989.0,0.0,0.0,0.0,499.0,500.0,500.0
1.0,9297.0,1494.0,1499.0,0.0,492.0,0.0,0.0,492.0,499.0,500.0,500.0,500.0,497.0,497.0,3252.0,3540.0,2505.0,0.0,0.0,492.0,499.0,500.0,500.0
1.0,7803.0,1498.0,1499.0,0.0,1231.0,239.0,0.0,992.0,499.0,500.0,500.0,496.0,502.0,500.0,2752.0,3043.0,2008.0,239.0,0.0,992.0,499.0,500.0,500.0
1.0,6305.0,1495.0,1500.0,0.0,2690.0,740.0,464.0,1486.0,499.0,501.0,500.0,501.0,500.0,494.0,2256.0,2541.0,1508.0,740.0,464.0,1486.0,499.0,501.0,500.0
1.0,4810.0,1503.0,1501.0,492.0,3706.0,1253.0,966.0,1487.0,500.0,501.0,500.0,508.0,502.0,493.0,1755.0,2041.0,1014.0,1253.0,966.0,1487.0,500.0,501.0,500.0
1.0,3799.0,1511.0,1501.0,1231.0,3986.0,1517.0,1470.0,999.0,500.0,501.0,500.0,503.0,504.0,504.0,1247.0,1539.0,1013.0,1517.0,1470.0,999.0,500.0,501.0,500.0
1.0,3519.0,1514.0,1501.0,2690.0,2810.0,1282.0,1510.0,18.0,500.0,501.0,500.0,505.0,504.0,505.0,983.0,1035.0,1501.0,1282.0,1510.0,18.0,500.0,501.0,500.0
1.0,4695.0,1515.0,1502.0,3706.0,1589.0,533.0,1056.0,0.0,500.0,502.0,500.0,504.0,507.0,504.0,1218.0,995.0,2482.0,533.0,1056.0,0.0,500.0,502.0,500.0
1.0,6886.0,1505.0,1503.0,3986.0,92.0,0.0,92.0,0.0,500.0,502.0,501.0,502.0,506.0,497.0,1967.0,1454.0,3465.0,0.0,92.0,0.0,500.0,502.0,501.0
1.0,9367.0,1521.0,1504.0,2810.0,0.0,0.0,0.0,0.0,501.0,502.0,501.0,506.0,510.0,505.0,2982.0,2418.0,3967.0,0.0,0.0,0.0,501.0,502.0,501.0
1.0,10656.0,1525.0,1504.0,1589.0,0.0,0.0,0.0,0.0,501.0,502.0,501.0,512.0,509.0,504.0,3758.0,3418.0,3480.0,0.0,0.0,0.0,501.0,502.0,501.0
1.0,10720.0,1533.0,1504.0,92.0,43.0,0.0,0.0,43.0,501.0,502.0,501.0,517.0,502.0,514.0,3779.0,3965.0,2976.0,0.0,0.0,43.0,501.0,502.0,501.0
1.0,9279.0,1535.0,1505.0,0.0,552.0,0.0,0.0,552.0,502.0,502.0,501.0,514.0,512.0,509.0,3262.0,3555.0,2462.0,0.0,0.0,552.0,502.0,502.0,501.0
1.0,7744.0,1538.0,1506.0,0.0,1344.0,272.0,0.0,1072.0,502.0,502.0,502.0,510.0,513.0,515.0,2748.0,3043.0,1953.0,272.0,0.0,1072.0,502.0,502.0,502.0
1.0,6206.0,1536.0,1506.0,43.0,2817.0,782.0,488.0,1547.0,502.0,502.0,502.0,510.0,508.0,518.0,2238.0,2530.0,1438.0,782.0,488.0,1547.0,502.0,502.0,502.0
1.0,4713.0,1532.0,1506.0,552.0,3797.0,1291.0,997.0,1509.0,502.0,502.0,502.0,509.0,509.0,514.0,1728.0,2022.0,963.0,1291.0,997.0,1509.0,502.0,502.0,502.0
1.0,3733.0,1537.0,1506.0,1344.0,3990.0,1525.0,1510.0,955.0,502.0,502.0,502.0,506.0,513.0,518.0,1219.0,1513.0,1001.0,1525.0,1510.0,955.0,502.0,502.0,502.0
1.0,3540.0,1540.0,1508.0,2817.0,2797.0,1254.0,1543.0,0.0,502.0,503.0,503.0,511.0,516.0,513.0,985.0,1000.0,1555.0,1254.0,1543.0,0.0,502.0,503.0,503.0
1.0,4817.0,1521.0,1508.0,3797.0,1521.0,470.0,1051.0,0.0,502.0,503.0,503.0,507.0,505.0,509.0,1256.0,972.0,2589.0,470.0,1051.0,0.0,502.0,503.0,503.0
1.0,7093.0,1530.0,1508.0,3990.0,52.0,0.0,52.0,0.0,502.0,503.0,503.0,501.0,511.0,518.0,2040.0,1464.0,3589.0,0.0,52.0,0.0,502.0,503.0,503.0
1.0,9553.0,1540.0,1510.0,2797.0,0.0,0.0,0.0,0.0,503.0,503.0,504.0,508.0,514.0,518.0,3064.0,2463.0,4026.0,0.0,0.0,0.0,503.0,503.0,504.0
1.0,10810.0,1532.0,1510.0,1521.0,0.0,0.0,0.0,0.0,503.0,503.0,504.0,508.0,512.0,512.0,3810.0,3492.0,3508.0,0.0,0.0,0.0,503.0,503.0,504.0
1.0,10799.0,1516.0,1511.0,52.0,27.0,0.0,0.0,27.0,503.0,504.0,504.0,504.0,509.0,503.0,3772.0,4031.0,2996.0,0.0,0.0,27.0,503.0,504.0,504.0
1.0,9335.0,1508.0,1511.0,0.0,529.0,0.0,0.0,529.0,503.0,504.0,504.0,499.0,507.0,502.0,3268.0,3574.0,2493.0,0.0,0.0,529.0,503.0,504.0,504.0
1.0,7827.0,1519.0,1512.0,0.0,1299.0,253.0,0.0,1046.0,503.0,504.0,505.0,507.0,500.0,512.0,2769.0,3067.0,1991.0,253.0,0.0,1046.0,503.0,504.0,505.0
1.0,6308.0,1509.0,1512.0,27.0,2734.0,752.0,455.0,1527.0,503.0,504.0,505.0,499.0,502.0,508.0,2262.0,2567.0,1479.0,752.0,455.0,1527.0,503.0,504.0,505.0
1.0,4826.0,1515.0,1514.0,529.0,3730.0,1254.0,968.0,1508.0,503.0,505.0,506.0,502.0,508.0,505.0,1763.0,2065.0,998.0,1254.0,968.0,1508.0,503.0,505.0,506.0
1.0,3840.0,1513.0,1514.0,1299.0,3944.0,1503.0,1472.0,969.0,503.0,505.0,506.0,502.0,504.0,507.0,1261.0,1557.0,1022.0,1503.0,1472.0,969.0,503.0,505.0,506.0
1.0,3626.0,1527.0,1515.0,2734.0,2787.0,1258.0,1529.0,0.0,504.0,505.0,506.0,502.0,512.0,513.0,1012.0,1053.0,1561.0,1258.0,1529.0,0.0,504.0,505.0,506.0
1.0,4833.0,1518.0,1516.0,3730.0,1584.0,508.0,1076.0,0.0,504.0,506.0,506.0,504.0,510.0,504.0,1262.0,996.0,2575.0,508.0,1076.0,0.0,504.0,506.0,506.0
1.0,7045.0,1519.0,1516.0,3944.0,111.0,0.0,111.0,0.0,504.0,506.0,506.0,506.0,507.0,506.0,2012.0,1454.0,3579.0,0.0,111.0,0.0,504.0,506.0,506.0
1.0,9470.0,1519.0,1517.0,2787.0,0.0,0.0,0.0,0.0,504.0,506.0,507.0,504.0,510.0,505.0,3009.0,2419.0,4042.0,0.0,0.0,0.0,504.0,506.0,507.0
1.0,10738.0,1534.0,1518.0,1584.0,0.0,0.0,0.0,0.0,504.0,507.0,507.0,512.0,507.0,515.0,3763.0,3438.0,3537.0,0.0,0.0,0.0,504.0,507.0,507.0
1.0,10788.0,1541.0,1518.0,111.0,26.0,0.0,0.0,26.0,504.0,507.0,507.0,514.0,514.0,513.0,3759.0,4007.0,3022.0,0.0,0.0,26.0,504.0,507.0,507.0
1.0,9358.0,1549.0,1519.0,0.0,542.0,0.0,0.0,542.0,505.0,507.0,507.0,521.0,512.0,516.0,3245.0,3604.0,2509.0,0.0,0.0,542.0,505.0,507.0,507.0
1.0,7809.0,1551.0,1520.0,0.0,1374.0,318.0,0.0,1056.0,505.0,508.0,507.0,517.0,520.0,514.0,2724.0,3092.0,1993.0,318.0,0.0,1056.0,505.0,508.0,507.0
1.0,6258.0,1529.0,1520.0,26.0,2845.0,834.0,474.0,1537.0,505.0,508.0,507.0,516.0,506.0,507.0,2207.0,2572.0,1479.0,834.0,474.0,1537.0,505.0,508.0,507.0
1.0,4755.0,1549.0,1521.0,542.0,3857.0,1359.0,990.0,1508.0,506.0,508.0,507.0,520.0,516.0,513.0,1691.0,2066.0,998.0,1359.0,990.0,1508.0,506.0,508.0,507.0
1.0,3748.0,1544.0,1521.0,1374.0,4027.0,1559.0,1503.0,965.0,506.0,508.0,507.0,518.0,513.0,513.0,1171.0,1550.0,1027.0,1559.0,1503.0,965.0,506.0,508.0,507.0
1.0,3578.0,1552.0,1521.0,2845.0,2793.0,1237.0,1556.0,0.0,506.0,508.0,507.0,512.0,527.0,513.0,971.0,1037.0,1570.0,1237.0,1556.0,0.0,506.0,508.0,507.0
1.0,4871.0,1552.0,1521.0,3857.0,1479.0,395.0,1084.0,0.0,506.0,508.0,507.0,517.0,518.0,517.0,1293.0,984.0,2594.0,395.0,1084.0,0.0,506.0,508.0,507.0
1.0,7176.0,1542.0,1522.0,4027.0,88.0,0.0,88.0,0.0,507.0,508.0,507.0,521.0,507.0,514.0,2135.0,1456.0,3585.0,0.0,88.0,0.0,507.0,508.0,507.0
1.0,9661.0,1547.0,1522.0,2793.0,0.0,0.0,0.0,0.0,507.0,508.0,507.0,514.0,514.0,519.0,3173.0,2452.0,4036.0,0.0,0.0,0.0,507.0,508.0,507.0
1.0,10907.0,1547.0,1522.0,1479.0,0.0,0.0,0.0,0.0,507.0,508.0,507.0,518.0,515.0,514.0,3896.0,3494.0,3517.0,0.0,0.0,0.0,507.0,508.0,507.0
1.0,10839.0,1537.0,1523.0,88.0,49.0,0.0,0.0,49.0,507.0,508.0,508.0,513.0,512.0,512.0,3773.0,4063.0,3003.0,0.0,0.0,49.0,507.0,508.0,508.0
1.0,9390.0,1538.0,1524.0,0.0,566.0,0.0,0.0,566.0,508.0,508.0,508.0,509.0,512.0,517.0,3260.0,3639.0,2491.0,0.0,0.0,566.0,508.0,508.0,508.0
1.0,7852.0,1535.0,1524.0,0.0,1379.0,306.0,0.0,1073.0,508.0,508.0,508.0,517.0,511.0,507.0,2751.0,3127.0,1974.0,306.0,0.0,1073.0,508.0,508.0,508.0
1.0,6317.0,1517.0,1524.0,49.0,2771.0,812.0,430.0,1529.0,508.0,508.0,508.0,506.0,506.0,505.0,2234.0,2616.0,1467.0,812.0,430.0,1529.0,508.0,508.0,508.0
1.0,4849.0,1523.0,1524.0,566.0,3728.0,1318.0,933.0,1477.0,508.0,508.0,508.0,506.0,503.0,514.0,1728.0,2110.0,1011.0,1318.0,933.0,1477.0,508.0,508.0,508.0
1.0,3892.0,1533.0,1525.0,1379.0,3887.0,1524.0,1448.0,915.0,508.0,509.0,508.0,512.0,510.0,511.0,1222.0,1607.0,1063.0,1524.0,1448.0,915.0,508.0,509.0,508.0
1.0,3738.0,1519.0,1525.0,2771.0,2745.0,1213.0,1532.0,0.0,508.0,509.0,508.0,501.0,514.0,504.0,1016.0,1097.0,1625.0,1213.0,1532.0,0.0,508.0,509.0,508.0
1.0,4990.0,1518.0,1526.0,3728.0,1506.0,400.0,1106.0,0.0,508.0,509.0,509.0,505.0,507.0,506.0,1327.0,1013.0,2650.0,400.0,1106.0,0.0,508.0,509.0,509.0
1.0,7200.0,1520.0,1527.0,3887.0,165.0,0.0,165.0,0.0,509.0,509.0,509.0,509.0,507.0,504.0,2140.0,1439.0,3621.0,0.0,165.0,0.0,509.0,509.0,509.0
1.0,9567.0,1521.0,1527.0,2745.0,0.0,0.0,0.0,0.0,509.0,509.0,509.0,506.0,508.0,507.0,3155.0,2380.0,4032.0,0.0,0.0,0.0,509.0,509.0,509.0
1.0,10791.0,1532.0,1528.0,1506.0,0.0,0.0,0.0,0.0,509.0,510.0,509.0,515.0,513.0,504.0,3862.0,3404.0,3525.0,0.0,0.0,0.0,509.0,510.0,509.0
1.0,10765.0,1520.0,1529.0,165.0,39.0,0.0,0.0,39.0,509.0,510.0,510.0,506.0,504.0,510.0,3747.0,3997.0,3021.0,0.0,0.0,39.0,509.0,510.0,510.0
1.0,9410.0,1543.0,1529.0,0.0,557.0,0.0,0.0,557.0,509.0,510.0,510.0,510.0,515.0,518.0,3241.0,3658.0,2511.0,0.0,0.0,557.0,509.0,510.0,510.0
1.0,7867.0,1529.0,1529.0,0.0,1397.0,330.0,0.0,1067.0,509.0,510.0,510.0,516.0,503.0,510.0,2731.0,3143.0,1993.0,330.0,0.0,1067.0,509.0,510.0,510.0
1.0,6338.0,1559.0,1531.0,39.0,2837.0,854.0,432.0,1551.0,510.0,510.0,511.0,519.0,522.0,518.0,2215.0,2640.0,1483.0,854.0,432.0,1551.0,510.0,510.0,511.0
1.0,4818.0,1557.0,1531.0,557.0,3837.0,1373.0,948.0,1516.0,510.0,510.0,511.0,519.0,516.0,522.0,1696.0,2118.0,1004.0,1373.0,948.0,1516.0,510.0,510.0,511.0
1.0,3818.0,1564.0,1532.0,1397.0,4009.0,1562.0,1478.0,969.0,510.0,511.0,511.0,519.0,525.0,520.0,1177.0,1602.0,1039.0,1562.0,1478.0,969.0,510.0,511.0,511.0
1.0,3651.0,1573.0,1534.0,2837.0,2805.0,1236.0,1569.0,0.0,511.0,511.0,512.0,523.0,523.0,527.0,988.0,1077.0,1586.0,1236.0,1569.0,0.0,511.0,511.0,512.0
1.0,4915.0,1569.0,1534.0,3837.0,1530.0,383.0,1147.0,0.0,511.0,511.0,512.0,520.0,526.0,523.0,1319.0,986.0,2610.0,383.0,1147.0,0.0,511.0,511.0,512.0
1.0,7183.0,1587.0,1535.0,4009.0,203.0,0.0,203.0,0.0,511.0,512.0,512.0,527.0,529.0,531.0,2172.0,1408.0,3603.0,0.0,203.0,0.0,511.0,512.0,512.0
1.0,9605.0,1577.0,1536.0,2805.0,0.0,0.0,0.0,0.0,511.0,512.0,513.0,522.0,524.0,531.0,3207.0,2357.0,4041.0,0.0,0.0,0.0,511.0,512.0,513.0
1.0,10833.0,1571.0,1536.0,1530.0,0.0,0.0,0.0,0.0,511.0,512.0,513.0,524.0,522.0,525.0,3921.0,3402.0,3510.0,0.0,0.0,0.0,511.0,512.0,513.0
1.0,10792.0,1581.0,1538.0,203.0,112.0,0.0,0.0,112.0,512.0,513.0,513.0,519.0,530.0,532.0,3780.0,4027.0,2985.0,0.0,0.0,112.0,512.0,513.0,513.0
1.0,9414.0,1583.0,1539.0,0.0,645.0,0.0,0.0,645.0,512.0,513.0,514.0,531.0,524.0,528.0,3261.0,3700.0,2453.0,0.0,0.0,645.0,512.0,513.0,514.0
1.0,7831.0,1577.0,1539.0,0.0,1519.0,351.0,0.0,1168.0,512.0,513.0,514.0,521.0,533.0,523.0,2730.0,3176.0,1925.0,351.0,0.0,1168.0,512.0,513.0,514.0
1.0,6254.0,1568.0,1540.0,112.0,2902.0,882.0,443.0,1577.0,513.0,513.0,514.0,526.0,521.0,521.0,2209.0,2643.0,1402.0,882.0,443.0,1577.0,513.0,513.0,514.0
1.0,4798.0,1559.0,1541.0,645.0,3821.0,1398.0,968.0,1455.0,513.0,514.0,514.0,516.0,520.0,523.0,1683.0,2122.0,993.0,1398.0,968.0,1455.0,513.0,514.0,514.0
1.0,3884.0,1559.0,1541.0,1519.0,3861.0,1568.0,1483.0,810.0,513.0,514.0,514.0,521.0,515.0,523.0,1167.0,1602.0,1115.0,1568.0,1483.0,810.0,513.0,514.0,514.0
1.0,3844.0,1556.0,1541.0,2902.0,2769.0,1210.0,1559.0,0.0,513.0,514.0,514.0,524.0,519.0,513.0,997.0,1087.0,1760.0,1210.0,1559.0,0.0,513.0,514.0,514.0
1.0,5190.0,1548.0,1542.0,3821.0,1445.0,333.0,1112.0,0.0,514.0,514.0,514.0,516.0,521.0,511.0,1355.0,1011.0,2824.0,333.0,1112.0,0.0,514.0,514.0,514.0
1.0,7463.0,1535.0,1542.0,3861.0,140.0,0.0,140.0,0.0,514.0,514.0,514.0,516.0,511.0,508.0,2237.0,1458.0,3768.0,0.0,140.0,0.0,514.0,514.0,514.0
1.0,9789.0,1528.0,1542.0,2769.0,0.0,0.0,0.0,0.0,514.0,514.0,514.0,511.0,505.0,512.0,3289.0,2430.0,4070.0,0.0,0.0,0.0,514.0,514.0,514.0
1.0,11030.0,1521.0,1542.0,1445.0,0.0,0.0,0.0,0.0,514.0,514.0,514.0,508.0,506.0,507.0,3988.0,3484.0,3558.0,0.0,0.0,0.0,514.0,514.0,514.0
1.0,10954.0,1514.0,1542.0,140.0,24.0,0.0,0.0,24.0,514.0,514.0,514.0,509.0,500.0,505.0,3813.0,4090.0,3051.0,0.0,0.0,24.0,514.0,514.0,514.0
1.0,9580.0,1532.0,1542.0,0.0,535.0,0.0,0.0,535.0,514.0,514.0,514.0,502.0,519.0,511.0,3304.0,3730.0,2546.0,0.0,0.0,535.0,514.0,514.0,514.0
1.0,8048.0,1530.0,1542.0,0.0,1323.0,275.0,0.0,1048.0,514.0,514.0,514.0,507.0,510.0,513.0,2802.0,3211.0,2035.0,275.0,0.0,1048.0,514.0,514.0,514.0
1.0,6518.0,1532.0,1544.0,24.0,2710.0,791.0,387.0,1532.0,515.0,515.0,514.0,511.0,513.0,508.0,2295.0,2701.0,1522.0,791.0,387.0,1532.0,515.0,515.0,514.0
1.0,5010.0,1514.0,1542.0,535.0,3679.0,1288.0,886.0,1505.0,514.0,514.0,514.0,502.0,504.0,508.0,1784.0,2188.0,1038.0,1288.0,886.0,1505.0,514.0,514.0,514.0
1.0,4031.0,1541.0,1544.0,1323.0,3907.0,1536.0,1407.0,964.0,515.0,515.0,514.0,518.0,516.0,507.0,1282.0,1684.0,1065.0,1536.0,1407.0,964.0,515.0,515.0,514.0
1.0,3813.0,1552.0,1545.0,2710.0,2801.0,1265.0,1536.0,0.0,515.0,515.0,515.0,520.0,516.0,516.0,1039.0,1168.0,1606.0,1265.0,1536.0,0.0,515.0,515.0,515.0
1.0,4971.0,1547.0,1545.0,3679.0,1658.0,492.0,1166.0,0.0,515.0,515.0,515.0,515.0,516.0,516.0,1310.0,1039.0,2622.0,492.0,1166.0,0.0,515.0,515.0,515.0
1.0,7103.0,1567.0,1545.0,3907.0,285.0,0.0,285.0,0.0,515.0,515.0,515.0,527.0,526.0,514.0,2083.0,1409.0,3611.0,0.0,285.0,0.0,515.0,515.0,515.0
1.0,9443.0,1564.0,1545.0,2801.0,0.0,0.0,0.0,0.0,515.0,515.0,515.0,525.0,523.0,516.0,3092.0,2290.0,4061.0,0.0,0.0,0.0,515.0,515.0,515.0
1.0,10680.0,1577.0,1546.0,1658.0,0.0,0.0,0.0,0.0,516.0,515.0,515.0,529.0,529.0,519.0,3832.0,3303.0,3545.0,0.0,0.0,0.0,516.0,515.0,515.0
1.0,10761.0,1593.0,1547.0,285.0,79.0,0.0,0.0,79.0,516.0,516.0,515.0,527.0,536.0,530.0,3795.0,3940.0,3026.0,0.0,0.0,79.0,516.0,516.0,515.0
1.0,9453.0,1584.0,1547.0,0.0,601.0,0.0,0.0,601.0,516.0,516.0,515.0,537.0,525.0,522.0,3268.0,3689.0,2496.0,0.0,0.0,601.0,516.0,516.0,515.0
1.0,7869.0,1605.0,1550.0,0.0,1520.0,390.0,0.0,1130.0,517.0,517.0,516.0,536.0,545.0,524.0,2731.0,3164.0,1974.0,390.0,0.0,1130.0,517.0,517.0,516.0
1.0,6264.0,1601.0,1550.0,79.0,3008.0,919.0,504.0,1585.0,517.0,517.0,516.0,529.0,538.0,534.0,2195.0,2619.0,1450.0,919.0,504.0,1585.0,517.0,517.0,516.0
1.0,4742.0,1597.0,1550.0,601.0,4004.0,1451.0,1039.0,1514.0,517.0,517.0,516.0,532.0,535.0,530.0,1666.0,2081.0,995.0,1451.0,1039.0,1514.0,517.0,517.0,516.0
1.0,3746.0,1586.0,1551.0,1520.0,4075.0,1592.0,1575.0,908.0,517.0,518.0,516.0,531.0,531.0,524.0,1134.0,1546.0,1066.0,1592.0,1575.0,908.0,517.0,518.0,516.0
1.0,3680.0,1596.0,1553.0,3008.0,2811.0,1211.0,1600.0,0.0,518.0,518.0,517.0,533.0,529.0,534.0,993.0,1015.0,1672.0,1211.0,1600.0,0.0,518.0,518.0,517.0
1.0,5092.0,1587.0,1553.0,4004.0,1376.0,290.0,1086.0,0.0,518.0,518.0,517.0,530.0,525.0,532.0,1379.0,990.0,2723.0,290.0,1086.0,0.0,518.0,518.0,517.0
1.0,7509.0,1580.0,1554.0,4075.0,44.0,0.0,44.0,0.0,518.0,519.0,517.0,528.0,528.0,524.0,2300.0,1504.0,3705.0,0.0,44.0,0.0,518.0,519.0,517.0
1.0,10004.0,1577.0,1556.0,2811.0,0.0,0.0,0.0,0.0,519.0,519.0,518.0,526.0,521.0,530.0,3364.0,2551.0,4089.0,0.0,0.0,0.0,519.0,519.0,518.0
1.0,11238.0,1576.0,1556.0,1376.0,0.0,0.0,0.0,0.0,519.0,519.0,518.0,527.0,525.0,524.0,4049.0,3630.0,3559.0,0.0,0.0,0.0,519.0,519.0,518.0
1.0,11038.0,1579.0,1557.0,44.0,83.0,0.0,0.0,83.0,519.0,520.0,518.0,517.0,534.0,528.0,3812.0,4191.0,3035.0,0.0,0.0,83.0,519.0,520.0,518.0
1.0,9503.0,1565.0,1558.0,0.0,616.0,0.0,0.0,616.0,519.0,520.0,519.0,517.0,520.0,528.0,3295.0,3701.0,2507.0,0.0,0.0,616.0,519.0,520.0,519.0
1.0,7938.0,1561.0,1558.0,0.0,1477.0,336.0,0.0,1141.0,519.0,520.0,519.0,519.0,517.0,525.0,2778.0,3181.0,1979.0,336.0,0.0,1141.0,519.0,520.0,519.0
1.0,6377.0,1553.0,1559.0,83.0,2888.0,856.0,453.0,1579.0,520.0,520.0,519.0,515.0,517.0,521.0,2259.0,2664.0,1454.0,856.0,453.0,1579.0,520.0,520.0,519.0
1.0,4907.0,1559.0,1560.0,616.0,3836.0,1375.0,972.0,1489.0,520.0,520.0,520.0,519.0,519.0,521.0,1744.0,2147.0,1016.0,1375.0,972.0,1489.0,520.0,520.0,520.0
1.0,3964.0,1567.0,1561.0,1477.0,3931.0,1562.0,1502.0,867.0,520.0,521.0,520.0,523.0,525.0,519.0,1225.0,1628.0,1111.0,1562.0,1502.0,867.0,520.0,521.0,520.0
1.0,3874.0,1559.0,1561.0,2888.0,2785.0,1213.0,1572.0,0.0,520.0,521.0,520.0,507.0,523.0,529.0,1038.0,1103.0,1733.0,1213.0,1572.0,0.0,520.0,521.0,520.0
1.0,5203.0,1549.0,1562.0,3836.0,1463.0,348.0,1115.0,0.0,520.0,521.0,521.0,510.0,515.0,524.0,1387.0,1033.0,2783.0,348.0,1115.0,0.0,520.0,521.0,521.0
1.0,7490.0,1563.0,1562.0,3931.0,136.0,0.0,136.0,0.0,520.0,521.0,521.0,517.0,523.0,523.0,2252.0,1490.0,3748.0,0.0,136.0,0.0,520.0,521.0,521.0
1.0,9858.0,1577.0,1563.0,2785.0,0.0,0.0,0.0,0.0,520.0,522.0,521.0,523.0,523.0,531.0,3297.0,2469.0,4092.0,0.0,0.0,0.0,520.0,522.0,521.0
1.0,11066.0,1560.0,1564.0,1463.0,0.0,0.0,0.0,0.0,521.0,522.0,521.0,517.0,520.0,523.0,3987.0,3518.0,3561.0,0.0,0.0,0.0,521.0,522.0,521.0
1.0,10969.0,1567.0,1564.0,136.0,89.0,0.0,0.0,89.0,521.0,522.0,521.0,525.0,520.0,522.0,3818.0,4113.0,3038.0,0.0,0.0,89.0,521.0,522.0,521.0
1.0,9538.0,1582.0,1565.0,0.0,623.0,0.0,0.0,623.0,521.0,522.0,522.0,526.0,527.0,529.0,3293.0,3729.0,2516.0,0.0,0.0,623.0,521.0,522.0,522.0
1.0,7956.0,1576.0,1565.0,0.0,1514.0,369.0,0.0,1145.0,521.0,522.0,522.0,531.0,523.0,522.0,2767.0,3202.0,1987.0,369.0,0.0,1145.0,521.0,522.0,522.0
1.0,6380.0,1590.0,1565.0,89.0,2946.0,900.0,463.0,1583.0,521.0,522.0,522.0,531.0,532.0,527.0,2236.0,2679.0,1465.0,900.0,463.0,1583.0,521.0,522.0,522.0
1.0,4879.0,1601.0,1565.0,623.0,3924.0,1435.0,995.0,1494.0,521.0,522.0,522.0,535.0,532.0,534.0,1705.0,2147.0,1027.0,1435.0,995.0,1494.0,521.0,522.0,522.0
1.0,3901.0,1604.0,1566.0,1514.0,4019.0,1612.0,1526.0,881.0,522.0,522.0,522.0,541.0,531.0,532.0,1170.0,1615.0,1116.0,1612.0,1526.0,881.0,522.0,522.0,522.0
1.0,3811.0,1608.0,1567.0,2946.0,2852.0,1249.0,1603.0,0.0,522.0,523.0,522.0,537.0,535.0,536.0,998.0,1084.0,1729.0,1249.0,1603.0,0.0,522.0,523.0,522.0
1.0,5149.0,1598.0,1567.0,3924.0,1483.0,345.0,1138.0,0.0,522.0,523.0,522.0,531.0,530.0,537.0,1361.0,1012.0,2776.0,345.0,1138.0,0.0,522.0,523.0,522.0
1.0,7475.0,1605.0,1568.0,4019.0,142.0,0.0,142.0,0.0,523.0,523.0,522.0,541.0,530.0,534.0,2265.0,1477.0,3733.0,0.0,142.0,0.0,523.0,523.0,522.0
1.0,9889.0,1594.0,1568.0,2852.0,0.0,0.0,0.0,0.0,523.0,523.0,522.0,532.0,534.0,528.0,3336.0,2473.0,4080.0,0.0,0.0,0.0,523.0,523.0,522.0
1.0,11147.0,1606.0,1568.0,1483.0,0.0,0.0,0.0,0.0,523.0,523.0,522.0,546.0,537.0,523.0,4053.0,3542.0,3552.0,0.0,0.0,0.0,523.0,523.0,522.0
1.0,11024.0,1591.0,1568.0,142.0,109.0,0.0,0.0,109.0,523.0,523.0,522.0,533.0,530.0,528.0,3852.0,4143.0,3029.0,0.0,0.0,109.0,523.0,523.0,522.0
1.0,9575.0,1580.0,1568.0,0.0,631.0,0.0,0.0,631.0,523.0,523.0,522.0,531.0,527.0,522.0,3319.0,3755.0,2501.0,0.0,0.0,631.0,523.0,523.0,522.0
1.0,7995.0,1580.0,1570.0,0.0,1517.0,360.0,0.0,1157.0,524.0,524.0,522.0,528.0,526.0,526.0,2788.0,3228.0,1979.0,360.0,0.0,1157.0,524.0,524.0,522.0
1.0,6415.0,1576.0,1571.0,109.0,2907.0,888.0,443.0,1576.0,524.0,524.0,523.0,528.0,525.0,523.0,2260.0,2702.0,1453.0,888.0,443.0,1576.0,524.0,524.0,523.0
1.0,4948.0,1570.0,1571.0,631.0,3846.0,1411.0,973.0,1462.0,524.0,524.0,523.0,523.0,530.0,517.0,1732.0,2177.0,1039.0,1411.0,973.0,1462.0,524.0,524.0,523.0
1.0,4009.0,1576.0,1571.0,1517.0,3905.0,1579.0,1500.0,826.0,524.0,524.0,523.0,528.0,527.0,521.0,1209.0,1647.0,1153.0,1579.0,1500.0,826.0,524.0,524.0,523.0
1.0,3950.0,1572.0,1572.0,2907.0,2802.0,1209.0,1593.0,0.0,524.0,525.0,523.0,518.0,531.0,523.0,1041.0,1120.0,1789.0,1209.0,1593.0,0.0,524.0,525.0,523.0
1.0,5285.0,1574.0,1572.0,3846.0,1469.0,317.0,1152.0,0.0,524.0,525.0,523.0,519.0,532.0,523.0,1411.0,1032.0,2842.0,317.0,1152.0,0.0,524.0,525.0,523.0
1.0,7557.0,1576.0,1575.0,3905.0,190.0,0.0,190.0,0.0,525.0,526.0,524.0,524.0,533.0,519.0,2303.0,1473.0,3781.0,0.0,190.0,0.0,525.0,526.0,524.0
1.0,9886.0,1567.0,1575.0,2802.0,0.0,0.0,0.0,0.0,525.0,526.0,524.0,518.0,524.0,525.0,3358.0,2440.0,4088.0,0.0,0.0,0.0,525.0,526.0,524.0
1.0,11121.0,1579.0,1575.0,1469.0,0.0,0.0,0.0,0.0,525.0,526.0,524.0,525.0,531.0,523.0,4049.0,3509.0,3563.0,0.0,0.0,0.0,525.0,526.0,524.0
1.0,11011.0,1577.0,1578.0,190.0,110.0,0.0,0.0,110.0,526.0,527.0,525.0,523.0,529.0,525.0,3841.0,4130.0,3040.0,0.0,0.0,110.0,526.0,527.0,525.0
1.0,9624.0,1579.0,1578.0,0.0,640.0,0.0,0.0,640.0,526.0,527.0,525.0,522.0,527.0,530.0,3318.0,3791.0,2515.0,0.0,0.0,640.0,526.0,527.0,525.0
1.0,8045.0,1570.0,1578.0,0.0,1514.0,350.0,0.0,1164.0,526.0,527.0,525.0,516.0,530.0,524.0,2796.0,3264.0,1985.0,350.0,0.0,1164.0,526.0,527.0,525.0
1.0,6475.0,1574.0,1579.0,110.0,2884.0,874.0,421.0,1589.0,526.0,527.0,526.0,524.0,520.0,530.0,2280.0,2734.0,1461.0,874.0,421.0,1589.0,526.0,527.0,526.0
1.0,5011.0,1593.0,1580.0,640.0,3842.0,1403.0,956.0,1483.0,526.0,528.0,526.0,529.0,530.0,534.0,1756.0,2214.0,1041.0,1403.0,956.0,1483.0,526.0,528.0,526.0
1.0,4058.0,1585.0,1580.0,1514.0,3913.0,1582.0,1482.0,849.0,526.0,528.0,526.0,529.0,526.0,530.0,1227.0,1684.0,1147.0,1582.0,1482.0,849.0,526.0,528.0,526.0
1.0,3987.0,1601.0,1581.0,2884.0,2833.0,1240.0,1593.0,0.0,526.0,528.0,527.0,532.0,532.0,537.0,1048.0,1158.0,1781.0,1240.0,1593.0,0.0,526.0,528.0,527.0
1.0,5270.0,1617.0,1582.0,3842.0,1551.0,379.0,1172.0,0.0,527.0,528.0,527.0,537.0,535.0,545.0,1390.0,1047.0,2833.0,379.0,1172.0,0.0,527.0,528.0,527.0
1.0,7495.0,1626.0,1582.0,3913.0,230.0,0.0,230.0,0.0,527.0,528.0,527.0,544.0,540.0,542.0,2256.0,1468.0,3771.0,0.0,230.0,0.0,527.0,528.0,527.0
1.0,9782.0,1619.0,1583.0,2833.0,0.0,0.0,0.0,0.0,527.0,528.0,528.0,537.0,540.0,542.0,3294.0,2410.0,4078.0,0.0,0.0,0.0,527.0,528.0,528.0
1.0,10996.0,1618.0,1583.0,1551.0,0.0,0.0,0.0,0.0,527.0,528.0,528.0,540.0,536.0,542.0,3997.0,3463.0,3536.0,0.0,0.0,0.0,527.0,528.0,528.0
1.0,10929.0,1625.0,1583.0,230.0,189.0,0.0,0.0,189.0,527.0,528.0,528.0,546.0,536.0,543.0,3836.0,4099.0,2994.0,0.0,0.0,189.0,527.0,528.0,528.0
1.0,9534.0,1615.0,1583.0,0.0,733.0,0.0,0.0,733.0,527.0,528.0,528.0,539.0,532.0,544.0,3290.0,3793.0,2451.0,0.0,0.0,733.0,527.0,528.0,528.0
1.0,7919.0,1615.0,1585.0,0.0,1705.0,430.0,0.0,1275.0,528.0,528.0,529.0,541.0,537.0,537.0,2751.0,3261.0,1907.0,430.0,0.0,1275.0,528.0,528.0,529.0
1.0,6304.0,1620.0,1585.0,189.0,3052.0,974.0,450.0,1628.0,528.0,528.0,529.0,544.0,534.0,542.0,2210.0,2724.0,1370.0,974.0,450.0,1628.0,528.0,528.0,529.0
1.0,4873.0,1623.0,1585.0,733.0,3942.0,1519.0,989.0,1434.0,528.0,528.0,529.0,545.0,539.0,539.0,1666.0,2190.0,1017.0,1519.0,989.0,1434.0,528.0,528.0,529.0
1.0,3983.0,1614.0,1586.0,1705.0,3856.0,1626.0,1534.0,696.0,528.0,529.0,529.0,537.0,540.0,537.0,1121.0,1651.0,1211.0,1626.0,1534.0,696.0,528.0,529.0,529.0
1.0,4074.0,1611.0,1587.0,3052.0,2817.0,1202.0,1615.0,0.0,529.0,529.0,529.0,545.0,531.0,535.0,1014.0,1111.0,1949.0,1202.0,1615.0,0.0,529.0,529.0,529.0
1.0,5515.0,1603.0,1588.0,3942.0,1375.0,214.0,1161.0,0.0,529.0,529.0,530.0,531.0,535.0,537.0,1443.0,1030.0,3042.0,214.0,1161.0,0.0,529.0,529.0,530.0
1.0,7854.0,1588.0,1588.0,3856.0,146.0,0.0,146.0,0.0,529.0,529.0,530.0,528.0,519.0,541.0,2431.0,1484.0,3939.0,0.0,146.0,0.0,529.0,529.0,530.0
1.0,10122.0,1605.0,1588.0,2817.0,0.0,0.0,0.0,0.0,529.0,529.0,530.0,537.0,534.0,534.0,3529.0,2499.0,4094.0,0.0,0.0,0.0,529.0,529.0,530.0
1.0,11334.0,1590.0,1589.0,1375.0,0.0,0.0,0.0,0.0,530.0,529.0,530.0,533.0,529.0,528.0,4194.0,3580.0,3560.0,0.0,0.0,0.0,530.0,529.0,530.0
1.0,11119.0,1590.0,1590.0,146.0,147.0,0.0,0.0,147.0,530.0,530.0,530.0,526.0,535.0,529.0,3875.0,4212.0,3032.0,0.0,0.0,147.0,530.0,530.0,530.0
1.0,9675.0,1581.0,1590.0,0.0,670.0,0.0,0.0,670.0,530.0,530.0,530.0,527.0,531.0,523.0,3349.0,3823.0,2503.0,0.0,0.0,670.0,530.0,530.0,530.0
1.0,8094.0,1576.0,1590.0,0.0,1546.0,350.0,0.0,1196.0,530.0,530.0,530.0,522.0,528.0,526.0,2822.0,3292.0,1980.0,350.0,0.0,1196.0,530.0,530.0,530.0
1.0,6518.0,1584.0,1590.0,147.0,2869.0,880.0,412.0,1577.0,530.0,530.0,530.0,530.0,526.0,528.0,2300.0,2764.0,1454.0,880.0,412.0,1577.0,530.0,530.0,530.0
1.0,5081.0,1583.0,1591.0,670.0,3787.0,1408.0,943.0,1436.0,531.0,530.0,530.0,523.0,531.0,529.0,1770.0,2238.0,1073.0,1408.0,943.0,1436.0,531.0,530.0,530.0
1.0,4168.0,1575.0,1591.0,1546.0,3816.0,1581.0,1471.0,764.0,531.0,530.0,530.0,523.0,528.0,524.0,1247.0,1707.0,1214.0,1581.0,1471.0,764.0,531.0,530.0,530.0
1.0,4139.0,1592.0,1592.0,2869.0,2834.0,1232.0,1602.0,0.0,531.0,531.0,530.0,531.0,538.0,523.0,1074.0,1179.0,1886.0,1232.0,1602.0,0.0,531.0,531.0,530.0
1.0,5416.0,1602.0,1592.0,3787.0,1555.0,357.0,1198.0,0.0,531.0,531.0,530.0,533.0,539.0,530.0,1423.0,1053.0,2940.0,357.0,1198.0,0.0,531.0,531.0,530.0
1.0,7601.0,1603.0,1593.0,3816.0,265.0,0.0,265.0,0.0,531.0,531.0,531.0,534.0,538.0,531.0,2298.0,1457.0,3846.0,0.0,265.0,0.0,531.0,531.0,531.0
1.0,9814.0,1613.0,1594.0,2834.0,0.0,0.0,0.0,0.0,531.0,532.0,531.0,529.0,547.0,537.0,3345.0,2390.0,4079.0,0.0,0.0,0.0,531.0,532.0,531.0
1.0,11035.0,1616.0,1595.0,1555.0,0.0,0.0,0.0,0.0,532.0,532.0,531.0,537.0,542.0,537.0,4048.0,3445.0,3542.0,0.0,0.0,0.0,532.0,532.0,531.0
1.0,10974.0,1617.0,1595.0,265.0,188.0,0.0,0.0,188.0,532.0,532.0,531.0,536.0,543.0,538.0,3868.0,4101.0,3005.0,0.0,0.0,188.0,532.0,532.0,531.0
1.0,9622.0,1621.0,1596.0,0.0,738.0,0.0,0.0,738.0,532.0,532.0,532.0,540.0,536.0,545.0,3332.0,3823.0,2467.0,0.0,0.0,738.0,532.0,532.0,532.0
1.0,8001.0,1636.0,1597.0,0.0,1694.0,411.0,0.0,1283.0,532.0,533.0,532.0,543.0,548.0,545.0,2792.0,3287.0,1922.0,411.0,0.0,1283.0,532.0,533.0,532.0
1.0,6365.0,1631.0,1597.0,188.0,3063.0,957.0,473.0,1633.0,532.0,533.0,532.0,546.0,547.0,538.0,2249.0,2739.0,1377.0,957.0,473.0,1633.0,532.0,533.0,532.0
1.0,4922.0,1642.0,1597.0,738.0,3967.0,1507.0,1018.0,1442.0,532.0,533.0,532.0,550.0,545.0,547.0,1703.0,2192.0,1027.0,1507.0,1018.0,1442.0,532.0,533.0,532.0
1.0,4018.0,1646.0,1599.0,1694.0,3929.0,1652.0,1568.0,709.0,533.0,534.0,532.0,551.0,545.0,550.0,1153.0,1647.0,1218.0,1652.0,1568.0,709.0,533.0,534.0,532.0
1.0,4066.0,1637.0,1600.0,3063.0,2885.0,1244.0,1641.0,0.0,533.0,534.0,533.0,549.0,546.0,542.0,1013.0,1102.0,1951.0,1244.0,1641.0,0.0,533.0,534.0,533.0
1.0,5492.0,1642.0,1600.0,3967.0,1456.0,291.0,1165.0,0.0,533.0,534.0,533.0,554.0,542.0,546.0,1421.0,1029.0,3042.0,291.0,1165.0,0.0,533.0,534.0,533.0
1.0,7817.0,1626.0,1600.0,3929.0,133.0,0.0,133.0,0.0,533.0,534.0,533.0,544.0,536.0,546.0,2374.0,1505.0,3938.0,0.0,133.0,0.0,533.0,534.0,533.0
1.0,10120.0,1624.0,1602.0,2885.0,0.0,0.0,0.0,0.0,534.0,534.0,534.0,546.0,537.0,541.0,3482.0,2537.0,4101.0,0.0,0.0,0.0,534.0,534.0,534.0
1.0,11381.0,1618.0,1602.0,1456.0,0.0,0.0,0.0,0.0,534.0,534.0,534.0,541.0,539.0,538.0,4180.0,3641.0,3560.0,0.0,0.0,0.0,534.0,534.0,534.0
1.0,11219.0,1626.0,1603.0,133.0,189.0,0.0,0.0,189.0,534.0,535.0,534.0,546.0,539.0,541.0,3930.0,4267.0,3022.0,0.0,0.0,189.0,534.0,535.0,534.0
1.0,9726.0,1611.0,1604.0,0.0,737.0,0.0,0.0,737.0,534.0,535.0,535.0,536.0,532.0,543.0,3384.0,3861.0,2481.0,0.0,0.0,737.0,534.0,535.0,535.0
1.0,8115.0,1608.0,1604.0,0.0,1634.0,356.0,0.0,1278.0,534.0,535.0,535.0,534.0,533.0,541.0,2848.0,3329.0,1938.0,356.0,0.0,1278.0,534.0,535.0,535.0
1.0,6507.0,1594.0,1606.0,189.0,2928.0,886.0,407.0,1635.0,535.0,535.0,536.0,525.0,528.0,541.0,2314.0,2796.0,1397.0,886.0,407.0,1635.0,535.0,535.0,536.0
1.0,5102.0,1609.0,1606.0,737.0,3800.0,1422.0,942.0,1436.0,535.0,535.0,536.0,536.0,535.0,538.0,1789.0,2268.0,1045.0,1422.0,942.0,1436.0,535.0,535.0,536.0
1.0,4230.0,1603.0,1606.0,1634.0,3769.0,1596.0,1475.0,698.0,535.0,535.0,536.0,530.0,533.0,540.0,1253.0,1733.0,1244.0,1596.0,1475.0,698.0,535.0,535.0,536.0
1.0,4261.0,1599.0,1606.0,2928.0,2841.0,1243.0,1598.0,0.0,535.0,535.0,536.0,533.0,530.0,536.0,1079.0,1200.0,1982.0,1243.0,1598.0,0.0,535.0,535.0,536.0
1.0,5590.0,1606.0,1608.0,3800.0,1547.0,359.0,1188.0,0.0,536.0,535.0,537.0,533.0,532.0,541.0,1432.0,1077.0,3081.0,359.0,1188.0,0.0,536.0,535.0,537.0
1.0,7784.0,1596.0,1608.0,3769.0,234.0,0.0,234.0,0.0,536.0,535.0,537.0,535.0,521.0,540.0,2321.0,1487.0,3976.0,0.0,234.0,0.0,536.0,535.0,537.0
1.0,9957.0,1612.0,1608.0,2841.0,0.0,0.0,0.0,0.0,536.0,535.0,537.0,537.0,535.0,540.0,3382.0,2441.0,4134.0,0.0,0.0,0.0,536.0,535.0,537.0
1.0,11186.0,1616.0,1609.0,1547.0,0.0,0.0,0.0,0.0,536.0,535.0,538.0,537.0,537.0,542.0,4088.0,3504.0,3594.0,0.0,0.0,0.0,536.0,535.0,538.0
1.0,11117.0,1604.0,1610.0,234.0,174.0,0.0,0.0,174.0,537.0,535.0,538.0,532.0,536.0,536.0,3910.0,4155.0,3052.0,0.0,0.0,174.0,537.0,535.0,538.0
1.0,9747.0,1607.0,1611.0,0.0,715.0,0.0,0.0,715.0,537.0,536.0,538.0,533.0,533.0,541.0,3378.0,3853.0,2516.0,0.0,0.0,715.0,537.0,536.0,538.0
1.0,8140.0,1629.0,1611.0,0.0,1637.0,384.0,0.0,1253.0,537.0,536.0,538.0,544.0,547.0,538.0,2845.0,3320.0,1975.0,384.0,0.0,1253.0,537.0,536.0,538.0
1.0,6511.0,1630.0,1611.0,174.0,3000.0,926.0,451.0,1623.0,537.0,536.0,538.0,542.0,544.0,544.0,2301.0,2773.0,1437.0,926.0,451.0,1623.0,537.0,536.0,538.0
1.0,5055.0,1641.0,1611.0,715.0,3926.0,1470.0,1003.0,1453.0,537.0,536.0,538.0,544.0,552.0,545.0,1759.0,2229.0,1067.0,1470.0,1003.0,1453.0,537.0,536.0,538.0
1.0,4129.0,1648.0,1612.0,1637.0,3942.0,1633.0,1563.0,746.0,537.0,537.0,538.0,547.0,555.0,546.0,1215.0,1677.0,1237.0,1633.0,1563.0,746.0,537.0,537.0,538.0
1.0,4118.0,1649.0,1612.0,3000.0,2918.0,1251.0,1667.0,0.0,537.0,537.0,538.0,544.0,555.0,550.0,1052.0,1122.0,1944.0,1251.0,1667.0,0.0,537.0,537.0,538.0
1.0,5469.0,1651.0,1613.0,3926.0,1555.0,337.0,1218.0,0.0,538.0,537.0,538.0,551.0,554.0,546.0,1434.0,1018.0,3017.0,337.0,1218.0,0.0,538.0,537.0,538.0
1.0,7744.0,1650.0,1615.0,3942.0,212.0,0.0,212.0,0.0,538.0,538.0,539.0,549.0,552.0,549.0,2353.0,1467.0,3924.0,0.0,212.0,0.0,538.0,538.0,539.0
1.0,10036.0,1640.0,1615.0,2918.0,0.0,0.0,0.0,0.0,538.0,538.0,539.0,543.0,550.0,547.0,3437.0,2478.0,4121.0,0.0,0.0,0.0,538.0,538.0,539.0
1.0,11314.0,1650.0,1615.0,1555.0,0.0,0.0,0.0,0.0,538.0,538.0,539.0,551.0,554.0,545.0,4145.0,3595.0,3574.0,0.0,0.0,0.0,538.0,538.0,539.0
1.0,11219.0,1647.0,1616.0,212.0,210.0,0.0,0.0,210.0,538.0,539.0,539.0,557.0,546.0,544.0,3931.0,4259.0,3029.0,0.0,0.0,210.0,538.0,539.0,539.0
1.0,9784.0,1655.0,1617.0,0.0,757.0,0.0,0.0,757.0,539.0,539.0,539.0,558.0,550.0,547.0,3374.0,3925.0,2485.0,0.0,0.0,757.0,539.0,539.0,539.0
1.0,8129.0,1650.0,1617.0,0.0,1737.0,434.0,0.0,1303.0,539.0,539.0,539.0,555.0,549.0,546.0,2816.0,3375.0,1938.0,434.0,0.0,1303.0,539.0,539.0,539.0
1.0,6479.0,1646.0,1617.0,210.0,3042.0,982.0,419.0,1641.0,539.0,539.0,539.0,548.0,550.0,548.0,2261.0,2826.0,1392.0,982.0,419.0,1641.0,539.0,539.0,539.0
1.0,5043.0,1633.0,1618.0,757.0,3923.0,1528.0,973.0,1422.0,539.0,540.0,539.0,546.0,549.0,538.0,1713.0,2276.0,1054.0,1528.0,973.0,1422.0,539.0,540.0,539.0
1.0,4167.0,1634.0,1619.0,1737.0,3825.0,1646.0,1519.0,660.0,540.0,540.0,539.0,547.0,546.0,541.0,1167.0,1727.0,1273.0,1646.0,1519.0,660.0,540.0,540.0,539.0
1.0,4270.0,1614.0,1619.0,3042.0,2840.0,1208.0,1632.0,0.0,540.0,540.0,539.0,544.0,532.0,538.0,1054.0,1181.0,2035.0,1208.0,1632.0,0.0,540.0,540.0,539.0
1.0,5698.0,1617.0,1620.0,3923.0,1423.0,227.0,1196.0,0.0,540.0,540.0,540.0,547.0,537.0,533.0,1492.0,1068.0,3138.0,227.0,1196.0,0.0,540.0,540.0,540.0
1.0,8004.0,1614.0,1620.0,3825.0,210.0,0.0,210.0,0.0,540.0,540.0,540.0,540.0,533.0,541.0,2473.0,1504.0,4027.0,0.0,210.0,0.0,540.0,540.0,540.0
1.0,10215.0,1611.0,1620.0,2840.0,0.0,0.0,0.0,0.0,540.0,540.0,540.0,539.0,537.0,535.0,3579.0,2490.0,4146.0,0.0,0.0,0.0,540.0,540.0,540.0
1.0,11444.0,1605.0,1621.0,1423.0,0.0,0.0,0.0,0.0,541.0,540.0,540.0,536.0,529.0,540.0,4248.0,3585.0,3611.0,0.0,0.0,0.0,541.0,540.0,540.0
1.0,11262.0,1608.0,1622.0,210.0,160.0,0.0,0.0,160.0,541.0,541.0,540.0,539.0,538.0,531.0,3939.0,4252.0,3071.0,0.0,0.0,160.0,541.0,541.0,540.0
1.0,9864.0,1620.0,1623.0,0.0,705.0,0.0,0.0,705.0,541.0,541.0,541.0,535.0,545.0,540.0,3400.0,3924.0,2540.0,0.0,0.0,705.0,541.0,541.0,541.0
1.0,8244.0,1614.0,1623.0,0.0,1623.0,377.0,0.0,1246.0,541.0,541.0,541.0,537.0,536.0,541.0,2865.0,3379.0,2000.0,377.0,0.0,1246.0,541.0,541.0,541.0
1.0,6630.0,1628.0,1623.0,160.0,2953.0,911.0,406.0,1636.0,541.0,541.0,541.0,534.0,544.0,550.0,2328.0,2843.0,1459.0,911.0,406.0,1636.0,541.0,541.0,541.0
1.0,5162.0,1630.0,1625.0,705.0,3888.0,1460.0,948.0,1480.0,542.0,541.0,542.0,544.0,542.0,544.0,1794.0,2299.0,1069.0,1460.0,948.0,1480.0,542.0,541.0,542.0
1.0,4237.0,1636.0,1625.0,1623.0,3901.0,1620.0,1495.0,786.0,542.0,541.0,542.0,537.0,547.0,552.0,1250.0,1757.0,1230.0,1620.0,1495.0,786.0,542.0,541.0,542.0
1.0,4224.0,1638.0,1625.0,2953.0,2885.0,1252.0,1633.0,0.0,542.0,541.0,542.0,543.0,544.0,551.0,1090.0,1210.0,1924.0,1252.0,1633.0,0.0,542.0,541.0,542.0
1.0,5539.0,1646.0,1626.0,3888.0,1565.0,330.0,1235.0,0.0,542.0,541.0,543.0,538.0,550.0,558.0,1458.0,1072.0,3009.0,330.0,1235.0,0.0,542.0,541.0,543.0
1.0,7781.0,1649.0,1626.0,3901.0,284.0,0.0,284.0,0.0,542.0,541.0,543.0,552.0,544.0,553.0,2380.0,1470.0,3931.0,0.0,284.0,0.0,542.0,541.0,543.0
1.0,10033.0,1652.0,1627.0,2885.0,0.0,0.0,0.0,0.0,542.0,542.0,543.0,545.0,550.0,557.0,3448.0,2421.0,4164.0,0.0,0.0,0.0,542.0,542.0,543.0
1.0,11266.0,1660.0,1628.0,1565.0,0.0,0.0,0.0,0.0,542.0,542.0,544.0,544.0,556.0,560.0,4155.0,3504.0,3607.0,0.0,0.0,0.0,542.0,542.0,544.0
1.0,11171.0,1662.0,1629.0,284.0,229.0,0.0,0.0,229.0,543.0,542.0,544.0,549.0,557.0,556.0,3941.0,4183.0,3047.0,0.0,0.0,229.0,543.0,542.0,544.0
1.0,9793.0,1668.0,1629.0,0.0,790.0,0.0,0.0,790.0,543.0,542.0,544.0,552.0,555.0,561.0,3392.0,3910.0,2491.0,0.0,0.0,790.0,543.0,542.0,544.0
1.0,8125.0,1673.0,1629.0,0.0,1784.0,438.0,0.0,1346.0,543.0,542.0,544.0,563.0,554.0,556.0,2840.0,3355.0,1930.0,438.0,0.0,1346.0,543.0,542.0,544.0
1.0,6452.0,1656.0,1630.0,229.0,3125.0,990.0,467.0,1668.0,543.0,543.0,544.0,552.0,553.0,551.0,2277.0,2801.0,1374.0,990.0,467.0,1668.0,543.0,543.0,544.0
1.0,5025.0,1674.0,1631.0,790.0,4014.0,1550.0,1022.0,1442.0,543.0,543.0,545.0,560.0,555.0,559.0,1725.0,2248.0,1052.0,1550.0,1022.0,1442.0,543.0,543.0,545.0
1.0,4141.0,1672.0,1631.0,1784.0,3902.0,1667.0,1580.0,655.0,543.0,543.0,545.0,555.0,558.0,559.0,1165.0,1693.0,1283.0,1667.0,1580.0,655.0,543.0,543.0,545.0
1.0,4253.0,1661.0,1632.0,3125.0,2906.0,1232.0,1674.0,0.0,543.0,544.0,545.0,555.0,556.0,550.0,1048.0,1135.0,2070.0,1232.0,1674.0,0.0,543.0,544.0,545.0
1.0,5717.0,1666.0,1634.0,4014.0,1448.0,242.0,1206.0,0.0,544.0,544.0,546.0,555.0,554.0,557.0,1483.0,1046.0,3188.0,242.0,1206.0,0.0,544.0,544.0,546.0
1.0,8065.0,1662.0,1634.0,3902.0,180.0,0.0,180.0,0.0,544.0,544.0,546.0,558.0,554.0,550.0,2478.0,1514.0,4073.0,0.0,180.0,0.0,544.0,544.0,546.0
1.0,10305.0,1658.0,1635.0,2906.0,0.0,0.0,0.0,0.0,544.0,545.0,546.0,553.0,552.0,553.0,3587.0,2540.0,4178.0,0.0,0.0,0.0,544.0,545.0,546.0
1.0,11553.0,1644.0,1635.0,1448.0,0.0,0.0,0.0,0.0,544.0,545.0,546.0,544.0,551.0,549.0,4266.0,3662.0,3625.0,0.0,0.0,0.0,544.0,545.0,546.0
1.0,11357.0,1644.0,1636.0,180.0,203.0,0.0,0.0,203.0,545.0,545.0,546.0,549.0,546.0,549.0,3964.0,4317.0,3076.0,0.0,0.0,203.0,545.0,545.0,546.0
1.0,9893.0,1638.0,1637.0,0.0,748.0,0.0,0.0,748.0,545.0,546.0,546.0,544.0,549.0,545.0,3415.0,3951.0,2527.0,0.0,0.0,748.0,545.0,546.0,546.0
1.0,8255.0,1640.0,1637.0,0.0,1699.0,406.0,0.0,1293.0,545.0,546.0,546.0,552.0,543.0,545.0,2871.0,3402.0,1982.0,406.0,0.0,1293.0,545.0,546.0,546.0
1.0,6615.0,1622.0,1638.0,203.0,2994.0,955.0,414.0,1625.0,546.0,546.0,546.0,544.0,543.0,535.0,2319.0,2859.0,1437.0,955.0,414.0,1625.0,546.0,546.0,546.0
1.0,5196.0,1627.0,1638.0,748.0,3873.0,1502.0,959.0,1412.0,546.0,546.0,546.0,547.0,545.0,535.0,1775.0,2316.0,1105.0,1502.0,959.0,1412.0,546.0,546.0,546.0
1.0,4317.0,1639.0,1639.0,1699.0,3818.0,1643.0,1515.0,660.0,546.0,547.0,546.0,547.0,551.0,541.0,1228.0,1771.0,1318.0,1643.0,1515.0,660.0,546.0,547.0,546.0
1.0,4377.0,1638.0,1639.0,2994.0,2881.0,1232.0,1649.0,0.0,546.0,547.0,546.0,544.0,548.0,546.0,1087.0,1220.0,2070.0,1232.0,1649.0,0.0,546.0,547.0,546.0
1.0,5733.0,1624.0,1639.0,3873.0,1506.0,274.0,1232.0,0.0,546.0,547.0,546.0,544.0,542.0,538.0,1498.0,1086.0,3149.0,274.0,1232.0,0.0,546.0,547.0,546.0
1.0,7982.0,1645.0,1641.0,3818.0,261.0,0.0,261.0,0.0,547.0,547.0,547.0,553.0,544.0,548.0,2456.0,1503.0,4023.0,0.0,261.0,0.0,547.0,547.0,547.0
1.0,10155.0,1642.0,1642.0,2881.0,0.0,0.0,0.0,0.0,547.0,548.0,547.0,546.0,550.0,546.0,3546.0,2474.0,4135.0,0.0,0.0,0.0,547.0,548.0,547.0
1.0,11394.0,1661.0,1642.0,1506.0,0.0,0.0,0.0,0.0,547.0,548.0,547.0,555.0,551.0,555.0,4232.0,3573.0,3589.0,0.0,0.0,0.0,547.0,548.0,547.0
1.0,11239.0,1659.0,1643.0,261.0,254.0,0.0,0.0,254.0,548.0,548.0,547.0,557.0,549.0,553.0,3951.0,4254.0,3034.0,0.0,0.0,254.0,548.0,548.0,547.0
1.0,9841.0,1665.0,1643.0,0.0,807.0,0.0,0.0,807.0,548.0,548.0,547.0,551.0,561.0,553.0,3394.0,3966.0,2481.0,0.0,0.0,807.0,548.0,548.0,547.0
1.0,8176.0,1665.0,1644.0,0.0,1819.0,452.0,0.0,1367.0,548.0,548.0,548.0,555.0,555.0,555.0,2843.0,3405.0,1928.0,452.0,0.0,1367.0,548.0,548.0,548.0
1.0,6511.0,1666.0,1644.0,254.0,3121.0,1008.0,445.0,1668.0,548.0,548.0,548.0,556.0,555.0,555.0,2288.0,2850.0,1373.0,1008.0,445.0,1668.0,548.0,548.0,548.0
1.0,5099.0,1663.0,1644.0,807.0,3977.0,1561.0,992.0,1424.0,548.0,548.0,548.0,553.0,547.0,563.0,1732.0,2295.0,1072.0,1561.0,992.0,1424.0,548.0,548.0,548.0
1.0,4243.0,1663.0,1644.0,1819.0,3821.0,1660.0,1544.0,617.0,548.0,548.0,548.0,551.0,552.0,560.0,1179.0,1748.0,1316.0,1660.0,1544.0,617.0,548.0,548.0,548.0
1.0,4399.0,1682.0,1644.0,3121.0,2869.0,1212.0,1657.0,0.0,548.0,548.0,548.0,560.0,558.0,564.0,1080.0,1196.0,2123.0,1212.0,1657.0,0.0,548.0,548.0,548.0
1.0,5838.0,1677.0,1646.0,3977.0,1437.0,212.0,1225.0,0.0,549.0,548.0,549.0,556.0,560.0,561.0,1528.0,1083.0,3227.0,212.0,1225.0,0.0,549.0,548.0,549.0
1.0,8138.0,1681.0,1646.0,3821.0,241.0,0.0,241.0,0.0,549.0,548.0,549.0,559.0,560.0,562.0,2533.0,1515.0,4090.0,0.0,241.0,0.0,549.0,548.0,549.0
1.0,10278.0,1683.0,1646.0,2869.0,0.0,0.0,0.0,0.0,549.0,548.0,549.0,563.0,555.0,565.0,3634.0,2499.0,4145.0,0.0,0.0,0.0,549.0,548.0,549.0
1.0,11464.0,1672.0,1648.0,1437.0,0.0,0.0,0.0,0.0,549.0,549.0,550.0,555.0,551.0,566.0,4283.0,3601.0,3580.0,0.0,0.0,0.0,549.0,549.0,550.0
1.0,11229.0,1678.0,1648.0,241.0,302.0,0.0,0.0,302.0,549.0,549.0,550.0,555.0,557.0,566.0,3940.0,4275.0,3014.0,0.0,0.0,302.0,549.0,549.0,550.0
1.0,9792.0,1670.0,1649.0,0.0,868.0,0.0,0.0,868.0,549.0,549.0,551.0,553.0,556.0,561.0,3385.0,3959.0,2448.0,0.0,0.0,868.0,549.0,549.0,551.0
1.0,8122.0,1662.0,1649.0,0.0,1892.0,468.0,0.0,1424.0,549.0,549.0,551.0,555.0,551.0,556.0,2832.0,3403.0,1887.0,468.0,0.0,1424.0,549.0,549.0,551.0
1.0,6460.0,1671.0,1649.0,302.0,3154.0,1026.0,449.0,1679.0,549.0,549.0,551.0,558.0,556.0,557.0,2277.0,2852.0,1331.0,1026.0,449.0,1679.0,549.0,549.0,551.0
1.0,5091.0,1657.0,1652.0,868.0,3958.0,1589.0,1001.0,1368.0,550.0,550.0,552.0,558.0,547.0,552.0,1719.0,2296.0,1076.0,1589.0,1001.0,1368.0,550.0,550.0,552.0
1.0,4302.0,1660.0,1652.0,1892.0,3726.0,1677.0,1554.0,495.0,550.0,550.0,552.0,556.0,553.0,551.0,1161.0,1749.0,1392.0,1677.0,1554.0,495.0,550.0,550.0,552.0
1.0,4534.0,1651.0,1652.0,3154.0,2854.0,1201.0,1653.0,0.0,550.0,550.0,552.0,550.0,548.0,553.0,1073.0,1196.0,2265.0,1201.0,1653.0,0.0,550.0,550.0,552.0
1.0,6037.0,1655.0,1653.0,3958.0,1374.0,167.0,1207.0,0.0,550.0,551.0,552.0,555.0,550.0,550.0,1549.0,1097.0,3391.0,167.0,1207.0,0.0,550.0,551.0,552.0
1.0,8340.0,1664.0,1655.0,3726.0,201.0,0.0,201.0,0.0,551.0,551.0,553.0,557.0,548.0,559.0,2583.0,1548.0,4209.0,0.0,201.0,0.0,551.0,551.0,553.0
1.0,10402.0,1669.0,1655.0,2854.0,0.0,0.0,0.0,0.0,551.0,551.0,553.0,563.0,551.0,555.0,3703.0,2554.0,4145.0,0.0,0.0,0.0,551.0,551.0,553.0
1.0,11587.0,1663.0,1656.0,1374.0,0.0,0.0,0.0,0.0,552.0,551.0,553.0,558.0,550.0,555.0,4341.0,3656.0,3590.0,0.0,0.0,0.0,552.0,551.0,553.0
1.0,11298.0,1657.0,1656.0,201.0,277.0,0.0,0.0,277.0,552.0,551.0,553.0,556.0,554.0,547.0,3950.0,4313.0,3035.0,0.0,0.0,277.0,552.0,551.0,553.0
1.0,9842.0,1660.0,1658.0,0.0,831.0,0.0,0.0,831.0,552.0,552.0,554.0,559.0,552.0,549.0,3394.0,3960.0,2488.0,0.0,0.0,831.0,552.0,552.0,554.0
1.0,8182.0,1681.0,1659.0,0.0,1877.0,488.0,0.0,1389.0,553.0,552.0,554.0,558.0,565.0,558.0,2835.0,3408.0,1939.0,488.0,0.0,1389.0,553.0,552.0,554.0
1.0,6501.0,1682.0,1659.0,277.0,3199.0,1047.0,483.0,1669.0,553.0,552.0,554.0,559.0,566.0,557.0,2277.0,2843.0,1381.0,1047.0,483.0,1669.0,553.0,552.0,554.0
1.0,5096.0,1684.0,1660.0,831.0,4057.0,1607.0,1045.0,1405.0,554.0,552.0,554.0,555.0,562.0,567.0,1718.0,2277.0,1101.0,1607.0,1045.0,1405.0,554.0,552.0,554.0
1.0,4243.0,1681.0,1661.0,1877.0,3866.0,1677.0,1613.0,576.0,554.0,553.0,554.0,558.0,563.0,560.0,1163.0,1715.0,1365.0,1677.0,1613.0,576.0,554.0,553.0,554.0
1.0,4439.0,1680.0,1661.0,3199.0,2876.0,1186.0,1690.0,0.0,554.0,553.0,554.0,556.0,560.0,564.0,1093.0,1152.0,2194.0,1186.0,1690.0,0.0,554.0,553.0,554.0
1.0,5958.0,1682.0,1661.0,4057.0,1343.0,138.0,1205.0,0.0,554.0,553.0,554.0,559.0,560.0,563.0,1584.0,1075.0,3299.0,138.0,1205.0,0.0,554.0,553.0,554.0
1.0,8333.0,1694.0,1661.0,3866.0,160.0,0.0,160.0,0.0,554.0,553.0,554.0,563.0,568.0,563.0,2632.0,1560.0,4141.0,0.0,160.0,0.0,554.0,553.0,554.0
1.0,10505.0,1683.0,1662.0,2876.0,0.0,0.0,0.0,0.0,555.0,553.0,554.0,559.0,560.0,564.0,3746.0,2605.0,4154.0,0.0,0.0,0.0,555.0,553.0,554.0
1.0,11698.0,1693.0,1664.0,1343.0,0.0,0.0,0.0,0.0,555.0,554.0,555.0,564.0,563.0,566.0,4373.0,3735.0,3590.0,0.0,0.0,0.0,555.0,554.0,555.0
1.0,11348.0,1693.0,1664.0,160.0,314.0,0.0,0.0,314.0,555.0,554.0,555.0,564.0,566.0,563.0,3947.0,4377.0,3024.0,0.0,0.0,314.0,555.0,554.0,555.0
1.0,9815.0,1679.0,1664.0,0.0,877.0,0.0,0.0,877.0,555.0,554.0,555.0,557.0,559.0,563.0,3383.0,3971.0,2461.0,0.0,0.0,877.0,555.0,554.0,555.0
1.0,8136.0,1684.0,1664.0,0.0,1951.0,511.0,0.0,1440.0,555.0,554.0,555.0,562.0,559.0,563.0,2826.0,3412.0,1898.0,511.0,0.0,1440.0,555.0,554.0,555.0
1.0,6452.0,1673.0,1664.0,314.0,3227.0,1069.0,472.0,1686.0,555.0,554.0,555.0,558.0,555.0,560.0,2264.0,2853.0,1335.0,1069.0,472.0,1686.0,555.0,554.0,555.0
1.0,5093.0,1667.0,1664.0,877.0,4017.0,1627.0,1032.0,1358.0,555.0,554.0,555.0,558.0,560.0,549.0,1706.0,2298.0,1089.0,1627.0,1032.0,1358.0,555.0,554.0,555.0
1.0,4303.0,1680.0,1664.0,1951.0,3746.0,1682.0,1585.0,479.0,555.0,554.0,555.0,566.0,553.0,561.0,1148.0,1738.0,1417.0,1682.0,1585.0,479.0,555.0,554.0,555.0
1.0,4574.0,1661.0,1664.0,3227.0,2838.0,1173.0,1665.0,0.0,555.0,554.0,555.0,560.0,552.0,549.0,1093.0,1185.0,2296.0,1173.0,1665.0,0.0,555.0,554.0,555.0
1.0,6140.0,1668.0,1665.0,4017.0,1298.0,107.0,1191.0,0.0,556.0,554.0,555.0,556.0,558.0,554.0,1602.0,1105.0,3433.0,107.0,1191.0,0.0,556.0,554.0,555.0
1.0,8489.0,1662.0,1665.0,3746.0,165.0,0.0,165.0,0.0,556.0,554.0,555.0,554.0,559.0,549.0,2673.0,1579.0,4237.0,0.0,165.0,0.0,556.0,554.0,555.0
1.0,10573.0,1657.0,1665.0,2838.0,0.0,0.0,0.0,0.0,556.0,554.0,555.0,553.0,549.0,555.0,3801.0,2605.0,4167.0,0.0,0.0,0.0,556.0,554.0,555.0
1.0,11754.0,1651.0,1666.0,1298.0,0.0,0.0,0.0,0.0,556.0,554.0,556.0,552.0,547.0,552.0,4421.0,3721.0,3612.0,0.0,0.0,0.0,556.0,554.0,556.0
1.0,11401.0,1660.0,1667.0,165.0,273.0,0.0,0.0,273.0,556.0,555.0,556.0,554.0,553.0,553.0,3976.0,4365.0,3060.0,0.0,0.0,273.0,556.0,555.0,556.0
1.0,9906.0,1668.0,1667.0,0.0,827.0,0.0,0.0,827.0,556.0,555.0,556.0,560.0,554.0,554.0,3422.0,3977.0,2507.0,0.0,0.0,827.0,556.0,555.0,556.0
1.0,8238.0,1665.0,1668.0,0.0,1862.0,477.0,0.0,1385.0,556.0,555.0,557.0,559.0,553.0,553.0,2862.0,3423.0,1953.0,477.0,0.0,1385.0,556.0,555.0,557.0
1.0,6573.0,1680.0,1669.0,273.0,3179.0,1042.0,464.0,1673.0,557.0,555.0,557.0,560.0,559.0,561.0,2303.0,2870.0,1400.0,1042.0,464.0,1673.0,557.0,555.0,557.0
1.0,5166.0,1683.0,1669.0,827.0,4035.0,1606.0,1024.0,1405.0,557.0,555.0,557.0,564.0,560.0,559.0,1743.0,2311.0,1112.0,1606.0,1024.0,1405.0,557.0,555.0,557.0
1.0,4310.0,1690.0,1671.0,1862.0,3873.0,1687.0,1596.0,590.0,557.0,556.0,558.0,558.0,567.0,565.0,1179.0,1751.0,1380.0,1687.0,1596.0,590.0,557.0,556.0,558.0
1.0,4482.0,1691.0,1672.0,3179.0,2913.0,1214.0,1699.0,0.0,558.0,556.0,558.0,564.0,567.0,560.0,1098.0,1184.0,2200.0,1214.0,1699.0,0.0,558.0,556.0,558.0
1.0,5970.0,1699.0,1672.0,4035.0,1408.0,168.0,1240.0,0.0,558.0,556.0,558.0,560.0,565.0,574.0,1576.0,1081.0,3313.0,168.0,1240.0,0.0,558.0,556.0,558.0
1.0,8306.0,1697.0,1673.0,3873.0,218.0,0.0,218.0,0.0,558.0,557.0,558.0,561.0,569.0,567.0,2622.0,1540.0,4144.0,0.0,218.0,0.0,558.0,557.0,558.0
1.0,10482.0,1710.0,1674.0,2913.0,0.0,0.0,0.0,0.0,558.0,557.0,559.0,560.0,576.0,574.0,3748.0,2567.0,4167.0,0.0,0.0,0.0,558.0,557.0,559.0
1.0,11685.0,1715.0,1674.0,1408.0,0.0,0.0,0.0,0.0,558.0,557.0,559.0,571.0,570.0,574.0,4402.0,3690.0,3593.0,0.0,0.0,0.0,558.0,557.0,559.0
1.0,11378.0,1722.0,1676.0,218.0,355.0,0.0,0.0,355.0,558.0,558.0,560.0,566.0,582.0,574.0,3999.0,4360.0,3019.0,0.0,0.0,355.0,558.0,558.0,560.0
1.0,9874.0,1718.0,1678.0,0.0,931.0,0.0,0.0,931.0,559.0,559.0,560.0,566.0,576.0,576.0,3433.0,3996.0,2445.0,0.0,0.0,931.0,559.0,559.0,560.0
1.0,8156.0,1714.0,1678.0,0.0,1998.0,491.0,0.0,1507.0,559.0,559.0,560.0,563.0,575.0,576.0,2867.0,3420.0,1869.0,491.0,0.0,1507.0,559.0,559.0,560.0
1.0,6442.0,1708.0,1678.0,355.0,3301.0,1054.0,527.0,1720.0,559.0,559.0,560.0,563.0,577.0,568.0,2304.0,2845.0,1293.0,1054.0,527.0,1720.0,559.0,559.0,560.0
1.0,5089.0,1720.0,1680.0,931.0,4100.0,1620.0,1109.0,1371.0,559.0,560.0,561.0,566.0,577.0,577.0,1741.0,2268.0,1080.0,1620.0,1109.0,1371.0,559.0,560.0,561.0
1.0,4300.0,1713.0,1680.0,1998.0,3815.0,1695.0,1684.0,436.0,559.0,560.0,561.0,566.0,575.0,572.0,1175.0,1691.0,1434.0,1695.0,1684.0,436.0,559.0,560.0,561.0
1.0,4585.0,1715.0,1680.0,3301.0,2940.0,1207.0,1733.0,0.0,559.0,560.0,561.0,566.0,576.0,573.0,1100.0,1116.0,2369.0,1207.0,1733.0,0.0,559.0,560.0,561.0
1.0,6171.0,1707.0,1681.0,4100.0,1347.0,149.0,1198.0,0.0,559.0,561.0,561.0,562.0,569.0,576.0,1588.0,1067.0,3516.0,149.0,1198.0,0.0,559.0,561.0,561.0
1.0,8564.0,1697.0,1682.0,3815.0,83.0,0.0,83.0,0.0,560.0,561.0,561.0,563.0,569.0,565.0,2646.0,1607.0,4311.0,0.0,83.0,0.0,560.0,561.0,561.0
1.0,10682.0,1692.0,1682.0,2940.0,0.0,0.0,0.0,0.0,560.0,561.0,561.0,566.0,562.0,564.0,3778.0,2722.0,4182.0,0.0,0.0,0.0,560.0,561.0,561.0
1.0,11930.0,1692.0,1682.0,1347.0,0.0,0.0,0.0,0.0,560.0,561.0,561.0,565.0,565.0,562.0,4419.0,3893.0,3618.0,0.0,0.0,0.0,560.0,561.0,561.0
1.0,11585.0,1694.0,1682.0,83.0,316.0,0.0,0.0,316.0,560.0,561.0,561.0,564.0,563.0,567.0,4003.0,4526.0,3056.0,0.0,0.0,316.0,560.0,561.0,561.0
1.0,9974.0,1675.0,1684.0,0.0,878.0,0.0,0.0,878.0,560.0,562.0,562.0,555.0,563.0,557.0,3439.0,4046.0,2489.0,0.0,0.0,878.0,560.0,562.0,562.0
1.0,8299.0,1678.0,1684.0,0.0,1915.0,475.0,0.0,1440.0,560.0,562.0,562.0,559.0,557.0,562.0,2884.0,3483.0,1932.0,475.0,0.0,1440.0,560.0,562.0,562.0
1.0,6621.0,1677.0,1684.0,316.0,3160.0,1031.0,450.0,1679.0,560.0,562.0,562.0,556.0,566.0,555.0,2325.0,2926.0,1370.0,1031.0,450.0,1679.0,560.0,562.0,562.0
1.0,5260.0,1663.0,1684.0,878.0,3945.0,1580.0,1005.0,1360.0,560.0,562.0,562.0,549.0,555.0,559.0,1769.0,2360.0,1131.0,1580.0,1005.0,1360.0,560.0,562.0,562.0
1.0,4475.0,1668.0,1684.0,1915.0,3698.0,1662.0,1560.0,476.0,560.0,562.0,562.0,557.0,555.0,556.0,1220.0,1805.0,1450.0,1662.0,1560.0,476.0,560.0,562.0,562.0
1.0,4722.0,1674.0,1684.0,3160.0,2856.0,1194.0,1662.0,0.0,560.0,562.0,562.0,563.0,552.0,559.0,1138.0,1250.0,2334.0,1194.0,1662.0,0.0,560.0,562.0,562.0
1.0,6208.0,1674.0,1685.0,3945.0,1397.0,173.0,1224.0,0.0,560.0,563.0,562.0,559.0,562.0,553.0,1606.0,1148.0,3454.0,173.0,1224.0,0.0,560.0,563.0,562.0
1.0,8479.0,1684.0,1685.0,3698.0,222.0,0.0,222.0,0.0,560.0,563.0,562.0,564.0,558.0,562.0,2627.0,1591.0,4261.0,0.0,222.0,0.0,560.0,563.0,562.0
1.0,10493.0,1692.0,1687.0,2856.0,0.0,0.0,0.0,0.0,561.0,563.0,563.0,567.0,561.0,564.0,3725.0,2593.0,4175.0,0.0,0.0,0.0,561.0,563.0,563.0
1.0,11657.0,1688.0,1687.0,1397.0,0.0,0.0,0.0,0.0,561.0,563.0,563.0,565.0,564.0,559.0,4352.0,3694.0,3611.0,0.0,0.0,0.0,561.0,563.0,563.0
1.0,11366.0,1697.0,1687.0,222.0,323.0,0.0,0.0,323.0,561.0,563.0,563.0,572.0,565.0,560.0,3960.0,4354.0,3052.0,0.0,0.0,323.0,561.0,563.0,563.0
1.0,9891.0,1704.0,1687.0,0.0,890.0,0.0,0.0,890.0,561.0,563.0,563.0,571.0,566.0,567.0,3388.0,4011.0,2492.0,0.0,0.0,890.0,561.0,563.0,563.0
1.0,8187.0,1711.0,1687.0,0.0,2018.0,559.0,0.0,1459.0,561.0,563.0,563.0,571.0,571.0,569.0,2817.0,3445.0,1925.0,559.0,0.0,1459.0,561.0,563.0,563.0
1.0,6476.0,1729.0,1688.0,323.0,3370.0,1147.0,510.0,1713.0,562.0,563.0,563.0,583.0,569.0,577.0,2246.0,2874.0,1356.0,1147.0,510.0,1713.0,562.0,563.0,563.0
1.0,5070.0,1725.0,1689.0,890.0,4210.0,1718.0,1092.0,1400.0,562.0,564.0,563.0,571.0,577.0,577.0,1663.0,2305.0,1102.0,1718.0,1092.0,1400.0,562.0,564.0,563.0
1.0,4235.0,1738.0,1691.0,2018.0,3940.0,1747.0,1669.0,524.0,563.0,564.0,564.0,583.0,577.0,578.0,1092.0,1728.0,1415.0,1747.0,1669.0,524.0,563.0,564.0,564.0
1.0,4515.0,1720.0,1691.0,3370.0,2908.0,1173.0,1735.0,0.0,563.0,564.0,564.0,573.0,576.0,571.0,1068.0,1151.0,2296.0,1173.0,1735.0,0.0,563.0,564.0,564.0
1.0,6165.0,1737.0,1691.0,4210.0,1261.0,38.0,1223.0,0.0,563.0,564.0,564.0,583.0,580.0,574.0,1642.0,1085.0,3438.0,38.0,1223.0,0.0,563.0,564.0,564.0
1.0,8638.0,1739.0,1692.0,3940.0,140.0,0.0,140.0,0.0,563.0,565.0,564.0,577.0,581.0,581.0,2777.0,1597.0,4264.0,0.0,140.0,0.0,563.0,565.0,564.0
1.0,10839.0,1725.0,1694.0,2908.0,0.0,0.0,0.0,0.0,564.0,565.0,565.0,568.0,578.0,579.0,3947.0,2685.0,4207.0,0.0,0.0,0.0,564.0,565.0,565.0
1.0,12022.0,1733.0,1695.0,1261.0,0.0,0.0,0.0,0.0,564.0,566.0,565.0,574.0,581.0,578.0,4552.0,3842.0,3628.0,0.0,0.0,0.0,564.0,566.0,565.0
1.0,11550.0,1730.0,1695.0,140.0,349.0,0.0,0.0,349.0,564.0,566.0,565.0,573.0,583.0,574.0,4016.0,4484.0,3050.0,0.0,0.0,349.0,564.0,566.0,565.0
1.0,9960.0,1720.0,1696.0,0.0,929.0,0.0,0.0,929.0,564.0,566.0,566.0,566.0,579.0,575.0,3443.0,4041.0,2476.0,0.0,0.0,929.0,564.0,566.0,566.0
1.0,8240.0,1718.0,1697.0,0.0,2014.0,510.0,0.0,1504.0,564.0,567.0,566.0,567.0,576.0,575.0,2877.0,3462.0,1901.0,510.0,0.0,1504.0,564.0,567.0,566.0
1.0,6522.0,1701.0,1697.0,349.0,3315.0,1069.0,514.0,1732.0,564.0,567.0,566.0,559.0,565.0,577.0,2310.0,2886.0,1326.0,1069.0,514.0,1732.0,564.0,567.0,566.0
1.0,5170.0,1697.0,1698.0,929.0,4088.0,1627.0,1084.0,1377.0,564.0,567.0,567.0,558.0,570.0,569.0,1751.0,2321.0,1098.0,1627.0,1084.0,1377.0,564.0,567.0,567.0
1.0,4402.0,1709.0,1700.0,2014.0,3793.0,1691.0,1664.0,438.0,565.0,568.0,567.0,569.0,575.0,565.0,1193.0,1751.0,1458.0,1691.0,1664.0,438.0,565.0,568.0,567.0
1.0,4707.0,1704.0,1700.0,3315.0,2907.0,1189.0,1718.0,0.0,565.0,568.0,567.0,567.0,568.0,569.0,1134.0,1176.0,2397.0,1189.0,1718.0,0.0,565.0,568.0,567.0
1.0,6318.0,1698.0,1701.0,4088.0,1327.0,129.0,1198.0,0.0,565.0,568.0,568.0,567.0,564.0,567.0,1636.0,1122.0,3560.0,129.0,1198.0,0.0,565.0,568.0,568.0
1.0,8708.0,1691.0,1702.0,3793.0,105.0,0.0,105.0,0.0,565.0,569.0,568.0,559.0,566.0,566.0,2696.0,1642.0,4370.0,0.0,105.0,0.0,565.0,569.0,568.0
1.0,10810.0,1701.0,1703.0,2907.0,0.0,0.0,0.0,0.0,566.0,569.0,568.0,570.0,563.0,568.0,3828.0,2740.0,4242.0,0.0,0.0,0.0,566.0,569.0,568.0
1.0,12016.0,1709.0,1703.0,1327.0,0.0,0.0,0.0,0.0,566.0,569.0,568.0,568.0,567.0,574.0,4447.0,3895.0,3674.0,0.0,0.0,0.0,566.0,569.0,568.0
1.0,11634.0,1710.0,1704.0,105.0,315.0,0.0,0.0,315.0,566.0,569.0,569.0,576.0,564.0,570.0,4008.0,4526.0,3100.0,0.0,0.0,315.0,566.0,569.0,569.0
1.0,10029.0,1711.0,1704.0,0.0,880.0,0.0,0.0,880.0,566.0,569.0,569.0,575.0,571.0,565.0,3432.0,4067.0,2530.0,0.0,0.0,880.0,566.0,569.0,569.0
1.0,8318.0,1716.0,1705.0,0.0,2010.0,558.0,0.0,1452.0,567.0,569.0,569.0,580.0,564.0,572.0,2857.0,3496.0,1965.0,558.0,0.0,1452.0,567.0,569.0,569.0
1.0,6602.0,1713.0,1705.0,315.0,3321.0,1129.0,477.0,1715.0,567.0,569.0,569.0,571.0,564.0,578.0,2277.0,2932.0,1393.0,1129.0,477.0,1715.0,567.0,569.0,569.0
1.0,5204.0,1720.0,1705.0,880.0,4161.0,1701.0,1052.0,1408.0,567.0,569.0,569.0,572.0,575.0,573.0,1706.0,2368.0,1130.0,1701.0,1052.0,1408.0,567.0,569.0,569.0
1.0,4364.0,1724.0,1705.0,2010.0,3875.0,1721.0,1620.0,534.0,567.0,569.0,569.0,578.0,568.0,578.0,1134.0,1793.0,1437.0,1721.0,1620.0,534.0,567.0,569.0,569.0
1.0,4650.0,1733.0,1706.0,3321.0,2896.0,1178.0,1718.0,0.0,568.0,569.0,569.0,581.0,575.0,577.0,1114.0,1225.0,2311.0,1178.0,1718.0,0.0,568.0,569.0,569.0
1.0,6238.0,1728.0,1707.0,4161.0,1291.0,55.0,1236.0,0.0,568.0,569.0,570.0,578.0,570.0,580.0,1662.0,1127.0,3449.0,55.0,1236.0,0.0,568.0,569.0,570.0
1.0,8671.0,1736.0,1707.0,3875.0,190.0,0.0,190.0,0.0,568.0,569.0,570.0,582.0,574.0,580.0,2785.0,1609.0,4277.0,0.0,190.0,0.0,568.0,569.0,570.0
1.0,10810.0,1738.0,1707.0,2896.0,0.0,0.0,0.0,0.0,568.0,569.0,570.0,579.0,573.0,586.0,3924.0,2655.0,4231.0,0.0,0.0,0.0,568.0,569.0,570.0
1.0,11968.0,1747.0,1708.0,1291.0,0.0,0.0,0.0,0.0,569.0,569.0,570.0,582.0,576.0,589.0,4523.0,3800.0,3645.0,0.0,0.0,0.0,569.0,569.0,570.0
1.0,11512.0,1729.0,1708.0,190.0,371.0,0.0,0.0,371.0,569.0,569.0,570.0,578.0,574.0,577.0,3996.0,4460.0,3056.0,0.0,0.0,371.0,569.0,569.0,570.0
1.0,9973.0,1746.0,1708.0,0.0,963.0,11.0,0.0,952.0,569.0,569.0,570.0,584.0,581.0,581.0,3418.0,4076.0,2479.0,11.0,0.0,952.0,569.0,569.0,570.0
1.0,8227.0,1742.0,1709.0,0.0,2130.0,601.0,0.0,1529.0,570.0,569.0,570.0,585.0,580.0,577.0,2834.0,3495.0,1898.0,601.0,0.0,1529.0,570.0,569.0,570.0
1.0,6485.0,1741.0,1710.0,371.0,3435.0,1178.0,512.0,1745.0,570.0,569.0,571.0,577.0,582.0,582.0,2249.0,2915.0,1321.0,1178.0,512.0,1745.0,570.0,569.0,571.0
1.0,5115.0,1726.0,1711.0,963.0,4203.0,1736.0,1098.0,1369.0,570.0,570.0,571.0,569.0,581.0,576.0,1672.0,2333.0,1110.0,1736.0,1098.0,1369.0,570.0,570.0,571.0
1.0,4352.0,1727.0,1711.0,2130.0,3800.0,1704.0,1683.0,413.0,570.0,570.0,571.0,569.0,585.0,573.0,1114.0,1752.0,1486.0,1704.0,1683.0,413.0,570.0,570.0,571.0
1.0,4755.0,1727.0,1711.0,3435.0,2842.0,1095.0,1747.0,0.0,570.0,570.0,571.0,569.0,576.0,582.0,1146.0,1167.0,2442.0,1095.0,1747.0,0.0,570.0,570.0,571.0
1.0,6463.0,1715.0,1711.0,4203.0,1224.0,0.0,1224.0,0.0,570.0,570.0,571.0,566.0,575.0,574.0,1755.0,1103.0,3605.0,0.0,1224.0,0.0,570.0,570.0,571.0
1.0,8951.0,1713.0,1712.0,3800.0,123.0,0.0,123.0,0.0,570.0,571.0,571.0,570.0,577.0,566.0,2925.0,1626.0,4400.0,0.0,123.0,0.0,570.0,571.0,571.0
1.0,11038.0,1710.0,1714.0,2842.0,0.0,0.0,0.0,0.0,571.0,571.0,572.0,571.0,574.0,565.0,4059.0,2732.0,4247.0,0.0,0.0,0.0,571.0,571.0,572.0
1.0,12170.0,1720.0,1714.0,1224.0,0.0,0.0,0.0,0.0,571.0,571.0,572.0,570.0,578.0,572.0,4583.0,3905.0,3682.0,0.0,0.0,0.0,571.0,571.0,572.0
1.0,11674.0,1704.0,1714.0,123.0,315.0,0.0,0.0,315.0,571.0,571.0,572.0,568.0,571.0,565.0,4013.0,4551.0,3110.0,0.0,0.0,315.0,571.0,571.0,572.0
1.0,10093.0,1704.0,1715.0,0.0,884.0,0.0,0.0,884.0,571.0,572.0,572.0,563.0,572.0,569.0,3445.0,4103.0,2545.0,0.0,0.0,884.0,571.0,572.0,572.0
1.0,8389.0,1719.0,1716.0,0.0,2003.0,547.0,0.0,1456.0,572.0,572.0,572.0,569.0,578.0,572.0,2882.0,3531.0,1976.0,547.0,0.0,1456.0,572.0,572.0,572.0
1.0,6670.0,1694.0,1716.0,315.0,3289.0,1115.0,475.0,1699.0,572.0,572.0,572.0,568.0,568.0,558.0,2313.0,2953.0,1404.0,1115.0,475.0,1699.0,572.0,572.0,572.0
1.0,5291.0,1728.0,1718.0,884.0,4143.0,1691.0,1055.0,1397.0,572.0,573.0,573.0,576.0,575.0,577.0,1745.0,2385.0,1161.0,1691.0,1055.0,1397.0,572.0,573.0,573.0
1.0,4447.0,1734.0,1718.0,2003.0,3874.0,1719.0,1637.0,518.0,572.0,573.0,573.0,575.0,582.0,577.0,1169.0,1810.0,1468.0,1719.0,1637.0,518.0,572.0,573.0,573.0
1.0,4716.0,1724.0,1719.0,3289.0,2921.0,1188.0,1733.0,0.0,573.0,573.0,573.0,579.0,571.0,574.0,1141.0,1228.0,2347.0,1188.0,1733.0,0.0,573.0,573.0,573.0
1.0,6281.0,1748.0,1721.0,4143.0,1346.0,81.0,1265.0,0.0,573.0,574.0,574.0,584.0,582.0,582.0,1677.0,1132.0,3472.0,81.0,1265.0,0.0,573.0,574.0,574.0
1.0,8676.0,1738.0,1721.0,3874.0,205.0,0.0,205.0,0.0,573.0,574.0,574.0,581.0,577.0,580.0,2784.0,1605.0,4287.0,0.0,205.0,0.0,573.0,574.0,574.0
1.0,10812.0,1759.0,1722.0,2921.0,0.0,0.0,0.0,0.0,573.0,574.0,575.0,589.0,583.0,587.0,3922.0,2665.0,4225.0,0.0,0.0,0.0,573.0,574.0,575.0
1.0,11974.0,1745.0,1724.0,1346.0,0.0,0.0,0.0,0.0,574.0,575.0,575.0,579.0,586.0,580.0,4521.0,3815.0,3638.0,0.0,0.0,0.0,574.0,575.0,575.0
1.0,11575.0,1762.0,1724.0,205.0,402.0,0.0,0.0,402.0,574.0,575.0,575.0,589.0,588.0,585.0,4023.0,4494.0,3058.0,0.0,0.0,402.0,574.0,575.0,575.0
1.0,10018.0,1754.0,1724.0,0.0,1014.0,23.0,0.0,991.0,574.0,575.0,575.0,587.0,578.0,589.0,3434.0,4111.0,2473.0,23.0,0.0,991.0,574.0,575.0,575.0
1.0,8264.0,1752.0,1724.0,0.0,2189.0,614.0,0.0,1575.0,574.0,575.0,575.0,591.0,577.0,584.0,2847.0,3533.0,1884.0,614.0,0.0,1575.0,574.0,575.0,575.0
1.0,6512.0,1762.0,1726.0,402.0,3478.0,1211.0,498.0,1769.0,575.0,575.0,576.0,592.0,579.0,591.0,2256.0,2956.0,1300.0,1211.0,498.0,1769.0,575.0,575.0,576.0
1.0,5152.0,1758.0,1726.0,1014.0,4222.0,1772.0,1083.0,1367.0,575.0,575.0,576.0,584.0,585.0,589.0,1664.0,2377.0,1111.0,1772.0,1083.0,1367.0,575.0,575.0,576.0
1.0,4408.0,1766.0,1726.0,2189.0,3799.0,1751.0,1663.0,385.0,575.0,575.0,576.0,593.0,580.0,593.0,1103.0,1792.0,1513.0,1751.0,1663.0,385.0,575.0,575.0,576.0
1.0,4831.0,1761.0,1726.0,3478.0,2878.0,1129.0,1749.0,0.0,575.0,575.0,576.0,589.0,584.0,588.0,1124.0,1212.0,2495.0,1129.0,1749.0,0.0,575.0,575.0,576.0
1.0,6548.0,1753.0,1727.0,4222.0,1247.0,0.0,1247.0,0.0,575.0,575.0,577.0,583.0,581.0,589.0,1746.0,1126.0,3676.0,0.0,1247.0,0.0,575.0,575.0,577.0
1.0,9017.0,1740.0,1728.0,3799.0,164.0,0.0,164.0,0.0,576.0,575.0,577.0,585.0,580.0,575.0,2935.0,1628.0,4454.0,0.0,164.0,0.0,576.0,575.0,577.0
1.0,11076.0,1745.0,1728.0,2878.0,0.0,0.0,0.0,0.0,576.0,575.0,577.0,583.0,578.0,584.0,4101.0,2711.0,4264.0,0.0,0.0,0.0,576.0,575.0,577.0
1.0,12209.0,1741.0,1728.0,1247.0,0.0,0.0,0.0,0.0,576.0,575.0,577.0,586.0,575.0,580.0,4647.0,3882.0,3680.0,0.0,0.0,0.0,576.0,575.0,577.0
1.0,11715.0,1740.0,1729.0,164.0,368.0,0.0,0.0,368.0,577.0,575.0,577.0,578.0,579.0,583.0,4061.0,4554.0,3100.0,0.0,0.0,368.0,577.0,575.0,577.0
1.0,10139.0,1724.0,1729.0,0.0,943.0,0.0,0.0,943.0,577.0,575.0,577.0,576.0,573.0,575.0,3483.0,4139.0,2517.0,0.0,0.0,943.0,577.0,575.0,577.0
1.0,8415.0,1721.0,1729.0,0.0,2071.0,552.0,0.0,1519.0,577.0,575.0,577.0,574.0,571.0,576.0,2907.0,3566.0,1942.0,552.0,0.0,1519.0,577.0,575.0,577.0
1.0,6694.0,1728.0,1730.0,368.0,3316.0,1129.0,466.0,1721.0,577.0,576.0,577.0,577.0,581.0,570.0,2333.0,2995.0,1366.0,1129.0,466.0,1721.0,577.0,576.0,577.0
1.0,5334.0,1713.0,1730.0,943.0,4086.0,1693.0,1042.0,1351.0,577.0,576.0,577.0,564.0,576.0,573.0,1756.0,2414.0,1164.0,1693.0,1042.0,1351.0,577.0,576.0,577.0
1.0,4564.0,1725.0,1732.0,2071.0,3750.0,1715.0,1618.0,417.0,578.0,576.0,578.0,569.0,576.0,580.0,1192.0,1838.0,1534.0,1715.0,1618.0,417.0,578.0,576.0,578.0
1.0,4910.0,1726.0,1732.0,3316.0,2889.0,1160.0,1729.0,0.0,578.0,576.0,578.0,574.0,577.0,575.0,1175.0,1262.0,2473.0,1160.0,1729.0,0.0,578.0,576.0,578.0
1.0,6500.0,1719.0,1732.0,4086.0,1299.0,38.0,1261.0,0.0,578.0,576.0,578.0,571.0,574.0,574.0,1730.0,1151.0,3619.0,38.0,1261.0,0.0,578.0,576.0,578.0
1.0,8867.0,1724.0,1733.0,3750.0,224.0,0.0,224.0,0.0,578.0,577.0,578.0,569.0,576.0,579.0,2852.0,1619.0,4396.0,0.0,224.0,0.0,578.0,577.0,578.0
1.0,10893.0,1740.0,1733.0,2889.0,0.0,0.0,0.0,0.0,578.0,577.0,578.0,584.0,582.0,574.0,3998.0,2661.0,4234.0,0.0,0.0,0.0,578.0,577.0,578.0
1.0,12042.0,1740.0,1733.0,1299.0,0.0,0.0,0.0,0.0,578.0,577.0,578.0,579.0,587.0,574.0,4574.0,3808.0,3660.0,0.0,0.0,0.0,578.0,577.0,578.0
1.0,11601.0,1750.0,1734.0,224.0,385.0,0.0,0.0,385.0,578.0,578.0,578.0,583.0,586.0,581.0,4033.0,4482.0,3086.0,0.0,0.0,385.0,578.0,578.0,578.0
1.0,10075.0,1753.0,1734.0,0.0,991.0,23.0,0.0,968.0,578.0,578.0,578.0,583.0,587.0,583.0,3450.0,4120.0,2505.0,23.0,0.0,968.0,578.0,578.0,578.0
1.0,8322.0,1768.0,1735.0,0.0,2176.0,614.0,0.0,1562.0,578.0,578.0,579.0,591.0,588.0,589.0,2867.0,3533.0,1922.0,614.0,0.0,1562.0,578.0,578.0,579.0
1.0,6554.0,1759.0,1736.0,385.0,3500.0,1200.0,541.0,1759.0,578.0,579.0,579.0,586.0,591.0,582.0,2276.0,2945.0,1333.0,1200.0,541.0,1759.0,578.0,579.0,579.0
1.0,5180.0,1770.0,1737.0,991.0,4284.0,1771.0,1135.0,1378.0,579.0,579.0,579.0,589.0,594.0,587.0,1690.0,2354.0,1136.0,1771.0,1135.0,1378.0,579.0,579.0,579.0
1.0,4401.0,1784.0,1738.0,2176.0,3897.0,1753.0,1736.0,408.0,579.0,580.0,579.0,596.0,596.0,592.0,1124.0,1760.0,1517.0,1753.0,1736.0,408.0,579.0,580.0,579.0
1.0,4793.0,1788.0,1738.0,3500.0,2945.0,1156.0,1789.0,0.0,579.0,580.0,579.0,603.0,594.0,591.0,1142.0,1164.0,2487.0,1156.0,1789.0,0.0,579.0,580.0,579.0
1.0,6505.0,1786.0,1739.0,4284.0,1247.0,0.0,1247.0,0.0,580.0,580.0,579.0,603.0,593.0,590.0,1739.0,1111.0,3655.0,0.0,1247.0,0.0,580.0,580.0,579.0
1.0,9003.0,1788.0,1741.0,3897.0,110.0,0.0,110.0,0.0,580.0,581.0,580.0,597.0,594.0,597.0,2907.0,1653.0,4443.0,0.0,110.0,0.0,580.0,581.0,580.0
1.0,11112.0,1780.0,1741.0,2945.0,0.0,0.0,0.0,0.0,580.0,581.0,580.0,599.0,590.0,591.0,4063.0,2795.0,4254.0,0.0,0.0,0.0,580.0,581.0,580.0
1.0,12277.0,1770.0,1742.0,1247.0,0.0,0.0,0.0,0.0,581.0,581.0,580.0,588.0,593.0,589.0,4620.0,3994.0,3663.0,0.0,0.0,0.0,581.0,581.0,580.0
1.0,11754.0,1784.0,1742.0,110.0,421.0,0.0,0.0,421.0,581.0,581.0,580.0,592.0,597.0,595.0,4032.0,4648.0,3074.0,0.0,0.0,421.0,581.0,581.0,580.0
1.0,10080.0,1776.0,1744.0,0.0,1076.0,58.0,0.0,1018.0,581.0,582.0,581.0,593.0,591.0,592.0,3440.0,4161.0,2479.0,58.0,0.0,1018.0,581.0,582.0,581.0
1.0,8304.0,1777.0,1745.0,0.0,2268.0,655.0,0.0,1613.0,582.0,582.0,581.0,592.0,590.0,595.0,2847.0,3570.0,1887.0,655.0,0.0,1613.0,582.0,582.0,581.0
1.0,6527.0,1759.0,1745.0,421.0,3536.0,1238.0,515.0,1783.0,582.0,582.0,581.0,583.0,585.0,591.0,2255.0,2980.0,1292.0,1238.0,515.0,1783.0,582.0,582.0,581.0
1.0,5189.0,1750.0,1745.0,1076.0,4210.0,1763.0,1097.0,1350.0,582.0,582.0,581.0,583.0,582.0,585.0,1672.0,2395.0,1122.0,1763.0,1097.0,1350.0,582.0,582.0,581.0
1.0,4515.0,1757.0,1747.0,2268.0,3709.0,1697.0,1678.0,334.0,583.0,582.0,582.0,584.0,581.0,592.0,1147.0,1813.0,1555.0,1697.0,1678.0,334.0,583.0,582.0,582.0
1.0,5026.0,1745.0,1747.0,3536.0,2786.0,1043.0,1743.0,0.0,583.0,582.0,582.0,584.0,580.0,581.0,1218.0,1232.0,2576.0,1043.0,1743.0,0.0,583.0,582.0,582.0
1.0,6817.0,1744.0,1747.0,4210.0,1223.0,0.0,1223.0,0.0,583.0,582.0,582.0,582.0,577.0,585.0,1872.0,1167.0,3778.0,0.0,1223.0,0.0,583.0,582.0,582.0
1.0,9283.0,1739.0,1748.0,3709.0,122.0,0.0,122.0,0.0,583.0,582.0,583.0,577.0,577.0,585.0,3053.0,1687.0,4543.0,0.0,122.0,0.0,583.0,582.0,583.0
1.0,11253.0,1743.0,1749.0,2786.0,0.0,0.0,0.0,0.0,584.0,582.0,583.0,577.0,576.0,590.0,4173.0,2788.0,4292.0,0.0,0.0,0.0,584.0,582.0,583.0
1.0,12296.0,1728.0,1749.0,1223.0,0.0,0.0,0.0,0.0,584.0,582.0,583.0,570.0,575.0,583.0,4639.0,3955.0,3702.0,0.0,0.0,0.0,584.0,582.0,583.0
1.0,11791.0,1744.0,1750.0,122.0,388.0,0.0,0.0,388.0,584.0,582.0,584.0,578.0,579.0,587.0,4069.0,4603.0,3119.0,0.0,0.0,388.0,584.0,582.0,584.0
1.0,10169.0,1737.0,1751.0,0.0,977.0,8.0,0.0,969.0,584.0,583.0,584.0,579.0,577.0,581.0,3491.0,4146.0,2532.0,8.0,0.0,969.0,584.0,583.0,584.0
1.0,8432.0,1741.0,1750.0,0.0,2141.0,588.0,0.0,1553.0,584.0,582.0,584.0,580.0,577.0,584.0,2912.0,3569.0,1951.0,588.0,0.0,1553.0,584.0,582.0,584.0
1.0,6691.0,1763.0,1752.0,388.0,3444.0,1173.0,510.0,1761.0,584.0,583.0,585.0,585.0,587.0,591.0,2332.0,2992.0,1367.0,1173.0,510.0,1761.0,584.0,583.0,585.0
1.0,5316.0,1752.0,1752.0,977.0,4219.0,1748.0,1095.0,1376.0,584.0,583.0,585.0,583.0,585.0,584.0,1747.0,2405.0,1164.0,1748.0,1095.0,1376.0,584.0,583.0,585.0
1.0,4541.0,1760.0,1752.0,2141.0,3838.0,1751.0,1676.0,411.0,584.0,583.0,585.0,591.0,581.0,588.0,1172.0,1820.0,1549.0,1751.0,1676.0,411.0,584.0,583.0,585.0
1.0,4922.0,1777.0,1752.0,3444.0,2931.0,1174.0,1757.0,0.0,584.0,583.0,585.0,596.0,591.0,590.0,1169.0,1239.0,2514.0,1174.0,1757.0,0.0,584.0,583.0,585.0
1.0,6589.0,1773.0,1752.0,4219.0,1270.0,16.0,1254.0,0.0,584.0,583.0,585.0,590.0,592.0,591.0,1746.0,1158.0,3685.0,16.0,1254.0,0.0,584.0,583.0,585.0
1.0,9035.0,1783.0,1753.0,3838.0,177.0,0.0,177.0,0.0,585.0,583.0,585.0,596.0,599.0,588.0,2904.0,1661.0,4470.0,0.0,177.0,0.0,585.0,583.0,585.0
1.0,11090.0,1789.0,1754.0,2931.0,0.0,0.0,0.0,0.0,585.0,584.0,585.0,597.0,595.0,597.0,4059.0,2738.0,4293.0,0.0,0.0,0.0,585.0,584.0,585.0
1.0,12232.0,1781.0,1754.0,1270.0,0.0,0.0,0.0,0.0,585.0,584.0,585.0,591.0,600.0,590.0,4636.0,3900.0,3696.0,0.0,0.0,0.0,585.0,584.0,585.0
1.0,11721.0,1803.0,1755.0,177.0,413.0,0.0,0.0,413.0,585.0,585.0,585.0,600.0,609.0,594.0,4061.0,4554.0,3106.0,0.0,0.0,413.0,585.0,585.0,585.0
1.0,10095.0,1801.0,1756.0,0.0,1079.0,65.0,0.0,1014.0,585.0,585.0,586.0,601.0,604.0,596.0,3461.0,4122.0,2512.0,65.0,0.0,1014.0,585.0,585.0,586.0
1.0,8294.0,1802.0,1757.0,0.0,2293.0,676.0,7.0,1610.0,586.0,585.0,586.0,606.0,600.0,596.0,2860.0,3518.0,1916.0,676.0,7.0,1610.0,586.0,585.0,586.0
1.0,6492.0,1791.0,1758.0,413.0,3676.0,1275.0,609.0,1792.0,586.0,586.0,586.0,599.0,597.0,595.0,2254.0,2918.0,1320.0,1275.0,609.0,1792.0,586.0,586.0,586.0
1.0,5114.0,1798.0,1758.0,1079.0,4395.0,1813.0,1210.0,1372.0,586.0,586.0,586.0,603.0,601.0,594.0,1655.0,2321.0,1138.0,1813.0,1210.0,1372.0,586.0,586.0,586.0
1.0,4395.0,1798.0,1759.0,2293.0,3905.0,1734.0,1814.0,357.0,586.0,587.0,586.0,597.0,606.0,595.0,1117.0,1720.0,1558.0,1734.0,1814.0,357.0,586.0,587.0,586.0
1.0,4890.0,1779.0,1760.0,3676.0,2863.0,1065.0,1798.0,0.0,587.0,587.0,586.0,601.0,593.0,585.0,1196.0,1121.0,2573.0,1065.0,1798.0,0.0,587.0,587.0,586.0
1.0,6787.0,1778.0,1760.0,4395.0,1183.0,0.0,1183.0,0.0,587.0,587.0,586.0,592.0,595.0,591.0,1870.0,1137.0,3780.0,0.0,1183.0,0.0,587.0,587.0,586.0
1.0,9404.0,1764.0,1761.0,3905.0,0.0,0.0,0.0,0.0,587.0,587.0,587.0,587.0,586.0,591.0,3091.0,1752.0,4561.0,0.0,0.0,0.0,587.0,587.0,587.0
1.0,11545.0,1758.0,1762.0,2863.0,0.0,0.0,0.0,0.0,587.0,588.0,587.0,581.0,592.0,585.0,4238.0,2980.0,4327.0,0.0,0.0,0.0,587.0,588.0,587.0
1.0,12650.0,1757.0,1762.0,1183.0,0.0,0.0,0.0,0.0,587.0,588.0,587.0,586.0,582.0,589.0,4722.0,4186.0,3742.0,0.0,0.0,0.0,587.0,588.0,587.0
1.0,12076.0,1761.0,1763.0,0.0,367.0,0.0,0.0,367.0,588.0,588.0,587.0,587.0,589.0,585.0,4136.0,4787.0,3153.0,0.0,0.0,367.0,588.0,588.0,587.0
1.0,10315.0,1760.0,1764.0,0.0,957.0,0.0,0.0,957.0,588.0,588.0,588.0,587.0,588.0,585.0,3549.0,4198.0,2568.0,0.0,0.0,957.0,588.0,588.0,588.0
1.0,8555.0,1757.0,1765.0,0.0,2103.0,558.0,0.0,1545.0,588.0,589.0,588.0,580.0,589.0,588.0,2962.0,3610.0,1983.0,558.0,0.0,1545.0,588.0,589.0,588.0
1.0,6798.0,1750.0,1765.0,367.0,3410.0,1145.0,507.0,1758.0,588.0,589.0,588.0,587.0,583.0,580.0,2382.0,3021.0,1395.0,1145.0,507.0,1758.0,588.0,589.0,588.0
1.0,5415.0,1736.0,1766.0,957.0,4194.0,1728.0,1084.0,1382.0,589.0,589.0,588.0,578.0,577.0,581.0,1795.0,2438.0,1182.0,1728.0,1084.0,1382.0,589.0,589.0,588.0
1.0,4636.0,1760.0,1766.0,2103.0,3851.0,1755.0,1672.0,424.0,589.0,589.0,588.0,585.0,588.0,587.0,1217.0,1861.0,1558.0,1755.0,1672.0,424.0,589.0,589.0,588.0
1.0,4979.0,1771.0,1766.0,3410.0,2958.0,1199.0,1759.0,0.0,589.0,589.0,588.0,589.0,594.0,588.0,1190.0,1273.0,2516.0,1199.0,1759.0,0.0,589.0,589.0,588.0
1.0,6618.0,1755.0,1767.0,4194.0,1311.0,52.0,1259.0,0.0,589.0,589.0,589.0,581.0,584.0,590.0,1746.0,1186.0,3686.0,52.0,1259.0,0.0,589.0,589.0,589.0
1.0,9057.0,1778.0,1767.0,3851.0,177.0,0.0,177.0,0.0,589.0,589.0,589.0,589.0,590.0,599.0,2893.0,1686.0,4478.0,0.0,177.0,0.0,589.0,589.0,589.0
1.0,11130.0,1771.0,1767.0,2958.0,0.0,0.0,0.0,0.0,589.0,589.0,589.0,591.0,585.0,595.0,4059.0,2768.0,4303.0,0.0,0.0,0.0,589.0,589.0,589.0
1.0,12317.0,1783.0,1768.0,1311.0,0.0,0.0,0.0,0.0,589.0,589.0,590.0,589.0,592.0,602.0,4667.0,3942.0,3708.0,0.0,0.0,0.0,589.0,589.0,590.0
1.0,11845.0,1782.0,1768.0,177.0,444.0,0.0,0.0,444.0,589.0,589.0,590.0,597.0,585.0,600.0,4130.0,4609.0,3106.0,0.0,0.0,444.0,589.0,589.0,590.0
1.0,10240.0,1805.0,1769.0,0.0,1069.0,15.0,0.0,1054.0,590.0,589.0,590.0,598.0,597.0,610.0,3533.0,4201.0,2506.0,15.0,0.0,1054.0,590.0,589.0,590.0
1.0,8435.0,1807.0,1770.0,0.0,2284.0,620.0,0.0,1664.0,590.0,589.0,591.0,605.0,597.0,605.0,2935.0,3604.0,1896.0,620.0,0.0,1664.0,590.0,589.0,591.0
1.0,6628.0,1810.0,1770.0,444.0,3588.0,1227.0,533.0,1828.0,590.0,589.0,591.0,607.0,595.0,608.0,2330.0,3007.0,1291.0,1227.0,533.0,1828.0,590.0,589.0,591.0
1.0,5262.0,1826.0,1770.0,1069.0,4345.0,1818.0,1135.0,1392.0,590.0,589.0,591.0,606.0,602.0,618.0,1723.0,2412.0,1127.0,1818.0,1135.0,1392.0,590.0,589.0,591.0
1.0,4505.0,1813.0,1772.0,2284.0,3884.0,1801.0,1745.0,338.0,590.0,590.0,592.0,603.0,605.0,605.0,1132.0,1810.0,1563.0,1801.0,1745.0,338.0,590.0,590.0,592.0
1.0,4976.0,1810.0,1772.0,3588.0,2986.0,1176.0,1810.0,0.0,590.0,590.0,592.0,602.0,598.0,610.0,1149.0,1205.0,2622.0,1176.0,1810.0,0.0,590.0,590.0,592.0
1.0,6754.0,1808.0,1772.0,4345.0,1277.0,0.0,1277.0,0.0,590.0,590.0,592.0,606.0,602.0,600.0,1774.0,1140.0,3840.0,0.0,1277.0,0.0,590.0,590.0,592.0
1.0,9291.0,1804.0,1773.0,3884.0,129.0,0.0,129.0,0.0,591.0,590.0,592.0,604.0,597.0,603.0,2986.0,1673.0,4632.0,0.0,129.0,0.0,591.0,590.0,592.0
1.0,11371.0,1809.0,1774.0,2986.0,0.0,0.0,0.0,0.0,591.0,590.0,593.0,603.0,601.0,605.0,4183.0,2821.0,4367.0,0.0,0.0,0.0,591.0,590.0,593.0
1.0,12548.0,1793.0,1774.0,1277.0,0.0,0.0,0.0,0.0,591.0,590.0,593.0,597.0,597.0,599.0,4756.0,4030.0,3762.0,0.0,0.0,0.0,591.0,590.0,593.0
1.0,12032.0,1801.0,1775.0,129.0,402.0,0.0,0.0,402.0,591.0,591.0,593.0,601.0,600.0,600.0,4159.0,4710.0,3163.0,0.0,0.0,402.0,591.0,591.0,593.0
1.0,10360.0,1784.0,1775.0,0.0,998.0,0.0,0.0,998.0,591.0,591.0,593.0,592.0,596.0,596.0,3558.0,4239.0,2563.0,0.0,0.0,998.0,591.0,591.0,593.0
1.0,8576.0,1793.0,1776.0,0.0,2181.0,588.0,0.0,1593.0,592.0,591.0,593.0,594.0,604.0,595.0,2966.0,3643.0,1967.0,588.0,0.0,1593.0,592.0,591.0,593.0
1.0,6783.0,1787.0,1777.0,402.0,3487.0,1185.0,520.0,1782.0,592.0,592.0,593.0,597.0,599.0,591.0,2372.0,3039.0,1372.0,1185.0,520.0,1782.0,592.0,592.0,593.0
1.0,5398.0,1776.0,1777.0,998.0,4265.0,1782.0,1111.0,1372.0,592.0,592.0,593.0,597.0,591.0,588.0,1775.0,2440.0,1183.0,1782.0,1111.0,1372.0,592.0,592.0,593.0
1.0,4620.0,1781.0,1778.0,2181.0,3870.0,1794.0,1709.0,367.0,593.0,592.0,593.0,595.0,598.0,588.0,1178.0,1849.0,1593.0,1794.0,1709.0,367.0,593.0,592.0,593.0
1.0,5020.0,1769.0,1779.0,3487.0,2985.0,1200.0,1785.0,0.0,593.0,593.0,593.0,591.0,591.0,587.0,1171.0,1251.0,2598.0,1200.0,1785.0,0.0,593.0,593.0,593.0
1.0,6738.0,1768.0,1779.0,4265.0,1275.0,5.0,1270.0,0.0,593.0,593.0,593.0,587.0,596.0,585.0,1765.0,1180.0,3793.0,5.0,1270.0,0.0,593.0,593.0,593.0
1.0,9235.0,1772.0,1779.0,3870.0,151.0,0.0,151.0,0.0,593.0,593.0,593.0,590.0,590.0,592.0,2960.0,1695.0,4580.0,0.0,151.0,0.0,593.0,593.0,593.0
1.0,11333.0,1773.0,1782.0,2985.0,0.0,0.0,0.0,0.0,594.0,594.0,594.0,585.0,600.0,588.0,4164.0,2814.0,4355.0,0.0,0.0,0.0,594.0,594.0,594.0
1.0,12545.0,1779.0,1782.0,1275.0,0.0,0.0,0.0,0.0,594.0,594.0,594.0,590.0,601.0,588.0,4779.0,3999.0,3767.0,0.0,0.0,0.0,594.0,594.0,594.0
1.0,12041.0,1772.0,1782.0,151.0,382.0,0.0,0.0,382.0,594.0,594.0,594.0,587.0,594.0,591.0,4194.0,4668.0,3179.0,0.0,0.0,382.0,594.0,594.0,594.0
1.0,10420.0,1786.0,1783.0,0.0,975.0,0.0,0.0,975.0,594.0,595.0,594.0,592.0,601.0,593.0,3607.0,4225.0,2588.0,0.0,0.0,975.0,594.0,595.0,594.0
1.0,8634.0,1790.0,1783.0,0.0,2123.0,546.0,0.0,1577.0,594.0,595.0,594.0,591.0,597.0,602.0,3015.0,3624.0,1995.0,546.0,0.0,1577.0,594.0,595.0,594.0
1.0,6844.0,1796.0,1783.0,382.0,3485.0,1143.0,544.0,1798.0,594.0,595.0,594.0,597.0,596.0,603.0,2424.0,3027.0,1393.0,1143.0,544.0,1798.0,594.0,595.0,594.0
1.0,5430.0,1812.0,1784.0,975.0,4327.0,1746.0,1151.0,1430.0,594.0,595.0,595.0,603.0,607.0,602.0,1827.0,2431.0,1172.0,1746.0,1151.0,1430.0,594.0,595.0,595.0
1.0,4593.0,1810.0,1784.0,2123.0,4014.0,1805.0,1753.0,456.0,594.0,595.0,595.0,605.0,602.0,603.0,1224.0,1824.0,1545.0,1805.0,1753.0,456.0,594.0,595.0,595.0
1.0,4906.0,1818.0,1786.0,3485.0,3093.0,1273.0,1820.0,0.0,595.0,596.0,595.0,606.0,606.0,606.0,1165.0,1222.0,2519.0,1273.0,1820.0,0.0,595.0,596.0,595.0
1.0,6573.0,1807.0,1786.0,4327.0,1404.0,127.0,1277.0,0.0,595.0,596.0,595.0,600.0,608.0,599.0,1702.0,1160.0,3711.0,127.0,1277.0,0.0,595.0,596.0,595.0
1.0,9093.0,1825.0,1786.0,4014.0,131.0,0.0,131.0,0.0,595.0,596.0,595.0,610.0,607.0,608.0,2848.0,1703.0,4542.0,0.0,131.0,0.0,595.0,596.0,595.0
1.0,11282.0,1819.0,1787.0,3093.0,0.0,0.0,0.0,0.0,595.0,596.0,596.0,602.0,608.0,609.0,4043.0,2849.0,4390.0,0.0,0.0,0.0,595.0,596.0,596.0
1.0,12556.0,1815.0,1787.0,1404.0,0.0,0.0,0.0,0.0,595.0,596.0,596.0,607.0,601.0,607.0,4714.0,4061.0,3781.0,0.0,0.0,0.0,595.0,596.0,596.0
1.0,12145.0,1827.0,1787.0,131.0,417.0,0.0,0.0,417.0,595.0,596.0,596.0,611.0,605.0,611.0,4234.0,4737.0,3174.0,0.0,0.0,417.0,595.0,596.0,596.0
1.0,10449.0,1814.0,1788.0,0.0,1035.0,0.0,0.0,1035.0,595.0,596.0,597.0,603.0,598.0,613.0,3623.0,4263.0,2563.0,0.0,0.0,1035.0,595.0,596.0,597.0
1.0,8635.0,1821.0,1788.0,0.0,2205.0,560.0,0.0,1645.0,595.0,596.0,597.0,605.0,606.0,610.0,3020.0,3665.0,1950.0,560.0,0.0,1645.0,595.0,596.0,597.0
1.0,6814.0,1814.0,1788.0,417.0,3523.0,1168.0,519.0,1836.0,595.0,596.0,597.0,608.0,598.0,608.0,2415.0,3059.0,1340.0,1168.0,519.0,1836.0,595.0,596.0,597.0
1.0,5417.0,1811.0,1790.0,1035.0,4309.0,1780.0,1119.0,1410.0,596.0,596.0,598.0,607.0,600.0,604.0,1807.0,2461.0,1149.0,1780.0,1119.0,1410.0,596.0,596.0,598.0
1.0,4641.0,1803.0,1790.0,2205.0,3907.0,1822.0,1717.0,368.0,596.0,596.0,598.0,602.0,598.0,603.0,1200.0,1861.0,1580.0,1822.0,1717.0,368.0,596.0,596.0,598.0
1.0,5043.0,1802.0,1790.0,3523.0,3053.0,1258.0,1795.0,0.0,596.0,596.0,598.0,604.0,597.0,601.0,1158.0,1263.0,2622.0,1258.0,1795.0,0.0,596.0,596.0,598.0
1.0,6764.0,1791.0,1792.0,4309.0,1358.0,84.0,1274.0,0.0,597.0,597.0,598.0,601.0,593.0,597.0,1722.0,1185.0,3857.0,84.0,1274.0,0.0,597.0,597.0,598.0
1.0,9282.0,1798.0,1793.0,3907.0,158.0,0.0,158.0,0.0,597.0,597.0,599.0,594.0,601.0,603.0,2901.0,1711.0,4670.0,0.0,158.0,0.0,597.0,597.0,599.0
1.0,11391.0,1800.0,1793.0,3053.0,0.0,0.0,0.0,0.0,597.0,597.0,599.0,602.0,602.0,596.0,4129.0,2827.0,4435.0,0.0,0.0,0.0,597.0,597.0,599.0
1.0,12644.0,1804.0,1794.0,1358.0,0.0,0.0,0.0,0.0,598.0,597.0,599.0,603.0,600.0,601.0,4785.0,4020.0,3839.0,0.0,0.0,0.0,598.0,597.0,599.0
1.0,12198.0,1803.0,1796.0,158.0,366.0,0.0,0.0,366.0,598.0,598.0,600.0,598.0,601.0,604.0,4266.0,4694.0,3238.0,0.0,0.0,366.0,598.0,598.0,600.0
1.0,10553.0,1796.0,1796.0,0.0,968.0,0.0,0.0,968.0,598.0,598.0,600.0,596.0,598.0,602.0,3668.0,4251.0,2634.0,0.0,0.0,968.0,598.0,598.0,600.0
1.0,8757.0,1807.0,1796.0,0.0,2085.0,511.0,0.0,1574.0,598.0,598.0,600.0,593.0,608.0,606.0,3072.0,3653.0,2032.0,511.0,0.0,1574.0,598.0,598.0,600.0
1.0,6950.0,1793.0,1798.0,366.0,3467.0,1106.0,550.0,1811.0,598.0,599.0,601.0,595.0,600.0,598.0,2479.0,3045.0,1426.0,1106.0,550.0,1811.0,598.0,599.0,601.0
1.0,5523.0,1801.0,1799.0,968.0,4305.0,1712.0,1147.0,1446.0,599.0,599.0,601.0,601.0,597.0,603.0,1884.0,2445.0,1194.0,1712.0,1147.0,1446.0,599.0,599.0,601.0
1.0,4690.0,1816.0,1799.0,2085.0,4036.0,1802.0,1755.0,479.0,599.0,599.0,601.0,601.0,608.0,607.0,1283.0,1848.0,1559.0,1802.0,1755.0,479.0,599.0,599.0,601.0
1.0,4959.0,1814.0,1800.0,3467.0,3110.0,1297.0,1813.0,0.0,599.0,600.0,601.0,601.0,603.0,610.0,1193.0,1240.0,2526.0,1297.0,1813.0,0.0,599.0,600.0,601.0
1.0,6612.0,1811.0,1800.0,4305.0,1461.0,186.0,1275.0,0.0,599.0,600.0,601.0,601.0,609.0,601.0,1698.0,1187.0,3727.0,186.0,1275.0,0.0,599.0,600.0,601.0
1.0,9106.0,1814.0,1801.0,4036.0,131.0,0.0,131.0,0.0,600.0,600.0,601.0,599.0,611.0,604.0,2809.0,1725.0,4572.0,0.0,131.0,0.0,600.0,600.0,601.0
1.0,11328.0,1830.0,1802.0,3110.0,0.0,0.0,0.0,0.0,600.0,601.0,601.0,607.0,614.0,609.0,4012.0,2869.0,4447.0,0.0,0.0,0.0,600.0,601.0,601.0
1.0,12608.0,1836.0,1802.0,1461.0,0.0,0.0,0.0,0.0,600.0,601.0,601.0,612.0,618.0,606.0,4702.0,4068.0,3838.0,0.0,0.0,0.0,600.0,601.0,601.0
1.0,12233.0,1829.0,1802.0,131.0,382.0,0.0,0.0,382.0,600.0,601.0,601.0,611.0,609.0,609.0,4276.0,4725.0,3232.0,0.0,0.0,382.0,600.0,601.0,601.0
1.0,10535.0,1838.0,1803.0,0.0,992.0,0.0,0.0,992.0,600.0,602.0,601.0,617.0,611.0,610.0,3665.0,4247.0,2623.0,0.0,0.0,992.0,600.0,602.0,601.0
1.0,8697.0,1841.0,1803.0,0.0,2166.0,564.0,0.0,1602.0,600.0,602.0,601.0,612.0,619.0,610.0,3048.0,3636.0,2013.0,564.0,0.0,1602.0,600.0,602.0,601.0
1.0,6856.0,1836.0,1803.0,382.0,3613.0,1175.0,608.0,1830.0,600.0,602.0,601.0,611.0,615.0,610.0,2436.0,3017.0,1403.0,1175.0,608.0,1830.0,600.0,602.0,601.0
1.0,5402.0,1830.0,1804.0,992.0,4456.0,1790.0,1221.0,1445.0,601.0,602.0,601.0,610.0,613.0,607.0,1825.0,2402.0,1175.0,1790.0,1221.0,1445.0,601.0,602.0,601.0
1.0,4564.0,1829.0,1805.0,2166.0,4124.0,1840.0,1835.0,449.0,601.0,603.0,601.0,614.0,609.0,606.0,1215.0,1789.0,1560.0,1840.0,1835.0,449.0,601.0,603.0,601.0
1.0,4901.0,1827.0,1805.0,3613.0,3115.0,1278.0,1837.0,0.0,601.0,603.0,601.0,613.0,610.0,604.0,1165.0,1180.0,2556.0,1278.0,1837.0,0.0,601.0,603.0,601.0
1.0,6687.0,1820.0,1805.0,4456.0,1321.0,105.0,1216.0,0.0,601.0,603.0,601.0,617.0,600.0,603.0,1727.0,1178.0,3782.0,105.0,1216.0,0.0,601.0,603.0,601.0
1.0,9323.0,1832.0,1807.0,4124.0,0.0,0.0,0.0,0.0,602.0,603.0,602.0,617.0,603.0,612.0,2900.0,1799.0,4624.0,0.0,0.0,0.0,602.0,603.0,602.0
1.0,11615.0,1818.0,1807.0,3115.0,0.0,0.0,0.0,0.0,602.0,603.0,602.0,614.0,601.0,603.0,4123.0,3031.0,4461.0,0.0,0.0,0.0,602.0,603.0,602.0
1.0,12912.0,1810.0,1807.0,1321.0,0.0,0.0,0.0,0.0,602.0,603.0,602.0,606.0,602.0,602.0,4787.0,4267.0,3858.0,0.0,0.0,0.0,602.0,603.0,602.0
1.0,12423.0,1815.0,1807.0,0.0,361.0,0.0,0.0,361.0,602.0,603.0,602.0,606.0,602.0,607.0,4286.0,4881.0,3256.0,0.0,0.0,361.0,602.0,603.0,602.0
1.0,10608.0,1805.0,1809.0,0.0,968.0,0.0,0.0,968.0,603.0,603.0,603.0,608.0,595.0,602.0,3680.0,4279.0,2649.0,0.0,0.0,968.0,603.0,603.0,603.0
1.0,8803.0,1802.0,1809.0,0.0,2118.0,546.0,0.0,1572.0,603.0,603.0,603.0,603.0,595.0,604.0,3072.0,3684.0,2047.0,546.0,0.0,1572.0,603.0,603.0,603.0
1.0,7001.0,1804.0,1809.0,361.0,3487.0,1150.0,525.0,1812.0,603.0,603.0,603.0,604.0,599.0,601.0,2469.0,3089.0,1443.0,1150.0,525.0,1812.0,603.0,603.0,603.0
1.0,5558.0,1804.0,1809.0,968.0,4323.0,1757.0,1119.0,1447.0,603.0,603.0,603.0,607.0,594.0,603.0,1865.0,2490.0,1203.0,1757.0,1119.0,1447.0,603.0,603.0,603.0
1.0,4722.0,1809.0,1811.0,2118.0,4024.0,1829.0,1711.0,484.0,604.0,603.0,604.0,613.0,592.0,604.0,1258.0,1896.0,1568.0,1829.0,1711.0,484.0,604.0,603.0,604.0
1.0,5031.0,1806.0,1811.0,3487.0,3065.0,1278.0,1787.0,0.0,604.0,603.0,604.0,599.0,601.0,606.0,1191.0,1304.0,2536.0,1278.0,1787.0,0.0,604.0,603.0,604.0
1.0,6712.0,1835.0,1813.0,4323.0,1414.0,139.0,1275.0,0.0,605.0,603.0,605.0,613.0,607.0,615.0,1742.0,1228.0,3742.0,139.0,1275.0,0.0,605.0,603.0,605.0
1.0,9200.0,1820.0,1814.0,4024.0,176.0,0.0,176.0,0.0,605.0,604.0,605.0,604.0,607.0,609.0,2886.0,1740.0,4574.0,0.0,176.0,0.0,605.0,604.0,605.0
1.0,11404.0,1827.0,1814.0,3065.0,0.0,0.0,0.0,0.0,605.0,604.0,605.0,611.0,608.0,608.0,4111.0,2844.0,4449.0,0.0,0.0,0.0,605.0,604.0,605.0
1.0,12642.0,1837.0,1815.0,1414.0,0.0,0.0,0.0,0.0,606.0,604.0,605.0,607.0,618.0,612.0,4778.0,4023.0,3841.0,0.0,0.0,0.0,606.0,604.0,605.0
1.0,12219.0,1834.0,1816.0,176.0,420.0,0.0,0.0,420.0,606.0,604.0,606.0,600.0,615.0,619.0,4310.0,4680.0,3229.0,0.0,0.0,420.0,606.0,604.0,606.0
1.0,10561.0,1848.0,1817.0,0.0,1039.0,0.0,0.0,1039.0,606.0,605.0,606.0,606.0,623.0,619.0,3710.0,4241.0,2610.0,0.0,0.0,1039.0,606.0,605.0,606.0
1.0,8713.0,1861.0,1817.0,0.0,2233.0,540.0,29.0,1664.0,606.0,605.0,606.0,614.0,622.0,625.0,3104.0,3618.0,1991.0,540.0,29.0,1664.0,606.0,605.0,606.0
1.0,6852.0,1859.0,1818.0,420.0,3677.0,1158.0,655.0,1864.0,606.0,605.0,607.0,618.0,626.0,615.0,2490.0,2996.0,1366.0,1158.0,655.0,1864.0,606.0,605.0,607.0
1.0,5413.0,1857.0,1819.0,1039.0,4500.0,1775.0,1278.0,1447.0,606.0,606.0,607.0,617.0,618.0,622.0,1872.0,2370.0,1171.0,1775.0,1278.0,1447.0,606.0,606.0,607.0
1.0,4595.0,1870.0,1820.0,2233.0,4142.0,1859.0,1874.0,409.0,607.0,606.0,607.0,619.0,625.0,626.0,1255.0,1752.0,1588.0,1859.0,1874.0,409.0,607.0,606.0,607.0
1.0,4958.0,1852.0,1821.0,3677.0,3151.0,1316.0,1835.0,0.0,607.0,606.0,608.0,615.0,616.0,621.0,1176.0,1156.0,2626.0,1316.0,1835.0,0.0,607.0,606.0,608.0
1.0,6783.0,1850.0,1822.0,4500.0,1334.0,152.0,1182.0,0.0,607.0,607.0,608.0,611.0,620.0,619.0,1719.0,1195.0,3869.0,152.0,1182.0,0.0,607.0,607.0,608.0
1.0,9433.0,1855.0,1822.0,4142.0,0.0,0.0,0.0,0.0,607.0,607.0,608.0,617.0,614.0,624.0,2883.0,1853.0,4697.0,0.0,0.0,0.0,607.0,607.0,608.0
1.0,11720.0,1850.0,1822.0,3151.0,0.0,0.0,0.0,0.0,607.0,607.0,608.0,613.0,616.0,621.0,4125.0,3113.0,4482.0,0.0,0.0,0.0,607.0,607.0,608.0
1.0,13021.0,1849.0,1823.0,1334.0,0.0,0.0,0.0,0.0,608.0,607.0,608.0,618.0,614.0,617.0,4828.0,4332.0,3861.0,0.0,0.0,0.0,608.0,607.0,608.0
1.0,12506.0,1847.0,1825.0,0.0,415.0,0.0,0.0,415.0,608.0,608.0,609.0,614.0,619.0,614.0,4362.0,4900.0,3244.0,0.0,0.0,415.0,608.0,608.0,609.0
1.0,10659.0,1845.0,1825.0,0.0,1030.0,0.0,0.0,1030.0,608.0,608.0,609.0,617.0,613.0,615.0,3748.0,4281.0,2630.0,0.0,0.0,1030.0,608.0,608.0,609.0
1.0,8814.0,1823.0,1825.0,0.0,2151.0,515.0,0.0,1636.0,608.0,608.0,609.0,606.0,611.0,606.0,3131.0,3668.0,2015.0,515.0,0.0,1636.0,608.0,608.0,609.0
1.0,6991.0,1829.0,1825.0,415.0,3548.0,1126.0,597.0,1825.0,608.0,608.0,609.0,611.0,614.0,604.0,2525.0,3057.0,1409.0,1126.0,597.0,1825.0,608.0,608.0,609.0
1.0,5577.0,1818.0,1826.0,1030.0,4341.0,1738.0,1205.0,1398.0,608.0,609.0,609.0,612.0,603.0,603.0,1914.0,2443.0,1220.0,1738.0,1205.0,1398.0,608.0,609.0,609.0
1.0,4789.0,1817.0,1826.0,2151.0,4007.0,1831.0,1808.0,368.0,608.0,609.0,609.0,608.0,603.0,606.0,1302.0,1840.0,1647.0,1831.0,1808.0,368.0,608.0,609.0,609.0
1.0,5123.0,1815.0,1827.0,3548.0,3137.0,1322.0,1815.0,0.0,609.0,609.0,609.0,612.0,604.0,599.0,1209.0,1237.0,2677.0,1322.0,1815.0,0.0,609.0,609.0,609.0
1.0,6856.0,1814.0,1827.0,4341.0,1406.0,195.0,1211.0,0.0,609.0,609.0,609.0,611.0,601.0,602.0,1723.0,1230.0,3903.0,195.0,1211.0,0.0,609.0,609.0,609.0
1.0,9383.0,1816.0,1827.0,4007.0,5.0,0.0,5.0,0.0,609.0,609.0,609.0,610.0,602.0,604.0,2850.0,1834.0,4699.0,0.0,5.0,0.0,609.0,609.0,609.0
1.0,11574.0,1816.0,1827.0,3137.0,0.0,0.0,0.0,0.0,609.0,609.0,609.0,606.0,605.0,605.0,4071.0,3040.0,4463.0,0.0,0.0,0.0,609.0,609.0,609.0
1.0,12895.0,1820.0,1828.0,1406.0,0.0,0.0,0.0,0.0,610.0,609.0,609.0,612.0,607.0,601.0,4787.0,4250.0,3858.0,0.0,0.0,0.0,610.0,609.0,609.0
1.0,12481.0,1830.0,1828.0,5.0,394.0,0.0,0.0,394.0,610.0,609.0,609.0,616.0,608.0,606.0,4370.0,4854.0,3257.0,0.0,0.0,394.0,610.0,609.0,609.0
1.0,10656.0,1818.0,1828.0,0.0,1002.0,0.0,0.0,1002.0,610.0,609.0,609.0,608.0,602.0,608.0,3754.0,4251.0,2651.0,0.0,0.0,1002.0,610.0,609.0,609.0
1.0,8838.0,1842.0,1828.0,0.0,2144.0,522.0,5.0,1617.0,610.0,609.0,609.0,618.0,609.0,615.0,3146.0,3649.0,2043.0,522.0,5.0,1617.0,610.0,609.0,609.0
1.0,6996.0,1832.0,1829.0,394.0,3587.0,1141.0,613.0,1833.0,611.0,609.0,609.0,614.0,608.0,610.0,2528.0,3040.0,1428.0,1141.0,613.0,1833.0,611.0,609.0,609.0
1.0,5558.0,1841.0,1830.0,1002.0,4431.0,1753.0,1223.0,1455.0,611.0,609.0,610.0,612.0,610.0,619.0,1914.0,2432.0,1212.0,1753.0,1223.0,1455.0,611.0,609.0,610.0
1.0,4719.0,1868.0,1831.0,2144.0,4160.0,1856.0,1851.0,453.0,611.0,610.0,610.0,625.0,628.0,615.0,1302.0,1822.0,1595.0,1856.0,1851.0,453.0,611.0,610.0,610.0
1.0,4995.0,1862.0,1832.0,3587.0,3190.0,1338.0,1852.0,0.0,612.0,610.0,610.0,618.0,614.0,630.0,1199.0,1199.0,2597.0,1338.0,1852.0,0.0,612.0,610.0,610.0
1.0,6720.0,1855.0,1833.0,4431.0,1453.0,205.0,1248.0,0.0,612.0,610.0,611.0,620.0,619.0,616.0,1722.0,1198.0,3800.0,205.0,1248.0,0.0,612.0,610.0,611.0
1.0,9296.0,1879.0,1833.0,4160.0,25.0,0.0,25.0,0.0,612.0,610.0,611.0,628.0,628.0,623.0,2855.0,1802.0,4639.0,0.0,25.0,0.0,612.0,610.0,611.0
1.0,11577.0,1871.0,1833.0,3190.0,0.0,0.0,0.0,0.0,612.0,610.0,611.0,627.0,621.0,623.0,4083.0,3025.0,4469.0,0.0,0.0,0.0,612.0,610.0,611.0
1.0,12896.0,1874.0,1833.0,1453.0,0.0,0.0,0.0,0.0,612.0,610.0,611.0,620.0,632.0,622.0,4794.0,4256.0,3846.0,0.0,0.0,0.0,612.0,610.0,611.0
1.0,12475.0,1881.0,1836.0,25.0,463.0,0.0,0.0,463.0,613.0,611.0,612.0,624.0,630.0,627.0,4379.0,4872.0,3224.0,0.0,0.0,463.0,613.0,611.0,612.0
1.0,10619.0,1877.0,1836.0,0.0,1088.0,0.0,0.0,1088.0,613.0,611.0,612.0,623.0,629.0,625.0,3755.0,4267.0,2597.0,0.0,0.0,1088.0,613.0,611.0,612.0
1.0,8742.0,1866.0,1836.0,0.0,2304.0,550.0,45.0,1709.0,613.0,611.0,612.0,617.0,628.0,621.0,3132.0,3638.0,1972.0,550.0,45.0,1709.0,613.0,611.0,612.0
1.0,6876.0,1870.0,1838.0,463.0,3721.0,1164.0,678.0,1879.0,613.0,612.0,613.0,614.0,628.0,628.0,2515.0,3010.0,1351.0,1164.0,678.0,1879.0,613.0,612.0,613.0
1.0,5469.0,1854.0,1838.0,1088.0,4487.0,1782.0,1294.0,1411.0,613.0,612.0,613.0,618.0,616.0,620.0,1901.0,2382.0,1186.0,1782.0,1294.0,1411.0,613.0,612.0,613.0
1.0,4703.0,1857.0,1838.0,2304.0,4040.0,1847.0,1869.0,324.0,613.0,612.0,613.0,615.0,620.0,622.0,1283.0,1766.0,1654.0,1847.0,1869.0,324.0,613.0,612.0,613.0
1.0,5150.0,1866.0,1840.0,3721.0,3118.0,1302.0,1816.0,0.0,613.0,613.0,614.0,619.0,620.0,627.0,1218.0,1191.0,2741.0,1302.0,1816.0,0.0,613.0,613.0,614.0
1.0,7005.0,1847.0,1840.0,4487.0,1279.0,132.0,1147.0,0.0,613.0,613.0,614.0,612.0,625.0,610.0,1763.0,1249.0,3993.0,132.0,1147.0,0.0,613.0,613.0,614.0
1.0,9645.0,1857.0,1840.0,4040.0,0.0,0.0,0.0,0.0,613.0,613.0,614.0,616.0,617.0,624.0,2933.0,1918.0,4794.0,0.0,0.0,0.0,613.0,613.0,614.0
1.0,11828.0,1836.0,1842.0,3118.0,0.0,0.0,0.0,0.0,613.0,614.0,615.0,604.0,614.0,618.0,4164.0,3170.0,4494.0,0.0,0.0,0.0,613.0,614.0,615.0
1.0,13110.0,1835.0,1843.0,1279.0,0.0,0.0,0.0,0.0,614.0,614.0,615.0,614.0,611.0,610.0,4862.0,4372.0,3876.0,0.0,0.0,0.0,614.0,614.0,615.0
1.0,12554.0,1848.0,1843.0,0.0,429.0,0.0,0.0,429.0,614.0,614.0,615.0,614.0,614.0,620.0,4380.0,4908.0,3266.0,0.0,0.0,429.0,614.0,614.0,615.0
1.0,10706.0,1841.0,1844.0,0.0,1042.0,0.0,0.0,1042.0,614.0,615.0,615.0,617.0,611.0,613.0,3766.0,4294.0,2646.0,0.0,0.0,1042.0,614.0,615.0,615.0
1.0,8865.0,1838.0,1844.0,0.0,2193.0,532.0,3.0,1658.0,614.0,615.0,615.0,611.0,611.0,616.0,3149.0,3683.0,2033.0,532.0,3.0,1658.0,614.0,615.0,615.0
1.0,7027.0,1845.0,1845.0,429.0,3614.0,1152.0,616.0,1846.0,614.0,615.0,616.0,620.0,613.0,612.0,2538.0,3072.0,1417.0,1152.0,616.0,1846.0,614.0,615.0,616.0
1.0,5611.0,1848.0,1845.0,1042.0,4420.0,1766.0,1231.0,1423.0,614.0,615.0,616.0,614.0,615.0,619.0,1918.0,2459.0,1234.0,1766.0,1231.0,1423.0,614.0,615.0,616.0
1.0,4805.0,1858.0,1847.0,2193.0,4095.0,1865.0,1849.0,381.0,615.0,616.0,616.0,626.0,616.0,616.0,1304.0,1844.0,1657.0,1865.0,1849.0,381.0,615.0,616.0,616.0
1.0,5140.0,1859.0,1847.0,3614.0,3185.0,1336.0,1849.0,0.0,615.0,616.0,616.0,623.0,616.0,620.0,1210.0,1231.0,2699.0,1336.0,1849.0,0.0,615.0,616.0,616.0
1.0,6895.0,1858.0,1847.0,4420.0,1423.0,188.0,1235.0,0.0,615.0,616.0,616.0,618.0,617.0,623.0,1739.0,1231.0,3925.0,188.0,1235.0,0.0,615.0,616.0,616.0
1.0,9457.0,1871.0,1848.0,4095.0,13.0,0.0,13.0,0.0,616.0,616.0,616.0,623.0,627.0,621.0,2887.0,1845.0,4725.0,0.0,13.0,0.0,616.0,616.0,616.0
1.0,11681.0,1871.0,1848.0,3185.0,0.0,0.0,0.0,0.0,616.0,616.0,616.0,626.0,621.0,624.0,4129.0,3067.0,4485.0,0.0,0.0,0.0,616.0,616.0,616.0
1.0,12995.0,1877.0,1848.0,1423.0,0.0,0.0,0.0,0.0,616.0,616.0,616.0,631.0,623.0,623.0,4839.0,4295.0,3861.0,0.0,0.0,0.0,616.0,616.0,616.0
1.0,12541.0,1877.0,1849.0,13.0,460.0,0.0,0.0,460.0,617.0,616.0,616.0,631.0,628.0,618.0,4396.0,4907.0,3238.0,0.0,0.0,460.0,617.0,616.0,616.0
1.0,10677.0,1866.0,1849.0,0.0,1087.0,0.0,0.0,1087.0,617.0,616.0,616.0,624.0,615.0,627.0,3765.0,4292.0,2620.0,0.0,0.0,1087.0,617.0,616.0,616.0
1.0,8811.0,1876.0,1850.0,0.0,2315.0,570.0,26.0,1719.0,617.0,616.0,617.0,626.0,623.0,627.0,3141.0,3677.0,1993.0,570.0,26.0,1719.0,617.0,616.0,617.0
1.0,6935.0,1871.0,1849.0,460.0,3721.0,1198.0,650.0,1873.0,617.0,616.0,616.0,628.0,624.0,619.0,2515.0,3054.0,1366.0,1198.0,650.0,1873.0,617.0,616.0,616.0
1.0,5524.0,1875.0,1850.0,1087.0,4514.0,1825.0,1277.0,1412.0,617.0,616.0,617.0,627.0,627.0,621.0,1887.0,2430.0,1207.0,1825.0,1277.0,1412.0,617.0,616.0,617.0
1.0,4736.0,1869.0,1851.0,2315.0,4073.0,1881.0,1873.0,319.0,618.0,616.0,617.0,621.0,622.0,626.0,1260.0,1803.0,1673.0,1881.0,1873.0,319.0,618.0,616.0,617.0
1.0,5182.0,1876.0,1852.0,3721.0,3163.0,1310.0,1853.0,0.0,618.0,617.0,617.0,627.0,625.0,624.0,1209.0,1207.0,2766.0,1310.0,1853.0,0.0,618.0,617.0,617.0
1.0,7027.0,1863.0,1852.0,4514.0,1306.0,105.0,1201.0,0.0,618.0,617.0,617.0,620.0,625.0,618.0,1780.0,1232.0,4015.0,105.0,1201.0,0.0,618.0,617.0,617.0
1.0,9678.0,1863.0,1852.0,4073.0,0.0,0.0,0.0,0.0,618.0,617.0,617.0,620.0,618.0,625.0,2985.0,1884.0,4809.0,0.0,0.0,0.0,618.0,617.0,617.0
1.0,11888.0,1861.0,1852.0,3163.0,0.0,0.0,0.0,0.0,618.0,617.0,617.0,617.0,620.0,624.0,4246.0,3139.0,4503.0,0.0,0.0,0.0,618.0,617.0,617.0
1.0,13190.0,1871.0,1852.0,1306.0,0.0,0.0,0.0,0.0,618.0,617.0,617.0,617.0,627.0,627.0,4939.0,4372.0,3879.0,0.0,0.0,0.0,618.0,617.0,617.0
1.0,12625.0,1856.0,1853.0,0.0,457.0,0.0,0.0,457.0,618.0,617.0,618.0,618.0,619.0,619.0,4427.0,4946.0,3252.0,0.0,0.0,457.0,618.0,617.0,618.0
1.0,10769.0,1850.0,1854.0,0.0,1074.0,0.0,0.0,1074.0,618.0,618.0,618.0,614.0,619.0,617.0,3809.0,4327.0,2633.0,0.0,0.0,1074.0,618.0,618.0,618.0
1.0,8919.0,1848.0,1854.0,0.0,2200.0,510.0,0.0,1690.0,618.0,618.0,618.0,615.0,617.0,616.0,3195.0,3708.0,2016.0,510.0,0.0,1690.0,618.0,618.0,618.0
1.0,7071.0,1848.0,1855.0,457.0,3595.0,1134.0,620.0,1841.0,619.0,618.0,618.0,619.0,621.0,608.0,2580.0,3091.0,1400.0,1134.0,620.0,1841.0,619.0,618.0,618.0
1.0,5680.0,1853.0,1856.0,1074.0,4379.0,1754.0,1236.0,1389.0,619.0,618.0,619.0,620.0,616.0,617.0,1961.0,2470.0,1249.0,1754.0,1236.0,1389.0,619.0,618.0,619.0
1.0,4901.0,1869.0,1857.0,2200.0,4053.0,1867.0,1865.0,321.0,619.0,619.0,619.0,623.0,624.0,622.0,1341.0,1854.0,1706.0,1867.0,1865.0,321.0,619.0,619.0,619.0
1.0,5232.0,1860.0,1857.0,3595.0,3219.0,1353.0,1866.0,0.0,619.0,619.0,619.0,620.0,621.0,619.0,1228.0,1230.0,2774.0,1353.0,1866.0,0.0,619.0,619.0,619.0
1.0,6967.0,1856.0,1858.0,4379.0,1465.0,216.0,1249.0,0.0,619.0,619.0,620.0,617.0,619.0,620.0,1742.0,1229.0,3996.0,216.0,1249.0,0.0,619.0,619.0,620.0
1.0,9490.0,1866.0,1860.0,4053.0,9.0,0.0,9.0,0.0,620.0,620.0,620.0,622.0,620.0,624.0,2879.0,1846.0,4765.0,0.0,9.0,0.0,620.0,620.0,620.0
1.0,11677.0,1877.0,1860.0,3219.0,0.0,0.0,0.0,0.0,620.0,620.0,620.0,626.0,623.0,628.0,4124.0,3091.0,4462.0,0.0,0.0,0.0,620.0,620.0,620.0
1.0,13019.0,1869.0,1860.0,1465.0,0.0,0.0,0.0,0.0,620.0,620.0,620.0,627.0,620.0,622.0,4851.0,4334.0,3834.0,0.0,0.0,0.0,620.0,620.0,620.0
1.0,12615.0,1888.0,1862.0,9.0,526.0,0.0,0.0,526.0,620.0,621.0,621.0,629.0,626.0,633.0,4440.0,4963.0,3212.0,0.0,0.0,526.0,620.0,621.0,621.0
1.0,10736.0,1894.0,1863.0,0.0,1159.0,0.0,0.0,1159.0,621.0,621.0,621.0,631.0,630.0,633.0,3811.0,4346.0,2579.0,0.0,0.0,1159.0,621.0,621.0,621.0
1.0,8842.0,1890.0,1863.0,0.0,2363.0,555.0,19.0,1789.0,621.0,621.0,621.0,630.0,630.0,630.0,3180.0,3716.0,1946.0,555.0,19.0,1789.0,621.0,621.0,621.0
1.0,6952.0,1894.0,1864.0,526.0,3736.0,1188.0,648.0,1900.0,621.0,621.0,622.0,633.0,629.0,632.0,2550.0,3086.0,1316.0,1188.0,648.0,1900.0,621.0,621.0,622.0
1.0,5584.0,1890.0,1865.0,1159.0,4472.0,1814.0,1282.0,1376.0,621.0,622.0,622.0,626.0,629.0,635.0,1917.0,2457.0,1210.0,1814.0,1282.0,1376.0,621.0,622.0,622.0
1.0,4853.0,1907.0,1865.0,2363.0,4016.0,1897.0,1897.0,222.0,621.0,622.0,622.0,638.0,634.0,635.0,1291.0,1828.0,1734.0,1897.0,1897.0,222.0,621.0,622.0,622.0
1.0,5309.0,1898.0,1865.0,3736.0,3222.0,1338.0,1884.0,0.0,621.0,622.0,622.0,629.0,635.0,634.0,1208.0,1213.0,2888.0,1338.0,1884.0,0.0,621.0,622.0,622.0
1.0,7147.0,1901.0,1867.0,4472.0,1398.0,165.0,1233.0,0.0,622.0,622.0,623.0,636.0,631.0,634.0,1767.0,1226.0,4154.0,165.0,1233.0,0.0,622.0,622.0,623.0
1.0,9718.0,1910.0,1867.0,4016.0,0.0,0.0,0.0,0.0,622.0,622.0,623.0,642.0,633.0,635.0,2945.0,1877.0,4896.0,0.0,0.0,0.0,622.0,622.0,623.0
1.0,11824.0,1903.0,1867.0,3222.0,0.0,0.0,0.0,0.0,622.0,622.0,623.0,635.0,635.0,633.0,4200.0,3141.0,4483.0,0.0,0.0,0.0,622.0,622.0,623.0
1.0,13143.0,1885.0,1867.0,1398.0,0.0,0.0,0.0,0.0,622.0,622.0,623.0,626.0,626.0,633.0,4903.0,4390.0,3850.0,0.0,0.0,0.0,622.0,622.0,623.0
1.0,12656.0,1893.0,1868.0,0.0,535.0,0.0,0.0,535.0,623.0,622.0,623.0,629.0,627.0,637.0,4442.0,4997.0,3217.0,0.0,0.0,535.0,623.0,622.0,623.0
1.0,10763.0,1883.0,1868.0,0.0,1166.0,0.0,0.0,1166.0,623.0,622.0,623.0,624.0,628.0,631.0,3813.0,4370.0,2580.0,0.0,0.0,1166.0,623.0,622.0,623.0
1.0,8880.0,1867.0,1869.0,0.0,2345.0,547.0,0.0,1798.0,623.0,622.0,624.0,621.0,619.0,627.0,3189.0,3742.0,1949.0,547.0,0.0,1798.0,623.0,622.0,624.0
1.0,7013.0,1874.0,1869.0,535.0,3671.0,1173.0,608.0,1890.0,623.0,622.0,624.0,626.0,621.0,627.0,2568.0,3123.0,1322.0,1173.0,608.0,1890.0,623.0,622.0,624.0
1.0,5674.0,1872.0,1869.0,1166.0,4377.0,1801.0,1232.0,1344.0,623.0,622.0,624.0,628.0,624.0,620.0,1942.0,2502.0,1230.0,1801.0,1232.0,1344.0,623.0,622.0,624.0
1.0,4968.0,1860.0,1870.0,2345.0,3897.0,1881.0,1849.0,167.0,624.0,622.0,624.0,622.0,617.0,621.0,1314.0,1878.0,1776.0,1881.0,1849.0,167.0,624.0,622.0,624.0
1.0,5453.0,1873.0,1870.0,3671.0,3199.0,1334.0,1865.0,0.0,624.0,622.0,624.0,626.0,624.0,623.0,1239.0,1261.0,2953.0,1334.0,1865.0,0.0,624.0,622.0,624.0
1.0,7251.0,1849.0,1871.0,4377.0,1406.0,150.0,1256.0,0.0,624.0,623.0,624.0,617.0,618.0,614.0,1786.0,1245.0,4220.0,150.0,1256.0,0.0,624.0,623.0,624.0
1.0,9779.0,1855.0,1871.0,3897.0,27.0,0.0,27.0,0.0,624.0,623.0,624.0,621.0,620.0,614.0,2970.0,1859.0,4950.0,0.0,27.0,0.0,624.0,623.0,624.0
1.0,11821.0,1855.0,1871.0,3199.0,0.0,0.0,0.0,0.0,624.0,623.0,624.0,626.0,617.0,612.0,4230.0,3088.0,4503.0,0.0,0.0,0.0,624.0,623.0,624.0
1.0,13165.0,1861.0,1872.0,1406.0,0.0,0.0,0.0,0.0,625.0,623.0,624.0,620.0,623.0,618.0,4938.0,4336.0,3891.0,0.0,0.0,0.0,625.0,623.0,624.0
1.0,12710.0,1863.0,1872.0,27.0,468.0,0.0,0.0,468.0,625.0,623.0,624.0,622.0,620.0,621.0,4468.0,4969.0,3273.0,0.0,0.0,468.0,625.0,623.0,624.0
1.0,10874.0,1866.0,1872.0,0.0,1086.0,0.0,0.0,1086.0,625.0,623.0,624.0,624.0,624.0,618.0,3846.0,4376.0,2652.0,0.0,0.0,1086.0,625.0,623.0,624.0
1.0,9008.0,1884.0,1873.0,0.0,2244.0,532.0,0.0,1712.0,625.0,624.0,624.0,629.0,629.0,626.0,3222.0,3752.0,2034.0,532.0,0.0,1712.0,625.0,624.0,624.0
1.0,7124.0,1888.0,1873.0,468.0,3661.0,1159.0,635.0,1867.0,625.0,624.0,624.0,627.0,638.0,623.0,2593.0,3123.0,1408.0,1159.0,635.0,1867.0,625.0,624.0,624.0
1.0,5704.0,1887.0,1873.0,1086.0,4462.0,1798.0,1264.0,1400.0,625.0,624.0,624.0,639.0,629.0,619.0,1966.0,2485.0,1253.0,1798.0,1264.0,1400.0,625.0,624.0,624.0
1.0,4903.0,1894.0,1873.0,2244.0,4112.0,1894.0,1898.0,320.0,625.0,624.0,624.0,628.0,634.0,632.0,1327.0,1856.0,1720.0,1894.0,1898.0,320.0,625.0,624.0,624.0
1.0,5253.0,1909.0,1876.0,3661.0,3280.0,1375.0,1905.0,0.0,626.0,625.0,625.0,635.0,637.0,637.0,1231.0,1222.0,2800.0,1375.0,1905.0,0.0,626.0,625.0,625.0
1.0,7005.0,1906.0,1876.0,4462.0,1496.0,221.0,1275.0,0.0,626.0,625.0,625.0,644.0,634.0,628.0,1755.0,1220.0,4030.0,221.0,1275.0,0.0,626.0,625.0,625.0
1.0,9561.0,1919.0,1876.0,4112.0,21.0,0.0,21.0,0.0,626.0,625.0,625.0,637.0,644.0,638.0,2909.0,1850.0,4802.0,0.0,21.0,0.0,626.0,625.0,625.0
1.0,11754.0,1926.0,1877.0,3280.0,0.0,0.0,0.0,0.0,626.0,626.0,625.0,648.0,645.0,633.0,4166.0,3104.0,4484.0,0.0,0.0,0.0,626.0,626.0,625.0
1.0,13108.0,1912.0,1878.0,1496.0,0.0,0.0,0.0,0.0,627.0,626.0,625.0,638.0,634.0,640.0,4893.0,4364.0,3851.0,0.0,0.0,0.0,627.0,626.0,625.0
1.0,12692.0,1923.0,1879.0,21.0,556.0,0.0,0.0,556.0,627.0,626.0,626.0,642.0,644.0,637.0,4476.0,5005.0,3211.0,0.0,0.0,556.0,627.0,626.0,626.0
1.0,10790.0,1912.0,1880.0,0.0,1194.0,0.0,0.0,1194.0,627.0,627.0,626.0,639.0,635.0,638.0,3834.0,4382.0,2574.0,0.0,0.0,1194.0,627.0,627.0,626.0
1.0,8878.0,1919.0,1881.0,0.0,2446.0,587.0,30.0,1829.0,628.0,627.0,626.0,642.0,642.0,635.0,3195.0,3747.0,1936.0,587.0,30.0,1829.0,628.0,627.0,626.0
1.0,6959.0,1916.0,1882.0,556.0,3811.0,1223.0,673.0,1915.0,628.0,627.0,627.0,636.0,643.0,637.0,2553.0,3105.0,1301.0,1223.0,673.0,1915.0,628.0,627.0,627.0
1.0,5599.0,1907.0,1882.0,1194.0,4524.0,1856.0,1305.0,1363.0,628.0,627.0,627.0,633.0,632.0,642.0,1917.0,2462.0,1220.0,1856.0,1305.0,1363.0,628.0,627.0,627.0
1.0,4886.0,1909.0,1883.0,2446.0,3992.0,1903.0,1914.0,175.0,628.0,628.0,627.0,634.0,634.0,641.0,1284.0,1830.0,1772.0,1903.0,1914.0,175.0,628.0,628.0,627.0
1.0,5423.0,1903.0,1885.0,3811.0,3189.0,1318.0,1871.0,0.0,629.0,628.0,628.0,633.0,630.0,640.0,1237.0,1226.0,2960.0,1318.0,1871.0,0.0,629.0,628.0,628.0
1.0,7331.0,1882.0,1885.0,4524.0,1273.0,85.0,1188.0,0.0,629.0,628.0,628.0,623.0,622.0,637.0,1827.0,1269.0,4235.0,85.0,1188.0,0.0,629.0,628.0,628.0
1.0,9973.0,1880.0,1885.0,3992.0,0.0,0.0,0.0,0.0,629.0,628.0,628.0,626.0,622.0,632.0,3060.0,1952.0,4961.0,0.0,0.0,0.0,629.0,628.0,628.0
1.0,12085.0,1896.0,1885.0,3189.0,0.0,0.0,0.0,0.0,629.0,628.0,628.0,633.0,627.0,636.0,4337.0,3244.0,4504.0,0.0,0.0,0.0,629.0,628.0,628.0
1.0,13378.0,1875.0,1886.0,1273.0,0.0,0.0,0.0,0.0,629.0,628.0,629.0,625.0,621.0,629.0,5022.0,4488.0,3868.0,0.0,0.0,0.0,629.0,628.0,629.0
1.0,12776.0,1886.0,1887.0,0.0,539.0,0.0,0.0,539.0,630.0,628.0,629.0,627.0,626.0,633.0,4482.0,5055.0,3239.0,0.0,0.0,539.0,630.0,628.0,629.0
1.0,10890.0,1884.0,1887.0,0.0,1171.0,0.0,0.0,1171.0,630.0,628.0,629.0,625.0,627.0,632.0,3855.0,4429.0,2606.0,0.0,0.0,1171.0,630.0,628.0,629.0
1.0,9006.0,1882.0,1888.0,0.0,2358.0,549.0,0.0,1809.0,630.0,628.0,630.0,629.0,620.0,633.0,3230.0,3802.0,1974.0,549.0,0.0,1809.0,630.0,628.0,630.0
1.0,7124.0,1877.0,1888.0,539.0,3654.0,1171.0,581.0,1902.0,630.0,628.0,630.0,622.0,623.0,632.0,2601.0,3182.0,1341.0,1171.0,581.0,1902.0,630.0,628.0,630.0
1.0,5786.0,1892.0,1889.0,1171.0,4380.0,1799.0,1217.0,1364.0,630.0,629.0,630.0,628.0,631.0,633.0,1979.0,2559.0,1248.0,1799.0,1217.0,1364.0,630.0,629.0,630.0
1.0,5065.0,1893.0,1889.0,2358.0,3915.0,1882.0,1842.0,191.0,630.0,629.0,630.0,632.0,625.0,636.0,1351.0,1928.0,1786.0,1882.0,1842.0,191.0,630.0,629.0,630.0
1.0,5530.0,1900.0,1889.0,3654.0,3238.0,1349.0,1889.0,0.0,630.0,629.0,630.0,638.0,628.0,634.0,1268.0,1303.0,2959.0,1349.0,1889.0,0.0,630.0,629.0,630.0
1.0,7284.0,1895.0,1890.0,4380.0,1485.0,180.0,1305.0,0.0,630.0,629.0,631.0,630.0,633.0,632.0,1801.0,1256.0,4227.0,180.0,1305.0,0.0,630.0,629.0,631.0
1.0,9769.0,1896.0,1891.0,3915.0,96.0,0.0,96.0,0.0,631.0,629.0,631.0,634.0,633.0,629.0,2970.0,1840.0,4959.0,0.0,96.0,0.0,631.0,629.0,631.0
1.0,11788.0,1926.0,1891.0,3238.0,0.0,0.0,0.0,0.0,631.0,629.0,631.0,645.0,646.0,635.0,4218.0,3049.0,4521.0,0.0,0.0,0.0,631.0,629.0,631.0
1.0,13100.0,1929.0,1892.0,1485.0,0.0,0.0,0.0,0.0,631.0,630.0,631.0,646.0,638.0,645.0,4922.0,4292.0,3886.0,0.0,0.0,0.0,631.0,630.0,631.0
1.0,12656.0,1927.0,1892.0,96.0,551.0,0.0,0.0,551.0,631.0,630.0,631.0,645.0,645.0,637.0,4456.0,4959.0,3241.0,0.0,0.0,551.0,631.0,630.0,631.0
1.0,10825.0,1924.0,1893.0,0.0,1191.0,0.0,0.0,1191.0,632.0,630.0,631.0,647.0,637.0,640.0,3811.0,4410.0,2604.0,0.0,0.0,1191.0,632.0,630.0,631.0
1.0,8901.0,1935.0,1893.0,0.0,2499.0,650.0,19.0,1830.0,632.0,630.0,631.0,654.0,642.0,639.0,3164.0,3773.0,1964.0,650.0,19.0,1830.0,632.0,630.0,631.0
1.0,6966.0,1939.0,1893.0,551.0,3887.0,1296.0,665.0,1926.0,632.0,630.0,631.0,646.0,646.0,647.0,2510.0,3131.0,1325.0,1296.0,665.0,1926.0,632.0,630.0,631.0
1.0,5578.0,1941.0,1896.0,1191.0,4652.0,1945.0,1321.0,1386.0,633.0,631.0,632.0,644.0,651.0,646.0,1864.0,2485.0,1229.0,1945.0,1321.0,1386.0,633.0,631.0,632.0
1.0,4828.0,1943.0,1896.0,2499.0,4096.0,1947.0,1948.0,201.0,633.0,631.0,632.0,652.0,646.0,645.0,1220.0,1834.0,1774.0,1947.0,1948.0,201.0,633.0,631.0,632.0
1.0,5384.0,1935.0,1896.0,3887.0,3227.0,1296.0,1931.0,0.0,633.0,631.0,632.0,645.0,648.0,642.0,1218.0,1207.0,2959.0,1296.0,1931.0,0.0,633.0,631.0,632.0
1.0,7336.0,1923.0,1897.0,4652.0,1262.0,0.0,1262.0,0.0,633.0,632.0,632.0,644.0,647.0,632.0,1869.0,1224.0,4243.0,0.0,1262.0,0.0,633.0,632.0,632.0
1.0,10065.0,1919.0,1897.0,4096.0,0.0,0.0,0.0,0.0,633.0,632.0,632.0,639.0,646.0,634.0,3170.0,1898.0,4997.0,0.0,0.0,0.0,633.0,632.0,632.0
1.0,12242.0,1916.0,1898.0,3227.0,0.0,0.0,0.0,0.0,634.0,632.0,632.0,636.0,641.0,639.0,4478.0,3200.0,4564.0,0.0,0.0,0.0,634.0,632.0,632.0
1.0,13553.0,1911.0,1899.0,1262.0,0.0,0.0,0.0,0.0,634.0,633.0,632.0,634.0,645.0,632.0,5138.0,4490.0,3925.0,0.0,0.0,0.0,634.0,633.0,632.0
1.0,12904.0,1915.0,1899.0,0.0,503.0,0.0,0.0,503.0,634.0,633.0,632.0,631.0,648.0,636.0,4504.0,5107.0,3293.0,0.0,0.0,503.0,634.0,633.0,632.0
1.0,10989.0,1903.0,1901.0,0.0,1140.0,0.0,0.0,1140.0,634.0,634.0,633.0,635.0,636.0,632.0,3873.0,4459.0,2657.0,0.0,0.0,1140.0,634.0,634.0,633.0
1.0,9086.0,1903.0,1901.0,0.0,2338.0,564.0,0.0,1774.0,634.0,634.0,633.0,632.0,637.0,634.0,3238.0,3823.0,2025.0,564.0,0.0,1774.0,634.0,634.0,633.0
1.0,7183.0,1888.0,1901.0,503.0,3707.0,1192.0,611.0,1904.0,634.0,634.0,633.0,628.0,627.0,633.0,2606.0,3186.0,1391.0,1192.0,611.0,1904.0,634.0,634.0,633.0
1.0,5798.0,1888.0,1902.0,1140.0,4460.0,1820.0,1241.0,1399.0,635.0,634.0,633.0,623.0,630.0,635.0,1978.0,2559.0,1261.0,1820.0,1241.0,1399.0,635.0,634.0,633.0
1.0,5050.0,1901.0,1904.0,2338.0,4033.0,1888.0,1883.0,262.0,635.0,635.0,634.0,632.0,637.0,632.0,1355.0,1929.0,1766.0,1888.0,1883.0,262.0,635.0,635.0,634.0
1.0,5487.0,1890.0,1904.0,3707.0,3224.0,1321.0,1903.0,0.0,635.0,635.0,634.0,625.0,631.0,634.0,1287.0,1292.0,2908.0,1321.0,1903.0,0.0,635.0,635.0,634.0
1.0,7304.0,1894.0,1904.0,4460.0,1425.0,134.0,1291.0,0.0,635.0,635.0,634.0,633.0,629.0,632.0,1854.0,1272.0,4178.0,134.0,1291.0,0.0,635.0,635.0,634.0
1.0,9870.0,1909.0,1905.0,4033.0,45.0,0.0,45.0,0.0,635.0,635.0,635.0,635.0,637.0,637.0,3041.0,1884.0,4945.0,0.0,45.0,0.0,635.0,635.0,635.0
1.0,11994.0,1904.0,1906.0,3224.0,0.0,0.0,0.0,0.0,636.0,635.0,635.0,639.0,633.0,632.0,4294.0,3130.0,4570.0,0.0,0.0,0.0,636.0,635.0,635.0
1.0,13314.0,1898.0,1906.0,1425.0,0.0,0.0,0.0,0.0,635.0,636.0,635.0,628.0,633.0,637.0,4976.0,4400.0,3938.0,0.0,0.0,0.0,635.0,636.0,635.0
1.0,12841.0,1914.0,1908.0,45.0,521.0,0.0,0.0,521.0,636.0,636.0,636.0,633.0,639.0,642.0,4482.0,5058.0,3301.0,0.0,0.0,521.0,636.0,636.0,636.0
1.0,10972.0,1925.0,1908.0,0.0,1163.0,0.0,0.0,1163.0,636.0,636.0,636.0,643.0,640.0,642.0,3849.0,4464.0,2659.0,0.0,0.0,1163.0,636.0,636.0,636.0
1.0,9047.0,1934.0,1909.0,0.0,2442.0,618.0,0.0,1824.0,636.0,636.0,637.0,644.0,634.0,656.0,3206.0,3824.0,2017.0,618.0,0.0,1824.0,636.0,636.0,637.0
1.0,7113.0,1942.0,1909.0,521.0,3853.0,1269.0,633.0,1951.0,636.0,636.0,637.0,651.0,643.0,648.0,2562.0,3190.0,1361.0,1269.0,633.0,1951.0,636.0,636.0,637.0
1.0,5692.0,1936.0,1909.0,1163.0,4626.0,1917.0,1266.0,1443.0,636.0,636.0,637.0,648.0,633.0,655.0,1911.0,2547.0,1234.0,1917.0,1266.0,1443.0,636.0,636.0,637.0
1.0,4919.0,1950.0,1911.0,2442.0,4144.0,1956.0,1915.0,273.0,637.0,636.0,638.0,652.0,649.0,649.0,1263.0,1914.0,1742.0,1956.0,1915.0,273.0,637.0,636.0,638.0
1.0,5411.0,1947.0,1911.0,3853.0,3258.0,1337.0,1921.0,0.0,637.0,636.0,638.0,650.0,639.0,658.0,1229.0,1265.0,2917.0,1337.0,1921.0,0.0,637.0,636.0,638.0
1.0,7317.0,1952.0,1911.0,4626.0,1378.0,73.0,1305.0,0.0,637.0,636.0,638.0,653.0,650.0,649.0,1848.0,1259.0,4210.0,73.0,1305.0,0.0,637.0,636.0,638.0
1.0,9991.0,1939.0,1911.0,4144.0,37.0,0.0,37.0,0.0,637.0,636.0,638.0,642.0,647.0,650.0,3112.0,1875.0,5004.0,0.0,37.0,0.0,637.0,636.0,638.0
1.0,12196.0,1957.0,1913.0,3258.0,0.0,0.0,0.0,0.0,637.0,637.0,639.0,654.0,650.0,653.0,4426.0,3143.0,4627.0,0.0,0.0,0.0,637.0,637.0,639.0
1.0,13497.0,1954.0,1914.0,1378.0,0.0,0.0,0.0,0.0,638.0,637.0,639.0,654.0,651.0,649.0,5109.0,4414.0,3974.0,0.0,0.0,0.0,638.0,637.0,639.0
1.0,12921.0,1960.0,1914.0,37.0,524.0,0.0,0.0,524.0,638.0,637.0,639.0,656.0,650.0,654.0,4528.0,5068.0,3325.0,0.0,0.0,524.0,638.0,637.0,639.0
1.0,10998.0,1931.0,1914.0,0.0,1167.0,0.0,0.0,1167.0,638.0,637.0,639.0,645.0,643.0,643.0,3872.0,4455.0,2671.0,0.0,0.0,1167.0,638.0,637.0,639.0
1.0,9067.0,1928.0,1914.0,0.0,2431.0,608.0,14.0,1809.0,638.0,637.0,639.0,645.0,641.0,642.0,3227.0,3812.0,2028.0,608.0,14.0,1809.0,638.0,637.0,639.0
1.0,7139.0,1927.0,1915.0,524.0,3839.0,1257.0,659.0,1923.0,639.0,637.0,639.0,644.0,645.0,638.0,2582.0,3171.0,1386.0,1257.0,659.0,1923.0,639.0,637.0,639.0
1.0,5736.0,1928.0,1916.0,1167.0,4605.0,1897.0,1315.0,1393.0,639.0,638.0,639.0,640.0,651.0,637.0,1938.0,2526.0,1272.0,1897.0,1315.0,1393.0,639.0,638.0,639.0
1.0,4975.0,1915.0,1917.0,2431.0,4094.0,1922.0,1940.0,232.0,639.0,638.0,640.0,633.0,639.0,643.0,1298.0,1875.0,1802.0,1922.0,1940.0,232.0,639.0,638.0,640.0
1.0,5491.0,1916.0,1917.0,3839.0,3235.0,1307.0,1928.0,0.0,639.0,639.0,639.0,642.0,642.0,632.0,1273.0,1250.0,2968.0,1307.0,1928.0,0.0,639.0,639.0,639.0
1.0,7414.0,1910.0,1918.0,4605.0,1295.0,38.0,1257.0,0.0,639.0,639.0,640.0,628.0,644.0,638.0,1888.0,1267.0,4259.0,38.0,1257.0,0.0,639.0,639.0,640.0
1.0,10109.0,1908.0,1918.0,4094.0,0.0,0.0,0.0,0.0,639.0,639.0,640.0,629.0,645.0,634.0,3157.0,1938.0,5014.0,0.0,0.0,0.0,639.0,639.0,640.0
1.0,12295.0,1890.0,1919.0,3235.0,0.0,0.0,0.0,0.0,639.0,640.0,640.0,631.0,633.0,626.0,4450.0,3233.0,4612.0,0.0,0.0,0.0,639.0,640.0,640.0
1.0,13640.0,1913.0,1919.0,1295.0,0.0,0.0,0.0,0.0,639.0,640.0,640.0,632.0,646.0,635.0,5126.0,4528.0,3986.0,0.0,0.0,0.0,639.0,640.0,640.0
1.0,13022.0,1902.0,1919.0,0.0,472.0,0.0,0.0,472.0,640.0,640.0,639.0,637.0,637.0,628.0,4532.0,5139.0,3351.0,0.0,0.0,472.0,640.0,640.0,639.0
1.0,11120.0,1914.0,1921.0,0.0,1112.0,0.0,0.0,1112.0,640.0,641.0,640.0,635.0,644.0,635.0,3895.0,4502.0,2723.0,0.0,0.0,1112.0,640.0,641.0,640.0
1.0,9206.0,1918.0,1921.0,0.0,2332.0,580.0,0.0,1752.0,640.0,641.0,640.0,640.0,638.0,640.0,3260.0,3858.0,2088.0,580.0,0.0,1752.0,640.0,641.0,640.0
1.0,7288.0,1918.0,1921.0,472.0,3763.0,1220.0,624.0,1919.0,640.0,641.0,640.0,640.0,639.0,639.0,2620.0,3220.0,1448.0,1220.0,624.0,1919.0,640.0,641.0,640.0
1.0,5842.0,1934.0,1921.0,1112.0,4585.0,1859.0,1272.0,1454.0,640.0,641.0,640.0,639.0,648.0,647.0,1980.0,2581.0,1281.0,1859.0,1272.0,1454.0,640.0,641.0,640.0
1.0,5020.0,1929.0,1923.0,2332.0,4192.0,1933.0,1919.0,340.0,641.0,642.0,640.0,649.0,642.0,638.0,1341.0,1933.0,1746.0,1933.0,1919.0,340.0,641.0,642.0,640.0
1.0,5423.0,1942.0,1923.0,3763.0,3310.0,1364.0,1946.0,0.0,641.0,642.0,640.0,651.0,651.0,640.0,1272.0,1291.0,2860.0,1364.0,1946.0,0.0,641.0,642.0,640.0
1.0,7244.0,1939.0,1923.0,4585.0,1472.0,149.0,1323.0,0.0,641.0,642.0,640.0,644.0,649.0,646.0,1841.0,1264.0,4139.0,149.0,1323.0,0.0,641.0,642.0,640.0
1.0,9890.0,1958.0,1923.0,4192.0,58.0,0.0,58.0,0.0,641.0,642.0,640.0,656.0,654.0,648.0,3056.0,1887.0,4947.0,0.0,58.0,0.0,641.0,642.0,640.0
1.0,12124.0,1963.0,1924.0,3310.0,0.0,0.0,0.0,0.0,641.0,642.0,641.0,653.0,656.0,654.0,4333.0,3152.0,4639.0,0.0,0.0,0.0,641.0,642.0,641.0
1.0,13471.0,1970.0,1925.0,1472.0,0.0,0.0,0.0,0.0,641.0,643.0,641.0,661.0,651.0,658.0,5044.0,4442.0,3985.0,0.0,0.0,0.0,641.0,643.0,641.0
1.0,12973.0,1977.0,1925.0,58.0,533.0,0.0,0.0,533.0,641.0,643.0,641.0,667.0,655.0,655.0,4532.0,5114.0,3327.0,0.0,0.0,533.0,641.0,643.0,641.0
1.0,11054.0,1962.0,1926.0,0.0,1197.0,12.0,0.0,1185.0,642.0,643.0,641.0,667.0,643.0,652.0,3865.0,4517.0,2672.0,12.0,0.0,1185.0,642.0,643.0,641.0
1.0,9092.0,1972.0,1927.0,0.0,2525.0,672.0,0.0,1853.0,642.0,643.0,642.0,660.0,649.0,663.0,3198.0,3874.0,2020.0,672.0,0.0,1853.0,642.0,643.0,642.0
1.0,7120.0,1972.0,1927.0,533.0,3954.0,1333.0,643.0,1978.0,642.0,643.0,642.0,661.0,653.0,658.0,2538.0,3225.0,1357.0,1333.0,643.0,1978.0,642.0,643.0,642.0
1.0,5681.0,1963.0,1929.0,1197.0,4730.0,1978.0,1295.0,1457.0,643.0,643.0,643.0,652.0,652.0,659.0,1877.0,2572.0,1232.0,1978.0,1295.0,1457.0,643.0,643.0,643.0
1.0,4915.0,1949.0,1929.0,2525.0,4154.0,1964.0,1944.0,246.0,643.0,643.0,643.0,658.0,649.0,642.0,1237.0,1920.0,1758.0,1964.0,1944.0,246.0,643.0,643.0,643.0
1.0,5491.0,1952.0,1929.0,3954.0,3229.0,1282.0,1947.0,0.0,643.0,643.0,643.0,651.0,646.0,655.0,1251.0,1271.0,2969.0,1282.0,1947.0,0.0,643.0,643.0,643.0
1.0,7493.0,1949.0,1929.0,4730.0,1301.0,0.0,1301.0,0.0,643.0,643.0,643.0,650.0,649.0,650.0,1933.0,1268.0,4292.0,0.0,1301.0,0.0,643.0,643.0,643.0
1.0,10274.0,1937.0,1931.0,4154.0,1.0,0.0,1.0,0.0,644.0,643.0,644.0,642.0,644.0,651.0,3261.0,1914.0,5099.0,0.0,1.0,0.0,644.0,643.0,644.0
1.0,12491.0,1934.0,1931.0,3229.0,0.0,0.0,0.0,0.0,644.0,643.0,644.0,637.0,644.0,653.0,4583.0,3214.0,4694.0,0.0,0.0,0.0,644.0,643.0,644.0
1.0,13786.0,1935.0,1931.0,1301.0,0.0,0.0,0.0,0.0,644.0,643.0,644.0,646.0,643.0,646.0,5228.0,4517.0,4041.0,0.0,0.0,0.0,644.0,643.0,644.0
1.0,13152.0,1926.0,1932.0,1.0,467.0,0.0,0.0,467.0,644.0,644.0,644.0,641.0,643.0,642.0,4582.0,5175.0,3395.0,0.0,0.0,467.0,644.0,644.0,644.0
1.0,11227.0,1934.0,1934.0,0.0,1117.0,0.0,0.0,1117.0,645.0,644.0,645.0,646.0,643.0,645.0,3941.0,4533.0,2753.0,0.0,0.0,1117.0,645.0,644.0,645.0
1.0,9293.0,1924.0,1934.0,0.0,2335.0,571.0,0.0,1764.0,645.0,644.0,645.0,641.0,636.0,647.0,3295.0,3890.0,2108.0,571.0,0.0,1764.0,645.0,644.0,645.0
1.0,7369.0,1933.0,1934.0,467.0,3767.0,1210.0,612.0,1945.0,645.0,644.0,645.0,639.0,646.0,648.0,2654.0,3254.0,1461.0,1210.0,612.0,1945.0,645.0,644.0,645.0
1.0,5903.0,1932.0,1935.0,1117.0,4587.0,1849.0,1257.0,1481.0,645.0,644.0,646.0,639.0,645.0,648.0,2015.0,2608.0,1280.0,1849.0,1257.0,1481.0,645.0,644.0,646.0
1.0,5088.0,1940.0,1936.0,2335.0,4197.0,1933.0,1896.0,368.0,646.0,644.0,646.0,650.0,639.0,651.0,1376.0,1963.0,1749.0,1933.0,1896.0,368.0,646.0,644.0,646.0
1.0,5483.0,1937.0,1937.0,3767.0,3300.0,1364.0,1936.0,0.0,646.0,645.0,646.0,641.0,647.0,649.0,1297.0,1324.0,2862.0,1364.0,1936.0,0.0,646.0,645.0,646.0
1.0,7313.0,1955.0,1937.0,4587.0,1496.0,163.0,1333.0,0.0,646.0,645.0,646.0,648.0,654.0,653.0,1866.0,1289.0,4158.0,163.0,1333.0,0.0,646.0,645.0,646.0
1.0,9945.0,1956.0,1938.0,4197.0,96.0,0.0,96.0,0.0,646.0,645.0,647.0,647.0,659.0,650.0,3067.0,1892.0,4986.0,0.0,96.0,0.0,646.0,645.0,647.0
1.0,12186.0,1960.0,1939.0,3300.0,0.0,0.0,0.0,0.0,646.0,646.0,647.0,647.0,655.0,658.0,4353.0,3129.0,4704.0,0.0,0.0,0.0,646.0,646.0,647.0
1.0,13526.0,1959.0,1939.0,1496.0,0.0,0.0,0.0,0.0,646.0,646.0,647.0,650.0,652.0,657.0,5070.0,4410.0,4046.0,0.0,0.0,0.0,646.0,646.0,647.0
1.0,13063.0,1970.0,1939.0,96.0,504.0,0.0,0.0,504.0,646.0,646.0,647.0,649.0,663.0,658.0,4583.0,5091.0,3389.0,0.0,0.0,504.0,646.0,646.0,647.0
1.0,11189.0,1983.0,1941.0,0.0,1157.0,0.0,0.0,1157.0,647.0,647.0,647.0,665.0,665.0,653.0,3934.0,4524.0,2731.0,0.0,0.0,1157.0,647.0,647.0,647.0
1.0,9206.0,1975.0,1941.0,0.0,2474.0,625.0,38.0,1811.0,647.0,647.0,647.0,659.0,662.0,654.0,3269.0,3859.0,2078.0,625.0,38.0,1811.0,647.0,647.0,647.0
1.0,7231.0,1976.0,1942.0,504.0,3951.0,1281.0,704.0,1966.0,647.0,648.0,647.0,656.0,661.0,659.0,2610.0,3197.0,1424.0,1281.0,704.0,1966.0,647.0,648.0,647.0
1.0,5759.0,1986.0,1942.0,1157.0,4780.0,1945.0,1366.0,1469.0,647.0,648.0,647.0,664.0,662.0,660.0,1954.0,2536.0,1269.0,1945.0,1366.0,1469.0,647.0,648.0,647.0
1.0,4930.0,1986.0,1944.0,2474.0,4302.0,1989.0,1992.0,321.0,648.0,648.0,648.0,664.0,664.0,658.0,1290.0,1874.0,1766.0,1989.0,1992.0,321.0,648.0,648.0,648.0
1.0,5418.0,1986.0,1945.0,3951.0,3328.0,1372.0,1956.0,0.0,648.0,649.0,648.0,664.0,663.0,659.0,1251.0,1248.0,2919.0,1372.0,1956.0,0.0,648.0,649.0,648.0
1.0,7383.0,1975.0,1945.0,4780.0,1340.0,92.0,1248.0,0.0,648.0,649.0,648.0,665.0,658.0,652.0,1868.0,1289.0,4226.0,92.0,1248.0,0.0,648.0,649.0,648.0
1.0,10188.0,1978.0,1945.0,4302.0,0.0,0.0,0.0,0.0,648.0,649.0,648.0,667.0,654.0,657.0,3148.0,1997.0,5043.0,0.0,0.0,0.0,648.0,649.0,648.0
1.0,12512.0,1969.0,1946.0,3328.0,0.0,0.0,0.0,0.0,649.0,649.0,648.0,663.0,659.0,647.0,4470.0,3335.0,4707.0,0.0,0.0,0.0,649.0,649.0,648.0
1.0,13871.0,1969.0,1946.0,1340.0,0.0,0.0,0.0,0.0,649.0,649.0,648.0,663.0,657.0,649.0,5179.0,4632.0,4060.0,0.0,0.0,0.0,649.0,649.0,648.0
1.0,13242.0,1966.0,1947.0,0.0,485.0,0.0,0.0,485.0,649.0,650.0,648.0,657.0,653.0,656.0,4608.0,5223.0,3411.0,0.0,0.0,485.0,649.0,650.0,648.0
1.0,11276.0,1942.0,1947.0,0.0,1138.0,0.0,0.0,1138.0,649.0,649.0,649.0,647.0,647.0,648.0,3951.0,4570.0,2755.0,0.0,0.0,1138.0,649.0,649.0,649.0
1.0,9334.0,1952.0,1949.0,0.0,2382.0,598.0,0.0,1784.0,650.0,650.0,649.0,652.0,654.0,646.0,3304.0,3923.0,2107.0,598.0,0.0,1784.0,650.0,650.0,649.0
1.0,7382.0,1948.0,1949.0,485.0,3826.0,1244.0,628.0,1954.0,650.0,650.0,649.0,646.0,647.0,655.0,2652.0,3269.0,1461.0,1244.0,628.0,1954.0,650.0,650.0,649.0
1.0,5919.0,1937.0,1949.0,1138.0,4625.0,1889.0,1273.0,1463.0,650.0,650.0,649.0,645.0,645.0,647.0,2006.0,2622.0,1291.0,1889.0,1273.0,1463.0,650.0,650.0,649.0
1.0,5120.0,1936.0,1949.0,2382.0,4179.0,1938.0,1914.0,327.0,650.0,650.0,649.0,647.0,641.0,648.0,1361.0,1977.0,1782.0,1938.0,1914.0,327.0,650.0,650.0,649.0
1.0,5566.0,1943.0,1951.0,3826.0,3279.0,1346.0,1933.0,0.0,651.0,650.0,650.0,647.0,647.0,649.0,1312.0,1336.0,2918.0,1346.0,1933.0,0.0,651.0,650.0,650.0
1.0,7449.0,1941.0,1951.0,4625.0,1407.0,104.0,1303.0,0.0,651.0,650.0,650.0,647.0,643.0,651.0,1909.0,1317.0,4223.0,104.0,1303.0,0.0,651.0,650.0,650.0
1.0,10133.0,1943.0,1952.0,4179.0,31.0,0.0,31.0,0.0,651.0,650.0,651.0,645.0,642.0,656.0,3151.0,1947.0,5035.0,0.0,31.0,0.0,651.0,650.0,651.0
1.0,12369.0,1948.0,1952.0,3279.0,0.0,0.0,0.0,0.0,651.0,650.0,651.0,648.0,653.0,647.0,4444.0,3219.0,4706.0,0.0,0.0,0.0,651.0,650.0,651.0
1.0,13700.0,1943.0,1953.0,1407.0,0.0,0.0,0.0,0.0,652.0,650.0,651.0,652.0,639.0,652.0,5142.0,4499.0,4059.0,0.0,0.0,0.0,652.0,650.0,651.0
1.0,13164.0,1952.0,1953.0,31.0,501.0,0.0,0.0,501.0,652.0,650.0,651.0,649.0,650.0,653.0,4594.0,5163.0,3407.0,0.0,0.0,501.0,652.0,650.0,651.0
1.0,11243.0,1960.0,1955.0,0.0,1163.0,0.0,0.0,1163.0,652.0,651.0,652.0,649.0,654.0,657.0,3945.0,4544.0,2754.0,0.0,0.0,1163.0,652.0,651.0,652.0
1.0,9283.0,1973.0,1955.0,0.0,2465.0,620.0,24.0,1821.0,652.0,651.0,652.0,656.0,659.0,658.0,3296.0,3890.0,2097.0,620.0,24.0,1821.0,652.0,651.0,652.0
1.0,7310.0,1986.0,1956.0,501.0,3955.0,1277.0,688.0,1990.0,652.0,651.0,653.0,657.0,664.0,665.0,2640.0,3231.0,1439.0,1277.0,688.0,1990.0,652.0,651.0,653.0
1.0,5825.0,1990.0,1957.0,1163.0,4787.0,1944.0,1350.0,1493.0,653.0,651.0,653.0,662.0,662.0,666.0,1983.0,2567.0,1275.0,1944.0,1350.0,1493.0,653.0,651.0,653.0
1.0,4998.0,1987.0,1958.0,2465.0,4314.0,1979.0,1997.0,338.0,653.0,652.0,653.0,655.0,666.0,666.0,1321.0,1905.0,1772.0,1979.0,1997.0,338.0,653.0,652.0,653.0
1.0,5476.0,1998.0,1959.0,3955.0,3340.0,1364.0,1976.0,0.0,653.0,652.0,654.0,662.0,667.0,669.0,1286.0,1263.0,2927.0,1364.0,1976.0,0.0,653.0,652.0,654.0
1.0,7433.0,2001.0,1959.0,4787.0,1378.0,83.0,1295.0,0.0,653.0,652.0,654.0,663.0,669.0,669.0,1901.0,1284.0,4248.0,83.0,1295.0,0.0,653.0,652.0,654.0
1.0,10219.0,2006.0,1960.0,4314.0,0.0,0.0,0.0,0.0,653.0,653.0,654.0,661.0,674.0,671.0,3182.0,1965.0,5072.0,0.0,0.0,0.0,653.0,653.0,654.0
1.0,12527.0,2003.0,1960.0,3340.0,0.0,0.0,0.0,0.0,653.0,653.0,654.0,667.0,667.0,669.0,4500.0,3288.0,4739.0,0.0,0.0,0.0,653.0,653.0,654.0
1.0,13864.0,1999.0,1960.0,1378.0,0.0,0.0,0.0,0.0,653.0,653.0,654.0,666.0,668.0,665.0,5197.0,4597.0,4070.0,0.0,0.0,0.0,653.0,653.0,654.0
1.0,13243.0,2000.0,1962.0,0.0,535.0,0.0,0.0,535.0,653.0,654.0,655.0,668.0,667.0,665.0,4614.0,5224.0,3405.0,0.0,0.0,535.0,653.0,654.0,655.0
1.0,11243.0,1991.0,1962.0,0.0,1197.0,0.0,0.0,1197.0,653.0,654.0,655.0,661.0,668.0,662.0,3946.0,4557.0,2740.0,0.0,0.0,1197.0,653.0,654.0,655.0
1.0,9252.0,1999.0,1962.0,0.0,2557.0,649.0,45.0,1863.0,653.0,654.0,655.0,669.0,664.0,666.0,3285.0,3889.0,2078.0,649.0,45.0,1863.0,653.0,654.0,655.0
1.0,7253.0,1985.0,1964.0,535.0,4017.0,1322.0,711.0,1984.0,654.0,655.0,655.0,668.0,661.0,656.0,2616.0,3225.0,1412.0,1322.0,711.0,1984.0,654.0,655.0,655.0
1.0,5803.0,1991.0,1964.0,1197.0,4811.0,1994.0,1374.0,1443.0,654.0,655.0,655.0,672.0,663.0,656.0,1948.0,2564.0,1291.0,1994.0,1374.0,1443.0,654.0,655.0,655.0
1.0,5009.0,1978.0,1964.0,2557.0,4232.0,2009.0,1987.0,236.0,654.0,655.0,655.0,664.0,658.0,656.0,1276.0,1901.0,1832.0,2009.0,1987.0,236.0,654.0,655.0,655.0
1.0,5588.0,1974.0,1965.0,4017.0,3287.0,1354.0,1933.0,0.0,655.0,655.0,655.0,662.0,657.0,655.0,1261.0,1288.0,3039.0,1354.0,1933.0,0.0,655.0,655.0,655.0
1.0,7631.0,1967.0,1966.0,4811.0,1239.0,21.0,1218.0,0.0,655.0,656.0,655.0,661.0,654.0,652.0,1921.0,1342.0,4368.0,21.0,1218.0,0.0,655.0,656.0,655.0
1.0,10475.0,1964.0,1967.0,4232.0,0.0,0.0,0.0,0.0,655.0,656.0,656.0,652.0,660.0,652.0,3254.0,2062.0,5159.0,0.0,0.0,0.0,655.0,656.0,656.0
1.0,12743.0,1957.0,1968.0,3287.0,0.0,0.0,0.0,0.0,656.0,656.0,656.0,656.0,649.0,652.0,4611.0,3389.0,4743.0,0.0,0.0,0.0,656.0,656.0,656.0
1.0,14073.0,1953.0,1968.0,1239.0,0.0,0.0,0.0,0.0,656.0,656.0,656.0,652.0,650.0,651.0,5309.0,4673.0,4091.0,0.0,0.0,0.0,656.0,656.0,656.0
1.0,13359.0,1942.0,1968.0,0.0,481.0,0.0,0.0,481.0,656.0,656.0,656.0,649.0,652.0,641.0,4678.0,5241.0,3440.0,0.0,0.0,481.0,656.0,656.0,656.0
1.0,11417.0,1951.0,1968.0,0.0,1129.0,0.0,0.0,1129.0,656.0,656.0,656.0,653.0,650.0,648.0,4029.0,4589.0,2799.0,0.0,0.0,1129.0,656.0,656.0,656.0
1.0,9466.0,1948.0,1969.0,0.0,2327.0,554.0,3.0,1770.0,656.0,657.0,656.0,650.0,657.0,641.0,3376.0,3939.0,2151.0,554.0,3.0,1770.0,656.0,657.0,656.0
1.0,7518.0,1950.0,1969.0,481.0,3796.0,1203.0,655.0,1938.0,656.0,657.0,656.0,649.0,652.0,649.0,2726.0,3282.0,1510.0,1203.0,655.0,1938.0,656.0,657.0,656.0
1.0,6049.0,1958.0,1970.0,1129.0,4630.0,1861.0,1310.0,1459.0,657.0,657.0,656.0,653.0,655.0,650.0,2077.0,2630.0,1342.0,1861.0,1310.0,1459.0,657.0,657.0,656.0
1.0,5220.0,1962.0,1970.0,2327.0,4265.0,1965.0,1958.0,342.0,657.0,657.0,656.0,658.0,651.0,653.0,1424.0,1975.0,1821.0,1965.0,1958.0,342.0,657.0,657.0,656.0
1.0,5585.0,1971.0,1970.0,3796.0,3377.0,1418.0,1959.0,0.0,657.0,657.0,656.0,656.0,656.0,659.0,1320.0,1327.0,2938.0,1418.0,1959.0,0.0,657.0,657.0,656.0
1.0,7410.0,1982.0,1970.0,4630.0,1525.0,216.0,1309.0,0.0,657.0,657.0,656.0,659.0,660.0,663.0,1867.0,1326.0,4217.0,216.0,1309.0,0.0,657.0,657.0,656.0
1.0,10058.0,1991.0,1970.0,4265.0,13.0,0.0,13.0,0.0,657.0,657.0,656.0,665.0,662.0,664.0,3069.0,1976.0,5013.0,0.0,13.0,0.0,657.0,657.0,656.0
1.0,12332.0,1988.0,1970.0,3377.0,0.0,0.0,0.0,0.0,657.0,657.0,656.0,662.0,663.0,663.0,4369.0,3272.0,4691.0,0.0,0.0,0.0,657.0,657.0,656.0
1.0,13721.0,2007.0,1971.0,1525.0,0.0,0.0,0.0,0.0,658.0,657.0,656.0,669.0,673.0,665.0,5125.0,4568.0,4028.0,0.0,0.0,0.0,658.0,657.0,656.0
1.0,13239.0,2004.0,1971.0,13.0,580.0,0.0,0.0,580.0,658.0,657.0,656.0,670.0,671.0,663.0,4672.0,5204.0,3363.0,0.0,0.0,580.0,658.0,657.0,656.0
1.0,11248.0,2003.0,1972.0,0.0,1246.0,0.0,0.0,1246.0,658.0,658.0,656.0,664.0,673.0,666.0,4002.0,4546.0,2700.0,0.0,0.0,1246.0,658.0,658.0,656.0
1.0,9245.0,2014.0,1973.0,0.0,2634.0,625.0,86.0,1923.0,658.0,658.0,657.0,673.0,669.0,672.0,3338.0,3873.0,2034.0,625.0,86.0,1923.0,658.0,658.0,657.0
1.0,7231.0,2012.0,1973.0,580.0,4066.0,1291.0,760.0,2015.0,658.0,658.0,657.0,666.0,674.0,672.0,2665.0,3204.0,1362.0,1291.0,760.0,2015.0,658.0,658.0,657.0
1.0,5799.0,2000.0,1973.0,1246.0,4820.0,1956.0,1424.0,1440.0,658.0,658.0,657.0,665.0,664.0,671.0,1999.0,2530.0,1270.0,1956.0,1424.0,1440.0,658.0,658.0,657.0
1.0,5045.0,2012.0,1974.0,2634.0,4203.0,2002.0,2005.0,196.0,658.0,658.0,658.0,671.0,667.0,674.0,1334.0,1866.0,1845.0,2002.0,2005.0,196.0,658.0,658.0,658.0
1.0,5667.0,2014.0,1974.0,4066.0,3300.0,1385.0,1915.0,0.0,658.0,658.0,658.0,674.0,670.0,670.0,1288.0,1285.0,3094.0,1385.0,1915.0,0.0,658.0,658.0,658.0
1.0,7719.0,1998.0,1975.0,4820.0,1260.0,98.0,1162.0,0.0,658.0,659.0,658.0,669.0,666.0,663.0,1905.0,1375.0,4439.0,98.0,1162.0,0.0,658.0,659.0,658.0
1.0,10541.0,2010.0,1977.0,4203.0,0.0,0.0,0.0,0.0,659.0,659.0,659.0,677.0,666.0,667.0,3192.0,2133.0,5216.0,0.0,0.0,0.0,659.0,659.0,659.0
1.0,12734.0,2000.0,1977.0,3300.0,0.0,0.0,0.0,0.0,659.0,659.0,659.0,665.0,669.0,666.0,4517.0,3472.0,4745.0,0.0,0.0,0.0,659.0,659.0,659.0
1.0,14034.0,2003.0,1979.0,1260.0,0.0,0.0,0.0,0.0,660.0,660.0,659.0,669.0,666.0,668.0,5237.0,4718.0,4079.0,0.0,0.0,0.0,660.0,660.0,659.0
1.0,13291.0,1990.0,1980.0,0.0,555.0,0.0,0.0,555.0,660.0,660.0,660.0,659.0,665.0,666.0,4666.0,5214.0,3411.0,0.0,0.0,555.0,660.0,660.0,660.0
1.0,11301.0,1989.0,1980.0,0.0,1220.0,0.0,0.0,1220.0,660.0,660.0,660.0,659.0,665.0,665.0,4007.0,4549.0,2745.0,0.0,0.0,1220.0,660.0,660.0,660.0
1.0,9312.0,1991.0,1981.0,0.0,2584.0,615.0,85.0,1884.0,660.0,661.0,660.0,663.0,664.0,664.0,3348.0,3884.0,2080.0,615.0,85.0,1884.0,660.0,661.0,660.0
1.0,7321.0,1978.0,1982.0,555.0,4012.0,1278.0,746.0,1988.0,661.0,661.0,660.0,658.0,661.0,659.0,2685.0,3220.0,1416.0,1278.0,746.0,1988.0,661.0,661.0,660.0
1.0,5898.0,1971.0,1982.0,1220.0,4763.0,1934.0,1406.0,1423.0,661.0,661.0,660.0,656.0,660.0,655.0,2027.0,2559.0,1312.0,1934.0,1406.0,1423.0,661.0,661.0,660.0
1.0,5147.0,1989.0,1984.0,2584.0,4178.0,1983.0,1984.0,211.0,661.0,662.0,661.0,664.0,658.0,667.0,1371.0,1899.0,1877.0,1983.0,1984.0,211.0,661.0,662.0,661.0
1.0,5742.0,1983.0,1984.0,4012.0,3266.0,1368.0,1898.0,0.0,661.0,662.0,661.0,663.0,660.0,660.0,1322.0,1326.0,3094.0,1368.0,1898.0,0.0,661.0,662.0,661.0
1.0,7771.0,1994.0,1985.0,4763.0,1257.0,101.0,1156.0,0.0,662.0,662.0,661.0,662.0,664.0,668.0,1937.0,1412.0,4422.0,101.0,1156.0,0.0,662.0,662.0,661.0
1.0,10540.0,1996.0,1987.0,4178.0,0.0,0.0,0.0,0.0,662.0,663.0,662.0,661.0,667.0,668.0,3209.0,2154.0,5177.0,0.0,0.0,0.0,662.0,663.0,662.0
1.0,12722.0,1993.0,1987.0,3266.0,0.0,0.0,0.0,0.0,662.0,663.0,662.0,674.0,657.0,662.0,4531.0,3471.0,4720.0,0.0,0.0,0.0,662.0,663.0,662.0
1.0,13995.0,1998.0,1987.0,1257.0,0.0,0.0,0.0,0.0,662.0,663.0,662.0,663.0,672.0,663.0,5225.0,4712.0,4058.0,0.0,0.0,0.0,662.0,663.0,662.0
1.0,13254.0,2012.0,1987.0,0.0,595.0,0.0,0.0,595.0,662.0,663.0,662.0,660.0,672.0,680.0,4663.0,5196.0,3395.0,0.0,0.0,595.0,662.0,663.0,662.0
1.0,11242.0,2008.0,1988.0,0.0,1261.0,0.0,0.0,1261.0,663.0,663.0,662.0,669.0,673.0,666.0,4003.0,4524.0,2715.0,0.0,0.0,1261.0,663.0,663.0,662.0
1.0,9234.0,2012.0,1988.0,0.0,2718.0,656.0,136.0,1926.0,663.0,663.0,662.0,675.0,672.0,665.0,3334.0,3851.0,2049.0,656.0,136.0,1926.0,663.0,663.0,662.0
1.0,7222.0,2010.0,1988.0,595.0,4133.0,1328.0,802.0,2003.0,663.0,663.0,662.0,672.0,666.0,672.0,2659.0,3179.0,1384.0,1328.0,802.0,2003.0,663.0,663.0,662.0
1.0,5807.0,2009.0,1988.0,1261.0,4881.0,1996.0,1468.0,1417.0,663.0,663.0,662.0,668.0,666.0,675.0,1987.0,2513.0,1307.0,1996.0,1468.0,1417.0,663.0,663.0,662.0
1.0,5059.0,2029.0,1988.0,2718.0,4192.0,2011.0,2011.0,170.0,663.0,663.0,662.0,671.0,679.0,679.0,1319.0,1847.0,1893.0,2011.0,2011.0,170.0,663.0,663.0,662.0
1.0,5748.0,2017.0,1989.0,4133.0,3238.0,1363.0,1875.0,0.0,664.0,663.0,662.0,675.0,666.0,676.0,1304.0,1304.0,3140.0,1363.0,1875.0,0.0,664.0,663.0,662.0
1.0,7864.0,2011.0,1989.0,4881.0,1116.0,39.0,1077.0,0.0,664.0,663.0,662.0,672.0,670.0,669.0,1957.0,1440.0,4467.0,39.0,1077.0,0.0,664.0,663.0,662.0
1.0,10734.0,2022.0,1991.0,4192.0,0.0,0.0,0.0,0.0,664.0,664.0,663.0,678.0,678.0,666.0,3281.0,2238.0,5215.0,0.0,0.0,0.0,664.0,664.0,663.0
1.0,12904.0,2006.0,1991.0,3238.0,0.0,0.0,0.0,0.0,664.0,664.0,663.0,670.0,668.0,668.0,4614.0,3571.0,4719.0,0.0,0.0,0.0,664.0,664.0,663.0
1.0,14136.0,2017.0,1991.0,1116.0,0.0,0.0,0.0,0.0,664.0,664.0,663.0,676.0,671.0,670.0,5307.0,4778.0,4051.0,0.0,0.0,0.0,664.0,664.0,663.0
1.0,13235.0,2007.0,1991.0,0.0,603.0,0.0,0.0,603.0,664.0,664.0,663.0,673.0,665.0,669.0,4670.0,5184.0,3381.0,0.0,0.0,603.0,664.0,664.0,663.0
1.0,11228.0,2008.0,1991.0,0.0,1268.0,0.0,0.0,1268.0,664.0,664.0,663.0,674.0,669.0,665.0,3997.0,4519.0,2712.0,0.0,0.0,1268.0,664.0,664.0,663.0
1.0,9220.0,2011.0,1991.0,0.0,2746.0,667.0,140.0,1939.0,664.0,664.0,663.0,670.0,670.0,671.0,3323.0,3850.0,2047.0,667.0,140.0,1939.0,664.0,664.0,663.0
1.0,7209.0,1992.0,1993.0,603.0,4145.0,1341.0,800.0,2004.0,665.0,664.0,664.0,669.0,660.0,663.0,2653.0,3180.0,1376.0,1341.0,800.0,2004.0,665.0,664.0,664.0
1.0,5820.0,1990.0,1993.0,1268.0,4867.0,2010.0,1462.0,1395.0,665.0,664.0,664.0,669.0,662.0,659.0,1984.0,2520.0,1316.0,2010.0,1462.0,1395.0,665.0,664.0,664.0
1.0,5098.0,1996.0,1993.0,2746.0,4117.0,2011.0,1987.0,119.0,665.0,664.0,664.0,668.0,665.0,663.0,1315.0,1858.0,1925.0,2011.0,1987.0,119.0,665.0,664.0,664.0
1.0,5848.0,1986.0,1994.0,4145.0,3190.0,1327.0,1863.0,0.0,665.0,665.0,664.0,657.0,671.0,658.0,1314.0,1333.0,3201.0,1327.0,1863.0,0.0,665.0,665.0,664.0
1.0,8007.0,1998.0,1994.0,4867.0,1065.0,0.0,1065.0,0.0,665.0,665.0,664.0,669.0,664.0,665.0,1998.0,1462.0,4547.0,0.0,1065.0,0.0,665.0,665.0,664.0
1.0,10876.0,1992.0,1996.0,4117.0,0.0,0.0,0.0,0.0,666.0,665.0,665.0,664.0,667.0,661.0,3339.0,2260.0,5277.0,0.0,0.0,0.0,666.0,665.0,665.0
1.0,13001.0,2004.0,1997.0,3190.0,0.0,0.0,0.0,0.0,666.0,666.0,665.0,674.0,668.0,662.0,4686.0,3580.0,4735.0,0.0,0.0,0.0,666.0,666.0,665.0
1.0,14187.0,2000.0,1997.0,1065.0,0.0,0.0,0.0,0.0,666.0,666.0,665.0,668.0,672.0,660.0,5339.0,4775.0,4073.0,0.0,0.0,0.0,666.0,666.0,665.0
1.0,13252.0,2001.0,1999.0,0.0,586.0,0.0,0.0,586.0,667.0,666.0,666.0,664.0,668.0,669.0,4671.0,5168.0,3413.0,0.0,0.0,586.0,667.0,666.0,666.0
1.0,11251.0,2020.0,2000.0,0.0,1267.0,5.0,0.0,1262.0,667.0,667.0,666.0,677.0,667.0,676.0,4007.0,4500.0,2744.0,5.0,0.0,1262.0,667.0,667.0,666.0
1.0,9231.0,2014.0,2001.0,0.0,2788.0,684.0,174.0,1930.0,668.0,667.0,666.0,674.0,672.0,668.0,3330.0,3833.0,2068.0,684.0,174.0,1930.0,668.0,667.0,666.0
1.0,7217.0,2027.0,2002.0,586.0,4234.0,1359.0,845.0,2030.0,668.0,667.0,667.0,675.0,671.0,681.0,2656.0,3161.0,1400.0,1359.0,845.0,2030.0,668.0,667.0,667.0
1.0,5776.0,2032.0,2003.0,1267.0,5004.0,2031.0,1526.0,1447.0,668.0,668.0,667.0,677.0,676.0,679.0,1981.0,2490.0,1305.0,2031.0,1526.0,1447.0,668.0,668.0,667.0
1.0,5011.0,2042.0,2004.0,2788.0,4263.0,2023.0,2030.0,210.0,668.0,668.0,668.0,676.0,678.0,688.0,1309.0,1814.0,1888.0,2023.0,2030.0,210.0,668.0,668.0,668.0
1.0,5757.0,2032.0,2005.0,4234.0,3204.0,1342.0,1862.0,0.0,669.0,668.0,668.0,673.0,677.0,682.0,1317.0,1310.0,3130.0,1342.0,1862.0,0.0,669.0,668.0,668.0
1.0,7959.0,2032.0,2005.0,5004.0,1016.0,0.0,1016.0,0.0,669.0,668.0,668.0,671.0,680.0,681.0,2003.0,1478.0,4478.0,0.0,1016.0,0.0,669.0,668.0,668.0
1.0,10931.0,2046.0,2007.0,4263.0,0.0,0.0,0.0,0.0,669.0,669.0,669.0,679.0,683.0,684.0,3363.0,2324.0,5244.0,0.0,0.0,0.0,669.0,669.0,669.0
1.0,13148.0,2037.0,2007.0,3204.0,0.0,0.0,0.0,0.0,669.0,669.0,669.0,672.0,684.0,681.0,4707.0,3671.0,4770.0,0.0,0.0,0.0,669.0,669.0,669.0
1.0,14315.0,2040.0,2007.0,1016.0,0.0,0.0,0.0,0.0,669.0,669.0,669.0,677.0,681.0,682.0,5377.0,4849.0,4089.0,0.0,0.0,0.0,669.0,669.0,669.0
1.0,13291.0,2045.0,2007.0,0.0,621.0,0.0,0.0,621.0,669.0,669.0,669.0,678.0,684.0,683.0,4700.0,5184.0,3407.0,0.0,0.0,621.0,669.0,669.0,669.0
1.0,11246.0,2039.0,2009.0,0.0,1313.0,4.0,0.0,1309.0,670.0,669.0,670.0,676.0,680.0,683.0,4022.0,4500.0,2724.0,4.0,0.0,1309.0,670.0,669.0,670.0
1.0,9207.0,2014.0,2009.0,0.0,2852.0,664.0,204.0,1984.0,669.0,670.0,670.0,665.0,674.0,675.0,3346.0,3820.0,2041.0,664.0,204.0,1984.0,669.0,670.0,670.0
1.0,7193.0,2025.0,2009.0,621.0,4256.0,1336.0,875.0,2045.0,669.0,670.0,670.0,672.0,671.0,682.0,2681.0,3146.0,1366.0,1336.0,875.0,2045.0,669.0,670.0,670.0
1.0,5789.0,2027.0,2009.0,1313.0,4970.0,2002.0,1554.0,1414.0,669.0,670.0,670.0,670.0,679.0,678.0,2009.0,2475.0,1305.0,2002.0,1554.0,1414.0,669.0,670.0,670.0
1.0,5075.0,2009.0,2009.0,2852.0,4127.0,2011.0,2012.0,104.0,669.0,670.0,670.0,673.0,662.0,674.0,1343.0,1796.0,1936.0,2011.0,2012.0,104.0,669.0,670.0,670.0
1.0,5918.0,2012.0,2009.0,4256.0,3152.0,1347.0,1805.0,0.0,669.0,670.0,670.0,672.0,668.0,672.0,1334.0,1338.0,3246.0,1347.0,1805.0,0.0,669.0,670.0,670.0
1.0,8162.0,2010.0,2011.0,4970.0,940.0,23.0,917.0,0.0,670.0,670.0,671.0,673.0,666.0,671.0,1998.0,1545.0,4619.0,23.0,917.0,0.0,670.0,670.0,671.0
1.0,11122.0,2007.0,2011.0,4127.0,0.0,0.0,0.0,0.0,670.0,670.0,671.0,667.0,666.0,674.0,3327.0,2433.0,5362.0,0.0,0.0,0.0,670.0,670.0,671.0
1.0,13242.0,2007.0,2011.0,3152.0,0.0,0.0,0.0,0.0,670.0,670.0,671.0,674.0,667.0,666.0,4671.0,3779.0,4792.0,0.0,0.0,0.0,670.0,670.0,671.0
1.0,14387.0,2002.0,2011.0,940.0,0.0,0.0,0.0,0.0,670.0,670.0,671.0,673.0,664.0,665.0,5344.0,4917.0,4126.0,0.0,0.0,0.0,670.0,670.0,671.0
1.0,13325.0,2009.0,2012.0,0.0,562.0,0.0,0.0,562.0,671.0,670.0,671.0,676.0,665.0,668.0,4694.0,5170.0,3461.0,0.0,0.0,562.0,671.0,670.0,671.0
1.0,11316.0,2005.0,2012.0,0.0,1235.0,12.0,0.0,1223.0,671.0,670.0,671.0,675.0,669.0,661.0,4018.0,4505.0,2793.0,12.0,0.0,1223.0,671.0,670.0,671.0
1.0,9311.0,2015.0,2012.0,0.0,2764.0,693.0,184.0,1887.0,671.0,670.0,671.0,681.0,670.0,664.0,3343.0,3836.0,2132.0,693.0,184.0,1887.0,671.0,670.0,671.0
1.0,7296.0,2010.0,2012.0,562.0,4212.0,1362.0,854.0,1996.0,671.0,670.0,671.0,669.0,670.0,671.0,2662.0,3166.0,1468.0,1362.0,854.0,1996.0,671.0,670.0,671.0
1.0,5848.0,2019.0,2014.0,1235.0,5006.0,2032.0,1530.0,1444.0,672.0,671.0,671.0,677.0,671.0,671.0,1993.0,2496.0,1359.0,2032.0,1530.0,1444.0,672.0,671.0,671.0
1.0,5064.0,2019.0,2014.0,2764.0,4261.0,2017.0,2017.0,227.0,672.0,671.0,671.0,678.0,671.0,670.0,1328.0,1825.0,1911.0,2017.0,2017.0,227.0,672.0,671.0,671.0
1.0,5809.0,2027.0,2015.0,4212.0,3168.0,1330.0,1838.0,0.0,672.0,671.0,672.0,675.0,675.0,677.0,1343.0,1338.0,3128.0,1330.0,1838.0,0.0,672.0,671.0,672.0
1.0,7994.0,2036.0,2015.0,5006.0,987.0,0.0,987.0,0.0,672.0,671.0,672.0,679.0,679.0,678.0,2030.0,1517.0,4447.0,0.0,987.0,0.0,672.0,671.0,672.0
1.0,10964.0,2042.0,2016.0,4261.0,0.0,0.0,0.0,0.0,673.0,671.0,672.0,682.0,683.0,677.0,3383.0,2368.0,5213.0,0.0,0.0,0.0,673.0,671.0,672.0
1.0,13183.0,2045.0,2017.0,3168.0,0.0,0.0,0.0,0.0,673.0,672.0,672.0,683.0,684.0,678.0,4718.0,3702.0,4763.0,0.0,0.0,0.0,673.0,672.0,672.0
1.0,14306.0,2046.0,2017.0,987.0,0.0,0.0,0.0,0.0,673.0,672.0,672.0,681.0,677.0,688.0,5365.0,4856.0,4085.0,0.0,0.0,0.0,673.0,672.0,672.0
1.0,13247.0,2057.0,2018.0,0.0,654.0,0.0,0.0,654.0,673.0,672.0,673.0,683.0,688.0,686.0,4684.0,5166.0,3397.0,0.0,0.0,654.0,673.0,672.0,673.0
1.0,11190.0,2053.0,2020.0,0.0,1389.0,51.0,0.0,1338.0,674.0,673.0,673.0,682.0,687.0,684.0,4001.0,4478.0,2711.0,51.0,0.0,1338.0,674.0,673.0,673.0
1.0,9137.0,2061.0,2020.0,0.0,3024.0,736.0,269.0,2019.0,674.0,673.0,673.0,685.0,695.0,681.0,3319.0,3791.0,2027.0,736.0,269.0,2019.0,674.0,673.0,673.0
1.0,7076.0,2064.0,2020.0,654.0,4434.0,1425.0,960.0,2049.0,674.0,673.0,673.0,689.0,691.0,684.0,2634.0,3096.0,1346.0,1425.0,960.0,2049.0,674.0,673.0,673.0
1.0,5666.0,2063.0,2022.0,1389.0,5118.0,2052.0,1660.0,1406.0,674.0,674.0,674.0,678.0,695.0,690.0,1945.0,2405.0,1316.0,2052.0,1660.0,1406.0,674.0,674.0,674.0
1.0,4992.0,2042.0,2022.0,3024.0,4136.0,1999.0,2066.0,71.0,674.0,674.0,674.0,683.0,675.0,684.0,1318.0,1710.0,1964.0,1999.0,2066.0,71.0,674.0,674.0,674.0
1.0,5974.0,2062.0,2023.0,4434.0,3064.0,1265.0,1799.0,0.0,675.0,674.0,674.0,686.0,693.0,683.0,1371.0,1304.0,3299.0,1265.0,1799.0,0.0,675.0,674.0,674.0
1.0,8346.0,2056.0,2024.0,5118.0,831.0,0.0,831.0,0.0,675.0,675.0,674.0,685.0,687.0,684.0,2110.0,1571.0,4665.0,0.0,831.0,0.0,675.0,675.0,674.0
1.0,11408.0,2045.0,2025.0,4136.0,0.0,0.0,0.0,0.0,675.0,675.0,675.0,675.0,687.0,683.0,3477.0,2544.0,5387.0,0.0,0.0,0.0,675.0,675.0,675.0
1.0,13499.0,2045.0,2025.0,3064.0,0.0,0.0,0.0,0.0,675.0,675.0,675.0,673.0,686.0,686.0,4801.0,3923.0,4775.0,0.0,0.0,0.0,675.0,675.0,675.0
1.0,14518.0,2044.0,2025.0,831.0,0.0,0.0,0.0,0.0,675.0,675.0,675.0,678.0,680.0,686.0,5393.0,5036.0,4089.0,0.0,0.0,0.0,675.0,675.0,675.0
1.0,13305.0,2029.0,2027.0,0.0,656.0,0.0,0.0,656.0,675.0,676.0,676.0,679.0,671.0,679.0,4715.0,5187.0,3403.0,0.0,0.0,656.0,675.0,676.0,676.0
1.0,11276.0,2027.0,2027.0,0.0,1346.0,11.0,0.0,1335.0,675.0,676.0,676.0,672.0,676.0,679.0,4036.0,4516.0,2724.0,11.0,0.0,1335.0,675.0,676.0,676.0
1.0,9249.0,2031.0,2027.0,0.0,2917.0,691.0,209.0,2017.0,675.0,676.0,676.0,680.0,669.0,682.0,3364.0,3840.0,2045.0,691.0,209.0,2017.0,675.0,676.0,676.0
1.0,7218.0,2016.0,2029.0,656.0,4287.0,1366.0,878.0,2043.0,676.0,676.0,677.0,670.0,669.0,677.0,2684.0,3171.0,1363.0,1366.0,878.0,2043.0,676.0,676.0,677.0
1.0,5858.0,2022.0,2029.0,1346.0,4963.0,2025.0,1551.0,1387.0,676.0,676.0,677.0,670.0,673.0,679.0,2014.0,2502.0,1342.0,2025.0,1551.0,1387.0,676.0,676.0,677.0
1.0,5182.0,2023.0,2029.0,2917.0,4069.0,2006.0,2011.0,52.0,676.0,676.0,677.0,672.0,669.0,682.0,1355.0,1829.0,1998.0,2006.0,2011.0,52.0,676.0,676.0,677.0
1.0,6076.0,2037.0,2030.0,4287.0,3123.0,1320.0,1803.0,0.0,676.0,676.0,678.0,680.0,670.0,687.0,1374.0,1369.0,3333.0,1320.0,1803.0,0.0,676.0,676.0,678.0
1.0,8326.0,2035.0,2030.0,4963.0,922.0,0.0,922.0,0.0,676.0,676.0,678.0,678.0,670.0,687.0,2060.0,1577.0,4689.0,0.0,922.0,0.0,676.0,676.0,678.0
1.0,11254.0,2030.0,2031.0,4069.0,0.0,0.0,0.0,0.0,676.0,676.0,679.0,679.0,674.0,677.0,3407.0,2458.0,5389.0,0.0,0.0,0.0,676.0,676.0,679.0
1.0,13293.0,2036.0,2032.0,3123.0,0.0,0.0,0.0,0.0,677.0,676.0,679.0,680.0,674.0,682.0,4734.0,3795.0,4764.0,0.0,0.0,0.0,677.0,676.0,679.0
1.0,14380.0,2037.0,2033.0,922.0,0.0,0.0,0.0,0.0,677.0,677.0,679.0,678.0,679.0,680.0,5374.0,4924.0,4082.0,0.0,0.0,0.0,677.0,677.0,679.0
1.0,13265.0,2029.0,2033.0,0.0,671.0,0.0,0.0,671.0,677.0,677.0,679.0,678.0,673.0,678.0,4696.0,5167.0,3402.0,0.0,0.0,671.0,677.0,677.0,679.0
1.0,11236.0,2058.0,2033.0,0.0,1409.0,51.0,0.0,1358.0,677.0,677.0,679.0,684.0,687.0,687.0,4018.0,4494.0,2724.0,51.0,0.0,1358.0,677.0,677.0,679.0
1.0,9178.0,2064.0,2033.0,0.0,3051.0,740.0,264.0,2047.0,677.0,677.0,679.0,689.0,686.0,689.0,3334.0,3807.0,2037.0,740.0,264.0,2047.0,677.0,677.0,679.0
1.0,7114.0,2055.0,2033.0,671.0,4435.0,1424.0,947.0,2064.0,677.0,677.0,679.0,684.0,683.0,688.0,2645.0,3121.0,1348.0,1424.0,947.0,2064.0,677.0,677.0,679.0
1.0,5730.0,2066.0,2034.0,1409.0,5097.0,2062.0,1641.0,1394.0,678.0,677.0,679.0,684.0,694.0,688.0,1961.0,2438.0,1331.0,2062.0,1641.0,1394.0,678.0,677.0,679.0
1.0,5073.0,2068.0,2034.0,3051.0,4114.0,2014.0,2064.0,36.0,678.0,677.0,679.0,692.0,687.0,689.0,1328.0,1744.0,2001.0,2014.0,2064.0,36.0,678.0,677.0,679.0
1.0,6056.0,2080.0,2036.0,4435.0,3100.0,1285.0,1815.0,0.0,678.0,678.0,680.0,695.0,693.0,692.0,1376.0,1321.0,3359.0,1285.0,1815.0,0.0,678.0,678.0,680.0
1.0,8411.0,2067.0,2036.0,5097.0,863.0,0.0,863.0,0.0,678.0,678.0,680.0,687.0,689.0,691.0,2105.0,1575.0,4731.0,0.0,863.0,0.0,678.0,678.0,680.0
1.0,11441.0,2064.0,2037.0,4114.0,0.0,0.0,0.0,0.0,679.0,678.0,680.0,685.0,693.0,686.0,3480.0,2527.0,5434.0,0.0,0.0,0.0,679.0,678.0,680.0
1.0,13491.0,2072.0,2037.0,3100.0,0.0,0.0,0.0,0.0,679.0,678.0,680.0,690.0,699.0,683.0,4809.0,3898.0,4784.0,0.0,0.0,0.0,679.0,678.0,680.0
1.0,14519.0,2063.0,2038.0,863.0,0.0,0.0,0.0,0.0,679.0,679.0,680.0,682.0,693.0,688.0,5404.0,5014.0,4101.0,0.0,0.0,0.0,679.0,679.0,680.0
1.0,13319.0,2060.0,2038.0,0.0,675.0,0.0,0.0,675.0,679.0,679.0,680.0,683.0,689.0,688.0,4722.0,5184.0,3413.0,0.0,0.0,675.0,679.0,679.0,680.0
1.0,11259.0,2040.0,2039.0,0.0,1393.0,39.0,0.0,1354.0,680.0,679.0,680.0,678.0,683.0,679.0,4039.0,4495.0,2725.0,39.0,0.0,1354.0,680.0,679.0,680.0
1.0,9219.0,2059.0,2041.0,0.0,3045.0,722.0,276.0,2047.0,680.0,680.0,681.0,683.0,688.0,688.0,3361.0,3812.0,2046.0,722.0,276.0,2047.0,680.0,680.0,681.0
1.0,7160.0,2036.0,2041.0,675.0,4406.0,1402.0,958.0,2046.0,680.0,680.0,681.0,680.0,682.0,674.0,2678.0,3124.0,1358.0,1402.0,958.0,2046.0,680.0,680.0,681.0
1.0,5799.0,2046.0,2041.0,1393.0,5059.0,2050.0,1640.0,1369.0,680.0,680.0,681.0,687.0,682.0,677.0,1998.0,2442.0,1359.0,2050.0,1640.0,1369.0,680.0,680.0,681.0
1.0,5146.0,2038.0,2042.0,3045.0,4057.0,2001.0,2054.0,2.0,680.0,681.0,681.0,673.0,685.0,680.0,1350.0,1760.0,2036.0,2001.0,2054.0,2.0,680.0,681.0,681.0
1.0,6153.0,2046.0,2042.0,4406.0,3063.0,1275.0,1788.0,0.0,680.0,681.0,681.0,676.0,692.0,678.0,1399.0,1351.0,3403.0,1275.0,1788.0,0.0,680.0,681.0,681.0
1.0,8513.0,2045.0,2042.0,5059.0,835.0,0.0,835.0,0.0,680.0,681.0,681.0,680.0,687.0,678.0,2125.0,1617.0,4771.0,0.0,835.0,0.0,680.0,681.0,681.0
1.0,11527.0,2033.0,2043.0,4057.0,0.0,0.0,0.0,0.0,680.0,682.0,681.0,677.0,680.0,676.0,3495.0,2570.0,5462.0,0.0,0.0,0.0,680.0,682.0,681.0
1.0,13551.0,2046.0,2045.0,3063.0,0.0,0.0,0.0,0.0,681.0,682.0,682.0,685.0,684.0,677.0,4819.0,3944.0,4788.0,0.0,0.0,0.0,681.0,682.0,682.0
1.0,14568.0,2039.0,2045.0,835.0,0.0,0.0,0.0,0.0,681.0,682.0,682.0,677.0,679.0,683.0,5409.0,5048.0,4111.0,0.0,0.0,0.0,681.0,682.0,682.0
1.0,13364.0,2036.0,2045.0,0.0,661.0,0.0,0.0,661.0,681.0,682.0,682.0,678.0,679.0,679.0,4732.0,5204.0,3428.0,0.0,0.0,661.0,681.0,682.0,682.0
1.0,11328.0,2061.0,2047.0,0.0,1392.0,38.0,0.0,1354.0,681.0,683.0,683.0,687.0,686.0,688.0,4054.0,4525.0,2749.0,38.0,0.0,1354.0,681.0,683.0,683.0
1.0,9267.0,2062.0,2047.0,0.0,3030.0,730.0,261.0,2039.0,681.0,683.0,683.0,692.0,685.0,685.0,3367.0,3839.0,2061.0,730.0,261.0,2039.0,681.0,683.0,683.0
1.0,7205.0,2066.0,2047.0,661.0,4435.0,1421.0,948.0,2066.0,681.0,683.0,683.0,691.0,687.0,688.0,2675.0,3154.0,1376.0,1421.0,948.0,2066.0,681.0,683.0,683.0
1.0,5800.0,2064.0,2048.0,1392.0,5112.0,2077.0,1636.0,1399.0,682.0,683.0,683.0,689.0,688.0,687.0,1984.0,2467.0,1349.0,2077.0,1636.0,1399.0,682.0,683.0,683.0
1.0,5128.0,2072.0,2049.0,3030.0,4159.0,2037.0,2064.0,58.0,682.0,683.0,684.0,690.0,689.0,693.0,1333.0,1779.0,2016.0,2037.0,2064.0,58.0,682.0,683.0,684.0
1.0,6086.0,2079.0,2050.0,4435.0,3121.0,1311.0,1810.0,0.0,682.0,684.0,684.0,695.0,689.0,695.0,1373.0,1351.0,3362.0,1311.0,1810.0,0.0,682.0,684.0,684.0
1.0,8442.0,2073.0,2050.0,5112.0,863.0,0.0,863.0,0.0,682.0,684.0,684.0,688.0,689.0,696.0,2099.0,1610.0,4733.0,0.0,863.0,0.0,682.0,684.0,684.0
1.0,11481.0,2094.0,2051.0,4159.0,0.0,0.0,0.0,0.0,683.0,684.0,684.0,703.0,689.0,702.0,3488.0,2557.0,5436.0,0.0,0.0,0.0,683.0,684.0,684.0
1.0,13546.0,2097.0,2052.0,3121.0,0.0,0.0,0.0,0.0,683.0,684.0,685.0,704.0,694.0,699.0,4822.0,3932.0,4792.0,0.0,0.0,0.0,683.0,684.0,685.0
1.0,14570.0,2094.0,2052.0,863.0,38.0,0.0,0.0,38.0,683.0,684.0,685.0,700.0,688.0,706.0,5429.0,5048.0,4093.0,0.0,0.0,38.0,683.0,684.0,685.0
1.0,13339.0,2091.0,2053.0,0.0,747.0,0.0,0.0,747.0,683.0,684.0,686.0,691.0,696.0,704.0,4729.0,5223.0,3387.0,0.0,0.0,747.0,683.0,684.0,686.0
1.0,11248.0,2087.0,2054.0,0.0,1523.0,75.0,0.0,1448.0,684.0,684.0,686.0,693.0,693.0,701.0,4038.0,4527.0,2683.0,75.0,0.0,1448.0,684.0,684.0,686.0
1.0,9161.0,2096.0,2054.0,38.0,3167.0,773.0,280.0,2114.0,684.0,684.0,686.0,698.0,694.0,704.0,3345.0,3834.0,1982.0,773.0,280.0,2114.0,684.0,684.0,686.0
1.0,7103.0,2078.0,2054.0,747.0,4498.0,1466.0,971.0,2061.0,684.0,684.0,686.0,693.0,691.0,694.0,2647.0,3140.0,1316.0,1466.0,971.0,2061.0,684.0,684.0,686.0
1.0,5772.0,2084.0,2054.0,1523.0,5059.0,2088.0,1665.0,1306.0,684.0,684.0,686.0,697.0,694.0,693.0,1954.0,2449.0,1369.0,2088.0,1665.0,1306.0,684.0,684.0,686.0
1.0,5211.0,2073.0,2056.0,3167.0,4084.0,2010.0,2074.0,0.0,685.0,684.0,687.0,690.0,689.0,694.0,1332.0,1755.0,2124.0,2010.0,2074.0,0.0,685.0,684.0,687.0
1.0,6305.0,2064.0,2056.0,4498.0,3023.0,1230.0,1793.0,0.0,685.0,684.0,687.0,686.0,690.0,688.0,1415.0,1346.0,3544.0,1230.0,1793.0,0.0,685.0,684.0,687.0
1.0,8739.0,2074.0,2057.0,5059.0,824.0,0.0,824.0,0.0,685.0,685.0,687.0,692.0,691.0,691.0,2195.0,1627.0,4917.0,0.0,824.0,0.0,685.0,685.0,687.0
1.0,11724.0,2063.0,2057.0,4084.0,0.0,0.0,0.0,0.0,685.0,685.0,687.0,691.0,681.0,691.0,3591.0,2601.0,5532.0,0.0,0.0,0.0,685.0,685.0,687.0
1.0,13745.0,2048.0,2058.0,3023.0,0.0,0.0,0.0,0.0,686.0,685.0,687.0,684.0,686.0,678.0,4910.0,3994.0,4841.0,0.0,0.0,0.0,686.0,685.0,687.0
1.0,14720.0,2047.0,2058.0,824.0,0.0,0.0,0.0,0.0,686.0,685.0,687.0,681.0,685.0,681.0,5456.0,5101.0,4163.0,0.0,0.0,0.0,686.0,685.0,687.0
1.0,13497.0,2042.0,2059.0,0.0,631.0,0.0,0.0,631.0,686.0,686.0,687.0,677.0,687.0,678.0,4775.0,5240.0,3482.0,0.0,0.0,631.0,686.0,686.0,687.0
1.0,11455.0,2063.0,2059.0,0.0,1336.0,21.0,0.0,1315.0,686.0,686.0,687.0,689.0,690.0,684.0,4098.0,4553.0,2804.0,21.0,0.0,1315.0,686.0,686.0,687.0
1.0,9392.0,2047.0,2059.0,0.0,2950.0,699.0,260.0,1991.0,686.0,686.0,687.0,678.0,693.0,676.0,3409.0,3863.0,2120.0,699.0,260.0,1991.0,686.0,686.0,687.0
1.0,7345.0,2059.0,2060.0,631.0,4383.0,1383.0,954.0,2046.0,686.0,687.0,687.0,684.0,689.0,686.0,2731.0,3170.0,1444.0,1383.0,954.0,2046.0,686.0,687.0,687.0
1.0,5917.0,2076.0,2061.0,1336.0,5128.0,2061.0,1652.0,1415.0,687.0,687.0,687.0,694.0,698.0,684.0,2047.0,2481.0,1389.0,2061.0,1652.0,1415.0,687.0,687.0,687.0
1.0,5177.0,2066.0,2062.0,2950.0,4249.0,2049.0,2091.0,109.0,687.0,688.0,687.0,687.0,694.0,685.0,1374.0,1783.0,2020.0,2049.0,2091.0,109.0,687.0,688.0,687.0
1.0,6061.0,2076.0,2062.0,4383.0,3186.0,1356.0,1830.0,0.0,687.0,688.0,687.0,690.0,693.0,693.0,1386.0,1349.0,3326.0,1356.0,1830.0,0.0,687.0,688.0,687.0
1.0,8368.0,2074.0,2063.0,5128.0,866.0,0.0,866.0,0.0,687.0,688.0,688.0,696.0,688.0,690.0,2079.0,1610.0,4679.0,0.0,866.0,0.0,687.0,688.0,688.0
1.0,11422.0,2069.0,2064.0,4249.0,0.0,0.0,0.0,0.0,687.0,689.0,688.0,689.0,691.0,689.0,3444.0,2574.0,5404.0,0.0,0.0,0.0,687.0,689.0,688.0
1.0,13602.0,2102.0,2065.0,3186.0,0.0,0.0,0.0,0.0,688.0,689.0,688.0,701.0,702.0,699.0,4804.0,3974.0,4824.0,0.0,0.0,0.0,688.0,689.0,688.0
1.0,14686.0,2096.0,2065.0,866.0,15.0,0.0,0.0,15.0,688.0,689.0,688.0,697.0,699.0,700.0,5459.0,5102.0,4125.0,0.0,0.0,15.0,688.0,689.0,688.0
1.0,13456.0,2084.0,2066.0,0.0,703.0,0.0,0.0,703.0,688.0,690.0,688.0,697.0,699.0,688.0,4762.0,5269.0,3425.0,0.0,0.0,703.0,688.0,690.0,688.0
1.0,11372.0,2096.0,2067.0,0.0,1480.0,81.0,0.0,1399.0,689.0,690.0,688.0,701.0,699.0,696.0,4065.0,4570.0,2737.0,81.0,0.0,1399.0,689.0,690.0,688.0
1.0,9276.0,2112.0,2068.0,15.0,3161.0,792.0,278.0,2091.0,689.0,690.0,689.0,711.0,699.0,702.0,3364.0,3871.0,2041.0,792.0,278.0,2091.0,689.0,690.0,689.0
1.0,7179.0,2099.0,2068.0,703.0,4557.0,1494.0,978.0,2085.0,689.0,690.0,689.0,702.0,700.0,697.0,2653.0,3172.0,1354.0,1494.0,978.0,2085.0,689.0,690.0,689.0
1.0,5783.0,2101.0,2068.0,1480.0,5178.0,2111.0,1677.0,1390.0,689.0,690.0,689.0,698.0,699.0,704.0,1951.0,2472.0,1360.0,2111.0,1677.0,1390.0,689.0,690.0,689.0
1.0,5162.0,2113.0,2069.0,3161.0,4135.0,2030.0,2104.0,1.0,690.0,690.0,689.0,706.0,705.0,702.0,1334.0,1773.0,2055.0,2030.0,2104.0,1.0,690.0,690.0,689.0
1.0,6210.0,2102.0,2070.0,4557.0,3057.0,1237.0,1820.0,0.0,690.0,690.0,690.0,701.0,694.0,707.0,1420.0,1346.0,3444.0,1237.0,1820.0,0.0,690.0,690.0,690.0
1.0,8665.0,2101.0,2070.0,5178.0,838.0,0.0,838.0,0.0,690.0,690.0,690.0,703.0,695.0,703.0,2213.0,1630.0,4822.0,0.0,838.0,0.0,690.0,690.0,690.0
1.0,11742.0,2091.0,2071.0,4135.0,0.0,0.0,0.0,0.0,691.0,690.0,690.0,700.0,694.0,697.0,3621.0,2612.0,5509.0,0.0,0.0,0.0,691.0,690.0,690.0
1.0,13786.0,2080.0,2073.0,3057.0,0.0,0.0,0.0,0.0,691.0,691.0,691.0,689.0,692.0,699.0,4951.0,4022.0,4813.0,0.0,0.0,0.0,691.0,691.0,691.0
1.0,14763.0,2089.0,2073.0,838.0,38.0,0.0,0.0,38.0,691.0,691.0,691.0,696.0,696.0,697.0,5499.0,5150.0,4114.0,0.0,0.0,38.0,691.0,691.0,691.0
1.0,13512.0,2072.0,2073.0,0.0,736.0,0.0,0.0,736.0,691.0,691.0,691.0,689.0,685.0,698.0,4803.0,5292.0,3417.0,0.0,0.0,736.0,691.0,691.0,691.0
1.0,11440.0,2076.0,2074.0,0.0,1467.0,30.0,0.0,1437.0,691.0,691.0,692.0,689.0,691.0,696.0,4114.0,4607.0,2719.0,30.0,0.0,1437.0,691.0,691.0,692.0
1.0,9364.0,2072.0,2075.0,38.0,3045.0,721.0,229.0,2095.0,692.0,691.0,692.0,686.0,690.0,696.0,3425.0,3916.0,2023.0,721.0,229.0,2095.0,692.0,691.0,692.0
1.0,7330.0,2072.0,2075.0,736.0,4381.0,1412.0,921.0,2048.0,692.0,691.0,692.0,691.0,692.0,689.0,2739.0,3226.0,1365.0,1412.0,921.0,2048.0,692.0,691.0,692.0
1.0,5994.0,2058.0,2075.0,1467.0,4972.0,2065.0,1605.0,1302.0,692.0,691.0,692.0,683.0,684.0,691.0,2048.0,2534.0,1412.0,2065.0,1605.0,1302.0,692.0,691.0,692.0
1.0,5403.0,2059.0,2076.0,3045.0,4088.0,2028.0,2060.0,0.0,692.0,691.0,693.0,684.0,684.0,691.0,1395.0,1850.0,2158.0,2028.0,2060.0,0.0,692.0,691.0,693.0
1.0,6389.0,2068.0,2076.0,4381.0,3128.0,1299.0,1829.0,0.0,692.0,691.0,693.0,683.0,690.0,695.0,1432.0,1395.0,3562.0,1299.0,1829.0,0.0,692.0,691.0,693.0
1.0,8702.0,2069.0,2077.0,4972.0,922.0,0.0,922.0,0.0,692.0,692.0,693.0,687.0,693.0,689.0,2161.0,1626.0,4915.0,0.0,922.0,0.0,692.0,692.0,693.0
1.0,11605.0,2074.0,2077.0,4088.0,0.0,0.0,0.0,0.0,692.0,692.0,693.0,688.0,691.0,695.0,3539.0,2538.0,5528.0,0.0,0.0,0.0,692.0,692.0,693.0
1.0,13619.0,2080.0,2077.0,3128.0,0.0,0.0,0.0,0.0,692.0,692.0,693.0,693.0,692.0,695.0,4879.0,3907.0,4833.0,0.0,0.0,0.0,692.0,692.0,693.0
1.0,14667.0,2084.0,2078.0,922.0,26.0,0.0,0.0,26.0,692.0,692.0,694.0,691.0,699.0,694.0,5485.0,5044.0,4138.0,0.0,0.0,26.0,692.0,692.0,694.0
1.0,13505.0,2096.0,2079.0,0.0,724.0,0.0,0.0,724.0,693.0,692.0,694.0,700.0,698.0,698.0,4794.0,5267.0,3444.0,0.0,0.0,724.0,693.0,692.0,694.0
1.0,11409.0,2094.0,2080.0,0.0,1489.0,67.0,0.0,1422.0,693.0,693.0,694.0,696.0,700.0,698.0,4094.0,4569.0,2746.0,67.0,0.0,1422.0,693.0,693.0,694.0
1.0,9315.0,2089.0,2080.0,26.0,3148.0,759.0,297.0,2092.0,693.0,693.0,694.0,692.0,701.0,696.0,3398.0,3869.0,2048.0,759.0,297.0,2092.0,693.0,693.0,694.0
1.0,7252.0,2115.0,2080.0,724.0,4539.0,1466.0,1001.0,2072.0,693.0,693.0,694.0,707.0,704.0,704.0,2706.0,3168.0,1378.0,1466.0,1001.0,2072.0,693.0,693.0,694.0
1.0,5861.0,2118.0,2081.0,1489.0,5173.0,2103.0,1717.0,1353.0,693.0,694.0,694.0,704.0,711.0,703.0,1999.0,2464.0,1398.0,2103.0,1717.0,1353.0,693.0,694.0,694.0
1.0,5232.0,2119.0,2081.0,3148.0,4181.0,2055.0,2126.0,0.0,693.0,694.0,694.0,711.0,706.0,702.0,1362.0,1753.0,2117.0,2055.0,2126.0,0.0,693.0,694.0,694.0
1.0,6261.0,2125.0,2082.0,4539.0,3143.0,1308.0,1835.0,0.0,694.0,694.0,694.0,714.0,710.0,701.0,1410.0,1344.0,3507.0,1308.0,1835.0,0.0,694.0,694.0,694.0
1.0,8675.0,2123.0,2083.0,5173.0,832.0,0.0,832.0,0.0,694.0,695.0,694.0,712.0,709.0,702.0,2162.0,1635.0,4878.0,0.0,832.0,0.0,694.0,695.0,694.0
1.0,11725.0,2127.0,2083.0,4181.0,0.0,0.0,0.0,0.0,694.0,695.0,694.0,715.0,705.0,707.0,3553.0,2643.0,5529.0,0.0,0.0,0.0,694.0,695.0,694.0
1.0,13779.0,2118.0,2084.0,3143.0,0.0,0.0,0.0,0.0,695.0,695.0,694.0,707.0,709.0,702.0,4893.0,4064.0,4822.0,0.0,0.0,0.0,695.0,695.0,694.0
1.0,14804.0,2119.0,2084.0,832.0,52.0,0.0,0.0,52.0,695.0,695.0,694.0,713.0,704.0,702.0,5494.0,5190.0,4120.0,0.0,0.0,52.0,695.0,695.0,694.0
1.0,13517.0,2117.0,2086.0,0.0,763.0,0.0,0.0,763.0,695.0,696.0,695.0,700.0,711.0,706.0,4781.0,5318.0,3418.0,0.0,0.0,763.0,695.0,696.0,695.0
1.0,11400.0,2111.0,2086.0,0.0,1565.0,98.0,0.0,1467.0,695.0,696.0,695.0,704.0,703.0,704.0,4081.0,4607.0,2712.0,98.0,0.0,1467.0,695.0,696.0,695.0
1.0,9289.0,2101.0,2086.0,52.0,3190.0,804.0,277.0,2109.0,695.0,696.0,695.0,706.0,701.0,694.0,3377.0,3904.0,2008.0,804.0,277.0,2109.0,695.0,696.0,695.0
1.0,7240.0,2101.0,2087.0,763.0,4533.0,1513.0,980.0,2040.0,696.0,696.0,695.0,704.0,703.0,694.0,2671.0,3203.0,1366.0,1513.0,980.0,2040.0,696.0,696.0,695.0
1.0,5902.0,2091.0,2087.0,1565.0,5059.0,2115.0,1677.0,1267.0,696.0,696.0,695.0,700.0,697.0,694.0,1967.0,2500.0,1435.0,2115.0,1677.0,1267.0,696.0,696.0,695.0
1.0,5376.0,2093.0,2088.0,3190.0,4112.0,2011.0,2101.0,0.0,696.0,697.0,695.0,700.0,696.0,697.0,1365.0,1803.0,2208.0,2011.0,2101.0,0.0,696.0,697.0,695.0
1.0,6473.0,2096.0,2089.0,4533.0,3015.0,1195.0,1820.0,0.0,696.0,697.0,696.0,697.0,699.0,700.0,1469.0,1384.0,3620.0,1195.0,1820.0,0.0,696.0,697.0,696.0
1.0,8910.0,2093.0,2090.0,5059.0,843.0,0.0,843.0,0.0,697.0,697.0,696.0,695.0,700.0,698.0,2285.0,1665.0,4960.0,0.0,843.0,0.0,697.0,697.0,696.0
1.0,11876.0,2071.0,2090.0,4112.0,0.0,0.0,0.0,0.0,697.0,697.0,696.0,691.0,686.0,694.0,3705.0,2642.0,5529.0,0.0,0.0,0.0,697.0,697.0,696.0
1.0,13917.0,2078.0,2090.0,3015.0,0.0,0.0,0.0,0.0,697.0,697.0,696.0,688.0,694.0,696.0,5025.0,4057.0,4835.0,0.0,0.0,0.0,697.0,697.0,696.0
1.0,14854.0,2075.0,2091.0,843.0,38.0,0.0,0.0,38.0,697.0,697.0,697.0,694.0,689.0,692.0,5532.0,5183.0,4139.0,0.0,0.0,38.0,697.0,697.0,697.0
1.0,13622.0,2078.0,2091.0,0.0,732.0,0.0,0.0,732.0,697.0,697.0,697.0,693.0,691.0,694.0,4838.0,5337.0,3447.0,0.0,0.0,732.0,697.0,697.0,697.0
1.0,11544.0,2087.0,2091.0,0.0,1467.0,33.0,0.0,1434.0,697.0,697.0,697.0,693.0,692.0,702.0,4145.0,4646.0,2753.0,33.0,0.0,1434.0,697.0,697.0,697.0
1.0,9457.0,2085.0,2091.0,38.0,3045.0,723.0,230.0,2092.0,697.0,697.0,697.0,690.0,699.0,696.0,3452.0,3954.0,2051.0,723.0,230.0,2092.0,697.0,697.0,697.0
1.0,7410.0,2092.0,2093.0,732.0,4415.0,1431.0,923.0,2061.0,698.0,697.0,698.0,703.0,693.0,696.0,2762.0,3255.0,1393.0,1431.0,923.0,2061.0,698.0,697.0,698.0
1.0,6050.0,2111.0,2093.0,1467.0,5059.0,2094.0,1623.0,1342.0,698.0,697.0,698.0,696.0,700.0,715.0,2059.0,2562.0,1429.0,2094.0,1623.0,1342.0,698.0,697.0,698.0
1.0,5406.0,2101.0,2094.0,3045.0,4161.0,2066.0,2095.0,0.0,698.0,698.0,698.0,695.0,697.0,709.0,1396.0,1862.0,2148.0,2066.0,2095.0,0.0,698.0,698.0,698.0
1.0,6350.0,2125.0,2095.0,4415.0,3226.0,1345.0,1881.0,0.0,698.0,698.0,699.0,710.0,709.0,706.0,1424.0,1395.0,3531.0,1345.0,1881.0,0.0,698.0,698.0,699.0
1.0,8640.0,2132.0,2095.0,5059.0,967.0,0.0,967.0,0.0,698.0,698.0,699.0,707.0,709.0,716.0,2145.0,1609.0,4886.0,0.0,967.0,0.0,698.0,698.0,699.0
1.0,11567.0,2132.0,2095.0,4161.0,0.0,0.0,0.0,0.0,698.0,698.0,699.0,710.0,706.0,716.0,3532.0,2523.0,5512.0,0.0,0.0,0.0,698.0,698.0,699.0
1.0,13596.0,2136.0,2097.0,3226.0,0.0,0.0,0.0,0.0,699.0,698.0,700.0,713.0,710.0,713.0,4888.0,3912.0,4796.0,0.0,0.0,0.0,699.0,698.0,700.0
1.0,14686.0,2142.0,2097.0,967.0,135.0,0.0,0.0,135.0,699.0,698.0,700.0,714.0,710.0,718.0,5520.0,5083.0,4083.0,0.0,0.0,135.0,699.0,698.0,700.0
1.0,13511.0,2151.0,2098.0,0.0,852.0,0.0,0.0,852.0,699.0,699.0,700.0,719.0,715.0,717.0,4806.0,5340.0,3365.0,0.0,0.0,852.0,699.0,699.0,700.0
1.0,11360.0,2138.0,2099.0,0.0,1691.0,123.0,0.0,1568.0,699.0,699.0,701.0,715.0,712.0,711.0,4087.0,4625.0,2648.0,123.0,0.0,1568.0,699.0,699.0,701.0
1.0,9222.0,2147.0,2100.0,135.0,3290.0,845.0,301.0,2144.0,700.0,699.0,701.0,717.0,719.0,711.0,3372.0,3913.0,1937.0,845.0,301.0,2144.0,700.0,699.0,701.0
1.0,7210.0,2140.0,2101.0,852.0,4583.0,1560.0,1018.0,2005.0,700.0,700.0,701.0,715.0,712.0,713.0,2655.0,3194.0,1361.0,1560.0,1018.0,2005.0,700.0,700.0,701.0
1.0,5922.0,2135.0,2101.0,1691.0,5027.0,2151.0,1730.0,1146.0,700.0,700.0,701.0,714.0,712.0,709.0,1940.0,2482.0,1500.0,2151.0,1730.0,1146.0,700.0,700.0,701.0
1.0,5478.0,2128.0,2101.0,3290.0,4155.0,2015.0,2140.0,0.0,700.0,700.0,701.0,709.0,711.0,708.0,1349.0,1770.0,2359.0,2015.0,2140.0,0.0,700.0,700.0,701.0
1.0,6640.0,2137.0,2103.0,4583.0,3010.0,1173.0,1837.0,0.0,701.0,701.0,701.0,713.0,710.0,714.0,1485.0,1360.0,3795.0,1173.0,1837.0,0.0,701.0,701.0,701.0
1.0,9086.0,2105.0,2103.0,5027.0,811.0,0.0,811.0,0.0,701.0,701.0,701.0,703.0,704.0,698.0,2332.0,1668.0,5086.0,0.0,811.0,0.0,701.0,701.0,701.0
1.0,12008.0,2113.0,2103.0,4155.0,0.0,0.0,0.0,0.0,701.0,701.0,701.0,700.0,714.0,699.0,3780.0,2694.0,5534.0,0.0,0.0,0.0,701.0,701.0,701.0
1.0,14050.0,2100.0,2105.0,3010.0,0.0,0.0,0.0,0.0,701.0,702.0,702.0,699.0,702.0,699.0,5095.0,4120.0,4835.0,0.0,0.0,0.0,701.0,702.0,702.0
1.0,14960.0,2111.0,2106.0,811.0,78.0,0.0,0.0,78.0,702.0,702.0,702.0,701.0,706.0,704.0,5569.0,5255.0,4136.0,0.0,0.0,78.0,702.0,702.0,702.0
1.0,13660.0,2106.0,2106.0,0.0,783.0,0.0,0.0,783.0,702.0,702.0,702.0,701.0,700.0,705.0,4868.0,5360.0,3432.0,0.0,0.0,783.0,702.0,702.0,702.0
1.0,11554.0,2087.0,2106.0,0.0,1518.0,39.0,0.0,1479.0,702.0,702.0,702.0,696.0,695.0,696.0,4167.0,4660.0,2727.0,39.0,0.0,1479.0,702.0,702.0,702.0
1.0,9467.0,2097.0,2106.0,78.0,3082.0,744.0,245.0,2093.0,702.0,702.0,702.0,705.0,700.0,692.0,3471.0,3965.0,2031.0,744.0,245.0,2093.0,702.0,702.0,702.0
1.0,7448.0,2088.0,2108.0,783.0,4397.0,1447.0,946.0,2004.0,703.0,703.0,702.0,698.0,696.0,694.0,2766.0,3265.0,1417.0,1447.0,946.0,2004.0,703.0,703.0,702.0
1.0,6143.0,2095.0,2108.0,1518.0,4974.0,2106.0,1641.0,1227.0,703.0,703.0,702.0,698.0,695.0,702.0,2068.0,2569.0,1506.0,2106.0,1641.0,1227.0,703.0,703.0,702.0
1.0,5566.0,2096.0,2108.0,3082.0,4158.0,2062.0,2096.0,0.0,703.0,703.0,702.0,700.0,700.0,696.0,1409.0,1874.0,2283.0,2062.0,2096.0,0.0,703.0,703.0,702.0
1.0,6552.0,2103.0,2108.0,4397.0,3169.0,1319.0,1850.0,0.0,703.0,703.0,702.0,704.0,700.0,699.0,1453.0,1419.0,3680.0,1319.0,1850.0,0.0,703.0,703.0,702.0
1.0,8846.0,2100.0,2109.0,4974.0,910.0,0.0,910.0,0.0,704.0,703.0,702.0,702.0,701.0,697.0,2196.0,1665.0,4985.0,0.0,910.0,0.0,704.0,703.0,702.0
1.0,11720.0,2120.0,2110.0,4158.0,0.0,0.0,0.0,0.0,704.0,703.0,703.0,708.0,708.0,704.0,3600.0,2605.0,5515.0,0.0,0.0,0.0,704.0,703.0,703.0
1.0,13758.0,2120.0,2110.0,3169.0,0.0,0.0,0.0,0.0,704.0,703.0,703.0,709.0,708.0,703.0,4954.0,3993.0,4811.0,0.0,0.0,0.0,704.0,703.0,703.0
1.0,14807.0,2125.0,2110.0,910.0,117.0,0.0,0.0,117.0,704.0,703.0,703.0,713.0,702.0,710.0,5564.0,5135.0,4108.0,0.0,0.0,117.0,704.0,703.0,703.0
1.0,13592.0,2125.0,2110.0,0.0,824.0,0.0,0.0,824.0,704.0,703.0,703.0,708.0,710.0,707.0,4851.0,5343.0,3398.0,0.0,0.0,824.0,704.0,703.0,703.0
1.0,11467.0,2126.0,2111.0,0.0,1614.0,83.0,0.0,1531.0,704.0,704.0,703.0,706.0,713.0,707.0,4143.0,4633.0,2691.0,83.0,0.0,1531.0,704.0,704.0,703.0
1.0,9341.0,2155.0,2112.0,117.0,3257.0,809.0,312.0,2136.0,705.0,704.0,703.0,721.0,712.0,722.0,3437.0,3920.0,1984.0,809.0,312.0,2136.0,705.0,704.0,703.0
1.0,7303.0,2151.0,2113.0,824.0,4589.0,1524.0,1034.0,2031.0,705.0,704.0,704.0,715.0,722.0,714.0,2716.0,3208.0,1379.0,1524.0,1034.0,2031.0,705.0,704.0,704.0
1.0,5976.0,2144.0,2113.0,1614.0,5119.0,2162.0,1749.0,1208.0,705.0,704.0,704.0,721.0,715.0,708.0,2001.0,2486.0,1489.0,2162.0,1749.0,1208.0,705.0,704.0,704.0
1.0,5446.0,2151.0,2113.0,3257.0,4232.0,2077.0,2155.0,0.0,705.0,704.0,704.0,724.0,718.0,709.0,1363.0,1771.0,2312.0,2077.0,2155.0,0.0,705.0,704.0,704.0
1.0,6552.0,2150.0,2113.0,4589.0,3104.0,1271.0,1833.0,0.0,705.0,704.0,704.0,718.0,712.0,720.0,1448.0,1365.0,3739.0,1271.0,1833.0,0.0,705.0,704.0,704.0
1.0,8991.0,2169.0,2115.0,5119.0,811.0,0.0,811.0,0.0,705.0,705.0,705.0,722.0,722.0,725.0,2254.0,1687.0,5050.0,0.0,811.0,0.0,705.0,705.0,705.0
1.0,11941.0,2162.0,2116.0,4232.0,0.0,0.0,0.0,0.0,706.0,705.0,705.0,722.0,719.0,721.0,3694.0,2714.0,5533.0,0.0,0.0,0.0,706.0,705.0,705.0
1.0,14011.0,2148.0,2116.0,3104.0,0.0,0.0,0.0,0.0,706.0,705.0,705.0,723.0,709.0,716.0,5049.0,4150.0,4812.0,0.0,0.0,0.0,706.0,705.0,705.0
1.0,14967.0,2136.0,2117.0,811.0,148.0,0.0,0.0,148.0,706.0,705.0,706.0,717.0,705.0,714.0,5597.0,5274.0,4096.0,0.0,0.0,148.0,706.0,705.0,706.0
1.0,13642.0,2137.0,2117.0,0.0,861.0,0.0,0.0,861.0,706.0,705.0,706.0,709.0,715.0,713.0,4880.0,5380.0,3382.0,0.0,0.0,861.0,706.0,705.0,706.0
1.0,11505.0,2137.0,2118.0,0.0,1654.0,82.0,0.0,1572.0,707.0,705.0,706.0,718.0,708.0,711.0,4171.0,4665.0,2669.0,82.0,0.0,1572.0,707.0,705.0,706.0
1.0,9368.0,2129.0,2120.0,148.0,3213.0,789.0,281.0,2143.0,707.0,706.0,707.0,707.0,708.0,714.0,3453.0,3957.0,1958.0,789.0,281.0,2143.0,707.0,706.0,707.0
1.0,7387.0,2125.0,2120.0,861.0,4477.0,1493.0,989.0,1995.0,707.0,706.0,707.0,704.0,708.0,713.0,2746.0,3249.0,1392.0,1493.0,989.0,1995.0,707.0,706.0,707.0
1.0,6123.0,2126.0,2120.0,1654.0,4949.0,2113.0,1701.0,1135.0,707.0,706.0,707.0,702.0,712.0,712.0,2042.0,2541.0,1540.0,2113.0,1701.0,1135.0,707.0,706.0,707.0
1.0,5651.0,2121.0,2120.0,3213.0,4158.0,2030.0,2128.0,0.0,707.0,706.0,707.0,706.0,708.0,707.0,1422.0,1829.0,2400.0,2030.0,2128.0,0.0,707.0,706.0,707.0
1.0,6743.0,2116.0,2123.0,4477.0,3093.0,1242.0,1851.0,0.0,708.0,707.0,708.0,700.0,707.0,709.0,1505.0,1402.0,3836.0,1242.0,1851.0,0.0,708.0,707.0,708.0
1.0,9104.0,2115.0,2123.0,4949.0,858.0,0.0,858.0,0.0,708.0,707.0,708.0,700.0,708.0,707.0,2298.0,1684.0,5122.0,0.0,858.0,0.0,708.0,707.0,708.0
1.0,11938.0,2126.0,2123.0,4158.0,0.0,0.0,0.0,0.0,708.0,707.0,708.0,704.0,711.0,711.0,3711.0,2677.0,5550.0,0.0,0.0,0.0,708.0,707.0,708.0
1.0,13970.0,2118.0,2124.0,3093.0,0.0,0.0,0.0,0.0,708.0,708.0,708.0,706.0,708.0,704.0,5037.0,4094.0,4839.0,0.0,0.0,0.0,708.0,708.0,708.0
1.0,14945.0,2133.0,2126.0,858.0,120.0,0.0,0.0,120.0,709.0,708.0,709.0,709.0,714.0,710.0,5573.0,5237.0,4135.0,0.0,0.0,120.0,709.0,708.0,709.0
1.0,13670.0,2131.0,2126.0,0.0,834.0,0.0,0.0,834.0,709.0,708.0,709.0,707.0,710.0,714.0,4864.0,5381.0,3425.0,0.0,0.0,834.0,709.0,708.0,709.0
1.0,11539.0,2132.0,2127.0,0.0,1646.0,99.0,0.0,1547.0,709.0,709.0,709.0,711.0,708.0,713.0,4157.0,4671.0,2711.0,99.0,0.0,1547.0,709.0,709.0,709.0
1.0,9407.0,2138.0,2127.0,120.0,3246.0,809.0,293.0,2144.0,709.0,709.0,709.0,710.0,711.0,717.0,3446.0,3963.0,1998.0,809.0,293.0,2144.0,709.0,709.0,709.0
1.0,7389.0,2143.0,2127.0,834.0,4555.0,1517.0,1014.0,2024.0,709.0,709.0,709.0,708.0,721.0,714.0,2736.0,3252.0,1401.0,1517.0,1014.0,2024.0,709.0,709.0,709.0
1.0,6080.0,2137.0,2127.0,1646.0,5046.0,2127.0,1730.0,1189.0,709.0,709.0,709.0,709.0,716.0,712.0,2028.0,2531.0,1521.0,2127.0,1730.0,1189.0,709.0,709.0,709.0
1.0,5589.0,2161.0,2127.0,3246.0,4188.0,2031.0,2157.0,0.0,709.0,709.0,709.0,713.0,720.0,728.0,1418.0,1815.0,2356.0,2031.0,2157.0,0.0,709.0,709.0,709.0
1.0,6674.0,2162.0,2129.0,4555.0,3101.0,1232.0,1869.0,0.0,709.0,710.0,710.0,718.0,721.0,723.0,1514.0,1388.0,3772.0,1232.0,1869.0,0.0,709.0,710.0,710.0
1.0,9067.0,2163.0,2129.0,5046.0,862.0,0.0,862.0,0.0,710.0,710.0,709.0,726.0,723.0,714.0,2313.0,1681.0,5073.0,0.0,862.0,0.0,710.0,710.0,709.0
1.0,11950.0,2162.0,2130.0,4188.0,0.0,0.0,0.0,0.0,710.0,710.0,710.0,717.0,719.0,726.0,3714.0,2688.0,5548.0,0.0,0.0,0.0,710.0,710.0,710.0
1.0,13976.0,2166.0,2130.0,3101.0,0.0,0.0,0.0,0.0,710.0,710.0,710.0,722.0,722.0,722.0,5028.0,4126.0,4822.0,0.0,0.0,0.0,710.0,710.0,710.0
1.0,14911.0,2156.0,2130.0,862.0,167.0,0.0,0.0,167.0,710.0,710.0,710.0,721.0,718.0,717.0,5538.0,5273.0,4100.0,0.0,0.0,167.0,710.0,710.0,710.0
1.0,13617.0,2156.0,2130.0,0.0,881.0,0.0,0.0,881.0,710.0,710.0,710.0,722.0,720.0,714.0,4817.0,5417.0,3383.0,0.0,0.0,881.0,710.0,710.0,710.0
1.0,11461.0,2165.0,2130.0,0.0,1783.0,178.0,0.0,1605.0,710.0,710.0,710.0,723.0,718.0,724.0,4095.0,4697.0,2669.0,178.0,0.0,1605.0,710.0,710.0,710.0
1.0,9296.0,2157.0,2131.0,167.0,3349.0,903.0,293.0,2153.0,710.0,711.0,710.0,725.0,717.0,715.0,3372.0,3979.0,1945.0,903.0,293.0,2153.0,710.0,711.0,710.0
1.0,7306.0,2146.0,2132.0,881.0,4619.0,1627.0,1011.0,1981.0,711.0,711.0,710.0,719.0,718.0,709.0,2647.0,3262.0,1397.0,1627.0,1011.0,1981.0,711.0,711.0,710.0
1.0,6041.0,2143.0,2133.0,1783.0,4984.0,2172.0,1720.0,1092.0,711.0,711.0,711.0,723.0,709.0,711.0,1928.0,2544.0,1569.0,2172.0,1720.0,1092.0,711.0,711.0,711.0
1.0,5681.0,2142.0,2133.0,3349.0,4126.0,1990.0,2136.0,0.0,711.0,711.0,711.0,721.0,709.0,712.0,1383.0,1835.0,2463.0,1990.0,2136.0,0.0,711.0,711.0,711.0
1.0,6888.0,2145.0,2134.0,4619.0,2926.0,1092.0,1834.0,0.0,712.0,711.0,711.0,724.0,709.0,712.0,1565.0,1419.0,3904.0,1092.0,1834.0,0.0,712.0,711.0,711.0
1.0,9362.0,2135.0,2134.0,4984.0,829.0,0.0,829.0,0.0,712.0,711.0,711.0,714.0,715.0,706.0,2468.0,1721.0,5173.0,0.0,829.0,0.0,712.0,711.0,711.0
1.0,12211.0,2133.0,2134.0,4126.0,0.0,0.0,0.0,0.0,712.0,711.0,711.0,718.0,707.0,708.0,3926.0,2726.0,5559.0,0.0,0.0,0.0,712.0,711.0,711.0
1.0,14204.0,2133.0,2135.0,2926.0,0.0,0.0,0.0,0.0,713.0,711.0,711.0,717.0,704.0,712.0,5198.0,4155.0,4851.0,0.0,0.0,0.0,713.0,711.0,711.0
1.0,14997.0,2141.0,2137.0,829.0,134.0,0.0,0.0,134.0,713.0,712.0,712.0,715.0,713.0,713.0,5573.0,5285.0,4139.0,0.0,0.0,134.0,713.0,712.0,712.0
1.0,13685.0,2138.0,2137.0,0.0,850.0,0.0,0.0,850.0,713.0,712.0,712.0,712.0,710.0,716.0,4858.0,5401.0,3426.0,0.0,0.0,850.0,713.0,712.0,712.0
1.0,11547.0,2125.0,2137.0,0.0,1683.0,122.0,0.0,1561.0,713.0,712.0,712.0,703.0,711.0,711.0,4146.0,4691.0,2710.0,122.0,0.0,1561.0,713.0,712.0,712.0
1.0,9422.0,2133.0,2139.0,134.0,3272.0,836.0,290.0,2146.0,714.0,712.0,713.0,709.0,710.0,714.0,3443.0,3980.0,1999.0,836.0,290.0,2146.0,714.0,712.0,713.0
1.0,7423.0,2132.0,2140.0,850.0,4559.0,1545.0,1007.0,2007.0,714.0,713.0,713.0,709.0,712.0,711.0,2734.0,3270.0,1419.0,1545.0,1007.0,2007.0,714.0,713.0,713.0
1.0,6141.0,2138.0,2140.0,1683.0,5014.0,2134.0,1720.0,1160.0,714.0,713.0,713.0,711.0,713.0,714.0,2025.0,2558.0,1558.0,2134.0,1720.0,1160.0,714.0,713.0,713.0
1.0,5686.0,2157.0,2141.0,3272.0,4166.0,2009.0,2157.0,0.0,714.0,713.0,714.0,711.0,727.0,719.0,1436.0,1845.0,2405.0,2009.0,2157.0,0.0,714.0,713.0,714.0
1.0,6801.0,2157.0,2142.0,4559.0,3055.0,1174.0,1881.0,0.0,714.0,714.0,714.0,710.0,726.0,721.0,1561.0,1408.0,3832.0,1174.0,1881.0,0.0,714.0,714.0,714.0
1.0,9203.0,2157.0,2142.0,5014.0,882.0,0.0,882.0,0.0,714.0,714.0,714.0,716.0,721.0,720.0,2396.0,1689.0,5118.0,0.0,882.0,0.0,714.0,714.0,714.0
1.0,12060.0,2188.0,2143.0,4166.0,0.0,0.0,0.0,0.0,714.0,714.0,715.0,726.0,731.0,731.0,3814.0,2688.0,5558.0,0.0,0.0,0.0,714.0,714.0,715.0
1.0,14038.0,2180.0,2145.0,3055.0,0.0,0.0,0.0,0.0,715.0,715.0,715.0,720.0,726.0,734.0,5097.0,4114.0,4827.0,0.0,0.0,0.0,715.0,715.0,715.0
1.0,14913.0,2182.0,2145.0,882.0,207.0,0.0,0.0,207.0,715.0,715.0,715.0,724.0,733.0,725.0,5551.0,5269.0,4093.0,0.0,0.0,207.0,715.0,715.0,715.0
1.0,13613.0,2191.0,2146.0,0.0,943.0,0.0,0.0,943.0,715.0,715.0,716.0,730.0,730.0,731.0,4827.0,5418.0,3368.0,0.0,0.0,943.0,715.0,715.0,716.0
1.0,11422.0,2180.0,2146.0,0.0,1871.0,201.0,0.0,1670.0,715.0,715.0,716.0,723.0,730.0,727.0,4097.0,4688.0,2637.0,201.0,0.0,1670.0,715.0,715.0,716.0
1.0,9242.0,2193.0,2147.0,207.0,3479.0,927.0,352.0,2200.0,715.0,716.0,716.0,726.0,730.0,737.0,3374.0,3958.0,1910.0,927.0,352.0,2200.0,715.0,716.0,716.0
1.0,7256.0,2179.0,2148.0,943.0,4720.0,1650.0,1075.0,1995.0,715.0,716.0,717.0,723.0,723.0,733.0,2648.0,3228.0,1380.0,1650.0,1075.0,1995.0,715.0,716.0,717.0
1.0,6020.0,2176.0,2148.0,1871.0,5025.0,2170.0,1802.0,1053.0,715.0,716.0,717.0,721.0,727.0,728.0,1925.0,2505.0,1590.0,2170.0,1802.0,1053.0,715.0,716.0,717.0
1.0,5715.0,2180.0,2148.0,3479.0,4151.0,1974.0,2177.0,0.0,715.0,716.0,717.0,731.0,727.0,722.0,1405.0,1778.0,2532.0,1974.0,2177.0,0.0,715.0,716.0,717.0
1.0,7014.0,2163.0,2148.0,4720.0,2871.0,1044.0,1827.0,0.0,715.0,716.0,717.0,720.0,725.0,718.0,1601.0,1403.0,4010.0,1044.0,1827.0,0.0,715.0,716.0,717.0
1.0,9571.0,2169.0,2149.0,5025.0,752.0,0.0,752.0,0.0,715.0,717.0,717.0,720.0,722.0,727.0,2531.0,1753.0,5287.0,0.0,752.0,0.0,715.0,717.0,717.0
1.0,12427.0,2168.0,2150.0,4151.0,0.0,0.0,0.0,0.0,716.0,717.0,717.0,722.0,722.0,724.0,3981.0,2833.0,5613.0,0.0,0.0,0.0,716.0,717.0,717.0
1.0,14410.0,2151.0,2150.0,2871.0,0.0,0.0,0.0,0.0,716.0,717.0,717.0,718.0,715.0,718.0,5233.0,4288.0,4889.0,0.0,0.0,0.0,716.0,717.0,717.0
1.0,15130.0,2149.0,2151.0,752.0,139.0,0.0,0.0,139.0,716.0,717.0,718.0,716.0,713.0,720.0,5559.0,5400.0,4171.0,0.0,0.0,139.0,716.0,717.0,718.0
1.0,13733.0,2146.0,2151.0,0.0,857.0,0.0,0.0,857.0,716.0,717.0,718.0,716.0,712.0,718.0,4843.0,5439.0,3451.0,0.0,0.0,857.0,716.0,717.0,718.0
1.0,11587.0,2149.0,2151.0,0.0,1744.0,176.0,0.0,1568.0,716.0,717.0,718.0,723.0,715.0,711.0,4127.0,4727.0,2733.0,176.0,0.0,1568.0,716.0,717.0,718.0
1.0,9438.0,2148.0,2152.0,139.0,3331.0,906.0,285.0,2140.0,717.0,717.0,718.0,725.0,712.0,711.0,3404.0,4012.0,2022.0,906.0,285.0,2140.0,717.0,717.0,718.0
1.0,7429.0,2139.0,2152.0,857.0,4613.0,1622.0,995.0,1996.0,717.0,717.0,718.0,716.0,710.0,713.0,2679.0,3300.0,1450.0,1622.0,995.0,1996.0,717.0,717.0,718.0
1.0,6147.0,2157.0,2152.0,1744.0,5026.0,2169.0,1710.0,1147.0,717.0,717.0,718.0,723.0,715.0,719.0,1963.0,2590.0,1594.0,2169.0,1710.0,1147.0,717.0,717.0,718.0
1.0,5734.0,2153.0,2154.0,3331.0,4135.0,1984.0,2151.0,0.0,718.0,718.0,718.0,716.0,721.0,716.0,1416.0,1875.0,2443.0,1984.0,2151.0,0.0,718.0,718.0,718.0
1.0,6912.0,2152.0,2154.0,4613.0,2957.0,1082.0,1875.0,0.0,718.0,718.0,718.0,720.0,719.0,713.0,1606.0,1439.0,3867.0,1082.0,1875.0,0.0,718.0,718.0,718.0
1.0,9373.0,2136.0,2154.0,5026.0,879.0,0.0,879.0,0.0,718.0,718.0,718.0,715.0,714.0,707.0,2508.0,1715.0,5150.0,0.0,879.0,0.0,718.0,718.0,718.0
1.0,12263.0,2153.0,2154.0,4135.0,0.0,0.0,0.0,0.0,718.0,718.0,718.0,724.0,721.0,708.0,3962.0,2711.0,5590.0,0.0,0.0,0.0,718.0,718.0,718.0
1.0,14245.0,2150.0,2155.0,2957.0,0.0,0.0,0.0,0.0,719.0,718.0,718.0,719.0,718.0,713.0,5222.0,4141.0,4882.0,0.0,0.0,0.0,719.0,718.0,718.0
1.0,15052.0,2171.0,2156.0,879.0,146.0,0.0,0.0,146.0,719.0,719.0,718.0,723.0,723.0,725.0,5585.0,5298.0,4169.0,0.0,0.0,146.0,719.0,719.0,718.0
1.0,13760.0,2182.0,2157.0,0.0,885.0,0.0,0.0,885.0,719.0,719.0,719.0,724.0,724.0,734.0,4862.0,5454.0,3444.0,0.0,0.0,885.0,719.0,719.0,719.0
1.0,11578.0,2183.0,2157.0,0.0,1796.0,179.0,0.0,1617.0,719.0,719.0,719.0,722.0,729.0,732.0,4138.0,4730.0,2710.0,179.0,0.0,1617.0,719.0,719.0,719.0
1.0,9395.0,2183.0,2158.0,146.0,3432.0,913.0,325.0,2194.0,720.0,719.0,719.0,729.0,731.0,723.0,3416.0,4001.0,1978.0,913.0,325.0,2194.0,720.0,719.0,719.0
1.0,7358.0,2198.0,2158.0,885.0,4745.0,1648.0,1054.0,2043.0,720.0,719.0,719.0,735.0,729.0,734.0,2687.0,3270.0,1401.0,1648.0,1054.0,2043.0,720.0,719.0,719.0
1.0,6045.0,2190.0,2158.0,1796.0,5139.0,2195.0,1791.0,1153.0,720.0,719.0,719.0,726.0,737.0,727.0,1952.0,2541.0,1552.0,2195.0,1791.0,1153.0,720.0,719.0,719.0
1.0,5651.0,2215.0,2160.0,3432.0,4234.0,2021.0,2213.0,0.0,720.0,720.0,720.0,739.0,742.0,734.0,1405.0,1804.0,2442.0,2021.0,2213.0,0.0,720.0,720.0,720.0
1.0,6868.0,2200.0,2161.0,4745.0,3007.0,1109.0,1898.0,0.0,721.0,720.0,720.0,731.0,739.0,730.0,1579.0,1387.0,3902.0,1109.0,1898.0,0.0,721.0,720.0,720.0
1.0,9413.0,2214.0,2162.0,5139.0,850.0,0.0,850.0,0.0,721.0,721.0,720.0,742.0,738.0,734.0,2496.0,1702.0,5215.0,0.0,850.0,0.0,721.0,721.0,720.0
1.0,12338.0,2198.0,2162.0,4234.0,0.0,0.0,0.0,0.0,721.0,721.0,720.0,727.0,735.0,736.0,3949.0,2755.0,5634.0,0.0,0.0,0.0,721.0,721.0,720.0
1.0,14374.0,2190.0,2162.0,3007.0,0.0,0.0,0.0,0.0,721.0,721.0,720.0,728.0,735.0,727.0,5243.0,4233.0,4898.0,0.0,0.0,0.0,721.0,721.0,720.0
1.0,15191.0,2199.0,2164.0,850.0,166.0,0.0,0.0,166.0,721.0,722.0,721.0,734.0,733.0,732.0,5624.0,5396.0,4171.0,0.0,0.0,166.0,721.0,722.0,721.0
1.0,13842.0,2198.0,2165.0,0.0,899.0,0.0,0.0,899.0,722.0,722.0,721.0,731.0,734.0,733.0,4890.0,5513.0,3439.0,0.0,0.0,899.0,722.0,722.0,721.0
1.0,11644.0,2195.0,2166.0,0.0,1812.0,175.0,0.0,1637.0,722.0,722.0,722.0,724.0,738.0,733.0,4159.0,4779.0,2706.0,175.0,0.0,1637.0,722.0,722.0,722.0
1.0,9449.0,2187.0,2167.0,166.0,3407.0,904.0,301.0,2202.0,722.0,723.0,722.0,729.0,727.0,731.0,3435.0,4041.0,1973.0,904.0,301.0,2202.0,722.0,723.0,722.0
1.0,7428.0,2175.0,2167.0,899.0,4683.0,1629.0,1021.0,2033.0,722.0,723.0,722.0,725.0,720.0,730.0,2706.0,3314.0,1408.0,1629.0,1021.0,2033.0,722.0,723.0,722.0
1.0,6152.0,2176.0,2168.0,1812.0,5052.0,2182.0,1747.0,1123.0,722.0,723.0,723.0,728.0,726.0,722.0,1981.0,2594.0,1577.0,2182.0,1747.0,1123.0,722.0,723.0,723.0
1.0,5788.0,2177.0,2169.0,3407.0,4181.0,2001.0,2180.0,0.0,722.0,724.0,723.0,723.0,729.0,725.0,1428.0,1868.0,2492.0,2001.0,2180.0,0.0,722.0,724.0,723.0
1.0,7018.0,2168.0,2169.0,4683.0,2974.0,1094.0,1880.0,0.0,722.0,724.0,723.0,722.0,721.0,725.0,1609.0,1440.0,3969.0,1094.0,1880.0,0.0,722.0,724.0,723.0
1.0,9533.0,2174.0,2170.0,5052.0,854.0,0.0,854.0,0.0,722.0,724.0,724.0,726.0,721.0,727.0,2516.0,1740.0,5277.0,0.0,854.0,0.0,722.0,724.0,724.0
1.0,12411.0,2158.0,2171.0,4181.0,0.0,0.0,0.0,0.0,723.0,724.0,724.0,722.0,715.0,721.0,3972.0,2766.0,5673.0,0.0,0.0,0.0,723.0,724.0,724.0
1.0,14434.0,2167.0,2171.0,2974.0,0.0,0.0,0.0,0.0,723.0,724.0,724.0,724.0,717.0,726.0,5251.0,4231.0,4952.0,0.0,0.0,0.0,723.0,724.0,724.0
1.0,15241.0,2176.0,2172.0,854.0,122.0,0.0,0.0,122.0,723.0,725.0,724.0,726.0,722.0,728.0,5621.0,5394.0,4226.0,0.0,0.0,122.0,723.0,725.0,724.0
1.0,13919.0,2173.0,2174.0,0.0,856.0,0.0,0.0,856.0,724.0,725.0,725.0,730.0,714.0,729.0,4895.0,5526.0,3498.0,0.0,0.0,856.0,724.0,725.0,725.0
1.0,11746.0,2174.0,2174.0,0.0,1763.0,179.0,0.0,1584.0,724.0,725.0,725.0,724.0,722.0,728.0,4165.0,4812.0,2769.0,179.0,0.0,1584.0,724.0,725.0,725.0
1.0,9572.0,2166.0,2174.0,122.0,3342.0,899.0,259.0,2184.0,724.0,725.0,725.0,720.0,724.0,722.0,3441.0,4090.0,2041.0,899.0,259.0,2184.0,724.0,725.0,725.0
1.0,7528.0,2175.0,2174.0,856.0,4661.0,1625.0,979.0,2057.0,724.0,725.0,725.0,726.0,720.0,729.0,2721.0,3366.0,1441.0,1625.0,979.0,2057.0,724.0,725.0,725.0
1.0,6209.0,2186.0,2175.0,1763.0,5089.0,2183.0,1706.0,1200.0,725.0,725.0,725.0,732.0,727.0,727.0,1995.0,2646.0,1568.0,2183.0,1706.0,1200.0,725.0,725.0,725.0
1.0,5786.0,2189.0,2175.0,3342.0,4191.0,2014.0,2177.0,0.0,725.0,725.0,725.0,730.0,730.0,729.0,1442.0,1919.0,2425.0,2014.0,2177.0,0.0,725.0,725.0,725.0
1.0,6939.0,2197.0,2175.0,4661.0,3051.0,1123.0,1928.0,0.0,725.0,725.0,725.0,734.0,730.0,733.0,1611.0,1448.0,3880.0,1123.0,1928.0,0.0,725.0,725.0,725.0
1.0,9403.0,2201.0,2175.0,5089.0,955.0,0.0,955.0,0.0,725.0,725.0,725.0,732.0,733.0,736.0,2502.0,1697.0,5204.0,0.0,955.0,0.0,725.0,725.0,725.0
1.0,12291.0,2200.0,2175.0,4191.0,0.0,0.0,0.0,0.0,725.0,725.0,725.0,737.0,734.0,729.0,3953.0,2670.0,5668.0,0.0,0.0,0.0,725.0,725.0,725.0
1.0,14282.0,2199.0,2177.0,3051.0,0.0,0.0,0.0,0.0,726.0,725.0,726.0,728.0,730.0,741.0,5230.0,4113.0,4939.0,0.0,0.0,0.0,726.0,725.0,726.0
1.0,15134.0,2207.0,2177.0,955.0,168.0,0.0,0.0,168.0,726.0,725.0,726.0,736.0,735.0,736.0,5625.0,5311.0,4198.0,0.0,0.0,168.0,726.0,725.0,726.0
1.0,13882.0,2215.0,2177.0,0.0,906.0,0.0,0.0,906.0,726.0,725.0,726.0,739.0,738.0,738.0,4889.0,5531.0,3462.0,0.0,0.0,906.0,726.0,725.0,726.0
1.0,11667.0,2211.0,2177.0,0.0,1855.0,212.0,0.0,1643.0,726.0,725.0,726.0,732.0,742.0,737.0,4150.0,4793.0,2724.0,212.0,0.0,1643.0,726.0,725.0,726.0
1.0,9456.0,2209.0,2178.0,168.0,3475.0,950.0,319.0,2206.0,726.0,726.0,726.0,738.0,740.0,731.0,3418.0,4051.0,1987.0,950.0,319.0,2206.0,726.0,726.0,726.0
1.0,7415.0,2208.0,2179.0,906.0,4782.0,1695.0,1053.0,2034.0,727.0,726.0,726.0,740.0,734.0,734.0,2680.0,3311.0,1424.0,1695.0,1053.0,2034.0,727.0,726.0,726.0
1.0,6113.0,2215.0,2179.0,1855.0,5142.0,2221.0,1800.0,1121.0,727.0,726.0,726.0,738.0,747.0,730.0,1940.0,2577.0,1596.0,2221.0,1800.0,1121.0,727.0,726.0,726.0
1.0,5753.0,2198.0,2180.0,3475.0,4226.0,2007.0,2219.0,0.0,727.0,727.0,726.0,736.0,733.0,729.0,1414.0,1830.0,2509.0,2007.0,2219.0,0.0,727.0,727.0,726.0
1.0,7030.0,2186.0,2182.0,4782.0,2945.0,1050.0,1895.0,0.0,728.0,727.0,727.0,733.0,729.0,724.0,1628.0,1416.0,3986.0,1050.0,1895.0,0.0,728.0,727.0,727.0
1.0,9626.0,2189.0,2182.0,5142.0,823.0,0.0,823.0,0.0,728.0,727.0,727.0,739.0,728.0,722.0,2590.0,1740.0,5296.0,0.0,823.0,0.0,728.0,727.0,727.0
1.0,12579.0,2187.0,2183.0,4226.0,0.0,0.0,0.0,0.0,728.0,728.0,727.0,723.0,736.0,728.0,4072.0,2812.0,5695.0,0.0,0.0,0.0,728.0,728.0,727.0
1.0,14618.0,2178.0,2183.0,2945.0,0.0,0.0,0.0,0.0,728.0,728.0,727.0,732.0,723.0,723.0,5356.0,4295.0,4967.0,0.0,0.0,0.0,728.0,728.0,727.0
1.0,15385.0,2180.0,2183.0,823.0,111.0,0.0,0.0,111.0,728.0,728.0,727.0,728.0,732.0,720.0,5674.0,5467.0,4244.0,0.0,0.0,111.0,728.0,728.0,727.0
1.0,14028.0,2186.0,2184.0,0.0,840.0,0.0,0.0,840.0,729.0,728.0,727.0,731.0,726.0,729.0,4946.0,5558.0,3524.0,0.0,0.0,840.0,729.0,728.0,727.0
1.0,11842.0,2199.0,2186.0,0.0,1740.0,162.0,0.0,1578.0,729.0,729.0,728.0,732.0,734.0,733.0,4215.0,4832.0,2795.0,162.0,0.0,1578.0,729.0,729.0,728.0
1.0,9643.0,2182.0,2186.0,111.0,3358.0,890.0,271.0,2197.0,729.0,729.0,728.0,728.0,724.0,730.0,3483.0,4098.0,2062.0,890.0,271.0,2197.0,729.0,729.0,728.0
1.0,7572.0,2176.0,2186.0,840.0,4694.0,1621.0,994.0,2079.0,729.0,729.0,728.0,731.0,723.0,722.0,2755.0,3374.0,1443.0,1621.0,994.0,2079.0,729.0,729.0,728.0
1.0,6236.0,2203.0,2188.0,1740.0,5167.0,2203.0,1727.0,1237.0,730.0,729.0,729.0,739.0,733.0,731.0,2024.0,2651.0,1561.0,2203.0,1727.0,1237.0,730.0,729.0,729.0
1.0,5773.0,2197.0,2188.0,3358.0,4231.0,2046.0,2185.0,0.0,730.0,729.0,729.0,733.0,729.0,735.0,1447.0,1918.0,2408.0,2046.0,2185.0,0.0,730.0,729.0,729.0
1.0,6934.0,2206.0,2190.0,4694.0,3088.0,1163.0,1925.0,0.0,730.0,730.0,730.0,738.0,729.0,739.0,1604.0,1460.0,3870.0,1163.0,1925.0,0.0,730.0,730.0,730.0
1.0,9422.0,2205.0,2191.0,5167.0,932.0,0.0,932.0,0.0,731.0,730.0,730.0,735.0,734.0,736.0,2487.0,1725.0,5210.0,0.0,932.0,0.0,731.0,730.0,730.0
1.0,12384.0,2200.0,2191.0,4231.0,0.0,0.0,0.0,0.0,731.0,730.0,730.0,732.0,731.0,737.0,3955.0,2718.0,5711.0,0.0,0.0,0.0,731.0,730.0,730.0
1.0,14415.0,2224.0,2191.0,3088.0,0.0,0.0,0.0,0.0,731.0,730.0,730.0,743.0,740.0,741.0,5269.0,4172.0,4974.0,0.0,0.0,0.0,731.0,730.0,730.0
1.0,15279.0,2223.0,2192.0,932.0,169.0,0.0,0.0,169.0,731.0,730.0,731.0,741.0,735.0,747.0,5689.0,5357.0,4233.0,0.0,0.0,169.0,731.0,730.0,731.0
1.0,13988.0,2225.0,2192.0,0.0,919.0,0.0,0.0,919.0,731.0,730.0,731.0,740.0,735.0,750.0,4948.0,5554.0,3486.0,0.0,0.0,919.0,731.0,730.0,731.0
1.0,11763.0,2221.0,2193.0,0.0,1860.0,195.0,0.0,1665.0,732.0,730.0,731.0,743.0,732.0,746.0,4208.0,4819.0,2736.0,195.0,0.0,1665.0,732.0,730.0,731.0
1.0,9542.0,2225.0,2193.0,169.0,3479.0,936.0,304.0,2239.0,732.0,730.0,731.0,741.0,741.0,743.0,3465.0,4087.0,1990.0,936.0,304.0,2239.0,732.0,730.0,731.0
1.0,7486.0,2225.0,2194.0,919.0,4790.0,1676.0,1045.0,2069.0,732.0,730.0,732.0,740.0,741.0,744.0,2724.0,3346.0,1416.0,1676.0,1045.0,2069.0,732.0,730.0,732.0
1.0,6180.0,2234.0,2194.0,1860.0,5164.0,2218.0,1786.0,1160.0,732.0,730.0,732.0,737.0,741.0,756.0,1984.0,2605.0,1591.0,2218.0,1786.0,1160.0,732.0,730.0,732.0
1.0,5806.0,2220.0,2194.0,3479.0,4239.0,2024.0,2215.0,0.0,732.0,730.0,732.0,742.0,733.0,745.0,1442.0,1864.0,2500.0,2024.0,2215.0,0.0,732.0,730.0,732.0
1.0,7065.0,2219.0,2195.0,4790.0,2992.0,1087.0,1905.0,0.0,732.0,730.0,733.0,739.0,735.0,745.0,1636.0,1435.0,3994.0,1087.0,1905.0,0.0,732.0,730.0,733.0
1.0,9636.0,2223.0,2197.0,5164.0,864.0,0.0,864.0,0.0,733.0,731.0,733.0,740.0,740.0,743.0,2573.0,1745.0,5318.0,0.0,864.0,0.0,733.0,731.0,733.0
1.0,12577.0,2201.0,2196.0,4239.0,0.0,0.0,0.0,0.0,732.0,731.0,733.0,728.0,736.0,737.0,4051.0,2791.0,5735.0,0.0,0.0,0.0,732.0,731.0,733.0
1.0,14615.0,2211.0,2197.0,2992.0,0.0,0.0,0.0,0.0,733.0,731.0,733.0,734.0,740.0,737.0,5347.0,4270.0,4998.0,0.0,0.0,0.0,733.0,731.0,733.0
1.0,15396.0,2191.0,2197.0,864.0,132.0,0.0,0.0,132.0,733.0,731.0,733.0,729.0,734.0,728.0,5700.0,5435.0,4261.0,0.0,0.0,132.0,733.0,731.0,733.0
1.0,14069.0,2197.0,2197.0,0.0,860.0,0.0,0.0,860.0,733.0,731.0,733.0,735.0,734.0,728.0,4971.0,5565.0,3533.0,0.0,0.0,860.0,733.0,731.0,733.0
1.0,11872.0,2192.0,2197.0,0.0,1752.0,163.0,0.0,1589.0,733.0,731.0,733.0,734.0,729.0,729.0,4236.0,4831.0,2805.0,163.0,0.0,1589.0,733.0,731.0,733.0
1.0,9680.0,2181.0,2197.0,132.0,3354.0,892.0,284.0,2178.0,733.0,731.0,733.0,729.0,731.0,721.0,3502.0,4102.0,2076.0,892.0,284.0,2178.0,733.0,731.0,733.0
1.0,7631.0,2196.0,2197.0,860.0,4690.0,1627.0,1018.0,2045.0,733.0,731.0,733.0,735.0,734.0,727.0,2773.0,3371.0,1487.0,1627.0,1018.0,2045.0,733.0,731.0,733.0
1.0,6295.0,2191.0,2199.0,1752.0,5139.0,2203.0,1754.0,1182.0,734.0,732.0,733.0,734.0,731.0,726.0,2038.0,2637.0,1620.0,2203.0,1754.0,1182.0,734.0,732.0,733.0
1.0,5856.0,2193.0,2199.0,3354.0,4243.0,2045.0,2198.0,0.0,734.0,732.0,733.0,734.0,728.0,731.0,1467.0,1906.0,2483.0,2045.0,2198.0,0.0,734.0,732.0,733.0
1.0,7017.0,2196.0,2199.0,4690.0,3064.0,1149.0,1915.0,0.0,734.0,732.0,733.0,731.0,735.0,730.0,1625.0,1462.0,3930.0,1149.0,1915.0,0.0,734.0,732.0,733.0
1.0,9511.0,2203.0,2199.0,5139.0,896.0,0.0,896.0,0.0,734.0,732.0,733.0,736.0,735.0,732.0,2521.0,1745.0,5245.0,0.0,896.0,0.0,734.0,732.0,733.0
1.0,12447.0,2216.0,2201.0,4243.0,0.0,0.0,0.0,0.0,734.0,733.0,734.0,739.0,737.0,740.0,3988.0,2764.0,5695.0,0.0,0.0,0.0,734.0,733.0,734.0
1.0,14474.0,2213.0,2202.0,3064.0,0.0,0.0,0.0,0.0,735.0,733.0,734.0,740.0,736.0,737.0,5294.0,4225.0,4955.0,0.0,0.0,0.0,735.0,733.0,734.0
1.0,15325.0,2212.0,2202.0,896.0,192.0,0.0,0.0,192.0,735.0,733.0,734.0,740.0,732.0,740.0,5703.0,5404.0,4218.0,0.0,0.0,192.0,735.0,733.0,734.0
1.0,14009.0,2236.0,2203.0,0.0,928.0,0.0,0.0,928.0,735.0,734.0,734.0,751.0,749.0,736.0,4963.0,5568.0,3478.0,0.0,0.0,928.0,735.0,734.0,734.0
1.0,11773.0,2221.0,2204.0,0.0,1873.0,210.0,0.0,1663.0,736.0,734.0,734.0,742.0,744.0,735.0,4212.0,4819.0,2742.0,210.0,0.0,1663.0,736.0,734.0,734.0
1.0,9552.0,2232.0,2205.0,192.0,3513.0,954.0,342.0,2217.0,736.0,734.0,735.0,744.0,747.0,741.0,3470.0,4075.0,2007.0,954.0,342.0,2217.0,736.0,734.0,735.0
1.0,7512.0,2239.0,2206.0,928.0,4829.0,1702.0,1097.0,2030.0,736.0,735.0,735.0,748.0,750.0,741.0,2726.0,3328.0,1458.0,1702.0,1097.0,2030.0,736.0,735.0,735.0
1.0,6201.0,2249.0,2206.0,1873.0,5205.0,2243.0,1844.0,1118.0,736.0,735.0,735.0,751.0,747.0,751.0,1978.0,2578.0,1645.0,2243.0,1844.0,1118.0,736.0,735.0,735.0
1.0,5825.0,2234.0,2207.0,3513.0,4292.0,2045.0,2247.0,0.0,737.0,735.0,735.0,751.0,745.0,738.0,1437.0,1831.0,2557.0,2045.0,2247.0,0.0,737.0,735.0,735.0
1.0,7104.0,2247.0,2208.0,4829.0,2995.0,1094.0,1901.0,0.0,737.0,736.0,735.0,751.0,746.0,750.0,1640.0,1428.0,4036.0,1094.0,1901.0,0.0,737.0,736.0,735.0
1.0,9686.0,2248.0,2209.0,5205.0,811.0,0.0,811.0,0.0,737.0,736.0,736.0,747.0,754.0,747.0,2591.0,1779.0,5316.0,0.0,811.0,0.0,737.0,736.0,736.0
1.0,12643.0,2236.0,2209.0,4292.0,0.0,0.0,0.0,0.0,737.0,736.0,736.0,737.0,747.0,752.0,4087.0,2869.0,5687.0,0.0,0.0,0.0,737.0,736.0,736.0
1.0,14699.0,2237.0,2210.0,2995.0,0.0,0.0,0.0,0.0,738.0,736.0,736.0,742.0,748.0,747.0,5395.0,4369.0,4935.0,0.0,0.0,0.0,738.0,736.0,736.0
1.0,15457.0,2237.0,2210.0,811.0,243.0,0.0,0.0,243.0,738.0,736.0,736.0,744.0,742.0,751.0,5747.0,5522.0,4188.0,0.0,0.0,243.0,738.0,736.0,736.0
1.0,14031.0,2235.0,2212.0,0.0,998.0,0.0,0.0,998.0,738.0,737.0,737.0,738.0,747.0,750.0,5003.0,5591.0,3437.0,0.0,0.0,998.0,738.0,737.0,737.0
1.0,11796.0,2225.0,2212.0,0.0,1904.0,165.0,0.0,1739.0,738.0,737.0,737.0,740.0,744.0,741.0,4265.0,4844.0,2687.0,165.0,0.0,1739.0,738.0,737.0,737.0
1.0,9571.0,2220.0,2212.0,243.0,3466.0,912.0,318.0,2236.0,738.0,737.0,737.0,747.0,733.0,740.0,3525.0,4100.0,1946.0,912.0,318.0,2236.0,738.0,737.0,737.0
1.0,7594.0,2212.0,2212.0,998.0,4680.0,1648.0,1054.0,1978.0,738.0,737.0,737.0,736.0,736.0,740.0,2778.0,3367.0,1449.0,1648.0,1054.0,1978.0,738.0,737.0,737.0
1.0,6380.0,2211.0,2213.0,1904.0,4992.0,2216.0,1795.0,981.0,738.0,737.0,738.0,733.0,741.0,737.0,2042.0,2631.0,1707.0,2216.0,1795.0,981.0,738.0,737.0,738.0
1.0,6073.0,2212.0,2213.0,3466.0,4252.0,2040.0,2212.0,0.0,738.0,737.0,738.0,736.0,735.0,741.0,1474.0,1890.0,2709.0,2040.0,2212.0,0.0,738.0,737.0,738.0
1.0,7327.0,2212.0,2213.0,4680.0,3019.0,1127.0,1892.0,0.0,738.0,737.0,738.0,735.0,734.0,743.0,1650.0,1473.0,4204.0,1127.0,1892.0,0.0,738.0,737.0,738.0
1.0,9795.0,2211.0,2214.0,4992.0,833.0,0.0,833.0,0.0,738.0,737.0,739.0,734.0,736.0,741.0,2563.0,1793.0,5439.0,0.0,833.0,0.0,738.0,737.0,739.0
1.0,12576.0,2204.0,2214.0,4252.0,0.0,0.0,0.0,0.0,738.0,737.0,739.0,732.0,732.0,740.0,4045.0,2852.0,5679.0,0.0,0.0,0.0,738.0,737.0,739.0
1.0,14624.0,2204.0,2214.0,3019.0,0.0,0.0,0.0,0.0,738.0,737.0,739.0,736.0,731.0,737.0,5353.0,4332.0,4939.0,0.0,0.0,0.0,738.0,737.0,739.0
1.0,15439.0,2220.0,2216.0,833.0,236.0,0.0,0.0,236.0,739.0,738.0,739.0,737.0,740.0,743.0,5744.0,5493.0,4202.0,0.0,0.0,236.0,739.0,738.0,739.0
1.0,14052.0,2213.0,2217.0,0.0,979.0,0.0,0.0,979.0,739.0,738.0,740.0,744.0,731.0,738.0,5007.0,5586.0,3459.0,0.0,0.0,979.0,739.0,738.0,740.0
1.0,11839.0,2217.0,2217.0,0.0,1889.0,166.0,0.0,1723.0,739.0,738.0,740.0,734.0,739.0,744.0,4263.0,4855.0,2721.0,166.0,0.0,1723.0,739.0,738.0,740.0
1.0,9622.0,2218.0,2217.0,236.0,3445.0,902.0,314.0,2229.0,739.0,738.0,740.0,736.0,740.0,742.0,3529.0,4116.0,1977.0,902.0,314.0,2229.0,739.0,738.0,740.0
1.0,7640.0,2236.0,2217.0,979.0,4702.0,1654.0,1057.0,1991.0,739.0,738.0,740.0,752.0,743.0,741.0,2793.0,3376.0,1471.0,1654.0,1057.0,1991.0,739.0,738.0,740.0
1.0,6383.0,2243.0,2218.0,1889.0,5061.0,2235.0,1808.0,1018.0,739.0,739.0,740.0,747.0,746.0,750.0,2041.0,2633.0,1709.0,2235.0,1808.0,1018.0,739.0,739.0,740.0
1.0,6029.0,2252.0,2219.0,3445.0,4338.0,2090.0,2248.0,0.0,740.0,739.0,740.0,752.0,754.0,746.0,1460.0,1887.0,2682.0,2090.0,2248.0,0.0,740.0,739.0,740.0
1.0,7222.0,2246.0,2220.0,4702.0,3127.0,1181.0,1946.0,0.0,740.0,739.0,741.0,745.0,755.0,746.0,1610.0,1447.0,4165.0,1181.0,1946.0,0.0,740.0,739.0,741.0
1.0,9678.0,2253.0,2221.0,5061.0,894.0,0.0,894.0,0.0,740.0,740.0,741.0,754.0,751.0,748.0,2519.0,1749.0,5410.0,0.0,894.0,0.0,740.0,740.0,741.0
1.0,12486.0,2260.0,2221.0,4338.0,0.0,0.0,0.0,0.0,740.0,740.0,741.0,753.0,757.0,750.0,4000.0,2806.0,5680.0,0.0,0.0,0.0,740.0,740.0,741.0
1.0,14564.0,2270.0,2223.0,3127.0,0.0,0.0,0.0,0.0,741.0,741.0,741.0,761.0,761.0,748.0,5337.0,4297.0,4930.0,0.0,0.0,0.0,741.0,741.0,741.0
1.0,15421.0,2274.0,2223.0,894.0,277.0,0.0,0.0,277.0,741.0,741.0,741.0,760.0,760.0,754.0,5757.0,5482.0,4182.0,0.0,0.0,277.0,741.0,741.0,741.0
1.0,14041.0,2271.0,2223.0,0.0,1029.0,0.0,0.0,1029.0,741.0,741.0,741.0,758.0,761.0,752.0,4997.0,5616.0,3428.0,0.0,0.0,1029.0,741.0,741.0,741.0
1.0,11770.0,2261.0,2225.0,0.0,2006.0,222.0,0.0,1784.0,742.0,742.0,741.0,751.0,755.0,755.0,4239.0,4855.0,2676.0,222.0,0.0,1784.0,742.0,742.0,741.0
1.0,9509.0,2256.0,2225.0,277.0,3595.0,978.0,365.0,2252.0,742.0,742.0,741.0,756.0,755.0,745.0,3488.0,4100.0,1921.0,978.0,365.0,2252.0,742.0,742.0,741.0
1.0,7530.0,2252.0,2225.0,1029.0,4818.0,1724.0,1123.0,1971.0,742.0,742.0,741.0,746.0,758.0,748.0,2732.0,3345.0,1453.0,1724.0,1123.0,1971.0,742.0,742.0,741.0
1.0,6307.0,2248.0,2226.0,2006.0,5065.0,2249.0,1885.0,931.0,742.0,743.0,741.0,747.0,757.0,744.0,1986.0,2587.0,1734.0,2249.0,1885.0,931.0,742.0,743.0,741.0
1.0,6065.0,2248.0,2226.0,3595.0,4289.0,2020.0,2269.0,0.0,742.0,743.0,741.0,749.0,749.0,750.0,1461.0,1830.0,2774.0,2020.0,2269.0,0.0,742.0,743.0,741.0
1.0,7412.0,2231.0,2227.0,4818.0,2936.0,1041.0,1895.0,0.0,743.0,743.0,741.0,740.0,749.0,742.0,1690.0,1446.0,4276.0,1041.0,1895.0,0.0,743.0,743.0,741.0
1.0,9999.0,2238.0,2228.0,5065.0,758.0,0.0,758.0,0.0,743.0,743.0,742.0,746.0,748.0,744.0,2674.0,1820.0,5505.0,0.0,758.0,0.0,743.0,743.0,742.0
1.0,12826.0,2228.0,2229.0,4289.0,0.0,0.0,0.0,0.0,743.0,744.0,742.0,745.0,741.0,742.0,4177.0,2957.0,5692.0,0.0,0.0,0.0,743.0,744.0,742.0
1.0,14887.0,2221.0,2229.0,2936.0,0.0,0.0,0.0,0.0,743.0,744.0,742.0,740.0,742.0,739.0,5452.0,4485.0,4950.0,0.0,0.0,0.0,743.0,744.0,742.0
1.0,15602.0,2220.0,2230.0,758.0,242.0,0.0,0.0,242.0,743.0,744.0,743.0,742.0,740.0,738.0,5753.0,5638.0,4211.0,0.0,0.0,242.0,743.0,744.0,743.0
1.0,14140.0,2226.0,2231.0,0.0,988.0,0.0,0.0,988.0,744.0,744.0,743.0,742.0,738.0,746.0,5011.0,5656.0,3473.0,0.0,0.0,988.0,744.0,744.0,743.0
1.0,11914.0,2223.0,2231.0,0.0,1924.0,197.0,0.0,1727.0,744.0,744.0,743.0,746.0,738.0,739.0,4269.0,4918.0,2727.0,197.0,0.0,1727.0,744.0,744.0,743.0
1.0,9691.0,2219.0,2231.0,242.0,3441.0,938.0,279.0,2224.0,744.0,744.0,743.0,741.0,739.0,739.0,3523.0,4180.0,1988.0,938.0,279.0,2224.0,744.0,744.0,743.0
1.0,7714.0,2224.0,2233.0,988.0,4687.0,1679.0,1025.0,1983.0,744.0,745.0,744.0,741.0,741.0,742.0,2782.0,3441.0,1491.0,1679.0,1025.0,1983.0,744.0,745.0,744.0
1.0,6478.0,2234.0,2233.0,1924.0,4997.0,2225.0,1769.0,1003.0,744.0,745.0,744.0,743.0,744.0,747.0,2041.0,2700.0,1737.0,2225.0,1769.0,1003.0,744.0,745.0,744.0
1.0,6168.0,2237.0,2233.0,3441.0,4271.0,2037.0,2234.0,0.0,744.0,745.0,744.0,750.0,744.0,743.0,1495.0,1956.0,2717.0,2037.0,2234.0,0.0,744.0,745.0,744.0
1.0,7372.0,2228.0,2234.0,4687.0,3057.0,1107.0,1950.0,0.0,745.0,745.0,744.0,744.0,741.0,743.0,1683.0,1491.0,4198.0,1107.0,1950.0,0.0,745.0,745.0,744.0
1.0,9831.0,2241.0,2234.0,4997.0,924.0,0.0,924.0,0.0,745.0,745.0,744.0,751.0,743.0,747.0,2618.0,1775.0,5438.0,0.0,924.0,0.0,745.0,745.0,744.0
1.0,12587.0,2250.0,2234.0,4271.0,0.0,0.0,0.0,0.0,745.0,745.0,744.0,750.0,748.0,752.0,4092.0,2801.0,5694.0,0.0,0.0,0.0,745.0,745.0,744.0
1.0,14608.0,2266.0,2235.0,3057.0,0.0,0.0,0.0,0.0,745.0,745.0,745.0,760.0,750.0,756.0,5379.0,4287.0,4942.0,0.0,0.0,0.0,745.0,745.0,745.0
1.0,15399.0,2266.0,2235.0,924.0,295.0,0.0,0.0,295.0,745.0,745.0,745.0,757.0,753.0,756.0,5726.0,5487.0,4186.0,0.0,0.0,295.0,745.0,745.0,745.0
1.0,14057.0,2272.0,2237.0,0.0,1062.0,0.0,0.0,1062.0,746.0,745.0,746.0,760.0,750.0,762.0,4969.0,5658.0,3430.0,0.0,0.0,1062.0,746.0,745.0,746.0
1.0,11785.0,2284.0,2238.0,0.0,2110.0,283.0,0.0,1827.0,746.0,746.0,746.0,762.0,757.0,765.0,4209.0,4908.0,2668.0,283.0,0.0,1827.0,746.0,746.0,746.0
1.0,9501.0,2284.0,2238.0,295.0,3678.0,1040.0,338.0,2300.0,746.0,746.0,746.0,757.0,759.0,768.0,3447.0,4151.0,1903.0,1040.0,338.0,2300.0,746.0,746.0,746.0
1.0,7512.0,2282.0,2239.0,1062.0,4903.0,1798.0,1098.0,2007.0,746.0,746.0,747.0,758.0,760.0,764.0,2690.0,3392.0,1430.0,1798.0,1098.0,2007.0,746.0,746.0,747.0
1.0,6292.0,2273.0,2239.0,2110.0,5066.0,2280.0,1853.0,933.0,746.0,746.0,747.0,765.0,755.0,753.0,1932.0,2632.0,1728.0,2280.0,1853.0,933.0,746.0,746.0,747.0
1.0,6129.0,2292.0,2240.0,3678.0,4290.0,2015.0,2275.0,0.0,747.0,746.0,747.0,770.0,760.0,762.0,1450.0,1877.0,2802.0,2015.0,2275.0,0.0,747.0,746.0,747.0
1.0,7515.0,2279.0,2241.0,4903.0,2914.0,973.0,1941.0,0.0,747.0,747.0,747.0,756.0,759.0,764.0,1720.0,1455.0,4340.0,973.0,1941.0,0.0,747.0,747.0,747.0
1.0,10139.0,2279.0,2241.0,5066.0,852.0,0.0,852.0,0.0,747.0,747.0,747.0,754.0,764.0,761.0,2762.0,1794.0,5583.0,0.0,852.0,0.0,747.0,747.0,747.0
1.0,12926.0,2280.0,2243.0,4290.0,0.0,0.0,0.0,0.0,748.0,747.0,748.0,761.0,764.0,755.0,4288.0,2883.0,5755.0,0.0,0.0,0.0,748.0,747.0,748.0
1.0,14936.0,2252.0,2243.0,2914.0,0.0,0.0,0.0,0.0,748.0,747.0,748.0,748.0,749.0,755.0,5542.0,4394.0,5000.0,0.0,0.0,0.0,748.0,747.0,748.0
1.0,15598.0,2259.0,2244.0,852.0,246.0,0.0,0.0,246.0,748.0,748.0,748.0,756.0,752.0,751.0,5767.0,5586.0,4245.0,0.0,0.0,246.0,748.0,748.0,748.0
1.0,14191.0,2254.0,2245.0,0.0,995.0,0.0,0.0,995.0,749.0,748.0,748.0,751.0,754.0,749.0,5011.0,5686.0,3494.0,0.0,0.0,995.0,749.0,748.0,748.0
1.0,11937.0,2254.0,2245.0,0.0,1978.0,233.0,0.0,1745.0,749.0,748.0,748.0,748.0,756.0,750.0,4260.0,4932.0,2745.0,233.0,0.0,1745.0,749.0,748.0,748.0
1.0,9683.0,2249.0,2247.0,246.0,3555.0,981.0,324.0,2250.0,749.0,749.0,749.0,748.0,755.0,746.0,3512.0,4176.0,1995.0,981.0,324.0,2250.0,749.0,749.0,749.0
1.0,7680.0,2222.0,2246.0,995.0,4777.0,1719.0,1068.0,1990.0,749.0,749.0,748.0,738.0,744.0,740.0,2764.0,3421.0,1495.0,1719.0,1068.0,1990.0,749.0,749.0,748.0
1.0,6453.0,2248.0,2248.0,1978.0,5057.0,2246.0,1818.0,993.0,750.0,749.0,749.0,755.0,750.0,743.0,2026.0,2677.0,1750.0,2246.0,1818.0,993.0,750.0,749.0,749.0
1.0,6183.0,2233.0,2249.0,3555.0,4258.0,2013.0,2245.0,0.0,750.0,750.0,749.0,748.0,746.0,739.0,1504.0,1927.0,2752.0,2013.0,2245.0,0.0,750.0,750.0,749.0
1.0,7505.0,2228.0,2249.0,4777.0,2958.0,1032.0,1926.0,0.0,750.0,750.0,749.0,738.0,749.0,741.0,1737.0,1505.0,4263.0,1032.0,1926.0,0.0,750.0,750.0,749.0
1.0,10054.0,2245.0,2249.0,5057.0,859.0,0.0,859.0,0.0,750.0,750.0,749.0,751.0,751.0,743.0,2718.0,1824.0,5512.0,0.0,859.0,0.0,750.0,750.0,749.0
1.0,12866.0,2247.0,2249.0,4258.0,0.0,0.0,0.0,0.0,750.0,750.0,749.0,750.0,751.0,746.0,4213.0,2891.0,5762.0,0.0,0.0,0.0,750.0,750.0,749.0
1.0,14877.0,2246.0,2250.0,2958.0,0.0,0.0,0.0,0.0,750.0,751.0,749.0,746.0,754.0,746.0,5476.0,4385.0,5016.0,0.0,0.0,0.0,750.0,751.0,749.0
1.0,15589.0,2249.0,2251.0,859.0,222.0,0.0,0.0,222.0,751.0,751.0,749.0,747.0,755.0,747.0,5762.0,5557.0,4270.0,0.0,0.0,222.0,751.0,751.0,749.0
1.0,14199.0,2248.0,2251.0,0.0,969.0,0.0,0.0,969.0,751.0,751.0,749.0,751.0,750.0,747.0,5015.0,5661.0,3523.0,0.0,0.0,969.0,751.0,751.0,749.0
1.0,11951.0,2249.0,2251.0,0.0,1965.0,244.0,0.0,1721.0,751.0,751.0,749.0,753.0,744.0,752.0,4264.0,4911.0,2776.0,244.0,0.0,1721.0,751.0,751.0,749.0
1.0,9702.0,2270.0,2251.0,222.0,3601.0,1006.0,340.0,2255.0,751.0,751.0,749.0,762.0,752.0,756.0,3511.0,4167.0,2024.0,1006.0,340.0,2255.0,751.0,751.0,749.0
1.0,7654.0,2276.0,2251.0,969.0,4908.0,1767.0,1097.0,2044.0,751.0,751.0,749.0,761.0,757.0,758.0,2749.0,3415.0,1490.0,1767.0,1097.0,2044.0,751.0,751.0,749.0
1.0,6347.0,2271.0,2251.0,1965.0,5214.0,2286.0,1857.0,1071.0,751.0,751.0,749.0,763.0,760.0,748.0,1988.0,2658.0,1701.0,2286.0,1857.0,1071.0,751.0,751.0,749.0
1.0,6041.0,2276.0,2253.0,3601.0,4321.0,2052.0,2269.0,0.0,752.0,751.0,750.0,767.0,752.0,757.0,1469.0,1898.0,2674.0,2052.0,2269.0,0.0,752.0,751.0,750.0
1.0,7366.0,2296.0,2253.0,4908.0,2983.0,1055.0,1928.0,0.0,752.0,751.0,750.0,770.0,756.0,770.0,1708.0,1486.0,4172.0,1055.0,1928.0,0.0,752.0,751.0,750.0
1.0,9978.0,2295.0,2253.0,5214.0,830.0,0.0,830.0,0.0,752.0,751.0,750.0,772.0,759.0,764.0,2705.0,1827.0,5446.0,0.0,830.0,0.0,752.0,751.0,750.0
1.0,12897.0,2286.0,2253.0,4321.0,0.0,0.0,0.0,0.0,752.0,751.0,750.0,765.0,758.0,763.0,4219.0,2925.0,5753.0,0.0,0.0,0.0,752.0,751.0,750.0
1.0,14932.0,2296.0,2255.0,2983.0,0.0,0.0,0.0,0.0,753.0,751.0,751.0,770.0,757.0,769.0,5506.0,4436.0,4990.0,0.0,0.0,0.0,753.0,751.0,751.0
1.0,15619.0,2285.0,2255.0,830.0,300.0,0.0,0.0,300.0,753.0,751.0,751.0,760.0,759.0,766.0,5791.0,5607.0,4221.0,0.0,0.0,300.0,753.0,751.0,751.0
1.0,14164.0,2291.0,2255.0,0.0,1061.0,0.0,0.0,1061.0,753.0,751.0,751.0,767.0,763.0,761.0,5031.0,5678.0,3455.0,0.0,0.0,1061.0,753.0,751.0,751.0
1.0,11873.0,2294.0,2257.0,0.0,2104.0,273.0,0.0,1831.0,754.0,751.0,752.0,767.0,762.0,765.0,4264.0,4915.0,2694.0,273.0,0.0,1831.0,754.0,751.0,752.0
1.0,9579.0,2282.0,2258.0,300.0,3693.0,1041.0,363.0,2289.0,754.0,752.0,752.0,768.0,756.0,758.0,3497.0,4153.0,1929.0,1041.0,363.0,2289.0,754.0,752.0,752.0
1.0,7597.0,2276.0,2258.0,1061.0,4908.0,1797.0,1118.0,1993.0,754.0,752.0,752.0,756.0,755.0,765.0,2729.0,3397.0,1471.0,1797.0,1118.0,1993.0,754.0,752.0,752.0
1.0,6382.0,2273.0,2259.0,2104.0,5082.0,2281.0,1876.0,925.0,754.0,752.0,753.0,757.0,758.0,758.0,1973.0,2642.0,1767.0,2281.0,1876.0,925.0,754.0,752.0,753.0
1.0,6213.0,2270.0,2260.0,3693.0,4271.0,2002.0,2269.0,0.0,755.0,752.0,753.0,757.0,756.0,757.0,1489.0,1884.0,2840.0,2002.0,2269.0,0.0,755.0,752.0,753.0
1.0,7636.0,2262.0,2260.0,4908.0,2859.0,954.0,1905.0,0.0,755.0,752.0,753.0,749.0,754.0,759.0,1773.0,1491.0,4372.0,954.0,1905.0,0.0,755.0,752.0,753.0
1.0,10282.0,2269.0,2262.0,5082.0,791.0,0.0,791.0,0.0,755.0,753.0,754.0,751.0,757.0,761.0,2821.0,1855.0,5606.0,0.0,791.0,0.0,755.0,753.0,754.0
1.0,13095.0,2257.0,2262.0,4271.0,0.0,0.0,0.0,0.0,755.0,753.0,754.0,747.0,756.0,754.0,4351.0,2974.0,5770.0,0.0,0.0,0.0,755.0,753.0,754.0
1.0,15109.0,2266.0,2262.0,2859.0,0.0,0.0,0.0,0.0,755.0,753.0,754.0,746.0,762.0,758.0,5606.0,4487.0,5016.0,0.0,0.0,0.0,755.0,753.0,754.0
1.0,15702.0,2262.0,2264.0,791.0,274.0,0.0,0.0,274.0,755.0,754.0,755.0,747.0,758.0,757.0,5814.0,5630.0,4258.0,0.0,0.0,274.0,755.0,754.0,755.0
1.0,14231.0,2259.0,2264.0,0.0,1029.0,0.0,0.0,1029.0,755.0,754.0,755.0,748.0,756.0,755.0,5067.0,5663.0,3501.0,0.0,0.0,1029.0,755.0,754.0,755.0
1.0,11972.0,2262.0,2264.0,0.0,1991.0,206.0,0.0,1785.0,755.0,754.0,755.0,750.0,756.0,756.0,4319.0,4907.0,2746.0,206.0,0.0,1785.0,755.0,754.0,755.0
1.0,9710.0,2275.0,2265.0,274.0,3616.0,956.0,389.0,2271.0,755.0,755.0,755.0,750.0,765.0,760.0,3569.0,4151.0,1990.0,956.0,389.0,2271.0,755.0,755.0,755.0
1.0,7709.0,2268.0,2267.0,1029.0,4865.0,1715.0,1146.0,2004.0,756.0,755.0,756.0,754.0,757.0,757.0,2819.0,3386.0,1504.0,1715.0,1146.0,2004.0,756.0,755.0,756.0
1.0,6470.0,2282.0,2267.0,1991.0,5156.0,2264.0,1910.0,982.0,756.0,755.0,756.0,755.0,764.0,763.0,2065.0,2629.0,1776.0,2264.0,1910.0,982.0,756.0,755.0,756.0
1.0,6179.0,2294.0,2268.0,3616.0,4364.0,2068.0,2296.0,0.0,756.0,756.0,756.0,760.0,770.0,764.0,1516.0,1865.0,2798.0,2068.0,2296.0,0.0,756.0,756.0,756.0
1.0,7501.0,2289.0,2268.0,4865.0,3030.0,1114.0,1916.0,0.0,756.0,756.0,756.0,761.0,766.0,762.0,1712.0,1484.0,4305.0,1114.0,1916.0,0.0,756.0,756.0,756.0
1.0,10077.0,2295.0,2268.0,5156.0,772.0,0.0,772.0,0.0,756.0,756.0,756.0,762.0,766.0,767.0,2666.0,1864.0,5547.0,0.0,772.0,0.0,756.0,756.0,756.0
1.0,12938.0,2291.0,2269.0,4364.0,0.0,0.0,0.0,0.0,756.0,757.0,756.0,765.0,763.0,763.0,4168.0,3008.0,5762.0,0.0,0.0,0.0,756.0,757.0,756.0
1.0,15011.0,2314.0,2270.0,3030.0,0.0,0.0,0.0,0.0,756.0,757.0,757.0,780.0,767.0,767.0,5471.0,4541.0,4999.0,0.0,0.0,0.0,756.0,757.0,757.0
1.0,15727.0,2310.0,2271.0,772.0,321.0,0.0,0.0,321.0,757.0,757.0,757.0,770.0,772.0,768.0,5805.0,5690.0,4232.0,0.0,0.0,321.0,757.0,757.0,757.0
1.0,14189.0,2310.0,2271.0,0.0,1085.0,0.0,0.0,1085.0,757.0,757.0,757.0,777.0,769.0,764.0,5035.0,5690.0,3464.0,0.0,0.0,1085.0,757.0,757.0,757.0
1.0,11879.0,2299.0,2272.0,0.0,2140.0,297.0,0.0,1843.0,757.0,758.0,757.0,770.0,771.0,758.0,4258.0,4921.0,2700.0,297.0,0.0,1843.0,757.0,758.0,757.0
1.0,9580.0,2313.0,2272.0,321.0,3772.0,1069.0,414.0,2289.0,757.0,758.0,757.0,772.0,774.0,767.0,3488.0,4150.0,1942.0,1069.0,414.0,2289.0,757.0,758.0,757.0
1.0,7588.0,2296.0,2273.0,1085.0,4988.0,1845.0,1177.0,1966.0,758.0,758.0,757.0,771.0,763.0,762.0,2716.0,3376.0,1496.0,1845.0,1177.0,1966.0,758.0,758.0,757.0
1.0,6377.0,2302.0,2273.0,2140.0,5150.0,2320.0,1943.0,887.0,758.0,758.0,757.0,772.0,766.0,764.0,1945.0,2613.0,1819.0,2320.0,1943.0,887.0,758.0,758.0,757.0
1.0,6215.0,2301.0,2273.0,3772.0,4318.0,2017.0,2301.0,0.0,758.0,758.0,757.0,766.0,772.0,763.0,1470.0,1847.0,2898.0,2017.0,2301.0,0.0,758.0,758.0,757.0
1.0,7686.0,2287.0,2273.0,4988.0,2823.0,940.0,1883.0,0.0,758.0,758.0,757.0,768.0,759.0,760.0,1773.0,1489.0,4424.0,940.0,1883.0,0.0,758.0,758.0,757.0
1.0,10387.0,2296.0,2275.0,5150.0,708.0,0.0,708.0,0.0,759.0,759.0,757.0,767.0,763.0,766.0,2850.0,1907.0,5630.0,0.0,708.0,0.0,759.0,759.0,757.0
1.0,13241.0,2280.0,2275.0,4318.0,0.0,0.0,0.0,0.0,759.0,759.0,757.0,768.0,760.0,752.0,4403.0,3087.0,5751.0,0.0,0.0,0.0,759.0,759.0,757.0
1.0,15279.0,2270.0,2275.0,2823.0,0.0,0.0,0.0,0.0,759.0,759.0,757.0,757.0,756.0,757.0,5652.0,4628.0,4999.0,0.0,0.0,0.0,759.0,759.0,757.0
1.0,15832.0,2273.0,2276.0,708.0,307.0,0.0,0.0,307.0,759.0,759.0,758.0,759.0,755.0,759.0,5835.0,5755.0,4242.0,0.0,0.0,307.0,759.0,759.0,758.0
1.0,14267.0,2253.0,2276.0,0.0,1062.0,0.0,0.0,1062.0,759.0,759.0,758.0,747.0,751.0,755.0,5076.0,5708.0,3483.0,0.0,0.0,1062.0,759.0,759.0,758.0
1.0,12014.0,2274.0,2276.0,0.0,2042.0,221.0,0.0,1821.0,759.0,759.0,758.0,755.0,760.0,759.0,4329.0,4957.0,2728.0,221.0,0.0,1821.0,759.0,759.0,758.0
1.0,9740.0,2272.0,2278.0,307.0,3615.0,979.0,358.0,2278.0,760.0,759.0,759.0,753.0,760.0,759.0,3574.0,4197.0,1969.0,979.0,358.0,2278.0,760.0,759.0,759.0
1.0,7775.0,2266.0,2278.0,1062.0,4819.0,1736.0,1112.0,1971.0,760.0,759.0,759.0,757.0,754.0,755.0,2821.0,3437.0,1517.0,1736.0,1112.0,1971.0,760.0,759.0,759.0
1.0,6571.0,2272.0,2279.0,2042.0,5054.0,2267.0,1877.0,910.0,760.0,760.0,759.0,752.0,760.0,760.0,2064.0,2683.0,1824.0,2267.0,1877.0,910.0,760.0,760.0,759.0
1.0,6341.0,2279.0,2280.0,3615.0,4329.0,2047.0,2282.0,0.0,760.0,760.0,760.0,759.0,763.0,757.0,1533.0,1923.0,2885.0,2047.0,2282.0,0.0,760.0,760.0,760.0
1.0,7677.0,2276.0,2280.0,4819.0,2994.0,1067.0,1927.0,0.0,760.0,760.0,760.0,756.0,757.0,763.0,1753.0,1518.0,4406.0,1067.0,1927.0,0.0,760.0,760.0,760.0
1.0,10220.0,2274.0,2280.0,5054.0,806.0,0.0,806.0,0.0,760.0,760.0,760.0,753.0,756.0,765.0,2733.0,1873.0,5614.0,0.0,806.0,0.0,760.0,760.0,760.0
1.0,13000.0,2294.0,2282.0,4329.0,0.0,0.0,0.0,0.0,761.0,760.0,761.0,763.0,764.0,767.0,4247.0,2994.0,5759.0,0.0,0.0,0.0,761.0,760.0,761.0
1.0,15035.0,2299.0,2283.0,2994.0,0.0,0.0,0.0,0.0,761.0,761.0,761.0,765.0,772.0,762.0,5531.0,4512.0,4992.0,0.0,0.0,0.0,761.0,761.0,761.0
1.0,15730.0,2307.0,2283.0,806.0,340.0,0.0,0.0,340.0,761.0,761.0,761.0,768.0,774.0,765.0,5833.0,5667.0,4230.0,0.0,0.0,340.0,761.0,761.0,761.0
1.0,14229.0,2315.0,2283.0,0.0,1113.0,0.0,0.0,1113.0,761.0,761.0,761.0,770.0,772.0,773.0,5065.0,5699.0,3465.0,0.0,0.0,1113.0,761.0,761.0,761.0
1.0,11914.0,2315.0,2285.0,0.0,2170.0,275.0,0.0,1895.0,761.0,762.0,762.0,765.0,773.0,777.0,4295.0,4927.0,2692.0,275.0,0.0,1895.0,761.0,762.0,762.0
1.0,9599.0,2322.0,2285.0,340.0,3808.0,1047.0,434.0,2327.0,761.0,762.0,762.0,772.0,778.0,772.0,3530.0,4154.0,1915.0,1047.0,434.0,2327.0,761.0,762.0,762.0
1.0,7617.0,2340.0,2286.0,1113.0,5040.0,1828.0,1219.0,1993.0,761.0,763.0,762.0,781.0,780.0,779.0,2758.0,3376.0,1483.0,1828.0,1219.0,1993.0,761.0,763.0,762.0
1.0,6390.0,2331.0,2287.0,2170.0,5206.0,2337.0,1996.0,873.0,762.0,763.0,762.0,779.0,777.0,775.0,1977.0,2596.0,1817.0,2337.0,1996.0,873.0,762.0,763.0,762.0
1.0,6229.0,2334.0,2288.0,3808.0,4411.0,2068.0,2343.0,0.0,762.0,763.0,763.0,778.0,781.0,775.0,1473.0,1819.0,2937.0,2068.0,2343.0,0.0,762.0,763.0,763.0
1.0,7703.0,2339.0,2289.0,5040.0,2930.0,1023.0,1907.0,0.0,762.0,764.0,763.0,783.0,778.0,778.0,1742.0,1472.0,4489.0,1023.0,1907.0,0.0,762.0,764.0,763.0
1.0,10404.0,2332.0,2289.0,5206.0,688.0,0.0,688.0,0.0,762.0,764.0,763.0,779.0,777.0,776.0,2787.0,1913.0,5704.0,0.0,688.0,0.0,762.0,764.0,763.0
1.0,13278.0,2312.0,2290.0,4411.0,0.0,0.0,0.0,0.0,763.0,764.0,763.0,775.0,768.0,769.0,4345.0,3132.0,5801.0,0.0,0.0,0.0,763.0,764.0,763.0
1.0,15377.0,2330.0,2290.0,2930.0,0.0,0.0,0.0,0.0,763.0,764.0,763.0,775.0,777.0,778.0,5638.0,4707.0,5032.0,0.0,0.0,0.0,763.0,764.0,763.0
1.0,15977.0,2313.0,2292.0,688.0,337.0,0.0,0.0,337.0,763.0,765.0,764.0,770.0,772.0,771.0,5886.0,5837.0,4254.0,0.0,0.0,337.0,763.0,765.0,764.0
1.0,14352.0,2307.0,2292.0,0.0,1103.0,0.0,0.0,1103.0,763.0,765.0,764.0,776.0,765.0,766.0,5116.0,5753.0,3483.0,0.0,0.0,1103.0,763.0,765.0,764.0
1.0,12045.0,2305.0,2292.0,0.0,2116.0,244.0,0.0,1872.0,763.0,765.0,764.0,769.0,767.0,769.0,4340.0,4988.0,2717.0,244.0,0.0,1872.0,763.0,765.0,764.0
1.0,9740.0,2301.0,2293.0,337.0,3689.0,1018.0,367.0,2304.0,764.0,765.0,764.0,769.0,763.0,769.0,3571.0,4221.0,1948.0,1018.0,367.0,2304.0,764.0,765.0,764.0
1.0,7776.0,2299.0,2294.0,1103.0,4890.0,1790.0,1138.0,1962.0,764.0,766.0,764.0,772.0,766.0,761.0,2802.0,3458.0,1516.0,1790.0,1138.0,1962.0,764.0,766.0,764.0
1.0,6580.0,2276.0,2294.0,2116.0,5050.0,2308.0,1896.0,846.0,764.0,766.0,764.0,762.0,758.0,756.0,2030.0,2692.0,1858.0,2308.0,1896.0,846.0,764.0,766.0,764.0
1.0,6420.0,2287.0,2295.0,3689.0,4348.0,2062.0,2286.0,0.0,765.0,766.0,764.0,767.0,757.0,763.0,1512.0,1934.0,2974.0,2062.0,2286.0,0.0,765.0,766.0,764.0
1.0,7822.0,2280.0,2294.0,4890.0,2936.0,1037.0,1899.0,0.0,765.0,765.0,764.0,765.0,756.0,759.0,1763.0,1544.0,4515.0,1037.0,1899.0,0.0,765.0,765.0,764.0
1.0,10432.0,2279.0,2294.0,5050.0,760.0,0.0,760.0,0.0,765.0,765.0,764.0,765.0,757.0,757.0,2788.0,1926.0,5718.0,0.0,760.0,0.0,765.0,765.0,764.0
1.0,13203.0,2290.0,2296.0,4348.0,0.0,0.0,0.0,0.0,766.0,766.0,764.0,764.0,763.0,763.0,4331.0,3065.0,5807.0,0.0,0.0,0.0,766.0,766.0,764.0
1.0,15261.0,2272.0,2296.0,2936.0,0.0,0.0,0.0,0.0,766.0,766.0,764.0,767.0,754.0,751.0,5629.0,4588.0,5044.0,0.0,0.0,0.0,766.0,766.0,764.0
1.0,15925.0,2277.0,2295.0,760.0,282.0,0.0,0.0,282.0,766.0,765.0,764.0,762.0,760.0,755.0,5899.0,5733.0,4293.0,0.0,0.0,282.0,766.0,765.0,764.0
1.0,14408.0,2283.0,2296.0,0.0,1041.0,0.0,0.0,1041.0,766.0,766.0,764.0,760.0,764.0,759.0,5137.0,5733.0,3538.0,0.0,0.0,1041.0,766.0,766.0,764.0
1.0,12125.0,2298.0,2297.0,0.0,2031.0,224.0,0.0,1807.0,767.0,766.0,764.0,766.0,766.0,766.0,4377.0,4969.0,2779.0,224.0,0.0,1807.0,767.0,766.0,764.0
1.0,9827.0,2303.0,2297.0,282.0,3679.0,997.0,402.0,2280.0,767.0,766.0,764.0,773.0,775.0,755.0,3611.0,4203.0,2013.0,997.0,402.0,2280.0,767.0,766.0,764.0
1.0,7806.0,2303.0,2297.0,1041.0,4941.0,1761.0,1174.0,2006.0,767.0,766.0,764.0,764.0,772.0,767.0,2838.0,3428.0,1540.0,1761.0,1174.0,2006.0,767.0,766.0,764.0
1.0,6544.0,2312.0,2297.0,2031.0,5222.0,2312.0,1940.0,970.0,767.0,766.0,764.0,775.0,766.0,771.0,2074.0,2656.0,1814.0,2312.0,1940.0,970.0,767.0,766.0,764.0
1.0,6263.0,2308.0,2297.0,3679.0,4391.0,2081.0,2310.0,0.0,767.0,766.0,764.0,766.0,772.0,770.0,1523.0,1890.0,2850.0,2081.0,2310.0,0.0,767.0,766.0,764.0
1.0,7634.0,2334.0,2298.0,4941.0,3014.0,1102.0,1912.0,0.0,767.0,766.0,765.0,782.0,776.0,776.0,1754.0,1520.0,4360.0,1102.0,1912.0,0.0,767.0,766.0,765.0
1.0,10241.0,2335.0,2298.0,5222.0,751.0,0.0,751.0,0.0,767.0,766.0,765.0,780.0,779.0,776.0,2733.0,1918.0,5590.0,0.0,751.0,0.0,767.0,766.0,765.0
1.0,13128.0,2337.0,2299.0,4391.0,0.0,0.0,0.0,0.0,767.0,767.0,765.0,780.0,780.0,777.0,4265.0,3079.0,5784.0,0.0,0.0,0.0,767.0,767.0,765.0
1.0,15182.0,2346.0,2300.0,3014.0,0.0,0.0,0.0,0.0,768.0,767.0,765.0,787.0,783.0,776.0,5566.0,4609.0,5007.0,0.0,0.0,0.0,768.0,767.0,765.0
1.0,15850.0,2347.0,2301.0,751.0,377.0,0.0,0.0,377.0,768.0,767.0,766.0,784.0,785.0,778.0,5881.0,5738.0,4231.0,0.0,0.0,377.0,768.0,767.0,766.0
1.0,14254.0,2351.0,2301.0,0.0,1159.0,0.0,0.0,1159.0,768.0,767.0,766.0,788.0,781.0,782.0,5097.0,5704.0,3453.0,0.0,0.0,1159.0,768.0,767.0,766.0
1.0,11903.0,2345.0,2302.0,0.0,2257.0,310.0,0.0,1947.0,768.0,768.0,766.0,779.0,778.0,788.0,4309.0,4923.0,2671.0,310.0,0.0,1947.0,768.0,768.0,766.0
1.0,9558.0,2336.0,2304.0,377.0,3921.0,1092.0,475.0,2354.0,769.0,768.0,767.0,777.0,780.0,779.0,3530.0,4145.0,1883.0,1092.0,475.0,2354.0,769.0,768.0,767.0
1.0,7599.0,2344.0,2304.0,1159.0,5106.0,1873.0,1254.0,1979.0,769.0,768.0,767.0,781.0,779.0,784.0,2753.0,3365.0,1481.0,1873.0,1254.0,1979.0,769.0,768.0,767.0
1.0,6414.0,2326.0,2304.0,2257.0,5175.0,2342.0,2032.0,801.0,769.0,768.0,767.0,779.0,778.0,769.0,1972.0,2586.0,1856.0,2342.0,2032.0,801.0,769.0,768.0,767.0
1.0,6345.0,2329.0,2306.0,3921.0,4363.0,2026.0,2337.0,0.0,769.0,769.0,768.0,776.0,775.0,778.0,1503.0,1808.0,3034.0,2026.0,2337.0,0.0,769.0,769.0,768.0
1.0,7937.0,2338.0,2307.0,5106.0,2799.0,929.0,1870.0,0.0,770.0,769.0,768.0,771.0,787.0,780.0,1819.0,1508.0,4610.0,929.0,1870.0,0.0,770.0,769.0,768.0
1.0,10705.0,2322.0,2309.0,5175.0,618.0,0.0,618.0,0.0,770.0,770.0,769.0,774.0,775.0,773.0,2921.0,1975.0,5809.0,0.0,618.0,0.0,770.0,770.0,769.0
1.0,13558.0,2306.0,2309.0,4363.0,0.0,0.0,0.0,0.0,770.0,770.0,769.0,771.0,762.0,773.0,4489.0,3232.0,5837.0,0.0,0.0,0.0,770.0,770.0,769.0
1.0,15615.0,2293.0,2310.0,2799.0,0.0,0.0,0.0,0.0,771.0,770.0,769.0,763.0,764.0,766.0,5744.0,4807.0,5064.0,0.0,0.0,0.0,771.0,770.0,769.0
1.0,16121.0,2306.0,2310.0,618.0,318.0,0.0,0.0,318.0,771.0,770.0,769.0,769.0,766.0,771.0,5910.0,5913.0,4298.0,0.0,0.0,318.0,771.0,770.0,769.0
1.0,14433.0,2305.0,2310.0,0.0,1086.0,0.0,0.0,1086.0,771.0,770.0,769.0,768.0,769.0,768.0,5141.0,5765.0,3527.0,0.0,0.0,1086.0,771.0,770.0,769.0
1.0,12128.0,2312.0,2311.0,0.0,2120.0,252.0,0.0,1868.0,771.0,770.0,770.0,770.0,765.0,777.0,4373.0,4996.0,2759.0,252.0,0.0,1868.0,771.0,770.0,770.0
1.0,9816.0,2311.0,2311.0,318.0,3732.0,1014.0,386.0,2332.0,771.0,770.0,770.0,762.0,767.0,782.0,3603.0,4231.0,1982.0,1014.0,386.0,2332.0,771.0,770.0,770.0
1.0,7823.0,2313.0,2313.0,1086.0,4969.0,1793.0,1161.0,2015.0,772.0,771.0,770.0,774.0,770.0,769.0,2841.0,3464.0,1518.0,1793.0,1161.0,2015.0,772.0,771.0,770.0
1.0,6596.0,2310.0,2313.0,2120.0,5159.0,2312.0,1931.0,916.0,772.0,771.0,770.0,771.0,770.0,769.0,2067.0,2694.0,1835.0,2312.0,1931.0,916.0,772.0,771.0,770.0
1.0,6406.0,2324.0,2314.0,3732.0,4390.0,2071.0,2319.0,0.0,772.0,771.0,771.0,773.0,774.0,777.0,1548.0,1924.0,2934.0,2071.0,2319.0,0.0,772.0,771.0,771.0
1.0,7814.0,2322.0,2314.0,4969.0,2982.0,1052.0,1930.0,0.0,772.0,771.0,771.0,774.0,772.0,776.0,1789.0,1536.0,4489.0,1052.0,1930.0,0.0,772.0,771.0,771.0
1.0,10461.0,2329.0,2315.0,5159.0,776.0,0.0,776.0,0.0,773.0,771.0,771.0,772.0,777.0,780.0,2808.0,1925.0,5728.0,0.0,776.0,0.0,773.0,771.0,771.0
1.0,13291.0,2332.0,2315.0,4390.0,0.0,0.0,0.0,0.0,773.0,771.0,771.0,774.0,774.0,784.0,4348.0,3079.0,5864.0,0.0,0.0,0.0,773.0,771.0,771.0
1.0,15349.0,2333.0,2315.0,2982.0,0.0,0.0,0.0,0.0,773.0,771.0,771.0,781.0,778.0,774.0,5645.0,4624.0,5080.0,0.0,0.0,0.0,773.0,771.0,771.0
1.0,15998.0,2337.0,2316.0,776.0,337.0,0.0,0.0,337.0,773.0,771.0,772.0,778.0,776.0,783.0,5916.0,5776.0,4306.0,0.0,0.0,337.0,773.0,771.0,772.0
1.0,14437.0,2343.0,2316.0,0.0,1122.0,0.0,0.0,1122.0,773.0,771.0,772.0,773.0,785.0,785.0,5138.0,5776.0,3523.0,0.0,0.0,1122.0,773.0,771.0,772.0
1.0,12094.0,2357.0,2317.0,0.0,2191.0,283.0,0.0,1908.0,773.0,772.0,772.0,783.0,788.0,786.0,4365.0,4991.0,2738.0,283.0,0.0,1908.0,773.0,772.0,772.0
1.0,9737.0,2343.0,2317.0,337.0,3854.0,1067.0,438.0,2349.0,773.0,772.0,772.0,784.0,781.0,778.0,3582.0,4203.0,1952.0,1067.0,438.0,2349.0,773.0,772.0,772.0
1.0,7731.0,2343.0,2317.0,1122.0,5075.0,1852.0,1220.0,2003.0,773.0,772.0,772.0,785.0,782.0,776.0,2798.0,3422.0,1511.0,1852.0,1220.0,2003.0,773.0,772.0,772.0
1.0,6510.0,2344.0,2317.0,2191.0,5228.0,2356.0,1997.0,875.0,773.0,772.0,772.0,787.0,777.0,780.0,2013.0,2640.0,1857.0,2356.0,1997.0,875.0,773.0,772.0,772.0
1.0,6357.0,2349.0,2318.0,3854.0,4421.0,2081.0,2340.0,0.0,774.0,772.0,772.0,787.0,781.0,781.0,1509.0,1863.0,2985.0,2081.0,2340.0,0.0,774.0,772.0,772.0
1.0,7862.0,2338.0,2318.0,5075.0,2910.0,1008.0,1902.0,0.0,774.0,772.0,772.0,779.0,782.0,777.0,1789.0,1520.0,4553.0,1008.0,1902.0,0.0,774.0,772.0,772.0
1.0,10599.0,2328.0,2318.0,5228.0,685.0,0.0,685.0,0.0,774.0,772.0,772.0,778.0,780.0,770.0,2862.0,1958.0,5779.0,0.0,685.0,0.0,774.0,772.0,772.0
1.0,13499.0,2327.0,2318.0,4421.0,0.0,0.0,0.0,0.0,774.0,772.0,772.0,781.0,775.0,771.0,4440.0,3175.0,5884.0,0.0,0.0,0.0,774.0,772.0,772.0
1.0,15593.0,2352.0,2320.0,2910.0,0.0,0.0,0.0,0.0,774.0,773.0,773.0,785.0,783.0,784.0,5740.0,4740.0,5113.0,0.0,0.0,0.0,774.0,773.0,773.0
1.0,16151.0,2324.0,2320.0,685.0,312.0,0.0,0.0,312.0,774.0,773.0,773.0,770.0,778.0,776.0,5963.0,5859.0,4329.0,0.0,0.0,312.0,774.0,773.0,773.0
1.0,14512.0,2308.0,2320.0,0.0,1078.0,0.0,0.0,1078.0,774.0,773.0,773.0,773.0,769.0,766.0,5193.0,5766.0,3553.0,0.0,0.0,1078.0,774.0,773.0,773.0
1.0,12204.0,2319.0,2321.0,0.0,2079.0,235.0,0.0,1844.0,775.0,773.0,773.0,780.0,773.0,766.0,4420.0,4997.0,2787.0,235.0,0.0,1844.0,775.0,773.0,773.0
1.0,9885.0,2323.0,2322.0,312.0,3736.0,1016.0,417.0,2303.0,775.0,774.0,773.0,781.0,771.0,771.0,3640.0,4224.0,2021.0,1016.0,417.0,2303.0,775.0,774.0,773.0
1.0,7874.0,2321.0,2322.0,1078.0,4979.0,1792.0,1187.0,2000.0,775.0,774.0,773.0,776.0,770.0,775.0,2859.0,3453.0,1562.0,1792.0,1187.0,2000.0,775.0,774.0,773.0
1.0,6631.0,2330.0,2323.0,2079.0,5235.0,2340.0,1962.0,933.0,775.0,774.0,774.0,783.0,775.0,772.0,2083.0,2683.0,1865.0,2340.0,1962.0,933.0,775.0,774.0,774.0
1.0,6380.0,2323.0,2324.0,3736.0,4420.0,2102.0,2318.0,0.0,776.0,774.0,774.0,773.0,773.0,777.0,1535.0,1908.0,2937.0,2102.0,2318.0,0.0,776.0,774.0,774.0
1.0,7793.0,2333.0,2326.0,4979.0,2997.0,1088.0,1909.0,0.0,776.0,775.0,775.0,778.0,773.0,782.0,1778.0,1552.0,4463.0,1088.0,1909.0,0.0,776.0,775.0,775.0
1.0,10439.0,2340.0,2326.0,5235.0,726.0,0.0,726.0,0.0,776.0,775.0,775.0,780.0,779.0,781.0,2792.0,1966.0,5681.0,0.0,726.0,0.0,776.0,775.0,775.0
1.0,13334.0,2332.0,2327.0,4420.0,0.0,0.0,0.0,0.0,776.0,775.0,776.0,774.0,778.0,780.0,4352.0,3149.0,5833.0,0.0,0.0,0.0,776.0,775.0,776.0
1.0,15422.0,2335.0,2329.0,2997.0,0.0,0.0,0.0,0.0,777.0,776.0,776.0,780.0,779.0,776.0,5680.0,4689.0,5053.0,0.0,0.0,0.0,777.0,776.0,776.0
1.0,16084.0,2343.0,2329.0,726.0,386.0,0.0,0.0,386.0,777.0,776.0,776.0,781.0,779.0,783.0,5988.0,5819.0,4277.0,0.0,0.0,386.0,777.0,776.0,776.0
1.0,14467.0,2344.0,2330.0,0.0,1174.0,0.0,0.0,1174.0,777.0,776.0,777.0,778.0,783.0,783.0,5207.0,5766.0,3494.0,0.0,0.0,1174.0,777.0,776.0,777.0
1.0,12123.0,2351.0,2330.0,0.0,2199.0,238.0,0.0,1961.0,777.0,776.0,777.0,782.0,782.0,787.0,4429.0,4983.0,2711.0,238.0,0.0,1961.0,777.0,776.0,777.0
1.0,9772.0,2360.0,2332.0,386.0,3862.0,1026.0,472.0,2364.0,778.0,777.0,777.0,783.0,788.0,789.0,3647.0,4201.0,1924.0,1026.0,472.0,2364.0,778.0,777.0,777.0
1.0,7798.0,2365.0,2333.0,1174.0,5058.0,1806.0,1257.0,1995.0,778.0,777.0,778.0,780.0,785.0,800.0,2864.0,3413.0,1521.0,1806.0,1257.0,1995.0,778.0,777.0,778.0
1.0,6607.0,2364.0,2333.0,2199.0,5223.0,2353.0,2044.0,826.0,778.0,777.0,778.0,785.0,787.0,792.0,2084.0,2628.0,1895.0,2353.0,2044.0,826.0,778.0,777.0,778.0
1.0,6442.0,2369.0,2333.0,3862.0,4474.0,2109.0,2365.0,0.0,778.0,777.0,778.0,782.0,793.0,794.0,1537.0,1841.0,3064.0,2109.0,2365.0,0.0,778.0,777.0,778.0
1.0,7935.0,2351.0,2334.0,5058.0,2973.0,1084.0,1889.0,0.0,778.0,777.0,779.0,781.0,781.0,789.0,1781.0,1520.0,4634.0,1084.0,1889.0,0.0,778.0,777.0,779.0
1.0,10642.0,2369.0,2334.0,5223.0,635.0,0.0,635.0,0.0,778.0,777.0,779.0,783.0,790.0,796.0,2806.0,1996.0,5840.0,0.0,635.0,0.0,778.0,777.0,779.0
1.0,13496.0,2362.0,2333.0,4474.0,0.0,0.0,0.0,0.0,777.0,777.0,779.0,784.0,785.0,793.0,4376.0,3250.0,5870.0,0.0,0.0,0.0,777.0,777.0,779.0
1.0,15608.0,2359.0,2335.0,2973.0,0.0,0.0,0.0,0.0,778.0,778.0,779.0,787.0,788.0,784.0,5701.0,4830.0,5077.0,0.0,0.0,0.0,778.0,778.0,779.0
1.0,16222.0,2358.0,2335.0,635.0,392.0,0.0,0.0,392.0,778.0,778.0,779.0,783.0,785.0,790.0,5998.0,5931.0,4293.0,0.0,0.0,392.0,778.0,778.0,779.0
1.0,14499.0,2354.0,2335.0,0.0,1180.0,0.0,0.0,1180.0,778.0,778.0,779.0,782.0,784.0,788.0,5215.0,5781.0,3503.0,0.0,0.0,1180.0,778.0,778.0,779.0
1.0,12145.0,2358.0,2336.0,0.0,2212.0,247.0,0.0,1965.0,778.0,778.0,780.0,790.0,788.0,780.0,4433.0,4997.0,2715.0,247.0,0.0,1965.0,778.0,778.0,780.0
1.0,9787.0,2346.0,2336.0,392.0,3847.0,1029.0,461.0,2357.0,778.0,778.0,780.0,782.0,780.0,784.0,3643.0,4209.0,1935.0,1029.0,461.0,2357.0,778.0,778.0,780.0
1.0,7833.0,2338.0,2336.0,1180.0,5005.0,1817.0,1231.0,1957.0,778.0,778.0,780.0,788.0,770.0,780.0,2861.0,3429.0,1543.0,1817.0,1231.0,1957.0,778.0,778.0,780.0
1.0,6675.0,2344.0,2337.0,2212.0,5142.0,2358.0,2015.0,769.0,779.0,778.0,780.0,783.0,784.0,777.0,2073.0,2659.0,1943.0,2358.0,2015.0,769.0,779.0,778.0,780.0
1.0,6543.0,2334.0,2337.0,3847.0,4438.0,2111.0,2327.0,0.0,779.0,778.0,780.0,782.0,773.0,779.0,1537.0,1875.0,3131.0,2111.0,2327.0,0.0,779.0,778.0,780.0
1.0,8056.0,2331.0,2337.0,5005.0,2948.0,1075.0,1873.0,0.0,779.0,778.0,780.0,781.0,777.0,773.0,1784.0,1563.0,4709.0,1075.0,1873.0,0.0,779.0,778.0,780.0
1.0,10730.0,2341.0,2338.0,5142.0,641.0,0.0,641.0,0.0,779.0,779.0,780.0,788.0,778.0,775.0,2820.0,2017.0,5893.0,0.0,641.0,0.0,779.0,779.0,780.0
1.0,13531.0,2331.0,2339.0,4438.0,0.0,0.0,0.0,0.0,780.0,779.0,780.0,780.0,780.0,771.0,4390.0,3254.0,5887.0,0.0,0.0,0.0,780.0,779.0,780.0
1.0,15638.0,2325.0,2339.0,2948.0,0.0,0.0,0.0,0.0,780.0,779.0,780.0,773.0,780.0,772.0,5721.0,4801.0,5116.0,0.0,0.0,0.0,780.0,779.0,780.0
1.0,16261.0,2332.0,2339.0,641.0,332.0,0.0,0.0,332.0,780.0,779.0,780.0,779.0,777.0,776.0,6023.0,5894.0,4344.0,0.0,0.0,332.0,780.0,779.0,780.0
1.0,14570.0,2347.0,2340.0,0.0,1109.0,0.0,0.0,1109.0,780.0,780.0,780.0,786.0,784.0,777.0,5244.0,5758.0,3568.0,0.0,0.0,1109.0,780.0,780.0,780.0
1.0,12223.0,2340.0,2341.0,0.0,2118.0,233.0,0.0,1885.0,781.0,780.0,780.0,786.0,778.0,776.0,4458.0,4974.0,2791.0,233.0,0.0,1885.0,781.0,780.0,780.0
1.0,9883.0,2364.0,2341.0,332.0,3854.0,1021.0,498.0,2335.0,781.0,780.0,780.0,788.0,794.0,782.0,3672.0,4196.0,2015.0,1021.0,498.0,2335.0,781.0,780.0,780.0
1.0,7851.0,2357.0,2341.0,1109.0,5102.0,1804.0,1289.0,2009.0,781.0,780.0,780.0,783.0,791.0,783.0,2884.0,3402.0,1565.0,1804.0,1289.0,2009.0,781.0,780.0,780.0
1.0,6603.0,2351.0,2342.0,2118.0,5340.0,2356.0,2078.0,906.0,781.0,781.0,780.0,785.0,784.0,782.0,2101.0,2611.0,1891.0,2356.0,2078.0,906.0,781.0,781.0,780.0
1.0,6370.0,2368.0,2344.0,3854.0,4496.0,2124.0,2372.0,0.0,782.0,781.0,781.0,784.0,792.0,792.0,1549.0,1827.0,2994.0,2124.0,2372.0,0.0,782.0,781.0,781.0
1.0,7856.0,2378.0,2344.0,5102.0,2989.0,1111.0,1878.0,0.0,782.0,781.0,781.0,791.0,795.0,792.0,1786.0,1533.0,4537.0,1111.0,1878.0,0.0,782.0,781.0,781.0
1.0,10580.0,2377.0,2345.0,5340.0,602.0,0.0,602.0,0.0,782.0,782.0,781.0,792.0,797.0,788.0,2799.0,2027.0,5754.0,0.0,602.0,0.0,782.0,782.0,781.0
1.0,13543.0,2388.0,2345.0,4496.0,0.0,0.0,0.0,0.0,782.0,782.0,781.0,797.0,797.0,794.0,4363.0,3308.0,5872.0,0.0,0.0,0.0,782.0,782.0,781.0
1.0,15651.0,2378.0,2346.0,2989.0,0.0,0.0,0.0,0.0,783.0,782.0,781.0,793.0,799.0,786.0,5690.0,4883.0,5078.0,0.0,0.0,0.0,783.0,782.0,781.0
1.0,16262.0,2375.0,2347.0,602.0,409.0,0.0,0.0,409.0,783.0,782.0,782.0,793.0,791.0,791.0,6008.0,5962.0,4292.0,0.0,0.0,409.0,783.0,782.0,782.0
1.0,14489.0,2378.0,2347.0,0.0,1201.0,0.0,0.0,1201.0,783.0,782.0,782.0,791.0,795.0,792.0,5215.0,5773.0,3501.0,0.0,0.0,1201.0,783.0,782.0,782.0
1.0,12111.0,2374.0,2348.0,0.0,2273.0,273.0,0.0,2000.0,783.0,783.0,782.0,782.0,793.0,799.0,4424.0,4978.0,2709.0,273.0,0.0,2000.0,783.0,783.0,782.0
1.0,9737.0,2386.0,2349.0,409.0,3985.0,1063.0,523.0,2399.0,783.0,783.0,783.0,790.0,793.0,803.0,3642.0,4185.0,1910.0,1063.0,523.0,2399.0,783.0,783.0,783.0
1.0,7760.0,2376.0,2349.0,1201.0,5160.0,1854.0,1310.0,1996.0,783.0,783.0,783.0,791.0,787.0,798.0,2852.0,3392.0,1516.0,1854.0,1310.0,1996.0,783.0,783.0,783.0
1.0,6585.0,2374.0,2349.0,2273.0,5261.0,2371.0,2101.0,789.0,783.0,783.0,783.0,790.0,791.0,793.0,2061.0,2605.0,1919.0,2371.0,2101.0,789.0,783.0,783.0,783.0
1.0,6484.0,2374.0,2352.0,3985.0,4477.0,2104.0,2373.0,0.0,784.0,784.0,784.0,791.0,790.0,793.0,1544.0,1814.0,3126.0,2104.0,2373.0,0.0,784.0,784.0,784.0
1.0,8095.0,2360.0,2352.0,5160.0,2885.0,1035.0,1850.0,0.0,784.0,784.0,784.0,785.0,787.0,788.0,1816.0,1547.0,4732.0,1035.0,1850.0,0.0,784.0,784.0,784.0
1.0,10895.0,2358.0,2352.0,5261.0,528.0,0.0,528.0,0.0,784.0,784.0,784.0,792.0,779.0,787.0,2885.0,2070.0,5940.0,0.0,528.0,0.0,784.0,784.0,784.0
1.0,13798.0,2356.0,2353.0,4477.0,0.0,0.0,0.0,0.0,784.0,784.0,785.0,786.0,782.0,788.0,4464.0,3392.0,5942.0,0.0,0.0,0.0,784.0,784.0,785.0
1.0,15919.0,2356.0,2353.0,2885.0,0.0,0.0,0.0,0.0,784.0,784.0,785.0,787.0,777.0,792.0,5782.0,4983.0,5154.0,0.0,0.0,0.0,784.0,784.0,785.0
1.0,16448.0,2346.0,2354.0,528.0,345.0,0.0,0.0,345.0,785.0,784.0,785.0,791.0,773.0,782.0,6030.0,6056.0,4362.0,0.0,0.0,345.0,785.0,784.0,785.0
1.0,14630.0,2350.0,2354.0,0.0,1124.0,0.0,0.0,1124.0,785.0,784.0,785.0,787.0,784.0,779.0,5239.0,5811.0,3580.0,0.0,0.0,1124.0,785.0,784.0,785.0
1.0,12280.0,2344.0,2355.0,0.0,2175.0,257.0,0.0,1918.0,785.0,784.0,786.0,784.0,771.0,789.0,4452.0,5027.0,2801.0,257.0,0.0,1918.0,785.0,784.0,786.0
1.0,9936.0,2350.0,2355.0,345.0,3844.0,1043.0,445.0,2356.0,785.0,784.0,786.0,786.0,781.0,783.0,3668.0,4256.0,2012.0,1043.0,445.0,2356.0,785.0,784.0,786.0
1.0,7931.0,2355.0,2356.0,1124.0,5080.0,1828.0,1233.0,2019.0,785.0,785.0,786.0,785.0,783.0,787.0,2882.0,3475.0,1574.0,1828.0,1233.0,2019.0,785.0,785.0,786.0
1.0,6700.0,2363.0,2356.0,2175.0,5268.0,2364.0,2013.0,891.0,785.0,785.0,786.0,793.0,780.0,790.0,2097.0,2692.0,1911.0,2364.0,2013.0,891.0,785.0,785.0,786.0
1.0,6512.0,2360.0,2357.0,3844.0,4468.0,2114.0,2354.0,0.0,786.0,785.0,786.0,788.0,786.0,786.0,1561.0,1912.0,3039.0,2114.0,2354.0,0.0,786.0,785.0,786.0
1.0,7996.0,2361.0,2357.0,5080.0,2979.0,1075.0,1904.0,0.0,786.0,785.0,786.0,789.0,783.0,789.0,1816.0,1571.0,4609.0,1075.0,1904.0,0.0,786.0,785.0,786.0
1.0,10715.0,2361.0,2357.0,5268.0,681.0,0.0,681.0,0.0,786.0,785.0,786.0,789.0,790.0,782.0,2855.0,2021.0,5839.0,0.0,681.0,0.0,786.0,785.0,786.0
1.0,13622.0,2384.0,2358.0,4468.0,0.0,0.0,0.0,0.0,786.0,785.0,787.0,795.0,792.0,797.0,4430.0,3244.0,5948.0,0.0,0.0,0.0,786.0,785.0,787.0
1.0,15706.0,2388.0,2360.0,2979.0,0.0,0.0,0.0,0.0,787.0,786.0,787.0,800.0,795.0,793.0,5749.0,4806.0,5151.0,0.0,0.0,0.0,787.0,786.0,787.0
1.0,16297.0,2388.0,2360.0,681.0,369.0,0.0,0.0,369.0,787.0,786.0,787.0,801.0,795.0,792.0,6024.0,5915.0,4358.0,0.0,0.0,369.0,787.0,786.0,787.0
1.0,14590.0,2373.0,2360.0,0.0,1159.0,0.0,0.0,1159.0,787.0,786.0,787.0,796.0,787.0,790.0,5223.0,5801.0,3566.0,0.0,0.0,1159.0,787.0,786.0,787.0
1.0,12217.0,2404.0,2361.0,0.0,2269.0,317.0,0.0,1952.0,788.0,786.0,787.0,804.0,807.0,793.0,4427.0,5014.0,2776.0,317.0,0.0,1952.0,788.0,786.0,787.0
1.0,9813.0,2388.0,2361.0,369.0,4011.0,1110.0,526.0,2375.0,788.0,786.0,787.0,793.0,803.0,792.0,3623.0,4207.0,1983.0,1110.0,526.0,2375.0,788.0,786.0,787.0
1.0,7794.0,2408.0,2362.0,1159.0,5265.0,1907.0,1340.0,2018.0,788.0,787.0,787.0,797.0,809.0,802.0,2830.0,3404.0,1560.0,1907.0,1340.0,2018.0,788.0,787.0,787.0
1.0,6545.0,2402.0,2362.0,2269.0,5398.0,2389.0,2146.0,863.0,788.0,787.0,787.0,799.0,806.0,797.0,2033.0,2595.0,1917.0,2389.0,2146.0,863.0,788.0,787.0,787.0
1.0,6412.0,2397.0,2364.0,4011.0,4512.0,2080.0,2432.0,0.0,789.0,788.0,787.0,796.0,807.0,794.0,1551.0,1789.0,3072.0,2080.0,2432.0,0.0,789.0,788.0,787.0
1.0,8026.0,2382.0,2364.0,5265.0,2861.0,966.0,1895.0,0.0,789.0,788.0,787.0,793.0,803.0,786.0,1865.0,1508.0,4653.0,966.0,1895.0,0.0,789.0,788.0,787.0
1.0,10909.0,2388.0,2364.0,5398.0,547.0,0.0,547.0,0.0,789.0,788.0,787.0,797.0,798.0,793.0,2979.0,2045.0,5885.0,0.0,547.0,0.0,789.0,788.0,787.0
1.0,13919.0,2388.0,2364.0,4512.0,0.0,0.0,0.0,0.0,789.0,788.0,787.0,793.0,798.0,797.0,4571.0,3393.0,5955.0,0.0,0.0,0.0,789.0,788.0,787.0
1.0,16043.0,2375.0,2364.0,2861.0,0.0,0.0,0.0,0.0,789.0,788.0,787.0,795.0,790.0,790.0,5858.0,5027.0,5158.0,0.0,0.0,0.0,789.0,788.0,787.0
1.0,16529.0,2373.0,2367.0,547.0,365.0,0.0,0.0,365.0,790.0,789.0,788.0,786.0,794.0,793.0,6029.0,6132.0,4368.0,0.0,0.0,365.0,790.0,789.0,788.0
1.0,14703.0,2379.0,2367.0,0.0,1158.0,0.0,0.0,1158.0,790.0,789.0,788.0,793.0,793.0,793.0,5243.0,5885.0,3575.0,0.0,0.0,1158.0,790.0,789.0,788.0
1.0,12324.0,2366.0,2367.0,0.0,2234.0,296.0,0.0,1938.0,790.0,789.0,788.0,796.0,790.0,780.0,4450.0,5092.0,2782.0,296.0,0.0,1938.0,790.0,789.0,788.0
1.0,9958.0,2372.0,2368.0,365.0,3889.0,1082.0,449.0,2358.0,790.0,790.0,788.0,786.0,801.0,785.0,3654.0,4302.0,2002.0,1082.0,449.0,2358.0,790.0,790.0,788.0
1.0,7951.0,2372.0,2368.0,1158.0,5103.0,1874.0,1239.0,1990.0,790.0,790.0,788.0,792.0,790.0,790.0,2868.0,3501.0,1582.0,1874.0,1239.0,1990.0,790.0,790.0,788.0
1.0,6737.0,2371.0,2369.0,2234.0,5245.0,2369.0,2026.0,850.0,790.0,790.0,789.0,791.0,787.0,793.0,2076.0,2711.0,1950.0,2369.0,2026.0,850.0,790.0,790.0,789.0
1.0,6600.0,2365.0,2369.0,3889.0,4440.0,2074.0,2366.0,0.0,790.0,790.0,789.0,787.0,789.0,789.0,1581.0,1924.0,3095.0,2074.0,2366.0,0.0,790.0,790.0,789.0
1.0,8124.0,2380.0,2372.0,5103.0,2919.0,998.0,1921.0,0.0,791.0,791.0,790.0,793.0,789.0,798.0,1876.0,1584.0,4664.0,998.0,1921.0,0.0,791.0,791.0,790.0
1.0,10847.0,2361.0,2372.0,5245.0,681.0,0.0,681.0,0.0,791.0,791.0,790.0,791.0,786.0,784.0,2957.0,2034.0,5856.0,0.0,681.0,0.0,791.0,791.0,790.0
1.0,13731.0,2367.0,2372.0,4440.0,0.0,0.0,0.0,0.0,791.0,791.0,790.0,789.0,786.0,792.0,4535.0,3274.0,5922.0,0.0,0.0,0.0,791.0,791.0,790.0
1.0,15804.0,2389.0,2372.0,2919.0,0.0,0.0,0.0,0.0,791.0,791.0,790.0,799.0,792.0,798.0,5820.0,4854.0,5130.0,0.0,0.0,0.0,791.0,791.0,790.0
1.0,16334.0,2382.0,2374.0,681.0,416.0,0.0,0.0,416.0,792.0,791.0,791.0,801.0,788.0,793.0,6019.0,5983.0,4332.0,0.0,0.0,416.0,792.0,791.0,791.0
1.0,14633.0,2394.0,2374.0,0.0,1221.0,0.0,0.0,1221.0,792.0,791.0,791.0,795.0,794.0,805.0,5218.0,5876.0,3539.0,0.0,0.0,1221.0,792.0,791.0,791.0
1.0,12239.0,2396.0,2374.0,0.0,2359.0,338.0,0.0,2021.0,792.0,791.0,791.0,801.0,795.0,800.0,4423.0,5082.0,2734.0,338.0,0.0,2021.0,792.0,791.0,791.0
1.0,9843.0,2390.0,2375.0,416.0,4006.0,1135.0,461.0,2410.0,792.0,791.0,792.0,797.0,793.0,800.0,3622.0,4287.0,1934.0,1135.0,461.0,2410.0,792.0,791.0,792.0
1.0,7869.0,2409.0,2376.0,1221.0,5199.0,1944.0,1263.0,1992.0,793.0,791.0,792.0,804.0,802.0,803.0,2825.0,3494.0,1550.0,1944.0,1263.0,1992.0,793.0,791.0,792.0
1.0,6681.0,2422.0,2376.0,2359.0,5262.0,2411.0,2066.0,785.0,793.0,791.0,792.0,805.0,803.0,814.0,2021.0,2692.0,1968.0,2411.0,2066.0,785.0,793.0,791.0,792.0
1.0,6618.0,2414.0,2377.0,4006.0,4497.0,2082.0,2415.0,0.0,793.0,792.0,792.0,806.0,805.0,803.0,1554.0,1889.0,3175.0,2082.0,2415.0,0.0,793.0,792.0,792.0
1.0,8210.0,2426.0,2378.0,5199.0,2906.0,950.0,1956.0,0.0,793.0,792.0,793.0,812.0,804.0,810.0,1883.0,1545.0,4782.0,950.0,1956.0,0.0,793.0,792.0,793.0
1.0,10983.0,2416.0,2378.0,5262.0,693.0,0.0,693.0,0.0,793.0,792.0,793.0,799.0,803.0,814.0,3015.0,2004.0,5964.0,0.0,693.0,0.0,793.0,792.0,793.0
1.0,13829.0,2414.0,2380.0,4497.0,0.0,0.0,0.0,0.0,794.0,792.0,794.0,797.0,804.0,813.0,4627.0,3267.0,5935.0,0.0,0.0,0.0,794.0,792.0,794.0
1.0,15912.0,2406.0,2380.0,2906.0,0.0,0.0,0.0,0.0,794.0,792.0,794.0,798.0,804.0,804.0,5912.0,4878.0,5122.0,0.0,0.0,0.0,794.0,792.0,794.0
1.0,16412.0,2406.0,2381.0,693.0,456.0,0.0,0.0,456.0,794.0,793.0,794.0,797.0,805.0,804.0,6064.0,6030.0,4318.0,0.0,0.0,456.0,794.0,793.0,794.0
1.0,14699.0,2410.0,2381.0,0.0,1260.0,0.0,0.0,1260.0,794.0,793.0,794.0,797.0,809.0,804.0,5267.0,5918.0,3514.0,0.0,0.0,1260.0,794.0,793.0,794.0
1.0,12289.0,2399.0,2381.0,0.0,2360.0,296.0,0.0,2064.0,794.0,793.0,794.0,796.0,799.0,804.0,4470.0,5109.0,2710.0,296.0,0.0,2064.0,794.0,793.0,794.0
1.0,9890.0,2401.0,2381.0,456.0,3960.0,1089.0,460.0,2411.0,794.0,793.0,794.0,793.0,805.0,803.0,3674.0,4310.0,1906.0,1089.0,460.0,2411.0,794.0,793.0,794.0
1.0,7945.0,2387.0,2382.0,1260.0,5092.0,1886.0,1262.0,1944.0,794.0,794.0,794.0,797.0,797.0,793.0,2881.0,3505.0,1559.0,1886.0,1262.0,1944.0,794.0,794.0,794.0
1.0,6818.0,2382.0,2382.0,2360.0,5114.0,2376.0,2069.0,669.0,794.0,794.0,794.0,786.0,807.0,789.0,2084.0,2708.0,2026.0,2376.0,2069.0,669.0,794.0,794.0,794.0
1.0,6796.0,2385.0,2383.0,3960.0,4484.0,2077.0,2407.0,0.0,794.0,794.0,795.0,790.0,798.0,797.0,1594.0,1901.0,3301.0,2077.0,2407.0,0.0,794.0,794.0,795.0
1.0,8371.0,2379.0,2384.0,5092.0,2927.0,975.0,1952.0,0.0,794.0,795.0,795.0,784.0,802.0,793.0,1893.0,1563.0,4915.0,975.0,1952.0,0.0,794.0,795.0,795.0
1.0,11084.0,2381.0,2384.0,5114.0,686.0,0.0,686.0,0.0,794.0,795.0,795.0,787.0,803.0,791.0,2995.0,2023.0,6066.0,0.0,686.0,0.0,794.0,795.0,795.0
1.0,13817.0,2389.0,2386.0,4484.0,0.0,0.0,0.0,0.0,795.0,796.0,795.0,797.0,794.0,798.0,4584.0,3289.0,5944.0,0.0,0.0,0.0,795.0,796.0,795.0
1.0,15912.0,2382.0,2386.0,2927.0,0.0,0.0,0.0,0.0,795.0,796.0,795.0,798.0,797.0,787.0,5864.0,4902.0,5146.0,0.0,0.0,0.0,795.0,796.0,795.0
1.0,16457.0,2377.0,2386.0,686.0,404.0,0.0,0.0,404.0,795.0,796.0,795.0,795.0,794.0,788.0,6041.0,6057.0,4359.0,0.0,0.0,404.0,795.0,796.0,795.0
1.0,14766.0,2397.0,2387.0,0.0,1197.0,0.0,0.0,1197.0,795.0,797.0,795.0,797.0,807.0,793.0,5246.0,5949.0,3571.0,0.0,0.0,1197.0,795.0,797.0,795.0
1.0,12369.0,2380.0,2387.0,0.0,2309.0,321.0,0.0,1988.0,795.0,797.0,795.0,795.0,794.0,791.0,4449.0,5142.0,2778.0,321.0,0.0,1988.0,795.0,797.0,795.0
1.0,9989.0,2390.0,2388.0,404.0,3937.0,1122.0,430.0,2385.0,795.0,797.0,796.0,801.0,793.0,796.0,3654.0,4348.0,1987.0,1122.0,430.0,2385.0,795.0,797.0,796.0
1.0,8003.0,2408.0,2390.0,1197.0,5158.0,1932.0,1239.0,1987.0,796.0,798.0,796.0,805.0,804.0,799.0,2853.0,3555.0,1595.0,1932.0,1239.0,1987.0,796.0,798.0,796.0
1.0,6792.0,2398.0,2390.0,2309.0,5247.0,2415.0,2040.0,792.0,796.0,798.0,796.0,804.0,801.0,793.0,2048.0,2751.0,1993.0,2415.0,2040.0,792.0,796.0,798.0,796.0
1.0,6703.0,2416.0,2390.0,3937.0,4518.0,2104.0,2414.0,0.0,796.0,798.0,796.0,811.0,804.0,801.0,1565.0,1950.0,3188.0,2104.0,2414.0,0.0,796.0,798.0,796.0
1.0,8224.0,2417.0,2391.0,5158.0,2967.0,991.0,1976.0,0.0,797.0,798.0,796.0,814.0,801.0,802.0,1876.0,1576.0,4772.0,991.0,1976.0,0.0,797.0,798.0,796.0
1.0,10965.0,2425.0,2392.0,5247.0,742.0,0.0,742.0,0.0,797.0,798.0,797.0,809.0,806.0,810.0,2994.0,2014.0,5957.0,0.0,742.0,0.0,797.0,798.0,797.0
1.0,13787.0,2429.0,2393.0,4518.0,0.0,0.0,0.0,0.0,797.0,799.0,797.0,815.0,808.0,806.0,4600.0,3248.0,5939.0,0.0,0.0,0.0,797.0,799.0,797.0
1.0,15876.0,2434.0,2393.0,2967.0,0.0,0.0,0.0,0.0,797.0,799.0,797.0,813.0,809.0,812.0,5889.0,4854.0,5133.0,0.0,0.0,0.0,797.0,799.0,797.0
1.0,16409.0,2434.0,2395.0,742.0,484.0,0.0,0.0,484.0,798.0,799.0,798.0,807.0,812.0,815.0,6067.0,6021.0,4321.0,0.0,0.0,484.0,798.0,799.0,798.0
1.0,14717.0,2439.0,2395.0,0.0,1298.0,0.0,0.0,1298.0,798.0,799.0,798.0,813.0,812.0,814.0,5260.0,5951.0,3506.0,0.0,0.0,1298.0,798.0,799.0,798.0
1.0,12278.0,2427.0,2395.0,0.0,2458.0,354.0,0.0,2104.0,798.0,799.0,798.0,811.0,810.0,806.0,4447.0,5139.0,2692.0,354.0,0.0,2104.0,798.0,799.0,798.0
1.0,9851.0,2438.0,2397.0,484.0,4088.0,1176.0,472.0,2440.0,799.0,799.0,799.0,817.0,806.0,815.0,3636.0,4329.0,1886.0,1176.0,472.0,2440.0,799.0,799.0,799.0
1.0,7897.0,2420.0,2397.0,1298.0,5210.0,1982.0,1276.0,1952.0,799.0,799.0,799.0,806.0,804.0,810.0,2819.0,3523.0,1555.0,1982.0,1276.0,1952.0,799.0,799.0,799.0
1.0,6775.0,2419.0,2397.0,2458.0,5171.0,2430.0,2083.0,658.0,799.0,799.0,799.0,802.0,807.0,810.0,2013.0,2719.0,2043.0,2430.0,2083.0,658.0,799.0,799.0,799.0
1.0,6814.0,2408.0,2398.0,4088.0,4476.0,2056.0,2420.0,0.0,799.0,800.0,799.0,802.0,804.0,802.0,1565.0,1912.0,3337.0,2056.0,2420.0,0.0,799.0,800.0,799.0
1.0,8494.0,2413.0,2399.0,5210.0,2820.0,872.0,1948.0,0.0,799.0,800.0,800.0,798.0,804.0,811.0,1939.0,1580.0,4975.0,872.0,1948.0,0.0,799.0,800.0,800.0
1.0,11291.0,2418.0,2400.0,5171.0,670.0,0.0,670.0,0.0,800.0,800.0,800.0,809.0,805.0,804.0,3123.0,2052.0,6116.0,0.0,670.0,0.0,800.0,800.0,800.0
1.0,14044.0,2396.0,2400.0,4476.0,0.0,0.0,0.0,0.0,800.0,800.0,800.0,794.0,798.0,804.0,4744.0,3330.0,5970.0,0.0,0.0,0.0,800.0,800.0,800.0
1.0,16124.0,2405.0,2401.0,2820.0,0.0,0.0,0.0,0.0,800.0,800.0,801.0,801.0,798.0,806.0,6006.0,4952.0,5166.0,0.0,0.0,0.0,800.0,800.0,801.0
1.0,16539.0,2386.0,2401.0,670.0,445.0,0.0,0.0,445.0,800.0,800.0,801.0,791.0,795.0,800.0,6077.0,6102.0,4360.0,0.0,0.0,445.0,800.0,800.0,801.0
1.0,14823.0,2398.0,2401.0,0.0,1248.0,0.0,0.0,1248.0,800.0,800.0,801.0,795.0,800.0,803.0,5286.0,5977.0,3560.0,0.0,0.0,1248.0,800.0,800.0,801.0
1.0,12425.0,2400.0,2402.0,0.0,2356.0,312.0,0.0,2044.0,800.0,801.0,801.0,803.0,801.0,796.0,4491.0,5177.0,2757.0,312.0,0.0,2044.0,800.0,801.0,801.0
1.0,10025.0,2414.0,2403.0,445.0,3959.0,1118.0,431.0,2410.0,800.0,801.0,802.0,806.0,802.0,806.0,3688.0,4376.0,1961.0,1118.0,431.0,2410.0,800.0,801.0,802.0
1.0,8056.0,2394.0,2403.0,1248.0,5105.0,1911.0,1229.0,1965.0,800.0,801.0,802.0,793.0,798.0,803.0,2882.0,3574.0,1600.0,1911.0,1229.0,1965.0,800.0,801.0,802.0
1.0,6910.0,2405.0,2404.0,2356.0,5159.0,2404.0,2031.0,724.0,801.0,801.0,802.0,800.0,802.0,803.0,2089.0,2776.0,2045.0,2404.0,2031.0,724.0,801.0,801.0,802.0
1.0,6861.0,2426.0,2405.0,3959.0,4508.0,2092.0,2416.0,0.0,801.0,802.0,802.0,806.0,811.0,809.0,1601.0,1974.0,3286.0,2092.0,2416.0,0.0,801.0,802.0,802.0
1.0,8394.0,2427.0,2406.0,5105.0,2984.0,987.0,1997.0,0.0,801.0,802.0,803.0,806.0,810.0,811.0,1913.0,1594.0,4887.0,987.0,1997.0,0.0,801.0,802.0,803.0
1.0,11072.0,2411.0,2406.0,5159.0,769.0,0.0,769.0,0.0,801.0,802.0,803.0,807.0,803.0,801.0,3018.0,2013.0,6041.0,0.0,769.0,0.0,801.0,802.0,803.0
1.0,13820.0,2433.0,2407.0,4508.0,0.0,0.0,0.0,0.0,801.0,803.0,803.0,807.0,813.0,813.0,4615.0,3241.0,5964.0,0.0,0.0,0.0,801.0,803.0,803.0
1.0,15895.0,2435.0,2408.0,2984.0,0.0,0.0,0.0,0.0,802.0,803.0,803.0,812.0,817.0,806.0,5900.0,4844.0,5151.0,0.0,0.0,0.0,802.0,803.0,803.0
1.0,16444.0,2448.0,2409.0,769.0,486.0,0.0,0.0,486.0,802.0,804.0,803.0,813.0,819.0,816.0,6075.0,6024.0,4345.0,0.0,0.0,486.0,802.0,804.0,803.0
1.0,14765.0,2453.0,2410.0,0.0,1304.0,0.0,0.0,1304.0,802.0,804.0,804.0,822.0,818.0,813.0,5262.0,5974.0,3529.0,0.0,0.0,1304.0,802.0,804.0,804.0
1.0,12312.0,2445.0,2411.0,0.0,2508.0,393.0,0.0,2115.0,803.0,804.0,804.0,818.0,816.0,811.0,4440.0,5156.0,2716.0,393.0,0.0,2115.0,803.0,804.0,804.0
1.0,9867.0,2452.0,2411.0,486.0,4154.0,1213.0,497.0,2444.0,803.0,804.0,804.0,820.0,817.0,815.0,3622.0,4340.0,1905.0,1213.0,497.0,2444.0,803.0,804.0,804.0
1.0,7901.0,2438.0,2412.0,1304.0,5293.0,2029.0,1316.0,1948.0,803.0,805.0,804.0,816.0,814.0,808.0,2802.0,3523.0,1576.0,2029.0,1316.0,1948.0,803.0,805.0,804.0
1.0,6767.0,2449.0,2412.0,2508.0,5234.0,2459.0,2129.0,646.0,803.0,805.0,804.0,823.0,813.0,813.0,1986.0,2709.0,2072.0,2459.0,2129.0,646.0,803.0,805.0,804.0
1.0,6826.0,2450.0,2413.0,4154.0,4514.0,2066.0,2448.0,0.0,804.0,805.0,804.0,815.0,816.0,819.0,1556.0,1896.0,3374.0,2066.0,2448.0,0.0,804.0,805.0,804.0
1.0,8530.0,2450.0,2413.0,5293.0,2806.0,857.0,1949.0,0.0,804.0,805.0,804.0,820.0,817.0,813.0,1954.0,1577.0,4999.0,857.0,1949.0,0.0,804.0,805.0,804.0
1.0,11373.0,2438.0,2413.0,5234.0,631.0,0.0,631.0,0.0,804.0,805.0,804.0,812.0,811.0,815.0,3163.0,2076.0,6134.0,0.0,631.0,0.0,804.0,805.0,804.0
1.0,14169.0,2439.0,2415.0,4514.0,0.0,0.0,0.0,0.0,805.0,806.0,804.0,810.0,818.0,811.0,4810.0,3394.0,5965.0,0.0,0.0,0.0,805.0,806.0,804.0
1.0,16244.0,2431.0,2415.0,2806.0,0.0,0.0,0.0,0.0,805.0,806.0,804.0,814.0,810.0,807.0,6066.0,5024.0,5154.0,0.0,0.0,0.0,805.0,806.0,804.0
1.0,16619.0,2418.0,2416.0,631.0,486.0,0.0,0.0,486.0,805.0,806.0,805.0,802.0,808.0,808.0,6109.0,6163.0,4347.0,0.0,0.0,486.0,805.0,806.0,805.0
1.0,14832.0,2417.0,2416.0,0.0,1296.0,0.0,0.0,1296.0,805.0,806.0,805.0,803.0,804.0,810.0,5307.0,5986.0,3539.0,0.0,0.0,1296.0,805.0,806.0,805.0
1.0,12415.0,2406.0,2417.0,0.0,2433.0,332.0,0.0,2101.0,806.0,806.0,805.0,806.0,795.0,805.0,4504.0,5182.0,2729.0,332.0,0.0,2101.0,806.0,806.0,805.0
1.0,10009.0,2407.0,2417.0,486.0,3997.0,1135.0,447.0,2415.0,806.0,806.0,805.0,803.0,804.0,800.0,3698.0,4387.0,1924.0,1135.0,447.0,2415.0,806.0,806.0,805.0
1.0,8088.0,2402.0,2417.0,1296.0,5103.0,1933.0,1250.0,1920.0,806.0,806.0,805.0,798.0,803.0,801.0,2895.0,3583.0,1610.0,1933.0,1250.0,1920.0,806.0,806.0,805.0
1.0,6982.0,2399.0,2418.0,2433.0,5074.0,2399.0,2043.0,632.0,806.0,806.0,806.0,798.0,793.0,808.0,2097.0,2780.0,2105.0,2399.0,2043.0,632.0,806.0,806.0,806.0
1.0,7016.0,2402.0,2418.0,3997.0,4463.0,2061.0,2402.0,0.0,806.0,806.0,806.0,797.0,806.0,799.0,1631.0,1987.0,3398.0,2061.0,2402.0,0.0,806.0,806.0,806.0
1.0,8611.0,2413.0,2419.0,5103.0,2891.0,941.0,1950.0,0.0,807.0,806.0,806.0,808.0,798.0,807.0,1969.0,1628.0,5014.0,941.0,1950.0,0.0,807.0,806.0,806.0
1.0,11301.0,2412.0,2420.0,5074.0,708.0,0.0,708.0,0.0,807.0,806.0,807.0,800.0,801.0,811.0,3094.0,2080.0,6127.0,0.0,708.0,0.0,807.0,806.0,807.0
1.0,13963.0,2413.0,2420.0,4463.0,0.0,0.0,0.0,0.0,807.0,806.0,807.0,802.0,806.0,805.0,4693.0,3322.0,5948.0,0.0,0.0,0.0,807.0,806.0,807.0
1.0,16013.0,2418.0,2420.0,2891.0,0.0,0.0,0.0,0.0,807.0,806.0,807.0,804.0,801.0,813.0,5952.0,4918.0,5143.0,0.0,0.0,0.0,807.0,806.0,807.0
1.0,16486.0,2432.0,2422.0,708.0,523.0,0.0,0.0,523.0,807.0,807.0,808.0,808.0,811.0,813.0,6089.0,6067.0,4330.0,0.0,0.0,523.0,807.0,807.0,808.0
1.0,14762.0,2445.0,2422.0,0.0,1335.0,0.0,0.0,1335.0,807.0,807.0,808.0,817.0,816.0,812.0,5281.0,5964.0,3517.0,0.0,0.0,1335.0,807.0,807.0,808.0
1.0,12317.0,2443.0,2423.0,0.0,2539.0,392.0,0.0,2147.0,808.0,807.0,808.0,816.0,815.0,812.0,4464.0,5148.0,2705.0,392.0,0.0,2147.0,808.0,807.0,808.0
1.0,9874.0,2455.0,2423.0,523.0,4173.0,1213.0,520.0,2440.0,808.0,807.0,808.0,821.0,818.0,816.0,3648.0,4333.0,1893.0,1213.0,520.0,2440.0,808.0,807.0,808.0
1.0,7942.0,2462.0,2425.0,1335.0,5310.0,2033.0,1351.0,1926.0,808.0,808.0,809.0,820.0,826.0,816.0,2827.0,3515.0,1600.0,2033.0,1351.0,1926.0,808.0,808.0,809.0
1.0,6815.0,2472.0,2425.0,2539.0,5243.0,2464.0,2173.0,606.0,808.0,808.0,809.0,823.0,822.0,827.0,2007.0,2689.0,2119.0,2464.0,2173.0,606.0,808.0,808.0,809.0
1.0,6882.0,2486.0,2426.0,4173.0,4554.0,2076.0,2478.0,0.0,808.0,808.0,810.0,825.0,825.0,836.0,1576.0,1867.0,3439.0,2076.0,2478.0,0.0,808.0,808.0,810.0
1.0,8569.0,2476.0,2427.0,5310.0,2831.0,865.0,1966.0,0.0,808.0,809.0,810.0,822.0,834.0,820.0,1964.0,1562.0,5043.0,865.0,1966.0,0.0,808.0,809.0,810.0
1.0,11403.0,2478.0,2428.0,5243.0,615.0,0.0,615.0,0.0,809.0,809.0,810.0,829.0,822.0,827.0,3175.0,2079.0,6149.0,0.0,615.0,0.0,809.0,809.0,810.0
1.0,14168.0,2478.0,2428.0,4554.0,0.0,0.0,0.0,0.0,809.0,809.0,810.0,823.0,826.0,829.0,4810.0,3430.0,5928.0,0.0,0.0,0.0,809.0,809.0,810.0
1.0,16244.0,2469.0,2429.0,2831.0,0.0,0.0,0.0,0.0,809.0,810.0,810.0,827.0,830.0,812.0,6063.0,5082.0,5099.0,0.0,0.0,0.0,809.0,810.0,810.0
1.0,16606.0,2468.0,2430.0,615.0,594.0,0.0,0.0,594.0,809.0,810.0,811.0,820.0,822.0,826.0,6101.0,6218.0,4287.0,0.0,0.0,594.0,809.0,810.0,811.0
1.0,14753.0,2450.0,2431.0,0.0,1417.0,0.0,0.0,1417.0,810.0,810.0,811.0,816.0,811.0,823.0,5281.0,6011.0,3461.0,0.0,0.0,1417.0,810.0,810.0,811.0
1.0,12303.0,2451.0,2431.0,0.0,2636.0,405.0,0.0,2231.0,810.0,810.0,811.0,820.0,817.0,814.0,4465.0,5200.0,2638.0,405.0,0.0,2231.0,810.0,810.0,811.0
1.0,9852.0,2452.0,2432.0,594.0,4166.0,1219.0,492.0,2455.0,810.0,811.0,811.0,814.0,820.0,818.0,3645.0,4383.0,1824.0,1219.0,492.0,2455.0,810.0,811.0,811.0
1.0,7994.0,2460.0,2433.0,1417.0,5214.0,2049.0,1312.0,1853.0,811.0,811.0,811.0,825.0,820.0,815.0,2831.0,3563.0,1600.0,2049.0,1312.0,1853.0,811.0,811.0,811.0
1.0,6951.0,2440.0,2434.0,2636.0,5023.0,2451.0,2127.0,445.0,811.0,811.0,812.0,807.0,815.0,818.0,2006.0,2743.0,2202.0,2451.0,2127.0,445.0,811.0,811.0,812.0
1.0,7147.0,2435.0,2435.0,4166.0,4495.0,2043.0,2452.0,0.0,811.0,812.0,812.0,811.0,812.0,812.0,1604.0,1928.0,3615.0,2043.0,2452.0,0.0,811.0,812.0,812.0
1.0,8878.0,2428.0,2435.0,5214.0,2755.0,801.0,1954.0,0.0,811.0,812.0,812.0,807.0,814.0,807.0,2012.0,1608.0,5258.0,801.0,1954.0,0.0,811.0,812.0,812.0
1.0,11664.0,2416.0,2435.0,5023.0,635.0,0.0,635.0,0.0,811.0,812.0,812.0,798.0,808.0,810.0,3254.0,2106.0,6304.0,0.0,635.0,0.0,811.0,812.0,812.0
1.0,14271.0,2418.0,2436.0,4495.0,0.0,0.0,0.0,0.0,812.0,812.0,812.0,805.0,811.0,802.0,4907.0,3425.0,5939.0,0.0,0.0,0.0,812.0,812.0,812.0
1.0,16348.0,2406.0,2435.0,2755.0,0.0,0.0,0.0,0.0,811.0,812.0,812.0,802.0,806.0,798.0,6145.0,5066.0,5137.0,0.0,0.0,0.0,811.0,812.0,812.0
1.0,16697.0,2410.0,2436.0,635.0,520.0,0.0,0.0,520.0,812.0,812.0,812.0,807.0,804.0,799.0,6144.0,6214.0,4339.0,0.0,0.0,520.0,812.0,812.0,812.0
1.0,14922.0,2416.0,2437.0,0.0,1325.0,0.0,0.0,1325.0,812.0,813.0,812.0,802.0,809.0,805.0,5337.0,6045.0,3540.0,0.0,0.0,1325.0,812.0,813.0,812.0
1.0,12506.0,2430.0,2437.0,0.0,2466.0,339.0,0.0,2127.0,812.0,813.0,812.0,814.0,814.0,802.0,4535.0,5236.0,2735.0,339.0,0.0,2127.0,812.0,813.0,812.0
1.0,10076.0,2421.0,2437.0,520.0,4010.0,1149.0,454.0,2407.0,812.0,813.0,812.0,810.0,811.0,800.0,3721.0,4422.0,1933.0,1149.0,454.0,2407.0,812.0,813.0,812.0
1.0,8175.0,2423.0,2437.0,1325.0,5108.0,1956.0,1261.0,1891.0,812.0,813.0,812.0,807.0,807.0,809.0,2911.0,3611.0,1653.0,1956.0,1261.0,1891.0,812.0,813.0,812.0
1.0,7077.0,2431.0,2437.0,2466.0,5073.0,2426.0,2073.0,574.0,812.0,813.0,812.0,809.0,812.0,810.0,2104.0,2804.0,2169.0,2426.0,2073.0,574.0,812.0,813.0,812.0
1.0,7112.0,2444.0,2437.0,4010.0,4523.0,2095.0,2428.0,0.0,812.0,813.0,812.0,818.0,809.0,817.0,1634.0,1992.0,3486.0,2095.0,2428.0,0.0,812.0,813.0,812.0
1.0,8678.0,2448.0,2437.0,5108.0,2934.0,952.0,1982.0,0.0,812.0,813.0,812.0,813.0,815.0,820.0,1965.0,1637.0,5076.0,952.0,1982.0,0.0,812.0,813.0,812.0
1.0,11338.0,2462.0,2438.0,5073.0,728.0,0.0,728.0,0.0,813.0,813.0,812.0,825.0,819.0,818.0,3108.0,2083.0,6147.0,0.0,728.0,0.0,813.0,813.0,812.0
1.0,13949.0,2462.0,2438.0,4523.0,0.0,0.0,0.0,0.0,813.0,813.0,812.0,823.0,820.0,819.0,4709.0,3337.0,5903.0,0.0,0.0,0.0,813.0,813.0,812.0
1.0,16010.0,2474.0,2439.0,2934.0,0.0,0.0,0.0,0.0,813.0,813.0,813.0,828.0,819.0,827.0,5981.0,4945.0,5084.0,0.0,0.0,0.0,813.0,813.0,813.0
1.0,16470.0,2469.0,2439.0,728.0,628.0,0.0,0.0,628.0,813.0,813.0,813.0,823.0,826.0,820.0,6105.0,6108.0,4257.0,0.0,0.0,628.0,813.0,813.0,813.0
1.0,14729.0,2484.0,2439.0,0.0,1457.0,0.0,0.0,1457.0,813.0,813.0,813.0,829.0,826.0,829.0,5282.0,6010.0,3437.0,0.0,0.0,1457.0,813.0,813.0,813.0
1.0,12245.0,2493.0,2440.0,0.0,2728.0,451.0,0.0,2277.0,813.0,814.0,813.0,839.0,834.0,820.0,4453.0,5184.0,2608.0,451.0,0.0,2277.0,813.0,814.0,813.0
1.0,9752.0,2492.0,2441.0,628.0,4317.0,1293.0,545.0,2479.0,814.0,814.0,813.0,837.0,825.0,830.0,3614.0,4350.0,1788.0,1293.0,545.0,2479.0,814.0,814.0,813.0
1.0,7888.0,2488.0,2442.0,1457.0,5353.0,2127.0,1366.0,1860.0,814.0,814.0,814.0,834.0,821.0,833.0,2777.0,3525.0,1586.0,2127.0,1366.0,1860.0,814.0,814.0,814.0
1.0,6857.0,2475.0,2442.0,2728.0,5100.0,2503.0,2188.0,409.0,814.0,814.0,814.0,827.0,822.0,826.0,1943.0,2704.0,2210.0,2503.0,2188.0,409.0,814.0,814.0,814.0
1.0,7110.0,2487.0,2444.0,4317.0,4526.0,2045.0,2481.0,0.0,815.0,815.0,814.0,830.0,833.0,824.0,1567.0,1882.0,3661.0,2045.0,2481.0,0.0,815.0,815.0,814.0
1.0,8940.0,2471.0,2445.0,5353.0,2680.0,744.0,1936.0,0.0,815.0,815.0,815.0,826.0,821.0,824.0,2030.0,1594.0,5316.0,744.0,1936.0,0.0,815.0,815.0,815.0
1.0,11822.0,2459.0,2445.0,5100.0,572.0,0.0,572.0,0.0,815.0,815.0,815.0,817.0,824.0,818.0,3331.0,2139.0,6352.0,0.0,572.0,0.0,815.0,815.0,815.0
1.0,14463.0,2464.0,2446.0,4526.0,0.0,0.0,0.0,0.0,816.0,815.0,815.0,819.0,821.0,824.0,5017.0,3503.0,5943.0,0.0,0.0,0.0,816.0,815.0,815.0
1.0,16525.0,2442.0,2447.0,2680.0,0.0,0.0,0.0,0.0,816.0,816.0,815.0,807.0,817.0,818.0,6243.0,5163.0,5119.0,0.0,0.0,0.0,816.0,816.0,815.0
1.0,16763.0,2461.0,2448.0,572.0,601.0,0.0,0.0,601.0,816.0,816.0,816.0,817.0,822.0,822.0,6180.0,6282.0,4301.0,0.0,0.0,601.0,816.0,816.0,816.0
1.0,14874.0,2450.0,2448.0,0.0,1419.0,0.0,0.0,1419.0,816.0,816.0,816.0,817.0,815.0,818.0,5363.0,6032.0,3479.0,0.0,0.0,1419.0,816.0,816.0,816.0
1.0,12424.0,2443.0,2450.0,0.0,2590.0,357.0,0.0,2233.0,817.0,817.0,816.0,818.0,811.0,814.0,4546.0,5217.0,2661.0,357.0,0.0,2233.0,817.0,817.0,816.0
1.0,9981.0,2447.0,2451.0,601.0,4120.0,1171.0,496.0,2453.0,817.0,817.0,817.0,814.0,817.0,816.0,3728.0,4406.0,1847.0,1171.0,496.0,2453.0,817.0,817.0,817.0
1.0,8135.0,2441.0,2451.0,1419.0,5142.0,1985.0,1307.0,1850.0,817.0,817.0,817.0,814.0,811.0,816.0,2914.0,3589.0,1632.0,1985.0,1307.0,1850.0,817.0,817.0,817.0
1.0,7113.0,2436.0,2451.0,2590.0,4988.0,2435.0,2119.0,434.0,817.0,817.0,817.0,807.0,812.0,817.0,2100.0,2778.0,2235.0,2435.0,2119.0,434.0,817.0,817.0,817.0
1.0,7267.0,2454.0,2452.0,4120.0,4528.0,2080.0,2448.0,0.0,817.0,818.0,817.0,816.0,820.0,818.0,1650.0,1966.0,3651.0,2080.0,2448.0,0.0,817.0,818.0,817.0
1.0,8933.0,2456.0,2453.0,5142.0,2878.0,916.0,1962.0,0.0,818.0,818.0,817.0,816.0,821.0,819.0,2005.0,1642.0,5286.0,916.0,1962.0,0.0,818.0,818.0,817.0
1.0,11619.0,2453.0,2453.0,4988.0,659.0,0.0,659.0,0.0,818.0,818.0,817.0,819.0,816.0,818.0,3174.0,2128.0,6317.0,0.0,659.0,0.0,818.0,818.0,817.0
1.0,14154.0,2466.0,2453.0,4528.0,0.0,0.0,0.0,0.0,818.0,818.0,817.0,821.0,825.0,820.0,4790.0,3431.0,5933.0,0.0,0.0,0.0,818.0,818.0,817.0
1.0,16216.0,2454.0,2454.0,2878.0,0.0,0.0,0.0,0.0,818.0,818.0,818.0,818.0,822.0,814.0,6049.0,5054.0,5113.0,0.0,0.0,0.0,818.0,818.0,818.0
1.0,16640.0,2461.0,2454.0,659.0,616.0,0.0,0.0,616.0,818.0,818.0,818.0,822.0,814.0,825.0,6147.0,6194.0,4299.0,0.0,0.0,616.0,818.0,818.0,818.0
1.0,14838.0,2479.0,2454.0,0.0,1443.0,0.0,0.0,1443.0,818.0,818.0,818.0,826.0,826.0,827.0,5325.0,6039.0,3474.0,0.0,0.0,1443.0,818.0,818.0,818.0
1.0,12359.0,2480.0,2454.0,0.0,2691.0,418.0,0.0,2273.0,818.0,818.0,818.0,827.0,823.0,830.0,4499.0,5213.0,2647.0,418.0,0.0,2273.0,818.0,818.0,818.0
1.0,9879.0,2484.0,2454.0,616.0,4259.0,1251.0,522.0,2486.0,818.0,818.0,818.0,833.0,822.0,829.0,3672.0,4390.0,1817.0,1251.0,522.0,2486.0,818.0,818.0,818.0
1.0,8011.0,2489.0,2455.0,1443.0,5310.0,2090.0,1348.0,1872.0,819.0,818.0,818.0,834.0,826.0,829.0,2839.0,3568.0,1604.0,2090.0,1348.0,1872.0,819.0,818.0,818.0
1.0,6965.0,2486.0,2455.0,2691.0,5105.0,2503.0,2177.0,425.0,819.0,818.0,818.0,831.0,829.0,826.0,2005.0,2742.0,2218.0,2503.0,2177.0,425.0,819.0,818.0,818.0
1.0,7170.0,2502.0,2455.0,4259.0,4578.0,2090.0,2488.0,0.0,819.0,818.0,818.0,838.0,833.0,831.0,1592.0,1913.0,3665.0,2090.0,2488.0,0.0,819.0,818.0,818.0
1.0,8927.0,2502.0,2456.0,5310.0,2816.0,834.0,1982.0,0.0,819.0,819.0,818.0,834.0,837.0,831.0,2005.0,1602.0,5320.0,834.0,1982.0,0.0,819.0,819.0,818.0
1.0,11735.0,2490.0,2456.0,5105.0,635.0,0.0,635.0,0.0,819.0,819.0,818.0,835.0,830.0,825.0,3261.0,2113.0,6361.0,0.0,635.0,0.0,819.0,819.0,818.0
1.0,14350.0,2489.0,2457.0,4578.0,0.0,0.0,0.0,0.0,820.0,819.0,818.0,833.0,832.0,824.0,4929.0,3460.0,5961.0,0.0,0.0,0.0,820.0,819.0,818.0
1.0,16439.0,2487.0,2458.0,2816.0,0.0,0.0,0.0,0.0,820.0,819.0,819.0,831.0,828.0,828.0,6186.0,5116.0,5137.0,0.0,0.0,0.0,820.0,819.0,819.0
1.0,16768.0,2468.0,2459.0,635.0,601.0,0.0,0.0,601.0,820.0,820.0,819.0,826.0,827.0,815.0,6189.0,6270.0,4309.0,0.0,0.0,601.0,820.0,820.0,819.0
1.0,14935.0,2474.0,2459.0,0.0,1422.0,0.0,0.0,1422.0,820.0,820.0,819.0,827.0,826.0,821.0,5363.0,6078.0,3494.0,0.0,0.0,1422.0,820.0,820.0,819.0
1.0,12461.0,2466.0,2460.0,0.0,2636.0,395.0,0.0,2241.0,821.0,820.0,819.0,826.0,821.0,819.0,4536.0,5252.0,2673.0,395.0,0.0,2241.0,821.0,820.0,819.0
1.0,9995.0,2467.0,2460.0,601.0,4171.0,1227.0,493.0,2451.0,821.0,820.0,819.0,832.0,824.0,811.0,3710.0,4431.0,1854.0,1227.0,493.0,2451.0,821.0,820.0,819.0
1.0,8129.0,2462.0,2460.0,1422.0,5211.0,2054.0,1315.0,1842.0,821.0,820.0,819.0,827.0,822.0,813.0,2878.0,3607.0,1644.0,2054.0,1315.0,1842.0,821.0,820.0,819.0
1.0,7089.0,2464.0,2461.0,2636.0,5044.0,2484.0,2135.0,425.0,822.0,820.0,819.0,820.0,820.0,824.0,2051.0,2785.0,2253.0,2484.0,2135.0,425.0,822.0,820.0,819.0
1.0,7261.0,2464.0,2462.0,4171.0,4551.0,2077.0,2474.0,0.0,822.0,821.0,819.0,820.0,827.0,817.0,1626.0,1965.0,3670.0,2077.0,2474.0,0.0,822.0,821.0,819.0
1.0,8968.0,2463.0,2463.0,5211.0,2825.0,845.0,1980.0,0.0,822.0,821.0,820.0,822.0,821.0,820.0,2033.0,1631.0,5304.0,845.0,1980.0,0.0,822.0,821.0,820.0
1.0,11716.0,2467.0,2464.0,5044.0,667.0,0.0,667.0,0.0,823.0,821.0,820.0,825.0,822.0,820.0,3265.0,2125.0,6326.0,0.0,667.0,0.0,823.0,821.0,820.0
1.0,14293.0,2483.0,2466.0,4551.0,0.0,0.0,0.0,0.0,823.0,822.0,821.0,825.0,831.0,827.0,4924.0,3438.0,5931.0,0.0,0.0,0.0,823.0,822.0,821.0
1.0,16361.0,2467.0,2466.0,2825.0,0.0,0.0,0.0,0.0,823.0,822.0,821.0,821.0,822.0,824.0,6176.0,5081.0,5104.0,0.0,0.0,0.0,823.0,822.0,821.0
1.0,16719.0,2462.0,2466.0,667.0,648.0,0.0,0.0,648.0,823.0,822.0,821.0,815.0,824.0,823.0,6200.0,6239.0,4280.0,0.0,0.0,648.0,823.0,822.0,821.0
1.0,14924.0,2478.0,2468.0,0.0,1481.0,0.0,0.0,1481.0,824.0,822.0,822.0,824.0,826.0,828.0,5385.0,6082.0,3457.0,0.0,0.0,1481.0,824.0,822.0,822.0
1.0,12446.0,2483.0,2469.0,0.0,2687.0,378.0,0.0,2309.0,824.0,823.0,822.0,819.0,836.0,828.0,4561.0,5256.0,2629.0,378.0,0.0,2309.0,824.0,823.0,822.0
1.0,9963.0,2485.0,2469.0,648.0,4219.0,1208.0,522.0,2489.0,824.0,823.0,822.0,830.0,827.0,828.0,3742.0,4420.0,1801.0,1208.0,522.0,2489.0,824.0,823.0,822.0
1.0,8126.0,2488.0,2471.0,1481.0,5236.0,2035.0,1358.0,1843.0,824.0,824.0,823.0,827.0,831.0,830.0,2912.0,3593.0,1621.0,2035.0,1358.0,1843.0,824.0,824.0,823.0
1.0,7119.0,2503.0,2471.0,2687.0,5052.0,2483.0,2191.0,378.0,824.0,824.0,823.0,826.0,833.0,844.0,2085.0,2762.0,2272.0,2483.0,2191.0,378.0,824.0,824.0,823.0
1.0,7303.0,2492.0,2472.0,4219.0,4608.0,2108.0,2500.0,0.0,825.0,824.0,823.0,828.0,831.0,833.0,1637.0,1929.0,3737.0,2108.0,2500.0,0.0,825.0,824.0,823.0
1.0,9030.0,2514.0,2473.0,5236.0,2888.0,908.0,1980.0,0.0,825.0,824.0,824.0,835.0,838.0,841.0,2017.0,1620.0,5393.0,908.0,1980.0,0.0,825.0,824.0,824.0
1.0,11752.0,2509.0,2474.0,5052.0,630.0,0.0,630.0,0.0,825.0,825.0,824.0,836.0,836.0,837.0,3217.0,2140.0,6395.0,0.0,630.0,0.0,825.0,825.0,824.0
1.0,14295.0,2521.0,2474.0,4608.0,0.0,0.0,0.0,0.0,825.0,825.0,824.0,841.0,843.0,837.0,4864.0,3495.0,5936.0,0.0,0.0,0.0,825.0,825.0,824.0
1.0,16382.0,2502.0,2474.0,2888.0,0.0,0.0,0.0,0.0,825.0,825.0,824.0,832.0,835.0,835.0,6131.0,5152.0,5099.0,0.0,0.0,0.0,825.0,825.0,824.0
1.0,16768.0,2515.0,2475.0,630.0,698.0,0.0,0.0,698.0,825.0,825.0,825.0,839.0,839.0,837.0,6207.0,6297.0,4264.0,0.0,0.0,698.0,825.0,825.0,825.0
1.0,14883.0,2505.0,2474.0,0.0,1524.0,0.0,0.0,1524.0,825.0,825.0,824.0,842.0,832.0,831.0,5368.0,6088.0,3427.0,0.0,0.0,1524.0,825.0,825.0,824.0
1.0,12378.0,2496.0,2476.0,0.0,2795.0,432.0,0.0,2363.0,825.0,826.0,825.0,833.0,829.0,834.0,4526.0,5256.0,2596.0,432.0,0.0,2363.0,825.0,826.0,825.0
1.0,9882.0,2500.0,2475.0,698.0,4295.0,1268.0,525.0,2502.0,825.0,825.0,825.0,836.0,827.0,837.0,3693.0,4427.0,1762.0,1268.0,525.0,2502.0,825.0,825.0,825.0
1.0,8080.0,2499.0,2477.0,1524.0,5280.0,2108.0,1355.0,1817.0,826.0,826.0,825.0,835.0,825.0,839.0,2857.0,3600.0,1623.0,2108.0,1355.0,1817.0,826.0,826.0,825.0
1.0,7105.0,2502.0,2478.0,2795.0,4992.0,2513.0,2186.0,293.0,826.0,826.0,826.0,837.0,831.0,834.0,2022.0,2775.0,2308.0,2513.0,2186.0,293.0,826.0,826.0,826.0
1.0,7398.0,2496.0,2478.0,4295.0,4563.0,2077.0,2486.0,0.0,826.0,826.0,826.0,832.0,825.0,839.0,1617.0,1944.0,3837.0,2077.0,2486.0,0.0,826.0,826.0,826.0
1.0,9197.0,2474.0,2479.0,5280.0,2752.0,803.0,1949.0,0.0,827.0,826.0,826.0,829.0,818.0,827.0,2053.0,1644.0,5500.0,803.0,1949.0,0.0,827.0,826.0,826.0
1.0,12003.0,2480.0,2479.0,4992.0,585.0,0.0,585.0,0.0,827.0,826.0,826.0,835.0,822.0,823.0,3332.0,2181.0,6490.0,0.0,585.0,0.0,827.0,826.0,826.0
1.0,14515.0,2470.0,2479.0,4563.0,0.0,0.0,0.0,0.0,827.0,826.0,826.0,828.0,821.0,821.0,5010.0,3545.0,5960.0,0.0,0.0,0.0,827.0,826.0,826.0
1.0,16608.0,2479.0,2480.0,2752.0,0.0,0.0,0.0,0.0,828.0,826.0,826.0,834.0,823.0,822.0,6259.0,5210.0,5139.0,0.0,0.0,0.0,828.0,826.0,826.0
1.0,16881.0,2460.0,2480.0,585.0,625.0,0.0,0.0,625.0,828.0,826.0,826.0,829.0,819.0,812.0,6228.0,6336.0,4317.0,0.0,0.0,625.0,828.0,826.0,826.0
1.0,15006.0,2482.0,2481.0,0.0,1446.0,0.0,0.0,1446.0,828.0,827.0,826.0,828.0,833.0,821.0,5399.0,6102.0,3505.0,0.0,0.0,1446.0,828.0,827.0,826.0
1.0,12524.0,2474.0,2481.0,0.0,2661.0,395.0,0.0,2266.0,828.0,827.0,826.0,826.0,828.0,820.0,4571.0,5269.0,2684.0,395.0,0.0,2266.0,828.0,827.0,826.0
1.0,10050.0,2471.0,2482.0,625.0,4206.0,1229.0,511.0,2466.0,829.0,827.0,826.0,829.0,817.0,825.0,3745.0,4441.0,1864.0,1229.0,511.0,2466.0,829.0,827.0,826.0
1.0,8204.0,2492.0,2483.0,1446.0,5257.0,2060.0,1344.0,1853.0,829.0,827.0,827.0,831.0,833.0,828.0,2916.0,3624.0,1664.0,2060.0,1344.0,1853.0,829.0,827.0,827.0
1.0,7158.0,2485.0,2483.0,2661.0,5081.0,2495.0,2175.0,411.0,829.0,827.0,827.0,830.0,831.0,824.0,2085.0,2791.0,2282.0,2495.0,2175.0,411.0,829.0,827.0,827.0
1.0,7334.0,2495.0,2484.0,4206.0,4602.0,2097.0,2505.0,0.0,829.0,828.0,827.0,831.0,836.0,828.0,1650.0,1960.0,3724.0,2097.0,2505.0,0.0,829.0,828.0,827.0
1.0,9045.0,2494.0,2485.0,5257.0,2863.0,871.0,1992.0,0.0,830.0,828.0,827.0,829.0,831.0,834.0,2048.0,1635.0,5362.0,871.0,1992.0,0.0,830.0,828.0,827.0
1.0,11808.0,2492.0,2485.0,5081.0,649.0,0.0,649.0,0.0,830.0,828.0,827.0,833.0,832.0,827.0,3279.0,2148.0,6381.0,0.0,649.0,0.0,830.0,828.0,827.0
1.0,14397.0,2517.0,2485.0,4602.0,0.0,0.0,0.0,0.0,830.0,828.0,827.0,843.0,840.0,834.0,4941.0,3491.0,5965.0,0.0,0.0,0.0,830.0,828.0,827.0
1.0,16482.0,2514.0,2487.0,2863.0,0.0,0.0,0.0,0.0,830.0,829.0,828.0,840.0,839.0,835.0,6195.0,5156.0,5131.0,0.0,0.0,0.0,830.0,829.0,828.0
1.0,16831.0,2529.0,2488.0,649.0,684.0,0.0,0.0,684.0,831.0,829.0,828.0,838.0,851.0,840.0,6226.0,6309.0,4296.0,0.0,0.0,684.0,831.0,829.0,828.0
1.0,14951.0,2525.0,2489.0,0.0,1523.0,0.0,0.0,1523.0,831.0,830.0,828.0,840.0,846.0,839.0,5388.0,6107.0,3456.0,0.0,0.0,1523.0,831.0,830.0,828.0
1.0,12426.0,2531.0,2489.0,0.0,2814.0,446.0,0.0,2368.0,831.0,830.0,828.0,839.0,847.0,845.0,4548.0,5261.0,2617.0,446.0,0.0,2368.0,831.0,830.0,828.0
1.0,9895.0,2532.0,2490.0,684.0,4403.0,1285.0,583.0,2535.0,831.0,830.0,829.0,839.0,847.0,846.0,3709.0,4414.0,1772.0,1285.0,583.0,2535.0,831.0,830.0,829.0
1.0,8047.0,2529.0,2490.0,1523.0,5409.0,2126.0,1430.0,1853.0,831.0,830.0,829.0,841.0,847.0,841.0,2870.0,3567.0,1610.0,2126.0,1430.0,1853.0,831.0,830.0,829.0
1.0,7041.0,2529.0,2491.0,2814.0,5129.0,2521.0,2278.0,330.0,831.0,831.0,829.0,841.0,843.0,845.0,2029.0,2720.0,2292.0,2521.0,2278.0,330.0,831.0,831.0,829.0
1.0,7326.0,2517.0,2491.0,4403.0,4610.0,2078.0,2532.0,0.0,831.0,831.0,829.0,842.0,837.0,838.0,1634.0,1877.0,3815.0,2078.0,2532.0,0.0,831.0,831.0,829.0
1.0,9212.0,2528.0,2492.0,5409.0,2734.0,794.0,1940.0,0.0,831.0,831.0,830.0,842.0,838.0,848.0,2077.0,1623.0,5512.0,794.0,1940.0,0.0,831.0,831.0,830.0
1.0,12093.0,2523.0,2493.0,5129.0,499.0,0.0,499.0,0.0,832.0,831.0,830.0,844.0,837.0,842.0,3361.0,2215.0,6517.0,0.0,499.0,0.0,832.0,831.0,830.0
1.0,14699.0,2512.0,2494.0,4610.0,0.0,0.0,0.0,0.0,832.0,831.0,831.0,838.0,832.0,842.0,5038.0,3656.0,6005.0,0.0,0.0,0.0,832.0,831.0,831.0
1.0,16797.0,2505.0,2494.0,2734.0,0.0,0.0,0.0,0.0,832.0,831.0,831.0,839.0,825.0,841.0,6278.0,5356.0,5163.0,0.0,0.0,0.0,832.0,831.0,831.0
1.0,17026.0,2500.0,2495.0,499.0,675.0,0.0,0.0,675.0,832.0,831.0,832.0,835.0,828.0,837.0,6233.0,6471.0,4322.0,0.0,0.0,675.0,832.0,831.0,832.0
1.0,15025.0,2494.0,2496.0,0.0,1506.0,0.0,0.0,1506.0,832.0,832.0,832.0,832.0,831.0,831.0,5398.0,6142.0,3485.0,0.0,0.0,1506.0,832.0,832.0,832.0
1.0,12531.0,2501.0,2497.0,0.0,2778.0,432.0,0.0,2346.0,833.0,832.0,832.0,833.0,828.0,840.0,4566.0,5311.0,2654.0,432.0,0.0,2346.0,833.0,832.0,832.0
1.0,10030.0,2491.0,2498.0,675.0,4276.0,1265.0,503.0,2508.0,833.0,832.0,833.0,833.0,826.0,832.0,3733.0,4483.0,1814.0,1265.0,503.0,2508.0,833.0,832.0,833.0
1.0,8214.0,2496.0,2498.0,1506.0,5266.0,2100.0,1333.0,1833.0,833.0,832.0,833.0,835.0,830.0,831.0,2900.0,3657.0,1657.0,2100.0,1333.0,1833.0,833.0,832.0,833.0
1.0,7224.0,2492.0,2498.0,2778.0,4980.0,2497.0,2161.0,322.0,833.0,832.0,833.0,829.0,828.0,835.0,2065.0,2827.0,2332.0,2497.0,2161.0,322.0,833.0,832.0,833.0
1.0,7510.0,2496.0,2498.0,4276.0,4549.0,2069.0,2480.0,0.0,833.0,832.0,833.0,837.0,822.0,837.0,1668.0,1999.0,3843.0,2069.0,2480.0,0.0,833.0,832.0,833.0
1.0,9290.0,2496.0,2500.0,5266.0,2780.0,807.0,1973.0,0.0,834.0,832.0,834.0,833.0,826.0,837.0,2096.0,1680.0,5514.0,807.0,1973.0,0.0,834.0,832.0,834.0
1.0,12060.0,2508.0,2500.0,4980.0,645.0,0.0,645.0,0.0,834.0,832.0,834.0,835.0,833.0,840.0,3363.0,2187.0,6510.0,0.0,645.0,0.0,834.0,832.0,834.0
1.0,14532.0,2503.0,2500.0,4549.0,0.0,0.0,0.0,0.0,834.0,832.0,834.0,833.0,831.0,839.0,5025.0,3515.0,5992.0,0.0,0.0,0.0,834.0,832.0,834.0
1.0,16578.0,2508.0,2501.0,2780.0,0.0,0.0,0.0,0.0,835.0,832.0,834.0,835.0,834.0,839.0,6261.0,5164.0,5153.0,0.0,0.0,0.0,835.0,832.0,834.0
1.0,16850.0,2505.0,2501.0,645.0,696.0,0.0,0.0,696.0,835.0,832.0,834.0,832.0,833.0,840.0,6233.0,6303.0,4314.0,0.0,0.0,696.0,835.0,832.0,834.0
1.0,14990.0,2514.0,2502.0,0.0,1534.0,0.0,0.0,1534.0,835.0,832.0,835.0,838.0,843.0,833.0,5401.0,6115.0,3474.0,0.0,0.0,1534.0,835.0,832.0,835.0
1.0,12476.0,2527.0,2503.0,0.0,2826.0,450.0,0.0,2376.0,835.0,833.0,835.0,838.0,847.0,842.0,4563.0,5272.0,2641.0,450.0,0.0,2376.0,835.0,833.0,835.0
1.0,9949.0,2528.0,2503.0,696.0,4398.0,1291.0,581.0,2526.0,835.0,833.0,835.0,841.0,841.0,846.0,3725.0,4425.0,1799.0,1291.0,581.0,2526.0,835.0,833.0,835.0
1.0,8117.0,2537.0,2503.0,1534.0,5401.0,2134.0,1433.0,1834.0,835.0,833.0,835.0,843.0,852.0,842.0,2884.0,3584.0,1649.0,2134.0,1433.0,1834.0,835.0,833.0,835.0
1.0,7114.0,2543.0,2505.0,2826.0,5128.0,2539.0,2290.0,299.0,836.0,834.0,835.0,850.0,852.0,841.0,2041.0,2732.0,2341.0,2539.0,2290.0,299.0,836.0,834.0,835.0
1.0,7397.0,2540.0,2505.0,4398.0,4654.0,2094.0,2560.0,0.0,836.0,834.0,835.0,846.0,851.0,843.0,1641.0,1880.0,3876.0,2094.0,2560.0,0.0,836.0,834.0,835.0
1.0,9255.0,2533.0,2505.0,5401.0,2771.0,801.0,1970.0,0.0,836.0,834.0,835.0,841.0,843.0,849.0,2086.0,1610.0,5559.0,801.0,1970.0,0.0,836.0,834.0,835.0
1.0,12123.0,2532.0,2505.0,5128.0,534.0,0.0,534.0,0.0,836.0,834.0,835.0,843.0,854.0,835.0,3379.0,2200.0,6544.0,0.0,534.0,0.0,836.0,834.0,835.0
1.0,14719.0,2541.0,2506.0,4654.0,0.0,0.0,0.0,0.0,836.0,835.0,835.0,842.0,854.0,845.0,5075.0,3636.0,6008.0,0.0,0.0,0.0,836.0,835.0,835.0
1.0,16832.0,2545.0,2507.0,2771.0,0.0,0.0,0.0,0.0,836.0,835.0,836.0,852.0,849.0,844.0,6327.0,5342.0,5163.0,0.0,0.0,0.0,836.0,835.0,836.0
1.0,17058.0,2531.0,2508.0,534.0,698.0,0.0,0.0,698.0,836.0,836.0,836.0,838.0,856.0,837.0,6276.0,6463.0,4319.0,0.0,0.0,698.0,836.0,836.0,836.0
1.0,15061.0,2528.0,2509.0,0.0,1535.0,0.0,0.0,1535.0,837.0,836.0,836.0,844.0,847.0,837.0,5438.0,6141.0,3482.0,0.0,0.0,1535.0,837.0,836.0,836.0
1.0,12533.0,2523.0,2509.0,0.0,2798.0,427.0,0.0,2371.0,837.0,836.0,836.0,836.0,851.0,836.0,4594.0,5294.0,2645.0,427.0,0.0,2371.0,837.0,836.0,836.0
1.0,10010.0,2515.0,2510.0,698.0,4357.0,1259.0,588.0,2510.0,837.0,837.0,836.0,832.0,846.0,837.0,3758.0,4443.0,1809.0,1259.0,588.0,2510.0,837.0,837.0,836.0
1.0,8193.0,2526.0,2510.0,1535.0,5348.0,2101.0,1433.0,1814.0,837.0,837.0,836.0,842.0,845.0,839.0,2926.0,3597.0,1670.0,2101.0,1433.0,1814.0,837.0,837.0,836.0
1.0,7202.0,2508.0,2510.0,2798.0,5058.0,2510.0,2267.0,281.0,837.0,837.0,836.0,836.0,834.0,838.0,2084.0,2752.0,2366.0,2510.0,2267.0,281.0,837.0,837.0,836.0
1.0,7492.0,2504.0,2511.0,4357.0,4610.0,2086.0,2524.0,0.0,837.0,838.0,836.0,835.0,840.0,829.0,1675.0,1918.0,3899.0,2086.0,2524.0,0.0,837.0,838.0,836.0
1.0,9345.0,2506.0,2512.0,5348.0,2747.0,823.0,1924.0,0.0,837.0,838.0,837.0,838.0,833.0,835.0,2099.0,1666.0,5580.0,823.0,1924.0,0.0,837.0,838.0,837.0
1.0,12187.0,2505.0,2512.0,5058.0,488.0,0.0,488.0,0.0,837.0,838.0,837.0,838.0,831.0,836.0,3362.0,2266.0,6559.0,0.0,488.0,0.0,837.0,838.0,837.0
1.0,14740.0,2498.0,2512.0,4610.0,0.0,0.0,0.0,0.0,837.0,838.0,837.0,837.0,825.0,836.0,5034.0,3702.0,6004.0,0.0,0.0,0.0,837.0,838.0,837.0
1.0,16852.0,2513.0,2514.0,2747.0,0.0,0.0,0.0,0.0,838.0,838.0,838.0,838.0,836.0,839.0,6283.0,5401.0,5168.0,0.0,0.0,0.0,838.0,838.0,838.0
1.0,17086.0,2494.0,2514.0,488.0,694.0,0.0,0.0,694.0,838.0,838.0,838.0,834.0,827.0,833.0,6268.0,6489.0,4329.0,0.0,0.0,694.0,838.0,838.0,838.0
1.0,15080.0,2512.0,2515.0,0.0,1529.0,0.0,0.0,1529.0,838.0,839.0,838.0,839.0,838.0,835.0,5434.0,6150.0,3496.0,0.0,0.0,1529.0,838.0,839.0,838.0
1.0,12568.0,2528.0,2515.0,0.0,2809.0,437.0,0.0,2372.0,838.0,839.0,838.0,842.0,843.0,843.0,4595.0,5312.0,2661.0,437.0,0.0,2372.0,838.0,839.0,838.0
1.0,10040.0,2528.0,2516.0,694.0,4374.0,1281.0,560.0,2533.0,838.0,839.0,839.0,844.0,834.0,850.0,3753.0,4469.0,1818.0,1281.0,560.0,2533.0,838.0,839.0,839.0
1.0,8206.0,2525.0,2517.0,1529.0,5375.0,2124.0,1407.0,1844.0,839.0,839.0,839.0,838.0,847.0,840.0,2909.0,3635.0,1662.0,2124.0,1407.0,1844.0,839.0,839.0,839.0
1.0,7210.0,2539.0,2517.0,2809.0,5105.0,2534.0,2253.0,318.0,839.0,839.0,839.0,847.0,846.0,846.0,2071.0,2788.0,2351.0,2534.0,2253.0,318.0,839.0,839.0,839.0
1.0,7480.0,2533.0,2518.0,4374.0,4630.0,2098.0,2532.0,0.0,839.0,839.0,840.0,845.0,839.0,849.0,1661.0,1942.0,3877.0,2098.0,2532.0,0.0,839.0,839.0,840.0
1.0,9321.0,2524.0,2518.0,5375.0,2779.0,814.0,1965.0,0.0,839.0,839.0,840.0,840.0,840.0,844.0,2097.0,1663.0,5561.0,814.0,1965.0,0.0,839.0,839.0,840.0
1.0,12172.0,2547.0,2518.0,5105.0,561.0,0.0,561.0,0.0,839.0,839.0,840.0,845.0,849.0,853.0,3381.0,2230.0,6561.0,0.0,561.0,0.0,839.0,839.0,840.0
1.0,14730.0,2552.0,2518.0,4630.0,0.0,0.0,0.0,0.0,839.0,839.0,840.0,849.0,845.0,858.0,5070.0,3634.0,6026.0,0.0,0.0,0.0,839.0,839.0,840.0
1.0,16808.0,2562.0,2519.0,2779.0,0.0,0.0,0.0,0.0,839.0,839.0,841.0,846.0,853.0,863.0,6319.0,5321.0,5168.0,0.0,0.0,0.0,839.0,839.0,841.0
1.0,17025.0,2556.0,2519.0,561.0,759.0,0.0,0.0,759.0,839.0,839.0,841.0,845.0,852.0,859.0,6287.0,6433.0,4305.0,0.0,0.0,759.0,839.0,839.0,841.0
1.0,15030.0,2553.0,2520.0,0.0,1619.0,0.0,0.0,1619.0,840.0,839.0,841.0,845.0,848.0,860.0,5442.0,6142.0,3446.0,0.0,0.0,1619.0,840.0,839.0,841.0
1.0,12477.0,2556.0,2521.0,0.0,2928.0,454.0,0.0,2474.0,840.0,840.0,841.0,851.0,850.0,855.0,4597.0,5294.0,2586.0,454.0,0.0,2474.0,840.0,840.0,841.0
1.0,9921.0,2542.0,2522.0,759.0,4472.0,1300.0,605.0,2567.0,840.0,840.0,842.0,846.0,849.0,847.0,3746.0,4444.0,1731.0,1300.0,605.0,2567.0,840.0,840.0,842.0
1.0,8138.0,2544.0,2522.0,1619.0,5397.0,2143.0,1457.0,1797.0,840.0,840.0,842.0,843.0,852.0,849.0,2900.0,3595.0,1643.0,2143.0,1457.0,1797.0,840.0,840.0,842.0
1.0,7213.0,2556.0,2522.0,2928.0,5025.0,2538.0,2312.0,175.0,840.0,840.0,842.0,849.0,855.0,852.0,2057.0,2743.0,2413.0,2538.0,2312.0,175.0,840.0,840.0,842.0
1.0,7585.0,2529.0,2523.0,4472.0,4636.0,2080.0,2556.0,0.0,840.0,841.0,842.0,842.0,844.0,843.0,1662.0,1888.0,4035.0,2080.0,2556.0,0.0,840.0,841.0,842.0
1.0,9528.0,2539.0,2523.0,5397.0,2725.0,784.0,1941.0,0.0,840.0,841.0,842.0,847.0,842.0,850.0,2120.0,1649.0,5759.0,784.0,1941.0,0.0,840.0,841.0,842.0
1.0,12386.0,2535.0,2523.0,5025.0,476.0,0.0,476.0,0.0,840.0,841.0,842.0,843.0,847.0,845.0,3416.0,2264.0,6706.0,0.0,476.0,0.0,840.0,841.0,842.0
1.0,14876.0,2527.0,2525.0,4636.0,0.0,0.0,0.0,0.0,841.0,842.0,842.0,846.0,843.0,838.0,5111.0,3729.0,6036.0,0.0,0.0,0.0,841.0,842.0,842.0
1.0,16985.0,2520.0,2525.0,2725.0,0.0,0.0,0.0,0.0,841.0,842.0,842.0,844.0,837.0,839.0,6345.0,5442.0,5198.0,0.0,0.0,0.0,841.0,842.0,842.0
1.0,17190.0,2529.0,2525.0,476.0,690.0,0.0,0.0,690.0,841.0,842.0,842.0,845.0,845.0,839.0,6285.0,6546.0,4359.0,0.0,0.0,690.0,841.0,842.0,842.0
1.0,15137.0,2523.0,2526.0,0.0,1530.0,0.0,0.0,1530.0,841.0,842.0,843.0,847.0,841.0,835.0,5440.0,6177.0,3520.0,0.0,0.0,1530.0,841.0,842.0,843.0
1.0,12614.0,2528.0,2528.0,0.0,2835.0,469.0,0.0,2366.0,842.0,843.0,843.0,852.0,840.0,836.0,4593.0,5336.0,2685.0,469.0,0.0,2366.0,842.0,843.0,843.0
1.0,10086.0,2518.0,2527.0,690.0,4377.0,1314.0,558.0,2505.0,842.0,843.0,842.0,845.0,839.0,834.0,3741.0,4496.0,1849.0,1314.0,558.0,2505.0,842.0,843.0,842.0
1.0,8258.0,2522.0,2527.0,1530.0,5369.0,2160.0,1404.0,1805.0,842.0,843.0,842.0,846.0,846.0,830.0,2896.0,3657.0,1705.0,2160.0,1404.0,1805.0,842.0,843.0,842.0
1.0,7266.0,2525.0,2527.0,2835.0,5059.0,2536.0,2246.0,277.0,842.0,843.0,842.0,845.0,842.0,838.0,2050.0,2811.0,2405.0,2536.0,2246.0,277.0,842.0,843.0,842.0
1.0,7576.0,2544.0,2529.0,4377.0,4619.0,2082.0,2537.0,0.0,843.0,844.0,842.0,855.0,844.0,845.0,1674.0,1969.0,3933.0,2082.0,2537.0,0.0,843.0,844.0,842.0
1.0,9409.0,2550.0,2530.0,5369.0,2754.0,773.0,1981.0,0.0,843.0,844.0,843.0,851.0,848.0,851.0,2133.0,1683.0,5593.0,773.0,1981.0,0.0,843.0,844.0,843.0
1.0,12228.0,2548.0,2530.0,5059.0,591.0,0.0,591.0,0.0,843.0,844.0,843.0,851.0,856.0,841.0,3442.0,2239.0,6547.0,0.0,591.0,0.0,843.0,844.0,843.0
1.0,14739.0,2549.0,2532.0,4619.0,0.0,0.0,0.0,0.0,844.0,845.0,843.0,845.0,853.0,851.0,5127.0,3629.0,5983.0,0.0,0.0,0.0,844.0,845.0,843.0
1.0,16809.0,2559.0,2532.0,2754.0,0.0,0.0,0.0,0.0,844.0,845.0,843.0,860.0,852.0,847.0,6364.0,5313.0,5132.0,0.0,0.0,0.0,844.0,845.0,843.0
1.0,17004.0,2565.0,2532.0,591.0,781.0,0.0,0.0,781.0,844.0,845.0,843.0,857.0,857.0,851.0,6277.0,6442.0,4285.0,0.0,0.0,781.0,844.0,845.0,843.0
1.0,15030.0,2574.0,2533.0,0.0,1646.0,0.0,0.0,1646.0,844.0,845.0,844.0,853.0,861.0,860.0,5420.0,6176.0,3434.0,0.0,0.0,1646.0,844.0,845.0,844.0
1.0,12456.0,2566.0,2534.0,0.0,3020.0,517.0,0.0,2503.0,845.0,845.0,844.0,859.0,850.0,857.0,4567.0,5315.0,2574.0,517.0,0.0,2503.0,845.0,845.0,844.0
1.0,9890.0,2567.0,2534.0,781.0,4566.0,1371.0,616.0,2579.0,845.0,845.0,844.0,854.0,856.0,857.0,3708.0,4465.0,1717.0,1371.0,616.0,2579.0,845.0,845.0,844.0
1.0,8104.0,2564.0,2535.0,1646.0,5489.0,2222.0,1480.0,1787.0,845.0,846.0,844.0,851.0,859.0,854.0,2854.0,3609.0,1641.0,2222.0,1480.0,1787.0,845.0,846.0,844.0
1.0,7186.0,2555.0,2535.0,3020.0,5024.0,2558.0,2321.0,145.0,845.0,845.0,845.0,853.0,846.0,856.0,2003.0,2750.0,2433.0,2558.0,2321.0,145.0,845.0,845.0,845.0
1.0,7651.0,2571.0,2535.0,4566.0,4605.0,2045.0,2560.0,0.0,845.0,845.0,845.0,858.0,855.0,858.0,1667.0,1904.0,4080.0,2045.0,2560.0,0.0,845.0,845.0,845.0
1.0,9646.0,2557.0,2536.0,5489.0,2611.0,673.0,1938.0,0.0,845.0,846.0,845.0,850.0,853.0,854.0,2180.0,1665.0,5801.0,673.0,1938.0,0.0,845.0,846.0,845.0
1.0,12578.0,2567.0,2537.0,5024.0,465.0,0.0,465.0,0.0,846.0,845.0,846.0,855.0,853.0,859.0,3552.0,2292.0,6734.0,0.0,465.0,0.0,846.0,845.0,846.0
1.0,15035.0,2547.0,2537.0,4605.0,0.0,0.0,0.0,0.0,846.0,845.0,846.0,854.0,843.0,850.0,5255.0,3760.0,6020.0,0.0,0.0,0.0,846.0,845.0,846.0
1.0,17093.0,2547.0,2537.0,2611.0,0.0,0.0,0.0,0.0,846.0,845.0,846.0,849.0,843.0,855.0,6446.0,5477.0,5170.0,0.0,0.0,0.0,846.0,845.0,846.0
1.0,17157.0,2536.0,2537.0,465.0,759.0,0.0,0.0,759.0,846.0,845.0,846.0,845.0,847.0,844.0,6270.0,6572.0,4315.0,0.0,0.0,759.0,846.0,845.0,846.0
1.0,15086.0,2534.0,2538.0,0.0,1611.0,0.0,0.0,1611.0,847.0,845.0,846.0,849.0,833.0,852.0,5425.0,6190.0,3471.0,0.0,0.0,1611.0,847.0,845.0,846.0
1.0,12552.0,2545.0,2539.0,0.0,2972.0,507.0,0.0,2465.0,847.0,845.0,847.0,848.0,848.0,849.0,4576.0,5357.0,2619.0,507.0,0.0,2465.0,847.0,845.0,847.0
1.0,10007.0,2547.0,2539.0,759.0,4476.0,1358.0,563.0,2555.0,847.0,845.0,847.0,851.0,847.0,849.0,3728.0,4509.0,1770.0,1358.0,563.0,2555.0,847.0,845.0,847.0
1.0,8219.0,2535.0,2540.0,1611.0,5405.0,2205.0,1409.0,1791.0,847.0,846.0,847.0,847.0,841.0,847.0,2877.0,3662.0,1680.0,2205.0,1409.0,1791.0,847.0,846.0,847.0
1.0,7295.0,2548.0,2541.0,2972.0,4986.0,2545.0,2260.0,181.0,847.0,846.0,848.0,847.0,851.0,850.0,2030.0,2821.0,2444.0,2545.0,2260.0,181.0,847.0,846.0,848.0
1.0,7719.0,2542.0,2542.0,4476.0,4584.0,2042.0,2542.0,0.0,848.0,846.0,848.0,850.0,845.0,847.0,1690.0,1970.0,4059.0,2042.0,2542.0,0.0,848.0,846.0,848.0
1.0,9653.0,2536.0,2542.0,5405.0,2664.0,687.0,1977.0,0.0,848.0,846.0,848.0,850.0,844.0,842.0,2198.0,1688.0,5767.0,687.0,1977.0,0.0,848.0,846.0,848.0
1.0,12522.0,2539.0,2543.0,4986.0,562.0,0.0,562.0,0.0,848.0,847.0,848.0,847.0,840.0,852.0,3553.0,2253.0,6716.0,0.0,562.0,0.0,848.0,847.0,848.0
1.0,14969.0,2557.0,2544.0,4584.0,0.0,0.0,0.0,0.0,848.0,847.0,849.0,853.0,853.0,851.0,5251.0,3673.0,6045.0,0.0,0.0,0.0,848.0,847.0,849.0
1.0,16996.0,2556.0,2545.0,2664.0,0.0,0.0,0.0,0.0,849.0,847.0,849.0,854.0,846.0,856.0,6440.0,5362.0,5194.0,0.0,0.0,0.0,849.0,847.0,849.0
1.0,17104.0,2561.0,2545.0,562.0,761.0,0.0,0.0,761.0,849.0,847.0,849.0,853.0,854.0,854.0,6273.0,6493.0,4338.0,0.0,0.0,761.0,849.0,847.0,849.0
1.0,15105.0,2568.0,2546.0,0.0,1615.0,0.0,0.0,1615.0,849.0,848.0,849.0,858.0,856.0,854.0,5420.0,6201.0,3484.0,0.0,0.0,1615.0,849.0,848.0,849.0
1.0,12537.0,2580.0,2547.0,0.0,3015.0,551.0,0.0,2464.0,850.0,848.0,849.0,863.0,868.0,849.0,4562.0,5345.0,2630.0,551.0,0.0,2464.0,850.0,848.0,849.0
1.0,9957.0,2572.0,2547.0,761.0,4589.0,1411.0,624.0,2554.0,850.0,848.0,849.0,860.0,861.0,851.0,3699.0,4477.0,1781.0,1411.0,624.0,2554.0,850.0,848.0,849.0
1.0,8146.0,2592.0,2549.0,1615.0,5576.0,2271.0,1493.0,1812.0,850.0,849.0,850.0,860.0,864.0,868.0,2839.0,3616.0,1691.0,2271.0,1493.0,1812.0,850.0,849.0,850.0
1.0,7169.0,2590.0,2550.0,3015.0,5156.0,2589.0,2364.0,203.0,851.0,849.0,850.0,864.0,871.0,855.0,1979.0,2752.0,2438.0,2589.0,2364.0,203.0,851.0,849.0,850.0
1.0,7594.0,2596.0,2551.0,4589.0,4655.0,2045.0,2610.0,0.0,851.0,850.0,850.0,867.0,865.0,864.0,1666.0,1881.0,4047.0,2045.0,2610.0,0.0,851.0,850.0,850.0
1.0,9587.0,2581.0,2551.0,5576.0,2615.0,634.0,1981.0,0.0,851.0,850.0,850.0,860.0,864.0,857.0,2210.0,1640.0,5737.0,634.0,1981.0,0.0,851.0,850.0,850.0
1.0,12582.0,2579.0,2551.0,5156.0,480.0,0.0,480.0,0.0,851.0,850.0,850.0,859.0,863.0,857.0,3621.0,2269.0,6692.0,0.0,480.0,0.0,851.0,850.0,850.0
1.0,15159.0,2583.0,2552.0,4655.0,0.0,0.0,0.0,0.0,852.0,850.0,850.0,863.0,856.0,864.0,5351.0,3770.0,6038.0,0.0,0.0,0.0,852.0,850.0,850.0
1.0,17231.0,2569.0,2553.0,2615.0,0.0,0.0,0.0,0.0,852.0,851.0,850.0,852.0,860.0,857.0,6533.0,5524.0,5174.0,0.0,0.0,0.0,852.0,851.0,850.0
1.0,17277.0,2576.0,2553.0,480.0,787.0,0.0,0.0,787.0,852.0,851.0,850.0,857.0,865.0,854.0,6315.0,6645.0,4317.0,0.0,0.0,787.0,852.0,851.0,850.0
1.0,15181.0,2569.0,2553.0,0.0,1644.0,0.0,0.0,1644.0,852.0,851.0,850.0,851.0,861.0,857.0,5458.0,6260.0,3463.0,0.0,0.0,1644.0,852.0,851.0,850.0
1.0,12612.0,2564.0,2553.0,0.0,3007.0,504.0,0.0,2503.0,852.0,851.0,850.0,851.0,854.0,859.0,4607.0,5399.0,2606.0,504.0,0.0,2503.0,852.0,851.0,850.0
1.0,10048.0,2559.0,2553.0,787.0,4489.0,1359.0,563.0,2567.0,852.0,851.0,850.0,855.0,853.0,851.0,3756.0,4545.0,1747.0,1359.0,563.0,2567.0,852.0,851.0,850.0
1.0,8276.0,2541.0,2553.0,1644.0,5386.0,2204.0,1409.0,1773.0,852.0,851.0,850.0,845.0,846.0,850.0,2901.0,3692.0,1683.0,2204.0,1409.0,1773.0,852.0,851.0,850.0
1.0,7379.0,2547.0,2553.0,3007.0,4926.0,2545.0,2264.0,117.0,852.0,851.0,850.0,845.0,855.0,847.0,2056.0,2846.0,2477.0,2545.0,2264.0,117.0,852.0,851.0,850.0
1.0,7839.0,2549.0,2556.0,4489.0,4596.0,2042.0,2554.0,0.0,853.0,852.0,851.0,851.0,848.0,850.0,1715.0,1991.0,4133.0,2042.0,2554.0,0.0,853.0,852.0,851.0
1.0,9779.0,2562.0,2556.0,5386.0,2687.0,691.0,1996.0,0.0,853.0,852.0,851.0,853.0,851.0,858.0,2223.0,1706.0,5850.0,691.0,1996.0,0.0,853.0,852.0,851.0
1.0,12603.0,2549.0,2556.0,4926.0,585.0,0.0,585.0,0.0,853.0,852.0,851.0,845.0,853.0,851.0,3574.0,2264.0,6765.0,0.0,585.0,0.0,853.0,852.0,851.0
1.0,14980.0,2552.0,2556.0,4596.0,0.0,0.0,0.0,0.0,853.0,852.0,851.0,852.0,853.0,847.0,5274.0,3675.0,6031.0,0.0,0.0,0.0,853.0,852.0,851.0
1.0,17024.0,2552.0,2557.0,2687.0,0.0,0.0,0.0,0.0,853.0,852.0,852.0,847.0,854.0,851.0,6464.0,5376.0,5184.0,0.0,0.0,0.0,853.0,852.0,852.0
1.0,17159.0,2555.0,2558.0,585.0,779.0,0.0,0.0,779.0,853.0,853.0,852.0,854.0,849.0,852.0,6308.0,6518.0,4333.0,0.0,0.0,779.0,853.0,853.0,852.0
1.0,15189.0,2556.0,2559.0,0.0,1638.0,0.0,0.0,1638.0,853.0,853.0,853.0,858.0,844.0,854.0,5454.0,6254.0,3481.0,0.0,0.0,1638.0,853.0,853.0,853.0
1.0,12633.0,2563.0,2559.0,0.0,3017.0,524.0,0.0,2493.0,853.0,853.0,853.0,855.0,853.0,855.0,4596.0,5410.0,2627.0,524.0,0.0,2493.0,853.0,853.0,853.0
1.0,10070.0,2570.0,2559.0,779.0,4516.0,1380.0,567.0,2569.0,853.0,853.0,853.0,856.0,859.0,855.0,3741.0,4557.0,1772.0,1380.0,567.0,2569.0,853.0,853.0,853.0
1.0,8279.0,2567.0,2560.0,1638.0,5450.0,2245.0,1417.0,1788.0,854.0,853.0,853.0,860.0,850.0,857.0,2885.0,3698.0,1696.0,2245.0,1417.0,1788.0,854.0,853.0,853.0
1.0,7350.0,2588.0,2561.0,3017.0,5026.0,2582.0,2276.0,168.0,854.0,853.0,854.0,861.0,859.0,868.0,2025.0,2848.0,2477.0,2582.0,2276.0,168.0,854.0,853.0,854.0
1.0,7779.0,2591.0,2561.0,4516.0,4639.0,2070.0,2569.0,0.0,854.0,853.0,854.0,868.0,860.0,863.0,1688.0,1989.0,4102.0,2070.0,2569.0,0.0,854.0,853.0,854.0
1.0,9704.0,2596.0,2562.0,5450.0,2707.0,685.0,2022.0,0.0,854.0,854.0,854.0,860.0,865.0,871.0,2200.0,1696.0,5808.0,685.0,2022.0,0.0,854.0,854.0,854.0
1.0,12558.0,2614.0,2563.0,5026.0,613.0,0.0,613.0,0.0,854.0,854.0,855.0,870.0,867.0,877.0,3585.0,2248.0,6725.0,0.0,613.0,0.0,854.0,854.0,855.0
1.0,14970.0,2599.0,2564.0,4639.0,0.0,0.0,0.0,0.0,855.0,854.0,855.0,869.0,865.0,865.0,5297.0,3657.0,6016.0,0.0,0.0,0.0,855.0,854.0,855.0
1.0,17010.0,2614.0,2564.0,2707.0,0.0,0.0,0.0,0.0,855.0,854.0,855.0,872.0,875.0,867.0,6498.0,5361.0,5151.0,0.0,0.0,0.0,855.0,854.0,855.0
1.0,17103.0,2615.0,2566.0,613.0,870.0,0.0,0.0,870.0,855.0,855.0,856.0,868.0,873.0,874.0,6311.0,6508.0,4284.0,0.0,0.0,870.0,855.0,855.0,856.0
1.0,15101.0,2605.0,2567.0,0.0,1738.0,0.0,0.0,1738.0,856.0,855.0,856.0,868.0,869.0,868.0,5443.0,6248.0,3410.0,0.0,0.0,1738.0,856.0,855.0,856.0
1.0,12496.0,2604.0,2567.0,0.0,3181.0,574.0,0.0,2607.0,856.0,855.0,856.0,869.0,866.0,869.0,4575.0,5379.0,2542.0,574.0,0.0,2607.0,856.0,855.0,856.0
1.0,9892.0,2607.0,2568.0,870.0,4685.0,1440.0,637.0,2608.0,856.0,856.0,856.0,866.0,870.0,871.0,3706.0,4513.0,1673.0,1440.0,637.0,2608.0,856.0,856.0,856.0
1.0,8155.0,2597.0,2569.0,1738.0,5549.0,2303.0,1502.0,1744.0,856.0,856.0,857.0,863.0,865.0,869.0,2840.0,3643.0,1672.0,2303.0,1502.0,1744.0,856.0,856.0,857.0
1.0,7296.0,2602.0,2569.0,3181.0,4970.0,2592.0,2372.0,6.0,856.0,856.0,857.0,863.0,870.0,869.0,1977.0,2778.0,2541.0,2592.0,2372.0,6.0,856.0,856.0,857.0
1.0,7875.0,2583.0,2570.0,4685.0,4617.0,2020.0,2597.0,0.0,857.0,856.0,857.0,863.0,862.0,858.0,1688.0,1908.0,4279.0,2020.0,2597.0,0.0,857.0,856.0,857.0
1.0,9977.0,2578.0,2571.0,5549.0,2538.0,577.0,1961.0,0.0,857.0,857.0,857.0,860.0,861.0,857.0,2265.0,1683.0,6029.0,577.0,1961.0,0.0,857.0,857.0,857.0
1.0,12948.0,2576.0,2571.0,4970.0,453.0,0.0,453.0,0.0,857.0,857.0,857.0,849.0,864.0,863.0,3708.0,2324.0,6916.0,0.0,453.0,0.0,857.0,857.0,857.0
1.0,15342.0,2589.0,2573.0,4617.0,0.0,0.0,0.0,0.0,857.0,858.0,858.0,861.0,863.0,865.0,5451.0,3832.0,6059.0,0.0,0.0,0.0,857.0,858.0,858.0
1.0,17370.0,2572.0,2573.0,2538.0,0.0,0.0,0.0,0.0,857.0,858.0,858.0,853.0,861.0,858.0,6610.0,5566.0,5194.0,0.0,0.0,0.0,857.0,858.0,858.0
1.0,17336.0,2559.0,2573.0,453.0,801.0,0.0,0.0,801.0,857.0,858.0,858.0,850.0,862.0,847.0,6334.0,6666.0,4336.0,0.0,0.0,801.0,857.0,858.0,858.0
1.0,15230.0,2563.0,2573.0,0.0,1660.0,0.0,0.0,1660.0,857.0,858.0,858.0,850.0,854.0,859.0,5484.0,6257.0,3489.0,0.0,0.0,1660.0,857.0,858.0,858.0
1.0,12667.0,2558.0,2574.0,0.0,3013.0,503.0,0.0,2510.0,857.0,859.0,858.0,852.0,856.0,850.0,4634.0,5403.0,2630.0,503.0,0.0,2510.0,857.0,859.0,858.0
1.0,10109.0,2570.0,2575.0,801.0,4535.0,1366.0,607.0,2562.0,858.0,859.0,858.0,858.0,859.0,853.0,3782.0,4547.0,1780.0,1366.0,607.0,2562.0,858.0,859.0,858.0
1.0,8340.0,2563.0,2575.0,1660.0,5438.0,2228.0,1465.0,1745.0,858.0,859.0,858.0,862.0,858.0,843.0,2924.0,3688.0,1728.0,2228.0,1465.0,1745.0,858.0,859.0,858.0
1.0,7437.0,2562.0,2575.0,3013.0,4987.0,2584.0,2318.0,85.0,858.0,859.0,858.0,859.0,853.0,850.0,2062.0,2830.0,2545.0,2584.0,2318.0,85.0,858.0,859.0,858.0
1.0,7888.0,2569.0,2575.0,4535.0,4650.0,2081.0,2569.0,0.0,858.0,859.0,858.0,863.0,858.0,848.0,1706.0,1977.0,4205.0,2081.0,2569.0,0.0,858.0,859.0,858.0
1.0,9854.0,2587.0,2576.0,5438.0,2693.0,717.0,1976.0,0.0,858.0,860.0,858.0,864.0,867.0,856.0,2209.0,1726.0,5919.0,717.0,1976.0,0.0,858.0,860.0,858.0
1.0,12705.0,2598.0,2577.0,4987.0,518.0,0.0,518.0,0.0,859.0,860.0,858.0,875.0,860.0,863.0,3573.0,2324.0,6808.0,0.0,518.0,0.0,859.0,860.0,858.0
1.0,15094.0,2592.0,2577.0,4650.0,0.0,0.0,0.0,0.0,859.0,860.0,858.0,866.0,862.0,864.0,5282.0,3782.0,6030.0,0.0,0.0,0.0,859.0,860.0,858.0
1.0,17152.0,2600.0,2578.0,2693.0,0.0,0.0,0.0,0.0,859.0,860.0,859.0,875.0,862.0,863.0,6497.0,5489.0,5166.0,0.0,0.0,0.0,859.0,860.0,859.0
1.0,17245.0,2595.0,2578.0,518.0,852.0,0.0,0.0,852.0,859.0,860.0,859.0,872.0,863.0,860.0,6339.0,6603.0,4303.0,0.0,0.0,852.0,859.0,860.0,859.0
1.0,15168.0,2608.0,2579.0,0.0,1721.0,0.0,0.0,1721.0,860.0,860.0,859.0,874.0,865.0,869.0,5467.0,6258.0,3443.0,0.0,0.0,1721.0,860.0,860.0,859.0
1.0,12560.0,2610.0,2579.0,0.0,3174.0,587.0,0.0,2587.0,860.0,860.0,859.0,880.0,864.0,866.0,4593.0,5393.0,2574.0,587.0,0.0,2587.0,860.0,860.0,859.0
1.0,9950.0,2617.0,2579.0,852.0,4710.0,1463.0,645.0,2602.0,860.0,860.0,859.0,876.0,874.0,867.0,3713.0,4529.0,1708.0,1463.0,645.0,2602.0,860.0,860.0,859.0
1.0,8185.0,2619.0,2579.0,1721.0,5608.0,2337.0,1516.0,1755.0,860.0,860.0,859.0,874.0,871.0,874.0,2837.0,3655.0,1693.0,2337.0,1516.0,1755.0,860.0,860.0,859.0
1.0,7287.0,2618.0,2581.0,3174.0,5062.0,2629.0,2387.0,46.0,861.0,860.0,860.0,874.0,871.0,873.0,1963.0,2784.0,2540.0,2629.0,2387.0,46.0,861.0,860.0,860.0
1.0,7843.0,2613.0,2582.0,4710.0,4651.0,2039.0,2612.0,0.0,861.0,861.0,860.0,873.0,865.0,875.0,1676.0,1913.0,4254.0,2039.0,2612.0,0.0,861.0,861.0,860.0
1.0,9940.0,2612.0,2582.0,5608.0,2538.0,574.0,1964.0,0.0,861.0,861.0,860.0,872.0,868.0,872.0,2266.0,1693.0,5981.0,574.0,1964.0,0.0,861.0,861.0,860.0
1.0,12936.0,2622.0,2584.0,5062.0,454.0,0.0,454.0,0.0,862.0,861.0,861.0,868.0,877.0,877.0,3731.0,2341.0,6864.0,0.0,454.0,0.0,862.0,861.0,861.0
1.0,15376.0,2618.0,2584.0,4651.0,0.0,0.0,0.0,0.0,862.0,861.0,861.0,867.0,876.0,875.0,5492.0,3851.0,6033.0,0.0,0.0,0.0,862.0,861.0,861.0
1.0,17409.0,2610.0,2584.0,2538.0,17.0,0.0,0.0,17.0,862.0,861.0,861.0,878.0,862.0,870.0,6664.0,5587.0,5158.0,0.0,0.0,17.0,862.0,861.0,861.0
1.0,17337.0,2607.0,2586.0,454.0,893.0,0.0,0.0,893.0,862.0,862.0,862.0,862.0,874.0,871.0,6360.0,6689.0,4288.0,0.0,0.0,893.0,862.0,862.0,862.0
1.0,15184.0,2610.0,2587.0,0.0,1767.0,0.0,0.0,1767.0,863.0,862.0,862.0,866.0,870.0,874.0,5498.0,6269.0,3417.0,0.0,0.0,1767.0,863.0,862.0,862.0
1.0,12574.0,2597.0,2588.0,17.0,3174.0,544.0,0.0,2630.0,863.0,862.0,863.0,861.0,861.0,875.0,4632.0,5399.0,2543.0,544.0,0.0,2630.0,863.0,862.0,863.0
1.0,9994.0,2604.0,2589.0,893.0,4662.0,1406.0,647.0,2609.0,863.0,863.0,863.0,862.0,870.0,872.0,3771.0,4538.0,1685.0,1406.0,647.0,2609.0,863.0,863.0,863.0
1.0,8283.0,2584.0,2589.0,1767.0,5479.0,2257.0,1513.0,1709.0,863.0,863.0,863.0,851.0,866.0,867.0,2909.0,3668.0,1706.0,2257.0,1513.0,1709.0,863.0,863.0,863.0
1.0,7466.0,2585.0,2591.0,3174.0,4948.0,2571.0,2377.0,0.0,864.0,863.0,864.0,853.0,864.0,868.0,2058.0,2802.0,2606.0,2571.0,2377.0,0.0,864.0,863.0,864.0
1.0,8055.0,2584.0,2591.0,4662.0,4613.0,2022.0,2591.0,0.0,864.0,863.0,864.0,857.0,861.0,866.0,1749.0,1938.0,4368.0,2022.0,2591.0,0.0,864.0,863.0,864.0
1.0,10133.0,2583.0,2592.0,5479.0,2576.0,624.0,1952.0,0.0,864.0,864.0,864.0,859.0,869.0,855.0,2298.0,1724.0,6111.0,624.0,1952.0,0.0,864.0,864.0,864.0
1.0,13029.0,2575.0,2592.0,4948.0,430.0,0.0,430.0,0.0,864.0,864.0,864.0,855.0,855.0,865.0,3696.0,2368.0,6965.0,0.0,430.0,0.0,864.0,864.0,864.0
1.0,15402.0,2582.0,2592.0,4613.0,0.0,0.0,0.0,0.0,864.0,864.0,864.0,861.0,860.0,861.0,5412.0,3890.0,6100.0,0.0,0.0,0.0,864.0,864.0,864.0
1.0,17433.0,2606.0,2594.0,2576.0,0.0,0.0,0.0,0.0,864.0,865.0,865.0,865.0,875.0,866.0,6573.0,5621.0,5239.0,0.0,0.0,0.0,864.0,865.0,865.0
1.0,17403.0,2607.0,2594.0,430.0,826.0,0.0,0.0,826.0,864.0,865.0,865.0,869.0,864.0,874.0,6332.0,6698.0,4373.0,0.0,0.0,826.0,864.0,865.0,865.0
1.0,15226.0,2597.0,2594.0,0.0,1693.0,0.0,0.0,1693.0,864.0,865.0,865.0,866.0,864.0,867.0,5463.0,6264.0,3499.0,0.0,0.0,1693.0,864.0,865.0,865.0
1.0,12629.0,2604.0,2595.0,0.0,3157.0,595.0,0.0,2562.0,865.0,865.0,865.0,867.0,868.0,869.0,4597.0,5400.0,2632.0,595.0,0.0,2562.0,865.0,865.0,865.0
1.0,10025.0,2610.0,2595.0,826.0,4734.0,1465.0,663.0,2606.0,865.0,865.0,865.0,870.0,870.0,870.0,3730.0,4532.0,1763.0,1465.0,663.0,2606.0,865.0,865.0,865.0
1.0,8241.0,2616.0,2595.0,1693.0,5657.0,2339.0,1539.0,1779.0,865.0,865.0,865.0,874.0,876.0,866.0,2860.0,3662.0,1719.0,2339.0,1539.0,1779.0,865.0,865.0,865.0
1.0,7318.0,2622.0,2595.0,3157.0,5122.0,2627.0,2406.0,89.0,865.0,865.0,865.0,883.0,867.0,872.0,1986.0,2786.0,2546.0,2627.0,2406.0,89.0,865.0,865.0,865.0
1.0,7853.0,2624.0,2596.0,4734.0,4660.0,2041.0,2619.0,0.0,865.0,866.0,865.0,879.0,871.0,874.0,1698.0,1919.0,4236.0,2041.0,2619.0,0.0,865.0,866.0,865.0
1.0,9963.0,2622.0,2596.0,5657.0,2532.0,581.0,1951.0,0.0,865.0,866.0,865.0,879.0,871.0,872.0,2284.0,1711.0,5968.0,581.0,1951.0,0.0,865.0,866.0,865.0
1.0,12998.0,2631.0,2597.0,5122.0,427.0,0.0,427.0,0.0,866.0,866.0,865.0,874.0,882.0,875.0,3744.0,2379.0,6875.0,0.0,427.0,0.0,866.0,866.0,865.0
1.0,15489.0,2622.0,2597.0,4660.0,0.0,0.0,0.0,0.0,866.0,866.0,865.0,873.0,878.0,871.0,5497.0,3903.0,6089.0,0.0,0.0,0.0,866.0,866.0,865.0
1.0,17527.0,2636.0,2598.0,2532.0,0.0,0.0,0.0,0.0,866.0,866.0,866.0,879.0,879.0,878.0,6665.0,5644.0,5218.0,0.0,0.0,0.0,866.0,866.0,866.0
1.0,17423.0,2614.0,2598.0,427.0,868.0,0.0,0.0,868.0,866.0,866.0,866.0,870.0,866.0,878.0,6367.0,6716.0,4340.0,0.0,0.0,868.0,866.0,866.0,866.0
1.0,15236.0,2626.0,2598.0,0.0,1740.0,0.0,0.0,1740.0,866.0,866.0,866.0,884.0,870.0,872.0,5497.0,6277.0,3462.0,0.0,0.0,1740.0,866.0,866.0,866.0
1.0,12610.0,2616.0,2599.0,0.0,3203.0,597.0,0.0,2606.0,867.0,866.0,866.0,875.0,875.0,866.0,4613.0,5407.0,2590.0,597.0,0.0,2606.0,867.0,866.0,866.0
1.0,9994.0,2612.0,2599.0,868.0,4745.0,1469.0,664.0,2612.0,867.0,866.0,866.0,872.0,866.0,874.0,3738.0,4532.0,1724.0,1469.0,664.0,2612.0,867.0,866.0,866.0
1.0,8250.0,2616.0,2599.0,1740.0,5621.0,2345.0,1532.0,1744.0,867.0,866.0,866.0,876.0,868.0,872.0,2866.0,3666.0,1718.0,2345.0,1532.0,1744.0,867.0,866.0,866.0
1.0,7374.0,2605.0,2600.0,3203.0,5028.0,2617.0,2405.0,6.0,867.0,867.0,866.0,869.0,868.0,868.0,1990.0,2798.0,2586.0,2617.0,2405.0,6.0,867.0,867.0,866.0
1.0,7972.0,2606.0,2601.0,4745.0,4634.0,2025.0,2609.0,0.0,868.0,867.0,866.0,872.0,868.0,866.0,1718.0,1930.0,4324.0,2025.0,2609.0,0.0,868.0,867.0,866.0
1.0,10111.0,2596.0,2602.0,5621.0,2486.0,547.0,1939.0,0.0,868.0,867.0,867.0,867.0,862.0,867.0,2315.0,1726.0,6070.0,547.0,1939.0,0.0,868.0,867.0,867.0
1.0,13136.0,2596.0,2602.0,5028.0,400.0,0.0,400.0,0.0,868.0,867.0,867.0,865.0,866.0,865.0,3793.0,2396.0,6947.0,0.0,400.0,0.0,868.0,867.0,867.0
1.0,15568.0,2588.0,2602.0,4634.0,0.0,0.0,0.0,0.0,868.0,867.0,867.0,860.0,863.0,865.0,5545.0,3935.0,6088.0,0.0,0.0,0.0,868.0,867.0,867.0
1.0,17614.0,2600.0,2603.0,2486.0,0.0,0.0,0.0,0.0,869.0,867.0,867.0,864.0,870.0,866.0,6710.0,5681.0,5223.0,0.0,0.0,0.0,869.0,867.0,867.0
1.0,17500.0,2600.0,2604.0,400.0,851.0,0.0,0.0,851.0,869.0,867.0,868.0,859.0,873.0,868.0,6393.0,6750.0,4357.0,0.0,0.0,851.0,869.0,867.0,868.0
1.0,15300.0,2605.0,2605.0,0.0,1721.0,0.0,0.0,1721.0,869.0,868.0,868.0,860.0,875.0,870.0,5534.0,6277.0,3489.0,0.0,0.0,1721.0,869.0,868.0,868.0
1.0,12695.0,2615.0,2606.0,0.0,3133.0,532.0,0.0,2601.0,869.0,868.0,869.0,861.0,879.0,875.0,4674.0,5402.0,2619.0,532.0,0.0,2601.0,869.0,868.0,869.0
1.0,10080.0,2615.0,2606.0,851.0,4714.0,1395.0,688.0,2631.0,869.0,868.0,869.0,863.0,871.0,881.0,3813.0,4523.0,1744.0,1395.0,688.0,2631.0,869.0,868.0,869.0
1.0,8316.0,2624.0,2608.0,1721.0,5627.0,2266.0,1569.0,1792.0,869.0,869.0,870.0,871.0,876.0,877.0,2950.0,3652.0,1714.0,2266.0,1569.0,1792.0,869.0,869.0,870.0
1.0,7413.0,2631.0,2608.0,3133.0,5125.0,2606.0,2453.0,66.0,869.0,869.0,870.0,872.0,884.0,875.0,2079.0,2776.0,2558.0,2606.0,2453.0,66.0,869.0,869.0,870.0
1.0,7915.0,2618.0,2608.0,4714.0,4720.0,2087.0,2633.0,0.0,869.0,869.0,870.0,876.0,868.0,874.0,1739.0,1892.0,4284.0,2087.0,2633.0,0.0,869.0,869.0,870.0
1.0,10011.0,2636.0,2610.0,5627.0,2644.0,694.0,1950.0,0.0,869.0,870.0,871.0,873.0,881.0,882.0,2258.0,1712.0,6041.0,694.0,1950.0,0.0,869.0,870.0,871.0
1.0,13002.0,2625.0,2610.0,5125.0,374.0,0.0,374.0,0.0,869.0,870.0,871.0,871.0,877.0,877.0,3651.0,2400.0,6951.0,0.0,374.0,0.0,869.0,870.0,871.0
1.0,15502.0,2661.0,2610.0,4720.0,0.0,0.0,0.0,0.0,869.0,870.0,871.0,891.0,884.0,886.0,5386.0,3976.0,6140.0,0.0,0.0,0.0,869.0,870.0,871.0
1.0,17561.0,2662.0,2612.0,2644.0,0.0,0.0,0.0,0.0,869.0,871.0,872.0,890.0,883.0,889.0,6582.0,5725.0,5254.0,0.0,0.0,0.0,869.0,871.0,872.0
1.0,17543.0,2654.0,2613.0,374.0,882.0,0.0,0.0,882.0,870.0,871.0,872.0,883.0,884.0,887.0,6386.0,6792.0,4365.0,0.0,0.0,882.0,870.0,871.0,872.0
1.0,15263.0,2655.0,2613.0,0.0,1769.0,0.0,0.0,1769.0,870.0,871.0,872.0,884.0,884.0,887.0,5503.0,6282.0,3478.0,0.0,0.0,1769.0,870.0,871.0,872.0
1.0,12608.0,2659.0,2614.0,0.0,3277.0,616.0,0.0,2661.0,870.0,871.0,873.0,885.0,887.0,887.0,4619.0,5398.0,2591.0,616.0,0.0,2661.0,870.0,871.0,873.0
1.0,9949.0,2662.0,2615.0,882.0,4906.0,1507.0,732.0,2667.0,870.0,872.0,873.0,891.0,883.0,888.0,3734.0,4511.0,1704.0,1507.0,732.0,2667.0,870.0,872.0,873.0
1.0,8169.0,2654.0,2616.0,1769.0,5796.0,2398.0,1616.0,1782.0,871.0,872.0,873.0,886.0,884.0,884.0,2843.0,3628.0,1698.0,2398.0,1616.0,1782.0,871.0,872.0,873.0
1.0,7284.0,2651.0,2616.0,3277.0,5170.0,2665.0,2496.0,9.0,871.0,872.0,873.0,883.0,880.0,888.0,1957.0,2744.0,2583.0,2665.0,2496.0,9.0,871.0,872.0,873.0
1.0,7910.0,2633.0,2616.0,4906.0,4677.0,2036.0,2641.0,0.0,871.0,872.0,873.0,878.0,877.0,878.0,1690.0,1864.0,4356.0,2036.0,2641.0,0.0,871.0,872.0,873.0
1.0,10183.0,2637.0,2616.0,5796.0,2420.0,516.0,1904.0,0.0,871.0,872.0,873.0,878.0,879.0,880.0,2319.0,1719.0,6145.0,516.0,1904.0,0.0,871.0,872.0,873.0
1.0,13342.0,2641.0,2617.0,5170.0,285.0,0.0,285.0,0.0,871.0,872.0,874.0,880.0,877.0,884.0,3839.0,2456.0,7047.0,0.0,285.0,0.0,871.0,872.0,874.0
1.0,15871.0,2623.0,2618.0,4677.0,0.0,0.0,0.0,0.0,872.0,872.0,874.0,876.0,870.0,877.0,5624.0,4075.0,6172.0,0.0,0.0,0.0,872.0,872.0,874.0
1.0,17925.0,2621.0,2619.0,2420.0,0.0,0.0,0.0,0.0,872.0,873.0,874.0,873.0,873.0,875.0,6784.0,5846.0,5295.0,0.0,0.0,0.0,872.0,873.0,874.0
1.0,17724.0,2624.0,2619.0,285.0,823.0,0.0,0.0,823.0,872.0,873.0,874.0,879.0,872.0,873.0,6427.0,6877.0,4420.0,0.0,0.0,823.0,872.0,873.0,874.0
1.0,15385.0,2607.0,2619.0,0.0,1695.0,0.0,0.0,1695.0,872.0,873.0,874.0,866.0,869.0,872.0,5548.0,6290.0,3547.0,0.0,0.0,1695.0,872.0,873.0,874.0
1.0,12778.0,2600.0,2620.0,0.0,3113.0,550.0,0.0,2563.0,873.0,873.0,874.0,867.0,865.0,868.0,4682.0,5421.0,2675.0,550.0,0.0,2563.0,873.0,873.0,874.0
1.0,10178.0,2593.0,2620.0,823.0,4692.0,1421.0,671.0,2600.0,873.0,873.0,874.0,871.0,862.0,860.0,3815.0,4556.0,1807.0,1421.0,671.0,2600.0,873.0,873.0,874.0
1.0,8408.0,2617.0,2620.0,1695.0,5614.0,2291.0,1544.0,1779.0,873.0,873.0,874.0,870.0,873.0,874.0,2944.0,3694.0,1770.0,2291.0,1544.0,1779.0,873.0,873.0,874.0
1.0,7486.0,2611.0,2621.0,3113.0,5117.0,2618.0,2412.0,87.0,874.0,873.0,874.0,872.0,868.0,871.0,2074.0,2821.0,2591.0,2618.0,2412.0,87.0,874.0,873.0,874.0
1.0,7988.0,2607.0,2621.0,4692.0,4677.0,2066.0,2611.0,0.0,874.0,873.0,874.0,869.0,870.0,868.0,1752.0,1953.0,4283.0,2066.0,2611.0,0.0,874.0,873.0,874.0
1.0,10073.0,2610.0,2621.0,5614.0,2582.0,643.0,1939.0,0.0,874.0,873.0,874.0,868.0,872.0,870.0,2304.0,1754.0,6015.0,643.0,1939.0,0.0,874.0,873.0,874.0
1.0,13077.0,2611.0,2621.0,5117.0,397.0,0.0,397.0,0.0,874.0,873.0,874.0,874.0,870.0,867.0,3727.0,2426.0,6924.0,0.0,397.0,0.0,874.0,873.0,874.0
1.0,15583.0,2635.0,2623.0,4677.0,0.0,0.0,0.0,0.0,874.0,874.0,875.0,875.0,879.0,881.0,5471.0,3968.0,6144.0,0.0,0.0,0.0,874.0,874.0,875.0
1.0,17625.0,2634.0,2623.0,2582.0,0.0,0.0,0.0,0.0,874.0,874.0,875.0,877.0,880.0,877.0,6662.0,5700.0,5263.0,0.0,0.0,0.0,874.0,874.0,875.0
1.0,17573.0,2658.0,2623.0,397.0,878.0,0.0,0.0,878.0,874.0,874.0,875.0,877.0,892.0,889.0,6428.0,6759.0,4386.0,0.0,0.0,878.0,874.0,874.0,875.0
1.0,15312.0,2644.0,2624.0,0.0,1751.0,0.0,0.0,1751.0,874.0,875.0,875.0,884.0,887.0,873.0,5551.0,6264.0,3497.0,0.0,0.0,1751.0,874.0,875.0,875.0
1.0,12668.0,2649.0,2625.0,0.0,3221.0,595.0,0.0,2626.0,875.0,875.0,875.0,887.0,887.0,875.0,4667.0,5377.0,2624.0,595.0,0.0,2626.0,875.0,875.0,875.0
1.0,10019.0,2660.0,2626.0,878.0,4893.0,1477.0,776.0,2640.0,875.0,875.0,876.0,882.0,891.0,887.0,3780.0,4490.0,1749.0,1477.0,776.0,2640.0,875.0,875.0,876.0
1.0,8237.0,2673.0,2627.0,1751.0,5820.0,2370.0,1670.0,1780.0,875.0,876.0,876.0,893.0,889.0,891.0,2898.0,3599.0,1740.0,2370.0,1670.0,1780.0,875.0,876.0,876.0
1.0,7315.0,2665.0,2627.0,3221.0,5264.0,2662.0,2561.0,41.0,875.0,876.0,876.0,887.0,891.0,887.0,2005.0,2710.0,2600.0,2662.0,2561.0,41.0,875.0,876.0,876.0
1.0,7871.0,2665.0,2628.0,4893.0,4757.0,2081.0,2676.0,0.0,876.0,876.0,876.0,891.0,891.0,883.0,1713.0,1819.0,4339.0,2081.0,2676.0,0.0,876.0,876.0,876.0
1.0,10099.0,2675.0,2629.0,5820.0,2502.0,598.0,1904.0,0.0,876.0,876.0,877.0,887.0,898.0,890.0,2299.0,1704.0,6096.0,598.0,1904.0,0.0,876.0,876.0,877.0
1.0,13244.0,2673.0,2630.0,5264.0,235.0,0.0,235.0,0.0,876.0,877.0,877.0,899.0,887.0,887.0,3782.0,2476.0,6986.0,0.0,235.0,0.0,876.0,877.0,877.0
1.0,15835.0,2669.0,2630.0,4757.0,0.0,0.0,0.0,0.0,876.0,877.0,877.0,886.0,894.0,889.0,5545.0,4150.0,6140.0,0.0,0.0,0.0,876.0,877.0,877.0
1.0,17923.0,2671.0,2632.0,2502.0,18.0,0.0,0.0,18.0,877.0,878.0,877.0,889.0,898.0,884.0,6740.0,5932.0,5251.0,0.0,0.0,18.0,877.0,878.0,877.0
1.0,17754.0,2662.0,2633.0,235.0,911.0,0.0,0.0,911.0,877.0,878.0,878.0,888.0,886.0,888.0,6449.0,6938.0,4367.0,0.0,0.0,911.0,877.0,878.0,878.0
1.0,15327.0,2655.0,2633.0,0.0,1799.0,0.0,0.0,1799.0,877.0,878.0,878.0,883.0,884.0,888.0,5561.0,6287.0,3479.0,0.0,0.0,1799.0,877.0,878.0,878.0
1.0,12672.0,2648.0,2634.0,18.0,3256.0,594.0,0.0,2662.0,877.0,879.0,878.0,887.0,880.0,881.0,4678.0,5403.0,2591.0,594.0,0.0,2662.0,877.0,879.0,878.0
1.0,10042.0,2643.0,2635.0,911.0,4865.0,1471.0,753.0,2641.0,877.0,879.0,879.0,877.0,881.0,885.0,3791.0,4523.0,1728.0,1471.0,753.0,2641.0,877.0,879.0,879.0
1.0,8310.0,2645.0,2636.0,1799.0,5716.0,2356.0,1632.0,1728.0,878.0,879.0,879.0,880.0,879.0,886.0,2914.0,3642.0,1754.0,2356.0,1632.0,1728.0,878.0,879.0,879.0
1.0,7464.0,2632.0,2636.0,3256.0,5150.0,2644.0,2506.0,0.0,878.0,879.0,879.0,882.0,874.0,876.0,2034.0,2763.0,2667.0,2644.0,2506.0,0.0,878.0,879.0,879.0
1.0,8088.0,2624.0,2637.0,4865.0,4678.0,2043.0,2635.0,0.0,878.0,880.0,879.0,870.0,877.0,877.0,1746.0,1889.0,4453.0,2043.0,2635.0,0.0,878.0,880.0,879.0
1.0,10329.0,2637.0,2638.0,5716.0,2445.0,566.0,1879.0,0.0,878.0,880.0,880.0,879.0,876.0,882.0,2347.0,1765.0,6217.0,566.0,1879.0,0.0,878.0,880.0,880.0
1.0,13408.0,2629.0,2639.0,5150.0,245.0,0.0,245.0,0.0,879.0,880.0,880.0,874.0,872.0,883.0,3824.0,2521.0,7063.0,0.0,245.0,0.0,879.0,880.0,880.0
1.0,15929.0,2632.0,2639.0,4678.0,0.0,0.0,0.0,0.0,879.0,880.0,880.0,874.0,876.0,882.0,5594.0,4155.0,6180.0,0.0,0.0,0.0,879.0,880.0,880.0
1.0,17975.0,2629.0,2639.0,2445.0,0.0,0.0,0.0,0.0,879.0,880.0,880.0,874.0,874.0,881.0,6763.0,5914.0,5298.0,0.0,0.0,0.0,879.0,880.0,880.0
1.0,17791.0,2652.0,2641.0,245.0,876.0,0.0,0.0,876.0,880.0,880.0,881.0,886.0,878.0,888.0,6455.0,6919.0,4417.0,0.0,0.0,876.0,880.0,880.0,881.0
1.0,15384.0,2633.0,2641.0,0.0,1758.0,0.0,0.0,1758.0,880.0,880.0,881.0,875.0,876.0,882.0,5569.0,6286.0,3529.0,0.0,0.0,1758.0,880.0,880.0,881.0
1.0,12751.0,2641.0,2641.0,0.0,3225.0,582.0,0.0,2643.0,880.0,880.0,881.0,876.0,880.0,885.0,4694.0,5410.0,2647.0,582.0,0.0,2643.0,880.0,880.0,881.0
1.0,10110.0,2649.0,2641.0,876.0,4868.0,1458.0,751.0,2659.0,880.0,880.0,881.0,876.0,881.0,892.0,3818.0,4530.0,1762.0,1458.0,751.0,2659.0,880.0,880.0,881.0
1.0,8337.0,2666.0,2641.0,1758.0,5776.0,2346.0,1636.0,1794.0,880.0,880.0,881.0,888.0,885.0,893.0,2942.0,3649.0,1746.0,2346.0,1636.0,1794.0,880.0,880.0,881.0
1.0,7429.0,2651.0,2642.0,3225.0,5207.0,2643.0,2519.0,45.0,880.0,880.0,882.0,879.0,883.0,889.0,2054.0,2764.0,2611.0,2643.0,2519.0,45.0,880.0,880.0,882.0
1.0,8003.0,2666.0,2642.0,4868.0,4724.0,2070.0,2654.0,0.0,880.0,880.0,882.0,885.0,886.0,895.0,1757.0,1881.0,4365.0,2070.0,2654.0,0.0,880.0,880.0,882.0
1.0,10205.0,2674.0,2642.0,5776.0,2522.0,615.0,1907.0,0.0,880.0,880.0,882.0,891.0,889.0,894.0,2330.0,1746.0,6129.0,615.0,1907.0,0.0,880.0,880.0,882.0
1.0,13307.0,2684.0,2643.0,5207.0,296.0,0.0,296.0,0.0,880.0,881.0,882.0,892.0,903.0,889.0,3785.0,2493.0,7029.0,0.0,296.0,0.0,880.0,881.0,882.0
1.0,15830.0,2691.0,2644.0,4724.0,0.0,0.0,0.0,0.0,881.0,881.0,882.0,899.0,898.0,894.0,5536.0,4109.0,6185.0,0.0,0.0,0.0,881.0,881.0,882.0
1.0,17863.0,2676.0,2644.0,2522.0,5.0,0.0,0.0,5.0,881.0,881.0,882.0,895.0,895.0,886.0,6707.0,5865.0,5291.0,0.0,0.0,5.0,881.0,881.0,882.0
1.0,17709.0,2687.0,2644.0,296.0,898.0,0.0,0.0,898.0,881.0,881.0,882.0,896.0,898.0,893.0,6427.0,6877.0,4405.0,0.0,0.0,898.0,881.0,881.0,882.0
1.0,15318.0,2669.0,2645.0,0.0,1781.0,0.0,0.0,1781.0,881.0,882.0,882.0,894.0,892.0,883.0,5531.0,6275.0,3512.0,0.0,0.0,1781.0,881.0,882.0,882.0
1.0,12649.0,2680.0,2645.0,5.0,3329.0,665.0,0.0,2664.0,881.0,882.0,882.0,897.0,895.0,888.0,4637.0,5383.0,2629.0,665.0,0.0,2664.0,881.0,882.0,882.0
1.0,9974.0,2670.0,2646.0,898.0,5028.0,1565.0,810.0,2653.0,882.0,882.0,882.0,895.0,888.0,887.0,3740.0,4488.0,1746.0,1565.0,810.0,2653.0,882.0,882.0,882.0
1.0,8202.0,2663.0,2646.0,1781.0,5910.0,2455.0,1700.0,1755.0,882.0,882.0,882.0,890.0,890.0,883.0,2845.0,3600.0,1757.0,2455.0,1700.0,1755.0,882.0,882.0,882.0
1.0,7320.0,2665.0,2647.0,3329.0,5278.0,2682.0,2596.0,0.0,882.0,883.0,882.0,892.0,891.0,882.0,1955.0,2710.0,2655.0,2682.0,2596.0,0.0,882.0,883.0,882.0
1.0,7984.0,2660.0,2647.0,5028.0,4677.0,2002.0,2675.0,0.0,882.0,883.0,882.0,885.0,889.0,886.0,1728.0,1819.0,4437.0,2002.0,2675.0,0.0,882.0,883.0,882.0
1.0,10352.0,2667.0,2649.0,5910.0,2309.0,445.0,1864.0,0.0,883.0,883.0,883.0,893.0,889.0,885.0,2408.0,1740.0,6204.0,445.0,1864.0,0.0,883.0,883.0,883.0
1.0,13595.0,2658.0,2650.0,5278.0,162.0,0.0,162.0,0.0,883.0,884.0,883.0,890.0,889.0,879.0,3970.0,2551.0,7074.0,0.0,162.0,0.0,883.0,884.0,883.0
1.0,16215.0,2649.0,2650.0,4677.0,0.0,0.0,0.0,0.0,883.0,884.0,883.0,882.0,882.0,885.0,5762.0,4258.0,6195.0,0.0,0.0,0.0,883.0,884.0,883.0
1.0,18243.0,2658.0,2651.0,2309.0,0.0,0.0,0.0,0.0,884.0,884.0,883.0,884.0,886.0,888.0,6882.0,6051.0,5310.0,0.0,0.0,0.0,884.0,884.0,883.0
1.0,17894.0,2652.0,2653.0,162.0,878.0,0.0,0.0,878.0,884.0,885.0,884.0,886.0,886.0,880.0,6443.0,7029.0,4422.0,0.0,0.0,878.0,884.0,885.0,884.0
1.0,15404.0,2653.0,2653.0,0.0,1760.0,0.0,0.0,1760.0,884.0,885.0,884.0,884.0,887.0,882.0,5557.0,6305.0,3542.0,0.0,0.0,1760.0,884.0,885.0,884.0
1.0,12751.0,2652.0,2653.0,0.0,3282.0,637.0,0.0,2645.0,884.0,885.0,884.0,890.0,877.0,885.0,4673.0,5418.0,2660.0,637.0,0.0,2645.0,884.0,885.0,884.0
1.0,10099.0,2658.0,2656.0,878.0,4961.0,1520.0,777.0,2664.0,885.0,886.0,885.0,878.0,888.0,892.0,3783.0,4541.0,1775.0,1520.0,777.0,2664.0,885.0,886.0,885.0
1.0,8319.0,2649.0,2656.0,1760.0,5850.0,2399.0,1660.0,1791.0,885.0,886.0,885.0,879.0,883.0,887.0,2905.0,3653.0,1761.0,2399.0,1660.0,1791.0,885.0,886.0,885.0
1.0,7430.0,2663.0,2656.0,3282.0,5231.0,2645.0,2551.0,35.0,885.0,886.0,885.0,883.0,891.0,889.0,2026.0,2770.0,2634.0,2645.0,2551.0,35.0,885.0,886.0,885.0
1.0,8049.0,2658.0,2657.0,4961.0,4667.0,2001.0,2666.0,0.0,885.0,886.0,886.0,876.0,892.0,890.0,1780.0,1879.0,4390.0,2001.0,2666.0,0.0,885.0,886.0,886.0
1.0,10352.0,2672.0,2657.0,5850.0,2384.0,492.0,1892.0,0.0,885.0,886.0,886.0,890.0,886.0,896.0,2424.0,1764.0,6164.0,492.0,1892.0,0.0,885.0,886.0,886.0
1.0,13530.0,2674.0,2657.0,5231.0,234.0,0.0,234.0,0.0,885.0,886.0,886.0,884.0,893.0,897.0,3933.0,2538.0,7059.0,0.0,234.0,0.0,885.0,886.0,886.0
1.0,16087.0,2677.0,2660.0,4667.0,0.0,0.0,0.0,0.0,886.0,887.0,887.0,887.0,894.0,896.0,5694.0,4196.0,6197.0,0.0,0.0,0.0,886.0,887.0,887.0
1.0,18077.0,2682.0,2660.0,2384.0,29.0,0.0,0.0,29.0,886.0,887.0,887.0,894.0,893.0,895.0,6808.0,5968.0,5301.0,0.0,0.0,29.0,886.0,887.0,887.0
1.0,17779.0,2687.0,2660.0,234.0,933.0,0.0,0.0,933.0,886.0,887.0,887.0,894.0,889.0,904.0,6406.0,6967.0,4406.0,0.0,0.0,933.0,886.0,887.0,887.0
1.0,15326.0,2693.0,2660.0,0.0,1833.0,0.0,0.0,1833.0,886.0,887.0,887.0,899.0,894.0,900.0,5512.0,6312.0,3502.0,0.0,0.0,1833.0,886.0,887.0,887.0
1.0,12633.0,2692.0,2661.0,29.0,3424.0,712.0,0.0,2712.0,886.0,887.0,888.0,895.0,894.0,903.0,4613.0,5418.0,2602.0,712.0,0.0,2712.0,886.0,887.0,888.0
1.0,9970.0,2690.0,2661.0,933.0,5092.0,1605.0,804.0,2683.0,886.0,887.0,888.0,893.0,893.0,904.0,3718.0,4524.0,1728.0,1605.0,804.0,2683.0,886.0,887.0,888.0
1.0,8213.0,2707.0,2662.0,1833.0,5971.0,2520.0,1699.0,1752.0,887.0,887.0,888.0,910.0,895.0,902.0,2825.0,3631.0,1757.0,2520.0,1699.0,1752.0,887.0,887.0,888.0
1.0,7339.0,2697.0,2662.0,3424.0,5294.0,2696.0,2598.0,0.0,886.0,887.0,889.0,893.0,899.0,905.0,1915.0,2736.0,2688.0,2696.0,2598.0,0.0,886.0,887.0,889.0
1.0,8066.0,2692.0,2663.0,5092.0,4684.0,1992.0,2692.0,0.0,887.0,887.0,889.0,896.0,898.0,898.0,1734.0,1837.0,4495.0,1992.0,2692.0,0.0,887.0,887.0,889.0
1.0,10466.0,2689.0,2663.0,5971.0,2258.0,376.0,1882.0,0.0,887.0,887.0,889.0,904.0,889.0,896.0,2443.0,1743.0,6280.0,376.0,1882.0,0.0,887.0,887.0,889.0
1.0,13748.0,2681.0,2663.0,5294.0,175.0,0.0,175.0,0.0,887.0,887.0,889.0,895.0,891.0,895.0,4059.0,2553.0,7136.0,0.0,175.0,0.0,887.0,887.0,889.0
1.0,16361.0,2677.0,2663.0,4684.0,0.0,0.0,0.0,0.0,887.0,887.0,889.0,892.0,891.0,894.0,5860.0,4260.0,6241.0,0.0,0.0,0.0,887.0,887.0,889.0
1.0,18368.0,2676.0,2664.0,2258.0,0.0,0.0,0.0,0.0,887.0,887.0,890.0,895.0,891.0,890.0,6960.0,6061.0,5347.0,0.0,0.0,0.0,887.0,887.0,890.0
1.0,17950.0,2658.0,2665.0,175.0,878.0,0.0,0.0,878.0,888.0,887.0,890.0,893.0,880.0,885.0,6441.0,7052.0,4457.0,0.0,0.0,878.0,888.0,887.0,890.0
1.0,15467.0,2673.0,2666.0,0.0,1760.0,0.0,0.0,1760.0,888.0,888.0,890.0,894.0,897.0,882.0,5548.0,6347.0,3572.0,0.0,0.0,1760.0,888.0,888.0,890.0
1.0,12794.0,2662.0,2666.0,0.0,3319.0,682.0,0.0,2637.0,888.0,888.0,890.0,896.0,889.0,877.0,4654.0,5450.0,2690.0,682.0,0.0,2637.0,888.0,888.0,890.0
1.0,10132.0,2656.0,2667.0,878.0,4981.0,1576.0,768.0,2637.0,889.0,888.0,890.0,889.0,889.0,878.0,3758.0,4561.0,1813.0,1576.0,768.0,2637.0,889.0,888.0,890.0
1.0,8354.0,2670.0,2668.0,1760.0,5896.0,2468.0,1669.0,1759.0,889.0,889.0,890.0,892.0,896.0,882.0,2869.0,3672.0,1813.0,2468.0,1669.0,1759.0,889.0,889.0,890.0
1.0,7444.0,2666.0,2668.0,3319.0,5243.0,2677.0,2561.0,5.0,889.0,889.0,890.0,891.0,892.0,883.0,1977.0,2776.0,2691.0,2677.0,2561.0,5.0,889.0,889.0,890.0
1.0,8097.0,2663.0,2669.0,4981.0,4680.0,2001.0,2679.0,0.0,890.0,889.0,890.0,895.0,886.0,882.0,1768.0,1884.0,4445.0,2001.0,2679.0,0.0,890.0,889.0,890.0
1.0,10415.0,2663.0,2669.0,5896.0,2319.0,423.0,1896.0,0.0,890.0,889.0,890.0,890.0,886.0,887.0,2449.0,1766.0,6200.0,423.0,1896.0,0.0,890.0,889.0,890.0
1.0,13648.0,2682.0,2670.0,5243.0,243.0,0.0,243.0,0.0,890.0,890.0,890.0,896.0,903.0,883.0,4027.0,2549.0,7072.0,0.0,243.0,0.0,890.0,890.0,890.0
1.0,16209.0,2666.0,2670.0,4680.0,0.0,0.0,0.0,0.0,890.0,890.0,890.0,887.0,892.0,887.0,5808.0,4207.0,6194.0,0.0,0.0,0.0,890.0,890.0,890.0
1.0,18223.0,2672.0,2672.0,2319.0,31.0,0.0,0.0,31.0,891.0,891.0,890.0,888.0,896.0,888.0,6922.0,5994.0,5307.0,0.0,0.0,31.0,891.0,891.0,890.0
1.0,17870.0,2684.0,2672.0,243.0,925.0,0.0,0.0,925.0,891.0,891.0,890.0,892.0,898.0,894.0,6457.0,6994.0,4419.0,0.0,0.0,925.0,891.0,891.0,890.0
1.0,15429.0,2692.0,2672.0,0.0,1813.0,0.0,0.0,1813.0,891.0,891.0,890.0,897.0,907.0,888.0,5565.0,6339.0,3525.0,0.0,0.0,1813.0,891.0,891.0,890.0
1.0,12737.0,2702.0,2673.0,31.0,3366.0,682.0,0.0,2684.0,891.0,892.0,890.0,895.0,905.0,902.0,4668.0,5432.0,2637.0,682.0,0.0,2684.0,891.0,892.0,890.0
1.0,10066.0,2703.0,2674.0,925.0,5082.0,1589.0,836.0,2657.0,892.0,892.0,890.0,902.0,903.0,898.0,3773.0,4527.0,1766.0,1589.0,836.0,2657.0,892.0,892.0,890.0
1.0,8288.0,2705.0,2674.0,1813.0,5974.0,2491.0,1744.0,1739.0,892.0,892.0,890.0,902.0,908.0,895.0,2871.0,3624.0,1793.0,2491.0,1744.0,1739.0,892.0,892.0,890.0
1.0,7396.0,2711.0,2674.0,3366.0,5360.0,2710.0,2650.0,0.0,892.0,892.0,890.0,901.0,906.0,904.0,1969.0,2716.0,2711.0,2710.0,2650.0,0.0,892.0,892.0,890.0
1.0,8051.0,2709.0,2676.0,5082.0,4740.0,2020.0,2720.0,0.0,892.0,893.0,891.0,899.0,901.0,909.0,1750.0,1810.0,4491.0,2020.0,2720.0,0.0,892.0,893.0,891.0
1.0,10424.0,2707.0,2676.0,5974.0,2309.0,432.0,1877.0,0.0,892.0,893.0,891.0,903.0,901.0,903.0,2440.0,1745.0,6239.0,432.0,1877.0,0.0,892.0,893.0,891.0
1.0,13691.0,2712.0,2676.0,5360.0,134.0,0.0,134.0,0.0,892.0,893.0,891.0,897.0,907.0,908.0,4028.0,2588.0,7075.0,0.0,134.0,0.0,892.0,893.0,891.0
1.0,16339.0,2727.0,2678.0,4740.0,0.0,0.0,0.0,0.0,893.0,893.0,892.0,909.0,906.0,912.0,5841.0,4331.0,6167.0,0.0,0.0,0.0,893.0,893.0,892.0
1.0,18352.0,2710.0,2678.0,2309.0,106.0,0.0,0.0,106.0,893.0,893.0,892.0,903.0,906.0,901.0,6952.0,6145.0,5255.0,0.0,0.0,106.0,893.0,893.0,892.0
1.0,17951.0,2693.0,2679.0,134.0,1003.0,0.0,0.0,1003.0,893.0,894.0,892.0,897.0,899.0,897.0,6481.0,7116.0,4354.0,0.0,0.0,1003.0,893.0,894.0,892.0
1.0,15392.0,2709.0,2680.0,0.0,1911.0,0.0,0.0,1911.0,893.0,894.0,893.0,907.0,899.0,903.0,5584.0,6351.0,3457.0,0.0,0.0,1911.0,893.0,894.0,893.0
1.0,12683.0,2696.0,2680.0,106.0,3397.0,689.0,0.0,2708.0,893.0,894.0,893.0,901.0,892.0,903.0,4677.0,5452.0,2554.0,689.0,0.0,2708.0,893.0,894.0,893.0
1.0,10093.0,2695.0,2680.0,1003.0,4999.0,1588.0,805.0,2606.0,893.0,894.0,893.0,899.0,895.0,901.0,3776.0,4560.0,1757.0,1588.0,805.0,2606.0,893.0,894.0,893.0
1.0,8401.0,2695.0,2682.0,1911.0,5793.0,2494.0,1698.0,1601.0,894.0,894.0,894.0,901.0,893.0,901.0,2877.0,3665.0,1859.0,2494.0,1698.0,1601.0,894.0,894.0,894.0
1.0,7617.0,2693.0,2682.0,3397.0,5287.0,2698.0,2589.0,0.0,894.0,894.0,894.0,893.0,891.0,909.0,1976.0,2772.0,2869.0,2698.0,2589.0,0.0,894.0,894.0,894.0
1.0,8321.0,2692.0,2682.0,4999.0,4686.0,2012.0,2674.0,0.0,894.0,894.0,894.0,902.0,890.0,900.0,1772.0,1881.0,4668.0,2012.0,2674.0,0.0,894.0,894.0,894.0
1.0,10628.0,2682.0,2683.0,5793.0,2277.0,411.0,1866.0,0.0,894.0,894.0,895.0,893.0,890.0,899.0,2458.0,1796.0,6374.0,411.0,1866.0,0.0,894.0,894.0,895.0
1.0,13739.0,2680.0,2683.0,5287.0,169.0,0.0,169.0,0.0,894.0,894.0,895.0,889.0,892.0,899.0,4059.0,2604.0,7076.0,0.0,169.0,0.0,894.0,894.0,895.0
1.0,16346.0,2675.0,2684.0,4686.0,0.0,0.0,0.0,0.0,895.0,894.0,895.0,895.0,889.0,891.0,5868.0,4301.0,6177.0,0.0,0.0,0.0,895.0,894.0,895.0
1.0,18357.0,2682.0,2685.0,2277.0,85.0,0.0,0.0,85.0,895.0,895.0,895.0,892.0,894.0,896.0,6985.0,6086.0,5286.0,0.0,0.0,85.0,895.0,895.0,895.0
1.0,17952.0,2678.0,2685.0,169.0,977.0,0.0,0.0,977.0,895.0,895.0,895.0,895.0,891.0,892.0,6504.0,7058.0,4390.0,0.0,0.0,977.0,895.0,895.0,895.0
1.0,15443.0,2691.0,2685.0,0.0,1869.0,0.0,0.0,1869.0,895.0,895.0,895.0,895.0,904.0,892.0,5609.0,6336.0,3498.0,0.0,0.0,1869.0,895.0,895.0,895.0
1.0,12752.0,2694.0,2686.0,85.0,3345.0,658.0,0.0,2687.0,895.0,895.0,896.0,897.0,899.0,898.0,4714.0,5432.0,2606.0,658.0,0.0,2687.0,895.0,895.0,896.0
1.0,10143.0,2702.0,2687.0,977.0,5017.0,1566.0,845.0,2606.0,896.0,895.0,896.0,903.0,903.0,896.0,3817.0,4533.0,1793.0,1566.0,845.0,2606.0,896.0,895.0,896.0
1.0,8418.0,2710.0,2688.0,1869.0,5863.0,2468.0,1754.0,1641.0,896.0,896.0,896.0,902.0,904.0,904.0,2914.0,3630.0,1874.0,2468.0,1754.0,1641.0,896.0,896.0,896.0
1.0,7577.0,2726.0,2689.0,3345.0,5387.0,2718.0,2669.0,0.0,897.0,896.0,896.0,903.0,915.0,908.0,2012.0,2726.0,2839.0,2718.0,2669.0,0.0,897.0,896.0,896.0
1.0,8196.0,2710.0,2689.0,5017.0,4778.0,2048.0,2730.0,0.0,897.0,896.0,896.0,896.0,906.0,908.0,1767.0,1811.0,4618.0,2048.0,2730.0,0.0,897.0,896.0,896.0
1.0,10503.0,2708.0,2690.0,5863.0,2367.0,483.0,1884.0,0.0,897.0,897.0,896.0,903.0,903.0,902.0,2437.0,1750.0,6316.0,483.0,1884.0,0.0,897.0,897.0,896.0
1.0,13658.0,2718.0,2691.0,5387.0,124.0,0.0,124.0,0.0,897.0,897.0,897.0,903.0,909.0,906.0,4002.0,2601.0,7055.0,0.0,124.0,0.0,897.0,897.0,897.0
1.0,16327.0,2717.0,2691.0,4778.0,0.0,0.0,0.0,0.0,897.0,897.0,897.0,899.0,913.0,905.0,5817.0,4361.0,6149.0,0.0,0.0,0.0,897.0,897.0,897.0
1.0,18388.0,2731.0,2692.0,2367.0,143.0,0.0,0.0,143.0,897.0,898.0,897.0,915.0,914.0,902.0,6966.0,6178.0,5244.0,0.0,0.0,143.0,897.0,898.0,897.0
1.0,18024.0,2718.0,2693.0,124.0,1051.0,0.0,0.0,1051.0,898.0,898.0,897.0,905.0,905.0,908.0,6534.0,7148.0,4342.0,0.0,0.0,1051.0,898.0,898.0,897.0
1.0,15430.0,2724.0,2693.0,0.0,1956.0,0.0,0.0,1956.0,898.0,898.0,897.0,903.0,916.0,905.0,5629.0,6367.0,3434.0,0.0,0.0,1956.0,898.0,898.0,897.0
1.0,12706.0,2716.0,2694.0,143.0,3385.0,667.0,0.0,2718.0,898.0,899.0,897.0,903.0,908.0,905.0,4726.0,5451.0,2529.0,667.0,0.0,2718.0,898.0,899.0,897.0
1.0,10133.0,2717.0,2694.0,1051.0,5003.0,1575.0,859.0,2569.0,898.0,899.0,897.0,908.0,907.0,902.0,3823.0,4543.0,1767.0,1575.0,859.0,2569.0,898.0,899.0,897.0
1.0,8467.0,2719.0,2694.0,1956.0,5766.0,2482.0,1768.0,1516.0,898.0,899.0,897.0,907.0,909.0,903.0,2915.0,3636.0,1916.0,2482.0,1768.0,1516.0,898.0,899.0,897.0
1.0,7704.0,2706.0,2695.0,3385.0,5399.0,2717.0,2682.0,0.0,898.0,900.0,897.0,902.0,909.0,895.0,2008.0,2727.0,2969.0,2717.0,2682.0,0.0,898.0,900.0,897.0
1.0,8383.0,2709.0,2695.0,5003.0,4773.0,2048.0,2725.0,0.0,898.0,900.0,897.0,906.0,902.0,901.0,1773.0,1818.0,4792.0,2048.0,2725.0,0.0,898.0,900.0,897.0
1.0,10677.0,2696.0,2695.0,5766.0,2320.0,463.0,1857.0,0.0,898.0,900.0,897.0,897.0,900.0,899.0,2442.0,1775.0,6460.0,463.0,1857.0,0.0,898.0,900.0,897.0
1.0,13747.0,2692.0,2697.0,5399.0,70.0,0.0,70.0,0.0,899.0,900.0,898.0,900.0,895.0,897.0,4027.0,2643.0,7077.0,0.0,70.0,0.0,899.0,900.0,898.0
1.0,16454.0,2685.0,2697.0,4773.0,0.0,0.0,0.0,0.0,899.0,900.0,898.0,897.0,892.0,896.0,5844.0,4430.0,6180.0,0.0,0.0,0.0,899.0,900.0,898.0
1.0,18542.0,2682.0,2697.0,2320.0,95.0,0.0,0.0,95.0,899.0,900.0,898.0,901.0,892.0,889.0,6995.0,6263.0,5284.0,0.0,0.0,95.0,899.0,900.0,898.0
1.0,18180.0,2697.0,2697.0,70.0,990.0,0.0,0.0,990.0,899.0,900.0,898.0,900.0,902.0,895.0,6557.0,7228.0,4395.0,0.0,0.0,990.0,899.0,900.0,898.0
1.0,15553.0,2687.0,2698.0,0.0,1889.0,0.0,0.0,1889.0,899.0,900.0,899.0,900.0,893.0,894.0,5657.0,6396.0,3500.0,0.0,0.0,1889.0,899.0,900.0,899.0
1.0,12866.0,2698.0,2698.0,95.0,3333.0,639.0,0.0,2694.0,899.0,900.0,899.0,901.0,897.0,900.0,4757.0,5503.0,2606.0,639.0,0.0,2694.0,899.0,900.0,899.0
1.0,10263.0,2702.0,2700.0,990.0,4949.0,1548.0,792.0,2609.0,900.0,901.0,899.0,904.0,893.0,905.0,3856.0,4606.0,1801.0,1548.0,792.0,2609.0,900.0,901.0,899.0
1.0,8551.0,2701.0,2701.0,1889.0,5766.0,2449.0,1687.0,1630.0,900.0,901.0,900.0,901.0,895.0,905.0,2952.0,3713.0,1886.0,2449.0,1687.0,1630.0,900.0,901.0,900.0
1.0,7739.0,2692.0,2701.0,3333.0,5287.0,2709.0,2578.0,0.0,900.0,901.0,900.0,899.0,891.0,902.0,2051.0,2818.0,2870.0,2709.0,2578.0,0.0,900.0,901.0,900.0
1.0,8380.0,2709.0,2701.0,4949.0,4751.0,2065.0,2686.0,0.0,900.0,901.0,900.0,904.0,900.0,905.0,1791.0,1927.0,4662.0,2065.0,2686.0,0.0,900.0,901.0,900.0
1.0,10620.0,2716.0,2703.0,5766.0,2429.0,530.0,1899.0,0.0,901.0,901.0,901.0,909.0,900.0,907.0,2435.0,1819.0,6366.0,530.0,1899.0,0.0,901.0,901.0,901.0
1.0,13670.0,2713.0,2703.0,5287.0,219.0,0.0,219.0,0.0,901.0,901.0,901.0,906.0,898.0,909.0,3975.0,2606.0,7089.0,0.0,219.0,0.0,901.0,901.0,901.0
1.0,16244.0,2733.0,2704.0,4751.0,0.0,0.0,0.0,0.0,901.0,901.0,902.0,907.0,910.0,916.0,5778.0,4286.0,6180.0,0.0,0.0,0.0,901.0,901.0,902.0
1.0,18262.0,2724.0,2704.0,2429.0,156.0,0.0,0.0,156.0,901.0,901.0,902.0,906.0,908.0,910.0,6936.0,6062.0,5264.0,0.0,0.0,156.0,901.0,901.0,902.0
1.0,17967.0,2726.0,2704.0,219.0,1066.0,0.0,0.0,1066.0,901.0,901.0,902.0,909.0,907.0,910.0,6560.0,7053.0,4354.0,0.0,0.0,1066.0,901.0,901.0,902.0
1.0,15460.0,2743.0,2705.0,0.0,1984.0,0.0,0.0,1984.0,902.0,901.0,902.0,915.0,910.0,918.0,5651.0,6365.0,3444.0,0.0,0.0,1984.0,902.0,901.0,902.0
1.0,12717.0,2747.0,2706.0,156.0,3437.0,689.0,0.0,2748.0,902.0,901.0,903.0,915.0,917.0,915.0,4736.0,5455.0,2526.0,689.0,0.0,2748.0,902.0,901.0,903.0
1.0,10126.0,2743.0,2706.0,1066.0,5081.0,1601.0,881.0,2599.0,902.0,901.0,903.0,912.0,914.0,917.0,3821.0,4538.0,1767.0,1601.0,881.0,2599.0,902.0,901.0,903.0
1.0,8449.0,2750.0,2707.0,1984.0,5852.0,2522.0,1794.0,1536.0,902.0,902.0,903.0,921.0,908.0,921.0,2909.0,3624.0,1916.0,2522.0,1794.0,1536.0,902.0,902.0,903.0
1.0,7683.0,2749.0,2708.0,3437.0,5467.0,2749.0,2718.0,0.0,903.0,902.0,903.0,911.0,924.0,914.0,1988.0,2716.0,2979.0,2749.0,2718.0,0.0,903.0,902.0,903.0
1.0,8371.0,2744.0,2708.0,5081.0,4809.0,2061.0,2748.0,0.0,903.0,902.0,903.0,913.0,911.0,920.0,1766.0,1792.0,4813.0,2061.0,2748.0,0.0,903.0,902.0,903.0
1.0,10708.0,2744.0,2709.0,5852.0,2319.0,446.0,1873.0,0.0,903.0,902.0,904.0,907.0,919.0,918.0,2454.0,1762.0,6492.0,446.0,1873.0,0.0,903.0,902.0,904.0
1.0,13816.0,2734.0,2710.0,5467.0,78.0,0.0,78.0,0.0,903.0,903.0,904.0,908.0,918.0,908.0,4069.0,2637.0,7110.0,0.0,78.0,0.0,903.0,903.0,904.0
1.0,16549.0,2734.0,2710.0,4809.0,0.0,0.0,0.0,0.0,903.0,903.0,904.0,904.0,919.0,911.0,5910.0,4437.0,6202.0,0.0,0.0,0.0,903.0,903.0,904.0
1.0,18624.0,2728.0,2710.0,2319.0,139.0,0.0,0.0,139.0,903.0,903.0,904.0,908.0,910.0,910.0,7067.0,6266.0,5291.0,0.0,0.0,139.0,903.0,903.0,904.0
1.0,18215.0,2715.0,2711.0,78.0,1043.0,0.0,0.0,1043.0,903.0,904.0,904.0,902.0,909.0,904.0,6605.0,7229.0,4381.0,0.0,0.0,1043.0,903.0,904.0,904.0
1.0,15578.0,2721.0,2711.0,0.0,1946.0,0.0,0.0,1946.0,903.0,904.0,904.0,905.0,913.0,903.0,5703.0,6398.0,3477.0,0.0,0.0,1946.0,903.0,904.0,904.0
1.0,12857.0,2714.0,2712.0,139.0,3332.0,627.0,0.0,2705.0,904.0,904.0,904.0,905.0,911.0,898.0,4798.0,5485.0,2574.0,627.0,0.0,2705.0,904.0,904.0,904.0
1.0,10282.0,2710.0,2712.0,1043.0,4945.0,1521.0,861.0,2563.0,903.0,905.0,904.0,899.0,910.0,901.0,3893.0,4574.0,1815.0,1521.0,861.0,2563.0,903.0,905.0,904.0
1.0,8615.0,2715.0,2713.0,1946.0,5719.0,2434.0,1766.0,1519.0,904.0,905.0,904.0,908.0,905.0,902.0,2994.0,3664.0,1957.0,2434.0,1766.0,1519.0,904.0,905.0,904.0
1.0,7846.0,2710.0,2713.0,3332.0,5383.0,2713.0,2670.0,0.0,904.0,905.0,904.0,906.0,904.0,900.0,2086.0,2759.0,3001.0,2713.0,2670.0,0.0,904.0,905.0,904.0
1.0,8468.0,2720.0,2715.0,4945.0,4815.0,2097.0,2718.0,0.0,904.0,906.0,905.0,905.0,904.0,911.0,1807.0,1855.0,4806.0,2097.0,2718.0,0.0,904.0,906.0,905.0
1.0,10693.0,2714.0,2716.0,5719.0,2436.0,576.0,1860.0,0.0,905.0,906.0,905.0,908.0,908.0,898.0,2423.0,1812.0,6458.0,576.0,1860.0,0.0,905.0,906.0,905.0
1.0,13698.0,2716.0,2716.0,5383.0,90.0,0.0,90.0,0.0,905.0,906.0,905.0,913.0,900.0,903.0,3949.0,2670.0,7079.0,0.0,90.0,0.0,905.0,906.0,905.0
1.0,16365.0,2708.0,2716.0,4815.0,0.0,0.0,0.0,0.0,905.0,906.0,905.0,905.0,900.0,903.0,5749.0,4440.0,6176.0,0.0,0.0,0.0,905.0,906.0,905.0
1.0,18472.0,2719.0,2716.0,2436.0,158.0,0.0,0.0,158.0,905.0,906.0,905.0,904.0,909.0,906.0,6941.0,6258.0,5273.0,0.0,0.0,158.0,905.0,906.0,905.0
1.0,18189.0,2721.0,2716.0,90.0,1062.0,0.0,0.0,1062.0,905.0,906.0,905.0,910.0,907.0,904.0,6613.0,7209.0,4367.0,0.0,0.0,1062.0,905.0,906.0,905.0
1.0,15558.0,2724.0,2717.0,0.0,1965.0,0.0,0.0,1965.0,906.0,906.0,905.0,915.0,906.0,903.0,5703.0,6392.0,3463.0,0.0,0.0,1965.0,906.0,906.0,905.0
1.0,12834.0,2747.0,2717.0,158.0,3385.0,662.0,0.0,2723.0,906.0,906.0,905.0,920.0,911.0,916.0,4788.0,5486.0,2560.0,662.0,0.0,2723.0,906.0,906.0,905.0
1.0,10245.0,2738.0,2717.0,1062.0,5016.0,1580.0,868.0,2568.0,906.0,906.0,905.0,918.0,913.0,907.0,3868.0,4575.0,1802.0,1580.0,868.0,2568.0,906.0,906.0,905.0
1.0,8569.0,2759.0,2720.0,1965.0,5825.0,2508.0,1790.0,1527.0,907.0,907.0,906.0,923.0,917.0,919.0,2950.0,3662.0,1957.0,2508.0,1790.0,1527.0,907.0,907.0,906.0
1.0,7775.0,2746.0,2720.0,3385.0,5470.0,2764.0,2706.0,0.0,907.0,907.0,906.0,918.0,916.0,912.0,2027.0,2745.0,3003.0,2764.0,2706.0,0.0,907.0,907.0,906.0
1.0,8414.0,2749.0,2720.0,5016.0,4854.0,2099.0,2755.0,0.0,907.0,907.0,906.0,915.0,917.0,917.0,1771.0,1829.0,4814.0,2099.0,2755.0,0.0,907.0,907.0,906.0
1.0,10681.0,2756.0,2720.0,5825.0,2398.0,505.0,1893.0,0.0,907.0,907.0,906.0,914.0,928.0,914.0,2436.0,1780.0,6465.0,505.0,1893.0,0.0,907.0,907.0,906.0
1.0,13750.0,2759.0,2722.0,5470.0,104.0,0.0,104.0,0.0,908.0,907.0,907.0,920.0,917.0,922.0,4030.0,2642.0,7078.0,0.0,104.0,0.0,908.0,907.0,907.0
1.0,16461.0,2755.0,2722.0,4854.0,0.0,0.0,0.0,0.0,908.0,907.0,907.0,921.0,911.0,923.0,5874.0,4431.0,6156.0,0.0,0.0,0.0,908.0,907.0,907.0
1.0,18560.0,2761.0,2722.0,2398.0,226.0,0.0,0.0,226.0,908.0,907.0,907.0,920.0,917.0,924.0,7052.0,6275.0,5233.0,0.0,0.0,226.0,908.0,907.0,907.0
1.0,18197.0,2757.0,2724.0,104.0,1158.0,0.0,0.0,1158.0,908.0,908.0,908.0,913.0,917.0,927.0,6637.0,7251.0,4309.0,0.0,0.0,1158.0,908.0,908.0,908.0
1.0,15544.0,2746.0,2724.0,0.0,2080.0,0.0,0.0,2080.0,908.0,908.0,908.0,906.0,918.0,922.0,5724.0,6438.0,3382.0,0.0,0.0,2080.0,908.0,908.0,908.0
1.0,12798.0,2745.0,2726.0,226.0,3414.0,638.0,0.0,2776.0,909.0,908.0,909.0,911.0,917.0,917.0,4818.0,5520.0,2460.0,638.0,0.0,2776.0,909.0,908.0,909.0
1.0,10279.0,2745.0,2726.0,1158.0,4938.0,1549.0,855.0,2534.0,909.0,908.0,909.0,911.0,918.0,916.0,3907.0,4603.0,1769.0,1549.0,855.0,2534.0,909.0,908.0,909.0
1.0,8692.0,2736.0,2726.0,2080.0,5594.0,2455.0,1771.0,1368.0,909.0,908.0,909.0,906.0,916.0,914.0,2996.0,3685.0,2011.0,2455.0,1771.0,1368.0,909.0,908.0,909.0
1.0,8036.0,2738.0,2728.0,3414.0,5417.0,2725.0,2692.0,0.0,909.0,909.0,910.0,908.0,916.0,914.0,2090.0,2769.0,3177.0,2725.0,2692.0,0.0,909.0,909.0,910.0
1.0,8712.0,2736.0,2728.0,4938.0,4832.0,2084.0,2748.0,0.0,909.0,909.0,910.0,908.0,911.0,917.0,1820.0,1853.0,5039.0,2084.0,2748.0,0.0,909.0,909.0,910.0
1.0,10914.0,2733.0,2729.0,5594.0,2429.0,533.0,1896.0,0.0,909.0,910.0,910.0,904.0,914.0,915.0,2461.0,1797.0,6656.0,533.0,1896.0,0.0,909.0,910.0,910.0
1.0,13775.0,2740.0,2730.0,5417.0,117.0,0.0,117.0,0.0,909.0,910.0,911.0,908.0,913.0,919.0,4012.0,2654.0,7109.0,0.0,117.0,0.0,909.0,910.0,911.0
1.0,16452.0,2733.0,2730.0,4832.0,0.0,0.0,0.0,0.0,909.0,910.0,911.0,903.0,910.0,920.0,5829.0,4433.0,6190.0,0.0,0.0,0.0,909.0,910.0,911.0
1.0,18551.0,2731.0,2732.0,2429.0,200.0,0.0,0.0,200.0,910.0,910.0,912.0,910.0,911.0,910.0,7010.0,6271.0,5270.0,0.0,0.0,200.0,910.0,910.0,912.0
1.0,18249.0,2740.0,2733.0,117.0,1115.0,0.0,0.0,1115.0,910.0,911.0,912.0,907.0,918.0,915.0,6633.0,7256.0,4360.0,0.0,0.0,1115.0,910.0,911.0,912.0
1.0,15626.0,2745.0,2733.0,0.0,2028.0,0.0,0.0,2028.0,910.0,911.0,912.0,917.0,915.0,913.0,5726.0,6455.0,3445.0,0.0,0.0,2028.0,910.0,911.0,912.0
1.0,12881.0,2745.0,2734.0,200.0,3401.0,657.0,0.0,2744.0,910.0,912.0,912.0,916.0,913.0,916.0,4809.0,5540.0,2532.0,657.0,0.0,2744.0,910.0,912.0,912.0
1.0,10336.0,2739.0,2735.0,1115.0,4963.0,1578.0,846.0,2539.0,911.0,912.0,912.0,916.0,913.0,910.0,3893.0,4627.0,1816.0,1578.0,846.0,2539.0,911.0,912.0,912.0
1.0,8712.0,2739.0,2735.0,2028.0,5674.0,2491.0,1763.0,1420.0,911.0,912.0,912.0,913.0,917.0,909.0,2977.0,3714.0,2021.0,2491.0,1763.0,1420.0,911.0,912.0,912.0
1.0,8001.0,2752.0,2736.0,3401.0,5436.0,2755.0,2681.0,0.0,911.0,913.0,912.0,921.0,913.0,918.0,2064.0,2797.0,3140.0,2755.0,2681.0,0.0,911.0,913.0,912.0
1.0,8650.0,2753.0,2736.0,4963.0,4853.0,2096.0,2757.0,0.0,911.0,913.0,912.0,919.0,922.0,912.0,1800.0,1884.0,4966.0,2096.0,2757.0,0.0,911.0,913.0,912.0
1.0,10860.0,2758.0,2738.0,5674.0,2445.0,536.0,1909.0,0.0,912.0,913.0,913.0,926.0,915.0,917.0,2459.0,1808.0,6593.0,536.0,1909.0,0.0,912.0,913.0,913.0
1.0,13776.0,2765.0,2738.0,5436.0,146.0,0.0,146.0,0.0,912.0,913.0,913.0,925.0,918.0,922.0,4024.0,2656.0,7096.0,0.0,146.0,0.0,912.0,913.0,913.0
1.0,16447.0,2776.0,2738.0,4853.0,0.0,0.0,0.0,0.0,912.0,913.0,913.0,932.0,916.0,928.0,5854.0,4419.0,6174.0,0.0,0.0,0.0,912.0,913.0,913.0
1.0,18524.0,2779.0,2739.0,2445.0,249.0,0.0,0.0,249.0,912.0,914.0,913.0,922.0,927.0,930.0,7018.0,6260.0,5246.0,0.0,0.0,249.0,912.0,914.0,913.0
1.0,18190.0,2759.0,2739.0,146.0,1177.0,0.0,0.0,1177.0,912.0,914.0,913.0,919.0,912.0,928.0,6632.0,7242.0,4316.0,0.0,0.0,1177.0,912.0,914.0,913.0
1.0,15577.0,2776.0,2741.0,0.0,2113.0,0.0,0.0,2113.0,913.0,914.0,914.0,930.0,915.0,931.0,5713.0,6476.0,3388.0,0.0,0.0,2113.0,913.0,914.0,914.0
1.0,12801.0,2765.0,2741.0,249.0,3490.0,708.0,0.0,2782.0,913.0,914.0,914.0,926.0,921.0,918.0,4783.0,5561.0,2457.0,708.0,0.0,2782.0,913.0,914.0,914.0
1.0,10285.0,2760.0,2741.0,1177.0,5003.0,1630.0,851.0,2522.0,913.0,914.0,914.0,922.0,921.0,917.0,3857.0,4640.0,1788.0,1630.0,851.0,2522.0,913.0,914.0,914.0
1.0,8702.0,2774.0,2742.0,2113.0,5669.0,2567.0,1769.0,1333.0,914.0,914.0,914.0,932.0,918.0,924.0,2935.0,3719.0,2048.0,2567.0,1769.0,1333.0,914.0,914.0,914.0
1.0,8041.0,2759.0,2742.0,3490.0,5472.0,2781.0,2691.0,0.0,914.0,914.0,914.0,922.0,922.0,915.0,2003.0,2801.0,3237.0,2781.0,2691.0,0.0,914.0,914.0,914.0
1.0,8772.0,2748.0,2742.0,5003.0,4819.0,2059.0,2760.0,0.0,914.0,914.0,914.0,908.0,920.0,920.0,1789.0,1879.0,5104.0,2059.0,2760.0,0.0,914.0,914.0,914.0
1.0,11027.0,2741.0,2742.0,5669.0,2315.0,406.0,1909.0,0.0,914.0,914.0,914.0,914.0,918.0,909.0,2511.0,1810.0,6706.0,406.0,1909.0,0.0,914.0,914.0,914.0
1.0,13955.0,2743.0,2742.0,5472.0,135.0,0.0,135.0,0.0,914.0,914.0,914.0,916.0,917.0,910.0,4164.0,2661.0,7130.0,0.0,135.0,0.0,914.0,914.0,914.0
1.0,16684.0,2741.0,2742.0,4819.0,0.0,0.0,0.0,0.0,914.0,914.0,914.0,916.0,912.0,913.0,6029.0,4435.0,6220.0,0.0,0.0,0.0,914.0,914.0,914.0
1.0,18762.0,2733.0,2743.0,2315.0,183.0,0.0,0.0,183.0,914.0,914.0,915.0,905.0,913.0,915.0,7172.0,6283.0,5307.0,0.0,0.0,183.0,914.0,914.0,915.0
1.0,18344.0,2743.0,2744.0,135.0,1101.0,0.0,0.0,1101.0,915.0,914.0,915.0,907.0,918.0,918.0,6673.0,7279.0,4392.0,0.0,0.0,1101.0,915.0,914.0,915.0
1.0,15736.0,2729.0,2745.0,0.0,2005.0,0.0,0.0,2005.0,915.0,915.0,915.0,908.0,917.0,904.0,5766.0,6496.0,3474.0,0.0,0.0,2005.0,915.0,915.0,915.0
1.0,13007.0,2736.0,2745.0,183.0,3360.0,625.0,0.0,2735.0,915.0,915.0,915.0,908.0,915.0,913.0,4858.0,5579.0,2570.0,625.0,0.0,2735.0,915.0,915.0,915.0
1.0,10454.0,2746.0,2745.0,1101.0,4916.0,1541.0,823.0,2552.0,915.0,915.0,915.0,916.0,912.0,918.0,3950.0,4664.0,1840.0,1541.0,823.0,2552.0,915.0,915.0,915.0
1.0,8809.0,2749.0,2746.0,2005.0,5665.0,2459.0,1742.0,1464.0,915.0,915.0,916.0,918.0,919.0,912.0,3034.0,3752.0,2023.0,2459.0,1742.0,1464.0,915.0,915.0,916.0
1.0,8065.0,2735.0,2746.0,3360.0,5401.0,2743.0,2658.0,0.0,915.0,915.0,916.0,909.0,916.0,910.0,2116.0,2833.0,3116.0,2743.0,2658.0,0.0,915.0,915.0,916.0
1.0,8690.0,2749.0,2747.0,4916.0,4874.0,2120.0,2754.0,0.0,915.0,916.0,916.0,918.0,914.0,917.0,1832.0,1917.0,4941.0,2120.0,2754.0,0.0,915.0,916.0,916.0
1.0,10857.0,2763.0,2749.0,5665.0,2516.0,582.0,1934.0,0.0,916.0,916.0,917.0,916.0,922.0,925.0,2455.0,1826.0,6576.0,582.0,1934.0,0.0,916.0,916.0,917.0
1.0,13759.0,2781.0,2749.0,5401.0,208.0,0.0,208.0,0.0,916.0,916.0,917.0,928.0,932.0,921.0,3998.0,2646.0,7115.0,0.0,208.0,0.0,916.0,916.0,917.0
1.0,16379.0,2787.0,2750.0,4874.0,0.0,0.0,0.0,0.0,916.0,917.0,917.0,923.0,936.0,928.0,5813.0,4372.0,6194.0,0.0,0.0,0.0,916.0,917.0,917.0
1.0,18466.0,2784.0,2751.0,2516.0,253.0,0.0,0.0,253.0,916.0,917.0,918.0,928.0,927.0,929.0,7010.0,6190.0,5266.0,0.0,0.0,253.0,916.0,917.0,918.0
1.0,18198.0,2788.0,2752.0,208.0,1183.0,0.0,0.0,1183.0,916.0,918.0,918.0,926.0,932.0,930.0,6664.0,7197.0,4337.0,0.0,0.0,1183.0,916.0,918.0,918.0
1.0,15618.0,2779.0,2752.0,0.0,2110.0,0.0,0.0,2110.0,916.0,918.0,918.0,926.0,926.0,927.0,5738.0,6473.0,3407.0,0.0,0.0,2110.0,916.0,918.0,918.0
1.0,12839.0,2795.0,2754.0,253.0,3493.0,701.0,0.0,2792.0,917.0,918.0,919.0,928.0,937.0,930.0,4812.0,5547.0,2480.0,701.0,0.0,2792.0,917.0,918.0,919.0
1.0,10297.0,2801.0,2755.0,1183.0,5096.0,1636.0,922.0,2538.0,917.0,919.0,919.0,935.0,937.0,929.0,3884.0,4610.0,1803.0,1636.0,922.0,2538.0,917.0,919.0,919.0
1.0,8679.0,2792.0,2755.0,2110.0,5778.0,2573.0,1849.0,1356.0,917.0,919.0,919.0,937.0,927.0,928.0,2949.0,3673.0,2057.0,2573.0,1849.0,1356.0,917.0,919.0,919.0
1.0,7997.0,2808.0,2756.0,3493.0,5599.0,2817.0,2782.0,0.0,918.0,919.0,919.0,940.0,933.0,935.0,2012.0,2746.0,3239.0,2817.0,2782.0,0.0,918.0,919.0,919.0
1.0,8682.0,2799.0,2756.0,5096.0,4910.0,2116.0,2794.0,0.0,918.0,919.0,919.0,935.0,934.0,930.0,1773.0,1813.0,5096.0,2116.0,2794.0,0.0,918.0,919.0,919.0
1.0,10979.0,2799.0,2758.0,5778.0,2362.0,479.0,1883.0,0.0,918.0,920.0,920.0,936.0,933.0,930.0,2474.0,1801.0,6704.0,479.0,1883.0,0.0,918.0,920.0,920.0
1.0,13958.0,2786.0,2759.0,5599.0,29.0,0.0,29.0,0.0,919.0,920.0,920.0,929.0,928.0,929.0,4111.0,2717.0,7130.0,0.0,29.0,0.0,919.0,920.0,920.0
1.0,16771.0,2770.0,2759.0,4910.0,0.0,0.0,0.0,0.0,919.0,920.0,920.0,920.0,927.0,923.0,5999.0,4571.0,6201.0,0.0,0.0,0.0,919.0,920.0,920.0
1.0,18911.0,2778.0,2759.0,2362.0,247.0,0.0,0.0,247.0,919.0,920.0,920.0,921.0,932.0,925.0,7195.0,6438.0,5278.0,0.0,0.0,247.0,919.0,920.0,920.0
1.0,18495.0,2757.0,2759.0,29.0,1165.0,0.0,0.0,1165.0,919.0,920.0,920.0,918.0,921.0,918.0,6753.0,7389.0,4353.0,0.0,0.0,1165.0,919.0,920.0,920.0
1.0,15767.0,2763.0,2761.0,0.0,2086.0,0.0,0.0,2086.0,920.0,921.0,920.0,919.0,923.0,921.0,5835.0,6497.0,3435.0,0.0,0.0,2086.0,920.0,921.0,920.0
1.0,13004.0,2754.0,2761.0,247.0,3356.0,598.0,0.0,2758.0,920.0,921.0,920.0,914.0,921.0,919.0,4916.0,5574.0,2514.0,598.0,0.0,2758.0,920.0,921.0,920.0
1.0,10497.0,2756.0,2761.0,1165.0,4899.0,1518.0,867.0,2514.0,920.0,921.0,920.0,920.0,915.0,921.0,4002.0,4653.0,1842.0,1518.0,867.0,2514.0,920.0,921.0,920.0
1.0,8906.0,2746.0,2761.0,2086.0,5559.0,2439.0,1780.0,1340.0,920.0,921.0,920.0,921.0,913.0,912.0,3082.0,3738.0,2086.0,2439.0,1780.0,1340.0,920.0,921.0,920.0
1.0,8246.0,2746.0,2761.0,3356.0,5453.0,2761.0,2692.0,0.0,920.0,921.0,920.0,920.0,912.0,914.0,2161.0,2825.0,3260.0,2761.0,2692.0,0.0,920.0,921.0,920.0
1.0,8856.0,2734.0,2762.0,4899.0,4898.0,2158.0,2740.0,0.0,921.0,921.0,920.0,910.0,915.0,909.0,1839.0,1913.0,5104.0,2158.0,2740.0,0.0,921.0,921.0,920.0
1.0,11021.0,2750.0,2762.0,5559.0,2517.0,637.0,1880.0,0.0,921.0,921.0,920.0,918.0,920.0,912.0,2447.0,1865.0,6709.0,637.0,1880.0,0.0,921.0,921.0,920.0
1.0,13830.0,2744.0,2762.0,5453.0,101.0,0.0,101.0,0.0,921.0,921.0,920.0,920.0,913.0,911.0,3968.0,2725.0,7137.0,0.0,101.0,0.0,921.0,921.0,920.0
1.0,16539.0,2748.0,2762.0,4898.0,0.0,0.0,0.0,0.0,921.0,921.0,920.0,916.0,914.0,918.0,5809.0,4504.0,6226.0,0.0,0.0,0.0,921.0,921.0,920.0
1.0,18689.0,2773.0,2762.0,2517.0,219.0,0.0,0.0,219.0,921.0,921.0,920.0,928.0,918.0,927.0,7051.0,6330.0,5308.0,0.0,0.0,219.0,921.0,921.0,920.0
1.0,18433.0,2763.0,2762.0,101.0,1141.0,0.0,0.0,1141.0,921.0,921.0,920.0,921.0,920.0,922.0,6760.0,7292.0,4381.0,0.0,0.0,1141.0,921.0,921.0,920.0
1.0,15771.0,2769.0,2763.0,0.0,2061.0,0.0,0.0,2061.0,922.0,921.0,920.0,927.0,922.0,920.0,5839.0,6473.0,3459.0,0.0,0.0,2061.0,922.0,921.0,920.0
1.0,13002.0,2791.0,2765.0,219.0,3403.0,630.0,0.0,2773.0,922.0,922.0,921.0,932.0,933.0,926.0,4912.0,5551.0,2539.0,630.0,0.0,2773.0,922.0,922.0,921.0
1.0,10430.0,2795.0,2765.0,1141.0,5049.0,1564.0,926.0,2559.0,922.0,922.0,921.0,934.0,934.0,927.0,3980.0,4618.0,1832.0,1564.0,926.0,2559.0,922.0,922.0,921.0
1.0,8776.0,2788.0,2765.0,2061.0,5776.0,2494.0,1855.0,1427.0,922.0,922.0,921.0,930.0,929.0,929.0,3046.0,3684.0,2046.0,2494.0,1855.0,1427.0,922.0,922.0,921.0
1.0,8049.0,2798.0,2765.0,3403.0,5591.0,2795.0,2796.0,0.0,922.0,922.0,921.0,931.0,941.0,926.0,2116.0,2755.0,3178.0,2795.0,2796.0,0.0,922.0,922.0,921.0
1.0,8654.0,2803.0,2766.0,5049.0,4982.0,2164.0,2818.0,0.0,922.0,923.0,921.0,933.0,943.0,927.0,1815.0,1814.0,5025.0,2164.0,2818.0,0.0,922.0,923.0,921.0
1.0,10900.0,2815.0,2767.0,5776.0,2514.0,619.0,1895.0,0.0,923.0,923.0,921.0,944.0,932.0,939.0,2446.0,1797.0,6657.0,619.0,1895.0,0.0,923.0,923.0,921.0
1.0,13861.0,2821.0,2768.0,5591.0,47.0,0.0,47.0,0.0,923.0,924.0,921.0,943.0,943.0,935.0,3996.0,2720.0,7145.0,0.0,47.0,0.0,923.0,924.0,921.0
1.0,16631.0,2818.0,2769.0,4982.0,0.0,0.0,0.0,0.0,923.0,924.0,922.0,938.0,941.0,939.0,5848.0,4573.0,6210.0,0.0,0.0,0.0,923.0,924.0,922.0
1.0,18795.0,2813.0,2770.0,2514.0,273.0,0.0,0.0,273.0,923.0,925.0,922.0,937.0,942.0,934.0,7074.0,6450.0,5271.0,0.0,0.0,273.0,923.0,925.0,922.0
1.0,18496.0,2815.0,2771.0,47.0,1207.0,0.0,0.0,1207.0,924.0,925.0,922.0,944.0,937.0,934.0,6756.0,7403.0,4337.0,0.0,0.0,1207.0,924.0,925.0,922.0
1.0,15728.0,2799.0,2771.0,0.0,2142.0,0.0,0.0,2142.0,924.0,925.0,922.0,931.0,933.0,935.0,5812.0,6513.0,3403.0,0.0,0.0,2142.0,924.0,925.0,922.0
1.0,12929.0,2794.0,2772.0,273.0,3471.0,669.0,0.0,2802.0,924.0,925.0,923.0,930.0,936.0,928.0,4881.0,5580.0,2468.0,669.0,0.0,2802.0,924.0,925.0,923.0
1.0,10408.0,2798.0,2773.0,1207.0,5048.0,1596.0,925.0,2527.0,924.0,926.0,923.0,927.0,939.0,932.0,3951.0,4644.0,1813.0,1596.0,925.0,2527.0,924.0,926.0,923.0
1.0,8817.0,2794.0,2774.0,2142.0,5705.0,2535.0,1853.0,1317.0,925.0,926.0,923.0,934.0,928.0,932.0,3024.0,3705.0,2088.0,2535.0,1853.0,1317.0,925.0,926.0,923.0
1.0,8165.0,2794.0,2775.0,3471.0,5577.0,2792.0,2785.0,0.0,925.0,926.0,924.0,926.0,932.0,936.0,2090.0,2777.0,3298.0,2792.0,2785.0,0.0,925.0,926.0,924.0
1.0,8842.0,2776.0,2776.0,5048.0,4909.0,2115.0,2794.0,0.0,925.0,927.0,924.0,919.0,929.0,928.0,1833.0,1845.0,5164.0,2115.0,2794.0,0.0,925.0,927.0,924.0
1.0,11114.0,2771.0,2776.0,5705.0,2362.0,502.0,1860.0,0.0,925.0,927.0,924.0,922.0,919.0,930.0,2510.0,1841.0,6763.0,502.0,1860.0,0.0,925.0,927.0,924.0
1.0,14048.0,2783.0,2778.0,5577.0,3.0,0.0,3.0,0.0,926.0,927.0,925.0,919.0,928.0,936.0,4123.0,2775.0,7150.0,0.0,3.0,0.0,926.0,927.0,925.0
1.0,16842.0,2758.0,2778.0,4909.0,0.0,0.0,0.0,0.0,926.0,927.0,925.0,915.0,919.0,924.0,5996.0,4632.0,6214.0,0.0,0.0,0.0,926.0,927.0,925.0
1.0,18993.0,2757.0,2778.0,2362.0,260.0,0.0,0.0,260.0,926.0,927.0,925.0,918.0,914.0,925.0,7196.0,6507.0,5290.0,0.0,0.0,260.0,926.0,927.0,925.0
1.0,18598.0,2773.0,2779.0,3.0,1189.0,0.0,0.0,1189.0,926.0,927.0,926.0,922.0,927.0,924.0,6780.0,7453.0,4365.0,0.0,0.0,1189.0,926.0,927.0,926.0
1.0,15828.0,2752.0,2779.0,0.0,2109.0,0.0,0.0,2109.0,926.0,927.0,926.0,910.0,922.0,920.0,5858.0,6529.0,3441.0,0.0,0.0,2109.0,926.0,927.0,926.0
1.0,13076.0,2771.0,2780.0,260.0,3373.0,600.0,0.0,2773.0,926.0,928.0,926.0,918.0,929.0,924.0,4948.0,5607.0,2521.0,600.0,0.0,2773.0,926.0,928.0,926.0
1.0,10565.0,2769.0,2780.0,1189.0,4915.0,1532.0,881.0,2502.0,926.0,928.0,926.0,932.0,919.0,918.0,4030.0,4678.0,1857.0,1532.0,881.0,2502.0,926.0,928.0,926.0
1.0,8985.0,2779.0,2781.0,2109.0,5590.0,2463.0,1803.0,1324.0,927.0,928.0,926.0,926.0,922.0,931.0,3098.0,3759.0,2128.0,2463.0,1803.0,1324.0,927.0,928.0,926.0
1.0,8315.0,2787.0,2780.0,3373.0,5515.0,2795.0,2720.0,0.0,927.0,927.0,926.0,932.0,922.0,933.0,2172.0,2837.0,3306.0,2795.0,2720.0,0.0,927.0,927.0,926.0
1.0,8901.0,2787.0,2780.0,4915.0,4957.0,2195.0,2762.0,0.0,927.0,927.0,926.0,932.0,923.0,932.0,1840.0,1915.0,5146.0,2195.0,2762.0,0.0,927.0,927.0,926.0
1.0,11029.0,2793.0,2780.0,5590.0,2550.0,660.0,1890.0,0.0,927.0,927.0,926.0,928.0,931.0,934.0,2440.0,1873.0,6716.0,660.0,1890.0,0.0,927.0,927.0,926.0
1.0,13826.0,2805.0,2781.0,5515.0,101.0,0.0,101.0,0.0,927.0,927.0,927.0,937.0,931.0,937.0,3975.0,2745.0,7106.0,0.0,101.0,0.0,927.0,927.0,927.0
1.0,16536.0,2820.0,2782.0,4957.0,0.0,0.0,0.0,0.0,927.0,928.0,927.0,939.0,938.0,943.0,5833.0,4534.0,6169.0,0.0,0.0,0.0,927.0,928.0,927.0
1.0,18673.0,2809.0,2782.0,2550.0,347.0,0.0,0.0,347.0,927.0,928.0,927.0,934.0,937.0,938.0,7089.0,6358.0,5226.0,0.0,0.0,347.0,927.0,928.0,927.0
1.0,18414.0,2819.0,2782.0,101.0,1282.0,0.0,0.0,1282.0,927.0,928.0,927.0,942.0,942.0,935.0,6815.0,7311.0,4288.0,0.0,0.0,1282.0,927.0,928.0,927.0
1.0,15696.0,2825.0,2783.0,0.0,2217.0,0.0,0.0,2217.0,928.0,928.0,927.0,945.0,945.0,935.0,5873.0,6470.0,3353.0,0.0,0.0,2217.0,928.0,928.0,927.0
1.0,12871.0,2832.0,2784.0,347.0,3534.0,659.0,57.0,2818.0,928.0,928.0,928.0,947.0,942.0,943.0,4928.0,5525.0,2418.0,659.0,57.0,2818.0,928.0,928.0,928.0
1.0,10386.0,2821.0,2784.0,1282.0,5073.0,1604.0,1000.0,2469.0,928.0,928.0,928.0,945.0,943.0,933.0,3981.0,4583.0,1822.0,1604.0,1000.0,2469.0,928.0,928.0,928.0
1.0,8847.0,2808.0,2784.0,2217.0,5664.0,2545.0,1940.0,1179.0,928.0,928.0,928.0,941.0,940.0,927.0,3036.0,3640.0,2171.0,2545.0,1940.0,1179.0,928.0,928.0,928.0
1.0,8256.0,2829.0,2785.0,3534.0,5658.0,2832.0,2826.0,0.0,928.0,929.0,928.0,946.0,938.0,945.0,2095.0,2700.0,3461.0,2832.0,2826.0,0.0,928.0,929.0,928.0
1.0,8961.0,2819.0,2786.0,5073.0,4940.0,2178.0,2762.0,0.0,929.0,929.0,928.0,945.0,936.0,938.0,1808.0,1819.0,5334.0,2178.0,2762.0,0.0,929.0,929.0,928.0
1.0,11215.0,2806.0,2786.0,5664.0,2335.0,571.0,1764.0,0.0,929.0,929.0,928.0,938.0,942.0,926.0,2467.0,1883.0,6865.0,571.0,1764.0,0.0,929.0,929.0,928.0
1.0,14073.0,2809.0,2787.0,5658.0,0.0,0.0,0.0,0.0,930.0,929.0,928.0,940.0,942.0,927.0,4074.0,2881.0,7118.0,0.0,0.0,0.0,930.0,929.0,928.0
1.0,16922.0,2804.0,2788.0,4940.0,0.0,0.0,0.0,0.0,930.0,930.0,928.0,940.0,934.0,930.0,5966.0,4765.0,6191.0,0.0,0.0,0.0,930.0,930.0,928.0
1.0,19058.0,2796.0,2789.0,2335.0,310.0,0.0,0.0,310.0,930.0,930.0,929.0,929.0,941.0,926.0,7204.0,6593.0,5261.0,0.0,0.0,310.0,930.0,930.0,929.0
1.0,18597.0,2797.0,2790.0,0.0,1239.0,0.0,0.0,1239.0,931.0,930.0,929.0,932.0,936.0,929.0,6846.0,7416.0,4335.0,0.0,0.0,1239.0,931.0,930.0,929.0
1.0,15800.0,2768.0,2791.0,0.0,2157.0,0.0,0.0,2157.0,931.0,931.0,929.0,922.0,928.0,918.0,5914.0,6480.0,3406.0,0.0,0.0,2157.0,931.0,931.0,929.0
1.0,13032.0,2791.0,2791.0,310.0,3404.0,589.0,40.0,2775.0,931.0,931.0,929.0,926.0,937.0,928.0,4992.0,5552.0,2488.0,589.0,40.0,2775.0,931.0,931.0,929.0
1.0,10551.0,2778.0,2792.0,1239.0,4948.0,1508.0,970.0,2470.0,931.0,931.0,930.0,919.0,930.0,929.0,4066.0,4615.0,1870.0,1508.0,970.0,2470.0,931.0,931.0,930.0
1.0,9012.0,2799.0,2793.0,2157.0,5595.0,2439.0,1914.0,1242.0,931.0,932.0,930.0,931.0,939.0,929.0,3147.0,3685.0,2180.0,2439.0,1914.0,1242.0,931.0,932.0,930.0
1.0,8370.0,2787.0,2793.0,3404.0,5577.0,2770.0,2807.0,0.0,931.0,932.0,930.0,920.0,933.0,934.0,2216.0,2746.0,3408.0,2770.0,2807.0,0.0,931.0,932.0,930.0
1.0,8987.0,2790.0,2795.0,4948.0,4960.0,2184.0,2776.0,0.0,931.0,933.0,931.0,922.0,934.0,934.0,1885.0,1853.0,5249.0,2184.0,2776.0,0.0,931.0,933.0,931.0
1.0,11145.0,2798.0,2795.0,5595.0,2464.0,675.0,1789.0,0.0,931.0,933.0,931.0,930.0,927.0,941.0,2471.0,1889.0,6785.0,675.0,1789.0,0.0,931.0,933.0,931.0
1.0,13942.0,2810.0,2795.0,5577.0,0.0,0.0,0.0,0.0,931.0,933.0,931.0,931.0,939.0,940.0,3980.0,2876.0,7086.0,0.0,0.0,0.0,931.0,933.0,931.0
1.0,16709.0,2818.0,2798.0,4960.0,0.0,0.0,0.0,0.0,932.0,934.0,932.0,934.0,942.0,942.0,5819.0,4744.0,6146.0,0.0,0.0,0.0,932.0,934.0,932.0
1.0,18851.0,2799.0,2797.0,2464.0,394.0,0.0,0.0,394.0,931.0,934.0,932.0,927.0,934.0,938.0,7069.0,6578.0,5204.0,0.0,0.0,394.0,931.0,934.0,932.0
1.0,18516.0,2822.0,2798.0,0.0,1337.0,0.0,0.0,1337.0,932.0,934.0,932.0,939.0,940.0,943.0,6817.0,7433.0,4266.0,0.0,0.0,1337.0,932.0,934.0,932.0
1.0,15694.0,2823.0,2798.0,0.0,2276.0,0.0,0.0,2276.0,932.0,934.0,932.0,942.0,942.0,939.0,5878.0,6493.0,3323.0,0.0,0.0,2276.0,932.0,934.0,932.0
1.0,12871.0,2823.0,2799.0,394.0,3553.0,667.0,58.0,2828.0,932.0,934.0,933.0,943.0,939.0,941.0,4936.0,5551.0,2384.0,667.0,58.0,2828.0,932.0,934.0,933.0
1.0,10442.0,2831.0,2799.0,1337.0,5047.0,1609.0,998.0,2440.0,932.0,934.0,933.0,942.0,940.0,949.0,3993.0,4612.0,1837.0,1609.0,998.0,2440.0,932.0,934.0,933.0
1.0,8948.0,2829.0,2799.0,2276.0,5600.0,2549.0,1938.0,1113.0,932.0,934.0,933.0,940.0,940.0,949.0,3051.0,3672.0,2225.0,2549.0,1938.0,1113.0,932.0,934.0,933.0
1.0,8395.0,2842.0,2800.0,3553.0,5651.0,2828.0,2823.0,0.0,932.0,934.0,934.0,946.0,943.0,953.0,2111.0,2732.0,3552.0,2828.0,2823.0,0.0,932.0,934.0,934.0
1.0,9106.0,2843.0,2800.0,5047.0,4938.0,2171.0,2767.0,0.0,932.0,934.0,934.0,952.0,942.0,949.0,1832.0,1847.0,5427.0,2171.0,2767.0,0.0,932.0,934.0,934.0
1.0,11310.0,2845.0,2801.0,5600.0,2355.0,580.0,1775.0,0.0,933.0,934.0,934.0,953.0,946.0,946.0,2489.0,1903.0,6918.0,580.0,1775.0,0.0,933.0,934.0,934.0
1.0,14065.0,2842.0,2801.0,5651.0,0.0,0.0,0.0,0.0,933.0,934.0,934.0,951.0,945.0,946.0,4085.0,2895.0,7085.0,0.0,0.0,0.0,933.0,934.0,934.0
1.0,16874.0,2827.0,2801.0,4938.0,0.0,0.0,0.0,0.0,933.0,934.0,934.0,949.0,933.0,945.0,5962.0,4773.0,6139.0,0.0,0.0,0.0,933.0,934.0,934.0
1.0,18985.0,2827.0,2803.0,2355.0,422.0,0.0,0.0,422.0,934.0,934.0,935.0,948.0,938.0,941.0,7184.0,6607.0,5194.0,0.0,0.0,422.0,934.0,934.0,935.0
1.0,18513.0,2826.0,2803.0,0.0,1360.0,0.0,0.0,1360.0,934.0,934.0,935.0,950.0,938.0,938.0,6816.0,7444.0,4253.0,0.0,0.0,1360.0,934.0,934.0,935.0
1.0,15687.0,2811.0,2803.0,0.0,2293.0,0.0,0.0,2293.0,934.0,934.0,935.0,937.0,941.0,933.0,5866.0,6506.0,3315.0,0.0,0.0,2293.0,934.0,934.0,935.0
1.0,12876.0,2813.0,2804.0,422.0,3535.0,682.0,46.0,2807.0,934.0,935.0,935.0,941.0,936.0,936.0,4929.0,5565.0,2382.0,682.0,46.0,2807.0,934.0,935.0,935.0
1.0,10485.0,2824.0,2805.0,1360.0,5004.0,1627.0,986.0,2391.0,935.0,935.0,935.0,940.0,940.0,944.0,3988.0,4629.0,1868.0,1627.0,986.0,2391.0,935.0,935.0,935.0
1.0,9021.0,2807.0,2805.0,2293.0,5518.0,2569.0,1919.0,1030.0,935.0,935.0,935.0,942.0,933.0,932.0,3048.0,3689.0,2284.0,2569.0,1919.0,1030.0,935.0,935.0,935.0
1.0,8507.0,2800.0,2805.0,3535.0,5626.0,2821.0,2805.0,0.0,935.0,935.0,935.0,934.0,932.0,934.0,2106.0,2756.0,3645.0,2821.0,2805.0,0.0,935.0,935.0,935.0
1.0,9242.0,2793.0,2806.0,5004.0,4885.0,2129.0,2756.0,0.0,936.0,935.0,935.0,930.0,937.0,926.0,1854.0,1870.0,5518.0,2129.0,2756.0,0.0,936.0,935.0,935.0
1.0,11453.0,2794.0,2807.0,5518.0,2265.0,493.0,1772.0,0.0,936.0,936.0,935.0,933.0,930.0,931.0,2551.0,1919.0,6983.0,493.0,1772.0,0.0,936.0,936.0,935.0
1.0,14177.0,2795.0,2807.0,5626.0,0.0,0.0,0.0,0.0,936.0,936.0,935.0,933.0,937.0,925.0,4187.0,2908.0,7082.0,0.0,0.0,0.0,936.0,936.0,935.0
1.0,17008.0,2799.0,2809.0,4885.0,0.0,0.0,0.0,0.0,937.0,936.0,936.0,932.0,936.0,931.0,6075.0,4776.0,6157.0,0.0,0.0,0.0,937.0,936.0,936.0
1.0,19094.0,2799.0,2809.0,2265.0,387.0,0.0,0.0,387.0,937.0,936.0,936.0,931.0,935.0,933.0,7272.0,6596.0,5226.0,0.0,0.0,387.0,937.0,936.0,936.0
1.0,18560.0,2789.0,2810.0,0.0,1307.0,0.0,0.0,1307.0,937.0,937.0,936.0,930.0,939.0,920.0,6834.0,7433.0,4293.0,0.0,0.0,1307.0,937.0,937.0,936.0
1.0,15771.0,2823.0,2810.0,0.0,2248.0,0.0,0.0,2248.0,937.0,937.0,936.0,936.0,946.0,941.0,5904.0,6494.0,3373.0,0.0,0.0,2248.0,937.0,937.0,936.0
1.0,12948.0,2810.0,2811.0,387.0,3530.0,658.0,81.0,2791.0,937.0,938.0,936.0,941.0,939.0,930.0,4968.0,5548.0,2432.0,658.0,81.0,2791.0,937.0,938.0,936.0
1.0,10525.0,2835.0,2811.0,1307.0,5058.0,1596.0,1039.0,2423.0,937.0,938.0,936.0,938.0,958.0,939.0,4027.0,4609.0,1889.0,1596.0,1039.0,2423.0,937.0,938.0,936.0
1.0,8997.0,2819.0,2811.0,2248.0,5629.0,2529.0,1986.0,1114.0,937.0,938.0,936.0,933.0,947.0,939.0,3089.0,3651.0,2257.0,2529.0,1986.0,1114.0,937.0,938.0,936.0
1.0,8426.0,2834.0,2813.0,3530.0,5675.0,2816.0,2859.0,0.0,938.0,939.0,936.0,940.0,949.0,945.0,2156.0,2704.0,3566.0,2816.0,2859.0,0.0,938.0,939.0,936.0
1.0,9122.0,2852.0,2813.0,5058.0,4942.0,2166.0,2776.0,0.0,938.0,939.0,936.0,946.0,956.0,950.0,1874.0,1836.0,5412.0,2166.0,2776.0,0.0,938.0,939.0,936.0
1.0,11328.0,2844.0,2814.0,5629.0,2333.0,582.0,1751.0,0.0,938.0,940.0,936.0,945.0,956.0,943.0,2524.0,1919.0,6885.0,582.0,1751.0,0.0,938.0,940.0,936.0
1.0,14113.0,2855.0,2815.0,5675.0,0.0,0.0,0.0,0.0,938.0,940.0,937.0,954.0,949.0,952.0,4108.0,2949.0,7056.0,0.0,0.0,0.0,938.0,940.0,937.0
1.0,16933.0,2852.0,2815.0,4942.0,0.0,0.0,0.0,0.0,938.0,940.0,937.0,952.0,959.0,941.0,5970.0,4859.0,6104.0,0.0,0.0,0.0,938.0,940.0,937.0
1.0,19023.0,2865.0,2815.0,2333.0,478.0,0.0,0.0,478.0,938.0,940.0,937.0,954.0,955.0,956.0,7184.0,6676.0,5163.0,0.0,0.0,478.0,938.0,940.0,937.0
1.0,18491.0,2852.0,2815.0,0.0,1426.0,0.0,0.0,1426.0,938.0,940.0,937.0,952.0,952.0,948.0,6812.0,7472.0,4207.0,0.0,0.0,1426.0,938.0,940.0,937.0
1.0,15639.0,2849.0,2817.0,0.0,2383.0,0.0,0.0,2383.0,939.0,940.0,938.0,953.0,944.0,952.0,5860.0,6520.0,3259.0,0.0,0.0,2383.0,939.0,940.0,938.0
1.0,12790.0,2852.0,2818.0,478.0,3674.0,740.0,74.0,2860.0,939.0,941.0,938.0,952.0,945.0,955.0,4907.0,5576.0,2307.0,740.0,74.0,2860.0,939.0,941.0,938.0
1.0,10416.0,2852.0,2818.0,1426.0,5100.0,1695.0,1020.0,2385.0,939.0,941.0,938.0,955.0,946.0,951.0,3955.0,4631.0,1830.0,1695.0,1020.0,2385.0,939.0,941.0,938.0
1.0,8990.0,2850.0,2819.0,2383.0,5572.0,2651.0,1961.0,960.0,939.0,941.0,939.0,956.0,941.0,953.0,3000.0,3685.0,2305.0,2651.0,1961.0,960.0,939.0,941.0,939.0
1.0,8523.0,2836.0,2820.0,3674.0,5693.0,2867.0,2826.0,0.0,940.0,941.0,939.0,951.0,939.0,946.0,2044.0,2744.0,3735.0,2867.0,2826.0,0.0,940.0,941.0,939.0
1.0,9361.0,2826.0,2821.0,5100.0,4857.0,2109.0,2748.0,0.0,940.0,941.0,940.0,937.0,942.0,947.0,1833.0,1879.0,5649.0,2109.0,2748.0,0.0,940.0,941.0,940.0
1.0,11635.0,2820.0,2821.0,5572.0,2121.0,402.0,1719.0,0.0,940.0,941.0,940.0,944.0,932.0,944.0,2591.0,1957.0,7087.0,402.0,1719.0,0.0,940.0,941.0,940.0
1.0,14387.0,2826.0,2821.0,5693.0,0.0,0.0,0.0,0.0,940.0,941.0,940.0,945.0,937.0,944.0,4298.0,2986.0,7103.0,0.0,0.0,0.0,940.0,941.0,940.0
1.0,17254.0,2834.0,2823.0,4857.0,0.0,0.0,0.0,0.0,941.0,941.0,941.0,946.0,937.0,951.0,6220.0,4875.0,6159.0,0.0,0.0,0.0,941.0,941.0,941.0
1.0,19277.0,2816.0,2823.0,2121.0,437.0,0.0,0.0,437.0,941.0,941.0,941.0,942.0,934.0,940.0,7383.0,6686.0,5208.0,0.0,0.0,437.0,941.0,941.0,941.0
1.0,18582.0,2809.0,2823.0,0.0,1374.0,0.0,0.0,1374.0,941.0,941.0,941.0,938.0,934.0,937.0,6843.0,7471.0,4268.0,0.0,0.0,1374.0,941.0,941.0,941.0
1.0,15773.0,2813.0,2824.0,0.0,2326.0,0.0,0.0,2326.0,941.0,941.0,942.0,934.0,932.0,947.0,5905.0,6537.0,3331.0,0.0,0.0,2326.0,941.0,941.0,942.0
1.0,12960.0,2825.0,2825.0,437.0,3553.0,681.0,40.0,2832.0,942.0,941.0,942.0,942.0,940.0,943.0,4971.0,5605.0,2384.0,681.0,40.0,2832.0,942.0,941.0,942.0
1.0,10572.0,2812.0,2825.0,1374.0,4991.0,1611.0,980.0,2400.0,942.0,941.0,942.0,930.0,940.0,942.0,4029.0,4665.0,1878.0,1611.0,980.0,2400.0,942.0,941.0,942.0
1.0,9134.0,2818.0,2825.0,2326.0,5483.0,2553.0,1918.0,1012.0,942.0,941.0,942.0,942.0,938.0,938.0,3099.0,3725.0,2310.0,2553.0,1918.0,1012.0,942.0,941.0,942.0
1.0,8642.0,2830.0,2825.0,3553.0,5641.0,2821.0,2820.0,0.0,942.0,941.0,942.0,949.0,942.0,939.0,2157.0,2787.0,3698.0,2821.0,2820.0,0.0,942.0,941.0,942.0
1.0,9365.0,2834.0,2826.0,4991.0,4939.0,2154.0,2785.0,0.0,943.0,941.0,942.0,939.0,945.0,950.0,1889.0,1885.0,5591.0,2154.0,2785.0,0.0,943.0,941.0,942.0
1.0,11522.0,2835.0,2827.0,5483.0,2365.0,542.0,1823.0,0.0,943.0,942.0,942.0,941.0,951.0,943.0,2561.0,1920.0,7041.0,542.0,1823.0,0.0,943.0,942.0,942.0
1.0,14170.0,2843.0,2827.0,5641.0,0.0,0.0,0.0,0.0,943.0,942.0,942.0,948.0,947.0,948.0,4173.0,2887.0,7110.0,0.0,0.0,0.0,943.0,942.0,942.0
1.0,16968.0,2862.0,2828.0,4939.0,0.0,0.0,0.0,0.0,943.0,942.0,943.0,949.0,957.0,956.0,6046.0,4760.0,6162.0,0.0,0.0,0.0,943.0,942.0,943.0
1.0,19045.0,2863.0,2828.0,2365.0,459.0,0.0,0.0,459.0,943.0,942.0,943.0,953.0,960.0,950.0,7251.0,6588.0,5206.0,0.0,0.0,459.0,943.0,942.0,943.0
1.0,18547.0,2861.0,2829.0,0.0,1413.0,0.0,0.0,1413.0,943.0,943.0,943.0,948.0,959.0,954.0,6840.0,7451.0,4256.0,0.0,0.0,1413.0,943.0,943.0,943.0
1.0,15686.0,2869.0,2830.0,0.0,2368.0,0.0,0.0,2368.0,944.0,943.0,943.0,952.0,962.0,955.0,5892.0,6492.0,3302.0,0.0,0.0,2368.0,944.0,943.0,943.0
1.0,12817.0,2868.0,2831.0,459.0,3747.0,734.0,150.0,2863.0,944.0,944.0,943.0,954.0,960.0,954.0,4940.0,5530.0,2347.0,734.0,150.0,2863.0,944.0,944.0,943.0
1.0,10408.0,2859.0,2831.0,1413.0,5193.0,1684.0,1108.0,2401.0,944.0,944.0,943.0,950.0,958.0,951.0,3986.0,4570.0,1852.0,1684.0,1108.0,2401.0,944.0,944.0,943.0
1.0,8962.0,2866.0,2831.0,2368.0,5691.0,2645.0,2064.0,982.0,944.0,944.0,943.0,961.0,956.0,949.0,3036.0,3612.0,2314.0,2645.0,2064.0,982.0,944.0,944.0,943.0
1.0,8464.0,2864.0,2831.0,3747.0,5734.0,2866.0,2868.0,0.0,944.0,944.0,943.0,955.0,954.0,955.0,2075.0,2656.0,3733.0,2866.0,2868.0,0.0,944.0,944.0,943.0
1.0,9347.0,2858.0,2832.0,5193.0,4856.0,2131.0,2725.0,0.0,944.0,945.0,943.0,949.0,960.0,949.0,1854.0,1852.0,5641.0,2131.0,2725.0,0.0,944.0,945.0,943.0
1.0,11682.0,2863.0,2833.0,5691.0,2057.0,438.0,1619.0,0.0,944.0,945.0,944.0,952.0,958.0,953.0,2589.0,2000.0,7093.0,438.0,1619.0,0.0,944.0,945.0,944.0
1.0,14510.0,2850.0,2834.0,5734.0,0.0,0.0,0.0,0.0,944.0,946.0,944.0,949.0,954.0,947.0,4282.0,3106.0,7122.0,0.0,0.0,0.0,944.0,946.0,944.0
1.0,17394.0,2843.0,2834.0,4856.0,0.0,0.0,0.0,0.0,944.0,946.0,944.0,952.0,948.0,943.0,6199.0,5020.0,6175.0,0.0,0.0,0.0,944.0,946.0,944.0
1.0,19407.0,2845.0,2834.0,2057.0,434.0,0.0,0.0,434.0,944.0,946.0,944.0,950.0,949.0,946.0,7378.0,6797.0,5232.0,0.0,0.0,434.0,944.0,946.0,944.0
1.0,18619.0,2839.0,2835.0,0.0,1380.0,0.0,0.0,1380.0,945.0,946.0,944.0,948.0,945.0,946.0,6866.0,7467.0,4286.0,0.0,0.0,1380.0,945.0,946.0,944.0
1.0,15780.0,2833.0,2835.0,0.0,2321.0,0.0,0.0,2321.0,945.0,946.0,944.0,951.0,941.0,941.0,5918.0,6522.0,3340.0,0.0,0.0,2321.0,945.0,946.0,944.0
1.0,12947.0,2831.0,2835.0,434.0,3625.0,708.0,92.0,2825.0,945.0,946.0,944.0,950.0,943.0,938.0,4967.0,5581.0,2399.0,708.0,92.0,2825.0,945.0,946.0,944.0
1.0,10550.0,2830.0,2836.0,1380.0,5080.0,1656.0,1035.0,2389.0,945.0,946.0,945.0,948.0,943.0,939.0,4017.0,4638.0,1895.0,1656.0,1035.0,2389.0,945.0,946.0,945.0
1.0,9100.0,2821.0,2838.0,2321.0,5590.0,2606.0,1977.0,1007.0,946.0,947.0,945.0,945.0,937.0,939.0,3069.0,3695.0,2336.0,2606.0,1977.0,1007.0,946.0,947.0,945.0
1.0,8600.0,2841.0,2838.0,3625.0,5679.0,2848.0,2831.0,0.0,946.0,947.0,945.0,950.0,946.0,945.0,2124.0,2758.0,3718.0,2848.0,2831.0,0.0,946.0,947.0,945.0
1.0,9384.0,2830.0,2838.0,5080.0,4876.0,2134.0,2742.0,0.0,946.0,947.0,945.0,942.0,946.0,942.0,1882.0,1904.0,5598.0,2134.0,2742.0,0.0,946.0,947.0,945.0
1.0,11634.0,2831.0,2839.0,5590.0,2174.0,471.0,1703.0,0.0,946.0,947.0,946.0,943.0,938.0,950.0,2596.0,1993.0,7045.0,471.0,1703.0,0.0,946.0,947.0,946.0
1.0,14393.0,2841.0,2840.0,5679.0,0.0,0.0,0.0,0.0,947.0,947.0,946.0,946.0,938.0,957.0,4259.0,3032.0,7102.0,0.0,0.0,0.0,947.0,947.0,946.0
1.0,17231.0,2846.0,2841.0,4876.0,0.0,0.0,0.0,0.0,947.0,947.0,947.0,955.0,938.0,953.0,6161.0,4925.0,6145.0,0.0,0.0,0.0,947.0,947.0,947.0
1.0,19261.0,2853.0,2841.0,2174.0,489.0,0.0,0.0,489.0,947.0,947.0,947.0,956.0,951.0,946.0,7340.0,6729.0,5192.0,0.0,0.0,489.0,947.0,947.0,947.0
1.0,18582.0,2854.0,2842.0,0.0,1446.0,0.0,0.0,1446.0,948.0,947.0,947.0,949.0,948.0,957.0,6855.0,7481.0,4246.0,0.0,0.0,1446.0,948.0,947.0,947.0
1.0,15728.0,2865.0,2843.0,0.0,2408.0,0.0,0.0,2408.0,948.0,947.0,948.0,956.0,952.0,957.0,5906.0,6533.0,3289.0,0.0,0.0,2408.0,948.0,947.0,948.0
1.0,12863.0,2868.0,2843.0,489.0,3731.0,741.0,110.0,2880.0,948.0,947.0,948.0,951.0,956.0,961.0,4950.0,5581.0,2332.0,741.0,110.0,2880.0,948.0,947.0,948.0
1.0,10484.0,2865.0,2843.0,1446.0,5150.0,1696.0,1062.0,2392.0,948.0,947.0,948.0,955.0,952.0,958.0,3999.0,4625.0,1860.0,1696.0,1062.0,2392.0,948.0,947.0,948.0
1.0,9065.0,2885.0,2845.0,2408.0,5637.0,2659.0,2022.0,956.0,949.0,947.0,949.0,958.0,960.0,967.0,3044.0,3673.0,2348.0,2659.0,2022.0,956.0,949.0,947.0,949.0
1.0,8588.0,2886.0,2845.0,3731.0,5750.0,2875.0,2875.0,0.0,949.0,947.0,949.0,957.0,963.0,966.0,2086.0,2713.0,3789.0,2875.0,2875.0,0.0,949.0,947.0,949.0
1.0,9433.0,2886.0,2846.0,5150.0,4920.0,2137.0,2783.0,0.0,949.0,948.0,949.0,958.0,965.0,963.0,1870.0,1860.0,5703.0,2137.0,2783.0,0.0,949.0,948.0,949.0
1.0,11697.0,2894.0,2846.0,5637.0,2168.0,444.0,1724.0,0.0,949.0,948.0,949.0,966.0,963.0,965.0,2608.0,1957.0,7132.0,444.0,1724.0,0.0,949.0,948.0,949.0
1.0,14440.0,2906.0,2847.0,5750.0,0.0,0.0,0.0,0.0,949.0,948.0,950.0,965.0,968.0,973.0,4301.0,3016.0,7123.0,0.0,0.0,0.0,949.0,948.0,950.0
1.0,17284.0,2893.0,2848.0,4920.0,0.0,0.0,0.0,0.0,950.0,948.0,950.0,963.0,965.0,965.0,6211.0,4923.0,6150.0,0.0,0.0,0.0,950.0,948.0,950.0
1.0,19311.0,2885.0,2849.0,2168.0,526.0,0.0,0.0,526.0,950.0,949.0,950.0,962.0,962.0,961.0,7385.0,6741.0,5185.0,0.0,0.0,526.0,950.0,949.0,950.0
1.0,18594.0,2874.0,2849.0,0.0,1486.0,0.0,0.0,1486.0,950.0,949.0,950.0,952.0,962.0,960.0,6867.0,7503.0,4224.0,0.0,0.0,1486.0,950.0,949.0,950.0
1.0,15720.0,2879.0,2850.0,0.0,2451.0,0.0,0.0,2451.0,950.0,949.0,951.0,958.0,961.0,960.0,5915.0,6541.0,3264.0,0.0,0.0,2451.0,950.0,949.0,951.0
1.0,12841.0,2876.0,2851.0,526.0,3764.0,752.0,129.0,2883.0,950.0,950.0,951.0,959.0,959.0,958.0,4957.0,5580.0,2304.0,752.0,129.0,2883.0,950.0,950.0,951.0
1.0,10491.0,2859.0,2851.0,1486.0,5137.0,1710.0,1082.0,2345.0,950.0,950.0,951.0,958.0,953.0,948.0,3998.0,4621.0,1872.0,1710.0,1082.0,2345.0,950.0,950.0,951.0
1.0,9118.0,2859.0,2851.0,2451.0,5545.0,2663.0,2039.0,843.0,950.0,950.0,951.0,953.0,957.0,949.0,3040.0,3668.0,2410.0,2663.0,2039.0,843.0,950.0,950.0,951.0
1.0,8710.0,2861.0,2853.0,3764.0,5741.0,2877.0,2864.0,0.0,951.0,951.0,951.0,961.0,949.0,951.0,2087.0,2711.0,3912.0,2877.0,2864.0,0.0,951.0,951.0,951.0
1.0,9613.0,2859.0,2853.0,5137.0,4861.0,2124.0,2737.0,0.0,951.0,951.0,951.0,957.0,955.0,947.0,1878.0,1891.0,5844.0,2124.0,2737.0,0.0,951.0,951.0,951.0
1.0,11891.0,2851.0,2853.0,5545.0,2062.0,414.0,1648.0,0.0,951.0,951.0,951.0,953.0,950.0,948.0,2631.0,2018.0,7242.0,414.0,1648.0,0.0,951.0,951.0,951.0
1.0,14585.0,2855.0,2855.0,5741.0,0.0,0.0,0.0,0.0,952.0,952.0,951.0,955.0,950.0,950.0,4341.0,3107.0,7137.0,0.0,0.0,0.0,952.0,952.0,951.0
1.0,17471.0,2846.0,2855.0,4861.0,0.0,0.0,0.0,0.0,952.0,952.0,951.0,953.0,948.0,945.0,6263.0,5021.0,6187.0,0.0,0.0,0.0,952.0,952.0,951.0
1.0,19486.0,2857.0,2855.0,2062.0,461.0,0.0,0.0,461.0,952.0,952.0,951.0,956.0,953.0,948.0,7434.0,6810.0,5242.0,0.0,0.0,461.0,952.0,952.0,951.0
1.0,18691.0,2843.0,2856.0,0.0,1412.0,0.0,0.0,1412.0,952.0,952.0,952.0,947.0,950.0,946.0,6892.0,7505.0,4294.0,0.0,0.0,1412.0,952.0,952.0,952.0
1.0,15848.0,2856.0,2858.0,0.0,2360.0,0.0,0.0,2360.0,953.0,953.0,952.0,956.0,952.0,948.0,5945.0,6555.0,3348.0,0.0,0.0,2360.0,953.0,953.0,952.0
1.0,12992.0,2865.0,2858.0,461.0,3702.0,734.0,114.0,2854.0,953.0,953.0,952.0,958.0,952.0,955.0,4989.0,5603.0,2400.0,734.0,114.0,2854.0,953.0,953.0,952.0
1.0,10588.0,2863.0,2858.0,1412.0,5153.0,1693.0,1059.0,2401.0,953.0,953.0,952.0,959.0,945.0,959.0,4031.0,4651.0,1906.0,1693.0,1059.0,2401.0,953.0,953.0,952.0
1.0,9137.0,2869.0,2859.0,2360.0,5667.0,2659.0,2016.0,992.0,954.0,953.0,952.0,961.0,957.0,951.0,3072.0,3706.0,2359.0,2659.0,2016.0,992.0,954.0,953.0,952.0
1.0,8628.0,2873.0,2859.0,3702.0,5745.0,2885.0,2860.0,0.0,954.0,953.0,952.0,960.0,958.0,955.0,2111.0,2749.0,3768.0,2885.0,2860.0,0.0,954.0,953.0,952.0
1.0,9457.0,2882.0,2860.0,5153.0,4914.0,2158.0,2756.0,0.0,954.0,953.0,953.0,966.0,955.0,961.0,1885.0,1905.0,5667.0,2158.0,2756.0,0.0,954.0,953.0,953.0
1.0,11728.0,2885.0,2860.0,5667.0,2160.0,461.0,1699.0,0.0,954.0,953.0,953.0,962.0,959.0,964.0,2612.0,2009.0,7107.0,461.0,1699.0,0.0,954.0,953.0,953.0
1.0,14510.0,2892.0,2861.0,5745.0,0.0,0.0,0.0,0.0,955.0,953.0,953.0,964.0,960.0,968.0,4309.0,3066.0,7135.0,0.0,0.0,0.0,955.0,953.0,953.0
1.0,17363.0,2882.0,2861.0,4914.0,0.0,0.0,0.0,0.0,955.0,953.0,953.0,959.0,963.0,960.0,6230.0,4966.0,6167.0,0.0,0.0,0.0,955.0,953.0,953.0
1.0,19395.0,2896.0,2861.0,2160.0,522.0,0.0,0.0,522.0,955.0,953.0,953.0,962.0,970.0,964.0,7429.0,6759.0,5207.0,0.0,0.0,522.0,955.0,953.0,953.0
1.0,18659.0,2896.0,2863.0,0.0,1497.0,0.0,0.0,1497.0,955.0,954.0,954.0,960.0,966.0,970.0,6928.0,7488.0,4243.0,0.0,0.0,1497.0,955.0,954.0,954.0
1.0,15763.0,2888.0,2863.0,0.0,2461.0,0.0,0.0,2461.0,955.0,954.0,954.0,965.0,959.0,964.0,5968.0,6522.0,3273.0,0.0,0.0,2461.0,955.0,954.0,954.0
1.0,12875.0,2888.0,2863.0,522.0,3806.0,732.0,167.0,2907.0,955.0,954.0,954.0,960.0,960.0,968.0,5003.0,5563.0,2309.0,732.0,167.0,2907.0,955.0,954.0,954.0
1.0,10509.0,2887.0,2865.0,1497.0,5206.0,1697.0,1124.0,2385.0,956.0,954.0,955.0,960.0,957.0,970.0,4043.0,4603.0,1863.0,1697.0,1124.0,2385.0,956.0,954.0,955.0
1.0,9119.0,2868.0,2865.0,2461.0,5613.0,2649.0,2077.0,887.0,956.0,954.0,955.0,952.0,953.0,963.0,3083.0,3646.0,2390.0,2649.0,2077.0,887.0,956.0,954.0,955.0
1.0,8712.0,2884.0,2865.0,3806.0,5748.0,2875.0,2873.0,0.0,956.0,954.0,955.0,958.0,963.0,963.0,2131.0,2693.0,3888.0,2875.0,2873.0,0.0,956.0,954.0,955.0
1.0,9634.0,2881.0,2866.0,5206.0,4847.0,2138.0,2709.0,0.0,956.0,954.0,956.0,960.0,960.0,961.0,1905.0,1897.0,5832.0,2138.0,2709.0,0.0,956.0,954.0,956.0
1.0,11959.0,2877.0,2866.0,5613.0,2043.0,446.0,1597.0,0.0,956.0,954.0,956.0,957.0,965.0,955.0,2642.0,2061.0,7256.0,446.0,1597.0,0.0,956.0,954.0,956.0
1.0,14695.0,2883.0,2867.0,5748.0,0.0,0.0,0.0,0.0,956.0,955.0,956.0,954.0,963.0,966.0,4334.0,3173.0,7188.0,0.0,0.0,0.0,956.0,955.0,956.0
1.0,17560.0,2875.0,2867.0,4847.0,0.0,0.0,0.0,0.0,956.0,955.0,956.0,961.0,960.0,954.0,6255.0,5083.0,6222.0,0.0,0.0,0.0,956.0,955.0,956.0
1.0,19532.0,2879.0,2868.0,2043.0,479.0,0.0,0.0,479.0,956.0,955.0,957.0,957.0,960.0,962.0,7432.0,6832.0,5268.0,0.0,0.0,479.0,956.0,955.0,957.0
1.0,18696.0,2882.0,2870.0,0.0,1441.0,0.0,0.0,1441.0,957.0,956.0,957.0,958.0,962.0,962.0,6921.0,7469.0,4306.0,0.0,0.0,1441.0,957.0,956.0,957.0
1.0,15814.0,2864.0,2871.0,0.0,2402.0,0.0,0.0,2402.0,957.0,956.0,958.0,955.0,953.0,956.0,5963.0,6507.0,3344.0,0.0,0.0,2402.0,957.0,956.0,958.0
1.0,12950.0,2882.0,2871.0,479.0,3808.0,737.0,187.0,2884.0,957.0,956.0,958.0,960.0,961.0,961.0,5008.0,5554.0,2388.0,737.0,187.0,2884.0,957.0,956.0,958.0
1.0,10547.0,2875.0,2871.0,1441.0,5242.0,1696.0,1145.0,2401.0,957.0,956.0,958.0,959.0,958.0,958.0,4048.0,4593.0,1906.0,1696.0,1145.0,2401.0,957.0,956.0,958.0
1.0,9113.0,2875.0,2873.0,2402.0,5725.0,2664.0,2102.0,959.0,958.0,957.0,958.0,963.0,952.0,960.0,3089.0,3635.0,2389.0,2664.0,2102.0,959.0,958.0,957.0,958.0
1.0,8640.0,2880.0,2873.0,3808.0,5760.0,2883.0,2877.0,0.0,958.0,957.0,958.0,956.0,962.0,962.0,2126.0,2683.0,3831.0,2883.0,2877.0,0.0,958.0,957.0,958.0
1.0,9568.0,2883.0,2875.0,5242.0,4850.0,2150.0,2700.0,0.0,958.0,958.0,959.0,963.0,963.0,957.0,1907.0,1908.0,5753.0,2150.0,2700.0,0.0,958.0,958.0,959.0
1.0,11927.0,2899.0,2875.0,5725.0,2018.0,457.0,1561.0,0.0,958.0,958.0,959.0,971.0,963.0,965.0,2640.0,2090.0,7197.0,457.0,1561.0,0.0,958.0,958.0,959.0
1.0,14753.0,2900.0,2876.0,5760.0,0.0,0.0,0.0,0.0,959.0,958.0,959.0,964.0,969.0,967.0,4333.0,3229.0,7191.0,0.0,0.0,0.0,959.0,958.0,959.0
1.0,17613.0,2900.0,2877.0,4850.0,0.0,0.0,0.0,0.0,959.0,959.0,959.0,970.0,970.0,960.0,6252.0,5137.0,6224.0,0.0,0.0,0.0,959.0,959.0,959.0
1.0,19563.0,2907.0,2877.0,2018.0,493.0,0.0,0.0,493.0,959.0,959.0,959.0,974.0,971.0,962.0,7432.0,6867.0,5264.0,0.0,0.0,493.0,959.0,959.0,959.0
1.0,18674.0,2897.0,2878.0,0.0,1453.0,0.0,0.0,1453.0,960.0,959.0,959.0,971.0,966.0,960.0,6915.0,7457.0,4302.0,0.0,0.0,1453.0,960.0,959.0,959.0
1.0,15777.0,2911.0,2879.0,0.0,2423.0,0.0,0.0,2423.0,960.0,960.0,959.0,965.0,976.0,970.0,5944.0,6491.0,3342.0,0.0,0.0,2423.0,960.0,960.0,959.0
1.0,12866.0,2918.0,2879.0,493.0,3954.0,794.0,256.0,2904.0,960.0,960.0,959.0,973.0,971.0,974.0,4979.0,5515.0,2372.0,794.0,256.0,2904.0,960.0,960.0,959.0
1.0,10441.0,2895.0,2880.0,1453.0,5401.0,1760.0,1213.0,2428.0,960.0,960.0,960.0,966.0,957.0,972.0,4006.0,4544.0,1891.0,1760.0,1213.0,2428.0,960.0,960.0,960.0
1.0,8999.0,2903.0,2880.0,2423.0,5881.0,2725.0,2178.0,978.0,960.0,960.0,960.0,965.0,965.0,973.0,3040.0,3587.0,2372.0,2725.0,2178.0,978.0,960.0,960.0,960.0
1.0,8519.0,2911.0,2880.0,3954.0,5795.0,2902.0,2893.0,0.0,960.0,960.0,960.0,971.0,971.0,969.0,2075.0,2622.0,3822.0,2902.0,2893.0,0.0,960.0,960.0,960.0
1.0,9562.0,2910.0,2881.0,5401.0,4766.0,2115.0,2651.0,0.0,961.0,960.0,960.0,968.0,971.0,971.0,1898.0,1907.0,5757.0,2115.0,2651.0,0.0,961.0,960.0,960.0
1.0,12053.0,2902.0,2881.0,5881.0,1799.0,358.0,1441.0,0.0,961.0,960.0,960.0,968.0,968.0,966.0,2690.0,2149.0,7214.0,358.0,1441.0,0.0,961.0,960.0,960.0
1.0,15032.0,2893.0,2881.0,5795.0,0.0,0.0,0.0,0.0,961.0,960.0,960.0,961.0,965.0,967.0,4447.0,3359.0,7226.0,0.0,0.0,0.0,961.0,960.0,960.0
1.0,17934.0,2892.0,2881.0,4766.0,0.0,0.0,0.0,0.0,961.0,960.0,960.0,963.0,968.0,961.0,6388.0,5287.0,6259.0,0.0,0.0,0.0,961.0,960.0,960.0
1.0,19808.0,2885.0,2881.0,1799.0,463.0,0.0,0.0,463.0,961.0,960.0,960.0,961.0,963.0,961.0,7540.0,6970.0,5298.0,0.0,0.0,463.0,961.0,960.0,960.0
1.0,18722.0,2886.0,2881.0,0.0,1423.0,0.0,0.0,1423.0,961.0,960.0,960.0,968.0,958.0,960.0,6937.0,7448.0,4337.0,0.0,0.0,1423.0,961.0,960.0,960.0
1.0,15836.0,2887.0,2882.0,0.0,2391.0,0.0,0.0,2391.0,961.0,960.0,961.0,958.0,966.0,963.0,5969.0,6490.0,3377.0,0.0,0.0,2391.0,961.0,960.0,961.0
1.0,12949.0,2887.0,2883.0,463.0,3890.0,753.0,244.0,2893.0,961.0,961.0,961.0,959.0,963.0,965.0,5011.0,5524.0,2414.0,753.0,244.0,2893.0,961.0,961.0,961.0
1.0,10525.0,2878.0,2883.0,1423.0,5345.0,1712.0,1203.0,2430.0,961.0,961.0,961.0,959.0,959.0,960.0,4052.0,4561.0,1912.0,1712.0,1203.0,2430.0,961.0,961.0,961.0
1.0,9070.0,2881.0,2883.0,2391.0,5835.0,2673.0,2161.0,1001.0,961.0,961.0,961.0,961.0,958.0,962.0,3093.0,3602.0,2375.0,2673.0,2161.0,1001.0,961.0,961.0,961.0
1.0,8580.0,2880.0,2884.0,3890.0,5755.0,2880.0,2875.0,0.0,961.0,961.0,962.0,960.0,958.0,962.0,2132.0,2644.0,3804.0,2880.0,2875.0,0.0,961.0,961.0,962.0
1.0,9590.0,2881.0,2885.0,5345.0,4767.0,2134.0,2633.0,0.0,962.0,961.0,962.0,961.0,961.0,959.0,1925.0,1930.0,5735.0,2134.0,2633.0,0.0,962.0,961.0,962.0
1.0,12054.0,2885.0,2885.0,5835.0,1858.0,429.0,1429.0,0.0,962.0,961.0,962.0,968.0,957.0,960.0,2676.0,2172.0,7206.0,429.0,1429.0,0.0,962.0,961.0,962.0
1.0,15004.0,2870.0,2885.0,5755.0,0.0,0.0,0.0,0.0,962.0,961.0,962.0,962.0,951.0,957.0,4381.0,3376.0,7247.0,0.0,0.0,0.0,962.0,961.0,962.0
1.0,17889.0,2893.0,2887.0,4767.0,0.0,0.0,0.0,0.0,962.0,962.0,963.0,967.0,966.0,960.0,6299.0,5300.0,6290.0,0.0,0.0,0.0,962.0,962.0,963.0
1.0,19763.0,2891.0,2887.0,1858.0,445.0,0.0,0.0,445.0,962.0,962.0,963.0,965.0,966.0,960.0,7466.0,6967.0,5330.0,0.0,0.0,445.0,962.0,962.0,963.0
1.0,18730.0,2917.0,2888.0,0.0,1418.0,0.0,0.0,1418.0,963.0,962.0,963.0,975.0,969.0,973.0,6930.0,7430.0,4370.0,0.0,0.0,1418.0,963.0,962.0,963.0
1.0,15813.0,2917.0,2889.0,0.0,2392.0,0.0,0.0,2392.0,963.0,963.0,963.0,969.0,974.0,974.0,5955.0,6461.0,3397.0,0.0,0.0,2392.0,963.0,963.0,963.0
1.0,12896.0,2915.0,2890.0,445.0,4024.0,804.0,300.0,2920.0,963.0,963.0,964.0,975.0,972.0,968.0,4986.0,5487.0,2423.0,804.0,300.0,2920.0,963.0,963.0,964.0
1.0,10426.0,2937.0,2891.0,1418.0,5548.0,1790.0,1276.0,2482.0,964.0,963.0,964.0,981.0,976.0,980.0,4011.0,4515.0,1900.0,1790.0,1276.0,2482.0,964.0,963.0,964.0
1.0,8907.0,2925.0,2892.0,2392.0,6086.0,2762.0,2261.0,1063.0,964.0,964.0,964.0,972.0,980.0,973.0,3030.0,3539.0,2338.0,2762.0,2261.0,1063.0,964.0,964.0,964.0
1.0,8374.0,2935.0,2892.0,4024.0,5878.0,2942.0,2936.0,0.0,964.0,964.0,964.0,984.0,975.0,976.0,2058.0,2559.0,3757.0,2942.0,2936.0,0.0,964.0,964.0,964.0
1.0,9463.0,2933.0,2893.0,5548.0,4761.0,2129.0,2632.0,0.0,964.0,964.0,965.0,977.0,972.0,984.0,1878.0,1884.0,5701.0,2129.0,2632.0,0.0,964.0,964.0,965.0
1.0,12078.0,2931.0,2894.0,6086.0,1695.0,345.0,1350.0,0.0,965.0,964.0,965.0,973.0,979.0,979.0,2691.0,2188.0,7199.0,345.0,1350.0,0.0,965.0,964.0,965.0
1.0,15233.0,2936.0,2895.0,5878.0,0.0,0.0,0.0,0.0,965.0,965.0,965.0,975.0,978.0,983.0,4480.0,3470.0,7283.0,0.0,0.0,0.0,965.0,965.0,965.0
1.0,18175.0,2937.0,2896.0,4761.0,0.0,0.0,0.0,0.0,965.0,965.0,966.0,977.0,974.0,986.0,6447.0,5428.0,6300.0,0.0,0.0,0.0,965.0,965.0,966.0
1.0,19999.0,2924.0,2896.0,1695.0,492.0,0.0,0.0,492.0,965.0,965.0,966.0,973.0,975.0,976.0,7599.0,7086.0,5314.0,0.0,0.0,492.0,965.0,965.0,966.0
1.0,18770.0,2936.0,2898.0,0.0,1471.0,0.0,0.0,1471.0,966.0,966.0,966.0,979.0,978.0,979.0,6971.0,7461.0,4338.0,0.0,0.0,1471.0,966.0,966.0,966.0
1.0,15834.0,2917.0,2898.0,0.0,2447.0,0.0,0.0,2447.0,966.0,966.0,966.0,969.0,972.0,976.0,5992.0,6483.0,3359.0,0.0,0.0,2447.0,966.0,966.0,966.0
1.0,12917.0,2916.0,2899.0,492.0,4002.0,776.0,288.0,2938.0,966.0,966.0,967.0,969.0,969.0,978.0,5023.0,5511.0,2383.0,776.0,288.0,2938.0,966.0,966.0,967.0
1.0,10493.0,2913.0,2900.0,1471.0,5449.0,1751.0,1261.0,2437.0,967.0,966.0,967.0,970.0,973.0,970.0,4054.0,4542.0,1897.0,1751.0,1261.0,2437.0,967.0,966.0,967.0
1.0,9051.0,2915.0,2901.0,2447.0,5922.0,2719.0,2240.0,963.0,967.0,967.0,967.0,968.0,974.0,973.0,3084.0,3569.0,2398.0,2719.0,2240.0,963.0,967.0,967.0,967.0
1.0,8583.0,2903.0,2901.0,4002.0,5828.0,2906.0,2922.0,0.0,967.0,967.0,967.0,963.0,970.0,970.0,2116.0,2595.0,3872.0,2906.0,2922.0,0.0,967.0,967.0,967.0
1.0,9682.0,2892.0,2901.0,5449.0,4743.0,2123.0,2620.0,0.0,967.0,967.0,967.0,968.0,959.0,965.0,1929.0,1913.0,5840.0,2123.0,2620.0,0.0,967.0,967.0,967.0
1.0,12239.0,2908.0,2902.0,5922.0,1721.0,374.0,1347.0,0.0,967.0,967.0,968.0,970.0,967.0,971.0,2712.0,2215.0,7312.0,374.0,1347.0,0.0,967.0,967.0,968.0
1.0,15253.0,2882.0,2902.0,5828.0,0.0,0.0,0.0,0.0,967.0,967.0,968.0,964.0,957.0,961.0,4461.0,3488.0,7304.0,0.0,0.0,0.0,967.0,967.0,968.0
1.0,18199.0,2888.0,2903.0,4743.0,0.0,0.0,0.0,0.0,968.0,967.0,968.0,963.0,962.0,963.0,6403.0,5453.0,6343.0,0.0,0.0,0.0,968.0,967.0,968.0
1.0,20054.0,2882.0,2903.0,1721.0,416.0,0.0,0.0,416.0,968.0,967.0,968.0,968.0,958.0,956.0,7563.0,7111.0,5380.0,0.0,0.0,416.0,968.0,967.0,968.0
1.0,18893.0,2894.0,2903.0,0.0,1376.0,0.0,0.0,1376.0,968.0,967.0,968.0,968.0,966.0,960.0,6969.0,7500.0,4424.0,0.0,0.0,1376.0,968.0,967.0,968.0
1.0,15999.0,2899.0,2903.0,0.0,2339.0,0.0,0.0,2339.0,968.0,967.0,968.0,963.0,973.0,963.0,6001.0,6534.0,3464.0,0.0,0.0,2339.0,968.0,967.0,968.0
1.0,13100.0,2905.0,2903.0,416.0,3904.0,779.0,237.0,2888.0,968.0,967.0,968.0,977.0,963.0,965.0,5038.0,5561.0,2501.0,779.0,237.0,2888.0,968.0,967.0,968.0
1.0,10611.0,2902.0,2904.0,1376.0,5435.0,1746.0,1210.0,2479.0,968.0,968.0,968.0,967.0,968.0,967.0,4061.0,4598.0,1952.0,1746.0,1210.0,2479.0,968.0,968.0,968.0
1.0,9085.0,2903.0,2904.0,2339.0,5999.0,2719.0,2175.0,1105.0,968.0,968.0,968.0,973.0,965.0,965.0,3094.0,3630.0,2361.0,2719.0,2175.0,1105.0,968.0,968.0,968.0
1.0,8521.0,2910.0,2905.0,3904.0,5822.0,2915.0,2907.0,0.0,969.0,968.0,968.0,970.0,969.0,971.0,2121.0,2665.0,3735.0,2915.0,2907.0,0.0,969.0,968.0,968.0
1.0,9515.0,2922.0,2905.0,5435.0,4815.0,2150.0,2665.0,0.0,969.0,968.0,968.0,981.0,968.0,973.0,1930.0,1933.0,5652.0,2150.0,2665.0,0.0,969.0,968.0,968.0
1.0,12028.0,2931.0,2905.0,5999.0,1880.0,413.0,1467.0,0.0,969.0,968.0,968.0,982.0,977.0,972.0,2695.0,2175.0,7158.0,413.0,1467.0,0.0,969.0,968.0,968.0
1.0,15096.0,2947.0,2906.0,5822.0,0.0,0.0,0.0,0.0,969.0,968.0,969.0,983.0,983.0,981.0,4432.0,3373.0,7291.0,0.0,0.0,0.0,969.0,968.0,969.0
1.0,17971.0,2940.0,2906.0,4815.0,0.0,0.0,0.0,0.0,969.0,968.0,969.0,980.0,983.0,977.0,6364.0,5297.0,6310.0,0.0,0.0,0.0,969.0,968.0,969.0
1.0,19846.0,2945.0,2907.0,1880.0,485.0,0.0,0.0,485.0,970.0,968.0,969.0,985.0,987.0,973.0,7534.0,6979.0,5333.0,0.0,0.0,485.0,970.0,968.0,969.0
1.0,18781.0,2952.0,2908.0,0.0,1469.0,0.0,0.0,1469.0,970.0,969.0,969.0,982.0,986.0,984.0,6962.0,7459.0,4360.0,0.0,0.0,1469.0,970.0,969.0,969.0
1.0,15829.0,2943.0,2908.0,0.0,2446.0,0.0,0.0,2446.0,970.0,969.0,969.0,984.0,982.0,977.0,5980.0,6473.0,3376.0,0.0,0.0,2446.0,970.0,969.0,969.0
1.0,12886.0,2944.0,2909.0,485.0,4118.0,834.0,336.0,2948.0,970.0,969.0,970.0,980.0,982.0,982.0,4996.0,5491.0,2399.0,834.0,336.0,2948.0,970.0,969.0,970.0
1.0,10427.0,2942.0,2911.0,1469.0,5601.0,1820.0,1322.0,2459.0,971.0,970.0,970.0,981.0,981.0,980.0,4016.0,4509.0,1902.0,1820.0,1322.0,2459.0,971.0,970.0,970.0
1.0,8954.0,2938.0,2911.0,2446.0,6093.0,2797.0,2304.0,992.0,971.0,970.0,970.0,977.0,982.0,979.0,3035.0,3528.0,2391.0,2797.0,2304.0,992.0,971.0,970.0,970.0
1.0,8462.0,2940.0,2911.0,4118.0,5893.0,2946.0,2947.0,0.0,971.0,970.0,970.0,983.0,979.0,978.0,2058.0,2546.0,3858.0,2946.0,2947.0,0.0,971.0,970.0,970.0
1.0,9640.0,2934.0,2913.0,5601.0,4712.0,2105.0,2607.0,0.0,972.0,970.0,971.0,974.0,982.0,978.0,1909.0,1903.0,5828.0,2105.0,2607.0,0.0,972.0,970.0,971.0
1.0,12307.0,2924.0,2914.0,6093.0,1566.0,277.0,1289.0,0.0,972.0,971.0,971.0,969.0,981.0,974.0,2755.0,2243.0,7309.0,277.0,1289.0,0.0,972.0,971.0,971.0
1.0,15476.0,2931.0,2914.0,5893.0,0.0,0.0,0.0,0.0,972.0,971.0,971.0,969.0,982.0,980.0,4583.0,3566.0,7327.0,0.0,0.0,0.0,972.0,971.0,971.0
1.0,18438.0,2914.0,2914.0,4712.0,0.0,0.0,0.0,0.0,972.0,971.0,971.0,973.0,968.0,973.0,6560.0,5531.0,6347.0,0.0,0.0,0.0,972.0,971.0,971.0
1.0,20236.0,2910.0,2915.0,1566.0,458.0,0.0,0.0,458.0,972.0,971.0,972.0,970.0,968.0,972.0,7692.0,7170.0,5374.0,0.0,0.0,458.0,972.0,971.0,972.0
1.0,18892.0,2920.0,2916.0,0.0,1435.0,0.0,0.0,1435.0,972.0,972.0,972.0,972.0,971.0,977.0,6999.0,7491.0,4402.0,0.0,0.0,1435.0,972.0,972.0,972.0
1.0,15972.0,2915.0,2917.0,0.0,2405.0,0.0,0.0,2405.0,973.0,972.0,972.0,969.0,976.0,970.0,6027.0,6520.0,3425.0,0.0,0.0,2405.0,973.0,972.0,972.0
1.0,13057.0,2905.0,2917.0,458.0,3975.0,777.0,285.0,2913.0,973.0,972.0,972.0,970.0,969.0,966.0,5058.0,5544.0,2455.0,777.0,285.0,2913.0,973.0,972.0,972.0
1.0,10610.0,2905.0,2917.0,1435.0,5445.0,1747.0,1250.0,2448.0,973.0,972.0,972.0,970.0,965.0,970.0,4088.0,4575.0,1947.0,1747.0,1250.0,2448.0,973.0,972.0,972.0
1.0,9140.0,2924.0,2919.0,2405.0,5974.0,2719.0,2229.0,1026.0,973.0,973.0,973.0,972.0,974.0,978.0,3118.0,3610.0,2412.0,2719.0,2229.0,1026.0,973.0,973.0,973.0
1.0,8621.0,2918.0,2919.0,3975.0,5829.0,2911.0,2918.0,0.0,973.0,973.0,973.0,969.0,974.0,975.0,2146.0,2636.0,3839.0,2911.0,2918.0,0.0,973.0,973.0,973.0
1.0,9678.0,2927.0,2919.0,5445.0,4785.0,2140.0,2645.0,0.0,973.0,973.0,973.0,976.0,977.0,974.0,1954.0,1947.0,5777.0,2140.0,2645.0,0.0,973.0,973.0,973.0
1.0,12196.0,2921.0,2920.0,5974.0,1794.0,401.0,1393.0,0.0,974.0,973.0,973.0,975.0,977.0,969.0,2725.0,2220.0,7251.0,401.0,1393.0,0.0,974.0,973.0,973.0
1.0,15249.0,2934.0,2922.0,5829.0,0.0,0.0,0.0,0.0,974.0,974.0,974.0,979.0,975.0,980.0,4469.0,3472.0,7308.0,0.0,0.0,0.0,974.0,974.0,974.0
1.0,18144.0,2940.0,2922.0,4785.0,0.0,0.0,0.0,0.0,974.0,974.0,974.0,981.0,980.0,979.0,6401.0,5415.0,6328.0,0.0,0.0,0.0,974.0,974.0,974.0
1.0,19989.0,2952.0,2922.0,1794.0,510.0,0.0,0.0,510.0,974.0,974.0,974.0,982.0,981.0,989.0,7560.0,7080.0,5349.0,0.0,0.0,510.0,974.0,974.0,974.0
1.0,18831.0,2949.0,2922.0,0.0,1488.0,0.0,0.0,1488.0,974.0,974.0,974.0,990.0,981.0,978.0,6979.0,7492.0,4360.0,0.0,0.0,1488.0,974.0,974.0,974.0
1.0,15882.0,2948.0,2922.0,0.0,2469.0,0.0,0.0,2469.0,974.0,974.0,974.0,986.0,981.0,981.0,5989.0,6511.0,3382.0,0.0,0.0,2469.0,974.0,974.0,974.0
1.0,12934.0,2948.0,2922.0,510.0,4114.0,853.0,324.0,2937.0,974.0,974.0,974.0,986.0,984.0,978.0,5003.0,5530.0,2401.0,853.0,324.0,2937.0,974.0,974.0,974.0
1.0,10496.0,2965.0,2923.0,1488.0,5596.0,1852.0,1312.0,2432.0,975.0,974.0,974.0,994.0,988.0,983.0,4017.0,4546.0,1933.0,1852.0,1312.0,2432.0,975.0,974.0,974.0
1.0,9019.0,2954.0,2924.0,2469.0,6086.0,2842.0,2298.0,946.0,975.0,975.0,974.0,990.0,981.0,983.0,3023.0,3558.0,2438.0,2842.0,2298.0,946.0,975.0,975.0,974.0
1.0,8534.0,2963.0,2924.0,4114.0,5942.0,2979.0,2963.0,0.0,975.0,975.0,974.0,990.0,989.0,984.0,2033.0,2577.0,3924.0,2979.0,2963.0,0.0,975.0,975.0,974.0
1.0,9685.0,2955.0,2925.0,5596.0,4749.0,2118.0,2631.0,0.0,976.0,975.0,974.0,986.0,980.0,989.0,1896.0,1912.0,5877.0,2118.0,2631.0,0.0,976.0,975.0,974.0
1.0,12326.0,2959.0,2926.0,6086.0,1582.0,266.0,1316.0,0.0,976.0,975.0,975.0,990.0,983.0,986.0,2762.0,2244.0,7320.0,266.0,1316.0,0.0,976.0,975.0,975.0
1.0,15453.0,2955.0,2926.0,5942.0,0.0,0.0,0.0,0.0,976.0,975.0,975.0,986.0,989.0,980.0,4614.0,3559.0,7280.0,0.0,0.0,0.0,976.0,975.0,975.0
1.0,18440.0,2948.0,2926.0,4749.0,0.0,0.0,0.0,0.0,976.0,975.0,975.0,985.0,983.0,980.0,6607.0,5533.0,6300.0,0.0,0.0,0.0,976.0,975.0,975.0
1.0,20241.0,2944.0,2928.0,1582.0,534.0,0.0,0.0,534.0,977.0,976.0,975.0,981.0,984.0,979.0,7740.0,7181.0,5320.0,0.0,0.0,534.0,977.0,976.0,975.0
1.0,18879.0,2930.0,2928.0,0.0,1507.0,0.0,0.0,1507.0,977.0,976.0,975.0,979.0,978.0,973.0,7025.0,7513.0,4341.0,0.0,0.0,1507.0,977.0,976.0,975.0
1.0,15949.0,2919.0,2928.0,0.0,2478.0,0.0,0.0,2478.0,977.0,976.0,975.0,974.0,974.0,971.0,6046.0,6535.0,3368.0,0.0,0.0,2478.0,977.0,976.0,975.0
1.0,13030.0,2930.0,2928.0,534.0,4006.0,790.0,301.0,2915.0,977.0,976.0,975.0,977.0,982.0,971.0,5072.0,5561.0,2397.0,790.0,301.0,2915.0,977.0,976.0,975.0
1.0,10634.0,2928.0,2928.0,1507.0,5427.0,1762.0,1283.0,2382.0,977.0,976.0,975.0,972.0,982.0,974.0,4095.0,4579.0,1960.0,1762.0,1283.0,2382.0,977.0,976.0,975.0
1.0,9213.0,2927.0,2929.0,2478.0,5881.0,2738.0,2263.0,880.0,977.0,977.0,975.0,976.0,975.0,976.0,3123.0,3597.0,2493.0,2738.0,2263.0,880.0,977.0,977.0,975.0
1.0,8764.0,2932.0,2930.0,4006.0,5875.0,2928.0,2947.0,0.0,978.0,977.0,975.0,975.0,985.0,972.0,2147.0,2622.0,3995.0,2928.0,2947.0,0.0,978.0,977.0,975.0
1.0,9838.0,2926.0,2931.0,5427.0,4788.0,2137.0,2651.0,0.0,978.0,978.0,975.0,971.0,982.0,973.0,1962.0,1938.0,5938.0,2137.0,2651.0,0.0,978.0,978.0,975.0
1.0,12339.0,2928.0,2932.0,5881.0,1743.0,376.0,1367.0,0.0,978.0,978.0,976.0,977.0,979.0,972.0,2753.0,2239.0,7347.0,376.0,1367.0,0.0,978.0,978.0,976.0
1.0,15292.0,2925.0,2932.0,5875.0,0.0,0.0,0.0,0.0,978.0,978.0,976.0,967.0,980.0,978.0,4514.0,3523.0,7255.0,0.0,0.0,0.0,978.0,978.0,976.0
1.0,18242.0,2929.0,2932.0,4788.0,0.0,0.0,0.0,0.0,978.0,978.0,976.0,974.0,977.0,978.0,6475.0,5490.0,6277.0,0.0,0.0,0.0,978.0,978.0,976.0
1.0,20101.0,2937.0,2934.0,1743.0,573.0,0.0,0.0,573.0,978.0,979.0,977.0,974.0,976.0,987.0,7638.0,7164.0,5299.0,0.0,0.0,573.0,978.0,979.0,977.0
1.0,18907.0,2952.0,2934.0,0.0,1554.0,0.0,0.0,1554.0,978.0,979.0,977.0,984.0,987.0,981.0,7040.0,7555.0,4312.0,0.0,0.0,1554.0,978.0,979.0,977.0
1.0,15955.0,2944.0,2935.0,0.0,2537.0,0.0,0.0,2537.0,979.0,979.0,977.0,981.0,980.0,983.0,6056.0,6568.0,3331.0,0.0,0.0,2537.0,979.0,979.0,977.0
1.0,13011.0,2966.0,2937.0,573.0,4067.0,805.0,303.0,2959.0,979.0,980.0,978.0,985.0,991.0,990.0,5075.0,5588.0,2348.0,805.0,303.0,2959.0,979.0,980.0,978.0
1.0,10618.0,2985.0,2937.0,1554.0,5498.0,1798.0,1298.0,2402.0,979.0,980.0,978.0,993.0,995.0,997.0,4090.0,4597.0,1931.0,1798.0,1298.0,2402.0,979.0,980.0,978.0
1.0,9187.0,2970.0,2938.0,2537.0,5936.0,2789.0,2284.0,863.0,979.0,980.0,979.0,991.0,986.0,993.0,3097.0,3602.0,2488.0,2789.0,2284.0,863.0,979.0,980.0,979.0
1.0,8754.0,2976.0,2939.0,4067.0,5952.0,2973.0,2979.0,0.0,979.0,981.0,979.0,989.0,993.0,994.0,2106.0,2616.0,4032.0,2973.0,2979.0,0.0,979.0,981.0,979.0
1.0,9845.0,2984.0,2940.0,5498.0,4844.0,2174.0,2670.0,0.0,980.0,981.0,979.0,994.0,989.0,1001.0,1922.0,1926.0,5997.0,2174.0,2670.0,0.0,980.0,981.0,979.0
1.0,12359.0,2980.0,2941.0,5936.0,1758.0,380.0,1378.0,0.0,980.0,981.0,980.0,995.0,992.0,993.0,2726.0,2235.0,7398.0,380.0,1378.0,0.0,980.0,981.0,980.0
1.0,15315.0,2977.0,2941.0,5952.0,0.0,0.0,0.0,0.0,980.0,981.0,980.0,995.0,983.0,999.0,4520.0,3527.0,7268.0,0.0,0.0,0.0,980.0,981.0,980.0
1.0,18290.0,2975.0,2941.0,4844.0,0.0,0.0,0.0,0.0,980.0,981.0,980.0,993.0,988.0,994.0,6498.0,5523.0,6269.0,0.0,0.0,0.0,980.0,981.0,980.0
1.0,20159.0,2983.0,2942.0,1758.0,627.0,0.0,0.0,627.0,980.0,981.0,981.0,995.0,991.0,997.0,7679.0,7205.0,5275.0,0.0,0.0,627.0,980.0,981.0,981.0
1.0,18934.0,2978.0,2943.0,0.0,1621.0,0.0,0.0,1621.0,981.0,981.0,981.0,994.0,990.0,994.0,7064.0,7592.0,4278.0,0.0,0.0,1621.0,981.0,981.0,981.0
1.0,15956.0,2970.0,2943.0,0.0,2615.0,0.0,0.0,2615.0,981.0,981.0,981.0,994.0,982.0,994.0,6070.0,6602.0,3284.0,0.0,0.0,2615.0,981.0,981.0,981.0
1.0,12986.0,2956.0,2943.0,627.0,4058.0,814.0,267.0,2977.0,981.0,981.0,981.0,985.0,982.0,989.0,5076.0,5620.0,2290.0,814.0,267.0,2977.0,981.0,981.0,981.0
1.0,10657.0,2962.0,2944.0,1621.0,5404.0,1803.0,1253.0,2348.0,981.0,981.0,982.0,989.0,986.0,987.0,4091.0,4638.0,1928.0,1803.0,1253.0,2348.0,981.0,981.0,982.0
1.0,9316.0,2966.0,2945.0,2615.0,5760.0,2801.0,2235.0,724.0,982.0,981.0,982.0,993.0,982.0,991.0,3102.0,3652.0,2562.0,2801.0,2235.0,724.0,982.0,981.0,982.0
1.0,8965.0,2933.0,2945.0,4058.0,5908.0,2962.0,2946.0,0.0,982.0,981.0,982.0,975.0,978.0,980.0,2109.0,2670.0,4186.0,2962.0,2946.0,0.0,982.0,981.0,982.0
1.0,10090.0,2934.0,2945.0,5404.0,4808.0,2136.0,2672.0,0.0,982.0,981.0,982.0,977.0,979.0,978.0,1948.0,1959.0,6183.0,2136.0,2672.0,0.0,982.0,981.0,982.0
1.0,12560.0,2946.0,2946.0,5760.0,1741.0,322.0,1419.0,0.0,982.0,982.0,982.0,987.0,977.0,982.0,2774.0,2233.0,7553.0,322.0,1419.0,0.0,982.0,982.0,982.0
1.0,15374.0,2945.0,2947.0,5908.0,0.0,0.0,0.0,0.0,983.0,982.0,982.0,981.0,982.0,982.0,4588.0,3491.0,7295.0,0.0,0.0,0.0,983.0,982.0,982.0
1.0,18337.0,2930.0,2947.0,4808.0,0.0,0.0,0.0,0.0,983.0,982.0,982.0,979.0,981.0,970.0,6569.0,5455.0,6313.0,0.0,0.0,0.0,983.0,982.0,982.0
1.0,20215.0,2933.0,2947.0,1741.0,541.0,0.0,0.0,541.0,983.0,982.0,982.0,977.0,982.0,974.0,7726.0,7146.0,5343.0,0.0,0.0,541.0,983.0,982.0,982.0
1.0,19023.0,2922.0,2947.0,0.0,1513.0,0.0,0.0,1513.0,983.0,982.0,982.0,967.0,983.0,972.0,7071.0,7583.0,4369.0,0.0,0.0,1513.0,983.0,982.0,982.0
1.0,16101.0,2943.0,2948.0,0.0,2492.0,0.0,0.0,2492.0,983.0,983.0,982.0,976.0,988.0,979.0,6104.0,6600.0,3397.0,0.0,0.0,2492.0,983.0,983.0,982.0
1.0,13158.0,2946.0,2949.0,541.0,3992.0,764.0,289.0,2939.0,983.0,983.0,983.0,977.0,986.0,983.0,5128.0,5612.0,2418.0,764.0,289.0,2939.0,983.0,983.0,983.0
1.0,10753.0,2944.0,2949.0,1513.0,5423.0,1749.0,1273.0,2401.0,983.0,983.0,983.0,985.0,984.0,975.0,4151.0,4626.0,1976.0,1749.0,1273.0,2401.0,983.0,983.0,983.0
1.0,9322.0,2954.0,2950.0,2492.0,5890.0,2725.0,2274.0,891.0,983.0,984.0,983.0,976.0,996.0,982.0,3166.0,3642.0,2514.0,2725.0,2274.0,891.0,983.0,984.0,983.0
1.0,8860.0,2974.0,2950.0,3992.0,5927.0,2951.0,2976.0,0.0,983.0,984.0,983.0,990.0,991.0,993.0,2190.0,2646.0,4024.0,2951.0,2976.0,0.0,983.0,984.0,983.0
1.0,9878.0,2975.0,2951.0,5423.0,4899.0,2199.0,2700.0,0.0,984.0,984.0,983.0,992.0,997.0,986.0,1964.0,1944.0,5970.0,2199.0,2700.0,0.0,984.0,984.0,983.0
1.0,12326.0,2969.0,2951.0,5890.0,1882.0,470.0,1412.0,0.0,984.0,984.0,983.0,996.0,986.0,987.0,2721.0,2220.0,7385.0,470.0,1412.0,0.0,984.0,984.0,983.0
1.0,15247.0,2974.0,2952.0,5927.0,0.0,0.0,0.0,0.0,984.0,985.0,983.0,985.0,997.0,992.0,4450.0,3508.0,7289.0,0.0,0.0,0.0,984.0,985.0,983.0
1.0,18200.0,2993.0,2953.0,4899.0,0.0,0.0,0.0,0.0,984.0,985.0,984.0,1000.0,1000.0,993.0,6416.0,5487.0,6297.0,0.0,0.0,0.0,984.0,985.0,984.0
1.0,20106.0,2988.0,2953.0,1882.0,609.0,0.0,0.0,609.0,984.0,985.0,984.0,1002.0,993.0,993.0,7615.0,7187.0,5304.0,0.0,0.0,609.0,984.0,985.0,984.0
1.0,19000.0,2997.0,2954.0,0.0,1603.0,0.0,0.0,1603.0,985.0,985.0,984.0,1002.0,1001.0,994.0,7083.0,7606.0,4311.0,0.0,0.0,1603.0,985.0,985.0,984.0
1.0,16003.0,2991.0,2955.0,0.0,2601.0,0.0,0.0,2601.0,985.0,986.0,984.0,991.0,1002.0,998.0,6081.0,6605.0,3317.0,0.0,0.0,2601.0,985.0,986.0,984.0
1.0,13012.0,3007.0,2956.0,609.0,4166.0,838.0,328.0,3000.0,985.0,986.0,985.0,1003.0,1001.0,1003.0,5090.0,5603.0,2319.0,838.0,328.0,3000.0,985.0,986.0,985.0
1.0,10614.0,2983.0,2956.0,1603.0,5546.0,1837.0,1318.0,2391.0,985.0,986.0,985.0,999.0,990.0,994.0,4087.0,4602.0,1925.0,1837.0,1318.0,2391.0,985.0,986.0,985.0
1.0,9234.0,2993.0,2956.0,2601.0,5938.0,2833.0,2317.0,788.0,985.0,986.0,985.0,996.0,999.0,998.0,3088.0,3612.0,2534.0,2833.0,2317.0,788.0,985.0,986.0,985.0
1.0,8842.0,2990.0,2957.0,4166.0,5988.0,2995.0,2993.0,0.0,985.0,987.0,985.0,1000.0,999.0,991.0,2092.0,2613.0,4137.0,2995.0,2993.0,0.0,985.0,987.0,985.0
1.0,10018.0,2993.0,2959.0,5546.0,4837.0,2164.0,2673.0,0.0,986.0,987.0,986.0,1001.0,998.0,994.0,1930.0,1942.0,6146.0,2164.0,2673.0,0.0,986.0,987.0,986.0
1.0,12571.0,2977.0,2959.0,5938.0,1671.0,326.0,1345.0,0.0,986.0,987.0,986.0,995.0,989.0,993.0,2766.0,2262.0,7543.0,326.0,1345.0,0.0,986.0,987.0,986.0
1.0,15532.0,2975.0,2959.0,5988.0,0.0,0.0,0.0,0.0,986.0,987.0,986.0,992.0,990.0,993.0,4604.0,3590.0,7338.0,0.0,0.0,0.0,986.0,987.0,986.0
1.0,18545.0,2974.0,2962.0,4837.0,0.0,0.0,0.0,0.0,987.0,988.0,987.0,990.0,991.0,993.0,6607.0,5593.0,6345.0,0.0,0.0,0.0,987.0,988.0,987.0
1.0,20408.0,2965.0,2962.0,1671.0,573.0,0.0,0.0,573.0,987.0,988.0,987.0,986.0,989.0,990.0,7781.0,7275.0,5352.0,0.0,0.0,573.0,987.0,988.0,987.0
1.0,19114.0,2966.0,2963.0,0.0,1573.0,0.0,0.0,1573.0,987.0,988.0,988.0,982.0,989.0,995.0,7121.0,7631.0,4362.0,0.0,0.0,1573.0,987.0,988.0,988.0
1.0,16148.0,2958.0,2963.0,0.0,2562.0,0.0,0.0,2562.0,987.0,988.0,988.0,985.0,984.0,989.0,6139.0,6642.0,3367.0,0.0,0.0,2562.0,987.0,988.0,988.0
1.0,13190.0,2948.0,2963.0,573.0,4000.0,758.0,266.0,2976.0,987.0,988.0,988.0,977.0,984.0,987.0,5154.0,5658.0,2378.0,758.0,266.0,2976.0,987.0,988.0,988.0
1.0,10815.0,2952.0,2964.0,1573.0,5384.0,1750.0,1244.0,2390.0,988.0,988.0,988.0,987.0,978.0,987.0,4177.0,4674.0,1964.0,1750.0,1244.0,2390.0,988.0,988.0,988.0
1.0,9436.0,2947.0,2965.0,2562.0,5774.0,2730.0,2227.0,817.0,988.0,988.0,989.0,980.0,983.0,984.0,3190.0,3696.0,2550.0,2730.0,2227.0,817.0,988.0,988.0,989.0
1.0,9051.0,2950.0,2965.0,4000.0,5895.0,2953.0,2942.0,0.0,988.0,988.0,989.0,981.0,981.0,988.0,2210.0,2713.0,4128.0,2953.0,2942.0,0.0,988.0,988.0,989.0
1.0,10101.0,2959.0,2965.0,5384.0,4872.0,2187.0,2685.0,0.0,988.0,988.0,989.0,984.0,987.0,988.0,1987.0,1998.0,6116.0,2187.0,2685.0,0.0,988.0,988.0,989.0
1.0,12526.0,2964.0,2965.0,5774.0,1895.0,451.0,1444.0,0.0,988.0,988.0,989.0,994.0,986.0,984.0,2753.0,2255.0,7518.0,451.0,1444.0,0.0,988.0,988.0,989.0
1.0,15336.0,2973.0,2965.0,5895.0,0.0,0.0,0.0,0.0,988.0,988.0,989.0,989.0,989.0,995.0,4489.0,3496.0,7351.0,0.0,0.0,0.0,988.0,988.0,989.0
1.0,18258.0,2970.0,2967.0,4872.0,0.0,0.0,0.0,0.0,989.0,989.0,989.0,985.0,992.0,993.0,6453.0,5449.0,6356.0,0.0,0.0,0.0,989.0,989.0,989.0
1.0,20160.0,2976.0,2967.0,1895.0,577.0,0.0,0.0,577.0,989.0,989.0,989.0,989.0,992.0,995.0,7655.0,7142.0,5363.0,0.0,0.0,577.0,989.0,989.0,989.0
1.0,19079.0,2983.0,2967.0,0.0,1572.0,0.0,0.0,1572.0,989.0,989.0,989.0,990.0,998.0,995.0,7117.0,7594.0,4368.0,0.0,0.0,1572.0,989.0,989.0,989.0
1.0,16096.0,3002.0,2967.0,0.0,2569.0,0.0,0.0,2569.0,989.0,989.0,989.0,1000.0,1005.0,997.0,6127.0,6596.0,3373.0,0.0,0.0,2569.0,989.0,989.0,989.0
1.0,13094.0,3000.0,2968.0,577.0,4169.0,817.0,355.0,2997.0,989.0,989.0,990.0,999.0,1001.0,1000.0,5127.0,5591.0,2376.0,817.0,355.0,2997.0,989.0,989.0,990.0
1.0,10671.0,3007.0,2969.0,1572.0,5609.0,1817.0,1368.0,2424.0,989.0,990.0,990.0,1000.0,1008.0,999.0,4128.0,4590.0,1953.0,1817.0,1368.0,2424.0,989.0,990.0,990.0
1.0,9236.0,3012.0,2969.0,2569.0,6052.0,2823.0,2372.0,857.0,989.0,990.0,990.0,1006.0,1004.0,1002.0,3128.0,3582.0,2526.0,2823.0,2372.0,857.0,989.0,990.0,990.0
1.0,8793.0,3003.0,2969.0,4169.0,6030.0,3010.0,3020.0,0.0,989.0,990.0,990.0,1004.0,1003.0,996.0,2122.0,2578.0,4093.0,3010.0,3020.0,0.0,989.0,990.0,990.0
1.0,9959.0,3014.0,2971.0,5609.0,4869.0,2206.0,2663.0,0.0,990.0,991.0,990.0,1008.0,1006.0,1000.0,1935.0,1930.0,6094.0,2206.0,2663.0,0.0,990.0,991.0,990.0
1.0,12554.0,3029.0,2971.0,6052.0,1699.0,394.0,1305.0,0.0,990.0,991.0,990.0,1011.0,1014.0,1004.0,2744.0,2292.0,7518.0,394.0,1305.0,0.0,990.0,991.0,990.0
1.0,15577.0,3010.0,2971.0,6030.0,0.0,0.0,0.0,0.0,990.0,991.0,990.0,1011.0,1002.0,997.0,4556.0,3650.0,7371.0,0.0,0.0,0.0,990.0,991.0,990.0
1.0,18597.0,3001.0,2973.0,4869.0,0.0,0.0,0.0,0.0,991.0,992.0,990.0,1005.0,1004.0,992.0,6555.0,5668.0,6374.0,0.0,0.0,0.0,991.0,992.0,990.0
1.0,20465.0,3011.0,2973.0,1699.0,563.0,0.0,0.0,563.0,991.0,992.0,990.0,1004.0,1012.0,995.0,7756.0,7327.0,5382.0,0.0,0.0,563.0,991.0,992.0,990.0
1.0,19153.0,2997.0,2973.0,0.0,1560.0,0.0,0.0,1560.0,991.0,992.0,990.0,1004.0,996.0,997.0,7146.0,7620.0,4387.0,0.0,0.0,1560.0,991.0,992.0,990.0
1.0,16156.0,2996.0,2974.0,0.0,2557.0,0.0,0.0,2557.0,991.0,993.0,990.0,997.0,1002.0,997.0,6142.0,6624.0,3390.0,0.0,0.0,2557.0,991.0,993.0,990.0
1.0,13160.0,3000.0,2976.0,563.0,4157.0,822.0,341.0,2994.0,992.0,993.0,991.0,1007.0,998.0,995.0,5145.0,5622.0,2393.0,822.0,341.0,2994.0,992.0,993.0,991.0
1.0,10723.0,2981.0,2977.0,1560.0,5583.0,1814.0,1345.0,2424.0,992.0,994.0,991.0,992.0,999.0,990.0,4138.0,4624.0,1961.0,1814.0,1345.0,2424.0,992.0,994.0,991.0
1.0,9302.0,2974.0,2977.0,2557.0,6000.0,2809.0,2335.0,856.0,992.0,994.0,991.0,995.0,990.0,989.0,3146.0,3625.0,2531.0,2809.0,2335.0,856.0,992.0,994.0,991.0
1.0,8885.0,2986.0,2978.0,4157.0,5978.0,2985.0,2993.0,0.0,993.0,994.0,991.0,993.0,999.0,994.0,2151.0,2635.0,4099.0,2985.0,2993.0,0.0,993.0,994.0,991.0
1.0,10056.0,2964.0,2979.0,5583.0,4797.0,2160.0,2637.0,0.0,993.0,994.0,992.0,989.0,989.0,986.0,1980.0,1977.0,6099.0,2160.0,2637.0,0.0,993.0,994.0,992.0
1.0,12675.0,2965.0,2979.0,6000.0,1623.0,341.0,1282.0,0.0,993.0,994.0,992.0,990.0,980.0,995.0,2805.0,2333.0,7537.0,341.0,1282.0,0.0,993.0,994.0,992.0
1.0,15710.0,2962.0,2979.0,5978.0,0.0,0.0,0.0,0.0,993.0,994.0,992.0,986.0,988.0,988.0,4624.0,3688.0,7398.0,0.0,0.0,0.0,993.0,994.0,992.0
1.0,18726.0,2975.0,2980.0,4797.0,0.0,0.0,0.0,0.0,994.0,994.0,992.0,993.0,990.0,992.0,6623.0,5693.0,6410.0,0.0,0.0,0.0,994.0,994.0,992.0
1.0,20548.0,2978.0,2982.0,1623.0,544.0,0.0,0.0,544.0,994.0,995.0,993.0,992.0,989.0,997.0,7790.0,7340.0,5418.0,0.0,0.0,544.0,994.0,995.0,993.0
1.0,19193.0,2989.0,2982.0,0.0,1544.0,0.0,0.0,1544.0,994.0,995.0,993.0,992.0,997.0,1000.0,7139.0,7633.0,4421.0,0.0,0.0,1544.0,994.0,995.0,993.0
1.0,16204.0,2986.0,2984.0,0.0,2549.0,0.0,0.0,2549.0,995.0,995.0,994.0,994.0,992.0,1000.0,6147.0,6636.0,3421.0,0.0,0.0,2549.0,995.0,995.0,994.0
1.0,13218.0,2982.0,2984.0,544.0,4140.0,813.0,325.0,3002.0,995.0,995.0,994.0,991.0,994.0,997.0,5153.0,5644.0,2421.0,813.0,325.0,3002.0,995.0,995.0,994.0
1.0,10780.0,2983.0,2984.0,1544.0,5579.0,1805.0,1313.0,2461.0,995.0,995.0,994.0,992.0,988.0,1003.0,4162.0,4650.0,1968.0,1805.0,1313.0,2461.0,995.0,995.0,994.0
1.0,9341.0,3003.0,2984.0,2549.0,6033.0,2801.0,2310.0,922.0,995.0,995.0,994.0,996.0,997.0,1010.0,3170.0,3662.0,2509.0,2801.0,2310.0,922.0,995.0,995.0,994.0
1.0,8887.0,3009.0,2985.0,4140.0,5973.0,2987.0,2986.0,0.0,995.0,995.0,995.0,999.0,1001.0,1009.0,2174.0,2665.0,4048.0,2987.0,2986.0,0.0,995.0,995.0,995.0
1.0,10018.0,3012.0,2985.0,5579.0,4857.0,2183.0,2674.0,0.0,995.0,995.0,995.0,1001.0,1001.0,1010.0,1988.0,1989.0,6041.0,2183.0,2674.0,0.0,995.0,995.0,995.0
1.0,12585.0,3021.0,2986.0,6033.0,1752.0,388.0,1364.0,0.0,995.0,995.0,996.0,1006.0,1000.0,1015.0,2792.0,2301.0,7492.0,388.0,1364.0,0.0,995.0,995.0,996.0
1.0,15597.0,3022.0,2986.0,5973.0,0.0,0.0,0.0,0.0,995.0,995.0,996.0,1005.0,1002.0,1015.0,4587.0,3611.0,7399.0,0.0,0.0,0.0,995.0,995.0,996.0
1.0,18548.0,3026.0,2986.0,4857.0,0.0,0.0,0.0,0.0,995.0,995.0,996.0,1007.0,1007.0,1012.0,6569.0,5595.0,6384.0,0.0,0.0,0.0,995.0,995.0,996.0
1.0,20379.0,3033.0,2986.0,1752.0,615.0,0.0,0.0,615.0,995.0,995.0,996.0,1012.0,1014.0,1007.0,7745.0,7262.0,5372.0,0.0,0.0,615.0,995.0,995.0,996.0
1.0,19098.0,3037.0,2989.0,0.0,1635.0,0.0,0.0,1635.0,996.0,996.0,997.0,1014.0,1008.0,1015.0,7121.0,7612.0,4365.0,0.0,0.0,1635.0,996.0,996.0,997.0
1.0,16061.0,3035.0,2989.0,0.0,2649.0,0.0,0.0,2649.0,996.0,996.0,997.0,1012.0,1009.0,1014.0,6107.0,6604.0,3350.0,0.0,0.0,2649.0,996.0,996.0,997.0
1.0,13026.0,3019.0,2989.0,615.0,4323.0,896.0,394.0,3033.0,996.0,996.0,997.0,1011.0,1009.0,999.0,5095.0,5595.0,2336.0,896.0,394.0,3033.0,996.0,996.0,997.0
1.0,10622.0,3030.0,2989.0,1635.0,5718.0,1909.0,1401.0,2408.0,996.0,996.0,997.0,1013.0,1007.0,1010.0,4084.0,4586.0,1952.0,1909.0,1401.0,2408.0,996.0,996.0,997.0
1.0,9227.0,3011.0,2992.0,2649.0,6095.0,2912.0,2412.0,771.0,997.0,997.0,998.0,998.0,1006.0,1007.0,3071.0,3579.0,2577.0,2912.0,2412.0,771.0,997.0,997.0,998.0
1.0,8865.0,3007.0,2992.0,4323.0,6043.0,3023.0,3020.0,0.0,997.0,997.0,998.0,1007.0,1002.0,998.0,2073.0,2573.0,4219.0,3023.0,3020.0,0.0,997.0,997.0,998.0
1.0,10181.0,3010.0,2992.0,5718.0,4739.0,2119.0,2620.0,0.0,997.0,997.0,998.0,1005.0,1001.0,1004.0,1962.0,1965.0,6254.0,2119.0,2620.0,0.0,997.0,997.0,998.0
1.0,12889.0,3002.0,2992.0,6095.0,1421.0,208.0,1213.0,0.0,997.0,997.0,998.0,1001.0,1005.0,996.0,2866.0,2365.0,7658.0,208.0,1213.0,0.0,997.0,997.0,998.0
1.0,15982.0,2989.0,2994.0,6043.0,0.0,0.0,0.0,0.0,998.0,998.0,998.0,999.0,1000.0,990.0,4777.0,3772.0,7433.0,0.0,0.0,0.0,998.0,998.0,998.0
1.0,19036.0,3004.0,2994.0,4739.0,0.0,0.0,0.0,0.0,998.0,998.0,998.0,1004.0,1001.0,999.0,6801.0,5792.0,6443.0,0.0,0.0,0.0,998.0,998.0,998.0
1.0,20771.0,2979.0,2994.0,1421.0,538.0,0.0,0.0,538.0,998.0,998.0,998.0,994.0,993.0,992.0,7916.0,7411.0,5444.0,0.0,0.0,538.0,998.0,998.0,998.0
1.0,19213.0,2976.0,2994.0,0.0,1527.0,0.0,0.0,1527.0,998.0,998.0,998.0,987.0,1000.0,989.0,7130.0,7631.0,4452.0,0.0,0.0,1527.0,998.0,998.0,998.0
1.0,16237.0,2994.0,2997.0,0.0,2526.0,0.0,0.0,2526.0,999.0,999.0,999.0,995.0,1005.0,994.0,6143.0,6631.0,3463.0,0.0,0.0,2526.0,999.0,999.0,999.0
1.0,13243.0,2999.0,2997.0,538.0,4203.0,843.0,372.0,2988.0,999.0,999.0,999.0,996.0,1003.0,1000.0,5148.0,5626.0,2469.0,843.0,372.0,2988.0,999.0,999.0,999.0
1.0,10782.0,2975.0,2998.0,1527.0,5656.0,1829.0,1374.0,2453.0,999.0,1000.0,999.0,986.0,997.0,992.0,4152.0,4623.0,2007.0,1829.0,1374.0,2453.0,999.0,1000.0,999.0
1.0,9334.0,2999.0,2998.0,2526.0,6129.0,2825.0,2378.0,926.0,999.0,1000.0,999.0,996.0,1004.0,999.0,3166.0,3626.0,2542.0,2825.0,2378.0,926.0,999.0,1000.0,999.0
1.0,8861.0,2997.0,2998.0,4203.0,5986.0,2977.0,3009.0,0.0,999.0,1000.0,999.0,995.0,1003.0,999.0,2170.0,2622.0,4069.0,2977.0,3009.0,0.0,999.0,1000.0,999.0
1.0,10067.0,3008.0,2998.0,5656.0,4789.0,2148.0,2641.0,0.0,999.0,1000.0,999.0,1000.0,1006.0,1002.0,2018.0,1991.0,6058.0,2148.0,2641.0,0.0,999.0,1000.0,999.0
1.0,12715.0,3007.0,3000.0,6129.0,1604.0,335.0,1269.0,0.0,1000.0,1001.0,999.0,1007.0,1001.0,999.0,2847.0,2359.0,7509.0,335.0,1269.0,0.0,1000.0,1001.0,999.0
1.0,15837.0,3017.0,3001.0,5986.0,0.0,0.0,0.0,0.0,1000.0,1001.0,1000.0,1006.0,1002.0,1009.0,4665.0,3736.0,7436.0,0.0,0.0,0.0,1000.0,1001.0,1000.0
1.0,18806.0,3018.0,3001.0,4789.0,0.0,0.0,0.0,0.0,1000.0,1001.0,1000.0,999.0,1009.0,1010.0,6636.0,5743.0,6427.0,0.0,0.0,0.0,1000.0,1001.0,1000.0
1.0,20577.0,3013.0,3001.0,1604.0,589.0,0.0,0.0,589.0,1000.0,1001.0,1000.0,995.0,1012.0,1006.0,7785.0,7375.0,5417.0,0.0,0.0,589.0,1000.0,1001.0,1000.0
1.0,19168.0,3021.0,3001.0,0.0,1598.0,0.0,0.0,1598.0,1000.0,1001.0,1000.0,1002.0,1010.0,1009.0,7125.0,7632.0,4411.0,0.0,0.0,1598.0,1000.0,1001.0,1000.0
1.0,16147.0,3017.0,3001.0,0.0,2606.0,0.0,0.0,2606.0,1000.0,1001.0,1000.0,1006.0,1003.0,1008.0,6123.0,6622.0,3402.0,0.0,0.0,2606.0,1000.0,1001.0,1000.0
1.0,13130.0,3030.0,3002.0,589.0,4321.0,894.0,400.0,3027.0,1000.0,1001.0,1001.0,1011.0,1014.0,1005.0,5117.0,5619.0,2394.0,894.0,400.0,3027.0,1000.0,1001.0,1001.0
1.0,10689.0,3041.0,3002.0,1598.0,5764.0,1907.0,1416.0,2441.0,1000.0,1001.0,1001.0,1013.0,1016.0,1012.0,4106.0,4605.0,1978.0,1907.0,1416.0,2441.0,1000.0,1001.0,1001.0
1.0,9246.0,3042.0,3002.0,2606.0,6200.0,2919.0,2430.0,851.0,1000.0,1001.0,1001.0,1012.0,1014.0,1016.0,3093.0,3589.0,2564.0,2919.0,2430.0,851.0,1000.0,1001.0,1001.0
1.0,8810.0,3030.0,3002.0,4321.0,6066.0,3032.0,3034.0,0.0,1000.0,1001.0,1001.0,1007.0,1004.0,1019.0,2081.0,2575.0,4154.0,3032.0,3034.0,0.0,1000.0,1001.0,1001.0
1.0,10101.0,3032.0,3003.0,5764.0,4761.0,2138.0,2623.0,0.0,1000.0,1001.0,1002.0,1013.0,1005.0,1014.0,1968.0,1971.0,6162.0,2138.0,2623.0,0.0,1000.0,1001.0,1002.0
1.0,12833.0,3031.0,3004.0,6200.0,1437.0,242.0,1195.0,0.0,1001.0,1001.0,1002.0,1018.0,1002.0,1011.0,2862.0,2382.0,7589.0,242.0,1195.0,0.0,1001.0,1001.0,1002.0
1.0,16002.0,3027.0,3004.0,6066.0,0.0,0.0,0.0,0.0,1001.0,1001.0,1002.0,1009.0,1008.0,1010.0,4763.0,3810.0,7429.0,0.0,0.0,0.0,1001.0,1001.0,1002.0
1.0,19041.0,3036.0,3006.0,4761.0,0.0,0.0,0.0,0.0,1001.0,1002.0,1003.0,1015.0,1005.0,1016.0,6786.0,5836.0,6419.0,0.0,0.0,0.0,1001.0,1002.0,1003.0
1.0,20766.0,3021.0,3006.0,1437.0,621.0,0.0,0.0,621.0,1001.0,1002.0,1003.0,1007.0,1005.0,1009.0,7909.0,7454.0,5403.0,0.0,0.0,621.0,1001.0,1002.0,1003.0
1.0,19182.0,3012.0,3006.0,0.0,1623.0,0.0,0.0,1623.0,1001.0,1002.0,1003.0,1004.0,1006.0,1002.0,7144.0,7644.0,4394.0,0.0,0.0,1623.0,1001.0,1002.0,1003.0
1.0,16170.0,3019.0,3008.0,0.0,2637.0,0.0,0.0,2637.0,1002.0,1002.0,1004.0,1006.0,1004.0,1009.0,6140.0,6638.0,3392.0,0.0,0.0,2637.0,1002.0,1002.0,1004.0
1.0,13151.0,3016.0,3008.0,621.0,4284.0,888.0,380.0,3016.0,1002.0,1002.0,1004.0,1012.0,1004.0,1000.0,5134.0,5634.0,2383.0,888.0,380.0,3016.0,1002.0,1002.0,1004.0
1.0,10756.0,3020.0,3009.0,1623.0,5686.0,1897.0,1393.0,2396.0,1002.0,1003.0,1004.0,1009.0,1008.0,1003.0,4122.0,4630.0,2004.0,1897.0,1393.0,2396.0,1002.0,1003.0,1004.0
1.0,9359.0,3013.0,3010.0,2637.0,6067.0,2905.0,2398.0,764.0,1003.0,1003.0,1004.0,1003.0,1005.0,1005.0,3113.0,3622.0,2624.0,2905.0,2398.0,764.0,1003.0,1003.0,1004.0
1.0,8983.0,3017.0,3011.0,4284.0,6049.0,3023.0,3026.0,0.0,1003.0,1003.0,1005.0,1006.0,1008.0,1003.0,2110.0,2617.0,4256.0,3023.0,3026.0,0.0,1003.0,1003.0,1005.0
1.0,10250.0,3011.0,3012.0,5686.0,4771.0,2129.0,2642.0,0.0,1003.0,1004.0,1005.0,1003.0,1004.0,1004.0,1992.0,1989.0,6269.0,2129.0,2642.0,0.0,1003.0,1004.0,1005.0
1.0,12925.0,3017.0,3012.0,6067.0,1479.0,227.0,1252.0,0.0,1003.0,1004.0,1005.0,1003.0,1008.0,1006.0,2886.0,2378.0,7661.0,227.0,1252.0,0.0,1003.0,1004.0,1005.0
1.0,15975.0,3026.0,3013.0,6049.0,0.0,0.0,0.0,0.0,1004.0,1004.0,1005.0,1009.0,1007.0,1010.0,4788.0,3768.0,7419.0,0.0,0.0,0.0,1004.0,1004.0,1005.0
1.0,18998.0,3015.0,3014.0,4771.0,0.0,0.0,0.0,0.0,1004.0,1005.0,1005.0,999.0,1013.0,1003.0,6802.0,5787.0,6409.0,0.0,0.0,0.0,1004.0,1005.0,1005.0
1.0,20754.0,3030.0,3015.0,1479.0,632.0,0.0,0.0,632.0,1004.0,1005.0,1006.0,1006.0,1016.0,1008.0,7932.0,7416.0,5406.0,0.0,0.0,632.0,1004.0,1005.0,1006.0
1.0,19203.0,3032.0,3016.0,0.0,1640.0,0.0,0.0,1640.0,1004.0,1006.0,1006.0,1008.0,1016.0,1008.0,7153.0,7652.0,4398.0,0.0,0.0,1640.0,1004.0,1006.0,1006.0
1.0,16171.0,3041.0,3017.0,0.0,2652.0,0.0,0.0,2652.0,1005.0,1006.0,1006.0,1011.0,1018.0,1012.0,6145.0,6636.0,3390.0,0.0,0.0,2652.0,1005.0,1006.0,1006.0
1.0,13130.0,3040.0,3017.0,632.0,4363.0,899.0,427.0,3037.0,1005.0,1006.0,1006.0,1008.0,1015.0,1017.0,5134.0,5618.0,2378.0,899.0,427.0,3037.0,1005.0,1006.0,1006.0
1.0,10722.0,3046.0,3018.0,1640.0,5774.0,1914.0,1452.0,2408.0,1005.0,1007.0,1006.0,1015.0,1020.0,1011.0,4126.0,4603.0,1993.0,1914.0,1452.0,2408.0,1005.0,1007.0,1006.0
1.0,9316.0,3057.0,3018.0,2652.0,6179.0,2928.0,2477.0,774.0,1005.0,1007.0,1006.0,1014.0,1025.0,1018.0,3111.0,3583.0,2622.0,2928.0,2477.0,774.0,1005.0,1007.0,1006.0
1.0,8911.0,3035.0,3018.0,4363.0,6101.0,3036.0,3065.0,0.0,1005.0,1007.0,1006.0,1007.0,1015.0,1013.0,2097.0,2558.0,4256.0,3036.0,3065.0,0.0,1005.0,1007.0,1006.0
1.0,10239.0,3050.0,3019.0,5774.0,4773.0,2133.0,2640.0,0.0,1005.0,1008.0,1006.0,1011.0,1022.0,1017.0,1989.0,1970.0,6280.0,2133.0,2640.0,0.0,1005.0,1008.0,1006.0
1.0,12963.0,3052.0,3019.0,6179.0,1396.0,214.0,1182.0,0.0,1005.0,1008.0,1006.0,1009.0,1019.0,1024.0,2892.0,2400.0,7671.0,214.0,1182.0,0.0,1005.0,1008.0,1006.0
1.0,16090.0,3060.0,3019.0,6101.0,0.0,0.0,0.0,0.0,1005.0,1008.0,1006.0,1019.0,1023.0,1018.0,4811.0,3858.0,7421.0,0.0,0.0,0.0,1005.0,1008.0,1006.0
1.0,19131.0,3050.0,3019.0,4773.0,0.0,0.0,0.0,0.0,1005.0,1008.0,1006.0,1014.0,1019.0,1017.0,6828.0,5900.0,6403.0,0.0,0.0,0.0,1005.0,1008.0,1006.0
1.0,20854.0,3043.0,3020.0,1396.0,662.0,0.0,0.0,662.0,1005.0,1008.0,1007.0,1013.0,1017.0,1013.0,7947.0,7521.0,5386.0,0.0,0.0,662.0,1005.0,1008.0,1007.0
1.0,19207.0,3041.0,3021.0,0.0,1674.0,0.0,0.0,1674.0,1005.0,1009.0,1007.0,1013.0,1016.0,1012.0,7148.0,7686.0,4373.0,0.0,0.0,1674.0,1005.0,1009.0,1007.0
1.0,16166.0,3029.0,3022.0,0.0,2681.0,0.0,0.0,2681.0,1006.0,1009.0,1007.0,1011.0,1011.0,1007.0,6135.0,6670.0,3361.0,0.0,0.0,2681.0,1006.0,1009.0,1007.0
1.0,13137.0,3024.0,3022.0,662.0,4335.0,916.0,395.0,3024.0,1006.0,1009.0,1007.0,1010.0,1009.0,1005.0,5124.0,5659.0,2354.0,916.0,395.0,3024.0,1006.0,1009.0,1007.0
1.0,10775.0,3035.0,3022.0,1674.0,5696.0,1929.0,1406.0,2361.0,1006.0,1009.0,1007.0,1013.0,1011.0,1011.0,4114.0,4650.0,2011.0,1929.0,1406.0,2361.0,1006.0,1009.0,1007.0
1.0,9414.0,3021.0,3022.0,2681.0,6036.0,2936.0,2415.0,685.0,1006.0,1009.0,1007.0,1007.0,1009.0,1005.0,3101.0,3639.0,2674.0,2936.0,2415.0,685.0,1006.0,1009.0,1007.0
1.0,9074.0,3020.0,3022.0,4335.0,6054.0,3032.0,3022.0,0.0,1006.0,1009.0,1007.0,1012.0,1002.0,1006.0,2094.0,2630.0,4350.0,3032.0,3022.0,0.0,1006.0,1009.0,1007.0
1.0,10389.0,3021.0,3022.0,5696.0,4742.0,2114.0,2628.0,0.0,1006.0,1009.0,1007.0,1011.0,1012.0,998.0,1998.0,2023.0,6368.0,2114.0,2628.0,0.0,1006.0,1009.0,1007.0
1.0,13064.0,3029.0,3025.0,6036.0,1423.0,200.0,1223.0,0.0,1007.0,1010.0,1008.0,1017.0,1005.0,1007.0,2916.0,2417.0,7731.0,200.0,1223.0,0.0,1007.0,1010.0,1008.0
1.0,16071.0,3013.0,3024.0,6054.0,0.0,0.0,0.0,0.0,1007.0,1009.0,1008.0,1007.0,997.0,1009.0,4835.0,3827.0,7409.0,0.0,0.0,0.0,1007.0,1009.0,1008.0
1.0,19112.0,3023.0,3025.0,4742.0,0.0,0.0,0.0,0.0,1008.0,1009.0,1008.0,1018.0,1000.0,1005.0,6860.0,5852.0,6400.0,0.0,0.0,0.0,1008.0,1009.0,1008.0
1.0,20831.0,3032.0,3025.0,1423.0,652.0,0.0,0.0,652.0,1008.0,1009.0,1008.0,1021.0,1004.0,1007.0,7956.0,7480.0,5395.0,0.0,0.0,652.0,1008.0,1009.0,1008.0
1.0,19222.0,3034.0,3028.0,0.0,1670.0,0.0,0.0,1670.0,1009.0,1010.0,1009.0,1014.0,1007.0,1013.0,7135.0,7699.0,4388.0,0.0,0.0,1670.0,1009.0,1010.0,1009.0
1.0,16188.0,3042.0,3028.0,0.0,2687.0,0.0,0.0,2687.0,1009.0,1010.0,1009.0,1010.0,1015.0,1017.0,6121.0,6692.0,3375.0,0.0,0.0,2687.0,1009.0,1010.0,1009.0
1.0,13146.0,3035.0,3028.0,652.0,4377.0,946.0,383.0,3048.0,1009.0,1010.0,1009.0,1012.0,1010.0,1013.0,5111.0,5677.0,2358.0,946.0,383.0,3048.0,1009.0,1010.0,1009.0
1.0,10763.0,3049.0,3030.0,1670.0,5766.0,1965.0,1405.0,2396.0,1010.0,1010.0,1010.0,1014.0,1022.0,1013.0,4099.0,4667.0,1997.0,1965.0,1405.0,2396.0,1010.0,1010.0,1010.0
1.0,9384.0,3054.0,3031.0,2687.0,6138.0,2982.0,2427.0,729.0,1010.0,1011.0,1010.0,1017.0,1017.0,1020.0,3085.0,3645.0,2654.0,2982.0,2427.0,729.0,1010.0,1011.0,1010.0
1.0,9017.0,3059.0,3031.0,4377.0,6120.0,3049.0,3071.0,0.0,1010.0,1011.0,1010.0,1013.0,1027.0,1019.0,2068.0,2628.0,4321.0,3049.0,3071.0,0.0,1010.0,1011.0,1010.0
1.0,10335.0,3052.0,3031.0,5766.0,4787.0,2101.0,2686.0,0.0,1010.0,1011.0,1010.0,1017.0,1020.0,1015.0,2001.0,1984.0,6350.0,2101.0,2686.0,0.0,1010.0,1011.0,1010.0
1.0,13049.0,3066.0,3034.0,6138.0,1430.0,140.0,1290.0,0.0,1011.0,1012.0,1011.0,1016.0,1026.0,1024.0,2949.0,2369.0,7731.0,140.0,1290.0,0.0,1011.0,1012.0,1011.0
1.0,16121.0,3054.0,3034.0,6120.0,0.0,0.0,0.0,0.0,1011.0,1012.0,1011.0,1014.0,1016.0,1024.0,4915.0,3770.0,7436.0,0.0,0.0,0.0,1011.0,1012.0,1011.0
1.0,19187.0,3069.0,3034.0,4787.0,0.0,0.0,0.0,0.0,1011.0,1012.0,1011.0,1017.0,1023.0,1029.0,6950.0,5825.0,6412.0,0.0,0.0,0.0,1011.0,1012.0,1011.0
1.0,20905.0,3069.0,3035.0,1430.0,697.0,0.0,0.0,697.0,1011.0,1012.0,1012.0,1024.0,1025.0,1020.0,8034.0,7488.0,5383.0,0.0,0.0,697.0,1011.0,1012.0,1012.0
1.0,19266.0,3081.0,3036.0,0.0,1726.0,0.0,0.0,1726.0,1012.0,1012.0,1012.0,1023.0,1029.0,1029.0,7150.0,7753.0,4363.0,0.0,0.0,1726.0,1012.0,1012.0,1012.0
1.0,16185.0,3082.0,3037.0,0.0,2757.0,0.0,0.0,2757.0,1012.0,1013.0,1012.0,1021.0,1030.0,1031.0,6127.0,6724.0,3334.0,0.0,0.0,2757.0,1012.0,1013.0,1012.0
1.0,13103.0,3064.0,3037.0,697.0,4449.0,968.0,398.0,3083.0,1012.0,1013.0,1012.0,1014.0,1027.0,1023.0,5106.0,5694.0,2303.0,968.0,398.0,3083.0,1012.0,1013.0,1012.0
1.0,10736.0,3060.0,3038.0,1726.0,5788.0,1980.0,1433.0,2375.0,1012.0,1014.0,1012.0,1012.0,1030.0,1018.0,4092.0,4667.0,1977.0,1980.0,1433.0,2375.0,1012.0,1014.0,1012.0
1.0,9402.0,3062.0,3039.0,2757.0,6098.0,3000.0,2456.0,642.0,1012.0,1014.0,1013.0,1020.0,1023.0,1019.0,3080.0,3637.0,2685.0,3000.0,2456.0,642.0,1012.0,1014.0,1013.0
1.0,9097.0,3062.0,3039.0,4449.0,6135.0,3056.0,3079.0,0.0,1012.0,1014.0,1013.0,1024.0,1021.0,1017.0,2060.0,2614.0,4423.0,3056.0,3079.0,0.0,1012.0,1014.0,1013.0
1.0,10484.0,3066.0,3040.0,5788.0,4769.0,2092.0,2677.0,0.0,1012.0,1015.0,1013.0,1016.0,1026.0,1024.0,2004.0,1991.0,6489.0,2092.0,2677.0,0.0,1012.0,1015.0,1013.0
1.0,13206.0,3051.0,3040.0,6098.0,1348.0,111.0,1237.0,0.0,1012.0,1015.0,1013.0,1019.0,1016.0,1016.0,2968.0,2398.0,7840.0,111.0,1237.0,0.0,1012.0,1015.0,1013.0
1.0,16253.0,3045.0,3041.0,6135.0,0.0,0.0,0.0,0.0,1013.0,1015.0,1013.0,1017.0,1016.0,1012.0,4949.0,3838.0,7466.0,0.0,0.0,0.0,1013.0,1015.0,1013.0
1.0,19343.0,3039.0,3041.0,4769.0,0.0,0.0,0.0,0.0,1013.0,1015.0,1013.0,1011.0,1009.0,1019.0,6988.0,5901.0,6454.0,0.0,0.0,0.0,1013.0,1015.0,1013.0
1.0,21073.0,3038.0,3042.0,1348.0,649.0,0.0,0.0,649.0,1013.0,1015.0,1014.0,1014.0,1010.0,1014.0,8069.0,7569.0,5435.0,0.0,0.0,649.0,1013.0,1015.0,1014.0
1.0,19383.0,3022.0,3042.0,0.0,1656.0,0.0,0.0,1656.0,1013.0,1015.0,1014.0,1010.0,1005.0,1007.0,7166.0,7796.0,4421.0,0.0,0.0,1656.0,1013.0,1015.0,1014.0
1.0,16361.0,3033.0,3042.0,0.0,2664.0,0.0,0.0,2664.0,1013.0,1015.0,1014.0,1014.0,1011.0,1008.0,6156.0,6791.0,3414.0,0.0,0.0,2664.0,1013.0,1015.0,1014.0
1.0,13328.0,3025.0,3042.0,649.0,4258.0,941.0,297.0,3020.0,1013.0,1015.0,1014.0,1018.0,1002.0,1005.0,5142.0,5780.0,2406.0,941.0,297.0,3020.0,1013.0,1015.0,1014.0
1.0,10952.0,3028.0,3043.0,1656.0,5635.0,1961.0,1300.0,2374.0,1014.0,1015.0,1014.0,1015.0,1003.0,1010.0,4124.0,4778.0,2050.0,1961.0,1300.0,2374.0,1014.0,1015.0,1014.0
1.0,9580.0,3042.0,3043.0,2664.0,6013.0,2980.0,2309.0,724.0,1014.0,1015.0,1014.0,1019.0,1009.0,1014.0,3109.0,3775.0,2696.0,2980.0,2309.0,724.0,1014.0,1015.0,1014.0
1.0,9202.0,3050.0,3043.0,4258.0,6089.0,3061.0,3028.0,0.0,1014.0,1015.0,1014.0,1022.0,1016.0,1012.0,2090.0,2766.0,4346.0,3061.0,3028.0,0.0,1014.0,1015.0,1014.0
1.0,10410.0,3039.0,3043.0,5635.0,4855.0,2116.0,2739.0,0.0,1014.0,1015.0,1014.0,1016.0,1011.0,1012.0,2009.0,2047.0,6354.0,2116.0,2739.0,0.0,1014.0,1015.0,1014.0
1.0,13006.0,3052.0,3044.0,6013.0,1608.0,165.0,1443.0,0.0,1015.0,1015.0,1014.0,1024.0,1013.0,1015.0,2954.0,2336.0,7716.0,165.0,1443.0,0.0,1015.0,1015.0,1014.0
1.0,15967.0,3055.0,3045.0,6089.0,0.0,0.0,0.0,0.0,1015.0,1015.0,1015.0,1018.0,1020.0,1017.0,4910.0,3632.0,7425.0,0.0,0.0,0.0,1015.0,1015.0,1015.0
1.0,19001.0,3080.0,3045.0,4855.0,0.0,0.0,0.0,0.0,1015.0,1015.0,1015.0,1036.0,1015.0,1029.0,6953.0,5640.0,6408.0,0.0,0.0,0.0,1015.0,1015.0,1015.0
1.0,20776.0,3073.0,3047.0,1608.0,716.0,0.0,0.0,716.0,1016.0,1016.0,1015.0,1027.0,1026.0,1020.0,8033.0,7364.0,5379.0,0.0,0.0,716.0,1016.0,1016.0,1015.0
1.0,19311.0,3079.0,3047.0,0.0,1743.0,0.0,0.0,1743.0,1016.0,1016.0,1015.0,1026.0,1026.0,1027.0,7171.0,7781.0,4359.0,0.0,0.0,1743.0,1016.0,1016.0,1015.0
1.0,16232.0,3069.0,3047.0,0.0,2763.0,0.0,0.0,2763.0,1016.0,1016.0,1015.0,1028.0,1021.0,1020.0,6145.0,6755.0,3332.0,0.0,0.0,2763.0,1016.0,1016.0,1015.0
1.0,13163.0,3066.0,3049.0,716.0,4432.0,989.0,371.0,3072.0,1017.0,1016.0,1016.0,1021.0,1025.0,1020.0,5117.0,5734.0,2312.0,989.0,371.0,3072.0,1017.0,1016.0,1016.0
1.0,10813.0,3084.0,3049.0,1743.0,5773.0,2024.0,1400.0,2349.0,1017.0,1016.0,1016.0,1035.0,1029.0,1020.0,4096.0,4709.0,2008.0,2024.0,1400.0,2349.0,1017.0,1016.0,1016.0
1.0,9472.0,3086.0,3049.0,2763.0,6096.0,3045.0,2439.0,612.0,1017.0,1016.0,1016.0,1021.0,1039.0,1026.0,3061.0,3680.0,2731.0,3045.0,2439.0,612.0,1017.0,1016.0,1016.0
1.0,9149.0,3076.0,3049.0,4432.0,6176.0,3080.0,3096.0,0.0,1017.0,1016.0,1016.0,1024.0,1028.0,1024.0,2040.0,2641.0,4468.0,3080.0,3096.0,0.0,1017.0,1016.0,1016.0
1.0,10505.0,3090.0,3051.0,5773.0,4821.0,2088.0,2733.0,0.0,1018.0,1017.0,1016.0,1027.0,1032.0,1031.0,2005.0,1984.0,6516.0,2088.0,2733.0,0.0,1018.0,1017.0,1016.0
1.0,13188.0,3076.0,3051.0,6096.0,1379.0,59.0,1320.0,0.0,1018.0,1017.0,1016.0,1016.0,1026.0,1034.0,3002.0,2352.0,7834.0,59.0,1320.0,0.0,1018.0,1017.0,1016.0
1.0,16208.0,3080.0,3052.0,6176.0,0.0,0.0,0.0,0.0,1018.0,1017.0,1017.0,1025.0,1025.0,1030.0,5031.0,3765.0,7412.0,0.0,0.0,0.0,1018.0,1017.0,1017.0
1.0,19304.0,3071.0,3052.0,4821.0,0.0,0.0,0.0,0.0,1018.0,1017.0,1017.0,1021.0,1026.0,1024.0,7086.0,5836.0,6382.0,0.0,0.0,0.0,1018.0,1017.0,1017.0
1.0,21054.0,3079.0,3054.0,1379.0,763.0,0.0,0.0,763.0,1018.0,1018.0,1018.0,1022.0,1026.0,1031.0,8153.0,7543.0,5358.0,0.0,0.0,763.0,1018.0,1018.0,1018.0
1.0,19354.0,3071.0,3054.0,0.0,1794.0,0.0,0.0,1794.0,1018.0,1018.0,1018.0,1020.0,1020.0,1031.0,7190.0,7837.0,4327.0,0.0,0.0,1794.0,1018.0,1018.0,1018.0
1.0,16283.0,3074.0,3055.0,0.0,2819.0,0.0,0.0,2819.0,1019.0,1018.0,1018.0,1025.0,1024.0,1025.0,6170.0,6817.0,3296.0,0.0,0.0,2819.0,1019.0,1018.0,1018.0
1.0,13209.0,3071.0,3057.0,763.0,4384.0,974.0,328.0,3082.0,1019.0,1019.0,1019.0,1024.0,1026.0,1021.0,5145.0,5793.0,2271.0,974.0,328.0,3082.0,1019.0,1019.0,1019.0
1.0,10901.0,3064.0,3057.0,1794.0,5654.0,1993.0,1352.0,2309.0,1019.0,1019.0,1019.0,1019.0,1024.0,1021.0,4121.0,4767.0,2013.0,1993.0,1352.0,2309.0,1019.0,1019.0,1019.0
1.0,9631.0,3065.0,3057.0,2819.0,5900.0,3011.0,2374.0,515.0,1019.0,1019.0,1019.0,1018.0,1022.0,1025.0,3102.0,3743.0,2786.0,3011.0,2374.0,515.0,1019.0,1019.0,1019.0
1.0,9385.0,3072.0,3059.0,4384.0,6140.0,3058.0,3082.0,0.0,1019.0,1020.0,1020.0,1021.0,1031.0,1020.0,2084.0,2721.0,4580.0,3058.0,3082.0,0.0,1019.0,1020.0,1020.0
1.0,10697.0,3069.0,3059.0,5654.0,4840.0,2086.0,2754.0,0.0,1019.0,1020.0,1020.0,1021.0,1024.0,1024.0,2037.0,2018.0,6642.0,2086.0,2754.0,0.0,1019.0,1020.0,1020.0
1.0,13282.0,3068.0,3060.0,5900.0,1503.0,95.0,1408.0,0.0,1019.0,1021.0,1020.0,1020.0,1023.0,1025.0,3009.0,2346.0,7927.0,95.0,1408.0,0.0,1019.0,1021.0,1020.0
1.0,16114.0,3061.0,3061.0,6140.0,0.0,0.0,0.0,0.0,1020.0,1021.0,1020.0,1022.0,1021.0,1018.0,5000.0,3697.0,7417.0,0.0,0.0,0.0,1020.0,1021.0,1020.0
1.0,19193.0,3049.0,3061.0,4840.0,0.0,0.0,0.0,0.0,1020.0,1021.0,1020.0,1016.0,1016.0,1017.0,7036.0,5758.0,6399.0,0.0,0.0,0.0,1020.0,1021.0,1020.0
1.0,20984.0,3072.0,3062.0,1503.0,745.0,0.0,0.0,745.0,1020.0,1021.0,1021.0,1028.0,1022.0,1022.0,8106.0,7496.0,5382.0,0.0,0.0,745.0,1020.0,1021.0,1021.0
1.0,19415.0,3063.0,3062.0,0.0,1769.0,0.0,0.0,1769.0,1020.0,1021.0,1021.0,1027.0,1012.0,1024.0,7173.0,7882.0,4360.0,0.0,0.0,1769.0,1020.0,1021.0,1021.0
1.0,16352.0,3085.0,3062.0,0.0,2801.0,0.0,0.0,2801.0,1020.0,1021.0,1021.0,1023.0,1030.0,1032.0,6146.0,6870.0,3336.0,0.0,0.0,2801.0,1020.0,1021.0,1021.0
1.0,13267.0,3077.0,3063.0,745.0,4380.0,1009.0,294.0,3077.0,1021.0,1021.0,1021.0,1027.0,1029.0,1021.0,5123.0,5840.0,2304.0,1009.0,294.0,3077.0,1021.0,1021.0,1021.0
1.0,10935.0,3079.0,3063.0,1769.0,5690.0,2034.0,1318.0,2338.0,1021.0,1021.0,1021.0,1025.0,1024.0,1030.0,4096.0,4811.0,2028.0,2034.0,1318.0,2338.0,1021.0,1021.0,1021.0
1.0,9625.0,3090.0,3063.0,2801.0,5979.0,3060.0,2352.0,567.0,1021.0,1021.0,1021.0,1026.0,1034.0,1030.0,3071.0,3787.0,2767.0,3060.0,2352.0,567.0,1021.0,1021.0,1021.0
1.0,9336.0,3091.0,3065.0,4380.0,6178.0,3086.0,3092.0,0.0,1021.0,1022.0,1022.0,1035.0,1029.0,1027.0,2045.0,2753.0,4538.0,3086.0,3092.0,0.0,1021.0,1022.0,1022.0
1.0,10625.0,3091.0,3066.0,5690.0,4889.0,2088.0,2801.0,0.0,1022.0,1022.0,1022.0,1031.0,1027.0,1033.0,2019.0,2018.0,6588.0,2088.0,2801.0,0.0,1022.0,1022.0,1022.0
1.0,13224.0,3094.0,3066.0,5979.0,1542.0,62.0,1480.0,0.0,1022.0,1022.0,1022.0,1034.0,1031.0,1029.0,3022.0,2309.0,7893.0,62.0,1480.0,0.0,1022.0,1022.0,1022.0
1.0,16109.0,3087.0,3066.0,6178.0,0.0,0.0,0.0,0.0,1022.0,1022.0,1022.0,1030.0,1030.0,1027.0,5048.0,3630.0,7431.0,0.0,0.0,0.0,1022.0,1022.0,1022.0
1.0,19200.0,3091.0,3066.0,4889.0,0.0,0.0,0.0,0.0,1022.0,1022.0,1022.0,1030.0,1027.0,1034.0,7104.0,5692.0,6404.0,0.0,0.0,0.0,1022.0,1022.0,1022.0
1.0,20998.0,3103.0,3067.0,1542.0,775.0,0.0,0.0,775.0,1023.0,1022.0,1022.0,1032.0,1036.0,1035.0,8162.0,7466.0,5370.0,0.0,0.0,775.0,1023.0,1022.0,1022.0
1.0,19437.0,3101.0,3067.0,0.0,1811.0,0.0,0.0,1811.0,1023.0,1022.0,1022.0,1026.0,1039.0,1036.0,7192.0,7910.0,4335.0,0.0,0.0,1811.0,1023.0,1022.0,1022.0
1.0,16336.0,3083.0,3068.0,0.0,2846.0,0.0,0.0,2846.0,1023.0,1022.0,1023.0,1031.0,1022.0,1030.0,6166.0,6871.0,3299.0,0.0,0.0,2846.0,1023.0,1022.0,1023.0
1.0,13253.0,3080.0,3068.0,775.0,4392.0,1004.0,290.0,3098.0,1023.0,1022.0,1023.0,1024.0,1029.0,1027.0,5135.0,5849.0,2269.0,1004.0,290.0,3098.0,1023.0,1022.0,1023.0
1.0,10948.0,3091.0,3068.0,1811.0,5672.0,2032.0,1323.0,2317.0,1023.0,1022.0,1023.0,1028.0,1033.0,1030.0,4111.0,4820.0,2017.0,2032.0,1323.0,2317.0,1023.0,1022.0,1023.0
1.0,9668.0,3073.0,3069.0,2846.0,5904.0,3055.0,2354.0,495.0,1023.0,1023.0,1023.0,1023.0,1026.0,1024.0,3083.0,3787.0,2798.0,3055.0,2354.0,495.0,1023.0,1023.0,1023.0
1.0,9441.0,3060.0,3069.0,4392.0,6157.0,3069.0,3088.0,0.0,1023.0,1023.0,1023.0,1018.0,1024.0,1018.0,2060.0,2761.0,4620.0,3069.0,3088.0,0.0,1023.0,1023.0,1023.0
1.0,10773.0,3061.0,3069.0,5672.0,4845.0,2055.0,2790.0,0.0,1023.0,1023.0,1023.0,1018.0,1025.0,1018.0,2046.0,2027.0,6700.0,2055.0,2790.0,0.0,1023.0,1023.0,1023.0
1.0,13384.0,3068.0,3070.0,5904.0,1484.0,30.0,1454.0,0.0,1024.0,1023.0,1023.0,1025.0,1018.0,1025.0,3060.0,2325.0,7999.0,30.0,1454.0,0.0,1024.0,1023.0,1023.0
1.0,16220.0,3064.0,3072.0,6157.0,0.0,0.0,0.0,0.0,1024.0,1024.0,1024.0,1023.0,1018.0,1023.0,5090.0,3661.0,7469.0,0.0,0.0,0.0,1024.0,1024.0,1024.0
1.0,19313.0,3058.0,3072.0,4845.0,0.0,0.0,0.0,0.0,1024.0,1024.0,1024.0,1011.0,1031.0,1016.0,7136.0,5731.0,6446.0,0.0,0.0,0.0,1024.0,1024.0,1024.0
1.0,21100.0,3060.0,3072.0,1484.0,712.0,0.0,0.0,712.0,1024.0,1024.0,1024.0,1015.0,1023.0,1022.0,8180.0,7490.0,5430.0,0.0,0.0,712.0,1024.0,1024.0,1024.0
1.0,19524.0,3081.0,3073.0,0.0,1738.0,0.0,0.0,1738.0,1024.0,1025.0,1024.0,1023.0,1032.0,1026.0,7195.0,7921.0,4408.0,0.0,0.0,1738.0,1024.0,1025.0,1024.0
1.0,16443.0,3071.0,3074.0,0.0,2765.0,0.0,0.0,2765.0,1024.0,1025.0,1025.0,1029.0,1020.0,1022.0,6172.0,6889.0,3382.0,0.0,0.0,2765.0,1024.0,1025.0,1025.0
1.0,13372.0,3085.0,3074.0,712.0,4371.0,998.0,287.0,3086.0,1024.0,1025.0,1025.0,1021.0,1031.0,1033.0,5143.0,5869.0,2360.0,998.0,287.0,3086.0,1024.0,1025.0,1025.0
1.0,10999.0,3085.0,3075.0,1738.0,5723.0,2021.0,1321.0,2381.0,1024.0,1026.0,1025.0,1023.0,1029.0,1033.0,4122.0,4838.0,2039.0,2021.0,1321.0,2381.0,1024.0,1026.0,1025.0
1.0,9652.0,3100.0,3076.0,2765.0,6063.0,3052.0,2353.0,658.0,1024.0,1026.0,1026.0,1031.0,1032.0,1037.0,3099.0,3809.0,2744.0,3052.0,2353.0,658.0,1024.0,1026.0,1026.0
1.0,9317.0,3109.0,3077.0,4371.0,6189.0,3089.0,3100.0,0.0,1025.0,1026.0,1026.0,1030.0,1034.0,1045.0,2068.0,2777.0,4472.0,3089.0,3100.0,0.0,1025.0,1026.0,1026.0
1.0,10579.0,3110.0,3079.0,5723.0,4923.0,2103.0,2820.0,0.0,1025.0,1027.0,1027.0,1035.0,1036.0,1039.0,2036.0,2030.0,6513.0,2103.0,2820.0,0.0,1025.0,1027.0,1027.0
1.0,13192.0,3112.0,3079.0,6063.0,1595.0,90.0,1505.0,0.0,1025.0,1027.0,1027.0,1039.0,1038.0,1035.0,3022.0,2315.0,7855.0,90.0,1505.0,0.0,1025.0,1027.0,1027.0
1.0,16143.0,3117.0,3079.0,6189.0,0.0,0.0,0.0,0.0,1025.0,1027.0,1027.0,1040.0,1037.0,1040.0,5035.0,3630.0,7478.0,0.0,0.0,0.0,1025.0,1027.0,1027.0
1.0,19215.0,3117.0,3081.0,4923.0,0.0,0.0,0.0,0.0,1025.0,1028.0,1028.0,1041.0,1036.0,1040.0,7084.0,5693.0,6438.0,0.0,0.0,0.0,1025.0,1028.0,1028.0
1.0,21021.0,3126.0,3082.0,1595.0,789.0,0.0,0.0,789.0,1026.0,1028.0,1028.0,1040.0,1039.0,1047.0,8146.0,7477.0,5398.0,0.0,0.0,789.0,1026.0,1028.0,1028.0
1.0,19490.0,3117.0,3082.0,0.0,1831.0,0.0,0.0,1831.0,1026.0,1028.0,1028.0,1035.0,1040.0,1042.0,7196.0,7943.0,4351.0,0.0,0.0,1831.0,1026.0,1028.0,1028.0
1.0,16373.0,3123.0,3083.0,0.0,2894.0,16.0,0.0,2878.0,1026.0,1028.0,1029.0,1047.0,1034.0,1042.0,6161.0,6903.0,3309.0,16.0,0.0,2878.0,1026.0,1028.0,1029.0
1.0,13250.0,3111.0,3084.0,789.0,4492.0,1061.0,304.0,3127.0,1027.0,1028.0,1029.0,1040.0,1033.0,1038.0,5114.0,5869.0,2267.0,1061.0,304.0,3127.0,1027.0,1028.0,1029.0
1.0,10928.0,3102.0,3084.0,1831.0,5763.0,2092.0,1339.0,2332.0,1027.0,1028.0,1029.0,1031.0,1035.0,1036.0,4074.0,4836.0,2018.0,2092.0,1339.0,2332.0,1027.0,1028.0,1029.0
1.0,9657.0,3118.0,3084.0,2894.0,5987.0,3111.0,2376.0,500.0,1027.0,1028.0,1029.0,1035.0,1037.0,1046.0,3043.0,3801.0,2813.0,3111.0,2376.0,500.0,1027.0,1028.0,1029.0
1.0,9433.0,3122.0,3086.0,4492.0,6204.0,3088.0,3116.0,0.0,1027.0,1029.0,1030.0,1038.0,1039.0,1045.0,2024.0,2764.0,4645.0,3088.0,3116.0,0.0,1027.0,1029.0,1030.0
1.0,10803.0,3105.0,3087.0,5763.0,4853.0,2035.0,2818.0,0.0,1028.0,1029.0,1030.0,1034.0,1041.0,1030.0,2047.0,2029.0,6727.0,2035.0,2818.0,0.0,1028.0,1029.0,1030.0
1.0,13461.0,3085.0,3087.0,5987.0,1472.0,0.0,1472.0,0.0,1028.0,1029.0,1030.0,1028.0,1030.0,1027.0,3105.0,2327.0,8029.0,0.0,1472.0,0.0,1028.0,1029.0,1030.0
1.0,16363.0,3082.0,3087.0,6204.0,0.0,0.0,0.0,0.0,1028.0,1029.0,1030.0,1026.0,1025.0,1031.0,5188.0,3673.0,7502.0,0.0,0.0,0.0,1028.0,1029.0,1030.0
1.0,19485.0,3071.0,3087.0,4853.0,0.0,0.0,0.0,0.0,1028.0,1029.0,1030.0,1025.0,1020.0,1026.0,7250.0,5764.0,6471.0,0.0,0.0,0.0,1028.0,1029.0,1030.0
1.0,21267.0,3083.0,3087.0,1472.0,738.0,0.0,0.0,738.0,1028.0,1029.0,1030.0,1024.0,1026.0,1033.0,8260.0,7562.0,5445.0,0.0,0.0,738.0,1028.0,1029.0,1030.0
1.0,19656.0,3078.0,3087.0,0.0,1762.0,0.0,0.0,1762.0,1028.0,1029.0,1030.0,1027.0,1027.0,1024.0,7236.0,8008.0,4412.0,0.0,0.0,1762.0,1028.0,1029.0,1030.0
1.0,16578.0,3072.0,3087.0,0.0,2787.0,0.0,0.0,2787.0,1028.0,1029.0,1030.0,1028.0,1019.0,1025.0,6209.0,6981.0,3388.0,0.0,0.0,2787.0,1028.0,1029.0,1030.0
1.0,13506.0,3069.0,3087.0,738.0,4260.0,984.0,206.0,3070.0,1028.0,1029.0,1030.0,1025.0,1023.0,1021.0,5181.0,5962.0,2363.0,984.0,206.0,3070.0,1028.0,1029.0,1030.0
1.0,11175.0,3062.0,3087.0,1762.0,5560.0,2001.0,1229.0,2330.0,1028.0,1029.0,1030.0,1017.0,1023.0,1022.0,4156.0,4939.0,2080.0,2001.0,1229.0,2330.0,1028.0,1029.0,1030.0
1.0,9875.0,3087.0,3087.0,2787.0,5860.0,3034.0,2257.0,569.0,1028.0,1029.0,1030.0,1033.0,1028.0,1026.0,3139.0,3916.0,2820.0,3034.0,2257.0,569.0,1028.0,1029.0,1030.0
1.0,9575.0,3077.0,3087.0,4260.0,6157.0,3080.0,3077.0,0.0,1028.0,1029.0,1030.0,1030.0,1026.0,1021.0,2106.0,2888.0,4581.0,3080.0,3077.0,0.0,1028.0,1029.0,1030.0
1.0,10758.0,3091.0,3088.0,5560.0,5001.0,2117.0,2884.0,0.0,1029.0,1029.0,1030.0,1033.0,1036.0,1022.0,2060.0,2068.0,6630.0,2117.0,2884.0,0.0,1029.0,1029.0,1030.0
1.0,13227.0,3098.0,3088.0,5860.0,1773.0,116.0,1657.0,0.0,1029.0,1029.0,1030.0,1033.0,1030.0,1035.0,3028.0,2261.0,7938.0,116.0,1657.0,0.0,1029.0,1029.0,1030.0
1.0,15989.0,3095.0,3089.0,6157.0,0.0,0.0,0.0,0.0,1029.0,1030.0,1030.0,1032.0,1036.0,1027.0,5029.0,3488.0,7472.0,0.0,0.0,0.0,1029.0,1030.0,1030.0
1.0,19051.0,3100.0,3089.0,5001.0,0.0,0.0,0.0,0.0,1029.0,1030.0,1030.0,1038.0,1037.0,1025.0,7077.0,5529.0,6445.0,0.0,0.0,0.0,1029.0,1030.0,1030.0
1.0,20952.0,3125.0,3091.0,1773.0,771.0,0.0,0.0,771.0,1030.0,1030.0,1031.0,1044.0,1045.0,1036.0,8156.0,7376.0,5420.0,0.0,0.0,771.0,1030.0,1030.0,1031.0
1.0,19600.0,3120.0,3092.0,0.0,1809.0,0.0,0.0,1809.0,1030.0,1031.0,1031.0,1041.0,1041.0,1038.0,7228.0,7988.0,4384.0,0.0,0.0,1809.0,1030.0,1031.0,1031.0
1.0,16480.0,3144.0,3092.0,0.0,2867.0,14.0,0.0,2853.0,1030.0,1031.0,1031.0,1051.0,1049.0,1044.0,6187.0,6947.0,3346.0,14.0,0.0,2853.0,1030.0,1031.0,1031.0
1.0,13336.0,3134.0,3092.0,771.0,4487.0,1054.0,306.0,3127.0,1030.0,1031.0,1031.0,1040.0,1049.0,1045.0,5136.0,5898.0,2302.0,1054.0,306.0,3127.0,1030.0,1031.0,1031.0
1.0,10973.0,3138.0,3095.0,1809.0,5831.0,2106.0,1358.0,2367.0,1031.0,1032.0,1032.0,1047.0,1047.0,1044.0,4096.0,4849.0,2028.0,2106.0,1358.0,2367.0,1031.0,1032.0,1032.0
1.0,9644.0,3145.0,3095.0,2867.0,6109.0,3142.0,2408.0,559.0,1031.0,1032.0,1032.0,1050.0,1050.0,1045.0,3049.0,3802.0,2793.0,3142.0,2408.0,559.0,1031.0,1032.0,1032.0
1.0,9366.0,3133.0,3095.0,4487.0,6282.0,3131.0,3151.0,0.0,1031.0,1032.0,1032.0,1043.0,1049.0,1041.0,2013.0,2752.0,4601.0,3131.0,3151.0,0.0,1031.0,1032.0,1032.0
1.0,10720.0,3137.0,3097.0,5831.0,4920.0,2070.0,2850.0,0.0,1032.0,1033.0,1032.0,1040.0,1052.0,1045.0,2024.0,2009.0,6687.0,2070.0,2850.0,0.0,1032.0,1033.0,1032.0
1.0,13414.0,3128.0,3098.0,6109.0,1486.0,0.0,1486.0,0.0,1032.0,1033.0,1033.0,1040.0,1044.0,1044.0,3090.0,2315.0,8009.0,0.0,1486.0,0.0,1032.0,1033.0,1033.0
1.0,16395.0,3137.0,3098.0,6282.0,0.0,0.0,0.0,0.0,1032.0,1033.0,1033.0,1046.0,1043.0,1048.0,5192.0,3679.0,7524.0,0.0,0.0,0.0,1032.0,1033.0,1033.0
1.0,19540.0,3124.0,3099.0,4920.0,0.0,0.0,0.0,0.0,1032.0,1034.0,1033.0,1040.0,1043.0,1041.0,7277.0,5787.0,6476.0,0.0,0.0,0.0,1032.0,1034.0,1033.0
1.0,21336.0,3116.0,3100.0,1486.0,769.0,0.0,0.0,769.0,1033.0,1034.0,1033.0,1039.0,1038.0,1039.0,8307.0,7594.0,5435.0,0.0,0.0,769.0,1033.0,1034.0,1033.0
1.0,19706.0,3129.0,3100.0,0.0,1812.0,0.0,0.0,1812.0,1033.0,1034.0,1033.0,1047.0,1039.0,1043.0,7268.0,8042.0,4396.0,0.0,0.0,1812.0,1033.0,1034.0,1033.0
1.0,16577.0,3105.0,3101.0,0.0,2855.0,0.0,0.0,2855.0,1033.0,1034.0,1034.0,1035.0,1032.0,1038.0,6221.0,7003.0,3353.0,0.0,0.0,2855.0,1033.0,1034.0,1034.0
1.0,13472.0,3107.0,3101.0,769.0,4371.0,1014.0,235.0,3122.0,1033.0,1034.0,1034.0,1035.0,1036.0,1036.0,5186.0,5971.0,2315.0,1014.0,235.0,3122.0,1033.0,1034.0,1034.0
1.0,11134.0,3100.0,3103.0,1812.0,5669.0,2047.0,1265.0,2357.0,1034.0,1034.0,1035.0,1028.0,1030.0,1042.0,4151.0,4935.0,2048.0,2047.0,1265.0,2357.0,1034.0,1034.0,1035.0
1.0,9846.0,3108.0,3104.0,2855.0,5927.0,3074.0,2307.0,546.0,1034.0,1035.0,1035.0,1027.0,1037.0,1044.0,3123.0,3905.0,2818.0,3074.0,2307.0,546.0,1034.0,1035.0,1035.0
1.0,9593.0,3093.0,3104.0,4371.0,6193.0,3092.0,3101.0,0.0,1034.0,1035.0,1035.0,1032.0,1029.0,1032.0,2096.0,2868.0,4629.0,3092.0,3101.0,0.0,1034.0,1035.0,1035.0
1.0,10871.0,3104.0,3105.0,5669.0,4947.0,2082.0,2865.0,0.0,1034.0,1035.0,1036.0,1037.0,1029.0,1038.0,2078.0,2074.0,6719.0,2082.0,2865.0,0.0,1034.0,1035.0,1036.0
1.0,13436.0,3091.0,3106.0,5927.0,1628.0,40.0,1588.0,0.0,1035.0,1035.0,1036.0,1027.0,1030.0,1034.0,3088.0,2310.0,8038.0,40.0,1588.0,0.0,1035.0,1035.0,1036.0
1.0,16272.0,3091.0,3106.0,6193.0,0.0,0.0,0.0,0.0,1035.0,1035.0,1036.0,1024.0,1025.0,1042.0,5135.0,3587.0,7550.0,0.0,0.0,0.0,1035.0,1035.0,1036.0
1.0,19374.0,3103.0,3106.0,4947.0,0.0,0.0,0.0,0.0,1035.0,1035.0,1036.0,1036.0,1028.0,1039.0,7203.0,5663.0,6508.0,0.0,0.0,0.0,1035.0,1035.0,1036.0
1.0,21218.0,3101.0,3106.0,1628.0,745.0,0.0,0.0,745.0,1035.0,1035.0,1036.0,1037.0,1030.0,1034.0,8249.0,7500.0,5469.0,0.0,0.0,745.0,1035.0,1035.0,1036.0
1.0,19745.0,3110.0,3106.0,0.0,1782.0,0.0,0.0,1782.0,1035.0,1035.0,1036.0,1038.0,1035.0,1037.0,7252.0,8058.0,4435.0,0.0,0.0,1782.0,1035.0,1035.0,1036.0
1.0,16635.0,3112.0,3107.0,0.0,2828.0,0.0,0.0,2828.0,1035.0,1035.0,1037.0,1034.0,1037.0,1041.0,6214.0,7023.0,3398.0,0.0,0.0,2828.0,1035.0,1035.0,1037.0
1.0,13523.0,3124.0,3107.0,745.0,4391.0,1044.0,229.0,3118.0,1036.0,1035.0,1036.0,1044.0,1040.0,1040.0,5180.0,5986.0,2357.0,1044.0,229.0,3118.0,1036.0,1035.0,1036.0
1.0,11144.0,3123.0,3107.0,1782.0,5732.0,2087.0,1267.0,2378.0,1036.0,1035.0,1036.0,1043.0,1038.0,1042.0,4136.0,4946.0,2062.0,2087.0,1267.0,2378.0,1036.0,1035.0,1036.0
1.0,9803.0,3139.0,3108.0,2828.0,6048.0,3145.0,2307.0,596.0,1036.0,1035.0,1037.0,1058.0,1040.0,1041.0,3093.0,3908.0,2802.0,3145.0,2307.0,596.0,1036.0,1035.0,1037.0
1.0,9492.0,3139.0,3109.0,4391.0,6276.0,3148.0,3128.0,0.0,1036.0,1036.0,1037.0,1047.0,1045.0,1047.0,2035.0,2868.0,4589.0,3148.0,3128.0,0.0,1036.0,1036.0,1037.0
1.0,10744.0,3159.0,3110.0,5732.0,5036.0,2123.0,2913.0,0.0,1037.0,1036.0,1037.0,1057.0,1052.0,1050.0,2032.0,2052.0,6660.0,2123.0,2913.0,0.0,1037.0,1036.0,1037.0
1.0,13317.0,3147.0,3110.0,6048.0,1690.0,33.0,1657.0,0.0,1037.0,1036.0,1037.0,1055.0,1051.0,1041.0,3062.0,2267.0,7988.0,33.0,1657.0,0.0,1037.0,1036.0,1037.0
1.0,16218.0,3150.0,3110.0,6276.0,0.0,0.0,0.0,0.0,1037.0,1036.0,1037.0,1050.0,1053.0,1047.0,5152.0,3523.0,7543.0,0.0,0.0,0.0,1037.0,1036.0,1037.0
1.0,19344.0,3147.0,3111.0,5036.0,0.0,0.0,0.0,0.0,1037.0,1037.0,1037.0,1050.0,1052.0,1045.0,7250.0,5598.0,6496.0,0.0,0.0,0.0,1037.0,1037.0,1037.0
1.0,21233.0,3154.0,3112.0,1690.0,776.0,0.0,0.0,776.0,1038.0,1037.0,1037.0,1059.0,1053.0,1042.0,8323.0,7459.0,5451.0,0.0,0.0,776.0,1038.0,1037.0,1037.0
1.0,19769.0,3139.0,3112.0,0.0,1822.0,0.0,0.0,1822.0,1038.0,1037.0,1037.0,1047.0,1046.0,1046.0,7297.0,8063.0,4409.0,0.0,0.0,1822.0,1038.0,1037.0,1037.0
1.0,16630.0,3152.0,3113.0,0.0,2871.0,0.0,0.0,2871.0,1038.0,1038.0,1037.0,1049.0,1054.0,1049.0,6250.0,7017.0,3363.0,0.0,0.0,2871.0,1038.0,1038.0,1037.0
1.0,13478.0,3140.0,3113.0,776.0,4451.0,1035.0,276.0,3140.0,1038.0,1038.0,1037.0,1046.0,1049.0,1045.0,5201.0,5963.0,2314.0,1035.0,276.0,3140.0,1038.0,1038.0,1037.0
1.0,11114.0,3140.0,3115.0,1822.0,5779.0,2089.0,1326.0,2364.0,1039.0,1038.0,1038.0,1049.0,1050.0,1041.0,4155.0,4914.0,2045.0,2089.0,1326.0,2364.0,1039.0,1038.0,1038.0
1.0,9796.0,3131.0,3115.0,2871.0,6039.0,3135.0,2377.0,527.0,1039.0,1038.0,1038.0,1046.0,1051.0,1034.0,3106.0,3864.0,2826.0,3135.0,2377.0,527.0,1039.0,1038.0,1038.0
1.0,9536.0,3118.0,3116.0,4451.0,6285.0,3132.0,3153.0,0.0,1039.0,1039.0,1038.0,1032.0,1047.0,1039.0,2060.0,2813.0,4663.0,3132.0,3153.0,0.0,1039.0,1039.0,1038.0
1.0,10869.0,3124.0,3116.0,5779.0,4955.0,2085.0,2870.0,0.0,1039.0,1039.0,1038.0,1042.0,1043.0,1039.0,2063.0,2042.0,6764.0,2085.0,2870.0,0.0,1039.0,1039.0,1038.0
1.0,13524.0,3120.0,3118.0,6039.0,1542.0,0.0,1542.0,0.0,1040.0,1040.0,1038.0,1038.0,1044.0,1038.0,3110.0,2325.0,8089.0,0.0,1542.0,0.0,1040.0,1040.0,1038.0
1.0,16443.0,3106.0,3118.0,6285.0,0.0,0.0,0.0,0.0,1040.0,1040.0,1038.0,1025.0,1042.0,1039.0,5207.0,3658.0,7578.0,0.0,0.0,0.0,1040.0,1040.0,1038.0
1.0,19622.0,3106.0,3119.0,4955.0,0.0,0.0,0.0,0.0,1040.0,1040.0,1039.0,1028.0,1043.0,1035.0,7314.0,5769.0,6539.0,0.0,0.0,0.0,1040.0,1040.0,1039.0
1.0,21471.0,3106.0,3120.0,1542.0,722.0,0.0,0.0,722.0,1040.0,1041.0,1039.0,1038.0,1037.0,1031.0,8371.0,7596.0,5504.0,0.0,0.0,722.0,1040.0,1041.0,1039.0
1.0,19907.0,3111.0,3120.0,0.0,1761.0,0.0,0.0,1761.0,1040.0,1041.0,1039.0,1039.0,1033.0,1039.0,7333.0,8101.0,4473.0,0.0,0.0,1761.0,1040.0,1041.0,1039.0
1.0,16796.0,3120.0,3121.0,0.0,2800.0,0.0,0.0,2800.0,1041.0,1041.0,1039.0,1041.0,1040.0,1039.0,6294.0,7068.0,3434.0,0.0,0.0,2800.0,1041.0,1041.0,1039.0
1.0,13676.0,3108.0,3122.0,722.0,4320.0,989.0,206.0,3125.0,1041.0,1041.0,1040.0,1037.0,1029.0,1042.0,5253.0,6028.0,2395.0,989.0,206.0,3125.0,1041.0,1041.0,1040.0
1.0,11290.0,3136.0,3122.0,1761.0,5695.0,2033.0,1250.0,2412.0,1041.0,1041.0,1040.0,1044.0,1044.0,1048.0,4216.0,4999.0,2075.0,2033.0,1250.0,2412.0,1041.0,1041.0,1040.0
1.0,9915.0,3123.0,3123.0,2800.0,6023.0,3071.0,2285.0,667.0,1041.0,1041.0,1041.0,1038.0,1035.0,1050.0,3172.0,3955.0,2788.0,3071.0,2285.0,667.0,1041.0,1041.0,1041.0
1.0,9592.0,3129.0,3123.0,4320.0,6241.0,3125.0,3116.0,0.0,1041.0,1041.0,1041.0,1043.0,1037.0,1049.0,2134.0,2920.0,4538.0,3125.0,3116.0,0.0,1041.0,1041.0,1041.0
1.0,10783.0,3135.0,3124.0,5695.0,5050.0,2131.0,2919.0,0.0,1041.0,1042.0,1041.0,1039.0,1048.0,1048.0,2080.0,2089.0,6614.0,2131.0,2919.0,0.0,1041.0,1042.0,1041.0
1.0,13343.0,3148.0,3125.0,6023.0,1787.0,105.0,1682.0,0.0,1041.0,1042.0,1042.0,1045.0,1048.0,1055.0,3074.0,2291.0,7978.0,105.0,1682.0,0.0,1041.0,1042.0,1042.0
1.0,16218.0,3151.0,3125.0,6241.0,0.0,0.0,0.0,0.0,1041.0,1042.0,1042.0,1053.0,1045.0,1053.0,5100.0,3528.0,7590.0,0.0,0.0,0.0,1041.0,1042.0,1042.0
1.0,19308.0,3167.0,3126.0,5050.0,0.0,0.0,0.0,0.0,1042.0,1042.0,1042.0,1059.0,1051.0,1057.0,7172.0,5599.0,6537.0,0.0,0.0,0.0,1042.0,1042.0,1042.0
1.0,21191.0,3164.0,3127.0,1787.0,788.0,0.0,0.0,788.0,1042.0,1042.0,1043.0,1058.0,1053.0,1053.0,8244.0,7467.0,5480.0,0.0,0.0,788.0,1042.0,1042.0,1043.0
1.0,19814.0,3167.0,3127.0,0.0,1844.0,0.0,0.0,1844.0,1042.0,1042.0,1043.0,1058.0,1053.0,1056.0,7291.0,8096.0,4427.0,0.0,0.0,1844.0,1042.0,1042.0,1043.0
1.0,16647.0,3170.0,3127.0,0.0,2933.0,32.0,0.0,2901.0,1042.0,1042.0,1043.0,1055.0,1058.0,1057.0,6233.0,7043.0,3371.0,32.0,0.0,2901.0,1042.0,1042.0,1043.0
1.0,13477.0,3164.0,3128.0,788.0,4539.0,1095.0,277.0,3167.0,1043.0,1042.0,1043.0,1058.0,1052.0,1054.0,5178.0,5985.0,2314.0,1095.0,277.0,3167.0,1043.0,1042.0,1043.0
1.0,11101.0,3165.0,3129.0,1844.0,5865.0,2152.0,1325.0,2388.0,1043.0,1042.0,1044.0,1057.0,1048.0,1060.0,4120.0,4933.0,2048.0,2152.0,1325.0,2388.0,1043.0,1042.0,1044.0
1.0,9780.0,3174.0,3129.0,2933.0,6106.0,3184.0,2382.0,540.0,1043.0,1042.0,1044.0,1064.0,1057.0,1053.0,3063.0,3885.0,2832.0,3184.0,2382.0,540.0,1043.0,1042.0,1044.0
1.0,9539.0,3149.0,3129.0,4539.0,6291.0,3140.0,3151.0,0.0,1043.0,1042.0,1044.0,1051.0,1046.0,1052.0,2031.0,2828.0,4680.0,3140.0,3151.0,0.0,1043.0,1042.0,1044.0
1.0,10929.0,3165.0,3131.0,5865.0,4935.0,2046.0,2889.0,0.0,1044.0,1043.0,1044.0,1053.0,1058.0,1054.0,2075.0,2059.0,6795.0,2046.0,2889.0,0.0,1044.0,1043.0,1044.0
1.0,13629.0,3153.0,3131.0,6106.0,1555.0,0.0,1555.0,0.0,1044.0,1043.0,1044.0,1055.0,1048.0,1050.0,3174.0,2326.0,8129.0,0.0,1555.0,0.0,1044.0,1043.0,1044.0
1.0,16582.0,3151.0,3131.0,6291.0,0.0,0.0,0.0,0.0,1044.0,1043.0,1044.0,1052.0,1053.0,1046.0,5303.0,3660.0,7619.0,0.0,0.0,0.0,1044.0,1043.0,1044.0
1.0,19722.0,3145.0,3132.0,4935.0,0.0,0.0,0.0,0.0,1044.0,1044.0,1044.0,1046.0,1051.0,1048.0,7391.0,5758.0,6573.0,0.0,0.0,0.0,1044.0,1044.0,1044.0
1.0,21512.0,3138.0,3133.0,1555.0,744.0,0.0,0.0,744.0,1044.0,1044.0,1045.0,1046.0,1048.0,1044.0,8391.0,7596.0,5525.0,0.0,0.0,744.0,1044.0,1044.0,1045.0
1.0,19929.0,3128.0,3134.0,0.0,1782.0,0.0,0.0,1782.0,1045.0,1044.0,1045.0,1042.0,1048.0,1038.0,7345.0,8103.0,4481.0,0.0,0.0,1782.0,1045.0,1044.0,1045.0
1.0,16801.0,3133.0,3133.0,0.0,2816.0,0.0,0.0,2816.0,1045.0,1044.0,1044.0,1039.0,1055.0,1039.0,6303.0,7055.0,3443.0,0.0,0.0,2816.0,1045.0,1044.0,1044.0
1.0,13668.0,3120.0,3135.0,744.0,4383.0,1001.0,269.0,3113.0,1045.0,1045.0,1045.0,1040.0,1044.0,1036.0,5264.0,6000.0,2404.0,1001.0,269.0,3113.0,1045.0,1045.0,1045.0
1.0,11292.0,3126.0,3135.0,1782.0,5727.0,2034.0,1315.0,2378.0,1045.0,1045.0,1045.0,1033.0,1046.0,1047.0,4224.0,4956.0,2112.0,2034.0,1315.0,2378.0,1045.0,1045.0,1045.0
1.0,9948.0,3118.0,3135.0,2816.0,6029.0,3075.0,2359.0,595.0,1045.0,1045.0,1045.0,1041.0,1044.0,1033.0,3191.0,3910.0,2847.0,3075.0,2359.0,595.0,1045.0,1045.0,1045.0
1.0,9646.0,3132.0,3137.0,4383.0,6260.0,3122.0,3138.0,0.0,1046.0,1046.0,1045.0,1043.0,1043.0,1046.0,2150.0,2866.0,4630.0,3122.0,3138.0,0.0,1046.0,1046.0,1045.0
1.0,10897.0,3131.0,3137.0,5727.0,4997.0,2125.0,2872.0,0.0,1046.0,1046.0,1045.0,1037.0,1049.0,1045.0,2108.0,2092.0,6697.0,2125.0,2872.0,0.0,1046.0,1046.0,1045.0
1.0,13493.0,3131.0,3137.0,6029.0,1651.0,90.0,1561.0,0.0,1046.0,1046.0,1045.0,1040.0,1048.0,1043.0,3105.0,2358.0,8030.0,90.0,1561.0,0.0,1046.0,1046.0,1045.0
1.0,16391.0,3128.0,3138.0,6260.0,0.0,0.0,0.0,0.0,1046.0,1047.0,1045.0,1040.0,1048.0,1040.0,5140.0,3669.0,7582.0,0.0,0.0,0.0,1046.0,1047.0,1045.0
1.0,19523.0,3144.0,3138.0,4997.0,0.0,0.0,0.0,0.0,1046.0,1047.0,1045.0,1044.0,1055.0,1045.0,7222.0,5759.0,6542.0,0.0,0.0,0.0,1046.0,1047.0,1045.0
1.0,21376.0,3135.0,3138.0,1651.0,777.0,0.0,0.0,777.0,1046.0,1047.0,1045.0,1042.0,1044.0,1049.0,8303.0,7576.0,5497.0,0.0,0.0,777.0,1046.0,1047.0,1045.0
1.0,19892.0,3167.0,3139.0,0.0,1843.0,0.0,0.0,1843.0,1046.0,1047.0,1046.0,1051.0,1055.0,1061.0,7351.0,8093.0,4448.0,0.0,0.0,1843.0,1046.0,1047.0,1046.0
1.0,16725.0,3164.0,3140.0,0.0,2897.0,0.0,0.0,2897.0,1046.0,1048.0,1046.0,1053.0,1057.0,1054.0,6300.0,7038.0,3387.0,0.0,0.0,2897.0,1046.0,1048.0,1046.0
1.0,13561.0,3156.0,3140.0,777.0,4518.0,1039.0,311.0,3168.0,1046.0,1048.0,1046.0,1056.0,1052.0,1048.0,5247.0,5981.0,2333.0,1039.0,311.0,3168.0,1046.0,1048.0,1046.0
1.0,11182.0,3171.0,3140.0,1843.0,5846.0,2095.0,1368.0,2383.0,1046.0,1048.0,1046.0,1056.0,1057.0,1058.0,4191.0,4929.0,2062.0,2095.0,1368.0,2383.0,1046.0,1048.0,1046.0
1.0,9854.0,3169.0,3141.0,2897.0,6123.0,3150.0,2422.0,551.0,1046.0,1048.0,1047.0,1055.0,1054.0,1060.0,3135.0,3872.0,2847.0,3150.0,2422.0,551.0,1046.0,1048.0,1047.0
1.0,9582.0,3172.0,3141.0,4518.0,6336.0,3172.0,3164.0,0.0,1046.0,1048.0,1047.0,1061.0,1053.0,1058.0,2080.0,2818.0,4684.0,3172.0,3164.0,0.0,1046.0,1048.0,1047.0
1.0,10928.0,3180.0,3142.0,5846.0,4997.0,2146.0,2851.0,0.0,1047.0,1048.0,1047.0,1064.0,1055.0,1061.0,2058.0,2076.0,6794.0,2146.0,2851.0,0.0,1047.0,1048.0,1047.0
1.0,13594.0,3189.0,3142.0,6123.0,1549.0,57.0,1492.0,0.0,1047.0,1048.0,1047.0,1061.0,1063.0,1065.0,3089.0,2389.0,8116.0,57.0,1492.0,0.0,1047.0,1048.0,1047.0
1.0,16528.0,3178.0,3144.0,6336.0,0.0,0.0,0.0,0.0,1047.0,1049.0,1048.0,1065.0,1062.0,1051.0,5178.0,3748.0,7602.0,0.0,0.0,0.0,1047.0,1049.0,1048.0
1.0,19686.0,3172.0,3144.0,4997.0,0.0,0.0,0.0,0.0,1047.0,1049.0,1048.0,1058.0,1056.0,1058.0,7285.0,5850.0,6551.0,0.0,0.0,0.0,1047.0,1049.0,1048.0
1.0,21511.0,3178.0,3145.0,1549.0,805.0,0.0,0.0,805.0,1048.0,1049.0,1048.0,1065.0,1055.0,1058.0,8373.0,7645.0,5493.0,0.0,0.0,805.0,1048.0,1049.0,1048.0
1.0,19882.0,3182.0,3145.0,0.0,1871.0,0.0,0.0,1871.0,1048.0,1049.0,1048.0,1063.0,1053.0,1066.0,7365.0,8082.0,4435.0,0.0,0.0,1871.0,1048.0,1049.0,1048.0
1.0,16700.0,3156.0,3146.0,0.0,2933.0,0.0,0.0,2933.0,1048.0,1049.0,1049.0,1048.0,1051.0,1057.0,6302.0,7029.0,3369.0,0.0,0.0,2933.0,1048.0,1049.0,1049.0
1.0,13544.0,3167.0,3146.0,805.0,4548.0,1040.0,322.0,3186.0,1048.0,1049.0,1049.0,1054.0,1055.0,1058.0,5254.0,5978.0,2312.0,1040.0,322.0,3186.0,1048.0,1049.0,1049.0
1.0,11182.0,3162.0,3148.0,1871.0,5849.0,2102.0,1372.0,2375.0,1049.0,1049.0,1050.0,1057.0,1050.0,1055.0,4200.0,4923.0,2059.0,2102.0,1372.0,2375.0,1049.0,1049.0,1050.0
1.0,9891.0,3157.0,3148.0,2933.0,6073.0,3148.0,2423.0,502.0,1049.0,1049.0,1050.0,1046.0,1051.0,1060.0,3143.0,3873.0,2875.0,3148.0,2423.0,502.0,1049.0,1049.0,1050.0
1.0,9667.0,3158.0,3148.0,4548.0,6309.0,3159.0,3150.0,0.0,1049.0,1049.0,1050.0,1051.0,1049.0,1058.0,2097.0,2822.0,4748.0,3159.0,3150.0,0.0,1049.0,1049.0,1050.0
1.0,11057.0,3145.0,3150.0,5849.0,4934.0,2112.0,2822.0,0.0,1050.0,1049.0,1051.0,1050.0,1044.0,1051.0,2086.0,2095.0,6876.0,2112.0,2822.0,0.0,1050.0,1049.0,1051.0
1.0,13761.0,3148.0,3151.0,6073.0,1467.0,11.0,1456.0,0.0,1050.0,1050.0,1051.0,1047.0,1052.0,1049.0,3138.0,2423.0,8200.0,11.0,1456.0,0.0,1050.0,1050.0,1051.0
1.0,16686.0,3147.0,3151.0,6309.0,0.0,0.0,0.0,0.0,1050.0,1050.0,1051.0,1048.0,1047.0,1052.0,5239.0,3794.0,7653.0,0.0,0.0,0.0,1050.0,1050.0,1051.0
1.0,19848.0,3143.0,3152.0,4934.0,0.0,0.0,0.0,0.0,1050.0,1050.0,1052.0,1046.0,1041.0,1056.0,7350.0,5897.0,6601.0,0.0,0.0,0.0,1050.0,1050.0,1052.0
1.0,21639.0,3144.0,3152.0,1467.0,760.0,0.0,0.0,760.0,1050.0,1050.0,1052.0,1048.0,1051.0,1045.0,8416.0,7678.0,5545.0,0.0,0.0,760.0,1050.0,1050.0,1052.0
1.0,19962.0,3161.0,3153.0,0.0,1817.0,0.0,0.0,1817.0,1050.0,1051.0,1052.0,1047.0,1057.0,1057.0,7379.0,8083.0,4500.0,0.0,0.0,1817.0,1050.0,1051.0,1052.0
1.0,16801.0,3156.0,3154.0,0.0,2871.0,0.0,0.0,2871.0,1051.0,1051.0,1052.0,1048.0,1054.0,1054.0,6332.0,7026.0,3443.0,0.0,0.0,2871.0,1051.0,1051.0,1052.0
1.0,13645.0,3171.0,3155.0,760.0,4541.0,1023.0,352.0,3166.0,1051.0,1052.0,1052.0,1052.0,1064.0,1055.0,5284.0,5972.0,2389.0,1023.0,352.0,3166.0,1051.0,1052.0,1052.0
1.0,11234.0,3173.0,3155.0,1817.0,5897.0,2074.0,1417.0,2406.0,1051.0,1052.0,1052.0,1051.0,1065.0,1057.0,4232.0,4908.0,2094.0,2074.0,1417.0,2406.0,1051.0,1052.0,1052.0
1.0,9878.0,3177.0,3155.0,2871.0,6203.0,3125.0,2485.0,593.0,1051.0,1052.0,1052.0,1051.0,1068.0,1058.0,3181.0,3843.0,2854.0,3125.0,2485.0,593.0,1051.0,1052.0,1052.0
1.0,9572.0,3178.0,3155.0,4541.0,6353.0,3162.0,3191.0,0.0,1051.0,1052.0,1052.0,1060.0,1058.0,1060.0,2130.0,2775.0,4667.0,3162.0,3191.0,0.0,1051.0,1052.0,1052.0
1.0,10935.0,3202.0,3157.0,5897.0,5003.0,2151.0,2852.0,0.0,1051.0,1053.0,1053.0,1063.0,1073.0,1066.0,2093.0,2069.0,6773.0,2151.0,2852.0,0.0,1051.0,1053.0,1053.0
1.0,13630.0,3196.0,3157.0,6203.0,1527.0,91.0,1436.0,0.0,1051.0,1053.0,1053.0,1065.0,1069.0,1062.0,3104.0,2413.0,8113.0,91.0,1436.0,0.0,1051.0,1053.0,1053.0
1.0,16637.0,3190.0,3158.0,6353.0,0.0,0.0,0.0,0.0,1052.0,1053.0,1053.0,1064.0,1062.0,1064.0,5164.0,3829.0,7644.0,0.0,0.0,0.0,1052.0,1053.0,1053.0
1.0,19800.0,3204.0,3159.0,5003.0,0.0,0.0,0.0,0.0,1052.0,1054.0,1053.0,1067.0,1069.0,1068.0,7262.0,5958.0,6580.0,0.0,0.0,0.0,1052.0,1054.0,1053.0
1.0,21599.0,3206.0,3159.0,1527.0,816.0,0.0,0.0,816.0,1052.0,1054.0,1053.0,1069.0,1074.0,1063.0,8346.0,7741.0,5512.0,0.0,0.0,816.0,1052.0,1054.0,1053.0
1.0,19920.0,3195.0,3159.0,0.0,1876.0,0.0,0.0,1876.0,1052.0,1054.0,1053.0,1065.0,1070.0,1060.0,7368.0,8103.0,4449.0,0.0,0.0,1876.0,1052.0,1054.0,1053.0
1.0,16725.0,3199.0,3160.0,0.0,2964.0,27.0,0.0,2937.0,1052.0,1055.0,1053.0,1070.0,1068.0,1061.0,6303.0,7033.0,3389.0,27.0,0.0,2937.0,1052.0,1055.0,1053.0
1.0,13526.0,3193.0,3162.0,816.0,4661.0,1102.0,373.0,3186.0,1053.0,1055.0,1054.0,1070.0,1063.0,1060.0,5233.0,5965.0,2328.0,1102.0,373.0,3186.0,1053.0,1055.0,1054.0
1.0,11149.0,3189.0,3162.0,1876.0,5974.0,2174.0,1427.0,2373.0,1053.0,1055.0,1054.0,1072.0,1054.0,1063.0,4163.0,4902.0,2084.0,2174.0,1427.0,2373.0,1053.0,1055.0,1054.0
1.0,9836.0,3194.0,3162.0,2964.0,6204.0,3213.0,2492.0,499.0,1053.0,1055.0,1054.0,1066.0,1065.0,1063.0,3091.0,3848.0,2897.0,3213.0,2492.0,499.0,1053.0,1055.0,1054.0
1.0,9606.0,3169.0,3162.0,4661.0,6348.0,3174.0,3174.0,0.0,1053.0,1055.0,1054.0,1063.0,1055.0,1051.0,2052.0,2783.0,4771.0,3174.0,3174.0,0.0,1053.0,1055.0,1054.0
1.0,11098.0,3166.0,3163.0,5974.0,4859.0,2061.0,2798.0,0.0,1054.0,1055.0,1054.0,1056.0,1051.0,1059.0,2091.0,2101.0,6906.0,2061.0,2798.0,0.0,1054.0,1055.0,1054.0
1.0,13906.0,3163.0,3164.0,6204.0,1356.0,0.0,1356.0,0.0,1054.0,1055.0,1055.0,1054.0,1050.0,1059.0,3209.0,2477.0,8220.0,0.0,1356.0,0.0,1054.0,1055.0,1055.0
1.0,16947.0,3158.0,3164.0,6348.0,0.0,0.0,0.0,0.0,1054.0,1055.0,1055.0,1059.0,1054.0,1045.0,5368.0,3919.0,7660.0,0.0,0.0,0.0,1054.0,1055.0,1055.0
1.0,20137.0,3154.0,3164.0,4859.0,0.0,0.0,0.0,0.0,1054.0,1055.0,1055.0,1053.0,1048.0,1053.0,7483.0,6039.0,6615.0,0.0,0.0,0.0,1054.0,1055.0,1055.0
1.0,21842.0,3156.0,3165.0,1356.0,770.0,0.0,0.0,770.0,1055.0,1055.0,1055.0,1049.0,1050.0,1057.0,8491.0,7789.0,5562.0,0.0,0.0,770.0,1055.0,1055.0,1055.0
1.0,20042.0,3154.0,3166.0,0.0,1831.0,0.0,0.0,1831.0,1055.0,1055.0,1056.0,1050.0,1048.0,1056.0,7442.0,8095.0,4505.0,0.0,0.0,1831.0,1055.0,1055.0,1056.0
1.0,16888.0,3165.0,3167.0,0.0,2887.0,0.0,0.0,2887.0,1055.0,1056.0,1056.0,1058.0,1051.0,1056.0,6392.0,7047.0,3449.0,0.0,0.0,2887.0,1055.0,1056.0,1056.0
1.0,13723.0,3145.0,3167.0,770.0,4487.0,991.0,333.0,3163.0,1055.0,1056.0,1056.0,1050.0,1049.0,1046.0,5334.0,5996.0,2393.0,991.0,333.0,3163.0,1055.0,1056.0,1056.0
1.0,11348.0,3164.0,3168.0,1831.0,5825.0,2049.0,1390.0,2386.0,1056.0,1056.0,1056.0,1053.0,1057.0,1054.0,4284.0,4947.0,2117.0,2049.0,1390.0,2386.0,1056.0,1056.0,1056.0
1.0,10015.0,3169.0,3169.0,2887.0,6112.0,3107.0,2440.0,565.0,1056.0,1056.0,1057.0,1058.0,1050.0,1061.0,3231.0,3890.0,2894.0,3107.0,2440.0,565.0,1056.0,1056.0,1057.0
1.0,9733.0,3166.0,3169.0,4487.0,6333.0,3173.0,3160.0,0.0,1056.0,1056.0,1057.0,1057.0,1053.0,1056.0,2173.0,2840.0,4720.0,3173.0,3160.0,0.0,1056.0,1056.0,1057.0
1.0,11054.0,3174.0,3170.0,5825.0,5014.0,2188.0,2826.0,0.0,1057.0,1056.0,1057.0,1059.0,1056.0,1059.0,2107.0,2120.0,6827.0,2188.0,2826.0,0.0,1057.0,1056.0,1057.0
1.0,13705.0,3180.0,3170.0,6112.0,1582.0,137.0,1445.0,0.0,1057.0,1056.0,1057.0,1056.0,1059.0,1065.0,3097.0,2454.0,8154.0,137.0,1445.0,0.0,1057.0,1056.0,1057.0
1.0,16637.0,3203.0,3172.0,6333.0,0.0,0.0,0.0,0.0,1057.0,1057.0,1058.0,1062.0,1069.0,1072.0,5148.0,3835.0,7654.0,0.0,0.0,0.0,1057.0,1057.0,1058.0
1.0,19767.0,3190.0,3172.0,5014.0,0.0,0.0,0.0,0.0,1057.0,1057.0,1058.0,1058.0,1065.0,1067.0,7259.0,5926.0,6582.0,0.0,0.0,0.0,1057.0,1057.0,1058.0
1.0,21591.0,3208.0,3172.0,1582.0,844.0,0.0,0.0,844.0,1057.0,1057.0,1058.0,1068.0,1071.0,1069.0,8389.0,7687.0,5515.0,0.0,0.0,844.0,1057.0,1057.0,1058.0
1.0,19965.0,3211.0,3174.0,0.0,1921.0,0.0,0.0,1921.0,1058.0,1057.0,1059.0,1066.0,1073.0,1072.0,7458.0,8061.0,4446.0,0.0,0.0,1921.0,1058.0,1057.0,1059.0
1.0,16754.0,3215.0,3175.0,0.0,2997.0,0.0,0.0,2997.0,1058.0,1058.0,1059.0,1064.0,1075.0,1076.0,6392.0,6988.0,3374.0,0.0,0.0,2997.0,1058.0,1058.0,1059.0
1.0,13539.0,3230.0,3175.0,844.0,4722.0,1037.0,452.0,3233.0,1058.0,1058.0,1059.0,1075.0,1075.0,1080.0,5328.0,5913.0,2298.0,1037.0,452.0,3233.0,1058.0,1058.0,1059.0
1.0,11153.0,3215.0,3177.0,1921.0,6026.0,2104.0,1528.0,2394.0,1058.0,1059.0,1060.0,1067.0,1071.0,1077.0,4253.0,4838.0,2062.0,2104.0,1528.0,2394.0,1058.0,1059.0,1060.0
1.0,9859.0,3221.0,3177.0,2997.0,6250.0,3175.0,2605.0,470.0,1058.0,1059.0,1060.0,1071.0,1077.0,1073.0,3186.0,3767.0,2906.0,3175.0,2605.0,470.0,1058.0,1059.0,1060.0
1.0,9635.0,3220.0,3177.0,4722.0,6436.0,3205.0,3231.0,0.0,1058.0,1059.0,1060.0,1067.0,1078.0,1075.0,2115.0,2690.0,4830.0,3205.0,3231.0,0.0,1058.0,1059.0,1060.0
1.0,11137.0,3215.0,3178.0,6026.0,4953.0,2174.0,2779.0,0.0,1059.0,1059.0,1060.0,1068.0,1076.0,1071.0,2085.0,2064.0,6988.0,2174.0,2779.0,0.0,1059.0,1059.0,1060.0
1.0,13948.0,3205.0,3180.0,6250.0,1312.0,65.0,1247.0,0.0,1059.0,1060.0,1061.0,1066.0,1068.0,1071.0,3121.0,2516.0,8311.0,65.0,1247.0,0.0,1059.0,1060.0,1061.0
1.0,16993.0,3209.0,3180.0,6436.0,0.0,0.0,0.0,0.0,1059.0,1060.0,1061.0,1068.0,1076.0,1065.0,5230.0,4053.0,7710.0,0.0,0.0,0.0,1059.0,1060.0,1061.0
1.0,20220.0,3191.0,3180.0,4953.0,0.0,0.0,0.0,0.0,1059.0,1060.0,1061.0,1066.0,1067.0,1058.0,7367.0,6208.0,6645.0,0.0,0.0,0.0,1059.0,1060.0,1061.0
1.0,21982.0,3196.0,3181.0,1312.0,783.0,0.0,0.0,783.0,1059.0,1061.0,1061.0,1068.0,1063.0,1065.0,8475.0,7920.0,5587.0,0.0,0.0,783.0,1059.0,1061.0,1061.0
1.0,20098.0,3194.0,3181.0,0.0,1850.0,0.0,0.0,1850.0,1059.0,1061.0,1061.0,1064.0,1063.0,1067.0,7472.0,8104.0,4522.0,0.0,0.0,1850.0,1059.0,1061.0,1061.0
1.0,16904.0,3177.0,3182.0,0.0,2904.0,0.0,0.0,2904.0,1060.0,1061.0,1061.0,1061.0,1062.0,1054.0,6408.0,7041.0,3455.0,0.0,0.0,2904.0,1060.0,1061.0,1061.0
1.0,13727.0,3187.0,3182.0,783.0,4587.0,1013.0,386.0,3188.0,1060.0,1061.0,1061.0,1060.0,1060.0,1067.0,5347.0,5979.0,2401.0,1013.0,386.0,3188.0,1060.0,1061.0,1061.0
1.0,11323.0,3186.0,3183.0,1850.0,5928.0,2079.0,1451.0,2398.0,1060.0,1062.0,1061.0,1066.0,1060.0,1060.0,4287.0,4919.0,2117.0,2079.0,1451.0,2398.0,1060.0,1062.0,1061.0
1.0,9987.0,3163.0,3183.0,2904.0,6187.0,3134.0,2509.0,544.0,1060.0,1062.0,1061.0,1055.0,1058.0,1050.0,3221.0,3859.0,2907.0,3134.0,2509.0,544.0,1060.0,1062.0,1061.0
1.0,9728.0,3181.0,3184.0,4587.0,6379.0,3192.0,3187.0,0.0,1061.0,1062.0,1061.0,1066.0,1064.0,1051.0,2166.0,2801.0,4761.0,3192.0,3187.0,0.0,1061.0,1062.0,1061.0
1.0,11134.0,3166.0,3184.0,5928.0,4961.0,2169.0,2792.0,0.0,1061.0,1062.0,1061.0,1056.0,1056.0,1054.0,2113.0,2123.0,6898.0,2169.0,2792.0,0.0,1061.0,1062.0,1061.0
1.0,13896.0,3175.0,3184.0,6187.0,1438.0,101.0,1337.0,0.0,1061.0,1062.0,1061.0,1066.0,1054.0,1055.0,3136.0,2518.0,8242.0,101.0,1337.0,0.0,1061.0,1062.0,1061.0
1.0,16908.0,3173.0,3185.0,6379.0,0.0,0.0,0.0,0.0,1061.0,1062.0,1062.0,1054.0,1060.0,1059.0,5204.0,3973.0,7731.0,0.0,0.0,0.0,1061.0,1062.0,1062.0
1.0,20114.0,3176.0,3186.0,4961.0,0.0,0.0,0.0,0.0,1062.0,1062.0,1062.0,1065.0,1056.0,1055.0,7342.0,6100.0,6672.0,0.0,0.0,0.0,1062.0,1062.0,1062.0
1.0,21899.0,3173.0,3186.0,1438.0,751.0,0.0,0.0,751.0,1062.0,1062.0,1062.0,1064.0,1051.0,1058.0,8446.0,7836.0,5617.0,0.0,0.0,751.0,1062.0,1062.0,1062.0
1.0,20164.0,3199.0,3186.0,0.0,1814.0,0.0,0.0,1814.0,1062.0,1062.0,1062.0,1068.0,1068.0,1063.0,7483.0,8122.0,4559.0,0.0,0.0,1814.0,1062.0,1062.0,1062.0
1.0,16965.0,3186.0,3187.0,0.0,2876.0,0.0,0.0,2876.0,1063.0,1062.0,1062.0,1067.0,1057.0,1062.0,6415.0,7054.0,3496.0,0.0,0.0,2876.0,1063.0,1062.0,1062.0
1.0,13779.0,3210.0,3187.0,751.0,4615.0,1038.0,379.0,3198.0,1063.0,1062.0,1062.0,1071.0,1066.0,1073.0,5348.0,5997.0,2434.0,1038.0,379.0,3198.0,1063.0,1062.0,1062.0
1.0,11320.0,3208.0,3187.0,1814.0,6009.0,2104.0,1450.0,2455.0,1063.0,1062.0,1062.0,1066.0,1071.0,1071.0,4277.0,4931.0,2112.0,2104.0,1450.0,2455.0,1063.0,1062.0,1062.0
1.0,9926.0,3215.0,3187.0,2876.0,6348.0,3180.0,2520.0,648.0,1063.0,1062.0,1062.0,1076.0,1070.0,1069.0,3211.0,3860.0,2855.0,3180.0,2520.0,648.0,1063.0,1062.0,1062.0
1.0,9587.0,3208.0,3187.0,4615.0,6420.0,3208.0,3212.0,0.0,1063.0,1062.0,1062.0,1066.0,1071.0,1071.0,2135.0,2790.0,4662.0,3208.0,3212.0,0.0,1063.0,1062.0,1062.0
1.0,10994.0,3227.0,3188.0,6009.0,5030.0,2186.0,2844.0,0.0,1063.0,1063.0,1062.0,1082.0,1077.0,1068.0,2107.0,2098.0,6789.0,2186.0,2844.0,0.0,1063.0,1063.0,1062.0
1.0,13776.0,3221.0,3188.0,6348.0,1465.0,76.0,1389.0,0.0,1063.0,1062.0,1063.0,1070.0,1070.0,1081.0,3129.0,2471.0,8176.0,76.0,1389.0,0.0,1063.0,1062.0,1063.0
1.0,16903.0,3222.0,3190.0,6420.0,0.0,0.0,0.0,0.0,1064.0,1063.0,1063.0,1073.0,1075.0,1074.0,5239.0,3921.0,7743.0,0.0,0.0,0.0,1064.0,1063.0,1063.0
1.0,20101.0,3217.0,3190.0,5030.0,0.0,0.0,0.0,0.0,1064.0,1063.0,1063.0,1070.0,1073.0,1074.0,7374.0,6058.0,6669.0,0.0,0.0,0.0,1064.0,1063.0,1063.0
1.0,21914.0,3232.0,3191.0,1465.0,806.0,0.0,0.0,806.0,1064.0,1063.0,1064.0,1072.0,1079.0,1081.0,8490.0,7829.0,5595.0,0.0,0.0,806.0,1064.0,1063.0,1064.0
1.0,20147.0,3215.0,3190.0,0.0,1880.0,0.0,0.0,1880.0,1063.0,1063.0,1064.0,1067.0,1074.0,1074.0,7494.0,8139.0,4514.0,0.0,0.0,1880.0,1063.0,1063.0,1064.0
1.0,16932.0,3228.0,3192.0,0.0,2957.0,0.0,0.0,2957.0,1064.0,1064.0,1064.0,1073.0,1078.0,1077.0,6427.0,7065.0,3440.0,0.0,0.0,2957.0,1064.0,1064.0,1064.0
1.0,13704.0,3213.0,3192.0,806.0,4663.0,1037.0,406.0,3220.0,1064.0,1064.0,1064.0,1071.0,1073.0,1069.0,5354.0,5987.0,2363.0,1037.0,406.0,3220.0,1064.0,1064.0,1064.0
1.0,11297.0,3220.0,3193.0,1880.0,6008.0,2108.0,1484.0,2416.0,1064.0,1064.0,1065.0,1071.0,1078.0,1071.0,4283.0,4914.0,2100.0,2108.0,1484.0,2416.0,1064.0,1064.0,1065.0
1.0,9957.0,3217.0,3194.0,2957.0,6273.0,3182.0,2563.0,528.0,1064.0,1065.0,1065.0,1074.0,1074.0,1069.0,3212.0,3836.0,2909.0,3182.0,2563.0,528.0,1064.0,1065.0,1065.0
1.0,9697.0,3201.0,3195.0,4663.0,6442.0,3219.0,3223.0,0.0,1065.0,1065.0,1065.0,1069.0,1066.0,1066.0,2138.0,2762.0,4797.0,3219.0,3223.0,0.0,1065.0,1065.0,1065.0
1.0,11159.0,3197.0,3197.0,6008.0,4990.0,2181.0,2809.0,0.0,1065.0,1066.0,1066.0,1070.0,1065.0,1062.0,2106.0,2102.0,6951.0,2181.0,2809.0,0.0,1065.0,1066.0,1066.0
1.0,13970.0,3200.0,3197.0,6273.0,1380.0,68.0,1312.0,0.0,1065.0,1066.0,1066.0,1069.0,1066.0,1065.0,3144.0,2521.0,8305.0,68.0,1312.0,0.0,1065.0,1066.0,1066.0
1.0,17043.0,3203.0,3198.0,6442.0,0.0,0.0,0.0,0.0,1066.0,1066.0,1066.0,1065.0,1075.0,1063.0,5257.0,4018.0,7768.0,0.0,0.0,0.0,1066.0,1066.0,1066.0
1.0,20282.0,3201.0,3199.0,4990.0,0.0,0.0,0.0,0.0,1066.0,1067.0,1066.0,1073.0,1068.0,1060.0,7411.0,6166.0,6705.0,0.0,0.0,0.0,1066.0,1067.0,1066.0
1.0,22071.0,3208.0,3199.0,1380.0,755.0,0.0,0.0,755.0,1066.0,1067.0,1066.0,1073.0,1065.0,1070.0,8519.0,7907.0,5645.0,0.0,0.0,755.0,1066.0,1067.0,1066.0
1.0,20243.0,3203.0,3201.0,0.0,1827.0,0.0,0.0,1827.0,1067.0,1067.0,1067.0,1072.0,1064.0,1067.0,7514.0,8154.0,4575.0,0.0,0.0,1827.0,1067.0,1067.0,1067.0
1.0,17040.0,3199.0,3201.0,0.0,2894.0,0.0,0.0,2894.0,1067.0,1067.0,1067.0,1064.0,1068.0,1067.0,6442.0,7090.0,3508.0,0.0,0.0,2894.0,1067.0,1067.0,1067.0
1.0,13841.0,3214.0,3202.0,755.0,4628.0,1027.0,394.0,3207.0,1067.0,1068.0,1067.0,1070.0,1076.0,1068.0,5378.0,6022.0,2441.0,1027.0,394.0,3207.0,1067.0,1068.0,1067.0
1.0,11382.0,3210.0,3202.0,1827.0,6011.0,2096.0,1463.0,2452.0,1067.0,1068.0,1067.0,1069.0,1069.0,1072.0,4308.0,4946.0,2128.0,2096.0,1463.0,2452.0,1067.0,1068.0,1067.0
1.0,9999.0,3213.0,3203.0,2894.0,6335.0,3174.0,2536.0,625.0,1068.0,1068.0,1067.0,1073.0,1073.0,1067.0,3239.0,3877.0,2883.0,3174.0,2536.0,625.0,1068.0,1068.0,1067.0
1.0,9680.0,3216.0,3203.0,4628.0,6433.0,3219.0,3214.0,0.0,1068.0,1068.0,1067.0,1072.0,1072.0,1072.0,2166.0,2804.0,4710.0,3219.0,3214.0,0.0,1068.0,1068.0,1067.0
1.0,11092.0,3232.0,3204.0,6011.0,5033.0,2196.0,2837.0,0.0,1068.0,1069.0,1067.0,1073.0,1081.0,1078.0,2121.0,2126.0,6845.0,2196.0,2837.0,0.0,1068.0,1069.0,1067.0
1.0,13871.0,3225.0,3205.0,6335.0,1473.0,98.0,1375.0,0.0,1068.0,1069.0,1068.0,1076.0,1074.0,1075.0,3144.0,2508.0,8219.0,98.0,1375.0,0.0,1068.0,1069.0,1068.0
1.0,16981.0,3232.0,3205.0,6433.0,0.0,0.0,0.0,0.0,1068.0,1069.0,1068.0,1078.0,1078.0,1076.0,5242.0,3970.0,7769.0,0.0,0.0,0.0,1068.0,1069.0,1068.0
1.0,20182.0,3232.0,3206.0,5033.0,0.0,0.0,0.0,0.0,1069.0,1069.0,1068.0,1079.0,1075.0,1078.0,7383.0,6106.0,6693.0,0.0,0.0,0.0,1069.0,1069.0,1068.0
1.0,21983.0,3235.0,3206.0,1473.0,805.0,0.0,0.0,805.0,1069.0,1069.0,1068.0,1082.0,1073.0,1080.0,8500.0,7868.0,5615.0,0.0,0.0,805.0,1069.0,1069.0,1068.0
1.0,20221.0,3244.0,3206.0,0.0,1884.0,0.0,0.0,1884.0,1069.0,1069.0,1068.0,1088.0,1077.0,1079.0,7516.0,8170.0,4535.0,0.0,0.0,1884.0,1069.0,1069.0,1068.0
1.0,16977.0,3228.0,3206.0,0.0,2963.0,0.0,0.0,2963.0,1069.0,1069.0,1068.0,1077.0,1072.0,1079.0,6428.0,7093.0,3456.0,0.0,0.0,2963.0,1069.0,1069.0,1068.0
1.0,13749.0,3241.0,3207.0,805.0,4722.0,1082.0,409.0,3231.0,1070.0,1069.0,1068.0,1083.0,1085.0,1073.0,5351.0,6021.0,2377.0,1082.0,409.0,3231.0,1070.0,1069.0,1068.0
1.0,11313.0,3227.0,3207.0,1884.0,6065.0,2156.0,1485.0,2424.0,1070.0,1069.0,1068.0,1074.0,1076.0,1077.0,4268.0,4936.0,2109.0,2156.0,1485.0,2424.0,1070.0,1069.0,1068.0
1.0,9970.0,3224.0,3207.0,2963.0,6326.0,3227.0,2557.0,542.0,1070.0,1069.0,1068.0,1071.0,1072.0,1081.0,3194.0,3860.0,2916.0,3227.0,2557.0,542.0,1070.0,1069.0,1068.0
1.0,9709.0,3219.0,3207.0,4722.0,6441.0,3220.0,3221.0,0.0,1070.0,1069.0,1068.0,1075.0,1073.0,1071.0,2123.0,2788.0,4798.0,3220.0,3221.0,0.0,1070.0,1069.0,1068.0
1.0,11212.0,3221.0,3207.0,6065.0,4949.0,2141.0,2808.0,0.0,1070.0,1069.0,1068.0,1077.0,1072.0,1072.0,2130.0,2124.0,6958.0,2141.0,2808.0,0.0,1070.0,1069.0,1068.0
1.0,14056.0,3219.0,3208.0,6326.0,1327.0,0.0,1327.0,0.0,1070.0,1069.0,1069.0,1071.0,1076.0,1072.0,3209.0,2537.0,8310.0,0.0,1327.0,0.0,1070.0,1069.0,1069.0
1.0,17163.0,3210.0,3208.0,6441.0,0.0,0.0,0.0,0.0,1070.0,1069.0,1069.0,1068.0,1067.0,1075.0,5365.0,4018.0,7780.0,0.0,0.0,0.0,1070.0,1069.0,1069.0
1.0,20394.0,3219.0,3210.0,4949.0,0.0,0.0,0.0,0.0,1071.0,1070.0,1069.0,1074.0,1077.0,1068.0,7517.0,6172.0,6705.0,0.0,0.0,0.0,1071.0,1070.0,1069.0
1.0,22124.0,3203.0,3210.0,1327.0,776.0,0.0,0.0,776.0,1071.0,1070.0,1069.0,1073.0,1062.0,1068.0,8584.0,7903.0,5637.0,0.0,0.0,776.0,1071.0,1070.0,1069.0
1.0,20248.0,3203.0,3210.0,0.0,1846.0,0.0,0.0,1846.0,1071.0,1070.0,1069.0,1067.0,1066.0,1070.0,7511.0,8168.0,4569.0,0.0,0.0,1846.0,1071.0,1070.0,1069.0
1.0,17045.0,3226.0,3211.0,0.0,2923.0,0.0,0.0,2923.0,1071.0,1070.0,1070.0,1074.0,1080.0,1072.0,6444.0,7102.0,3499.0,0.0,0.0,2923.0,1071.0,1070.0,1070.0
1.0,13819.0,3217.0,3212.0,776.0,4682.0,1060.0,407.0,3215.0,1071.0,1071.0,1070.0,1075.0,1074.0,1068.0,5370.0,6022.0,2427.0,1060.0,407.0,3215.0,1071.0,1071.0,1070.0
1.0,11378.0,3223.0,3213.0,1846.0,6064.0,2139.0,1482.0,2443.0,1072.0,1071.0,1070.0,1074.0,1075.0,1074.0,4295.0,4948.0,2135.0,2139.0,1482.0,2443.0,1072.0,1071.0,1070.0
1.0,10001.0,3227.0,3214.0,2923.0,6373.0,3215.0,2559.0,599.0,1072.0,1071.0,1071.0,1076.0,1077.0,1074.0,3221.0,3873.0,2907.0,3215.0,2559.0,599.0,1072.0,1071.0,1071.0
1.0,9697.0,3223.0,3215.0,4682.0,6462.0,3232.0,3230.0,0.0,1072.0,1072.0,1071.0,1077.0,1073.0,1073.0,2145.0,2796.0,4756.0,3232.0,3230.0,0.0,1072.0,1072.0,1071.0
1.0,11156.0,3232.0,3216.0,6064.0,5005.0,2176.0,2829.0,0.0,1073.0,1072.0,1071.0,1078.0,1081.0,1073.0,2128.0,2130.0,6898.0,2176.0,2829.0,0.0,1073.0,1072.0,1071.0
1.0,13988.0,3241.0,3218.0,6373.0,1398.0,43.0,1355.0,0.0,1073.0,1073.0,1072.0,1082.0,1080.0,1079.0,3189.0,2531.0,8268.0,43.0,1355.0,0.0,1073.0,1073.0,1072.0
1.0,17120.0,3256.0,3218.0,6462.0,0.0,0.0,0.0,0.0,1073.0,1073.0,1072.0,1082.0,1085.0,1089.0,5322.0,4010.0,7788.0,0.0,0.0,0.0,1073.0,1073.0,1072.0
1.0,20326.0,3256.0,3221.0,5005.0,0.0,0.0,0.0,0.0,1074.0,1074.0,1073.0,1086.0,1088.0,1082.0,7472.0,6155.0,6699.0,0.0,0.0,0.0,1074.0,1074.0,1073.0
1.0,22075.0,3265.0,3221.0,1398.0,839.0,0.0,0.0,839.0,1074.0,1074.0,1073.0,1080.0,1094.0,1091.0,8562.0,7896.0,5617.0,0.0,0.0,839.0,1074.0,1074.0,1073.0
1.0,20208.0,3255.0,3221.0,0.0,1928.0,0.0,0.0,1928.0,1074.0,1074.0,1073.0,1082.0,1084.0,1089.0,7525.0,8157.0,4526.0,0.0,0.0,1928.0,1074.0,1074.0,1073.0
1.0,16953.0,3254.0,3223.0,0.0,3026.0,6.0,0.0,3020.0,1074.0,1075.0,1074.0,1079.0,1088.0,1087.0,6443.0,7073.0,3437.0,6.0,0.0,3020.0,1074.0,1075.0,1074.0
1.0,13699.0,3260.0,3224.0,839.0,4842.0,1093.0,480.0,3269.0,1075.0,1075.0,1074.0,1082.0,1090.0,1088.0,5364.0,5985.0,2350.0,1093.0,480.0,3269.0,1075.0,1075.0,1074.0
1.0,11278.0,3262.0,3224.0,1928.0,6176.0,2175.0,1569.0,2432.0,1075.0,1075.0,1074.0,1082.0,1089.0,1091.0,4282.0,4895.0,2101.0,2175.0,1569.0,2432.0,1075.0,1075.0,1074.0
1.0,9944.0,3250.0,3226.0,3026.0,6410.0,3248.0,2658.0,504.0,1075.0,1076.0,1075.0,1079.0,1084.0,1087.0,3200.0,3806.0,2938.0,3248.0,2658.0,504.0,1075.0,1076.0,1075.0
1.0,9720.0,3264.0,3226.0,4842.0,6501.0,3240.0,3261.0,0.0,1075.0,1076.0,1075.0,1085.0,1083.0,1096.0,2127.0,2722.0,4871.0,3240.0,3261.0,0.0,1075.0,1076.0,1075.0
1.0,11298.0,3252.0,3226.0,6176.0,4923.0,2145.0,2778.0,0.0,1075.0,1076.0,1075.0,1080.0,1086.0,1086.0,2135.0,2119.0,7044.0,2145.0,2778.0,0.0,1075.0,1076.0,1075.0
1.0,14222.0,3261.0,3226.0,6410.0,1199.0,0.0,1199.0,0.0,1075.0,1076.0,1075.0,1087.0,1079.0,1095.0,3230.0,2602.0,8390.0,0.0,1199.0,0.0,1075.0,1076.0,1075.0
1.0,17371.0,3243.0,3228.0,6501.0,0.0,0.0,0.0,0.0,1076.0,1076.0,1076.0,1081.0,1078.0,1084.0,5391.0,4181.0,7799.0,0.0,0.0,0.0,1076.0,1076.0,1076.0
1.0,20629.0,3236.0,3228.0,4923.0,0.0,0.0,0.0,0.0,1076.0,1076.0,1076.0,1078.0,1079.0,1079.0,7550.0,6364.0,6715.0,0.0,0.0,0.0,1076.0,1076.0,1076.0
1.0,22316.0,3238.0,3228.0,1199.0,819.0,0.0,0.0,819.0,1076.0,1076.0,1076.0,1078.0,1085.0,1075.0,8617.0,8063.0,5636.0,0.0,0.0,819.0,1076.0,1076.0,1076.0
1.0,20277.0,3232.0,3228.0,0.0,1898.0,0.0,0.0,1898.0,1076.0,1076.0,1076.0,1074.0,1079.0,1079.0,7539.0,8177.0,4561.0,0.0,0.0,1898.0,1076.0,1076.0,1076.0
1.0,17045.0,3230.0,3228.0,0.0,2975.0,0.0,0.0,2975.0,1076.0,1076.0,1076.0,1081.0,1072.0,1077.0,6465.0,7098.0,3482.0,0.0,0.0,2975.0,1076.0,1076.0,1076.0
1.0,13815.0,3236.0,3229.0,819.0,4747.0,1077.0,440.0,3230.0,1076.0,1077.0,1076.0,1081.0,1081.0,1074.0,5384.0,6026.0,2405.0,1077.0,440.0,3230.0,1076.0,1077.0,1076.0
1.0,11398.0,3230.0,3230.0,1898.0,6084.0,2156.0,1515.0,2413.0,1076.0,1077.0,1077.0,1079.0,1075.0,1076.0,4303.0,4945.0,2150.0,2156.0,1515.0,2413.0,1076.0,1077.0,1077.0
1.0,10066.0,3219.0,3231.0,2975.0,6333.0,3238.0,2584.0,511.0,1077.0,1077.0,1077.0,1077.0,1069.0,1073.0,3224.0,3870.0,2972.0,3238.0,2584.0,511.0,1077.0,1077.0,1077.0
1.0,9822.0,3219.0,3231.0,4747.0,6453.0,3235.0,3218.0,0.0,1077.0,1077.0,1077.0,1074.0,1074.0,1071.0,2147.0,2801.0,4874.0,3235.0,3218.0,0.0,1077.0,1077.0,1077.0
1.0,11350.0,3206.0,3231.0,6084.0,4921.0,2151.0,2770.0,0.0,1077.0,1077.0,1077.0,1072.0,1067.0,1067.0,2150.0,2167.0,7033.0,2151.0,2770.0,0.0,1077.0,1077.0,1077.0
1.0,14228.0,3226.0,3231.0,6333.0,1260.0,0.0,1260.0,0.0,1077.0,1077.0,1077.0,1076.0,1074.0,1076.0,3234.0,2615.0,8379.0,0.0,1260.0,0.0,1077.0,1077.0,1077.0
1.0,17335.0,3235.0,3231.0,6453.0,0.0,0.0,0.0,0.0,1077.0,1077.0,1077.0,1088.0,1076.0,1071.0,5396.0,4125.0,7814.0,0.0,0.0,0.0,1077.0,1077.0,1077.0
1.0,20553.0,3226.0,3231.0,4921.0,0.0,0.0,0.0,0.0,1077.0,1077.0,1077.0,1078.0,1077.0,1071.0,7543.0,6267.0,6743.0,0.0,0.0,0.0,1077.0,1077.0,1077.0
1.0,22248.0,3237.0,3232.0,1260.0,790.0,0.0,0.0,790.0,1078.0,1077.0,1077.0,1082.0,1078.0,1077.0,8616.0,7960.0,5672.0,0.0,0.0,790.0,1078.0,1077.0,1077.0
1.0,20271.0,3249.0,3234.0,0.0,1871.0,0.0,0.0,1871.0,1078.0,1078.0,1078.0,1086.0,1087.0,1076.0,7534.0,8142.0,4595.0,0.0,0.0,1871.0,1078.0,1078.0,1078.0
1.0,17022.0,3251.0,3234.0,0.0,2982.0,34.0,0.0,2948.0,1078.0,1078.0,1078.0,1092.0,1082.0,1077.0,6448.0,7055.0,3519.0,34.0,0.0,2948.0,1078.0,1078.0,1078.0
1.0,13771.0,3261.0,3235.0,790.0,4875.0,1130.0,508.0,3237.0,1079.0,1078.0,1078.0,1091.0,1091.0,1079.0,5356.0,5973.0,2442.0,1130.0,508.0,3237.0,1079.0,1078.0,1078.0
1.0,11300.0,3256.0,3235.0,1871.0,6260.0,2219.0,1596.0,2445.0,1079.0,1078.0,1078.0,1089.0,1088.0,1079.0,4265.0,4882.0,2153.0,2219.0,1596.0,2445.0,1079.0,1078.0,1078.0
1.0,9915.0,3271.0,3236.0,2982.0,6554.0,3282.0,2695.0,577.0,1079.0,1079.0,1078.0,1097.0,1094.0,1080.0,3176.0,3794.0,2945.0,3282.0,2695.0,577.0,1079.0,1079.0,1078.0
1.0,9626.0,3273.0,3237.0,4875.0,6528.0,3249.0,3279.0,0.0,1080.0,1079.0,1078.0,1092.0,1092.0,1089.0,2113.0,2700.0,4813.0,3249.0,3279.0,0.0,1080.0,1079.0,1078.0
1.0,11228.0,3268.0,3237.0,6260.0,4898.0,2118.0,2780.0,0.0,1080.0,1079.0,1078.0,1088.0,1097.0,1083.0,2151.0,2116.0,6961.0,2118.0,2780.0,0.0,1080.0,1079.0,1078.0
1.0,14220.0,3275.0,3239.0,6554.0,1186.0,0.0,1186.0,0.0,1080.0,1080.0,1079.0,1085.0,1096.0,1094.0,3282.0,2615.0,8323.0,0.0,1186.0,0.0,1080.0,1080.0,1079.0
1.0,17499.0,3282.0,3239.0,6528.0,0.0,0.0,0.0,0.0,1080.0,1080.0,1079.0,1086.0,1094.0,1102.0,5479.0,4214.0,7806.0,0.0,0.0,0.0,1080.0,1080.0,1079.0
1.0,20745.0,3278.0,3240.0,4898.0,0.0,0.0,0.0,0.0,1080.0,1081.0,1079.0,1092.0,1093.0,1093.0,7642.0,6399.0,6704.0,0.0,0.0,0.0,1080.0,1081.0,1079.0
1.0,22365.0,3279.0,3241.0,1186.0,879.0,0.0,0.0,879.0,1080.0,1081.0,1080.0,1096.0,1093.0,1090.0,8668.0,8086.0,5611.0,0.0,0.0,879.0,1080.0,1081.0,1080.0
1.0,20272.0,3275.0,3242.0,0.0,1968.0,0.0,0.0,1968.0,1081.0,1081.0,1080.0,1091.0,1095.0,1089.0,7572.0,8179.0,4521.0,0.0,0.0,1968.0,1081.0,1081.0,1080.0
1.0,16997.0,3263.0,3243.0,0.0,3063.0,7.0,0.0,3056.0,1081.0,1082.0,1080.0,1083.0,1092.0,1088.0,6481.0,7084.0,3432.0,7.0,0.0,3056.0,1081.0,1082.0,1080.0
1.0,13734.0,3266.0,3243.0,879.0,4868.0,1092.0,510.0,3266.0,1081.0,1082.0,1080.0,1085.0,1092.0,1089.0,5398.0,5992.0,2344.0,1092.0,510.0,3266.0,1081.0,1082.0,1080.0
1.0,11347.0,3241.0,3244.0,1968.0,6146.0,2163.0,1594.0,2389.0,1081.0,1082.0,1081.0,1071.0,1084.0,1086.0,4313.0,4900.0,2134.0,2163.0,1594.0,2389.0,1081.0,1082.0,1081.0
1.0,10074.0,3258.0,3244.0,3063.0,6341.0,3232.0,2685.0,424.0,1081.0,1082.0,1081.0,1076.0,1091.0,1091.0,3242.0,3816.0,3016.0,3232.0,2685.0,424.0,1081.0,1082.0,1081.0
1.0,9879.0,3252.0,3246.0,4868.0,6491.0,3230.0,3261.0,0.0,1082.0,1083.0,1081.0,1085.0,1081.0,1086.0,2173.0,2725.0,4981.0,3230.0,3261.0,0.0,1082.0,1083.0,1081.0
1.0,11495.0,3245.0,3247.0,6146.0,4893.0,2151.0,2742.0,0.0,1082.0,1083.0,1082.0,1084.0,1075.0,1086.0,2180.0,2154.0,7161.0,2151.0,2742.0,0.0,1082.0,1083.0,1082.0
1.0,14396.0,3239.0,3247.0,6341.0,1139.0,0.0,1139.0,0.0,1082.0,1083.0,1082.0,1075.0,1082.0,1082.0,3259.0,2673.0,8464.0,0.0,1139.0,0.0,1082.0,1083.0,1082.0
1.0,17498.0,3240.0,3247.0,6491.0,0.0,0.0,0.0,0.0,1082.0,1083.0,1082.0,1080.0,1080.0,1080.0,5416.0,4276.0,7806.0,0.0,0.0,0.0,1082.0,1083.0,1082.0
1.0,20749.0,3251.0,3247.0,4893.0,0.0,0.0,0.0,0.0,1082.0,1083.0,1082.0,1089.0,1076.0,1086.0,7566.0,6457.0,6726.0,0.0,0.0,0.0,1082.0,1083.0,1082.0
1.0,22391.0,3245.0,3248.0,1139.0,859.0,0.0,0.0,859.0,1082.0,1083.0,1083.0,1081.0,1080.0,1084.0,8628.0,8123.0,5640.0,0.0,0.0,859.0,1082.0,1083.0,1083.0
1.0,20285.0,3231.0,3249.0,0.0,1937.0,0.0,0.0,1937.0,1083.0,1083.0,1083.0,1082.0,1071.0,1078.0,7547.0,8182.0,4556.0,0.0,0.0,1937.0,1083.0,1083.0,1083.0
1.0,17054.0,3242.0,3249.0,0.0,3052.0,37.0,0.0,3015.0,1083.0,1083.0,1083.0,1087.0,1077.0,1078.0,6465.0,7111.0,3478.0,37.0,0.0,3015.0,1083.0,1083.0,1083.0
1.0,13812.0,3241.0,3249.0,859.0,4815.0,1119.0,458.0,3238.0,1083.0,1083.0,1083.0,1082.0,1077.0,1082.0,5378.0,6034.0,2400.0,1119.0,458.0,3238.0,1083.0,1083.0,1083.0
1.0,11430.0,3236.0,3249.0,1937.0,6114.0,2199.0,1533.0,2382.0,1083.0,1083.0,1083.0,1080.0,1075.0,1081.0,4296.0,4957.0,2177.0,2199.0,1533.0,2382.0,1083.0,1083.0,1083.0
1.0,10131.0,3257.0,3249.0,3052.0,6319.0,3244.0,2620.0,455.0,1083.0,1083.0,1083.0,1082.0,1087.0,1088.0,3216.0,3882.0,3033.0,3244.0,2620.0,455.0,1083.0,1083.0,1083.0
1.0,9926.0,3260.0,3249.0,4815.0,6462.0,3217.0,3245.0,0.0,1083.0,1083.0,1083.0,1092.0,1083.0,1085.0,2171.0,2795.0,4960.0,3217.0,3245.0,0.0,1083.0,1083.0,1083.0
1.0,11481.0,3263.0,3249.0,6114.0,4901.0,2107.0,2794.0,0.0,1083.0,1083.0,1083.0,1089.0,1082.0,1092.0,2198.0,2170.0,7113.0,2107.0,2794.0,0.0,1083.0,1083.0,1083.0
1.0,14332.0,3269.0,3249.0,6319.0,1262.0,0.0,1262.0,0.0,1083.0,1083.0,1083.0,1092.0,1088.0,1089.0,3308.0,2621.0,8403.0,0.0,1262.0,0.0,1083.0,1083.0,1083.0
1.0,17382.0,3288.0,3250.0,6462.0,0.0,0.0,0.0,0.0,1084.0,1083.0,1083.0,1101.0,1094.0,1093.0,5460.0,4153.0,7769.0,0.0,0.0,0.0,1084.0,1083.0,1083.0
1.0,20556.0,3281.0,3250.0,4901.0,0.0,0.0,0.0,0.0,1084.0,1083.0,1083.0,1097.0,1096.0,1088.0,7576.0,6304.0,6676.0,0.0,0.0,0.0,1084.0,1083.0,1083.0
1.0,22176.0,3282.0,3251.0,1262.0,917.0,0.0,0.0,917.0,1084.0,1084.0,1083.0,1096.0,1096.0,1090.0,8586.0,8002.0,5588.0,0.0,0.0,917.0,1084.0,1084.0,1083.0
1.0,20156.0,3285.0,3252.0,0.0,2009.0,0.0,0.0,2009.0,1085.0,1084.0,1083.0,1101.0,1092.0,1092.0,7490.0,8168.0,4498.0,0.0,0.0,2009.0,1085.0,1084.0,1083.0
1.0,16871.0,3291.0,3253.0,0.0,3249.0,138.0,0.0,3111.0,1085.0,1084.0,1084.0,1102.0,1092.0,1097.0,6389.0,7076.0,3406.0,138.0,0.0,3111.0,1085.0,1084.0,1084.0
1.0,13580.0,3288.0,3253.0,917.0,5056.0,1229.0,539.0,3288.0,1085.0,1084.0,1084.0,1091.0,1103.0,1094.0,5287.0,5984.0,2309.0,1229.0,539.0,3288.0,1085.0,1084.0,1084.0
1.0,11209.0,3289.0,3254.0,2009.0,6341.0,2335.0,1635.0,2371.0,1086.0,1084.0,1084.0,1101.0,1096.0,1092.0,4196.0,4881.0,2132.0,2335.0,1635.0,2371.0,1086.0,1084.0,1084.0
1.0,9929.0,3281.0,3255.0,3249.0,6378.0,3288.0,2736.0,354.0,1086.0,1085.0,1084.0,1091.0,1096.0,1094.0,3095.0,3785.0,3049.0,3288.0,2736.0,354.0,1086.0,1085.0,1084.0
1.0,9897.0,3281.0,3255.0,5056.0,6445.0,3151.0,3294.0,0.0,1086.0,1085.0,1084.0,1092.0,1097.0,1092.0,2142.0,2689.0,5066.0,3151.0,3294.0,0.0,1086.0,1085.0,1084.0
1.0,11672.0,3275.0,3255.0,6341.0,4662.0,1906.0,2756.0,0.0,1086.0,1085.0,1084.0,1090.0,1097.0,1088.0,2279.0,2131.0,7262.0,1906.0,2756.0,0.0,1086.0,1085.0,1084.0
1.0,14738.0,3271.0,3256.0,6378.0,1116.0,0.0,1116.0,0.0,1086.0,1086.0,1084.0,1087.0,1091.0,1093.0,3524.0,2669.0,8545.0,0.0,1116.0,0.0,1086.0,1086.0,1084.0
1.0,17845.0,3265.0,3257.0,6445.0,0.0,0.0,0.0,0.0,1087.0,1086.0,1084.0,1087.0,1092.0,1086.0,5725.0,4314.0,7806.0,0.0,0.0,0.0,1087.0,1086.0,1084.0
1.0,21025.0,3255.0,3258.0,4662.0,0.0,0.0,0.0,0.0,1087.0,1086.0,1085.0,1080.0,1091.0,1084.0,7789.0,6516.0,6720.0,0.0,0.0,0.0,1087.0,1086.0,1085.0
1.0,22432.0,3265.0,3258.0,1116.0,878.0,0.0,0.0,878.0,1087.0,1086.0,1085.0,1078.0,1098.0,1089.0,8615.0,8181.0,5636.0,0.0,0.0,878.0,1087.0,1086.0,1085.0
1.0,20283.0,3251.0,3259.0,0.0,1960.0,0.0,0.0,1960.0,1087.0,1087.0,1085.0,1081.0,1088.0,1082.0,7537.0,8199.0,4547.0,0.0,0.0,1960.0,1087.0,1087.0,1085.0
1.0,17032.0,3243.0,3259.0,0.0,3101.0,59.0,0.0,3042.0,1087.0,1087.0,1085.0,1080.0,1081.0,1082.0,6456.0,7111.0,3465.0,59.0,0.0,3042.0,1087.0,1087.0,1085.0
1.0,13789.0,3252.0,3260.0,878.0,4885.0,1138.0,492.0,3255.0,1087.0,1087.0,1086.0,1079.0,1087.0,1086.0,5376.0,6030.0,2383.0,1138.0,492.0,3255.0,1087.0,1087.0,1086.0
1.0,11415.0,3261.0,3261.0,1960.0,6191.0,2223.0,1591.0,2377.0,1087.0,1088.0,1086.0,1085.0,1094.0,1082.0,4297.0,4943.0,2175.0,2223.0,1591.0,2377.0,1087.0,1088.0,1086.0
1.0,10114.0,3265.0,3261.0,3101.0,6355.0,3247.0,2682.0,426.0,1087.0,1088.0,1086.0,1083.0,1091.0,1091.0,3212.0,3849.0,3053.0,3247.0,2682.0,426.0,1087.0,1088.0,1086.0
1.0,9950.0,3265.0,3261.0,4885.0,6476.0,3198.0,3278.0,0.0,1087.0,1088.0,1086.0,1089.0,1088.0,1088.0,2188.0,2758.0,5004.0,3198.0,3278.0,0.0,1087.0,1088.0,1086.0
1.0,11570.0,3267.0,3262.0,6191.0,4837.0,2066.0,2771.0,0.0,1087.0,1088.0,1087.0,1091.0,1084.0,1092.0,2237.0,2162.0,7171.0,2066.0,2771.0,0.0,1087.0,1088.0,1087.0
1.0,14494.0,3273.0,3264.0,6355.0,1181.0,0.0,1181.0,0.0,1088.0,1089.0,1087.0,1094.0,1087.0,1092.0,3369.0,2669.0,8456.0,0.0,1181.0,0.0,1088.0,1089.0,1087.0
1.0,17576.0,3278.0,3264.0,6476.0,0.0,0.0,0.0,0.0,1088.0,1089.0,1087.0,1095.0,1089.0,1094.0,5522.0,4264.0,7790.0,0.0,0.0,0.0,1088.0,1089.0,1087.0
1.0,20774.0,3278.0,3265.0,4837.0,0.0,0.0,0.0,0.0,1088.0,1089.0,1088.0,1095.0,1085.0,1098.0,7625.0,6453.0,6696.0,0.0,0.0,0.0,1088.0,1089.0,1088.0
1.0,22333.0,3279.0,3265.0,1181.0,939.0,0.0,0.0,939.0,1088.0,1089.0,1088.0,1094.0,1088.0,1097.0,8596.0,8139.0,5598.0,0.0,0.0,939.0,1088.0,1089.0,1088.0
1.0,20235.0,3313.0,3266.0,0.0,2053.0,0.0,0.0,2053.0,1088.0,1089.0,1089.0,1104.0,1100.0,1109.0,7502.0,8232.0,4501.0,0.0,0.0,2053.0,1088.0,1089.0,1089.0
1.0,16922.0,3296.0,3266.0,0.0,3303.0,146.0,0.0,3157.0,1088.0,1089.0,1089.0,1104.0,1088.0,1104.0,6398.0,7132.0,3392.0,146.0,0.0,3157.0,1088.0,1089.0,1089.0
1.0,13626.0,3305.0,3268.0,939.0,5080.0,1254.0,496.0,3330.0,1089.0,1089.0,1090.0,1103.0,1095.0,1107.0,5294.0,6044.0,2288.0,1254.0,496.0,3330.0,1089.0,1089.0,1090.0
1.0,11260.0,3305.0,3268.0,2053.0,6332.0,2353.0,1591.0,2388.0,1089.0,1089.0,1090.0,1099.0,1095.0,1111.0,4191.0,4949.0,2120.0,2353.0,1591.0,2388.0,1089.0,1089.0,1090.0
1.0,10008.0,3306.0,3268.0,3303.0,6335.0,3311.0,2691.0,333.0,1089.0,1089.0,1090.0,1104.0,1100.0,1102.0,3092.0,3854.0,3062.0,3311.0,2691.0,333.0,1089.0,1089.0,1090.0
1.0,10005.0,3310.0,3268.0,5080.0,6460.0,3162.0,3298.0,0.0,1089.0,1089.0,1090.0,1105.0,1103.0,1102.0,2134.0,2754.0,5117.0,3162.0,3298.0,0.0,1089.0,1089.0,1090.0
1.0,11775.0,3302.0,3269.0,6332.0,4720.0,1916.0,2804.0,0.0,1090.0,1089.0,1090.0,1102.0,1097.0,1103.0,2283.0,2147.0,7345.0,1916.0,2804.0,0.0,1090.0,1089.0,1090.0
1.0,14805.0,3308.0,3270.0,6335.0,1215.0,0.0,1215.0,0.0,1090.0,1089.0,1091.0,1104.0,1102.0,1102.0,3534.0,2641.0,8630.0,0.0,1215.0,0.0,1090.0,1089.0,1091.0
1.0,17832.0,3296.0,3270.0,6460.0,0.0,0.0,0.0,0.0,1090.0,1089.0,1091.0,1097.0,1097.0,1102.0,5741.0,4230.0,7861.0,0.0,0.0,0.0,1090.0,1089.0,1091.0
1.0,20996.0,3290.0,3270.0,4720.0,0.0,0.0,0.0,0.0,1090.0,1089.0,1091.0,1097.0,1091.0,1102.0,7806.0,6431.0,6759.0,0.0,0.0,0.0,1090.0,1089.0,1091.0
1.0,22426.0,3280.0,3270.0,1215.0,888.0,0.0,0.0,888.0,1090.0,1089.0,1091.0,1094.0,1096.0,1090.0,8625.0,8144.0,5657.0,0.0,0.0,888.0,1090.0,1089.0,1091.0
1.0,20361.0,3291.0,3272.0,0.0,1984.0,0.0,0.0,1984.0,1091.0,1090.0,1091.0,1097.0,1098.0,1096.0,7531.0,8263.0,4567.0,0.0,0.0,1984.0,1091.0,1090.0,1091.0
1.0,17070.0,3281.0,3272.0,0.0,3192.0,115.0,0.0,3077.0,1091.0,1090.0,1091.0,1094.0,1094.0,1093.0,6434.0,7165.0,3471.0,115.0,0.0,3077.0,1091.0,1090.0,1091.0
1.0,13789.0,3268.0,3273.0,888.0,4956.0,1199.0,473.0,3284.0,1091.0,1090.0,1092.0,1084.0,1094.0,1090.0,5340.0,6071.0,2378.0,1199.0,473.0,3284.0,1091.0,1090.0,1092.0
1.0,11409.0,3269.0,3273.0,1984.0,6241.0,2282.0,1569.0,2390.0,1091.0,1090.0,1092.0,1083.0,1096.0,1090.0,4256.0,4977.0,2176.0,2282.0,1569.0,2390.0,1091.0,1090.0,1092.0
1.0,10124.0,3262.0,3273.0,3192.0,6311.0,3254.0,2656.0,401.0,1091.0,1090.0,1092.0,1087.0,1087.0,1088.0,3173.0,3881.0,3070.0,3254.0,2656.0,401.0,1091.0,1090.0,1092.0
1.0,10054.0,3267.0,3275.0,4956.0,6430.0,3146.0,3284.0,0.0,1092.0,1091.0,1092.0,1086.0,1096.0,1085.0,2201.0,2794.0,5059.0,3146.0,3284.0,0.0,1092.0,1091.0,1092.0
1.0,11743.0,3266.0,3274.0,6241.0,4751.0,1943.0,2808.0,0.0,1091.0,1091.0,1092.0,1084.0,1093.0,1089.0,2314.0,2171.0,7258.0,1943.0,2808.0,0.0,1091.0,1091.0,1092.0
1.0,14718.0,3258.0,3275.0,6311.0,1245.0,0.0,1245.0,0.0,1092.0,1091.0,1092.0,1086.0,1093.0,1079.0,3512.0,2647.0,8559.0,0.0,1245.0,0.0,1092.0,1091.0,1092.0
1.0,17771.0,3269.0,3276.0,6430.0,0.0,0.0,0.0,0.0,1092.0,1092.0,1092.0,1094.0,1090.0,1085.0,5680.0,4210.0,7881.0,0.0,0.0,0.0,1092.0,1092.0,1092.0
1.0,20932.0,3264.0,3276.0,4751.0,0.0,0.0,0.0,0.0,1092.0,1092.0,1092.0,1081.0,1093.0,1090.0,7732.0,6404.0,6796.0,0.0,0.0,0.0,1092.0,1092.0,1092.0
1.0,22419.0,3278.0,3276.0,1245.0,847.0,0.0,0.0,847.0,1092.0,1092.0,1092.0,1089.0,1096.0,1093.0,8594.0,8119.0,5706.0,0.0,0.0,847.0,1092.0,1092.0,1092.0
1.0,20386.0,3277.0,3277.0,0.0,1932.0,0.0,0.0,1932.0,1092.0,1093.0,1092.0,1092.0,1100.0,1085.0,7505.0,8268.0,4613.0,0.0,0.0,1932.0,1092.0,1093.0,1092.0
1.0,17109.0,3294.0,3278.0,0.0,3176.0,143.0,0.0,3033.0,1092.0,1093.0,1093.0,1096.0,1102.0,1096.0,6413.0,7168.0,3528.0,143.0,0.0,3033.0,1092.0,1093.0,1093.0
1.0,13815.0,3284.0,3278.0,847.0,5012.0,1239.0,498.0,3275.0,1092.0,1093.0,1093.0,1096.0,1099.0,1089.0,5317.0,6066.0,2432.0,1239.0,498.0,3275.0,1092.0,1093.0,1093.0
1.0,11378.0,3300.0,3280.0,1932.0,6390.0,2343.0,1601.0,2446.0,1093.0,1094.0,1093.0,1099.0,1098.0,1103.0,4221.0,4967.0,2190.0,2343.0,1601.0,2446.0,1093.0,1094.0,1093.0
1.0,10010.0,3311.0,3280.0,3176.0,6525.0,3306.0,2705.0,514.0,1093.0,1094.0,1093.0,1106.0,1104.0,1101.0,3122.0,3869.0,3019.0,3306.0,2705.0,514.0,1093.0,1094.0,1093.0
1.0,9875.0,3307.0,3280.0,5012.0,6480.0,3173.0,3307.0,0.0,1093.0,1094.0,1093.0,1106.0,1100.0,1101.0,2159.0,2765.0,4951.0,3173.0,3307.0,0.0,1093.0,1094.0,1093.0
1.0,11580.0,3317.0,3281.0,6390.0,4746.0,1938.0,2808.0,0.0,1093.0,1094.0,1094.0,1108.0,1102.0,1107.0,2292.0,2163.0,7125.0,1938.0,2808.0,0.0,1093.0,1094.0,1094.0
1.0,14653.0,3326.0,3282.0,6525.0,1217.0,0.0,1217.0,0.0,1093.0,1095.0,1094.0,1112.0,1109.0,1105.0,3527.0,2662.0,8464.0,0.0,1217.0,0.0,1093.0,1095.0,1094.0
1.0,17852.0,3318.0,3283.0,6480.0,0.0,0.0,0.0,0.0,1094.0,1095.0,1094.0,1112.0,1103.0,1103.0,5721.0,4258.0,7873.0,0.0,0.0,0.0,1094.0,1095.0,1094.0
1.0,21014.0,3327.0,3283.0,4746.0,0.0,0.0,0.0,0.0,1094.0,1095.0,1094.0,1115.0,1108.0,1104.0,7782.0,6462.0,6770.0,0.0,0.0,0.0,1094.0,1095.0,1094.0
1.0,22433.0,3322.0,3284.0,1217.0,918.0,0.0,0.0,918.0,1094.0,1095.0,1095.0,1110.0,1103.0,1109.0,8605.0,8162.0,5666.0,0.0,0.0,918.0,1094.0,1095.0,1095.0
1.0,20328.0,3322.0,3284.0,0.0,2036.0,0.0,0.0,2036.0,1094.0,1095.0,1095.0,1101.0,1103.0,1118.0,7495.0,8276.0,4557.0,0.0,0.0,2036.0,1094.0,1095.0,1095.0
1.0,17006.0,3319.0,3285.0,0.0,3342.0,193.0,0.0,3149.0,1095.0,1095.0,1095.0,1112.0,1094.0,1113.0,6394.0,7173.0,3439.0,193.0,0.0,3149.0,1095.0,1095.0,1095.0
1.0,13687.0,3302.0,3286.0,918.0,5127.0,1293.0,495.0,3339.0,1095.0,1095.0,1096.0,1100.0,1099.0,1103.0,5282.0,6079.0,2326.0,1293.0,495.0,3339.0,1095.0,1095.0,1096.0
1.0,11303.0,3301.0,3286.0,2036.0,6392.0,2389.0,1597.0,2406.0,1095.0,1095.0,1096.0,1096.0,1102.0,1103.0,4182.0,4980.0,2141.0,2389.0,1597.0,2406.0,1095.0,1095.0,1096.0
1.0,10038.0,3303.0,3286.0,3342.0,6353.0,3301.0,2698.0,354.0,1095.0,1095.0,1096.0,1105.0,1101.0,1097.0,3086.0,3878.0,3074.0,3301.0,2698.0,354.0,1095.0,1095.0,1096.0
1.0,10077.0,3283.0,3286.0,5127.0,6397.0,3104.0,3293.0,0.0,1095.0,1095.0,1096.0,1096.0,1090.0,1097.0,2174.0,2777.0,5126.0,3104.0,3293.0,0.0,1095.0,1095.0,1096.0
1.0,11921.0,3299.0,3289.0,6392.0,4619.0,1817.0,2802.0,0.0,1096.0,1096.0,1097.0,1097.0,1101.0,1101.0,2371.0,2182.0,7368.0,1817.0,2802.0,0.0,1096.0,1096.0,1097.0
1.0,15014.0,3287.0,3289.0,6353.0,1197.0,0.0,1197.0,0.0,1096.0,1096.0,1097.0,1098.0,1093.0,1096.0,3663.0,2678.0,8673.0,0.0,1197.0,0.0,1096.0,1096.0,1097.0
1.0,18080.0,3288.0,3289.0,6397.0,0.0,0.0,0.0,0.0,1096.0,1096.0,1097.0,1097.0,1092.0,1099.0,5866.0,4283.0,7931.0,0.0,0.0,0.0,1096.0,1096.0,1097.0
1.0,21189.0,3276.0,3290.0,4619.0,0.0,0.0,0.0,0.0,1097.0,1096.0,1097.0,1086.0,1094.0,1096.0,7873.0,6484.0,6832.0,0.0,0.0,0.0,1097.0,1096.0,1097.0
1.0,22532.0,3281.0,3290.0,1197.0,842.0,0.0,0.0,842.0,1097.0,1096.0,1097.0,1097.0,1091.0,1093.0,8604.0,8192.0,5736.0,0.0,0.0,842.0,1097.0,1096.0,1097.0
1.0,20448.0,3272.0,3291.0,0.0,1937.0,0.0,0.0,1937.0,1097.0,1096.0,1098.0,1093.0,1089.0,1090.0,7507.0,8298.0,4643.0,0.0,0.0,1937.0,1097.0,1096.0,1098.0
1.0,17176.0,3288.0,3291.0,0.0,3198.0,157.0,0.0,3041.0,1097.0,1096.0,1098.0,1086.0,1098.0,1104.0,6414.0,7209.0,3553.0,157.0,0.0,3041.0,1097.0,1096.0,1098.0
1.0,13888.0,3290.0,3291.0,842.0,5015.0,1249.0,464.0,3302.0,1097.0,1096.0,1098.0,1092.0,1095.0,1103.0,5328.0,6111.0,2449.0,1249.0,464.0,3302.0,1097.0,1096.0,1098.0
1.0,11440.0,3297.0,3291.0,1937.0,6375.0,2337.0,1563.0,2475.0,1097.0,1096.0,1098.0,1088.0,1099.0,1110.0,4236.0,5016.0,2188.0,2337.0,1563.0,2475.0,1097.0,1096.0,1098.0
1.0,10080.0,3293.0,3293.0,3198.0,6480.0,3276.0,2666.0,538.0,1097.0,1097.0,1099.0,1096.0,1098.0,1099.0,3148.0,3917.0,3015.0,3276.0,2666.0,538.0,1097.0,1097.0,1099.0
1.0,9985.0,3320.0,3293.0,5015.0,6440.0,3129.0,3311.0,0.0,1097.0,1097.0,1099.0,1102.0,1109.0,1109.0,2209.0,2819.0,4957.0,3129.0,3311.0,0.0,1097.0,1097.0,1099.0
1.0,11680.0,3305.0,3293.0,6375.0,4744.0,1895.0,2849.0,0.0,1097.0,1097.0,1099.0,1103.0,1101.0,1101.0,2356.0,2174.0,7150.0,1895.0,2849.0,0.0,1097.0,1097.0,1099.0
1.0,14750.0,3317.0,3295.0,6480.0,1293.0,0.0,1293.0,0.0,1098.0,1098.0,1099.0,1101.0,1105.0,1111.0,3590.0,2636.0,8524.0,0.0,1293.0,0.0,1098.0,1098.0,1099.0
1.0,17913.0,3317.0,3295.0,6440.0,0.0,0.0,0.0,0.0,1098.0,1098.0,1099.0,1105.0,1105.0,1107.0,5765.0,4197.0,7951.0,0.0,0.0,0.0,1098.0,1098.0,1099.0
1.0,21036.0,3333.0,3295.0,4744.0,0.0,0.0,0.0,0.0,1098.0,1098.0,1099.0,1113.0,1111.0,1109.0,7789.0,6403.0,6844.0,0.0,0.0,0.0,1098.0,1098.0,1099.0
1.0,22447.0,3336.0,3295.0,1293.0,869.0,0.0,0.0,869.0,1098.0,1098.0,1099.0,1114.0,1113.0,1109.0,8571.0,8141.0,5735.0,0.0,0.0,869.0,1098.0,1098.0,1099.0
1.0,20404.0,3328.0,3296.0,0.0,1973.0,0.0,0.0,1973.0,1098.0,1099.0,1099.0,1112.0,1112.0,1104.0,7457.0,8321.0,4626.0,0.0,0.0,1973.0,1098.0,1099.0,1099.0
1.0,17076.0,3347.0,3297.0,0.0,3355.0,268.0,0.0,3087.0,1099.0,1099.0,1099.0,1118.0,1115.0,1114.0,6345.0,7209.0,3522.0,268.0,0.0,3087.0,1099.0,1099.0,1099.0
1.0,13729.0,3345.0,3298.0,869.0,5237.0,1383.0,523.0,3331.0,1099.0,1099.0,1100.0,1115.0,1122.0,1108.0,5227.0,6094.0,2408.0,1383.0,523.0,3331.0,1099.0,1099.0,1100.0
1.0,11253.0,3337.0,3299.0,1973.0,6606.0,2497.0,1642.0,2467.0,1099.0,1100.0,1100.0,1114.0,1114.0,1109.0,4112.0,4972.0,2169.0,2497.0,1642.0,2467.0,1099.0,1100.0,1100.0
1.0,9889.0,3348.0,3299.0,3355.0,6599.0,3346.0,2757.0,496.0,1099.0,1100.0,1100.0,1117.0,1115.0,1116.0,2998.0,3858.0,3033.0,3346.0,2757.0,496.0,1099.0,1100.0,1100.0
1.0,9896.0,3331.0,3300.0,5237.0,6424.0,3081.0,3343.0,0.0,1100.0,1100.0,1100.0,1113.0,1109.0,1109.0,2149.0,2743.0,5004.0,3081.0,3343.0,0.0,1100.0,1100.0,1100.0
1.0,11802.0,3331.0,3301.0,6606.0,4516.0,1700.0,2816.0,0.0,1100.0,1101.0,1100.0,1116.0,1110.0,1105.0,2419.0,2157.0,7226.0,1700.0,2816.0,0.0,1100.0,1101.0,1100.0
1.0,15077.0,3335.0,3301.0,6599.0,1177.0,0.0,1177.0,0.0,1100.0,1101.0,1100.0,1112.0,1118.0,1105.0,3800.0,2689.0,8588.0,0.0,1177.0,0.0,1100.0,1101.0,1100.0
1.0,18341.0,3326.0,3302.0,6424.0,0.0,0.0,0.0,0.0,1101.0,1101.0,1100.0,1113.0,1111.0,1102.0,6034.0,4328.0,7979.0,0.0,0.0,0.0,1101.0,1101.0,1100.0
1.0,21439.0,3313.0,3304.0,4516.0,0.0,0.0,0.0,0.0,1101.0,1102.0,1101.0,1102.0,1104.0,1107.0,8002.0,6560.0,6877.0,0.0,0.0,0.0,1101.0,1102.0,1101.0
1.0,22642.0,3302.0,3304.0,1177.0,839.0,0.0,0.0,839.0,1101.0,1102.0,1101.0,1098.0,1100.0,1104.0,8600.0,8272.0,5770.0,0.0,0.0,839.0,1101.0,1102.0,1101.0
1.0,20517.0,3307.0,3304.0,0.0,1942.0,0.0,0.0,1942.0,1101.0,1102.0,1101.0,1102.0,1102.0,1103.0,7502.0,8349.0,4666.0,0.0,0.0,1942.0,1101.0,1102.0,1101.0
1.0,17210.0,3297.0,3305.0,0.0,3250.0,197.0,0.0,3053.0,1101.0,1102.0,1102.0,1092.0,1099.0,1106.0,6400.0,7247.0,3563.0,197.0,0.0,3053.0,1101.0,1102.0,1102.0
1.0,13913.0,3301.0,3306.0,839.0,5079.0,1305.0,464.0,3310.0,1102.0,1102.0,1102.0,1103.0,1102.0,1096.0,5308.0,6148.0,2457.0,1305.0,464.0,3310.0,1102.0,1102.0,1102.0
1.0,11451.0,3295.0,3306.0,1942.0,6432.0,2403.0,1561.0,2468.0,1102.0,1102.0,1102.0,1098.0,1097.0,1100.0,4205.0,5046.0,2200.0,2403.0,1561.0,2468.0,1102.0,1102.0,1102.0
1.0,10098.0,3284.0,3306.0,3250.0,6466.0,3300.0,2654.0,512.0,1102.0,1102.0,1102.0,1094.0,1093.0,1097.0,3107.0,3949.0,3042.0,3300.0,2654.0,512.0,1102.0,1102.0,1102.0
1.0,10064.0,3302.0,3307.0,5079.0,6378.0,3095.0,3283.0,0.0,1102.0,1102.0,1103.0,1100.0,1093.0,1109.0,2210.0,2856.0,4998.0,3095.0,3283.0,0.0,1102.0,1102.0,1103.0
1.0,11841.0,3281.0,3308.0,6432.0,4608.0,1790.0,2818.0,0.0,1103.0,1102.0,1103.0,1093.0,1096.0,1092.0,2415.0,2227.0,7199.0,1790.0,2818.0,0.0,1103.0,1102.0,1103.0
1.0,14992.0,3306.0,3308.0,6466.0,1262.0,0.0,1262.0,0.0,1103.0,1102.0,1103.0,1102.0,1098.0,1106.0,3725.0,2692.0,8575.0,0.0,1262.0,0.0,1103.0,1102.0,1103.0
1.0,18152.0,3314.0,3309.0,6378.0,0.0,0.0,0.0,0.0,1103.0,1102.0,1104.0,1105.0,1096.0,1113.0,5923.0,4248.0,7981.0,0.0,0.0,0.0,1103.0,1102.0,1104.0
1.0,21216.0,3322.0,3309.0,4608.0,0.0,0.0,0.0,0.0,1103.0,1102.0,1104.0,1105.0,1107.0,1110.0,7913.0,6435.0,6868.0,0.0,0.0,0.0,1103.0,1102.0,1104.0
1.0,22502.0,3324.0,3309.0,1262.0,875.0,0.0,0.0,875.0,1103.0,1102.0,1104.0,1106.0,1105.0,1113.0,8598.0,8146.0,5758.0,0.0,0.0,875.0,1103.0,1102.0,1104.0
1.0,20440.0,3327.0,3312.0,0.0,1994.0,0.0,0.0,1994.0,1104.0,1103.0,1105.0,1111.0,1102.0,1114.0,7492.0,8303.0,4645.0,0.0,0.0,1994.0,1104.0,1103.0,1105.0
1.0,17113.0,3340.0,3312.0,0.0,3363.0,249.0,0.0,3114.0,1104.0,1103.0,1105.0,1110.0,1110.0,1120.0,6381.0,7201.0,3531.0,249.0,0.0,3114.0,1104.0,1103.0,1105.0
1.0,13773.0,3337.0,3312.0,875.0,5249.0,1361.0,536.0,3352.0,1104.0,1103.0,1105.0,1112.0,1112.0,1113.0,5271.0,6091.0,2411.0,1361.0,536.0,3352.0,1104.0,1103.0,1105.0
1.0,11311.0,3353.0,3312.0,1994.0,6608.0,2481.0,1652.0,2475.0,1104.0,1103.0,1105.0,1120.0,1116.0,1117.0,4159.0,4979.0,2173.0,2481.0,1652.0,2475.0,1104.0,1103.0,1105.0
1.0,9952.0,3365.0,3313.0,3363.0,6615.0,3354.0,2769.0,492.0,1104.0,1103.0,1106.0,1122.0,1117.0,1126.0,3039.0,3863.0,3050.0,3354.0,2769.0,492.0,1104.0,1103.0,1106.0
